
Linearized model: Predictions were generated on 12-Jan-2024 at 08:43:17 using OpenFAST, compiled as a 64-bit application using single precision at commit v3.5.1
 linked with  NWTC Subroutine Library; ElastoDyn; InflowWind; AeroDyn; ServoDyn; HydroDyn; MAP++ (<1.20.10>, <Oct-20-2023>)

Description from the FAST input file: CCT-9 Campign 4 model. Input files to be run with OpenFAST 3.5.0. GitHub branch from Lu Wang (https://github.com/luwang00/openfast/tree/dev) compiled on March 7, 2023.

Simulation information:
   Simulation time:                   507.1750 s
   Rotor Speed:                         0.7076 rad/s
   Azimuth:                             2.2101 rad
   Wind Speed:                          8.0000 m/s
   Number of continuous states:         0
   Number of discrete states:           0
   Number of constraint states:         0
   Number of inputs:                 1746
   Number of outputs:                   4
   Jacobians included in this file?    No

Order of inputs:
     Column   Operating Point                     Rotating Frame? Derivative Order Description
   ---------- ---------------                     --------------- ---------------- -----------
          1    7.313E+00                                 F               0         Tower X translation displacement, node 1, m
          2   -1.299E+00                                 F               0         Tower Y translation displacement, node 1, m
          3   -1.906E-01                                 F               0         Tower Z translation displacement, node 1, m
          4    8.373E+00                                 F               0         Tower X translation displacement, node 2, m
          5   -1.862E+00                                 F               0         Tower Y translation displacement, node 2, m
          6   -2.490E-01                                 F               0         Tower Z translation displacement, node 2, m
          7    9.449E+00                                 F               0         Tower X translation displacement, node 3, m
          8   -2.429E+00                                 F               0         Tower Y translation displacement, node 3, m
          9   -3.091E-01                                 F               0         Tower Z translation displacement, node 3, m
         10    1.054E+01                                 F               0         Tower X translation displacement, node 4, m
         11   -3.002E+00                                 F               0         Tower Y translation displacement, node 4, m
         12   -3.704E-01                                 F               0         Tower Z translation displacement, node 4, m
         13    1.163E+01                                 F               0         Tower X translation displacement, node 5, m
         14   -3.578E+00                                 F               0         Tower Y translation displacement, node 5, m
         15   -4.327E-01                                 F               0         Tower Z translation displacement, node 5, m
         16    1.274E+01                                 F               0         Tower X translation displacement, node 6, m
         17   -4.157E+00                                 F               0         Tower Y translation displacement, node 6, m
         18   -4.958E-01                                 F               0         Tower Z translation displacement, node 6, m
         19    1.385E+01                                 F               0         Tower X translation displacement, node 7, m
         20   -4.738E+00                                 F               0         Tower Y translation displacement, node 7, m
         21   -5.595E-01                                 F               0         Tower Z translation displacement, node 7, m
         22    1.496E+01                                 F               0         Tower X translation displacement, node 8, m
         23   -5.321E+00                                 F               0         Tower Y translation displacement, node 8, m
         24   -6.237E-01                                 F               0         Tower Z translation displacement, node 8, m
         25    1.608E+01                                 F               0         Tower X translation displacement, node 9, m
         26   -5.906E+00                                 F               0         Tower Y translation displacement, node 9, m
         27   -6.882E-01                                 F               0         Tower Z translation displacement, node 9, m
         28    1.720E+01                                 F               0         Tower X translation displacement, node 10, m
         29   -6.492E+00                                 F               0         Tower Y translation displacement, node 10, m
         30   -7.529E-01                                 F               0         Tower Z translation displacement, node 10, m
         31    1.832E+01                                 F               0         Tower X translation displacement, node 11, m
         32   -7.079E+00                                 F               0         Tower Y translation displacement, node 11, m
         33   -8.176E-01                                 F               0         Tower Z translation displacement, node 11, m
         34    9.964E-01,  4.818E-03, -8.515E-02         F               0         Tower X orientation angle, node 1, rad
         35   -9.327E-04,  9.990E-01,  4.561E-02         F               0         Tower Y orientation angle, node 1, rad
         36    8.528E-02, -4.536E-02,  9.953E-01         F               0         Tower Z orientation angle, node 1, rad
         37    9.963E-01,  4.874E-03, -8.637E-02         F               0         Tower X orientation angle, node 2, rad
         38   -8.971E-04,  9.989E-01,  4.602E-02         F               0         Tower Y orientation angle, node 2, rad
         39    8.650E-02, -4.577E-02,  9.952E-01         F               0         Tower Z orientation angle, node 2, rad
         40    9.962E-01,  4.922E-03, -8.742E-02         F               0         Tower X orientation angle, node 3, rad
         41   -8.647E-04,  9.989E-01,  4.639E-02         F               0         Tower Y orientation angle, node 3, rad
         42    8.756E-02, -4.614E-02,  9.951E-01         F               0         Tower Z orientation angle, node 3, rad
         43    9.961E-01,  4.963E-03, -8.829E-02         F               0         Tower X orientation angle, node 4, rad
         44   -8.361E-04,  9.989E-01,  4.671E-02         F               0         Tower Y orientation angle, node 4, rad
         45    8.843E-02, -4.646E-02,  9.950E-01         F               0         Tower Z orientation angle, node 4, rad
         46    9.960E-01,  4.995E-03, -8.898E-02         F               0         Tower X orientation angle, node 5, rad
         47   -8.114E-04,  9.989E-01,  4.699E-02         F               0         Tower Y orientation angle, node 5, rad
         48    8.912E-02, -4.673E-02,  9.949E-01         F               0         Tower Z orientation angle, node 5, rad
         49    9.960E-01,  5.020E-03, -8.951E-02         F               0         Tower X orientation angle, node 6, rad
         50   -7.905E-04,  9.989E-01,  4.722E-02         F               0         Tower Y orientation angle, node 6, rad
         51    8.965E-02, -4.696E-02,  9.949E-01         F               0         Tower Z orientation angle, node 6, rad
         52    9.959E-01,  5.038E-03, -8.989E-02         F               0         Tower X orientation angle, node 7, rad
         53   -7.739E-04,  9.989E-01,  4.741E-02         F               0         Tower Y orientation angle, node 7, rad
         54    9.003E-02, -4.715E-02,  9.948E-01         F               0         Tower Z orientation angle, node 7, rad
         55    9.959E-01,  5.050E-03, -9.015E-02         F               0         Tower X orientation angle, node 8, rad
         56   -7.608E-04,  9.989E-01,  4.755E-02         F               0         Tower Y orientation angle, node 8, rad
         57    9.029E-02, -4.729E-02,  9.948E-01         F               0         Tower Z orientation angle, node 8, rad
         58    9.959E-01,  5.058E-03, -9.031E-02         F               0         Tower X orientation angle, node 9, rad
         59   -7.513E-04,  9.989E-01,  4.766E-02         F               0         Tower Y orientation angle, node 9, rad
         60    9.045E-02, -4.740E-02,  9.948E-01         F               0         Tower Z orientation angle, node 9, rad
         61    9.959E-01,  5.063E-03, -9.041E-02         F               0         Tower X orientation angle, node 10, rad
         62   -7.451E-04,  9.989E-01,  4.773E-02         F               0         Tower Y orientation angle, node 10, rad
         63    9.054E-02, -4.747E-02,  9.948E-01         F               0         Tower Z orientation angle, node 10, rad
         64    9.959E-01,  5.065E-03, -9.045E-02         F               0         Tower X orientation angle, node 11, rad
         65   -7.417E-04,  9.989E-01,  4.777E-02         F               0         Tower Y orientation angle, node 11, rad
         66    9.059E-02, -4.750E-02,  9.948E-01         F               0         Tower Z orientation angle, node 11, rad
         67   -4.921E-03                                 F               0         Tower X translation velocity, node 1, m/s
         68    6.028E-03                                 F               0         Tower Y translation velocity, node 1, m/s
         69    3.491E-03                                 F               0         Tower Z translation velocity, node 1, m/s
         70   -4.713E-03                                 F               0         Tower X translation velocity, node 2, m/s
         71    9.623E-03                                 F               0         Tower Y translation velocity, node 2, m/s
         72    3.638E-03                                 F               0         Tower Z translation velocity, node 2, m/s
         73   -4.518E-03                                 F               0         Tower X translation velocity, node 3, m/s
         74    1.327E-02                                 F               0         Tower Y translation velocity, node 3, m/s
         75    3.789E-03                                 F               0         Tower Z translation velocity, node 3, m/s
         76   -4.338E-03                                 F               0         Tower X translation velocity, node 4, m/s
         77    1.695E-02                                 F               0         Tower Y translation velocity, node 4, m/s
         78    3.945E-03                                 F               0         Tower Z translation velocity, node 4, m/s
         79   -4.172E-03                                 F               0         Tower X translation velocity, node 5, m/s
         80    2.067E-02                                 F               0         Tower Y translation velocity, node 5, m/s
         81    4.104E-03                                 F               0         Tower Z translation velocity, node 5, m/s
         82   -4.020E-03                                 F               0         Tower X translation velocity, node 6, m/s
         83    2.441E-02                                 F               0         Tower Y translation velocity, node 6, m/s
         84    4.266E-03                                 F               0         Tower Z translation velocity, node 6, m/s
         85   -3.881E-03                                 F               0         Tower X translation velocity, node 7, m/s
         86    2.817E-02                                 F               0         Tower Y translation velocity, node 7, m/s
         87    4.432E-03                                 F               0         Tower Z translation velocity, node 7, m/s
         88   -3.755E-03                                 F               0         Tower X translation velocity, node 8, m/s
         89    3.196E-02                                 F               0         Tower Y translation velocity, node 8, m/s
         90    4.600E-03                                 F               0         Tower Z translation velocity, node 8, m/s
         91   -3.639E-03                                 F               0         Tower X translation velocity, node 9, m/s
         92    3.575E-02                                 F               0         Tower Y translation velocity, node 9, m/s
         93    4.770E-03                                 F               0         Tower Z translation velocity, node 9, m/s
         94   -3.533E-03                                 F               0         Tower X translation velocity, node 10, m/s
         95    3.956E-02                                 F               0         Tower Y translation velocity, node 10, m/s
         96    4.942E-03                                 F               0         Tower Z translation velocity, node 10, m/s
         97   -3.432E-03                                 F               0         Tower X translation velocity, node 11, m/s
         98    4.337E-02                                 F               0         Tower Y translation velocity, node 11, m/s
         99    5.115E-03                                 F               0         Tower Z translation velocity, node 11, m/s
        100    1.907E+01                                 F               0         Hub X translation displacement, node 1, m
        101   -7.507E+00                                 F               0         Hub Y translation displacement, node 1, m
        102    1.180E-01                                 F               0         Hub Z translation displacement, node 1, m
        103    9.810E-01,  1.000E-02, -1.939E-01         F               0         Hub X orientation angle, node 1, rad
        104    1.563E-01, -6.335E-01,  7.578E-01         F               0         Hub Y orientation angle, node 1, rad
        105   -1.153E-01, -7.737E-01, -6.230E-01         F               0         Hub Z orientation angle, node 1, rad
        106    6.939E-01                                 F               0         Hub X rotation velocity, node 1, rad/s
        107    7.084E-03                                 F               0         Hub Y rotation velocity, node 1, rad/s
        108   -1.372E-01                                 F               0         Hub Z rotation velocity, node 1, rad/s
        109    9.759E-01,  2.879E-02, -2.163E-01         F               0         Blade root 1 X orientation angle, node 1, rad
        110    1.853E-01, -6.329E-01,  7.517E-01         F               0         Blade root 1 Y orientation angle, node 1, rad
        111   -1.153E-01, -7.737E-01, -6.230E-01         F               0         Blade root 1 Z orientation angle, node 1, rad
        112    9.858E-01,  2.048E-02, -1.666E-01         F               0         Blade root 2 X orientation angle, node 1, rad
        113   -1.488E-01, -3.529E-01, -9.238E-01         F               0         Blade root 2 Y orientation angle, node 1, rad
        114   -7.771E-02,  9.355E-01, -3.448E-01         F               0         Blade root 2 Z orientation angle, node 1, rad
        115    9.799E-01, -1.928E-02, -1.986E-01         F               0         Blade root 3 X orientation angle, node 1, rad
        116    5.078E-02,  9.866E-01,  1.548E-01         F               0         Blade root 3 Y orientation angle, node 1, rad
        117    1.930E-01, -1.617E-01,  9.678E-01         F               0         Blade root 3 Z orientation angle, node 1, rad
        118    1.786E+01                                 F               0         Blade 1 X translation displacement, node 1, m
        119   -1.179E+01                                 F               0         Blade 1 Y translation displacement, node 1, m
        120   -8.843E+00                                 F               0         Blade 1 Z translation displacement, node 1, m
        121    1.756E+01                                 F               0         Blade 1 X translation displacement, node 2, m
        122   -1.283E+01                                 F               0         Blade 1 Y translation displacement, node 2, m
        123   -1.100E+01                                 F               0         Blade 1 Z translation displacement, node 2, m
        124    1.357E+01                                 F               0         Blade 1 X translation displacement, node 3, m
        125   -2.687E+01                                 F               0         Blade 1 Y translation displacement, node 3, m
        126   -4.036E+01                                 F               0         Blade 1 Z translation displacement, node 3, m
        127    1.272E+01                                 F               0         Blade 1 X translation displacement, node 4, m
        128   -2.986E+01                                 F               0         Blade 1 Y translation displacement, node 4, m
        129   -4.662E+01                                 F               0         Blade 1 Z translation displacement, node 4, m
        130    1.187E+01                                 F               0         Blade 1 X translation displacement, node 5, m
        131   -3.286E+01                                 F               0         Blade 1 Y translation displacement, node 5, m
        132   -5.288E+01                                 F               0         Blade 1 Z translation displacement, node 5, m
        133    1.102E+01                                 F               0         Blade 1 X translation displacement, node 6, m
        134   -3.585E+01                                 F               0         Blade 1 Y translation displacement, node 6, m
        135   -5.913E+01                                 F               0         Blade 1 Z translation displacement, node 6, m
        136    1.017E+01                                 F               0         Blade 1 X translation displacement, node 7, m
        137   -3.884E+01                                 F               0         Blade 1 Y translation displacement, node 7, m
        138   -6.539E+01                                 F               0         Blade 1 Z translation displacement, node 7, m
        139    9.321E+00                                 F               0         Blade 1 X translation displacement, node 8, m
        140   -4.183E+01                                 F               0         Blade 1 Y translation displacement, node 8, m
        141   -7.164E+01                                 F               0         Blade 1 Z translation displacement, node 8, m
        142    8.471E+00                                 F               0         Blade 1 X translation displacement, node 9, m
        143   -4.483E+01                                 F               0         Blade 1 Y translation displacement, node 9, m
        144   -7.790E+01                                 F               0         Blade 1 Z translation displacement, node 9, m
        145    7.621E+00                                 F               0         Blade 1 X translation displacement, node 10, m
        146   -4.782E+01                                 F               0         Blade 1 Y translation displacement, node 10, m
        147   -8.416E+01                                 F               0         Blade 1 Z translation displacement, node 10, m
        148    6.771E+00                                 F               0         Blade 1 X translation displacement, node 11, m
        149   -5.081E+01                                 F               0         Blade 1 Y translation displacement, node 11, m
        150   -9.041E+01                                 F               0         Blade 1 Z translation displacement, node 11, m
        151    5.921E+00                                 F               0         Blade 1 X translation displacement, node 12, m
        152   -5.380E+01                                 F               0         Blade 1 Y translation displacement, node 12, m
        153   -9.667E+01                                 F               0         Blade 1 Z translation displacement, node 12, m
        154    5.071E+00                                 F               0         Blade 1 X translation displacement, node 13, m
        155   -5.680E+01                                 F               0         Blade 1 Y translation displacement, node 13, m
        156   -1.029E+02                                 F               0         Blade 1 Z translation displacement, node 13, m
        157    4.221E+00                                 F               0         Blade 1 X translation displacement, node 14, m
        158   -5.979E+01                                 F               0         Blade 1 Y translation displacement, node 14, m
        159   -1.092E+02                                 F               0         Blade 1 Z translation displacement, node 14, m
        160    3.370E+00                                 F               0         Blade 1 X translation displacement, node 15, m
        161   -6.278E+01                                 F               0         Blade 1 Y translation displacement, node 15, m
        162   -1.154E+02                                 F               0         Blade 1 Z translation displacement, node 15, m
        163    2.520E+00                                 F               0         Blade 1 X translation displacement, node 16, m
        164   -6.577E+01                                 F               0         Blade 1 Y translation displacement, node 16, m
        165   -1.217E+02                                 F               0         Blade 1 Z translation displacement, node 16, m
        166    1.670E+00                                 F               0         Blade 1 X translation displacement, node 17, m
        167   -6.877E+01                                 F               0         Blade 1 Y translation displacement, node 17, m
        168   -1.279E+02                                 F               0         Blade 1 Z translation displacement, node 17, m
        169    8.202E-01                                 F               0         Blade 1 X translation displacement, node 18, m
        170   -7.176E+01                                 F               0         Blade 1 Y translation displacement, node 18, m
        171   -1.342E+02                                 F               0         Blade 1 Z translation displacement, node 18, m
        172   -2.997E-02                                 F               0         Blade 1 X translation displacement, node 19, m
        173   -7.475E+01                                 F               0         Blade 1 Y translation displacement, node 19, m
        174   -1.405E+02                                 F               0         Blade 1 Z translation displacement, node 19, m
        175   -8.800E-01                                 F               0         Blade 1 X translation displacement, node 20, m
        176   -7.774E+01                                 F               0         Blade 1 Y translation displacement, node 20, m
        177   -1.467E+02                                 F               0         Blade 1 Z translation displacement, node 20, m
        178   -1.730E+00                                 F               0         Blade 1 X translation displacement, node 21, m
        179   -8.074E+01                                 F               0         Blade 1 Y translation displacement, node 21, m
        180   -1.530E+02                                 F               0         Blade 1 Z translation displacement, node 21, m
        181   -2.580E+00                                 F               0         Blade 1 X translation displacement, node 22, m
        182   -8.373E+01                                 F               0         Blade 1 Y translation displacement, node 22, m
        183   -1.592E+02                                 F               0         Blade 1 Z translation displacement, node 22, m
        184   -3.430E+00                                 F               0         Blade 1 X translation displacement, node 23, m
        185   -8.672E+01                                 F               0         Blade 1 Y translation displacement, node 23, m
        186   -1.655E+02                                 F               0         Blade 1 Z translation displacement, node 23, m
        187   -4.280E+00                                 F               0         Blade 1 X translation displacement, node 24, m
        188   -8.971E+01                                 F               0         Blade 1 Y translation displacement, node 24, m
        189   -1.717E+02                                 F               0         Blade 1 Z translation displacement, node 24, m
        190   -5.131E+00                                 F               0         Blade 1 X translation displacement, node 25, m
        191   -9.270E+01                                 F               0         Blade 1 Y translation displacement, node 25, m
        192   -1.780E+02                                 F               0         Blade 1 Z translation displacement, node 25, m
        193   -5.981E+00                                 F               0         Blade 1 X translation displacement, node 26, m
        194   -9.570E+01                                 F               0         Blade 1 Y translation displacement, node 26, m
        195   -1.843E+02                                 F               0         Blade 1 Z translation displacement, node 26, m
        196   -6.831E+00                                 F               0         Blade 1 X translation displacement, node 27, m
        197   -9.869E+01                                 F               0         Blade 1 Y translation displacement, node 27, m
        198   -1.905E+02                                 F               0         Blade 1 Z translation displacement, node 27, m
        199   -7.551E+00                                 F               0         Blade 1 X translation displacement, node 28, m
        200   -1.012E+02                                 F               0         Blade 1 Y translation displacement, node 28, m
        201   -1.958E+02                                 F               0         Blade 1 Z translation displacement, node 28, m
        202    7.840E-01,  3.142E-01, -5.353E-01         F               0         Blade 1 X orientation angle, node 1, rad
        203    6.099E-01, -5.501E-01,  5.704E-01         F               0         Blade 1 Y orientation angle, node 1, rad
        204   -1.153E-01, -7.737E-01, -6.230E-01         F               0         Blade 1 Z orientation angle, node 1, rad
        205    7.840E-01,  3.142E-01, -5.353E-01         F               0         Blade 1 X orientation angle, node 2, rad
        206    6.099E-01, -5.501E-01,  5.704E-01         F               0         Blade 1 Y orientation angle, node 2, rad
        207   -1.153E-01, -7.737E-01, -6.230E-01         F               0         Blade 1 Z orientation angle, node 2, rad
        208    9.062E-01,  1.749E-01, -3.849E-01         F               0         Blade 1 X orientation angle, node 3, rad
        209    4.067E-01, -6.089E-01,  6.810E-01         F               0         Blade 1 Y orientation angle, node 3, rad
        210   -1.153E-01, -7.737E-01, -6.230E-01         F               0         Blade 1 Z orientation angle, node 3, rad
        211    9.226E-01,  1.490E-01, -3.558E-01         F               0         Blade 1 X orientation angle, node 4, rad
        212    3.681E-01, -6.158E-01,  6.967E-01         F               0         Blade 1 Y orientation angle, node 4, rad
        213   -1.153E-01, -7.737E-01, -6.230E-01         F               0         Blade 1 Z orientation angle, node 4, rad
        214    9.343E-01,  1.285E-01, -3.325E-01         F               0         Blade 1 X orientation angle, node 5, rad
        215    3.373E-01, -6.204E-01,  7.081E-01         F               0         Blade 1 Y orientation angle, node 5, rad
        216   -1.153E-01, -7.737E-01, -6.230E-01         F               0         Blade 1 Z orientation angle, node 5, rad
        217    9.429E-01,  1.120E-01, -3.136E-01         F               0         Blade 1 X orientation angle, node 6, rad
        218    3.124E-01, -6.236E-01,  7.166E-01         F               0         Blade 1 Y orientation angle, node 6, rad
        219   -1.153E-01, -7.737E-01, -6.230E-01         F               0         Blade 1 Z orientation angle, node 6, rad
        220    9.495E-01,  9.839E-02, -2.979E-01         F               0         Blade 1 X orientation angle, node 7, rad
        221    2.918E-01, -6.259E-01,  7.233E-01         F               0         Blade 1 Y orientation angle, node 7, rad
        222   -1.153E-01, -7.737E-01, -6.230E-01         F               0         Blade 1 Z orientation angle, node 7, rad
        223    9.547E-01,  8.702E-02, -2.847E-01         F               0         Blade 1 X orientation angle, node 8, rad
        224    2.745E-01, -6.275E-01,  7.286E-01         F               0         Blade 1 Y orientation angle, node 8, rad
        225   -1.153E-01, -7.737E-01, -6.230E-01         F               0         Blade 1 Z orientation angle, node 8, rad
        226    9.588E-01,  7.737E-02, -2.735E-01         F               0         Blade 1 X orientation angle, node 9, rad
        227    2.598E-01, -6.288E-01,  7.329E-01         F               0         Blade 1 Y orientation angle, node 9, rad
        228   -1.153E-01, -7.737E-01, -6.230E-01         F               0         Blade 1 Z orientation angle, node 9, rad
        229    9.621E-01,  6.902E-02, -2.637E-01         F               0         Blade 1 X orientation angle, node 10, rad
        230    2.471E-01, -6.298E-01,  7.364E-01         F               0         Blade 1 Y orientation angle, node 10, rad
        231   -1.153E-01, -7.737E-01, -6.230E-01         F               0         Blade 1 Z orientation angle, node 10, rad
        232    9.649E-01,  6.187E-02, -2.554E-01         F               0         Blade 1 X orientation angle, node 11, rad
        233    2.361E-01, -6.305E-01,  7.394E-01         F               0         Blade 1 Y orientation angle, node 11, rad
        234   -1.153E-01, -7.737E-01, -6.230E-01         F               0         Blade 1 Z orientation angle, node 11, rad
        235    9.672E-01,  5.560E-02, -2.480E-01         F               0         Blade 1 X orientation angle, node 12, rad
        236    2.265E-01, -6.311E-01,  7.419E-01         F               0         Blade 1 Y orientation angle, node 12, rad
        237   -1.153E-01, -7.737E-01, -6.230E-01         F               0         Blade 1 Z orientation angle, node 12, rad
        238    9.691E-01,  5.009E-02, -2.415E-01         F               0         Blade 1 X orientation angle, node 13, rad
        239    2.181E-01, -6.316E-01,  7.440E-01         F               0         Blade 1 Y orientation angle, node 13, rad
        240   -1.153E-01, -7.737E-01, -6.230E-01         F               0         Blade 1 Z orientation angle, node 13, rad
        241    9.708E-01,  4.513E-02, -2.357E-01         F               0         Blade 1 X orientation angle, node 14, rad
        242    2.105E-01, -6.319E-01,  7.459E-01         F               0         Blade 1 Y orientation angle, node 14, rad
        243   -1.153E-01, -7.737E-01, -6.230E-01         F               0         Blade 1 Z orientation angle, node 14, rad
        244    9.722E-01,  4.071E-02, -2.305E-01         F               0         Blade 1 X orientation angle, node 15, rad
        245    2.037E-01, -6.322E-01,  7.475E-01         F               0         Blade 1 Y orientation angle, node 15, rad
        246   -1.153E-01, -7.737E-01, -6.230E-01         F               0         Blade 1 Z orientation angle, node 15, rad
        247    9.735E-01,  3.674E-02, -2.258E-01         F               0         Blade 1 X orientation angle, node 16, rad
        248    1.976E-01, -6.325E-01,  7.490E-01         F               0         Blade 1 Y orientation angle, node 16, rad
        249   -1.153E-01, -7.737E-01, -6.230E-01         F               0         Blade 1 Z orientation angle, node 16, rad
        250    9.746E-01,  3.321E-02, -2.216E-01         F               0         Blade 1 X orientation angle, node 17, rad
        251    1.921E-01, -6.327E-01,  7.502E-01         F               0         Blade 1 Y orientation angle, node 17, rad
        252   -1.153E-01, -7.737E-01, -6.230E-01         F               0         Blade 1 Z orientation angle, node 17, rad
        253    9.756E-01,  2.990E-02, -2.176E-01         F               0         Blade 1 X orientation angle, node 18, rad
        254    1.870E-01, -6.328E-01,  7.514E-01         F               0         Blade 1 Y orientation angle, node 18, rad
        255   -1.153E-01, -7.737E-01, -6.230E-01         F               0         Blade 1 Z orientation angle, node 18, rad
        256    9.764E-01,  2.691E-02, -2.141E-01         F               0         Blade 1 X orientation angle, node 19, rad
        257    1.824E-01, -6.330E-01,  7.524E-01         F               0         Blade 1 Y orientation angle, node 19, rad
        258   -1.153E-01, -7.737E-01, -6.230E-01         F               0         Blade 1 Z orientation angle, node 19, rad
        259    9.772E-01,  2.426E-02, -2.109E-01         F               0         Blade 1 X orientation angle, node 20, rad
        260    1.783E-01, -6.331E-01,  7.533E-01         F               0         Blade 1 Y orientation angle, node 20, rad
        261   -1.153E-01, -7.737E-01, -6.230E-01         F               0         Blade 1 Z orientation angle, node 20, rad
        262    9.779E-01,  2.172E-02, -2.079E-01         F               0         Blade 1 X orientation angle, node 21, rad
        263    1.744E-01, -6.332E-01,  7.541E-01         F               0         Blade 1 Y orientation angle, node 21, rad
        264   -1.153E-01, -7.737E-01, -6.230E-01         F               0         Blade 1 Z orientation angle, node 21, rad
        265    9.785E-01,  1.940E-02, -2.052E-01         F               0         Blade 1 X orientation angle, node 22, rad
        266    1.708E-01, -6.332E-01,  7.549E-01         F               0         Blade 1 Y orientation angle, node 22, rad
        267   -1.153E-01, -7.737E-01, -6.230E-01         F               0         Blade 1 Z orientation angle, node 22, rad
        268    9.791E-01,  1.730E-02, -2.026E-01         F               0         Blade 1 X orientation angle, node 23, rad
        269    1.676E-01, -6.333E-01,  7.555E-01         F               0         Blade 1 Y orientation angle, node 23, rad
        270   -1.153E-01, -7.737E-01, -6.230E-01         F               0         Blade 1 Z orientation angle, node 23, rad
        271    9.796E-01,  1.531E-02, -2.003E-01         F               0         Blade 1 X orientation angle, node 24, rad
        272    1.645E-01, -6.334E-01,  7.562E-01         F               0         Blade 1 Y orientation angle, node 24, rad
        273   -1.153E-01, -7.737E-01, -6.230E-01         F               0         Blade 1 Z orientation angle, node 24, rad
        274    9.801E-01,  1.343E-02, -1.980E-01         F               0         Blade 1 X orientation angle, node 25, rad
        275    1.616E-01, -6.334E-01,  7.568E-01         F               0         Blade 1 Y orientation angle, node 25, rad
        276   -1.153E-01, -7.737E-01, -6.230E-01         F               0         Blade 1 Z orientation angle, node 25, rad
        277    9.805E-01,  1.177E-02, -1.960E-01         F               0         Blade 1 X orientation angle, node 26, rad
        278    1.590E-01, -6.334E-01,  7.573E-01         F               0         Blade 1 Y orientation angle, node 26, rad
        279   -1.153E-01, -7.737E-01, -6.230E-01         F               0         Blade 1 Z orientation angle, node 26, rad
        280    9.809E-01,  1.011E-02, -1.941E-01         F               0         Blade 1 X orientation angle, node 27, rad
        281    1.564E-01, -6.335E-01,  7.578E-01         F               0         Blade 1 Y orientation angle, node 27, rad
        282   -1.153E-01, -7.737E-01, -6.230E-01         F               0         Blade 1 Z orientation angle, node 27, rad
        283    9.812E-01,  9.229E-03, -1.930E-01         F               0         Blade 1 X orientation angle, node 28, rad
        284    1.551E-01, -6.335E-01,  7.581E-01         F               0         Blade 1 Y orientation angle, node 28, rad
        285   -1.153E-01, -7.737E-01, -6.230E-01         F               0         Blade 1 Z orientation angle, node 28, rad
        286   -6.158E-01                                 F               0         Blade 1 X translation velocity, node 1, m/s
        287    2.528E+00                                 F               0         Blade 1 Y translation velocity, node 1, m/s
        288   -2.964E+00                                 F               0         Blade 1 Z translation velocity, node 1, m/s
        289   -7.634E-01                                 F               0         Blade 1 X translation velocity, node 2, m/s
        290    3.126E+00                                 F               0         Blade 1 Y translation velocity, node 2, m/s
        291   -3.680E+00                                 F               0         Blade 1 Z translation velocity, node 2, m/s
        292   -2.770E+00                                 F               0         Blade 1 X translation velocity, node 3, m/s
        293    1.126E+01                                 F               0         Blade 1 Y translation velocity, node 3, m/s
        294   -1.341E+01                                 F               0         Blade 1 Z translation velocity, node 3, m/s
        295   -3.198E+00                                 F               0         Blade 1 X translation velocity, node 4, m/s
        296    1.299E+01                                 F               0         Blade 1 Y translation velocity, node 4, m/s
        297   -1.548E+01                                 F               0         Blade 1 Z translation velocity, node 4, m/s
        298   -3.625E+00                                 F               0         Blade 1 X translation velocity, node 5, m/s
        299    1.473E+01                                 F               0         Blade 1 Y translation velocity, node 5, m/s
        300   -1.756E+01                                 F               0         Blade 1 Z translation velocity, node 5, m/s
        301   -4.053E+00                                 F               0         Blade 1 X translation velocity, node 6, m/s
        302    1.646E+01                                 F               0         Blade 1 Y translation velocity, node 6, m/s
        303   -1.963E+01                                 F               0         Blade 1 Z translation velocity, node 6, m/s
        304   -4.481E+00                                 F               0         Blade 1 X translation velocity, node 7, m/s
        305    1.819E+01                                 F               0         Blade 1 Y translation velocity, node 7, m/s
        306   -2.170E+01                                 F               0         Blade 1 Z translation velocity, node 7, m/s
        307   -4.908E+00                                 F               0         Blade 1 X translation velocity, node 8, m/s
