
Linearized model: Predictions were generated on 12-Jan-2024 at 08:43:17 using OpenFAST, compiled as a 64-bit application using single precision at commit v3.5.1
 linked with  NWTC Subroutine Library; ElastoDyn; InflowWind; AeroDyn; ServoDyn; HydroDyn; MAP++ (<1.20.10>, <Oct-20-2023>)

Description from the FAST input file: CCT-9 Campign 4 model. Input files to be run with OpenFAST 3.5.0. GitHub branch from Lu Wang (https://github.com/luwang00/openfast/tree/dev) compiled on March 7, 2023.

Simulation information:
   Simulation time:                   503.4750 s
   Rotor Speed:                         0.7075 rad/s
   Azimuth:                             5.8756 rad
   Wind Speed:                          8.0000 m/s
   Number of continuous states:         0
   Number of discrete states:           0
   Number of constraint states:         0
   Number of inputs:                 1746
   Number of outputs:                   4
   Jacobians included in this file?    No

Order of inputs:
     Column   Operating Point                     Rotating Frame? Derivative Order Description
   ---------- ---------------                     --------------- ---------------- -----------
          1    7.331E+00                                 F               0         Tower X translation displacement, node 1, m
          2   -1.323E+00                                 F               0         Tower Y translation displacement, node 1, m
          3   -2.013E-01                                 F               0         Tower Z translation displacement, node 1, m
          4    8.391E+00                                 F               0         Tower X translation displacement, node 2, m
          5   -1.899E+00                                 F               0         Tower Y translation displacement, node 2, m
          6   -2.603E-01                                 F               0         Tower Z translation displacement, node 2, m
          7    9.467E+00                                 F               0         Tower X translation displacement, node 3, m
          8   -2.479E+00                                 F               0         Tower Y translation displacement, node 3, m
          9   -3.210E-01                                 F               0         Tower Z translation displacement, node 3, m
         10    1.055E+01                                 F               0         Tower X translation displacement, node 4, m
         11   -3.065E+00                                 F               0         Tower Y translation displacement, node 4, m
         12   -3.829E-01                                 F               0         Tower Z translation displacement, node 4, m
         13    1.165E+01                                 F               0         Tower X translation displacement, node 5, m
         14   -3.654E+00                                 F               0         Tower Y translation displacement, node 5, m
         15   -4.458E-01                                 F               0         Tower Z translation displacement, node 5, m
         16    1.276E+01                                 F               0         Tower X translation displacement, node 6, m
         17   -4.246E+00                                 F               0         Tower Y translation displacement, node 6, m
         18   -5.095E-01                                 F               0         Tower Z translation displacement, node 6, m
         19    1.387E+01                                 F               0         Tower X translation displacement, node 7, m
         20   -4.841E+00                                 F               0         Tower Y translation displacement, node 7, m
         21   -5.738E-01                                 F               0         Tower Z translation displacement, node 7, m
         22    1.498E+01                                 F               0         Tower X translation displacement, node 8, m
         23   -5.438E+00                                 F               0         Tower Y translation displacement, node 8, m
         24   -6.386E-01                                 F               0         Tower Z translation displacement, node 8, m
         25    1.610E+01                                 F               0         Tower X translation displacement, node 9, m
         26   -6.036E+00                                 F               0         Tower Y translation displacement, node 9, m
         27   -7.037E-01                                 F               0         Tower Z translation displacement, node 9, m
         28    1.721E+01                                 F               0         Tower X translation displacement, node 10, m
         29   -6.636E+00                                 F               0         Tower Y translation displacement, node 10, m
         30   -7.690E-01                                 F               0         Tower Z translation displacement, node 10, m
         31    1.833E+01                                 F               0         Tower X translation displacement, node 11, m
         32   -7.236E+00                                 F               0         Tower Y translation displacement, node 11, m
         33   -8.344E-01                                 F               0         Tower Z translation displacement, node 11, m
         34    9.964E-01,  4.679E-03, -8.514E-02         F               0         Tower X orientation angle, node 1, rad
         35   -7.071E-04,  9.989E-01,  4.662E-02         F               0         Tower Y orientation angle, node 1, rad
         36    8.526E-02, -4.639E-02,  9.953E-01         F               0         Tower Z orientation angle, node 1, rad
         37    9.963E-01,  4.736E-03, -8.636E-02         F               0         Tower X orientation angle, node 2, rad
         38   -6.704E-04,  9.989E-01,  4.704E-02         F               0         Tower Y orientation angle, node 2, rad
         39    8.648E-02, -4.681E-02,  9.952E-01         F               0         Tower Z orientation angle, node 2, rad
         40    9.962E-01,  4.785E-03, -8.741E-02         F               0         Tower X orientation angle, node 3, rad
         41   -6.371E-04,  9.989E-01,  4.743E-02         F               0         Tower Y orientation angle, node 3, rad
         42    8.754E-02, -4.719E-02,  9.950E-01         F               0         Tower Z orientation angle, node 3, rad
         43    9.961E-01,  4.827E-03, -8.828E-02         F               0         Tower X orientation angle, node 4, rad
         44   -6.076E-04,  9.989E-01,  4.776E-02         F               0         Tower Y orientation angle, node 4, rad
         45    8.840E-02, -4.752E-02,  9.950E-01         F               0         Tower Z orientation angle, node 4, rad
         46    9.960E-01,  4.860E-03, -8.897E-02         F               0         Tower X orientation angle, node 5, rad
         47   -5.822E-04,  9.988E-01,  4.804E-02         F               0         Tower Y orientation angle, node 5, rad
         48    8.910E-02, -4.780E-02,  9.949E-01         F               0         Tower Z orientation angle, node 5, rad
         49    9.960E-01,  4.885E-03, -8.950E-02         F               0         Tower X orientation angle, node 6, rad
         50   -5.608E-04,  9.988E-01,  4.828E-02         F               0         Tower Y orientation angle, node 6, rad
         51    8.963E-02, -4.804E-02,  9.948E-01         F               0         Tower Z orientation angle, node 6, rad
         52    9.959E-01,  4.904E-03, -8.987E-02         F               0         Tower X orientation angle, node 7, rad
         53   -5.436E-04,  9.988E-01,  4.848E-02         F               0         Tower Y orientation angle, node 7, rad
         54    9.001E-02, -4.823E-02,  9.948E-01         F               0         Tower Z orientation angle, node 7, rad
         55    9.959E-01,  4.917E-03, -9.013E-02         F               0         Tower X orientation angle, node 8, rad
         56   -5.302E-04,  9.988E-01,  4.862E-02         F               0         Tower Y orientation angle, node 8, rad
         57    9.027E-02, -4.838E-02,  9.947E-01         F               0         Tower Z orientation angle, node 8, rad
         58    9.959E-01,  4.925E-03, -9.030E-02         F               0         Tower X orientation angle, node 9, rad
         59   -5.205E-04,  9.988E-01,  4.873E-02         F               0         Tower Y orientation angle, node 9, rad
         60    9.043E-02, -4.849E-02,  9.947E-01         F               0         Tower Z orientation angle, node 9, rad
         61    9.959E-01,  4.929E-03, -9.039E-02         F               0         Tower X orientation angle, node 10, rad
         62   -5.141E-04,  9.988E-01,  4.880E-02         F               0         Tower Y orientation angle, node 10, rad
         63    9.052E-02, -4.856E-02,  9.947E-01         F               0         Tower Z orientation angle, node 10, rad
         64    9.959E-01,  4.931E-03, -9.043E-02         F               0         Tower X orientation angle, node 11, rad
         65   -5.105E-04,  9.988E-01,  4.884E-02         F               0         Tower Y orientation angle, node 11, rad
         66    9.056E-02, -4.860E-02,  9.947E-01         F               0         Tower Z orientation angle, node 11, rad
         67   -4.999E-03                                 F               0         Tower X translation velocity, node 1, m/s
         68    5.850E-03                                 F               0         Tower Y translation velocity, node 1, m/s
         69    1.699E-03                                 F               0         Tower Z translation velocity, node 1, m/s
         70   -5.048E-03                                 F               0         Tower X translation velocity, node 2, m/s
         71    8.584E-03                                 F               0         Tower Y translation velocity, node 2, m/s
         72    1.831E-03                                 F               0         Tower Z translation velocity, node 2, m/s
         73   -5.091E-03                                 F               0         Tower X translation velocity, node 3, m/s
         74    1.136E-02                                 F               0         Tower Y translation velocity, node 3, m/s
         75    1.966E-03                                 F               0         Tower Z translation velocity, node 3, m/s
         76   -5.128E-03                                 F               0         Tower X translation velocity, node 4, m/s
         77    1.416E-02                                 F               0         Tower Y translation velocity, node 4, m/s
         78    2.103E-03                                 F               0         Tower Z translation velocity, node 4, m/s
         79   -5.159E-03                                 F               0         Tower X translation velocity, node 5, m/s
         80    1.700E-02                                 F               0         Tower Y translation velocity, node 5, m/s
         81    2.241E-03                                 F               0         Tower Z translation velocity, node 5, m/s
         82   -5.183E-03                                 F               0         Tower X translation velocity, node 6, m/s
         83    1.985E-02                                 F               0         Tower Y translation velocity, node 6, m/s
         84    2.381E-03                                 F               0         Tower Z translation velocity, node 6, m/s
         85   -5.201E-03                                 F               0         Tower X translation velocity, node 7, m/s
         86    2.273E-02                                 F               0         Tower Y translation velocity, node 7, m/s
         87    2.522E-03                                 F               0         Tower Z translation velocity, node 7, m/s
         88   -5.213E-03                                 F               0         Tower X translation velocity, node 8, m/s
         89    2.562E-02                                 F               0         Tower Y translation velocity, node 8, m/s
         90    2.663E-03                                 F               0         Tower Z translation velocity, node 8, m/s
         91   -5.220E-03                                 F               0         Tower X translation velocity, node 9, m/s
         92    2.852E-02                                 F               0         Tower Y translation velocity, node 9, m/s
         93    2.805E-03                                 F               0         Tower Z translation velocity, node 9, m/s
         94   -5.222E-03                                 F               0         Tower X translation velocity, node 10, m/s
         95    3.143E-02                                 F               0         Tower Y translation velocity, node 10, m/s
         96    2.947E-03                                 F               0         Tower Z translation velocity, node 10, m/s
         97   -5.222E-03                                 F               0         Tower X translation velocity, node 11, m/s
         98    3.434E-02                                 F               0         Tower Y translation velocity, node 11, m/s
         99    3.090E-03                                 F               0         Tower Z translation velocity, node 11, m/s
        100    1.909E+01                                 F               0         Hub X translation displacement, node 1, m
        101   -7.671E+00                                 F               0         Hub Y translation displacement, node 1, m
        102    1.007E-01                                 F               0         Hub Z translation displacement, node 1, m
        103    9.810E-01,  9.984E-03, -1.939E-01         F               0         Hub X orientation angle, node 1, rad
        104   -7.743E-02,  9.359E-01, -3.435E-01         F               0         Hub Y orientation angle, node 1, rad
        105    1.781E-01,  3.520E-01,  9.189E-01         F               0         Hub Z orientation angle, node 1, rad
        106    6.938E-01                                 F               0         Hub X rotation velocity, node 1, rad/s
        107    7.061E-03                                 F               0         Hub Y rotation velocity, node 1, rad/s
        108   -1.371E-01                                 F               0         Hub Z rotation velocity, node 1, rad/s
        109    9.828E-01, -1.779E-02, -1.836E-01         F               0         Blade root 1 X orientation angle, node 1, rad
        110   -4.830E-02,  9.358E-01, -3.491E-01         F               0         Blade root 1 Y orientation angle, node 1, rad
        111    1.781E-01,  3.520E-01,  9.189E-01         F               0         Blade root 1 Z orientation angle, node 1, rad
        112    9.748E-01,  1.482E-02, -2.225E-01         F               0         Blade root 2 X orientation angle, node 1, rad
        113    2.219E-01, -1.628E-01,  9.614E-01         F               0         Blade root 2 Y orientation angle, node 1, rad
        114   -2.197E-02, -9.866E-01, -1.619E-01         F               0         Blade root 2 Z orientation angle, node 1, rad
        115    9.840E-01,  3.291E-02, -1.753E-01         F               0         Blade root 3 X orientation angle, node 1, rad
        116   -8.634E-02, -7.722E-01, -6.295E-01         F               0         Blade root 3 Y orientation angle, node 1, rad
        117   -1.561E-01,  6.345E-01, -7.570E-01         F               0         Blade root 3 Z orientation angle, node 1, rad
        118    1.950E+01                                 F               0         Blade 1 X translation displacement, node 1, m
        119   -5.721E+00                                 F               0         Blade 1 Y translation displacement, node 1, m
        120   -3.182E-01                                 F               0         Blade 1 Z translation displacement, node 1, m
        121    1.959E+01                                 F               0         Blade 1 X translation displacement, node 2, m
        122   -5.251E+00                                 F               0         Blade 1 Y translation displacement, node 2, m
        123   -4.192E-01                                 F               0         Blade 1 Z translation displacement, node 2, m
        124    2.093E+01                                 F               0         Blade 1 X translation displacement, node 3, m
        125    1.139E+00                                 F               0         Blade 1 Y translation displacement, node 3, m
        126   -1.792E+00                                 F               0         Blade 1 Z translation displacement, node 3, m
        127    2.121E+01                                 F               0         Blade 1 X translation displacement, node 4, m
        128    2.501E+00                                 F               0         Blade 1 Y translation displacement, node 4, m
        129   -2.084E+00                                 F               0         Blade 1 Z translation displacement, node 4, m
        130    2.150E+01                                 F               0         Blade 1 X translation displacement, node 5, m
        131    3.862E+00                                 F               0         Blade 1 Y translation displacement, node 5, m
        132   -2.377E+00                                 F               0         Blade 1 Z translation displacement, node 5, m
        133    2.178E+01                                 F               0         Blade 1 X translation displacement, node 6, m
        134    5.224E+00                                 F               0         Blade 1 Y translation displacement, node 6, m
        135   -2.669E+00                                 F               0         Blade 1 Z translation displacement, node 6, m
        136    2.207E+01                                 F               0         Blade 1 X translation displacement, node 7, m
        137    6.585E+00                                 F               0         Blade 1 Y translation displacement, node 7, m
        138   -2.962E+00                                 F               0         Blade 1 Z translation displacement, node 7, m
        139    2.235E+01                                 F               0         Blade 1 X translation displacement, node 8, m
        140    7.947E+00                                 F               0         Blade 1 Y translation displacement, node 8, m
        141   -3.254E+00                                 F               0         Blade 1 Z translation displacement, node 8, m
        142    2.264E+01                                 F               0         Blade 1 X translation displacement, node 9, m
        143    9.308E+00                                 F               0         Blade 1 Y translation displacement, node 9, m
        144   -3.547E+00                                 F               0         Blade 1 Z translation displacement, node 9, m
        145    2.292E+01                                 F               0         Blade 1 X translation displacement, node 10, m
        146    1.067E+01                                 F               0         Blade 1 Y translation displacement, node 10, m
        147   -3.839E+00                                 F               0         Blade 1 Z translation displacement, node 10, m
        148    2.320E+01                                 F               0         Blade 1 X translation displacement, node 11, m
        149    1.203E+01                                 F               0         Blade 1 Y translation displacement, node 11, m
        150   -4.132E+00                                 F               0         Blade 1 Z translation displacement, node 11, m
        151    2.349E+01                                 F               0         Blade 1 X translation displacement, node 12, m
        152    1.339E+01                                 F               0         Blade 1 Y translation displacement, node 12, m
        153   -4.424E+00                                 F               0         Blade 1 Z translation displacement, node 12, m
        154    2.377E+01                                 F               0         Blade 1 X translation displacement, node 13, m
        155    1.475E+01                                 F               0         Blade 1 Y translation displacement, node 13, m
        156   -4.716E+00                                 F               0         Blade 1 Z translation displacement, node 13, m
        157    2.406E+01                                 F               0         Blade 1 X translation displacement, node 14, m
        158    1.612E+01                                 F               0         Blade 1 Y translation displacement, node 14, m
        159   -5.009E+00                                 F               0         Blade 1 Z translation displacement, node 14, m
        160    2.434E+01                                 F               0         Blade 1 X translation displacement, node 15, m
        161    1.748E+01                                 F               0         Blade 1 Y translation displacement, node 15, m
        162   -5.301E+00                                 F               0         Blade 1 Z translation displacement, node 15, m
        163    2.463E+01                                 F               0         Blade 1 X translation displacement, node 16, m
        164    1.884E+01                                 F               0         Blade 1 Y translation displacement, node 16, m
        165   -5.594E+00                                 F               0         Blade 1 Z translation displacement, node 16, m
        166    2.491E+01                                 F               0         Blade 1 X translation displacement, node 17, m
        167    2.020E+01                                 F               0         Blade 1 Y translation displacement, node 17, m
        168   -5.886E+00                                 F               0         Blade 1 Z translation displacement, node 17, m
        169    2.519E+01                                 F               0         Blade 1 X translation displacement, node 18, m
        170    2.156E+01                                 F               0         Blade 1 Y translation displacement, node 18, m
        171   -6.179E+00                                 F               0         Blade 1 Z translation displacement, node 18, m
        172    2.548E+01                                 F               0         Blade 1 X translation displacement, node 19, m
        173    2.292E+01                                 F               0         Blade 1 Y translation displacement, node 19, m
        174   -6.471E+00                                 F               0         Blade 1 Z translation displacement, node 19, m
        175    2.576E+01                                 F               0         Blade 1 X translation displacement, node 20, m
        176    2.428E+01                                 F               0         Blade 1 Y translation displacement, node 20, m
        177   -6.764E+00                                 F               0         Blade 1 Z translation displacement, node 20, m
        178    2.605E+01                                 F               0         Blade 1 X translation displacement, node 21, m
        179    2.565E+01                                 F               0         Blade 1 Y translation displacement, node 21, m
        180   -7.056E+00                                 F               0         Blade 1 Z translation displacement, node 21, m
        181    2.633E+01                                 F               0         Blade 1 X translation displacement, node 22, m
        182    2.701E+01                                 F               0         Blade 1 Y translation displacement, node 22, m
        183   -7.349E+00                                 F               0         Blade 1 Z translation displacement, node 22, m
        184    2.662E+01                                 F               0         Blade 1 X translation displacement, node 23, m
        185    2.837E+01                                 F               0         Blade 1 Y translation displacement, node 23, m
        186   -7.641E+00                                 F               0         Blade 1 Z translation displacement, node 23, m
        187    2.690E+01                                 F               0         Blade 1 X translation displacement, node 24, m
        188    2.973E+01                                 F               0         Blade 1 Y translation displacement, node 24, m
        189   -7.934E+00                                 F               0         Blade 1 Z translation displacement, node 24, m
        190    2.719E+01                                 F               0         Blade 1 X translation displacement, node 25, m
        191    3.109E+01                                 F               0         Blade 1 Y translation displacement, node 25, m
        192   -8.226E+00                                 F               0         Blade 1 Z translation displacement, node 25, m
        193    2.747E+01                                 F               0         Blade 1 X translation displacement, node 26, m
        194    3.245E+01                                 F               0         Blade 1 Y translation displacement, node 26, m
        195   -8.519E+00                                 F               0         Blade 1 Z translation displacement, node 26, m
        196    2.775E+01                                 F               0         Blade 1 X translation displacement, node 27, m
        197    3.381E+01                                 F               0         Blade 1 Y translation displacement, node 27, m
        198   -8.811E+00                                 F               0         Blade 1 Z translation displacement, node 27, m
        199    2.800E+01                                 F               0         Blade 1 X translation displacement, node 28, m
        200    3.497E+01                                 F               0         Blade 1 Y translation displacement, node 28, m
        201   -9.059E+00                                 F               0         Blade 1 Z translation displacement, node 28, m
        202    8.967E-01, -4.426E-01, -4.222E-03         F               0         Blade 1 X orientation angle, node 1, rad
        203    4.052E-01,  8.248E-01, -3.945E-01         F               0         Blade 1 Y orientation angle, node 1, rad
        204    1.781E-01,  3.520E-01,  9.189E-01         F               0         Blade 1 Z orientation angle, node 1, rad
        205    8.967E-01, -4.426E-01, -4.222E-03         F               0         Blade 1 X orientation angle, node 2, rad
        206    4.052E-01,  8.248E-01, -3.945E-01         F               0         Blade 1 Y orientation angle, node 2, rad
        207    1.781E-01,  3.520E-01,  9.189E-01         F               0         Blade 1 Z orientation angle, node 2, rad
        208    9.672E-01, -2.345E-01, -9.759E-02         F               0         Blade 1 X orientation angle, node 3, rad
        209    1.811E-01,  9.061E-01, -3.822E-01         F               0         Blade 1 Y orientation angle, node 3, rad
        210    1.781E-01,  3.520E-01,  9.189E-01         F               0         Blade 1 Z orientation angle, node 3, rad
        211    9.740E-01, -1.960E-01, -1.136E-01         F               0         Blade 1 X orientation angle, node 4, rad
        212    1.401E-01,  9.152E-01, -3.778E-01         F               0         Blade 1 Y orientation angle, node 4, rad
        213    1.781E-01,  3.520E-01,  9.189E-01         F               0         Blade 1 Z orientation angle, node 4, rad
        214    9.781E-01, -1.656E-01, -1.261E-01         F               0         Blade 1 X orientation angle, node 5, rad
        215    1.078E-01,  9.212E-01, -3.738E-01         F               0         Blade 1 Y orientation angle, node 5, rad
        216    1.781E-01,  3.520E-01,  9.189E-01         F               0         Blade 1 Z orientation angle, node 5, rad
        217    9.806E-01, -1.411E-01, -1.360E-01         F               0         Blade 1 X orientation angle, node 6, rad
        218    8.177E-02,  9.253E-01, -3.703E-01         F               0         Blade 1 Y orientation angle, node 6, rad
        219    1.781E-01,  3.520E-01,  9.189E-01         F               0         Blade 1 Z orientation angle, node 6, rad
        220    9.822E-01, -1.209E-01, -1.440E-01         F               0         Blade 1 X orientation angle, node 7, rad
        221    6.036E-02,  9.282E-01, -3.673E-01         F               0         Blade 1 Y orientation angle, node 7, rad
        222    1.781E-01,  3.520E-01,  9.189E-01         F               0         Blade 1 Z orientation angle, node 7, rad
        223    9.831E-01, -1.040E-01, -1.507E-01         F               0         Blade 1 X orientation angle, node 8, rad
        224    4.252E-02,  9.302E-01, -3.646E-01         F               0         Blade 1 Y orientation angle, node 8, rad
        225    1.781E-01,  3.520E-01,  9.189E-01         F               0         Blade 1 Z orientation angle, node 8, rad
        226    9.836E-01, -8.969E-02, -1.562E-01         F               0         Blade 1 X orientation angle, node 9, rad
        227    2.742E-02,  9.317E-01, -3.622E-01         F               0         Blade 1 Y orientation angle, node 9, rad
        228    1.781E-01,  3.520E-01,  9.189E-01         F               0         Blade 1 Z orientation angle, node 9, rad
        229    9.839E-01, -7.733E-02, -1.610E-01         F               0         Blade 1 X orientation angle, node 10, rad
        230    1.437E-02,  9.328E-01, -3.601E-01         F               0         Blade 1 Y orientation angle, node 10, rad
        231    1.781E-01,  3.520E-01,  9.189E-01         F               0         Blade 1 Z orientation angle, node 10, rad
        232    9.840E-01, -6.674E-02, -1.651E-01         F               0         Blade 1 X orientation angle, node 11, rad
        233    3.207E-03,  9.336E-01, -3.583E-01         F               0         Blade 1 Y orientation angle, node 11, rad
        234    1.781E-01,  3.520E-01,  9.189E-01         F               0         Blade 1 Z orientation angle, node 11, rad
        235    9.840E-01, -5.745E-02, -1.687E-01         F               0         Blade 1 X orientation angle, node 12, rad
        236   -6.583E-03,  9.342E-01, -3.566E-01         F               0         Blade 1 Y orientation angle, node 12, rad
        237    1.781E-01,  3.520E-01,  9.189E-01         F               0         Blade 1 Z orientation angle, node 12, rad
        238    9.839E-01, -4.929E-02, -1.718E-01         F               0         Blade 1 X orientation angle, node 13, rad
        239   -1.517E-02,  9.347E-01, -3.551E-01         F               0         Blade 1 Y orientation angle, node 13, rad
        240    1.781E-01,  3.520E-01,  9.189E-01         F               0         Blade 1 Z orientation angle, node 13, rad
        241    9.838E-01, -4.195E-02, -1.746E-01         F               0         Blade 1 X orientation angle, node 14, rad
        242   -2.290E-02,  9.351E-01, -3.538E-01         F               0         Blade 1 Y orientation angle, node 14, rad
        243    1.781E-01,  3.520E-01,  9.189E-01         F               0         Blade 1 Z orientation angle, node 14, rad
        244    9.836E-01, -3.542E-02, -1.770E-01         F               0         Blade 1 X orientation angle, node 15, rad
        245   -2.976E-02,  9.353E-01, -3.525E-01         F               0         Blade 1 Y orientation angle, node 15, rad
        246    1.781E-01,  3.520E-01,  9.189E-01         F               0         Blade 1 Z orientation angle, node 15, rad
        247    9.834E-01, -2.954E-02, -1.792E-01         F               0         Blade 1 X orientation angle, node 16, rad
        248   -3.594E-02,  9.355E-01, -3.514E-01         F               0         Blade 1 Y orientation angle, node 16, rad
        249    1.781E-01,  3.520E-01,  9.189E-01         F               0         Blade 1 Z orientation angle, node 16, rad
        250    9.831E-01, -2.432E-02, -1.812E-01         F               0         Blade 1 X orientation angle, node 17, rad
        251   -4.143E-02,  9.357E-01, -3.504E-01         F               0         Blade 1 Y orientation angle, node 17, rad
        252    1.781E-01,  3.520E-01,  9.189E-01         F               0         Blade 1 Z orientation angle, node 17, rad
        253    9.829E-01, -1.942E-02, -1.830E-01         F               0         Blade 1 X orientation angle, node 18, rad
        254   -4.658E-02,  9.358E-01, -3.495E-01         F               0         Blade 1 Y orientation angle, node 18, rad
        255    1.781E-01,  3.520E-01,  9.189E-01         F               0         Blade 1 Z orientation angle, node 18, rad
        256    9.827E-01, -1.501E-02, -1.847E-01         F               0         Blade 1 X orientation angle, node 19, rad
        257   -5.121E-02,  9.359E-01, -3.486E-01         F               0         Blade 1 Y orientation angle, node 19, rad
        258    1.781E-01,  3.520E-01,  9.189E-01         F               0         Blade 1 Z orientation angle, node 19, rad
        259    9.825E-01, -1.109E-02, -1.861E-01         F               0         Blade 1 X orientation angle, node 20, rad
        260   -5.533E-02,  9.359E-01, -3.478E-01         F               0         Blade 1 Y orientation angle, node 20, rad
        261    1.781E-01,  3.520E-01,  9.189E-01         F               0         Blade 1 Z orientation angle, node 20, rad
        262    9.822E-01, -7.332E-03, -1.875E-01         F               0         Blade 1 X orientation angle, node 21, rad
        263   -5.927E-02,  9.360E-01, -3.471E-01         F               0         Blade 1 Y orientation angle, node 21, rad
        264    1.781E-01,  3.520E-01,  9.189E-01         F               0         Blade 1 Z orientation angle, node 21, rad
        265    9.820E-01, -3.902E-03, -1.888E-01         F               0         Blade 1 X orientation angle, node 22, rad
        266   -6.287E-02,  9.360E-01, -3.464E-01         F               0         Blade 1 Y orientation angle, node 22, rad
        267    1.781E-01,  3.520E-01,  9.189E-01         F               0         Blade 1 Z orientation angle, node 22, rad
        268    9.818E-01, -7.977E-04, -1.899E-01         F               0         Blade 1 X orientation angle, node 23, rad
        269   -6.613E-02,  9.360E-01, -3.457E-01         F               0         Blade 1 Y orientation angle, node 23, rad
        270    1.781E-01,  3.520E-01,  9.189E-01         F               0         Blade 1 Z orientation angle, node 23, rad
        271    9.816E-01,  2.143E-03, -1.910E-01         F               0         Blade 1 X orientation angle, node 24, rad
        272   -6.921E-02,  9.360E-01, -3.451E-01         F               0         Blade 1 Y orientation angle, node 24, rad
        273    1.781E-01,  3.520E-01,  9.189E-01         F               0         Blade 1 Z orientation angle, node 24, rad
        274    9.814E-01,  4.920E-03, -1.920E-01         F               0         Blade 1 X orientation angle, node 25, rad
        275   -7.212E-02,  9.360E-01, -3.446E-01         F               0         Blade 1 Y orientation angle, node 25, rad
        276    1.781E-01,  3.520E-01,  9.189E-01         F               0         Blade 1 Z orientation angle, node 25, rad
        277    9.812E-01,  7.370E-03, -1.930E-01         F               0         Blade 1 X orientation angle, node 26, rad
        278   -7.469E-02,  9.360E-01, -3.441E-01         F               0         Blade 1 Y orientation angle, node 26, rad
        279    1.781E-01,  3.520E-01,  9.189E-01         F               0         Blade 1 Z orientation angle, node 26, rad
        280    9.810E-01,  9.821E-03, -1.939E-01         F               0         Blade 1 X orientation angle, node 27, rad
        281   -7.726E-02,  9.359E-01, -3.436E-01         F               0         Blade 1 Y orientation angle, node 27, rad
        282    1.781E-01,  3.520E-01,  9.189E-01         F               0         Blade 1 Z orientation angle, node 27, rad
        283    9.809E-01,  1.113E-02, -1.943E-01         F               0         Blade 1 X orientation angle, node 28, rad
        284   -7.863E-02,  9.359E-01, -3.433E-01         F               0         Blade 1 Y orientation angle, node 28, rad
        285    1.781E-01,  3.520E-01,  9.189E-01         F               0         Blade 1 Z orientation angle, node 28, rad
        286    2.982E-01                                 F               0         Blade 1 X translation velocity, node 1, m/s
        287   -3.631E+00                                 F               0         Blade 1 Y translation velocity, node 1, m/s
        288    1.349E+00                                 F               0         Blade 1 Z translation velocity, node 1, m/s
        289    3.713E-01                                 F               0         Blade 1 X translation velocity, node 2, m/s
        290   -4.515E+00                                 F               0         Blade 1 Y translation velocity, node 2, m/s
        291    1.674E+00                                 F               0         Blade 1 Z translation velocity, node 2, m/s
        292    1.365E+00                                 F               0         Blade 1 X translation velocity, node 3, m/s
        293   -1.653E+01                                 F               0         Blade 1 Y translation velocity, node 3, m/s
        294    6.084E+00                                 F               0         Blade 1 Z translation velocity, node 3, m/s
        295    1.577E+00                                 F               0         Blade 1 X translation velocity, node 4, m/s
        296   -1.909E+01                                 F               0         Blade 1 Y translation velocity, node 4, m/s
        297    7.024E+00                                 F               0         Blade 1 Z translation velocity, node 4, m/s
        298    1.789E+00                                 F               0         Blade 1 X translation velocity, node 5, m/s
        299   -2.165E+01                                 F               0         Blade 1 Y translation velocity, node 5, m/s
        300    7.964E+00                                 F               0         Blade 1 Z translation velocity, node 5, m/s
        301    2.001E+00                                 F               0         Blade 1 X translation velocity, node 6, m/s
        302   -2.421E+01                                 F               0         Blade 1 Y translation velocity, node 6, m/s
        303    8.903E+00                                 F               0         Blade 1 Z translation velocity, node 6, m/s
        304    2.213E+00                                 F               0         Blade 1 X translation velocity, node 7, m/s
        305   -2.677E+01                                 F               0         Blade 1 Y translation velocity, node 7, m/s
        306    9.843E+00                                 F               0         Blade 1 Z translation velocity, node 7, m/s
        307    2.424E+00                                 F               0         Blade 1 X translation velocity, node 8, m/s
