
Linearized model: Predictions were generated on 12-Jan-2024 at 08:43:17 using OpenFAST, compiled as a 64-bit application using single precision at commit v3.5.1
 linked with  NWTC Subroutine Library; ElastoDyn; InflowWind; AeroDyn; ServoDyn; HydroDyn; MAP++ (<1.20.10>, <Oct-20-2023>)

Description from the FAST input file: CCT-9 Campign 4 model. Input files to be run with OpenFAST 3.5.0. GitHub branch from Lu Wang (https://github.com/luwang00/openfast/tree/dev) compiled on March 7, 2023.

Simulation information:
   Simulation time:                   504.4500 s
   Rotor Speed:                         0.7074 rad/s
   Azimuth:                             0.2822 rad
   Wind Speed:                          8.0000 m/s
   Number of continuous states:         0
   Number of discrete states:           0
   Number of constraint states:         0
   Number of inputs:                 1746
   Number of outputs:                   4
   Jacobians included in this file?    No

Order of inputs:
     Column   Operating Point                     Rotating Frame? Derivative Order Description
   ---------- ---------------                     --------------- ---------------- -----------
          1    7.327E+00                                 F               0         Tower X translation displacement, node 1, m
          2   -1.317E+00                                 F               0         Tower Y translation displacement, node 1, m
          3   -1.993E-01                                 F               0         Tower Z translation displacement, node 1, m
          4    8.386E+00                                 F               0         Tower X translation displacement, node 2, m
          5   -1.890E+00                                 F               0         Tower Y translation displacement, node 2, m
          6   -2.581E-01                                 F               0         Tower Z translation displacement, node 2, m
          7    9.462E+00                                 F               0         Tower X translation displacement, node 3, m
          8   -2.467E+00                                 F               0         Tower Y translation displacement, node 3, m
          9   -3.186E-01                                 F               0         Tower Z translation displacement, node 3, m
         10    1.055E+01                                 F               0         Tower X translation displacement, node 4, m
         11   -3.050E+00                                 F               0         Tower Y translation displacement, node 4, m
         12   -3.804E-01                                 F               0         Tower Z translation displacement, node 4, m
         13    1.165E+01                                 F               0         Tower X translation displacement, node 5, m
         14   -3.636E+00                                 F               0         Tower Y translation displacement, node 5, m
         15   -4.432E-01                                 F               0         Tower Z translation displacement, node 5, m
         16    1.275E+01                                 F               0         Tower X translation displacement, node 6, m
         17   -4.225E+00                                 F               0         Tower Y translation displacement, node 6, m
         18   -5.067E-01                                 F               0         Tower Z translation displacement, node 6, m
         19    1.386E+01                                 F               0         Tower X translation displacement, node 7, m
         20   -4.817E+00                                 F               0         Tower Y translation displacement, node 7, m
         21   -5.709E-01                                 F               0         Tower Z translation displacement, node 7, m
         22    1.498E+01                                 F               0         Tower X translation displacement, node 8, m
         23   -5.410E+00                                 F               0         Tower Y translation displacement, node 8, m
         24   -6.355E-01                                 F               0         Tower Z translation displacement, node 8, m
         25    1.609E+01                                 F               0         Tower X translation displacement, node 9, m
         26   -6.006E+00                                 F               0         Tower Y translation displacement, node 9, m
         27   -7.005E-01                                 F               0         Tower Z translation displacement, node 9, m
         28    1.721E+01                                 F               0         Tower X translation displacement, node 10, m
         29   -6.602E+00                                 F               0         Tower Y translation displacement, node 10, m
         30   -7.657E-01                                 F               0         Tower Z translation displacement, node 10, m
         31    1.833E+01                                 F               0         Tower X translation displacement, node 11, m
         32   -7.199E+00                                 F               0         Tower Y translation displacement, node 11, m
         33   -8.309E-01                                 F               0         Tower Z translation displacement, node 11, m
         34    9.964E-01,  4.718E-03, -8.514E-02         F               0         Tower X orientation angle, node 1, rad
         35   -7.668E-04,  9.989E-01,  4.639E-02         F               0         Tower Y orientation angle, node 1, rad
         36    8.526E-02, -4.615E-02,  9.953E-01         F               0         Tower Z orientation angle, node 1, rad
         37    9.963E-01,  4.775E-03, -8.635E-02         F               0         Tower X orientation angle, node 2, rad
         38   -7.304E-04,  9.989E-01,  4.681E-02         F               0         Tower Y orientation angle, node 2, rad
         39    8.648E-02, -4.657E-02,  9.952E-01         F               0         Tower Z orientation angle, node 2, rad
         40    9.962E-01,  4.824E-03, -8.741E-02         F               0         Tower X orientation angle, node 3, rad
         41   -6.973E-04,  9.989E-01,  4.719E-02         F               0         Tower Y orientation angle, node 3, rad
         42    8.754E-02, -4.695E-02,  9.951E-01         F               0         Tower Z orientation angle, node 3, rad
         43    9.961E-01,  4.866E-03, -8.827E-02         F               0         Tower X orientation angle, node 4, rad
         44   -6.681E-04,  9.989E-01,  4.752E-02         F               0         Tower Y orientation angle, node 4, rad
         45    8.840E-02, -4.727E-02,  9.950E-01         F               0         Tower Z orientation angle, node 4, rad
         46    9.960E-01,  4.899E-03, -8.896E-02         F               0         Tower X orientation angle, node 5, rad
         47   -6.428E-04,  9.989E-01,  4.780E-02         F               0         Tower Y orientation angle, node 5, rad
         48    8.909E-02, -4.756E-02,  9.949E-01         F               0         Tower Z orientation angle, node 5, rad
         49    9.960E-01,  4.924E-03, -8.949E-02         F               0         Tower X orientation angle, node 6, rad
         50   -6.216E-04,  9.988E-01,  4.804E-02         F               0         Tower Y orientation angle, node 6, rad
         51    8.963E-02, -4.779E-02,  9.948E-01         F               0         Tower Z orientation angle, node 6, rad
         52    9.959E-01,  4.942E-03, -8.987E-02         F               0         Tower X orientation angle, node 7, rad
         53   -6.045E-04,  9.988E-01,  4.823E-02         F               0         Tower Y orientation angle, node 7, rad
         54    9.000E-02, -4.798E-02,  9.948E-01         F               0         Tower Z orientation angle, node 7, rad
         55    9.959E-01,  4.955E-03, -9.013E-02         F               0         Tower X orientation angle, node 8, rad
         56   -5.912E-04,  9.988E-01,  4.838E-02         F               0         Tower Y orientation angle, node 8, rad
         57    9.026E-02, -4.813E-02,  9.948E-01         F               0         Tower Z orientation angle, node 8, rad
         58    9.959E-01,  4.963E-03, -9.030E-02         F               0         Tower X orientation angle, node 9, rad
         59   -5.815E-04,  9.988E-01,  4.849E-02         F               0         Tower Y orientation angle, node 9, rad
         60    9.043E-02, -4.823E-02,  9.947E-01         F               0         Tower Z orientation angle, node 9, rad
         61    9.959E-01,  4.968E-03, -9.039E-02         F               0         Tower X orientation angle, node 10, rad
         62   -5.752E-04,  9.988E-01,  4.856E-02         F               0         Tower Y orientation angle, node 10, rad
         63    9.052E-02, -4.831E-02,  9.947E-01         F               0         Tower Z orientation angle, node 10, rad
         64    9.959E-01,  4.970E-03, -9.043E-02         F               0         Tower X orientation angle, node 11, rad
         65   -5.717E-04,  9.988E-01,  4.860E-02         F               0         Tower Y orientation angle, node 11, rad
         66    9.056E-02, -4.834E-02,  9.947E-01         F               0         Tower Z orientation angle, node 11, rad
         67   -4.968E-03                                 F               0         Tower X translation velocity, node 1, m/s
         68    6.658E-03                                 F               0         Tower Y translation velocity, node 1, m/s
         69    2.480E-03                                 F               0         Tower Z translation velocity, node 1, m/s
         70   -4.932E-03                                 F               0         Tower X translation velocity, node 2, m/s
         71    9.973E-03                                 F               0         Tower Y translation velocity, node 2, m/s
         72    2.631E-03                                 F               0         Tower Z translation velocity, node 2, m/s
         73   -4.908E-03                                 F               0         Tower X translation velocity, node 3, m/s
         74    1.333E-02                                 F               0         Tower Y translation velocity, node 3, m/s
         75    2.787E-03                                 F               0         Tower Z translation velocity, node 3, m/s
         76   -4.893E-03                                 F               0         Tower X translation velocity, node 4, m/s
         77    1.672E-02                                 F               0         Tower Y translation velocity, node 4, m/s
         78    2.946E-03                                 F               0         Tower Z translation velocity, node 4, m/s
         79   -4.888E-03                                 F               0         Tower X translation velocity, node 5, m/s
         80    2.015E-02                                 F               0         Tower Y translation velocity, node 5, m/s
         81    3.109E-03                                 F               0         Tower Z translation velocity, node 5, m/s
         82   -4.890E-03                                 F               0         Tower X translation velocity, node 6, m/s
         83    2.359E-02                                 F               0         Tower Y translation velocity, node 6, m/s
         84    3.274E-03                                 F               0         Tower Z translation velocity, node 6, m/s
         85   -4.900E-03                                 F               0         Tower X translation velocity, node 7, m/s
         86    2.706E-02                                 F               0         Tower Y translation velocity, node 7, m/s
         87    3.442E-03                                 F               0         Tower Z translation velocity, node 7, m/s
         88   -4.916E-03                                 F               0         Tower X translation velocity, node 8, m/s
         89    3.054E-02                                 F               0         Tower Y translation velocity, node 8, m/s
         90    3.612E-03                                 F               0         Tower Z translation velocity, node 8, m/s
         91   -4.937E-03                                 F               0         Tower X translation velocity, node 9, m/s
         92    3.404E-02                                 F               0         Tower Y translation velocity, node 9, m/s
         93    3.783E-03                                 F               0         Tower Z translation velocity, node 9, m/s
         94   -4.962E-03                                 F               0         Tower X translation velocity, node 10, m/s
         95    3.754E-02                                 F               0         Tower Y translation velocity, node 10, m/s
         96    3.955E-03                                 F               0         Tower Z translation velocity, node 10, m/s
         97   -4.990E-03                                 F               0         Tower X translation velocity, node 11, m/s
         98    4.105E-02                                 F               0         Tower Y translation velocity, node 11, m/s
         99    4.128E-03                                 F               0         Tower Z translation velocity, node 11, m/s
        100    1.908E+01                                 F               0         Hub X translation displacement, node 1, m
        101   -7.633E+00                                 F               0         Hub Y translation displacement, node 1, m
        102    1.043E-01                                 F               0         Hub Z translation displacement, node 1, m
        103    9.810E-01,  9.996E-03, -1.939E-01         F               0         Hub X orientation angle, node 1, rad
        104    5.352E-02,  9.461E-01,  3.195E-01         F               0         Hub Y orientation angle, node 1, rad
        105    1.866E-01, -3.238E-01,  9.275E-01         F               0         Hub Z orientation angle, node 1, rad
        106    6.937E-01                                 F               0         Hub X rotation velocity, node 1, rad/s
        107    7.067E-03                                 F               0         Hub Y rotation velocity, node 1, rad/s
        108   -1.371E-01                                 F               0         Hub Z rotation velocity, node 1, rad/s
        109    9.789E-01, -1.807E-02, -2.033E-01         F               0         Blade root 1 X orientation angle, node 1, rad
        110    8.260E-02,  9.459E-01,  3.136E-01         F               0         Blade root 1 Y orientation angle, node 1, rad
        111    1.866E-01, -3.238E-01,  9.275E-01         F               0         Blade root 1 Z orientation angle, node 1, rad
        112    9.765E-01,  3.234E-02, -2.129E-01         F               0         Blade root 2 X orientation angle, node 1, rad
        113    1.639E-01, -7.529E-01,  6.374E-01         F               0         Blade root 2 Y orientation angle, node 1, rad
        114   -1.397E-01, -6.574E-01, -7.405E-01         F               0         Blade root 2 Z orientation angle, node 1, rad
        115    9.861E-01,  1.570E-02, -1.653E-01         F               0         Blade root 3 X orientation angle, node 1, rad
        116   -1.592E-01, -1.922E-01, -9.684E-01         F               0         Blade root 3 Y orientation angle, node 1, rad
        117   -4.697E-02,  9.812E-01, -1.870E-01         F               0         Blade root 3 Z orientation angle, node 1, rad
        118    1.954E+01                                 F               0         Blade 1 X translation displacement, node 1, m
        119   -9.427E+00                                 F               0         Blade 1 Y translation displacement, node 1, m
        120   -2.669E-01                                 F               0         Blade 1 Z translation displacement, node 1, m
        121    1.965E+01                                 F               0         Blade 1 X translation displacement, node 2, m
        122   -9.859E+00                                 F               0         Blade 1 Y translation displacement, node 2, m
        123   -3.564E-01                                 F               0         Blade 1 Z translation displacement, node 2, m
        124    2.114E+01                                 F               0         Blade 1 X translation displacement, node 3, m
        125   -1.574E+01                                 F               0         Blade 1 Y translation displacement, node 3, m
        126   -1.573E+00                                 F               0         Blade 1 Z translation displacement, node 3, m
        127    2.146E+01                                 F               0         Blade 1 X translation displacement, node 4, m
        128   -1.699E+01                                 F               0         Blade 1 Y translation displacement, node 4, m
        129   -1.832E+00                                 F               0         Blade 1 Z translation displacement, node 4, m
        130    2.177E+01                                 F               0         Blade 1 X translation displacement, node 5, m
        131   -1.824E+01                                 F               0         Blade 1 Y translation displacement, node 5, m
        132   -2.091E+00                                 F               0         Blade 1 Z translation displacement, node 5, m
        133    2.209E+01                                 F               0         Blade 1 X translation displacement, node 6, m
        134   -1.949E+01                                 F               0         Blade 1 Y translation displacement, node 6, m
        135   -2.350E+00                                 F               0         Blade 1 Z translation displacement, node 6, m
        136    2.241E+01                                 F               0         Blade 1 X translation displacement, node 7, m
        137   -2.075E+01                                 F               0         Blade 1 Y translation displacement, node 7, m
        138   -2.609E+00                                 F               0         Blade 1 Z translation displacement, node 7, m
        139    2.273E+01                                 F               0         Blade 1 X translation displacement, node 8, m
        140   -2.200E+01                                 F               0         Blade 1 Y translation displacement, node 8, m
        141   -2.868E+00                                 F               0         Blade 1 Z translation displacement, node 8, m
        142    2.304E+01                                 F               0         Blade 1 X translation displacement, node 9, m
        143   -2.325E+01                                 F               0         Blade 1 Y translation displacement, node 9, m
        144   -3.127E+00                                 F               0         Blade 1 Z translation displacement, node 9, m
        145    2.336E+01                                 F               0         Blade 1 X translation displacement, node 10, m
        146   -2.450E+01                                 F               0         Blade 1 Y translation displacement, node 10, m
        147   -3.387E+00                                 F               0         Blade 1 Z translation displacement, node 10, m
        148    2.368E+01                                 F               0         Blade 1 X translation displacement, node 11, m
        149   -2.576E+01                                 F               0         Blade 1 Y translation displacement, node 11, m
        150   -3.646E+00                                 F               0         Blade 1 Z translation displacement, node 11, m
        151    2.400E+01                                 F               0         Blade 1 X translation displacement, node 12, m
        152   -2.701E+01                                 F               0         Blade 1 Y translation displacement, node 12, m
        153   -3.905E+00                                 F               0         Blade 1 Z translation displacement, node 12, m
        154    2.431E+01                                 F               0         Blade 1 X translation displacement, node 13, m
        155   -2.826E+01                                 F               0         Blade 1 Y translation displacement, node 13, m
        156   -4.164E+00                                 F               0         Blade 1 Z translation displacement, node 13, m
        157    2.463E+01                                 F               0         Blade 1 X translation displacement, node 14, m
        158   -2.951E+01                                 F               0         Blade 1 Y translation displacement, node 14, m
        159   -4.423E+00                                 F               0         Blade 1 Z translation displacement, node 14, m
        160    2.495E+01                                 F               0         Blade 1 X translation displacement, node 15, m
        161   -3.077E+01                                 F               0         Blade 1 Y translation displacement, node 15, m
        162   -4.682E+00                                 F               0         Blade 1 Z translation displacement, node 15, m
        163    2.527E+01                                 F               0         Blade 1 X translation displacement, node 16, m
        164   -3.202E+01                                 F               0         Blade 1 Y translation displacement, node 16, m
        165   -4.942E+00                                 F               0         Blade 1 Z translation displacement, node 16, m
        166    2.558E+01                                 F               0         Blade 1 X translation displacement, node 17, m
        167   -3.327E+01                                 F               0         Blade 1 Y translation displacement, node 17, m
        168   -5.201E+00                                 F               0         Blade 1 Z translation displacement, node 17, m
        169    2.590E+01                                 F               0         Blade 1 X translation displacement, node 18, m
        170   -3.452E+01                                 F               0         Blade 1 Y translation displacement, node 18, m
        171   -5.460E+00                                 F               0         Blade 1 Z translation displacement, node 18, m
        172    2.622E+01                                 F               0         Blade 1 X translation displacement, node 19, m
        173   -3.578E+01                                 F               0         Blade 1 Y translation displacement, node 19, m
        174   -5.719E+00                                 F               0         Blade 1 Z translation displacement, node 19, m
        175    2.654E+01                                 F               0         Blade 1 X translation displacement, node 20, m
        176   -3.703E+01                                 F               0         Blade 1 Y translation displacement, node 20, m
        177   -5.978E+00                                 F               0         Blade 1 Z translation displacement, node 20, m
        178    2.686E+01                                 F               0         Blade 1 X translation displacement, node 21, m
        179   -3.828E+01                                 F               0         Blade 1 Y translation displacement, node 21, m
        180   -6.237E+00                                 F               0         Blade 1 Z translation displacement, node 21, m
        181    2.717E+01                                 F               0         Blade 1 X translation displacement, node 22, m
        182   -3.954E+01                                 F               0         Blade 1 Y translation displacement, node 22, m
        183   -6.496E+00                                 F               0         Blade 1 Z translation displacement, node 22, m
        184    2.749E+01                                 F               0         Blade 1 X translation displacement, node 23, m
        185   -4.079E+01                                 F               0         Blade 1 Y translation displacement, node 23, m
        186   -6.756E+00                                 F               0         Blade 1 Z translation displacement, node 23, m
        187    2.781E+01                                 F               0         Blade 1 X translation displacement, node 24, m
        188   -4.204E+01                                 F               0         Blade 1 Y translation displacement, node 24, m
        189   -7.015E+00                                 F               0         Blade 1 Z translation displacement, node 24, m
        190    2.813E+01                                 F               0         Blade 1 X translation displacement, node 25, m
        191   -4.329E+01                                 F               0         Blade 1 Y translation displacement, node 25, m
        192   -7.274E+00                                 F               0         Blade 1 Z translation displacement, node 25, m
        193    2.844E+01                                 F               0         Blade 1 X translation displacement, node 26, m
        194   -4.455E+01                                 F               0         Blade 1 Y translation displacement, node 26, m
        195   -7.533E+00                                 F               0         Blade 1 Z translation displacement, node 26, m
        196    2.876E+01                                 F               0         Blade 1 X translation displacement, node 27, m
        197   -4.580E+01                                 F               0         Blade 1 Y translation displacement, node 27, m
        198   -7.792E+00                                 F               0         Blade 1 Z translation displacement, node 27, m
        199    2.903E+01                                 F               0         Blade 1 X translation displacement, node 28, m
        200   -4.686E+01                                 F               0         Blade 1 Y translation displacement, node 28, m
        201   -8.012E+00                                 F               0         Blade 1 Z translation displacement, node 28, m
        202    8.336E-01, -4.474E-01, -3.240E-01         F               0         Blade 1 X orientation angle, node 1, rad
        203    5.199E-01,  8.336E-01,  1.864E-01         F               0         Blade 1 Y orientation angle, node 1, rad
        204    1.866E-01, -3.238E-01,  9.275E-01         F               0         Blade 1 Z orientation angle, node 1, rad
        205    8.336E-01, -4.474E-01, -3.240E-01         F               0         Blade 1 X orientation angle, node 2, rad
        206    5.199E-01,  8.336E-01,  1.864E-01         F               0         Blade 1 Y orientation angle, node 2, rad
        207    1.866E-01, -3.238E-01,  9.275E-01         F               0         Blade 1 Z orientation angle, node 2, rad
        208    9.330E-01, -2.371E-01, -2.705E-01         F               0         Blade 1 X orientation angle, node 3, rad
        209    3.075E-01,  9.159E-01,  2.579E-01         F               0         Blade 1 Y orientation angle, node 3, rad
        210    1.866E-01, -3.238E-01,  9.275E-01         F               0         Blade 1 Z orientation angle, node 3, rad
        211    9.452E-01, -1.982E-01, -2.594E-01         F               0         Blade 1 X orientation angle, node 4, rad
        212    2.679E-01,  9.251E-01,  2.691E-01         F               0         Blade 1 Y orientation angle, node 4, rad
        213    1.866E-01, -3.238E-01,  9.275E-01         F               0         Blade 1 Z orientation angle, node 4, rad
        214    9.536E-01, -1.675E-01, -2.503E-01         F               0         Blade 1 X orientation angle, node 5, rad
        215    2.364E-01,  9.312E-01,  2.775E-01         F               0         Blade 1 Y orientation angle, node 5, rad
        216    1.866E-01, -3.238E-01,  9.275E-01         F               0         Blade 1 Z orientation angle, node 5, rad
        217    9.595E-01, -1.427E-01, -2.429E-01         F               0         Blade 1 X orientation angle, node 6, rad
        218    2.110E-01,  9.353E-01,  2.841E-01         F               0         Blade 1 Y orientation angle, node 6, rad
        219    1.866E-01, -3.238E-01,  9.275E-01         F               0         Blade 1 Z orientation angle, node 6, rad
        220    9.639E-01, -1.223E-01, -2.366E-01         F               0         Blade 1 X orientation angle, node 7, rad
        221    1.900E-01,  9.382E-01,  2.893E-01         F               0         Blade 1 Y orientation angle, node 7, rad
        222    1.866E-01, -3.238E-01,  9.275E-01         F               0         Blade 1 Z orientation angle, node 7, rad
        223    9.672E-01, -1.052E-01, -2.314E-01         F               0         Blade 1 X orientation angle, node 8, rad
        224    1.725E-01,  9.402E-01,  2.936E-01         F               0         Blade 1 Y orientation angle, node 8, rad
        225    1.866E-01, -3.238E-01,  9.275E-01         F               0         Blade 1 Z orientation angle, node 8, rad
        226    9.697E-01, -9.076E-02, -2.268E-01         F               0         Blade 1 X orientation angle, node 9, rad
        227    1.576E-01,  9.417E-01,  2.971E-01         F               0         Blade 1 Y orientation angle, node 9, rad
        228    1.866E-01, -3.238E-01,  9.275E-01         F               0         Blade 1 Z orientation angle, node 9, rad
        229    9.717E-01, -7.826E-02, -2.229E-01         F               0         Blade 1 X orientation angle, node 10, rad
        230    1.448E-01,  9.429E-01,  3.001E-01         F               0         Blade 1 Y orientation angle, node 10, rad
        231    1.866E-01, -3.238E-01,  9.275E-01         F               0         Blade 1 Z orientation angle, node 10, rad
        232    9.733E-01, -6.756E-02, -2.194E-01         F               0         Blade 1 X orientation angle, node 11, rad
        233    1.337E-01,  9.437E-01,  3.026E-01         F               0         Blade 1 Y orientation angle, node 11, rad
        234    1.866E-01, -3.238E-01,  9.275E-01         F               0         Blade 1 Z orientation angle, node 11, rad
        235    9.746E-01, -5.817E-02, -2.164E-01         F               0         Blade 1 X orientation angle, node 12, rad
        236    1.240E-01,  9.443E-01,  3.047E-01         F               0         Blade 1 Y orientation angle, node 12, rad
        237    1.866E-01, -3.238E-01,  9.275E-01         F               0         Blade 1 Z orientation angle, node 12, rad
        238    9.756E-01, -4.992E-02, -2.138E-01         F               0         Blade 1 X orientation angle, node 13, rad
        239    1.155E-01,  9.448E-01,  3.066E-01         F               0         Blade 1 Y orientation angle, node 13, rad
        240    1.866E-01, -3.238E-01,  9.275E-01         F               0         Blade 1 Z orientation angle, node 13, rad
        241    9.765E-01, -4.250E-02, -2.113E-01         F               0         Blade 1 X orientation angle, node 14, rad
        242    1.079E-01,  9.452E-01,  3.083E-01         F               0         Blade 1 Y orientation angle, node 14, rad
        243    1.866E-01, -3.238E-01,  9.275E-01         F               0         Blade 1 Z orientation angle, node 14, rad
        244    9.772E-01, -3.590E-02, -2.092E-01         F               0         Blade 1 X orientation angle, node 15, rad
        245    1.010E-01,  9.454E-01,  3.098E-01         F               0         Blade 1 Y orientation angle, node 15, rad
        246    1.866E-01, -3.238E-01,  9.275E-01         F               0         Blade 1 Z orientation angle, node 15, rad
        247    9.778E-01, -2.996E-02, -2.072E-01         F               0         Blade 1 X orientation angle, node 16, rad
        248    9.490E-02,  9.456E-01,  3.111E-01         F               0         Blade 1 Y orientation angle, node 16, rad
        249    1.866E-01, -3.238E-01,  9.275E-01         F               0         Blade 1 Z orientation angle, node 16, rad
        250    9.783E-01, -2.468E-02, -2.055E-01         F               0         Blade 1 X orientation angle, node 17, rad
        251    8.943E-02,  9.458E-01,  3.122E-01         F               0         Blade 1 Y orientation angle, node 17, rad
        252    1.866E-01, -3.238E-01,  9.275E-01         F               0         Blade 1 Z orientation angle, node 17, rad
        253    9.788E-01, -1.973E-02, -2.038E-01         F               0         Blade 1 X orientation angle, node 18, rad
        254    8.431E-02,  9.459E-01,  3.133E-01         F               0         Blade 1 Y orientation angle, node 18, rad
        255    1.866E-01, -3.238E-01,  9.275E-01         F               0         Blade 1 Z orientation angle, node 18, rad
        256    9.792E-01, -1.527E-02, -2.024E-01         F               0         Blade 1 X orientation angle, node 19, rad
        257    7.970E-02,  9.460E-01,  3.143E-01         F               0         Blade 1 Y orientation angle, node 19, rad
        258    1.866E-01, -3.238E-01,  9.275E-01         F               0         Blade 1 Z orientation angle, node 19, rad
        259    9.795E-01, -1.131E-02, -2.011E-01         F               0         Blade 1 X orientation angle, node 20, rad
        260    7.559E-02,  9.460E-01,  3.151E-01         F               0         Blade 1 Y orientation angle, node 20, rad
        261    1.866E-01, -3.238E-01,  9.275E-01         F               0         Blade 1 Z orientation angle, node 20, rad
        262    9.798E-01, -7.508E-03, -1.998E-01         F               0         Blade 1 X orientation angle, node 21, rad
        263    7.166E-02,  9.461E-01,  3.159E-01         F               0         Blade 1 Y orientation angle, node 21, rad
        264    1.866E-01, -3.238E-01,  9.275E-01         F               0         Blade 1 Z orientation angle, node 21, rad
        265    9.801E-01, -4.040E-03, -1.986E-01         F               0         Blade 1 X orientation angle, node 22, rad
        266    6.807E-02,  9.461E-01,  3.166E-01         F               0         Blade 1 Y orientation angle, node 22, rad
        267    1.866E-01, -3.238E-01,  9.275E-01         F               0         Blade 1 Z orientation angle, node 22, rad
        268    9.803E-01, -9.025E-04, -1.976E-01         F               0         Blade 1 X orientation angle, node 23, rad
        269    6.482E-02,  9.461E-01,  3.173E-01         F               0         Blade 1 Y orientation angle, node 23, rad
        270    1.866E-01, -3.238E-01,  9.275E-01         F               0         Blade 1 Z orientation angle, node 23, rad
        271    9.805E-01,  2.070E-03, -1.966E-01         F               0         Blade 1 X orientation angle, node 24, rad
        272    6.174E-02,  9.461E-01,  3.179E-01         F               0         Blade 1 Y orientation angle, node 24, rad
        273    1.866E-01, -3.238E-01,  9.275E-01         F               0         Blade 1 Z orientation angle, node 24, rad
        274    9.807E-01,  4.877E-03, -1.956E-01         F               0         Blade 1 X orientation angle, node 25, rad
        275    5.883E-02,  9.461E-01,  3.185E-01         F               0         Blade 1 Y orientation angle, node 25, rad
        276    1.866E-01, -3.238E-01,  9.275E-01         F               0         Blade 1 Z orientation angle, node 25, rad
        277    9.808E-01,  7.354E-03, -1.948E-01         F               0         Blade 1 X orientation angle, node 26, rad
        278    5.626E-02,  9.461E-01,  3.190E-01         F               0         Blade 1 Y orientation angle, node 26, rad
        279    1.866E-01, -3.238E-01,  9.275E-01         F               0         Blade 1 Z orientation angle, node 26, rad
        280    9.810E-01,  9.831E-03, -1.940E-01         F               0         Blade 1 X orientation angle, node 27, rad
        281    5.370E-02,  9.461E-01,  3.195E-01         F               0         Blade 1 Y orientation angle, node 27, rad
        282    1.866E-01, -3.238E-01,  9.275E-01         F               0         Blade 1 Z orientation angle, node 27, rad
        283    9.810E-01,  1.115E-02, -1.935E-01         F               0         Blade 1 X orientation angle, node 28, rad
        284    5.233E-02,  9.460E-01,  3.198E-01         F               0         Blade 1 Y orientation angle, node 28, rad
        285    1.866E-01, -3.238E-01,  9.275E-01         F               0         Blade 1 Z orientation angle, node 28, rad
        286   -2.147E-01                                 F               0         Blade 1 X translation velocity, node 1, m/s
        287   -3.663E+00                                 F               0         Blade 1 Y translation velocity, node 1, m/s
        288   -1.248E+00                                 F               0         Blade 1 Z translation velocity, node 1, m/s
        289   -2.652E-01                                 F               0         Blade 1 X translation velocity, node 2, m/s
        290   -4.556E+00                                 F               0         Blade 1 Y translation velocity, node 2, m/s
        291   -1.549E+00                                 F               0         Blade 1 Z translation velocity, node 2, m/s
        292   -9.524E-01                                 F               0         Blade 1 X translation velocity, node 3, m/s
        293   -1.670E+01                                 F               0         Blade 1 Y translation velocity, node 3, m/s
        294   -5.651E+00                                 F               0         Blade 1 Z translation velocity, node 3, m/s
        295   -1.099E+00                                 F               0         Blade 1 X translation velocity, node 4, m/s
        296   -1.929E+01                                 F               0         Blade 1 Y translation velocity, node 4, m/s
        297   -6.525E+00                                 F               0         Blade 1 Z translation velocity, node 4, m/s
        298   -1.245E+00                                 F               0         Blade 1 X translation velocity, node 5, m/s
        299   -2.188E+01                                 F               0         Blade 1 Y translation velocity, node 5, m/s
        300   -7.399E+00                                 F               0         Blade 1 Z translation velocity, node 5, m/s
        301   -1.392E+00                                 F               0         Blade 1 X translation velocity, node 6, m/s
        302   -2.446E+01                                 F               0         Blade 1 Y translation velocity, node 6, m/s
        303   -8.273E+00                                 F               0         Blade 1 Z translation velocity, node 6, m/s
        304   -1.538E+00                                 F               0         Blade 1 X translation velocity, node 7, m/s
        305   -2.705E+01                                 F               0         Blade 1 Y translation velocity, node 7, m/s
        306   -9.147E+00                                 F               0         Blade 1 Z translation velocity, node 7, m/s
        307   -1.684E+00                                 F               0         Blade 1 X translation velocity, node 8, m/s
