
Linearized model: Predictions were generated on 12-Jan-2024 at 08:43:17 using OpenFAST, compiled as a 64-bit application using single precision at commit v3.5.1
 linked with  NWTC Subroutine Library; ElastoDyn; InflowWind; AeroDyn; ServoDyn; HydroDyn; MAP++ (<1.20.10>, <Oct-20-2023>)

Description from the FAST input file: CCT-9 Campign 4 model. Input files to be run with OpenFAST 3.5.0. GitHub branch from Lu Wang (https://github.com/luwang00/openfast/tree/dev) compiled on March 7, 2023.

Simulation information:
   Simulation time:                   502.7250 s
   Rotor Speed:                         0.7076 rad/s
   Azimuth:                             5.3450 rad
   Wind Speed:                          8.0000 m/s
   Number of continuous states:         0
   Number of discrete states:           0
   Number of constraint states:         0
   Number of inputs:                 1746
   Number of outputs:                   4
   Jacobians included in this file?    No

Order of inputs:
     Column   Operating Point                     Rotating Frame? Derivative Order Description
   ---------- ---------------                     --------------- ---------------- -----------
          1    7.335E+00                                 F               0         Tower X translation displacement, node 1, m
          2   -1.327E+00                                 F               0         Tower Y translation displacement, node 1, m
          3   -2.024E-01                                 F               0         Tower Z translation displacement, node 1, m
          4    8.395E+00                                 F               0         Tower X translation displacement, node 2, m
          5   -1.904E+00                                 F               0         Tower Y translation displacement, node 2, m
          6   -2.614E-01                                 F               0         Tower Z translation displacement, node 2, m
          7    9.471E+00                                 F               0         Tower X translation displacement, node 3, m
          8   -2.487E+00                                 F               0         Tower Y translation displacement, node 3, m
          9   -3.222E-01                                 F               0         Tower Z translation displacement, node 3, m
         10    1.056E+01                                 F               0         Tower X translation displacement, node 4, m
         11   -3.074E+00                                 F               0         Tower Y translation displacement, node 4, m
         12   -3.842E-01                                 F               0         Tower Z translation displacement, node 4, m
         13    1.166E+01                                 F               0         Tower X translation displacement, node 5, m
         14   -3.665E+00                                 F               0         Tower Y translation displacement, node 5, m
         15   -4.472E-01                                 F               0         Tower Z translation displacement, node 5, m
         16    1.276E+01                                 F               0         Tower X translation displacement, node 6, m
         17   -4.259E+00                                 F               0         Tower Y translation displacement, node 6, m
         18   -5.110E-01                                 F               0         Tower Z translation displacement, node 6, m
         19    1.387E+01                                 F               0         Tower X translation displacement, node 7, m
         20   -4.856E+00                                 F               0         Tower Y translation displacement, node 7, m
         21   -5.754E-01                                 F               0         Tower Z translation displacement, node 7, m
         22    1.498E+01                                 F               0         Tower X translation displacement, node 8, m
         23   -5.455E+00                                 F               0         Tower Y translation displacement, node 8, m
         24   -6.403E-01                                 F               0         Tower Z translation displacement, node 8, m
         25    1.610E+01                                 F               0         Tower X translation displacement, node 9, m
         26   -6.055E+00                                 F               0         Tower Y translation displacement, node 9, m
         27   -7.055E-01                                 F               0         Tower Z translation displacement, node 9, m
         28    1.722E+01                                 F               0         Tower X translation displacement, node 10, m
         29   -6.657E+00                                 F               0         Tower Y translation displacement, node 10, m
         30   -7.709E-01                                 F               0         Tower Z translation displacement, node 10, m
         31    1.834E+01                                 F               0         Tower X translation displacement, node 11, m
         32   -7.259E+00                                 F               0         Tower Y translation displacement, node 11, m
         33   -8.364E-01                                 F               0         Tower Z translation displacement, node 11, m
         34    9.964E-01,  4.647E-03, -8.514E-02         F               0         Tower X orientation angle, node 1, rad
         35   -6.631E-04,  9.989E-01,  4.676E-02         F               0         Tower Y orientation angle, node 1, rad
         36    8.527E-02, -4.654E-02,  9.953E-01         F               0         Tower Z orientation angle, node 1, rad
         37    9.963E-01,  4.705E-03, -8.636E-02         F               0         Tower X orientation angle, node 2, rad
         38   -6.263E-04,  9.989E-01,  4.719E-02         F               0         Tower Y orientation angle, node 2, rad
         39    8.649E-02, -4.696E-02,  9.951E-01         F               0         Tower Z orientation angle, node 2, rad
         40    9.962E-01,  4.754E-03, -8.741E-02         F               0         Tower X orientation angle, node 3, rad
         41   -5.927E-04,  9.989E-01,  4.757E-02         F               0         Tower Y orientation angle, node 3, rad
         42    8.754E-02, -4.734E-02,  9.950E-01         F               0         Tower Z orientation angle, node 3, rad
         43    9.961E-01,  4.796E-03, -8.828E-02         F               0         Tower X orientation angle, node 4, rad
         44   -5.631E-04,  9.989E-01,  4.791E-02         F               0         Tower Y orientation angle, node 4, rad
         45    8.841E-02, -4.767E-02,  9.949E-01         F               0         Tower Z orientation angle, node 4, rad
         46    9.960E-01,  4.829E-03, -8.897E-02         F               0         Tower X orientation angle, node 5, rad
         47   -5.376E-04,  9.988E-01,  4.820E-02         F               0         Tower Y orientation angle, node 5, rad
         48    8.910E-02, -4.796E-02,  9.949E-01         F               0         Tower Z orientation angle, node 5, rad
         49    9.960E-01,  4.855E-03, -8.950E-02         F               0         Tower X orientation angle, node 6, rad
         50   -5.160E-04,  9.988E-01,  4.844E-02         F               0         Tower Y orientation angle, node 6, rad
         51    8.963E-02, -4.820E-02,  9.948E-01         F               0         Tower Z orientation angle, node 6, rad
         52    9.959E-01,  4.873E-03, -8.988E-02         F               0         Tower X orientation angle, node 7, rad
         53   -4.988E-04,  9.988E-01,  4.863E-02         F               0         Tower Y orientation angle, node 7, rad
         54    9.001E-02, -4.839E-02,  9.948E-01         F               0         Tower Z orientation angle, node 7, rad
         55    9.959E-01,  4.886E-03, -9.014E-02         F               0         Tower X orientation angle, node 8, rad
         56   -4.853E-04,  9.988E-01,  4.878E-02         F               0         Tower Y orientation angle, node 8, rad
         57    9.027E-02, -4.854E-02,  9.947E-01         F               0         Tower Z orientation angle, node 8, rad
         58    9.959E-01,  4.894E-03, -9.030E-02         F               0         Tower X orientation angle, node 9, rad
         59   -4.755E-04,  9.988E-01,  4.889E-02         F               0         Tower Y orientation angle, node 9, rad
         60    9.043E-02, -4.864E-02,  9.947E-01         F               0         Tower Z orientation angle, node 9, rad
         61    9.959E-01,  4.899E-03, -9.039E-02         F               0         Tower X orientation angle, node 10, rad
         62   -4.690E-04,  9.988E-01,  4.896E-02         F               0         Tower Y orientation angle, node 10, rad
         63    9.052E-02, -4.872E-02,  9.947E-01         F               0         Tower Z orientation angle, node 10, rad
         64    9.959E-01,  4.901E-03, -9.043E-02         F               0         Tower X orientation angle, node 11, rad
         65   -4.655E-04,  9.988E-01,  4.900E-02         F               0         Tower Y orientation angle, node 11, rad
         66    9.056E-02, -4.876E-02,  9.947E-01         F               0         Tower Z orientation angle, node 11, rad
         67   -4.925E-03                                 F               0         Tower X translation velocity, node 1, m/s
         68    5.025E-03                                 F               0         Tower Y translation velocity, node 1, m/s
         69    1.050E-03                                 F               0         Tower Z translation velocity, node 1, m/s
         70   -5.013E-03                                 F               0         Tower X translation velocity, node 2, m/s
         71    7.211E-03                                 F               0         Tower Y translation velocity, node 2, m/s
         72    1.160E-03                                 F               0         Tower Z translation velocity, node 2, m/s
         73   -5.085E-03                                 F               0         Tower X translation velocity, node 3, m/s
         74    9.440E-03                                 F               0         Tower Y translation velocity, node 3, m/s
         75    1.272E-03                                 F               0         Tower Z translation velocity, node 3, m/s
         76   -5.143E-03                                 F               0         Tower X translation velocity, node 4, m/s
         77    1.170E-02                                 F               0         Tower Y translation velocity, node 4, m/s
         78    1.385E-03                                 F               0         Tower Z translation velocity, node 4, m/s
         79   -5.186E-03                                 F               0         Tower X translation velocity, node 5, m/s
         80    1.400E-02                                 F               0         Tower Y translation velocity, node 5, m/s
         81    1.499E-03                                 F               0         Tower Z translation velocity, node 5, m/s
         82   -5.215E-03                                 F               0         Tower X translation velocity, node 6, m/s
         83    1.631E-02                                 F               0         Tower Y translation velocity, node 6, m/s
         84    1.614E-03                                 F               0         Tower Z translation velocity, node 6, m/s
         85   -5.231E-03                                 F               0         Tower X translation velocity, node 7, m/s
         86    1.865E-02                                 F               0         Tower Y translation velocity, node 7, m/s
         87    1.729E-03                                 F               0         Tower Z translation velocity, node 7, m/s
         88   -5.233E-03                                 F               0         Tower X translation velocity, node 8, m/s
         89    2.101E-02                                 F               0         Tower Y translation velocity, node 8, m/s
         90    1.844E-03                                 F               0         Tower Z translation velocity, node 8, m/s
         91   -5.225E-03                                 F               0         Tower X translation velocity, node 9, m/s
         92    2.337E-02                                 F               0         Tower Y translation velocity, node 9, m/s
         93    1.959E-03                                 F               0         Tower Z translation velocity, node 9, m/s
         94   -5.207E-03                                 F               0         Tower X translation velocity, node 10, m/s
         95    2.575E-02                                 F               0         Tower Y translation velocity, node 10, m/s
         96    2.073E-03                                 F               0         Tower Z translation velocity, node 10, m/s
         97   -5.184E-03                                 F               0         Tower X translation velocity, node 11, m/s
         98    2.813E-02                                 F               0         Tower Y translation velocity, node 11, m/s
         99    2.188E-03                                 F               0         Tower Z translation velocity, node 11, m/s
        100    1.909E+01                                 F               0         Hub X translation displacement, node 1, m
        101   -7.695E+00                                 F               0         Hub Y translation displacement, node 1, m
        102    9.867E-02                                 F               0         Hub Z translation displacement, node 1, m
        103    9.810E-01,  9.970E-03, -1.939E-01         F               0         Hub X orientation angle, node 1, rad
        104   -1.569E-01,  6.292E-01, -7.612E-01         F               0         Hub Y orientation angle, node 1, rad
        105    1.144E-01,  7.772E-01,  6.188E-01         F               0         Hub Z orientation angle, node 1, rad
        106    6.939E-01                                 F               0         Hub X rotation velocity, node 1, rad/s
        107    7.054E-03                                 F               0         Hub Y rotation velocity, node 1, rad/s
        108   -1.372E-01                                 F               0         Hub Z rotation velocity, node 1, rad/s
        109    9.852E-01, -8.700E-03, -1.712E-01         F               0         Blade root 1 X orientation angle, node 1, rad
        110   -1.277E-01,  6.292E-01, -7.667E-01         F               0         Blade root 1 Y orientation angle, node 1, rad
        111    1.144E-01,  7.772E-01,  6.188E-01         F               0         Blade root 1 Z orientation angle, node 1, rad
        112    9.753E-01, -6.685E-04, -2.210E-01         F               0         Blade root 2 X orientation angle, node 1, rad
        113    2.065E-01,  3.586E-01,  9.104E-01         F               0         Blade root 2 Y orientation angle, node 1, rad
        114    7.865E-02, -9.335E-01,  3.499E-01         F               0         Blade root 2 Z orientation angle, node 1, rad
        115    9.811E-01,  3.927E-02, -1.892E-01         F               0         Blade root 3 X orientation angle, node 1, rad
        116    8.458E-03, -9.869E-01, -1.609E-01         F               0         Blade root 3 Y orientation angle, node 1, rad
        117   -1.931E-01,  1.563E-01, -9.687E-01         F               0         Blade root 3 Z orientation angle, node 1, rad
        118    1.915E+01                                 F               0         Blade 1 X translation displacement, node 1, m
        119   -3.389E+00                                 F               0         Blade 1 Y translation displacement, node 1, m
        120   -1.983E+00                                 F               0         Blade 1 Z translation displacement, node 1, m
        121    1.916E+01                                 F               0         Blade 1 X translation displacement, node 2, m
        122   -2.352E+00                                 F               0         Blade 1 Y translation displacement, node 2, m
        123   -2.484E+00                                 F               0         Blade 1 Z translation displacement, node 2, m
        124    1.934E+01                                 F               0         Blade 1 X translation displacement, node 3, m
        125    1.176E+01                                 F               0         Blade 1 Y translation displacement, node 3, m
        126   -9.305E+00                                 F               0         Blade 1 Z translation displacement, node 3, m
        127    1.938E+01                                 F               0         Blade 1 X translation displacement, node 4, m
        128    1.476E+01                                 F               0         Blade 1 Y translation displacement, node 4, m
        129   -1.076E+01                                 F               0         Blade 1 Z translation displacement, node 4, m
        130    1.942E+01                                 F               0         Blade 1 X translation displacement, node 5, m
        131    1.777E+01                                 F               0         Blade 1 Y translation displacement, node 5, m
        132   -1.221E+01                                 F               0         Blade 1 Z translation displacement, node 5, m
        133    1.945E+01                                 F               0         Blade 1 X translation displacement, node 6, m
        134    2.077E+01                                 F               0         Blade 1 Y translation displacement, node 6, m
        135   -1.366E+01                                 F               0         Blade 1 Z translation displacement, node 6, m
        136    1.949E+01                                 F               0         Blade 1 X translation displacement, node 7, m
        137    2.378E+01                                 F               0         Blade 1 Y translation displacement, node 7, m
        138   -1.512E+01                                 F               0         Blade 1 Z translation displacement, node 7, m
        139    1.953E+01                                 F               0         Blade 1 X translation displacement, node 8, m
        140    2.679E+01                                 F               0         Blade 1 Y translation displacement, node 8, m
        141   -1.657E+01                                 F               0         Blade 1 Z translation displacement, node 8, m
        142    1.957E+01                                 F               0         Blade 1 X translation displacement, node 9, m
        143    2.979E+01                                 F               0         Blade 1 Y translation displacement, node 9, m
        144   -1.802E+01                                 F               0         Blade 1 Z translation displacement, node 9, m
        145    1.961E+01                                 F               0         Blade 1 X translation displacement, node 10, m
        146    3.280E+01                                 F               0         Blade 1 Y translation displacement, node 10, m
        147   -1.948E+01                                 F               0         Blade 1 Z translation displacement, node 10, m
        148    1.965E+01                                 F               0         Blade 1 X translation displacement, node 11, m
        149    3.580E+01                                 F               0         Blade 1 Y translation displacement, node 11, m
        150   -2.093E+01                                 F               0         Blade 1 Z translation displacement, node 11, m
        151    1.968E+01                                 F               0         Blade 1 X translation displacement, node 12, m
        152    3.881E+01                                 F               0         Blade 1 Y translation displacement, node 12, m
        153   -2.238E+01                                 F               0         Blade 1 Z translation displacement, node 12, m
        154    1.972E+01                                 F               0         Blade 1 X translation displacement, node 13, m
        155    4.182E+01                                 F               0         Blade 1 Y translation displacement, node 13, m
        156   -2.384E+01                                 F               0         Blade 1 Z translation displacement, node 13, m
        157    1.976E+01                                 F               0         Blade 1 X translation displacement, node 14, m
        158    4.482E+01                                 F               0         Blade 1 Y translation displacement, node 14, m
        159   -2.529E+01                                 F               0         Blade 1 Z translation displacement, node 14, m
        160    1.980E+01                                 F               0         Blade 1 X translation displacement, node 15, m
        161    4.783E+01                                 F               0         Blade 1 Y translation displacement, node 15, m
        162   -2.674E+01                                 F               0         Blade 1 Z translation displacement, node 15, m
        163    1.984E+01                                 F               0         Blade 1 X translation displacement, node 16, m
        164    5.083E+01                                 F               0         Blade 1 Y translation displacement, node 16, m
        165   -2.820E+01                                 F               0         Blade 1 Z translation displacement, node 16, m
        166    1.988E+01                                 F               0         Blade 1 X translation displacement, node 17, m
        167    5.384E+01                                 F               0         Blade 1 Y translation displacement, node 17, m
        168   -2.965E+01                                 F               0         Blade 1 Z translation displacement, node 17, m
        169    1.991E+01                                 F               0         Blade 1 X translation displacement, node 18, m
        170    5.684E+01                                 F               0         Blade 1 Y translation displacement, node 18, m
        171   -3.110E+01                                 F               0         Blade 1 Z translation displacement, node 18, m
        172    1.995E+01                                 F               0         Blade 1 X translation displacement, node 19, m
        173    5.985E+01                                 F               0         Blade 1 Y translation displacement, node 19, m
        174   -3.256E+01                                 F               0         Blade 1 Z translation displacement, node 19, m
        175    1.999E+01                                 F               0         Blade 1 X translation displacement, node 20, m
        176    6.286E+01                                 F               0         Blade 1 Y translation displacement, node 20, m
        177   -3.401E+01                                 F               0         Blade 1 Z translation displacement, node 20, m
        178    2.003E+01                                 F               0         Blade 1 X translation displacement, node 21, m
        179    6.586E+01                                 F               0         Blade 1 Y translation displacement, node 21, m
        180   -3.546E+01                                 F               0         Blade 1 Z translation displacement, node 21, m
        181    2.007E+01                                 F               0         Blade 1 X translation displacement, node 22, m
        182    6.887E+01                                 F               0         Blade 1 Y translation displacement, node 22, m
        183   -3.692E+01                                 F               0         Blade 1 Z translation displacement, node 22, m
        184    2.011E+01                                 F               0         Blade 1 X translation displacement, node 23, m
        185    7.187E+01                                 F               0         Blade 1 Y translation displacement, node 23, m
        186   -3.837E+01                                 F               0         Blade 1 Z translation displacement, node 23, m
        187    2.014E+01                                 F               0         Blade 1 X translation displacement, node 24, m
        188    7.488E+01                                 F               0         Blade 1 Y translation displacement, node 24, m
        189   -3.982E+01                                 F               0         Blade 1 Z translation displacement, node 24, m
        190    2.018E+01                                 F               0         Blade 1 X translation displacement, node 25, m
        191    7.789E+01                                 F               0         Blade 1 Y translation displacement, node 25, m
        192   -4.128E+01                                 F               0         Blade 1 Z translation displacement, node 25, m
        193    2.022E+01                                 F               0         Blade 1 X translation displacement, node 26, m
        194    8.089E+01                                 F               0         Blade 1 Y translation displacement, node 26, m
        195   -4.273E+01                                 F               0         Blade 1 Z translation displacement, node 26, m
        196    2.026E+01                                 F               0         Blade 1 X translation displacement, node 27, m
        197    8.390E+01                                 F               0         Blade 1 Y translation displacement, node 27, m
        198   -4.418E+01                                 F               0         Blade 1 Z translation displacement, node 27, m
        199    2.029E+01                                 F               0         Blade 1 X translation displacement, node 28, m
        200    8.645E+01                                 F               0         Blade 1 Y translation displacement, node 28, m
        201   -4.541E+01                                 F               0         Blade 1 Z translation displacement, node 28, m
        202    9.350E-01, -2.947E-01,  1.972E-01         F               0         Blade 1 X orientation angle, node 1, rad
        203    3.356E-01,  5.560E-01, -7.604E-01         F               0         Blade 1 Y orientation angle, node 1, rad
        204    1.144E-01,  7.772E-01,  6.188E-01         F               0         Blade 1 Z orientation angle, node 1, rad
        205    9.350E-01, -2.947E-01,  1.972E-01         F               0         Blade 1 X orientation angle, node 2, rad
        206    3.356E-01,  5.560E-01, -7.604E-01         F               0         Blade 1 Y orientation angle, node 2, rad
        207    1.144E-01,  7.772E-01,  6.188E-01         F               0         Blade 1 Z orientation angle, node 2, rad
        208    9.879E-01, -1.545E-01,  1.137E-02         F               0         Blade 1 X orientation angle, node 3, rad
        209    1.044E-01,  6.100E-01, -7.855E-01         F               0         Blade 1 Y orientation angle, node 3, rad
        210    1.144E-01,  7.772E-01,  6.188E-01         F               0         Blade 1 Z orientation angle, node 3, rad
        211    9.915E-01, -1.286E-01, -2.181E-02         F               0         Blade 1 X orientation angle, node 4, rad
        212    6.263E-02,  6.160E-01, -7.853E-01         F               0         Blade 1 Y orientation angle, node 4, rad
        213    1.144E-01,  7.772E-01,  6.188E-01         F               0         Blade 1 Z orientation angle, node 4, rad
        214    9.930E-01, -1.081E-01, -4.783E-02         F               0         Blade 1 X orientation angle, node 5, rad
        215    2.972E-02,  6.199E-01, -7.841E-01         F               0         Blade 1 Y orientation angle, node 5, rad
        216    1.144E-01,  7.772E-01,  6.188E-01         F               0         Blade 1 Z orientation angle, node 5, rad
        217    9.934E-01, -9.162E-02, -6.861E-02         F               0         Blade 1 X orientation angle, node 6, rad
        218    3.370E-03,  6.226E-01, -7.826E-01         F               0         Blade 1 Y orientation angle, node 6, rad
        219    1.144E-01,  7.772E-01,  6.188E-01         F               0         Blade 1 Z orientation angle, node 6, rad
        220    9.933E-01, -7.802E-02, -8.567E-02         F               0         Blade 1 X orientation angle, node 7, rad
        221   -1.830E-02,  6.244E-01, -7.809E-01         F               0         Blade 1 Y orientation angle, node 7, rad
        222    1.144E-01,  7.772E-01,  6.188E-01         F               0         Blade 1 Z orientation angle, node 7, rad
        223    9.928E-01, -6.667E-02, -9.983E-02         F               0         Blade 1 X orientation angle, node 8, rad
        224   -3.633E-02,  6.257E-01, -7.792E-01         F               0         Blade 1 Y orientation angle, node 8, rad
        225    1.144E-01,  7.772E-01,  6.188E-01         F               0         Blade 1 Z orientation angle, node 8, rad
        226    9.921E-01, -5.706E-02, -1.118E-01         F               0         Blade 1 X orientation angle, node 9, rad
        227   -5.157E-02,  6.267E-01, -7.776E-01         F               0         Blade 1 Y orientation angle, node 9, rad
        228    1.144E-01,  7.772E-01,  6.188E-01         F               0         Blade 1 Z orientation angle, node 9, rad
        229    9.913E-01, -4.874E-02, -1.221E-01         F               0         Blade 1 X orientation angle, node 10, rad
        230   -6.473E-02,  6.274E-01, -7.760E-01         F               0         Blade 1 Y orientation angle, node 10, rad
        231    1.144E-01,  7.772E-01,  6.188E-01         F               0         Blade 1 Z orientation angle, node 10, rad
        232    9.905E-01, -4.162E-02, -1.309E-01         F               0         Blade 1 X orientation angle, node 11, rad
        233   -7.597E-02,  6.279E-01, -7.746E-01         F               0         Blade 1 Y orientation angle, node 11, rad
        234    1.144E-01,  7.772E-01,  6.188E-01         F               0         Blade 1 Z orientation angle, node 11, rad
        235    9.897E-01, -3.537E-02, -1.386E-01         F               0         Blade 1 X orientation angle, node 12, rad
        236   -8.582E-02,  6.283E-01, -7.732E-01         F               0         Blade 1 Y orientation angle, node 12, rad
        237    1.144E-01,  7.772E-01,  6.188E-01         F               0         Blade 1 Z orientation angle, node 12, rad
        238    9.889E-01, -2.989E-02, -1.453E-01         F               0         Blade 1 X orientation angle, node 13, rad
        239   -9.445E-02,  6.286E-01, -7.720E-01         F               0         Blade 1 Y orientation angle, node 13, rad
        240    1.144E-01,  7.772E-01,  6.188E-01         F               0         Blade 1 Z orientation angle, node 13, rad
        241    9.882E-01, -2.495E-02, -1.514E-01         F               0         Blade 1 X orientation angle, node 14, rad
        242   -1.022E-01,  6.288E-01, -7.708E-01         F               0         Blade 1 Y orientation angle, node 14, rad
        243    1.144E-01,  7.772E-01,  6.188E-01         F               0         Blade 1 Z orientation angle, node 14, rad
        244    9.874E-01, -2.056E-02, -1.568E-01         F               0         Blade 1 X orientation angle, node 15, rad
        245   -1.091E-01,  6.289E-01, -7.698E-01         F               0         Blade 1 Y orientation angle, node 15, rad
        246    1.144E-01,  7.772E-01,  6.188E-01         F               0         Blade 1 Z orientation angle, node 15, rad
        247    9.867E-01, -1.661E-02, -1.616E-01         F               0         Blade 1 X orientation angle, node 16, rad
        248   -1.153E-01,  6.291E-01, -7.688E-01         F               0         Blade 1 Y orientation angle, node 16, rad
        249    1.144E-01,  7.772E-01,  6.188E-01         F               0         Blade 1 Z orientation angle, node 16, rad
        250    9.861E-01, -1.309E-02, -1.659E-01         F               0         Blade 1 X orientation angle, node 17, rad
        251   -1.208E-01,  6.291E-01, -7.678E-01         F               0         Blade 1 Y orientation angle, node 17, rad
        252    1.144E-01,  7.772E-01,  6.188E-01         F               0         Blade 1 Z orientation angle, node 17, rad
        253    9.854E-01, -9.798E-03, -1.699E-01         F               0         Blade 1 X orientation angle, node 18, rad
        254   -1.260E-01,  6.292E-01, -7.670E-01         F               0         Blade 1 Y orientation angle, node 18, rad
        255    1.144E-01,  7.772E-01,  6.188E-01         F               0         Blade 1 Z orientation angle, node 18, rad
        256    9.848E-01, -6.833E-03, -1.735E-01         F               0         Blade 1 X orientation angle, node 19, rad
        257   -1.306E-01,  6.292E-01, -7.662E-01         F               0         Blade 1 Y orientation angle, node 19, rad
        258    1.144E-01,  7.772E-01,  6.188E-01         F               0         Blade 1 Z orientation angle, node 19, rad
        259    9.843E-01, -4.197E-03, -1.767E-01         F               0         Blade 1 X orientation angle, node 20, rad
        260   -1.347E-01,  6.293E-01, -7.654E-01         F               0         Blade 1 Y orientation angle, node 20, rad
        261    1.144E-01,  7.772E-01,  6.188E-01         F               0         Blade 1 Z orientation angle, node 20, rad
        262    9.837E-01, -1.671E-03, -1.798E-01         F               0         Blade 1 X orientation angle, node 21, rad
        263   -1.387E-01,  6.293E-01, -7.647E-01         F               0         Blade 1 Y orientation angle, node 21, rad
        264    1.144E-01,  7.772E-01,  6.188E-01         F               0         Blade 1 Z orientation angle, node 21, rad
        265    9.832E-01,  6.350E-04, -1.826E-01         F               0         Blade 1 X orientation angle, node 22, rad
        266   -1.423E-01,  6.293E-01, -7.640E-01         F               0         Blade 1 Y orientation angle, node 22, rad
        267    1.144E-01,  7.772E-01,  6.188E-01         F               0         Blade 1 Z orientation angle, node 22, rad
        268    9.827E-01,  2.722E-03, -1.851E-01         F               0         Blade 1 X orientation angle, node 23, rad
        269   -1.456E-01,  6.293E-01, -7.634E-01         F               0         Blade 1 Y orientation angle, node 23, rad
        270    1.144E-01,  7.772E-01,  6.188E-01         F               0         Blade 1 Z orientation angle, node 23, rad
        271    9.822E-01,  4.699E-03, -1.875E-01         F               0         Blade 1 X orientation angle, node 24, rad
        272   -1.486E-01,  6.293E-01, -7.628E-01         F               0         Blade 1 Y orientation angle, node 24, rad
        273    1.144E-01,  7.772E-01,  6.188E-01         F               0         Blade 1 Z orientation angle, node 24, rad
        274    9.818E-01,  6.566E-03, -1.898E-01         F               0         Blade 1 X orientation angle, node 25, rad
        275   -1.516E-01,  6.292E-01, -7.623E-01         F               0         Blade 1 Y orientation angle, node 25, rad
        276    1.144E-01,  7.772E-01,  6.188E-01         F               0         Blade 1 Z orientation angle, node 25, rad
        277    9.814E-01,  8.213E-03, -1.918E-01         F               0         Blade 1 X orientation angle, node 26, rad
        278   -1.541E-01,  6.292E-01, -7.618E-01         F               0         Blade 1 Y orientation angle, node 26, rad
        279    1.144E-01,  7.772E-01,  6.188E-01         F               0         Blade 1 Z orientation angle, node 26, rad
        280    9.810E-01,  9.860E-03, -1.938E-01         F               0         Blade 1 X orientation angle, node 27, rad
        281   -1.567E-01,  6.292E-01, -7.613E-01         F               0         Blade 1 Y orientation angle, node 27, rad
        282    1.144E-01,  7.772E-01,  6.188E-01         F               0         Blade 1 Z orientation angle, node 27, rad
        283    9.808E-01,  1.074E-02, -1.948E-01         F               0         Blade 1 X orientation angle, node 28, rad
        284   -1.581E-01,  6.292E-01, -7.610E-01         F               0         Blade 1 Y orientation angle, node 28, rad
        285    1.144E-01,  7.772E-01,  6.188E-01         F               0         Blade 1 Z orientation angle, node 28, rad
        286    6.096E-01                                 F               0         Blade 1 X translation velocity, node 1, m/s
        287   -2.437E+00                                 F               0         Blade 1 Y translation velocity, node 1, m/s
        288    2.986E+00                                 F               0         Blade 1 Z translation velocity, node 1, m/s
        289    7.577E-01                                 F               0         Blade 1 X translation velocity, node 2, m/s
        290   -3.031E+00                                 F               0         Blade 1 Y translation velocity, node 2, m/s
        291    3.704E+00                                 F               0         Blade 1 Z translation velocity, node 2, m/s
        292    2.772E+00                                 F               0         Blade 1 X translation velocity, node 3, m/s
        293   -1.111E+01                                 F               0         Blade 1 Y translation velocity, node 3, m/s
        294    1.348E+01                                 F               0         Blade 1 Z translation velocity, node 3, m/s
        295    3.201E+00                                 F               0         Blade 1 X translation velocity, node 4, m/s
        296   -1.283E+01                                 F               0         Blade 1 Y translation velocity, node 4, m/s
        297    1.556E+01                                 F               0         Blade 1 Z translation velocity, node 4, m/s
        298    3.630E+00                                 F               0         Blade 1 X translation velocity, node 5, m/s
        299   -1.455E+01                                 F               0         Blade 1 Y translation velocity, node 5, m/s
        300    1.765E+01                                 F               0         Blade 1 Z translation velocity, node 5, m/s
        301    4.059E+00                                 F               0         Blade 1 X translation velocity, node 6, m/s
        302   -1.627E+01                                 F               0         Blade 1 Y translation velocity, node 6, m/s
        303    1.973E+01                                 F               0         Blade 1 Z translation velocity, node 6, m/s
        304    4.489E+00                                 F               0         Blade 1 X translation velocity, node 7, m/s
        305   -1.800E+01                                 F               0         Blade 1 Y translation velocity, node 7, m/s
        306    2.181E+01                                 F               0         Blade 1 Z translation velocity, node 7, m/s
        307    4.918E+00                                 F               0         Blade 1 X translation velocity, node 8, m/s
