
Linearized model: Predictions were generated on 12-Jan-2024 at 08:43:17 using OpenFAST, compiled as a 64-bit application using single precision at commit v3.5.1
 linked with  NWTC Subroutine Library; ElastoDyn; InflowWind; AeroDyn; ServoDyn; HydroDyn; MAP++ (<1.20.10>, <Oct-20-2023>)

Description from the FAST input file: CCT-9 Campign 4 model. Input files to be run with OpenFAST 3.5.0. GitHub branch from Lu Wang (https://github.com/luwang00/openfast/tree/dev) compiled on March 7, 2023.

Simulation information:
   Simulation time:                   502.9750 s
   Rotor Speed:                         0.7076 rad/s
   Azimuth:                             5.5218 rad
   Wind Speed:                          8.0000 m/s
   Number of continuous states:         0
   Number of discrete states:           0
   Number of constraint states:         0
   Number of inputs:                 1746
   Number of outputs:                   4
   Jacobians included in this file?    No

Order of inputs:
     Column   Operating Point                     Rotating Frame? Derivative Order Description
   ---------- ---------------                     --------------- ---------------- -----------
          1    7.334E+00                                 F               0         Tower X translation displacement, node 1, m
          2   -1.326E+00                                 F               0         Tower Y translation displacement, node 1, m
          3   -2.021E-01                                 F               0         Tower Z translation displacement, node 1, m
          4    8.394E+00                                 F               0         Tower X translation displacement, node 2, m
          5   -1.903E+00                                 F               0         Tower Y translation displacement, node 2, m
          6   -2.611E-01                                 F               0         Tower Z translation displacement, node 2, m
          7    9.470E+00                                 F               0         Tower X translation displacement, node 3, m
          8   -2.485E+00                                 F               0         Tower Y translation displacement, node 3, m
          9   -3.218E-01                                 F               0         Tower Z translation displacement, node 3, m
         10    1.056E+01                                 F               0         Tower X translation displacement, node 4, m
         11   -3.071E+00                                 F               0         Tower Y translation displacement, node 4, m
         12   -3.838E-01                                 F               0         Tower Z translation displacement, node 4, m
         13    1.165E+01                                 F               0         Tower X translation displacement, node 5, m
         14   -3.662E+00                                 F               0         Tower Y translation displacement, node 5, m
         15   -4.468E-01                                 F               0         Tower Z translation displacement, node 5, m
         16    1.276E+01                                 F               0         Tower X translation displacement, node 6, m
         17   -4.255E+00                                 F               0         Tower Y translation displacement, node 6, m
         18   -5.106E-01                                 F               0         Tower Z translation displacement, node 6, m
         19    1.387E+01                                 F               0         Tower X translation displacement, node 7, m
         20   -4.851E+00                                 F               0         Tower Y translation displacement, node 7, m
         21   -5.749E-01                                 F               0         Tower Z translation displacement, node 7, m
         22    1.498E+01                                 F               0         Tower X translation displacement, node 8, m
         23   -5.449E+00                                 F               0         Tower Y translation displacement, node 8, m
         24   -6.398E-01                                 F               0         Tower Z translation displacement, node 8, m
         25    1.610E+01                                 F               0         Tower X translation displacement, node 9, m
         26   -6.049E+00                                 F               0         Tower Y translation displacement, node 9, m
         27   -7.050E-01                                 F               0         Tower Z translation displacement, node 9, m
         28    1.722E+01                                 F               0         Tower X translation displacement, node 10, m
         29   -6.650E+00                                 F               0         Tower Y translation displacement, node 10, m
         30   -7.704E-01                                 F               0         Tower Z translation displacement, node 10, m
         31    1.834E+01                                 F               0         Tower X translation displacement, node 11, m
         32   -7.252E+00                                 F               0         Tower Y translation displacement, node 11, m
         33   -8.358E-01                                 F               0         Tower Z translation displacement, node 11, m
         34    9.964E-01,  4.658E-03, -8.514E-02         F               0         Tower X orientation angle, node 1, rad
         35   -6.776E-04,  9.989E-01,  4.672E-02         F               0         Tower Y orientation angle, node 1, rad
         36    8.527E-02, -4.649E-02,  9.953E-01         F               0         Tower Z orientation angle, node 1, rad
         37    9.963E-01,  4.715E-03, -8.636E-02         F               0         Tower X orientation angle, node 2, rad
         38   -6.408E-04,  9.989E-01,  4.714E-02         F               0         Tower Y orientation angle, node 2, rad
         39    8.649E-02, -4.691E-02,  9.951E-01         F               0         Tower Z orientation angle, node 2, rad
         40    9.962E-01,  4.765E-03, -8.741E-02         F               0         Tower X orientation angle, node 3, rad
         41   -6.073E-04,  9.989E-01,  4.753E-02         F               0         Tower Y orientation angle, node 3, rad
         42    8.754E-02, -4.729E-02,  9.950E-01         F               0         Tower Z orientation angle, node 3, rad
         43    9.961E-01,  4.806E-03, -8.828E-02         F               0         Tower X orientation angle, node 4, rad
         44   -5.777E-04,  9.989E-01,  4.786E-02         F               0         Tower Y orientation angle, node 4, rad
         45    8.841E-02, -4.762E-02,  9.949E-01         F               0         Tower Z orientation angle, node 4, rad
         46    9.960E-01,  4.839E-03, -8.897E-02         F               0         Tower X orientation angle, node 5, rad
         47   -5.522E-04,  9.988E-01,  4.815E-02         F               0         Tower Y orientation angle, node 5, rad
         48    8.910E-02, -4.791E-02,  9.949E-01         F               0         Tower Z orientation angle, node 5, rad
         49    9.960E-01,  4.865E-03, -8.950E-02         F               0         Tower X orientation angle, node 6, rad
         50   -5.307E-04,  9.988E-01,  4.839E-02         F               0         Tower Y orientation angle, node 6, rad
         51    8.963E-02, -4.815E-02,  9.948E-01         F               0         Tower Z orientation angle, node 6, rad
         52    9.959E-01,  4.883E-03, -8.988E-02         F               0         Tower X orientation angle, node 7, rad
         53   -5.135E-04,  9.988E-01,  4.858E-02         F               0         Tower Y orientation angle, node 7, rad
         54    9.001E-02, -4.834E-02,  9.948E-01         F               0         Tower Z orientation angle, node 7, rad
         55    9.959E-01,  4.896E-03, -9.014E-02         F               0         Tower X orientation angle, node 8, rad
         56   -5.001E-04,  9.988E-01,  4.873E-02         F               0         Tower Y orientation angle, node 8, rad
         57    9.027E-02, -4.849E-02,  9.947E-01         F               0         Tower Z orientation angle, node 8, rad
         58    9.959E-01,  4.904E-03, -9.030E-02         F               0         Tower X orientation angle, node 9, rad
         59   -4.903E-04,  9.988E-01,  4.884E-02         F               0         Tower Y orientation angle, node 9, rad
         60    9.043E-02, -4.860E-02,  9.947E-01         F               0         Tower Z orientation angle, node 9, rad
         61    9.959E-01,  4.909E-03, -9.039E-02         F               0         Tower X orientation angle, node 10, rad
         62   -4.838E-04,  9.988E-01,  4.891E-02         F               0         Tower Y orientation angle, node 10, rad
         63    9.052E-02, -4.867E-02,  9.947E-01         F               0         Tower Z orientation angle, node 10, rad
         64    9.959E-01,  4.911E-03, -9.043E-02         F               0         Tower X orientation angle, node 11, rad
         65   -4.803E-04,  9.988E-01,  4.895E-02         F               0         Tower Y orientation angle, node 11, rad
         66    9.056E-02, -4.871E-02,  9.947E-01         F               0         Tower Z orientation angle, node 11, rad
         67   -4.979E-03                                 F               0         Tower X translation velocity, node 1, m/s
         68    5.307E-03                                 F               0         Tower Y translation velocity, node 1, m/s
         69    1.269E-03                                 F               0         Tower Z translation velocity, node 1, m/s
         70   -5.062E-03                                 F               0         Tower X translation velocity, node 2, m/s
         71    7.681E-03                                 F               0         Tower Y translation velocity, node 2, m/s
         72    1.387E-03                                 F               0         Tower Z translation velocity, node 2, m/s
         73   -5.130E-03                                 F               0         Tower X translation velocity, node 3, m/s
         74    1.010E-02                                 F               0         Tower Y translation velocity, node 3, m/s
         75    1.508E-03                                 F               0         Tower Z translation velocity, node 3, m/s
         76   -5.183E-03                                 F               0         Tower X translation velocity, node 4, m/s
         77    1.255E-02                                 F               0         Tower Y translation velocity, node 4, m/s
         78    1.629E-03                                 F               0         Tower Z translation velocity, node 4, m/s
         79   -5.221E-03                                 F               0         Tower X translation velocity, node 5, m/s
         80    1.502E-02                                 F               0         Tower Y translation velocity, node 5, m/s
         81    1.752E-03                                 F               0         Tower Z translation velocity, node 5, m/s
         82   -5.244E-03                                 F               0         Tower X translation velocity, node 6, m/s
         83    1.753E-02                                 F               0         Tower Y translation velocity, node 6, m/s
         84    1.875E-03                                 F               0         Tower Z translation velocity, node 6, m/s
         85   -5.255E-03                                 F               0         Tower X translation velocity, node 7, m/s
         86    2.005E-02                                 F               0         Tower Y translation velocity, node 7, m/s
         87    1.998E-03                                 F               0         Tower Z translation velocity, node 7, m/s
         88   -5.252E-03                                 F               0         Tower X translation velocity, node 8, m/s
         89    2.258E-02                                 F               0         Tower Y translation velocity, node 8, m/s
         90    2.121E-03                                 F               0         Tower Z translation velocity, node 8, m/s
         91   -5.237E-03                                 F               0         Tower X translation velocity, node 9, m/s
         92    2.513E-02                                 F               0         Tower Y translation velocity, node 9, m/s
         93    2.244E-03                                 F               0         Tower Z translation velocity, node 9, m/s
         94   -5.214E-03                                 F               0         Tower X translation velocity, node 10, m/s
         95    2.769E-02                                 F               0         Tower Y translation velocity, node 10, m/s
         96    2.367E-03                                 F               0         Tower Z translation velocity, node 10, m/s
         97   -5.185E-03                                 F               0         Tower X translation velocity, node 11, m/s
         98    3.026E-02                                 F               0         Tower Y translation velocity, node 11, m/s
         99    2.490E-03                                 F               0         Tower Z translation velocity, node 11, m/s
        100    1.909E+01                                 F               0         Hub X translation displacement, node 1, m
        101   -7.687E+00                                 F               0         Hub Y translation displacement, node 1, m
        102    9.927E-02                                 F               0         Hub Z translation displacement, node 1, m
        103    9.810E-01,  9.975E-03, -1.939E-01         F               0         Hub X orientation angle, node 1, rad
        104   -1.343E-01,  7.561E-01, -6.405E-01         F               0         Hub Y orientation angle, node 1, rad
        105    1.402E-01,  6.544E-01,  7.431E-01         F               0         Hub Z orientation angle, node 1, rad
        106    6.939E-01                                 F               0         Hub X rotation velocity, node 1, rad/s
        107    7.058E-03                                 F               0         Hub Y rotation velocity, node 1, rad/s
        108   -1.372E-01                                 F               0         Hub Z rotation velocity, node 1, rad/s
        109    9.845E-01, -1.246E-02, -1.748E-01         F               0         Blade root 1 X orientation angle, node 1, rad
        110   -1.051E-01,  7.561E-01, -6.460E-01         F               0         Blade root 1 Y orientation angle, node 1, rad
        111    1.402E-01,  6.544E-01,  7.431E-01         F               0         Blade root 1 Z orientation angle, node 1, rad
        112    9.749E-01,  4.374E-03, -2.224E-01         F               0         Blade root 2 X orientation angle, node 1, rad
        113    2.176E-01,  1.889E-01,  9.576E-01         F               0         Blade root 2 Y orientation angle, node 1, rad
        114    4.619E-02, -9.820E-01,  1.832E-01         F               0         Blade root 2 Z orientation angle, node 1, rad
        115    9.821E-01,  3.800E-02, -1.842E-01         F               0         Blade root 3 X orientation angle, node 1, rad
        116   -2.517E-02, -9.440E-01, -3.289E-01         F               0         Blade root 3 Y orientation angle, node 1, rad
        117   -1.864E-01,  3.276E-01, -9.262E-01         F               0         Blade root 3 Z orientation angle, node 1, rad
        118    1.929E+01                                 F               0         Blade 1 X translation displacement, node 1, m
        119   -4.062E+00                                 F               0         Blade 1 Y translation displacement, node 1, m
        120   -1.294E+00                                 F               0         Blade 1 Z translation displacement, node 1, m
        121    1.934E+01                                 F               0         Blade 1 X translation displacement, node 2, m
        122   -3.189E+00                                 F               0         Blade 1 Y translation displacement, node 2, m
        123   -1.630E+00                                 F               0         Blade 1 Z translation displacement, node 2, m
        124    1.998E+01                                 F               0         Blade 1 X translation displacement, node 3, m
        125    8.690E+00                                 F               0         Blade 1 Y translation displacement, node 3, m
        126   -6.194E+00                                 F               0         Blade 1 Z translation displacement, node 3, m
        127    2.012E+01                                 F               0         Blade 1 X translation displacement, node 4, m
        128    1.122E+01                                 F               0         Blade 1 Y translation displacement, node 4, m
        129   -7.167E+00                                 F               0         Blade 1 Z translation displacement, node 4, m
        130    2.026E+01                                 F               0         Blade 1 X translation displacement, node 5, m
        131    1.375E+01                                 F               0         Blade 1 Y translation displacement, node 5, m
        132   -8.139E+00                                 F               0         Blade 1 Z translation displacement, node 5, m
        133    2.040E+01                                 F               0         Blade 1 X translation displacement, node 6, m
        134    1.628E+01                                 F               0         Blade 1 Y translation displacement, node 6, m
        135   -9.112E+00                                 F               0         Blade 1 Z translation displacement, node 6, m
        136    2.054E+01                                 F               0         Blade 1 X translation displacement, node 7, m
        137    1.881E+01                                 F               0         Blade 1 Y translation displacement, node 7, m
        138   -1.008E+01                                 F               0         Blade 1 Z translation displacement, node 7, m
        139    2.068E+01                                 F               0         Blade 1 X translation displacement, node 8, m
        140    2.134E+01                                 F               0         Blade 1 Y translation displacement, node 8, m
        141   -1.106E+01                                 F               0         Blade 1 Z translation displacement, node 8, m
        142    2.081E+01                                 F               0         Blade 1 X translation displacement, node 9, m
        143    2.388E+01                                 F               0         Blade 1 Y translation displacement, node 9, m
        144   -1.203E+01                                 F               0         Blade 1 Z translation displacement, node 9, m
        145    2.095E+01                                 F               0         Blade 1 X translation displacement, node 10, m
        146    2.641E+01                                 F               0         Blade 1 Y translation displacement, node 10, m
        147   -1.300E+01                                 F               0         Blade 1 Z translation displacement, node 10, m
        148    2.109E+01                                 F               0         Blade 1 X translation displacement, node 11, m
        149    2.894E+01                                 F               0         Blade 1 Y translation displacement, node 11, m
        150   -1.397E+01                                 F               0         Blade 1 Z translation displacement, node 11, m
        151    2.123E+01                                 F               0         Blade 1 X translation displacement, node 12, m
        152    3.147E+01                                 F               0         Blade 1 Y translation displacement, node 12, m
        153   -1.495E+01                                 F               0         Blade 1 Z translation displacement, node 12, m
        154    2.137E+01                                 F               0         Blade 1 X translation displacement, node 13, m
        155    3.400E+01                                 F               0         Blade 1 Y translation displacement, node 13, m
        156   -1.592E+01                                 F               0         Blade 1 Z translation displacement, node 13, m
        157    2.150E+01                                 F               0         Blade 1 X translation displacement, node 14, m
        158    3.653E+01                                 F               0         Blade 1 Y translation displacement, node 14, m
        159   -1.689E+01                                 F               0         Blade 1 Z translation displacement, node 14, m
        160    2.164E+01                                 F               0         Blade 1 X translation displacement, node 15, m
        161    3.906E+01                                 F               0         Blade 1 Y translation displacement, node 15, m
        162   -1.787E+01                                 F               0         Blade 1 Z translation displacement, node 15, m
        163    2.178E+01                                 F               0         Blade 1 X translation displacement, node 16, m
        164    4.159E+01                                 F               0         Blade 1 Y translation displacement, node 16, m
        165   -1.884E+01                                 F               0         Blade 1 Z translation displacement, node 16, m
        166    2.192E+01                                 F               0         Blade 1 X translation displacement, node 17, m
        167    4.412E+01                                 F               0         Blade 1 Y translation displacement, node 17, m
        168   -1.981E+01                                 F               0         Blade 1 Z translation displacement, node 17, m
        169    2.206E+01                                 F               0         Blade 1 X translation displacement, node 18, m
        170    4.665E+01                                 F               0         Blade 1 Y translation displacement, node 18, m
        171   -2.078E+01                                 F               0         Blade 1 Z translation displacement, node 18, m
        172    2.219E+01                                 F               0         Blade 1 X translation displacement, node 19, m
        173    4.918E+01                                 F               0         Blade 1 Y translation displacement, node 19, m
        174   -2.176E+01                                 F               0         Blade 1 Z translation displacement, node 19, m
        175    2.233E+01                                 F               0         Blade 1 X translation displacement, node 20, m
        176    5.172E+01                                 F               0         Blade 1 Y translation displacement, node 20, m
        177   -2.273E+01                                 F               0         Blade 1 Z translation displacement, node 20, m
        178    2.247E+01                                 F               0         Blade 1 X translation displacement, node 21, m
        179    5.425E+01                                 F               0         Blade 1 Y translation displacement, node 21, m
        180   -2.370E+01                                 F               0         Blade 1 Z translation displacement, node 21, m
        181    2.261E+01                                 F               0         Blade 1 X translation displacement, node 22, m
        182    5.678E+01                                 F               0         Blade 1 Y translation displacement, node 22, m
        183   -2.467E+01                                 F               0         Blade 1 Z translation displacement, node 22, m
        184    2.275E+01                                 F               0         Blade 1 X translation displacement, node 23, m
        185    5.931E+01                                 F               0         Blade 1 Y translation displacement, node 23, m
        186   -2.565E+01                                 F               0         Blade 1 Z translation displacement, node 23, m
        187    2.288E+01                                 F               0         Blade 1 X translation displacement, node 24, m
        188    6.184E+01                                 F               0         Blade 1 Y translation displacement, node 24, m
        189   -2.662E+01                                 F               0         Blade 1 Z translation displacement, node 24, m
        190    2.302E+01                                 F               0         Blade 1 X translation displacement, node 25, m
        191    6.437E+01                                 F               0         Blade 1 Y translation displacement, node 25, m
        192   -2.759E+01                                 F               0         Blade 1 Z translation displacement, node 25, m
        193    2.316E+01                                 F               0         Blade 1 X translation displacement, node 26, m
        194    6.690E+01                                 F               0         Blade 1 Y translation displacement, node 26, m
        195   -2.856E+01                                 F               0         Blade 1 Z translation displacement, node 26, m
        196    2.330E+01                                 F               0         Blade 1 X translation displacement, node 27, m
        197    6.943E+01                                 F               0         Blade 1 Y translation displacement, node 27, m
        198   -2.954E+01                                 F               0         Blade 1 Z translation displacement, node 27, m
        199    2.342E+01                                 F               0         Blade 1 X translation displacement, node 28, m
        200    7.158E+01                                 F               0         Blade 1 Y translation displacement, node 28, m
        201   -3.036E+01                                 F               0         Blade 1 Z translation displacement, node 28, m
        202    9.241E-01, -3.559E-01,  1.390E-01         F               0         Blade 1 X orientation angle, node 1, rad
        203    3.554E-01,  6.672E-01, -6.546E-01         F               0         Blade 1 Y orientation angle, node 1, rad
        204    1.402E-01,  6.544E-01,  7.431E-01         F               0         Blade 1 Z orientation angle, node 1, rad
        205    9.241E-01, -3.559E-01,  1.390E-01         F               0         Blade 1 X orientation angle, node 2, rad
        206    3.554E-01,  6.672E-01, -6.546E-01         F               0         Blade 1 Y orientation angle, node 2, rad
        207    1.402E-01,  6.544E-01,  7.431E-01         F               0         Blade 1 Z orientation angle, node 2, rad
        208    9.820E-01, -1.876E-01, -2.012E-02         F               0         Blade 1 X orientation angle, node 3, rad
        209    1.262E-01,  7.325E-01, -6.689E-01         F               0         Blade 1 Y orientation angle, node 3, rad
        210    1.402E-01,  6.544E-01,  7.431E-01         F               0         Blade 1 Z orientation angle, node 3, rad
        211    9.865E-01, -1.565E-01, -4.835E-02         F               0         Blade 1 X orientation angle, node 4, rad
        212    8.465E-02,  7.398E-01, -6.675E-01         F               0         Blade 1 Y orientation angle, node 4, rad
        213    1.402E-01,  6.544E-01,  7.431E-01         F               0         Blade 1 Z orientation angle, node 4, rad
        214    9.888E-01, -1.319E-01, -7.046E-02         F               0         Blade 1 X orientation angle, node 5, rad
        215    5.189E-02,  7.446E-01, -6.655E-01         F               0         Blade 1 Y orientation angle, node 5, rad
        216    1.402E-01,  6.544E-01,  7.431E-01         F               0         Blade 1 Z orientation angle, node 5, rad
        217    9.898E-01, -1.121E-01, -8.808E-02         F               0         Blade 1 X orientation angle, node 6, rad
        218    2.565E-02,  7.478E-01, -6.634E-01         F               0         Blade 1 Y orientation angle, node 6, rad
        219    1.402E-01,  6.544E-01,  7.431E-01         F               0         Blade 1 Z orientation angle, node 6, rad
        220    9.901E-01, -9.574E-02, -1.025E-01         F               0         Blade 1 X orientation angle, node 7, rad
        221    4.048E-03,  7.501E-01, -6.613E-01         F               0         Blade 1 Y orientation angle, node 7, rad
        222    1.402E-01,  6.544E-01,  7.431E-01         F               0         Blade 1 Z orientation angle, node 7, rad
        223    9.900E-01, -8.211E-02, -1.145E-01         F               0         Blade 1 X orientation angle, node 8, rad
        224   -1.392E-02,  7.517E-01, -6.594E-01         F               0         Blade 1 Y orientation angle, node 8, rad
        225    1.402E-01,  6.544E-01,  7.431E-01         F               0         Blade 1 Z orientation angle, node 8, rad
        226    9.897E-01, -7.056E-02, -1.246E-01         F               0         Blade 1 X orientation angle, node 9, rad
        227   -2.913E-02,  7.529E-01, -6.575E-01         F               0         Blade 1 Y orientation angle, node 9, rad
        228    1.402E-01,  6.544E-01,  7.431E-01         F               0         Blade 1 Z orientation angle, node 9, rad
        229    9.892E-01, -6.057E-02, -1.333E-01         F               0         Blade 1 X orientation angle, node 10, rad
        230   -4.225E-02,  7.537E-01, -6.558E-01         F               0         Blade 1 Y orientation angle, node 10, rad
        231    1.402E-01,  6.544E-01,  7.431E-01         F               0         Blade 1 Z orientation angle, node 10, rad
        232    9.887E-01, -5.201E-02, -1.408E-01         F               0         Blade 1 X orientation angle, node 11, rad
        233   -5.347E-02,  7.544E-01, -6.543E-01         F               0         Blade 1 Y orientation angle, node 11, rad
        234    1.402E-01,  6.544E-01,  7.431E-01         F               0         Blade 1 Z orientation angle, node 11, rad
        235    9.881E-01, -4.451E-02, -1.473E-01         F               0         Blade 1 X orientation angle, node 12, rad
        236   -6.330E-02,  7.549E-01, -6.528E-01         F               0         Blade 1 Y orientation angle, node 12, rad
        237    1.402E-01,  6.544E-01,  7.431E-01         F               0         Blade 1 Z orientation angle, node 12, rad
        238    9.875E-01, -3.792E-02, -1.530E-01         F               0         Blade 1 X orientation angle, node 13, rad
        239   -7.192E-02,  7.552E-01, -6.515E-01         F               0         Blade 1 Y orientation angle, node 13, rad
        240    1.402E-01,  6.544E-01,  7.431E-01         F               0         Blade 1 Z orientation angle, node 13, rad
        241    9.869E-01, -3.198E-02, -1.581E-01         F               0         Blade 1 X orientation angle, node 14, rad
        242   -7.968E-02,  7.555E-01, -6.503E-01         F               0         Blade 1 Y orientation angle, node 14, rad
        243    1.402E-01,  6.544E-01,  7.431E-01         F               0         Blade 1 Z orientation angle, node 14, rad
        244    9.863E-01, -2.671E-02, -1.626E-01         F               0         Blade 1 X orientation angle, node 15, rad
        245   -8.657E-02,  7.557E-01, -6.492E-01         F               0         Blade 1 Y orientation angle, node 15, rad
        246    1.402E-01,  6.544E-01,  7.431E-01         F               0         Blade 1 Z orientation angle, node 15, rad
        247    9.858E-01, -2.196E-02, -1.667E-01         F               0         Blade 1 X orientation angle, node 16, rad
        248   -9.276E-02,  7.559E-01, -6.481E-01         F               0         Blade 1 Y orientation angle, node 16, rad
        249    1.402E-01,  6.544E-01,  7.431E-01         F               0         Blade 1 Z orientation angle, node 16, rad
        250    9.852E-01, -1.774E-02, -1.703E-01         F               0         Blade 1 X orientation angle, node 17, rad
        251   -9.827E-02,  7.560E-01, -6.472E-01         F               0         Blade 1 Y orientation angle, node 17, rad
        252    1.402E-01,  6.544E-01,  7.431E-01         F               0         Blade 1 Z orientation angle, node 17, rad
        253    9.847E-01, -1.378E-02, -1.737E-01         F               0         Blade 1 X orientation angle, node 18, rad
        254   -1.034E-01,  7.560E-01, -6.463E-01         F               0         Blade 1 Y orientation angle, node 18, rad
        255    1.402E-01,  6.544E-01,  7.431E-01         F               0         Blade 1 Z orientation angle, node 18, rad
        256    9.842E-01, -1.022E-02, -1.767E-01         F               0         Blade 1 X orientation angle, node 19, rad
        257   -1.081E-01,  7.561E-01, -6.455E-01         F               0         Blade 1 Y orientation angle, node 19, rad
        258    1.402E-01,  6.544E-01,  7.431E-01         F               0         Blade 1 Z orientation angle, node 19, rad
        259    9.837E-01, -7.049E-03, -1.794E-01         F               0         Blade 1 X orientation angle, node 20, rad
        260   -1.122E-01,  7.561E-01, -6.447E-01         F               0         Blade 1 Y orientation angle, node 20, rad
        261    1.402E-01,  6.544E-01,  7.431E-01         F               0         Blade 1 Z orientation angle, node 20, rad
        262    9.833E-01, -4.014E-03, -1.820E-01         F               0         Blade 1 X orientation angle, node 21, rad
        263   -1.161E-01,  7.562E-01, -6.440E-01         F               0         Blade 1 Y orientation angle, node 21, rad
        264    1.402E-01,  6.544E-01,  7.431E-01         F               0         Blade 1 Z orientation angle, node 21, rad
        265    9.829E-01, -1.243E-03, -1.844E-01         F               0         Blade 1 X orientation angle, node 22, rad
        266   -1.197E-01,  7.562E-01, -6.433E-01         F               0         Blade 1 Y orientation angle, node 22, rad
        267    1.402E-01,  6.544E-01,  7.431E-01         F               0         Blade 1 Z orientation angle, node 22, rad
        268    9.825E-01,  1.265E-03, -1.865E-01         F               0         Blade 1 X orientation angle, node 23, rad
        269   -1.230E-01,  7.562E-01, -6.427E-01         F               0         Blade 1 Y orientation angle, node 23, rad
        270    1.402E-01,  6.544E-01,  7.431E-01         F               0         Blade 1 Z orientation angle, node 23, rad
        271    9.821E-01,  3.641E-03, -1.885E-01         F               0         Blade 1 X orientation angle, node 24, rad
        272   -1.261E-01,  7.562E-01, -6.421E-01         F               0         Blade 1 Y orientation angle, node 24, rad
        273    1.402E-01,  6.544E-01,  7.431E-01         F               0         Blade 1 Z orientation angle, node 24, rad
        274    9.817E-01,  5.884E-03, -1.904E-01         F               0         Blade 1 X orientation angle, node 25, rad
        275   -1.290E-01,  7.562E-01, -6.416E-01         F               0         Blade 1 Y orientation angle, node 25, rad
        276    1.402E-01,  6.544E-01,  7.431E-01         F               0         Blade 1 Z orientation angle, node 25, rad
        277    9.813E-01,  7.864E-03, -1.921E-01         F               0         Blade 1 X orientation angle, node 26, rad
        278   -1.316E-01,  7.561E-01, -6.411E-01         F               0         Blade 1 Y orientation angle, node 26, rad
        279    1.402E-01,  6.544E-01,  7.431E-01         F               0         Blade 1 Z orientation angle, node 26, rad
        280    9.810E-01,  9.843E-03, -1.938E-01         F               0         Blade 1 X orientation angle, node 27, rad
        281   -1.341E-01,  7.561E-01, -6.406E-01         F               0         Blade 1 Y orientation angle, node 27, rad
        282    1.402E-01,  6.544E-01,  7.431E-01         F               0         Blade 1 Z orientation angle, node 27, rad
        283    9.808E-01,  1.090E-02, -1.947E-01         F               0         Blade 1 X orientation angle, node 28, rad
        284   -1.355E-01,  7.561E-01, -6.403E-01         F               0         Blade 1 Y orientation angle, node 28, rad
        285    1.402E-01,  6.544E-01,  7.431E-01         F               0         Blade 1 Z orientation angle, node 28, rad
        286    5.211E-01                                 F               0         Blade 1 X translation velocity, node 1, m/s
        287   -2.931E+00                                 F               0         Blade 1 Y translation velocity, node 1, m/s
        288    2.513E+00                                 F               0         Blade 1 Z translation velocity, node 1, m/s
        289    6.479E-01                                 F               0         Blade 1 X translation velocity, node 2, m/s
        290   -3.645E+00                                 F               0         Blade 1 Y translation velocity, node 2, m/s
        291    3.117E+00                                 F               0         Blade 1 Z translation velocity, node 2, m/s
        292    2.372E+00                                 F               0         Blade 1 X translation velocity, node 3, m/s
        293   -1.335E+01                                 F               0         Blade 1 Y translation velocity, node 3, m/s
        294    1.134E+01                                 F               0         Blade 1 Z translation velocity, node 3, m/s
        295    2.740E+00                                 F               0         Blade 1 X translation velocity, node 4, m/s
        296   -1.542E+01                                 F               0         Blade 1 Y translation velocity, node 4, m/s
        297    1.309E+01                                 F               0         Blade 1 Z translation velocity, node 4, m/s
        298    3.107E+00                                 F               0         Blade 1 X translation velocity, node 5, m/s
        299   -1.749E+01                                 F               0         Blade 1 Y translation velocity, node 5, m/s
        300    1.485E+01                                 F               0         Blade 1 Z translation velocity, node 5, m/s
        301    3.474E+00                                 F               0         Blade 1 X translation velocity, node 6, m/s
        302   -1.956E+01                                 F               0         Blade 1 Y translation velocity, node 6, m/s
        303    1.660E+01                                 F               0         Blade 1 Z translation velocity, node 6, m/s
        304    3.842E+00                                 F               0         Blade 1 X translation velocity, node 7, m/s
        305   -2.163E+01                                 F               0         Blade 1 Y translation velocity, node 7, m/s
        306    1.835E+01                                 F               0         Blade 1 Z translation velocity, node 7, m/s
        307    4.209E+00                                 F               0         Blade 1 X translation velocity, node 8, m/s
