
Linearized model: Predictions were generated on 12-Jan-2024 at 08:43:17 using OpenFAST, compiled as a 64-bit application using single precision at commit v3.5.1
 linked with  NWTC Subroutine Library; ElastoDyn; InflowWind; AeroDyn; ServoDyn; HydroDyn; MAP++ (<1.20.10>, <Oct-20-2023>)

Description from the FAST input file: CCT-9 Campign 4 model. Input files to be run with OpenFAST 3.5.0. GitHub branch from Lu Wang (https://github.com/luwang00/openfast/tree/dev) compiled on March 7, 2023.

Simulation information:
   Simulation time:                   504.7000 s
   Rotor Speed:                         0.7074 rad/s
   Azimuth:                             0.4591 rad
   Wind Speed:                          8.0000 m/s
   Number of continuous states:         0
   Number of discrete states:           0
   Number of constraint states:         0
   Number of inputs:                 1746
   Number of outputs:                   4
   Jacobians included in this file?    No

Order of inputs:
     Column   Operating Point                     Rotating Frame? Derivative Order Description
   ---------- ---------------                     --------------- ---------------- -----------
          1    7.325E+00                                 F               0         Tower X translation displacement, node 1, m
          2   -1.316E+00                                 F               0         Tower Y translation displacement, node 1, m
          3   -1.986E-01                                 F               0         Tower Z translation displacement, node 1, m
          4    8.385E+00                                 F               0         Tower X translation displacement, node 2, m
          5   -1.887E+00                                 F               0         Tower Y translation displacement, node 2, m
          6   -2.575E-01                                 F               0         Tower Z translation displacement, node 2, m
          7    9.461E+00                                 F               0         Tower X translation displacement, node 3, m
          8   -2.464E+00                                 F               0         Tower Y translation displacement, node 3, m
          9   -3.179E-01                                 F               0         Tower Z translation displacement, node 3, m
         10    1.055E+01                                 F               0         Tower X translation displacement, node 4, m
         11   -3.046E+00                                 F               0         Tower Y translation displacement, node 4, m
         12   -3.796E-01                                 F               0         Tower Z translation displacement, node 4, m
         13    1.165E+01                                 F               0         Tower X translation displacement, node 5, m
         14   -3.631E+00                                 F               0         Tower Y translation displacement, node 5, m
         15   -4.424E-01                                 F               0         Tower Z translation displacement, node 5, m
         16    1.275E+01                                 F               0         Tower X translation displacement, node 6, m
         17   -4.219E+00                                 F               0         Tower Y translation displacement, node 6, m
         18   -5.059E-01                                 F               0         Tower Z translation displacement, node 6, m
         19    1.386E+01                                 F               0         Tower X translation displacement, node 7, m
         20   -4.810E+00                                 F               0         Tower Y translation displacement, node 7, m
         21   -5.700E-01                                 F               0         Tower Z translation displacement, node 7, m
         22    1.497E+01                                 F               0         Tower X translation displacement, node 8, m
         23   -5.403E+00                                 F               0         Tower Y translation displacement, node 8, m
         24   -6.346E-01                                 F               0         Tower Z translation displacement, node 8, m
         25    1.609E+01                                 F               0         Tower X translation displacement, node 9, m
         26   -5.997E+00                                 F               0         Tower Y translation displacement, node 9, m
         27   -6.995E-01                                 F               0         Tower Z translation displacement, node 9, m
         28    1.721E+01                                 F               0         Tower X translation displacement, node 10, m
         29   -6.593E+00                                 F               0         Tower Y translation displacement, node 10, m
         30   -7.646E-01                                 F               0         Tower Z translation displacement, node 10, m
         31    1.833E+01                                 F               0         Tower X translation displacement, node 11, m
         32   -7.189E+00                                 F               0         Tower Y translation displacement, node 11, m
         33   -8.299E-01                                 F               0         Tower Z translation displacement, node 11, m
         34    9.964E-01,  4.728E-03, -8.514E-02         F               0         Tower X orientation angle, node 1, rad
         35   -7.825E-04,  9.989E-01,  4.632E-02         F               0         Tower Y orientation angle, node 1, rad
         36    8.526E-02, -4.609E-02,  9.953E-01         F               0         Tower Z orientation angle, node 1, rad
         37    9.963E-01,  4.785E-03, -8.635E-02         F               0         Tower X orientation angle, node 2, rad
         38   -7.462E-04,  9.989E-01,  4.674E-02         F               0         Tower Y orientation angle, node 2, rad
         39    8.648E-02, -4.650E-02,  9.952E-01         F               0         Tower Z orientation angle, node 2, rad
         40    9.962E-01,  4.834E-03, -8.741E-02         F               0         Tower X orientation angle, node 3, rad
         41   -7.131E-04,  9.989E-01,  4.712E-02         F               0         Tower Y orientation angle, node 3, rad
         42    8.754E-02, -4.688E-02,  9.951E-01         F               0         Tower Z orientation angle, node 3, rad
         43    9.961E-01,  4.875E-03, -8.827E-02         F               0         Tower X orientation angle, node 4, rad
         44   -6.840E-04,  9.989E-01,  4.745E-02         F               0         Tower Y orientation angle, node 4, rad
         45    8.840E-02, -4.720E-02,  9.950E-01         F               0         Tower Z orientation angle, node 4, rad
         46    9.960E-01,  4.908E-03, -8.896E-02         F               0         Tower X orientation angle, node 5, rad
         47   -6.588E-04,  9.989E-01,  4.773E-02         F               0         Tower Y orientation angle, node 5, rad
         48    8.910E-02, -4.749E-02,  9.949E-01         F               0         Tower Z orientation angle, node 5, rad
         49    9.960E-01,  4.934E-03, -8.949E-02         F               0         Tower X orientation angle, node 6, rad
         50   -6.375E-04,  9.988E-01,  4.797E-02         F               0         Tower Y orientation angle, node 6, rad
         51    8.963E-02, -4.772E-02,  9.948E-01         F               0         Tower Z orientation angle, node 6, rad
         52    9.959E-01,  4.952E-03, -8.987E-02         F               0         Tower X orientation angle, node 7, rad
         53   -6.205E-04,  9.988E-01,  4.816E-02         F               0         Tower Y orientation angle, node 7, rad
         54    9.000E-02, -4.791E-02,  9.948E-01         F               0         Tower Z orientation angle, node 7, rad
         55    9.959E-01,  4.965E-03, -9.013E-02         F               0         Tower X orientation angle, node 8, rad
         56   -6.073E-04,  9.988E-01,  4.831E-02         F               0         Tower Y orientation angle, node 8, rad
         57    9.026E-02, -4.806E-02,  9.948E-01         F               0         Tower Z orientation angle, node 8, rad
         58    9.959E-01,  4.973E-03, -9.029E-02         F               0         Tower X orientation angle, node 9, rad
         59   -5.976E-04,  9.988E-01,  4.842E-02         F               0         Tower Y orientation angle, node 9, rad
         60    9.043E-02, -4.816E-02,  9.947E-01         F               0         Tower Z orientation angle, node 9, rad
         61    9.959E-01,  4.977E-03, -9.039E-02         F               0         Tower X orientation angle, node 10, rad
         62   -5.912E-04,  9.988E-01,  4.849E-02         F               0         Tower Y orientation angle, node 10, rad
         63    9.052E-02, -4.823E-02,  9.947E-01         F               0         Tower Z orientation angle, node 10, rad
         64    9.959E-01,  4.979E-03, -9.043E-02         F               0         Tower X orientation angle, node 11, rad
         65   -5.877E-04,  9.988E-01,  4.853E-02         F               0         Tower Y orientation angle, node 11, rad
         66    9.056E-02, -4.827E-02,  9.947E-01         F               0         Tower Z orientation angle, node 11, rad
         67   -4.994E-03                                 F               0         Tower X translation velocity, node 1, m/s
         68    6.792E-03                                 F               0         Tower Y translation velocity, node 1, m/s
         69    2.661E-03                                 F               0         Tower Z translation velocity, node 1, m/s
         70   -4.948E-03                                 F               0         Tower X translation velocity, node 2, m/s
         71    1.022E-02                                 F               0         Tower Y translation velocity, node 2, m/s
         72    2.816E-03                                 F               0         Tower Z translation velocity, node 2, m/s
         73   -4.910E-03                                 F               0         Tower X translation velocity, node 3, m/s
         74    1.369E-02                                 F               0         Tower Y translation velocity, node 3, m/s
         75    2.976E-03                                 F               0         Tower Z translation velocity, node 3, m/s
         76   -4.879E-03                                 F               0         Tower X translation velocity, node 4, m/s
         77    1.720E-02                                 F               0         Tower Y translation velocity, node 4, m/s
         78    3.139E-03                                 F               0         Tower Z translation velocity, node 4, m/s
         79   -4.855E-03                                 F               0         Tower X translation velocity, node 5, m/s
         80    2.074E-02                                 F               0         Tower Y translation velocity, node 5, m/s
         81    3.305E-03                                 F               0         Tower Z translation velocity, node 5, m/s
         82   -4.836E-03                                 F               0         Tower X translation velocity, node 6, m/s
         83    2.431E-02                                 F               0         Tower Y translation velocity, node 6, m/s
         84    3.474E-03                                 F               0         Tower Z translation velocity, node 6, m/s
         85   -4.822E-03                                 F               0         Tower X translation velocity, node 7, m/s
         86    2.790E-02                                 F               0         Tower Y translation velocity, node 7, m/s
         87    3.645E-03                                 F               0         Tower Z translation velocity, node 7, m/s
         88   -4.812E-03                                 F               0         Tower X translation velocity, node 8, m/s
         89    3.150E-02                                 F               0         Tower Y translation velocity, node 8, m/s
         90    3.818E-03                                 F               0         Tower Z translation velocity, node 8, m/s
         91   -4.806E-03                                 F               0         Tower X translation velocity, node 9, m/s
         92    3.511E-02                                 F               0         Tower Y translation velocity, node 9, m/s
         93    3.993E-03                                 F               0         Tower Z translation velocity, node 9, m/s
         94   -4.802E-03                                 F               0         Tower X translation velocity, node 10, m/s
         95    3.874E-02                                 F               0         Tower Y translation velocity, node 10, m/s
         96    4.168E-03                                 F               0         Tower Z translation velocity, node 10, m/s
         97   -4.800E-03                                 F               0         Tower X translation velocity, node 11, m/s
         98    4.236E-02                                 F               0         Tower Y translation velocity, node 11, m/s
         99    4.344E-03                                 F               0         Tower Z translation velocity, node 11, m/s
        100    1.908E+01                                 F               0         Hub X translation displacement, node 1, m
        101   -7.622E+00                                 F               0         Hub Y translation displacement, node 1, m
        102    1.054E-01                                 F               0         Hub Z translation displacement, node 1, m
        103    9.810E-01,  9.998E-03, -1.939E-01         F               0         Hub X orientation angle, node 1, rad
        104    8.551E-02,  8.744E-01,  4.777E-01         F               0         Hub Y orientation angle, node 1, rad
        105    1.743E-01, -4.852E-01,  8.569E-01         F               0         Hub Z orientation angle, node 1, rad
        106    6.937E-01                                 F               0         Hub X rotation velocity, node 1, rad/s
        107    7.070E-03                                 F               0         Hub Y rotation velocity, node 1, rad/s
        108   -1.371E-01                                 F               0         Hub Z rotation velocity, node 1, rad/s
        109    9.780E-01, -1.595E-02, -2.080E-01         F               0         Blade root 1 X orientation angle, node 1, rad
        110    1.146E-01,  8.743E-01,  4.717E-01         F               0         Blade root 1 Y orientation angle, node 1, rad
        111    1.743E-01, -4.852E-01,  8.569E-01         F               0         Blade root 1 Z orientation angle, node 1, rad
        112    9.773E-01,  3.543E-02, -2.088E-01         F               0         Blade root 2 X orientation angle, node 1, rad
        113    1.373E-01, -8.567E-01,  4.973E-01         F               0         Blade root 2 Y orientation angle, node 1, rad
        114   -1.612E-01, -5.146E-01, -8.421E-01         F               0         Blade root 2 Z orientation angle, node 1, rad
        115    9.863E-01,  1.050E-02, -1.647E-01         F               0         Blade root 3 X orientation angle, node 1, rad
        116   -1.645E-01, -1.670E-02, -9.862E-01         F               0         Blade root 3 Y orientation angle, node 1, rad
        117   -1.310E-02,  9.998E-01, -1.475E-02         F               0         Blade root 3 Z orientation angle, node 1, rad
        118    1.947E+01                                 F               0         Blade 1 X translation displacement, node 1, m
        119   -1.031E+01                                 F               0         Blade 1 Y translation displacement, node 1, m
        120   -6.573E-01                                 F               0         Blade 1 Z translation displacement, node 1, m
        121    1.956E+01                                 F               0         Blade 1 X translation displacement, node 2, m
        122   -1.096E+01                                 F               0         Blade 1 Y translation displacement, node 2, m
        123   -8.410E-01                                 F               0         Blade 1 Z translation displacement, node 2, m
        124    2.083E+01                                 F               0         Blade 1 X translation displacement, node 3, m
        125   -1.976E+01                                 F               0         Blade 1 Y translation displacement, node 3, m
        126   -3.340E+00                                 F               0         Blade 1 Z translation displacement, node 3, m
        127    2.110E+01                                 F               0         Blade 1 X translation displacement, node 4, m
        128   -2.164E+01                                 F               0         Blade 1 Y translation displacement, node 4, m
        129   -3.872E+00                                 F               0         Blade 1 Z translation displacement, node 4, m
        130    2.137E+01                                 F               0         Blade 1 X translation displacement, node 5, m
        131   -2.352E+01                                 F               0         Blade 1 Y translation displacement, node 5, m
        132   -4.405E+00                                 F               0         Blade 1 Z translation displacement, node 5, m
        133    2.164E+01                                 F               0         Blade 1 X translation displacement, node 6, m
        134   -2.539E+01                                 F               0         Blade 1 Y translation displacement, node 6, m
        135   -4.937E+00                                 F               0         Blade 1 Z translation displacement, node 6, m
        136    2.191E+01                                 F               0         Blade 1 X translation displacement, node 7, m
        137   -2.727E+01                                 F               0         Blade 1 Y translation displacement, node 7, m
        138   -5.469E+00                                 F               0         Blade 1 Z translation displacement, node 7, m
        139    2.218E+01                                 F               0         Blade 1 X translation displacement, node 8, m
        140   -2.915E+01                                 F               0         Blade 1 Y translation displacement, node 8, m
        141   -6.002E+00                                 F               0         Blade 1 Z translation displacement, node 8, m
        142    2.245E+01                                 F               0         Blade 1 X translation displacement, node 9, m
        143   -3.102E+01                                 F               0         Blade 1 Y translation displacement, node 9, m
        144   -6.534E+00                                 F               0         Blade 1 Z translation displacement, node 9, m
        145    2.272E+01                                 F               0         Blade 1 X translation displacement, node 10, m
        146   -3.290E+01                                 F               0         Blade 1 Y translation displacement, node 10, m
        147   -7.067E+00                                 F               0         Blade 1 Z translation displacement, node 10, m
        148    2.299E+01                                 F               0         Blade 1 X translation displacement, node 11, m
        149   -3.478E+01                                 F               0         Blade 1 Y translation displacement, node 11, m
        150   -7.599E+00                                 F               0         Blade 1 Z translation displacement, node 11, m
        151    2.326E+01                                 F               0         Blade 1 X translation displacement, node 12, m
        152   -3.665E+01                                 F               0         Blade 1 Y translation displacement, node 12, m
        153   -8.132E+00                                 F               0         Blade 1 Z translation displacement, node 12, m
        154    2.353E+01                                 F               0         Blade 1 X translation displacement, node 13, m
        155   -3.853E+01                                 F               0         Blade 1 Y translation displacement, node 13, m
        156   -8.664E+00                                 F               0         Blade 1 Z translation displacement, node 13, m
        157    2.380E+01                                 F               0         Blade 1 X translation displacement, node 14, m
        158   -4.041E+01                                 F               0         Blade 1 Y translation displacement, node 14, m
        159   -9.196E+00                                 F               0         Blade 1 Z translation displacement, node 14, m
        160    2.407E+01                                 F               0         Blade 1 X translation displacement, node 15, m
        161   -4.228E+01                                 F               0         Blade 1 Y translation displacement, node 15, m
        162   -9.729E+00                                 F               0         Blade 1 Z translation displacement, node 15, m
        163    2.434E+01                                 F               0         Blade 1 X translation displacement, node 16, m
        164   -4.416E+01                                 F               0         Blade 1 Y translation displacement, node 16, m
        165   -1.026E+01                                 F               0         Blade 1 Z translation displacement, node 16, m
        166    2.461E+01                                 F               0         Blade 1 X translation displacement, node 17, m
        167   -4.604E+01                                 F               0         Blade 1 Y translation displacement, node 17, m
        168   -1.079E+01                                 F               0         Blade 1 Z translation displacement, node 17, m
        169    2.488E+01                                 F               0         Blade 1 X translation displacement, node 18, m
        170   -4.791E+01                                 F               0         Blade 1 Y translation displacement, node 18, m
        171   -1.133E+01                                 F               0         Blade 1 Z translation displacement, node 18, m
        172    2.515E+01                                 F               0         Blade 1 X translation displacement, node 19, m
        173   -4.979E+01                                 F               0         Blade 1 Y translation displacement, node 19, m
        174   -1.186E+01                                 F               0         Blade 1 Z translation displacement, node 19, m
        175    2.542E+01                                 F               0         Blade 1 X translation displacement, node 20, m
        176   -5.166E+01                                 F               0         Blade 1 Y translation displacement, node 20, m
        177   -1.239E+01                                 F               0         Blade 1 Z translation displacement, node 20, m
        178    2.569E+01                                 F               0         Blade 1 X translation displacement, node 21, m
        179   -5.354E+01                                 F               0         Blade 1 Y translation displacement, node 21, m
        180   -1.292E+01                                 F               0         Blade 1 Z translation displacement, node 21, m
        181    2.596E+01                                 F               0         Blade 1 X translation displacement, node 22, m
        182   -5.542E+01                                 F               0         Blade 1 Y translation displacement, node 22, m
        183   -1.346E+01                                 F               0         Blade 1 Z translation displacement, node 22, m
        184    2.623E+01                                 F               0         Blade 1 X translation displacement, node 23, m
        185   -5.729E+01                                 F               0         Blade 1 Y translation displacement, node 23, m
        186   -1.399E+01                                 F               0         Blade 1 Z translation displacement, node 23, m
        187    2.650E+01                                 F               0         Blade 1 X translation displacement, node 24, m
        188   -5.917E+01                                 F               0         Blade 1 Y translation displacement, node 24, m
        189   -1.452E+01                                 F               0         Blade 1 Z translation displacement, node 24, m
        190    2.677E+01                                 F               0         Blade 1 X translation displacement, node 25, m
        191   -6.105E+01                                 F               0         Blade 1 Y translation displacement, node 25, m
        192   -1.505E+01                                 F               0         Blade 1 Z translation displacement, node 25, m
        193    2.704E+01                                 F               0         Blade 1 X translation displacement, node 26, m
        194   -6.292E+01                                 F               0         Blade 1 Y translation displacement, node 26, m
        195   -1.559E+01                                 F               0         Blade 1 Z translation displacement, node 26, m
        196    2.731E+01                                 F               0         Blade 1 X translation displacement, node 27, m
        197   -6.480E+01                                 F               0         Blade 1 Y translation displacement, node 27, m
        198   -1.612E+01                                 F               0         Blade 1 Z translation displacement, node 27, m
        199    2.754E+01                                 F               0         Blade 1 X translation displacement, node 28, m
        200   -6.639E+01                                 F               0         Blade 1 Y translation displacement, node 28, m
        201   -1.657E+01                                 F               0         Blade 1 Z translation displacement, node 28, m
        202    8.181E-01, -4.129E-01, -4.002E-01         F               0         Blade 1 X orientation angle, node 1, rad
        203    5.479E-01,  7.708E-01,  3.250E-01         F               0         Blade 1 Y orientation angle, node 1, rad
        204    1.743E-01, -4.852E-01,  8.569E-01         F               0         Blade 1 Z orientation angle, node 1, rad
        205    8.181E-01, -4.129E-01, -4.002E-01         F               0         Blade 1 X orientation angle, node 2, rad
        206    5.479E-01,  7.708E-01,  3.250E-01         F               0         Blade 1 Y orientation angle, node 2, rad
        207    1.743E-01, -4.852E-01,  8.569E-01         F               0         Blade 1 Z orientation angle, node 2, rad
        208    9.247E-01, -2.184E-01, -3.118E-01         F               0         Blade 1 X orientation angle, node 3, rad
        209    3.384E-01,  8.467E-01,  4.106E-01         F               0         Blade 1 Y orientation angle, node 3, rad
        210    1.743E-01, -4.852E-01,  8.569E-01         F               0         Blade 1 Z orientation angle, node 3, rad
        211    9.382E-01, -1.825E-01, -2.942E-01         F               0         Blade 1 X orientation angle, node 4, rad
        212    2.991E-01,  8.552E-01,  4.234E-01         F               0         Blade 1 Y orientation angle, node 4, rad
        213    1.743E-01, -4.852E-01,  8.569E-01         F               0         Blade 1 Z orientation angle, node 4, rad
        214    9.476E-01, -1.540E-01, -2.800E-01         F               0         Blade 1 X orientation angle, node 5, rad
        215    2.678E-01,  8.607E-01,  4.329E-01         F               0         Blade 1 Y orientation angle, node 5, rad
        216    1.743E-01, -4.852E-01,  8.569E-01         F               0         Blade 1 Z orientation angle, node 5, rad
        217    9.543E-01, -1.311E-01, -2.684E-01         F               0         Blade 1 X orientation angle, node 6, rad
        218    2.426E-01,  8.645E-01,  4.402E-01         F               0         Blade 1 Y orientation angle, node 6, rad
        219    1.743E-01, -4.852E-01,  8.569E-01         F               0         Blade 1 Z orientation angle, node 6, rad
        220    9.594E-01, -1.122E-01, -2.587E-01         F               0         Blade 1 X orientation angle, node 7, rad
        221    2.217E-01,  8.672E-01,  4.459E-01         F               0         Blade 1 Y orientation angle, node 7, rad
        222    1.743E-01, -4.852E-01,  8.569E-01         F               0         Blade 1 Z orientation angle, node 7, rad
        223    9.633E-01, -9.648E-02, -2.506E-01         F               0         Blade 1 X orientation angle, node 8, rad
        224    2.043E-01,  8.691E-01,  4.505E-01         F               0         Blade 1 Y orientation angle, node 8, rad
        225    1.743E-01, -4.852E-01,  8.569E-01         F               0         Blade 1 Z orientation angle, node 8, rad
        226    9.663E-01, -8.312E-02, -2.436E-01         F               0         Blade 1 X orientation angle, node 9, rad
        227    1.894E-01,  8.705E-01,  4.543E-01         F               0         Blade 1 Y orientation angle, node 9, rad
        228    1.743E-01, -4.852E-01,  8.569E-01         F               0         Blade 1 Z orientation angle, node 9, rad
        229    9.687E-01, -7.157E-02, -2.376E-01         F               0         Blade 1 X orientation angle, node 10, rad
        230    1.766E-01,  8.715E-01,  4.575E-01         F               0         Blade 1 Y orientation angle, node 10, rad
        231    1.743E-01, -4.852E-01,  8.569E-01         F               0         Blade 1 Z orientation angle, node 10, rad
        232    9.707E-01, -6.168E-02, -2.324E-01         F               0         Blade 1 X orientation angle, node 11, rad
        233    1.656E-01,  8.722E-01,  4.602E-01         F               0         Blade 1 Y orientation angle, node 11, rad
        234    1.743E-01, -4.852E-01,  8.569E-01         F               0         Blade 1 Z orientation angle, node 11, rad
        235    9.723E-01, -5.300E-02, -2.278E-01         F               0         Blade 1 X orientation angle, node 12, rad
        236    1.559E-01,  8.728E-01,  4.625E-01         F               0         Blade 1 Y orientation angle, node 12, rad
        237    1.743E-01, -4.852E-01,  8.569E-01         F               0         Blade 1 Z orientation angle, node 12, rad
        238    9.736E-01, -4.538E-02, -2.238E-01         F               0         Blade 1 X orientation angle, node 13, rad
        239    1.474E-01,  8.732E-01,  4.644E-01         F               0         Blade 1 Y orientation angle, node 13, rad
        240    1.743E-01, -4.852E-01,  8.569E-01         F               0         Blade 1 Z orientation angle, node 13, rad
        241    9.747E-01, -3.852E-02, -2.201E-01         F               0         Blade 1 X orientation angle, node 14, rad
        242    1.398E-01,  8.736E-01,  4.662E-01         F               0         Blade 1 Y orientation angle, node 14, rad
        243    1.743E-01, -4.852E-01,  8.569E-01         F               0         Blade 1 Z orientation angle, node 14, rad
        244    9.757E-01, -3.242E-02, -2.168E-01         F               0         Blade 1 X orientation angle, node 15, rad
        245    1.330E-01,  8.738E-01,  4.677E-01         F               0         Blade 1 Y orientation angle, node 15, rad
        246    1.743E-01, -4.852E-01,  8.569E-01         F               0         Blade 1 Z orientation angle, node 15, rad
        247    9.765E-01, -2.693E-02, -2.139E-01         F               0         Blade 1 X orientation angle, node 16, rad
        248    1.269E-01,  8.740E-01,  4.691E-01         F               0         Blade 1 Y orientation angle, node 16, rad
        249    1.743E-01, -4.852E-01,  8.569E-01         F               0         Blade 1 Z orientation angle, node 16, rad
        250    9.772E-01, -2.205E-02, -2.113E-01         F               0         Blade 1 X orientation angle, node 17, rad
        251    1.214E-01,  8.741E-01,  4.703E-01         F               0         Blade 1 Y orientation angle, node 17, rad
        252    1.743E-01, -4.852E-01,  8.569E-01         F               0         Blade 1 Z orientation angle, node 17, rad
        253    9.778E-01, -1.747E-02, -2.088E-01         F               0         Blade 1 X orientation angle, node 18, rad
        254    1.163E-01,  8.742E-01,  4.714E-01         F               0         Blade 1 Y orientation angle, node 18, rad
        255    1.743E-01, -4.852E-01,  8.569E-01         F               0         Blade 1 Z orientation angle, node 18, rad
        256    9.783E-01, -1.335E-02, -2.066E-01         F               0         Blade 1 X orientation angle, node 19, rad
        257    1.117E-01,  8.743E-01,  4.723E-01         F               0         Blade 1 Y orientation angle, node 19, rad
        258    1.743E-01, -4.852E-01,  8.569E-01         F               0         Blade 1 Z orientation angle, node 19, rad
        259    9.788E-01, -9.689E-03, -2.046E-01         F               0         Blade 1 X orientation angle, node 20, rad
        260    1.076E-01,  8.744E-01,  4.732E-01         F               0         Blade 1 Y orientation angle, node 20, rad
        261    1.743E-01, -4.852E-01,  8.569E-01         F               0         Blade 1 Z orientation angle, node 20, rad
        262    9.792E-01, -6.179E-03, -2.027E-01         F               0         Blade 1 X orientation angle, node 21, rad
        263    1.036E-01,  8.744E-01,  4.740E-01         F               0         Blade 1 Y orientation angle, node 21, rad
        264    1.743E-01, -4.852E-01,  8.569E-01         F               0         Blade 1 Z orientation angle, node 21, rad
        265    9.796E-01, -2.974E-03, -2.010E-01         F               0         Blade 1 X orientation angle, node 22, rad
        266    1.001E-01,  8.744E-01,  4.748E-01         F               0         Blade 1 Y orientation angle, node 22, rad
        267    1.743E-01, -4.852E-01,  8.569E-01         F               0         Blade 1 Z orientation angle, node 22, rad
        268    9.799E-01, -7.454E-05, -1.994E-01         F               0         Blade 1 X orientation angle, node 23, rad
        269    9.681E-02,  8.744E-01,  4.754E-01         F               0         Blade 1 Y orientation angle, node 23, rad
        270    1.743E-01, -4.852E-01,  8.569E-01         F               0         Blade 1 Z orientation angle, node 23, rad
        271    9.802E-01,  2.673E-03, -1.979E-01         F               0         Blade 1 X orientation angle, node 24, rad
        272    9.373E-02,  8.744E-01,  4.760E-01         F               0         Blade 1 Y orientation angle, node 24, rad
        273    1.743E-01, -4.852E-01,  8.569E-01         F               0         Blade 1 Z orientation angle, node 24, rad
        274    9.805E-01,  5.267E-03, -1.965E-01         F               0         Blade 1 X orientation angle, node 25, rad
        275    9.082E-02,  8.744E-01,  4.766E-01         F               0         Blade 1 Y orientation angle, node 25, rad
        276    1.743E-01, -4.852E-01,  8.569E-01         F               0         Blade 1 Z orientation angle, node 25, rad
        277    9.807E-01,  7.556E-03, -1.952E-01         F               0         Blade 1 X orientation angle, node 26, rad
        278    8.825E-02,  8.744E-01,  4.771E-01         F               0         Blade 1 Y orientation angle, node 26, rad
        279    1.743E-01, -4.852E-01,  8.569E-01         F               0         Blade 1 Z orientation angle, node 26, rad
        280    9.810E-01,  9.845E-03, -1.940E-01         F               0         Blade 1 X orientation angle, node 27, rad
        281    8.568E-02,  8.744E-01,  4.776E-01         F               0         Blade 1 Y orientation angle, node 27, rad
        282    1.743E-01, -4.852E-01,  8.569E-01         F               0         Blade 1 Z orientation angle, node 27, rad
        283    9.811E-01,  1.107E-02, -1.933E-01         F               0         Blade 1 X orientation angle, node 28, rad
        284    8.431E-02,  8.743E-01,  4.779E-01         F               0         Blade 1 Y orientation angle, node 28, rad
        285    1.743E-01, -4.852E-01,  8.569E-01         F               0         Blade 1 Z orientation angle, node 28, rad
        286   -3.398E-01                                 F               0         Blade 1 X translation velocity, node 1, m/s
        287   -3.381E+00                                 F               0         Blade 1 Y translation velocity, node 1, m/s
        288   -1.867E+00                                 F               0         Blade 1 Z translation velocity, node 1, m/s
        289   -4.205E-01                                 F               0         Blade 1 X translation velocity, node 2, m/s
        290   -4.206E+00                                 F               0         Blade 1 Y translation velocity, node 2, m/s
        291   -2.318E+00                                 F               0         Blade 1 Z translation velocity, node 2, m/s
        292   -1.518E+00                                 F               0         Blade 1 X translation velocity, node 3, m/s
        293   -1.543E+01                                 F               0         Blade 1 Y translation velocity, node 3, m/s
        294   -8.450E+00                                 F               0         Blade 1 Z translation velocity, node 3, m/s
        295   -1.752E+00                                 F               0         Blade 1 X translation velocity, node 4, m/s
        296   -1.782E+01                                 F               0         Blade 1 Y translation velocity, node 4, m/s
        297   -9.756E+00                                 F               0         Blade 1 Z translation velocity, node 4, m/s
        298   -1.986E+00                                 F               0         Blade 1 X translation velocity, node 5, m/s
        299   -2.021E+01                                 F               0         Blade 1 Y translation velocity, node 5, m/s
        300   -1.106E+01                                 F               0         Blade 1 Z translation velocity, node 5, m/s
        301   -2.220E+00                                 F               0         Blade 1 X translation velocity, node 6, m/s
        302   -2.260E+01                                 F               0         Blade 1 Y translation velocity, node 6, m/s
        303   -1.237E+01                                 F               0         Blade 1 Z translation velocity, node 6, m/s
        304   -2.454E+00                                 F               0         Blade 1 X translation velocity, node 7, m/s
        305   -2.500E+01                                 F               0         Blade 1 Y translation velocity, node 7, m/s
        306   -1.368E+01                                 F               0         Blade 1 Z translation velocity, node 7, m/s
        307   -2.688E+00                                 F               0         Blade 1 X translation velocity, node 8, m/s
