
Linearized model: Predictions were generated on 12-Jan-2024 at 08:43:17 using OpenFAST, compiled as a 64-bit application using single precision at commit v3.5.1
 linked with  NWTC Subroutine Library; ElastoDyn; InflowWind; AeroDyn; ServoDyn; HydroDyn; MAP++ (<1.20.10>, <Oct-20-2023>)

Description from the FAST input file: CCT-9 Campign 4 model. Input files to be run with OpenFAST 3.5.0. GitHub branch from Lu Wang (https://github.com/luwang00/openfast/tree/dev) compiled on March 7, 2023.

Simulation information:
   Simulation time:                   501.2500 s
   Rotor Speed:                         0.7076 rad/s
   Azimuth:                             4.3012 rad
   Wind Speed:                          8.0000 m/s
   Number of continuous states:         0
   Number of discrete states:           0
   Number of constraint states:         0
   Number of inputs:                 1746
   Number of outputs:                   4
   Jacobians included in this file?    No

Order of inputs:
     Column   Operating Point                     Rotating Frame? Derivative Order Description
   ---------- ---------------                     --------------- ---------------- -----------
          1    7.342E+00                                 F               0         Tower X translation displacement, node 1, m
          2   -1.334E+00                                 F               0         Tower Y translation displacement, node 1, m
          3   -2.030E-01                                 F               0         Tower Z translation displacement, node 1, m
          4    8.402E+00                                 F               0         Tower X translation displacement, node 2, m
          5   -1.913E+00                                 F               0         Tower Y translation displacement, node 2, m
          6   -2.622E-01                                 F               0         Tower Z translation displacement, node 2, m
          7    9.478E+00                                 F               0         Tower X translation displacement, node 3, m
          8   -2.498E+00                                 F               0         Tower Y translation displacement, node 3, m
          9   -3.230E-01                                 F               0         Tower Z translation displacement, node 3, m
         10    1.057E+01                                 F               0         Tower X translation displacement, node 4, m
         11   -3.088E+00                                 F               0         Tower Y translation displacement, node 4, m
         12   -3.851E-01                                 F               0         Tower Z translation displacement, node 4, m
         13    1.166E+01                                 F               0         Tower X translation displacement, node 5, m
         14   -3.681E+00                                 F               0         Tower Y translation displacement, node 5, m
         15   -4.483E-01                                 F               0         Tower Z translation displacement, node 5, m
         16    1.277E+01                                 F               0         Tower X translation displacement, node 6, m
         17   -4.278E+00                                 F               0         Tower Y translation displacement, node 6, m
         18   -5.122E-01                                 F               0         Tower Z translation displacement, node 6, m
         19    1.388E+01                                 F               0         Tower X translation displacement, node 7, m
         20   -4.877E+00                                 F               0         Tower Y translation displacement, node 7, m
         21   -5.768E-01                                 F               0         Tower Z translation displacement, node 7, m
         22    1.499E+01                                 F               0         Tower X translation displacement, node 8, m
         23   -5.479E+00                                 F               0         Tower Y translation displacement, node 8, m
         24   -6.418E-01                                 F               0         Tower Z translation displacement, node 8, m
         25    1.611E+01                                 F               0         Tower X translation displacement, node 9, m
         26   -6.082E+00                                 F               0         Tower Y translation displacement, node 9, m
         27   -7.071E-01                                 F               0         Tower Z translation displacement, node 9, m
         28    1.723E+01                                 F               0         Tower X translation displacement, node 10, m
         29   -6.686E+00                                 F               0         Tower Y translation displacement, node 10, m
         30   -7.727E-01                                 F               0         Tower Z translation displacement, node 10, m
         31    1.835E+01                                 F               0         Tower X translation displacement, node 11, m
         32   -7.291E+00                                 F               0         Tower Y translation displacement, node 11, m
         33   -8.383E-01                                 F               0         Tower Z translation displacement, node 11, m
         34    9.964E-01,  4.586E-03, -8.515E-02         F               0         Tower X orientation angle, node 1, rad
         35   -5.849E-04,  9.989E-01,  4.695E-02         F               0         Tower Y orientation angle, node 1, rad
         36    8.528E-02, -4.673E-02,  9.953E-01         F               0         Tower Z orientation angle, node 1, rad
         37    9.963E-01,  4.643E-03, -8.637E-02         F               0         Tower X orientation angle, node 2, rad
         38   -5.476E-04,  9.989E-01,  4.738E-02         F               0         Tower Y orientation angle, node 2, rad
         39    8.650E-02, -4.715E-02,  9.951E-01         F               0         Tower Z orientation angle, node 2, rad
         40    9.962E-01,  4.693E-03, -8.742E-02         F               0         Tower X orientation angle, node 3, rad
         41   -5.137E-04,  9.989E-01,  4.777E-02         F               0         Tower Y orientation angle, node 3, rad
         42    8.755E-02, -4.754E-02,  9.950E-01         F               0         Tower Z orientation angle, node 3, rad
         43    9.961E-01,  4.735E-03, -8.829E-02         F               0         Tower X orientation angle, node 4, rad
         44   -4.838E-04,  9.988E-01,  4.811E-02         F               0         Tower Y orientation angle, node 4, rad
         45    8.842E-02, -4.787E-02,  9.949E-01         F               0         Tower Z orientation angle, node 4, rad
         46    9.960E-01,  4.768E-03, -8.898E-02         F               0         Tower X orientation angle, node 5, rad
         47   -4.580E-04,  9.988E-01,  4.840E-02         F               0         Tower Y orientation angle, node 5, rad
         48    8.911E-02, -4.816E-02,  9.949E-01         F               0         Tower Z orientation angle, node 5, rad
         49    9.960E-01,  4.794E-03, -8.951E-02         F               0         Tower X orientation angle, node 6, rad
         50   -4.362E-04,  9.988E-01,  4.864E-02         F               0         Tower Y orientation angle, node 6, rad
         51    8.964E-02, -4.840E-02,  9.948E-01         F               0         Tower Z orientation angle, node 6, rad
         52    9.959E-01,  4.812E-03, -8.989E-02         F               0         Tower X orientation angle, node 7, rad
         53   -4.187E-04,  9.988E-01,  4.883E-02         F               0         Tower Y orientation angle, node 7, rad
         54    9.002E-02, -4.860E-02,  9.948E-01         F               0         Tower Z orientation angle, node 7, rad
         55    9.959E-01,  4.825E-03, -9.015E-02         F               0         Tower X orientation angle, node 8, rad
         56   -4.051E-04,  9.988E-01,  4.898E-02         F               0         Tower Y orientation angle, node 8, rad
         57    9.028E-02, -4.875E-02,  9.947E-01         F               0         Tower Z orientation angle, node 8, rad
         58    9.959E-01,  4.833E-03, -9.031E-02         F               0         Tower X orientation angle, node 9, rad
         59   -3.952E-04,  9.988E-01,  4.910E-02         F               0         Tower Y orientation angle, node 9, rad
         60    9.044E-02, -4.886E-02,  9.947E-01         F               0         Tower Z orientation angle, node 9, rad
         61    9.959E-01,  4.838E-03, -9.040E-02         F               0         Tower X orientation angle, node 10, rad
         62   -3.887E-04,  9.988E-01,  4.917E-02         F               0         Tower Y orientation angle, node 10, rad
         63    9.053E-02, -4.893E-02,  9.947E-01         F               0         Tower Z orientation angle, node 10, rad
         64    9.959E-01,  4.840E-03, -9.044E-02         F               0         Tower X orientation angle, node 11, rad
         65   -3.851E-04,  9.988E-01,  4.921E-02         F               0         Tower Y orientation angle, node 11, rad
         66    9.057E-02, -4.897E-02,  9.947E-01         F               0         Tower Z orientation angle, node 11, rad
         67   -4.299E-03                                 F               0         Tower X translation velocity, node 1, m/s
         68    3.621E-03                                 F               0         Tower Y translation velocity, node 1, m/s
         69   -2.315E-04                                 F               0         Tower Z translation velocity, node 1, m/s
         70   -4.320E-03                                 F               0         Tower X translation velocity, node 2, m/s
         71    4.749E-03                                 F               0         Tower Y translation velocity, node 2, m/s
         72   -1.764E-04                                 F               0         Tower Z translation velocity, node 2, m/s
         73   -4.356E-03                                 F               0         Tower X translation velocity, node 3, m/s
         74    5.908E-03                                 F               0         Tower Y translation velocity, node 3, m/s
         75   -1.181E-04                                 F               0         Tower Z translation velocity, node 3, m/s
         76   -4.404E-03                                 F               0         Tower X translation velocity, node 4, m/s
         77    7.093E-03                                 F               0         Tower Y translation velocity, node 4, m/s
         78   -5.703E-05                                 F               0         Tower Z translation velocity, node 4, m/s
         79   -4.464E-03                                 F               0         Tower X translation velocity, node 5, m/s
         80    8.301E-03                                 F               0         Tower Y translation velocity, node 5, m/s
         81    6.652E-06                                 F               0         Tower Z translation velocity, node 5, m/s
         82   -4.536E-03                                 F               0         Tower X translation velocity, node 6, m/s
         83    9.528E-03                                 F               0         Tower Y translation velocity, node 6, m/s
         84    7.268E-05                                 F               0         Tower Z translation velocity, node 6, m/s
         85   -4.617E-03                                 F               0         Tower X translation velocity, node 7, m/s
         86    1.077E-02                                 F               0         Tower Y translation velocity, node 7, m/s
         87    1.406E-04                                 F               0         Tower Z translation velocity, node 7, m/s
         88   -4.708E-03                                 F               0         Tower X translation velocity, node 8, m/s
         89    1.203E-02                                 F               0         Tower Y translation velocity, node 8, m/s
         90    2.104E-04                                 F               0         Tower Z translation velocity, node 8, m/s
         91   -4.807E-03                                 F               0         Tower X translation velocity, node 9, m/s
         92    1.330E-02                                 F               0         Tower Y translation velocity, node 9, m/s
         93    2.816E-04                                 F               0         Tower Z translation velocity, node 9, m/s
         94   -4.912E-03                                 F               0         Tower X translation velocity, node 10, m/s
         95    1.457E-02                                 F               0         Tower Y translation velocity, node 10, m/s
         96    3.538E-04                                 F               0         Tower Z translation velocity, node 10, m/s
         97   -5.021E-03                                 F               0         Tower X translation velocity, node 11, m/s
         98    1.585E-02                                 F               0         Tower Y translation velocity, node 11, m/s
         99    4.268E-04                                 F               0         Tower Z translation velocity, node 11, m/s
        100    1.910E+01                                 F               0         Hub X translation displacement, node 1, m
        101   -7.728E+00                                 F               0         Hub Y translation displacement, node 1, m
        102    9.678E-02                                 F               0         Hub Z translation displacement, node 1, m
        103    9.810E-01,  9.932E-03, -1.939E-01         F               0         Hub X orientation angle, node 1, rad
        104   -1.778E-01, -3.550E-01, -9.178E-01         F               0         Hub Y orientation angle, node 1, rad
        105   -7.796E-02,  9.348E-01, -3.465E-01         F               0         Hub Z orientation angle, node 1, rad
        106    6.940E-01                                 F               0         Hub X rotation velocity, node 1, rad/s
        107    7.017E-03                                 F               0         Hub Y rotation velocity, node 1, rad/s
        108   -1.372E-01                                 F               0         Hub Z rotation velocity, node 1, rad/s
        109    9.858E-01,  2.046E-02, -1.666E-01         F               0         Blade root 1 X orientation angle, node 1, rad
        110   -1.487E-01, -3.546E-01, -9.231E-01         F               0         Blade root 1 Y orientation angle, node 1, rad
        111   -7.796E-02,  9.348E-01, -3.465E-01         F               0         Blade root 1 Z orientation angle, node 1, rad
        112    9.799E-01, -1.935E-02, -1.985E-01         F               0         Blade root 2 X orientation angle, node 1, rad
        113    5.050E-02,  9.869E-01,  1.530E-01         F               0         Blade root 2 Y orientation angle, node 1, rad
        114    1.930E-01, -1.600E-01,  9.681E-01         F               0         Blade root 2 Z orientation angle, node 1, rad
        115    9.759E-01,  2.868E-02, -2.164E-01         F               0         Blade root 3 X orientation angle, node 1, rad
        116    1.855E-01, -6.315E-01,  7.529E-01         F               0         Blade root 3 Y orientation angle, node 1, rad
        117   -1.150E-01, -7.749E-01, -6.216E-01         F               0         Blade root 3 Z orientation angle, node 1, rad
        118    1.809E+01                                 F               0         Blade 1 X translation displacement, node 1, m
        119   -2.549E+00                                 F               0         Blade 1 Y translation displacement, node 1, m
        120   -7.332E+00                                 F               0         Blade 1 Z translation displacement, node 1, m
        121    1.785E+01                                 F               0         Blade 1 X translation displacement, node 2, m
        122   -1.301E+00                                 F               0         Blade 1 Y translation displacement, node 2, m
        123   -9.123E+00                                 F               0         Blade 1 Z translation displacement, node 2, m
        124    1.453E+01                                 F               0         Blade 1 X translation displacement, node 3, m
        125    1.567E+01                                 F               0         Blade 1 Y translation displacement, node 3, m
        126   -3.347E+01                                 F               0         Blade 1 Z translation displacement, node 3, m
        127    1.383E+01                                 F               0         Blade 1 X translation displacement, node 4, m
        128    1.928E+01                                 F               0         Blade 1 Y translation displacement, node 4, m
        129   -3.865E+01                                 F               0         Blade 1 Z translation displacement, node 4, m
        130    1.312E+01                                 F               0         Blade 1 X translation displacement, node 5, m
        131    2.290E+01                                 F               0         Blade 1 Y translation displacement, node 5, m
        132   -4.384E+01                                 F               0         Blade 1 Z translation displacement, node 5, m
        133    1.242E+01                                 F               0         Blade 1 X translation displacement, node 6, m
        134    2.651E+01                                 F               0         Blade 1 Y translation displacement, node 6, m
        135   -4.903E+01                                 F               0         Blade 1 Z translation displacement, node 6, m
        136    1.171E+01                                 F               0         Blade 1 X translation displacement, node 7, m
        137    3.013E+01                                 F               0         Blade 1 Y translation displacement, node 7, m
        138   -5.421E+01                                 F               0         Blade 1 Z translation displacement, node 7, m
        139    1.100E+01                                 F               0         Blade 1 X translation displacement, node 8, m
        140    3.375E+01                                 F               0         Blade 1 Y translation displacement, node 8, m
        141   -5.940E+01                                 F               0         Blade 1 Z translation displacement, node 8, m
        142    1.030E+01                                 F               0         Blade 1 X translation displacement, node 9, m
        143    3.736E+01                                 F               0         Blade 1 Y translation displacement, node 9, m
        144   -6.459E+01                                 F               0         Blade 1 Z translation displacement, node 9, m
        145    9.593E+00                                 F               0         Blade 1 X translation displacement, node 10, m
        146    4.098E+01                                 F               0         Blade 1 Y translation displacement, node 10, m
        147   -6.977E+01                                 F               0         Blade 1 Z translation displacement, node 10, m
        148    8.887E+00                                 F               0         Blade 1 X translation displacement, node 11, m
        149    4.459E+01                                 F               0         Blade 1 Y translation displacement, node 11, m
        150   -7.496E+01                                 F               0         Blade 1 Z translation displacement, node 11, m
        151    8.181E+00                                 F               0         Blade 1 X translation displacement, node 12, m
        152    4.821E+01                                 F               0         Blade 1 Y translation displacement, node 12, m
        153   -8.015E+01                                 F               0         Blade 1 Z translation displacement, node 12, m
        154    7.475E+00                                 F               0         Blade 1 X translation displacement, node 13, m
        155    5.182E+01                                 F               0         Blade 1 Y translation displacement, node 13, m
        156   -8.533E+01                                 F               0         Blade 1 Z translation displacement, node 13, m
        157    6.769E+00                                 F               0         Blade 1 X translation displacement, node 14, m
        158    5.544E+01                                 F               0         Blade 1 Y translation displacement, node 14, m
        159   -9.052E+01                                 F               0         Blade 1 Z translation displacement, node 14, m
        160    6.063E+00                                 F               0         Blade 1 X translation displacement, node 15, m
        161    5.906E+01                                 F               0         Blade 1 Y translation displacement, node 15, m
        162   -9.571E+01                                 F               0         Blade 1 Z translation displacement, node 15, m
        163    5.358E+00                                 F               0         Blade 1 X translation displacement, node 16, m
        164    6.267E+01                                 F               0         Blade 1 Y translation displacement, node 16, m
        165   -1.009E+02                                 F               0         Blade 1 Z translation displacement, node 16, m
        166    4.652E+00                                 F               0         Blade 1 X translation displacement, node 17, m
        167    6.629E+01                                 F               0         Blade 1 Y translation displacement, node 17, m
        168   -1.061E+02                                 F               0         Blade 1 Z translation displacement, node 17, m
        169    3.946E+00                                 F               0         Blade 1 X translation displacement, node 18, m
        170    6.990E+01                                 F               0         Blade 1 Y translation displacement, node 18, m
        171   -1.113E+02                                 F               0         Blade 1 Z translation displacement, node 18, m
        172    3.240E+00                                 F               0         Blade 1 X translation displacement, node 19, m
        173    7.352E+01                                 F               0         Blade 1 Y translation displacement, node 19, m
        174   -1.165E+02                                 F               0         Blade 1 Z translation displacement, node 19, m
        175    2.535E+00                                 F               0         Blade 1 X translation displacement, node 20, m
        176    7.713E+01                                 F               0         Blade 1 Y translation displacement, node 20, m
        177   -1.216E+02                                 F               0         Blade 1 Z translation displacement, node 20, m
        178    1.829E+00                                 F               0         Blade 1 X translation displacement, node 21, m
        179    8.075E+01                                 F               0         Blade 1 Y translation displacement, node 21, m
        180   -1.268E+02                                 F               0         Blade 1 Z translation displacement, node 21, m
        181    1.123E+00                                 F               0         Blade 1 X translation displacement, node 22, m
        182    8.436E+01                                 F               0         Blade 1 Y translation displacement, node 22, m
        183   -1.320E+02                                 F               0         Blade 1 Z translation displacement, node 22, m
        184    4.171E-01                                 F               0         Blade 1 X translation displacement, node 23, m
        185    8.798E+01                                 F               0         Blade 1 Y translation displacement, node 23, m
        186   -1.372E+02                                 F               0         Blade 1 Z translation displacement, node 23, m
        187   -2.887E-01                                 F               0         Blade 1 X translation displacement, node 24, m
        188    9.159E+01                                 F               0         Blade 1 Y translation displacement, node 24, m
        189   -1.424E+02                                 F               0         Blade 1 Z translation displacement, node 24, m
        190   -9.945E-01                                 F               0         Blade 1 X translation displacement, node 25, m
        191    9.521E+01                                 F               0         Blade 1 Y translation displacement, node 25, m
        192   -1.476E+02                                 F               0         Blade 1 Z translation displacement, node 25, m
        193   -1.700E+00                                 F               0         Blade 1 X translation displacement, node 26, m
        194    9.883E+01                                 F               0         Blade 1 Y translation displacement, node 26, m
        195   -1.528E+02                                 F               0         Blade 1 Z translation displacement, node 26, m
        196   -2.406E+00                                 F               0         Blade 1 X translation displacement, node 27, m
        197    1.024E+02                                 F               0         Blade 1 Y translation displacement, node 27, m
        198   -1.579E+02                                 F               0         Blade 1 Z translation displacement, node 27, m
        199   -3.004E+00                                 F               0         Blade 1 X translation displacement, node 28, m
        200    1.055E+02                                 F               0         Blade 1 Y translation displacement, node 28, m
        201   -1.623E+02                                 F               0         Blade 1 Z translation displacement, node 28, m
        202    9.451E-01,  1.799E-01,  2.727E-01         F               0         Blade 1 X orientation angle, node 1, rad
        203    3.172E-01, -3.062E-01, -8.975E-01         F               0         Blade 1 Y orientation angle, node 1, rad
        204   -7.796E-02,  9.348E-01, -3.465E-01         F               0         Blade 1 Z orientation angle, node 1, rad
        205    9.451E-01,  1.799E-01,  2.727E-01         F               0         Blade 1 X orientation angle, node 2, rad
        206    3.172E-01, -3.062E-01, -8.975E-01         F               0         Blade 1 Y orientation angle, node 2, rad
        207   -7.796E-02,  9.348E-01, -3.465E-01         F               0         Blade 1 Z orientation angle, node 2, rad
        208    9.934E-01,  1.022E-01,  5.219E-02         F               0         Blade 1 X orientation angle, node 3, rad
        209    8.420E-02, -3.401E-01, -9.366E-01         F               0         Blade 1 Y orientation angle, node 3, rad
        210   -7.796E-02,  9.348E-01, -3.465E-01         F               0         Blade 1 Z orientation angle, node 3, rad
        211    9.961E-01,  8.774E-02,  1.260E-02         F               0         Blade 1 X orientation angle, node 4, rad
        212    4.218E-02, -3.441E-01, -9.380E-01         F               0         Blade 1 Y orientation angle, node 4, rad
        213   -7.796E-02,  9.348E-01, -3.465E-01         F               0         Blade 1 Z orientation angle, node 4, rad
        214    9.969E-01,  7.628E-02, -1.851E-02         F               0         Blade 1 X orientation angle, node 5, rad
        215    9.128E-03, -3.469E-01, -9.379E-01         F               0         Blade 1 Y orientation angle, node 5, rad
        216   -7.796E-02,  9.348E-01, -3.465E-01         F               0         Blade 1 Z orientation angle, node 5, rad
        217    9.968E-01,  6.705E-02, -4.338E-02         F               0         Blade 1 X orientation angle, node 6, rad
        218   -1.732E-02, -3.488E-01, -9.371E-01         F               0         Blade 1 Y orientation angle, node 6, rad
        219   -7.796E-02,  9.348E-01, -3.465E-01         F               0         Blade 1 Z orientation angle, node 6, rad
        220    9.962E-01,  5.943E-02, -6.381E-02         F               0         Blade 1 X orientation angle, node 7, rad
        221   -3.906E-02, -3.501E-01, -9.359E-01         F               0         Blade 1 Y orientation angle, node 7, rad
        222   -7.796E-02,  9.348E-01, -3.465E-01         F               0         Blade 1 Z orientation angle, node 7, rad
        223    9.953E-01,  5.306E-02, -8.079E-02         F               0         Blade 1 X orientation angle, node 8, rad
        224   -5.714E-02, -3.512E-01, -9.346E-01         F               0         Blade 1 Y orientation angle, node 8, rad
        225   -7.796E-02,  9.348E-01, -3.465E-01         F               0         Blade 1 Z orientation angle, node 8, rad
        226    9.943E-01,  4.766E-02, -9.513E-02         F               0         Blade 1 X orientation angle, node 9, rad
        227   -7.242E-02, -3.519E-01, -9.332E-01         F               0         Blade 1 Y orientation angle, node 9, rad
        228   -7.796E-02,  9.348E-01, -3.465E-01         F               0         Blade 1 Z orientation angle, node 9, rad
        229    9.933E-01,  4.299E-02, -1.075E-01         F               0         Blade 1 X orientation angle, node 10, rad
        230   -8.560E-02, -3.525E-01, -9.319E-01         F               0         Blade 1 Y orientation angle, node 10, rad
        231   -7.796E-02,  9.348E-01, -3.465E-01         F               0         Blade 1 Z orientation angle, node 10, rad
        232    9.922E-01,  3.899E-02, -1.181E-01         F               0         Blade 1 X orientation angle, node 11, rad
        233   -9.686E-02, -3.530E-01, -9.306E-01         F               0         Blade 1 Y orientation angle, node 11, rad
        234   -7.796E-02,  9.348E-01, -3.465E-01         F               0         Blade 1 Z orientation angle, node 11, rad
        235    9.912E-01,  3.547E-02, -1.273E-01         F               0         Blade 1 X orientation angle, node 12, rad
        236   -1.067E-01, -3.534E-01, -9.294E-01         F               0         Blade 1 Y orientation angle, node 12, rad
        237   -7.796E-02,  9.348E-01, -3.465E-01         F               0         Blade 1 Z orientation angle, node 12, rad
        238    9.903E-01,  3.239E-02, -1.354E-01         F               0         Blade 1 X orientation angle, node 13, rad
        239   -1.154E-01, -3.537E-01, -9.282E-01         F               0         Blade 1 Y orientation angle, node 13, rad
        240   -7.796E-02,  9.348E-01, -3.465E-01         F               0         Blade 1 Z orientation angle, node 13, rad
        241    9.893E-01,  2.961E-02, -1.427E-01         F               0         Blade 1 X orientation angle, node 14, rad
        242   -1.231E-01, -3.539E-01, -9.271E-01         F               0         Blade 1 Y orientation angle, node 14, rad
        243   -7.796E-02,  9.348E-01, -3.465E-01         F               0         Blade 1 Z orientation angle, node 14, rad
        244    9.884E-01,  2.714E-02, -1.492E-01         F               0         Blade 1 X orientation angle, node 15, rad
        245   -1.300E-01, -3.541E-01, -9.261E-01         F               0         Blade 1 Y orientation angle, node 15, rad
        246   -7.796E-02,  9.348E-01, -3.465E-01         F               0         Blade 1 Z orientation angle, node 15, rad
        247    9.876E-01,  2.491E-02, -1.550E-01         F               0         Blade 1 X orientation angle, node 16, rad
        248   -1.363E-01, -3.543E-01, -9.252E-01         F               0         Blade 1 Y orientation angle, node 16, rad
        249   -7.796E-02,  9.348E-01, -3.465E-01         F               0         Blade 1 Z orientation angle, node 16, rad
        250    9.868E-01,  2.293E-02, -1.602E-01         F               0         Blade 1 X orientation angle, node 17, rad
        251   -1.418E-01, -3.544E-01, -9.243E-01         F               0         Blade 1 Y orientation angle, node 17, rad
        252   -7.796E-02,  9.348E-01, -3.465E-01         F               0         Blade 1 Z orientation angle, node 17, rad
        253    9.861E-01,  2.108E-02, -1.650E-01         F               0         Blade 1 X orientation angle, node 18, rad
        254   -1.469E-01, -3.545E-01, -9.234E-01         F               0         Blade 1 Y orientation angle, node 18, rad
        255   -7.796E-02,  9.348E-01, -3.465E-01         F               0         Blade 1 Z orientation angle, node 18, rad
        256    9.854E-01,  1.941E-02, -1.693E-01         F               0         Blade 1 X orientation angle, node 19, rad
        257   -1.516E-01, -3.546E-01, -9.226E-01         F               0         Blade 1 Y orientation angle, node 19, rad
        258   -7.796E-02,  9.348E-01, -3.465E-01         F               0         Blade 1 Z orientation angle, node 19, rad
        259    9.847E-01,  1.792E-02, -1.732E-01         F               0         Blade 1 X orientation angle, node 20, rad
        260   -1.557E-01, -3.547E-01, -9.219E-01         F               0         Blade 1 Y orientation angle, node 20, rad
        261   -7.796E-02,  9.348E-01, -3.465E-01         F               0         Blade 1 Z orientation angle, node 20, rad
        262    9.841E-01,  1.650E-02, -1.769E-01         F               0         Blade 1 X orientation angle, node 21, rad
        263   -1.597E-01, -3.548E-01, -9.212E-01         F               0         Blade 1 Y orientation angle, node 21, rad
        264   -7.796E-02,  9.348E-01, -3.465E-01         F               0         Blade 1 Z orientation angle, node 21, rad
        265    9.835E-01,  1.520E-02, -1.803E-01         F               0         Blade 1 X orientation angle, node 22, rad
        266   -1.633E-01, -3.548E-01, -9.206E-01         F               0         Blade 1 Y orientation angle, node 22, rad
        267   -7.796E-02,  9.348E-01, -3.465E-01         F               0         Blade 1 Z orientation angle, node 22, rad
        268    9.830E-01,  1.402E-02, -1.833E-01         F               0         Blade 1 X orientation angle, node 23, rad
        269   -1.665E-01, -3.549E-01, -9.200E-01         F               0         Blade 1 Y orientation angle, node 23, rad
        270   -7.796E-02,  9.348E-01, -3.465E-01         F               0         Blade 1 Z orientation angle, node 23, rad
        271    9.824E-01,  1.291E-02, -1.862E-01         F               0         Blade 1 X orientation angle, node 24, rad
        272   -1.696E-01, -3.549E-01, -9.194E-01         F               0         Blade 1 Y orientation angle, node 24, rad
        273   -7.796E-02,  9.348E-01, -3.465E-01         F               0         Blade 1 Z orientation angle, node 24, rad
        274    9.819E-01,  1.185E-02, -1.890E-01         F               0         Blade 1 X orientation angle, node 25, rad
        275   -1.725E-01, -3.550E-01, -9.188E-01         F               0         Blade 1 Y orientation angle, node 25, rad
        276   -7.796E-02,  9.348E-01, -3.465E-01         F               0         Blade 1 Z orientation angle, node 25, rad
        277    9.815E-01,  1.092E-02, -1.914E-01         F               0         Blade 1 X orientation angle, node 26, rad
        278   -1.751E-01, -3.550E-01, -9.183E-01         F               0         Blade 1 Y orientation angle, node 26, rad
        279   -7.796E-02,  9.348E-01, -3.465E-01         F               0         Blade 1 Z orientation angle, node 26, rad
        280    9.810E-01,  9.994E-03, -1.938E-01         F               0         Blade 1 X orientation angle, node 27, rad
        281   -1.777E-01, -3.550E-01, -9.178E-01         F               0         Blade 1 Y orientation angle, node 27, rad
        282   -7.796E-02,  9.348E-01, -3.465E-01         F               0         Blade 1 Z orientation angle, node 27, rad
        283    9.807E-01,  9.499E-03, -1.950E-01         F               0         Blade 1 X orientation angle, node 28, rad
        284   -1.790E-01, -3.550E-01, -9.176E-01         F               0         Blade 1 Y orientation angle, node 28, rad
        285   -7.796E-02,  9.348E-01, -3.465E-01         F               0         Blade 1 Z orientation angle, node 28, rad
        286    6.918E-01                                 F               0         Blade 1 X translation velocity, node 1, m/s
        287    1.408E+00                                 F               0         Blade 1 Y translation velocity, node 1, m/s
        288    3.598E+00                                 F               0         Blade 1 Z translation velocity, node 1, m/s
        289    8.598E-01                                 F               0         Blade 1 X translation velocity, node 2, m/s
        290    1.743E+00                                 F               0         Blade 1 Y translation velocity, node 2, m/s
        291    4.465E+00                                 F               0         Blade 1 Z translation velocity, node 2, m/s
        292    3.143E+00                                 F               0         Blade 1 X translation velocity, node 3, m/s
        293    6.302E+00                                 F               0         Blade 1 Y translation velocity, node 3, m/s
        294    1.625E+01                                 F               0         Blade 1 Z translation velocity, node 3, m/s
        295    3.630E+00                                 F               0         Blade 1 X translation velocity, node 4, m/s
        296    7.274E+00                                 F               0         Blade 1 Y translation velocity, node 4, m/s
        297    1.876E+01                                 F               0         Blade 1 Z translation velocity, node 4, m/s
        298    4.117E+00                                 F               0         Blade 1 X translation velocity, node 5, m/s
        299    8.245E+00                                 F               0         Blade 1 Y translation velocity, node 5, m/s
        300    2.127E+01                                 F               0         Blade 1 Z translation velocity, node 5, m/s
        301    4.603E+00                                 F               0         Blade 1 X translation velocity, node 6, m/s
        302    9.217E+00                                 F               0         Blade 1 Y translation velocity, node 6, m/s
        303    2.379E+01                                 F               0         Blade 1 Z translation velocity, node 6, m/s
        304    5.090E+00                                 F               0         Blade 1 X translation velocity, node 7, m/s
        305    1.019E+01                                 F               0         Blade 1 Y translation velocity, node 7, m/s
        306    2.630E+01                                 F               0         Blade 1 Z translation velocity, node 7, m/s
        307    5.576E+00                                 F               0         Blade 1 X translation velocity, node 8, m/s
