
Linearized model: Predictions were generated on 12-Jan-2024 at 08:43:17 using OpenFAST, compiled as a 64-bit application using single precision at commit v3.5.1
 linked with  NWTC Subroutine Library; ElastoDyn; InflowWind; AeroDyn; ServoDyn; HydroDyn; MAP++ (<1.20.10>, <Oct-20-2023>)

Description from the FAST input file: CCT-9 Campign 4 model. Input files to be run with OpenFAST 3.5.0. GitHub branch from Lu Wang (https://github.com/luwang00/openfast/tree/dev) compiled on March 7, 2023.

Simulation information:
   Simulation time:                   505.2000 s
   Rotor Speed:                         0.7074 rad/s
   Azimuth:                             0.8128 rad
   Wind Speed:                          8.0000 m/s
   Number of continuous states:         0
   Number of discrete states:           0
   Number of constraint states:         0
   Number of inputs:                 1746
   Number of outputs:                   4
   Jacobians included in this file?    No

Order of inputs:
     Column   Operating Point                     Rotating Frame? Derivative Order Description
   ---------- ---------------                     --------------- ---------------- -----------
          1    7.323E+00                                 F               0         Tower X translation displacement, node 1, m
          2   -1.312E+00                                 F               0         Tower Y translation displacement, node 1, m
          3   -1.972E-01                                 F               0         Tower Z translation displacement, node 1, m
          4    8.383E+00                                 F               0         Tower X translation displacement, node 2, m
          5   -1.882E+00                                 F               0         Tower Y translation displacement, node 2, m
          6   -2.560E-01                                 F               0         Tower Z translation displacement, node 2, m
          7    9.459E+00                                 F               0         Tower X translation displacement, node 3, m
          8   -2.457E+00                                 F               0         Tower Y translation displacement, node 3, m
          9   -3.163E-01                                 F               0         Tower Z translation displacement, node 3, m
         10    1.055E+01                                 F               0         Tower X translation displacement, node 4, m
         11   -3.037E+00                                 F               0         Tower Y translation displacement, node 4, m
         12   -3.780E-01                                 F               0         Tower Z translation displacement, node 4, m
         13    1.164E+01                                 F               0         Tower X translation displacement, node 5, m
         14   -3.620E+00                                 F               0         Tower Y translation displacement, node 5, m
         15   -4.406E-01                                 F               0         Tower Z translation displacement, node 5, m
         16    1.275E+01                                 F               0         Tower X translation displacement, node 6, m
         17   -4.207E+00                                 F               0         Tower Y translation displacement, node 6, m
         18   -5.041E-01                                 F               0         Tower Z translation displacement, node 6, m
         19    1.386E+01                                 F               0         Tower X translation displacement, node 7, m
         20   -4.796E+00                                 F               0         Tower Y translation displacement, node 7, m
         21   -5.681E-01                                 F               0         Tower Z translation displacement, node 7, m
         22    1.497E+01                                 F               0         Tower X translation displacement, node 8, m
         23   -5.387E+00                                 F               0         Tower Y translation displacement, node 8, m
         24   -6.326E-01                                 F               0         Tower Z translation displacement, node 8, m
         25    1.609E+01                                 F               0         Tower X translation displacement, node 9, m
         26   -5.979E+00                                 F               0         Tower Y translation displacement, node 9, m
         27   -6.974E-01                                 F               0         Tower Z translation displacement, node 9, m
         28    1.721E+01                                 F               0         Tower X translation displacement, node 10, m
         29   -6.573E+00                                 F               0         Tower Y translation displacement, node 10, m
         30   -7.625E-01                                 F               0         Tower Z translation displacement, node 10, m
         31    1.832E+01                                 F               0         Tower X translation displacement, node 11, m
         32   -7.167E+00                                 F               0         Tower Y translation displacement, node 11, m
         33   -8.276E-01                                 F               0         Tower Z translation displacement, node 11, m
         34    9.964E-01,  4.748E-03, -8.514E-02         F               0         Tower X orientation angle, node 1, rad
         35   -8.140E-04,  9.989E-01,  4.618E-02         F               0         Tower Y orientation angle, node 1, rad
         36    8.527E-02, -4.595E-02,  9.953E-01         F               0         Tower Z orientation angle, node 1, rad
         37    9.963E-01,  4.804E-03, -8.636E-02         F               0         Tower X orientation angle, node 2, rad
         38   -7.778E-04,  9.989E-01,  4.660E-02         F               0         Tower Y orientation angle, node 2, rad
         39    8.649E-02, -4.636E-02,  9.952E-01         F               0         Tower Z orientation angle, node 2, rad
         40    9.962E-01,  4.854E-03, -8.741E-02         F               0         Tower X orientation angle, node 3, rad
         41   -7.449E-04,  9.989E-01,  4.698E-02         F               0         Tower Y orientation angle, node 3, rad
         42    8.754E-02, -4.673E-02,  9.951E-01         F               0         Tower Z orientation angle, node 3, rad
         43    9.961E-01,  4.894E-03, -8.827E-02         F               0         Tower X orientation angle, node 4, rad
         44   -7.158E-04,  9.989E-01,  4.731E-02         F               0         Tower Y orientation angle, node 4, rad
         45    8.841E-02, -4.706E-02,  9.950E-01         F               0         Tower Z orientation angle, node 4, rad
         46    9.960E-01,  4.927E-03, -8.896E-02         F               0         Tower X orientation angle, node 5, rad
         47   -6.907E-04,  9.989E-01,  4.759E-02         F               0         Tower Y orientation angle, node 5, rad
         48    8.910E-02, -4.734E-02,  9.949E-01         F               0         Tower Z orientation angle, node 5, rad
         49    9.960E-01,  4.953E-03, -8.949E-02         F               0         Tower X orientation angle, node 6, rad
         50   -6.696E-04,  9.989E-01,  4.783E-02         F               0         Tower Y orientation angle, node 6, rad
         51    8.963E-02, -4.757E-02,  9.948E-01         F               0         Tower Z orientation angle, node 6, rad
         52    9.959E-01,  4.971E-03, -8.987E-02         F               0         Tower X orientation angle, node 7, rad
         53   -6.526E-04,  9.988E-01,  4.801E-02         F               0         Tower Y orientation angle, node 7, rad
         54    9.001E-02, -4.776E-02,  9.948E-01         F               0         Tower Z orientation angle, node 7, rad
         55    9.959E-01,  4.983E-03, -9.013E-02         F               0         Tower X orientation angle, node 8, rad
         56   -6.394E-04,  9.988E-01,  4.816E-02         F               0         Tower Y orientation angle, node 8, rad
         57    9.027E-02, -4.791E-02,  9.948E-01         F               0         Tower Z orientation angle, node 8, rad
         58    9.959E-01,  4.991E-03, -9.030E-02         F               0         Tower X orientation angle, node 9, rad
         59   -6.298E-04,  9.988E-01,  4.827E-02         F               0         Tower Y orientation angle, node 9, rad
         60    9.043E-02, -4.801E-02,  9.947E-01         F               0         Tower Z orientation angle, node 9, rad
         61    9.959E-01,  4.996E-03, -9.039E-02         F               0         Tower X orientation angle, node 10, rad
         62   -6.235E-04,  9.988E-01,  4.834E-02         F               0         Tower Y orientation angle, node 10, rad
         63    9.052E-02, -4.808E-02,  9.947E-01         F               0         Tower Z orientation angle, node 10, rad
         64    9.959E-01,  4.998E-03, -9.043E-02         F               0         Tower X orientation angle, node 11, rad
         65   -6.200E-04,  9.988E-01,  4.838E-02         F               0         Tower Y orientation angle, node 11, rad
         66    9.056E-02, -4.812E-02,  9.947E-01         F               0         Tower Z orientation angle, node 11, rad
         67   -5.073E-03                                 F               0         Tower X translation velocity, node 1, m/s
         68    6.957E-03                                 F               0         Tower Y translation velocity, node 1, m/s
         69    2.985E-03                                 F               0         Tower Z translation velocity, node 1, m/s
         70   -5.016E-03                                 F               0         Tower X translation velocity, node 2, m/s
         71    1.057E-02                                 F               0         Tower Y translation velocity, node 2, m/s
         72    3.148E-03                                 F               0         Tower Z translation velocity, node 2, m/s
         73   -4.955E-03                                 F               0         Tower X translation velocity, node 3, m/s
         74    1.422E-02                                 F               0         Tower Y translation velocity, node 3, m/s
         75    3.313E-03                                 F               0         Tower Z translation velocity, node 3, m/s
         76   -4.890E-03                                 F               0         Tower X translation velocity, node 4, m/s
         77    1.791E-02                                 F               0         Tower Y translation velocity, node 4, m/s
         78    3.482E-03                                 F               0         Tower Z translation velocity, node 4, m/s
         79   -4.820E-03                                 F               0         Tower X translation velocity, node 5, m/s
         80    2.164E-02                                 F               0         Tower Y translation velocity, node 5, m/s
         81    3.652E-03                                 F               0         Tower Z translation velocity, node 5, m/s
         82   -4.746E-03                                 F               0         Tower X translation velocity, node 6, m/s
         83    2.539E-02                                 F               0         Tower Y translation velocity, node 6, m/s
         84    3.825E-03                                 F               0         Tower Z translation velocity, node 6, m/s
         85   -4.667E-03                                 F               0         Tower X translation velocity, node 7, m/s
         86    2.916E-02                                 F               0         Tower Y translation velocity, node 7, m/s
         87    3.998E-03                                 F               0         Tower Z translation velocity, node 7, m/s
         88   -4.585E-03                                 F               0         Tower X translation velocity, node 8, m/s
         89    3.294E-02                                 F               0         Tower Y translation velocity, node 8, m/s
         90    4.173E-03                                 F               0         Tower Z translation velocity, node 8, m/s
         91   -4.498E-03                                 F               0         Tower X translation velocity, node 9, m/s
         92    3.674E-02                                 F               0         Tower Y translation velocity, node 9, m/s
         93    4.348E-03                                 F               0         Tower Z translation velocity, node 9, m/s
         94   -4.409E-03                                 F               0         Tower X translation velocity, node 10, m/s
         95    4.055E-02                                 F               0         Tower Y translation velocity, node 10, m/s
         96    4.524E-03                                 F               0         Tower Z translation velocity, node 10, m/s
         97   -4.318E-03                                 F               0         Tower X translation velocity, node 11, m/s
         98    4.436E-02                                 F               0         Tower Y translation velocity, node 11, m/s
         99    4.700E-03                                 F               0         Tower Z translation velocity, node 11, m/s
        100    1.908E+01                                 F               0         Hub X translation displacement, node 1, m
        101   -7.599E+00                                 F               0         Hub Y translation displacement, node 1, m
        102    1.077E-01                                 F               0         Hub Z translation displacement, node 1, m
        103    9.810E-01,  1.000E-02, -1.939E-01         F               0         Hub X orientation angle, node 1, rad
        104    1.406E-01,  6.523E-01,  7.448E-01         F               0         Hub Y orientation angle, node 1, rad
        105    1.339E-01, -7.579E-01,  6.385E-01         F               0         Hub Z orientation angle, node 1, rad
        106    6.937E-01                                 F               0         Hub X rotation velocity, node 1, rad/s
        107    7.080E-03                                 F               0         Hub Y rotation velocity, node 1, rad/s
        108   -1.371E-01                                 F               0         Hub Z rotation velocity, node 1, rad/s
        109    9.764E-01, -9.354E-03, -2.159E-01         F               0         Blade root 1 X orientation angle, node 1, rad
        110    1.696E-01,  6.523E-01,  7.387E-01         F               0         Blade root 1 Y orientation angle, node 1, rad
        111    1.339E-01, -7.579E-01,  6.385E-01         F               0         Blade root 1 Z orientation angle, node 1, rad
        112    9.792E-01,  3.914E-02, -1.992E-01         F               0         Blade root 2 X orientation angle, node 1, rad
        113    7.478E-02, -9.818E-01,  1.747E-01         F               0         Blade root 2 Y orientation angle, node 1, rad
        114   -1.887E-01, -1.859E-01, -9.643E-01         F               0         Blade root 2 Z orientation angle, node 1, rad
        115    9.861E-01,  2.000E-04, -1.664E-01         F               0         Blade root 3 X orientation angle, node 1, rad
        116   -1.571E-01,  3.304E-01, -9.307E-01         F               0         Blade root 3 Y orientation angle, node 1, rad
        117    5.478E-02,  9.439E-01,  3.258E-01         F               0         Blade root 3 Z orientation angle, node 1, rad
        118    1.924E+01                                 F               0         Blade 1 X translation displacement, node 1, m
        119   -1.180E+01                                 F               0         Blade 1 Y translation displacement, node 1, m
        120   -1.865E+00                                 F               0         Blade 1 Z translation displacement, node 1, m
        121    1.928E+01                                 F               0         Blade 1 X translation displacement, node 2, m
        122   -1.281E+01                                 F               0         Blade 1 Y translation displacement, node 2, m
        123   -2.340E+00                                 F               0         Blade 1 Z translation displacement, node 2, m
        124    1.982E+01                                 F               0         Blade 1 X translation displacement, node 3, m
        125   -2.657E+01                                 F               0         Blade 1 Y translation displacement, node 3, m
        126   -8.803E+00                                 F               0         Blade 1 Z translation displacement, node 3, m
        127    1.993E+01                                 F               0         Blade 1 X translation displacement, node 4, m
        128   -2.950E+01                                 F               0         Blade 1 Y translation displacement, node 4, m
        129   -1.018E+01                                 F               0         Blade 1 Z translation displacement, node 4, m
        130    2.004E+01                                 F               0         Blade 1 X translation displacement, node 5, m
        131   -3.243E+01                                 F               0         Blade 1 Y translation displacement, node 5, m
        132   -1.156E+01                                 F               0         Blade 1 Z translation displacement, node 5, m
        133    2.016E+01                                 F               0         Blade 1 X translation displacement, node 6, m
        134   -3.536E+01                                 F               0         Blade 1 Y translation displacement, node 6, m
        135   -1.293E+01                                 F               0         Blade 1 Z translation displacement, node 6, m
        136    2.027E+01                                 F               0         Blade 1 X translation displacement, node 7, m
        137   -3.829E+01                                 F               0         Blade 1 Y translation displacement, node 7, m
        138   -1.431E+01                                 F               0         Blade 1 Z translation displacement, node 7, m
        139    2.038E+01                                 F               0         Blade 1 X translation displacement, node 8, m
        140   -4.122E+01                                 F               0         Blade 1 Y translation displacement, node 8, m
        141   -1.569E+01                                 F               0         Blade 1 Z translation displacement, node 8, m
        142    2.050E+01                                 F               0         Blade 1 X translation displacement, node 9, m
        143   -4.416E+01                                 F               0         Blade 1 Y translation displacement, node 9, m
        144   -1.707E+01                                 F               0         Blade 1 Z translation displacement, node 9, m
        145    2.061E+01                                 F               0         Blade 1 X translation displacement, node 10, m
        146   -4.709E+01                                 F               0         Blade 1 Y translation displacement, node 10, m
        147   -1.844E+01                                 F               0         Blade 1 Z translation displacement, node 10, m
        148    2.073E+01                                 F               0         Blade 1 X translation displacement, node 11, m
        149   -5.002E+01                                 F               0         Blade 1 Y translation displacement, node 11, m
        150   -1.982E+01                                 F               0         Blade 1 Z translation displacement, node 11, m
        151    2.084E+01                                 F               0         Blade 1 X translation displacement, node 12, m
        152   -5.295E+01                                 F               0         Blade 1 Y translation displacement, node 12, m
        153   -2.120E+01                                 F               0         Blade 1 Z translation displacement, node 12, m
        154    2.095E+01                                 F               0         Blade 1 X translation displacement, node 13, m
        155   -5.588E+01                                 F               0         Blade 1 Y translation displacement, node 13, m
        156   -2.257E+01                                 F               0         Blade 1 Z translation displacement, node 13, m
        157    2.107E+01                                 F               0         Blade 1 X translation displacement, node 14, m
        158   -5.881E+01                                 F               0         Blade 1 Y translation displacement, node 14, m
        159   -2.395E+01                                 F               0         Blade 1 Z translation displacement, node 14, m
        160    2.118E+01                                 F               0         Blade 1 X translation displacement, node 15, m
        161   -6.174E+01                                 F               0         Blade 1 Y translation displacement, node 15, m
        162   -2.533E+01                                 F               0         Blade 1 Z translation displacement, node 15, m
        163    2.129E+01                                 F               0         Blade 1 X translation displacement, node 16, m
        164   -6.468E+01                                 F               0         Blade 1 Y translation displacement, node 16, m
        165   -2.671E+01                                 F               0         Blade 1 Z translation displacement, node 16, m
        166    2.141E+01                                 F               0         Blade 1 X translation displacement, node 17, m
        167   -6.761E+01                                 F               0         Blade 1 Y translation displacement, node 17, m
        168   -2.808E+01                                 F               0         Blade 1 Z translation displacement, node 17, m
        169    2.152E+01                                 F               0         Blade 1 X translation displacement, node 18, m
        170   -7.054E+01                                 F               0         Blade 1 Y translation displacement, node 18, m
        171   -2.946E+01                                 F               0         Blade 1 Z translation displacement, node 18, m
        172    2.164E+01                                 F               0         Blade 1 X translation displacement, node 19, m
        173   -7.347E+01                                 F               0         Blade 1 Y translation displacement, node 19, m
        174   -3.084E+01                                 F               0         Blade 1 Z translation displacement, node 19, m
        175    2.175E+01                                 F               0         Blade 1 X translation displacement, node 20, m
        176   -7.640E+01                                 F               0         Blade 1 Y translation displacement, node 20, m
        177   -3.221E+01                                 F               0         Blade 1 Z translation displacement, node 20, m
        178    2.186E+01                                 F               0         Blade 1 X translation displacement, node 21, m
        179   -7.933E+01                                 F               0         Blade 1 Y translation displacement, node 21, m
        180   -3.359E+01                                 F               0         Blade 1 Z translation displacement, node 21, m
        181    2.198E+01                                 F               0         Blade 1 X translation displacement, node 22, m
        182   -8.226E+01                                 F               0         Blade 1 Y translation displacement, node 22, m
        183   -3.497E+01                                 F               0         Blade 1 Z translation displacement, node 22, m
        184    2.209E+01                                 F               0         Blade 1 X translation displacement, node 23, m
        185   -8.519E+01                                 F               0         Blade 1 Y translation displacement, node 23, m
        186   -3.635E+01                                 F               0         Blade 1 Z translation displacement, node 23, m
        187    2.220E+01                                 F               0         Blade 1 X translation displacement, node 24, m
        188   -8.813E+01                                 F               0         Blade 1 Y translation displacement, node 24, m
        189   -3.772E+01                                 F               0         Blade 1 Z translation displacement, node 24, m
        190    2.232E+01                                 F               0         Blade 1 X translation displacement, node 25, m
        191   -9.106E+01                                 F               0         Blade 1 Y translation displacement, node 25, m
        192   -3.910E+01                                 F               0         Blade 1 Z translation displacement, node 25, m
        193    2.243E+01                                 F               0         Blade 1 X translation displacement, node 26, m
        194   -9.399E+01                                 F               0         Blade 1 Y translation displacement, node 26, m
        195   -4.048E+01                                 F               0         Blade 1 Z translation displacement, node 26, m
        196    2.255E+01                                 F               0         Blade 1 X translation displacement, node 27, m
        197   -9.692E+01                                 F               0         Blade 1 Y translation displacement, node 27, m
        198   -4.185E+01                                 F               0         Blade 1 Z translation displacement, node 27, m
        199    2.264E+01                                 F               0         Blade 1 X translation displacement, node 28, m
        200   -9.941E+01                                 F               0         Blade 1 Y translation displacement, node 28, m
        201   -4.302E+01                                 F               0         Blade 1 Z translation displacement, node 28, m
        202    7.916E-01, -3.058E-01, -5.290E-01         F               0         Blade 1 X orientation angle, node 1, rad
        203    5.962E-01,  5.763E-01,  5.590E-01         F               0         Blade 1 Y orientation angle, node 1, rad
        204    1.339E-01, -7.579E-01,  6.385E-01         F               0         Blade 1 Z orientation angle, node 1, rad
        205    7.916E-01, -3.058E-01, -5.290E-01         F               0         Blade 1 X orientation angle, node 2, rad
        206    5.962E-01,  5.763E-01,  5.590E-01         F               0         Blade 1 Y orientation angle, node 2, rad
        207    1.339E-01, -7.579E-01,  6.385E-01         F               0         Blade 1 Z orientation angle, node 2, rad
        208    9.103E-01, -1.605E-01, -3.815E-01         F               0         Blade 1 X orientation angle, node 3, rad
        209    3.916E-01,  6.323E-01,  6.685E-01         F               0         Blade 1 Y orientation angle, node 3, rad
        210    1.339E-01, -7.579E-01,  6.385E-01         F               0         Blade 1 Z orientation angle, node 3, rad
        211    9.261E-01, -1.336E-01, -3.529E-01         F               0         Blade 1 X orientation angle, node 4, rad
        212    3.528E-01,  6.385E-01,  6.840E-01         F               0         Blade 1 Y orientation angle, node 4, rad
        213    1.339E-01, -7.579E-01,  6.385E-01         F               0         Blade 1 Z orientation angle, node 4, rad
        214    9.373E-01, -1.124E-01, -3.300E-01         F               0         Blade 1 X orientation angle, node 5, rad
        215    3.219E-01,  6.426E-01,  6.953E-01         F               0         Blade 1 Y orientation angle, node 5, rad
        216    1.339E-01, -7.579E-01,  6.385E-01         F               0         Blade 1 Z orientation angle, node 5, rad
        217    9.455E-01, -9.532E-02, -3.115E-01         F               0         Blade 1 X orientation angle, node 6, rad
        218    2.969E-01,  6.454E-01,  7.038E-01         F               0         Blade 1 Y orientation angle, node 6, rad
        219    1.339E-01, -7.579E-01,  6.385E-01         F               0         Blade 1 Z orientation angle, node 6, rad
        220    9.517E-01, -8.122E-02, -2.961E-01         F               0         Blade 1 X orientation angle, node 7, rad
        221    2.762E-01,  6.473E-01,  7.104E-01         F               0         Blade 1 Y orientation angle, node 7, rad
        222    1.339E-01, -7.579E-01,  6.385E-01         F               0         Blade 1 Z orientation angle, node 7, rad
        223    9.566E-01, -6.945E-02, -2.831E-01         F               0         Blade 1 X orientation angle, node 8, rad
        224    2.589E-01,  6.487E-01,  7.157E-01         F               0         Blade 1 Y orientation angle, node 8, rad
        225    1.339E-01, -7.579E-01,  6.385E-01         F               0         Blade 1 Z orientation angle, node 8, rad
        226    9.604E-01, -5.948E-02, -2.721E-01         F               0         Blade 1 X orientation angle, node 9, rad
        227    2.442E-01,  6.496E-01,  7.200E-01         F               0         Blade 1 Y orientation angle, node 9, rad
        228    1.339E-01, -7.579E-01,  6.385E-01         F               0         Blade 1 Z orientation angle, node 9, rad
        229    9.636E-01, -5.086E-02, -2.625E-01         F               0         Blade 1 X orientation angle, node 10, rad
        230    2.314E-01,  6.504E-01,  7.235E-01         F               0         Blade 1 Y orientation angle, node 10, rad
        231    1.339E-01, -7.579E-01,  6.385E-01         F               0         Blade 1 Z orientation angle, node 10, rad
        232    9.662E-01, -4.348E-02, -2.543E-01         F               0         Blade 1 X orientation angle, node 11, rad
        233    2.205E-01,  6.509E-01,  7.264E-01         F               0         Blade 1 Y orientation angle, node 11, rad
        234    1.339E-01, -7.579E-01,  6.385E-01         F               0         Blade 1 Z orientation angle, node 11, rad
        235    9.683E-01, -3.700E-02, -2.470E-01         F               0         Blade 1 X orientation angle, node 12, rad
        236    2.109E-01,  6.513E-01,  7.289E-01         F               0         Blade 1 Y orientation angle, node 12, rad
        237    1.339E-01, -7.579E-01,  6.385E-01         F               0         Blade 1 Z orientation angle, node 12, rad
        238    9.701E-01, -3.132E-02, -2.407E-01         F               0         Blade 1 X orientation angle, node 13, rad
        239    2.024E-01,  6.516E-01,  7.311E-01         F               0         Blade 1 Y orientation angle, node 13, rad
        240    1.339E-01, -7.579E-01,  6.385E-01         F               0         Blade 1 Z orientation angle, node 13, rad
        241    9.717E-01, -2.620E-02, -2.349E-01         F               0         Blade 1 X orientation angle, node 14, rad
        242    1.948E-01,  6.518E-01,  7.329E-01         F               0         Blade 1 Y orientation angle, node 14, rad
        243    1.339E-01, -7.579E-01,  6.385E-01         F               0         Blade 1 Z orientation angle, node 14, rad
        244    9.730E-01, -2.165E-02, -2.298E-01         F               0         Blade 1 X orientation angle, node 15, rad
        245    1.880E-01,  6.520E-01,  7.345E-01         F               0         Blade 1 Y orientation angle, node 15, rad
        246    1.339E-01, -7.579E-01,  6.385E-01         F               0         Blade 1 Z orientation angle, node 15, rad
        247    9.742E-01, -1.755E-02, -2.252E-01         F               0         Blade 1 X orientation angle, node 16, rad
        248    1.819E-01,  6.521E-01,  7.360E-01         F               0         Blade 1 Y orientation angle, node 16, rad
        249    1.339E-01, -7.579E-01,  6.385E-01         F               0         Blade 1 Z orientation angle, node 16, rad
        250    9.752E-01, -1.391E-02, -2.211E-01         F               0         Blade 1 X orientation angle, node 17, rad
        251    1.764E-01,  6.522E-01,  7.372E-01         F               0         Blade 1 Y orientation angle, node 17, rad
        252    1.339E-01, -7.579E-01,  6.385E-01         F               0         Blade 1 Z orientation angle, node 17, rad
        253    9.761E-01, -1.049E-02, -2.172E-01         F               0         Blade 1 X orientation angle, node 18, rad
        254    1.713E-01,  6.523E-01,  7.384E-01         F               0         Blade 1 Y orientation angle, node 18, rad
        255    1.339E-01, -7.579E-01,  6.385E-01         F               0         Blade 1 Z orientation angle, node 18, rad
        256    9.769E-01, -7.419E-03, -2.137E-01         F               0         Blade 1 X orientation angle, node 19, rad
        257    1.667E-01,  6.523E-01,  7.394E-01         F               0         Blade 1 Y orientation angle, node 19, rad
        258    1.339E-01, -7.579E-01,  6.385E-01         F               0         Blade 1 Z orientation angle, node 19, rad
        259    9.776E-01, -4.686E-03, -2.106E-01         F               0         Blade 1 X orientation angle, node 20, rad
        260    1.626E-01,  6.523E-01,  7.403E-01         F               0         Blade 1 Y orientation angle, node 20, rad
        261    1.339E-01, -7.579E-01,  6.385E-01         F               0         Blade 1 Z orientation angle, node 20, rad
        262    9.782E-01, -2.068E-03, -2.077E-01         F               0         Blade 1 X orientation angle, node 21, rad
        263    1.587E-01,  6.524E-01,  7.411E-01         F               0         Blade 1 Y orientation angle, node 21, rad
        264    1.339E-01, -7.579E-01,  6.385E-01         F               0         Blade 1 Z orientation angle, node 21, rad
        265    9.788E-01,  3.233E-04, -2.049E-01         F               0         Blade 1 X orientation angle, node 22, rad
        266    1.551E-01,  6.524E-01,  7.419E-01         F               0         Blade 1 Y orientation angle, node 22, rad
        267    1.339E-01, -7.579E-01,  6.385E-01         F               0         Blade 1 Z orientation angle, node 22, rad
        268    9.793E-01,  2.487E-03, -2.025E-01         F               0         Blade 1 X orientation angle, node 23, rad
        269    1.519E-01,  6.524E-01,  7.425E-01         F               0         Blade 1 Y orientation angle, node 23, rad
        270    1.339E-01, -7.579E-01,  6.385E-01         F               0         Blade 1 Z orientation angle, node 23, rad
        271    9.798E-01,  4.536E-03, -2.001E-01         F               0         Blade 1 X orientation angle, node 24, rad
        272    1.488E-01,  6.523E-01,  7.432E-01         F               0         Blade 1 Y orientation angle, node 24, rad
        273    1.339E-01, -7.579E-01,  6.385E-01         F               0         Blade 1 Z orientation angle, node 24, rad
        274    9.802E-01,  6.472E-03, -1.979E-01         F               0         Blade 1 X orientation angle, node 25, rad
        275    1.459E-01,  6.523E-01,  7.438E-01         F               0         Blade 1 Y orientation angle, node 25, rad
        276    1.339E-01, -7.579E-01,  6.385E-01         F               0         Blade 1 Z orientation angle, node 25, rad
        277    9.806E-01,  8.179E-03, -1.960E-01         F               0         Blade 1 X orientation angle, node 26, rad
        278    1.433E-01,  6.523E-01,  7.443E-01         F               0         Blade 1 Y orientation angle, node 26, rad
        279    1.339E-01, -7.579E-01,  6.385E-01         F               0         Blade 1 Z orientation angle, node 26, rad
        280    9.809E-01,  9.887E-03, -1.940E-01         F               0         Blade 1 X orientation angle, node 27, rad
        281    1.408E-01,  6.523E-01,  7.448E-01         F               0         Blade 1 Y orientation angle, node 27, rad
        282    1.339E-01, -7.579E-01,  6.385E-01         F               0         Blade 1 Z orientation angle, node 27, rad
        283    9.811E-01,  1.080E-02, -1.930E-01         F               0         Blade 1 X orientation angle, node 28, rad
        284    1.394E-01,  6.523E-01,  7.451E-01         F               0         Blade 1 Y orientation angle, node 28, rad
        285    1.339E-01, -7.579E-01,  6.385E-01         F               0         Blade 1 Z orientation angle, node 28, rad
        286   -5.550E-01                                 F               0         Blade 1 X translation velocity, node 1, m/s
        287   -2.509E+00                                 F               0         Blade 1 Y translation velocity, node 1, m/s
        288   -2.913E+00                                 F               0         Blade 1 Z translation velocity, node 1, m/s
        289   -6.877E-01                                 F               0         Blade 1 X translation velocity, node 2, m/s
        290   -3.125E+00                                 F               0         Blade 1 Y translation velocity, node 2, m/s
        291   -3.616E+00                                 F               0         Blade 1 Z translation velocity, node 2, m/s
        292   -2.492E+00                                 F               0         Blade 1 X translation velocity, node 3, m/s
        293   -1.150E+01                                 F               0         Blade 1 Y translation velocity, node 3, m/s
        294   -1.318E+01                                 F               0         Blade 1 Z translation velocity, node 3, m/s
        295   -2.877E+00                                 F               0         Blade 1 X translation velocity, node 4, m/s
        296   -1.328E+01                                 F               0         Blade 1 Y translation velocity, node 4, m/s
        297   -1.521E+01                                 F               0         Blade 1 Z translation velocity, node 4, m/s
        298   -3.261E+00                                 F               0         Blade 1 X translation velocity, node 5, m/s
        299   -1.507E+01                                 F               0         Blade 1 Y translation velocity, node 5, m/s
        300   -1.725E+01                                 F               0         Blade 1 Z translation velocity, node 5, m/s
        301   -3.646E+00                                 F               0         Blade 1 X translation velocity, node 6, m/s
        302   -1.685E+01                                 F               0         Blade 1 Y translation velocity, node 6, m/s
        303   -1.929E+01                                 F               0         Blade 1 Z translation velocity, node 6, m/s
        304   -4.030E+00                                 F               0         Blade 1 X translation velocity, node 7, m/s
        305   -1.863E+01                                 F               0         Blade 1 Y translation velocity, node 7, m/s
        306   -2.132E+01                                 F               0         Blade 1 Z translation velocity, node 7, m/s
        307   -4.415E+00                                 F               0         Blade 1 X translation velocity, node 8, m/s
