
Linearized model: Predictions were generated on 12-Jan-2024 at 08:43:17 using OpenFAST, compiled as a 64-bit application using single precision at commit v3.5.1
 linked with  NWTC Subroutine Library; ElastoDyn; InflowWind; AeroDyn; ServoDyn; HydroDyn; MAP++ (<1.20.10>, <Oct-20-2023>)

Description from the FAST input file: CCT-9 Campign 4 model. Input files to be run with OpenFAST 3.5.0. GitHub branch from Lu Wang (https://github.com/luwang00/openfast/tree/dev) compiled on March 7, 2023.

Simulation information:
   Simulation time:                   507.6750 s
   Rotor Speed:                         0.7077 rad/s
   Azimuth:                             2.5640 rad
   Wind Speed:                          8.0000 m/s
   Number of continuous states:         0
   Number of discrete states:           0
   Number of constraint states:         0
   Number of inputs:                 1746
   Number of outputs:                   4
   Jacobians included in this file?    No

Order of inputs:
     Column   Operating Point                     Rotating Frame? Derivative Order Description
   ---------- ---------------                     --------------- ---------------- -----------
          1    7.310E+00                                 F               0         Tower X translation displacement, node 1, m
          2   -1.296E+00                                 F               0         Tower Y translation displacement, node 1, m
          3   -1.889E-01                                 F               0         Tower Z translation displacement, node 1, m
          4    8.371E+00                                 F               0         Tower X translation displacement, node 2, m
          5   -1.857E+00                                 F               0         Tower Y translation displacement, node 2, m
          6   -2.472E-01                                 F               0         Tower Z translation displacement, node 2, m
          7    9.447E+00                                 F               0         Tower X translation displacement, node 3, m
          8   -2.423E+00                                 F               0         Tower Y translation displacement, node 3, m
          9   -3.072E-01                                 F               0         Tower Z translation displacement, node 3, m
         10    1.053E+01                                 F               0         Tower X translation displacement, node 4, m
         11   -2.994E+00                                 F               0         Tower Y translation displacement, node 4, m
         12   -3.684E-01                                 F               0         Tower Z translation displacement, node 4, m
         13    1.163E+01                                 F               0         Tower X translation displacement, node 5, m
         14   -3.568E+00                                 F               0         Tower Y translation displacement, node 5, m
         15   -4.307E-01                                 F               0         Tower Z translation displacement, node 5, m
         16    1.274E+01                                 F               0         Tower X translation displacement, node 6, m
         17   -4.145E+00                                 F               0         Tower Y translation displacement, node 6, m
         18   -4.937E-01                                 F               0         Tower Z translation displacement, node 6, m
         19    1.385E+01                                 F               0         Tower X translation displacement, node 7, m
         20   -4.724E+00                                 F               0         Tower Y translation displacement, node 7, m
         21   -5.574E-01                                 F               0         Tower Z translation displacement, node 7, m
         22    1.496E+01                                 F               0         Tower X translation displacement, node 8, m
         23   -5.306E+00                                 F               0         Tower Y translation displacement, node 8, m
         24   -6.214E-01                                 F               0         Tower Z translation displacement, node 8, m
         25    1.608E+01                                 F               0         Tower X translation displacement, node 9, m
         26   -5.889E+00                                 F               0         Tower Y translation displacement, node 9, m
         27   -6.858E-01                                 F               0         Tower Z translation displacement, node 9, m
         28    1.720E+01                                 F               0         Tower X translation displacement, node 10, m
         29   -6.473E+00                                 F               0         Tower Y translation displacement, node 10, m
         30   -7.504E-01                                 F               0         Tower Z translation displacement, node 10, m
         31    1.832E+01                                 F               0         Tower X translation displacement, node 11, m
         32   -7.058E+00                                 F               0         Tower Y translation displacement, node 11, m
         33   -8.151E-01                                 F               0         Tower Z translation displacement, node 11, m
         34    9.964E-01,  4.834E-03, -8.516E-02         F               0         Tower X orientation angle, node 1, rad
         35   -9.606E-04,  9.990E-01,  4.547E-02         F               0         Tower Y orientation angle, node 1, rad
         36    8.529E-02, -4.522E-02,  9.953E-01         F               0         Tower Z orientation angle, node 1, rad
         37    9.963E-01,  4.890E-03, -8.638E-02         F               0         Tower X orientation angle, node 2, rad
         38   -9.252E-04,  9.989E-01,  4.588E-02         F               0         Tower Y orientation angle, node 2, rad
         39    8.651E-02, -4.563E-02,  9.952E-01         F               0         Tower Z orientation angle, node 2, rad
         40    9.962E-01,  4.938E-03, -8.743E-02         F               0         Tower X orientation angle, node 3, rad
         41   -8.929E-04,  9.989E-01,  4.625E-02         F               0         Tower Y orientation angle, node 3, rad
         42    8.757E-02, -4.599E-02,  9.951E-01         F               0         Tower Z orientation angle, node 3, rad
         43    9.961E-01,  4.978E-03, -8.830E-02         F               0         Tower X orientation angle, node 4, rad
         44   -8.645E-04,  9.989E-01,  4.657E-02         F               0         Tower Y orientation angle, node 4, rad
         45    8.843E-02, -4.631E-02,  9.950E-01         F               0         Tower Z orientation angle, node 4, rad
         46    9.960E-01,  5.011E-03, -8.899E-02         F               0         Tower X orientation angle, node 5, rad
         47   -8.399E-04,  9.989E-01,  4.685E-02         F               0         Tower Y orientation angle, node 5, rad
         48    8.912E-02, -4.659E-02,  9.949E-01         F               0         Tower Z orientation angle, node 5, rad
         49    9.960E-01,  5.036E-03, -8.952E-02         F               0         Tower X orientation angle, node 6, rad
         50   -8.192E-04,  9.989E-01,  4.708E-02         F               0         Tower Y orientation angle, node 6, rad
         51    8.965E-02, -4.682E-02,  9.949E-01         F               0         Tower Z orientation angle, node 6, rad
         52    9.959E-01,  5.054E-03, -8.989E-02         F               0         Tower X orientation angle, node 7, rad
         53   -8.025E-04,  9.989E-01,  4.726E-02         F               0         Tower Y orientation angle, node 7, rad
         54    9.003E-02, -4.700E-02,  9.948E-01         F               0         Tower Z orientation angle, node 7, rad
         55    9.959E-01,  5.066E-03, -9.015E-02         F               0         Tower X orientation angle, node 8, rad
         56   -7.896E-04,  9.989E-01,  4.741E-02         F               0         Tower Y orientation angle, node 8, rad
         57    9.029E-02, -4.714E-02,  9.948E-01         F               0         Tower Z orientation angle, node 8, rad
         58    9.959E-01,  5.074E-03, -9.032E-02         F               0         Tower X orientation angle, node 9, rad
         59   -7.801E-04,  9.989E-01,  4.751E-02         F               0         Tower Y orientation angle, node 9, rad
         60    9.046E-02, -4.725E-02,  9.948E-01         F               0         Tower Z orientation angle, node 9, rad
         61    9.959E-01,  5.078E-03, -9.041E-02         F               0         Tower X orientation angle, node 10, rad
         62   -7.739E-04,  9.989E-01,  4.758E-02         F               0         Tower Y orientation angle, node 10, rad
         63    9.055E-02, -4.732E-02,  9.948E-01         F               0         Tower Z orientation angle, node 10, rad
         64    9.959E-01,  5.080E-03, -9.045E-02         F               0         Tower X orientation angle, node 11, rad
         65   -7.705E-04,  9.989E-01,  4.762E-02         F               0         Tower Y orientation angle, node 11, rad
         66    9.059E-02, -4.735E-02,  9.948E-01         F               0         Tower Z orientation angle, node 11, rad
         67   -4.962E-03                                 F               0         Tower X translation velocity, node 1, m/s
         68    5.431E-03                                 F               0         Tower Y translation velocity, node 1, m/s
         69    3.380E-03                                 F               0         Tower Z translation velocity, node 1, m/s
         70   -4.750E-03                                 F               0         Tower X translation velocity, node 2, m/s
         71    8.852E-03                                 F               0         Tower Y translation velocity, node 2, m/s
         72    3.518E-03                                 F               0         Tower Z translation velocity, node 2, m/s
         73   -4.549E-03                                 F               0         Tower X translation velocity, node 3, m/s
         74    1.233E-02                                 F               0         Tower Y translation velocity, node 3, m/s
         75    3.660E-03                                 F               0         Tower Z translation velocity, node 3, m/s
         76   -4.359E-03                                 F               0         Tower X translation velocity, node 4, m/s
         77    1.585E-02                                 F               0         Tower Y translation velocity, node 4, m/s
         78    3.807E-03                                 F               0         Tower Z translation velocity, node 4, m/s
         79   -4.180E-03                                 F               0         Tower X translation velocity, node 5, m/s
         80    1.940E-02                                 F               0         Tower Y translation velocity, node 5, m/s
         81    3.957E-03                                 F               0         Tower Z translation velocity, node 5, m/s
         82   -4.013E-03                                 F               0         Tower X translation velocity, node 6, m/s
         83    2.299E-02                                 F               0         Tower Y translation velocity, node 6, m/s
         84    4.110E-03                                 F               0         Tower Z translation velocity, node 6, m/s
         85   -3.856E-03                                 F               0         Tower X translation velocity, node 7, m/s
         86    2.660E-02                                 F               0         Tower Y translation velocity, node 7, m/s
         87    4.266E-03                                 F               0         Tower Z translation velocity, node 7, m/s
         88   -3.709E-03                                 F               0         Tower X translation velocity, node 8, m/s
         89    3.023E-02                                 F               0         Tower Y translation velocity, node 8, m/s
         90    4.425E-03                                 F               0         Tower Z translation velocity, node 8, m/s
         91   -3.571E-03                                 F               0         Tower X translation velocity, node 9, m/s
         92    3.388E-02                                 F               0         Tower Y translation velocity, node 9, m/s
         93    4.586E-03                                 F               0         Tower Z translation velocity, node 9, m/s
         94   -3.440E-03                                 F               0         Tower X translation velocity, node 10, m/s
         95    3.754E-02                                 F               0         Tower Y translation velocity, node 10, m/s
         96    4.748E-03                                 F               0         Tower Z translation velocity, node 10, m/s
         97   -3.313E-03                                 F               0         Tower X translation velocity, node 11, m/s
         98    4.120E-02                                 F               0         Tower Y translation velocity, node 11, m/s
         99    4.910E-03                                 F               0         Tower Z translation velocity, node 11, m/s
        100    1.907E+01                                 F               0         Hub X translation displacement, node 1, m
        101   -7.485E+00                                 F               0         Hub Y translation displacement, node 1, m
        102    1.206E-01                                 F               0         Hub Z translation displacement, node 1, m
        103    9.810E-01,  1.000E-02, -1.939E-01         F               0         Hub X orientation angle, node 1, rad
        104    1.067E-01, -8.622E-01,  4.951E-01         F               0         Hub Y orientation angle, node 1, rad
        105   -1.623E-01, -5.064E-01, -8.469E-01         F               0         Hub Z orientation angle, node 1, rad
        106    6.939E-01                                 F               0         Hub X rotation velocity, node 1, rad/s
        107    7.087E-03                                 F               0         Hub Y rotation velocity, node 1, rad/s
        108   -1.372E-01                                 F               0         Hub Z rotation velocity, node 1, rad/s
        109    9.774E-01,  3.558E-02, -2.085E-01         F               0         Blade root 1 X orientation angle, node 1, rad
        110    1.357E-01, -8.616E-01,  4.892E-01         F               0         Blade root 1 Y orientation angle, node 1, rad
        111   -1.623E-01, -5.064E-01, -8.469E-01         F               0         Blade root 1 Z orientation angle, node 1, rad
        112    9.863E-01,  1.022E-02, -1.647E-01         F               0         Blade root 2 X orientation angle, node 1, rad
        113   -1.647E-01, -7.147E-03, -9.863E-01         F               0         Blade root 2 Y orientation angle, node 1, rad
        114   -1.126E-02,  9.999E-01, -5.366E-03         F               0         Blade root 2 Z orientation angle, node 1, rad
        115    9.779E-01, -1.580E-02, -2.083E-01         F               0         Blade root 3 X orientation angle, node 1, rad
        116    1.162E-01,  8.696E-01,  4.799E-01         F               0         Blade root 3 Y orientation angle, node 1, rad
        117    1.735E-01, -4.935E-01,  8.523E-01         F               0         Blade root 3 Z orientation angle, node 1, rad
        118    1.759E+01                                 F               0         Blade 1 X translation displacement, node 1, m
        119   -1.029E+01                                 F               0         Blade 1 Y translation displacement, node 1, m
        120   -1.008E+01                                 F               0         Blade 1 Z translation displacement, node 1, m
        121    1.724E+01                                 F               0         Blade 1 X translation displacement, node 2, m
        122   -1.097E+01                                 F               0         Blade 1 Y translation displacement, node 2, m
        123   -1.254E+01                                 F               0         Blade 1 Z translation displacement, node 2, m
        124    1.239E+01                                 F               0         Blade 1 X translation displacement, node 3, m
        125   -2.016E+01                                 F               0         Blade 1 Y translation displacement, node 3, m
        126   -4.596E+01                                 F               0         Blade 1 Z translation displacement, node 3, m
        127    1.136E+01                                 F               0         Blade 1 X translation displacement, node 4, m
        128   -2.212E+01                                 F               0         Blade 1 Y translation displacement, node 4, m
        129   -5.309E+01                                 F               0         Blade 1 Z translation displacement, node 4, m
        130    1.033E+01                                 F               0         Blade 1 X translation displacement, node 5, m
        131   -2.408E+01                                 F               0         Blade 1 Y translation displacement, node 5, m
        132   -6.021E+01                                 F               0         Blade 1 Z translation displacement, node 5, m
        133    9.298E+00                                 F               0         Blade 1 X translation displacement, node 6, m
        134   -2.603E+01                                 F               0         Blade 1 Y translation displacement, node 6, m
        135   -6.733E+01                                 F               0         Blade 1 Z translation displacement, node 6, m
        136    8.266E+00                                 F               0         Blade 1 X translation displacement, node 7, m
        137   -2.799E+01                                 F               0         Blade 1 Y translation displacement, node 7, m
        138   -7.445E+01                                 F               0         Blade 1 Z translation displacement, node 7, m
        139    7.234E+00                                 F               0         Blade 1 X translation displacement, node 8, m
        140   -2.995E+01                                 F               0         Blade 1 Y translation displacement, node 8, m
        141   -8.158E+01                                 F               0         Blade 1 Z translation displacement, node 8, m
        142    6.203E+00                                 F               0         Blade 1 X translation displacement, node 9, m
        143   -3.191E+01                                 F               0         Blade 1 Y translation displacement, node 9, m
        144   -8.870E+01                                 F               0         Blade 1 Z translation displacement, node 9, m
        145    5.171E+00                                 F               0         Blade 1 X translation displacement, node 10, m
        146   -3.387E+01                                 F               0         Blade 1 Y translation displacement, node 10, m
        147   -9.582E+01                                 F               0         Blade 1 Z translation displacement, node 10, m
        148    4.139E+00                                 F               0         Blade 1 X translation displacement, node 11, m
        149   -3.583E+01                                 F               0         Blade 1 Y translation displacement, node 11, m
        150   -1.029E+02                                 F               0         Blade 1 Z translation displacement, node 11, m
        151    3.107E+00                                 F               0         Blade 1 X translation displacement, node 12, m
        152   -3.779E+01                                 F               0         Blade 1 Y translation displacement, node 12, m
        153   -1.101E+02                                 F               0         Blade 1 Z translation displacement, node 12, m
        154    2.075E+00                                 F               0         Blade 1 X translation displacement, node 13, m
        155   -3.975E+01                                 F               0         Blade 1 Y translation displacement, node 13, m
        156   -1.172E+02                                 F               0         Blade 1 Z translation displacement, node 13, m
        157    1.043E+00                                 F               0         Blade 1 X translation displacement, node 14, m
        158   -4.170E+01                                 F               0         Blade 1 Y translation displacement, node 14, m
        159   -1.243E+02                                 F               0         Blade 1 Z translation displacement, node 14, m
        160    1.129E-02                                 F               0         Blade 1 X translation displacement, node 15, m
        161   -4.366E+01                                 F               0         Blade 1 Y translation displacement, node 15, m
        162   -1.314E+02                                 F               0         Blade 1 Z translation displacement, node 15, m
        163   -1.021E+00                                 F               0         Blade 1 X translation displacement, node 16, m
        164   -4.562E+01                                 F               0         Blade 1 Y translation displacement, node 16, m
        165   -1.386E+02                                 F               0         Blade 1 Z translation displacement, node 16, m
        166   -2.052E+00                                 F               0         Blade 1 X translation displacement, node 17, m
        167   -4.758E+01                                 F               0         Blade 1 Y translation displacement, node 17, m
        168   -1.457E+02                                 F               0         Blade 1 Z translation displacement, node 17, m
        169   -3.084E+00                                 F               0         Blade 1 X translation displacement, node 18, m
        170   -4.954E+01                                 F               0         Blade 1 Y translation displacement, node 18, m
        171   -1.528E+02                                 F               0         Blade 1 Z translation displacement, node 18, m
        172   -4.116E+00                                 F               0         Blade 1 X translation displacement, node 19, m
        173   -5.150E+01                                 F               0         Blade 1 Y translation displacement, node 19, m
        174   -1.599E+02                                 F               0         Blade 1 Z translation displacement, node 19, m
        175   -5.148E+00                                 F               0         Blade 1 X translation displacement, node 20, m
        176   -5.346E+01                                 F               0         Blade 1 Y translation displacement, node 20, m
        177   -1.670E+02                                 F               0         Blade 1 Z translation displacement, node 20, m
        178   -6.180E+00                                 F               0         Blade 1 X translation displacement, node 21, m
        179   -5.541E+01                                 F               0         Blade 1 Y translation displacement, node 21, m
        180   -1.742E+02                                 F               0         Blade 1 Z translation displacement, node 21, m
        181   -7.212E+00                                 F               0         Blade 1 X translation displacement, node 22, m
        182   -5.737E+01                                 F               0         Blade 1 Y translation displacement, node 22, m
        183   -1.813E+02                                 F               0         Blade 1 Z translation displacement, node 22, m
        184   -8.244E+00                                 F               0         Blade 1 X translation displacement, node 23, m
        185   -5.933E+01                                 F               0         Blade 1 Y translation displacement, node 23, m
        186   -1.884E+02                                 F               0         Blade 1 Z translation displacement, node 23, m
        187   -9.275E+00                                 F               0         Blade 1 X translation displacement, node 24, m
        188   -6.129E+01                                 F               0         Blade 1 Y translation displacement, node 24, m
        189   -1.955E+02                                 F               0         Blade 1 Z translation displacement, node 24, m
        190   -1.031E+01                                 F               0         Blade 1 X translation displacement, node 25, m
        191   -6.325E+01                                 F               0         Blade 1 Y translation displacement, node 25, m
        192   -2.026E+02                                 F               0         Blade 1 Z translation displacement, node 25, m
        193   -1.134E+01                                 F               0         Blade 1 X translation displacement, node 26, m
        194   -6.521E+01                                 F               0         Blade 1 Y translation displacement, node 26, m
        195   -2.098E+02                                 F               0         Blade 1 Z translation displacement, node 26, m
        196   -1.237E+01                                 F               0         Blade 1 X translation displacement, node 27, m
        197   -6.717E+01                                 F               0         Blade 1 Y translation displacement, node 27, m
        198   -2.169E+02                                 F               0         Blade 1 Z translation displacement, node 27, m
        199   -1.325E+01                                 F               0         Blade 1 X translation displacement, node 28, m
        200   -6.883E+01                                 F               0         Blade 1 Y translation displacement, node 28, m
        201   -2.229E+02                                 F               0         Blade 1 Z translation displacement, node 28, m
        202    8.079E-01,  4.245E-01, -4.087E-01         F               0         Blade 1 X orientation angle, node 1, rad
        203    5.665E-01, -7.505E-01,  3.403E-01         F               0         Blade 1 Y orientation angle, node 1, rad
        204   -1.623E-01, -5.064E-01, -8.469E-01         F               0         Blade 1 Z orientation angle, node 1, rad
        205    8.079E-01,  4.245E-01, -4.087E-01         F               0         Blade 1 X orientation angle, node 2, rad
        206    5.665E-01, -7.505E-01,  3.403E-01         F               0         Blade 1 Y orientation angle, node 2, rad
        207   -1.623E-01, -5.064E-01, -8.469E-01         F               0         Blade 1 Z orientation angle, node 2, rad
        208    9.192E-01,  2.346E-01, -3.164E-01         F               0         Blade 1 X orientation angle, node 3, rad
        209    3.589E-01, -8.298E-01,  4.274E-01         F               0         Blade 1 Y orientation angle, node 3, rad
        210   -1.623E-01, -5.064E-01, -8.469E-01         F               0         Blade 1 Z orientation angle, node 3, rad
        211    9.335E-01,  1.993E-01, -2.980E-01         F               0         Blade 1 X orientation angle, node 4, rad
        212    3.197E-01, -8.389E-01,  4.404E-01         F               0         Blade 1 Y orientation angle, node 4, rad
        213   -1.623E-01, -5.064E-01, -8.469E-01         F               0         Blade 1 Z orientation angle, node 4, rad
        214    9.436E-01,  1.714E-01, -2.833E-01         F               0         Blade 1 X orientation angle, node 5, rad
        215    2.886E-01, -8.451E-01,  4.500E-01         F               0         Blade 1 Y orientation angle, node 5, rad
        216   -1.623E-01, -5.064E-01, -8.469E-01         F               0         Blade 1 Z orientation angle, node 5, rad
        217    9.509E-01,  1.489E-01, -2.712E-01         F               0         Blade 1 X orientation angle, node 6, rad
        218    2.635E-01, -8.493E-01,  4.574E-01         F               0         Blade 1 Y orientation angle, node 6, rad
        219   -1.623E-01, -5.064E-01, -8.469E-01         F               0         Blade 1 Z orientation angle, node 6, rad
        220    9.564E-01,  1.304E-01, -2.612E-01         F               0         Blade 1 X orientation angle, node 7, rad
        221    2.427E-01, -8.524E-01,  4.632E-01         F               0         Blade 1 Y orientation angle, node 7, rad
        222   -1.623E-01, -5.064E-01, -8.469E-01         F               0         Blade 1 Z orientation angle, node 7, rad
        223    9.607E-01,  1.149E-01, -2.528E-01         F               0         Blade 1 X orientation angle, node 8, rad
        224    2.253E-01, -8.546E-01,  4.679E-01         F               0         Blade 1 Y orientation angle, node 8, rad
        225   -1.623E-01, -5.064E-01, -8.469E-01         F               0         Blade 1 Z orientation angle, node 8, rad
        226    9.640E-01,  1.017E-01, -2.455E-01         F               0         Blade 1 X orientation angle, node 9, rad
        227    2.105E-01, -8.563E-01,  4.717E-01         F               0         Blade 1 Y orientation angle, node 9, rad
        228   -1.623E-01, -5.064E-01, -8.469E-01         F               0         Blade 1 Z orientation angle, node 9, rad
        229    9.667E-01,  9.035E-02, -2.393E-01         F               0         Blade 1 X orientation angle, node 10, rad
        230    1.977E-01, -8.575E-01,  4.749E-01         F               0         Blade 1 Y orientation angle, node 10, rad
        231   -1.623E-01, -5.064E-01, -8.469E-01         F               0         Blade 1 Z orientation angle, node 10, rad
        232    9.689E-01,  8.062E-02, -2.339E-01         F               0         Blade 1 X orientation angle, node 11, rad
        233    1.867E-01, -8.585E-01,  4.776E-01         F               0         Blade 1 Y orientation angle, node 11, rad
        234   -1.623E-01, -5.064E-01, -8.469E-01         F               0         Blade 1 Z orientation angle, node 11, rad
        235    9.707E-01,  7.207E-02, -2.291E-01         F               0         Blade 1 X orientation angle, node 12, rad
        236    1.771E-01, -8.593E-01,  4.799E-01         F               0         Blade 1 Y orientation angle, node 12, rad
        237   -1.623E-01, -5.064E-01, -8.469E-01         F               0         Blade 1 Z orientation angle, node 12, rad
        238    9.722E-01,  6.457E-02, -2.249E-01         F               0         Blade 1 X orientation angle, node 13, rad
        239    1.686E-01, -8.599E-01,  4.819E-01         F               0         Blade 1 Y orientation angle, node 13, rad
        240   -1.623E-01, -5.064E-01, -8.469E-01         F               0         Blade 1 Z orientation angle, node 13, rad
        241    9.735E-01,  5.782E-02, -2.211E-01         F               0         Blade 1 X orientation angle, node 14, rad
        242    1.609E-01, -8.604E-01,  4.836E-01         F               0         Blade 1 Y orientation angle, node 14, rad
        243   -1.623E-01, -5.064E-01, -8.469E-01         F               0         Blade 1 Z orientation angle, node 14, rad
        244    9.746E-01,  5.181E-02, -2.177E-01         F               0         Blade 1 X orientation angle, node 15, rad
        245    1.541E-01, -8.607E-01,  4.852E-01         F               0         Blade 1 Y orientation angle, node 15, rad
        246   -1.623E-01, -5.064E-01, -8.469E-01         F               0         Blade 1 Z orientation angle, node 15, rad
        247    9.756E-01,  4.640E-02, -2.147E-01         F               0         Blade 1 X orientation angle, node 16, rad
        248    1.480E-01, -8.610E-01,  4.865E-01         F               0         Blade 1 Y orientation angle, node 16, rad
        249   -1.623E-01, -5.064E-01, -8.469E-01         F               0         Blade 1 Z orientation angle, node 16, rad
        250    9.764E-01,  4.159E-02, -2.119E-01         F               0         Blade 1 X orientation angle, node 17, rad
        251    1.426E-01, -8.613E-01,  4.877E-01         F               0         Blade 1 Y orientation angle, node 17, rad
        252   -1.623E-01, -5.064E-01, -8.469E-01         F               0         Blade 1 Z orientation angle, node 17, rad
        253    9.771E-01,  3.708E-02, -2.094E-01         F               0         Blade 1 X orientation angle, node 18, rad
        254    1.374E-01, -8.615E-01,  4.888E-01         F               0         Blade 1 Y orientation angle, node 18, rad
        255   -1.623E-01, -5.064E-01, -8.469E-01         F               0         Blade 1 Z orientation angle, node 18, rad
        256    9.778E-01,  3.302E-02, -2.071E-01         F               0         Blade 1 X orientation angle, node 19, rad
        257    1.328E-01, -8.617E-01,  4.898E-01         F               0         Blade 1 Y orientation angle, node 19, rad
        258   -1.623E-01, -5.064E-01, -8.469E-01         F               0         Blade 1 Z orientation angle, node 19, rad
        259    9.783E-01,  2.941E-02, -2.050E-01         F               0         Blade 1 X orientation angle, node 20, rad
        260    1.287E-01, -8.618E-01,  4.907E-01         F               0         Blade 1 Y orientation angle, node 20, rad
        261   -1.623E-01, -5.064E-01, -8.469E-01         F               0         Blade 1 Z orientation angle, node 20, rad
        262    9.788E-01,  2.595E-02, -2.031E-01         F               0         Blade 1 X orientation angle, node 21, rad
        263    1.248E-01, -8.619E-01,  4.915E-01         F               0         Blade 1 Y orientation angle, node 21, rad
        264   -1.623E-01, -5.064E-01, -8.469E-01         F               0         Blade 1 Z orientation angle, node 21, rad
        265    9.793E-01,  2.279E-02, -2.013E-01         F               0         Blade 1 X orientation angle, node 22, rad
        266    1.212E-01, -8.620E-01,  4.922E-01         F               0         Blade 1 Y orientation angle, node 22, rad
        267   -1.623E-01, -5.064E-01, -8.469E-01         F               0         Blade 1 Z orientation angle, node 22, rad
        268    9.797E-01,  1.993E-02, -1.996E-01         F               0         Blade 1 X orientation angle, node 23, rad
        269    1.180E-01, -8.621E-01,  4.929E-01         F               0         Blade 1 Y orientation angle, node 23, rad
        270   -1.623E-01, -5.064E-01, -8.469E-01         F               0         Blade 1 Z orientation angle, node 23, rad
        271    9.800E-01,  1.723E-02, -1.981E-01         F               0         Blade 1 X orientation angle, node 24, rad
        272    1.149E-01, -8.621E-01,  4.935E-01         F               0         Blade 1 Y orientation angle, node 24, rad
        273   -1.623E-01, -5.064E-01, -8.469E-01         F               0         Blade 1 Z orientation angle, node 24, rad
        274    9.804E-01,  1.467E-02, -1.966E-01         F               0         Blade 1 X orientation angle, node 25, rad
        275    1.120E-01, -8.622E-01,  4.941E-01         F               0         Blade 1 Y orientation angle, node 25, rad
        276   -1.623E-01, -5.064E-01, -8.469E-01         F               0         Blade 1 Z orientation angle, node 25, rad
        277    9.807E-01,  1.241E-02, -1.953E-01         F               0         Blade 1 X orientation angle, node 26, rad
        278    1.094E-01, -8.622E-01,  4.946E-01         F               0         Blade 1 Y orientation angle, node 26, rad
        279   -1.623E-01, -5.064E-01, -8.469E-01         F               0         Blade 1 Z orientation angle, node 26, rad
        280    9.809E-01,  1.015E-02, -1.940E-01         F               0         Blade 1 X orientation angle, node 27, rad
        281    1.069E-01, -8.622E-01,  4.951E-01         F               0         Blade 1 Y orientation angle, node 27, rad
        282   -1.623E-01, -5.064E-01, -8.469E-01         F               0         Blade 1 Z orientation angle, node 27, rad
        283    9.811E-01,  8.949E-03, -1.933E-01         F               0         Blade 1 X orientation angle, node 28, rad
        284    1.055E-01, -8.622E-01,  4.954E-01         F               0         Blade 1 Y orientation angle, node 28, rad
        285   -1.623E-01, -5.064E-01, -8.469E-01         F               0         Blade 1 Z orientation angle, node 28, rad
        286   -4.214E-01                                 F               0         Blade 1 X translation velocity, node 1, m/s
        287    3.423E+00                                 F               0         Blade 1 Y translation velocity, node 1, m/s
        288   -1.935E+00                                 F               0         Blade 1 Z translation velocity, node 1, m/s
        289   -5.222E-01                                 F               0         Blade 1 X translation velocity, node 2, m/s
        290    4.237E+00                                 F               0         Blade 1 Y translation velocity, node 2, m/s
        291   -2.403E+00                                 F               0         Blade 1 Z translation velocity, node 2, m/s
        292   -1.892E+00                                 F               0         Blade 1 X translation velocity, node 3, m/s
        293    1.531E+01                                 F               0         Blade 1 Y translation velocity, node 3, m/s
        294   -8.761E+00                                 F               0         Blade 1 Z translation velocity, node 3, m/s
        295   -2.184E+00                                 F               0         Blade 1 X translation velocity, node 4, m/s
        296    1.767E+01                                 F               0         Blade 1 Y translation velocity, node 4, m/s
        297   -1.012E+01                                 F               0         Blade 1 Z translation velocity, node 4, m/s
        298   -2.476E+00                                 F               0         Blade 1 X translation velocity, node 5, m/s
        299    2.003E+01                                 F               0         Blade 1 Y translation velocity, node 5, m/s
        300   -1.147E+01                                 F               0         Blade 1 Z translation velocity, node 5, m/s
        301   -2.768E+00                                 F               0         Blade 1 X translation velocity, node 6, m/s
        302    2.239E+01                                 F               0         Blade 1 Y translation velocity, node 6, m/s
        303   -1.283E+01                                 F               0         Blade 1 Z translation velocity, node 6, m/s
        304   -3.060E+00                                 F               0         Blade 1 X translation velocity, node 7, m/s
        305    2.475E+01                                 F               0         Blade 1 Y translation velocity, node 7, m/s
        306   -1.418E+01                                 F               0         Blade 1 Z translation velocity, node 7, m/s
        307   -3.352E+00                                 F               0         Blade 1 X translation velocity, node 8, m/s
