
Linearized model: Predictions were generated on 12-Jan-2024 at 08:43:17 using OpenFAST, compiled as a 64-bit application using single precision at commit v3.5.1
 linked with  NWTC Subroutine Library; ElastoDyn; InflowWind; AeroDyn; ServoDyn; HydroDyn; MAP++ (<1.20.10>, <Oct-20-2023>)

Description from the FAST input file: CCT-9 Campign 4 model. Input files to be run with OpenFAST 3.5.0. GitHub branch from Lu Wang (https://github.com/luwang00/openfast/tree/dev) compiled on March 7, 2023.

Simulation information:
   Simulation time:                   502.4750 s
   Rotor Speed:                         0.7076 rad/s
   Azimuth:                             5.1681 rad
   Wind Speed:                          8.0000 m/s
   Number of continuous states:         0
   Number of discrete states:           0
   Number of constraint states:         0
   Number of inputs:                 1746
   Number of outputs:                   4
   Jacobians included in this file?    No

Order of inputs:
     Column   Operating Point                     Rotating Frame? Derivative Order Description
   ---------- ---------------                     --------------- ---------------- -----------
          1    7.336E+00                                 F               0         Tower X translation displacement, node 1, m
          2   -1.329E+00                                 F               0         Tower Y translation displacement, node 1, m
          3   -2.026E-01                                 F               0         Tower Z translation displacement, node 1, m
          4    8.396E+00                                 F               0         Tower X translation displacement, node 2, m
          5   -1.906E+00                                 F               0         Tower Y translation displacement, node 2, m
          6   -2.617E-01                                 F               0         Tower Z translation displacement, node 2, m
          7    9.472E+00                                 F               0         Tower X translation displacement, node 3, m
          8   -2.489E+00                                 F               0         Tower Y translation displacement, node 3, m
          9   -3.225E-01                                 F               0         Tower Z translation displacement, node 3, m
         10    1.056E+01                                 F               0         Tower X translation displacement, node 4, m
         11   -3.077E+00                                 F               0         Tower Y translation displacement, node 4, m
         12   -3.845E-01                                 F               0         Tower Z translation displacement, node 4, m
         13    1.166E+01                                 F               0         Tower X translation displacement, node 5, m
         14   -3.669E+00                                 F               0         Tower Y translation displacement, node 5, m
         15   -4.475E-01                                 F               0         Tower Z translation displacement, node 5, m
         16    1.276E+01                                 F               0         Tower X translation displacement, node 6, m
         17   -4.263E+00                                 F               0         Tower Y translation displacement, node 6, m
         18   -5.114E-01                                 F               0         Tower Z translation displacement, node 6, m
         19    1.387E+01                                 F               0         Tower X translation displacement, node 7, m
         20   -4.861E+00                                 F               0         Tower Y translation displacement, node 7, m
         21   -5.758E-01                                 F               0         Tower Z translation displacement, node 7, m
         22    1.499E+01                                 F               0         Tower X translation displacement, node 8, m
         23   -5.460E+00                                 F               0         Tower Y translation displacement, node 8, m
         24   -6.407E-01                                 F               0         Tower Z translation displacement, node 8, m
         25    1.610E+01                                 F               0         Tower X translation displacement, node 9, m
         26   -6.061E+00                                 F               0         Tower Y translation displacement, node 9, m
         27   -7.060E-01                                 F               0         Tower Z translation displacement, node 9, m
         28    1.722E+01                                 F               0         Tower X translation displacement, node 10, m
         29   -6.663E+00                                 F               0         Tower Y translation displacement, node 10, m
         30   -7.714E-01                                 F               0         Tower Z translation displacement, node 10, m
         31    1.834E+01                                 F               0         Tower X translation displacement, node 11, m
         32   -7.266E+00                                 F               0         Tower Y translation displacement, node 11, m
         33   -8.369E-01                                 F               0         Tower Z translation displacement, node 11, m
         34    9.964E-01,  4.637E-03, -8.515E-02         F               0         Tower X orientation angle, node 1, rad
         35   -6.489E-04,  9.989E-01,  4.680E-02         F               0         Tower Y orientation angle, node 1, rad
         36    8.527E-02, -4.658E-02,  9.953E-01         F               0         Tower Z orientation angle, node 1, rad
         37    9.963E-01,  4.694E-03, -8.637E-02         F               0         Tower X orientation angle, node 2, rad
         38   -6.120E-04,  9.989E-01,  4.723E-02         F               0         Tower Y orientation angle, node 2, rad
         39    8.649E-02, -4.700E-02,  9.951E-01         F               0         Tower Z orientation angle, node 2, rad
         40    9.962E-01,  4.744E-03, -8.742E-02         F               0         Tower X orientation angle, node 3, rad
         41   -5.784E-04,  9.989E-01,  4.762E-02         F               0         Tower Y orientation angle, node 3, rad
         42    8.754E-02, -4.738E-02,  9.950E-01         F               0         Tower Z orientation angle, node 3, rad
         43    9.961E-01,  4.785E-03, -8.828E-02         F               0         Tower X orientation angle, node 4, rad
         44   -5.487E-04,  9.988E-01,  4.795E-02         F               0         Tower Y orientation angle, node 4, rad
         45    8.841E-02, -4.771E-02,  9.949E-01         F               0         Tower Z orientation angle, node 4, rad
         46    9.960E-01,  4.819E-03, -8.897E-02         F               0         Tower X orientation angle, node 5, rad
         47   -5.231E-04,  9.988E-01,  4.824E-02         F               0         Tower Y orientation angle, node 5, rad
         48    8.910E-02, -4.800E-02,  9.949E-01         F               0         Tower Z orientation angle, node 5, rad
         49    9.960E-01,  4.844E-03, -8.950E-02         F               0         Tower X orientation angle, node 6, rad
         50   -5.015E-04,  9.988E-01,  4.848E-02         F               0         Tower Y orientation angle, node 6, rad
         51    8.963E-02, -4.824E-02,  9.948E-01         F               0         Tower Z orientation angle, node 6, rad
         52    9.959E-01,  4.863E-03, -8.988E-02         F               0         Tower X orientation angle, node 7, rad
         53   -4.842E-04,  9.988E-01,  4.867E-02         F               0         Tower Y orientation angle, node 7, rad
         54    9.001E-02, -4.843E-02,  9.948E-01         F               0         Tower Z orientation angle, node 7, rad
         55    9.959E-01,  4.875E-03, -9.014E-02         F               0         Tower X orientation angle, node 8, rad
         56   -4.708E-04,  9.988E-01,  4.882E-02         F               0         Tower Y orientation angle, node 8, rad
         57    9.027E-02, -4.858E-02,  9.947E-01         F               0         Tower Z orientation angle, node 8, rad
         58    9.959E-01,  4.884E-03, -9.030E-02         F               0         Tower X orientation angle, node 9, rad
         59   -4.609E-04,  9.988E-01,  4.893E-02         F               0         Tower Y orientation angle, node 9, rad
         60    9.043E-02, -4.869E-02,  9.947E-01         F               0         Tower Z orientation angle, node 9, rad
         61    9.959E-01,  4.888E-03, -9.039E-02         F               0         Tower X orientation angle, node 10, rad
         62   -4.545E-04,  9.988E-01,  4.900E-02         F               0         Tower Y orientation angle, node 10, rad
         63    9.052E-02, -4.876E-02,  9.947E-01         F               0         Tower Z orientation angle, node 10, rad
         64    9.959E-01,  4.890E-03, -9.043E-02         F               0         Tower X orientation angle, node 11, rad
         65   -4.509E-04,  9.988E-01,  4.904E-02         F               0         Tower Y orientation angle, node 11, rad
         66    9.056E-02, -4.880E-02,  9.947E-01         F               0         Tower Z orientation angle, node 11, rad
         67   -4.841E-03                                 F               0         Tower X translation velocity, node 1, m/s
         68    4.746E-03                                 F               0         Tower Y translation velocity, node 1, m/s
         69    8.293E-04                                 F               0         Tower Z translation velocity, node 1, m/s
         70   -4.923E-03                                 F               0         Tower X translation velocity, node 2, m/s
         71    6.744E-03                                 F               0         Tower Y translation velocity, node 2, m/s
         72    9.303E-04                                 F               0         Tower Z translation velocity, node 2, m/s
         73   -4.995E-03                                 F               0         Tower X translation velocity, node 3, m/s
         74    8.784E-03                                 F               0         Tower Y translation velocity, node 3, m/s
         75    1.033E-03                                 F               0         Tower Z translation velocity, node 3, m/s
         76   -5.055E-03                                 F               0         Tower X translation velocity, node 4, m/s
         77    1.086E-02                                 F               0         Tower Y translation velocity, node 4, m/s
         78    1.138E-03                                 F               0         Tower Z translation velocity, node 4, m/s
         79   -5.105E-03                                 F               0         Tower X translation velocity, node 5, m/s
         80    1.296E-02                                 F               0         Tower Y translation velocity, node 5, m/s
         81    1.244E-03                                 F               0         Tower Z translation velocity, node 5, m/s
         82   -5.143E-03                                 F               0         Tower X translation velocity, node 6, m/s
         83    1.509E-02                                 F               0         Tower Y translation velocity, node 6, m/s
         84    1.350E-03                                 F               0         Tower Z translation velocity, node 6, m/s
         85   -5.171E-03                                 F               0         Tower X translation velocity, node 7, m/s
         86    1.725E-02                                 F               0         Tower Y translation velocity, node 7, m/s
         87    1.457E-03                                 F               0         Tower Z translation velocity, node 7, m/s
         88   -5.189E-03                                 F               0         Tower X translation velocity, node 8, m/s
         89    1.941E-02                                 F               0         Tower Y translation velocity, node 8, m/s
         90    1.565E-03                                 F               0         Tower Z translation velocity, node 8, m/s
         91   -5.199E-03                                 F               0         Tower X translation velocity, node 9, m/s
         92    2.160E-02                                 F               0         Tower Y translation velocity, node 9, m/s
         93    1.672E-03                                 F               0         Tower Z translation velocity, node 9, m/s
         94   -5.201E-03                                 F               0         Tower X translation velocity, node 10, m/s
         95    2.379E-02                                 F               0         Tower Y translation velocity, node 10, m/s
         96    1.780E-03                                 F               0         Tower Z translation velocity, node 10, m/s
         97   -5.198E-03                                 F               0         Tower X translation velocity, node 11, m/s
         98    2.599E-02                                 F               0         Tower Y translation velocity, node 11, m/s
         99    1.887E-03                                 F               0         Tower Z translation velocity, node 11, m/s
        100    1.909E+01                                 F               0         Hub X translation displacement, node 1, m
        101   -7.702E+00                                 F               0         Hub Y translation displacement, node 1, m
        102    9.815E-02                                 F               0         Hub Z translation displacement, node 1, m
        103    9.810E-01,  9.964E-03, -1.939E-01         F               0         Hub X orientation angle, node 1, rad
        104   -1.746E-01,  4.827E-01, -8.582E-01         F               0         Hub Y orientation angle, node 1, rad
        105    8.504E-02,  8.758E-01,  4.752E-01         F               0         Hub Z orientation angle, node 1, rad
        106    6.940E-01                                 F               0         Hub X rotation velocity, node 1, rad/s
        107    7.049E-03                                 F               0         Hub Y rotation velocity, node 1, rad/s
        108   -1.372E-01                                 F               0         Hub Z rotation velocity, node 1, rad/s
        109    9.857E-01, -4.358E-03, -1.684E-01         F               0         Blade root 1 X orientation angle, node 1, rad
        110   -1.454E-01,  4.827E-01, -8.636E-01         F               0         Blade root 1 Y orientation angle, node 1, rad
        111    8.504E-02,  8.758E-01,  4.752E-01         F               0         Blade root 1 Z orientation angle, node 1, rad
        112    9.758E-01, -5.380E-03, -2.188E-01         F               0         Blade root 2 X orientation angle, node 1, rad
        113    1.900E-01,  5.172E-01,  8.345E-01         F               0         Blade root 2 Y orientation angle, node 1, rad
        114    1.086E-01, -8.559E-01,  5.057E-01         F               0         Blade root 2 Z orientation angle, node 1, rad
        115    9.801E-01,  3.962E-02, -1.943E-01         F               0         Blade root 3 X orientation angle, node 1, rad
        116    4.273E-02, -9.990E-01,  1.182E-02         F               0         Blade root 3 Y orientation angle, node 1, rad
        117   -1.937E-01, -1.989E-02, -9.809E-01         F               0         Blade root 3 Z orientation angle, node 1, rad
        118    1.899E+01                                 F               0         Blade 1 X translation displacement, node 1, m
        119   -2.850E+00                                 F               0         Blade 1 Y translation displacement, node 1, m
        120   -2.779E+00                                 F               0         Blade 1 Z translation displacement, node 1, m
        121    1.896E+01                                 F               0         Blade 1 X translation displacement, node 2, m
        122   -1.681E+00                                 F               0         Blade 1 Y translation displacement, node 2, m
        123   -3.472E+00                                 F               0         Blade 1 Z translation displacement, node 2, m
        124    1.861E+01                                 F               0         Blade 1 X translation displacement, node 3, m
        125    1.422E+01                                 F               0         Blade 1 Y translation displacement, node 3, m
        126   -1.290E+01                                 F               0         Blade 1 Z translation displacement, node 3, m
        127    1.853E+01                                 F               0         Blade 1 X translation displacement, node 4, m
        128    1.760E+01                                 F               0         Blade 1 Y translation displacement, node 4, m
        129   -1.491E+01                                 F               0         Blade 1 Z translation displacement, node 4, m
        130    1.846E+01                                 F               0         Blade 1 X translation displacement, node 5, m
        131    2.099E+01                                 F               0         Blade 1 Y translation displacement, node 5, m
        132   -1.692E+01                                 F               0         Blade 1 Z translation displacement, node 5, m
        133    1.838E+01                                 F               0         Blade 1 X translation displacement, node 6, m
        134    2.438E+01                                 F               0         Blade 1 Y translation displacement, node 6, m
        135   -1.892E+01                                 F               0         Blade 1 Z translation displacement, node 6, m
        136    1.830E+01                                 F               0         Blade 1 X translation displacement, node 7, m
        137    2.776E+01                                 F               0         Blade 1 Y translation displacement, node 7, m
        138   -2.093E+01                                 F               0         Blade 1 Z translation displacement, node 7, m
        139    1.823E+01                                 F               0         Blade 1 X translation displacement, node 8, m
        140    3.115E+01                                 F               0         Blade 1 Y translation displacement, node 8, m
        141   -2.294E+01                                 F               0         Blade 1 Z translation displacement, node 8, m
        142    1.815E+01                                 F               0         Blade 1 X translation displacement, node 9, m
        143    3.454E+01                                 F               0         Blade 1 Y translation displacement, node 9, m
        144   -2.495E+01                                 F               0         Blade 1 Z translation displacement, node 9, m
        145    1.808E+01                                 F               0         Blade 1 X translation displacement, node 10, m
        146    3.793E+01                                 F               0         Blade 1 Y translation displacement, node 10, m
        147   -2.696E+01                                 F               0         Blade 1 Z translation displacement, node 10, m
        148    1.800E+01                                 F               0         Blade 1 X translation displacement, node 11, m
        149    4.131E+01                                 F               0         Blade 1 Y translation displacement, node 11, m
        150   -2.897E+01                                 F               0         Blade 1 Z translation displacement, node 11, m
        151    1.793E+01                                 F               0         Blade 1 X translation displacement, node 12, m
        152    4.470E+01                                 F               0         Blade 1 Y translation displacement, node 12, m
        153   -3.098E+01                                 F               0         Blade 1 Z translation displacement, node 12, m
        154    1.785E+01                                 F               0         Blade 1 X translation displacement, node 13, m
        155    4.809E+01                                 F               0         Blade 1 Y translation displacement, node 13, m
        156   -3.298E+01                                 F               0         Blade 1 Z translation displacement, node 13, m
        157    1.778E+01                                 F               0         Blade 1 X translation displacement, node 14, m
        158    5.147E+01                                 F               0         Blade 1 Y translation displacement, node 14, m
        159   -3.499E+01                                 F               0         Blade 1 Z translation displacement, node 14, m
        160    1.770E+01                                 F               0         Blade 1 X translation displacement, node 15, m
        161    5.486E+01                                 F               0         Blade 1 Y translation displacement, node 15, m
        162   -3.700E+01                                 F               0         Blade 1 Z translation displacement, node 15, m
        163    1.763E+01                                 F               0         Blade 1 X translation displacement, node 16, m
        164    5.825E+01                                 F               0         Blade 1 Y translation displacement, node 16, m
        165   -3.901E+01                                 F               0         Blade 1 Z translation displacement, node 16, m
        166    1.755E+01                                 F               0         Blade 1 X translation displacement, node 17, m
        167    6.164E+01                                 F               0         Blade 1 Y translation displacement, node 17, m
        168   -4.102E+01                                 F               0         Blade 1 Z translation displacement, node 17, m
        169    1.748E+01                                 F               0         Blade 1 X translation displacement, node 18, m
        170    6.502E+01                                 F               0         Blade 1 Y translation displacement, node 18, m
        171   -4.303E+01                                 F               0         Blade 1 Z translation displacement, node 18, m
        172    1.740E+01                                 F               0         Blade 1 X translation displacement, node 19, m
        173    6.841E+01                                 F               0         Blade 1 Y translation displacement, node 19, m
        174   -4.504E+01                                 F               0         Blade 1 Z translation displacement, node 19, m
        175    1.732E+01                                 F               0         Blade 1 X translation displacement, node 20, m
        176    7.180E+01                                 F               0         Blade 1 Y translation displacement, node 20, m
        177   -4.704E+01                                 F               0         Blade 1 Z translation displacement, node 20, m
        178    1.725E+01                                 F               0         Blade 1 X translation displacement, node 21, m
        179    7.518E+01                                 F               0         Blade 1 Y translation displacement, node 21, m
        180   -4.905E+01                                 F               0         Blade 1 Z translation displacement, node 21, m
        181    1.717E+01                                 F               0         Blade 1 X translation displacement, node 22, m
        182    7.857E+01                                 F               0         Blade 1 Y translation displacement, node 22, m
        183   -5.106E+01                                 F               0         Blade 1 Z translation displacement, node 22, m
        184    1.710E+01                                 F               0         Blade 1 X translation displacement, node 23, m
        185    8.196E+01                                 F               0         Blade 1 Y translation displacement, node 23, m
        186   -5.307E+01                                 F               0         Blade 1 Z translation displacement, node 23, m
        187    1.702E+01                                 F               0         Blade 1 X translation displacement, node 24, m
        188    8.535E+01                                 F               0         Blade 1 Y translation displacement, node 24, m
        189   -5.508E+01                                 F               0         Blade 1 Z translation displacement, node 24, m
        190    1.695E+01                                 F               0         Blade 1 X translation displacement, node 25, m
        191    8.873E+01                                 F               0         Blade 1 Y translation displacement, node 25, m
        192   -5.709E+01                                 F               0         Blade 1 Z translation displacement, node 25, m
        193    1.687E+01                                 F               0         Blade 1 X translation displacement, node 26, m
        194    9.212E+01                                 F               0         Blade 1 Y translation displacement, node 26, m
        195   -5.910E+01                                 F               0         Blade 1 Z translation displacement, node 26, m
        196    1.680E+01                                 F               0         Blade 1 X translation displacement, node 27, m
        197    9.551E+01                                 F               0         Blade 1 Y translation displacement, node 27, m
        198   -6.110E+01                                 F               0         Blade 1 Z translation displacement, node 27, m
        199    1.673E+01                                 F               0         Blade 1 X translation displacement, node 28, m
        200    9.838E+01                                 F               0         Blade 1 Y translation displacement, node 28, m
        201   -6.281E+01                                 F               0         Blade 1 Z translation displacement, node 28, m
        202    9.436E-01, -2.240E-01,  2.440E-01         F               0         Blade 1 X orientation angle, node 1, rad
        203    3.201E-01,  4.276E-01, -8.454E-01         F               0         Blade 1 Y orientation angle, node 1, rad
        204    8.504E-02,  8.758E-01,  4.752E-01         F               0         Blade 1 Z orientation angle, node 1, rad
        205    9.436E-01, -2.240E-01,  2.440E-01         F               0         Blade 1 X orientation angle, node 2, rad
        206    3.201E-01,  4.276E-01, -8.454E-01         F               0         Blade 1 Y orientation angle, node 2, rad
        207    8.504E-02,  8.758E-01,  4.752E-01         F               0         Blade 1 Z orientation angle, node 2, rad
        208    9.925E-01, -1.163E-01,  3.667E-02         F               0         Blade 1 X orientation angle, node 3, rad
        209    8.737E-02,  4.685E-01, -8.791E-01         F               0         Blade 1 Y orientation angle, node 3, rad
        210    8.504E-02,  8.758E-01,  4.752E-01         F               0         Blade 1 Z orientation angle, node 3, rad
        211    9.953E-01, -9.639E-02, -4.862E-04         F               0         Blade 1 X orientation angle, node 4, rad
        212    4.538E-02,  4.730E-01, -8.799E-01         F               0         Blade 1 Y orientation angle, node 4, rad
        213    8.504E-02,  8.758E-01,  4.752E-01         F               0         Blade 1 Z orientation angle, node 4, rad
        214    9.963E-01, -8.065E-02, -2.966E-02         F               0         Blade 1 X orientation angle, node 5, rad
        215    1.235E-02,  4.760E-01, -8.794E-01         F               0         Blade 1 Y orientation angle, node 5, rad
        216    8.504E-02,  8.758E-01,  4.752E-01         F               0         Blade 1 Z orientation angle, node 5, rad
        217    9.963E-01, -6.800E-02, -5.297E-02         F               0         Blade 1 X orientation angle, node 6, rad
        218   -1.408E-02,  4.779E-01, -8.783E-01         F               0         Blade 1 Y orientation angle, node 6, rad
        219    8.504E-02,  8.758E-01,  4.752E-01         F               0         Blade 1 Z orientation angle, node 6, rad
        220    9.957E-01, -5.756E-02, -7.212E-02         F               0         Blade 1 X orientation angle, node 7, rad
        221   -3.581E-02,  4.793E-01, -8.769E-01         F               0         Blade 1 Y orientation angle, node 7, rad
        222    8.504E-02,  8.758E-01,  4.752E-01         F               0         Blade 1 Z orientation angle, node 7, rad
        223    9.949E-01, -4.885E-02, -8.803E-02         F               0         Blade 1 X orientation angle, node 8, rad
        224   -5.388E-02,  4.803E-01, -8.755E-01         F               0         Blade 1 Y orientation angle, node 8, rad
        225    8.504E-02,  8.758E-01,  4.752E-01         F               0         Blade 1 Z orientation angle, node 8, rad
        226    9.940E-01, -4.146E-02, -1.015E-01         F               0         Blade 1 X orientation angle, node 9, rad
        227   -6.915E-02,  4.810E-01, -8.740E-01         F               0         Blade 1 Y orientation angle, node 9, rad
        228    8.504E-02,  8.758E-01,  4.752E-01         F               0         Blade 1 Z orientation angle, node 9, rad
        229    9.930E-01, -3.508E-02, -1.130E-01         F               0         Blade 1 X orientation angle, node 10, rad
        230   -8.233E-02,  4.815E-01, -8.726E-01         F               0         Blade 1 Y orientation angle, node 10, rad
        231    8.504E-02,  8.758E-01,  4.752E-01         F               0         Blade 1 Z orientation angle, node 10, rad
        232    9.920E-01, -2.962E-02, -1.229E-01         F               0         Blade 1 X orientation angle, node 11, rad
        233   -9.359E-02,  4.818E-01, -8.712E-01         F               0         Blade 1 Y orientation angle, node 11, rad
        234    8.504E-02,  8.758E-01,  4.752E-01         F               0         Blade 1 Z orientation angle, node 11, rad
        235    9.910E-01, -2.482E-02, -1.316E-01         F               0         Blade 1 X orientation angle, node 12, rad
        236   -1.035E-01,  4.821E-01, -8.700E-01         F               0         Blade 1 Y orientation angle, node 12, rad
        237    8.504E-02,  8.758E-01,  4.752E-01         F               0         Blade 1 Z orientation angle, node 12, rad
        238    9.901E-01, -2.061E-02, -1.392E-01         F               0         Blade 1 X orientation angle, node 13, rad
        239   -1.121E-01,  4.823E-01, -8.688E-01         F               0         Blade 1 Y orientation angle, node 13, rad
        240    8.504E-02,  8.758E-01,  4.752E-01         F               0         Blade 1 Z orientation angle, node 13, rad
        241    9.891E-01, -1.683E-02, -1.460E-01         F               0         Blade 1 X orientation angle, node 14, rad
        242   -1.199E-01,  4.825E-01, -8.677E-01         F               0         Blade 1 Y orientation angle, node 14, rad
        243    8.504E-02,  8.758E-01,  4.752E-01         F               0         Blade 1 Z orientation angle, node 14, rad
        244    9.883E-01, -1.346E-02, -1.521E-01         F               0         Blade 1 X orientation angle, node 15, rad
        245   -1.268E-01,  4.826E-01, -8.666E-01         F               0         Blade 1 Y orientation angle, node 15, rad
        246    8.504E-02,  8.758E-01,  4.752E-01         F               0         Blade 1 Z orientation angle, node 15, rad
        247    9.875E-01, -1.042E-02, -1.575E-01         F               0         Blade 1 X orientation angle, node 16, rad
        248   -1.330E-01,  4.826E-01, -8.657E-01         F               0         Blade 1 Y orientation angle, node 16, rad
        249    8.504E-02,  8.758E-01,  4.752E-01         F               0         Blade 1 Z orientation angle, node 16, rad
        250    9.867E-01, -7.728E-03, -1.623E-01         F               0         Blade 1 X orientation angle, node 17, rad
        251   -1.385E-01,  4.827E-01, -8.648E-01         F               0         Blade 1 Y orientation angle, node 17, rad
        252    8.504E-02,  8.758E-01,  4.752E-01         F               0         Blade 1 Z orientation angle, node 17, rad
        253    9.860E-01, -5.201E-03, -1.669E-01         F               0         Blade 1 X orientation angle, node 18, rad
        254   -1.437E-01,  4.827E-01, -8.639E-01         F               0         Blade 1 Y orientation angle, node 18, rad
        255    8.504E-02,  8.758E-01,  4.752E-01         F               0         Blade 1 Z orientation angle, node 18, rad
        256    9.853E-01, -2.926E-03, -1.709E-01         F               0         Blade 1 X orientation angle, node 19, rad
        257   -1.483E-01,  4.827E-01, -8.631E-01         F               0         Blade 1 Y orientation angle, node 19, rad
        258    8.504E-02,  8.758E-01,  4.752E-01         F               0         Blade 1 Z orientation angle, node 19, rad
        259    9.846E-01, -9.040E-04, -1.745E-01         F               0         Blade 1 X orientation angle, node 20, rad
        260   -1.524E-01,  4.828E-01, -8.624E-01         F               0         Blade 1 Y orientation angle, node 20, rad
        261    8.504E-02,  8.758E-01,  4.752E-01         F               0         Blade 1 Z orientation angle, node 20, rad
        262    9.840E-01,  1.034E-03, -1.780E-01         F               0         Blade 1 X orientation angle, node 21, rad
        263   -1.564E-01,  4.828E-01, -8.617E-01         F               0         Blade 1 Y orientation angle, node 21, rad
        264    8.504E-02,  8.758E-01,  4.752E-01         F               0         Blade 1 Z orientation angle, node 21, rad
        265    9.834E-01,  2.803E-03, -1.812E-01         F               0         Blade 1 X orientation angle, node 22, rad
        266   -1.600E-01,  4.827E-01, -8.610E-01         F               0         Blade 1 Y orientation angle, node 22, rad
        267    8.504E-02,  8.758E-01,  4.752E-01         F               0         Blade 1 Z orientation angle, node 22, rad
        268    9.829E-01,  4.404E-03, -1.840E-01         F               0         Blade 1 X orientation angle, node 23, rad
        269   -1.632E-01,  4.827E-01, -8.604E-01         F               0         Blade 1 Y orientation angle, node 23, rad
        270    8.504E-02,  8.758E-01,  4.752E-01         F               0         Blade 1 Z orientation angle, node 23, rad
        271    9.824E-01,  5.921E-03, -1.867E-01         F               0         Blade 1 X orientation angle, node 24, rad
        272   -1.663E-01,  4.827E-01, -8.598E-01         F               0         Blade 1 Y orientation angle, node 24, rad
        273    8.504E-02,  8.758E-01,  4.752E-01         F               0         Blade 1 Z orientation angle, node 24, rad
        274    9.819E-01,  7.353E-03, -1.893E-01         F               0         Blade 1 X orientation angle, node 25, rad
        275   -1.692E-01,  4.827E-01, -8.593E-01         F               0         Blade 1 Y orientation angle, node 25, rad
        276    8.504E-02,  8.758E-01,  4.752E-01         F               0         Blade 1 Z orientation angle, node 25, rad
        277    9.815E-01,  8.617E-03, -1.915E-01         F               0         Blade 1 X orientation angle, node 26, rad
        278   -1.718E-01,  4.827E-01, -8.588E-01         F               0         Blade 1 Y orientation angle, node 26, rad
        279    8.504E-02,  8.758E-01,  4.752E-01         F               0         Blade 1 Z orientation angle, node 26, rad
        280    9.810E-01,  9.880E-03, -1.938E-01         F               0         Blade 1 X orientation angle, node 27, rad
        281   -1.744E-01,  4.827E-01, -8.583E-01         F               0         Blade 1 Y orientation angle, node 27, rad
        282    8.504E-02,  8.758E-01,  4.752E-01         F               0         Blade 1 Z orientation angle, node 27, rad
        283    9.808E-01,  1.055E-02, -1.950E-01         F               0         Blade 1 X orientation angle, node 28, rad
        284   -1.758E-01,  4.826E-01, -8.580E-01         F               0         Blade 1 Y orientation angle, node 28, rad
        285    8.504E-02,  8.758E-01,  4.752E-01         F               0         Blade 1 Z orientation angle, node 28, rad
        286    6.788E-01                                 F               0         Blade 1 X translation velocity, node 1, m/s
        287   -1.865E+00                                 F               0         Blade 1 Y translation velocity, node 1, m/s
        288    3.365E+00                                 F               0         Blade 1 Z translation velocity, node 1, m/s
        289    8.436E-01                                 F               0         Blade 1 X translation velocity, node 2, m/s
        290   -2.320E+00                                 F               0         Blade 1 Y translation velocity, node 2, m/s
        291    4.176E+00                                 F               0         Blade 1 Z translation velocity, node 2, m/s
        292    3.085E+00                                 F               0         Blade 1 X translation velocity, node 3, m/s
        293   -8.518E+00                                 F               0         Blade 1 Y translation velocity, node 3, m/s
        294    1.520E+01                                 F               0         Blade 1 Z translation velocity, node 3, m/s
        295    3.562E+00                                 F               0         Blade 1 X translation velocity, node 4, m/s
        296   -9.839E+00                                 F               0         Blade 1 Y translation velocity, node 4, m/s
        297    1.755E+01                                 F               0         Blade 1 Z translation velocity, node 4, m/s
        298    4.040E+00                                 F               0         Blade 1 X translation velocity, node 5, m/s
        299   -1.116E+01                                 F               0         Blade 1 Y translation velocity, node 5, m/s
        300    1.989E+01                                 F               0         Blade 1 Z translation velocity, node 5, m/s
        301    4.518E+00                                 F               0         Blade 1 X translation velocity, node 6, m/s
        302   -1.248E+01                                 F               0         Blade 1 Y translation velocity, node 6, m/s
        303    2.224E+01                                 F               0         Blade 1 Z translation velocity, node 6, m/s
        304    4.995E+00                                 F               0         Blade 1 X translation velocity, node 7, m/s
        305   -1.380E+01                                 F               0         Blade 1 Y translation velocity, node 7, m/s
        306    2.459E+01                                 F               0         Blade 1 Z translation velocity, node 7, m/s
        307    5.473E+00                                 F               0         Blade 1 X translation velocity, node 8, m/s
