
Linearized model: Predictions were generated on 12-Jan-2024 at 08:43:17 using OpenFAST, compiled as a 64-bit application using single precision at commit v3.5.1
 linked with  NWTC Subroutine Library; ElastoDyn; InflowWind; AeroDyn; ServoDyn; HydroDyn; MAP++ (<1.20.10>, <Oct-20-2023>)

Description from the FAST input file: CCT-9 Campign 4 model. Input files to be run with OpenFAST 3.5.0. GitHub branch from Lu Wang (https://github.com/luwang00/openfast/tree/dev) compiled on March 7, 2023.

Simulation information:
   Simulation time:                   500.2500 s
   Rotor Speed:                         0.7075 rad/s
   Azimuth:                             3.5937 rad
   Wind Speed:                          8.0000 m/s
   Number of continuous states:         0
   Number of discrete states:           0
   Number of constraint states:         0
   Number of inputs:                 1746
   Number of outputs:                   4
   Jacobians included in this file?    No

Order of inputs:
     Column   Operating Point                     Rotating Frame? Derivative Order Description
   ---------- ---------------                     --------------- ---------------- -----------
          1    7.346E+00                                 F               0         Tower X translation displacement, node 1, m
          2   -1.337E+00                                 F               0         Tower Y translation displacement, node 1, m
          3   -2.023E-01                                 F               0         Tower Z translation displacement, node 1, m
          4    8.406E+00                                 F               0         Tower X translation displacement, node 2, m
          5   -1.917E+00                                 F               0         Tower Y translation displacement, node 2, m
          6   -2.616E-01                                 F               0         Tower Z translation displacement, node 2, m
          7    9.482E+00                                 F               0         Tower X translation displacement, node 3, m
          8   -2.503E+00                                 F               0         Tower Y translation displacement, node 3, m
          9   -3.225E-01                                 F               0         Tower Z translation displacement, node 3, m
         10    1.057E+01                                 F               0         Tower X translation displacement, node 4, m
         11   -3.094E+00                                 F               0         Tower Y translation displacement, node 4, m
         12   -3.846E-01                                 F               0         Tower Z translation displacement, node 4, m
         13    1.167E+01                                 F               0         Tower X translation displacement, node 5, m
         14   -3.688E+00                                 F               0         Tower Y translation displacement, node 5, m
         15   -4.478E-01                                 F               0         Tower Z translation displacement, node 5, m
         16    1.277E+01                                 F               0         Tower X translation displacement, node 6, m
         17   -4.286E+00                                 F               0         Tower Y translation displacement, node 6, m
         18   -5.118E-01                                 F               0         Tower Z translation displacement, node 6, m
         19    1.388E+01                                 F               0         Tower X translation displacement, node 7, m
         20   -4.886E+00                                 F               0         Tower Y translation displacement, node 7, m
         21   -5.764E-01                                 F               0         Tower Z translation displacement, node 7, m
         22    1.500E+01                                 F               0         Tower X translation displacement, node 8, m
         23   -5.488E+00                                 F               0         Tower Y translation displacement, node 8, m
         24   -6.415E-01                                 F               0         Tower Z translation displacement, node 8, m
         25    1.611E+01                                 F               0         Tower X translation displacement, node 9, m
         26   -6.092E+00                                 F               0         Tower Y translation displacement, node 9, m
         27   -7.069E-01                                 F               0         Tower Z translation displacement, node 9, m
         28    1.723E+01                                 F               0         Tower X translation displacement, node 10, m
         29   -6.697E+00                                 F               0         Tower Y translation displacement, node 10, m
         30   -7.725E-01                                 F               0         Tower Z translation displacement, node 10, m
         31    1.835E+01                                 F               0         Tower X translation displacement, node 11, m
         32   -7.303E+00                                 F               0         Tower Y translation displacement, node 11, m
         33   -8.382E-01                                 F               0         Tower Z translation displacement, node 11, m
         34    9.964E-01,  4.549E-03, -8.516E-02         F               0         Tower X orientation angle, node 1, rad
         35   -5.426E-04,  9.989E-01,  4.701E-02         F               0         Tower Y orientation angle, node 1, rad
         36    8.528E-02, -4.679E-02,  9.953E-01         F               0         Tower Z orientation angle, node 1, rad
         37    9.963E-01,  4.606E-03, -8.638E-02         F               0         Tower X orientation angle, node 2, rad
         38   -5.052E-04,  9.989E-01,  4.744E-02         F               0         Tower Y orientation angle, node 2, rad
         39    8.650E-02, -4.722E-02,  9.951E-01         F               0         Tower Z orientation angle, node 2, rad
         40    9.962E-01,  4.656E-03, -8.743E-02         F               0         Tower X orientation angle, node 3, rad
         41   -4.711E-04,  9.989E-01,  4.783E-02         F               0         Tower Y orientation angle, node 3, rad
         42    8.755E-02, -4.761E-02,  9.950E-01         F               0         Tower Z orientation angle, node 3, rad
         43    9.961E-01,  4.698E-03, -8.830E-02         F               0         Tower X orientation angle, node 4, rad
         44   -4.411E-04,  9.988E-01,  4.817E-02         F               0         Tower Y orientation angle, node 4, rad
         45    8.842E-02, -4.794E-02,  9.949E-01         F               0         Tower Z orientation angle, node 4, rad
         46    9.960E-01,  4.732E-03, -8.899E-02         F               0         Tower X orientation angle, node 5, rad
         47   -4.151E-04,  9.988E-01,  4.846E-02         F               0         Tower Y orientation angle, node 5, rad
         48    8.911E-02, -4.823E-02,  9.949E-01         F               0         Tower Z orientation angle, node 5, rad
         49    9.960E-01,  4.757E-03, -8.952E-02         F               0         Tower X orientation angle, node 6, rad
         50   -3.933E-04,  9.988E-01,  4.871E-02         F               0         Tower Y orientation angle, node 6, rad
         51    8.964E-02, -4.847E-02,  9.948E-01         F               0         Tower Z orientation angle, node 6, rad
         52    9.959E-01,  4.776E-03, -8.989E-02         F               0         Tower X orientation angle, node 7, rad
         53   -3.757E-04,  9.988E-01,  4.890E-02         F               0         Tower Y orientation angle, node 7, rad
         54    9.002E-02, -4.867E-02,  9.948E-01         F               0         Tower Z orientation angle, node 7, rad
         55    9.959E-01,  4.789E-03, -9.015E-02         F               0         Tower X orientation angle, node 8, rad
         56   -3.620E-04,  9.988E-01,  4.905E-02         F               0         Tower Y orientation angle, node 8, rad
         57    9.028E-02, -4.882E-02,  9.947E-01         F               0         Tower Z orientation angle, node 8, rad
         58    9.959E-01,  4.797E-03, -9.032E-02         F               0         Tower X orientation angle, node 9, rad
         59   -3.520E-04,  9.988E-01,  4.917E-02         F               0         Tower Y orientation angle, node 9, rad
         60    9.045E-02, -4.893E-02,  9.947E-01         F               0         Tower Z orientation angle, node 9, rad
         61    9.959E-01,  4.802E-03, -9.041E-02         F               0         Tower X orientation angle, node 10, rad
         62   -3.455E-04,  9.988E-01,  4.924E-02         F               0         Tower Y orientation angle, node 10, rad
         63    9.054E-02, -4.900E-02,  9.947E-01         F               0         Tower Z orientation angle, node 10, rad
         64    9.959E-01,  4.804E-03, -9.045E-02         F               0         Tower X orientation angle, node 11, rad
         65   -3.419E-04,  9.988E-01,  4.928E-02         F               0         Tower Y orientation angle, node 11, rad
         66    9.058E-02, -4.904E-02,  9.947E-01         F               0         Tower Z orientation angle, node 11, rad
         67   -4.048E-03                                 F               0         Tower X translation velocity, node 1, m/s
         68    3.061E-03                                 F               0         Tower Y translation velocity, node 1, m/s
         69   -1.041E-03                                 F               0         Tower Z translation velocity, node 1, m/s
         70   -4.087E-03                                 F               0         Tower X translation velocity, node 2, m/s
         71    3.583E-03                                 F               0         Tower Y translation velocity, node 2, m/s
         72   -1.013E-03                                 F               0         Tower Z translation velocity, node 2, m/s
         73   -4.119E-03                                 F               0         Tower X translation velocity, node 3, m/s
         74    4.123E-03                                 F               0         Tower Y translation velocity, node 3, m/s
         75   -9.848E-04                                 F               0         Tower Z translation velocity, node 3, m/s
         76   -4.146E-03                                 F               0         Tower X translation velocity, node 4, m/s
         77    4.677E-03                                 F               0         Tower Y translation velocity, node 4, m/s
         78   -9.559E-04                                 F               0         Tower Z translation velocity, node 4, m/s
         79   -4.167E-03                                 F               0         Tower X translation velocity, node 5, m/s
         80    5.243E-03                                 F               0         Tower Y translation velocity, node 5, m/s
         81   -9.266E-04                                 F               0         Tower Z translation velocity, node 5, m/s
         82   -4.183E-03                                 F               0         Tower X translation velocity, node 6, m/s
         83    5.820E-03                                 F               0         Tower Y translation velocity, node 6, m/s
         84   -8.971E-04                                 F               0         Tower Z translation velocity, node 6, m/s
         85   -4.196E-03                                 F               0         Tower X translation velocity, node 7, m/s
         86    6.405E-03                                 F               0         Tower Y translation velocity, node 7, m/s
         87   -8.674E-04                                 F               0         Tower Z translation velocity, node 7, m/s
         88   -4.205E-03                                 F               0         Tower X translation velocity, node 8, m/s
         89    6.998E-03                                 F               0         Tower Y translation velocity, node 8, m/s
         90   -8.375E-04                                 F               0         Tower Z translation velocity, node 8, m/s
         91   -4.211E-03                                 F               0         Tower X translation velocity, node 9, m/s
         92    7.596E-03                                 F               0         Tower Y translation velocity, node 9, m/s
         93   -8.076E-04                                 F               0         Tower Z translation velocity, node 9, m/s
         94   -4.214E-03                                 F               0         Tower X translation velocity, node 10, m/s
         95    8.199E-03                                 F               0         Tower Y translation velocity, node 10, m/s
         96   -7.775E-04                                 F               0         Tower Z translation velocity, node 10, m/s
         97   -4.217E-03                                 F               0         Tower X translation velocity, node 11, m/s
         98    8.804E-03                                 F               0         Tower Y translation velocity, node 11, m/s
         99   -7.475E-04                                 F               0         Tower Z translation velocity, node 11, m/s
        100    1.911E+01                                 F               0         Hub X translation displacement, node 1, m
        101   -7.740E+00                                 F               0         Hub Y translation displacement, node 1, m
        102    9.700E-02                                 F               0         Hub Z translation displacement, node 1, m
        103    9.810E-01,  9.904E-03, -1.939E-01         F               0         Hub X orientation angle, node 1, rad
        104   -8.452E-02, -8.774E-01, -4.723E-01         F               0         Hub Y orientation angle, node 1, rad
        105   -1.748E-01,  4.797E-01, -8.598E-01         F               0         Hub Z orientation angle, node 1, rad
        106    6.940E-01                                 F               0         Hub X rotation velocity, node 1, rad/s
        107    7.005E-03                                 F               0         Hub Y rotation velocity, node 1, rad/s
        108   -1.372E-01                                 F               0         Hub Z rotation velocity, node 1, rad/s
        109    9.830E-01,  3.593E-02, -1.798E-01         F               0         Blade root 1 X orientation angle, node 1, rad
        110   -5.538E-02, -8.767E-01, -4.779E-01         F               0         Blade root 1 Y orientation angle, node 1, rad
        111   -1.748E-01,  4.797E-01, -8.598E-01         F               0         Blade root 1 Z orientation angle, node 1, rad
        112    9.838E-01, -1.544E-02, -1.788E-01         F               0         Blade root 2 X orientation angle, node 1, rad
        113   -7.999E-02,  8.541E-01, -5.140E-01         F               0         Blade root 2 Y orientation angle, node 1, rad
        114    1.606E-01,  5.200E-01,  8.390E-01         F               0         Blade root 2 Z orientation angle, node 1, rad
        115    9.748E-01,  9.211E-03, -2.229E-01         F               0         Blade root 3 X orientation angle, node 1, rad
        116    2.227E-01,  2.351E-02,  9.746E-01         F               0         Blade root 3 Y orientation angle, node 1, rad
        117    1.422E-02, -9.997E-01,  2.086E-02         F               0         Blade root 3 Z orientation angle, node 1, rad
        118    1.756E+01                                 F               0         Blade 1 X translation displacement, node 1, m
        119   -5.082E+00                                 F               0         Blade 1 Y translation displacement, node 1, m
        120   -1.018E+01                                 F               0         Blade 1 Z translation displacement, node 1, m
        121    1.718E+01                                 F               0         Blade 1 X translation displacement, node 2, m
        122   -4.442E+00                                 F               0         Blade 1 Y translation displacement, node 2, m
        123   -1.265E+01                                 F               0         Blade 1 Z translation displacement, node 2, m
        124    1.211E+01                                 F               0         Blade 1 X translation displacement, node 3, m
        125    4.267E+00                                 F               0         Blade 1 Y translation displacement, node 3, m
        126   -4.631E+01                                 F               0         Blade 1 Z translation displacement, node 3, m
        127    1.103E+01                                 F               0         Blade 1 X translation displacement, node 4, m
        128    6.122E+00                                 F               0         Blade 1 Y translation displacement, node 4, m
        129   -5.348E+01                                 F               0         Blade 1 Z translation displacement, node 4, m
        130    9.953E+00                                 F               0         Blade 1 X translation displacement, node 5, m
        131    7.978E+00                                 F               0         Blade 1 Y translation displacement, node 5, m
        132   -6.066E+01                                 F               0         Blade 1 Z translation displacement, node 5, m
        133    8.873E+00                                 F               0         Blade 1 X translation displacement, node 6, m
        134    9.833E+00                                 F               0         Blade 1 Y translation displacement, node 6, m
        135   -6.783E+01                                 F               0         Blade 1 Z translation displacement, node 6, m
        136    7.792E+00                                 F               0         Blade 1 X translation displacement, node 7, m
        137    1.169E+01                                 F               0         Blade 1 Y translation displacement, node 7, m
        138   -7.500E+01                                 F               0         Blade 1 Z translation displacement, node 7, m
        139    6.712E+00                                 F               0         Blade 1 X translation displacement, node 8, m
        140    1.354E+01                                 F               0         Blade 1 Y translation displacement, node 8, m
        141   -8.217E+01                                 F               0         Blade 1 Z translation displacement, node 8, m
        142    5.631E+00                                 F               0         Blade 1 X translation displacement, node 9, m
        143    1.540E+01                                 F               0         Blade 1 Y translation displacement, node 9, m
        144   -8.934E+01                                 F               0         Blade 1 Z translation displacement, node 9, m
        145    4.551E+00                                 F               0         Blade 1 X translation displacement, node 10, m
        146    1.725E+01                                 F               0         Blade 1 Y translation displacement, node 10, m
        147   -9.652E+01                                 F               0         Blade 1 Z translation displacement, node 10, m
        148    3.470E+00                                 F               0         Blade 1 X translation displacement, node 11, m
        149    1.911E+01                                 F               0         Blade 1 Y translation displacement, node 11, m
        150   -1.037E+02                                 F               0         Blade 1 Z translation displacement, node 11, m
        151    2.390E+00                                 F               0         Blade 1 X translation displacement, node 12, m
        152    2.097E+01                                 F               0         Blade 1 Y translation displacement, node 12, m
        153   -1.109E+02                                 F               0         Blade 1 Z translation displacement, node 12, m
        154    1.309E+00                                 F               0         Blade 1 X translation displacement, node 13, m
        155    2.282E+01                                 F               0         Blade 1 Y translation displacement, node 13, m
        156   -1.180E+02                                 F               0         Blade 1 Z translation displacement, node 13, m
        157    2.290E-01                                 F               0         Blade 1 X translation displacement, node 14, m
        158    2.468E+01                                 F               0         Blade 1 Y translation displacement, node 14, m
        159   -1.252E+02                                 F               0         Blade 1 Z translation displacement, node 14, m
        160   -8.516E-01                                 F               0         Blade 1 X translation displacement, node 15, m
        161    2.653E+01                                 F               0         Blade 1 Y translation displacement, node 15, m
        162   -1.324E+02                                 F               0         Blade 1 Z translation displacement, node 15, m
        163   -1.932E+00                                 F               0         Blade 1 X translation displacement, node 16, m
        164    2.839E+01                                 F               0         Blade 1 Y translation displacement, node 16, m
        165   -1.395E+02                                 F               0         Blade 1 Z translation displacement, node 16, m
        166   -3.012E+00                                 F               0         Blade 1 X translation displacement, node 17, m
        167    3.024E+01                                 F               0         Blade 1 Y translation displacement, node 17, m
        168   -1.467E+02                                 F               0         Blade 1 Z translation displacement, node 17, m
        169   -4.093E+00                                 F               0         Blade 1 X translation displacement, node 18, m
        170    3.210E+01                                 F               0         Blade 1 Y translation displacement, node 18, m
        171   -1.539E+02                                 F               0         Blade 1 Z translation displacement, node 18, m
        172   -5.173E+00                                 F               0         Blade 1 X translation displacement, node 19, m
        173    3.395E+01                                 F               0         Blade 1 Y translation displacement, node 19, m
        174   -1.611E+02                                 F               0         Blade 1 Z translation displacement, node 19, m
        175   -6.254E+00                                 F               0         Blade 1 X translation displacement, node 20, m
        176    3.581E+01                                 F               0         Blade 1 Y translation displacement, node 20, m
        177   -1.682E+02                                 F               0         Blade 1 Z translation displacement, node 20, m
        178   -7.334E+00                                 F               0         Blade 1 X translation displacement, node 21, m
        179    3.766E+01                                 F               0         Blade 1 Y translation displacement, node 21, m
        180   -1.754E+02                                 F               0         Blade 1 Z translation displacement, node 21, m
        181   -8.415E+00                                 F               0         Blade 1 X translation displacement, node 22, m
        182    3.952E+01                                 F               0         Blade 1 Y translation displacement, node 22, m
        183   -1.826E+02                                 F               0         Blade 1 Z translation displacement, node 22, m
        184   -9.495E+00                                 F               0         Blade 1 X translation displacement, node 23, m
        185    4.138E+01                                 F               0         Blade 1 Y translation displacement, node 23, m
        186   -1.898E+02                                 F               0         Blade 1 Z translation displacement, node 23, m
        187   -1.058E+01                                 F               0         Blade 1 X translation displacement, node 24, m
        188    4.323E+01                                 F               0         Blade 1 Y translation displacement, node 24, m
        189   -1.969E+02                                 F               0         Blade 1 Z translation displacement, node 24, m
        190   -1.166E+01                                 F               0         Blade 1 X translation displacement, node 25, m
        191    4.509E+01                                 F               0         Blade 1 Y translation displacement, node 25, m
        192   -2.041E+02                                 F               0         Blade 1 Z translation displacement, node 25, m
        193   -1.274E+01                                 F               0         Blade 1 X translation displacement, node 26, m
        194    4.694E+01                                 F               0         Blade 1 Y translation displacement, node 26, m
        195   -2.113E+02                                 F               0         Blade 1 Z translation displacement, node 26, m
        196   -1.382E+01                                 F               0         Blade 1 X translation displacement, node 27, m
        197    4.880E+01                                 F               0         Blade 1 Y translation displacement, node 27, m
        198   -2.184E+02                                 F               0         Blade 1 Z translation displacement, node 27, m
        199   -1.473E+01                                 F               0         Blade 1 X translation displacement, node 28, m
        200    5.037E+01                                 F               0         Blade 1 Y translation displacement, node 28, m
        201   -2.245E+02                                 F               0         Blade 1 Z translation displacement, node 28, m
        202    9.001E-01,  4.318E-01,  5.787E-02         F               0         Blade 1 X orientation angle, node 1, rad
        203    3.990E-01, -7.638E-01, -5.073E-01         F               0         Blade 1 Y orientation angle, node 1, rad
        204   -1.748E-01,  4.797E-01, -8.598E-01         F               0         Blade 1 Z orientation angle, node 1, rad
        205    9.001E-01,  4.318E-01,  5.787E-02         F               0         Blade 1 X orientation angle, node 2, rad
        206    3.990E-01, -7.638E-01, -5.073E-01         F               0         Blade 1 Y orientation angle, node 2, rad
        207   -1.748E-01,  4.797E-01, -8.598E-01         F               0         Blade 1 Z orientation angle, node 2, rad
        208    9.691E-01,  2.384E-01, -6.401E-02         F               0         Blade 1 X orientation angle, node 3, rad
        209    1.743E-01, -8.444E-01, -5.066E-01         F               0         Blade 1 Y orientation angle, node 3, rad
        210   -1.748E-01,  4.797E-01, -8.598E-01         F               0         Blade 1 Z orientation angle, node 3, rad
        211    9.755E-01,  2.025E-01, -8.534E-02         F               0         Blade 1 X orientation angle, node 4, rad
        212    1.332E-01, -8.537E-01, -5.034E-01         F               0         Blade 1 Y orientation angle, node 4, rad
        213   -1.748E-01,  4.797E-01, -8.598E-01         F               0         Blade 1 Z orientation angle, node 4, rad
        214    9.794E-01,  1.741E-01, -1.020E-01         F               0         Blade 1 X orientation angle, node 5, rad
        215    1.008E-01, -8.600E-01, -5.003E-01         F               0         Blade 1 Y orientation angle, node 5, rad
        216   -1.748E-01,  4.797E-01, -8.598E-01         F               0         Blade 1 Z orientation angle, node 5, rad
        217    9.818E-01,  1.513E-01, -1.152E-01         F               0         Blade 1 X orientation angle, node 6, rad
        218    7.478E-02, -8.643E-01, -4.974E-01         F               0         Blade 1 Y orientation angle, node 6, rad
        219   -1.748E-01,  4.797E-01, -8.598E-01         F               0         Blade 1 Z orientation angle, node 6, rad
        220    9.832E-01,  1.324E-01, -1.260E-01         F               0         Blade 1 X orientation angle, node 7, rad
        221    5.334E-02, -8.674E-01, -4.948E-01         F               0         Blade 1 Y orientation angle, node 7, rad
        222   -1.748E-01,  4.797E-01, -8.598E-01         F               0         Blade 1 Z orientation angle, node 7, rad
        223    9.840E-01,  1.166E-01, -1.350E-01         F               0         Blade 1 X orientation angle, node 8, rad
        224    3.549E-02, -8.696E-01, -4.924E-01         F               0         Blade 1 Y orientation angle, node 8, rad
        225   -1.748E-01,  4.797E-01, -8.598E-01         F               0         Blade 1 Z orientation angle, node 8, rad
        226    9.844E-01,  1.032E-01, -1.426E-01         F               0         Blade 1 X orientation angle, node 9, rad
        227    2.037E-02, -8.713E-01, -4.903E-01         F               0         Blade 1 Y orientation angle, node 9, rad
        228   -1.748E-01,  4.797E-01, -8.598E-01         F               0         Blade 1 Z orientation angle, node 9, rad
        229    9.846E-01,  9.167E-02, -1.490E-01         F               0         Blade 1 X orientation angle, node 10, rad
        230    7.316E-03, -8.726E-01, -4.884E-01         F               0         Blade 1 Y orientation angle, node 10, rad
        231   -1.748E-01,  4.797E-01, -8.598E-01         F               0         Blade 1 Z orientation angle, node 10, rad
        232    9.846E-01,  8.176E-02, -1.546E-01         F               0         Blade 1 X orientation angle, node 11, rad
        233   -3.854E-03, -8.736E-01, -4.866E-01         F               0         Blade 1 Y orientation angle, node 11, rad
        234   -1.748E-01,  4.797E-01, -8.598E-01         F               0         Blade 1 Z orientation angle, node 11, rad
        235    9.845E-01,  7.307E-02, -1.594E-01         F               0         Blade 1 X orientation angle, node 12, rad
        236   -1.365E-02, -8.744E-01, -4.851E-01         F               0         Blade 1 Y orientation angle, node 12, rad
        237   -1.748E-01,  4.797E-01, -8.598E-01         F               0         Blade 1 Z orientation angle, node 12, rad
        238    9.843E-01,  6.543E-02, -1.636E-01         F               0         Blade 1 X orientation angle, node 13, rad
        239   -2.224E-02, -8.750E-01, -4.837E-01         F               0         Blade 1 Y orientation angle, node 13, rad
        240   -1.748E-01,  4.797E-01, -8.598E-01         F               0         Blade 1 Z orientation angle, node 13, rad
        241    9.841E-01,  5.856E-02, -1.674E-01         F               0         Blade 1 X orientation angle, node 14, rad
        242   -2.997E-02, -8.755E-01, -4.824E-01         F               0         Blade 1 Y orientation angle, node 14, rad
        243   -1.748E-01,  4.797E-01, -8.598E-01         F               0         Blade 1 Z orientation angle, node 14, rad
        244    9.839E-01,  5.245E-02, -1.708E-01         F               0         Blade 1 X orientation angle, node 15, rad
        245   -3.684E-02, -8.758E-01, -4.812E-01         F               0         Blade 1 Y orientation angle, node 15, rad
        246   -1.748E-01,  4.797E-01, -8.598E-01         F               0         Blade 1 Z orientation angle, node 15, rad
        247    9.837E-01,  4.694E-02, -1.738E-01         F               0         Blade 1 X orientation angle, node 16, rad
        248   -4.302E-02, -8.762E-01, -4.801E-01         F               0         Blade 1 Y orientation angle, node 16, rad
        249   -1.748E-01,  4.797E-01, -8.598E-01         F               0         Blade 1 Z orientation angle, node 16, rad
        250    9.834E-01,  4.205E-02, -1.765E-01         F               0         Blade 1 X orientation angle, node 17, rad
        251   -4.851E-02, -8.764E-01, -4.791E-01         F               0         Blade 1 Y orientation angle, node 17, rad
        252   -1.748E-01,  4.797E-01, -8.598E-01         F               0         Blade 1 Z orientation angle, node 17, rad
        253    9.831E-01,  3.746E-02, -1.790E-01         F               0         Blade 1 X orientation angle, node 18, rad
        254   -5.366E-02, -8.766E-01, -4.782E-01         F               0         Blade 1 Y orientation angle, node 18, rad
        255   -1.748E-01,  4.797E-01, -8.598E-01         F               0         Blade 1 Z orientation angle, node 18, rad
        256    9.829E-01,  3.333E-02, -1.812E-01         F               0         Blade 1 X orientation angle, node 19, rad
        257   -5.829E-02, -8.768E-01, -4.773E-01         F               0         Blade 1 Y orientation angle, node 19, rad
        258   -1.748E-01,  4.797E-01, -8.598E-01         F               0         Blade 1 Z orientation angle, node 19, rad
        259    9.826E-01,  2.965E-02, -1.832E-01         F               0         Blade 1 X orientation angle, node 20, rad
        260   -6.241E-02, -8.769E-01, -4.766E-01         F               0         Blade 1 Y orientation angle, node 20, rad
        261   -1.748E-01,  4.797E-01, -8.598E-01         F               0         Blade 1 Z orientation angle, node 20, rad
        262    9.824E-01,  2.613E-02, -1.852E-01         F               0         Blade 1 X orientation angle, node 21, rad
        263   -6.636E-02, -8.770E-01, -4.758E-01         F               0         Blade 1 Y orientation angle, node 21, rad
        264   -1.748E-01,  4.797E-01, -8.598E-01         F               0         Blade 1 Z orientation angle, node 21, rad
        265    9.821E-01,  2.292E-02, -1.869E-01         F               0         Blade 1 X orientation angle, node 22, rad
        266   -6.996E-02, -8.771E-01, -4.752E-01         F               0         Blade 1 Y orientation angle, node 22, rad
        267   -1.748E-01,  4.797E-01, -8.598E-01         F               0         Blade 1 Z orientation angle, node 22, rad
        268    9.819E-01,  2.001E-02, -1.885E-01         F               0         Blade 1 X orientation angle, node 23, rad
        269   -7.321E-02, -8.772E-01, -4.745E-01         F               0         Blade 1 Y orientation angle, node 23, rad
        270   -1.748E-01,  4.797E-01, -8.598E-01         F               0         Blade 1 Z orientation angle, node 23, rad
        271    9.816E-01,  1.725E-02, -1.900E-01         F               0         Blade 1 X orientation angle, node 24, rad
        272   -7.630E-02, -8.772E-01, -4.739E-01         F               0         Blade 1 Y orientation angle, node 24, rad
        273   -1.748E-01,  4.797E-01, -8.598E-01         F               0         Blade 1 Z orientation angle, node 24, rad
        274    9.814E-01,  1.465E-02, -1.914E-01         F               0         Blade 1 X orientation angle, node 25, rad
        275   -7.921E-02, -8.773E-01, -4.734E-01         F               0         Blade 1 Y orientation angle, node 25, rad
        276   -1.748E-01,  4.797E-01, -8.598E-01         F               0         Blade 1 Z orientation angle, node 25, rad
        277    9.812E-01,  1.235E-02, -1.926E-01         F               0         Blade 1 X orientation angle, node 26, rad
        278   -8.178E-02, -8.773E-01, -4.729E-01         F               0         Blade 1 Y orientation angle, node 26, rad
        279   -1.748E-01,  4.797E-01, -8.598E-01         F               0         Blade 1 Z orientation angle, node 26, rad
        280    9.810E-01,  1.006E-02, -1.938E-01         F               0         Blade 1 X orientation angle, node 27, rad
        281   -8.435E-02, -8.774E-01, -4.724E-01         F               0         Blade 1 Y orientation angle, node 27, rad
        282   -1.748E-01,  4.797E-01, -8.598E-01         F               0         Blade 1 Z orientation angle, node 27, rad
        283    9.809E-01,  8.832E-03, -1.945E-01         F               0         Blade 1 X orientation angle, node 28, rad
        284   -8.572E-02, -8.774E-01, -4.721E-01         F               0         Blade 1 Y orientation angle, node 28, rad
        285   -1.748E-01,  4.797E-01, -8.598E-01         F               0         Blade 1 Z orientation angle, node 28, rad
        286    3.270E-01                                 F               0         Blade 1 X translation velocity, node 1, m/s
        287    3.447E+00                                 F               0         Blade 1 Y translation velocity, node 1, m/s
        288    1.850E+00                                 F               0         Blade 1 Z translation velocity, node 1, m/s
        289    4.068E-01                                 F               0         Blade 1 X translation velocity, node 2, m/s
        290    4.276E+00                                 F               0         Blade 1 Y translation velocity, node 2, m/s
        291    2.296E+00                                 F               0         Blade 1 Z translation velocity, node 2, m/s
        292    1.492E+00                                 F               0         Blade 1 X translation velocity, node 3, m/s
        293    1.554E+01                                 F               0         Blade 1 Y translation velocity, node 3, m/s
        294    8.362E+00                                 F               0         Blade 1 Z translation velocity, node 3, m/s
        295    1.723E+00                                 F               0         Blade 1 X translation velocity, node 4, m/s
        296    1.794E+01                                 F               0         Blade 1 Y translation velocity, node 4, m/s
        297    9.654E+00                                 F               0         Blade 1 Z translation velocity, node 4, m/s
        298    1.954E+00                                 F               0         Blade 1 X translation velocity, node 5, m/s
        299    2.034E+01                                 F               0         Blade 1 Y translation velocity, node 5, m/s
        300    1.095E+01                                 F               0         Blade 1 Z translation velocity, node 5, m/s
        301    2.186E+00                                 F               0         Blade 1 X translation velocity, node 6, m/s
        302    2.274E+01                                 F               0         Blade 1 Y translation velocity, node 6, m/s
        303    1.224E+01                                 F               0         Blade 1 Z translation velocity, node 6, m/s
        304    2.417E+00                                 F               0         Blade 1 X translation velocity, node 7, m/s
        305    2.514E+01                                 F               0         Blade 1 Y translation velocity, node 7, m/s
        306    1.353E+01                                 F               0         Blade 1 Z translation velocity, node 7, m/s
        307    2.648E+00                                 F               0         Blade 1 X translation velocity, node 8, m/s
