
Linearized model: Predictions were generated on 12-Jan-2024 at 08:43:17 using OpenFAST, compiled as a 64-bit application using single precision at commit v3.5.1
 linked with  NWTC Subroutine Library; ElastoDyn; InflowWind; AeroDyn; ServoDyn; HydroDyn; MAP++ (<1.20.10>, <Oct-20-2023>)

Description from the FAST input file: CCT-9 Campign 4 model. Input files to be run with OpenFAST 3.5.0. GitHub branch from Lu Wang (https://github.com/luwang00/openfast/tree/dev) compiled on March 7, 2023.

Simulation information:
   Simulation time:                   501.9750 s
   Rotor Speed:                         0.7076 rad/s
   Azimuth:                             4.8142 rad
   Wind Speed:                          8.0000 m/s
   Number of continuous states:         0
   Number of discrete states:           0
   Number of constraint states:         0
   Number of inputs:                 1746
   Number of outputs:                   4
   Jacobians included in this file?    No

Order of inputs:
     Column   Operating Point                     Rotating Frame? Derivative Order Description
   ---------- ---------------                     --------------- ---------------- -----------
          1    7.339E+00                                 F               0         Tower X translation displacement, node 1, m
          2   -1.331E+00                                 F               0         Tower Y translation displacement, node 1, m
          3   -2.029E-01                                 F               0         Tower Z translation displacement, node 1, m
          4    8.399E+00                                 F               0         Tower X translation displacement, node 2, m
          5   -1.909E+00                                 F               0         Tower Y translation displacement, node 2, m
          6   -2.621E-01                                 F               0         Tower Z translation displacement, node 2, m
          7    9.475E+00                                 F               0         Tower X translation displacement, node 3, m
          8   -2.493E+00                                 F               0         Tower Y translation displacement, node 3, m
          9   -3.229E-01                                 F               0         Tower Z translation displacement, node 3, m
         10    1.056E+01                                 F               0         Tower X translation displacement, node 4, m
         11   -3.082E+00                                 F               0         Tower Y translation displacement, node 4, m
         12   -3.849E-01                                 F               0         Tower Z translation displacement, node 4, m
         13    1.166E+01                                 F               0         Tower X translation displacement, node 5, m
         14   -3.675E+00                                 F               0         Tower Y translation displacement, node 5, m
         15   -4.480E-01                                 F               0         Tower Z translation displacement, node 5, m
         16    1.276E+01                                 F               0         Tower X translation displacement, node 6, m
         17   -4.270E+00                                 F               0         Tower Y translation displacement, node 6, m
         18   -5.119E-01                                 F               0         Tower Z translation displacement, node 6, m
         19    1.387E+01                                 F               0         Tower X translation displacement, node 7, m
         20   -4.868E+00                                 F               0         Tower Y translation displacement, node 7, m
         21   -5.764E-01                                 F               0         Tower Z translation displacement, node 7, m
         22    1.499E+01                                 F               0         Tower X translation displacement, node 8, m
         23   -5.469E+00                                 F               0         Tower Y translation displacement, node 8, m
         24   -6.414E-01                                 F               0         Tower Z translation displacement, node 8, m
         25    1.610E+01                                 F               0         Tower X translation displacement, node 9, m
         26   -6.071E+00                                 F               0         Tower Y translation displacement, node 9, m
         27   -7.066E-01                                 F               0         Tower Z translation displacement, node 9, m
         28    1.722E+01                                 F               0         Tower X translation displacement, node 10, m
         29   -6.674E+00                                 F               0         Tower Y translation displacement, node 10, m
         30   -7.721E-01                                 F               0         Tower Z translation displacement, node 10, m
         31    1.834E+01                                 F               0         Tower X translation displacement, node 11, m
         32   -7.278E+00                                 F               0         Tower Y translation displacement, node 11, m
         33   -8.377E-01                                 F               0         Tower Z translation displacement, node 11, m
         34    9.964E-01,  4.616E-03, -8.515E-02         F               0         Tower X orientation angle, node 1, rad
         35   -6.215E-04,  9.989E-01,  4.687E-02         F               0         Tower Y orientation angle, node 1, rad
         36    8.527E-02, -4.665E-02,  9.953E-01         F               0         Tower Z orientation angle, node 1, rad
         37    9.963E-01,  4.673E-03, -8.637E-02         F               0         Tower X orientation angle, node 2, rad
         38   -5.844E-04,  9.989E-01,  4.730E-02         F               0         Tower Y orientation angle, node 2, rad
         39    8.649E-02, -4.707E-02,  9.951E-01         F               0         Tower Z orientation angle, node 2, rad
         40    9.962E-01,  4.723E-03, -8.742E-02         F               0         Tower X orientation angle, node 3, rad
         41   -5.507E-04,  9.989E-01,  4.769E-02         F               0         Tower Y orientation angle, node 3, rad
         42    8.755E-02, -4.746E-02,  9.950E-01         F               0         Tower Z orientation angle, node 3, rad
         43    9.961E-01,  4.764E-03, -8.829E-02         F               0         Tower X orientation angle, node 4, rad
         44   -5.209E-04,  9.988E-01,  4.802E-02         F               0         Tower Y orientation angle, node 4, rad
         45    8.841E-02, -4.779E-02,  9.949E-01         F               0         Tower Z orientation angle, node 4, rad
         46    9.960E-01,  4.798E-03, -8.897E-02         F               0         Tower X orientation angle, node 5, rad
         47   -4.952E-04,  9.988E-01,  4.831E-02         F               0         Tower Y orientation angle, node 5, rad
         48    8.910E-02, -4.808E-02,  9.949E-01         F               0         Tower Z orientation angle, node 5, rad
         49    9.960E-01,  4.823E-03, -8.950E-02         F               0         Tower X orientation angle, node 6, rad
         50   -4.735E-04,  9.988E-01,  4.856E-02         F               0         Tower Y orientation angle, node 6, rad
         51    8.963E-02, -4.832E-02,  9.948E-01         F               0         Tower Z orientation angle, node 6, rad
         52    9.959E-01,  4.842E-03, -8.988E-02         F               0         Tower X orientation angle, node 7, rad
         53   -4.562E-04,  9.988E-01,  4.875E-02         F               0         Tower Y orientation angle, node 7, rad
         54    9.001E-02, -4.851E-02,  9.948E-01         F               0         Tower Z orientation angle, node 7, rad
         55    9.959E-01,  4.854E-03, -9.014E-02         F               0         Tower X orientation angle, node 8, rad
         56   -4.426E-04,  9.988E-01,  4.890E-02         F               0         Tower Y orientation angle, node 8, rad
         57    9.027E-02, -4.866E-02,  9.947E-01         F               0         Tower Z orientation angle, node 8, rad
         58    9.959E-01,  4.863E-03, -9.030E-02         F               0         Tower X orientation angle, node 9, rad
         59   -4.327E-04,  9.988E-01,  4.901E-02         F               0         Tower Y orientation angle, node 9, rad
         60    9.043E-02, -4.877E-02,  9.947E-01         F               0         Tower Z orientation angle, node 9, rad
         61    9.959E-01,  4.867E-03, -9.039E-02         F               0         Tower X orientation angle, node 10, rad
         62   -4.263E-04,  9.988E-01,  4.908E-02         F               0         Tower Y orientation angle, node 10, rad
         63    9.052E-02, -4.884E-02,  9.947E-01         F               0         Tower Z orientation angle, node 10, rad
         64    9.959E-01,  4.869E-03, -9.044E-02         F               0         Tower X orientation angle, node 11, rad
         65   -4.227E-04,  9.988E-01,  4.912E-02         F               0         Tower Y orientation angle, node 11, rad
         66    9.057E-02, -4.888E-02,  9.947E-01         F               0         Tower Z orientation angle, node 11, rad
         67   -4.612E-03                                 F               0         Tower X translation velocity, node 1, m/s
         68    4.228E-03                                 F               0         Tower Y translation velocity, node 1, m/s
         69    3.895E-04                                 F               0         Tower Z translation velocity, node 1, m/s
         70   -4.666E-03                                 F               0         Tower X translation velocity, node 2, m/s
         71    5.854E-03                                 F               0         Tower Y translation velocity, node 2, m/s
         72    4.707E-04                                 F               0         Tower Z translation velocity, node 2, m/s
         73   -4.724E-03                                 F               0         Tower X translation velocity, node 3, m/s
         74    7.522E-03                                 F               0         Tower Y translation velocity, node 3, m/s
         75    5.550E-04                                 F               0         Tower Z translation velocity, node 3, m/s
         76   -4.784E-03                                 F               0         Tower X translation velocity, node 4, m/s
         77    9.222E-03                                 F               0         Tower Y translation velocity, node 4, m/s
         78    6.417E-04                                 F               0         Tower Z translation velocity, node 4, m/s
         79   -4.845E-03                                 F               0         Tower X translation velocity, node 5, m/s
         80    1.095E-02                                 F               0         Tower Y translation velocity, node 5, m/s
         81    7.306E-04                                 F               0         Tower Z translation velocity, node 5, m/s
         82   -4.908E-03                                 F               0         Tower X translation velocity, node 6, m/s
         83    1.271E-02                                 F               0         Tower Y translation velocity, node 6, m/s
         84    8.212E-04                                 F               0         Tower Z translation velocity, node 6, m/s
         85   -4.971E-03                                 F               0         Tower X translation velocity, node 7, m/s
         86    1.448E-02                                 F               0         Tower Y translation velocity, node 7, m/s
         87    9.133E-04                                 F               0         Tower Z translation velocity, node 7, m/s
         88   -5.034E-03                                 F               0         Tower X translation velocity, node 8, m/s
         89    1.628E-02                                 F               0         Tower Y translation velocity, node 8, m/s
         90    1.007E-03                                 F               0         Tower Z translation velocity, node 8, m/s
         91   -5.098E-03                                 F               0         Tower X translation velocity, node 9, m/s
         92    1.808E-02                                 F               0         Tower Y translation velocity, node 9, m/s
         93    1.101E-03                                 F               0         Tower Z translation velocity, node 9, m/s
         94   -5.162E-03                                 F               0         Tower X translation velocity, node 10, m/s
         95    1.990E-02                                 F               0         Tower Y translation velocity, node 10, m/s
         96    1.196E-03                                 F               0         Tower Z translation velocity, node 10, m/s
         97   -5.225E-03                                 F               0         Tower X translation velocity, node 11, m/s
         98    2.172E-02                                 F               0         Tower Y translation velocity, node 11, m/s
         99    1.291E-03                                 F               0         Tower Z translation velocity, node 11, m/s
        100    1.910E+01                                 F               0         Hub X translation displacement, node 1, m
        101   -7.714E+00                                 F               0         Hub Y translation displacement, node 1, m
        102    9.735E-02                                 F               0         Hub Z translation displacement, node 1, m
        103    9.810E-01,  9.952E-03, -1.939E-01         F               0         Hub X orientation angle, node 1, rad
        104   -1.932E-01,  1.494E-01, -9.697E-01         F               0         Hub Y orientation angle, node 1, rad
        105    1.932E-02,  9.887E-01,  1.485E-01         F               0         Hub Z orientation angle, node 1, rad
        106    6.940E-01                                 F               0         Hub X rotation velocity, node 1, rad/s
        107    7.035E-03                                 F               0         Hub Y rotation velocity, node 1, rad/s
        108   -1.372E-01                                 F               0         Hub Z rotation velocity, node 1, rad/s
        109    9.863E-01,  5.515E-03, -1.651E-01         F               0         Blade root 1 X orientation angle, node 1, rad
        110   -1.640E-01,  1.496E-01, -9.750E-01         F               0         Blade root 1 Y orientation angle, node 1, rad
        111    1.932E-02,  9.887E-01,  1.485E-01         F               0         Blade root 1 Z orientation angle, node 1, rad
        112    9.772E-01, -1.324E-02, -2.120E-01         F               0         Blade root 2 X orientation angle, node 1, rad
        113    1.424E-01,  7.815E-01,  6.074E-01         F               0         Blade root 2 Y orientation angle, node 1, rad
        114    1.577E-01, -6.238E-01,  7.655E-01         F               0         Blade root 2 Z orientation angle, node 1, rad
        115    9.782E-01,  3.757E-02, -2.044E-01         F               0         Blade root 3 X orientation angle, node 1, rad
        116    1.089E-01, -9.303E-01,  3.503E-01         F               0         Blade root 3 Y orientation angle, node 1, rad
        117   -1.770E-01, -3.650E-01, -9.140E-01         F               0         Blade root 3 Z orientation angle, node 1, rad
        118    1.862E+01                                 F               0         Blade 1 X translation displacement, node 1, m
        119   -2.236E+00                                 F               0         Blade 1 Y translation displacement, node 1, m
        120   -4.590E+00                                 F               0         Blade 1 Z translation displacement, node 1, m
        121    1.851E+01                                 F               0         Blade 1 X translation displacement, node 2, m
        122   -9.164E-01                                 F               0         Blade 1 Y translation displacement, node 2, m
        123   -5.719E+00                                 F               0         Blade 1 Z translation displacement, node 2, m
        124    1.696E+01                                 F               0         Blade 1 X translation displacement, node 3, m
        125    1.703E+01                                 F               0         Blade 1 Y translation displacement, node 3, m
        126   -2.108E+01                                 F               0         Blade 1 Z translation displacement, node 3, m
        127    1.663E+01                                 F               0         Blade 1 X translation displacement, node 4, m
        128    2.086E+01                                 F               0         Blade 1 Y translation displacement, node 4, m
        129   -2.435E+01                                 F               0         Blade 1 Z translation displacement, node 4, m
        130    1.631E+01                                 F               0         Blade 1 X translation displacement, node 5, m
        131    2.468E+01                                 F               0         Blade 1 Y translation displacement, node 5, m
        132   -2.762E+01                                 F               0         Blade 1 Z translation displacement, node 5, m
        133    1.598E+01                                 F               0         Blade 1 X translation displacement, node 6, m
        134    2.850E+01                                 F               0         Blade 1 Y translation displacement, node 6, m
        135   -3.089E+01                                 F               0         Blade 1 Z translation displacement, node 6, m
        136    1.565E+01                                 F               0         Blade 1 X translation displacement, node 7, m
        137    3.233E+01                                 F               0         Blade 1 Y translation displacement, node 7, m
        138   -3.417E+01                                 F               0         Blade 1 Z translation displacement, node 7, m
        139    1.532E+01                                 F               0         Blade 1 X translation displacement, node 8, m
        140    3.615E+01                                 F               0         Blade 1 Y translation displacement, node 8, m
        141   -3.744E+01                                 F               0         Blade 1 Z translation displacement, node 8, m
        142    1.499E+01                                 F               0         Blade 1 X translation displacement, node 9, m
        143    3.998E+01                                 F               0         Blade 1 Y translation displacement, node 9, m
        144   -4.071E+01                                 F               0         Blade 1 Z translation displacement, node 9, m
        145    1.466E+01                                 F               0         Blade 1 X translation displacement, node 10, m
        146    4.380E+01                                 F               0         Blade 1 Y translation displacement, node 10, m
        147   -4.398E+01                                 F               0         Blade 1 Z translation displacement, node 10, m
        148    1.433E+01                                 F               0         Blade 1 X translation displacement, node 11, m
        149    4.762E+01                                 F               0         Blade 1 Y translation displacement, node 11, m
        150   -4.725E+01                                 F               0         Blade 1 Z translation displacement, node 11, m
        151    1.400E+01                                 F               0         Blade 1 X translation displacement, node 12, m
        152    5.145E+01                                 F               0         Blade 1 Y translation displacement, node 12, m
        153   -5.053E+01                                 F               0         Blade 1 Z translation displacement, node 12, m
        154    1.367E+01                                 F               0         Blade 1 X translation displacement, node 13, m
        155    5.527E+01                                 F               0         Blade 1 Y translation displacement, node 13, m
        156   -5.380E+01                                 F               0         Blade 1 Z translation displacement, node 13, m
        157    1.334E+01                                 F               0         Blade 1 X translation displacement, node 14, m
        158    5.910E+01                                 F               0         Blade 1 Y translation displacement, node 14, m
        159   -5.707E+01                                 F               0         Blade 1 Z translation displacement, node 14, m
        160    1.301E+01                                 F               0         Blade 1 X translation displacement, node 15, m
        161    6.292E+01                                 F               0         Blade 1 Y translation displacement, node 15, m
        162   -6.034E+01                                 F               0         Blade 1 Z translation displacement, node 15, m
        163    1.268E+01                                 F               0         Blade 1 X translation displacement, node 16, m
        164    6.674E+01                                 F               0         Blade 1 Y translation displacement, node 16, m
        165   -6.361E+01                                 F               0         Blade 1 Z translation displacement, node 16, m
        166    1.235E+01                                 F               0         Blade 1 X translation displacement, node 17, m
        167    7.057E+01                                 F               0         Blade 1 Y translation displacement, node 17, m
        168   -6.689E+01                                 F               0         Blade 1 Z translation displacement, node 17, m
        169    1.202E+01                                 F               0         Blade 1 X translation displacement, node 18, m
        170    7.439E+01                                 F               0         Blade 1 Y translation displacement, node 18, m
        171   -7.016E+01                                 F               0         Blade 1 Z translation displacement, node 18, m
        172    1.169E+01                                 F               0         Blade 1 X translation displacement, node 19, m
        173    7.822E+01                                 F               0         Blade 1 Y translation displacement, node 19, m
        174   -7.343E+01                                 F               0         Blade 1 Z translation displacement, node 19, m
        175    1.136E+01                                 F               0         Blade 1 X translation displacement, node 20, m
        176    8.204E+01                                 F               0         Blade 1 Y translation displacement, node 20, m
        177   -7.670E+01                                 F               0         Blade 1 Z translation displacement, node 20, m
        178    1.103E+01                                 F               0         Blade 1 X translation displacement, node 21, m
        179    8.586E+01                                 F               0         Blade 1 Y translation displacement, node 21, m
        180   -7.998E+01                                 F               0         Blade 1 Z translation displacement, node 21, m
        181    1.070E+01                                 F               0         Blade 1 X translation displacement, node 22, m
        182    8.969E+01                                 F               0         Blade 1 Y translation displacement, node 22, m
        183   -8.325E+01                                 F               0         Blade 1 Z translation displacement, node 22, m
        184    1.037E+01                                 F               0         Blade 1 X translation displacement, node 23, m
        185    9.351E+01                                 F               0         Blade 1 Y translation displacement, node 23, m
        186   -8.652E+01                                 F               0         Blade 1 Z translation displacement, node 23, m
        187    1.004E+01                                 F               0         Blade 1 X translation displacement, node 24, m
        188    9.734E+01                                 F               0         Blade 1 Y translation displacement, node 24, m
        189   -8.979E+01                                 F               0         Blade 1 Z translation displacement, node 24, m
        190    9.714E+00                                 F               0         Blade 1 X translation displacement, node 25, m
        191    1.012E+02                                 F               0         Blade 1 Y translation displacement, node 25, m
        192   -9.306E+01                                 F               0         Blade 1 Z translation displacement, node 25, m
        193    9.385E+00                                 F               0         Blade 1 X translation displacement, node 26, m
        194    1.050E+02                                 F               0         Blade 1 Y translation displacement, node 26, m
        195   -9.634E+01                                 F               0         Blade 1 Z translation displacement, node 26, m
        196    9.055E+00                                 F               0         Blade 1 X translation displacement, node 27, m
        197    1.088E+02                                 F               0         Blade 1 Y translation displacement, node 27, m
        198   -9.961E+01                                 F               0         Blade 1 Z translation displacement, node 27, m
        199    8.776E+00                                 F               0         Blade 1 X translation displacement, node 28, m
        200    1.121E+02                                 F               0         Blade 1 Y translation displacement, node 28, m
        201   -1.024E+02                                 F               0         Blade 1 Z translation displacement, node 28, m
        202    9.525E-01, -6.333E-02,  2.977E-01         F               0         Blade 1 X orientation angle, node 1, rad
        203    3.038E-01,  1.357E-01, -9.430E-01         F               0         Blade 1 Y orientation angle, node 1, rad
        204    1.932E-02,  9.887E-01,  1.485E-01         F               0         Blade 1 Z orientation angle, node 1, rad
        205    9.525E-01, -6.333E-02,  2.977E-01         F               0         Blade 1 X orientation angle, node 2, rad
        206    3.038E-01,  1.357E-01, -9.430E-01         F               0         Blade 1 Y orientation angle, node 2, rad
        207    1.932E-02,  9.887E-01,  1.485E-01         F               0         Blade 1 Z orientation angle, node 2, rad
        208    9.974E-01, -2.937E-02,  6.574E-02         F               0         Blade 1 X orientation angle, node 3, rad
        209    6.936E-02,  1.468E-01, -9.867E-01         F               0         Blade 1 Y orientation angle, node 3, rad
        210    1.932E-02,  9.887E-01,  1.485E-01         F               0         Blade 1 Z orientation angle, node 3, rad
        211    9.994E-01, -2.314E-02,  2.402E-02         F               0         Blade 1 X orientation angle, node 4, rad
        212    2.718E-02,  1.479E-01, -9.886E-01         F               0         Blade 1 Y orientation angle, node 4, rad
        213    1.932E-02,  9.887E-01,  1.485E-01         F               0         Blade 1 Z orientation angle, node 4, rad
        214    9.998E-01, -1.822E-02, -8.772E-03         F               0         Blade 1 X orientation angle, node 5, rad
        215   -5.967E-03,  1.486E-01, -9.889E-01         F               0         Blade 1 Y orientation angle, node 5, rad
        216    1.932E-02,  9.887E-01,  1.485E-01         F               0         Blade 1 Z orientation angle, node 5, rad
        217    9.993E-01, -1.427E-02, -3.500E-02         F               0         Blade 1 X orientation angle, node 6, rad
        218   -3.249E-02,  1.491E-01, -9.883E-01         F               0         Blade 1 Y orientation angle, node 6, rad
        219    1.932E-02,  9.887E-01,  1.485E-01         F               0         Blade 1 Z orientation angle, node 6, rad
        220    9.983E-01, -1.102E-02, -5.655E-02         F               0         Blade 1 X orientation angle, node 7, rad
        221   -5.428E-02,  1.493E-01, -9.873E-01         F               0         Blade 1 Y orientation angle, node 7, rad
        222    1.932E-02,  9.887E-01,  1.485E-01         F               0         Blade 1 Z orientation angle, node 7, rad
        223    9.972E-01, -8.305E-03, -7.446E-02         F               0         Blade 1 X orientation angle, node 8, rad
        224   -7.239E-02,  1.495E-01, -9.861E-01         F               0         Blade 1 Y orientation angle, node 8, rad
        225    1.932E-02,  9.887E-01,  1.485E-01         F               0         Blade 1 Z orientation angle, node 8, rad
        226    9.960E-01, -6.008E-03, -8.960E-02         F               0         Blade 1 X orientation angle, node 9, rad
        227   -8.770E-02,  1.496E-01, -9.848E-01         F               0         Blade 1 Y orientation angle, node 9, rad
        228    1.932E-02,  9.887E-01,  1.485E-01         F               0         Blade 1 Z orientation angle, node 9, rad
        229    9.947E-01, -4.023E-03, -1.027E-01         F               0         Blade 1 X orientation angle, node 10, rad
        230   -1.009E-01,  1.497E-01, -9.836E-01         F               0         Blade 1 Y orientation angle, node 10, rad
        231    1.932E-02,  9.887E-01,  1.485E-01         F               0         Blade 1 Z orientation angle, node 10, rad
        232    9.935E-01, -2.324E-03, -1.138E-01         F               0         Blade 1 X orientation angle, node 11, rad
        233   -1.122E-01,  1.497E-01, -9.823E-01         F               0         Blade 1 Y orientation angle, node 11, rad
        234    1.932E-02,  9.887E-01,  1.485E-01         F               0         Blade 1 Z orientation angle, node 11, rad
        235    9.923E-01, -8.348E-04, -1.236E-01         F               0         Blade 1 X orientation angle, node 12, rad
        236   -1.221E-01,  1.497E-01, -9.812E-01         F               0         Blade 1 Y orientation angle, node 12, rad
        237    1.932E-02,  9.887E-01,  1.485E-01         F               0         Blade 1 Z orientation angle, node 12, rad
        238    9.912E-01,  4.720E-04, -1.321E-01         F               0         Blade 1 X orientation angle, node 13, rad
        239   -1.307E-01,  1.497E-01, -9.800E-01         F               0         Blade 1 Y orientation angle, node 13, rad
        240    1.932E-02,  9.887E-01,  1.485E-01         F               0         Blade 1 Z orientation angle, node 13, rad
        241    9.902E-01,  1.648E-03, -1.398E-01         F               0         Blade 1 X orientation angle, node 14, rad
        242   -1.385E-01,  1.497E-01, -9.790E-01         F               0         Blade 1 Y orientation angle, node 14, rad
        243    1.932E-02,  9.887E-01,  1.485E-01         F               0         Blade 1 Z orientation angle, node 14, rad
        244    9.892E-01,  2.693E-03, -1.467E-01         F               0         Blade 1 X orientation angle, node 15, rad
        245   -1.454E-01,  1.497E-01, -9.780E-01         F               0         Blade 1 Y orientation angle, node 15, rad
        246    1.932E-02,  9.887E-01,  1.485E-01         F               0         Blade 1 Z orientation angle, node 15, rad
        247    9.883E-01,  3.634E-03, -1.528E-01         F               0         Blade 1 X orientation angle, node 16, rad
        248   -1.516E-01,  1.497E-01, -9.770E-01         F               0         Blade 1 Y orientation angle, node 16, rad
        249    1.932E-02,  9.887E-01,  1.485E-01         F               0         Blade 1 Z orientation angle, node 16, rad
        250    9.874E-01,  4.470E-03, -1.582E-01         F               0         Blade 1 X orientation angle, node 17, rad
        251   -1.571E-01,  1.497E-01, -9.762E-01         F               0         Blade 1 Y orientation angle, node 17, rad
        252    1.932E-02,  9.887E-01,  1.485E-01         F               0         Blade 1 Z orientation angle, node 17, rad
        253    9.866E-01,  5.254E-03, -1.634E-01         F               0         Blade 1 X orientation angle, node 18, rad
        254   -1.623E-01,  1.497E-01, -9.753E-01         F               0         Blade 1 Y orientation angle, node 18, rad
        255    1.932E-02,  9.887E-01,  1.485E-01         F               0         Blade 1 Z orientation angle, node 18, rad
        256    9.858E-01,  5.959E-03, -1.680E-01         F               0         Blade 1 X orientation angle, node 19, rad
        257   -1.669E-01,  1.496E-01, -9.745E-01         F               0         Blade 1 Y orientation angle, node 19, rad
        258    1.932E-02,  9.887E-01,  1.485E-01         F               0         Blade 1 Z orientation angle, node 19, rad
        259    9.851E-01,  6.586E-03, -1.720E-01         F               0         Blade 1 X orientation angle, node 20, rad
        260   -1.711E-01,  1.496E-01, -9.738E-01         F               0         Blade 1 Y orientation angle, node 20, rad
        261    1.932E-02,  9.887E-01,  1.485E-01         F               0         Blade 1 Z orientation angle, node 20, rad
        262    9.844E-01,  7.186E-03, -1.759E-01         F               0         Blade 1 X orientation angle, node 21, rad
        263   -1.750E-01,  1.496E-01, -9.731E-01         F               0         Blade 1 Y orientation angle, node 21, rad
        264    1.932E-02,  9.887E-01,  1.485E-01         F               0         Blade 1 Z orientation angle, node 21, rad
        265    9.837E-01,  7.734E-03, -1.795E-01         F               0         Blade 1 X orientation angle, node 22, rad
        266   -1.786E-01,  1.495E-01, -9.725E-01         F               0         Blade 1 Y orientation angle, node 22, rad
        267    1.932E-02,  9.887E-01,  1.485E-01         F               0         Blade 1 Z orientation angle, node 22, rad
        268    9.831E-01,  8.230E-03, -1.827E-01         F               0         Blade 1 X orientation angle, node 23, rad
        269   -1.819E-01,  1.495E-01, -9.719E-01         F               0         Blade 1 Y orientation angle, node 23, rad
        270    1.932E-02,  9.887E-01,  1.485E-01         F               0         Blade 1 Z orientation angle, node 23, rad
        271    9.826E-01,  8.700E-03, -1.858E-01         F               0         Blade 1 X orientation angle, node 24, rad
        272   -1.850E-01,  1.495E-01, -9.713E-01         F               0         Blade 1 Y orientation angle, node 24, rad
        273    1.932E-02,  9.887E-01,  1.485E-01         F               0         Blade 1 Z orientation angle, node 24, rad
        274    9.820E-01,  9.143E-03, -1.887E-01         F               0         Blade 1 X orientation angle, node 25, rad
        275   -1.879E-01,  1.495E-01, -9.707E-01         F               0         Blade 1 Y orientation angle, node 25, rad
        276    1.932E-02,  9.887E-01,  1.485E-01         F               0         Blade 1 Z orientation angle, node 25, rad
        277    9.815E-01,  9.535E-03, -1.912E-01         F               0         Blade 1 X orientation angle, node 26, rad
        278   -1.905E-01,  1.494E-01, -9.703E-01         F               0         Blade 1 Y orientation angle, node 26, rad
        279    1.932E-02,  9.887E-01,  1.485E-01         F               0         Blade 1 Z orientation angle, node 26, rad
        280    9.810E-01,  9.926E-03, -1.937E-01         F               0         Blade 1 X orientation angle, node 27, rad
        281   -1.930E-01,  1.494E-01, -9.697E-01         F               0         Blade 1 Y orientation angle, node 27, rad
        282    1.932E-02,  9.887E-01,  1.485E-01         F               0         Blade 1 Z orientation angle, node 27, rad
        283    9.807E-01,  1.013E-02, -1.951E-01         F               0         Blade 1 X orientation angle, node 28, rad
        284   -1.944E-01,  1.494E-01, -9.695E-01         F               0         Blade 1 Y orientation angle, node 28, rad
        285    1.932E-02,  9.887E-01,  1.485E-01         F               0         Blade 1 Z orientation angle, node 28, rad
        286    7.519E-01                                 F               0         Blade 1 X translation velocity, node 1, m/s
        287   -5.631E-01                                 F               0         Blade 1 Y translation velocity, node 1, m/s
        288    3.802E+00                                 F               0         Blade 1 Z translation velocity, node 1, m/s
        289    9.343E-01                                 F               0         Blade 1 X translation velocity, node 2, m/s
        290   -7.042E-01                                 F               0         Blade 1 Y translation velocity, node 2, m/s
        291    4.718E+00                                 F               0         Blade 1 Z translation velocity, node 2, m/s
        292    3.415E+00                                 F               0         Blade 1 X translation velocity, node 3, m/s
        293   -2.623E+00                                 F               0         Blade 1 Y translation velocity, node 3, m/s
        294    1.717E+01                                 F               0         Blade 1 Z translation velocity, node 3, m/s
        295    3.944E+00                                 F               0         Blade 1 X translation velocity, node 4, m/s
        296   -3.032E+00                                 F               0         Blade 1 Y translation velocity, node 4, m/s
        297    1.982E+01                                 F               0         Blade 1 Z translation velocity, node 4, m/s
        298    4.472E+00                                 F               0         Blade 1 X translation velocity, node 5, m/s
        299   -3.441E+00                                 F               0         Blade 1 Y translation velocity, node 5, m/s
        300    2.248E+01                                 F               0         Blade 1 Z translation velocity, node 5, m/s
        301    5.001E+00                                 F               0         Blade 1 X translation velocity, node 6, m/s
        302   -3.850E+00                                 F               0         Blade 1 Y translation velocity, node 6, m/s
        303    2.513E+01                                 F               0         Blade 1 Z translation velocity, node 6, m/s
        304    5.529E+00                                 F               0         Blade 1 X translation velocity, node 7, m/s
        305   -4.258E+00                                 F               0         Blade 1 Y translation velocity, node 7, m/s
        306    2.778E+01                                 F               0         Blade 1 Z translation velocity, node 7, m/s
        307    6.058E+00                                 F               0         Blade 1 X translation velocity, node 8, m/s
