
Linearized model: Predictions were generated on 12-Jan-2024 at 08:43:17 using OpenFAST, compiled as a 64-bit application using single precision at commit v3.5.1
 linked with  NWTC Subroutine Library; ElastoDyn; InflowWind; AeroDyn; ServoDyn; HydroDyn; MAP++ (<1.20.10>, <Oct-20-2023>)

Description from the FAST input file: CCT-9 Campign 4 model. Input files to be run with OpenFAST 3.5.0. GitHub branch from Lu Wang (https://github.com/luwang00/openfast/tree/dev) compiled on March 7, 2023.

Simulation information:
   Simulation time:                   507.9000 s
   Rotor Speed:                         0.7078 rad/s
   Azimuth:                             2.7232 rad
   Wind Speed:                          8.0000 m/s
   Number of continuous states:         0
   Number of discrete states:           0
   Number of constraint states:         0
   Number of inputs:                 1746
   Number of outputs:                   4
   Jacobians included in this file?    No

Order of inputs:
     Column   Operating Point                     Rotating Frame? Derivative Order Description
   ---------- ---------------                     --------------- ---------------- -----------
          1    7.309E+00                                 F               0         Tower X translation displacement, node 1, m
          2   -1.295E+00                                 F               0         Tower Y translation displacement, node 1, m
          3   -1.881E-01                                 F               0         Tower Z translation displacement, node 1, m
          4    8.370E+00                                 F               0         Tower X translation displacement, node 2, m
          5   -1.855E+00                                 F               0         Tower Y translation displacement, node 2, m
          6   -2.465E-01                                 F               0         Tower Z translation displacement, node 2, m
          7    9.446E+00                                 F               0         Tower X translation displacement, node 3, m
          8   -2.420E+00                                 F               0         Tower Y translation displacement, node 3, m
          9   -3.064E-01                                 F               0         Tower Z translation displacement, node 3, m
         10    1.053E+01                                 F               0         Tower X translation displacement, node 4, m
         11   -2.990E+00                                 F               0         Tower Y translation displacement, node 4, m
         12   -3.676E-01                                 F               0         Tower Z translation displacement, node 4, m
         13    1.163E+01                                 F               0         Tower X translation displacement, node 5, m
         14   -3.563E+00                                 F               0         Tower Y translation displacement, node 5, m
         15   -4.298E-01                                 F               0         Tower Z translation displacement, node 5, m
         16    1.274E+01                                 F               0         Tower X translation displacement, node 6, m
         17   -4.140E+00                                 F               0         Tower Y translation displacement, node 6, m
         18   -4.928E-01                                 F               0         Tower Z translation displacement, node 6, m
         19    1.385E+01                                 F               0         Tower X translation displacement, node 7, m
         20   -4.718E+00                                 F               0         Tower Y translation displacement, node 7, m
         21   -5.564E-01                                 F               0         Tower Z translation displacement, node 7, m
         22    1.496E+01                                 F               0         Tower X translation displacement, node 8, m
         23   -5.299E+00                                 F               0         Tower Y translation displacement, node 8, m
         24   -6.205E-01                                 F               0         Tower Z translation displacement, node 8, m
         25    1.608E+01                                 F               0         Tower X translation displacement, node 9, m
         26   -5.882E+00                                 F               0         Tower Y translation displacement, node 9, m
         27   -6.848E-01                                 F               0         Tower Z translation displacement, node 9, m
         28    1.720E+01                                 F               0         Tower X translation displacement, node 10, m
         29   -6.465E+00                                 F               0         Tower Y translation displacement, node 10, m
         30   -7.494E-01                                 F               0         Tower Z translation displacement, node 10, m
         31    1.831E+01                                 F               0         Tower X translation displacement, node 11, m
         32   -7.049E+00                                 F               0         Tower Y translation displacement, node 11, m
         33   -8.141E-01                                 F               0         Tower Z translation displacement, node 11, m
         34    9.964E-01,  4.841E-03, -8.516E-02         F               0         Tower X orientation angle, node 1, rad
         35   -9.728E-04,  9.990E-01,  4.541E-02         F               0         Tower Y orientation angle, node 1, rad
         36    8.530E-02, -4.516E-02,  9.953E-01         F               0         Tower Z orientation angle, node 1, rad
         37    9.962E-01,  4.897E-03, -8.638E-02         F               0         Tower X orientation angle, node 2, rad
         38   -9.374E-04,  9.989E-01,  4.582E-02         F               0         Tower Y orientation angle, node 2, rad
         39    8.652E-02, -4.557E-02,  9.952E-01         F               0         Tower Z orientation angle, node 2, rad
         40    9.962E-01,  4.945E-03, -8.743E-02         F               0         Tower X orientation angle, node 3, rad
         41   -9.053E-04,  9.989E-01,  4.619E-02         F               0         Tower Y orientation angle, node 3, rad
         42    8.757E-02, -4.593E-02,  9.951E-01         F               0         Tower Z orientation angle, node 3, rad
         43    9.961E-01,  4.985E-03, -8.830E-02         F               0         Tower X orientation angle, node 4, rad
         44   -8.769E-04,  9.989E-01,  4.651E-02         F               0         Tower Y orientation angle, node 4, rad
         45    8.844E-02, -4.625E-02,  9.950E-01         F               0         Tower Z orientation angle, node 4, rad
         46    9.960E-01,  5.018E-03, -8.899E-02         F               0         Tower X orientation angle, node 5, rad
         47   -8.523E-04,  9.989E-01,  4.678E-02         F               0         Tower Y orientation angle, node 5, rad
         48    8.913E-02, -4.652E-02,  9.949E-01         F               0         Tower Z orientation angle, node 5, rad
         49    9.960E-01,  5.043E-03, -8.952E-02         F               0         Tower X orientation angle, node 6, rad
         50   -8.316E-04,  9.989E-01,  4.701E-02         F               0         Tower Y orientation angle, node 6, rad
         51    8.966E-02, -4.675E-02,  9.949E-01         F               0         Tower Z orientation angle, node 6, rad
         52    9.959E-01,  5.060E-03, -8.990E-02         F               0         Tower X orientation angle, node 7, rad
         53   -8.151E-04,  9.989E-01,  4.720E-02         F               0         Tower Y orientation angle, node 7, rad
         54    9.003E-02, -4.693E-02,  9.948E-01         F               0         Tower Z orientation angle, node 7, rad
         55    9.959E-01,  5.073E-03, -9.016E-02         F               0         Tower X orientation angle, node 8, rad
         56   -8.021E-04,  9.989E-01,  4.734E-02         F               0         Tower Y orientation angle, node 8, rad
         57    9.029E-02, -4.708E-02,  9.948E-01         F               0         Tower Z orientation angle, node 8, rad
         58    9.959E-01,  5.081E-03, -9.032E-02         F               0         Tower X orientation angle, node 9, rad
         59   -7.927E-04,  9.989E-01,  4.745E-02         F               0         Tower Y orientation angle, node 9, rad
         60    9.046E-02, -4.718E-02,  9.948E-01         F               0         Tower Z orientation angle, node 9, rad
         61    9.959E-01,  5.085E-03, -9.041E-02         F               0         Tower X orientation angle, node 10, rad
         62   -7.865E-04,  9.989E-01,  4.752E-02         F               0         Tower Y orientation angle, node 10, rad
         63    9.055E-02, -4.725E-02,  9.948E-01         F               0         Tower Z orientation angle, node 10, rad
         64    9.959E-01,  5.087E-03, -9.045E-02         F               0         Tower X orientation angle, node 11, rad
         65   -7.831E-04,  9.989E-01,  4.756E-02         F               0         Tower Y orientation angle, node 11, rad
         66    9.059E-02, -4.729E-02,  9.948E-01         F               0         Tower Z orientation angle, node 11, rad
         67   -5.012E-03                                 F               0         Tower X translation velocity, node 1, m/s
         68    5.142E-03                                 F               0         Tower Y translation velocity, node 1, m/s
         69    3.298E-03                                 F               0         Tower Z translation velocity, node 1, m/s
         70   -4.809E-03                                 F               0         Tower X translation velocity, node 2, m/s
         71    8.472E-03                                 F               0         Tower Y translation velocity, node 2, m/s
         72    3.432E-03                                 F               0         Tower Z translation velocity, node 2, m/s
         73   -4.612E-03                                 F               0         Tower X translation velocity, node 3, m/s
         74    1.186E-02                                 F               0         Tower Y translation velocity, node 3, m/s
         75    3.571E-03                                 F               0         Tower Z translation velocity, node 3, m/s
         76   -4.421E-03                                 F               0         Tower X translation velocity, node 4, m/s
         77    1.529E-02                                 F               0         Tower Y translation velocity, node 4, m/s
         78    3.713E-03                                 F               0         Tower Z translation velocity, node 4, m/s
         79   -4.236E-03                                 F               0         Tower X translation velocity, node 5, m/s
         80    1.875E-02                                 F               0         Tower Y translation velocity, node 5, m/s
         81    3.858E-03                                 F               0         Tower Z translation velocity, node 5, m/s
         82   -4.057E-03                                 F               0         Tower X translation velocity, node 6, m/s
         83    2.225E-02                                 F               0         Tower Y translation velocity, node 6, m/s
         84    4.006E-03                                 F               0         Tower Z translation velocity, node 6, m/s
         85   -3.885E-03                                 F               0         Tower X translation velocity, node 7, m/s
         86    2.578E-02                                 F               0         Tower Y translation velocity, node 7, m/s
         87    4.156E-03                                 F               0         Tower Z translation velocity, node 7, m/s
         88   -3.719E-03                                 F               0         Tower X translation velocity, node 8, m/s
         89    2.933E-02                                 F               0         Tower Y translation velocity, node 8, m/s
         90    4.309E-03                                 F               0         Tower Z translation velocity, node 8, m/s
         91   -3.558E-03                                 F               0         Tower X translation velocity, node 9, m/s
         92    3.289E-02                                 F               0         Tower Y translation velocity, node 9, m/s
         93    4.463E-03                                 F               0         Tower Z translation velocity, node 9, m/s
         94   -3.402E-03                                 F               0         Tower X translation velocity, node 10, m/s
         95    3.647E-02                                 F               0         Tower Y translation velocity, node 10, m/s
         96    4.619E-03                                 F               0         Tower Z translation velocity, node 10, m/s
         97   -3.249E-03                                 F               0         Tower X translation velocity, node 11, m/s
         98    4.005E-02                                 F               0         Tower Y translation velocity, node 11, m/s
         99    4.775E-03                                 F               0         Tower Z translation velocity, node 11, m/s
        100    1.907E+01                                 F               0         Hub X translation displacement, node 1, m
        101   -7.475E+00                                 F               0         Hub Y translation displacement, node 1, m
        102    1.218E-01                                 F               0         Hub Z translation displacement, node 1, m
        103    9.810E-01,  1.000E-02, -1.939E-01         F               0         Hub X orientation angle, node 1, rad
        104    7.961E-02, -9.316E-01,  3.547E-01         F               0         Hub Y orientation angle, node 1, rad
        105   -1.771E-01, -3.633E-01, -9.147E-01         F               0         Hub Z orientation angle, node 1, rad
        106    6.940E-01                                 F               0         Hub X rotation velocity, node 1, rad/s
        107    7.089E-03                                 F               0         Hub Y rotation velocity, node 1, rad/s
        108   -1.372E-01                                 F               0         Hub Z rotation velocity, node 1, rad/s
        109    9.782E-01,  3.764E-02, -2.044E-01         F               0         Blade root 1 X orientation angle, node 1, rad
        110    1.087E-01, -9.309E-01,  3.487E-01         F               0         Blade root 1 Y orientation angle, node 1, rad
        111   -1.771E-01, -3.633E-01, -9.147E-01         F               0         Blade root 1 Z orientation angle, node 1, rad
        112    9.863E-01,  5.514E-03, -1.651E-01         F               0         Blade root 2 X orientation angle, node 1, rad
        113   -1.640E-01,  1.514E-01, -9.748E-01         F               0         Blade root 2 Y orientation angle, node 1, rad
        114    1.961E-02,  9.885E-01,  1.502E-01         F               0         Blade root 2 Z orientation angle, node 1, rad
        115    9.772E-01, -1.316E-02, -2.121E-01         F               0         Blade root 3 X orientation angle, node 1, rad
        116    1.426E-01,  7.804E-01,  6.088E-01         F               0         Blade root 3 Y orientation angle, node 1, rad
        117    1.575E-01, -6.251E-01,  7.645E-01         F               0         Blade root 3 Z orientation angle, node 1, rad
        118    1.751E+01                                 F               0         Blade 1 X translation displacement, node 1, m
        119   -9.488E+00                                 F               0         Blade 1 Y translation displacement, node 1, m
        120   -1.046E+01                                 F               0         Blade 1 Z translation displacement, node 1, m
        121    1.713E+01                                 F               0         Blade 1 X translation displacement, node 2, m
        122   -9.973E+00                                 F               0         Blade 1 Y translation displacement, node 2, m
        123   -1.300E+01                                 F               0         Blade 1 Z translation displacement, node 2, m
        124    1.202E+01                                 F               0         Blade 1 X translation displacement, node 3, m
        125   -1.657E+01                                 F               0         Blade 1 Y translation displacement, node 3, m
        126   -4.766E+01                                 F               0         Blade 1 Z translation displacement, node 3, m
        127    1.093E+01                                 F               0         Blade 1 X translation displacement, node 4, m
        128   -1.797E+01                                 F               0         Blade 1 Y translation displacement, node 4, m
        129   -5.504E+01                                 F               0         Blade 1 Z translation displacement, node 4, m
        130    9.842E+00                                 F               0         Blade 1 X translation displacement, node 5, m
        131   -1.938E+01                                 F               0         Blade 1 Y translation displacement, node 5, m
        132   -6.243E+01                                 F               0         Blade 1 Z translation displacement, node 5, m
        133    8.753E+00                                 F               0         Blade 1 X translation displacement, node 6, m
        134   -2.078E+01                                 F               0         Blade 1 Y translation displacement, node 6, m
        135   -6.981E+01                                 F               0         Blade 1 Z translation displacement, node 6, m
        136    7.664E+00                                 F               0         Blade 1 X translation displacement, node 7, m
        137   -2.219E+01                                 F               0         Blade 1 Y translation displacement, node 7, m
        138   -7.720E+01                                 F               0         Blade 1 Z translation displacement, node 7, m
        139    6.574E+00                                 F               0         Blade 1 X translation displacement, node 8, m
        140   -2.360E+01                                 F               0         Blade 1 Y translation displacement, node 8, m
        141   -8.458E+01                                 F               0         Blade 1 Z translation displacement, node 8, m
        142    5.485E+00                                 F               0         Blade 1 X translation displacement, node 9, m
        143   -2.500E+01                                 F               0         Blade 1 Y translation displacement, node 9, m
        144   -9.197E+01                                 F               0         Blade 1 Z translation displacement, node 9, m
        145    4.396E+00                                 F               0         Blade 1 X translation displacement, node 10, m
        146   -2.641E+01                                 F               0         Blade 1 Y translation displacement, node 10, m
        147   -9.935E+01                                 F               0         Blade 1 Z translation displacement, node 10, m
        148    3.307E+00                                 F               0         Blade 1 X translation displacement, node 11, m
        149   -2.781E+01                                 F               0         Blade 1 Y translation displacement, node 11, m
        150   -1.067E+02                                 F               0         Blade 1 Z translation displacement, node 11, m
        151    2.217E+00                                 F               0         Blade 1 X translation displacement, node 12, m
        152   -2.922E+01                                 F               0         Blade 1 Y translation displacement, node 12, m
        153   -1.141E+02                                 F               0         Blade 1 Z translation displacement, node 12, m
        154    1.128E+00                                 F               0         Blade 1 X translation displacement, node 13, m
        155   -3.062E+01                                 F               0         Blade 1 Y translation displacement, node 13, m
        156   -1.215E+02                                 F               0         Blade 1 Z translation displacement, node 13, m
        157    3.843E-02                                 F               0         Blade 1 X translation displacement, node 14, m
        158   -3.203E+01                                 F               0         Blade 1 Y translation displacement, node 14, m
        159   -1.289E+02                                 F               0         Blade 1 Z translation displacement, node 14, m
        160   -1.051E+00                                 F               0         Blade 1 X translation displacement, node 15, m
        161   -3.343E+01                                 F               0         Blade 1 Y translation displacement, node 15, m
        162   -1.363E+02                                 F               0         Blade 1 Z translation displacement, node 15, m
        163   -2.140E+00                                 F               0         Blade 1 X translation displacement, node 16, m
        164   -3.484E+01                                 F               0         Blade 1 Y translation displacement, node 16, m
        165   -1.437E+02                                 F               0         Blade 1 Z translation displacement, node 16, m
        166   -3.230E+00                                 F               0         Blade 1 X translation displacement, node 17, m
        167   -3.624E+01                                 F               0         Blade 1 Y translation displacement, node 17, m
        168   -1.510E+02                                 F               0         Blade 1 Z translation displacement, node 17, m
        169   -4.319E+00                                 F               0         Blade 1 X translation displacement, node 18, m
        170   -3.765E+01                                 F               0         Blade 1 Y translation displacement, node 18, m
        171   -1.584E+02                                 F               0         Blade 1 Z translation displacement, node 18, m
        172   -5.408E+00                                 F               0         Blade 1 X translation displacement, node 19, m
        173   -3.905E+01                                 F               0         Blade 1 Y translation displacement, node 19, m
        174   -1.658E+02                                 F               0         Blade 1 Z translation displacement, node 19, m
        175   -6.498E+00                                 F               0         Blade 1 X translation displacement, node 20, m
        176   -4.046E+01                                 F               0         Blade 1 Y translation displacement, node 20, m
        177   -1.732E+02                                 F               0         Blade 1 Z translation displacement, node 20, m
        178   -7.587E+00                                 F               0         Blade 1 X translation displacement, node 21, m
        179   -4.186E+01                                 F               0         Blade 1 Y translation displacement, node 21, m
        180   -1.806E+02                                 F               0         Blade 1 Z translation displacement, node 21, m
        181   -8.677E+00                                 F               0         Blade 1 X translation displacement, node 22, m
        182   -4.327E+01                                 F               0         Blade 1 Y translation displacement, node 22, m
        183   -1.880E+02                                 F               0         Blade 1 Z translation displacement, node 22, m
        184   -9.766E+00                                 F               0         Blade 1 X translation displacement, node 23, m
        185   -4.467E+01                                 F               0         Blade 1 Y translation displacement, node 23, m
        186   -1.953E+02                                 F               0         Blade 1 Z translation displacement, node 23, m
        187   -1.086E+01                                 F               0         Blade 1 X translation displacement, node 24, m
        188   -4.608E+01                                 F               0         Blade 1 Y translation displacement, node 24, m
        189   -2.027E+02                                 F               0         Blade 1 Z translation displacement, node 24, m
        190   -1.194E+01                                 F               0         Blade 1 X translation displacement, node 25, m
        191   -4.749E+01                                 F               0         Blade 1 Y translation displacement, node 25, m
        192   -2.101E+02                                 F               0         Blade 1 Z translation displacement, node 25, m
        193   -1.303E+01                                 F               0         Blade 1 X translation displacement, node 26, m
        194   -4.889E+01                                 F               0         Blade 1 Y translation displacement, node 26, m
        195   -2.175E+02                                 F               0         Blade 1 Z translation displacement, node 26, m
        196   -1.412E+01                                 F               0         Blade 1 X translation displacement, node 27, m
        197   -5.030E+01                                 F               0         Blade 1 Y translation displacement, node 27, m
        198   -2.249E+02                                 F               0         Blade 1 Z translation displacement, node 27, m
        199   -1.505E+01                                 F               0         Blade 1 X translation displacement, node 28, m
        200   -5.149E+01                                 F               0         Blade 1 Y translation displacement, node 28, m
        201   -2.311E+02                                 F               0         Blade 1 Z translation displacement, node 28, m
        202    8.210E-01,  4.580E-01, -3.409E-01         F               0         Blade 1 X orientation angle, node 1, rad
        203    5.428E-01, -8.113E-01,  2.172E-01         F               0         Blade 1 Y orientation angle, node 1, rad
        204   -1.771E-01, -3.633E-01, -9.147E-01         F               0         Blade 1 Z orientation angle, node 1, rad
        205    8.210E-01,  4.580E-01, -3.409E-01         F               0         Blade 1 X orientation angle, node 2, rad
        206    5.428E-01, -8.113E-01,  2.172E-01         F               0         Blade 1 Y orientation angle, node 2, rad
        207   -1.771E-01, -3.633E-01, -9.147E-01         F               0         Blade 1 Z orientation angle, node 2, rad
        208    9.262E-01,  2.527E-01, -2.797E-01         F               0         Blade 1 X orientation angle, node 3, rad
        209    3.327E-01, -8.967E-01,  2.918E-01         F               0         Blade 1 Y orientation angle, node 3, rad
        210   -1.771E-01, -3.633E-01, -9.147E-01         F               0         Blade 1 Z orientation angle, node 3, rad
        211    9.395E-01,  2.146E-01, -2.672E-01         F               0         Blade 1 X orientation angle, node 4, rad
        212    2.933E-01, -9.066E-01,  3.033E-01         F               0         Blade 1 Y orientation angle, node 4, rad
        213   -1.771E-01, -3.633E-01, -9.147E-01         F               0         Blade 1 Z orientation angle, node 4, rad
        214    9.487E-01,  1.844E-01, -2.570E-01         F               0         Blade 1 X orientation angle, node 5, rad
        215    2.620E-01, -9.132E-01,  3.120E-01         F               0         Blade 1 Y orientation angle, node 5, rad
        216   -1.771E-01, -3.633E-01, -9.147E-01         F               0         Blade 1 Z orientation angle, node 5, rad
        217    9.553E-01,  1.601E-01, -2.486E-01         F               0         Blade 1 X orientation angle, node 6, rad
        218    2.368E-01, -9.178E-01,  3.187E-01         F               0         Blade 1 Y orientation angle, node 6, rad
        219   -1.771E-01, -3.633E-01, -9.147E-01         F               0         Blade 1 Z orientation angle, node 6, rad
        220    9.602E-01,  1.400E-01, -2.416E-01         F               0         Blade 1 X orientation angle, node 7, rad
        221    2.159E-01, -9.211E-01,  3.241E-01         F               0         Blade 1 Y orientation angle, node 7, rad
        222   -1.771E-01, -3.633E-01, -9.147E-01         F               0         Blade 1 Z orientation angle, node 7, rad
        223    9.640E-01,  1.233E-01, -2.357E-01         F               0         Blade 1 X orientation angle, node 8, rad
        224    1.984E-01, -9.235E-01,  3.284E-01         F               0         Blade 1 Y orientation angle, node 8, rad
        225   -1.771E-01, -3.633E-01, -9.147E-01         F               0         Blade 1 Z orientation angle, node 8, rad
        226    9.669E-01,  1.091E-01, -2.306E-01         F               0         Blade 1 X orientation angle, node 9, rad
        227    1.836E-01, -9.252E-01,  3.320E-01         F               0         Blade 1 Y orientation angle, node 9, rad
        228   -1.771E-01, -3.633E-01, -9.147E-01         F               0         Blade 1 Z orientation angle, node 9, rad
        229    9.693E-01,  9.682E-02, -2.262E-01         F               0         Blade 1 X orientation angle, node 10, rad
        230    1.707E-01, -9.266E-01,  3.350E-01         F               0         Blade 1 Y orientation angle, node 10, rad
        231   -1.771E-01, -3.633E-01, -9.147E-01         F               0         Blade 1 Z orientation angle, node 10, rad
        232    9.711E-01,  8.630E-02, -2.223E-01         F               0         Blade 1 X orientation angle, node 11, rad
        233    1.597E-01, -9.276E-01,  3.376E-01         F               0         Blade 1 Y orientation angle, node 11, rad
        234   -1.771E-01, -3.633E-01, -9.147E-01         F               0         Blade 1 Z orientation angle, node 11, rad
        235    9.727E-01,  7.707E-02, -2.190E-01         F               0         Blade 1 X orientation angle, node 12, rad
        236    1.501E-01, -9.285E-01,  3.398E-01         F               0         Blade 1 Y orientation angle, node 12, rad
        237   -1.771E-01, -3.633E-01, -9.147E-01         F               0         Blade 1 Z orientation angle, node 12, rad
        238    9.740E-01,  6.896E-02, -2.160E-01         F               0         Blade 1 X orientation angle, node 13, rad
        239    1.416E-01, -9.291E-01,  3.417E-01         F               0         Blade 1 Y orientation angle, node 13, rad
        240   -1.771E-01, -3.633E-01, -9.147E-01         F               0         Blade 1 Z orientation angle, node 13, rad
        241    9.750E-01,  6.167E-02, -2.133E-01         F               0         Blade 1 X orientation angle, node 14, rad
        242    1.339E-01, -9.296E-01,  3.433E-01         F               0         Blade 1 Y orientation angle, node 14, rad
        243   -1.771E-01, -3.633E-01, -9.147E-01         F               0         Blade 1 Z orientation angle, node 14, rad
        244    9.759E-01,  5.517E-02, -2.109E-01         F               0         Blade 1 X orientation angle, node 15, rad
        245    1.271E-01, -9.300E-01,  3.448E-01         F               0         Blade 1 Y orientation angle, node 15, rad
        246   -1.771E-01, -3.633E-01, -9.147E-01         F               0         Blade 1 Z orientation angle, node 15, rad
        247    9.767E-01,  4.933E-02, -2.087E-01         F               0         Blade 1 X orientation angle, node 16, rad
        248    1.210E-01, -9.303E-01,  3.461E-01         F               0         Blade 1 Y orientation angle, node 16, rad
        249   -1.771E-01, -3.633E-01, -9.147E-01         F               0         Blade 1 Z orientation angle, node 16, rad
        250    9.774E-01,  4.413E-02, -2.068E-01         F               0         Blade 1 X orientation angle, node 17, rad
        251    1.155E-01, -9.306E-01,  3.473E-01         F               0         Blade 1 Y orientation angle, node 17, rad
        252   -1.771E-01, -3.633E-01, -9.147E-01         F               0         Blade 1 Z orientation angle, node 17, rad
        253    9.780E-01,  3.926E-02, -2.050E-01         F               0         Blade 1 X orientation angle, node 18, rad
        254    1.104E-01, -9.308E-01,  3.484E-01         F               0         Blade 1 Y orientation angle, node 18, rad
        255   -1.771E-01, -3.633E-01, -9.147E-01         F               0         Blade 1 Z orientation angle, node 18, rad
        256    9.785E-01,  3.487E-02, -2.033E-01         F               0         Blade 1 X orientation angle, node 19, rad
        257    1.058E-01, -9.310E-01,  3.493E-01         F               0         Blade 1 Y orientation angle, node 19, rad
        258   -1.771E-01, -3.633E-01, -9.147E-01         F               0         Blade 1 Z orientation angle, node 19, rad
        259    9.789E-01,  3.097E-02, -2.019E-01         F               0         Blade 1 X orientation angle, node 20, rad
        260    1.017E-01, -9.311E-01,  3.502E-01         F               0         Blade 1 Y orientation angle, node 20, rad
        261   -1.771E-01, -3.633E-01, -9.147E-01         F               0         Blade 1 Z orientation angle, node 20, rad
        262    9.793E-01,  2.723E-02, -2.005E-01         F               0         Blade 1 X orientation angle, node 21, rad
        263    9.775E-02, -9.313E-01,  3.510E-01         F               0         Blade 1 Y orientation angle, node 21, rad
        264   -1.771E-01, -3.633E-01, -9.147E-01         F               0         Blade 1 Z orientation angle, node 21, rad
        265    9.797E-01,  2.382E-02, -1.992E-01         F               0         Blade 1 X orientation angle, node 22, rad
        266    9.416E-02, -9.314E-01,  3.517E-01         F               0         Blade 1 Y orientation angle, node 22, rad
        267   -1.771E-01, -3.633E-01, -9.147E-01         F               0         Blade 1 Z orientation angle, node 22, rad
        268    9.800E-01,  2.073E-02, -1.980E-01         F               0         Blade 1 X orientation angle, node 23, rad
        269    9.091E-02, -9.314E-01,  3.524E-01         F               0         Blade 1 Y orientation angle, node 23, rad
        270   -1.771E-01, -3.633E-01, -9.147E-01         F               0         Blade 1 Z orientation angle, node 23, rad
        271    9.803E-01,  1.781E-02, -1.969E-01         F               0         Blade 1 X orientation angle, node 24, rad
        272    8.783E-02, -9.315E-01,  3.530E-01         F               0         Blade 1 Y orientation angle, node 24, rad
        273   -1.771E-01, -3.633E-01, -9.147E-01         F               0         Blade 1 Z orientation angle, node 24, rad
        274    9.805E-01,  1.504E-02, -1.959E-01         F               0         Blade 1 X orientation angle, node 25, rad
        275    8.492E-02, -9.315E-01,  3.536E-01         F               0         Blade 1 Y orientation angle, node 25, rad
        276   -1.771E-01, -3.633E-01, -9.147E-01         F               0         Blade 1 Z orientation angle, node 25, rad
        277    9.807E-01,  1.260E-02, -1.949E-01         F               0         Blade 1 X orientation angle, node 26, rad
        278    8.235E-02, -9.316E-01,  3.541E-01         F               0         Blade 1 Y orientation angle, node 26, rad
        279   -1.771E-01, -3.633E-01, -9.147E-01         F               0         Blade 1 Z orientation angle, node 26, rad
        280    9.809E-01,  1.016E-02, -1.940E-01         F               0         Blade 1 X orientation angle, node 27, rad
        281    7.979E-02, -9.316E-01,  3.546E-01         F               0         Blade 1 Y orientation angle, node 27, rad
        282   -1.771E-01, -3.633E-01, -9.147E-01         F               0         Blade 1 Z orientation angle, node 27, rad
        283    9.811E-01,  8.864E-03, -1.935E-01         F               0         Blade 1 X orientation angle, node 28, rad
        284    7.842E-02, -9.316E-01,  3.549E-01         F               0         Blade 1 Y orientation angle, node 28, rad
        285   -1.771E-01, -3.633E-01, -9.147E-01         F               0         Blade 1 Z orientation angle, node 28, rad
        286   -3.153E-01                                 F               0         Blade 1 X translation velocity, node 1, m/s
        287    3.693E+00                                 F               0         Blade 1 Y translation velocity, node 1, m/s
        288   -1.385E+00                                 F               0         Blade 1 Z translation velocity, node 1, m/s
        289   -3.905E-01                                 F               0         Blade 1 X translation velocity, node 2, m/s
        290    4.573E+00                                 F               0         Blade 1 Y translation velocity, node 2, m/s
        291   -1.720E+00                                 F               0         Blade 1 Z translation velocity, node 2, m/s
        292   -1.413E+00                                 F               0         Blade 1 X translation velocity, node 3, m/s
        293    1.654E+01                                 F               0         Blade 1 Y translation velocity, node 3, m/s
        294   -6.274E+00                                 F               0         Blade 1 Z translation velocity, node 3, m/s
        295   -1.631E+00                                 F               0         Blade 1 X translation velocity, node 4, m/s
        296    1.909E+01                                 F               0         Blade 1 Y translation velocity, node 4, m/s
        297   -7.245E+00                                 F               0         Blade 1 Z translation velocity, node 4, m/s
        298   -1.849E+00                                 F               0         Blade 1 X translation velocity, node 5, m/s
        299    2.164E+01                                 F               0         Blade 1 Y translation velocity, node 5, m/s
        300   -8.215E+00                                 F               0         Blade 1 Z translation velocity, node 5, m/s
        301   -2.067E+00                                 F               0         Blade 1 X translation velocity, node 6, m/s
        302    2.418E+01                                 F               0         Blade 1 Y translation velocity, node 6, m/s
        303   -9.186E+00                                 F               0         Blade 1 Z translation velocity, node 6, m/s
        304   -2.285E+00                                 F               0         Blade 1 X translation velocity, node 7, m/s
        305    2.673E+01                                 F               0         Blade 1 Y translation velocity, node 7, m/s
        306   -1.016E+01                                 F               0         Blade 1 Z translation velocity, node 7, m/s
        307   -2.503E+00                                 F               0         Blade 1 X translation velocity, node 8, m/s
