
Linearized model: Predictions were generated on 12-Jan-2024 at 08:43:17 using OpenFAST, compiled as a 64-bit application using single precision at commit v3.5.1
 linked with  NWTC Subroutine Library; ElastoDyn; InflowWind; AeroDyn; ServoDyn; HydroDyn; MAP++ (<1.20.10>, <Oct-20-2023>)

Description from the FAST input file: CCT-9 Campign 4 model. Input files to be run with OpenFAST 3.5.0. GitHub branch from Lu Wang (https://github.com/luwang00/openfast/tree/dev) compiled on March 7, 2023.

Simulation information:
   Simulation time:                   504.2000 s
   Rotor Speed:                         0.7075 rad/s
   Azimuth:                             0.1054 rad
   Wind Speed:                          8.0000 m/s
   Number of continuous states:         0
   Number of discrete states:           0
   Number of constraint states:         0
   Number of inputs:                 1746
   Number of outputs:                   4
   Jacobians included in this file?    No

Order of inputs:
     Column   Operating Point                     Rotating Frame? Derivative Order Description
   ---------- ---------------                     --------------- ---------------- -----------
          1    7.328E+00                                 F               0         Tower X translation displacement, node 1, m
          2   -1.319E+00                                 F               0         Tower Y translation displacement, node 1, m
          3   -1.999E-01                                 F               0         Tower Z translation displacement, node 1, m
          4    8.388E+00                                 F               0         Tower X translation displacement, node 2, m
          5   -1.892E+00                                 F               0         Tower Y translation displacement, node 2, m
          6   -2.588E-01                                 F               0         Tower Z translation displacement, node 2, m
          7    9.463E+00                                 F               0         Tower X translation displacement, node 3, m
          8   -2.471E+00                                 F               0         Tower Y translation displacement, node 3, m
          9   -3.193E-01                                 F               0         Tower Z translation displacement, node 3, m
         10    1.055E+01                                 F               0         Tower X translation displacement, node 4, m
         11   -3.054E+00                                 F               0         Tower Y translation displacement, node 4, m
         12   -3.811E-01                                 F               0         Tower Z translation displacement, node 4, m
         13    1.165E+01                                 F               0         Tower X translation displacement, node 5, m
         14   -3.641E+00                                 F               0         Tower Y translation displacement, node 5, m
         15   -4.439E-01                                 F               0         Tower Z translation displacement, node 5, m
         16    1.275E+01                                 F               0         Tower X translation displacement, node 6, m
         17   -4.231E+00                                 F               0         Tower Y translation displacement, node 6, m
         18   -5.075E-01                                 F               0         Tower Z translation displacement, node 6, m
         19    1.386E+01                                 F               0         Tower X translation displacement, node 7, m
         20   -4.823E+00                                 F               0         Tower Y translation displacement, node 7, m
         21   -5.717E-01                                 F               0         Tower Z translation displacement, node 7, m
         22    1.498E+01                                 F               0         Tower X translation displacement, node 8, m
         23   -5.418E+00                                 F               0         Tower Y translation displacement, node 8, m
         24   -6.364E-01                                 F               0         Tower Z translation displacement, node 8, m
         25    1.609E+01                                 F               0         Tower X translation displacement, node 9, m
         26   -6.014E+00                                 F               0         Tower Y translation displacement, node 9, m
         27   -7.014E-01                                 F               0         Tower Z translation displacement, node 9, m
         28    1.721E+01                                 F               0         Tower X translation displacement, node 10, m
         29   -6.611E+00                                 F               0         Tower Y translation displacement, node 10, m
         30   -7.666E-01                                 F               0         Tower Z translation displacement, node 10, m
         31    1.833E+01                                 F               0         Tower X translation displacement, node 11, m
         32   -7.209E+00                                 F               0         Tower Y translation displacement, node 11, m
         33   -8.319E-01                                 F               0         Tower Z translation displacement, node 11, m
         34    9.964E-01,  4.708E-03, -8.514E-02         F               0         Tower X orientation angle, node 1, rad
         35   -7.513E-04,  9.989E-01,  4.645E-02         F               0         Tower Y orientation angle, node 1, rad
         36    8.526E-02, -4.622E-02,  9.953E-01         F               0         Tower Z orientation angle, node 1, rad
         37    9.963E-01,  4.765E-03, -8.635E-02         F               0         Tower X orientation angle, node 2, rad
         38   -7.148E-04,  9.989E-01,  4.687E-02         F               0         Tower Y orientation angle, node 2, rad
         39    8.648E-02, -4.664E-02,  9.952E-01         F               0         Tower Z orientation angle, node 2, rad
         40    9.962E-01,  4.815E-03, -8.741E-02         F               0         Tower X orientation angle, node 3, rad
         41   -6.816E-04,  9.989E-01,  4.725E-02         F               0         Tower Y orientation angle, node 3, rad
         42    8.754E-02, -4.701E-02,  9.951E-01         F               0         Tower Z orientation angle, node 3, rad
         43    9.961E-01,  4.856E-03, -8.827E-02         F               0         Tower X orientation angle, node 4, rad
         44   -6.523E-04,  9.989E-01,  4.758E-02         F               0         Tower Y orientation angle, node 4, rad
         45    8.840E-02, -4.734E-02,  9.950E-01         F               0         Tower Z orientation angle, node 4, rad
         46    9.960E-01,  4.889E-03, -8.896E-02         F               0         Tower X orientation angle, node 5, rad
         47   -6.270E-04,  9.989E-01,  4.787E-02         F               0         Tower Y orientation angle, node 5, rad
         48    8.910E-02, -4.762E-02,  9.949E-01         F               0         Tower Z orientation angle, node 5, rad
         49    9.960E-01,  4.914E-03, -8.949E-02         F               0         Tower X orientation angle, node 6, rad
         50   -6.057E-04,  9.988E-01,  4.811E-02         F               0         Tower Y orientation angle, node 6, rad
         51    8.963E-02, -4.786E-02,  9.948E-01         F               0         Tower Z orientation angle, node 6, rad
         52    9.959E-01,  4.933E-03, -8.987E-02         F               0         Tower X orientation angle, node 7, rad
         53   -5.887E-04,  9.988E-01,  4.830E-02         F               0         Tower Y orientation angle, node 7, rad
         54    9.000E-02, -4.805E-02,  9.948E-01         F               0         Tower Z orientation angle, node 7, rad
         55    9.959E-01,  4.945E-03, -9.013E-02         F               0         Tower X orientation angle, node 8, rad
         56   -5.753E-04,  9.988E-01,  4.845E-02         F               0         Tower Y orientation angle, node 8, rad
         57    9.027E-02, -4.820E-02,  9.948E-01         F               0         Tower Z orientation angle, node 8, rad
         58    9.959E-01,  4.953E-03, -9.030E-02         F               0         Tower X orientation angle, node 9, rad
         59   -5.656E-04,  9.988E-01,  4.855E-02         F               0         Tower Y orientation angle, node 9, rad
         60    9.043E-02, -4.830E-02,  9.947E-01         F               0         Tower Z orientation angle, node 9, rad
         61    9.959E-01,  4.958E-03, -9.039E-02         F               0         Tower X orientation angle, node 10, rad
         62   -5.593E-04,  9.988E-01,  4.862E-02         F               0         Tower Y orientation angle, node 10, rad
         63    9.052E-02, -4.837E-02,  9.947E-01         F               0         Tower Z orientation angle, node 10, rad
         64    9.959E-01,  4.960E-03, -9.043E-02         F               0         Tower X orientation angle, node 11, rad
         65   -5.557E-04,  9.988E-01,  4.866E-02         F               0         Tower Y orientation angle, node 11, rad
         66    9.056E-02, -4.841E-02,  9.947E-01         F               0         Tower Z orientation angle, node 11, rad
         67   -4.960E-03                                 F               0         Tower X translation velocity, node 1, m/s
         68    6.493E-03                                 F               0         Tower Y translation velocity, node 1, m/s
         69    2.290E-03                                 F               0         Tower Z translation velocity, node 1, m/s
         70   -4.940E-03                                 F               0         Tower X translation velocity, node 2, m/s
         71    9.678E-03                                 F               0         Tower Y translation velocity, node 2, m/s
         72    2.436E-03                                 F               0         Tower Z translation velocity, node 2, m/s
         73   -4.932E-03                                 F               0         Tower X translation velocity, node 3, m/s
         74    1.291E-02                                 F               0         Tower Y translation velocity, node 3, m/s
         75    2.588E-03                                 F               0         Tower Z translation velocity, node 3, m/s
         76   -4.932E-03                                 F               0         Tower X translation velocity, node 4, m/s
         77    1.617E-02                                 F               0         Tower Y translation velocity, node 4, m/s
         78    2.742E-03                                 F               0         Tower Z translation velocity, node 4, m/s
         79   -4.942E-03                                 F               0         Tower X translation velocity, node 5, m/s
         80    1.946E-02                                 F               0         Tower Y translation velocity, node 5, m/s
         81    2.900E-03                                 F               0         Tower Z translation velocity, node 5, m/s
         82   -4.959E-03                                 F               0         Tower X translation velocity, node 6, m/s
         83    2.277E-02                                 F               0         Tower Y translation velocity, node 6, m/s
         84    3.061E-03                                 F               0         Tower Z translation velocity, node 6, m/s
         85   -4.983E-03                                 F               0         Tower X translation velocity, node 7, m/s
         86    2.610E-02                                 F               0         Tower Y translation velocity, node 7, m/s
         87    3.224E-03                                 F               0         Tower Z translation velocity, node 7, m/s
         88   -5.012E-03                                 F               0         Tower X translation velocity, node 8, m/s
         89    2.945E-02                                 F               0         Tower Y translation velocity, node 8, m/s
         90    3.388E-03                                 F               0         Tower Z translation velocity, node 8, m/s
         91   -5.047E-03                                 F               0         Tower X translation velocity, node 9, m/s
         92    3.281E-02                                 F               0         Tower Y translation velocity, node 9, m/s
         93    3.554E-03                                 F               0         Tower Z translation velocity, node 9, m/s
         94   -5.085E-03                                 F               0         Tower X translation velocity, node 10, m/s
         95    3.618E-02                                 F               0         Tower Y translation velocity, node 10, m/s
         96    3.721E-03                                 F               0         Tower Z translation velocity, node 10, m/s
         97   -5.125E-03                                 F               0         Tower X translation velocity, node 11, m/s
         98    3.955E-02                                 F               0         Tower Y translation velocity, node 11, m/s
         99    3.889E-03                                 F               0         Tower Z translation velocity, node 11, m/s
        100    1.908E+01                                 F               0         Hub X translation displacement, node 1, m
        101   -7.643E+00                                 F               0         Hub Y translation displacement, node 1, m
        102    1.033E-01                                 F               0         Hub Z translation displacement, node 1, m
        103    9.810E-01,  9.993E-03, -1.939E-01         F               0         Hub X orientation angle, node 1, rad
        104    1.987E-02,  9.883E-01,  1.514E-01         F               0         Hub Y orientation angle, node 1, rad
        105    1.931E-01, -1.524E-01,  9.693E-01         F               0         Hub Z orientation angle, node 1, rad
        106    6.937E-01                                 F               0         Hub X rotation velocity, node 1, rad/s
        107    7.064E-03                                 F               0         Hub Y rotation velocity, node 1, rad/s
        108   -1.371E-01                                 F               0         Hub Z rotation velocity, node 1, rad/s
        109    9.799E-01, -1.933E-02, -1.983E-01         F               0         Blade root 1 X orientation angle, node 1, rad
        110    4.896E-02,  9.881E-01,  1.456E-01         F               0         Blade root 1 Y orientation angle, node 1, rad
        111    1.931E-01, -1.524E-01,  9.693E-01         F               0         Blade root 1 Z orientation angle, node 1, rad
        112    9.759E-01,  2.856E-02, -2.165E-01         F               0         Blade root 2 X orientation angle, node 1, rad
        113    1.864E-01, -6.255E-01,  7.576E-01         F               0         Blade root 2 Y orientation angle, node 1, rad
        114   -1.138E-01, -7.797E-01, -6.158E-01         F               0         Blade root 2 Z orientation angle, node 1, rad
        115    9.858E-01,  2.073E-02, -1.667E-01         F               0         Blade root 3 X orientation angle, node 1, rad
        116   -1.480E-01, -3.617E-01, -9.205E-01         F               0         Blade root 3 Y orientation angle, node 1, rad
        117   -7.937E-02,  9.321E-01, -3.535E-01         F               0         Blade root 3 Z orientation angle, node 1, rad
        118    1.958E+01                                 F               0         Blade 1 X translation displacement, node 1, m
        119   -8.487E+00                                 F               0         Blade 1 Y translation displacement, node 1, m
        120   -3.669E-02                                 F               0         Blade 1 Z translation displacement, node 1, m
        121    1.969E+01                                 F               0         Blade 1 X translation displacement, node 2, m
        122   -8.691E+00                                 F               0         Blade 1 Y translation displacement, node 2, m
        123   -7.041E-02                                 F               0         Blade 1 Z translation displacement, node 2, m
        124    2.130E+01                                 F               0         Blade 1 X translation displacement, node 3, m
        125   -1.146E+01                                 F               0         Blade 1 Y translation displacement, node 3, m
        126   -5.289E-01                                 F               0         Blade 1 Z translation displacement, node 3, m
        127    2.165E+01                                 F               0         Blade 1 X translation displacement, node 4, m
        128   -1.205E+01                                 F               0         Blade 1 Y translation displacement, node 4, m
        129   -6.267E-01                                 F               0         Blade 1 Z translation displacement, node 4, m
        130    2.199E+01                                 F               0         Blade 1 X translation displacement, node 5, m
        131   -1.264E+01                                 F               0         Blade 1 Y translation displacement, node 5, m
        132   -7.244E-01                                 F               0         Blade 1 Z translation displacement, node 5, m
        133    2.233E+01                                 F               0         Blade 1 X translation displacement, node 6, m
        134   -1.323E+01                                 F               0         Blade 1 Y translation displacement, node 6, m
        135   -8.221E-01                                 F               0         Blade 1 Z translation displacement, node 6, m
        136    2.267E+01                                 F               0         Blade 1 X translation displacement, node 7, m
        137   -1.382E+01                                 F               0         Blade 1 Y translation displacement, node 7, m
        138   -9.198E-01                                 F               0         Blade 1 Z translation displacement, node 7, m
        139    2.302E+01                                 F               0         Blade 1 X translation displacement, node 8, m
        140   -1.440E+01                                 F               0         Blade 1 Y translation displacement, node 8, m
        141   -1.017E+00                                 F               0         Blade 1 Z translation displacement, node 8, m
        142    2.336E+01                                 F               0         Blade 1 X translation displacement, node 9, m
        143   -1.499E+01                                 F               0         Blade 1 Y translation displacement, node 9, m
        144   -1.115E+00                                 F               0         Blade 1 Z translation displacement, node 9, m
        145    2.370E+01                                 F               0         Blade 1 X translation displacement, node 10, m
        146   -1.558E+01                                 F               0         Blade 1 Y translation displacement, node 10, m
        147   -1.213E+00                                 F               0         Blade 1 Z translation displacement, node 10, m
        148    2.404E+01                                 F               0         Blade 1 X translation displacement, node 11, m
        149   -1.617E+01                                 F               0         Blade 1 Y translation displacement, node 11, m
        150   -1.311E+00                                 F               0         Blade 1 Z translation displacement, node 11, m
        151    2.439E+01                                 F               0         Blade 1 X translation displacement, node 12, m
        152   -1.676E+01                                 F               0         Blade 1 Y translation displacement, node 12, m
        153   -1.408E+00                                 F               0         Blade 1 Z translation displacement, node 12, m
        154    2.473E+01                                 F               0         Blade 1 X translation displacement, node 13, m
        155   -1.735E+01                                 F               0         Blade 1 Y translation displacement, node 13, m
        156   -1.506E+00                                 F               0         Blade 1 Z translation displacement, node 13, m
        157    2.507E+01                                 F               0         Blade 1 X translation displacement, node 14, m
        158   -1.794E+01                                 F               0         Blade 1 Y translation displacement, node 14, m
        159   -1.604E+00                                 F               0         Blade 1 Z translation displacement, node 14, m
        160    2.542E+01                                 F               0         Blade 1 X translation displacement, node 15, m
        161   -1.853E+01                                 F               0         Blade 1 Y translation displacement, node 15, m
        162   -1.701E+00                                 F               0         Blade 1 Z translation displacement, node 15, m
        163    2.576E+01                                 F               0         Blade 1 X translation displacement, node 16, m
        164   -1.912E+01                                 F               0         Blade 1 Y translation displacement, node 16, m
        165   -1.799E+00                                 F               0         Blade 1 Z translation displacement, node 16, m
        166    2.610E+01                                 F               0         Blade 1 X translation displacement, node 17, m
        167   -1.971E+01                                 F               0         Blade 1 Y translation displacement, node 17, m
        168   -1.897E+00                                 F               0         Blade 1 Z translation displacement, node 17, m
        169    2.644E+01                                 F               0         Blade 1 X translation displacement, node 18, m
        170   -2.030E+01                                 F               0         Blade 1 Y translation displacement, node 18, m
        171   -1.994E+00                                 F               0         Blade 1 Z translation displacement, node 18, m
        172    2.679E+01                                 F               0         Blade 1 X translation displacement, node 19, m
        173   -2.089E+01                                 F               0         Blade 1 Y translation displacement, node 19, m
        174   -2.092E+00                                 F               0         Blade 1 Z translation displacement, node 19, m
        175    2.713E+01                                 F               0         Blade 1 X translation displacement, node 20, m
        176   -2.148E+01                                 F               0         Blade 1 Y translation displacement, node 20, m
        177   -2.190E+00                                 F               0         Blade 1 Z translation displacement, node 20, m
        178    2.747E+01                                 F               0         Blade 1 X translation displacement, node 21, m
        179   -2.207E+01                                 F               0         Blade 1 Y translation displacement, node 21, m
        180   -2.288E+00                                 F               0         Blade 1 Z translation displacement, node 21, m
        181    2.782E+01                                 F               0         Blade 1 X translation displacement, node 22, m
        182   -2.266E+01                                 F               0         Blade 1 Y translation displacement, node 22, m
        183   -2.385E+00                                 F               0         Blade 1 Z translation displacement, node 22, m
        184    2.816E+01                                 F               0         Blade 1 X translation displacement, node 23, m
        185   -2.325E+01                                 F               0         Blade 1 Y translation displacement, node 23, m
        186   -2.483E+00                                 F               0         Blade 1 Z translation displacement, node 23, m
        187    2.850E+01                                 F               0         Blade 1 X translation displacement, node 24, m
        188   -2.384E+01                                 F               0         Blade 1 Y translation displacement, node 24, m
        189   -2.581E+00                                 F               0         Blade 1 Z translation displacement, node 24, m
        190    2.884E+01                                 F               0         Blade 1 X translation displacement, node 25, m
        191   -2.443E+01                                 F               0         Blade 1 Y translation displacement, node 25, m
        192   -2.678E+00                                 F               0         Blade 1 Z translation displacement, node 25, m
        193    2.919E+01                                 F               0         Blade 1 X translation displacement, node 26, m
        194   -2.501E+01                                 F               0         Blade 1 Y translation displacement, node 26, m
        195   -2.776E+00                                 F               0         Blade 1 Z translation displacement, node 26, m
        196    2.953E+01                                 F               0         Blade 1 X translation displacement, node 27, m
        197   -2.560E+01                                 F               0         Blade 1 Y translation displacement, node 27, m
        198   -2.874E+00                                 F               0         Blade 1 Z translation displacement, node 27, m
        199    2.982E+01                                 F               0         Blade 1 X translation displacement, node 28, m
        200   -2.610E+01                                 F               0         Blade 1 Y translation displacement, node 28, m
        201   -2.957E+00                                 F               0         Blade 1 Z translation displacement, node 28, m
        202    8.498E-01, -4.678E-01, -2.429E-01         F               0         Blade 1 X orientation angle, node 1, rad
        203    4.904E-01,  8.706E-01,  3.916E-02         F               0         Blade 1 Y orientation angle, node 1, rad
        204    1.931E-01, -1.524E-01,  9.693E-01         F               0         Blade 1 Z orientation angle, node 1, rad
        205    8.498E-01, -4.678E-01, -2.429E-01         F               0         Blade 1 X orientation angle, node 2, rad
        206    4.904E-01,  8.706E-01,  3.916E-02         F               0         Blade 1 Y orientation angle, node 2, rad
        207    1.931E-01, -1.524E-01,  9.693E-01         F               0         Blade 1 Z orientation angle, node 2, rad
        208    9.418E-01, -2.481E-01, -2.267E-01         F               0         Blade 1 X orientation angle, node 3, rad
        209    2.751E-01,  9.567E-01,  9.561E-02         F               0         Blade 1 Y orientation angle, node 3, rad
        210    1.931E-01, -1.524E-01,  9.693E-01         F               0         Blade 1 Z orientation angle, node 3, rad
        211    9.526E-01, -2.075E-01, -2.225E-01         F               0         Blade 1 X orientation angle, node 4, rad
        212    2.350E-01,  9.663E-01,  1.051E-01         F               0         Blade 1 Y orientation angle, node 4, rad
        213    1.931E-01, -1.524E-01,  9.693E-01         F               0         Blade 1 Z orientation angle, node 4, rad
        214    9.599E-01, -1.754E-01, -2.189E-01         F               0         Blade 1 X orientation angle, node 5, rad
        215    2.033E-01,  9.726E-01,  1.124E-01         F               0         Blade 1 Y orientation angle, node 5, rad
        216    1.931E-01, -1.524E-01,  9.693E-01         F               0         Blade 1 Z orientation angle, node 5, rad
        217    9.649E-01, -1.495E-01, -2.158E-01         F               0         Blade 1 X orientation angle, node 6, rad
        218    1.778E-01,  9.769E-01,  1.182E-01         F               0         Blade 1 Y orientation angle, node 6, rad
        219    1.931E-01, -1.524E-01,  9.693E-01         F               0         Blade 1 Z orientation angle, node 6, rad
        220    9.686E-01, -1.282E-01, -2.132E-01         F               0         Blade 1 X orientation angle, node 7, rad
        221    1.567E-01,  9.800E-01,  1.229E-01         F               0         Blade 1 Y orientation angle, node 7, rad
        222    1.931E-01, -1.524E-01,  9.693E-01         F               0         Blade 1 Z orientation angle, node 7, rad
        223    9.713E-01, -1.103E-01, -2.109E-01         F               0         Blade 1 X orientation angle, node 8, rad
        224    1.391E-01,  9.821E-01,  1.267E-01         F               0         Blade 1 Y orientation angle, node 8, rad
        225    1.931E-01, -1.524E-01,  9.693E-01         F               0         Blade 1 Z orientation angle, node 8, rad
        226    9.733E-01, -9.525E-02, -2.089E-01         F               0         Blade 1 X orientation angle, node 9, rad
        227    1.242E-01,  9.837E-01,  1.299E-01         F               0         Blade 1 Y orientation angle, node 9, rad
        228    1.931E-01, -1.524E-01,  9.693E-01         F               0         Blade 1 Z orientation angle, node 9, rad
        229    9.748E-01, -8.220E-02, -2.072E-01         F               0         Blade 1 X orientation angle, node 10, rad
        230    1.112E-01,  9.849E-01,  1.327E-01         F               0         Blade 1 Y orientation angle, node 10, rad
        231    1.931E-01, -1.524E-01,  9.693E-01         F               0         Blade 1 Z orientation angle, node 10, rad
        232    9.760E-01, -7.102E-02, -2.057E-01         F               0         Blade 1 X orientation angle, node 11, rad
        233    1.002E-01,  9.858E-01,  1.350E-01         F               0         Blade 1 Y orientation angle, node 11, rad
        234    1.931E-01, -1.524E-01,  9.693E-01         F               0         Blade 1 Z orientation angle, node 11, rad
        235    9.770E-01, -6.121E-02, -2.043E-01         F               0         Blade 1 X orientation angle, node 12, rad
        236    9.046E-02,  9.864E-01,  1.371E-01         F               0         Blade 1 Y orientation angle, node 12, rad
        237    1.931E-01, -1.524E-01,  9.693E-01         F               0         Blade 1 Z orientation angle, node 12, rad
        238    9.777E-01, -5.260E-02, -2.031E-01         F               0         Blade 1 X orientation angle, node 13, rad
        239    8.193E-02,  9.869E-01,  1.389E-01         F               0         Blade 1 Y orientation angle, node 13, rad
        240    1.931E-01, -1.524E-01,  9.693E-01         F               0         Blade 1 Z orientation angle, node 13, rad
        241    9.784E-01, -4.484E-02, -2.020E-01         F               0         Blade 1 X orientation angle, node 14, rad
        242    7.425E-02,  9.873E-01,  1.404E-01         F               0         Blade 1 Y orientation angle, node 14, rad
        243    1.931E-01, -1.524E-01,  9.693E-01         F               0         Blade 1 Z orientation angle, node 14, rad
        244    9.789E-01, -3.795E-02, -2.010E-01         F               0         Blade 1 X orientation angle, node 15, rad
        245    6.742E-02,  9.876E-01,  1.419E-01         F               0         Blade 1 Y orientation angle, node 15, rad
        246    1.931E-01, -1.524E-01,  9.693E-01         F               0         Blade 1 Z orientation angle, node 15, rad
        247    9.793E-01, -3.174E-02, -2.001E-01         F               0         Blade 1 X orientation angle, node 16, rad
        248    6.127E-02,  9.878E-01,  1.431E-01         F               0         Blade 1 Y orientation angle, node 16, rad
        249    1.931E-01, -1.524E-01,  9.693E-01         F               0         Blade 1 Z orientation angle, node 16, rad
        250    9.796E-01, -2.623E-02, -1.993E-01         F               0         Blade 1 X orientation angle, node 17, rad
        251    5.580E-02,  9.880E-01,  1.442E-01         F               0         Blade 1 Y orientation angle, node 17, rad
        252    1.931E-01, -1.524E-01,  9.693E-01         F               0         Blade 1 Z orientation angle, node 17, rad
        253    9.799E-01, -2.105E-02, -1.986E-01         F               0         Blade 1 X orientation angle, node 18, rad
        254    5.067E-02,  9.881E-01,  1.453E-01         F               0         Blade 1 Y orientation angle, node 18, rad
        255    1.931E-01, -1.524E-01,  9.693E-01         F               0         Blade 1 Z orientation angle, node 18, rad
        256    9.801E-01, -1.640E-02, -1.979E-01         F               0         Blade 1 X orientation angle, node 19, rad
        257    4.605E-02,  9.882E-01,  1.462E-01         F               0         Blade 1 Y orientation angle, node 19, rad
        258    1.931E-01, -1.524E-01,  9.693E-01         F               0         Blade 1 Z orientation angle, node 19, rad
        259    9.803E-01, -1.226E-02, -1.973E-01         F               0         Blade 1 X orientation angle, node 20, rad
        260    4.195E-02,  9.882E-01,  1.470E-01         F               0         Blade 1 Y orientation angle, node 20, rad
        261    1.931E-01, -1.524E-01,  9.693E-01         F               0         Blade 1 Z orientation angle, node 20, rad
        262    9.804E-01, -8.291E-03, -1.967E-01         F               0         Blade 1 X orientation angle, node 21, rad
        263    3.801E-02,  9.883E-01,  1.478E-01         F               0         Blade 1 Y orientation angle, node 21, rad
        264    1.931E-01, -1.524E-01,  9.693E-01         F               0         Blade 1 Z orientation angle, node 21, rad
        265    9.806E-01, -4.668E-03, -1.961E-01         F               0         Blade 1 X orientation angle, node 22, rad
        266    3.442E-02,  9.883E-01,  1.485E-01         F               0         Blade 1 Y orientation angle, node 22, rad
        267    1.931E-01, -1.524E-01,  9.693E-01         F               0         Blade 1 Z orientation angle, node 22, rad
        268    9.807E-01, -1.391E-03, -1.956E-01         F               0         Blade 1 X orientation angle, node 23, rad
        269    3.116E-02,  9.883E-01,  1.492E-01         F               0         Blade 1 Y orientation angle, node 23, rad
        270    1.931E-01, -1.524E-01,  9.693E-01         F               0         Blade 1 Z orientation angle, node 23, rad
        271    9.808E-01,  1.714E-03, -1.952E-01         F               0         Blade 1 X orientation angle, node 24, rad
        272    2.808E-02,  9.883E-01,  1.498E-01         F               0         Blade 1 Y orientation angle, node 24, rad
        273    1.931E-01, -1.524E-01,  9.693E-01         F               0         Blade 1 Z orientation angle, node 24, rad
        274    9.808E-01,  4.646E-03, -1.947E-01         F               0         Blade 1 X orientation angle, node 25, rad
        275    2.517E-02,  9.883E-01,  1.504E-01         F               0         Blade 1 Y orientation angle, node 25, rad
        276    1.931E-01, -1.524E-01,  9.693E-01         F               0         Blade 1 Z orientation angle, node 25, rad
        277    9.809E-01,  7.234E-03, -1.943E-01         F               0         Blade 1 X orientation angle, node 26, rad
        278    2.261E-02,  9.883E-01,  1.509E-01         F               0         Blade 1 Y orientation angle, node 26, rad
        279    1.931E-01, -1.524E-01,  9.693E-01         F               0         Blade 1 Z orientation angle, node 26, rad
        280    9.810E-01,  9.821E-03, -1.939E-01         F               0         Blade 1 X orientation angle, node 27, rad
        281    2.004E-02,  9.883E-01,  1.514E-01         F               0         Blade 1 Y orientation angle, node 27, rad
        282    1.931E-01, -1.524E-01,  9.693E-01         F               0         Blade 1 Z orientation angle, node 27, rad
        283    9.810E-01,  1.120E-02, -1.937E-01         F               0         Blade 1 X orientation angle, node 28, rad
        284    1.867E-02,  9.883E-01,  1.517E-01         F               0         Blade 1 Y orientation angle, node 28, rad
        285    1.931E-01, -1.524E-01,  9.693E-01         F               0         Blade 1 Z orientation angle, node 28, rad
        286   -8.300E-02                                 F               0         Blade 1 X translation velocity, node 1, m/s
        287   -3.830E+00                                 F               0         Blade 1 Y translation velocity, node 1, m/s
        288   -5.893E-01                                 F               0         Blade 1 Z translation velocity, node 1, m/s
        289   -1.018E-01                                 F               0         Blade 1 X translation velocity, node 2, m/s
        290   -4.763E+00                                 F               0         Blade 1 Y translation velocity, node 2, m/s
        291   -7.323E-01                                 F               0         Blade 1 Z translation velocity, node 2, m/s
        292   -3.568E-01                                 F               0         Blade 1 X translation velocity, node 3, m/s
        293   -1.745E+01                                 F               0         Blade 1 Y translation velocity, node 3, m/s
        294   -2.676E+00                                 F               0         Blade 1 Z translation velocity, node 3, m/s
        295   -4.112E-01                                 F               0         Blade 1 X translation velocity, node 4, m/s
        296   -2.015E+01                                 F               0         Blade 1 Y translation velocity, node 4, m/s
        297   -3.090E+00                                 F               0         Blade 1 Z translation velocity, node 4, m/s
        298   -4.656E-01                                 F               0         Blade 1 X translation velocity, node 5, m/s
        299   -2.286E+01                                 F               0         Blade 1 Y translation velocity, node 5, m/s
        300   -3.505E+00                                 F               0         Blade 1 Z translation velocity, node 5, m/s
        301   -5.199E-01                                 F               0         Blade 1 X translation velocity, node 6, m/s
        302   -2.556E+01                                 F               0         Blade 1 Y translation velocity, node 6, m/s
        303   -3.919E+00                                 F               0         Blade 1 Z translation velocity, node 6, m/s
        304   -5.742E-01                                 F               0         Blade 1 X translation velocity, node 7, m/s
        305   -2.826E+01                                 F               0         Blade 1 Y translation velocity, node 7, m/s
        306   -4.333E+00                                 F               0         Blade 1 Z translation velocity, node 7, m/s
        307   -6.286E-01                                 F               0         Blade 1 X translation velocity, node 8, m/s
