
Linearized model: Predictions were generated on 12-Jan-2024 at 08:43:17 using OpenFAST, compiled as a 64-bit application using single precision at commit v3.5.1
 linked with  NWTC Subroutine Library; ElastoDyn; InflowWind; AeroDyn; ServoDyn; HydroDyn; MAP++ (<1.20.10>, <Oct-20-2023>)

Description from the FAST input file: CCT-9 Campign 4 model. Input files to be run with OpenFAST 3.5.0. GitHub branch from Lu Wang (https://github.com/luwang00/openfast/tree/dev) compiled on March 7, 2023.

Simulation information:
   Simulation time:                   503.2250 s
   Rotor Speed:                         0.7075 rad/s
   Azimuth:                             5.6987 rad
   Wind Speed:                          8.0000 m/s
   Number of continuous states:         0
   Number of discrete states:           0
   Number of constraint states:         0
   Number of inputs:                 1746
   Number of outputs:                   4
   Jacobians included in this file?    No

Order of inputs:
     Column   Operating Point                     Rotating Frame? Derivative Order Description
   ---------- ---------------                     --------------- ---------------- -----------
          1    7.333E+00                                 F               0         Tower X translation displacement, node 1, m
          2   -1.325E+00                                 F               0         Tower Y translation displacement, node 1, m
          3   -2.017E-01                                 F               0         Tower Z translation displacement, node 1, m
          4    8.393E+00                                 F               0         Tower X translation displacement, node 2, m
          5   -1.901E+00                                 F               0         Tower Y translation displacement, node 2, m
          6   -2.608E-01                                 F               0         Tower Z translation displacement, node 2, m
          7    9.468E+00                                 F               0         Tower X translation displacement, node 3, m
          8   -2.482E+00                                 F               0         Tower Y translation displacement, node 3, m
          9   -3.214E-01                                 F               0         Tower Z translation displacement, node 3, m
         10    1.056E+01                                 F               0         Tower X translation displacement, node 4, m
         11   -3.068E+00                                 F               0         Tower Y translation displacement, node 4, m
         12   -3.833E-01                                 F               0         Tower Z translation displacement, node 4, m
         13    1.165E+01                                 F               0         Tower X translation displacement, node 5, m
         14   -3.658E+00                                 F               0         Tower Y translation displacement, node 5, m
         15   -4.463E-01                                 F               0         Tower Z translation displacement, node 5, m
         16    1.276E+01                                 F               0         Tower X translation displacement, node 6, m
         17   -4.251E+00                                 F               0         Tower Y translation displacement, node 6, m
         18   -5.101E-01                                 F               0         Tower Z translation displacement, node 6, m
         19    1.387E+01                                 F               0         Tower X translation displacement, node 7, m
         20   -4.846E+00                                 F               0         Tower Y translation displacement, node 7, m
         21   -5.744E-01                                 F               0         Tower Z translation displacement, node 7, m
         22    1.498E+01                                 F               0         Tower X translation displacement, node 8, m
         23   -5.444E+00                                 F               0         Tower Y translation displacement, node 8, m
         24   -6.392E-01                                 F               0         Tower Z translation displacement, node 8, m
         25    1.610E+01                                 F               0         Tower X translation displacement, node 9, m
         26   -6.043E+00                                 F               0         Tower Y translation displacement, node 9, m
         27   -7.044E-01                                 F               0         Tower Z translation displacement, node 9, m
         28    1.722E+01                                 F               0         Tower X translation displacement, node 10, m
         29   -6.643E+00                                 F               0         Tower Y translation displacement, node 10, m
         30   -7.697E-01                                 F               0         Tower Z translation displacement, node 10, m
         31    1.833E+01                                 F               0         Tower X translation displacement, node 11, m
         32   -7.244E+00                                 F               0         Tower Y translation displacement, node 11, m
         33   -8.352E-01                                 F               0         Tower Z translation displacement, node 11, m
         34    9.964E-01,  4.668E-03, -8.514E-02         F               0         Tower X orientation angle, node 1, rad
         35   -6.922E-04,  9.989E-01,  4.667E-02         F               0         Tower Y orientation angle, node 1, rad
         36    8.526E-02, -4.644E-02,  9.953E-01         F               0         Tower Z orientation angle, node 1, rad
         37    9.963E-01,  4.725E-03, -8.636E-02         F               0         Tower X orientation angle, node 2, rad
         38   -6.555E-04,  9.989E-01,  4.710E-02         F               0         Tower Y orientation angle, node 2, rad
         39    8.649E-02, -4.686E-02,  9.952E-01         F               0         Tower Z orientation angle, node 2, rad
         40    9.962E-01,  4.775E-03, -8.741E-02         F               0         Tower X orientation angle, node 3, rad
         41   -6.221E-04,  9.989E-01,  4.748E-02         F               0         Tower Y orientation angle, node 3, rad
         42    8.754E-02, -4.724E-02,  9.950E-01         F               0         Tower Z orientation angle, node 3, rad
         43    9.961E-01,  4.816E-03, -8.828E-02         F               0         Tower X orientation angle, node 4, rad
         44   -5.926E-04,  9.989E-01,  4.781E-02         F               0         Tower Y orientation angle, node 4, rad
         45    8.841E-02, -4.757E-02,  9.949E-01         F               0         Tower Z orientation angle, node 4, rad
         46    9.960E-01,  4.850E-03, -8.897E-02         F               0         Tower X orientation angle, node 5, rad
         47   -5.671E-04,  9.988E-01,  4.810E-02         F               0         Tower Y orientation angle, node 5, rad
         48    8.910E-02, -4.786E-02,  9.949E-01         F               0         Tower Z orientation angle, node 5, rad
         49    9.960E-01,  4.875E-03, -8.950E-02         F               0         Tower X orientation angle, node 6, rad
         50   -5.456E-04,  9.988E-01,  4.834E-02         F               0         Tower Y orientation angle, node 6, rad
         51    8.963E-02, -4.809E-02,  9.948E-01         F               0         Tower Z orientation angle, node 6, rad
         52    9.959E-01,  4.894E-03, -8.988E-02         F               0         Tower X orientation angle, node 7, rad
         53   -5.285E-04,  9.988E-01,  4.853E-02         F               0         Tower Y orientation angle, node 7, rad
         54    9.001E-02, -4.829E-02,  9.948E-01         F               0         Tower Z orientation angle, node 7, rad
         55    9.959E-01,  4.906E-03, -9.014E-02         F               0         Tower X orientation angle, node 8, rad
         56   -5.151E-04,  9.988E-01,  4.868E-02         F               0         Tower Y orientation angle, node 8, rad
         57    9.027E-02, -4.843E-02,  9.947E-01         F               0         Tower Z orientation angle, node 8, rad
         58    9.959E-01,  4.915E-03, -9.030E-02         F               0         Tower X orientation angle, node 9, rad
         59   -5.053E-04,  9.988E-01,  4.879E-02         F               0         Tower Y orientation angle, node 9, rad
         60    9.043E-02, -4.854E-02,  9.947E-01         F               0         Tower Z orientation angle, node 9, rad
         61    9.959E-01,  4.919E-03, -9.039E-02         F               0         Tower X orientation angle, node 10, rad
         62   -4.989E-04,  9.988E-01,  4.886E-02         F               0         Tower Y orientation angle, node 10, rad
         63    9.052E-02, -4.861E-02,  9.947E-01         F               0         Tower Z orientation angle, node 10, rad
         64    9.959E-01,  4.921E-03, -9.043E-02         F               0         Tower X orientation angle, node 11, rad
         65   -4.953E-04,  9.988E-01,  4.890E-02         F               0         Tower Y orientation angle, node 11, rad
         66    9.056E-02, -4.865E-02,  9.947E-01         F               0         Tower Z orientation angle, node 11, rad
         67   -5.002E-03                                 F               0         Tower X translation velocity, node 1, m/s
         68    5.585E-03                                 F               0         Tower Y translation velocity, node 1, m/s
         69    1.486E-03                                 F               0         Tower Z translation velocity, node 1, m/s
         70   -5.071E-03                                 F               0         Tower X translation velocity, node 2, m/s
         71    8.142E-03                                 F               0         Tower Y translation velocity, node 2, m/s
         72    1.611E-03                                 F               0         Tower Z translation velocity, node 2, m/s
         73   -5.129E-03                                 F               0         Tower X translation velocity, node 3, m/s
         74    1.074E-02                                 F               0         Tower Y translation velocity, node 3, m/s
         75    1.739E-03                                 F               0         Tower Z translation velocity, node 3, m/s
         76   -5.175E-03                                 F               0         Tower X translation velocity, node 4, m/s
         77    1.337E-02                                 F               0         Tower Y translation velocity, node 4, m/s
         78    1.869E-03                                 F               0         Tower Z translation velocity, node 4, m/s
         79   -5.209E-03                                 F               0         Tower X translation velocity, node 5, m/s
         80    1.603E-02                                 F               0         Tower Y translation velocity, node 5, m/s
         81    1.999E-03                                 F               0         Tower Z translation velocity, node 5, m/s
         82   -5.231E-03                                 F               0         Tower X translation velocity, node 6, m/s
         83    1.871E-02                                 F               0         Tower Y translation velocity, node 6, m/s
         84    2.131E-03                                 F               0         Tower Z translation velocity, node 6, m/s
         85   -5.243E-03                                 F               0         Tower X translation velocity, node 7, m/s
         86    2.141E-02                                 F               0         Tower Y translation velocity, node 7, m/s
         87    2.263E-03                                 F               0         Tower Z translation velocity, node 7, m/s
         88   -5.244E-03                                 F               0         Tower X translation velocity, node 8, m/s
         89    2.413E-02                                 F               0         Tower Y translation velocity, node 8, m/s
         90    2.395E-03                                 F               0         Tower Z translation velocity, node 8, m/s
         91   -5.236E-03                                 F               0         Tower X translation velocity, node 9, m/s
         92    2.686E-02                                 F               0         Tower Y translation velocity, node 9, m/s
         93    2.527E-03                                 F               0         Tower Z translation velocity, node 9, m/s
         94   -5.221E-03                                 F               0         Tower X translation velocity, node 10, m/s
         95    2.959E-02                                 F               0         Tower Y translation velocity, node 10, m/s
         96    2.659E-03                                 F               0         Tower Z translation velocity, node 10, m/s
         97   -5.201E-03                                 F               0         Tower X translation velocity, node 11, m/s
         98    3.233E-02                                 F               0         Tower Y translation velocity, node 11, m/s
         99    2.792E-03                                 F               0         Tower Z translation velocity, node 11, m/s
        100    1.909E+01                                 F               0         Hub X translation displacement, node 1, m
        101   -7.679E+00                                 F               0         Hub Y translation displacement, node 1, m
        102    9.995E-02                                 F               0         Hub Z translation displacement, node 1, m
        103    9.810E-01,  9.980E-03, -1.939E-01         F               0         Hub X orientation angle, node 1, rad
        104   -1.075E-01,  8.594E-01, -4.998E-01         F               0         Hub Y orientation angle, node 1, rad
        105    1.617E-01,  5.112E-01,  8.441E-01         F               0         Hub Z orientation angle, node 1, rad
        106    6.939E-01                                 F               0         Hub X rotation velocity, node 1, rad/s
        107    7.060E-03                                 F               0         Hub Y rotation velocity, node 1, rad/s
        108   -1.371E-01                                 F               0         Hub Z rotation velocity, node 1, rad/s
        109    9.837E-01, -1.552E-02, -1.790E-01         F               0         Blade root 1 X orientation angle, node 1, rad
        110   -7.839E-02,  8.593E-01, -5.053E-01         F               0         Blade root 1 Y orientation angle, node 1, rad
        111    1.617E-01,  5.112E-01,  8.441E-01         F               0         Blade root 1 Z orientation angle, node 1, rad
        112    9.748E-01,  9.591E-03, -2.229E-01         F               0         Blade root 2 X orientation angle, node 1, rad
        113    2.228E-01,  1.325E-02,  9.748E-01         F               0         Blade root 2 Y orientation angle, node 1, rad
        114    1.230E-02, -9.999E-01,  1.078E-02         F               0         Blade root 2 Z orientation angle, node 1, rad
        115    9.831E-01,  3.586E-02, -1.796E-01         F               0         Blade root 3 X orientation angle, node 1, rad
        116   -5.709E-02, -8.717E-01, -4.867E-01         F               0         Blade root 3 Y orientation angle, node 1, rad
        117   -1.740E-01,  4.887E-01, -8.549E-01         F               0         Blade root 3 Z orientation angle, node 1, rad
        118    1.941E+01                                 F               0         Blade 1 X translation displacement, node 1, m
        119   -4.847E+00                                 F               0         Blade 1 Y translation displacement, node 1, m
        120   -7.331E-01                                 F               0         Blade 1 Z translation displacement, node 1, m
        121    1.948E+01                                 F               0         Blade 1 X translation displacement, node 2, m
        122   -4.165E+00                                 F               0         Blade 1 Y translation displacement, node 2, m
        123   -9.339E-01                                 F               0         Blade 1 Z translation displacement, node 2, m
        124    2.052E+01                                 F               0         Blade 1 X translation displacement, node 3, m
        125    5.114E+00                                 F               0         Blade 1 Y translation displacement, node 3, m
        126   -3.664E+00                                 F               0         Blade 1 Z translation displacement, node 3, m
        127    2.074E+01                                 F               0         Blade 1 X translation displacement, node 4, m
        128    7.091E+00                                 F               0         Blade 1 Y translation displacement, node 4, m
        129   -4.245E+00                                 F               0         Blade 1 Z translation displacement, node 4, m
        130    2.096E+01                                 F               0         Blade 1 X translation displacement, node 5, m
        131    9.068E+00                                 F               0         Blade 1 Y translation displacement, node 5, m
        132   -4.827E+00                                 F               0         Blade 1 Z translation displacement, node 5, m
        133    2.118E+01                                 F               0         Blade 1 X translation displacement, node 6, m
        134    1.104E+01                                 F               0         Blade 1 Y translation displacement, node 6, m
        135   -5.408E+00                                 F               0         Blade 1 Z translation displacement, node 6, m
        136    2.140E+01                                 F               0         Blade 1 X translation displacement, node 7, m
        137    1.302E+01                                 F               0         Blade 1 Y translation displacement, node 7, m
        138   -5.990E+00                                 F               0         Blade 1 Z translation displacement, node 7, m
        139    2.162E+01                                 F               0         Blade 1 X translation displacement, node 8, m
        140    1.500E+01                                 F               0         Blade 1 Y translation displacement, node 8, m
        141   -6.572E+00                                 F               0         Blade 1 Z translation displacement, node 8, m
        142    2.185E+01                                 F               0         Blade 1 X translation displacement, node 9, m
        143    1.698E+01                                 F               0         Blade 1 Y translation displacement, node 9, m
        144   -7.153E+00                                 F               0         Blade 1 Z translation displacement, node 9, m
        145    2.207E+01                                 F               0         Blade 1 X translation displacement, node 10, m
        146    1.895E+01                                 F               0         Blade 1 Y translation displacement, node 10, m
        147   -7.735E+00                                 F               0         Blade 1 Z translation displacement, node 10, m
        148    2.229E+01                                 F               0         Blade 1 X translation displacement, node 11, m
        149    2.093E+01                                 F               0         Blade 1 Y translation displacement, node 11, m
        150   -8.316E+00                                 F               0         Blade 1 Z translation displacement, node 11, m
        151    2.251E+01                                 F               0         Blade 1 X translation displacement, node 12, m
        152    2.291E+01                                 F               0         Blade 1 Y translation displacement, node 12, m
        153   -8.898E+00                                 F               0         Blade 1 Z translation displacement, node 12, m
        154    2.273E+01                                 F               0         Blade 1 X translation displacement, node 13, m
        155    2.488E+01                                 F               0         Blade 1 Y translation displacement, node 13, m
        156   -9.480E+00                                 F               0         Blade 1 Z translation displacement, node 13, m
        157    2.295E+01                                 F               0         Blade 1 X translation displacement, node 14, m
        158    2.686E+01                                 F               0         Blade 1 Y translation displacement, node 14, m
        159   -1.006E+01                                 F               0         Blade 1 Z translation displacement, node 14, m
        160    2.317E+01                                 F               0         Blade 1 X translation displacement, node 15, m
        161    2.884E+01                                 F               0         Blade 1 Y translation displacement, node 15, m
        162   -1.064E+01                                 F               0         Blade 1 Z translation displacement, node 15, m
        163    2.339E+01                                 F               0         Blade 1 X translation displacement, node 16, m
        164    3.081E+01                                 F               0         Blade 1 Y translation displacement, node 16, m
        165   -1.122E+01                                 F               0         Blade 1 Z translation displacement, node 16, m
        166    2.361E+01                                 F               0         Blade 1 X translation displacement, node 17, m
        167    3.279E+01                                 F               0         Blade 1 Y translation displacement, node 17, m
        168   -1.181E+01                                 F               0         Blade 1 Z translation displacement, node 17, m
        169    2.383E+01                                 F               0         Blade 1 X translation displacement, node 18, m
        170    3.477E+01                                 F               0         Blade 1 Y translation displacement, node 18, m
        171   -1.239E+01                                 F               0         Blade 1 Z translation displacement, node 18, m
        172    2.406E+01                                 F               0         Blade 1 X translation displacement, node 19, m
        173    3.675E+01                                 F               0         Blade 1 Y translation displacement, node 19, m
        174   -1.297E+01                                 F               0         Blade 1 Z translation displacement, node 19, m
        175    2.428E+01                                 F               0         Blade 1 X translation displacement, node 20, m
        176    3.872E+01                                 F               0         Blade 1 Y translation displacement, node 20, m
        177   -1.355E+01                                 F               0         Blade 1 Z translation displacement, node 20, m
        178    2.450E+01                                 F               0         Blade 1 X translation displacement, node 21, m
        179    4.070E+01                                 F               0         Blade 1 Y translation displacement, node 21, m
        180   -1.413E+01                                 F               0         Blade 1 Z translation displacement, node 21, m
        181    2.472E+01                                 F               0         Blade 1 X translation displacement, node 22, m
        182    4.268E+01                                 F               0         Blade 1 Y translation displacement, node 22, m
        183   -1.471E+01                                 F               0         Blade 1 Z translation displacement, node 22, m
        184    2.494E+01                                 F               0         Blade 1 X translation displacement, node 23, m
        185    4.465E+01                                 F               0         Blade 1 Y translation displacement, node 23, m
        186   -1.530E+01                                 F               0         Blade 1 Z translation displacement, node 23, m
        187    2.516E+01                                 F               0         Blade 1 X translation displacement, node 24, m
        188    4.663E+01                                 F               0         Blade 1 Y translation displacement, node 24, m
        189   -1.588E+01                                 F               0         Blade 1 Z translation displacement, node 24, m
        190    2.538E+01                                 F               0         Blade 1 X translation displacement, node 25, m
        191    4.861E+01                                 F               0         Blade 1 Y translation displacement, node 25, m
        192   -1.646E+01                                 F               0         Blade 1 Z translation displacement, node 25, m
        193    2.560E+01                                 F               0         Blade 1 X translation displacement, node 26, m
        194    5.058E+01                                 F               0         Blade 1 Y translation displacement, node 26, m
        195   -1.704E+01                                 F               0         Blade 1 Z translation displacement, node 26, m
        196    2.582E+01                                 F               0         Blade 1 X translation displacement, node 27, m
        197    5.256E+01                                 F               0         Blade 1 Y translation displacement, node 27, m
        198   -1.762E+01                                 F               0         Blade 1 Z translation displacement, node 27, m
        199    2.601E+01                                 F               0         Blade 1 X translation displacement, node 28, m
        200    5.424E+01                                 F               0         Blade 1 Y translation displacement, node 28, m
        201   -1.812E+01                                 F               0         Blade 1 Z translation displacement, node 28, m
        202    9.112E-01, -4.057E-01,  7.114E-02         F               0         Blade 1 X orientation angle, node 1, rad
        203    3.788E-01,  7.577E-01, -5.314E-01         F               0         Blade 1 Y orientation angle, node 1, rad
        204    1.617E-01,  5.112E-01,  8.441E-01         F               0         Blade 1 Z orientation angle, node 1, rad
        205    9.112E-01, -4.057E-01,  7.114E-02         F               0         Blade 1 X orientation angle, node 2, rad
        206    3.788E-01,  7.577E-01, -5.314E-01         F               0         Blade 1 Y orientation angle, node 2, rad
        207    1.617E-01,  5.112E-01,  8.441E-01         F               0         Blade 1 Z orientation angle, node 2, rad
        208    9.751E-01, -2.145E-01, -5.683E-02         F               0         Blade 1 X orientation angle, node 3, rad
        209    1.521E-01,  8.323E-01, -5.331E-01         F               0         Blade 1 Y orientation angle, node 3, rad
        210    1.617E-01,  5.112E-01,  8.441E-01         F               0         Blade 1 Z orientation angle, node 3, rad
        211    9.806E-01, -1.792E-01, -7.929E-02         F               0         Blade 1 X orientation angle, node 4, rad
        212    1.107E-01,  8.406E-01, -5.302E-01         F               0         Blade 1 Y orientation angle, node 4, rad
        213    1.617E-01,  5.112E-01,  8.441E-01         F               0         Blade 1 Z orientation angle, node 4, rad
        214    9.837E-01, -1.512E-01, -9.682E-02         F               0         Blade 1 X orientation angle, node 5, rad
        215    7.818E-02,  8.461E-01, -5.273E-01         F               0         Blade 1 Y orientation angle, node 5, rad
        216    1.617E-01,  5.112E-01,  8.441E-01         F               0         Blade 1 Z orientation angle, node 5, rad
        217    9.855E-01, -1.287E-01, -1.108E-01         F               0         Blade 1 X orientation angle, node 6, rad
        218    5.205E-02,  8.498E-01, -5.245E-01         F               0         Blade 1 Y orientation angle, node 6, rad
        219    1.617E-01,  5.112E-01,  8.441E-01         F               0         Blade 1 Z orientation angle, node 6, rad
        220    9.864E-01, -1.102E-01, -1.222E-01         F               0         Blade 1 X orientation angle, node 7, rad
        221    3.054E-02,  8.524E-01, -5.220E-01         F               0         Blade 1 Y orientation angle, node 7, rad
        222    1.617E-01,  5.112E-01,  8.441E-01         F               0         Blade 1 Z orientation angle, node 7, rad
        223    9.868E-01, -9.468E-02, -1.316E-01         F               0         Blade 1 X orientation angle, node 8, rad
        224    1.264E-02,  8.543E-01, -5.197E-01         F               0         Blade 1 Y orientation angle, node 8, rad
        225    1.617E-01,  5.112E-01,  8.441E-01         F               0         Blade 1 Z orientation angle, node 8, rad
        226    9.868E-01, -8.155E-02, -1.396E-01         F               0         Blade 1 X orientation angle, node 9, rad
        227   -2.521E-03,  8.556E-01, -5.176E-01         F               0         Blade 1 Y orientation angle, node 9, rad
        228    1.617E-01,  5.112E-01,  8.441E-01         F               0         Blade 1 Z orientation angle, node 9, rad
        229    9.867E-01, -7.020E-02, -1.465E-01         F               0         Blade 1 X orientation angle, node 10, rad
        230   -1.561E-02,  8.566E-01, -5.157E-01         F               0         Blade 1 Y orientation angle, node 10, rad
        231    1.617E-01,  5.112E-01,  8.441E-01         F               0         Blade 1 Z orientation angle, node 10, rad
        232    9.865E-01, -6.047E-02, -1.523E-01         F               0         Blade 1 X orientation angle, node 11, rad
        233   -2.680E-02,  8.574E-01, -5.140E-01         F               0         Blade 1 Y orientation angle, node 11, rad
        234    1.617E-01,  5.112E-01,  8.441E-01         F               0         Blade 1 Z orientation angle, node 11, rad
        235    9.862E-01, -5.194E-02, -1.574E-01         F               0         Blade 1 X orientation angle, node 12, rad
        236   -3.662E-02,  8.579E-01, -5.125E-01         F               0         Blade 1 Y orientation angle, node 12, rad
        237    1.617E-01,  5.112E-01,  8.441E-01         F               0         Blade 1 Z orientation angle, node 12, rad
        238    9.858E-01, -4.445E-02, -1.619E-01         F               0         Blade 1 X orientation angle, node 13, rad
        239   -4.522E-02,  8.583E-01, -5.111E-01         F               0         Blade 1 Y orientation angle, node 13, rad
        240    1.617E-01,  5.112E-01,  8.441E-01         F               0         Blade 1 Z orientation angle, node 13, rad
        241    9.854E-01, -3.771E-02, -1.659E-01         F               0         Blade 1 X orientation angle, node 14, rad
        242   -5.296E-02,  8.587E-01, -5.098E-01         F               0         Blade 1 Y orientation angle, node 14, rad
        243    1.617E-01,  5.112E-01,  8.441E-01         F               0         Blade 1 Z orientation angle, node 14, rad
        244    9.850E-01, -3.172E-02, -1.694E-01         F               0         Blade 1 X orientation angle, node 15, rad
        245   -5.984E-02,  8.589E-01, -5.086E-01         F               0         Blade 1 Y orientation angle, node 15, rad
        246    1.617E-01,  5.112E-01,  8.441E-01         F               0         Blade 1 Z orientation angle, node 15, rad
        247    9.846E-01, -2.632E-02, -1.726E-01         F               0         Blade 1 X orientation angle, node 16, rad
        248   -6.603E-02,  8.591E-01, -5.076E-01         F               0         Blade 1 Y orientation angle, node 16, rad
        249    1.617E-01,  5.112E-01,  8.441E-01         F               0         Blade 1 Z orientation angle, node 16, rad
        250    9.843E-01, -2.152E-02, -1.755E-01         F               0         Blade 1 X orientation angle, node 17, rad
        251   -7.152E-02,  8.592E-01, -5.066E-01         F               0         Blade 1 Y orientation angle, node 17, rad
        252    1.617E-01,  5.112E-01,  8.441E-01         F               0         Blade 1 Z orientation angle, node 17, rad
        253    9.839E-01, -1.702E-02, -1.781E-01         F               0         Blade 1 X orientation angle, node 18, rad
        254   -7.668E-02,  8.593E-01, -5.057E-01         F               0         Blade 1 Y orientation angle, node 18, rad
        255    1.617E-01,  5.112E-01,  8.441E-01         F               0         Blade 1 Z orientation angle, node 18, rad
        256    9.835E-01, -1.297E-02, -1.805E-01         F               0         Blade 1 X orientation angle, node 19, rad
        257   -8.131E-02,  8.594E-01, -5.048E-01         F               0         Blade 1 Y orientation angle, node 19, rad
        258    1.617E-01,  5.112E-01,  8.441E-01         F               0         Blade 1 Z orientation angle, node 19, rad
        259    9.831E-01, -9.371E-03, -1.826E-01         F               0         Blade 1 X orientation angle, node 20, rad
        260   -8.543E-02,  8.594E-01, -5.041E-01         F               0         Blade 1 Y orientation angle, node 20, rad
        261    1.617E-01,  5.112E-01,  8.441E-01         F               0         Blade 1 Z orientation angle, node 20, rad
        262    9.828E-01, -5.921E-03, -1.846E-01         F               0         Blade 1 X orientation angle, node 21, rad
        263   -8.938E-02,  8.595E-01, -5.033E-01         F               0         Blade 1 Y orientation angle, node 21, rad
        264    1.617E-01,  5.112E-01,  8.441E-01         F               0         Blade 1 Z orientation angle, node 21, rad
        265    9.825E-01, -2.771E-03, -1.865E-01         F               0         Blade 1 X orientation angle, node 22, rad
        266   -9.298E-02,  8.595E-01, -5.026E-01         F               0         Blade 1 Y orientation angle, node 22, rad
        267    1.617E-01,  5.112E-01,  8.441E-01         F               0         Blade 1 Z orientation angle, node 22, rad
        268    9.821E-01,  7.951E-05, -1.881E-01         F               0         Blade 1 X orientation angle, node 23, rad
        269   -9.624E-02,  8.595E-01, -5.020E-01         F               0         Blade 1 Y orientation angle, node 23, rad
        270    1.617E-01,  5.112E-01,  8.441E-01         F               0         Blade 1 Z orientation angle, node 23, rad
        271    9.818E-01,  2.780E-03, -1.897E-01         F               0         Blade 1 X orientation angle, node 24, rad
        272   -9.932E-02,  8.595E-01, -5.014E-01         F               0         Blade 1 Y orientation angle, node 24, rad
        273    1.617E-01,  5.112E-01,  8.441E-01         F               0         Blade 1 Z orientation angle, node 24, rad
        274    9.815E-01,  5.330E-03, -1.912E-01         F               0         Blade 1 X orientation angle, node 25, rad
        275   -1.022E-01,  8.595E-01, -5.009E-01         F               0         Blade 1 Y orientation angle, node 25, rad
        276    1.617E-01,  5.112E-01,  8.441E-01         F               0         Blade 1 Z orientation angle, node 25, rad
        277    9.813E-01,  7.580E-03, -1.925E-01         F               0         Blade 1 X orientation angle, node 26, rad
        278   -1.048E-01,  8.595E-01, -5.004E-01         F               0         Blade 1 Y orientation angle, node 26, rad
        279    1.617E-01,  5.112E-01,  8.441E-01         F               0         Blade 1 Z orientation angle, node 26, rad
        280    9.810E-01,  9.830E-03, -1.938E-01         F               0         Blade 1 X orientation angle, node 27, rad
        281   -1.074E-01,  8.594E-01, -4.998E-01         F               0         Blade 1 Y orientation angle, node 27, rad
        282    1.617E-01,  5.112E-01,  8.441E-01         F               0         Blade 1 Z orientation angle, node 27, rad
        283    9.808E-01,  1.103E-02, -1.945E-01         F               0         Blade 1 X orientation angle, node 28, rad
        284   -1.087E-01,  8.594E-01, -4.996E-01         F               0         Blade 1 Y orientation angle, node 28, rad
        285    1.617E-01,  5.112E-01,  8.441E-01         F               0         Blade 1 Z orientation angle, node 28, rad
        286    4.162E-01                                 F               0         Blade 1 X translation velocity, node 1, m/s
        287   -3.334E+00                                 F               0         Blade 1 Y translation velocity, node 1, m/s
        288    1.961E+00                                 F               0         Blade 1 Z translation velocity, node 1, m/s
        289    5.177E-01                                 F               0         Blade 1 X translation velocity, node 2, m/s
        290   -4.145E+00                                 F               0         Blade 1 Y translation velocity, node 2, m/s
        291    2.433E+00                                 F               0         Blade 1 Z translation velocity, node 2, m/s
        292    1.898E+00                                 F               0         Blade 1 X translation velocity, node 3, m/s
        293   -1.518E+01                                 F               0         Blade 1 Y translation velocity, node 3, m/s
        294    8.851E+00                                 F               0         Blade 1 Z translation velocity, node 3, m/s
        295    2.193E+00                                 F               0         Blade 1 X translation velocity, node 4, m/s
        296   -1.753E+01                                 F               0         Blade 1 Y translation velocity, node 4, m/s
        297    1.022E+01                                 F               0         Blade 1 Z translation velocity, node 4, m/s
        298    2.487E+00                                 F               0         Blade 1 X translation velocity, node 5, m/s
        299   -1.988E+01                                 F               0         Blade 1 Y translation velocity, node 5, m/s
        300    1.159E+01                                 F               0         Blade 1 Z translation velocity, node 5, m/s
        301    2.781E+00                                 F               0         Blade 1 X translation velocity, node 6, m/s
        302   -2.223E+01                                 F               0         Blade 1 Y translation velocity, node 6, m/s
        303    1.295E+01                                 F               0         Blade 1 Z translation velocity, node 6, m/s
        304    3.075E+00                                 F               0         Blade 1 X translation velocity, node 7, m/s
        305   -2.458E+01                                 F               0         Blade 1 Y translation velocity, node 7, m/s
        306    1.432E+01                                 F               0         Blade 1 Z translation velocity, node 7, m/s
        307    3.369E+00                                 F               0         Blade 1 X translation velocity, node 8, m/s
