
Linearized model: Predictions were generated on 12-Jan-2024 at 08:43:17 using OpenFAST, compiled as a 64-bit application using single precision at commit v3.5.1
 linked with  NWTC Subroutine Library; ElastoDyn; InflowWind; AeroDyn; ServoDyn; HydroDyn; MAP++ (<1.20.10>, <Oct-20-2023>)

Description from the FAST input file: CCT-9 Campign 4 model. Input files to be run with OpenFAST 3.5.0. GitHub branch from Lu Wang (https://github.com/luwang00/openfast/tree/dev) compiled on March 7, 2023.

Simulation information:
   Simulation time:                   508.1500 s
   Rotor Speed:                         0.7078 rad/s
   Azimuth:                             2.9001 rad
   Wind Speed:                          8.0000 m/s
   Number of continuous states:         0
   Number of discrete states:           0
   Number of constraint states:         0
   Number of inputs:                 1746
   Number of outputs:                   4
   Jacobians included in this file?    No

Order of inputs:
     Column   Operating Point                     Rotating Frame? Derivative Order Description
   ---------- ---------------                     --------------- ---------------- -----------
          1    7.308E+00                                 F               0         Tower X translation displacement, node 1, m
          2   -1.294E+00                                 F               0         Tower Y translation displacement, node 1, m
          3   -1.873E-01                                 F               0         Tower Z translation displacement, node 1, m
          4    8.368E+00                                 F               0         Tower X translation displacement, node 2, m
          5   -1.853E+00                                 F               0         Tower Y translation displacement, node 2, m
          6   -2.456E-01                                 F               0         Tower Z translation displacement, node 2, m
          7    9.445E+00                                 F               0         Tower X translation displacement, node 3, m
          8   -2.418E+00                                 F               0         Tower Y translation displacement, node 3, m
          9   -3.055E-01                                 F               0         Tower Z translation displacement, node 3, m
         10    1.053E+01                                 F               0         Tower X translation displacement, node 4, m
         11   -2.986E+00                                 F               0         Tower Y translation displacement, node 4, m
         12   -3.667E-01                                 F               0         Tower Z translation displacement, node 4, m
         13    1.163E+01                                 F               0         Tower X translation displacement, node 5, m
         14   -3.559E+00                                 F               0         Tower Y translation displacement, node 5, m
         15   -4.289E-01                                 F               0         Tower Z translation displacement, node 5, m
         16    1.274E+01                                 F               0         Tower X translation displacement, node 6, m
         17   -4.134E+00                                 F               0         Tower Y translation displacement, node 6, m
         18   -4.918E-01                                 F               0         Tower Z translation displacement, node 6, m
         19    1.385E+01                                 F               0         Tower X translation displacement, node 7, m
         20   -4.712E+00                                 F               0         Tower Y translation displacement, node 7, m
         21   -5.554E-01                                 F               0         Tower Z translation displacement, node 7, m
         22    1.496E+01                                 F               0         Tower X translation displacement, node 8, m
         23   -5.292E+00                                 F               0         Tower Y translation displacement, node 8, m
         24   -6.194E-01                                 F               0         Tower Z translation displacement, node 8, m
         25    1.608E+01                                 F               0         Tower X translation displacement, node 9, m
         26   -5.874E+00                                 F               0         Tower Y translation displacement, node 9, m
         27   -6.837E-01                                 F               0         Tower Z translation displacement, node 9, m
         28    1.719E+01                                 F               0         Tower X translation displacement, node 10, m
         29   -6.456E+00                                 F               0         Tower Y translation displacement, node 10, m
         30   -7.483E-01                                 F               0         Tower Z translation displacement, node 10, m
         31    1.831E+01                                 F               0         Tower X translation displacement, node 11, m
         32   -7.039E+00                                 F               0         Tower Y translation displacement, node 11, m
         33   -8.129E-01                                 F               0         Tower Z translation displacement, node 11, m
         34    9.964E-01,  4.849E-03, -8.517E-02         F               0         Tower X orientation angle, node 1, rad
         35   -9.859E-04,  9.990E-01,  4.534E-02         F               0         Tower Y orientation angle, node 1, rad
         36    8.530E-02, -4.510E-02,  9.953E-01         F               0         Tower Z orientation angle, node 1, rad
         37    9.962E-01,  4.905E-03, -8.639E-02         F               0         Tower X orientation angle, node 2, rad
         38   -9.507E-04,  9.990E-01,  4.575E-02         F               0         Tower Y orientation angle, node 2, rad
         39    8.652E-02, -4.550E-02,  9.952E-01         F               0         Tower Z orientation angle, node 2, rad
         40    9.962E-01,  4.953E-03, -8.744E-02         F               0         Tower X orientation angle, node 3, rad
         41   -9.186E-04,  9.989E-01,  4.612E-02         F               0         Tower Y orientation angle, node 3, rad
         42    8.757E-02, -4.586E-02,  9.951E-01         F               0         Tower Z orientation angle, node 3, rad
         43    9.961E-01,  4.993E-03, -8.830E-02         F               0         Tower X orientation angle, node 4, rad
         44   -8.902E-04,  9.989E-01,  4.644E-02         F               0         Tower Y orientation angle, node 4, rad
         45    8.844E-02, -4.618E-02,  9.950E-01         F               0         Tower Z orientation angle, node 4, rad
         46    9.960E-01,  5.025E-03, -8.899E-02         F               0         Tower X orientation angle, node 5, rad
         47   -8.658E-04,  9.989E-01,  4.672E-02         F               0         Tower Y orientation angle, node 5, rad
         48    8.913E-02, -4.645E-02,  9.949E-01         F               0         Tower Z orientation angle, node 5, rad
         49    9.960E-01,  5.050E-03, -8.952E-02         F               0         Tower X orientation angle, node 6, rad
         50   -8.451E-04,  9.989E-01,  4.695E-02         F               0         Tower Y orientation angle, node 6, rad
         51    8.966E-02, -4.668E-02,  9.949E-01         F               0         Tower Z orientation angle, node 6, rad
         52    9.959E-01,  5.068E-03, -8.990E-02         F               0         Tower X orientation angle, node 7, rad
         53   -8.286E-04,  9.989E-01,  4.713E-02         F               0         Tower Y orientation angle, node 7, rad
         54    9.004E-02, -4.686E-02,  9.948E-01         F               0         Tower Z orientation angle, node 7, rad
         55    9.959E-01,  5.080E-03, -9.016E-02         F               0         Tower X orientation angle, node 8, rad
         56   -8.157E-04,  9.989E-01,  4.727E-02         F               0         Tower Y orientation angle, node 8, rad
         57    9.030E-02, -4.701E-02,  9.948E-01         F               0         Tower Z orientation angle, node 8, rad
         58    9.959E-01,  5.088E-03, -9.032E-02         F               0         Tower X orientation angle, node 9, rad
         59   -8.063E-04,  9.989E-01,  4.738E-02         F               0         Tower Y orientation angle, node 9, rad
         60    9.046E-02, -4.711E-02,  9.948E-01         F               0         Tower Z orientation angle, node 9, rad
         61    9.959E-01,  5.093E-03, -9.041E-02         F               0         Tower X orientation angle, node 10, rad
         62   -8.001E-04,  9.989E-01,  4.745E-02         F               0         Tower Y orientation angle, node 10, rad
         63    9.055E-02, -4.718E-02,  9.948E-01         F               0         Tower Z orientation angle, node 10, rad
         64    9.959E-01,  5.095E-03, -9.046E-02         F               0         Tower X orientation angle, node 11, rad
         65   -7.967E-04,  9.989E-01,  4.749E-02         F               0         Tower Y orientation angle, node 11, rad
         66    9.059E-02, -4.722E-02,  9.948E-01         F               0         Tower Z orientation angle, node 11, rad
         67   -5.078E-03                                 F               0         Tower X translation velocity, node 1, m/s
         68    4.815E-03                                 F               0         Tower Y translation velocity, node 1, m/s
         69    3.183E-03                                 F               0         Tower Z translation velocity, node 1, m/s
         70   -4.891E-03                                 F               0         Tower X translation velocity, node 2, m/s
         71    8.036E-03                                 F               0         Tower Y translation velocity, node 2, m/s
         72    3.314E-03                                 F               0         Tower Z translation velocity, node 2, m/s
         73   -4.702E-03                                 F               0         Tower X translation velocity, node 3, m/s
         74    1.131E-02                                 F               0         Tower Y translation velocity, node 3, m/s
         75    3.448E-03                                 F               0         Tower Z translation velocity, node 3, m/s
         76   -4.513E-03                                 F               0         Tower X translation velocity, node 4, m/s
         77    1.464E-02                                 F               0         Tower Y translation velocity, node 4, m/s
         78    3.585E-03                                 F               0         Tower Z translation velocity, node 4, m/s
         79   -4.322E-03                                 F               0         Tower X translation velocity, node 5, m/s
         80    1.800E-02                                 F               0         Tower Y translation velocity, node 5, m/s
         81    3.724E-03                                 F               0         Tower Z translation velocity, node 5, m/s
         82   -4.132E-03                                 F               0         Tower X translation velocity, node 6, m/s
         83    2.139E-02                                 F               0         Tower Y translation velocity, node 6, m/s
         84    3.866E-03                                 F               0         Tower Z translation velocity, node 6, m/s
         85   -3.942E-03                                 F               0         Tower X translation velocity, node 7, m/s
         86    2.482E-02                                 F               0         Tower Y translation velocity, node 7, m/s
         87    4.010E-03                                 F               0         Tower Z translation velocity, node 7, m/s
         88   -3.753E-03                                 F               0         Tower X translation velocity, node 8, m/s
         89    2.826E-02                                 F               0         Tower Y translation velocity, node 8, m/s
         90    4.155E-03                                 F               0         Tower Z translation velocity, node 8, m/s
         91   -3.565E-03                                 F               0         Tower X translation velocity, node 9, m/s
         92    3.172E-02                                 F               0         Tower Y translation velocity, node 9, m/s
         93    4.302E-03                                 F               0         Tower Z translation velocity, node 9, m/s
         94   -3.377E-03                                 F               0         Tower X translation velocity, node 10, m/s
         95    3.520E-02                                 F               0         Tower Y translation velocity, node 10, m/s
         96    4.449E-03                                 F               0         Tower Z translation velocity, node 10, m/s
         97   -3.190E-03                                 F               0         Tower X translation velocity, node 11, m/s
         98    3.868E-02                                 F               0         Tower Y translation velocity, node 11, m/s
         99    4.598E-03                                 F               0         Tower Z translation velocity, node 11, m/s
        100    1.907E+01                                 F               0         Hub X translation displacement, node 1, m
        101   -7.465E+00                                 F               0         Hub Y translation displacement, node 1, m
        102    1.230E-01                                 F               0         Hub Z translation displacement, node 1, m
        103    9.810E-01,  1.000E-02, -1.939E-01         F               0         Hub X orientation angle, node 1, rad
        104    4.721E-02, -9.810E-01,  1.882E-01         F               0         Hub Y orientation angle, node 1, rad
        105   -1.884E-01, -1.938E-01, -9.628E-01         F               0         Hub Z orientation angle, node 1, rad
        106    6.940E-01                                 F               0         Hub X rotation velocity, node 1, rad/s
        107    7.093E-03                                 F               0         Hub Y rotation velocity, node 1, rad/s
        108   -1.372E-01                                 F               0         Hub Z rotation velocity, node 1, rad/s
        109    9.791E-01,  3.910E-02, -1.994E-01         F               0         Blade root 1 X orientation angle, node 1, rad
        110    7.629E-02, -9.803E-01,  1.823E-01         F               0         Blade root 1 Y orientation angle, node 1, rad
        111   -1.884E-01, -1.938E-01, -9.628E-01         F               0         Blade root 1 Z orientation angle, node 1, rad
        112    9.861E-01,  4.245E-04, -1.663E-01         F               0         Blade root 2 X orientation angle, node 1, rad
        113   -1.576E-01,  3.229E-01, -9.332E-01         F               0         Blade root 2 Y orientation angle, node 1, rad
        114    5.330E-02,  9.464E-01,  3.184E-01         F               0         Blade root 2 Z orientation angle, node 1, rad
        115    9.764E-01, -9.531E-03, -2.158E-01         F               0         Blade root 3 X orientation angle, node 1, rad
        116    1.686E-01,  6.583E-01,  7.336E-01         F               0         Blade root 3 Y orientation angle, node 1, rad
        117    1.351E-01, -7.527E-01,  6.444E-01         F               0         Blade root 3 Z orientation angle, node 1, rad
        118    1.745E+01                                 F               0         Blade 1 X translation displacement, node 1, m
        119   -8.539E+00                                 F               0         Blade 1 Y translation displacement, node 1, m
        120   -1.072E+01                                 F               0         Blade 1 Z translation displacement, node 1, m
        121    1.706E+01                                 F               0         Blade 1 X translation displacement, node 2, m
        122   -8.797E+00                                 F               0         Blade 1 Y translation displacement, node 2, m
        123   -1.333E+01                                 F               0         Blade 1 Z translation displacement, node 2, m
        124    1.174E+01                                 F               0         Blade 1 X translation displacement, node 3, m
        125   -1.231E+01                                 F               0         Blade 1 Y translation displacement, node 3, m
        126   -4.886E+01                                 F               0         Blade 1 Z translation displacement, node 3, m
        127    1.061E+01                                 F               0         Blade 1 X translation displacement, node 4, m
        128   -1.306E+01                                 F               0         Blade 1 Y translation displacement, node 4, m
        129   -5.643E+01                                 F               0         Blade 1 Z translation displacement, node 4, m
        130    9.473E+00                                 F               0         Blade 1 X translation displacement, node 5, m
        131   -1.381E+01                                 F               0         Blade 1 Y translation displacement, node 5, m
        132   -6.400E+01                                 F               0         Blade 1 Z translation displacement, node 5, m
        133    8.340E+00                                 F               0         Blade 1 X translation displacement, node 6, m
        134   -1.456E+01                                 F               0         Blade 1 Y translation displacement, node 6, m
        135   -7.157E+01                                 F               0         Blade 1 Z translation displacement, node 6, m
        136    7.208E+00                                 F               0         Blade 1 X translation displacement, node 7, m
        137   -1.531E+01                                 F               0         Blade 1 Y translation displacement, node 7, m
        138   -7.914E+01                                 F               0         Blade 1 Z translation displacement, node 7, m
        139    6.075E+00                                 F               0         Blade 1 X translation displacement, node 8, m
        140   -1.606E+01                                 F               0         Blade 1 Y translation displacement, node 8, m
        141   -8.672E+01                                 F               0         Blade 1 Z translation displacement, node 8, m
        142    4.942E+00                                 F               0         Blade 1 X translation displacement, node 9, m
        143   -1.681E+01                                 F               0         Blade 1 Y translation displacement, node 9, m
        144   -9.429E+01                                 F               0         Blade 1 Z translation displacement, node 9, m
        145    3.809E+00                                 F               0         Blade 1 X translation displacement, node 10, m
        146   -1.756E+01                                 F               0         Blade 1 Y translation displacement, node 10, m
        147   -1.019E+02                                 F               0         Blade 1 Z translation displacement, node 10, m
        148    2.676E+00                                 F               0         Blade 1 X translation displacement, node 11, m
        149   -1.831E+01                                 F               0         Blade 1 Y translation displacement, node 11, m
        150   -1.094E+02                                 F               0         Blade 1 Z translation displacement, node 11, m
        151    1.543E+00                                 F               0         Blade 1 X translation displacement, node 12, m
        152   -1.906E+01                                 F               0         Blade 1 Y translation displacement, node 12, m
        153   -1.170E+02                                 F               0         Blade 1 Z translation displacement, node 12, m
        154    4.104E-01                                 F               0         Blade 1 X translation displacement, node 13, m
        155   -1.981E+01                                 F               0         Blade 1 Y translation displacement, node 13, m
        156   -1.246E+02                                 F               0         Blade 1 Z translation displacement, node 13, m
        157   -7.224E-01                                 F               0         Blade 1 X translation displacement, node 14, m
        158   -2.056E+01                                 F               0         Blade 1 Y translation displacement, node 14, m
        159   -1.321E+02                                 F               0         Blade 1 Z translation displacement, node 14, m
        160   -1.855E+00                                 F               0         Blade 1 X translation displacement, node 15, m
        161   -2.131E+01                                 F               0         Blade 1 Y translation displacement, node 15, m
        162   -1.397E+02                                 F               0         Blade 1 Z translation displacement, node 15, m
        163   -2.988E+00                                 F               0         Blade 1 X translation displacement, node 16, m
        164   -2.206E+01                                 F               0         Blade 1 Y translation displacement, node 16, m
        165   -1.473E+02                                 F               0         Blade 1 Z translation displacement, node 16, m
        166   -4.121E+00                                 F               0         Blade 1 X translation displacement, node 17, m
        167   -2.281E+01                                 F               0         Blade 1 Y translation displacement, node 17, m
        168   -1.548E+02                                 F               0         Blade 1 Z translation displacement, node 17, m
        169   -5.254E+00                                 F               0         Blade 1 X translation displacement, node 18, m
        170   -2.356E+01                                 F               0         Blade 1 Y translation displacement, node 18, m
        171   -1.624E+02                                 F               0         Blade 1 Z translation displacement, node 18, m
        172   -6.387E+00                                 F               0         Blade 1 X translation displacement, node 19, m
        173   -2.430E+01                                 F               0         Blade 1 Y translation displacement, node 19, m
        174   -1.700E+02                                 F               0         Blade 1 Z translation displacement, node 19, m
        175   -7.520E+00                                 F               0         Blade 1 X translation displacement, node 20, m
        176   -2.505E+01                                 F               0         Blade 1 Y translation displacement, node 20, m
        177   -1.776E+02                                 F               0         Blade 1 Z translation displacement, node 20, m
        178   -8.652E+00                                 F               0         Blade 1 X translation displacement, node 21, m
        179   -2.580E+01                                 F               0         Blade 1 Y translation displacement, node 21, m
        180   -1.851E+02                                 F               0         Blade 1 Z translation displacement, node 21, m
        181   -9.785E+00                                 F               0         Blade 1 X translation displacement, node 22, m
        182   -2.655E+01                                 F               0         Blade 1 Y translation displacement, node 22, m
        183   -1.927E+02                                 F               0         Blade 1 Z translation displacement, node 22, m
        184   -1.092E+01                                 F               0         Blade 1 X translation displacement, node 23, m
        185   -2.730E+01                                 F               0         Blade 1 Y translation displacement, node 23, m
        186   -2.003E+02                                 F               0         Blade 1 Z translation displacement, node 23, m
        187   -1.205E+01                                 F               0         Blade 1 X translation displacement, node 24, m
        188   -2.805E+01                                 F               0         Blade 1 Y translation displacement, node 24, m
        189   -2.078E+02                                 F               0         Blade 1 Z translation displacement, node 24, m
        190   -1.318E+01                                 F               0         Blade 1 X translation displacement, node 25, m
        191   -2.880E+01                                 F               0         Blade 1 Y translation displacement, node 25, m
        192   -2.154E+02                                 F               0         Blade 1 Z translation displacement, node 25, m
        193   -1.432E+01                                 F               0         Blade 1 X translation displacement, node 26, m
        194   -2.955E+01                                 F               0         Blade 1 Y translation displacement, node 26, m
        195   -2.230E+02                                 F               0         Blade 1 Z translation displacement, node 26, m
        196   -1.545E+01                                 F               0         Blade 1 X translation displacement, node 27, m
        197   -3.030E+01                                 F               0         Blade 1 Y translation displacement, node 27, m
        198   -2.306E+02                                 F               0         Blade 1 Z translation displacement, node 27, m
        199   -1.641E+01                                 F               0         Blade 1 X translation displacement, node 28, m
        200   -3.094E+01                                 F               0         Blade 1 Y translation displacement, node 28, m
        201   -2.370E+02                                 F               0         Blade 1 Z translation displacement, node 28, m
        202    8.366E-01,  4.818E-01, -2.606E-01         F               0         Blade 1 X orientation angle, node 1, rad
        203    5.144E-01, -8.546E-01,  7.134E-02         F               0         Blade 1 Y orientation angle, node 1, rad
        204   -1.884E-01, -1.938E-01, -9.628E-01         F               0         Blade 1 Z orientation angle, node 1, rad
        205    8.366E-01,  4.818E-01, -2.606E-01         F               0         Blade 1 X orientation angle, node 2, rad
        206    5.144E-01, -8.546E-01,  7.134E-02         F               0         Blade 1 Y orientation angle, node 2, rad
        207   -1.884E-01, -1.938E-01, -9.628E-01         F               0         Blade 1 Z orientation angle, node 2, rad
        208    9.347E-01,  2.655E-01, -2.363E-01         F               0         Blade 1 X orientation angle, node 3, rad
        209    3.014E-01, -9.444E-01,  1.311E-01         F               0         Blade 1 Y orientation angle, node 3, rad
        210   -1.884E-01, -1.938E-01, -9.628E-01         F               0         Blade 1 Z orientation angle, node 3, rad
        211    9.466E-01,  2.254E-01, -2.306E-01         F               0         Blade 1 X orientation angle, node 4, rad
        212    2.617E-01, -9.548E-01,  1.409E-01         F               0         Blade 1 Y orientation angle, node 4, rad
        213   -1.884E-01, -1.938E-01, -9.628E-01         F               0         Blade 1 Z orientation angle, node 4, rad
        214    9.547E-01,  1.936E-01, -2.258E-01         F               0         Blade 1 X orientation angle, node 5, rad
        215    2.302E-01, -9.617E-01,  1.485E-01         F               0         Blade 1 Y orientation angle, node 5, rad
        216   -1.884E-01, -1.938E-01, -9.628E-01         F               0         Blade 1 Z orientation angle, node 5, rad
        217    9.605E-01,  1.681E-01, -2.217E-01         F               0         Blade 1 X orientation angle, node 6, rad
        218    2.048E-01, -9.665E-01,  1.544E-01         F               0         Blade 1 Y orientation angle, node 6, rad
        219   -1.884E-01, -1.938E-01, -9.628E-01         F               0         Blade 1 Z orientation angle, node 6, rad
        220    9.647E-01,  1.469E-01, -2.183E-01         F               0         Blade 1 X orientation angle, node 7, rad
        221    1.838E-01, -9.700E-01,  1.592E-01         F               0         Blade 1 Y orientation angle, node 7, rad
        222   -1.884E-01, -1.938E-01, -9.628E-01         F               0         Blade 1 Z orientation angle, node 7, rad
        223    9.679E-01,  1.293E-01, -2.154E-01         F               0         Blade 1 X orientation angle, node 8, rad
        224    1.662E-01, -9.725E-01,  1.632E-01         F               0         Blade 1 Y orientation angle, node 8, rad
        225   -1.884E-01, -1.938E-01, -9.628E-01         F               0         Blade 1 Z orientation angle, node 8, rad
        226    9.704E-01,  1.144E-01, -2.129E-01         F               0         Blade 1 X orientation angle, node 9, rad
        227    1.514E-01, -9.744E-01,  1.665E-01         F               0         Blade 1 Y orientation angle, node 9, rad
        228   -1.884E-01, -1.938E-01, -9.628E-01         F               0         Blade 1 Z orientation angle, node 9, rad
        229    9.723E-01,  1.014E-01, -2.106E-01         F               0         Blade 1 X orientation angle, node 10, rad
        230    1.385E-01, -9.758E-01,  1.693E-01         F               0         Blade 1 Y orientation angle, node 10, rad
        231   -1.884E-01, -1.938E-01, -9.628E-01         F               0         Blade 1 Z orientation angle, node 10, rad
        232    9.738E-01,  9.035E-02, -2.087E-01         F               0         Blade 1 X orientation angle, node 11, rad
        233    1.274E-01, -9.769E-01,  1.717E-01         F               0         Blade 1 Y orientation angle, node 11, rad
        234   -1.884E-01, -1.938E-01, -9.628E-01         F               0         Blade 1 Z orientation angle, node 11, rad
        235    9.750E-01,  8.063E-02, -2.070E-01         F               0         Blade 1 X orientation angle, node 12, rad
        236    1.177E-01, -9.777E-01,  1.737E-01         F               0         Blade 1 Y orientation angle, node 12, rad
        237   -1.884E-01, -1.938E-01, -9.628E-01         F               0         Blade 1 Z orientation angle, node 12, rad
        238    9.760E-01,  7.209E-02, -2.055E-01         F               0         Blade 1 X orientation angle, node 13, rad
        239    1.092E-01, -9.784E-01,  1.755E-01         F               0         Blade 1 Y orientation angle, node 13, rad
        240   -1.884E-01, -1.938E-01, -9.628E-01         F               0         Blade 1 Z orientation angle, node 13, rad
        241    9.768E-01,  6.441E-02, -2.041E-01         F               0         Blade 1 X orientation angle, node 14, rad
        242    1.016E-01, -9.789E-01,  1.771E-01         F               0         Blade 1 Y orientation angle, node 14, rad
        243   -1.884E-01, -1.938E-01, -9.628E-01         F               0         Blade 1 Z orientation angle, node 14, rad
        244    9.775E-01,  5.757E-02, -2.028E-01         F               0         Blade 1 X orientation angle, node 15, rad
        245    9.473E-02, -9.794E-01,  1.786E-01         F               0         Blade 1 Y orientation angle, node 15, rad
        246   -1.884E-01, -1.938E-01, -9.628E-01         F               0         Blade 1 Z orientation angle, node 15, rad
        247    9.781E-01,  5.142E-02, -2.017E-01         F               0         Blade 1 X orientation angle, node 16, rad
        248    8.859E-02, -9.797E-01,  1.798E-01         F               0         Blade 1 Y orientation angle, node 16, rad
        249   -1.884E-01, -1.938E-01, -9.628E-01         F               0         Blade 1 Z orientation angle, node 16, rad
        250    9.786E-01,  4.594E-02, -2.007E-01         F               0         Blade 1 X orientation angle, node 17, rad
        251    8.312E-02, -9.800E-01,  1.810E-01         F               0         Blade 1 Y orientation angle, node 17, rad
        252   -1.884E-01, -1.938E-01, -9.628E-01         F               0         Blade 1 Z orientation angle, node 17, rad
        253    9.790E-01,  4.081E-02, -1.998E-01         F               0         Blade 1 X orientation angle, node 18, rad
        254    7.800E-02, -9.802E-01,  1.820E-01         F               0         Blade 1 Y orientation angle, node 18, rad
        255   -1.884E-01, -1.938E-01, -9.628E-01         F               0         Blade 1 Z orientation angle, node 18, rad
        256    9.794E-01,  3.619E-02, -1.989E-01         F               0         Blade 1 X orientation angle, node 19, rad
        257    7.338E-02, -9.804E-01,  1.829E-01         F               0         Blade 1 Y orientation angle, node 19, rad
        258   -1.884E-01, -1.938E-01, -9.628E-01         F               0         Blade 1 Z orientation angle, node 19, rad
        259    9.797E-01,  3.208E-02, -1.981E-01         F               0         Blade 1 X orientation angle, node 20, rad
        260    6.928E-02, -9.805E-01,  1.838E-01         F               0         Blade 1 Y orientation angle, node 20, rad
        261   -1.884E-01, -1.938E-01, -9.628E-01         F               0         Blade 1 Z orientation angle, node 20, rad
        262    9.799E-01,  2.815E-02, -1.974E-01         F               0         Blade 1 X orientation angle, node 21, rad
        263    6.535E-02, -9.806E-01,  1.846E-01         F               0         Blade 1 Y orientation angle, node 21, rad
        264   -1.884E-01, -1.938E-01, -9.628E-01         F               0         Blade 1 Z orientation angle, node 21, rad
        265    9.802E-01,  2.455E-02, -1.967E-01         F               0         Blade 1 X orientation angle, node 22, rad
        266    6.175E-02, -9.807E-01,  1.853E-01         F               0         Blade 1 Y orientation angle, node 22, rad
        267   -1.884E-01, -1.938E-01, -9.628E-01         F               0         Blade 1 Z orientation angle, node 22, rad
        268    9.804E-01,  2.130E-02, -1.961E-01         F               0         Blade 1 X orientation angle, node 23, rad
        269    5.850E-02, -9.808E-01,  1.859E-01         F               0         Blade 1 Y orientation angle, node 23, rad
        270   -1.884E-01, -1.938E-01, -9.628E-01         F               0         Blade 1 Z orientation angle, node 23, rad
        271    9.805E-01,  1.822E-02, -1.955E-01         F               0         Blade 1 X orientation angle, node 24, rad
        272    5.542E-02, -9.809E-01,  1.866E-01         F               0         Blade 1 Y orientation angle, node 24, rad
        273   -1.884E-01, -1.938E-01, -9.628E-01         F               0         Blade 1 Z orientation angle, node 24, rad
        274    9.807E-01,  1.531E-02, -1.950E-01         F               0         Blade 1 X orientation angle, node 25, rad
        275    5.251E-02, -9.809E-01,  1.871E-01         F               0         Blade 1 Y orientation angle, node 25, rad
        276   -1.884E-01, -1.938E-01, -9.628E-01         F               0         Blade 1 Z orientation angle, node 25, rad
        277    9.808E-01,  1.274E-02, -1.945E-01         F               0         Blade 1 X orientation angle, node 26, rad
        278    4.995E-02, -9.810E-01,  1.876E-01         F               0         Blade 1 Y orientation angle, node 26, rad
        279   -1.884E-01, -1.938E-01, -9.628E-01         F               0         Blade 1 Z orientation angle, node 26, rad
        280    9.810E-01,  1.017E-02, -1.940E-01         F               0         Blade 1 X orientation angle, node 27, rad
        281    4.738E-02, -9.810E-01,  1.882E-01         F               0         Blade 1 Y orientation angle, node 27, rad
        282   -1.884E-01, -1.938E-01, -9.628E-01         F               0         Blade 1 Z orientation angle, node 27, rad
        283    9.810E-01,  8.804E-03, -1.937E-01         F               0         Blade 1 X orientation angle, node 28, rad
        284    4.601E-02, -9.810E-01,  1.884E-01         F               0         Blade 1 Y orientation angle, node 28, rad
        285   -1.884E-01, -1.938E-01, -9.628E-01         F               0         Blade 1 Z orientation angle, node 28, rad
        286   -1.882E-01                                 F               0         Blade 1 X translation velocity, node 1, m/s
        287    3.886E+00                                 F               0         Blade 1 Y translation velocity, node 1, m/s
        288   -7.327E-01                                 F               0         Blade 1 Z translation velocity, node 1, m/s
        289   -2.328E-01                                 F               0         Blade 1 X translation velocity, node 2, m/s
        290    4.812E+00                                 F               0         Blade 1 Y translation velocity, node 2, m/s
        291   -9.105E-01                                 F               0         Blade 1 Z translation velocity, node 2, m/s
        292   -8.394E-01                                 F               0         Blade 1 X translation velocity, node 3, m/s
        293    1.741E+01                                 F               0         Blade 1 Y translation velocity, node 3, m/s
        294   -3.327E+00                                 F               0         Blade 1 Z translation velocity, node 3, m/s
        295   -9.686E-01                                 F               0         Blade 1 X translation velocity, node 4, m/s
        296    2.010E+01                                 F               0         Blade 1 Y translation velocity, node 4, m/s
        297   -3.842E+00                                 F               0         Blade 1 Z translation velocity, node 4, m/s
        298   -1.098E+00                                 F               0         Blade 1 X translation velocity, node 5, m/s
        299    2.278E+01                                 F               0         Blade 1 Y translation velocity, node 5, m/s
        300   -4.357E+00                                 F               0         Blade 1 Z translation velocity, node 5, m/s
        301   -1.227E+00                                 F               0         Blade 1 X translation velocity, node 6, m/s
        302    2.546E+01                                 F               0         Blade 1 Y translation velocity, node 6, m/s
        303   -4.872E+00                                 F               0         Blade 1 Z translation velocity, node 6, m/s
        304   -1.356E+00                                 F               0         Blade 1 X translation velocity, node 7, m/s
        305    2.815E+01                                 F               0         Blade 1 Y translation velocity, node 7, m/s
        306   -5.387E+00                                 F               0         Blade 1 Z translation velocity, node 7, m/s
        307   -1.486E+00                                 F               0         Blade 1 X translation velocity, node 8, m/s
