
Linearized model: Predictions were generated on 12-Jan-2024 at 08:43:17 using OpenFAST, compiled as a 64-bit application using single precision at commit v3.5.1
 linked with  NWTC Subroutine Library; ElastoDyn; InflowWind; AeroDyn; ServoDyn; HydroDyn; MAP++ (<1.20.10>, <Oct-20-2023>)

Description from the FAST input file: CCT-9 Campign 4 model. Input files to be run with OpenFAST 3.5.0. GitHub branch from Lu Wang (https://github.com/luwang00/openfast/tree/dev) compiled on March 7, 2023.

Simulation information:
   Simulation time:                   507.4250 s
   Rotor Speed:                         0.7077 rad/s
   Azimuth:                             2.3870 rad
   Wind Speed:                          8.0000 m/s
   Number of continuous states:         0
   Number of discrete states:           0
   Number of constraint states:         0
   Number of inputs:                 1746
   Number of outputs:                   4
   Jacobians included in this file?    No

Order of inputs:
     Column   Operating Point                     Rotating Frame? Derivative Order Description
   ---------- ---------------                     --------------- ---------------- -----------
          1    7.312E+00                                 F               0         Tower X translation displacement, node 1, m
          2   -1.297E+00                                 F               0         Tower Y translation displacement, node 1, m
          3   -1.897E-01                                 F               0         Tower Z translation displacement, node 1, m
          4    8.372E+00                                 F               0         Tower X translation displacement, node 2, m
          5   -1.859E+00                                 F               0         Tower Y translation displacement, node 2, m
          6   -2.481E-01                                 F               0         Tower Z translation displacement, node 2, m
          7    9.448E+00                                 F               0         Tower X translation displacement, node 3, m
          8   -2.426E+00                                 F               0         Tower Y translation displacement, node 3, m
          9   -3.081E-01                                 F               0         Tower Z translation displacement, node 3, m
         10    1.054E+01                                 F               0         Tower X translation displacement, node 4, m
         11   -2.998E+00                                 F               0         Tower Y translation displacement, node 4, m
         12   -3.694E-01                                 F               0         Tower Z translation displacement, node 4, m
         13    1.163E+01                                 F               0         Tower X translation displacement, node 5, m
         14   -3.572E+00                                 F               0         Tower Y translation displacement, node 5, m
         15   -4.317E-01                                 F               0         Tower Z translation displacement, node 5, m
         16    1.274E+01                                 F               0         Tower X translation displacement, node 6, m
         17   -4.151E+00                                 F               0         Tower Y translation displacement, node 6, m
         18   -4.948E-01                                 F               0         Tower Z translation displacement, node 6, m
         19    1.385E+01                                 F               0         Tower X translation displacement, node 7, m
         20   -4.731E+00                                 F               0         Tower Y translation displacement, node 7, m
         21   -5.584E-01                                 F               0         Tower Z translation displacement, node 7, m
         22    1.496E+01                                 F               0         Tower X translation displacement, node 8, m
         23   -5.314E+00                                 F               0         Tower Y translation displacement, node 8, m
         24   -6.226E-01                                 F               0         Tower Z translation displacement, node 8, m
         25    1.608E+01                                 F               0         Tower X translation displacement, node 9, m
         26   -5.898E+00                                 F               0         Tower Y translation displacement, node 9, m
         27   -6.870E-01                                 F               0         Tower Z translation displacement, node 9, m
         28    1.720E+01                                 F               0         Tower X translation displacement, node 10, m
         29   -6.483E+00                                 F               0         Tower Y translation displacement, node 10, m
         30   -7.516E-01                                 F               0         Tower Z translation displacement, node 10, m
         31    1.832E+01                                 F               0         Tower X translation displacement, node 11, m
         32   -7.069E+00                                 F               0         Tower Y translation displacement, node 11, m
         33   -8.164E-01                                 F               0         Tower Z translation displacement, node 11, m
         34    9.964E-01,  4.826E-03, -8.516E-02         F               0         Tower X orientation angle, node 1, rad
         35   -9.468E-04,  9.990E-01,  4.554E-02         F               0         Tower Y orientation angle, node 1, rad
         36    8.529E-02, -4.529E-02,  9.953E-01         F               0         Tower Z orientation angle, node 1, rad
         37    9.963E-01,  4.882E-03, -8.638E-02         F               0         Tower X orientation angle, node 2, rad
         38   -9.113E-04,  9.989E-01,  4.595E-02         F               0         Tower Y orientation angle, node 2, rad
         39    8.651E-02, -4.570E-02,  9.952E-01         F               0         Tower Z orientation angle, node 2, rad
         40    9.962E-01,  4.930E-03, -8.743E-02         F               0         Tower X orientation angle, node 3, rad
         41   -8.789E-04,  9.989E-01,  4.632E-02         F               0         Tower Y orientation angle, node 3, rad
         42    8.756E-02, -4.606E-02,  9.951E-01         F               0         Tower Z orientation angle, node 3, rad
         43    9.961E-01,  4.971E-03, -8.829E-02         F               0         Tower X orientation angle, node 4, rad
         44   -8.504E-04,  9.989E-01,  4.664E-02         F               0         Tower Y orientation angle, node 4, rad
         45    8.843E-02, -4.638E-02,  9.950E-01         F               0         Tower Z orientation angle, node 4, rad
         46    9.960E-01,  5.003E-03, -8.898E-02         F               0         Tower X orientation angle, node 5, rad
         47   -8.258E-04,  9.989E-01,  4.692E-02         F               0         Tower Y orientation angle, node 5, rad
         48    8.912E-02, -4.666E-02,  9.949E-01         F               0         Tower Z orientation angle, node 5, rad
         49    9.960E-01,  5.028E-03, -8.951E-02         F               0         Tower X orientation angle, node 6, rad
         50   -8.050E-04,  9.989E-01,  4.715E-02         F               0         Tower Y orientation angle, node 6, rad
         51    8.965E-02, -4.689E-02,  9.949E-01         F               0         Tower Z orientation angle, node 6, rad
         52    9.959E-01,  5.046E-03, -8.989E-02         F               0         Tower X orientation angle, node 7, rad
         53   -7.883E-04,  9.989E-01,  4.734E-02         F               0         Tower Y orientation angle, node 7, rad
         54    9.003E-02, -4.707E-02,  9.948E-01         F               0         Tower Z orientation angle, node 7, rad
         55    9.959E-01,  5.058E-03, -9.015E-02         F               0         Tower X orientation angle, node 8, rad
         56   -7.753E-04,  9.989E-01,  4.748E-02         F               0         Tower Y orientation angle, node 8, rad
         57    9.029E-02, -4.722E-02,  9.948E-01         F               0         Tower Z orientation angle, node 8, rad
         58    9.959E-01,  5.066E-03, -9.032E-02         F               0         Tower X orientation angle, node 9, rad
         59   -7.658E-04,  9.989E-01,  4.759E-02         F               0         Tower Y orientation angle, node 9, rad
         60    9.045E-02, -4.732E-02,  9.948E-01         F               0         Tower Z orientation angle, node 9, rad
         61    9.959E-01,  5.071E-03, -9.041E-02         F               0         Tower X orientation angle, node 10, rad
         62   -7.596E-04,  9.989E-01,  4.766E-02         F               0         Tower Y orientation angle, node 10, rad
         63    9.055E-02, -4.739E-02,  9.948E-01         F               0         Tower Z orientation angle, node 10, rad
         64    9.959E-01,  5.073E-03, -9.045E-02         F               0         Tower X orientation angle, node 11, rad
         65   -7.562E-04,  9.989E-01,  4.769E-02         F               0         Tower Y orientation angle, node 11, rad
         66    9.059E-02, -4.743E-02,  9.948E-01         F               0         Tower Z orientation angle, node 11, rad
         67   -4.928E-03                                 F               0         Tower X translation velocity, node 1, m/s
         68    5.740E-03                                 F               0         Tower Y translation velocity, node 1, m/s
         69    3.448E-03                                 F               0         Tower Z translation velocity, node 1, m/s
         70   -4.712E-03                                 F               0         Tower X translation velocity, node 2, m/s
         71    9.253E-03                                 F               0         Tower Y translation velocity, node 2, m/s
         72    3.590E-03                                 F               0         Tower Z translation velocity, node 2, m/s
         73   -4.511E-03                                 F               0         Tower X translation velocity, node 3, m/s
         74    1.282E-02                                 F               0         Tower Y translation velocity, node 3, m/s
         75    3.737E-03                                 F               0         Tower Z translation velocity, node 3, m/s
         76   -4.325E-03                                 F               0         Tower X translation velocity, node 4, m/s
         77    1.643E-02                                 F               0         Tower Y translation velocity, node 4, m/s
         78    3.888E-03                                 F               0         Tower Z translation velocity, node 4, m/s
         79   -4.152E-03                                 F               0         Tower X translation velocity, node 5, m/s
         80    2.007E-02                                 F               0         Tower Y translation velocity, node 5, m/s
         81    4.043E-03                                 F               0         Tower Z translation velocity, node 5, m/s
         82   -3.994E-03                                 F               0         Tower X translation velocity, node 6, m/s
         83    2.374E-02                                 F               0         Tower Y translation velocity, node 6, m/s
         84    4.202E-03                                 F               0         Tower Z translation velocity, node 6, m/s
         85   -3.850E-03                                 F               0         Tower X translation velocity, node 7, m/s
         86    2.743E-02                                 F               0         Tower Y translation velocity, node 7, m/s
         87    4.363E-03                                 F               0         Tower Z translation velocity, node 7, m/s
         88   -3.718E-03                                 F               0         Tower X translation velocity, node 8, m/s
         89    3.115E-02                                 F               0         Tower Y translation velocity, node 8, m/s
         90    4.527E-03                                 F               0         Tower Z translation velocity, node 8, m/s
         91   -3.597E-03                                 F               0         Tower X translation velocity, node 9, m/s
         92    3.488E-02                                 F               0         Tower Y translation velocity, node 9, m/s
         93    4.693E-03                                 F               0         Tower Z translation velocity, node 9, m/s
         94   -3.485E-03                                 F               0         Tower X translation velocity, node 10, m/s
         95    3.862E-02                                 F               0         Tower Y translation velocity, node 10, m/s
         96    4.861E-03                                 F               0         Tower Z translation velocity, node 10, m/s
         97   -3.380E-03                                 F               0         Tower X translation velocity, node 11, m/s
         98    4.236E-02                                 F               0         Tower Y translation velocity, node 11, m/s
         99    5.030E-03                                 F               0         Tower Z translation velocity, node 11, m/s
        100    1.907E+01                                 F               0         Hub X translation displacement, node 1, m
        101   -7.496E+00                                 F               0         Hub Y translation displacement, node 1, m
        102    1.194E-01                                 F               0         Hub Z translation displacement, node 1, m
        103    9.810E-01,  1.000E-02, -1.939E-01         F               0         Hub X orientation angle, node 1, rad
        104    1.336E-01, -7.597E-01,  6.364E-01         F               0         Hub Y orientation angle, node 1, rad
        105   -1.410E-01, -6.502E-01, -7.466E-01         F               0         Hub Z orientation angle, node 1, rad
        106    6.939E-01                                 F               0         Hub X rotation velocity, node 1, rad/s
        107    7.085E-03                                 F               0         Hub Y rotation velocity, node 1, rad/s
        108   -1.372E-01                                 F               0         Hub Z rotation velocity, node 1, rad/s
        109    9.766E-01,  3.254E-02, -2.127E-01         F               0         Blade root 1 X orientation angle, node 1, rad
        110    1.626E-01, -7.591E-01,  6.304E-01         F               0         Blade root 1 Y orientation angle, node 1, rad
        111   -1.410E-01, -6.502E-01, -7.466E-01         F               0         Blade root 1 Z orientation angle, node 1, rad
        112    9.861E-01,  1.543E-02, -1.652E-01         F               0         Blade root 2 X orientation angle, node 1, rad
        113   -1.597E-01, -1.829E-01, -9.701E-01         F               0         Blade root 2 Y orientation angle, node 1, rad
        114   -4.519E-02,  9.830E-01, -1.779E-01         F               0         Blade root 2 Z orientation angle, node 1, rad
        115    9.789E-01, -1.798E-02, -2.036E-01         F               0         Blade root 3 X orientation angle, node 1, rad
        116    8.437E-02,  9.428E-01,  3.224E-01         F               0         Blade root 3 Y orientation angle, node 1, rad
        117    1.862E-01, -3.328E-01,  9.244E-01         F               0         Blade root 3 Z orientation angle, node 1, rad
        118    1.771E+01                                 F               0         Blade 1 X translation displacement, node 1, m
        119   -1.110E+01                                 F               0         Blade 1 Y translation displacement, node 1, m
        120   -9.526E+00                                 F               0         Blade 1 Z translation displacement, node 1, m
        121    1.738E+01                                 F               0         Blade 1 X translation displacement, node 2, m
        122   -1.197E+01                                 F               0         Blade 1 Y translation displacement, node 2, m
        123   -1.185E+01                                 F               0         Blade 1 Z translation displacement, node 2, m
        124    1.293E+01                                 F               0         Blade 1 X translation displacement, node 3, m
        125   -2.377E+01                                 F               0         Blade 1 Y translation displacement, node 3, m
        126   -4.346E+01                                 F               0         Blade 1 Z translation displacement, node 3, m
        127    1.198E+01                                 F               0         Blade 1 X translation displacement, node 4, m
        128   -2.628E+01                                 F               0         Blade 1 Y translation displacement, node 4, m
        129   -5.019E+01                                 F               0         Blade 1 Z translation displacement, node 4, m
        130    1.103E+01                                 F               0         Blade 1 X translation displacement, node 5, m
        131   -2.880E+01                                 F               0         Blade 1 Y translation displacement, node 5, m
        132   -5.692E+01                                 F               0         Blade 1 Z translation displacement, node 5, m
        133    1.008E+01                                 F               0         Blade 1 X translation displacement, node 6, m
        134   -3.131E+01                                 F               0         Blade 1 Y translation displacement, node 6, m
        135   -6.366E+01                                 F               0         Blade 1 Z translation displacement, node 6, m
        136    9.130E+00                                 F               0         Blade 1 X translation displacement, node 7, m
        137   -3.383E+01                                 F               0         Blade 1 Y translation displacement, node 7, m
        138   -7.039E+01                                 F               0         Blade 1 Z translation displacement, node 7, m
        139    8.180E+00                                 F               0         Blade 1 X translation displacement, node 8, m
        140   -3.634E+01                                 F               0         Blade 1 Y translation displacement, node 8, m
        141   -7.713E+01                                 F               0         Blade 1 Z translation displacement, node 8, m
        142    7.231E+00                                 F               0         Blade 1 X translation displacement, node 9, m
        143   -3.886E+01                                 F               0         Blade 1 Y translation displacement, node 9, m
        144   -8.386E+01                                 F               0         Blade 1 Z translation displacement, node 9, m
        145    6.281E+00                                 F               0         Blade 1 X translation displacement, node 10, m
        146   -4.137E+01                                 F               0         Blade 1 Y translation displacement, node 10, m
        147   -9.059E+01                                 F               0         Blade 1 Z translation displacement, node 10, m
        148    5.332E+00                                 F               0         Blade 1 X translation displacement, node 11, m
        149   -4.389E+01                                 F               0         Blade 1 Y translation displacement, node 11, m
        150   -9.733E+01                                 F               0         Blade 1 Z translation displacement, node 11, m
        151    4.382E+00                                 F               0         Blade 1 X translation displacement, node 12, m
        152   -4.640E+01                                 F               0         Blade 1 Y translation displacement, node 12, m
        153   -1.041E+02                                 F               0         Blade 1 Z translation displacement, node 12, m
        154    3.433E+00                                 F               0         Blade 1 X translation displacement, node 13, m
        155   -4.892E+01                                 F               0         Blade 1 Y translation displacement, node 13, m
        156   -1.108E+02                                 F               0         Blade 1 Z translation displacement, node 13, m
        157    2.483E+00                                 F               0         Blade 1 X translation displacement, node 14, m
        158   -5.143E+01                                 F               0         Blade 1 Y translation displacement, node 14, m
        159   -1.175E+02                                 F               0         Blade 1 Z translation displacement, node 14, m
        160    1.534E+00                                 F               0         Blade 1 X translation displacement, node 15, m
        161   -5.395E+01                                 F               0         Blade 1 Y translation displacement, node 15, m
        162   -1.243E+02                                 F               0         Blade 1 Z translation displacement, node 15, m
        163    5.844E-01                                 F               0         Blade 1 X translation displacement, node 16, m
        164   -5.646E+01                                 F               0         Blade 1 Y translation displacement, node 16, m
        165   -1.310E+02                                 F               0         Blade 1 Z translation displacement, node 16, m
        166   -3.650E-01                                 F               0         Blade 1 X translation displacement, node 17, m
        167   -5.898E+01                                 F               0         Blade 1 Y translation displacement, node 17, m
        168   -1.377E+02                                 F               0         Blade 1 Z translation displacement, node 17, m
        169   -1.314E+00                                 F               0         Blade 1 X translation displacement, node 18, m
        170   -6.149E+01                                 F               0         Blade 1 Y translation displacement, node 18, m
        171   -1.445E+02                                 F               0         Blade 1 Z translation displacement, node 18, m
        172   -2.264E+00                                 F               0         Blade 1 X translation displacement, node 19, m
        173   -6.401E+01                                 F               0         Blade 1 Y translation displacement, node 19, m
        174   -1.512E+02                                 F               0         Blade 1 Z translation displacement, node 19, m
        175   -3.214E+00                                 F               0         Blade 1 X translation displacement, node 20, m
        176   -6.652E+01                                 F               0         Blade 1 Y translation displacement, node 20, m
        177   -1.579E+02                                 F               0         Blade 1 Z translation displacement, node 20, m
        178   -4.163E+00                                 F               0         Blade 1 X translation displacement, node 21, m
        179   -6.903E+01                                 F               0         Blade 1 Y translation displacement, node 21, m
        180   -1.647E+02                                 F               0         Blade 1 Z translation displacement, node 21, m
        181   -5.113E+00                                 F               0         Blade 1 X translation displacement, node 22, m
        182   -7.155E+01                                 F               0         Blade 1 Y translation displacement, node 22, m
        183   -1.714E+02                                 F               0         Blade 1 Z translation displacement, node 22, m
        184   -6.062E+00                                 F               0         Blade 1 X translation displacement, node 23, m
        185   -7.406E+01                                 F               0         Blade 1 Y translation displacement, node 23, m
        186   -1.781E+02                                 F               0         Blade 1 Z translation displacement, node 23, m
        187   -7.011E+00                                 F               0         Blade 1 X translation displacement, node 24, m
        188   -7.658E+01                                 F               0         Blade 1 Y translation displacement, node 24, m
        189   -1.849E+02                                 F               0         Blade 1 Z translation displacement, node 24, m
        190   -7.961E+00                                 F               0         Blade 1 X translation displacement, node 25, m
        191   -7.909E+01                                 F               0         Blade 1 Y translation displacement, node 25, m
        192   -1.916E+02                                 F               0         Blade 1 Z translation displacement, node 25, m
        193   -8.911E+00                                 F               0         Blade 1 X translation displacement, node 26, m
        194   -8.161E+01                                 F               0         Blade 1 Y translation displacement, node 26, m
        195   -1.983E+02                                 F               0         Blade 1 Z translation displacement, node 26, m
        196   -9.860E+00                                 F               0         Blade 1 X translation displacement, node 27, m
        197   -8.412E+01                                 F               0         Blade 1 Y translation displacement, node 27, m
        198   -2.051E+02                                 F               0         Blade 1 Z translation displacement, node 27, m
        199   -1.066E+01                                 F               0         Blade 1 X translation displacement, node 28, m
        200   -8.626E+01                                 F               0         Blade 1 Y translation displacement, node 28, m
        201   -2.108E+02                                 F               0         Blade 1 Z translation displacement, node 28, m
        202    7.950E-01,  3.751E-01, -4.768E-01         F               0         Blade 1 X orientation angle, node 1, rad
        203    5.900E-01, -6.607E-01,  4.640E-01         F               0         Blade 1 Y orientation angle, node 1, rad
        204   -1.410E-01, -6.502E-01, -7.466E-01         F               0         Blade 1 Z orientation angle, node 1, rad
        205    7.950E-01,  3.751E-01, -4.768E-01         F               0         Blade 1 X orientation angle, node 2, rad
        206    5.900E-01, -6.607E-01,  4.640E-01         F               0         Blade 1 Y orientation angle, node 2, rad
        207   -1.410E-01, -6.502E-01, -7.466E-01         F               0         Blade 1 Z orientation angle, node 2, rad
        208    9.122E-01,  2.078E-01, -3.532E-01         F               0         Blade 1 X orientation angle, node 3, rad
        209    3.848E-01, -7.308E-01,  5.638E-01         F               0         Blade 1 Y orientation angle, node 3, rad
        210   -1.410E-01, -6.502E-01, -7.466E-01         F               0         Blade 1 Z orientation angle, node 3, rad
        211    9.276E-01,  1.768E-01, -3.291E-01         F               0         Blade 1 X orientation angle, node 4, rad
        212    3.460E-01, -7.389E-01,  5.782E-01         F               0         Blade 1 Y orientation angle, node 4, rad
        213   -1.410E-01, -6.502E-01, -7.466E-01         F               0         Blade 1 Z orientation angle, node 4, rad
        214    9.386E-01,  1.522E-01, -3.098E-01         F               0         Blade 1 X orientation angle, node 5, rad
        215    3.150E-01, -7.444E-01,  5.888E-01         F               0         Blade 1 Y orientation angle, node 5, rad
        216   -1.410E-01, -6.502E-01, -7.466E-01         F               0         Blade 1 Z orientation angle, node 5, rad
        217    9.466E-01,  1.324E-01, -2.940E-01         F               0         Blade 1 X orientation angle, node 6, rad
        218    2.900E-01, -7.481E-01,  5.968E-01         F               0         Blade 1 Y orientation angle, node 6, rad
        219   -1.410E-01, -6.502E-01, -7.466E-01         F               0         Blade 1 Z orientation angle, node 6, rad
        220    9.527E-01,  1.160E-01, -2.809E-01         F               0         Blade 1 X orientation angle, node 7, rad
        221    2.693E-01, -7.508E-01,  6.031E-01         F               0         Blade 1 Y orientation angle, node 7, rad
        222   -1.410E-01, -6.502E-01, -7.466E-01         F               0         Blade 1 Z orientation angle, node 7, rad
        223    9.574E-01,  1.024E-01, -2.699E-01         F               0         Blade 1 X orientation angle, node 8, rad
        224    2.520E-01, -7.528E-01,  6.081E-01         F               0         Blade 1 Y orientation angle, node 8, rad
        225   -1.410E-01, -6.502E-01, -7.466E-01         F               0         Blade 1 Z orientation angle, node 8, rad
        226    9.612E-01,  9.081E-02, -2.606E-01         F               0         Blade 1 X orientation angle, node 9, rad
        227    2.372E-01, -7.543E-01,  6.122E-01         F               0         Blade 1 Y orientation angle, node 9, rad
        228   -1.410E-01, -6.502E-01, -7.466E-01         F               0         Blade 1 Z orientation angle, node 9, rad
        229    9.642E-01,  8.079E-02, -2.524E-01         F               0         Blade 1 X orientation angle, node 10, rad
        230    2.244E-01, -7.555E-01,  6.156E-01         F               0         Blade 1 Y orientation angle, node 10, rad
        231   -1.410E-01, -6.502E-01, -7.466E-01         F               0         Blade 1 Z orientation angle, node 10, rad
        232    9.667E-01,  7.222E-02, -2.454E-01         F               0         Blade 1 X orientation angle, node 11, rad
        233    2.135E-01, -7.563E-01,  6.184E-01         F               0         Blade 1 Y orientation angle, node 11, rad
        234   -1.410E-01, -6.502E-01, -7.466E-01         F               0         Blade 1 Z orientation angle, node 11, rad
        235    9.688E-01,  6.469E-02, -2.393E-01         F               0         Blade 1 X orientation angle, node 12, rad
        236    2.039E-01, -7.570E-01,  6.208E-01         F               0         Blade 1 Y orientation angle, node 12, rad
        237   -1.410E-01, -6.502E-01, -7.466E-01         F               0         Blade 1 Z orientation angle, node 12, rad
        238    9.705E-01,  5.808E-02, -2.338E-01         F               0         Blade 1 X orientation angle, node 13, rad
        239    1.954E-01, -7.575E-01,  6.229E-01         F               0         Blade 1 Y orientation angle, node 13, rad
        240   -1.410E-01, -6.502E-01, -7.466E-01         F               0         Blade 1 Z orientation angle, node 13, rad
        241    9.720E-01,  5.213E-02, -2.289E-01         F               0         Blade 1 X orientation angle, node 14, rad
        242    1.878E-01, -7.580E-01,  6.247E-01         F               0         Blade 1 Y orientation angle, node 14, rad
        243   -1.410E-01, -6.502E-01, -7.466E-01         F               0         Blade 1 Z orientation angle, node 14, rad
        244    9.733E-01,  4.684E-02, -2.246E-01         F               0         Blade 1 X orientation angle, node 15, rad
        245    1.810E-01, -7.583E-01,  6.263E-01         F               0         Blade 1 Y orientation angle, node 15, rad
        246   -1.410E-01, -6.502E-01, -7.466E-01         F               0         Blade 1 Z orientation angle, node 15, rad
        247    9.744E-01,  4.207E-02, -2.206E-01         F               0         Blade 1 X orientation angle, node 16, rad
        248    1.749E-01, -7.586E-01,  6.277E-01         F               0         Blade 1 Y orientation angle, node 16, rad
        249   -1.410E-01, -6.502E-01, -7.466E-01         F               0         Blade 1 Z orientation angle, node 16, rad
        250    9.754E-01,  3.783E-02, -2.171E-01         F               0         Blade 1 X orientation angle, node 17, rad
        251    1.694E-01, -7.588E-01,  6.289E-01         F               0         Blade 1 Y orientation angle, node 17, rad
        252   -1.410E-01, -6.502E-01, -7.466E-01         F               0         Blade 1 Z orientation angle, node 17, rad
        253    9.763E-01,  3.386E-02, -2.138E-01         F               0         Blade 1 X orientation angle, node 18, rad
        254    1.643E-01, -7.590E-01,  6.300E-01         F               0         Blade 1 Y orientation angle, node 18, rad
        255   -1.410E-01, -6.502E-01, -7.466E-01         F               0         Blade 1 Z orientation angle, node 18, rad
        256    9.770E-01,  3.028E-02, -2.109E-01         F               0         Blade 1 X orientation angle, node 19, rad
        257    1.597E-01, -7.592E-01,  6.310E-01         F               0         Blade 1 Y orientation angle, node 19, rad
        258   -1.410E-01, -6.502E-01, -7.466E-01         F               0         Blade 1 Z orientation angle, node 19, rad
        259    9.777E-01,  2.710E-02, -2.082E-01         F               0         Blade 1 X orientation angle, node 20, rad
        260    1.556E-01, -7.593E-01,  6.319E-01         F               0         Blade 1 Y orientation angle, node 20, rad
        261   -1.410E-01, -6.502E-01, -7.466E-01         F               0         Blade 1 Z orientation angle, node 20, rad
        262    9.783E-01,  2.405E-02, -2.057E-01         F               0         Blade 1 X orientation angle, node 21, rad
        263    1.517E-01, -7.594E-01,  6.327E-01         F               0         Blade 1 Y orientation angle, node 21, rad
        264   -1.410E-01, -6.502E-01, -7.466E-01         F               0         Blade 1 Z orientation angle, node 21, rad
        265    9.789E-01,  2.127E-02, -2.034E-01         F               0         Blade 1 X orientation angle, node 22, rad
        266    1.481E-01, -7.595E-01,  6.335E-01         F               0         Blade 1 Y orientation angle, node 22, rad
        267   -1.410E-01, -6.502E-01, -7.466E-01         F               0         Blade 1 Z orientation angle, node 22, rad
        268    9.794E-01,  1.875E-02, -2.013E-01         F               0         Blade 1 X orientation angle, node 23, rad
        269    1.449E-01, -7.595E-01,  6.341E-01         F               0         Blade 1 Y orientation angle, node 23, rad
        270   -1.410E-01, -6.502E-01, -7.466E-01         F               0         Blade 1 Z orientation angle, node 23, rad
        271    9.798E-01,  1.637E-02, -1.993E-01         F               0         Blade 1 X orientation angle, node 24, rad
        272    1.418E-01, -7.596E-01,  6.348E-01         F               0         Blade 1 Y orientation angle, node 24, rad
        273   -1.410E-01, -6.502E-01, -7.466E-01         F               0         Blade 1 Z orientation angle, node 24, rad
        274    9.802E-01,  1.411E-02, -1.974E-01         F               0         Blade 1 X orientation angle, node 25, rad
        275    1.389E-01, -7.596E-01,  6.354E-01         F               0         Blade 1 Y orientation angle, node 25, rad
        276   -1.410E-01, -6.502E-01, -7.466E-01         F               0         Blade 1 Z orientation angle, node 25, rad
        277    9.806E-01,  1.212E-02, -1.957E-01         F               0         Blade 1 X orientation angle, node 26, rad
        278    1.363E-01, -7.597E-01,  6.359E-01         F               0         Blade 1 Y orientation angle, node 26, rad
        279   -1.410E-01, -6.502E-01, -7.466E-01         F               0         Blade 1 Z orientation angle, node 26, rad
        280    9.809E-01,  1.014E-02, -1.940E-01         F               0         Blade 1 X orientation angle, node 27, rad
        281    1.337E-01, -7.597E-01,  6.364E-01         F               0         Blade 1 Y orientation angle, node 27, rad
        282   -1.410E-01, -6.502E-01, -7.466E-01         F               0         Blade 1 Z orientation angle, node 27, rad
        283    9.811E-01,  9.074E-03, -1.932E-01         F               0         Blade 1 X orientation angle, node 28, rad
        284    1.324E-01, -7.597E-01,  6.367E-01         F               0         Blade 1 Y orientation angle, node 28, rad
        285   -1.410E-01, -6.502E-01, -7.466E-01         F               0         Blade 1 Z orientation angle, node 28, rad
        286   -5.268E-01                                 F               0         Blade 1 X translation velocity, node 1, m/s
        287    3.022E+00                                 F               0         Blade 1 Y translation velocity, node 1, m/s
        288   -2.489E+00                                 F               0         Blade 1 Z translation velocity, node 1, m/s
        289   -6.529E-01                                 F               0         Blade 1 X translation velocity, node 2, m/s
        290    3.739E+00                                 F               0         Blade 1 Y translation velocity, node 2, m/s
        291   -3.090E+00                                 F               0         Blade 1 Z translation velocity, node 2, m/s
        292   -2.368E+00                                 F               0         Blade 1 X translation velocity, node 3, m/s
        293    1.349E+01                                 F               0         Blade 1 Y translation velocity, node 3, m/s
        294   -1.126E+01                                 F               0         Blade 1 Z translation velocity, node 3, m/s
        295   -2.734E+00                                 F               0         Blade 1 X translation velocity, node 4, m/s
        296    1.557E+01                                 F               0         Blade 1 Y translation velocity, node 4, m/s
        297   -1.300E+01                                 F               0         Blade 1 Z translation velocity, node 4, m/s
        298   -3.099E+00                                 F               0         Blade 1 X translation velocity, node 5, m/s
        299    1.765E+01                                 F               0         Blade 1 Y translation velocity, node 5, m/s
        300   -1.474E+01                                 F               0         Blade 1 Z translation velocity, node 5, m/s
        301   -3.465E+00                                 F               0         Blade 1 X translation velocity, node 6, m/s
        302    1.973E+01                                 F               0         Blade 1 Y translation velocity, node 6, m/s
        303   -1.649E+01                                 F               0         Blade 1 Z translation velocity, node 6, m/s
        304   -3.830E+00                                 F               0         Blade 1 X translation velocity, node 7, m/s
        305    2.181E+01                                 F               0         Blade 1 Y translation velocity, node 7, m/s
        306   -1.823E+01                                 F               0         Blade 1 Z translation velocity, node 7, m/s
        307   -4.196E+00                                 F               0         Blade 1 X translation velocity, node 8, m/s
