
Linearized model: Predictions were generated on 12-Jan-2024 at 08:43:17 using OpenFAST, compiled as a 64-bit application using single precision at commit v3.5.1
 linked with  NWTC Subroutine Library; ElastoDyn; InflowWind; AeroDyn; ServoDyn; HydroDyn; MAP++ (<1.20.10>, <Oct-20-2023>)

Description from the FAST input file: CCT-9 Campign 4 model. Input files to be run with OpenFAST 3.5.0. GitHub branch from Lu Wang (https://github.com/luwang00/openfast/tree/dev) compiled on March 7, 2023.

Simulation information:
   Simulation time:                   501.0000 s
   Rotor Speed:                         0.7076 rad/s
   Azimuth:                             4.1243 rad
   Wind Speed:                          8.0000 m/s
   Number of continuous states:         0
   Number of discrete states:           0
   Number of constraint states:         0
   Number of inputs:                 1746
   Number of outputs:                   4
   Jacobians included in this file?    No

Order of inputs:
     Column   Operating Point                     Rotating Frame? Derivative Order Description
   ---------- ---------------                     --------------- ---------------- -----------
          1    7.343E+00                                 F               0         Tower X translation displacement, node 1, m
          2   -1.334E+00                                 F               0         Tower Y translation displacement, node 1, m
          3   -2.029E-01                                 F               0         Tower Z translation displacement, node 1, m
          4    8.403E+00                                 F               0         Tower X translation displacement, node 2, m
          5   -1.914E+00                                 F               0         Tower Y translation displacement, node 2, m
          6   -2.621E-01                                 F               0         Tower Z translation displacement, node 2, m
          7    9.479E+00                                 F               0         Tower X translation displacement, node 3, m
          8   -2.500E+00                                 F               0         Tower Y translation displacement, node 3, m
          9   -3.230E-01                                 F               0         Tower Z translation displacement, node 3, m
         10    1.057E+01                                 F               0         Tower X translation displacement, node 4, m
         11   -3.090E+00                                 F               0         Tower Y translation displacement, node 4, m
         12   -3.851E-01                                 F               0         Tower Z translation displacement, node 4, m
         13    1.166E+01                                 F               0         Tower X translation displacement, node 5, m
         14   -3.683E+00                                 F               0         Tower Y translation displacement, node 5, m
         15   -4.482E-01                                 F               0         Tower Z translation displacement, node 5, m
         16    1.277E+01                                 F               0         Tower X translation displacement, node 6, m
         17   -4.280E+00                                 F               0         Tower Y translation displacement, node 6, m
         18   -5.122E-01                                 F               0         Tower Z translation displacement, node 6, m
         19    1.388E+01                                 F               0         Tower X translation displacement, node 7, m
         20   -4.880E+00                                 F               0         Tower Y translation displacement, node 7, m
         21   -5.768E-01                                 F               0         Tower Z translation displacement, node 7, m
         22    1.499E+01                                 F               0         Tower X translation displacement, node 8, m
         23   -5.481E+00                                 F               0         Tower Y translation displacement, node 8, m
         24   -6.418E-01                                 F               0         Tower Z translation displacement, node 8, m
         25    1.611E+01                                 F               0         Tower X translation displacement, node 9, m
         26   -6.085E+00                                 F               0         Tower Y translation displacement, node 9, m
         27   -7.072E-01                                 F               0         Tower Z translation displacement, node 9, m
         28    1.723E+01                                 F               0         Tower X translation displacement, node 10, m
         29   -6.689E+00                                 F               0         Tower Y translation displacement, node 10, m
         30   -7.727E-01                                 F               0         Tower Z translation displacement, node 10, m
         31    1.835E+01                                 F               0         Tower X translation displacement, node 11, m
         32   -7.295E+00                                 F               0         Tower Y translation displacement, node 11, m
         33   -8.384E-01                                 F               0         Tower Z translation displacement, node 11, m
         34    9.964E-01,  4.576E-03, -8.516E-02         F               0         Tower X orientation angle, node 1, rad
         35   -5.733E-04,  9.989E-01,  4.697E-02         F               0         Tower Y orientation angle, node 1, rad
         36    8.528E-02, -4.675E-02,  9.953E-01         F               0         Tower Z orientation angle, node 1, rad
         37    9.963E-01,  4.633E-03, -8.637E-02         F               0         Tower X orientation angle, node 2, rad
         38   -5.360E-04,  9.989E-01,  4.740E-02         F               0         Tower Y orientation angle, node 2, rad
         39    8.650E-02, -4.718E-02,  9.951E-01         F               0         Tower Z orientation angle, node 2, rad
         40    9.962E-01,  4.683E-03, -8.743E-02         F               0         Tower X orientation angle, node 3, rad
         41   -5.021E-04,  9.989E-01,  4.779E-02         F               0         Tower Y orientation angle, node 3, rad
         42    8.755E-02, -4.756E-02,  9.950E-01         F               0         Tower Z orientation angle, node 3, rad
         43    9.961E-01,  4.725E-03, -8.829E-02         F               0         Tower X orientation angle, node 4, rad
         44   -4.722E-04,  9.988E-01,  4.813E-02         F               0         Tower Y orientation angle, node 4, rad
         45    8.842E-02, -4.790E-02,  9.949E-01         F               0         Tower Z orientation angle, node 4, rad
         46    9.960E-01,  4.758E-03, -8.898E-02         F               0         Tower X orientation angle, node 5, rad
         47   -4.463E-04,  9.988E-01,  4.842E-02         F               0         Tower Y orientation angle, node 5, rad
         48    8.911E-02, -4.818E-02,  9.949E-01         F               0         Tower Z orientation angle, node 5, rad
         49    9.960E-01,  4.784E-03, -8.951E-02         F               0         Tower X orientation angle, node 6, rad
         50   -4.245E-04,  9.988E-01,  4.866E-02         F               0         Tower Y orientation angle, node 6, rad
         51    8.964E-02, -4.843E-02,  9.948E-01         F               0         Tower Z orientation angle, node 6, rad
         52    9.959E-01,  4.803E-03, -8.989E-02         F               0         Tower X orientation angle, node 7, rad
         53   -4.070E-04,  9.988E-01,  4.886E-02         F               0         Tower Y orientation angle, node 7, rad
         54    9.002E-02, -4.862E-02,  9.948E-01         F               0         Tower Z orientation angle, node 7, rad
         55    9.959E-01,  4.815E-03, -9.015E-02         F               0         Tower X orientation angle, node 8, rad
         56   -3.934E-04,  9.988E-01,  4.901E-02         F               0         Tower Y orientation angle, node 8, rad
         57    9.028E-02, -4.877E-02,  9.947E-01         F               0         Tower Z orientation angle, node 8, rad
         58    9.959E-01,  4.824E-03, -9.031E-02         F               0         Tower X orientation angle, node 9, rad
         59   -3.834E-04,  9.988E-01,  4.912E-02         F               0         Tower Y orientation angle, node 9, rad
         60    9.044E-02, -4.888E-02,  9.947E-01         F               0         Tower Z orientation angle, node 9, rad
         61    9.959E-01,  4.828E-03, -9.041E-02         F               0         Tower X orientation angle, node 10, rad
         62   -3.769E-04,  9.988E-01,  4.919E-02         F               0         Tower Y orientation angle, node 10, rad
         63    9.053E-02, -4.895E-02,  9.947E-01         F               0         Tower Z orientation angle, node 10, rad
         64    9.959E-01,  4.830E-03, -9.045E-02         F               0         Tower X orientation angle, node 11, rad
         65   -3.733E-04,  9.988E-01,  4.923E-02         F               0         Tower Y orientation angle, node 11, rad
         66    9.057E-02, -4.899E-02,  9.947E-01         F               0         Tower Z orientation angle, node 11, rad
         67   -4.224E-03                                 F               0         Tower X translation velocity, node 1, m/s
         68    3.454E-03                                 F               0         Tower Y translation velocity, node 1, m/s
         69   -4.390E-04                                 F               0         Tower Z translation velocity, node 1, m/s
         70   -4.246E-03                                 F               0         Tower X translation velocity, node 2, m/s
         71    4.422E-03                                 F               0         Tower Y translation velocity, node 2, m/s
         72   -3.914E-04                                 F               0         Tower Z translation velocity, node 2, m/s
         73   -4.279E-03                                 F               0         Tower X translation velocity, node 3, m/s
         74    5.417E-03                                 F               0         Tower Y translation velocity, node 3, m/s
         75   -3.412E-04                                 F               0         Tower Z translation velocity, node 3, m/s
         76   -4.321E-03                                 F               0         Tower X translation velocity, node 4, m/s
         77    6.435E-03                                 F               0         Tower Y translation velocity, node 4, m/s
         78   -2.886E-04                                 F               0         Tower Z translation velocity, node 4, m/s
         79   -4.374E-03                                 F               0         Tower X translation velocity, node 5, m/s
         80    7.473E-03                                 F               0         Tower Y translation velocity, node 5, m/s
         81   -2.337E-04                                 F               0         Tower Z translation velocity, node 5, m/s
         82   -4.436E-03                                 F               0         Tower X translation velocity, node 6, m/s
         83    8.527E-03                                 F               0         Tower Y translation velocity, node 6, m/s
         84   -1.769E-04                                 F               0         Tower Z translation velocity, node 6, m/s
         85   -4.506E-03                                 F               0         Tower X translation velocity, node 7, m/s
         86    9.596E-03                                 F               0         Tower Y translation velocity, node 7, m/s
         87   -1.185E-04                                 F               0         Tower Z translation velocity, node 7, m/s
         88   -4.585E-03                                 F               0         Tower X translation velocity, node 8, m/s
         89    1.068E-02                                 F               0         Tower Y translation velocity, node 8, m/s
         90   -5.848E-05                                 F               0         Tower Z translation velocity, node 8, m/s
         91   -4.670E-03                                 F               0         Tower X translation velocity, node 9, m/s
         92    1.177E-02                                 F               0         Tower Y translation velocity, node 9, m/s
         93    2.773E-06                                 F               0         Tower Z translation velocity, node 9, m/s
         94   -4.760E-03                                 F               0         Tower X translation velocity, node 10, m/s
         95    1.286E-02                                 F               0         Tower Y translation velocity, node 10, m/s
         96    6.495E-05                                 F               0         Tower Z translation velocity, node 10, m/s
         97   -4.854E-03                                 F               0         Tower X translation velocity, node 11, m/s
         98    1.397E-02                                 F               0         Tower Y translation velocity, node 11, m/s
         99    1.277E-04                                 F               0         Tower Z translation velocity, node 11, m/s
        100    1.910E+01                                 F               0         Hub X translation displacement, node 1, m
        101   -7.731E+00                                 F               0         Hub Y translation displacement, node 1, m
        102    9.673E-02                                 F               0         Hub Z translation displacement, node 1, m
        103    9.810E-01,  9.925E-03, -1.939E-01         F               0         Hub X orientation angle, node 1, rad
        104   -1.614E-01, -5.140E-01, -8.425E-01         F               0         Hub Y orientation angle, node 1, rad
        105   -1.080E-01,  8.578E-01, -5.026E-01         F               0         Hub Z orientation angle, node 1, rad
        106    6.940E-01                                 F               0         Hub X rotation velocity, node 1, rad/s
        107    7.013E-03                                 F               0         Hub Y rotation velocity, node 1, rad/s
        108   -1.372E-01                                 F               0         Hub Z rotation velocity, node 1, rad/s
        109    9.853E-01,  2.517E-02, -1.688E-01         F               0         Blade root 1 X orientation angle, node 1, rad
        110   -1.322E-01, -5.134E-01, -8.479E-01         F               0         Blade root 1 Y orientation angle, node 1, rad
        111   -1.080E-01,  8.578E-01, -5.026E-01         F               0         Blade root 1 Z orientation angle, node 1, rad
        112    9.809E-01, -1.974E-02, -1.934E-01         F               0         Blade root 2 X orientation angle, node 1, rad
        113    1.623E-02,  9.997E-01, -1.973E-02         F               0         Blade root 2 Y orientation angle, node 1, rad
        114    1.937E-01,  1.622E-02,  9.809E-01         F               0         Blade root 2 Z orientation angle, node 1, rad
        115    9.754E-01,  2.433E-02, -2.192E-01         F               0         Blade root 3 X orientation angle, node 1, rad
        116    2.033E-01, -4.854E-01,  8.504E-01         F               0         Blade root 3 Y orientation angle, node 1, rad
        117   -8.572E-02, -8.740E-01, -4.783E-01         F               0         Blade root 3 Z orientation angle, node 1, rad
        118    1.792E+01                                 F               0         Blade 1 X translation displacement, node 1, m
        119   -2.979E+00                                 F               0         Blade 1 Y translation displacement, node 1, m
        120   -8.197E+00                                 F               0         Blade 1 Z translation displacement, node 1, m
        121    1.764E+01                                 F               0         Blade 1 X translation displacement, node 2, m
        122   -1.834E+00                                 F               0         Blade 1 Y translation displacement, node 2, m
        123   -1.020E+01                                 F               0         Blade 1 Z translation displacement, node 2, m
        124    1.378E+01                                 F               0         Blade 1 X translation displacement, node 3, m
        125    1.374E+01                                 F               0         Blade 1 Y translation displacement, node 3, m
        126   -3.737E+01                                 F               0         Blade 1 Z translation displacement, node 3, m
        127    1.296E+01                                 F               0         Blade 1 X translation displacement, node 4, m
        128    1.705E+01                                 F               0         Blade 1 Y translation displacement, node 4, m
        129   -4.316E+01                                 F               0         Blade 1 Z translation displacement, node 4, m
        130    1.214E+01                                 F               0         Blade 1 X translation displacement, node 5, m
        131    2.037E+01                                 F               0         Blade 1 Y translation displacement, node 5, m
        132   -4.895E+01                                 F               0         Blade 1 Z translation displacement, node 5, m
        133    1.132E+01                                 F               0         Blade 1 X translation displacement, node 6, m
        134    2.369E+01                                 F               0         Blade 1 Y translation displacement, node 6, m
        135   -5.474E+01                                 F               0         Blade 1 Z translation displacement, node 6, m
        136    1.049E+01                                 F               0         Blade 1 X translation displacement, node 7, m
        137    2.701E+01                                 F               0         Blade 1 Y translation displacement, node 7, m
        138   -6.053E+01                                 F               0         Blade 1 Z translation displacement, node 7, m
        139    9.671E+00                                 F               0         Blade 1 X translation displacement, node 8, m
        140    3.032E+01                                 F               0         Blade 1 Y translation displacement, node 8, m
        141   -6.632E+01                                 F               0         Blade 1 Z translation displacement, node 8, m
        142    8.849E+00                                 F               0         Blade 1 X translation displacement, node 9, m
        143    3.364E+01                                 F               0         Blade 1 Y translation displacement, node 9, m
        144   -7.211E+01                                 F               0         Blade 1 Z translation displacement, node 9, m
        145    8.027E+00                                 F               0         Blade 1 X translation displacement, node 10, m
        146    3.696E+01                                 F               0         Blade 1 Y translation displacement, node 10, m
        147   -7.790E+01                                 F               0         Blade 1 Z translation displacement, node 10, m
        148    7.205E+00                                 F               0         Blade 1 X translation displacement, node 11, m
        149    4.028E+01                                 F               0         Blade 1 Y translation displacement, node 11, m
        150   -8.369E+01                                 F               0         Blade 1 Z translation displacement, node 11, m
        151    6.383E+00                                 F               0         Blade 1 X translation displacement, node 12, m
        152    4.359E+01                                 F               0         Blade 1 Y translation displacement, node 12, m
        153   -8.948E+01                                 F               0         Blade 1 Z translation displacement, node 12, m
        154    5.561E+00                                 F               0         Blade 1 X translation displacement, node 13, m
        155    4.691E+01                                 F               0         Blade 1 Y translation displacement, node 13, m
        156   -9.527E+01                                 F               0         Blade 1 Z translation displacement, node 13, m
        157    4.739E+00                                 F               0         Blade 1 X translation displacement, node 14, m
        158    5.023E+01                                 F               0         Blade 1 Y translation displacement, node 14, m
        159   -1.011E+02                                 F               0         Blade 1 Z translation displacement, node 14, m
        160    3.917E+00                                 F               0         Blade 1 X translation displacement, node 15, m
        161    5.355E+01                                 F               0         Blade 1 Y translation displacement, node 15, m
        162   -1.069E+02                                 F               0         Blade 1 Z translation displacement, node 15, m
        163    3.094E+00                                 F               0         Blade 1 X translation displacement, node 16, m
        164    5.686E+01                                 F               0         Blade 1 Y translation displacement, node 16, m
        165   -1.126E+02                                 F               0         Blade 1 Z translation displacement, node 16, m
        166    2.272E+00                                 F               0         Blade 1 X translation displacement, node 17, m
        167    6.018E+01                                 F               0         Blade 1 Y translation displacement, node 17, m
        168   -1.184E+02                                 F               0         Blade 1 Z translation displacement, node 17, m
        169    1.450E+00                                 F               0         Blade 1 X translation displacement, node 18, m
        170    6.350E+01                                 F               0         Blade 1 Y translation displacement, node 18, m
        171   -1.242E+02                                 F               0         Blade 1 Z translation displacement, node 18, m
        172    6.281E-01                                 F               0         Blade 1 X translation displacement, node 19, m
        173    6.682E+01                                 F               0         Blade 1 Y translation displacement, node 19, m
        174   -1.300E+02                                 F               0         Blade 1 Z translation displacement, node 19, m
        175   -1.939E-01                                 F               0         Blade 1 X translation displacement, node 20, m
        176    7.013E+01                                 F               0         Blade 1 Y translation displacement, node 20, m
        177   -1.358E+02                                 F               0         Blade 1 Z translation displacement, node 20, m
        178   -1.016E+00                                 F               0         Blade 1 X translation displacement, node 21, m
        179    7.345E+01                                 F               0         Blade 1 Y translation displacement, node 21, m
        180   -1.416E+02                                 F               0         Blade 1 Z translation displacement, node 21, m
        181   -1.838E+00                                 F               0         Blade 1 X translation displacement, node 22, m
        182    7.677E+01                                 F               0         Blade 1 Y translation displacement, node 22, m
        183   -1.474E+02                                 F               0         Blade 1 Z translation displacement, node 22, m
        184   -2.660E+00                                 F               0         Blade 1 X translation displacement, node 23, m
        185    8.009E+01                                 F               0         Blade 1 Y translation displacement, node 23, m
        186   -1.532E+02                                 F               0         Blade 1 Z translation displacement, node 23, m
        187   -3.482E+00                                 F               0         Blade 1 X translation displacement, node 24, m
        188    8.340E+01                                 F               0         Blade 1 Y translation displacement, node 24, m
        189   -1.590E+02                                 F               0         Blade 1 Z translation displacement, node 24, m
        190   -4.304E+00                                 F               0         Blade 1 X translation displacement, node 25, m
        191    8.672E+01                                 F               0         Blade 1 Y translation displacement, node 25, m
        192   -1.648E+02                                 F               0         Blade 1 Z translation displacement, node 25, m
        193   -5.127E+00                                 F               0         Blade 1 X translation displacement, node 26, m
        194    9.004E+01                                 F               0         Blade 1 Y translation displacement, node 26, m
        195   -1.705E+02                                 F               0         Blade 1 Z translation displacement, node 26, m
        196   -5.949E+00                                 F               0         Blade 1 X translation displacement, node 27, m
        197    9.336E+01                                 F               0         Blade 1 Y translation displacement, node 27, m
        198   -1.763E+02                                 F               0         Blade 1 Z translation displacement, node 27, m
        199   -6.646E+00                                 F               0         Blade 1 X translation displacement, node 28, m
        200    9.617E+01                                 F               0         Blade 1 Y translation displacement, node 28, m
        201   -1.812E+02                                 F               0         Blade 1 Z translation displacement, node 28, m
        202    9.372E-01,  2.565E-01,  2.364E-01         F               0         Blade 1 X orientation angle, node 1, rad
        203    3.317E-01, -4.455E-01, -8.316E-01         F               0         Blade 1 Y orientation angle, node 1, rad
        204   -1.080E-01,  8.578E-01, -5.026E-01         F               0         Blade 1 Z orientation angle, node 1, rad
        205    9.372E-01,  2.565E-01,  2.364E-01         F               0         Blade 1 X orientation angle, node 2, rad
        206    3.317E-01, -4.455E-01, -8.316E-01         F               0         Blade 1 Y orientation angle, node 2, rad
        207   -1.080E-01,  8.578E-01, -5.026E-01         F               0         Blade 1 Z orientation angle, node 2, rad
        208    9.891E-01,  1.436E-01,  3.255E-02         F               0         Blade 1 X orientation angle, node 3, rad
        209    1.001E-01, -4.936E-01, -8.639E-01         F               0         Blade 1 Y orientation angle, node 3, rad
        210   -1.080E-01,  8.578E-01, -5.026E-01         F               0         Blade 1 Z orientation angle, node 3, rad
        211    9.924E-01,  1.227E-01, -3.957E-03         F               0         Blade 1 X orientation angle, node 4, rad
        212    5.826E-02, -4.992E-01, -8.645E-01         F               0         Blade 1 Y orientation angle, node 4, rad
        213   -1.080E-01,  8.578E-01, -5.026E-01         F               0         Blade 1 Z orientation angle, node 4, rad
        214    9.938E-01,  1.061E-01, -3.262E-02         F               0         Blade 1 X orientation angle, node 5, rad
        215    2.532E-02, -5.030E-01, -8.639E-01         F               0         Blade 1 Y orientation angle, node 5, rad
        216   -1.080E-01,  8.578E-01, -5.026E-01         F               0         Blade 1 Z orientation angle, node 5, rad
        217    9.941E-01,  9.268E-02, -5.552E-02         F               0         Blade 1 X orientation angle, node 6, rad
        218   -1.049E-03, -5.056E-01, -8.628E-01         F               0         Blade 1 Y orientation angle, node 6, rad
        219   -1.080E-01,  8.578E-01, -5.026E-01         F               0         Blade 1 Z orientation angle, node 6, rad
        220    9.939E-01,  8.162E-02, -7.433E-02         F               0         Blade 1 X orientation angle, node 7, rad
        221   -2.274E-02, -5.075E-01, -8.613E-01         F               0         Blade 1 Y orientation angle, node 7, rad
        222   -1.080E-01,  8.578E-01, -5.026E-01         F               0         Blade 1 Z orientation angle, node 7, rad
        223    9.933E-01,  7.240E-02, -8.995E-02         F               0         Blade 1 X orientation angle, node 8, rad
        224   -4.077E-02, -5.089E-01, -8.598E-01         F               0         Blade 1 Y orientation angle, node 8, rad
        225   -1.080E-01,  8.578E-01, -5.026E-01         F               0         Blade 1 Z orientation angle, node 8, rad
        226    9.926E-01,  6.457E-02, -1.031E-01         F               0         Blade 1 X orientation angle, node 9, rad
        227   -5.602E-02, -5.100E-01, -8.584E-01         F               0         Blade 1 Y orientation angle, node 9, rad
        228   -1.080E-01,  8.578E-01, -5.026E-01         F               0         Blade 1 Z orientation angle, node 9, rad
        229    9.917E-01,  5.780E-02, -1.145E-01         F               0         Blade 1 X orientation angle, node 10, rad
        230   -6.918E-02, -5.108E-01, -8.569E-01         F               0         Blade 1 Y orientation angle, node 10, rad
        231   -1.080E-01,  8.578E-01, -5.026E-01         F               0         Blade 1 Z orientation angle, node 10, rad
        232    9.909E-01,  5.200E-02, -1.242E-01         F               0         Blade 1 X orientation angle, node 11, rad
        233   -8.043E-02, -5.114E-01, -8.556E-01         F               0         Blade 1 Y orientation angle, node 11, rad
        234   -1.080E-01,  8.578E-01, -5.026E-01         F               0         Blade 1 Z orientation angle, node 11, rad
        235    9.900E-01,  4.691E-02, -1.327E-01         F               0         Blade 1 X orientation angle, node 12, rad
        236   -9.028E-02, -5.119E-01, -8.543E-01         F               0         Blade 1 Y orientation angle, node 12, rad
        237   -1.080E-01,  8.578E-01, -5.026E-01         F               0         Blade 1 Z orientation angle, node 12, rad
        238    9.892E-01,  4.245E-02, -1.402E-01         F               0         Blade 1 X orientation angle, node 13, rad
        239   -9.892E-02, -5.123E-01, -8.531E-01         F               0         Blade 1 Y orientation angle, node 13, rad
        240   -1.080E-01,  8.578E-01, -5.026E-01         F               0         Blade 1 Z orientation angle, node 13, rad
        241    9.884E-01,  3.842E-02, -1.469E-01         F               0         Blade 1 X orientation angle, node 14, rad
        242   -1.067E-01, -5.126E-01, -8.520E-01         F               0         Blade 1 Y orientation angle, node 14, rad
        243   -1.080E-01,  8.578E-01, -5.026E-01         F               0         Blade 1 Z orientation angle, node 14, rad
        244    9.876E-01,  3.484E-02, -1.528E-01         F               0         Blade 1 X orientation angle, node 15, rad
        245   -1.136E-01, -5.129E-01, -8.509E-01         F               0         Blade 1 Y orientation angle, node 15, rad
        246   -1.080E-01,  8.578E-01, -5.026E-01         F               0         Blade 1 Z orientation angle, node 15, rad
        247    9.869E-01,  3.162E-02, -1.582E-01         F               0         Blade 1 X orientation angle, node 16, rad
        248   -1.198E-01, -5.131E-01, -8.499E-01         F               0         Blade 1 Y orientation angle, node 16, rad
        249   -1.080E-01,  8.578E-01, -5.026E-01         F               0         Blade 1 Z orientation angle, node 16, rad
        250    9.862E-01,  2.875E-02, -1.629E-01         F               0         Blade 1 X orientation angle, node 17, rad
        251   -1.253E-01, -5.132E-01, -8.490E-01         F               0         Blade 1 Y orientation angle, node 17, rad
        252   -1.080E-01,  8.578E-01, -5.026E-01         F               0         Blade 1 Z orientation angle, node 17, rad
        253    9.856E-01,  2.606E-02, -1.674E-01         F               0         Blade 1 X orientation angle, node 18, rad
        254   -1.305E-01, -5.134E-01, -8.482E-01         F               0         Blade 1 Y orientation angle, node 18, rad
        255   -1.080E-01,  8.578E-01, -5.026E-01         F               0         Blade 1 Z orientation angle, node 18, rad
        256    9.849E-01,  2.364E-02, -1.714E-01         F               0         Blade 1 X orientation angle, node 19, rad
        257   -1.351E-01, -5.135E-01, -8.474E-01         F               0         Blade 1 Y orientation angle, node 19, rad
        258   -1.080E-01,  8.578E-01, -5.026E-01         F               0         Blade 1 Z orientation angle, node 19, rad
        259    9.844E-01,  2.149E-02, -1.749E-01         F               0         Blade 1 X orientation angle, node 20, rad
        260   -1.392E-01, -5.136E-01, -8.467E-01         F               0         Blade 1 Y orientation angle, node 20, rad
        261   -1.080E-01,  8.578E-01, -5.026E-01         F               0         Blade 1 Z orientation angle, node 20, rad
        262    9.838E-01,  1.943E-02, -1.783E-01         F               0         Blade 1 X orientation angle, node 21, rad
        263   -1.432E-01, -5.137E-01, -8.459E-01         F               0         Blade 1 Y orientation angle, node 21, rad
        264   -1.080E-01,  8.578E-01, -5.026E-01         F               0         Blade 1 Z orientation angle, node 21, rad
        265    9.833E-01,  1.755E-02, -1.814E-01         F               0         Blade 1 X orientation angle, node 22, rad
        266   -1.468E-01, -5.138E-01, -8.453E-01         F               0         Blade 1 Y orientation angle, node 22, rad
        267   -1.080E-01,  8.578E-01, -5.026E-01         F               0         Blade 1 Z orientation angle, node 22, rad
        268    9.828E-01,  1.584E-02, -1.842E-01         F               0         Blade 1 X orientation angle, node 23, rad
        269   -1.500E-01, -5.138E-01, -8.447E-01         F               0         Blade 1 Y orientation angle, node 23, rad
        270   -1.080E-01,  8.578E-01, -5.026E-01         F               0         Blade 1 Z orientation angle, node 23, rad
        271    9.823E-01,  1.423E-02, -1.869E-01         F               0         Blade 1 X orientation angle, node 24, rad
        272   -1.531E-01, -5.139E-01, -8.441E-01         F               0         Blade 1 Y orientation angle, node 24, rad
        273   -1.080E-01,  8.578E-01, -5.026E-01         F               0         Blade 1 Z orientation angle, node 24, rad
        274    9.818E-01,  1.271E-02, -1.894E-01         F               0         Blade 1 X orientation angle, node 25, rad
        275   -1.560E-01, -5.139E-01, -8.435E-01         F               0         Blade 1 Y orientation angle, node 25, rad
        276   -1.080E-01,  8.578E-01, -5.026E-01         F               0         Blade 1 Z orientation angle, node 25, rad
        277    9.814E-01,  1.136E-02, -1.916E-01         F               0         Blade 1 X orientation angle, node 26, rad
        278   -1.586E-01, -5.139E-01, -8.430E-01         F               0         Blade 1 Y orientation angle, node 26, rad
        279   -1.080E-01,  8.578E-01, -5.026E-01         F               0         Blade 1 Z orientation angle, node 26, rad
        280    9.810E-01,  1.001E-02, -1.938E-01         F               0         Blade 1 X orientation angle, node 27, rad
        281   -1.612E-01, -5.140E-01, -8.425E-01         F               0         Blade 1 Y orientation angle, node 27, rad
        282   -1.080E-01,  8.578E-01, -5.026E-01         F               0         Blade 1 Z orientation angle, node 27, rad
        283    9.808E-01,  9.297E-03, -1.950E-01         F               0         Blade 1 X orientation angle, node 28, rad
        284   -1.625E-01, -5.140E-01, -8.423E-01         F               0         Blade 1 Y orientation angle, node 28, rad
        285   -1.080E-01,  8.578E-01, -5.026E-01         F               0         Blade 1 Z orientation angle, node 28, rad
        286    6.274E-01                                 F               0         Blade 1 X translation velocity, node 1, m/s
        287    2.029E+00                                 F               0         Blade 1 Y translation velocity, node 1, m/s
        288    3.302E+00                                 F               0         Blade 1 Z translation velocity, node 1, m/s
        289    7.798E-01                                 F               0         Blade 1 X translation velocity, node 2, m/s
        290    2.514E+00                                 F               0         Blade 1 Y translation velocity, node 2, m/s
        291    4.098E+00                                 F               0         Blade 1 Z translation velocity, node 2, m/s
        292    2.852E+00                                 F               0         Blade 1 X translation velocity, node 3, m/s
        293    9.115E+00                                 F               0         Blade 1 Y translation velocity, node 3, m/s
        294    1.492E+01                                 F               0         Blade 1 Z translation velocity, node 3, m/s
        295    3.293E+00                                 F               0         Blade 1 X translation velocity, node 4, m/s
        296    1.052E+01                                 F               0         Blade 1 Y translation velocity, node 4, m/s
        297    1.722E+01                                 F               0         Blade 1 Z translation velocity, node 4, m/s
        298    3.735E+00                                 F               0         Blade 1 X translation velocity, node 5, m/s
        299    1.193E+01                                 F               0         Blade 1 Y translation velocity, node 5, m/s
        300    1.953E+01                                 F               0         Blade 1 Z translation velocity, node 5, m/s
        301    4.176E+00                                 F               0         Blade 1 X translation velocity, node 6, m/s
        302    1.333E+01                                 F               0         Blade 1 Y translation velocity, node 6, m/s
        303    2.183E+01                                 F               0         Blade 1 Z translation velocity, node 6, m/s
        304    4.617E+00                                 F               0         Blade 1 X translation velocity, node 7, m/s
        305    1.474E+01                                 F               0         Blade 1 Y translation velocity, node 7, m/s
        306    2.414E+01                                 F               0         Blade 1 Z translation velocity, node 7, m/s
        307    5.059E+00                                 F               0         Blade 1 X translation velocity, node 8, m/s
