
Linearized model: Predictions were generated on 12-Jan-2024 at 08:43:17 using OpenFAST, compiled as a 64-bit application using single precision at commit v3.5.1
 linked with  NWTC Subroutine Library; ElastoDyn; InflowWind; AeroDyn; ServoDyn; HydroDyn; MAP++ (<1.20.10>, <Oct-20-2023>)

Description from the FAST input file: CCT-9 Campign 4 model. Input files to be run with OpenFAST 3.5.0. GitHub branch from Lu Wang (https://github.com/luwang00/openfast/tree/dev) compiled on March 7, 2023.

Simulation information:
   Simulation time:                   501.7500 s
   Rotor Speed:                         0.7076 rad/s
   Azimuth:                             4.6550 rad
   Wind Speed:                          8.0000 m/s
   Number of continuous states:         0
   Number of discrete states:           0
   Number of constraint states:         0
   Number of inputs:                 1746
   Number of outputs:                   4
   Jacobians included in this file?    No

Order of inputs:
     Column   Operating Point                     Rotating Frame? Derivative Order Description
   ---------- ---------------                     --------------- ---------------- -----------
          1    7.340E+00                                 F               0         Tower X translation displacement, node 1, m
          2   -1.332E+00                                 F               0         Tower Y translation displacement, node 1, m
          3   -2.030E-01                                 F               0         Tower Z translation displacement, node 1, m
          4    8.400E+00                                 F               0         Tower X translation displacement, node 2, m
          5   -1.911E+00                                 F               0         Tower Y translation displacement, node 2, m
          6   -2.621E-01                                 F               0         Tower Z translation displacement, node 2, m
          7    9.476E+00                                 F               0         Tower X translation displacement, node 3, m
          8   -2.495E+00                                 F               0         Tower Y translation displacement, node 3, m
          9   -3.230E-01                                 F               0         Tower Z translation displacement, node 3, m
         10    1.056E+01                                 F               0         Tower X translation displacement, node 4, m
         11   -3.084E+00                                 F               0         Tower Y translation displacement, node 4, m
         12   -3.850E-01                                 F               0         Tower Z translation displacement, node 4, m
         13    1.166E+01                                 F               0         Tower X translation displacement, node 5, m
         14   -3.677E+00                                 F               0         Tower Y translation displacement, node 5, m
         15   -4.481E-01                                 F               0         Tower Z translation displacement, node 5, m
         16    1.277E+01                                 F               0         Tower X translation displacement, node 6, m
         17   -4.273E+00                                 F               0         Tower Y translation displacement, node 6, m
         18   -5.121E-01                                 F               0         Tower Z translation displacement, node 6, m
         19    1.388E+01                                 F               0         Tower X translation displacement, node 7, m
         20   -4.871E+00                                 F               0         Tower Y translation displacement, node 7, m
         21   -5.766E-01                                 F               0         Tower Z translation displacement, node 7, m
         22    1.499E+01                                 F               0         Tower X translation displacement, node 8, m
         23   -5.472E+00                                 F               0         Tower Y translation displacement, node 8, m
         24   -6.416E-01                                 F               0         Tower Z translation displacement, node 8, m
         25    1.611E+01                                 F               0         Tower X translation displacement, node 9, m
         26   -6.074E+00                                 F               0         Tower Y translation displacement, node 9, m
         27   -7.069E-01                                 F               0         Tower Z translation displacement, node 9, m
         28    1.722E+01                                 F               0         Tower X translation displacement, node 10, m
         29   -6.678E+00                                 F               0         Tower Y translation displacement, node 10, m
         30   -7.724E-01                                 F               0         Tower Z translation displacement, node 10, m
         31    1.834E+01                                 F               0         Tower X translation displacement, node 11, m
         32   -7.282E+00                                 F               0         Tower Y translation displacement, node 11, m
         33   -8.380E-01                                 F               0         Tower Z translation displacement, node 11, m
         34    9.964E-01,  4.606E-03, -8.515E-02         F               0         Tower X orientation angle, node 1, rad
         35   -6.097E-04,  9.989E-01,  4.690E-02         F               0         Tower Y orientation angle, node 1, rad
         36    8.527E-02, -4.668E-02,  9.953E-01         F               0         Tower Z orientation angle, node 1, rad
         37    9.963E-01,  4.663E-03, -8.637E-02         F               0         Tower X orientation angle, node 2, rad
         38   -5.725E-04,  9.989E-01,  4.733E-02         F               0         Tower Y orientation angle, node 2, rad
         39    8.649E-02, -4.710E-02,  9.951E-01         F               0         Tower Z orientation angle, node 2, rad
         40    9.962E-01,  4.713E-03, -8.742E-02         F               0         Tower X orientation angle, node 3, rad
         41   -5.387E-04,  9.989E-01,  4.772E-02         F               0         Tower Y orientation angle, node 3, rad
         42    8.755E-02, -4.748E-02,  9.950E-01         F               0         Tower Z orientation angle, node 3, rad
         43    9.961E-01,  4.755E-03, -8.829E-02         F               0         Tower X orientation angle, node 4, rad
         44   -5.089E-04,  9.988E-01,  4.805E-02         F               0         Tower Y orientation angle, node 4, rad
         45    8.841E-02, -4.782E-02,  9.949E-01         F               0         Tower Z orientation angle, node 4, rad
         46    9.960E-01,  4.788E-03, -8.898E-02         F               0         Tower X orientation angle, node 5, rad
         47   -4.832E-04,  9.988E-01,  4.834E-02         F               0         Tower Y orientation angle, node 5, rad
         48    8.910E-02, -4.811E-02,  9.949E-01         F               0         Tower Z orientation angle, node 5, rad
         49    9.960E-01,  4.814E-03, -8.951E-02         F               0         Tower X orientation angle, node 6, rad
         50   -4.615E-04,  9.988E-01,  4.858E-02         F               0         Tower Y orientation angle, node 6, rad
         51    8.963E-02, -4.835E-02,  9.948E-01         F               0         Tower Z orientation angle, node 6, rad
         52    9.959E-01,  4.832E-03, -8.988E-02         F               0         Tower X orientation angle, node 7, rad
         53   -4.441E-04,  9.988E-01,  4.878E-02         F               0         Tower Y orientation angle, node 7, rad
         54    9.001E-02, -4.854E-02,  9.948E-01         F               0         Tower Z orientation angle, node 7, rad
         55    9.959E-01,  4.845E-03, -9.014E-02         F               0         Tower X orientation angle, node 8, rad
         56   -4.305E-04,  9.988E-01,  4.893E-02         F               0         Tower Y orientation angle, node 8, rad
         57    9.027E-02, -4.869E-02,  9.947E-01         F               0         Tower Z orientation angle, node 8, rad
         58    9.959E-01,  4.853E-03, -9.031E-02         F               0         Tower X orientation angle, node 9, rad
         59   -4.206E-04,  9.988E-01,  4.904E-02         F               0         Tower Y orientation angle, node 9, rad
         60    9.044E-02, -4.880E-02,  9.947E-01         F               0         Tower Z orientation angle, node 9, rad
         61    9.959E-01,  4.858E-03, -9.040E-02         F               0         Tower X orientation angle, node 10, rad
         62   -4.141E-04,  9.988E-01,  4.911E-02         F               0         Tower Y orientation angle, node 10, rad
         63    9.053E-02, -4.887E-02,  9.947E-01         F               0         Tower Z orientation angle, node 10, rad
         64    9.959E-01,  4.860E-03, -9.044E-02         F               0         Tower X orientation angle, node 11, rad
         65   -4.105E-04,  9.988E-01,  4.915E-02         F               0         Tower Y orientation angle, node 11, rad
         66    9.057E-02, -4.891E-02,  9.947E-01         F               0         Tower Z orientation angle, node 11, rad
         67   -4.503E-03                                 F               0         Tower X translation velocity, node 1, m/s
         68    4.019E-03                                 F               0         Tower Y translation velocity, node 1, m/s
         69    1.939E-04                                 F               0         Tower Z translation velocity, node 1, m/s
         70   -4.543E-03                                 F               0         Tower X translation velocity, node 2, m/s
         71    5.485E-03                                 F               0         Tower Y translation velocity, node 2, m/s
         72    2.664E-04                                 F               0         Tower Z translation velocity, node 2, m/s
         73   -4.593E-03                                 F               0         Tower X translation velocity, node 3, m/s
         74    6.991E-03                                 F               0         Tower Y translation velocity, node 3, m/s
         75    3.424E-04                                 F               0         Tower Z translation velocity, node 3, m/s
         76   -4.650E-03                                 F               0         Tower X translation velocity, node 4, m/s
         77    8.528E-03                                 F               0         Tower Y translation velocity, node 4, m/s
         78    4.211E-04                                 F               0         Tower Z translation velocity, node 4, m/s
         79   -4.715E-03                                 F               0         Tower X translation velocity, node 5, m/s
         80    1.009E-02                                 F               0         Tower Y translation velocity, node 5, m/s
         81    5.022E-04                                 F               0         Tower Z translation velocity, node 5, m/s
         82   -4.785E-03                                 F               0         Tower X translation velocity, node 6, m/s
         83    1.168E-02                                 F               0         Tower Y translation velocity, node 6, m/s
         84    5.856E-04                                 F               0         Tower Z translation velocity, node 6, m/s
         85   -4.861E-03                                 F               0         Tower X translation velocity, node 7, m/s
         86    1.329E-02                                 F               0         Tower Y translation velocity, node 7, m/s
         87    6.708E-04                                 F               0         Tower Z translation velocity, node 7, m/s
         88   -4.942E-03                                 F               0         Tower X translation velocity, node 8, m/s
         89    1.491E-02                                 F               0         Tower Y translation velocity, node 8, m/s
         90    7.575E-04                                 F               0         Tower Z translation velocity, node 8, m/s
         91   -5.027E-03                                 F               0         Tower X translation velocity, node 9, m/s
         92    1.655E-02                                 F               0         Tower Y translation velocity, node 9, m/s
         93    8.455E-04                                 F               0         Tower Z translation velocity, node 9, m/s
         94   -5.115E-03                                 F               0         Tower X translation velocity, node 10, m/s
         95    1.820E-02                                 F               0         Tower Y translation velocity, node 10, m/s
         96    9.343E-04                                 F               0         Tower Z translation velocity, node 10, m/s
         97   -5.205E-03                                 F               0         Tower X translation velocity, node 11, m/s
         98    1.985E-02                                 F               0         Tower Y translation velocity, node 11, m/s
         99    1.024E-03                                 F               0         Tower Z translation velocity, node 11, m/s
        100    1.910E+01                                 F               0         Hub X translation displacement, node 1, m
        101   -7.719E+00                                 F               0         Hub Y translation displacement, node 1, m
        102    9.710E-02                                 F               0         Hub Z translation displacement, node 1, m
        103    9.810E-01,  9.946E-03, -1.939E-01         F               0         Hub X orientation angle, node 1, rad
        104   -1.938E-01, -9.196E-03, -9.810E-01         F               0         Hub Y orientation angle, node 1, rad
        105   -1.154E-02,  9.999E-01, -7.093E-03         F               0         Hub Z orientation angle, node 1, rad
        106    6.940E-01                                 F               0         Hub X rotation velocity, node 1, rad/s
        107    7.028E-03                                 F               0         Hub Y rotation velocity, node 1, rad/s
        108   -1.372E-01                                 F               0         Hub Z rotation velocity, node 1, rad/s
        109    9.863E-01,  1.021E-02, -1.647E-01         F               0         Blade root 1 X orientation angle, node 1, rad
        110   -1.646E-01, -8.897E-03, -9.863E-01         F               0         Blade root 1 Y orientation angle, node 1, rad
        111   -1.154E-02,  9.999E-01, -7.093E-03         F               0         Blade root 1 Z orientation angle, node 1, rad
        112    9.780E-01, -1.588E-02, -2.082E-01         F               0         Blade root 2 X orientation angle, node 1, rad
        113    1.160E-01,  8.705E-01,  4.784E-01         F               0         Blade root 2 Y orientation angle, node 1, rad
        114    1.736E-01, -4.920E-01,  8.531E-01         F               0         Blade root 2 Z orientation angle, node 1, rad
        115    9.774E-01,  3.549E-02, -2.086E-01         F               0         Blade root 3 X orientation angle, node 1, rad
        116    1.360E-01, -8.607E-01,  4.907E-01         F               0         Blade root 3 Y orientation angle, node 1, rad
        117   -1.621E-01, -5.079E-01, -8.460E-01         F               0         Blade root 3 Z orientation angle, node 1, rad
        118    1.845E+01                                 F               0         Blade 1 X translation displacement, node 1, m
        119   -2.179E+00                                 F               0         Blade 1 Y translation displacement, node 1, m
        120   -5.452E+00                                 F               0         Blade 1 Z translation displacement, node 1, m
        121    1.830E+01                                 F               0         Blade 1 X translation displacement, node 2, m
        122   -8.443E-01                                 F               0         Blade 1 Y translation displacement, node 2, m
        123   -6.789E+00                                 F               0         Blade 1 Z translation displacement, node 2, m
        124    1.619E+01                                 F               0         Blade 1 X translation displacement, node 3, m
        125    1.731E+01                                 F               0         Blade 1 Y translation displacement, node 3, m
        126   -2.497E+01                                 F               0         Blade 1 Z translation displacement, node 3, m
        127    1.574E+01                                 F               0         Blade 1 X translation displacement, node 4, m
        128    2.117E+01                                 F               0         Blade 1 Y translation displacement, node 4, m
        129   -2.884E+01                                 F               0         Blade 1 Z translation displacement, node 4, m
        130    1.530E+01                                 F               0         Blade 1 X translation displacement, node 5, m
        131    2.504E+01                                 F               0         Blade 1 Y translation displacement, node 5, m
        132   -3.272E+01                                 F               0         Blade 1 Z translation displacement, node 5, m
        133    1.485E+01                                 F               0         Blade 1 X translation displacement, node 6, m
        134    2.891E+01                                 F               0         Blade 1 Y translation displacement, node 6, m
        135   -3.659E+01                                 F               0         Blade 1 Z translation displacement, node 6, m
        136    1.440E+01                                 F               0         Blade 1 X translation displacement, node 7, m
        137    3.278E+01                                 F               0         Blade 1 Y translation displacement, node 7, m
        138   -4.047E+01                                 F               0         Blade 1 Z translation displacement, node 7, m
        139    1.395E+01                                 F               0         Blade 1 X translation displacement, node 8, m
        140    3.664E+01                                 F               0         Blade 1 Y translation displacement, node 8, m
        141   -4.434E+01                                 F               0         Blade 1 Z translation displacement, node 8, m
        142    1.350E+01                                 F               0         Blade 1 X translation displacement, node 9, m
        143    4.051E+01                                 F               0         Blade 1 Y translation displacement, node 9, m
        144   -4.821E+01                                 F               0         Blade 1 Z translation displacement, node 9, m
        145    1.305E+01                                 F               0         Blade 1 X translation displacement, node 10, m
        146    4.438E+01                                 F               0         Blade 1 Y translation displacement, node 10, m
        147   -5.209E+01                                 F               0         Blade 1 Z translation displacement, node 10, m
        148    1.260E+01                                 F               0         Blade 1 X translation displacement, node 11, m
        149    4.824E+01                                 F               0         Blade 1 Y translation displacement, node 11, m
        150   -5.596E+01                                 F               0         Blade 1 Z translation displacement, node 11, m
        151    1.215E+01                                 F               0         Blade 1 X translation displacement, node 12, m
        152    5.211E+01                                 F               0         Blade 1 Y translation displacement, node 12, m
        153   -5.984E+01                                 F               0         Blade 1 Z translation displacement, node 12, m
        154    1.170E+01                                 F               0         Blade 1 X translation displacement, node 13, m
        155    5.598E+01                                 F               0         Blade 1 Y translation displacement, node 13, m
        156   -6.371E+01                                 F               0         Blade 1 Z translation displacement, node 13, m
        157    1.125E+01                                 F               0         Blade 1 X translation displacement, node 14, m
        158    5.985E+01                                 F               0         Blade 1 Y translation displacement, node 14, m
        159   -6.758E+01                                 F               0         Blade 1 Z translation displacement, node 14, m
        160    1.081E+01                                 F               0         Blade 1 X translation displacement, node 15, m
        161    6.371E+01                                 F               0         Blade 1 Y translation displacement, node 15, m
        162   -7.146E+01                                 F               0         Blade 1 Z translation displacement, node 15, m
        163    1.036E+01                                 F               0         Blade 1 X translation displacement, node 16, m
        164    6.758E+01                                 F               0         Blade 1 Y translation displacement, node 16, m
        165   -7.533E+01                                 F               0         Blade 1 Z translation displacement, node 16, m
        166    9.908E+00                                 F               0         Blade 1 X translation displacement, node 17, m
        167    7.145E+01                                 F               0         Blade 1 Y translation displacement, node 17, m
        168   -7.921E+01                                 F               0         Blade 1 Z translation displacement, node 17, m
        169    9.459E+00                                 F               0         Blade 1 X translation displacement, node 18, m
        170    7.532E+01                                 F               0         Blade 1 Y translation displacement, node 18, m
        171   -8.308E+01                                 F               0         Blade 1 Z translation displacement, node 18, m
        172    9.010E+00                                 F               0         Blade 1 X translation displacement, node 19, m
        173    7.918E+01                                 F               0         Blade 1 Y translation displacement, node 19, m
        174   -8.695E+01                                 F               0         Blade 1 Z translation displacement, node 19, m
        175    8.561E+00                                 F               0         Blade 1 X translation displacement, node 20, m
        176    8.305E+01                                 F               0         Blade 1 Y translation displacement, node 20, m
        177   -9.083E+01                                 F               0         Blade 1 Z translation displacement, node 20, m
        178    8.112E+00                                 F               0         Blade 1 X translation displacement, node 21, m
        179    8.692E+01                                 F               0         Blade 1 Y translation displacement, node 21, m
        180   -9.470E+01                                 F               0         Blade 1 Z translation displacement, node 21, m
        181    7.663E+00                                 F               0         Blade 1 X translation displacement, node 22, m
        182    9.079E+01                                 F               0         Blade 1 Y translation displacement, node 22, m
        183   -9.858E+01                                 F               0         Blade 1 Z translation displacement, node 22, m
        184    7.215E+00                                 F               0         Blade 1 X translation displacement, node 23, m
        185    9.465E+01                                 F               0         Blade 1 Y translation displacement, node 23, m
        186   -1.024E+02                                 F               0         Blade 1 Z translation displacement, node 23, m
        187    6.766E+00                                 F               0         Blade 1 X translation displacement, node 24, m
        188    9.852E+01                                 F               0         Blade 1 Y translation displacement, node 24, m
        189   -1.063E+02                                 F               0         Blade 1 Z translation displacement, node 24, m
        190    6.317E+00                                 F               0         Blade 1 X translation displacement, node 25, m
        191    1.024E+02                                 F               0         Blade 1 Y translation displacement, node 25, m
        192   -1.102E+02                                 F               0         Blade 1 Z translation displacement, node 25, m
        193    5.868E+00                                 F               0         Blade 1 X translation displacement, node 26, m
        194    1.063E+02                                 F               0         Blade 1 Y translation displacement, node 26, m
        195   -1.141E+02                                 F               0         Blade 1 Z translation displacement, node 26, m
        196    5.419E+00                                 F               0         Blade 1 X translation displacement, node 27, m
        197    1.101E+02                                 F               0         Blade 1 Y translation displacement, node 27, m
        198   -1.179E+02                                 F               0         Blade 1 Z translation displacement, node 27, m
        199    5.038E+00                                 F               0         Blade 1 X translation displacement, node 28, m
        200    1.134E+02                                 F               0         Blade 1 Y translation displacement, node 28, m
        201   -1.212E+02                                 F               0         Blade 1 Z translation displacement, node 28, m
        202    9.528E-01,  1.315E-02,  3.032E-01         F               0         Blade 1 X orientation angle, node 1, rad
        203    3.032E-01, -3.260E-03, -9.529E-01         F               0         Blade 1 Y orientation angle, node 1, rad
        204   -1.154E-02,  9.999E-01, -7.093E-03         F               0         Blade 1 Z orientation angle, node 1, rad
        205    9.528E-01,  1.315E-02,  3.032E-01         F               0         Blade 1 X orientation angle, node 2, rad
        206    3.032E-01, -3.260E-03, -9.529E-01         F               0         Blade 1 Y orientation angle, node 2, rad
        207   -1.154E-02,  9.999E-01, -7.093E-03         F               0         Blade 1 Z orientation angle, node 2, rad
        208    9.976E-01,  1.200E-02,  6.868E-02         F               0         Blade 1 X orientation angle, node 3, rad
        209    6.876E-02, -6.284E-03, -9.976E-01         F               0         Blade 1 Y orientation angle, node 3, rad
        210   -1.154E-02,  9.999E-01, -7.093E-03         F               0         Blade 1 Z orientation angle, node 3, rad
        211    9.996E-01,  1.172E-02,  2.650E-02         F               0         Blade 1 X orientation angle, node 4, rad
        212    2.658E-02, -6.785E-03, -9.996E-01         F               0         Blade 1 Y orientation angle, node 4, rad
        213   -1.154E-02,  9.999E-01, -7.093E-03         F               0         Blade 1 Z orientation angle, node 4, rad
        214    9.999E-01,  1.149E-02, -6.661E-03         F               0         Blade 1 X orientation angle, node 5, rad
        215   -6.579E-03, -7.170E-03, -1.000E+00         F               0         Blade 1 Y orientation angle, node 5, rad
        216   -1.154E-02,  9.999E-01, -7.093E-03         F               0         Blade 1 Z orientation angle, node 5, rad
        217    9.994E-01,  1.130E-02, -3.318E-02         F               0         Blade 1 X orientation angle, node 6, rad
        218   -3.310E-02, -7.472E-03, -9.994E-01         F               0         Blade 1 Y orientation angle, node 6, rad
        219   -1.154E-02,  9.999E-01, -7.093E-03         F               0         Blade 1 Z orientation angle, node 6, rad
        220    9.984E-01,  1.113E-02, -5.498E-02         F               0         Blade 1 X orientation angle, node 7, rad
        221   -5.489E-02, -7.717E-03, -9.985E-01         F               0         Blade 1 Y orientation angle, node 7, rad
        222   -1.154E-02,  9.999E-01, -7.093E-03         F               0         Blade 1 Z orientation angle, node 7, rad
        223    9.973E-01,  1.099E-02, -7.309E-02         F               0         Blade 1 X orientation angle, node 8, rad
        224   -7.301E-02, -7.918E-03, -9.973E-01         F               0         Blade 1 Y orientation angle, node 8, rad
        225   -1.154E-02,  9.999E-01, -7.093E-03         F               0         Blade 1 Z orientation angle, node 8, rad
        226    9.960E-01,  1.087E-02, -8.840E-02         F               0         Blade 1 X orientation angle, node 9, rad
        227   -8.831E-02, -8.085E-03, -9.961E-01         F               0         Blade 1 Y orientation angle, node 9, rad
        228   -1.154E-02,  9.999E-01, -7.093E-03         F               0         Blade 1 Z orientation angle, node 9, rad
        229    9.948E-01,  1.076E-02, -1.016E-01         F               0         Blade 1 X orientation angle, node 10, rad
        230   -1.015E-01, -8.229E-03, -9.948E-01         F               0         Blade 1 Y orientation angle, node 10, rad
        231   -1.154E-02,  9.999E-01, -7.093E-03         F               0         Blade 1 Z orientation angle, node 10, rad
        232    9.936E-01,  1.067E-02, -1.129E-01         F               0         Blade 1 X orientation angle, node 11, rad
        233   -1.128E-01, -8.350E-03, -9.936E-01         F               0         Blade 1 Y orientation angle, node 11, rad
        234   -1.154E-02,  9.999E-01, -7.093E-03         F               0         Blade 1 Z orientation angle, node 11, rad
        235    9.924E-01,  1.058E-02, -1.228E-01         F               0         Blade 1 X orientation angle, node 12, rad
        236   -1.227E-01, -8.456E-03, -9.924E-01         F               0         Blade 1 Y orientation angle, node 12, rad
        237   -1.154E-02,  9.999E-01, -7.093E-03         F               0         Blade 1 Z orientation angle, node 12, rad
        238    9.913E-01,  1.051E-02, -1.314E-01         F               0         Blade 1 X orientation angle, node 13, rad
        239   -1.313E-01, -8.548E-03, -9.913E-01         F               0         Blade 1 Y orientation angle, node 13, rad
        240   -1.154E-02,  9.999E-01, -7.093E-03         F               0         Blade 1 Z orientation angle, node 13, rad
        241    9.902E-01,  1.044E-02, -1.392E-01         F               0         Blade 1 X orientation angle, node 14, rad
        242   -1.391E-01, -8.630E-03, -9.902E-01         F               0         Blade 1 Y orientation angle, node 14, rad
        243   -1.154E-02,  9.999E-01, -7.093E-03         F               0         Blade 1 Z orientation angle, node 14, rad
        244    9.892E-01,  1.038E-02, -1.461E-01         F               0         Blade 1 X orientation angle, node 15, rad
        245   -1.460E-01, -8.703E-03, -9.892E-01         F               0         Blade 1 Y orientation angle, node 15, rad
        246   -1.154E-02,  9.999E-01, -7.093E-03         F               0         Blade 1 Z orientation angle, node 15, rad
        247    9.883E-01,  1.033E-02, -1.523E-01         F               0         Blade 1 X orientation angle, node 16, rad
        248   -1.522E-01, -8.768E-03, -9.883E-01         F               0         Blade 1 Y orientation angle, node 16, rad
        249   -1.154E-02,  9.999E-01, -7.093E-03         F               0         Blade 1 Z orientation angle, node 16, rad
        250    9.874E-01,  1.028E-02, -1.578E-01         F               0         Blade 1 X orientation angle, node 17, rad
        251   -1.578E-01, -8.826E-03, -9.874E-01         F               0         Blade 1 Y orientation angle, node 17, rad
        252   -1.154E-02,  9.999E-01, -7.093E-03         F               0         Blade 1 Z orientation angle, node 17, rad
        253    9.866E-01,  1.023E-02, -1.630E-01         F               0         Blade 1 X orientation angle, node 18, rad
        254   -1.629E-01, -8.879E-03, -9.866E-01         F               0         Blade 1 Y orientation angle, node 18, rad
        255   -1.154E-02,  9.999E-01, -7.093E-03         F               0         Blade 1 Z orientation angle, node 18, rad
        256    9.858E-01,  1.019E-02, -1.677E-01         F               0         Blade 1 X orientation angle, node 19, rad
        257   -1.676E-01, -8.927E-03, -9.858E-01         F               0         Blade 1 Y orientation angle, node 19, rad
        258   -1.154E-02,  9.999E-01, -7.093E-03         F               0         Blade 1 Z orientation angle, node 19, rad
        259    9.851E-01,  1.015E-02, -1.718E-01         F               0         Blade 1 X orientation angle, node 20, rad
        260   -1.717E-01, -8.970E-03, -9.851E-01         F               0         Blade 1 Y orientation angle, node 20, rad
        261   -1.154E-02,  9.999E-01, -7.093E-03         F               0         Blade 1 Z orientation angle, node 20, rad
        262    9.844E-01,  1.011E-02, -1.757E-01         F               0         Blade 1 X orientation angle, node 21, rad
        263   -1.756E-01, -9.011E-03, -9.844E-01         F               0         Blade 1 Y orientation angle, node 21, rad
        264   -1.154E-02,  9.999E-01, -7.093E-03         F               0         Blade 1 Z orientation angle, node 21, rad
        265    9.837E-01,  1.008E-02, -1.793E-01         F               0         Blade 1 X orientation angle, node 22, rad
        266   -1.793E-01, -9.048E-03, -9.838E-01         F               0         Blade 1 Y orientation angle, node 22, rad
        267   -1.154E-02,  9.999E-01, -7.093E-03         F               0         Blade 1 Z orientation angle, node 22, rad
        268    9.831E-01,  1.005E-02, -1.826E-01         F               0         Blade 1 X orientation angle, node 23, rad
        269   -1.825E-01, -9.081E-03, -9.832E-01         F               0         Blade 1 Y orientation angle, node 23, rad
        270   -1.154E-02,  9.999E-01, -7.093E-03         F               0         Blade 1 Z orientation angle, node 23, rad
        271    9.826E-01,  1.002E-02, -1.857E-01         F               0         Blade 1 X orientation angle, node 24, rad
        272   -1.856E-01, -9.113E-03, -9.826E-01         F               0         Blade 1 Y orientation angle, node 24, rad
        273   -1.154E-02,  9.999E-01, -7.093E-03         F               0         Blade 1 Z orientation angle, node 24, rad
        274    9.820E-01,  9.996E-03, -1.886E-01         F               0         Blade 1 X orientation angle, node 25, rad
        275   -1.885E-01, -9.142E-03, -9.820E-01         F               0         Blade 1 Y orientation angle, node 25, rad
        276   -1.154E-02,  9.999E-01, -7.093E-03         F               0         Blade 1 Z orientation angle, node 25, rad
        277    9.815E-01,  9.972E-03, -1.912E-01         F               0         Blade 1 X orientation angle, node 26, rad
        278   -1.911E-01, -9.168E-03, -9.815E-01         F               0         Blade 1 Y orientation angle, node 26, rad
        279   -1.154E-02,  9.999E-01, -7.093E-03         F               0         Blade 1 Z orientation angle, node 26, rad
        280    9.810E-01,  9.948E-03, -1.937E-01         F               0         Blade 1 X orientation angle, node 27, rad
        281   -1.937E-01, -9.194E-03, -9.810E-01         F               0         Blade 1 Y orientation angle, node 27, rad
        282   -1.154E-02,  9.999E-01, -7.093E-03         F               0         Blade 1 Z orientation angle, node 27, rad
        283    9.807E-01,  9.935E-03, -1.951E-01         F               0         Blade 1 X orientation angle, node 28, rad
        284   -1.950E-01, -9.208E-03, -9.808E-01         F               0         Blade 1 Y orientation angle, node 28, rad
        285   -1.154E-02,  9.999E-01, -7.093E-03         F               0         Blade 1 Z orientation angle, node 28, rad
        286    7.543E-01                                 F               0         Blade 1 X translation velocity, node 1, m/s
        287    5.655E-02                                 F               0         Blade 1 Y translation velocity, node 1, m/s
        288    3.846E+00                                 F               0         Blade 1 Z translation velocity, node 1, m/s
        289    9.373E-01                                 F               0         Blade 1 X translation velocity, node 2, m/s
        290    6.524E-02                                 F               0         Blade 1 Y translation velocity, node 2, m/s
        291    4.772E+00                                 F               0         Blade 1 Z translation velocity, node 2, m/s
        292    3.426E+00                                 F               0         Blade 1 X translation velocity, node 3, m/s
        293    1.833E-01                                 F               0         Blade 1 Y translation velocity, node 3, m/s
        294    1.737E+01                                 F               0         Blade 1 Z translation velocity, node 3, m/s
        295    3.956E+00                                 F               0         Blade 1 X translation velocity, node 4, m/s
        296    2.085E-01                                 F               0         Blade 1 Y translation velocity, node 4, m/s
        297    2.006E+01                                 F               0         Blade 1 Z translation velocity, node 4, m/s
        298    4.487E+00                                 F               0         Blade 1 X translation velocity, node 5, m/s
        299    2.337E-01                                 F               0         Blade 1 Y translation velocity, node 5, m/s
        300    2.274E+01                                 F               0         Blade 1 Z translation velocity, node 5, m/s
        301    5.017E+00                                 F               0         Blade 1 X translation velocity, node 6, m/s
        302    2.588E-01                                 F               0         Blade 1 Y translation velocity, node 6, m/s
        303    2.542E+01                                 F               0         Blade 1 Z translation velocity, node 6, m/s
        304    5.547E+00                                 F               0         Blade 1 X translation velocity, node 7, m/s
        305    2.840E-01                                 F               0         Blade 1 Y translation velocity, node 7, m/s
        306    2.811E+01                                 F               0         Blade 1 Z translation velocity, node 7, m/s
        307    6.078E+00                                 F               0         Blade 1 X translation velocity, node 8, m/s
