
Linearized model: Predictions were generated on 12-Jan-2024 at 08:43:17 using OpenFAST, compiled as a 64-bit application using single precision at commit v3.5.1
 linked with  NWTC Subroutine Library; ElastoDyn; InflowWind; AeroDyn; ServoDyn; HydroDyn; MAP++ (<1.20.10>, <Oct-20-2023>)

Description from the FAST input file: CCT-9 Campign 4 model. Input files to be run with OpenFAST 3.5.0. GitHub branch from Lu Wang (https://github.com/luwang00/openfast/tree/dev) compiled on March 7, 2023.

Simulation information:
   Simulation time:                   506.6750 s
   Rotor Speed:                         0.7076 rad/s
   Azimuth:                             1.8563 rad
   Wind Speed:                          8.0000 m/s
   Number of continuous states:         0
   Number of discrete states:           0
   Number of constraint states:         0
   Number of inputs:                 1746
   Number of outputs:                   4
   Jacobians included in this file?    No

Order of inputs:
     Column   Operating Point                     Rotating Frame? Derivative Order Description
   ---------- ---------------                     --------------- ---------------- -----------
          1    7.315E+00                                 F               0         Tower X translation displacement, node 1, m
          2   -1.302E+00                                 F               0         Tower Y translation displacement, node 1, m
          3   -1.924E-01                                 F               0         Tower Z translation displacement, node 1, m
          4    8.375E+00                                 F               0         Tower X translation displacement, node 2, m
          5   -1.866E+00                                 F               0         Tower Y translation displacement, node 2, m
          6   -2.509E-01                                 F               0         Tower Z translation displacement, node 2, m
          7    9.451E+00                                 F               0         Tower X translation displacement, node 3, m
          8   -2.436E+00                                 F               0         Tower Y translation displacement, node 3, m
          9   -3.110E-01                                 F               0         Tower Z translation displacement, node 3, m
         10    1.054E+01                                 F               0         Tower X translation displacement, node 4, m
         11   -3.010E+00                                 F               0         Tower Y translation displacement, node 4, m
         12   -3.724E-01                                 F               0         Tower Z translation displacement, node 4, m
         13    1.164E+01                                 F               0         Tower X translation displacement, node 5, m
         14   -3.588E+00                                 F               0         Tower Y translation displacement, node 5, m
         15   -4.348E-01                                 F               0         Tower Z translation displacement, node 5, m
         16    1.274E+01                                 F               0         Tower X translation displacement, node 6, m
         17   -4.169E+00                                 F               0         Tower Y translation displacement, node 6, m
         18   -4.980E-01                                 F               0         Tower Z translation displacement, node 6, m
         19    1.385E+01                                 F               0         Tower X translation displacement, node 7, m
         20   -4.752E+00                                 F               0         Tower Y translation displacement, node 7, m
         21   -5.618E-01                                 F               0         Tower Z translation displacement, node 7, m
         22    1.497E+01                                 F               0         Tower X translation displacement, node 8, m
         23   -5.338E+00                                 F               0         Tower Y translation displacement, node 8, m
         24   -6.260E-01                                 F               0         Tower Z translation displacement, node 8, m
         25    1.608E+01                                 F               0         Tower X translation displacement, node 9, m
         26   -5.924E+00                                 F               0         Tower Y translation displacement, node 9, m
         27   -6.906E-01                                 F               0         Tower Z translation displacement, node 9, m
         28    1.720E+01                                 F               0         Tower X translation displacement, node 10, m
         29   -6.513E+00                                 F               0         Tower Y translation displacement, node 10, m
         30   -7.554E-01                                 F               0         Tower Z translation displacement, node 10, m
         31    1.832E+01                                 F               0         Tower X translation displacement, node 11, m
         32   -7.101E+00                                 F               0         Tower Y translation displacement, node 11, m
         33   -8.202E-01                                 F               0         Tower Z translation displacement, node 11, m
         34    9.964E-01,  4.801E-03, -8.515E-02         F               0         Tower X orientation angle, node 1, rad
         35   -9.038E-04,  9.990E-01,  4.575E-02         F               0         Tower Y orientation angle, node 1, rad
         36    8.528E-02, -4.551E-02,  9.953E-01         F               0         Tower Z orientation angle, node 1, rad
         37    9.963E-01,  4.857E-03, -8.637E-02         F               0         Tower X orientation angle, node 2, rad
         38   -8.680E-04,  9.989E-01,  4.617E-02         F               0         Tower Y orientation angle, node 2, rad
         39    8.650E-02, -4.592E-02,  9.952E-01         F               0         Tower Z orientation angle, node 2, rad
         40    9.962E-01,  4.906E-03, -8.742E-02         F               0         Tower X orientation angle, node 3, rad
         41   -8.355E-04,  9.989E-01,  4.654E-02         F               0         Tower Y orientation angle, node 3, rad
         42    8.755E-02, -4.629E-02,  9.951E-01         F               0         Tower Z orientation angle, node 3, rad
         43    9.961E-01,  4.946E-03, -8.828E-02         F               0         Tower X orientation angle, node 4, rad
         44   -8.068E-04,  9.989E-01,  4.686E-02         F               0         Tower Y orientation angle, node 4, rad
         45    8.842E-02, -4.661E-02,  9.950E-01         F               0         Tower Z orientation angle, node 4, rad
         46    9.960E-01,  4.979E-03, -8.898E-02         F               0         Tower X orientation angle, node 5, rad
         47   -7.820E-04,  9.989E-01,  4.714E-02         F               0         Tower Y orientation angle, node 5, rad
         48    8.911E-02, -4.688E-02,  9.949E-01         F               0         Tower Z orientation angle, node 5, rad
         49    9.960E-01,  5.004E-03, -8.951E-02         F               0         Tower X orientation angle, node 6, rad
         50   -7.610E-04,  9.989E-01,  4.738E-02         F               0         Tower Y orientation angle, node 6, rad
         51    8.964E-02, -4.712E-02,  9.949E-01         F               0         Tower Z orientation angle, node 6, rad
         52    9.959E-01,  5.022E-03, -8.988E-02         F               0         Tower X orientation angle, node 7, rad
         53   -7.443E-04,  9.989E-01,  4.756E-02         F               0         Tower Y orientation angle, node 7, rad
         54    9.002E-02, -4.730E-02,  9.948E-01         F               0         Tower Z orientation angle, node 7, rad
         55    9.959E-01,  5.035E-03, -9.014E-02         F               0         Tower X orientation angle, node 8, rad
         56   -7.312E-04,  9.989E-01,  4.771E-02         F               0         Tower Y orientation angle, node 8, rad
         57    9.028E-02, -4.745E-02,  9.948E-01         F               0         Tower Z orientation angle, node 8, rad
         58    9.959E-01,  5.043E-03, -9.031E-02         F               0         Tower X orientation angle, node 9, rad
         59   -7.217E-04,  9.989E-01,  4.781E-02         F               0         Tower Y orientation angle, node 9, rad
         60    9.045E-02, -4.755E-02,  9.948E-01         F               0         Tower Z orientation angle, node 9, rad
         61    9.959E-01,  5.047E-03, -9.040E-02         F               0         Tower X orientation angle, node 10, rad
         62   -7.154E-04,  9.989E-01,  4.788E-02         F               0         Tower Y orientation angle, node 10, rad
         63    9.054E-02, -4.762E-02,  9.948E-01         F               0         Tower Z orientation angle, node 10, rad
         64    9.959E-01,  5.049E-03, -9.044E-02         F               0         Tower X orientation angle, node 11, rad
         65   -7.120E-04,  9.989E-01,  4.792E-02         F               0         Tower Y orientation angle, node 11, rad
         66    9.058E-02, -4.766E-02,  9.947E-01         F               0         Tower Z orientation angle, node 11, rad
         67   -4.985E-03                                 F               0         Tower X translation velocity, node 1, m/s
         68    6.512E-03                                 F               0         Tower Y translation velocity, node 1, m/s
         69    3.503E-03                                 F               0         Tower Z translation velocity, node 1, m/s
         70   -4.816E-03                                 F               0         Tower X translation velocity, node 2, m/s
         71    1.022E-02                                 F               0         Tower Y translation velocity, node 2, m/s
         72    3.658E-03                                 F               0         Tower Z translation velocity, node 2, m/s
         73   -4.651E-03                                 F               0         Tower X translation velocity, node 3, m/s
         74    1.398E-02                                 F               0         Tower Y translation velocity, node 3, m/s
         75    3.818E-03                                 F               0         Tower Z translation velocity, node 3, m/s
         76   -4.491E-03                                 F               0         Tower X translation velocity, node 4, m/s
         77    1.777E-02                                 F               0         Tower Y translation velocity, node 4, m/s
         78    3.981E-03                                 F               0         Tower Z translation velocity, node 4, m/s
         79   -4.335E-03                                 F               0         Tower X translation velocity, node 5, m/s
         80    2.159E-02                                 F               0         Tower Y translation velocity, node 5, m/s
         81    4.147E-03                                 F               0         Tower Z translation velocity, node 5, m/s
         82   -4.184E-03                                 F               0         Tower X translation velocity, node 6, m/s
         83    2.544E-02                                 F               0         Tower Y translation velocity, node 6, m/s
         84    4.315E-03                                 F               0         Tower Z translation velocity, node 6, m/s
         85   -4.038E-03                                 F               0         Tower X translation velocity, node 7, m/s
         86    2.931E-02                                 F               0         Tower Y translation velocity, node 7, m/s
         87    4.485E-03                                 F               0         Tower Z translation velocity, node 7, m/s
         88   -3.897E-03                                 F               0         Tower X translation velocity, node 8, m/s
         89    3.319E-02                                 F               0         Tower Y translation velocity, node 8, m/s
         90    4.657E-03                                 F               0         Tower Z translation velocity, node 8, m/s
         91   -3.760E-03                                 F               0         Tower X translation velocity, node 9, m/s
         92    3.708E-02                                 F               0         Tower Y translation velocity, node 9, m/s
         93    4.831E-03                                 F               0         Tower Z translation velocity, node 9, m/s
         94   -3.627E-03                                 F               0         Tower X translation velocity, node 10, m/s
         95    4.098E-02                                 F               0         Tower Y translation velocity, node 10, m/s
         96    5.005E-03                                 F               0         Tower Z translation velocity, node 10, m/s
         97   -3.496E-03                                 F               0         Tower X translation velocity, node 11, m/s
         98    4.489E-02                                 F               0         Tower Y translation velocity, node 11, m/s
         99    5.180E-03                                 F               0         Tower Z translation velocity, node 11, m/s
        100    1.907E+01                                 F               0         Hub X translation displacement, node 1, m
        101   -7.530E+00                                 F               0         Hub Y translation displacement, node 1, m
        102    1.154E-01                                 F               0         Hub Z translation displacement, node 1, m
        103    9.810E-01,  1.000E-02, -1.939E-01         F               0         Hub X orientation angle, node 1, rad
        104    1.865E-01, -3.263E-01,  9.267E-01         F               0         Hub Y orientation angle, node 1, rad
        105   -5.401E-02, -9.452E-01, -3.220E-01         F               0         Hub Z orientation angle, node 1, rad
        106    6.938E-01                                 F               0         Hub X rotation velocity, node 1, rad/s
        107    7.086E-03                                 F               0         Hub Y rotation velocity, node 1, rad/s
        108   -1.372E-01                                 F               0         Hub Z rotation velocity, node 1, rad/s
        109    9.750E-01,  1.968E-02, -2.213E-01         F               0         Blade root 1 X orientation angle, node 1, rad
        110    2.155E-01, -3.259E-01,  9.205E-01         F               0         Blade root 1 Y orientation angle, node 1, rad
        111   -5.401E-02, -9.452E-01, -3.220E-01         F               0         Blade root 1 Z orientation angle, node 1, rad
        112    9.847E-01,  2.944E-02, -1.718E-01         F               0         Blade root 2 X orientation angle, node 1, rad
        113   -1.109E-01, -6.548E-01, -7.476E-01         F               0         Blade root 2 Y orientation angle, node 1, rad
        114   -1.345E-01,  7.552E-01, -6.415E-01         F               0         Blade root 2 Z orientation angle, node 1, rad
        115    9.819E-01, -1.913E-02, -1.884E-01         F               0         Blade root 3 X orientation angle, node 1, rad
        116   -1.736E-02,  9.816E-01, -1.902E-01         F               0         Blade root 3 Y orientation angle, node 1, rad
        117    1.885E-01,  1.900E-01,  9.635E-01         F               0         Blade root 3 Z orientation angle, node 1, rad
        118    1.820E+01                                 F               0         Blade 1 X translation displacement, node 1, m
        119   -1.277E+01                                 F               0         Blade 1 Y translation displacement, node 1, m
        120   -7.178E+00                                 F               0         Blade 1 Z translation displacement, node 1, m
        121    1.798E+01                                 F               0         Blade 1 X translation displacement, node 2, m
        122   -1.403E+01                                 F               0         Blade 1 Y translation displacement, node 2, m
        123   -8.935E+00                                 F               0         Blade 1 Z translation displacement, node 2, m
        124    1.511E+01                                 F               0         Blade 1 X translation displacement, node 3, m
        125   -3.119E+01                                 F               0         Blade 1 Y translation displacement, node 3, m
        126   -3.283E+01                                 F               0         Blade 1 Z translation displacement, node 3, m
        127    1.449E+01                                 F               0         Blade 1 X translation displacement, node 4, m
        128   -3.484E+01                                 F               0         Blade 1 Y translation displacement, node 4, m
        129   -3.792E+01                                 F               0         Blade 1 Z translation displacement, node 4, m
        130    1.388E+01                                 F               0         Blade 1 X translation displacement, node 5, m
        131   -3.850E+01                                 F               0         Blade 1 Y translation displacement, node 5, m
        132   -4.302E+01                                 F               0         Blade 1 Z translation displacement, node 5, m
        133    1.327E+01                                 F               0         Blade 1 X translation displacement, node 6, m
        134   -4.215E+01                                 F               0         Blade 1 Y translation displacement, node 6, m
        135   -4.811E+01                                 F               0         Blade 1 Z translation displacement, node 6, m
        136    1.265E+01                                 F               0         Blade 1 X translation displacement, node 7, m
        137   -4.581E+01                                 F               0         Blade 1 Y translation displacement, node 7, m
        138   -5.320E+01                                 F               0         Blade 1 Z translation displacement, node 7, m
        139    1.204E+01                                 F               0         Blade 1 X translation displacement, node 8, m
        140   -4.947E+01                                 F               0         Blade 1 Y translation displacement, node 8, m
        141   -5.829E+01                                 F               0         Blade 1 Z translation displacement, node 8, m
        142    1.143E+01                                 F               0         Blade 1 X translation displacement, node 9, m
        143   -5.312E+01                                 F               0         Blade 1 Y translation displacement, node 9, m
        144   -6.338E+01                                 F               0         Blade 1 Z translation displacement, node 9, m
        145    1.081E+01                                 F               0         Blade 1 X translation displacement, node 10, m
        146   -5.678E+01                                 F               0         Blade 1 Y translation displacement, node 10, m
        147   -6.848E+01                                 F               0         Blade 1 Z translation displacement, node 10, m
        148    1.020E+01                                 F               0         Blade 1 X translation displacement, node 11, m
        149   -6.043E+01                                 F               0         Blade 1 Y translation displacement, node 11, m
        150   -7.357E+01                                 F               0         Blade 1 Z translation displacement, node 11, m
        151    9.588E+00                                 F               0         Blade 1 X translation displacement, node 12, m
        152   -6.409E+01                                 F               0         Blade 1 Y translation displacement, node 12, m
        153   -7.866E+01                                 F               0         Blade 1 Z translation displacement, node 12, m
        154    8.975E+00                                 F               0         Blade 1 X translation displacement, node 13, m
        155   -6.774E+01                                 F               0         Blade 1 Y translation displacement, node 13, m
        156   -8.375E+01                                 F               0         Blade 1 Z translation displacement, node 13, m
        157    8.362E+00                                 F               0         Blade 1 X translation displacement, node 14, m
        158   -7.140E+01                                 F               0         Blade 1 Y translation displacement, node 14, m
        159   -8.884E+01                                 F               0         Blade 1 Z translation displacement, node 14, m
        160    7.748E+00                                 F               0         Blade 1 X translation displacement, node 15, m
        161   -7.506E+01                                 F               0         Blade 1 Y translation displacement, node 15, m
        162   -9.394E+01                                 F               0         Blade 1 Z translation displacement, node 15, m
        163    7.135E+00                                 F               0         Blade 1 X translation displacement, node 16, m
        164   -7.871E+01                                 F               0         Blade 1 Y translation displacement, node 16, m
        165   -9.903E+01                                 F               0         Blade 1 Z translation displacement, node 16, m
        166    6.522E+00                                 F               0         Blade 1 X translation displacement, node 17, m
        167   -8.237E+01                                 F               0         Blade 1 Y translation displacement, node 17, m
        168   -1.041E+02                                 F               0         Blade 1 Z translation displacement, node 17, m
        169    5.909E+00                                 F               0         Blade 1 X translation displacement, node 18, m
        170   -8.602E+01                                 F               0         Blade 1 Y translation displacement, node 18, m
        171   -1.092E+02                                 F               0         Blade 1 Z translation displacement, node 18, m
        172    5.296E+00                                 F               0         Blade 1 X translation displacement, node 19, m
        173   -8.968E+01                                 F               0         Blade 1 Y translation displacement, node 19, m
        174   -1.143E+02                                 F               0         Blade 1 Z translation displacement, node 19, m
        175    4.682E+00                                 F               0         Blade 1 X translation displacement, node 20, m
        176   -9.333E+01                                 F               0         Blade 1 Y translation displacement, node 20, m
        177   -1.194E+02                                 F               0         Blade 1 Z translation displacement, node 20, m
        178    4.069E+00                                 F               0         Blade 1 X translation displacement, node 21, m
        179   -9.699E+01                                 F               0         Blade 1 Y translation displacement, node 21, m
        180   -1.245E+02                                 F               0         Blade 1 Z translation displacement, node 21, m
        181    3.456E+00                                 F               0         Blade 1 X translation displacement, node 22, m
        182   -1.006E+02                                 F               0         Blade 1 Y translation displacement, node 22, m
        183   -1.296E+02                                 F               0         Blade 1 Z translation displacement, node 22, m
        184    2.843E+00                                 F               0         Blade 1 X translation displacement, node 23, m
        185   -1.043E+02                                 F               0         Blade 1 Y translation displacement, node 23, m
        186   -1.347E+02                                 F               0         Blade 1 Z translation displacement, node 23, m
        187    2.230E+00                                 F               0         Blade 1 X translation displacement, node 24, m
        188   -1.080E+02                                 F               0         Blade 1 Y translation displacement, node 24, m
        189   -1.398E+02                                 F               0         Blade 1 Z translation displacement, node 24, m
        190    1.617E+00                                 F               0         Blade 1 X translation displacement, node 25, m
        191   -1.116E+02                                 F               0         Blade 1 Y translation displacement, node 25, m
        192   -1.449E+02                                 F               0         Blade 1 Z translation displacement, node 25, m
        193    1.003E+00                                 F               0         Blade 1 X translation displacement, node 26, m
        194   -1.153E+02                                 F               0         Blade 1 Y translation displacement, node 26, m
        195   -1.499E+02                                 F               0         Blade 1 Z translation displacement, node 26, m
        196    3.901E-01                                 F               0         Blade 1 X translation displacement, node 27, m
        197   -1.189E+02                                 F               0         Blade 1 Y translation displacement, node 27, m
        198   -1.550E+02                                 F               0         Blade 1 Z translation displacement, node 27, m
        199   -1.297E-01                                 F               0         Blade 1 X translation displacement, node 28, m
        200   -1.220E+02                                 F               0         Blade 1 Y translation displacement, node 28, m
        201   -1.594E+02                                 F               0         Blade 1 Z translation displacement, node 28, m
        202    7.694E-01,  1.661E-01, -6.167E-01         F               0         Blade 1 X orientation angle, node 1, rad
        203    6.364E-01, -2.810E-01,  7.183E-01         F               0         Blade 1 Y orientation angle, node 1, rad
        204   -5.401E-02, -9.452E-01, -3.220E-01         F               0         Blade 1 Z orientation angle, node 1, rad
        205    7.694E-01,  1.661E-01, -6.167E-01         F               0         Blade 1 X orientation angle, node 2, rad
        206    6.364E-01, -2.810E-01,  7.183E-01         F               0         Blade 1 Y orientation angle, node 2, rad
        207   -5.401E-02, -9.452E-01, -3.220E-01         F               0         Blade 1 Z orientation angle, node 2, rad
        208    8.984E-01,  9.477E-02, -4.289E-01         F               0         Blade 1 X orientation angle, node 3, rad
        209    4.359E-01, -3.124E-01,  8.440E-01         F               0         Blade 1 Y orientation angle, node 3, rad
        210   -5.401E-02, -9.452E-01, -3.220E-01         F               0         Blade 1 Z orientation angle, node 3, rad
        211    9.160E-01,  8.150E-02, -3.929E-01         F               0         Blade 1 X orientation angle, node 4, rad
        212    3.976E-01, -3.161E-01,  8.614E-01         F               0         Blade 1 Y orientation angle, node 4, rad
        213   -5.401E-02, -9.452E-01, -3.220E-01         F               0         Blade 1 Z orientation angle, node 4, rad
        214    9.286E-01,  7.097E-02, -3.641E-01         F               0         Blade 1 X orientation angle, node 5, rad
        215    3.670E-01, -3.187E-01,  8.739E-01         F               0         Blade 1 Y orientation angle, node 5, rad
        216   -5.401E-02, -9.452E-01, -3.220E-01         F               0         Blade 1 Z orientation angle, node 5, rad
        217    9.380E-01,  6.249E-02, -3.408E-01         F               0         Blade 1 X orientation angle, node 6, rad
        218    3.423E-01, -3.204E-01,  8.833E-01         F               0         Blade 1 Y orientation angle, node 6, rad
        219   -5.401E-02, -9.452E-01, -3.220E-01         F               0         Blade 1 Z orientation angle, node 6, rad
        220    9.453E-01,  5.549E-02, -3.215E-01         F               0         Blade 1 X orientation angle, node 7, rad
        221    3.217E-01, -3.217E-01,  8.905E-01         F               0         Blade 1 Y orientation angle, node 7, rad
        222   -5.401E-02, -9.452E-01, -3.220E-01         F               0         Blade 1 Z orientation angle, node 7, rad
        223    9.510E-01,  4.964E-02, -3.053E-01         F               0         Blade 1 X orientation angle, node 8, rad
        224    3.045E-01, -3.227E-01,  8.962E-01         F               0         Blade 1 Y orientation angle, node 8, rad
        225   -5.401E-02, -9.452E-01, -3.220E-01         F               0         Blade 1 Z orientation angle, node 8, rad
        226    9.555E-01,  4.468E-02, -2.915E-01         F               0         Blade 1 X orientation angle, node 9, rad
        227    2.899E-01, -3.234E-01,  9.008E-01         F               0         Blade 1 Y orientation angle, node 9, rad
        228   -5.401E-02, -9.452E-01, -3.220E-01         F               0         Blade 1 Z orientation angle, node 9, rad
        229    9.593E-01,  4.039E-02, -2.795E-01         F               0         Blade 1 X orientation angle, node 10, rad
        230    2.772E-01, -3.240E-01,  9.046E-01         F               0         Blade 1 Y orientation angle, node 10, rad
        231   -5.401E-02, -9.452E-01, -3.220E-01         F               0         Blade 1 Z orientation angle, node 10, rad
        232    9.624E-01,  3.671E-02, -2.692E-01         F               0         Blade 1 X orientation angle, node 11, rad
        233    2.663E-01, -3.244E-01,  9.077E-01         F               0         Blade 1 Y orientation angle, node 11, rad
        234   -5.401E-02, -9.452E-01, -3.220E-01         F               0         Blade 1 Z orientation angle, node 11, rad
        235    9.650E-01,  3.348E-02, -2.602E-01         F               0         Blade 1 X orientation angle, node 12, rad
        236    2.567E-01, -3.248E-01,  9.103E-01         F               0         Blade 1 Y orientation angle, node 12, rad
        237   -5.401E-02, -9.452E-01, -3.220E-01         F               0         Blade 1 Z orientation angle, node 12, rad
        238    9.672E-01,  3.064E-02, -2.522E-01         F               0         Blade 1 X orientation angle, node 13, rad
        239    2.483E-01, -3.250E-01,  9.125E-01         F               0         Blade 1 Y orientation angle, node 13, rad
        240   -5.401E-02, -9.452E-01, -3.220E-01         F               0         Blade 1 Z orientation angle, node 13, rad
        241    9.691E-01,  2.809E-02, -2.450E-01         F               0         Blade 1 X orientation angle, node 14, rad
        242    2.407E-01, -3.253E-01,  9.145E-01         F               0         Blade 1 Y orientation angle, node 14, rad
        243   -5.401E-02, -9.452E-01, -3.220E-01         F               0         Blade 1 Z orientation angle, node 14, rad
        244    9.708E-01,  2.582E-02, -2.386E-01         F               0         Blade 1 X orientation angle, node 15, rad
        245    2.339E-01, -3.254E-01,  9.162E-01         F               0         Blade 1 Y orientation angle, node 15, rad
        246   -5.401E-02, -9.452E-01, -3.220E-01         F               0         Blade 1 Z orientation angle, node 15, rad
        247    9.722E-01,  2.377E-02, -2.329E-01         F               0         Blade 1 X orientation angle, node 16, rad
        248    2.278E-01, -3.256E-01,  9.177E-01         F               0         Blade 1 Y orientation angle, node 16, rad
        249   -5.401E-02, -9.452E-01, -3.220E-01         F               0         Blade 1 Z orientation angle, node 16, rad
        250    9.735E-01,  2.195E-02, -2.278E-01         F               0         Blade 1 X orientation angle, node 17, rad
        251    2.223E-01, -3.257E-01,  9.189E-01         F               0         Blade 1 Y orientation angle, node 17, rad
        252   -5.401E-02, -9.452E-01, -3.220E-01         F               0         Blade 1 Z orientation angle, node 17, rad
        253    9.746E-01,  2.025E-02, -2.229E-01         F               0         Blade 1 X orientation angle, node 18, rad
        254    2.172E-01, -3.258E-01,  9.201E-01         F               0         Blade 1 Y orientation angle, node 18, rad
        255   -5.401E-02, -9.452E-01, -3.220E-01         F               0         Blade 1 Z orientation angle, node 18, rad
        256    9.756E-01,  1.871E-02, -2.186E-01         F               0         Blade 1 X orientation angle, node 19, rad
        257    2.126E-01, -3.259E-01,  9.212E-01         F               0         Blade 1 Y orientation angle, node 19, rad
        258   -5.401E-02, -9.452E-01, -3.220E-01         F               0         Blade 1 Z orientation angle, node 19, rad
        259    9.765E-01,  1.735E-02, -2.147E-01         F               0         Blade 1 X orientation angle, node 20, rad
        260    2.086E-01, -3.260E-01,  9.221E-01         F               0         Blade 1 Y orientation angle, node 20, rad
        261   -5.401E-02, -9.452E-01, -3.220E-01         F               0         Blade 1 Z orientation angle, node 20, rad
        262    9.773E-01,  1.604E-02, -2.110E-01         F               0         Blade 1 X orientation angle, node 21, rad
        263    2.046E-01, -3.261E-01,  9.229E-01         F               0         Blade 1 Y orientation angle, node 21, rad
        264   -5.401E-02, -9.452E-01, -3.220E-01         F               0         Blade 1 Z orientation angle, node 21, rad
        265    9.781E-01,  1.484E-02, -2.077E-01         F               0         Blade 1 X orientation angle, node 22, rad
        266    2.011E-01, -3.261E-01,  9.237E-01         F               0         Blade 1 Y orientation angle, node 22, rad
        267   -5.401E-02, -9.452E-01, -3.220E-01         F               0         Blade 1 Z orientation angle, node 22, rad
        268    9.788E-01,  1.376E-02, -2.046E-01         F               0         Blade 1 X orientation angle, node 23, rad
        269    1.978E-01, -3.262E-01,  9.244E-01         F               0         Blade 1 Y orientation angle, node 23, rad
        270   -5.401E-02, -9.452E-01, -3.220E-01         F               0         Blade 1 Z orientation angle, node 23, rad
        271    9.794E-01,  1.274E-02, -2.017E-01         F               0         Blade 1 X orientation angle, node 24, rad
        272    1.947E-01, -3.262E-01,  9.250E-01         F               0         Blade 1 Y orientation angle, node 24, rad
        273   -5.401E-02, -9.452E-01, -3.220E-01         F               0         Blade 1 Z orientation angle, node 24, rad
        274    9.799E-01,  1.177E-02, -1.989E-01         F               0         Blade 1 X orientation angle, node 25, rad
        275    1.918E-01, -3.263E-01,  9.256E-01         F               0         Blade 1 Y orientation angle, node 25, rad
        276   -5.401E-02, -9.452E-01, -3.220E-01         F               0         Blade 1 Z orientation angle, node 25, rad
        277    9.804E-01,  1.091E-02, -1.965E-01         F               0         Blade 1 X orientation angle, node 26, rad
        278    1.893E-01, -3.263E-01,  9.261E-01         F               0         Blade 1 Y orientation angle, node 26, rad
        279   -5.401E-02, -9.452E-01, -3.220E-01         F               0         Blade 1 Z orientation angle, node 26, rad
        280    9.809E-01,  1.006E-02, -1.941E-01         F               0         Blade 1 X orientation angle, node 27, rad
        281    1.867E-01, -3.263E-01,  9.266E-01         F               0         Blade 1 Y orientation angle, node 27, rad
        282   -5.401E-02, -9.452E-01, -3.220E-01         F               0         Blade 1 Z orientation angle, node 27, rad
        283    9.812E-01,  9.605E-03, -1.928E-01         F               0         Blade 1 X orientation angle, node 28, rad
        284    1.853E-01, -3.263E-01,  9.269E-01         F               0         Blade 1 Y orientation angle, node 28, rad
        285   -5.401E-02, -9.452E-01, -3.220E-01         F               0         Blade 1 Z orientation angle, node 28, rad
        286   -7.343E-01                                 F               0         Blade 1 X translation velocity, node 1, m/s
        287    1.326E+00                                 F               0         Blade 1 Y translation velocity, node 1, m/s
        288   -3.625E+00                                 F               0         Blade 1 Z translation velocity, node 1, m/s
        289   -9.104E-01                                 F               0         Blade 1 X translation velocity, node 2, m/s
        290    1.634E+00                                 F               0         Blade 1 Y translation velocity, node 2, m/s
        291   -4.500E+00                                 F               0         Blade 1 Z translation velocity, node 2, m/s
        292   -3.305E+00                                 F               0         Blade 1 X translation velocity, node 3, m/s
        293    5.823E+00                                 F               0         Blade 1 Y translation velocity, node 3, m/s
        294   -1.640E+01                                 F               0         Blade 1 Z translation velocity, node 3, m/s
        295   -3.816E+00                                 F               0         Blade 1 X translation velocity, node 4, m/s
        296    6.716E+00                                 F               0         Blade 1 Y translation velocity, node 4, m/s
        297   -1.893E+01                                 F               0         Blade 1 Z translation velocity, node 4, m/s
        298   -4.326E+00                                 F               0         Blade 1 X translation velocity, node 5, m/s
        299    7.608E+00                                 F               0         Blade 1 Y translation velocity, node 5, m/s
        300   -2.147E+01                                 F               0         Blade 1 Z translation velocity, node 5, m/s
        301   -4.836E+00                                 F               0         Blade 1 X translation velocity, node 6, m/s
        302    8.501E+00                                 F               0         Blade 1 Y translation velocity, node 6, m/s
        303   -2.400E+01                                 F               0         Blade 1 Z translation velocity, node 6, m/s
        304   -5.346E+00                                 F               0         Blade 1 X translation velocity, node 7, m/s
        305    9.393E+00                                 F               0         Blade 1 Y translation velocity, node 7, m/s
        306   -2.654E+01                                 F               0         Blade 1 Z translation velocity, node 7, m/s
        307   -5.857E+00                                 F               0         Blade 1 X translation velocity, node 8, m/s
