
Linearized model: Predictions were generated on 12-Jan-2024 at 08:43:17 using OpenFAST, compiled as a 64-bit application using single precision at commit v3.5.1
 linked with  NWTC Subroutine Library; ElastoDyn; InflowWind; AeroDyn; ServoDyn; HydroDyn; MAP++ (<1.20.10>, <Oct-20-2023>)

Description from the FAST input file: CCT-9 Campign 4 model. Input files to be run with OpenFAST 3.5.0. GitHub branch from Lu Wang (https://github.com/luwang00/openfast/tree/dev) compiled on March 7, 2023.

Simulation information:
   Simulation time:                   501.5000 s
   Rotor Speed:                         0.7076 rad/s
   Azimuth:                             4.4781 rad
   Wind Speed:                          8.0000 m/s
   Number of continuous states:         0
   Number of discrete states:           0
   Number of constraint states:         0
   Number of inputs:                 1746
   Number of outputs:                   4
   Jacobians included in this file?    No

Order of inputs:
     Column   Operating Point                     Rotating Frame? Derivative Order Description
   ---------- ---------------                     --------------- ---------------- -----------
          1    7.341E+00                                 F               0         Tower X translation displacement, node 1, m
          2   -1.333E+00                                 F               0         Tower Y translation displacement, node 1, m
          3   -2.030E-01                                 F               0         Tower Z translation displacement, node 1, m
          4    8.401E+00                                 F               0         Tower X translation displacement, node 2, m
          5   -1.912E+00                                 F               0         Tower Y translation displacement, node 2, m
          6   -2.622E-01                                 F               0         Tower Z translation displacement, node 2, m
          7    9.477E+00                                 F               0         Tower X translation displacement, node 3, m
          8   -2.497E+00                                 F               0         Tower Y translation displacement, node 3, m
          9   -3.230E-01                                 F               0         Tower Z translation displacement, node 3, m
         10    1.056E+01                                 F               0         Tower X translation displacement, node 4, m
         11   -3.086E+00                                 F               0         Tower Y translation displacement, node 4, m
         12   -3.851E-01                                 F               0         Tower Z translation displacement, node 4, m
         13    1.166E+01                                 F               0         Tower X translation displacement, node 5, m
         14   -3.679E+00                                 F               0         Tower Y translation displacement, node 5, m
         15   -4.482E-01                                 F               0         Tower Z translation displacement, node 5, m
         16    1.277E+01                                 F               0         Tower X translation displacement, node 6, m
         17   -4.276E+00                                 F               0         Tower Y translation displacement, node 6, m
         18   -5.122E-01                                 F               0         Tower Z translation displacement, node 6, m
         19    1.388E+01                                 F               0         Tower X translation displacement, node 7, m
         20   -4.875E+00                                 F               0         Tower Y translation displacement, node 7, m
         21   -5.767E-01                                 F               0         Tower Z translation displacement, node 7, m
         22    1.499E+01                                 F               0         Tower X translation displacement, node 8, m
         23   -5.476E+00                                 F               0         Tower Y translation displacement, node 8, m
         24   -6.417E-01                                 F               0         Tower Z translation displacement, node 8, m
         25    1.611E+01                                 F               0         Tower X translation displacement, node 9, m
         26   -6.078E+00                                 F               0         Tower Y translation displacement, node 9, m
         27   -7.070E-01                                 F               0         Tower Z translation displacement, node 9, m
         28    1.722E+01                                 F               0         Tower X translation displacement, node 10, m
         29   -6.682E+00                                 F               0         Tower Y translation displacement, node 10, m
         30   -7.726E-01                                 F               0         Tower Z translation displacement, node 10, m
         31    1.834E+01                                 F               0         Tower X translation displacement, node 11, m
         32   -7.287E+00                                 F               0         Tower Y translation displacement, node 11, m
         33   -8.382E-01                                 F               0         Tower Z translation displacement, node 11, m
         34    9.964E-01,  4.596E-03, -8.515E-02         F               0         Tower X orientation angle, node 1, rad
         35   -5.970E-04,  9.989E-01,  4.692E-02         F               0         Tower Y orientation angle, node 1, rad
         36    8.528E-02, -4.670E-02,  9.953E-01         F               0         Tower Z orientation angle, node 1, rad
         37    9.963E-01,  4.653E-03, -8.637E-02         F               0         Tower X orientation angle, node 2, rad
         38   -5.598E-04,  9.989E-01,  4.736E-02         F               0         Tower Y orientation angle, node 2, rad
         39    8.650E-02, -4.713E-02,  9.951E-01         F               0         Tower Z orientation angle, node 2, rad
         40    9.962E-01,  4.703E-03, -8.742E-02         F               0         Tower X orientation angle, node 3, rad
         41   -5.260E-04,  9.989E-01,  4.774E-02         F               0         Tower Y orientation angle, node 3, rad
         42    8.755E-02, -4.751E-02,  9.950E-01         F               0         Tower Z orientation angle, node 3, rad
         43    9.961E-01,  4.745E-03, -8.829E-02         F               0         Tower X orientation angle, node 4, rad
         44   -4.961E-04,  9.988E-01,  4.808E-02         F               0         Tower Y orientation angle, node 4, rad
         45    8.841E-02, -4.785E-02,  9.949E-01         F               0         Tower Z orientation angle, node 4, rad
         46    9.960E-01,  4.778E-03, -8.898E-02         F               0         Tower X orientation angle, node 5, rad
         47   -4.703E-04,  9.988E-01,  4.837E-02         F               0         Tower Y orientation angle, node 5, rad
         48    8.911E-02, -4.814E-02,  9.949E-01         F               0         Tower Z orientation angle, node 5, rad
         49    9.960E-01,  4.804E-03, -8.951E-02         F               0         Tower X orientation angle, node 6, rad
         50   -4.485E-04,  9.988E-01,  4.861E-02         F               0         Tower Y orientation angle, node 6, rad
         51    8.964E-02, -4.838E-02,  9.948E-01         F               0         Tower Z orientation angle, node 6, rad
         52    9.959E-01,  4.822E-03, -8.988E-02         F               0         Tower X orientation angle, node 7, rad
         53   -4.311E-04,  9.988E-01,  4.881E-02         F               0         Tower Y orientation angle, node 7, rad
         54    9.001E-02, -4.857E-02,  9.948E-01         F               0         Tower Z orientation angle, node 7, rad
         55    9.959E-01,  4.835E-03, -9.014E-02         F               0         Tower X orientation angle, node 8, rad
         56   -4.175E-04,  9.988E-01,  4.896E-02         F               0         Tower Y orientation angle, node 8, rad
         57    9.027E-02, -4.872E-02,  9.947E-01         F               0         Tower Z orientation angle, node 8, rad
         58    9.959E-01,  4.843E-03, -9.031E-02         F               0         Tower X orientation angle, node 9, rad
         59   -4.076E-04,  9.988E-01,  4.907E-02         F               0         Tower Y orientation angle, node 9, rad
         60    9.044E-02, -4.883E-02,  9.947E-01         F               0         Tower Z orientation angle, node 9, rad
         61    9.959E-01,  4.848E-03, -9.040E-02         F               0         Tower X orientation angle, node 10, rad
         62   -4.011E-04,  9.988E-01,  4.914E-02         F               0         Tower Y orientation angle, node 10, rad
         63    9.053E-02, -4.890E-02,  9.947E-01         F               0         Tower Z orientation angle, node 10, rad
         64    9.959E-01,  4.850E-03, -9.044E-02         F               0         Tower X orientation angle, node 11, rad
         65   -3.975E-04,  9.988E-01,  4.918E-02         F               0         Tower Y orientation angle, node 11, rad
         66    9.057E-02, -4.894E-02,  9.947E-01         F               0         Tower Z orientation angle, node 11, rad
         67   -4.392E-03                                 F               0         Tower X translation velocity, node 1, m/s
         68    3.809E-03                                 F               0         Tower Y translation velocity, node 1, m/s
         69   -2.048E-05                                 F               0         Tower Z translation velocity, node 1, m/s
         70   -4.420E-03                                 F               0         Tower X translation velocity, node 2, m/s
         71    5.103E-03                                 F               0         Tower Y translation velocity, node 2, m/s
         72    4.290E-05                                 F               0         Tower Z translation velocity, node 2, m/s
         73   -4.462E-03                                 F               0         Tower X translation velocity, node 3, m/s
         74    6.432E-03                                 F               0         Tower Y translation velocity, node 3, m/s
         75    1.098E-04                                 F               0         Tower Z translation velocity, node 3, m/s
         76   -4.515E-03                                 F               0         Tower X translation velocity, node 4, m/s
         77    7.791E-03                                 F               0         Tower Y translation velocity, node 4, m/s
         78    1.796E-04                                 F               0         Tower Z translation velocity, node 4, m/s
         79   -4.579E-03                                 F               0         Tower X translation velocity, node 5, m/s
         80    9.174E-03                                 F               0         Tower Y translation velocity, node 5, m/s
         81    2.521E-04                                 F               0         Tower Z translation velocity, node 5, m/s
         82   -4.653E-03                                 F               0         Tower X translation velocity, node 6, m/s
         83    1.058E-02                                 F               0         Tower Y translation velocity, node 6, m/s
         84    3.270E-04                                 F               0         Tower Z translation velocity, node 6, m/s
         85   -4.736E-03                                 F               0         Tower X translation velocity, node 7, m/s
         86    1.200E-02                                 F               0         Tower Y translation velocity, node 7, m/s
         87    4.038E-04                                 F               0         Tower Z translation velocity, node 7, m/s
         88   -4.828E-03                                 F               0         Tower X translation velocity, node 8, m/s
         89    1.344E-02                                 F               0         Tower Y translation velocity, node 8, m/s
         90    4.825E-04                                 F               0         Tower Z translation velocity, node 8, m/s
         91   -4.927E-03                                 F               0         Tower X translation velocity, node 9, m/s
         92    1.489E-02                                 F               0         Tower Y translation velocity, node 9, m/s
         93    5.627E-04                                 F               0         Tower Z translation velocity, node 9, m/s
         94   -5.031E-03                                 F               0         Tower X translation velocity, node 10, m/s
         95    1.635E-02                                 F               0         Tower Y translation velocity, node 10, m/s
         96    6.438E-04                                 F               0         Tower Z translation velocity, node 10, m/s
         97   -5.139E-03                                 F               0         Tower X translation velocity, node 11, m/s
         98    1.782E-02                                 F               0         Tower Y translation velocity, node 11, m/s
         99    7.257E-04                                 F               0         Tower Z translation velocity, node 11, m/s
        100    1.910E+01                                 F               0         Hub X translation displacement, node 1, m
        101   -7.723E+00                                 F               0         Hub Y translation displacement, node 1, m
        102    9.690E-02                                 F               0         Hub Z translation displacement, node 1, m
        103    9.810E-01,  9.939E-03, -1.939E-01         F               0         Hub X orientation angle, node 1, rad
        104   -1.888E-01, -1.850E-01, -9.644E-01         F               0         Hub Y orientation angle, node 1, rad
        105   -4.546E-02,  9.827E-01, -1.796E-01         F               0         Hub Z orientation angle, node 1, rad
        106    6.940E-01                                 F               0         Hub X rotation velocity, node 1, rad/s
        107    7.022E-03                                 F               0         Hub Y rotation velocity, node 1, rad/s
        108   -1.372E-01                                 F               0         Hub Z rotation velocity, node 1, rad/s
        109    9.861E-01,  1.542E-02, -1.652E-01         F               0         Blade root 1 X orientation angle, node 1, rad
        110   -1.596E-01, -1.846E-01, -9.698E-01         F               0         Blade root 1 Y orientation angle, node 1, rad
        111   -4.546E-02,  9.827E-01, -1.796E-01         F               0         Blade root 1 Z orientation angle, node 1, rad
        112    9.789E-01, -1.806E-02, -2.035E-01         F               0         Blade root 2 X orientation angle, node 1, rad
        113    8.410E-02,  9.434E-01,  3.208E-01         F               0         Blade root 2 Y orientation angle, node 1, rad
        114    1.862E-01, -3.311E-01,  9.250E-01         F               0         Blade root 2 Z orientation angle, node 1, rad
        115    9.766E-01,  3.244E-02, -2.128E-01         F               0         Blade root 3 X orientation angle, node 1, rad
        116    1.628E-01, -7.579E-01,  6.317E-01         F               0         Blade root 3 Y orientation angle, node 1, rad
        117   -1.408E-01, -6.516E-01, -7.454E-01         F               0         Blade root 3 Z orientation angle, node 1, rad
        118    1.827E+01                                 F               0         Blade 1 X translation displacement, node 1, m
        119   -2.279E+00                                 F               0         Blade 1 Y translation displacement, node 1, m
        120   -6.408E+00                                 F               0         Blade 1 Z translation displacement, node 1, m
        121    1.807E+01                                 F               0         Blade 1 X translation displacement, node 2, m
        122   -9.674E-01                                 F               0         Blade 1 Y translation displacement, node 2, m
        123   -7.975E+00                                 F               0         Blade 1 Z translation displacement, node 2, m
        124    1.535E+01                                 F               0         Blade 1 X translation displacement, node 3, m
        125    1.687E+01                                 F               0         Blade 1 Y translation displacement, node 3, m
        126   -2.929E+01                                 F               0         Blade 1 Z translation displacement, node 3, m
        127    1.477E+01                                 F               0         Blade 1 X translation displacement, node 4, m
        128    2.067E+01                                 F               0         Blade 1 Y translation displacement, node 4, m
        129   -3.383E+01                                 F               0         Blade 1 Z translation displacement, node 4, m
        130    1.419E+01                                 F               0         Blade 1 X translation displacement, node 5, m
        131    2.447E+01                                 F               0         Blade 1 Y translation displacement, node 5, m
        132   -3.837E+01                                 F               0         Blade 1 Z translation displacement, node 5, m
        133    1.361E+01                                 F               0         Blade 1 X translation displacement, node 6, m
        134    2.827E+01                                 F               0         Blade 1 Y translation displacement, node 6, m
        135   -4.291E+01                                 F               0         Blade 1 Z translation displacement, node 6, m
        136    1.302E+01                                 F               0         Blade 1 X translation displacement, node 7, m
        137    3.207E+01                                 F               0         Blade 1 Y translation displacement, node 7, m
        138   -4.745E+01                                 F               0         Blade 1 Z translation displacement, node 7, m
        139    1.244E+01                                 F               0         Blade 1 X translation displacement, node 8, m
        140    3.587E+01                                 F               0         Blade 1 Y translation displacement, node 8, m
        141   -5.199E+01                                 F               0         Blade 1 Z translation displacement, node 8, m
        142    1.186E+01                                 F               0         Blade 1 X translation displacement, node 9, m
        143    3.968E+01                                 F               0         Blade 1 Y translation displacement, node 9, m
        144   -5.653E+01                                 F               0         Blade 1 Z translation displacement, node 9, m
        145    1.128E+01                                 F               0         Blade 1 X translation displacement, node 10, m
        146    4.348E+01                                 F               0         Blade 1 Y translation displacement, node 10, m
        147   -6.108E+01                                 F               0         Blade 1 Z translation displacement, node 10, m
        148    1.070E+01                                 F               0         Blade 1 X translation displacement, node 11, m
        149    4.728E+01                                 F               0         Blade 1 Y translation displacement, node 11, m
        150   -6.562E+01                                 F               0         Blade 1 Z translation displacement, node 11, m
        151    1.012E+01                                 F               0         Blade 1 X translation displacement, node 12, m
        152    5.108E+01                                 F               0         Blade 1 Y translation displacement, node 12, m
        153   -7.016E+01                                 F               0         Blade 1 Z translation displacement, node 12, m
        154    9.544E+00                                 F               0         Blade 1 X translation displacement, node 13, m
        155    5.488E+01                                 F               0         Blade 1 Y translation displacement, node 13, m
        156   -7.470E+01                                 F               0         Blade 1 Z translation displacement, node 13, m
        157    8.964E+00                                 F               0         Blade 1 X translation displacement, node 14, m
        158    5.868E+01                                 F               0         Blade 1 Y translation displacement, node 14, m
        159   -7.924E+01                                 F               0         Blade 1 Z translation displacement, node 14, m
        160    8.384E+00                                 F               0         Blade 1 X translation displacement, node 15, m
        161    6.248E+01                                 F               0         Blade 1 Y translation displacement, node 15, m
        162   -8.378E+01                                 F               0         Blade 1 Z translation displacement, node 15, m
        163    7.804E+00                                 F               0         Blade 1 X translation displacement, node 16, m
        164    6.628E+01                                 F               0         Blade 1 Y translation displacement, node 16, m
        165   -8.832E+01                                 F               0         Blade 1 Z translation displacement, node 16, m
        166    7.224E+00                                 F               0         Blade 1 X translation displacement, node 17, m
        167    7.008E+01                                 F               0         Blade 1 Y translation displacement, node 17, m
        168   -9.286E+01                                 F               0         Blade 1 Z translation displacement, node 17, m
        169    6.644E+00                                 F               0         Blade 1 X translation displacement, node 18, m
        170    7.388E+01                                 F               0         Blade 1 Y translation displacement, node 18, m
        171   -9.740E+01                                 F               0         Blade 1 Z translation displacement, node 18, m
        172    6.064E+00                                 F               0         Blade 1 X translation displacement, node 19, m
        173    7.768E+01                                 F               0         Blade 1 Y translation displacement, node 19, m
        174   -1.019E+02                                 F               0         Blade 1 Z translation displacement, node 19, m
        175    5.484E+00                                 F               0         Blade 1 X translation displacement, node 20, m
        176    8.148E+01                                 F               0         Blade 1 Y translation displacement, node 20, m
        177   -1.065E+02                                 F               0         Blade 1 Z translation displacement, node 20, m
        178    4.904E+00                                 F               0         Blade 1 X translation displacement, node 21, m
        179    8.528E+01                                 F               0         Blade 1 Y translation displacement, node 21, m
        180   -1.110E+02                                 F               0         Blade 1 Z translation displacement, node 21, m
        181    4.323E+00                                 F               0         Blade 1 X translation displacement, node 22, m
        182    8.909E+01                                 F               0         Blade 1 Y translation displacement, node 22, m
        183   -1.156E+02                                 F               0         Blade 1 Z translation displacement, node 22, m
        184    3.743E+00                                 F               0         Blade 1 X translation displacement, node 23, m
        185    9.289E+01                                 F               0         Blade 1 Y translation displacement, node 23, m
        186   -1.201E+02                                 F               0         Blade 1 Z translation displacement, node 23, m
        187    3.163E+00                                 F               0         Blade 1 X translation displacement, node 24, m
        188    9.669E+01                                 F               0         Blade 1 Y translation displacement, node 24, m
        189   -1.247E+02                                 F               0         Blade 1 Z translation displacement, node 24, m
        190    2.583E+00                                 F               0         Blade 1 X translation displacement, node 25, m
        191    1.005E+02                                 F               0         Blade 1 Y translation displacement, node 25, m
        192   -1.292E+02                                 F               0         Blade 1 Z translation displacement, node 25, m
        193    2.003E+00                                 F               0         Blade 1 X translation displacement, node 26, m
        194    1.043E+02                                 F               0         Blade 1 Y translation displacement, node 26, m
        195   -1.337E+02                                 F               0         Blade 1 Z translation displacement, node 26, m
        196    1.423E+00                                 F               0         Blade 1 X translation displacement, node 27, m
        197    1.081E+02                                 F               0         Blade 1 Y translation displacement, node 27, m
        198   -1.383E+02                                 F               0         Blade 1 Z translation displacement, node 27, m
        199    9.311E-01                                 F               0         Blade 1 X translation displacement, node 28, m
        200    1.113E+02                                 F               0         Blade 1 Y translation displacement, node 28, m
        201   -1.421E+02                                 F               0         Blade 1 Z translation displacement, node 28, m
        202    9.504E-01,  9.791E-02,  2.952E-01         F               0         Blade 1 X orientation angle, node 1, rad
        203    3.077E-01, -1.573E-01, -9.384E-01         F               0         Blade 1 Y orientation angle, node 1, rad
        204   -4.546E-02,  9.827E-01, -1.796E-01         F               0         Blade 1 Z orientation angle, node 1, rad
        205    9.504E-01,  9.791E-02,  2.952E-01         F               0         Blade 1 X orientation angle, node 2, rad
        206    3.077E-01, -1.573E-01, -9.384E-01         F               0         Blade 1 Y orientation angle, node 2, rad
        207   -4.546E-02,  9.827E-01, -1.796E-01         F               0         Blade 1 Z orientation angle, node 2, rad
        208    9.962E-01,  5.785E-02,  6.436E-02         F               0         Blade 1 X orientation angle, node 3, rad
        209    7.364E-02, -1.760E-01, -9.816E-01         F               0         Blade 1 Y orientation angle, node 3, rad
        210   -4.546E-02,  9.827E-01, -1.796E-01         F               0         Blade 1 Z orientation angle, node 3, rad
        211    9.985E-01,  5.037E-02,  2.285E-02         F               0         Blade 1 X orientation angle, node 4, rad
        212    3.150E-02, -1.783E-01, -9.835E-01         F               0         Blade 1 Y orientation angle, node 4, rad
        213   -4.546E-02,  9.827E-01, -1.796E-01         F               0         Blade 1 Z orientation angle, node 4, rad
        214    9.990E-01,  4.443E-02, -9.765E-03         F               0         Blade 1 X orientation angle, node 5, rad
        215   -1.617E-03, -1.798E-01, -9.837E-01         F               0         Blade 1 Y orientation angle, node 5, rad
        216   -4.546E-02,  9.827E-01, -1.796E-01         F               0         Blade 1 Z orientation angle, node 5, rad
        217    9.986E-01,  3.964E-02, -3.585E-02         F               0         Blade 1 X orientation angle, node 6, rad
        218   -2.812E-02, -1.810E-01, -9.831E-01         F               0         Blade 1 Y orientation angle, node 6, rad
        219   -4.546E-02,  9.827E-01, -1.796E-01         F               0         Blade 1 Z orientation angle, node 6, rad
        220    9.977E-01,  3.568E-02, -5.729E-02         F               0         Blade 1 X orientation angle, node 7, rad
        221   -4.989E-02, -1.818E-01, -9.821E-01         F               0         Blade 1 Y orientation angle, node 7, rad
        222   -4.546E-02,  9.827E-01, -1.796E-01         F               0         Blade 1 Z orientation angle, node 7, rad
        223    9.966E-01,  3.238E-02, -7.511E-02         F               0         Blade 1 X orientation angle, node 8, rad
        224   -6.799E-02, -1.824E-01, -9.809E-01         F               0         Blade 1 Y orientation angle, node 8, rad
        225   -4.546E-02,  9.827E-01, -1.796E-01         F               0         Blade 1 Z orientation angle, node 8, rad
        226    9.955E-01,  2.957E-02, -9.016E-02         F               0         Blade 1 X orientation angle, node 9, rad
        227   -8.329E-02, -1.829E-01, -9.796E-01         F               0         Blade 1 Y orientation angle, node 9, rad
        228   -4.546E-02,  9.827E-01, -1.796E-01         F               0         Blade 1 Z orientation angle, node 9, rad
        229    9.943E-01,  2.714E-02, -1.031E-01         F               0         Blade 1 X orientation angle, node 10, rad
        230   -9.649E-02, -1.833E-01, -9.783E-01         F               0         Blade 1 Y orientation angle, node 10, rad
        231   -4.546E-02,  9.827E-01, -1.796E-01         F               0         Blade 1 Z orientation angle, node 10, rad
        232    9.931E-01,  2.506E-02, -1.142E-01         F               0         Blade 1 X orientation angle, node 11, rad
        233   -1.078E-01, -1.836E-01, -9.771E-01         F               0         Blade 1 Y orientation angle, node 11, rad
        234   -4.546E-02,  9.827E-01, -1.796E-01         F               0         Blade 1 Z orientation angle, node 11, rad
        235    9.920E-01,  2.324E-02, -1.240E-01         F               0         Blade 1 X orientation angle, node 12, rad
        236   -1.176E-01, -1.838E-01, -9.759E-01         F               0         Blade 1 Y orientation angle, node 12, rad
        237   -4.546E-02,  9.827E-01, -1.796E-01         F               0         Blade 1 Z orientation angle, node 12, rad
        238    9.910E-01,  2.163E-02, -1.325E-01         F               0         Blade 1 X orientation angle, node 13, rad
        239   -1.263E-01, -1.840E-01, -9.748E-01         F               0         Blade 1 Y orientation angle, node 13, rad
        240   -4.546E-02,  9.827E-01, -1.796E-01         F               0         Blade 1 Z orientation angle, node 13, rad
        241    9.899E-01,  2.019E-02, -1.401E-01         F               0         Blade 1 X orientation angle, node 14, rad
        242   -1.341E-01, -1.842E-01, -9.737E-01         F               0         Blade 1 Y orientation angle, node 14, rad
        243   -4.546E-02,  9.827E-01, -1.796E-01         F               0         Blade 1 Z orientation angle, node 14, rad
        244    9.890E-01,  1.890E-02, -1.469E-01         F               0         Blade 1 X orientation angle, node 15, rad
        245   -1.410E-01, -1.843E-01, -9.727E-01         F               0         Blade 1 Y orientation angle, node 15, rad
        246   -4.546E-02,  9.827E-01, -1.796E-01         F               0         Blade 1 Z orientation angle, node 15, rad
        247    9.881E-01,  1.774E-02, -1.530E-01         F               0         Blade 1 X orientation angle, node 16, rad
        248   -1.472E-01, -1.844E-01, -9.718E-01         F               0         Blade 1 Y orientation angle, node 16, rad
        249   -4.546E-02,  9.827E-01, -1.796E-01         F               0         Blade 1 Z orientation angle, node 16, rad
        250    9.872E-01,  1.671E-02, -1.584E-01         F               0         Blade 1 X orientation angle, node 17, rad
        251   -1.527E-01, -1.845E-01, -9.709E-01         F               0         Blade 1 Y orientation angle, node 17, rad
        252   -4.546E-02,  9.827E-01, -1.796E-01         F               0         Blade 1 Z orientation angle, node 17, rad
        253    9.864E-01,  1.574E-02, -1.635E-01         F               0         Blade 1 X orientation angle, node 18, rad
        254   -1.579E-01, -1.846E-01, -9.701E-01         F               0         Blade 1 Y orientation angle, node 18, rad
        255   -4.546E-02,  9.827E-01, -1.796E-01         F               0         Blade 1 Z orientation angle, node 18, rad
        256    9.857E-01,  1.487E-02, -1.681E-01         F               0         Blade 1 X orientation angle, node 19, rad
        257   -1.625E-01, -1.847E-01, -9.693E-01         F               0         Blade 1 Y orientation angle, node 19, rad
        258   -4.546E-02,  9.827E-01, -1.796E-01         F               0         Blade 1 Z orientation angle, node 19, rad
        259    9.850E-01,  1.410E-02, -1.722E-01         F               0         Blade 1 X orientation angle, node 20, rad
        260   -1.666E-01, -1.847E-01, -9.686E-01         F               0         Blade 1 Y orientation angle, node 20, rad
        261   -4.546E-02,  9.827E-01, -1.796E-01         F               0         Blade 1 Z orientation angle, node 20, rad
        262    9.843E-01,  1.336E-02, -1.760E-01         F               0         Blade 1 X orientation angle, node 21, rad
        263   -1.706E-01, -1.848E-01, -9.679E-01         F               0         Blade 1 Y orientation angle, node 21, rad
        264   -4.546E-02,  9.827E-01, -1.796E-01         F               0         Blade 1 Z orientation angle, node 21, rad
        265    9.837E-01,  1.268E-02, -1.796E-01         F               0         Blade 1 X orientation angle, node 22, rad
        266   -1.742E-01, -1.848E-01, -9.672E-01         F               0         Blade 1 Y orientation angle, node 22, rad
        267   -4.546E-02,  9.827E-01, -1.796E-01         F               0         Blade 1 Z orientation angle, node 22, rad
        268    9.831E-01,  1.207E-02, -1.828E-01         F               0         Blade 1 X orientation angle, node 23, rad
        269   -1.775E-01, -1.849E-01, -9.666E-01         F               0         Blade 1 Y orientation angle, node 23, rad
        270   -4.546E-02,  9.827E-01, -1.796E-01         F               0         Blade 1 Z orientation angle, node 23, rad
        271    9.825E-01,  1.149E-02, -1.858E-01         F               0         Blade 1 X orientation angle, node 24, rad
        272   -1.806E-01, -1.849E-01, -9.660E-01         F               0         Blade 1 Y orientation angle, node 24, rad
        273   -4.546E-02,  9.827E-01, -1.796E-01         F               0         Blade 1 Z orientation angle, node 24, rad
        274    9.820E-01,  1.094E-02, -1.887E-01         F               0         Blade 1 X orientation angle, node 25, rad
        275   -1.835E-01, -1.849E-01, -9.655E-01         F               0         Blade 1 Y orientation angle, node 25, rad
        276   -4.546E-02,  9.827E-01, -1.796E-01         F               0         Blade 1 Z orientation angle, node 25, rad
        277    9.815E-01,  1.046E-02, -1.912E-01         F               0         Blade 1 X orientation angle, node 26, rad
        278   -1.860E-01, -1.850E-01, -9.650E-01         F               0         Blade 1 Y orientation angle, node 26, rad
        279   -4.546E-02,  9.827E-01, -1.796E-01         F               0         Blade 1 Z orientation angle, node 26, rad
        280    9.810E-01,  9.972E-03, -1.937E-01         F               0         Blade 1 X orientation angle, node 27, rad
        281   -1.886E-01, -1.850E-01, -9.645E-01         F               0         Blade 1 Y orientation angle, node 27, rad
        282   -4.546E-02,  9.827E-01, -1.796E-01         F               0         Blade 1 Z orientation angle, node 27, rad
        283    9.807E-01,  9.713E-03, -1.951E-01         F               0         Blade 1 X orientation angle, node 28, rad
        284   -1.900E-01, -1.850E-01, -9.642E-01         F               0         Blade 1 Y orientation angle, node 28, rad
        285   -4.546E-02,  9.827E-01, -1.796E-01         F               0         Blade 1 Z orientation angle, node 28, rad
        286    7.346E-01                                 F               0         Blade 1 X translation velocity, node 1, m/s
        287    7.434E-01                                 F               0         Blade 1 Y translation velocity, node 1, m/s
        288    3.781E+00                                 F               0         Blade 1 Z translation velocity, node 1, m/s
        289    9.128E-01                                 F               0         Blade 1 X translation velocity, node 2, m/s
        290    9.181E-01                                 F               0         Blade 1 Y translation velocity, node 2, m/s
        291    4.692E+00                                 F               0         Blade 1 Z translation velocity, node 2, m/s
        292    3.337E+00                                 F               0         Blade 1 X translation velocity, node 3, m/s
        293    3.294E+00                                 F               0         Blade 1 Y translation velocity, node 3, m/s
        294    1.708E+01                                 F               0         Blade 1 Z translation velocity, node 3, m/s
        295    3.853E+00                                 F               0         Blade 1 X translation velocity, node 4, m/s
        296    3.800E+00                                 F               0         Blade 1 Y translation velocity, node 4, m/s
        297    1.972E+01                                 F               0         Blade 1 Z translation velocity, node 4, m/s
        298    4.370E+00                                 F               0         Blade 1 X translation velocity, node 5, m/s
        299    4.306E+00                                 F               0         Blade 1 Y translation velocity, node 5, m/s
        300    2.236E+01                                 F               0         Blade 1 Z translation velocity, node 5, m/s
        301    4.886E+00                                 F               0         Blade 1 X translation velocity, node 6, m/s
        302    4.813E+00                                 F               0         Blade 1 Y translation velocity, node 6, m/s
        303    2.500E+01                                 F               0         Blade 1 Z translation velocity, node 6, m/s
        304    5.403E+00                                 F               0         Blade 1 X translation velocity, node 7, m/s
        305    5.319E+00                                 F               0         Blade 1 Y translation velocity, node 7, m/s
        306    2.763E+01                                 F               0         Blade 1 Z translation velocity, node 7, m/s
        307    5.919E+00                                 F               0         Blade 1 X translation velocity, node 8, m/s
