
Linearized model: Predictions were generated on 12-Jan-2024 at 08:43:17 using OpenFAST, compiled as a 64-bit application using single precision at commit v3.5.1
 linked with  NWTC Subroutine Library; ElastoDyn; InflowWind; AeroDyn; ServoDyn; HydroDyn; MAP++ (<1.20.10>, <Oct-20-2023>)

Description from the FAST input file: CCT-9 Campign 4 model. Input files to be run with OpenFAST 3.5.0. GitHub branch from Lu Wang (https://github.com/luwang00/openfast/tree/dev) compiled on March 7, 2023.

Simulation information:
   Simulation time:                   505.4500 s
   Rotor Speed:                         0.7074 rad/s
   Azimuth:                             0.9897 rad
   Wind Speed:                          8.0000 m/s
   Number of continuous states:         0
   Number of discrete states:           0
   Number of constraint states:         0
   Number of inputs:                 1746
   Number of outputs:                   4
   Jacobians included in this file?    No

Order of inputs:
     Column   Operating Point                     Rotating Frame? Derivative Order Description
   ---------- ---------------                     --------------- ---------------- -----------
          1    7.322E+00                                 F               0         Tower X translation displacement, node 1, m
          2   -1.310E+00                                 F               0         Tower Y translation displacement, node 1, m
          3   -1.965E-01                                 F               0         Tower Z translation displacement, node 1, m
          4    8.381E+00                                 F               0         Tower X translation displacement, node 2, m
          5   -1.879E+00                                 F               0         Tower Y translation displacement, node 2, m
          6   -2.552E-01                                 F               0         Tower Z translation displacement, node 2, m
          7    9.457E+00                                 F               0         Tower X translation displacement, node 3, m
          8   -2.454E+00                                 F               0         Tower Y translation displacement, node 3, m
          9   -3.155E-01                                 F               0         Tower Z translation displacement, node 3, m
         10    1.054E+01                                 F               0         Tower X translation displacement, node 4, m
         11   -3.032E+00                                 F               0         Tower Y translation displacement, node 4, m
         12   -3.771E-01                                 F               0         Tower Z translation displacement, node 4, m
         13    1.164E+01                                 F               0         Tower X translation displacement, node 5, m
         14   -3.615E+00                                 F               0         Tower Y translation displacement, node 5, m
         15   -4.397E-01                                 F               0         Tower Z translation displacement, node 5, m
         16    1.275E+01                                 F               0         Tower X translation displacement, node 6, m
         17   -4.200E+00                                 F               0         Tower Y translation displacement, node 6, m
         18   -5.031E-01                                 F               0         Tower Z translation displacement, node 6, m
         19    1.386E+01                                 F               0         Tower X translation displacement, node 7, m
         20   -4.788E+00                                 F               0         Tower Y translation displacement, node 7, m
         21   -5.671E-01                                 F               0         Tower Z translation displacement, node 7, m
         22    1.497E+01                                 F               0         Tower X translation displacement, node 8, m
         23   -5.378E+00                                 F               0         Tower Y translation displacement, node 8, m
         24   -6.316E-01                                 F               0         Tower Z translation displacement, node 8, m
         25    1.609E+01                                 F               0         Tower X translation displacement, node 9, m
         26   -5.970E+00                                 F               0         Tower Y translation displacement, node 9, m
         27   -6.963E-01                                 F               0         Tower Z translation displacement, node 9, m
         28    1.720E+01                                 F               0         Tower X translation displacement, node 10, m
         29   -6.563E+00                                 F               0         Tower Y translation displacement, node 10, m
         30   -7.613E-01                                 F               0         Tower Z translation displacement, node 10, m
         31    1.832E+01                                 F               0         Tower X translation displacement, node 11, m
         32   -7.156E+00                                 F               0         Tower Y translation displacement, node 11, m
         33   -8.264E-01                                 F               0         Tower Z translation displacement, node 11, m
         34    9.964E-01,  4.757E-03, -8.514E-02         F               0         Tower X orientation angle, node 1, rad
         35   -8.296E-04,  9.989E-01,  4.611E-02         F               0         Tower Y orientation angle, node 1, rad
         36    8.527E-02, -4.587E-02,  9.953E-01         F               0         Tower Z orientation angle, node 1, rad
         37    9.963E-01,  4.814E-03, -8.636E-02         F               0         Tower X orientation angle, node 2, rad
         38   -7.935E-04,  9.989E-01,  4.653E-02         F               0         Tower Y orientation angle, node 2, rad
         39    8.649E-02, -4.629E-02,  9.952E-01         F               0         Tower Z orientation angle, node 2, rad
         40    9.962E-01,  4.863E-03, -8.741E-02         F               0         Tower X orientation angle, node 3, rad
         41   -7.606E-04,  9.989E-01,  4.691E-02         F               0         Tower Y orientation angle, node 3, rad
         42    8.754E-02, -4.666E-02,  9.951E-01         F               0         Tower Z orientation angle, node 3, rad
         43    9.961E-01,  4.904E-03, -8.827E-02         F               0         Tower X orientation angle, node 4, rad
         44   -7.316E-04,  9.989E-01,  4.723E-02         F               0         Tower Y orientation angle, node 4, rad
         45    8.841E-02, -4.698E-02,  9.950E-01         F               0         Tower Z orientation angle, node 4, rad
         46    9.960E-01,  4.937E-03, -8.896E-02         F               0         Tower X orientation angle, node 5, rad
         47   -7.066E-04,  9.989E-01,  4.752E-02         F               0         Tower Y orientation angle, node 5, rad
         48    8.910E-02, -4.726E-02,  9.949E-01         F               0         Tower Z orientation angle, node 5, rad
         49    9.960E-01,  4.962E-03, -8.949E-02         F               0         Tower X orientation angle, node 6, rad
         50   -6.855E-04,  9.989E-01,  4.775E-02         F               0         Tower Y orientation angle, node 6, rad
         51    8.963E-02, -4.750E-02,  9.948E-01         F               0         Tower Z orientation angle, node 6, rad
         52    9.959E-01,  4.980E-03, -8.987E-02         F               0         Tower X orientation angle, node 7, rad
         53   -6.686E-04,  9.989E-01,  4.794E-02         F               0         Tower Y orientation angle, node 7, rad
         54    9.001E-02, -4.768E-02,  9.948E-01         F               0         Tower Z orientation angle, node 7, rad
         55    9.959E-01,  4.993E-03, -9.013E-02         F               0         Tower X orientation angle, node 8, rad
         56   -6.554E-04,  9.988E-01,  4.809E-02         F               0         Tower Y orientation angle, node 8, rad
         57    9.027E-02, -4.783E-02,  9.948E-01         F               0         Tower Z orientation angle, node 8, rad
         58    9.959E-01,  5.001E-03, -9.030E-02         F               0         Tower X orientation angle, node 9, rad
         59   -6.458E-04,  9.988E-01,  4.819E-02         F               0         Tower Y orientation angle, node 9, rad
         60    9.043E-02, -4.794E-02,  9.947E-01         F               0         Tower Z orientation angle, node 9, rad
         61    9.959E-01,  5.005E-03, -9.039E-02         F               0         Tower X orientation angle, node 10, rad
         62   -6.395E-04,  9.988E-01,  4.826E-02         F               0         Tower Y orientation angle, node 10, rad
         63    9.052E-02, -4.801E-02,  9.947E-01         F               0         Tower Z orientation angle, node 10, rad
         64    9.959E-01,  5.007E-03, -9.043E-02         F               0         Tower X orientation angle, node 11, rad
         65   -6.360E-04,  9.988E-01,  4.830E-02         F               0         Tower Y orientation angle, node 11, rad
         66    9.057E-02, -4.805E-02,  9.947E-01         F               0         Tower Z orientation angle, node 11, rad
         67   -5.105E-03                                 F               0         Tower X translation velocity, node 1, m/s
         68    6.986E-03                                 F               0         Tower Y translation velocity, node 1, m/s
         69    3.124E-03                                 F               0         Tower Z translation velocity, node 1, m/s
         70   -5.042E-03                                 F               0         Tower X translation velocity, node 2, m/s
         71    1.066E-02                                 F               0         Tower Y translation velocity, node 2, m/s
         72    3.289E-03                                 F               0         Tower Z translation velocity, node 2, m/s
         73   -4.968E-03                                 F               0         Tower X translation velocity, node 3, m/s
         74    1.438E-02                                 F               0         Tower Y translation velocity, node 3, m/s
         75    3.456E-03                                 F               0         Tower Z translation velocity, node 3, m/s
         76   -4.885E-03                                 F               0         Tower X translation velocity, node 4, m/s
         77    1.814E-02                                 F               0         Tower Y translation velocity, node 4, m/s
         78    3.626E-03                                 F               0         Tower Z translation velocity, node 4, m/s
         79   -4.792E-03                                 F               0         Tower X translation velocity, node 5, m/s
         80    2.192E-02                                 F               0         Tower Y translation velocity, node 5, m/s
         81    3.797E-03                                 F               0         Tower Z translation velocity, node 5, m/s
         82   -4.690E-03                                 F               0         Tower X translation velocity, node 6, m/s
         83    2.574E-02                                 F               0         Tower Y translation velocity, node 6, m/s
         84    3.969E-03                                 F               0         Tower Z translation velocity, node 6, m/s
         85   -4.580E-03                                 F               0         Tower X translation velocity, node 7, m/s
         86    2.957E-02                                 F               0         Tower Y translation velocity, node 7, m/s
         87    4.143E-03                                 F               0         Tower Z translation velocity, node 7, m/s
         88   -4.462E-03                                 F               0         Tower X translation velocity, node 8, m/s
         89    3.342E-02                                 F               0         Tower Y translation velocity, node 8, m/s
         90    4.317E-03                                 F               0         Tower Z translation velocity, node 8, m/s
         91   -4.338E-03                                 F               0         Tower X translation velocity, node 9, m/s
         92    3.728E-02                                 F               0         Tower Y translation velocity, node 9, m/s
         93    4.491E-03                                 F               0         Tower Z translation velocity, node 9, m/s
         94   -4.208E-03                                 F               0         Tower X translation velocity, node 10, m/s
         95    4.115E-02                                 F               0         Tower Y translation velocity, node 10, m/s
         96    4.666E-03                                 F               0         Tower Z translation velocity, node 10, m/s
         97   -4.075E-03                                 F               0         Tower X translation velocity, node 11, m/s
         98    4.502E-02                                 F               0         Tower Y translation velocity, node 11, m/s
         99    4.841E-03                                 F               0         Tower Z translation velocity, node 11, m/s
        100    1.908E+01                                 F               0         Hub X translation displacement, node 1, m
        101   -7.588E+00                                 F               0         Hub Y translation displacement, node 1, m
        102    1.089E-01                                 F               0         Hub Z translation displacement, node 1, m
        103    9.810E-01,  1.000E-02, -1.939E-01         F               0         Hub X orientation angle, node 1, rad
        104    1.619E-01,  5.088E-01,  8.455E-01         F               0         Hub Y orientation angle, node 1, rad
        105    1.071E-01, -8.608E-01,  4.975E-01         F               0         Hub Z orientation angle, node 1, rad
        106    6.937E-01                                 F               0         Hub X rotation velocity, node 1, rad/s
        107    7.084E-03                                 F               0         Hub Y rotation velocity, node 1, rad/s
        108   -1.371E-01                                 F               0         Hub Z rotation velocity, node 1, rad/s
        109    9.757E-01, -5.098E-03, -2.189E-01         F               0         Blade root 1 X orientation angle, node 1, rad
        110    1.910E-01,  5.089E-01,  8.394E-01         F               0         Blade root 1 Y orientation angle, node 1, rad
        111    1.071E-01, -8.608E-01,  4.975E-01         F               0         Blade root 1 Z orientation angle, node 1, rad
        112    9.802E-01,  3.966E-02, -1.941E-01         F               0         Blade root 2 X orientation angle, node 1, rad
        113    4.090E-02, -9.992E-01,  2.370E-03         F               0         Blade root 2 Y orientation angle, node 1, rad
        114   -1.938E-01, -1.026E-02, -9.810E-01         F               0         Blade root 2 Z orientation angle, node 1, rad
        115    9.857E-01, -4.570E-03, -1.685E-01         F               0         Blade root 3 X orientation angle, node 1, rad
        116   -1.446E-01,  4.911E-01, -8.590E-01         F               0         Blade root 3 Y orientation angle, node 1, rad
        117    8.668E-02,  8.711E-01,  4.835E-01         F               0         Blade root 3 Z orientation angle, node 1, rad
        118    1.909E+01                                 F               0         Blade 1 X translation displacement, node 1, m
        119   -1.236E+01                                 F               0         Blade 1 Y translation displacement, node 1, m
        120   -2.644E+00                                 F               0         Blade 1 Z translation displacement, node 1, m
        121    1.910E+01                                 F               0         Blade 1 X translation displacement, node 2, m
        122   -1.351E+01                                 F               0         Blade 1 Y translation displacement, node 2, m
        123   -3.308E+00                                 F               0         Blade 1 Z translation displacement, node 2, m
        124    1.914E+01                                 F               0         Blade 1 X translation displacement, node 3, m
        125   -2.913E+01                                 F               0         Blade 1 Y translation displacement, node 3, m
        126   -1.233E+01                                 F               0         Blade 1 Z translation displacement, node 3, m
        127    1.915E+01                                 F               0         Blade 1 X translation displacement, node 4, m
        128   -3.246E+01                                 F               0         Blade 1 Y translation displacement, node 4, m
        129   -1.425E+01                                 F               0         Blade 1 Z translation displacement, node 4, m
        130    1.916E+01                                 F               0         Blade 1 X translation displacement, node 5, m
        131   -3.579E+01                                 F               0         Blade 1 Y translation displacement, node 5, m
        132   -1.617E+01                                 F               0         Blade 1 Z translation displacement, node 5, m
        133    1.917E+01                                 F               0         Blade 1 X translation displacement, node 6, m
        134   -3.912E+01                                 F               0         Blade 1 Y translation displacement, node 6, m
        135   -1.810E+01                                 F               0         Blade 1 Z translation displacement, node 6, m
        136    1.918E+01                                 F               0         Blade 1 X translation displacement, node 7, m
        137   -4.245E+01                                 F               0         Blade 1 Y translation displacement, node 7, m
        138   -2.002E+01                                 F               0         Blade 1 Z translation displacement, node 7, m
        139    1.919E+01                                 F               0         Blade 1 X translation displacement, node 8, m
        140   -4.578E+01                                 F               0         Blade 1 Y translation displacement, node 8, m
        141   -2.194E+01                                 F               0         Blade 1 Z translation displacement, node 8, m
        142    1.920E+01                                 F               0         Blade 1 X translation displacement, node 9, m
        143   -4.911E+01                                 F               0         Blade 1 Y translation displacement, node 9, m
        144   -2.386E+01                                 F               0         Blade 1 Z translation displacement, node 9, m
        145    1.921E+01                                 F               0         Blade 1 X translation displacement, node 10, m
        146   -5.244E+01                                 F               0         Blade 1 Y translation displacement, node 10, m
        147   -2.578E+01                                 F               0         Blade 1 Z translation displacement, node 10, m
        148    1.922E+01                                 F               0         Blade 1 X translation displacement, node 11, m
        149   -5.577E+01                                 F               0         Blade 1 Y translation displacement, node 11, m
        150   -2.771E+01                                 F               0         Blade 1 Z translation displacement, node 11, m
        151    1.923E+01                                 F               0         Blade 1 X translation displacement, node 12, m
        152   -5.910E+01                                 F               0         Blade 1 Y translation displacement, node 12, m
        153   -2.963E+01                                 F               0         Blade 1 Z translation displacement, node 12, m
        154    1.924E+01                                 F               0         Blade 1 X translation displacement, node 13, m
        155   -6.242E+01                                 F               0         Blade 1 Y translation displacement, node 13, m
        156   -3.155E+01                                 F               0         Blade 1 Z translation displacement, node 13, m
        157    1.925E+01                                 F               0         Blade 1 X translation displacement, node 14, m
        158   -6.575E+01                                 F               0         Blade 1 Y translation displacement, node 14, m
        159   -3.347E+01                                 F               0         Blade 1 Z translation displacement, node 14, m
        160    1.926E+01                                 F               0         Blade 1 X translation displacement, node 15, m
        161   -6.908E+01                                 F               0         Blade 1 Y translation displacement, node 15, m
        162   -3.540E+01                                 F               0         Blade 1 Z translation displacement, node 15, m
        163    1.927E+01                                 F               0         Blade 1 X translation displacement, node 16, m
        164   -7.241E+01                                 F               0         Blade 1 Y translation displacement, node 16, m
        165   -3.732E+01                                 F               0         Blade 1 Z translation displacement, node 16, m
        166    1.928E+01                                 F               0         Blade 1 X translation displacement, node 17, m
        167   -7.574E+01                                 F               0         Blade 1 Y translation displacement, node 17, m
        168   -3.924E+01                                 F               0         Blade 1 Z translation displacement, node 17, m
        169    1.929E+01                                 F               0         Blade 1 X translation displacement, node 18, m
        170   -7.907E+01                                 F               0         Blade 1 Y translation displacement, node 18, m
        171   -4.116E+01                                 F               0         Blade 1 Z translation displacement, node 18, m
        172    1.930E+01                                 F               0         Blade 1 X translation displacement, node 19, m
        173   -8.240E+01                                 F               0         Blade 1 Y translation displacement, node 19, m
        174   -4.309E+01                                 F               0         Blade 1 Z translation displacement, node 19, m
        175    1.931E+01                                 F               0         Blade 1 X translation displacement, node 20, m
        176   -8.573E+01                                 F               0         Blade 1 Y translation displacement, node 20, m
        177   -4.501E+01                                 F               0         Blade 1 Z translation displacement, node 20, m
        178    1.932E+01                                 F               0         Blade 1 X translation displacement, node 21, m
        179   -8.906E+01                                 F               0         Blade 1 Y translation displacement, node 21, m
        180   -4.693E+01                                 F               0         Blade 1 Z translation displacement, node 21, m
        181    1.933E+01                                 F               0         Blade 1 X translation displacement, node 22, m
        182   -9.239E+01                                 F               0         Blade 1 Y translation displacement, node 22, m
        183   -4.885E+01                                 F               0         Blade 1 Z translation displacement, node 22, m
        184    1.934E+01                                 F               0         Blade 1 X translation displacement, node 23, m
        185   -9.572E+01                                 F               0         Blade 1 Y translation displacement, node 23, m
        186   -5.077E+01                                 F               0         Blade 1 Z translation displacement, node 23, m
        187    1.935E+01                                 F               0         Blade 1 X translation displacement, node 24, m
        188   -9.905E+01                                 F               0         Blade 1 Y translation displacement, node 24, m
        189   -5.270E+01                                 F               0         Blade 1 Z translation displacement, node 24, m
        190    1.936E+01                                 F               0         Blade 1 X translation displacement, node 25, m
        191   -1.024E+02                                 F               0         Blade 1 Y translation displacement, node 25, m
        192   -5.462E+01                                 F               0         Blade 1 Z translation displacement, node 25, m
        193    1.937E+01                                 F               0         Blade 1 X translation displacement, node 26, m
        194   -1.057E+02                                 F               0         Blade 1 Y translation displacement, node 26, m
        195   -5.654E+01                                 F               0         Blade 1 Z translation displacement, node 26, m
        196    1.938E+01                                 F               0         Blade 1 X translation displacement, node 27, m
        197   -1.090E+02                                 F               0         Blade 1 Y translation displacement, node 27, m
        198   -5.846E+01                                 F               0         Blade 1 Z translation displacement, node 27, m
        199    1.939E+01                                 F               0         Blade 1 X translation displacement, node 28, m
        200   -1.119E+02                                 F               0         Blade 1 Y translation displacement, node 28, m
        201   -6.009E+01                                 F               0         Blade 1 Z translation displacement, node 28, m
        202    7.813E-01, -2.366E-01, -5.776E-01         F               0         Blade 1 X orientation angle, node 1, rad
        203    6.149E-01,  4.506E-01,  6.472E-01         F               0         Blade 1 Y orientation angle, node 1, rad
        204    1.071E-01, -8.608E-01,  4.975E-01         F               0         Blade 1 Z orientation angle, node 1, rad
        205    7.813E-01, -2.366E-01, -5.776E-01         F               0         Blade 1 X orientation angle, node 2, rad
        206    6.149E-01,  4.506E-01,  6.472E-01         F               0         Blade 1 Y orientation angle, node 2, rad
        207    1.071E-01, -8.608E-01,  4.975E-01         F               0         Blade 1 Z orientation angle, node 2, rad
        208    9.048E-01, -1.231E-01, -4.077E-01         F               0         Blade 1 X orientation angle, node 3, rad
        209    4.122E-01,  4.938E-01,  7.656E-01         F               0         Blade 1 Y orientation angle, node 3, rad
        210    1.071E-01, -8.608E-01,  4.975E-01         F               0         Blade 1 Z orientation angle, node 3, rad
        211    9.214E-01, -1.021E-01, -3.750E-01         F               0         Blade 1 X orientation angle, node 4, rad
        212    3.736E-01,  4.986E-01,  7.822E-01         F               0         Blade 1 Y orientation angle, node 4, rad
        213    1.071E-01, -8.608E-01,  4.975E-01         F               0         Blade 1 Z orientation angle, node 4, rad
        214    9.332E-01, -8.552E-02, -3.489E-01         F               0         Blade 1 X orientation angle, node 5, rad
        215    3.429E-01,  5.017E-01,  7.942E-01         F               0         Blade 1 Y orientation angle, node 5, rad
        216    1.071E-01, -8.608E-01,  4.975E-01         F               0         Blade 1 Z orientation angle, node 5, rad
        217    9.420E-01, -7.218E-02, -3.277E-01         F               0         Blade 1 X orientation angle, node 6, rad
        218    3.180E-01,  5.038E-01,  8.032E-01         F               0         Blade 1 Y orientation angle, node 6, rad
        219    1.071E-01, -8.608E-01,  4.975E-01         F               0         Blade 1 Z orientation angle, node 6, rad
        220    9.487E-01, -6.118E-02, -3.101E-01         F               0         Blade 1 X orientation angle, node 7, rad
        221    2.974E-01,  5.052E-01,  8.101E-01         F               0         Blade 1 Y orientation angle, node 7, rad
        222    1.071E-01, -8.608E-01,  4.975E-01         F               0         Blade 1 Z orientation angle, node 7, rad
        223    9.540E-01, -5.200E-02, -2.954E-01         F               0         Blade 1 X orientation angle, node 8, rad
        224    2.801E-01,  5.063E-01,  8.156E-01         F               0         Blade 1 Y orientation angle, node 8, rad
        225    1.071E-01, -8.608E-01,  4.975E-01         F               0         Blade 1 Z orientation angle, node 8, rad
        226    9.582E-01, -4.421E-02, -2.828E-01         F               0         Blade 1 X orientation angle, node 9, rad
        227    2.654E-01,  5.070E-01,  8.201E-01         F               0         Blade 1 Y orientation angle, node 9, rad
        228    1.071E-01, -8.608E-01,  4.975E-01         F               0         Blade 1 Z orientation angle, node 9, rad
        229    9.616E-01, -3.749E-02, -2.719E-01         F               0         Blade 1 X orientation angle, node 10, rad
        230    2.527E-01,  5.075E-01,  8.237E-01         F               0         Blade 1 Y orientation angle, node 10, rad
        231    1.071E-01, -8.608E-01,  4.975E-01         F               0         Blade 1 Z orientation angle, node 10, rad
        232    9.644E-01, -3.172E-02, -2.625E-01         F               0         Blade 1 X orientation angle, node 11, rad
        233    2.418E-01,  5.079E-01,  8.268E-01         F               0         Blade 1 Y orientation angle, node 11, rad
        234    1.071E-01, -8.608E-01,  4.975E-01         F               0         Blade 1 Z orientation angle, node 11, rad
        235    9.668E-01, -2.667E-02, -2.543E-01         F               0         Blade 1 X orientation angle, node 12, rad
        236    2.322E-01,  5.082E-01,  8.293E-01         F               0         Blade 1 Y orientation angle, node 12, rad
        237    1.071E-01, -8.608E-01,  4.975E-01         F               0         Blade 1 Z orientation angle, node 12, rad
        238    9.687E-01, -2.223E-02, -2.471E-01         F               0         Blade 1 X orientation angle, node 13, rad
        239    2.237E-01,  5.084E-01,  8.315E-01         F               0         Blade 1 Y orientation angle, node 13, rad
        240    1.071E-01, -8.608E-01,  4.975E-01         F               0         Blade 1 Z orientation angle, node 13, rad
        241    9.705E-01, -1.824E-02, -2.405E-01         F               0         Blade 1 X orientation angle, node 14, rad
        242    2.161E-01,  5.086E-01,  8.334E-01         F               0         Blade 1 Y orientation angle, node 14, rad
        243    1.071E-01, -8.608E-01,  4.975E-01         F               0         Blade 1 Z orientation angle, node 14, rad
        244    9.720E-01, -1.469E-02, -2.347E-01         F               0         Blade 1 X orientation angle, node 15, rad
        245    2.093E-01,  5.087E-01,  8.351E-01         F               0         Blade 1 Y orientation angle, node 15, rad
        246    1.071E-01, -8.608E-01,  4.975E-01         F               0         Blade 1 Z orientation angle, node 15, rad
        247    9.733E-01, -1.149E-02, -2.294E-01         F               0         Blade 1 X orientation angle, node 16, rad
        248    2.032E-01,  5.088E-01,  8.366E-01         F               0         Blade 1 Y orientation angle, node 16, rad
        249    1.071E-01, -8.608E-01,  4.975E-01         F               0         Blade 1 Z orientation angle, node 16, rad
        250    9.744E-01, -8.650E-03, -2.248E-01         F               0         Blade 1 X orientation angle, node 17, rad
        251    1.978E-01,  5.089E-01,  8.378E-01         F               0         Blade 1 Y orientation angle, node 17, rad
        252    1.071E-01, -8.608E-01,  4.975E-01         F               0         Blade 1 Z orientation angle, node 17, rad
        253    9.754E-01, -5.986E-03, -2.204E-01         F               0         Blade 1 X orientation angle, node 18, rad
        254    1.927E-01,  5.089E-01,  8.390E-01         F               0         Blade 1 Y orientation angle, node 18, rad
        255    1.071E-01, -8.608E-01,  4.975E-01         F               0         Blade 1 Z orientation angle, node 18, rad
        256    9.763E-01, -3.588E-03, -2.164E-01         F               0         Blade 1 X orientation angle, node 19, rad
        257    1.881E-01,  5.089E-01,  8.400E-01         F               0         Blade 1 Y orientation angle, node 19, rad
        258    1.071E-01, -8.608E-01,  4.975E-01         F               0         Blade 1 Z orientation angle, node 19, rad
        259    9.771E-01, -1.456E-03, -2.129E-01         F               0         Blade 1 X orientation angle, node 20, rad
        260    1.840E-01,  5.089E-01,  8.409E-01         F               0         Blade 1 Y orientation angle, node 20, rad
        261    1.071E-01, -8.608E-01,  4.975E-01         F               0         Blade 1 Z orientation angle, node 20, rad
        262    9.778E-01,  5.871E-04, -2.095E-01         F               0         Blade 1 X orientation angle, node 21, rad
        263    1.801E-01,  5.089E-01,  8.418E-01         F               0         Blade 1 Y orientation angle, node 21, rad
        264    1.071E-01, -8.608E-01,  4.975E-01         F               0         Blade 1 Z orientation angle, node 21, rad
        265    9.785E-01,  2.452E-03, -2.064E-01         F               0         Blade 1 X orientation angle, node 22, rad
        266    1.765E-01,  5.089E-01,  8.425E-01         F               0         Blade 1 Y orientation angle, node 22, rad
        267    1.071E-01, -8.608E-01,  4.975E-01         F               0         Blade 1 Z orientation angle, node 22, rad
        268    9.790E-01,  4.140E-03, -2.036E-01         F               0         Blade 1 X orientation angle, node 23, rad
        269    1.732E-01,  5.089E-01,  8.432E-01         F               0         Blade 1 Y orientation angle, node 23, rad
        270    1.071E-01, -8.608E-01,  4.975E-01         F               0         Blade 1 Z orientation angle, node 23, rad
        271    9.796E-01,  5.739E-03, -2.010E-01         F               0         Blade 1 X orientation angle, node 24, rad
        272    1.702E-01,  5.089E-01,  8.438E-01         F               0         Blade 1 Y orientation angle, node 24, rad
        273    1.071E-01, -8.608E-01,  4.975E-01         F               0         Blade 1 Z orientation angle, node 24, rad
        274    9.801E-01,  7.249E-03, -1.985E-01         F               0         Blade 1 X orientation angle, node 25, rad
        275    1.672E-01,  5.089E-01,  8.444E-01         F               0         Blade 1 Y orientation angle, node 25, rad
        276    1.071E-01, -8.608E-01,  4.975E-01         F               0         Blade 1 Z orientation angle, node 25, rad
        277    9.805E-01,  8.581E-03, -1.963E-01         F               0         Blade 1 X orientation angle, node 26, rad
        278    1.647E-01,  5.089E-01,  8.450E-01         F               0         Blade 1 Y orientation angle, node 26, rad
        279    1.071E-01, -8.608E-01,  4.975E-01         F               0         Blade 1 Z orientation angle, node 26, rad
        280    9.809E-01,  9.913E-03, -1.941E-01         F               0         Blade 1 X orientation angle, node 27, rad
        281    1.621E-01,  5.088E-01,  8.455E-01         F               0         Blade 1 Y orientation angle, node 27, rad
        282    1.071E-01, -8.608E-01,  4.975E-01         F               0         Blade 1 Z orientation angle, node 27, rad
        283    9.812E-01,  1.062E-02, -1.929E-01         F               0         Blade 1 X orientation angle, node 28, rad
        284    1.607E-01,  5.088E-01,  8.457E-01         F               0         Blade 1 Y orientation angle, node 28, rad
        285    1.071E-01, -8.608E-01,  4.975E-01         F               0         Blade 1 Z orientation angle, node 28, rad
        286   -6.384E-01                                 F               0         Blade 1 X translation velocity, node 1, m/s
        287   -1.946E+00                                 F               0         Blade 1 Y translation velocity, node 1, m/s
        288   -3.307E+00                                 F               0         Blade 1 Z translation velocity, node 1, m/s
        289   -7.913E-01                                 F               0         Blade 1 X translation velocity, node 2, m/s
        290   -2.426E+00                                 F               0         Blade 1 Y translation velocity, node 2, m/s
        291   -4.105E+00                                 F               0         Blade 1 Z translation velocity, node 2, m/s
        292   -2.870E+00                                 F               0         Blade 1 X translation velocity, node 3, m/s
        293   -8.958E+00                                 F               0         Blade 1 Y translation velocity, node 3, m/s
        294   -1.496E+01                                 F               0         Blade 1 Z translation velocity, node 3, m/s
        295   -3.313E+00                                 F               0         Blade 1 X translation velocity, node 4, m/s
        296   -1.035E+01                                 F               0         Blade 1 Y translation velocity, node 4, m/s
        297   -1.727E+01                                 F               0         Blade 1 Z translation velocity, node 4, m/s
        298   -3.756E+00                                 F               0         Blade 1 X translation velocity, node 5, m/s
        299   -1.174E+01                                 F               0         Blade 1 Y translation velocity, node 5, m/s
        300   -1.958E+01                                 F               0         Blade 1 Z translation velocity, node 5, m/s
        301   -4.199E+00                                 F               0         Blade 1 X translation velocity, node 6, m/s
        302   -1.313E+01                                 F               0         Blade 1 Y translation velocity, node 6, m/s
        303   -2.190E+01                                 F               0         Blade 1 Z translation velocity, node 6, m/s
        304   -4.642E+00                                 F               0         Blade 1 X translation velocity, node 7, m/s
        305   -1.452E+01                                 F               0         Blade 1 Y translation velocity, node 7, m/s
        306   -2.421E+01                                 F               0         Blade 1 Z translation velocity, node 7, m/s
        307   -5.085E+00                                 F               0         Blade 1 X translation velocity, node 8, m/s
