
Linearized model: Predictions were generated on 12-Jan-2024 at 08:43:17 using OpenFAST, compiled as a 64-bit application using single precision at commit v3.5.1
 linked with  NWTC Subroutine Library; ElastoDyn; InflowWind; AeroDyn; ServoDyn; HydroDyn; MAP++ (<1.20.10>, <Oct-20-2023>)

Description from the FAST input file: CCT-9 Campign 4 model. Input files to be run with OpenFAST 3.5.0. GitHub branch from Lu Wang (https://github.com/luwang00/openfast/tree/dev) compiled on March 7, 2023.

Simulation information:
   Simulation time:                   500.5000 s
   Rotor Speed:                         0.7075 rad/s
   Azimuth:                             3.7705 rad
   Wind Speed:                          8.0000 m/s
   Number of continuous states:         0
   Number of discrete states:           0
   Number of constraint states:         0
   Number of inputs:                 1746
   Number of outputs:                   4
   Jacobians included in this file?    No

Order of inputs:
     Column   Operating Point                     Rotating Frame? Derivative Order Description
   ---------- ---------------                     --------------- ---------------- -----------
          1    7.345E+00                                 F               0         Tower X translation displacement, node 1, m
          2   -1.336E+00                                 F               0         Tower Y translation displacement, node 1, m
          3   -2.025E-01                                 F               0         Tower Z translation displacement, node 1, m
          4    8.405E+00                                 F               0         Tower X translation displacement, node 2, m
          5   -1.916E+00                                 F               0         Tower Y translation displacement, node 2, m
          6   -2.618E-01                                 F               0         Tower Z translation displacement, node 2, m
          7    9.481E+00                                 F               0         Tower X translation displacement, node 3, m
          8   -2.502E+00                                 F               0         Tower Y translation displacement, node 3, m
          9   -3.227E-01                                 F               0         Tower Z translation displacement, node 3, m
         10    1.057E+01                                 F               0         Tower X translation displacement, node 4, m
         11   -3.092E+00                                 F               0         Tower Y translation displacement, node 4, m
         12   -3.848E-01                                 F               0         Tower Z translation displacement, node 4, m
         13    1.167E+01                                 F               0         Tower X translation displacement, node 5, m
         14   -3.687E+00                                 F               0         Tower Y translation displacement, node 5, m
         15   -4.480E-01                                 F               0         Tower Z translation displacement, node 5, m
         16    1.277E+01                                 F               0         Tower X translation displacement, node 6, m
         17   -4.284E+00                                 F               0         Tower Y translation displacement, node 6, m
         18   -5.120E-01                                 F               0         Tower Z translation displacement, node 6, m
         19    1.388E+01                                 F               0         Tower X translation displacement, node 7, m
         20   -4.884E+00                                 F               0         Tower Y translation displacement, node 7, m
         21   -5.766E-01                                 F               0         Tower Z translation displacement, node 7, m
         22    1.499E+01                                 F               0         Tower X translation displacement, node 8, m
         23   -5.486E+00                                 F               0         Tower Y translation displacement, node 8, m
         24   -6.417E-01                                 F               0         Tower Z translation displacement, node 8, m
         25    1.611E+01                                 F               0         Tower X translation displacement, node 9, m
         26   -6.090E+00                                 F               0         Tower Y translation displacement, node 9, m
         27   -7.070E-01                                 F               0         Tower Z translation displacement, node 9, m
         28    1.723E+01                                 F               0         Tower X translation displacement, node 10, m
         29   -6.695E+00                                 F               0         Tower Y translation displacement, node 10, m
         30   -7.726E-01                                 F               0         Tower Z translation displacement, node 10, m
         31    1.835E+01                                 F               0         Tower X translation displacement, node 11, m
         32   -7.300E+00                                 F               0         Tower Y translation displacement, node 11, m
         33   -8.383E-01                                 F               0         Tower Z translation displacement, node 11, m
         34    9.964E-01,  4.557E-03, -8.516E-02         F               0         Tower X orientation angle, node 1, rad
         35   -5.522E-04,  9.989E-01,  4.700E-02         F               0         Tower Y orientation angle, node 1, rad
         36    8.528E-02, -4.678E-02,  9.953E-01         F               0         Tower Z orientation angle, node 1, rad
         37    9.963E-01,  4.615E-03, -8.638E-02         F               0         Tower X orientation angle, node 2, rad
         38   -5.148E-04,  9.989E-01,  4.743E-02         F               0         Tower Y orientation angle, node 2, rad
         39    8.650E-02, -4.721E-02,  9.951E-01         F               0         Tower Z orientation angle, node 2, rad
         40    9.962E-01,  4.665E-03, -8.743E-02         F               0         Tower X orientation angle, node 3, rad
         41   -4.808E-04,  9.989E-01,  4.782E-02         F               0         Tower Y orientation angle, node 3, rad
         42    8.755E-02, -4.759E-02,  9.950E-01         F               0         Tower Z orientation angle, node 3, rad
         43    9.961E-01,  4.707E-03, -8.829E-02         F               0         Tower X orientation angle, node 4, rad
         44   -4.508E-04,  9.988E-01,  4.816E-02         F               0         Tower Y orientation angle, node 4, rad
         45    8.842E-02, -4.793E-02,  9.949E-01         F               0         Tower Z orientation angle, node 4, rad
         46    9.960E-01,  4.740E-03, -8.899E-02         F               0         Tower X orientation angle, node 5, rad
         47   -4.249E-04,  9.988E-01,  4.845E-02         F               0         Tower Y orientation angle, node 5, rad
         48    8.911E-02, -4.822E-02,  9.949E-01         F               0         Tower Z orientation angle, node 5, rad
         49    9.960E-01,  4.766E-03, -8.952E-02         F               0         Tower X orientation angle, node 6, rad
         50   -4.030E-04,  9.988E-01,  4.869E-02         F               0         Tower Y orientation angle, node 6, rad
         51    8.964E-02, -4.846E-02,  9.948E-01         F               0         Tower Z orientation angle, node 6, rad
         52    9.959E-01,  4.784E-03, -8.989E-02         F               0         Tower X orientation angle, node 7, rad
         53   -3.855E-04,  9.988E-01,  4.889E-02         F               0         Tower Y orientation angle, node 7, rad
         54    9.002E-02, -4.866E-02,  9.948E-01         F               0         Tower Z orientation angle, node 7, rad
         55    9.959E-01,  4.797E-03, -9.015E-02         F               0         Tower X orientation angle, node 8, rad
         56   -3.718E-04,  9.988E-01,  4.904E-02         F               0         Tower Y orientation angle, node 8, rad
         57    9.028E-02, -4.881E-02,  9.947E-01         F               0         Tower Z orientation angle, node 8, rad
         58    9.959E-01,  4.805E-03, -9.032E-02         F               0         Tower X orientation angle, node 9, rad
         59   -3.618E-04,  9.988E-01,  4.915E-02         F               0         Tower Y orientation angle, node 9, rad
         60    9.044E-02, -4.892E-02,  9.947E-01         F               0         Tower Z orientation angle, node 9, rad
         61    9.959E-01,  4.810E-03, -9.041E-02         F               0         Tower X orientation angle, node 10, rad
         62   -3.553E-04,  9.988E-01,  4.923E-02         F               0         Tower Y orientation angle, node 10, rad
         63    9.054E-02, -4.899E-02,  9.947E-01         F               0         Tower Z orientation angle, node 10, rad
         64    9.959E-01,  4.812E-03, -9.045E-02         F               0         Tower X orientation angle, node 11, rad
         65   -3.517E-04,  9.988E-01,  4.927E-02         F               0         Tower Y orientation angle, node 11, rad
         66    9.058E-02, -4.903E-02,  9.947E-01         F               0         Tower Z orientation angle, node 11, rad
         67   -4.109E-03                                 F               0         Tower X translation velocity, node 1, m/s
         68    3.176E-03                                 F               0         Tower Y translation velocity, node 1, m/s
         69   -8.436E-04                                 F               0         Tower Z translation velocity, node 1, m/s
         70   -4.143E-03                                 F               0         Tower X translation velocity, node 2, m/s
         71    3.841E-03                                 F               0         Tower Y translation velocity, node 2, m/s
         72   -8.093E-04                                 F               0         Tower Z translation velocity, node 2, m/s
         73   -4.175E-03                                 F               0         Tower X translation velocity, node 3, m/s
         74    4.527E-03                                 F               0         Tower Y translation velocity, node 3, m/s
         75   -7.738E-04                                 F               0         Tower Z translation velocity, node 3, m/s
         76   -4.207E-03                                 F               0         Tower X translation velocity, node 4, m/s
         77    5.229E-03                                 F               0         Tower Y translation velocity, node 4, m/s
         78   -7.372E-04                                 F               0         Tower Z translation velocity, node 4, m/s
         79   -4.238E-03                                 F               0         Tower X translation velocity, node 5, m/s
         80    5.946E-03                                 F               0         Tower Y translation velocity, node 5, m/s
         81   -6.998E-04                                 F               0         Tower Z translation velocity, node 5, m/s
         82   -4.269E-03                                 F               0         Tower X translation velocity, node 6, m/s
         83    6.676E-03                                 F               0         Tower Y translation velocity, node 6, m/s
         84   -6.615E-04                                 F               0         Tower Z translation velocity, node 6, m/s
         85   -4.301E-03                                 F               0         Tower X translation velocity, node 7, m/s
         86    7.415E-03                                 F               0         Tower Y translation velocity, node 7, m/s
         87   -6.226E-04                                 F               0         Tower Z translation velocity, node 7, m/s
         88   -4.332E-03                                 F               0         Tower X translation velocity, node 8, m/s
         89    8.163E-03                                 F               0         Tower Y translation velocity, node 8, m/s
         90   -5.831E-04                                 F               0         Tower Z translation velocity, node 8, m/s
         91   -4.364E-03                                 F               0         Tower X translation velocity, node 9, m/s
         92    8.918E-03                                 F               0         Tower Y translation velocity, node 9, m/s
         93   -5.431E-04                                 F               0         Tower Z translation velocity, node 9, m/s
         94   -4.396E-03                                 F               0         Tower X translation velocity, node 10, m/s
         95    9.679E-03                                 F               0         Tower Y translation velocity, node 10, m/s
         96   -5.028E-04                                 F               0         Tower Z translation velocity, node 10, m/s
         97   -4.428E-03                                 F               0         Tower X translation velocity, node 11, m/s
         98    1.044E-02                                 F               0         Tower Y translation velocity, node 11, m/s
         99   -4.622E-04                                 F               0         Tower Z translation velocity, node 11, m/s
        100    1.910E+01                                 F               0         Hub X translation displacement, node 1, m
        101   -7.737E+00                                 F               0         Hub Y translation displacement, node 1, m
        102    9.684E-02                                 F               0         Hub Z translation displacement, node 1, m
        103    9.810E-01,  9.911E-03, -1.939E-01         F               0         Hub X orientation angle, node 1, rad
        104   -1.140E-01, -7.793E-01, -6.162E-01         F               0         Hub Y orientation angle, node 1, rad
        105   -1.572E-01,  6.266E-01, -7.633E-01         F               0         Hub Z orientation angle, node 1, rad
        106    6.940E-01                                 F               0         Hub X rotation velocity, node 1, rad/s
        107    7.008E-03                                 F               0         Hub Y rotation velocity, node 1, rad/s
        108   -1.372E-01                                 F               0         Hub Z rotation velocity, node 1, rad/s
        109    9.839E-01,  3.302E-02, -1.756E-01         F               0         Blade root 1 X orientation angle, node 1, rad
        110   -8.480E-02, -7.786E-01, -6.217E-01         F               0         Blade root 1 Y orientation angle, node 1, rad
        111   -1.572E-01,  6.266E-01, -7.633E-01         F               0         Blade root 1 Z orientation angle, node 1, rad
        112    9.829E-01, -1.775E-02, -1.834E-01         F               0         Blade root 2 X orientation angle, node 1, rad
        113   -5.005E-02,  9.322E-01, -3.585E-01         F               0         Blade root 2 Y orientation angle, node 1, rad
        114    1.773E-01,  3.616E-01,  9.153E-01         F               0         Blade root 2 Z orientation angle, node 1, rad
        115    9.748E-01,  1.445E-02, -2.226E-01         F               0         Blade root 3 X orientation angle, node 1, rad
        116    2.222E-01, -1.527E-01,  9.630E-01         F               0         Blade root 3 Y orientation angle, node 1, rad
        117   -2.007E-02, -9.882E-01, -1.520E-01         F               0         Blade root 3 Z orientation angle, node 1, rad
        118    1.765E+01                                 F               0         Blade 1 X translation displacement, node 1, m
        119   -4.266E+00                                 F               0         Blade 1 Y translation displacement, node 1, m
        120   -9.642E+00                                 F               0         Blade 1 Z translation displacement, node 1, m
        121    1.730E+01                                 F               0         Blade 1 X translation displacement, node 2, m
        122   -3.429E+00                                 F               0         Blade 1 Y translation displacement, node 2, m
        123   -1.199E+01                                 F               0         Blade 1 Z translation displacement, node 2, m
        124    1.255E+01                                 F               0         Blade 1 X translation displacement, node 3, m
        125    7.945E+00                                 F               0         Blade 1 Y translation displacement, node 3, m
        126   -4.390E+01                                 F               0         Blade 1 Z translation displacement, node 3, m
        127    1.154E+01                                 F               0         Blade 1 X translation displacement, node 4, m
        128    1.037E+01                                 F               0         Blade 1 Y translation displacement, node 4, m
        129   -5.070E+01                                 F               0         Blade 1 Z translation displacement, node 4, m
        130    1.053E+01                                 F               0         Blade 1 X translation displacement, node 5, m
        131    1.279E+01                                 F               0         Blade 1 Y translation displacement, node 5, m
        132   -5.749E+01                                 F               0         Blade 1 Z translation displacement, node 5, m
        133    9.516E+00                                 F               0         Blade 1 X translation displacement, node 6, m
        134    1.522E+01                                 F               0         Blade 1 Y translation displacement, node 6, m
        135   -6.429E+01                                 F               0         Blade 1 Z translation displacement, node 6, m
        136    8.504E+00                                 F               0         Blade 1 X translation displacement, node 7, m
        137    1.764E+01                                 F               0         Blade 1 Y translation displacement, node 7, m
        138   -7.109E+01                                 F               0         Blade 1 Z translation displacement, node 7, m
        139    7.491E+00                                 F               0         Blade 1 X translation displacement, node 8, m
        140    2.006E+01                                 F               0         Blade 1 Y translation displacement, node 8, m
        141   -7.789E+01                                 F               0         Blade 1 Z translation displacement, node 8, m
        142    6.479E+00                                 F               0         Blade 1 X translation displacement, node 9, m
        143    2.249E+01                                 F               0         Blade 1 Y translation displacement, node 9, m
        144   -8.469E+01                                 F               0         Blade 1 Z translation displacement, node 9, m
        145    5.466E+00                                 F               0         Blade 1 X translation displacement, node 10, m
        146    2.491E+01                                 F               0         Blade 1 Y translation displacement, node 10, m
        147   -9.149E+01                                 F               0         Blade 1 Z translation displacement, node 10, m
        148    4.454E+00                                 F               0         Blade 1 X translation displacement, node 11, m
        149    2.733E+01                                 F               0         Blade 1 Y translation displacement, node 11, m
        150   -9.829E+01                                 F               0         Blade 1 Z translation displacement, node 11, m
        151    3.441E+00                                 F               0         Blade 1 X translation displacement, node 12, m
        152    2.976E+01                                 F               0         Blade 1 Y translation displacement, node 12, m
        153   -1.051E+02                                 F               0         Blade 1 Z translation displacement, node 12, m
        154    2.429E+00                                 F               0         Blade 1 X translation displacement, node 13, m
        155    3.218E+01                                 F               0         Blade 1 Y translation displacement, node 13, m
        156   -1.119E+02                                 F               0         Blade 1 Z translation displacement, node 13, m
        157    1.417E+00                                 F               0         Blade 1 X translation displacement, node 14, m
        158    3.460E+01                                 F               0         Blade 1 Y translation displacement, node 14, m
        159   -1.187E+02                                 F               0         Blade 1 Z translation displacement, node 14, m
        160    4.042E-01                                 F               0         Blade 1 X translation displacement, node 15, m
        161    3.703E+01                                 F               0         Blade 1 Y translation displacement, node 15, m
        162   -1.255E+02                                 F               0         Blade 1 Z translation displacement, node 15, m
        163   -6.081E-01                                 F               0         Blade 1 X translation displacement, node 16, m
        164    3.945E+01                                 F               0         Blade 1 Y translation displacement, node 16, m
        165   -1.323E+02                                 F               0         Blade 1 Z translation displacement, node 16, m
        166   -1.620E+00                                 F               0         Blade 1 X translation displacement, node 17, m
        167    4.187E+01                                 F               0         Blade 1 Y translation displacement, node 17, m
        168   -1.391E+02                                 F               0         Blade 1 Z translation displacement, node 17, m
        169   -2.633E+00                                 F               0         Blade 1 X translation displacement, node 18, m
        170    4.430E+01                                 F               0         Blade 1 Y translation displacement, node 18, m
        171   -1.459E+02                                 F               0         Blade 1 Z translation displacement, node 18, m
        172   -3.645E+00                                 F               0         Blade 1 X translation displacement, node 19, m
        173    4.672E+01                                 F               0         Blade 1 Y translation displacement, node 19, m
        174   -1.527E+02                                 F               0         Blade 1 Z translation displacement, node 19, m
        175   -4.658E+00                                 F               0         Blade 1 X translation displacement, node 20, m
        176    4.915E+01                                 F               0         Blade 1 Y translation displacement, node 20, m
        177   -1.595E+02                                 F               0         Blade 1 Z translation displacement, node 20, m
        178   -5.670E+00                                 F               0         Blade 1 X translation displacement, node 21, m
        179    5.157E+01                                 F               0         Blade 1 Y translation displacement, node 21, m
        180   -1.663E+02                                 F               0         Blade 1 Z translation displacement, node 21, m
        181   -6.683E+00                                 F               0         Blade 1 X translation displacement, node 22, m
        182    5.399E+01                                 F               0         Blade 1 Y translation displacement, node 22, m
        183   -1.731E+02                                 F               0         Blade 1 Z translation displacement, node 22, m
        184   -7.695E+00                                 F               0         Blade 1 X translation displacement, node 23, m
        185    5.642E+01                                 F               0         Blade 1 Y translation displacement, node 23, m
        186   -1.799E+02                                 F               0         Blade 1 Z translation displacement, node 23, m
        187   -8.707E+00                                 F               0         Blade 1 X translation displacement, node 24, m
        188    5.884E+01                                 F               0         Blade 1 Y translation displacement, node 24, m
        189   -1.867E+02                                 F               0         Blade 1 Z translation displacement, node 24, m
        190   -9.720E+00                                 F               0         Blade 1 X translation displacement, node 25, m
        191    6.126E+01                                 F               0         Blade 1 Y translation displacement, node 25, m
        192   -1.935E+02                                 F               0         Blade 1 Z translation displacement, node 25, m
        193   -1.073E+01                                 F               0         Blade 1 X translation displacement, node 26, m
        194    6.369E+01                                 F               0         Blade 1 Y translation displacement, node 26, m
        195   -2.003E+02                                 F               0         Blade 1 Z translation displacement, node 26, m
        196   -1.174E+01                                 F               0         Blade 1 X translation displacement, node 27, m
        197    6.611E+01                                 F               0         Blade 1 Y translation displacement, node 27, m
        198   -2.071E+02                                 F               0         Blade 1 Z translation displacement, node 27, m
        199   -1.260E+01                                 F               0         Blade 1 X translation displacement, node 28, m
        200    6.816E+01                                 F               0         Blade 1 Y translation displacement, node 28, m
        201   -2.128E+02                                 F               0         Blade 1 Z translation displacement, node 28, m
        202    9.143E-01,  3.845E-01,  1.273E-01         F               0         Blade 1 X orientation angle, node 1, rad
        203    3.732E-01, -6.779E-01, -6.334E-01         F               0         Blade 1 Y orientation angle, node 1, rad
        204   -1.572E-01,  6.266E-01, -7.633E-01         F               0         Blade 1 Z orientation angle, node 1, rad
        205    9.143E-01,  3.845E-01,  1.273E-01         F               0         Blade 1 X orientation angle, node 2, rad
        206    3.732E-01, -6.779E-01, -6.334E-01         F               0         Blade 1 Y orientation angle, node 2, rad
        207   -1.572E-01,  6.266E-01, -7.633E-01         F               0         Blade 1 Z orientation angle, node 2, rad
        208    9.767E-01,  2.128E-01, -2.647E-02         F               0         Blade 1 X orientation angle, node 3, rad
        209    1.459E-01, -7.497E-01, -6.455E-01         F               0         Blade 1 Y orientation angle, node 3, rad
        210   -1.572E-01,  6.266E-01, -7.633E-01         F               0         Blade 1 Z orientation angle, node 3, rad
        211    9.820E-01,  1.810E-01, -5.370E-02         F               0         Blade 1 X orientation angle, node 4, rad
        212    1.045E-01, -7.580E-01, -6.438E-01         F               0         Blade 1 Y orientation angle, node 4, rad
        213   -1.572E-01,  6.266E-01, -7.633E-01         F               0         Blade 1 Z orientation angle, node 4, rad
        214    9.849E-01,  1.558E-01, -7.502E-02         F               0         Blade 1 X orientation angle, node 5, rad
        215    7.188E-02, -7.636E-01, -6.417E-01         F               0         Blade 1 Y orientation angle, node 5, rad
        216   -1.572E-01,  6.266E-01, -7.633E-01         F               0         Blade 1 Z orientation angle, node 5, rad
        217    9.865E-01,  1.354E-01, -9.201E-02         F               0         Blade 1 X orientation angle, node 6, rad
        218    4.573E-02, -7.675E-01, -6.394E-01         F               0         Blade 1 Y orientation angle, node 6, rad
        219   -1.572E-01,  6.266E-01, -7.633E-01         F               0         Blade 1 Z orientation angle, node 6, rad
        220    9.873E-01,  1.187E-01, -1.059E-01         F               0         Blade 1 X orientation angle, node 7, rad
        221    2.420E-02, -7.702E-01, -6.373E-01         F               0         Blade 1 Y orientation angle, node 7, rad
        222   -1.572E-01,  6.266E-01, -7.633E-01         F               0         Blade 1 Z orientation angle, node 7, rad
        223    9.875E-01,  1.047E-01, -1.175E-01         F               0         Blade 1 X orientation angle, node 8, rad
        224    6.275E-03, -7.723E-01, -6.353E-01         F               0         Blade 1 Y orientation angle, node 8, rad
        225   -1.572E-01,  6.266E-01, -7.633E-01         F               0         Blade 1 Z orientation angle, node 8, rad
        226    9.875E-01,  9.280E-02, -1.272E-01         F               0         Blade 1 X orientation angle, node 9, rad
        227   -8.892E-03, -7.738E-01, -6.334E-01         F               0         Blade 1 Y orientation angle, node 9, rad
        228   -1.572E-01,  6.266E-01, -7.633E-01         F               0         Blade 1 Z orientation angle, node 9, rad
        229    9.873E-01,  8.253E-02, -1.356E-01         F               0         Blade 1 X orientation angle, node 10, rad
        230   -2.199E-02, -7.750E-01, -6.316E-01         F               0         Blade 1 Y orientation angle, node 10, rad
        231   -1.572E-01,  6.266E-01, -7.633E-01         F               0         Blade 1 Z orientation angle, node 10, rad
        232    9.870E-01,  7.373E-02, -1.428E-01         F               0         Blade 1 X orientation angle, node 11, rad
        233   -3.319E-02, -7.758E-01, -6.301E-01         F               0         Blade 1 Y orientation angle, node 11, rad
        234   -1.572E-01,  6.266E-01, -7.633E-01         F               0         Blade 1 Z orientation angle, node 11, rad
        235    9.866E-01,  6.601E-02, -1.490E-01         F               0         Blade 1 X orientation angle, node 12, rad
        236   -4.301E-02, -7.765E-01, -6.286E-01         F               0         Blade 1 Y orientation angle, node 12, rad
        237   -1.572E-01,  6.266E-01, -7.633E-01         F               0         Blade 1 Z orientation angle, node 12, rad
        238    9.862E-01,  5.923E-02, -1.545E-01         F               0         Blade 1 X orientation angle, node 13, rad
        239   -5.161E-02, -7.771E-01, -6.273E-01         F               0         Blade 1 Y orientation angle, node 13, rad
        240   -1.572E-01,  6.266E-01, -7.633E-01         F               0         Blade 1 Z orientation angle, node 13, rad
        241    9.858E-01,  5.312E-02, -1.594E-01         F               0         Blade 1 X orientation angle, node 14, rad
        242   -5.936E-02, -7.775E-01, -6.261E-01         F               0         Blade 1 Y orientation angle, node 14, rad
        243   -1.572E-01,  6.266E-01, -7.633E-01         F               0         Blade 1 Z orientation angle, node 14, rad
        244    9.853E-01,  4.769E-02, -1.638E-01         F               0         Blade 1 X orientation angle, node 15, rad
        245   -6.624E-02, -7.779E-01, -6.249E-01         F               0         Blade 1 Y orientation angle, node 15, rad
        246   -1.572E-01,  6.266E-01, -7.633E-01         F               0         Blade 1 Z orientation angle, node 15, rad
        247    9.849E-01,  4.281E-02, -1.677E-01         F               0         Blade 1 X orientation angle, node 16, rad
        248   -7.243E-02, -7.782E-01, -6.239E-01         F               0         Blade 1 Y orientation angle, node 16, rad
        249   -1.572E-01,  6.266E-01, -7.633E-01         F               0         Blade 1 Z orientation angle, node 16, rad
        250    9.845E-01,  3.846E-02, -1.712E-01         F               0         Blade 1 X orientation angle, node 17, rad
        251   -7.793E-02, -7.784E-01, -6.229E-01         F               0         Blade 1 Y orientation angle, node 17, rad
        252   -1.572E-01,  6.266E-01, -7.633E-01         F               0         Blade 1 Z orientation angle, node 17, rad
        253    9.841E-01,  3.438E-02, -1.745E-01         F               0         Blade 1 X orientation angle, node 18, rad
        254   -8.308E-02, -7.786E-01, -6.220E-01         F               0         Blade 1 Y orientation angle, node 18, rad
        255   -1.572E-01,  6.266E-01, -7.633E-01         F               0         Blade 1 Z orientation angle, node 18, rad
        256    9.837E-01,  3.071E-02, -1.774E-01         F               0         Blade 1 X orientation angle, node 19, rad
        257   -8.772E-02, -7.787E-01, -6.212E-01         F               0         Blade 1 Y orientation angle, node 19, rad
        258   -1.572E-01,  6.266E-01, -7.633E-01         F               0         Blade 1 Z orientation angle, node 19, rad
        259    9.833E-01,  2.745E-02, -1.800E-01         F               0         Blade 1 X orientation angle, node 20, rad
        260   -9.184E-02, -7.788E-01, -6.205E-01         F               0         Blade 1 Y orientation angle, node 20, rad
        261   -1.572E-01,  6.266E-01, -7.633E-01         F               0         Blade 1 Z orientation angle, node 20, rad
        262    9.829E-01,  2.433E-02, -1.825E-01         F               0         Blade 1 X orientation angle, node 21, rad
        263   -9.578E-02, -7.790E-01, -6.197E-01         F               0         Blade 1 Y orientation angle, node 21, rad
        264   -1.572E-01,  6.266E-01, -7.633E-01         F               0         Blade 1 Z orientation angle, node 21, rad
        265    9.825E-01,  2.147E-02, -1.848E-01         F               0         Blade 1 X orientation angle, node 22, rad
        266   -9.939E-02, -7.790E-01, -6.191E-01         F               0         Blade 1 Y orientation angle, node 22, rad
        267   -1.572E-01,  6.266E-01, -7.633E-01         F               0         Blade 1 Z orientation angle, node 22, rad
        268    9.822E-01,  1.889E-02, -1.868E-01         F               0         Blade 1 X orientation angle, node 23, rad
        269   -1.026E-01, -7.791E-01, -6.184E-01         F               0         Blade 1 Y orientation angle, node 23, rad
        270   -1.572E-01,  6.266E-01, -7.633E-01         F               0         Blade 1 Z orientation angle, node 23, rad
        271    9.819E-01,  1.644E-02, -1.888E-01         F               0         Blade 1 X orientation angle, node 24, rad
        272   -1.057E-01, -7.792E-01, -6.178E-01         F               0         Blade 1 Y orientation angle, node 24, rad
        273   -1.572E-01,  6.266E-01, -7.633E-01         F               0         Blade 1 Z orientation angle, node 24, rad
        274    9.816E-01,  1.413E-02, -1.906E-01         F               0         Blade 1 X orientation angle, node 25, rad
        275   -1.086E-01, -7.792E-01, -6.173E-01         F               0         Blade 1 Y orientation angle, node 25, rad
        276   -1.572E-01,  6.266E-01, -7.633E-01         F               0         Blade 1 Z orientation angle, node 25, rad
        277    9.813E-01,  1.209E-02, -1.922E-01         F               0         Blade 1 X orientation angle, node 26, rad
        278   -1.112E-01, -7.792E-01, -6.168E-01         F               0         Blade 1 Y orientation angle, node 26, rad
        279   -1.572E-01,  6.266E-01, -7.633E-01         F               0         Blade 1 Z orientation angle, node 26, rad
        280    9.810E-01,  1.005E-02, -1.938E-01         F               0         Blade 1 X orientation angle, node 27, rad
        281   -1.138E-01, -7.793E-01, -6.163E-01         F               0         Blade 1 Y orientation angle, node 27, rad
        282   -1.572E-01,  6.266E-01, -7.633E-01         F               0         Blade 1 Z orientation angle, node 27, rad
        283    9.808E-01,  8.959E-03, -1.947E-01         F               0         Blade 1 X orientation angle, node 28, rad
        284   -1.151E-01, -7.793E-01, -6.160E-01         F               0         Blade 1 Y orientation angle, node 28, rad
        285   -1.572E-01,  6.266E-01, -7.633E-01         F               0         Blade 1 Z orientation angle, node 28, rad
        286    4.421E-01                                 F               0         Blade 1 X translation velocity, node 1, m/s
        287    3.065E+00                                 F               0         Blade 1 Y translation velocity, node 1, m/s
        288    2.415E+00                                 F               0         Blade 1 Z translation velocity, node 1, m/s
        289    5.497E-01                                 F               0         Blade 1 X translation velocity, node 2, m/s
        290    3.801E+00                                 F               0         Blade 1 Y translation velocity, node 2, m/s
        291    2.997E+00                                 F               0         Blade 1 Z translation velocity, node 2, m/s
        292    2.013E+00                                 F               0         Blade 1 X translation velocity, node 3, m/s
        293    1.381E+01                                 F               0         Blade 1 Y translation velocity, node 3, m/s
        294    1.091E+01                                 F               0         Blade 1 Z translation velocity, node 3, m/s
        295    2.325E+00                                 F               0         Blade 1 X translation velocity, node 4, m/s
        296    1.594E+01                                 F               0         Blade 1 Y translation velocity, node 4, m/s
        297    1.260E+01                                 F               0         Blade 1 Z translation velocity, node 4, m/s
        298    2.636E+00                                 F               0         Blade 1 X translation velocity, node 5, m/s
        299    1.807E+01                                 F               0         Blade 1 Y translation velocity, node 5, m/s
        300    1.428E+01                                 F               0         Blade 1 Z translation velocity, node 5, m/s
        301    2.948E+00                                 F               0         Blade 1 X translation velocity, node 6, m/s
        302    2.021E+01                                 F               0         Blade 1 Y translation velocity, node 6, m/s
        303    1.597E+01                                 F               0         Blade 1 Z translation velocity, node 6, m/s
        304    3.260E+00                                 F               0         Blade 1 X translation velocity, node 7, m/s
        305    2.234E+01                                 F               0         Blade 1 Y translation velocity, node 7, m/s
        306    1.766E+01                                 F               0         Blade 1 Z translation velocity, node 7, m/s
        307    3.572E+00                                 F               0         Blade 1 X translation velocity, node 8, m/s
