
Linearized model: Predictions were generated on 13-Feb-2024 at 11:29:37 using OpenFAST, compiled as a 64-bit application using single precision at commit v3.5.1
 linked with  NWTC Subroutine Library; ElastoDyn; InflowWind; AeroDyn; ServoDyn; HydroDyn; MAP++ (<1.20.10>, <Oct-20-2023>)

Description from the FAST input file: CCT-9 Campign 4 model. Input files to be run with OpenFAST 3.5.0. GitHub branch from Lu Wang (https://github.com/luwang00/openfast/tree/dev) compiled on March 7, 2023.

Simulation information:
   Simulation time:                  1215.2500 s
   Rotor Speed:                         0.7917 rad/s
   Azimuth:                             3.5029 rad
   Wind Speed:                         16.0000 m/s
   Number of continuous states:         0
   Number of discrete states:           0
   Number of constraint states:         0
   Number of inputs:                 1746
   Number of outputs:                   4
   Jacobians included in this file?    No

Order of inputs:
     Column   Operating Point                                                   Rotating Frame? Derivative Order Description
   ---------- ---------------                                                   --------------- ---------------- -----------
          1     1.07029809952E+001                                                     F               0         Tower X translation displacement, node 1, m
          2    -1.55865824223E+000                                                     F               0         Tower Y translation displacement, node 1, m
          3    -2.77290463448E-001                                                     F               0         Tower Z translation displacement, node 1, m
          4     1.20890398026E+001                                                     F               0         Tower X translation displacement, node 2, m
          5    -2.19199943542E+000                                                     F               0         Tower Y translation displacement, node 2, m
          6    -3.71633410454E-001                                                     F               0         Tower Z translation displacement, node 2, m
          7     1.34750986099E+001                                                     F               0         Tower X translation displacement, node 3, m
          8    -2.82534050941E+000                                                     F               0         Tower Y translation displacement, node 3, m
          9    -4.65974241495E-001                                                     F               0         Tower Z translation displacement, node 3, m
         10     1.48611574173E+001                                                     F               0         Tower X translation displacement, node 4, m
         11    -3.45868182182E+000                                                     F               0         Tower Y translation displacement, node 4, m
         12    -5.60315251350E-001                                                     F               0         Tower Z translation displacement, node 4, m
         13     1.62472171783E+001                                                     F               0         Tower X translation displacement, node 5, m
         14    -4.09202337265E+000                                                     F               0         Tower Y translation displacement, node 5, m
         15    -6.54653489590E-001                                                     F               0         Tower Z translation displacement, node 5, m
         16     1.76332759857E+001                                                     F               0         Tower X translation displacement, node 6, m
         17    -4.72536420822E+000                                                     F               0         Tower Y translation displacement, node 6, m
         18    -7.49002277851E-001                                                     F               0         Tower Z translation displacement, node 6, m
         19     1.90193347931E+001                                                     F               0         Tower X translation displacement, node 7, m
         20    -5.35870552063E+000                                                     F               0         Tower Y translation displacement, node 7, m
         21    -8.43337059021E-001                                                     F               0         Tower Z translation displacement, node 7, m
         22     2.04053936005E+001                                                     F               0         Tower X translation displacement, node 8, m
         23    -5.99204635620E+000                                                     F               0         Tower Y translation displacement, node 8, m
         24    -9.37683939934E-001                                                     F               0         Tower Z translation displacement, node 8, m
         25     2.17914543152E+001                                                     F               0         Tower X translation displacement, node 9, m
         26    -6.62538814545E+000                                                     F               0         Tower Y translation displacement, node 9, m
         27    -1.03202188015E+000                                                     F               0         Tower Z translation displacement, node 9, m
         28     2.31775131226E+001                                                     F               0         Tower X translation displacement, node 10, m
         29    -7.25872945786E+000                                                     F               0         Tower Y translation displacement, node 10, m
         30    -1.12636566162E+000                                                     F               0         Tower Z translation displacement, node 10, m
         31     2.45635700226E+001                                                     F               0         Tower X translation displacement, node 11, m
         32    -7.89207029343E+000                                                     F               0         Tower Y translation displacement, node 11, m
         33    -1.22070646286E+000                                                     F               0         Tower Z translation displacement, node 11, m
         34     9.93684411049E-001,   3.41119174846E-003,  -1.12159132957E-001         F               0         Tower X orientation angle, node 1, rad
         35     2.36434978433E-003,   9.98679399490E-001,   5.13208732009E-002         F               0         Tower Y orientation angle, node 1, rad
         36     1.12186081707E-001,  -5.12619353831E-002,   9.92364108562E-001         F               0         Tower Z orientation angle, node 1, rad
         37     9.93684411049E-001,   3.41119174846E-003,  -1.12159132957E-001         F               0         Tower X orientation angle, node 2, rad
         38     2.36434978433E-003,   9.98679399490E-001,   5.13208732009E-002         F               0         Tower Y orientation angle, node 2, rad
         39     1.12186081707E-001,  -5.12619353831E-002,   9.92364108562E-001         F               0         Tower Z orientation angle, node 2, rad
         40     9.93684411049E-001,   3.41119174846E-003,  -1.12159132957E-001         F               0         Tower X orientation angle, node 3, rad
         41     2.36434978433E-003,   9.98679399490E-001,   5.13208732009E-002         F               0         Tower Y orientation angle, node 3, rad
         42     1.12186081707E-001,  -5.12619353831E-002,   9.92364108562E-001         F               0         Tower Z orientation angle, node 3, rad
         43     9.93684411049E-001,   3.41119174846E-003,  -1.12159132957E-001         F               0         Tower X orientation angle, node 4, rad
         44     2.36434978433E-003,   9.98679399490E-001,   5.13208732009E-002         F               0         Tower Y orientation angle, node 4, rad
         45     1.12186081707E-001,  -5.12619353831E-002,   9.92364108562E-001         F               0         Tower Z orientation angle, node 4, rad
         46     9.93684411049E-001,   3.41119174846E-003,  -1.12159132957E-001         F               0         Tower X orientation angle, node 5, rad
         47     2.36434978433E-003,   9.98679399490E-001,   5.13208732009E-002         F               0         Tower Y orientation angle, node 5, rad
         48     1.12186081707E-001,  -5.12619353831E-002,   9.92364108562E-001         F               0         Tower Z orientation angle, node 5, rad
         49     9.93684411049E-001,   3.41119174846E-003,  -1.12159132957E-001         F               0         Tower X orientation angle, node 6, rad
         50     2.36434978433E-003,   9.98679399490E-001,   5.13208732009E-002         F               0         Tower Y orientation angle, node 6, rad
         51     1.12186081707E-001,  -5.12619353831E-002,   9.92364108562E-001         F               0         Tower Z orientation angle, node 6, rad
         52     9.93684411049E-001,   3.41119174846E-003,  -1.12159132957E-001         F               0         Tower X orientation angle, node 7, rad
         53     2.36434978433E-003,   9.98679399490E-001,   5.13208732009E-002         F               0         Tower Y orientation angle, node 7, rad
         54     1.12186081707E-001,  -5.12619353831E-002,   9.92364108562E-001         F               0         Tower Z orientation angle, node 7, rad
         55     9.93684411049E-001,   3.41119174846E-003,  -1.12159132957E-001         F               0         Tower X orientation angle, node 8, rad
         56     2.36434978433E-003,   9.98679399490E-001,   5.13208732009E-002         F               0         Tower Y orientation angle, node 8, rad
         57     1.12186081707E-001,  -5.12619353831E-002,   9.92364108562E-001         F               0         Tower Z orientation angle, node 8, rad
         58     9.93684411049E-001,   3.41119198129E-003,  -1.12159132957E-001         F               0         Tower X orientation angle, node 9, rad
         59     2.36435001716E-003,   9.98679399490E-001,   5.13208769262E-002         F               0         Tower Y orientation angle, node 9, rad
         60     1.12186081707E-001,  -5.12619353831E-002,   9.92364108562E-001         F               0         Tower Z orientation angle, node 9, rad
         61     9.93684411049E-001,   3.41119174846E-003,  -1.12159132957E-001         F               0         Tower X orientation angle, node 10, rad
         62     2.36434978433E-003,   9.98679399490E-001,   5.13208732009E-002         F               0         Tower Y orientation angle, node 10, rad
         63     1.12186081707E-001,  -5.12619353831E-002,   9.92364108562E-001         F               0         Tower Z orientation angle, node 10, rad
         64     9.93684411049E-001,   3.41119174846E-003,  -1.12159132957E-001         F               0         Tower X orientation angle, node 11, rad
         65     2.36434978433E-003,   9.98679399490E-001,   5.13208732009E-002         F               0         Tower Y orientation angle, node 11, rad
         66     1.12186081707E-001,  -5.12619353831E-002,   9.92364108562E-001         F               0         Tower Z orientation angle, node 11, rad
         67    -4.37193783000E-004                                                     F               0         Tower X translation velocity, node 1, m/s
         68    -6.57292956021E-004                                                     F               0         Tower Y translation velocity, node 1, m/s
         69    -5.50713343546E-003                                                     F               0         Tower Z translation velocity, node 1, m/s
         70    -6.02588290349E-004                                                     F               0         Tower X translation velocity, node 2, m/s
         71    -1.02451373823E-003                                                     F               0         Tower Y translation velocity, node 2, m/s
         72    -5.50740491599E-003                                                     F               0         Tower Z translation velocity, node 2, m/s
         73    -7.67982914113E-004                                                     F               0         Tower X translation velocity, node 3, m/s
         74    -1.39173457865E-003                                                     F               0         Tower Y translation velocity, node 3, m/s
         75    -5.50767639652E-003                                                     F               0         Tower Z translation velocity, node 3, m/s
         76    -9.33377479669E-004                                                     F               0         Tower X translation velocity, node 4, m/s
         77    -1.75895541906E-003                                                     F               0         Tower Y translation velocity, node 4, m/s
         78    -5.50794787705E-003                                                     F               0         Tower Z translation velocity, node 4, m/s
         79    -1.09877216164E-003                                                     F               0         Tower X translation velocity, node 5, m/s
         80    -2.12617660873E-003                                                     F               0         Tower Y translation velocity, node 5, m/s
         81    -5.50821935758E-003                                                     F               0         Tower Z translation velocity, node 5, m/s
         82    -1.26416655257E-003                                                     F               0         Tower X translation velocity, node 6, m/s
         83    -2.49339663424E-003                                                     F               0         Tower Y translation velocity, node 6, m/s
         84    -5.50849083811E-003                                                     F               0         Tower Z translation velocity, node 6, m/s
         85    -1.42956117634E-003                                                     F               0         Tower X translation velocity, node 7, m/s
         86    -2.86061805673E-003                                                     F               0         Tower Y translation velocity, node 7, m/s
         87    -5.50876278430E-003                                                     F               0         Tower Z translation velocity, node 7, m/s
         88    -1.59495556727E-003                                                     F               0         Tower X translation velocity, node 8, m/s
         89    -3.22783854790E-003                                                     F               0         Tower Y translation velocity, node 8, m/s
         90    -5.50903426483E-003                                                     F               0         Tower Z translation velocity, node 8, m/s
         91    -1.76035042387E-003                                                     F               0         Tower X translation velocity, node 9, m/s
         92    -3.59505973756E-003                                                     F               0         Tower Y translation velocity, node 9, m/s
         93    -5.50930574536E-003                                                     F               0         Tower Z translation velocity, node 9, m/s
         94    -1.92574493121E-003                                                     F               0         Tower X translation velocity, node 10, m/s
         95    -3.96228022873E-003                                                     F               0         Tower Y translation velocity, node 10, m/s
         96    -5.50957722589E-003                                                     F               0         Tower Z translation velocity, node 10, m/s
         97    -2.09113932215E-003                                                     F               0         Tower X translation velocity, node 11, m/s
         98    -4.32950118557E-003                                                     F               0         Tower Y translation velocity, node 11, m/s
         99    -5.50984870642E-003                                                     F               0         Tower Z translation velocity, node 11, m/s
        100     2.55124626160E+001                                                     F               0         Hub X translation displacement, node 1, m
        101    -8.33132839203E+000                                                     F               0         Hub Y translation displacement, node 1, m
        102    -6.92688971758E-002                                                     F               0         Hub Z translation displacement, node 1, m
        103     9.76514279842E-001,   8.75083636492E-003,  -2.15275004506E-001         F               0         Hub X orientation angle, node 1, rad
        104    -7.83683061600E-002,  -9.16306138039E-001,  -3.92735838890E-001         F               0         Hub Y orientation angle, node 1, rad
        105    -2.00694575906E-001,   4.00382906199E-001,  -8.94100248814E-001         F               0         Hub Z orientation angle, node 1, rad
        106     7.73122668266E-001                                                     F               0         Hub X rotation velocity, node 1, rad/s
        107     6.91437162459E-003                                                     F               0         Hub Y rotation velocity, node 1, rad/s
        108    -1.70429170132E-001                                                     F               0         Hub Z rotation velocity, node 1, rad/s
        109     9.77827131748E-001,   1.37579828501E-001,  -1.57879382372E-001         F               0         Blade root 1 X orientation angle, node 1, rad
        110     5.97979500890E-002,  -9.05960977077E-001,  -4.19116795063E-001         F               0         Blade root 1 Y orientation angle, node 1, rad
        111    -2.00694575906E-001,   4.00382906199E-001,  -8.94100248814E-001         F               0         Blade root 1 Z orientation angle, node 1, rad
        112     9.85741555691E-001,  -1.04577668011E-001,  -1.31822049618E-001         F               0         Blade root 2 X orientation angle, node 1, rad
        113     4.10333322361E-003,   7.98120141029E-001,  -6.02484345436E-001         F               0         Blade root 2 Y orientation angle, node 1, rad
        114     1.68216228485E-001,   5.93352973461E-001,   7.87169337273E-001         F               0         Blade root 2 Z orientation angle, node 1, rad
        115     9.36835527420E-001,  -7.01077282429E-003,  -3.49699944258E-001         F               0         Blade root 3 X orientation angle, node 1, rad
        116     3.48259031773E-001,   1.11534334719E-001,   9.30739343166E-001         F               0         Blade root 3 Y orientation angle, node 1, rad
        117     3.24783474207E-002,  -9.93735849857E-001,   1.06930889189E-001         F               0         Blade root 3 Z orientation angle, node 1, rad
        118     2.38215274811E+001                                                     F               0         Blade 1 X translation displacement, node 1, m
        119    -6.11320686340E+000                                                     F               0         Blade 1 Y translation displacement, node 1, m
        120    -1.05322427750E+001                                                     F               0         Blade 1 Z translation displacement, node 1, m
        121     2.34140834808E+001                                                     F               0         Blade 1 X translation displacement, node 2, m
        122    -5.57873344421E+000                                                     F               0         Blade 1 Y translation displacement, node 2, m
        123    -1.30533733368E+001                                                     F               0         Blade 1 Z translation displacement, node 2, m
        124     1.78735504150E+001                                                     F               0         Blade 1 X translation displacement, node 3, m
        125     1.68917965889E+000                                                     F               0         Blade 1 Y translation displacement, node 3, m
        126    -4.73364067078E+001                                                     F               0         Blade 1 Z translation displacement, node 3, m
        127     1.66931076050E+001                                                     F               0         Blade 1 X translation displacement, node 4, m
        128     3.23765158653E+000                                                     F               0         Blade 1 Y translation displacement, node 4, m
        129    -5.46406173706E+001                                                     F               0         Blade 1 Z translation displacement, node 4, m
        130     1.55124397278E+001                                                     F               0         Blade 1 X translation displacement, node 5, m
        131     4.78641796112E+000                                                     F               0         Blade 1 Y translation displacement, node 5, m
        132    -6.19462051392E+001                                                     F               0         Blade 1 Z translation displacement, node 5, m
        133     1.43319911957E+001                                                     F               0         Blade 1 X translation displacement, node 6, m
        134     6.33489608765E+000                                                     F               0         Blade 1 Y translation displacement, node 6, m
        135    -6.92504425049E+001                                                     F               0         Blade 1 Z translation displacement, node 6, m
        136     1.31515398026E+001                                                     F               0         Blade 1 X translation displacement, node 7, m
        137     7.88337945938E+000                                                     F               0         Blade 1 Y translation displacement, node 7, m
        138    -7.65546951294E+001                                                     F               0         Blade 1 Z translation displacement, node 7, m
        139     1.19708766937E+001                                                     F               0         Blade 1 X translation displacement, node 8, m
        140     9.43213939667E+000                                                     F               0         Blade 1 Y translation displacement, node 8, m
        141    -8.38602676392E+001                                                     F               0         Blade 1 Z translation displacement, node 8, m
        142     1.07904233932E+001                                                     F               0         Blade 1 X translation displacement, node 9, m
        143     1.09806232452E+001                                                     F               0         Blade 1 Y translation displacement, node 9, m
        144    -9.11645202637E+001                                                     F               0         Blade 1 Z translation displacement, node 9, m
        145     9.60997581482E+000                                                     F               0         Blade 1 X translation displacement, node 10, m
        146     1.25291013718E+001                                                     F               0         Blade 1 Y translation displacement, node 10, m
        147    -9.84687576294E+001                                                     F               0         Blade 1 Z translation displacement, node 10, m
        148     8.42952346802E+000                                                     F               0         Blade 1 X translation displacement, node 11, m
        149     1.40775852203E+001                                                     F               0         Blade 1 Y translation displacement, node 11, m
        150    -1.05773010254E+002                                                     F               0         Blade 1 Z translation displacement, node 11, m
        151     7.24886512756E+000                                                     F               0         Blade 1 X translation displacement, node 12, m
        152     1.56263399124E+001                                                     F               0         Blade 1 Y translation displacement, node 12, m
        153    -1.13078559875E+002                                                     F               0         Blade 1 Z translation displacement, node 12, m
        154     6.06841230392E+000                                                     F               0         Blade 1 X translation displacement, node 13, m
        155     1.71748237610E+001                                                     F               0         Blade 1 Y translation displacement, node 13, m
        156    -1.20382812500E+002                                                     F               0         Blade 1 Z translation displacement, node 13, m
        157     4.88796424866E+000                                                     F               0         Blade 1 X translation displacement, node 14, m
        158     1.87233028412E+001                                                     F               0         Blade 1 Y translation displacement, node 14, m
        159    -1.27687049866E+002                                                     F               0         Blade 1 Z translation displacement, node 14, m
        160     3.70729780197E+000                                                     F               0         Blade 1 X translation displacement, node 15, m
        161     2.02720661163E+001                                                     F               0         Blade 1 Y translation displacement, node 15, m
        162    -1.34992630005E+002                                                     F               0         Blade 1 Z translation displacement, node 15, m
        163     2.52684950829E+000                                                     F               0         Blade 1 X translation displacement, node 16, m
        164     2.18205451965E+001                                                     F               0         Blade 1 Y translation displacement, node 16, m
        165    -1.42296875000E+002                                                     F               0         Blade 1 Z translation displacement, node 16, m
        166     1.34639620781E+000                                                     F               0         Blade 1 X translation displacement, node 17, m
        167     2.33690299988E+001                                                     F               0         Blade 1 Y translation displacement, node 17, m
        168    -1.49601135254E+002                                                     F               0         Blade 1 Z translation displacement, node 17, m
        169     1.65947347879E-001                                                     F               0         Blade 1 X translation displacement, node 18, m
        170     2.49175109863E+001                                                     F               0         Blade 1 Y translation displacement, node 18, m
        171    -1.56905380249E+002                                                     F               0         Blade 1 Z translation displacement, node 18, m
        172    -1.01471197605E+000                                                     F               0         Blade 1 X translation displacement, node 19, m
        173     2.64662647247E+001                                                     F               0         Blade 1 Y translation displacement, node 19, m
        174    -1.64210922241E+002                                                     F               0         Blade 1 Z translation displacement, node 19, m
        175    -2.19516539574E+000                                                     F               0         Blade 1 X translation displacement, node 20, m
        176     2.80147495270E+001                                                     F               0         Blade 1 Y translation displacement, node 20, m
        177    -1.71515167236E+002                                                     F               0         Blade 1 Z translation displacement, node 20, m
        178    -3.37561416626E+000                                                     F               0         Blade 1 X translation displacement, node 21, m
        179     2.95632305145E+001                                                     F               0         Blade 1 Y translation displacement, node 21, m
        180    -1.78819412231E+002                                                     F               0         Blade 1 Z translation displacement, node 21, m
        181    -4.55627822876E+000                                                     F               0         Blade 1 X translation displacement, node 22, m
        182     3.11119899750E+001                                                     F               0         Blade 1 Y translation displacement, node 22, m
        183    -1.86124984741E+002                                                     F               0         Blade 1 Z translation displacement, node 22, m
        184    -5.73673152924E+000                                                     F               0         Blade 1 X translation displacement, node 23, m
        185     3.26604728699E+001                                                     F               0         Blade 1 Y translation displacement, node 23, m
        186    -1.93429244995E+002                                                     F               0         Blade 1 Z translation displacement, node 23, m
        187    -6.91718006134E+000                                                     F               0         Blade 1 X translation displacement, node 24, m
        188     3.42089538574E+001                                                     F               0         Blade 1 Y translation displacement, node 24, m
        189    -2.00733489990E+002                                                     F               0         Blade 1 Z translation displacement, node 24, m
        190    -8.09762859344E+000                                                     F               0         Blade 1 X translation displacement, node 25, m
        191     3.57574348450E+001                                                     F               0         Blade 1 Y translation displacement, node 25, m
        192    -2.08037734985E+002                                                     F               0         Blade 1 Z translation displacement, node 25, m
        193    -9.27829265594E+000                                                     F               0         Blade 1 X translation displacement, node 26, m
        194     3.73061943054E+001                                                     F               0         Blade 1 Y translation displacement, node 26, m
        195    -2.15343307495E+002                                                     F               0         Blade 1 Z translation displacement, node 26, m
        196    -1.04587411880E+001                                                     F               0         Blade 1 X translation displacement, node 27, m
        197     3.88546714783E+001                                                     F               0         Blade 1 Y translation displacement, node 27, m
        198    -2.22647537231E+002                                                     F               0         Blade 1 Z translation displacement, node 27, m
        199    -1.14595108032E+001                                                     F               0         Blade 1 X translation displacement, node 28, m
        200     4.01674537659E+001                                                     F               0         Blade 1 Y translation displacement, node 28, m
        201    -2.28839965820E+002                                                     F               0         Blade 1 Z translation displacement, node 28, m
        202     8.42972338200E-001,   5.35570621490E-001,   5.06132692099E-002         F               0         Blade 1 X orientation angle, node 1, rad
        203     4.99118506908E-001,  -7.43543982506E-001,  -4.44997847080E-001         F               0         Blade 1 Y orientation angle, node 1, rad
        204    -2.00694575906E-001,   4.00382906199E-001,  -8.94100248814E-001         F               0         Blade 1 Z orientation angle, node 1, rad
        205     8.42972338200E-001,   5.35570621490E-001,   5.06132692099E-002         F               0         Blade 1 X orientation angle, node 2, rad
        206     4.99118506908E-001,  -7.43543982506E-001,  -4.44997847080E-001         F               0         Blade 1 Y orientation angle, node 2, rad
        207    -2.00694575906E-001,   4.00382906199E-001,  -8.94100248814E-001         F               0         Blade 1 Z orientation angle, node 2, rad
        208     9.37249124050E-001,   3.44085395336E-001,  -5.62967285514E-002         F               0         Blade 1 X orientation angle, node 3, rad
        209     2.85106569529E-001,  -8.49293112755E-001,  -4.44314599037E-001         F               0         Blade 1 Y orientation angle, node 3, rad
        210    -2.00694575906E-001,   4.00382906199E-001,  -8.94100248814E-001         F               0         Blade 1 Z orientation angle, node 3, rad
        211     9.48451697826E-001,   3.07917594910E-001,  -7.50074461102E-002         F               0         Blade 1 X orientation angle, node 4, rad
        212     2.45277509093E-001,  -8.63064467907E-001,  -4.41541224718E-001         F               0         Blade 1 Y orientation angle, node 4, rad
        213    -2.00694575906E-001,   4.00382906199E-001,  -8.94100248814E-001         F               0         Blade 1 Z orientation angle, node 4, rad
        214     9.56062495708E-001,   2.79133260250E-001,  -8.96055847406E-002         F               0         Blade 1 X orientation angle, node 5, rad
        215     2.13696569204E-001,  -8.72799038887E-001,  -4.38811600208E-001         F               0         Blade 1 Y orientation angle, node 5, rad
        216    -2.00694575906E-001,   4.00382906199E-001,  -8.94100248814E-001         F               0         Blade 1 Z orientation angle, node 5, rad
        217     9.61394548416E-001,   2.55883276463E-001,  -1.01213924587E-001         F               0         Blade 1 X orientation angle, node 6, rad
        218     1.88260957599E-001,  -8.79896163940E-001,  -4.36280310154E-001         F               0         Blade 1 Y orientation angle, node 6, rad
        219    -2.00694575906E-001,   4.00382906199E-001,  -8.94100248814E-001         F               0         Blade 1 Z orientation angle, node 6, rad
        220     9.65272665024E-001,   2.36627534032E-001,  -1.10707245767E-001         F               0         Blade 1 X orientation angle, node 7, rad
        221     1.67243450880E-001,  -8.85268867016E-001,  -4.33968544006E-001         F               0         Blade 1 Y orientation angle, node 7, rad
        222    -2.00694575906E-001,   4.00382906199E-001,  -8.94100248814E-001         F               0         Blade 1 Z orientation angle, node 7, rad
        223     9.68149185181E-001,   2.20520555973E-001,  -1.18565723300E-001         F               0         Blade 1 X orientation angle, node 8, rad
        224     1.49695783854E-001,  -8.89417886734E-001,  -4.31887656450E-001         F               0         Blade 1 Y orientation angle, node 8, rad
        225    -2.00694575906E-001,   4.00382906199E-001,  -8.94100248814E-001         F               0         Blade 1 Z orientation angle, node 8, rad
        226     9.70334053040E-001,   2.06834599376E-001,  -1.25184789300E-001         F               0         Blade 1 X orientation angle, node 9, rad
        227     1.34809002280E-001,  -8.92699778080E-001,  -4.30015832186E-001         F               0         Blade 1 Y orientation angle, node 9, rad
        228    -2.00694590807E-001,   4.00382965803E-001,  -8.94100189209E-001         F               0         Blade 1 Z orientation angle, node 9, rad
        229     9.72036838531E-001,   1.94975540042E-001,  -1.30877554417E-001         F               0         Blade 1 X orientation angle, node 10, rad
        230     1.21926538646E-001,  -8.95364761353E-001,  -4.28317457438E-001         F               0         Blade 1 Y orientation angle, node 10, rad
        231    -2.00694575906E-001,   4.00382906199E-001,  -8.94100248814E-001         F               0         Blade 1 Z orientation angle, node 10, rad
        232     9.73357439041E-001,   1.84805616736E-001,  -1.35728135705E-001         F               0         Blade 1 X orientation angle, node 11, rad
        233     1.10891513526E-001,  -8.97519052029E-001,  -4.26805198193E-001         F               0         Blade 1 Y orientation angle, node 11, rad
        234    -2.00694575906E-001,   4.00382906199E-001,  -8.94100248814E-001         F               0         Blade 1 Z orientation angle, node 11, rad
        235     9.74412500858E-001,   1.75867766142E-001,  -1.39967367053E-001         F               0         Blade 1 X orientation angle, node 12, rad
        236     1.01202860475E-001,  -8.99313092232E-001,  -4.25433784723E-001         F               0         Blade 1 Y orientation angle, node 12, rad
        237    -2.00694575906E-001,   4.00382906199E-001,  -8.94100248814E-001         F               0         Blade 1 Z orientation angle, node 12, rad
        238     9.75258529186E-001,   1.68013170362E-001,  -1.43674612045E-001         F               0         Blade 1 X orientation angle, node 13, rad
        239     9.26957651973E-002,  -9.00813579559E-001,  -4.24196153879E-001         F               0         Blade 1 Y orientation angle, node 13, rad
        240    -2.00694575906E-001,   4.00382906199E-001,  -8.94100248814E-001         F               0         Blade 1 Z orientation angle, node 13, rad
        241     9.75956439972E-001,   1.60933092237E-001,  -1.47001773119E-001         F               0         Blade 1 X orientation angle, node 14, rad
        242     8.50333198905E-002,  -9.02105391026E-001,  -4.23054665327E-001         F               0         Blade 1 Y orientation angle, node 14, rad
        243    -2.00694575906E-001,   4.00382876396E-001,  -8.94100248814E-001         F               0         Blade 1 Z orientation angle, node 14, rad
        244     9.76526319981E-001,   1.54631346464E-001,  -1.49951636791E-001         F               0         Blade 1 X orientation angle, node 15, rad
        245     7.82178342342E-002,  -9.03206884861E-001,  -4.22018170357E-001         F               0         Blade 1 Y orientation angle, node 15, rad
        246    -2.00694575906E-001,   4.00382965803E-001,  -8.94100189209E-001         F               0         Blade 1 Z orientation angle, node 15, rad
        247     9.76998507977E-001,   1.48953303695E-001,  -1.52600288391E-001         F               0         Blade 1 X orientation angle, node 16, rad
