
Linearized model: Predictions were generated on 13-Feb-2024 at 11:29:37 using OpenFAST, compiled as a 64-bit application using single precision at commit v3.5.1
 linked with  NWTC Subroutine Library; ElastoDyn; InflowWind; AeroDyn; ServoDyn; HydroDyn; MAP++ (<1.20.10>, <Oct-20-2023>)

Description from the FAST input file: CCT-9 Campign 4 model. Input files to be run with OpenFAST 3.5.0. GitHub branch from Lu Wang (https://github.com/luwang00/openfast/tree/dev) compiled on March 7, 2023.

Simulation information:
   Simulation time:                  1214.1500 s
   Rotor Speed:                         0.7917 rad/s
   Azimuth:                             2.6321 rad
   Wind Speed:                         16.0000 m/s
   Number of continuous states:         0
   Number of discrete states:           0
   Number of constraint states:         0
   Number of inputs:                 1746
   Number of outputs:                   4
   Jacobians included in this file?    No

Order of inputs:
     Column   Operating Point                                                   Rotating Frame? Derivative Order Description
   ---------- ---------------                                                   --------------- ---------------- -----------
          1     1.07030668259E+001                                                     F               0         Tower X translation displacement, node 1, m
          2    -1.55798423290E+000                                                     F               0         Tower Y translation displacement, node 1, m
          3    -2.72222757339E-001                                                     F               0         Tower Z translation displacement, node 1, m
          4     1.20891542435E+001                                                     F               0         Tower X translation displacement, node 2, m
          5    -2.19096469879E+000                                                     F               0         Tower Y translation displacement, node 2, m
          6    -3.66550296545E-001                                                     F               0         Tower Z translation displacement, node 2, m
          7     1.34752416611E+001                                                     F               0         Tower X translation displacement, node 3, m
          8    -2.82394552231E+000                                                     F               0         Tower Y translation displacement, node 3, m
          9    -4.60875779390E-001                                                     F               0         Tower Z translation displacement, node 3, m
         10     1.48613290787E+001                                                     F               0         Tower X translation displacement, node 4, m
         11    -3.45692610741E+000                                                     F               0         Tower Y translation displacement, node 4, m
         12    -5.55201411247E-001                                                     F               0         Tower Z translation displacement, node 4, m
         13     1.62474174500E+001                                                     F               0         Tower X translation displacement, node 5, m
         14    -4.08990716934E+000                                                     F               0         Tower Y translation displacement, node 5, m
         15    -6.49524271488E-001                                                     F               0         Tower Z translation displacement, node 5, m
         16     1.76335048676E+001                                                     F               0         Tower X translation displacement, node 6, m
         17    -4.72288703918E+000                                                     F               0         Tower Y translation displacement, node 6, m
         18    -7.43857681751E-001                                                     F               0         Tower Z translation displacement, node 6, m
         19     1.90195922852E+001                                                     F               0         Tower X translation displacement, node 7, m
         20    -5.35586833954E+000                                                     F               0         Tower Y translation displacement, node 7, m
         21    -8.38177084923E-001                                                     F               0         Tower Z translation displacement, node 7, m
         22     2.04056797028E+001                                                     F               0         Tower X translation displacement, node 8, m
         23    -5.98884868622E+000                                                     F               0         Tower Y translation displacement, node 8, m
         24    -9.32508587837E-001                                                     F               0         Tower Z translation displacement, node 8, m
         25     2.17917690277E+001                                                     F               0         Tower X translation displacement, node 9, m
         26    -6.62182998657E+000                                                     F               0         Tower Y translation displacement, node 9, m
         27    -1.02683115005E+000                                                     F               0         Tower Z translation displacement, node 9, m
         28     2.31778564453E+001                                                     F               0         Tower X translation displacement, node 10, m
         29    -7.25481033325E+000                                                     F               0         Tower Y translation displacement, node 10, m
         30    -1.12115955353E+000                                                     F               0         Tower Z translation displacement, node 10, m
         31     2.45639438629E+001                                                     F               0         Tower X translation displacement, node 11, m
         32    -7.88779067993E+000                                                     F               0         Tower Y translation displacement, node 11, m
         33    -1.21548497677E+000                                                     F               0         Tower Z translation displacement, node 11, m
         34     9.93684113026E-001,   3.40398214757E-003,  -1.12161755562E-001         F               0         Tower X orientation angle, node 1, rad
         35     2.36836168915E-003,   9.98680949211E-001,   5.12910634279E-002         F               0         Tower Y orientation angle, node 1, rad
         36     1.12188398838E-001,  -5.12327551842E-002,   9.92365360260E-001         F               0         Tower Z orientation angle, node 1, rad
         37     9.93684113026E-001,   3.40398214757E-003,  -1.12161755562E-001         F               0         Tower X orientation angle, node 2, rad
         38     2.36836168915E-003,   9.98680949211E-001,   5.12910634279E-002         F               0         Tower Y orientation angle, node 2, rad
         39     1.12188398838E-001,  -5.12327551842E-002,   9.92365360260E-001         F               0         Tower Z orientation angle, node 2, rad
         40     9.93684113026E-001,   3.40398214757E-003,  -1.12161755562E-001         F               0         Tower X orientation angle, node 3, rad
         41     2.36836168915E-003,   9.98680949211E-001,   5.12910634279E-002         F               0         Tower Y orientation angle, node 3, rad
         42     1.12188398838E-001,  -5.12327551842E-002,   9.92365360260E-001         F               0         Tower Z orientation angle, node 3, rad
         43     9.93684113026E-001,   3.40398214757E-003,  -1.12161755562E-001         F               0         Tower X orientation angle, node 4, rad
         44     2.36836168915E-003,   9.98680949211E-001,   5.12910634279E-002         F               0         Tower Y orientation angle, node 4, rad
         45     1.12188398838E-001,  -5.12327551842E-002,   9.92365360260E-001         F               0         Tower Z orientation angle, node 4, rad
         46     9.93684113026E-001,   3.40398214757E-003,  -1.12161755562E-001         F               0         Tower X orientation angle, node 5, rad
         47     2.36836168915E-003,   9.98680949211E-001,   5.12910634279E-002         F               0         Tower Y orientation angle, node 5, rad
         48     1.12188398838E-001,  -5.12327551842E-002,   9.92365360260E-001         F               0         Tower Z orientation angle, node 5, rad
         49     9.93684113026E-001,   3.40398214757E-003,  -1.12161755562E-001         F               0         Tower X orientation angle, node 6, rad
         50     2.36836168915E-003,   9.98680949211E-001,   5.12910634279E-002         F               0         Tower Y orientation angle, node 6, rad
         51     1.12188398838E-001,  -5.12327551842E-002,   9.92365360260E-001         F               0         Tower Z orientation angle, node 6, rad
         52     9.93684113026E-001,   3.40398214757E-003,  -1.12161755562E-001         F               0         Tower X orientation angle, node 7, rad
         53     2.36836168915E-003,   9.98680949211E-001,   5.12910634279E-002         F               0         Tower Y orientation angle, node 7, rad
         54     1.12188398838E-001,  -5.12327551842E-002,   9.92365360260E-001         F               0         Tower Z orientation angle, node 7, rad
         55     9.93684113026E-001,   3.40398214757E-003,  -1.12161755562E-001         F               0         Tower X orientation angle, node 8, rad
         56     2.36836168915E-003,   9.98680949211E-001,   5.12910597026E-002         F               0         Tower Y orientation angle, node 8, rad
         57     1.12188398838E-001,  -5.12327514589E-002,   9.92365360260E-001         F               0         Tower Z orientation angle, node 8, rad
         58     9.93684113026E-001,   3.40398238041E-003,  -1.12161763012E-001         F               0         Tower X orientation angle, node 9, rad
         59     2.36836192198E-003,   9.98680949211E-001,   5.12910634279E-002         F               0         Tower Y orientation angle, node 9, rad
         60     1.12188406289E-001,  -5.12327551842E-002,   9.92365360260E-001         F               0         Tower Z orientation angle, node 9, rad
         61     9.93684113026E-001,   3.40398214757E-003,  -1.12161755562E-001         F               0         Tower X orientation angle, node 10, rad
         62     2.36836168915E-003,   9.98680949211E-001,   5.12910634279E-002         F               0         Tower Y orientation angle, node 10, rad
         63     1.12188398838E-001,  -5.12327551842E-002,   9.92365360260E-001         F               0         Tower Z orientation angle, node 10, rad
         64     9.93684113026E-001,   3.40398214757E-003,  -1.12161755562E-001         F               0         Tower X orientation angle, node 11, rad
         65     2.36836168915E-003,   9.98680949211E-001,   5.12910634279E-002         F               0         Tower Y orientation angle, node 11, rad
         66     1.12188398838E-001,  -5.12327551842E-002,   9.92365360260E-001         F               0         Tower Z orientation angle, node 11, rad
         67     3.48081055563E-004                                                     F               0         Tower X translation velocity, node 1, m/s
         68    -4.05554717872E-004                                                     F               0         Tower Y translation velocity, node 1, m/s
         69    -3.55913699605E-003                                                     F               0         Tower Z translation velocity, node 1, m/s
         70     4.86437289510E-004                                                     F               0         Tower X translation velocity, node 2, m/s
         71    -6.30593392998E-004                                                     F               0         Tower Y translation velocity, node 2, m/s
         72    -3.58639634214E-003                                                     F               0         Tower Z translation velocity, node 2, m/s
         73     6.24793581665E-004                                                     F               0         Tower X translation velocity, node 3, m/s
         74    -8.55632184539E-004                                                     F               0         Tower Y translation velocity, node 3, m/s
         75    -3.61365568824E-003                                                     F               0         Tower Z translation velocity, node 3, m/s
         76     7.63149815612E-004                                                     F               0         Tower X translation velocity, node 4, m/s
         77    -1.08067097608E-003                                                     F               0         Tower Y translation velocity, node 4, m/s
         78    -3.64091526717E-003                                                     F               0         Tower Z translation velocity, node 4, m/s
         79     9.01506165974E-004                                                     F               0         Tower X translation velocity, node 5, m/s
         80    -1.30570970941E-003                                                     F               0         Tower Y translation velocity, node 5, m/s
         81    -3.66817461327E-003                                                     F               0         Tower Z translation velocity, node 5, m/s
         82     1.03986216709E-003                                                     F               0         Tower X translation velocity, node 6, m/s
         83    -1.53074832633E-003                                                     F               0         Tower Y translation velocity, node 6, m/s
         84    -3.69543419220E-003                                                     F               0         Tower Z translation velocity, node 6, m/s
         85     1.17821875028E-003                                                     F               0         Tower X translation velocity, node 7, m/s
         86    -1.75578729250E-003                                                     F               0         Tower Y translation velocity, node 7, m/s
         87    -3.72269353829E-003                                                     F               0         Tower Z translation velocity, node 7, m/s
         88     1.31657486781E-003                                                     F               0         Tower X translation velocity, node 8, m/s
         89    -1.98082579300E-003                                                     F               0         Tower Y translation velocity, node 8, m/s
         90    -3.74995288439E-003                                                     F               0         Tower Z translation velocity, node 8, m/s
         91     1.45493133459E-003                                                     F               0         Tower X translation velocity, node 9, m/s
         92    -2.20586475916E-003                                                     F               0         Tower Y translation velocity, node 9, m/s
         93    -3.77721246332E-003                                                     F               0         Tower Z translation velocity, node 9, m/s
         94     1.59328756854E-003                                                     F               0         Tower X translation velocity, node 10, m/s
         95    -2.43090349250E-003                                                     F               0         Tower Y translation velocity, node 10, m/s
         96    -3.80447180942E-003                                                     F               0         Tower Z translation velocity, node 10, m/s
         97     1.73164368607E-003                                                     F               0         Tower X translation velocity, node 11, m/s
         98    -2.65594222583E-003                                                     F               0         Tower Y translation velocity, node 11, m/s
         99    -3.83173138835E-003                                                     F               0         Tower Z translation velocity, node 11, m/s
        100     2.55128574371E+001                                                     F               0         Hub X translation displacement, node 1, m
        101    -8.32674217224E+000                                                     F               0         Hub Y translation displacement, node 1, m
        102    -6.40092939138E-002                                                     F               0         Hub Z translation displacement, node 1, m
        103     9.76513743401E-001,   8.74061603099E-003,  -2.15277746320E-001         F               0         Hub X orientation angle, node 1, rad
        104     1.03019900620E-001,  -8.96497189999E-001,   4.30905729532E-001         F               0         Hub Y orientation angle, node 1, rad
        105    -1.89229503274E-001,  -4.42963242531E-001,  -8.76342236996E-001         F               0         Hub Z orientation angle, node 1, rad
        106     7.73140311241E-001                                                     F               0         Hub X rotation velocity, node 1, rad/s
        107     6.93126115948E-003                                                     F               0         Hub Y rotation velocity, node 1, rad/s
        108    -1.70436725020E-001                                                     F               0         Hub Z rotation velocity, node 1, rad/s
        109     9.52306926250E-001,   1.34782806039E-001,  -2.73761063814E-001         F               0         Blade root 1 X orientation angle, node 1, rad
        110     2.39381968975E-001,  -8.86350452900E-001,   3.96332085133E-001         F               0         Blade root 1 Y orientation angle, node 1, rad
        111    -1.89229503274E-001,  -4.42963242531E-001,  -8.76342236996E-001         F               0         Blade root 1 Z orientation angle, node 1, rad
        112     9.97103989124E-001,  -4.39346389612E-004,  -7.60488957167E-002         F               0         Blade root 2 X orientation angle, node 1, rad
        113    -7.58584290743E-002,   6.52180239558E-002,  -9.94983494282E-001         F               0         Blade root 2 Y orientation angle, node 1, rad
        114     5.39690162987E-003,   9.97870922089E-001,   6.49958252907E-002         F               0         Blade root 2 Z orientation angle, node 1, rad
        115     9.50991809368E-001,  -1.08382426202E-001,  -2.89599508047E-001         F               0         Blade root 3 X orientation angle, node 1, rad
        116     2.48636692762E-001,   8.24821650982E-001,   5.07788419724E-001         F               0         Blade root 3 Y orientation angle, node 1, rad
        117     1.83832600713E-001,  -5.54907679558E-001,   8.11346411705E-001         F               0         Blade root 3 Z orientation angle, node 1, rad
        118     2.38854370117E+001                                                     F               0         Blade 1 X translation displacement, node 1, m
        119    -1.07807579041E+001                                                     F               0         Blade 1 Y translation displacement, node 1, m
        120    -1.04286041260E+001                                                     F               0         Blade 1 Z translation displacement, node 1, m
        121     2.34932994843E+001                                                     F               0         Blade 1 X translation displacement, node 2, m
        122    -1.13720731735E+001                                                     F               0         Blade 1 Y translation displacement, node 2, m
        123    -1.29260292053E+001                                                     F               0         Blade 1 Z translation displacement, node 2, m
        124     1.81608848572E+001                                                     F               0         Blade 1 X translation displacement, node 3, m
        125    -1.94129219055E+001                                                     F               0         Blade 1 Y translation displacement, node 3, m
        126    -4.68867149353E+001                                                     F               0         Blade 1 Z translation displacement, node 3, m
        127     1.70247821808E+001                                                     F               0         Blade 1 X translation displacement, node 4, m
        128    -2.11260719299E+001                                                     F               0         Blade 1 Y translation displacement, node 4, m
        129    -5.41222457886E+001                                                     F               0         Blade 1 Z translation displacement, node 4, m
        130     1.58884639740E+001                                                     F               0         Blade 1 X translation displacement, node 5, m
        131    -2.28395481110E+001                                                     F               0         Blade 1 Y translation displacement, node 5, m
        132    -6.13591423035E+001                                                     F               0         Blade 1 Z translation displacement, node 5, m
        133     1.47523565292E+001                                                     F               0         Blade 1 X translation displacement, node 6, m
        134    -2.45527057648E+001                                                     F               0         Blade 1 Y translation displacement, node 6, m
        135    -6.85947036743E+001                                                     F               0         Blade 1 Z translation displacement, node 6, m
        136     1.36162462234E+001                                                     F               0         Blade 1 X translation displacement, node 7, m
        137    -2.62658691406E+001                                                     F               0         Blade 1 Y translation displacement, node 7, m
        138    -7.58302764893E+001                                                     F               0         Blade 1 Z translation displacement, node 7, m
        139     1.24799318314E+001                                                     F               0         Blade 1 X translation displacement, node 8, m
        140    -2.79793376923E+001                                                     F               0         Blade 1 Y translation displacement, node 8, m
        141    -8.30671539307E+001                                                     F               0         Blade 1 Z translation displacement, node 8, m
        142     1.13438205719E+001                                                     F               0         Blade 1 X translation displacement, node 9, m
        143    -2.96925010681E+001                                                     F               0         Blade 1 Y translation displacement, node 9, m
        144    -9.03027267456E+001                                                     F               0         Blade 1 Z translation displacement, node 9, m
        145     1.02077140808E+001                                                     F               0         Blade 1 X translation displacement, node 10, m
        146    -3.14056587219E+001                                                     F               0         Blade 1 Y translation displacement, node 10, m
        147    -9.75382919312E+001                                                     F               0         Blade 1 Z translation displacement, node 10, m
        148     9.07160186768E+000                                                     F               0         Blade 1 X translation displacement, node 11, m
        149    -3.31188240051E+001                                                     F               0         Blade 1 Y translation displacement, node 11, m
        150    -1.04773864746E+002                                                     F               0         Blade 1 Z translation displacement, node 11, m
        151     7.93529272079E+000                                                     F               0         Blade 1 X translation displacement, node 12, m
        152    -3.48322868347E+001                                                     F               0         Blade 1 Y translation displacement, node 12, m
        153    -1.12010719299E+002                                                     F               0         Blade 1 Z translation displacement, node 12, m
        154     6.79918146133E+000                                                     F               0         Blade 1 X translation displacement, node 13, m
        155    -3.65454483032E+001                                                     F               0         Blade 1 Y translation displacement, node 13, m
        156    -1.19246292114E+002                                                     F               0         Blade 1 Z translation displacement, node 13, m
        157     5.66307497025E+000                                                     F               0         Blade 1 X translation displacement, node 14, m
        158    -3.82586059570E+001                                                     F               0         Blade 1 Y translation displacement, node 14, m
        159    -1.26481849670E+002                                                     F               0         Blade 1 Z translation displacement, node 14, m
        160     4.52675724030E+000                                                     F               0         Blade 1 X translation displacement, node 15, m
        161    -3.99720802307E+001                                                     F               0         Blade 1 Y translation displacement, node 15, m
        162    -1.33718734741E+002                                                     F               0         Blade 1 Z translation displacement, node 15, m
        163     3.39065003395E+000                                                     F               0         Blade 1 X translation displacement, node 16, m
        164    -4.16852378845E+001                                                     F               0         Blade 1 Y translation displacement, node 16, m
        165    -1.40954299927E+002                                                     F               0         Blade 1 Z translation displacement, node 16, m
        166     2.25453829765E+000                                                     F               0         Blade 1 X translation displacement, node 17, m
        167    -4.33984069824E+001                                                     F               0         Blade 1 Y translation displacement, node 17, m
        168    -1.48189880371E+002                                                     F               0         Blade 1 Z translation displacement, node 17, m
        169     1.11843049526E+000                                                     F               0         Blade 1 X translation displacement, node 18, m
        170    -4.51115646362E+001                                                     F               0         Blade 1 Y translation displacement, node 18, m
        171    -1.55425445557E+002                                                     F               0         Blade 1 Z translation displacement, node 18, m
        172    -1.78799331188E-002                                                     F               0         Blade 1 X translation displacement, node 19, m
        173    -4.68250274658E+001                                                     F               0         Blade 1 Y translation displacement, node 19, m
        174    -1.62662292480E+002                                                     F               0         Blade 1 Z translation displacement, node 19, m
        175    -1.15399193764E+000                                                     F               0         Blade 1 X translation displacement, node 20, m
        176    -4.85381889343E+001                                                     F               0         Blade 1 Y translation displacement, node 20, m
        177    -1.69897872925E+002                                                     F               0         Blade 1 Z translation displacement, node 20, m
        178    -2.29009962082E+000                                                     F               0         Blade 1 X translation displacement, node 21, m
        179    -5.02513504028E+001                                                     F               0         Blade 1 Y translation displacement, node 21, m
        180    -1.77133438110E+002                                                     F               0         Blade 1 Z translation displacement, node 21, m
        181    -3.42641448975E+000                                                     F               0         Blade 1 X translation displacement, node 22, m
        182    -5.19648208618E+001                                                     F               0         Blade 1 Y translation displacement, node 22, m
        183    -1.84370315552E+002                                                     F               0         Blade 1 Z translation displacement, node 22, m
        184    -4.56252622604E+000                                                     F               0         Blade 1 X translation displacement, node 23, m
        185    -5.36779861450E+001                                                     F               0         Blade 1 Y translation displacement, node 23, m
        186    -1.91605895996E+002                                                     F               0         Blade 1 Z translation displacement, node 23, m
        187    -5.69863414764E+000                                                     F               0         Blade 1 X translation displacement, node 24, m
        188    -5.53911437988E+001                                                     F               0         Blade 1 Y translation displacement, node 24, m
        189    -1.98841461182E+002                                                     F               0         Blade 1 Z translation displacement, node 24, m
        190    -6.83474159241E+000                                                     F               0         Blade 1 X translation displacement, node 25, m
        191    -5.71043014526E+001                                                     F               0         Blade 1 Y translation displacement, node 25, m
        192    -2.06077026367E+002                                                     F               0         Blade 1 Z translation displacement, node 25, m
        193    -7.97105646133E+000                                                     F               0         Blade 1 X translation displacement, node 26, m
        194    -5.88177757263E+001                                                     F               0         Blade 1 Y translation displacement, node 26, m
        195    -2.13313903809E+002                                                     F               0         Blade 1 Z translation displacement, node 26, m
        196    -9.10716342926E+000                                                     F               0         Blade 1 X translation displacement, node 27, m
        197    -6.05309295654E+001                                                     F               0         Blade 1 Y translation displacement, node 27, m
        198    -2.20549468994E+002                                                     F               0         Blade 1 Z translation displacement, node 27, m
        199    -1.00703420639E+001                                                     F               0         Blade 1 X translation displacement, node 28, m
        200    -6.19833259583E+001                                                     F               0         Blade 1 Y translation displacement, node 28, m
        201    -2.26683670044E+002                                                     F               0         Blade 1 Z translation displacement, node 28, m
        202     7.38367736340E-001,   5.24138748646E-001,  -4.24372047186E-001         F               0         Blade 1 X orientation angle, node 1, rad
        203     6.47306144238E-001,  -7.27366566658E-001,   2.27887272835E-001         F               0         Blade 1 Y orientation angle, node 1, rad
        204    -1.89229503274E-001,  -4.42963242531E-001,  -8.76342236996E-001         F               0         Blade 1 Z orientation angle, node 1, rad
        205     7.38367736340E-001,   5.24138748646E-001,  -4.24372047186E-001         F               0         Blade 1 X orientation angle, node 2, rad
        206     6.47306144238E-001,  -7.27366566658E-001,   2.27887272835E-001         F               0         Blade 1 Y orientation angle, node 2, rad
        207    -1.89229503274E-001,  -4.42963242531E-001,  -8.76342236996E-001         F               0         Blade 1 Z orientation angle, node 2, rad
        208     8.70746552944E-001,   3.36813360453E-001,  -3.58269721270E-001         F               0         Blade 1 X orientation angle, node 3, rad
        209     4.53864097595E-001,  -8.30867230892E-001,   3.21973711252E-001         F               0         Blade 1 Y orientation angle, node 3, rad
        210    -1.89229503274E-001,  -4.42963242531E-001,  -8.76342236996E-001         F               0         Blade 1 Z orientation angle, node 3, rad
        211     8.89134109020E-001,   3.01430106163E-001,  -3.44355046749E-001         F               0         Blade 1 X orientation angle, node 4, rad
        212     4.16692554951E-001,  -8.44347953796E-001,   3.36814284325E-001         F               0         Blade 1 Y orientation angle, node 4, rad
        213    -1.89229503274E-001,  -4.42963242531E-001,  -8.76342236996E-001         F               0         Blade 1 Z orientation angle, node 4, rad
        214     9.02460813522E-001,   2.73269891739E-001,  -3.32998573780E-001         F               0         Blade 1 X orientation angle, node 5, rad
        215     3.86984080076E-001,  -8.53877723217E-001,   3.48046243191E-001         F               0         Blade 1 Y orientation angle, node 5, rad
        216    -1.89229503274E-001,  -4.42963242531E-001,  -8.76342236996E-001         F               0         Blade 1 Z orientation angle, node 5, rad
        217     9.12408351898E-001,   2.50523835421E-001,  -3.23649168015E-001         F               0         Blade 1 X orientation angle, node 6, rad
        218     3.62909317017E-001,  -8.60825955868E-001,   3.56756865978E-001         F               0         Blade 1 Y orientation angle, node 6, rad
        219    -1.89229503274E-001,  -4.42963242531E-001,  -8.76342236996E-001         F               0         Blade 1 Z orientation angle, node 6, rad
        220     9.20108079910E-001,   2.31685414910E-001,  -3.15789550543E-001         F               0         Blade 1 X orientation angle, node 7, rad
        221     3.42918872833E-001,  -8.66086244583E-001,   3.63732337952E-001         F               0         Blade 1 Y orientation angle, node 7, rad
        222    -1.89229503274E-001,  -4.42963242531E-001,  -8.76342236996E-001         F               0         Blade 1 Z orientation angle, node 7, rad
        223     9.26180601120E-001,   2.15927407146E-001,  -3.09135615826E-001         F               0         Blade 1 X orientation angle, node 8, rad
        224     3.26162040234E-001,  -8.70148777962E-001,   3.69404137135E-001         F               0         Blade 1 Y orientation angle, node 8, rad
        225    -1.89229503274E-001,  -4.42963242531E-001,  -8.76342236996E-001         F               0         Blade 1 Z orientation angle, node 8, rad
        226     9.31080639362E-001,   2.02537924051E-001,  -3.03425759077E-001         F               0         Blade 1 X orientation angle, node 9, rad
        227     3.11899006367E-001,  -8.73362421989E-001,   3.74108433723E-001         F               0         Blade 1 Y orientation angle, node 9, rad
        228    -1.89229488373E-001,  -4.42963331938E-001,  -8.76342236996E-001         F               0         Blade 1 Z orientation angle, node 9, rad
        229     9.35135841370E-001,   1.90935745835E-001,  -2.98436850309E-001         F               0         Blade 1 X orientation angle, node 10, rad
        230     2.99521625042E-001,  -8.75972092152E-001,   3.78100126982E-001         F               0         Blade 1 Y orientation angle, node 10, rad
        231    -1.89229503274E-001,  -4.42963242531E-001,  -8.76342236996E-001         F               0         Blade 1 Z orientation angle, node 10, rad
        232     9.38473522663E-001,   1.80986091495E-001,  -2.94128328562E-001         F               0         Blade 1 X orientation angle, node 11, rad
        233     2.88893789053E-001,  -8.78081738949E-001,   3.81461411715E-001         F               0         Blade 1 Y orientation angle, node 11, rad
        234    -1.89229503274E-001,  -4.42963272333E-001,  -8.76342236996E-001         F               0         Blade 1 Z orientation angle, node 11, rad
        235     9.41301047802E-001,   1.72241792083E-001,  -2.90318906307E-001         F               0         Blade 1 X orientation angle, node 12, rad
        236     2.79543370008E-001,  -8.79838824272E-001,   3.84368538857E-001         F               0         Blade 1 Y orientation angle, node 12, rad
        237    -1.89229503274E-001,  -4.42963242531E-001,  -8.76342236996E-001         F               0         Blade 1 Z orientation angle, node 12, rad
        238     9.43704664707E-001,   1.64557278156E-001,  -2.86953628063E-001         F               0         Blade 1 X orientation angle, node 13, rad
        239     2.71318405867E-001,  -8.81308376789E-001,   3.86887401342E-001         F               0         Blade 1 Y orientation angle, node 13, rad
        240    -1.89229503274E-001,  -4.42963242531E-001,  -8.76342236996E-001         F               0         Blade 1 Z orientation angle, node 13, rad
        241     9.45806503296E-001,   1.57630503178E-001,  -2.83906221390E-001         F               0         Blade 1 X orientation angle, node 14, rad
        242     2.63898283243E-001,  -8.82573604584E-001,   3.89129161835E-001         F               0         Blade 1 Y orientation angle, node 14, rad
        243    -1.89229518175E-001,  -4.42963242531E-001,  -8.76342236996E-001         F               0         Blade 1 Z orientation angle, node 14, rad
        244     9.47625756264E-001,   1.51465177536E-001,  -2.81182676554E-001         F               0         Blade 1 X orientation angle, node 15, rad
        245     2.57288932800E-001,  -8.83652508259E-001,   3.91101777554E-001         F               0         Blade 1 Y orientation angle, node 15, rad
        246    -1.89229503274E-001,  -4.42963331938E-001,  -8.76342236996E-001         F               0         Blade 1 Z orientation angle, node 15, rad
        247     9.49223637581E-001,   1.45910069346E-001,  -2.78719782829E-001         F               0         Blade 1 X orientation angle, node 16, rad
