
Linearized model: Predictions were generated on 13-Feb-2024 at 12:12:09 using OpenFAST, compiled as a 64-bit application using single precision at commit v3.5.1
 linked with  NWTC Subroutine Library; ElastoDyn; InflowWind; AeroDyn; ServoDyn; HydroDyn; MAP++ (<1.20.10>, <Oct-20-2023>)

Description from the FAST input file: CCT-9 Campign 4 model. Input files to be run with OpenFAST 3.5.0. GitHub branch from Lu Wang (https://github.com/luwang00/openfast/tree/dev) compiled on March 7, 2023.

Simulation information:
   Simulation time:                   776.6250 s
   Rotor Speed:                         0.7923 rad/s
   Azimuth:                             4.9014 rad
   Wind Speed:                         24.0000 m/s
   Number of continuous states:         0
   Number of discrete states:           0
   Number of constraint states:         0
   Number of inputs:                 1746
   Number of outputs:                   4
   Jacobians included in this file?    No

Order of inputs:
     Column   Operating Point                                                   Rotating Frame? Derivative Order Description
   ---------- ---------------                                                   --------------- ---------------- -----------
          1     8.55331134796E+000                                                     F               0         Tower X translation displacement, node 1, m
          2    -1.82342362404E+000                                                     F               0         Tower Y translation displacement, node 1, m
          3    -2.24164858460E-001                                                     F               0         Tower Z translation displacement, node 1, m
          4     9.72599983215E+000                                                     F               0         Tower X translation displacement, node 2, m
          5    -2.49980068207E+000                                                     F               0         Tower Y translation displacement, node 2, m
          6    -2.98559904099E-001                                                     F               0         Tower Z translation displacement, node 2, m
          7     1.09173831940E+001                                                     F               0         Tower X translation displacement, node 3, m
          8    -3.18373060226E+000                                                     F               0         Tower Y translation displacement, node 3, m
          9    -3.75168800354E-001                                                     F               0         Tower Z translation displacement, node 3, m
         10     1.21227807999E+001                                                     F               0         Tower X translation displacement, node 4, m
         11    -3.87387871742E+000                                                     F               0         Tower Y translation displacement, node 4, m
         12    -4.53493416309E-001                                                     F               0         Tower Z translation displacement, node 4, m
         13     1.33395853043E+001                                                     F               0         Tower X translation displacement, node 5, m
         14    -4.56964921951E+000                                                     F               0         Tower Y translation displacement, node 5, m
         15    -5.33257782459E-001                                                     F               0         Tower Z translation displacement, node 5, m
         16     1.45653629303E+001                                                     F               0         Tower X translation displacement, node 6, m
         17    -5.27041196823E+000                                                     F               0         Tower Y translation displacement, node 6, m
         18    -6.14209651947E-001                                                     F               0         Tower Z translation displacement, node 6, m
         19     1.57974863052E+001                                                     F               0         Tower X translation displacement, node 7, m
         20    -5.97518396378E+000                                                     F               0         Tower Y translation displacement, node 7, m
         21    -6.96012258530E-001                                                     F               0         Tower Z translation displacement, node 7, m
         22     1.70347156525E+001                                                     F               0         Tower X translation displacement, node 8, m
         23    -6.68364906311E+000                                                     F               0         Tower Y translation displacement, node 8, m
         24    -7.78553366661E-001                                                     F               0         Tower Z translation displacement, node 8, m
         25     1.82754116058E+001                                                     F               0         Tower X translation displacement, node 9, m
         26    -7.39504384995E+000                                                     F               0         Tower Y translation displacement, node 9, m
         27    -8.61604452133E-001                                                     F               0         Tower Z translation displacement, node 9, m
         28     1.95182304382E+001                                                     F               0         Tower X translation displacement, node 10, m
         29    -8.10855865479E+000                                                     F               0         Tower Y translation displacement, node 10, m
         30    -9.44999873638E-001                                                     F               0         Tower Z translation displacement, node 10, m
         31     2.07621040344E+001                                                     F               0         Tower X translation displacement, node 11, m
         32    -8.82339954376E+000                                                     F               0         Tower Y translation displacement, node 11, m
         33    -1.02857637405E+000                                                     F               0         Tower Z translation displacement, node 11, m
         34     9.95473086834E-001,  -6.66812993586E-003,  -9.48096439242E-002         F               0         Tower X orientation angle, node 1, rad
         35     1.17966644466E-002,   9.98490869999E-001,   5.36358430982E-002         F               0         Tower Y orientation angle, node 1, rad
         36     9.43089127541E-002,  -5.45114763081E-002,   9.94049429893E-001         F               0         Tower Z orientation angle, node 1, rad
         37     9.95335996151E-001,  -6.58907648176E-003,  -9.62436795235E-002         F               0         Tower X orientation angle, node 2, rad
         38     1.18494965136E-002,   9.98460412025E-001,   5.41884787381E-002         F               0         Tower Y orientation angle, node 2, rad
         39     9.57384482026E-002,  -5.50761818886E-002,   9.93881642818E-001         F               0         Tower Z orientation angle, node 2, rad
         40     9.95215356350E-001,  -6.51977676898E-003,  -9.74877774715E-002         F               0         Tower X orientation angle, node 3, rad
         41     1.18992421776E-002,   9.98431861401E-001,   5.47017864883E-002         F               0         Tower Y orientation angle, node 3, rad
         42     9.69782546163E-002,  -5.56000918150E-002,   9.93732273579E-001         F               0         Tower Z orientation angle, node 3, rad
         43     9.95113849640E-001,  -6.46154070273E-003,  -9.85227301717E-002         F               0         Tower X orientation angle, node 4, rad
         44     1.19451712817E-002,   9.98405456543E-001,   5.51706925035E-002         F               0         Tower Y orientation angle, node 4, rad
         45     9.80091392994E-002,  -5.60779906809E-002,   9.93604302406E-001         F               0         Tower Z orientation angle, node 4, rad
         46     9.95031058788E-001,  -6.41406700015E-003,  -9.93580520153E-002         F               0         Tower X orientation angle, node 5, rad
         47     1.19868880138E-002,   9.98381555080E-001,   5.55932782590E-002         F               0         Tower Y orientation angle, node 5, rad
         48     9.88406687975E-002,  -5.65080344677E-002,   9.93497550488E-001         F               0         Tower Z orientation angle, node 5, rad
         49     9.94966089725E-001,  -6.37669907883E-003,  -1.00009053946E-001         F               0         Tower X orientation angle, node 6, rad
         50     1.20239304379E-002,   9.98360216618E-001,   5.59665337205E-002         F               0         Tower Y orientation angle, node 6, rad
         51     9.94881764054E-002,  -5.68873062730E-002,   9.93411242962E-001         F               0         Tower Z orientation angle, node 6, rad
         52     9.94918465614E-001,  -6.34918874130E-003,  -1.00483372808E-001         F               0         Tower X orientation angle, node 7, rad
         53     1.20553309098E-002,   9.98342096806E-001,   5.62820360065E-002         F               0         Tower Y orientation angle, node 7, rad
         54     9.99594405293E-002,  -5.72073981166E-002,   9.93345558643E-001         F               0         Tower Z orientation angle, node 7, rad
         55     9.94884669781E-001,  -6.32953550667E-003,  -1.00818775594E-001         F               0         Tower X orientation angle, node 8, rad
         56     1.20810437948E-002,   9.98327255249E-001,   5.65400421619E-002         F               0         Tower Y orientation angle, node 8, rad
         57     1.00292257965E-001,  -5.74688203633E-002,   9.93296921253E-001         F               0         Tower Z orientation angle, node 8, rad
         58     9.94862437248E-001,  -6.31651422009E-003,  -1.01038679481E-001         F               0         Tower X orientation angle, node 9, rad
         59     1.21006732807E-002,   9.98315811157E-001,   5.67369721830E-002         F               0         Tower Y orientation angle, node 9, rad
         60     1.00510135293E-001,  -5.76681196690E-002,   9.93263363838E-001         F               0         Tower Z orientation angle, node 9, rad
         61     9.94849562645E-001,  -6.30890391767E-003,  -1.01165808737E-001         F               0         Tower X orientation angle, node 10, rad
         62     1.21139204130E-002,   9.98308122158E-001,   5.68699836731E-002         F               0         Tower Y orientation angle, node 10, rad
         63     1.00635863841E-001,  -5.78025951982E-002,   9.93242800236E-001         F               0         Tower Z orientation angle, node 10, rad
         64     9.94843423367E-001,  -6.30523636937E-003,  -1.01226381958E-001         F               0         Tower X orientation angle, node 11, rad
         65     1.21213104576E-002,   9.98303771019E-001,   5.69442920387E-002         F               0         Tower Y orientation angle, node 11, rad
         66     1.00695632398E-001,  -5.78776523471E-002,   9.93232369423E-001         F               0         Tower Z orientation angle, node 11, rad
         67     8.05060938001E-003                                                     F               0         Tower X translation velocity, node 1, m/s
         68    -1.29099644255E-003                                                     F               0         Tower Y translation velocity, node 1, m/s
         69    -5.34288398921E-003                                                     F               0         Tower Z translation velocity, node 1, m/s
         70     9.89090558141E-003                                                     F               0         Tower X translation velocity, node 2, m/s
         71    -1.92816811614E-003                                                     F               0         Tower Y translation velocity, node 2, m/s
         72    -5.55346347392E-003                                                     F               0         Tower Z translation velocity, node 2, m/s
         73     1.04084070772E-002                                                     F               0         Tower X translation velocity, node 3, m/s
         74    -1.97952496819E-003                                                     F               0         Tower Y translation velocity, node 3, m/s
         75    -5.60652976856E-003                                                     F               0         Tower Z translation velocity, node 3, m/s
         76     9.83748305589E-003                                                     F               0         Tower X translation velocity, node 4, m/s
         77    -1.55592698138E-003                                                     F               0         Tower Y translation velocity, node 4, m/s
         78    -5.52665814757E-003                                                     F               0         Tower Z translation velocity, node 4, m/s
         79     8.28268565238E-003                                                     F               0         Tower X translation velocity, node 5, m/s
         80    -7.09547835868E-004                                                     F               0         Tower Y translation velocity, node 5, m/s
         81    -5.32456301153E-003                                                     F               0         Tower Z translation velocity, node 5, m/s
         82     5.85403060541E-003                                                     F               0         Tower X translation velocity, node 6, m/s
         83     5.06229815073E-004                                                     F               0         Tower Y translation velocity, node 6, m/s
         84    -5.01261139289E-003                                                     F               0         Tower Z translation velocity, node 6, m/s
         85     2.72311572917E-003                                                     F               0         Tower X translation velocity, node 7, m/s
         86     2.01414409094E-003                                                     F               0         Tower Y translation velocity, node 7, m/s
         87    -4.61174920201E-003                                                     F               0         Tower Z translation velocity, node 7, m/s
         88    -1.05635588989E-003                                                     F               0         Tower X translation velocity, node 8, m/s
         89     3.78755084239E-003                                                     F               0         Tower Y translation velocity, node 8, m/s
         90    -4.12844819948E-003                                                     F               0         Tower Z translation velocity, node 8, m/s
         91    -5.35239279270E-003                                                     F               0         Tower X translation velocity, node 9, m/s
         92     5.76861435547E-003                                                     F               0         Tower Y translation velocity, node 9, m/s
         93    -3.57939861715E-003                                                     F               0         Tower Z translation velocity, node 9, m/s
         94    -1.00260237232E-002                                                     F               0         Tower X translation velocity, node 10, m/s
         95     7.89841171354E-003                                                     F               0         Tower Y translation velocity, node 10, m/s
         96    -2.98236520030E-003                                                     F               0         Tower Z translation velocity, node 10, m/s
         97    -1.49376029149E-002                                                     F               0         Tower X translation velocity, node 11, m/s
         98     1.01207355037E-002                                                     F               0         Tower Y translation velocity, node 11, m/s
         99    -2.35521350987E-003                                                     F               0         Tower Z translation velocity, node 11, m/s
        100     2.16082782745E+001                                                     F               0         Hub X translation displacement, node 1, m
        101    -9.20964908600E+000                                                     F               0         Hub Y translation displacement, node 1, m
        102     1.15983001888E-002                                                     F               0         Hub Z translation displacement, node 1, m
        103     9.78868007660E-001,  -2.20833593630E-004,  -2.04492911696E-001         F               0         Hub X orientation angle, node 1, rad
        104    -1.98219656944E-001,   2.44768321514E-001,  -9.49103474617E-001         F               0         Hub Y orientation angle, node 1, rad
        105     5.02629801631E-002,   9.69581544399E-001,   2.39552110434E-001         F               0         Hub Z orientation angle, node 1, rad
        106     7.75396227837E-001                                                     F               0         Hub X rotation velocity, node 1, rad/s
        107    -5.80545165576E-004                                                     F               0         Hub Y rotation velocity, node 1, rad/s
        108    -1.62003219128E-001                                                     F               0         Hub Z rotation velocity, node 1, rad/s
        109     9.94229555130E-001,  -7.13352560997E-002,   8.01178812981E-002         F               0         Blade root 1 X orientation angle, node 1, rad
        110     9.47693288326E-002,   2.34142825007E-001,  -9.67572152615E-001         F               0         Blade root 1 Y orientation angle, node 1, rad
        111     5.02629801631E-002,   9.69581544399E-001,   2.39552110434E-001         F               0         Blade root 1 Z orientation angle, node 1, rad
        112     8.95184040070E-001,  -2.08641365170E-001,  -3.93845528364E-001         F               0         Blade root 2 X orientation angle, node 1, rad
        113     4.20920372009E-001,   6.86283767223E-001,   5.93161523342E-001         F               0         Blade root 2 Y orientation angle, node 1, rad
        114     1.46531775594E-001,  -6.96766376495E-001,   7.02171683311E-001         F               0         Blade root 2 Z orientation angle, node 1, rad
        115     9.20481085777E-001,   2.79342710972E-001,  -2.73280531168E-001         F               0         Blade root 3 X orientation angle, node 1, rad
        116     3.37618738413E-001,  -9.20619070530E-001,   1.96148052812E-001         F               0         Blade root 3 Y orientation angle, node 1, rad
        117    -1.96794748306E-001,  -2.72815197706E-001,  -9.41723763943E-001         F               0         Blade root 3 Z orientation angle, node 1, rad
        118     2.13076457977E+001                                                     F               0         Blade 1 X translation displacement, node 1, m
        119    -3.83816766739E+000                                                     F               0         Blade 1 Y translation displacement, node 1, m
        120    -4.17094182968E+000                                                     F               0         Blade 1 Z translation displacement, node 1, m
        121     2.12352066040E+001                                                     F               0         Blade 1 X translation displacement, node 2, m
        122    -2.54386734962E+000                                                     F               0         Blade 1 Y translation displacement, node 2, m
        123    -5.17875337601E+000                                                     F               0         Blade 1 Z translation displacement, node 2, m
        124     2.02501583099E+001                                                     F               0         Blade 1 X translation displacement, node 3, m
        125     1.50563716888E+001                                                     F               0         Blade 1 Y translation displacement, node 3, m
        126    -1.88832683563E+001                                                     F               0         Blade 1 Z translation displacement, node 3, m
        127     2.00402870178E+001                                                     F               0         Blade 1 X translation displacement, node 4, m
        128     1.88062057495E+001                                                     F               0         Blade 1 Y translation displacement, node 4, m
        129    -2.18031044006E+001                                                     F               0         Blade 1 Z translation displacement, node 4, m
        130     1.98303775787E+001                                                     F               0         Blade 1 X translation displacement, node 5, m
        131     2.25567550659E+001                                                     F               0         Blade 1 Y translation displacement, node 5, m
        132    -2.47234821320E+001                                                     F               0         Blade 1 Z translation displacement, node 5, m
        133     1.96205062866E+001                                                     F               0         Blade 1 X translation displacement, node 6, m
        134     2.63066043854E+001                                                     F               0         Blade 1 Y translation displacement, node 6, m
        135    -2.76433296204E+001                                                     F               0         Blade 1 Z translation displacement, node 6, m
        136     1.94106330872E+001                                                     F               0         Blade 1 X translation displacement, node 7, m
        137     3.00564670563E+001                                                     F               0         Blade 1 Y translation displacement, node 7, m
        138    -3.05631732941E+001                                                     F               0         Blade 1 Z translation displacement, node 7, m
        139     1.92007236481E+001                                                     F               0         Blade 1 X translation displacement, node 8, m
        140     3.38069992065E+001                                                     F               0         Blade 1 Y translation displacement, node 8, m
        141    -3.34835548401E+001                                                     F               0         Blade 1 Z translation displacement, node 8, m
        142     1.89908504486E+001                                                     F               0         Blade 1 X translation displacement, node 9, m
        143     3.75568656921E+001                                                     F               0         Blade 1 Y translation displacement, node 9, m
        144    -3.64033966064E+001                                                     F               0         Blade 1 Z translation displacement, node 9, m
        145     1.87809810638E+001                                                     F               0         Blade 1 X translation displacement, node 10, m
        146     4.13067131042E+001                                                     F               0         Blade 1 Y translation displacement, node 10, m
        147    -3.93232460022E+001                                                     F               0         Blade 1 Z translation displacement, node 10, m
        148     1.85711078644E+001                                                     F               0         Blade 1 X translation displacement, node 11, m
        149     4.50565795898E+001                                                     F               0         Blade 1 Y translation displacement, node 11, m
        150    -4.22430877686E+001                                                     F               0         Blade 1 Z translation displacement, node 11, m
        151     1.83611984253E+001                                                     F               0         Blade 1 X translation displacement, node 12, m
        152     4.88070983887E+001                                                     F               0         Blade 1 Y translation displacement, node 12, m
        153    -4.51634559631E+001                                                     F               0         Blade 1 Z translation displacement, node 12, m
        154     1.81513271332E+001                                                     F               0         Blade 1 X translation displacement, node 13, m
        155     5.25569610596E+001                                                     F               0         Blade 1 Y translation displacement, node 13, m
        156    -4.80833015442E+001                                                     F               0         Blade 1 Z translation displacement, node 13, m
        157     1.79414558411E+001                                                     F               0         Blade 1 X translation displacement, node 14, m
        158     5.63068122864E+001                                                     F               0         Blade 1 Y translation displacement, node 14, m
        159    -5.10031509399E+001                                                     F               0         Blade 1 Z translation displacement, node 14, m
        160     1.77315444946E+001                                                     F               0         Blade 1 X translation displacement, node 15, m
        161     6.00573539734E+001                                                     F               0         Blade 1 Y translation displacement, node 15, m
        162    -5.39235267639E+001                                                     F               0         Blade 1 Z translation displacement, node 15, m
        163     1.75216732025E+001                                                     F               0         Blade 1 X translation displacement, node 16, m
        164     6.38072090149E+001                                                     F               0         Blade 1 Y translation displacement, node 16, m
        165    -5.68433723450E+001                                                     F               0         Blade 1 Z translation displacement, node 16, m
        166     1.73118019104E+001                                                     F               0         Blade 1 X translation displacement, node 17, m
        167     6.75570755005E+001                                                     F               0         Blade 1 Y translation displacement, node 17, m
        168    -5.97632179260E+001                                                     F               0         Blade 1 Z translation displacement, node 17, m
        169     1.71019306183E+001                                                     F               0         Blade 1 X translation displacement, node 18, m
        170     7.13069305420E+001                                                     F               0         Blade 1 Y translation displacement, node 18, m
        171    -6.26830673218E+001                                                     F               0         Blade 1 Z translation displacement, node 18, m
        172     1.68920211792E+001                                                     F               0         Blade 1 X translation displacement, node 19, m
        173     7.50574493408E+001                                                     F               0         Blade 1 Y translation displacement, node 19, m
        174    -6.56034317017E+001                                                     F               0         Blade 1 Z translation displacement, node 19, m
        175     1.66821479797E+001                                                     F               0         Blade 1 X translation displacement, node 20, m
        176     7.88073120117E+001                                                     F               0         Blade 1 Y translation displacement, node 20, m
        177    -6.85232696533E+001                                                     F               0         Blade 1 Z translation displacement, node 20, m
        178     1.64722785950E+001                                                     F               0         Blade 1 X translation displacement, node 21, m
        179     8.25571670532E+001                                                     F               0         Blade 1 Y translation displacement, node 21, m
        180    -7.14431228638E+001                                                     F               0         Blade 1 Z translation displacement, node 21, m
        181     1.62623672485E+001                                                     F               0         Blade 1 X translation displacement, node 22, m
        182     8.63077011108E+001                                                     F               0         Blade 1 Y translation displacement, node 22, m
        183    -7.43635025024E+001                                                     F               0         Blade 1 Z translation displacement, node 22, m
        184     1.60524940491E+001                                                     F               0         Blade 1 X translation displacement, node 23, m
        185     9.00575714111E+001                                                     F               0         Blade 1 Y translation displacement, node 23, m
        186    -7.72833404541E+001                                                     F               0         Blade 1 Z translation displacement, node 23, m
        187     1.58426237106E+001                                                     F               0         Blade 1 X translation displacement, node 24, m
        188     9.38074264526E+001                                                     F               0         Blade 1 Y translation displacement, node 24, m
        189    -8.02031936646E+001                                                     F               0         Blade 1 Z translation displacement, node 24, m
        190     1.56327524185E+001                                                     F               0         Blade 1 X translation displacement, node 25, m
        191     9.75572738647E+001                                                     F               0         Blade 1 Y translation displacement, node 25, m
        192    -8.31230392456E+001                                                     F               0         Blade 1 Z translation displacement, node 25, m
        193     1.54228429794E+001                                                     F               0         Blade 1 X translation displacement, node 26, m
        194     1.01307815552E+002                                                     F               0         Blade 1 Y translation displacement, node 26, m
        195    -8.60434188843E+001                                                     F               0         Blade 1 Z translation displacement, node 26, m
        196     1.52129707336E+001                                                     F               0         Blade 1 X translation displacement, node 27, m
        197     1.05057662964E+002                                                     F               0         Blade 1 Y translation displacement, node 27, m
        198    -8.89632644653E+001                                                     F               0         Blade 1 Z translation displacement, node 27, m
        199     1.50350446701E+001                                                     F               0         Blade 1 X translation displacement, node 28, m
        200     1.08236740112E+002                                                     F               0         Blade 1 Y translation displacement, node 28, m
        201    -9.14386520386E+001                                                     F               0         Blade 1 Z translation displacement, node 28, m
        202     8.41622769833E-001,  -1.70258224010E-001,   5.12526333332E-001         F               0         Blade 1 X orientation angle, node 1, rad
        203     5.37721812725E-001,   1.75851404667E-001,  -8.24579596519E-001         F               0         Blade 1 Y orientation angle, node 1, rad
        204     5.02629801631E-002,   9.69581544399E-001,   2.39552110434E-001         F               0         Blade 1 Z orientation angle, node 1, rad
        205     8.41622769833E-001,  -1.70258224010E-001,   5.12526333332E-001         F               0         Blade 1 X orientation angle, node 2, rad
        206     5.37721812725E-001,   1.75851404667E-001,  -8.24579596519E-001         F               0         Blade 1 Y orientation angle, node 2, rad
        207     5.02629801631E-002,   9.69581544399E-001,   2.39552110434E-001         F               0         Blade 1 Z orientation angle, node 2, rad
        208     9.45087254047E-001,  -1.23729050159E-001,   3.02491605282E-001         F               0         Blade 1 X orientation angle, node 3, rad
        209     3.22929859161E-001,   2.11193516850E-001,  -9.22558188438E-001         F               0         Blade 1 Y orientation angle, node 3, rad
        210     5.02629801631E-002,   9.69581544399E-001,   2.39552110434E-001         F               0         Blade 1 Z orientation angle, node 3, rad
        211     9.57879900932E-001,  -1.14701181650E-001,   2.63267368078E-001         F               0         Blade 1 X orientation angle, node 4, rad
        212     2.82736092806E-001,   2.16229543090E-001,  -9.34507966042E-001         F               0         Blade 1 Y orientation angle, node 4, rad
        213     5.02629801631E-002,   9.69581544399E-001,   2.39552110434E-001         F               0         Blade 1 Z orientation angle, node 4, rad
        214     9.66727435589E-001,  -1.07468992472E-001,   2.32138857245E-001         F               0         Blade 1 X orientation angle, node 5, rad
        215     2.50821977854E-001,   2.19913601875E-001,  -9.42722856998E-001         F               0         Blade 1 Y orientation angle, node 5, rad
        216     5.02629801631E-002,   9.69581544399E-001,   2.39552110434E-001         F               0         Blade 1 Z orientation angle, node 5, rad
        217     9.73040580750E-001,  -1.01597771049E-001,   2.07050591707E-001         F               0         Blade 1 X orientation angle, node 6, rad
        218     2.25090399384E-001,   2.22686931491E-001,  -9.48548793793E-001         F               0         Blade 1 Y orientation angle, node 6, rad
        219     5.02629801631E-002,   9.69581544399E-001,   2.39552110434E-001         F               0         Blade 1 Z orientation angle, node 6, rad
        220     9.77719306946E-001,  -9.67157036066E-002,   1.86308845878E-001         F               0         Blade 1 X orientation angle, node 7, rad
        221     2.03810065985E-001,   2.24850282073E-001,  -9.52839851379E-001         F               0         Blade 1 Y orientation angle, node 7, rad
        222     5.02629801631E-002,   9.69581544399E-001,   2.39552110434E-001         F               0         Blade 1 Z orientation angle, node 7, rad
        223     9.81257498264E-001,  -9.26186442375E-002,   1.68983697891E-001         F               0         Blade 1 X orientation angle, node 8, rad
        224     1.86030477285E-001,   2.26568683982E-001,  -9.56064462662E-001         F               0         Blade 1 Y orientation angle, node 8, rad
        225     5.02629801631E-002,   9.69581544399E-001,   2.39552110434E-001         F               0         Blade 1 Z orientation angle, node 8, rad
        226     9.83998894691E-001,  -8.91280099750E-002,   1.54280245304E-001         F               0         Blade 1 X orientation angle, node 9, rad
        227     1.70938089490E-001,   2.27964460850E-001,  -9.58546996117E-001         F               0         Blade 1 Y orientation angle, node 9, rad
        228     5.02629764378E-002,   9.69581544399E-001,   2.39552140236E-001         F               0         Blade 1 Z orientation angle, node 9, rad
        229     9.86179649830E-001,  -8.60964208841E-002,   1.41552403569E-001         F               0         Blade 1 X orientation angle, node 10, rad
        230     1.57871186733E-001,   2.29126572609E-001,  -9.60509061813E-001         F               0         Blade 1 Y orientation angle, node 10, rad
        231     5.02629801631E-002,   9.69581544399E-001,   2.39552110434E-001         F               0         Blade 1 Z orientation angle, node 10, rad
        232     9.87907171249E-001,  -8.34915786982E-002,   1.30646899343E-001         F               0         Blade 1 X orientation angle, node 11, rad
        233     1.46673411131E-001,   2.30088546872E-001,  -9.62053120136E-001         F               0         Blade 1 Y orientation angle, node 11, rad
        234     5.02629801631E-002,   9.69581544399E-001,   2.39552110434E-001         F               0         Blade 1 Z orientation angle, node 11, rad
        235     9.89317417145E-001,  -8.11984762549E-002,   1.21069721878E-001         F               0         Blade 1 X orientation angle, node 12, rad
        236     1.36838242412E-001,   2.30907738209E-001,  -9.63305175304E-001         F               0         Blade 1 Y orientation angle, node 12, rad
        237     5.02629801631E-002,   9.69581544399E-001,   2.39552110434E-001         F               0         Blade 1 Z orientation angle, node 12, rad
        238     9.90473866463E-001,  -7.91803598404E-002,   1.12658798695E-001         F               0         Blade 1 X orientation angle, node 13, rad
        239     1.28199711442E-001,   2.31607526541E-001,  -9.64325070381E-001         F               0         Blade 1 Y orientation angle, node 13, rad
        240     5.02629801631E-002,   9.69581544399E-001,   2.39552110434E-001         F               0         Blade 1 Z orientation angle, node 13, rad
        241     9.91450190544E-001,  -7.73588940501E-002,   1.05081610382E-001         F               0         Blade 1 X orientation angle, node 14, rad
        242     1.20416678488E-001,   2.32222259045E-001,  -9.65180099010E-001         F               0         Blade 1 Y orientation angle, node 14, rad
        243     5.02629801631E-002,   9.69581544399E-001,   2.39552095532E-001         F               0         Blade 1 Z orientation angle, node 14, rad
        244     9.92266654968E-001,  -7.57358074188E-002,   9.83408689499E-002         F               0         Blade 1 X orientation angle, node 15, rad
        245     1.13492168486E-001,   2.32756704092E-001,  -9.65890169144E-001         F               0         Blade 1 Y orientation angle, node 15, rad
        246     5.02629764378E-002,   9.69581544399E-001,   2.39552140236E-001         F               0         Blade 1 Z orientation angle, node 15, rad
        247     9.92960155010E-001,  -7.42718726397E-002,   9.22701060772E-002         F               0         Blade 1 X orientation angle, node 16, rad
