
Linearized model: Predictions were generated on 13-Feb-2024 at 11:29:37 using OpenFAST, compiled as a 64-bit application using single precision at commit v3.5.1
 linked with  NWTC Subroutine Library; ElastoDyn; InflowWind; AeroDyn; ServoDyn; HydroDyn; MAP++ (<1.20.10>, <Oct-20-2023>)

Description from the FAST input file: CCT-9 Campign 4 model. Input files to be run with OpenFAST 3.5.0. GitHub branch from Lu Wang (https://github.com/luwang00/openfast/tree/dev) compiled on March 7, 2023.

Simulation information:
   Simulation time:                  1213.2750 s
   Rotor Speed:                         0.7917 rad/s
   Azimuth:                             1.9393 rad
   Wind Speed:                         16.0000 m/s
   Number of continuous states:         0
   Number of discrete states:           0
   Number of constraint states:         0
   Number of inputs:                 1746
   Number of outputs:                   4
   Jacobians included in this file?    No

Order of inputs:
     Column   Operating Point                                                   Rotating Frame? Derivative Order Description
   ---------- ---------------                                                   --------------- ---------------- -----------
          1     1.07027072906E+001                                                     F               0         Tower X translation displacement, node 1, m
          2    -1.55813705921E+000                                                     F               0         Tower Y translation displacement, node 1, m
          3    -2.69959688187E-001                                                     F               0         Tower Z translation displacement, node 1, m
          4     1.20886573792E+001                                                     F               0         Tower X translation displacement, node 2, m
          5    -2.19112253189E+000                                                     F               0         Tower Y translation displacement, node 2, m
          6    -3.64271938801E-001                                                     F               0         Tower Z translation displacement, node 2, m
          7     1.34746084213E+001                                                     F               0         Tower X translation displacement, node 3, m
          8    -2.82410812378E+000                                                     F               0         Tower Y translation displacement, node 3, m
          9    -4.58582133055E-001                                                     F               0         Tower Z translation displacement, node 3, m
         10     1.48605585098E+001                                                     F               0         Tower X translation displacement, node 4, m
         11    -3.45709371567E+000                                                     F               0         Tower Y translation displacement, node 4, m
         12    -5.52892506123E-001                                                     F               0         Tower Z translation displacement, node 4, m
         13     1.62465095520E+001                                                     F               0         Tower X translation displacement, node 5, m
         14    -4.09007978439E+000                                                     F               0         Tower Y translation displacement, node 5, m
         15    -6.47200047970E-001                                                     F               0         Tower Z translation displacement, node 5, m
         16     1.76324577332E+001                                                     F               0         Tower X translation displacement, node 6, m
         17    -4.72306489944E+000                                                     F               0         Tower Y translation displacement, node 6, m
         18    -7.41518199444E-001                                                     F               0         Tower Z translation displacement, node 6, m
         19     1.90184097290E+001                                                     F               0         Tower X translation displacement, node 7, m
         20    -5.35605096817E+000                                                     F               0         Tower Y translation displacement, node 7, m
         21    -8.35822343826E-001                                                     F               0         Tower Z translation displacement, node 7, m
         22     2.04043579102E+001                                                     F               0         Tower X translation displacement, node 8, m
         23    -5.98903608322E+000                                                     F               0         Tower Y translation displacement, node 8, m
         24    -9.30138528347E-001                                                     F               0         Tower Z translation displacement, node 8, m
         25     2.17903099060E+001                                                     F               0         Tower X translation displacement, node 9, m
         26    -6.62202215195E+000                                                     F               0         Tower Y translation displacement, node 9, m
         27    -1.02444577217E+000                                                     F               0         Tower Z translation displacement, node 9, m
         28     2.31762599945E+001                                                     F               0         Tower X translation displacement, node 10, m
         29    -7.25500774384E+000                                                     F               0         Tower Y translation displacement, node 10, m
         30    -1.11875891685E+000                                                     F               0         Tower Z translation displacement, node 10, m
         31     2.45622100830E+001                                                     F               0         Tower X translation displacement, node 11, m
         32    -7.88799285889E+000                                                     F               0         Tower Y translation displacement, node 11, m
         33    -1.21306908131E+000                                                     F               0         Tower Z translation displacement, node 11, m
         34     9.93685424328E-001,   3.40723223053E-003,  -1.12150453031E-001         F               0         Tower X orientation angle, node 1, rad
         35     2.36459774897E-003,   9.98680889606E-001,   5.12918494642E-002         F               0         Tower Y orientation angle, node 1, rad
         36     1.12177275121E-001,  -5.12331537902E-002,   9.92366552353E-001         F               0         Tower Z orientation angle, node 1, rad
         37     9.93685424328E-001,   3.40723223053E-003,  -1.12150453031E-001         F               0         Tower X orientation angle, node 2, rad
         38     2.36459774897E-003,   9.98680889606E-001,   5.12918494642E-002         F               0         Tower Y orientation angle, node 2, rad
         39     1.12177275121E-001,  -5.12331537902E-002,   9.92366552353E-001         F               0         Tower Z orientation angle, node 2, rad
         40     9.93685424328E-001,   3.40723223053E-003,  -1.12150453031E-001         F               0         Tower X orientation angle, node 3, rad
         41     2.36459774897E-003,   9.98680889606E-001,   5.12918494642E-002         F               0         Tower Y orientation angle, node 3, rad
         42     1.12177275121E-001,  -5.12331537902E-002,   9.92366552353E-001         F               0         Tower Z orientation angle, node 3, rad
         43     9.93685424328E-001,   3.40723223053E-003,  -1.12150453031E-001         F               0         Tower X orientation angle, node 4, rad
         44     2.36459774897E-003,   9.98680889606E-001,   5.12918494642E-002         F               0         Tower Y orientation angle, node 4, rad
         45     1.12177275121E-001,  -5.12331537902E-002,   9.92366552353E-001         F               0         Tower Z orientation angle, node 4, rad
         46     9.93685424328E-001,   3.40723223053E-003,  -1.12150453031E-001         F               0         Tower X orientation angle, node 5, rad
         47     2.36459774897E-003,   9.98680889606E-001,   5.12918494642E-002         F               0         Tower Y orientation angle, node 5, rad
         48     1.12177275121E-001,  -5.12331537902E-002,   9.92366552353E-001         F               0         Tower Z orientation angle, node 5, rad
         49     9.93685424328E-001,   3.40723223053E-003,  -1.12150453031E-001         F               0         Tower X orientation angle, node 6, rad
         50     2.36459774897E-003,   9.98680889606E-001,   5.12918494642E-002         F               0         Tower Y orientation angle, node 6, rad
         51     1.12177275121E-001,  -5.12331537902E-002,   9.92366552353E-001         F               0         Tower Z orientation angle, node 6, rad
         52     9.93685424328E-001,   3.40723223053E-003,  -1.12150453031E-001         F               0         Tower X orientation angle, node 7, rad
         53     2.36459774897E-003,   9.98680889606E-001,   5.12918494642E-002         F               0         Tower Y orientation angle, node 7, rad
         54     1.12177275121E-001,  -5.12331537902E-002,   9.92366552353E-001         F               0         Tower Z orientation angle, node 7, rad
         55     9.93685424328E-001,   3.40723199770E-003,  -1.12150445580E-001         F               0         Tower X orientation angle, node 8, rad
         56     2.36459774897E-003,   9.98680889606E-001,   5.12918494642E-002         F               0         Tower Y orientation angle, node 8, rad
         57     1.12177275121E-001,  -5.12331500649E-002,   9.92366552353E-001         F               0         Tower Z orientation angle, node 8, rad
         58     9.93685424328E-001,   3.40723246336E-003,  -1.12150453031E-001         F               0         Tower X orientation angle, node 9, rad
         59     2.36459798180E-003,   9.98680889606E-001,   5.12918494642E-002         F               0         Tower Y orientation angle, node 9, rad
         60     1.12177282572E-001,  -5.12331537902E-002,   9.92366552353E-001         F               0         Tower Z orientation angle, node 9, rad
         61     9.93685424328E-001,   3.40723223053E-003,  -1.12150453031E-001         F               0         Tower X orientation angle, node 10, rad
         62     2.36459774897E-003,   9.98680889606E-001,   5.12918494642E-002         F               0         Tower Y orientation angle, node 10, rad
         63     1.12177275121E-001,  -5.12331537902E-002,   9.92366552353E-001         F               0         Tower Z orientation angle, node 10, rad
         64     9.93685424328E-001,   3.40723223053E-003,  -1.12150453031E-001         F               0         Tower X orientation angle, node 11, rad
         65     2.36459774897E-003,   9.98680889606E-001,   5.12918494642E-002         F               0         Tower Y orientation angle, node 11, rad
         66     1.12177275121E-001,  -5.12331537902E-002,   9.92366552353E-001         F               0         Tower Z orientation angle, node 11, rad
         67     3.79078643164E-004                                                     F               0         Tower X translation velocity, node 1, m/s
         68     9.11513867322E-004                                                     F               0         Tower Y translation velocity, node 1, m/s
         69    -1.62233575247E-003                                                     F               0         Tower Z translation velocity, node 1, m/s
         70     5.15553343575E-004                                                     F               0         Tower X translation velocity, node 2, m/s
         71     1.19819608517E-003                                                     F               0         Tower Y translation velocity, node 2, m/s
         72    -1.62296229973E-003                                                     F               0         Tower Z translation velocity, node 2, m/s
         73     6.52027956676E-004                                                     F               0         Tower X translation velocity, node 3, m/s
         74     1.48487847764E-003                                                     F               0         Tower Y translation velocity, node 3, m/s
         75    -1.62358884700E-003                                                     F               0         Tower Z translation velocity, node 3, m/s
         76     7.88502627984E-004                                                     F               0         Tower X translation velocity, node 4, m/s
         77     1.77156075370E-003                                                     F               0         Tower Y translation velocity, node 4, m/s
         78    -1.62421527784E-003                                                     F               0         Tower Z translation velocity, node 4, m/s
         79     9.24977357499E-004                                                     F               0         Tower X translation velocity, node 5, m/s
         80     2.05824314617E-003                                                     F               0         Tower Y translation velocity, node 5, m/s
         81    -1.62484182511E-003                                                     F               0         Tower Z translation velocity, node 5, m/s
         82     1.06145185418E-003                                                     F               0         Tower X translation velocity, node 6, m/s
         83     2.34492518939E-003                                                     F               0         Tower Y translation velocity, node 6, m/s
         84    -1.62546825595E-003                                                     F               0         Tower Z translation velocity, node 6, m/s
         85     1.19792670012E-003                                                     F               0         Tower X translation velocity, node 7, m/s
         86     2.63160769828E-003                                                     F               0         Tower Y translation velocity, node 7, m/s
         87    -1.62609480321E-003                                                     F               0         Tower Z translation velocity, node 7, m/s
         88     1.33440119680E-003                                                     F               0         Tower X translation velocity, node 8, m/s
         89     2.91828974150E-003                                                     F               0         Tower Y translation velocity, node 8, m/s
         90    -1.62672123406E-003                                                     F               0         Tower Z translation velocity, node 8, m/s
         91     1.47087604273E-003                                                     F               0         Tower X translation velocity, node 9, m/s
         92     3.20497248322E-003                                                     F               0         Tower Y translation velocity, node 9, m/s
         93    -1.62734789774E-003                                                     F               0         Tower Z translation velocity, node 9, m/s
         94     1.60735065583E-003                                                     F               0         Tower X translation velocity, node 10, m/s
         95     3.49165452644E-003                                                     F               0         Tower Y translation velocity, node 10, m/s
         96    -1.62797432858E-003                                                     F               0         Tower Z translation velocity, node 10, m/s
         97     1.74382550176E-003                                                     F               0         Tower X translation velocity, node 11, m/s
         98     3.77833703533E-003                                                     F               0         Tower Y translation velocity, node 11, m/s
         99    -1.62860075943E-003                                                     F               0         Tower Z translation velocity, node 11, m/s
        100     2.55110225677E+001                                                     F               0         Hub X translation displacement, node 1, m
        101    -8.32698249817E+000                                                     F               0         Hub Y translation displacement, node 1, m
        102    -6.17057755589E-002                                                     F               0         Hub Z translation displacement, node 1, m
        103     9.76516187191E-001,   8.74388962984E-003,  -2.15266630054E-001         F               0         Hub X orientation angle, node 1, rad
        104     2.00115546584E-001,  -4.06960397959E-001,   8.91255855560E-001         F               0         Hub Y orientation angle, node 1, rad
        105    -7.98119530082E-002,  -9.13403928280E-001,  -3.99153202772E-001         F               0         Hub Z orientation angle, node 1, rad
        106     7.73047983646E-001                                                     F               0         Hub X rotation velocity, node 1, rad/s
        107     6.93370355293E-003                                                     F               0         Hub Y rotation velocity, node 1, rad/s
        108    -1.70425578952E-001                                                     F               0         Hub Z rotation velocity, node 1, rad/s
        109     9.38648819923E-001,   6.59126043320E-002,  -3.38517218828E-001         F               0         Blade root 1 X orientation angle, node 1, rad
        110     3.35512191057E-001,  -4.01682406664E-001,   8.52104961872E-001         F               0         Blade root 1 Y orientation angle, node 1, rad
        111    -7.98119530082E-002,  -9.13403928280E-001,  -3.99153202772E-001         F               0         Blade root 1 Z orientation angle, node 1, rad
        112     9.90604996681E-001,   9.13200601935E-002,  -1.01796001196E-001         F               0         Blade root 2 X orientation angle, node 1, rad
        113    -3.01071591675E-002,  -5.80476582050E-001,  -8.13720166683E-001         F               0         Blade root 2 Y orientation angle, node 1, rad
        114    -1.33399173617E-001,   8.09140026569E-001,  -5.72273612022E-001         F               0         Blade root 2 Z orientation angle, node 1, rad
        115     9.71156060696E-001,  -1.31261900067E-001,  -1.99063271284E-001         F               0         Blade root 3 X orientation angle, node 1, rad
        116     1.06756217778E-001,   9.85849559307E-001,  -1.29243060946E-001         F               0         Blade root 3 Y orientation angle, node 1, rad
        117     2.13211119175E-001,   1.04263938963E-001,   9.71426784992E-001         F               0         Blade root 3 Z orientation angle, node 1, rad
        118     2.44897766113E+001                                                     F               0         Blade 1 X translation displacement, node 1, m
        119    -1.33872404099E+001                                                     F               0         Blade 1 Y translation displacement, node 1, m
        120    -7.78267335892E+000                                                     F               0         Blade 1 Z translation displacement, node 1, m
        121     2.42437000275E+001                                                     F               0         Blade 1 X translation displacement, node 2, m
        122    -1.46065483093E+001                                                     F               0         Blade 1 Y translation displacement, node 2, m
        123    -9.64309597015E+000                                                     F               0         Blade 1 Z translation displacement, node 2, m
        124     2.08974781036E+001                                                     F               0         Blade 1 X translation displacement, node 3, m
        125    -3.11870288849E+001                                                     F               0         Blade 1 Y translation displacement, node 3, m
        126    -3.49416503906E+001                                                     F               0         Blade 1 Z translation displacement, node 3, m
        127     2.01845455170E+001                                                     F               0         Blade 1 X translation displacement, node 4, m
        128    -3.47195968628E+001                                                     F               0         Blade 1 Y translation displacement, node 4, m
        129    -4.03316650391E+001                                                     F               0         Blade 1 Z translation displacement, node 4, m
        130     1.94714775085E+001                                                     F               0         Blade 1 X translation displacement, node 5, m
        131    -3.82528381348E+001                                                     F               0         Blade 1 Y translation displacement, node 5, m
        132    -4.57226905823E+001                                                     F               0         Blade 1 Z translation displacement, node 5, m
        133     1.87585411072E+001                                                     F               0         Blade 1 X translation displacement, node 6, m
        134    -4.17854232788E+001                                                     F               0         Blade 1 Y translation displacement, node 6, m
        135    -5.11127243042E+001                                                     F               0         Blade 1 Z translation displacement, node 6, m
        136     1.80456047058E+001                                                     F               0         Blade 1 X translation displacement, node 7, m
        137    -4.53180160522E+001                                                     F               0         Blade 1 Y translation displacement, node 7, m
        138    -5.65027656555E+001                                                     F               0         Blade 1 Z translation displacement, node 7, m
        139     1.73325386047E+001                                                     F               0         Blade 1 X translation displacement, node 8, m
        140    -4.88512458801E+001                                                     F               0         Blade 1 Y translation displacement, node 8, m
        141    -6.18937835693E+001                                                     F               0         Blade 1 Z translation displacement, node 8, m
        142     1.66196002960E+001                                                     F               0         Blade 1 X translation displacement, node 9, m
        143    -5.23838424683E+001                                                     F               0         Blade 1 Y translation displacement, node 9, m
        144    -6.72838211060E+001                                                     F               0         Blade 1 Z translation displacement, node 9, m
        145     1.59066658020E+001                                                     F               0         Blade 1 X translation displacement, node 10, m
        146    -5.59164237976E+001                                                     F               0         Blade 1 Y translation displacement, node 10, m
        147    -7.26738586426E+001                                                     F               0         Blade 1 Z translation displacement, node 10, m
        148     1.51937274933E+001                                                     F               0         Blade 1 X translation displacement, node 11, m
        149    -5.94490203857E+001                                                     F               0         Blade 1 Y translation displacement, node 11, m
        150    -7.80639038086E+001                                                     F               0         Blade 1 Z translation displacement, node 11, m
        151     1.44806652069E+001                                                     F               0         Blade 1 X translation displacement, node 12, m
        152    -6.29822349548E+001                                                     F               0         Blade 1 Y translation displacement, node 12, m
        153    -8.34549026489E+001                                                     F               0         Blade 1 Z translation displacement, node 12, m
        154     1.37677268982E+001                                                     F               0         Blade 1 X translation displacement, node 13, m
        155    -6.65148315430E+001                                                     F               0         Blade 1 Y translation displacement, node 13, m
        156    -8.88449401855E+001                                                     F               0         Blade 1 Z translation displacement, node 13, m
        157     1.30547924042E+001                                                     F               0         Blade 1 X translation displacement, node 14, m
        158    -7.00474166870E+001                                                     F               0         Blade 1 Y translation displacement, node 14, m
        159    -9.42349777222E+001                                                     F               0         Blade 1 Z translation displacement, node 14, m
        160     1.23417243958E+001                                                     F               0         Blade 1 X translation displacement, node 15, m
        161    -7.35806503296E+001                                                     F               0         Blade 1 Y translation displacement, node 15, m
        162    -9.96259994507E+001                                                     F               0         Blade 1 Z translation displacement, node 15, m
        163     1.16287889481E+001                                                     F               0         Blade 1 X translation displacement, node 16, m
        164    -7.71132354736E+001                                                     F               0         Blade 1 Y translation displacement, node 16, m
        165    -1.05016036987E+002                                                     F               0         Blade 1 Z translation displacement, node 16, m
        166     1.09158506393E+001                                                     F               0         Blade 1 X translation displacement, node 17, m
        167    -8.06458358765E+001                                                     F               0         Blade 1 Y translation displacement, node 17, m
        168    -1.10406082153E+002                                                     F               0         Blade 1 Z translation displacement, node 17, m
        169     1.02029151917E+001                                                     F               0         Blade 1 X translation displacement, node 18, m
        170    -8.41784286499E+001                                                     F               0         Blade 1 Y translation displacement, node 18, m
        171    -1.15796119690E+002                                                     F               0         Blade 1 Z translation displacement, node 18, m
        172     9.48985195160E+000                                                     F               0         Blade 1 X translation displacement, node 19, m
        173    -8.77116394043E+001                                                     F               0         Blade 1 Y translation displacement, node 19, m
        174    -1.21187118530E+002                                                     F               0         Blade 1 Z translation displacement, node 19, m
        175     8.77691364288E+000                                                     F               0         Blade 1 X translation displacement, node 20, m
        176    -9.12442398071E+001                                                     F               0         Blade 1 Y translation displacement, node 20, m
        177    -1.26577156067E+002                                                     F               0         Blade 1 Z translation displacement, node 20, m
        178     8.06397819519E+000                                                     F               0         Blade 1 X translation displacement, node 21, m
        179    -9.47768249512E+001                                                     F               0         Blade 1 Y translation displacement, node 21, m
        180    -1.31967193604E+002                                                     F               0         Blade 1 Z translation displacement, node 21, m
        181     7.35091209412E+000                                                     F               0         Blade 1 X translation displacement, node 22, m
        182    -9.83100509644E+001                                                     F               0         Blade 1 Y translation displacement, node 22, m
        183    -1.37358215332E+002                                                     F               0         Blade 1 Z translation displacement, node 22, m
        184     6.63797330856E+000                                                     F               0         Blade 1 X translation displacement, node 23, m
        185    -1.01842651367E+002                                                     F               0         Blade 1 Y translation displacement, node 23, m
        186    -1.42748260498E+002                                                     F               0         Blade 1 Z translation displacement, node 23, m
        187     5.92503786087E+000                                                     F               0         Blade 1 X translation displacement, node 24, m
        188    -1.05375236511E+002                                                     F               0         Blade 1 Y translation displacement, node 24, m
        189    -1.48138290405E+002                                                     F               0         Blade 1 Z translation displacement, node 24, m
        190     5.21210193634E+000                                                     F               0         Blade 1 X translation displacement, node 25, m
        191    -1.08907821655E+002                                                     F               0         Blade 1 Y translation displacement, node 25, m
        192    -1.53528335571E+002                                                     F               0         Blade 1 Z translation displacement, node 25, m
        193     4.49903631210E+000                                                     F               0         Blade 1 X translation displacement, node 26, m
        194    -1.12441055298E+002                                                     F               0         Blade 1 Y translation displacement, node 26, m
        195    -1.58919357300E+002                                                     F               0         Blade 1 Z translation displacement, node 26, m
        196     3.78610038757E+000                                                     F               0         Blade 1 X translation displacement, node 27, m
        197    -1.15973632812E+002                                                     F               0         Blade 1 Y translation displacement, node 27, m
        198    -1.64309387207E+002                                                     F               0         Blade 1 Z translation displacement, node 27, m
        199     3.18168258667E+000                                                     F               0         Blade 1 X translation displacement, node 28, m
        200    -1.18968521118E+002                                                     F               0         Blade 1 Y translation displacement, node 28, m
        201    -1.68878967285E+002                                                     F               0         Blade 1 Z translation displacement, node 28, m
        202     6.82375967503E-001,   2.41832092404E-001,  -6.89840734005E-001         F               0         Blade 1 X orientation angle, node 1, rad
        203     7.26631343365E-001,  -3.27430069447E-001,   6.03983819485E-001         F               0         Blade 1 Y orientation angle, node 1, rad
        204    -7.98119530082E-002,  -9.13403928280E-001,  -3.99153202772E-001         F               0         Blade 1 Z orientation angle, node 1, rad
        205     6.82375967503E-001,   2.41832092404E-001,  -6.89840734005E-001         F               0         Blade 1 X orientation angle, node 2, rad
        206     7.26631343365E-001,  -3.27430069447E-001,   6.03983819485E-001         F               0         Blade 1 Y orientation angle, node 2, rad
        207    -7.98119530082E-002,  -9.13403928280E-001,  -3.99153202772E-001         F               0         Blade 1 Z orientation angle, node 2, rad
        208     8.35150778294E-001,   1.57338306308E-001,  -5.27036845684E-001         F               0         Blade 1 X orientation angle, node 3, rad
        209     5.44199645519E-001,  -3.75416934490E-001,   7.50272572041E-001         F               0         Blade 1 Y orientation angle, node 3, rad
        210    -7.98119530082E-002,  -9.13403928280E-001,  -3.99153202772E-001         F               0         Blade 1 Z orientation angle, node 3, rad
        211     8.57384443283E-001,   1.41346216202E-001,  -4.94886994362E-001         F               0         Blade 1 X orientation angle, node 4, rad
        212     5.08450508118E-001,  -3.81725639105E-001,   7.71857261658E-001         F               0         Blade 1 Y orientation angle, node 4, rad
        213    -7.98119530082E-002,  -9.13403928280E-001,  -3.99153202772E-001         F               0         Blade 1 Z orientation angle, node 4, rad
        214     8.73770833015E-001,   1.28612324595E-001,  -4.69023853540E-001         F               0         Blade 1 X orientation angle, node 5, rad
        215     4.79744255543E-001,  -3.86202126741E-001,   7.87840962410E-001         F               0         Blade 1 Y orientation angle, node 5, rad
        216    -7.98119530082E-002,  -9.13403928280E-001,  -3.99153202772E-001         F               0         Blade 1 Z orientation angle, node 5, rad
        217     8.86189043522E-001,   1.18322715163E-001,  -4.47960615158E-001         F               0         Blade 1 X orientation angle, node 6, rad
        218     4.56397891045E-001,  -3.89477789402E-001,   8.00005018711E-001         F               0         Blade 1 Y orientation angle, node 6, rad
        219    -7.98119530082E-002,  -9.13403928280E-001,  -3.99153202772E-001         F               0         Blade 1 Z orientation angle, node 6, rad
        220     8.95934402943E-001,   1.09798140824E-001,  -4.30402010679E-001         F               0         Blade 1 X orientation angle, node 7, rad
        221     4.36957180500E-001,  -3.91966313124E-001,   8.09586822987E-001         F               0         Blade 1 Y orientation angle, node 7, rad
        222    -7.98119530082E-002,  -9.13403928280E-001,  -3.99153202772E-001         F               0         Blade 1 Z orientation angle, node 7, rad
        223     9.03717815876E-001,   1.02665700018E-001,  -4.15636748075E-001         F               0         Blade 1 X orientation angle, node 8, rad
        224     4.20623600483E-001,  -3.93894612789E-001,   8.17265450954E-001         F               0         Blade 1 Y orientation angle, node 8, rad
        225    -7.98119530082E-002,  -9.13403928280E-001,  -3.99153202772E-001         F               0         Blade 1 Z orientation angle, node 8, rad
        226     9.10071253777E-001,   9.66040268540E-002,  -4.03035938740E-001         F               0         Blade 1 X orientation angle, node 9, rad
        227     4.06694412231E-001,  -3.95424872637E-001,   8.23552548885E-001         F               0         Blade 1 Y orientation angle, node 9, rad
        228    -7.98119381070E-002,  -9.13403987885E-001,  -3.99153143167E-001         F               0         Blade 1 Z orientation angle, node 9, rad
        229     9.15385663509E-001,   9.13505852222E-002,  -3.92076790333E-001         F               0         Blade 1 X orientation angle, node 10, rad
        230     3.94587367773E-001,  -3.96671503782E-001,   8.28826010227E-001         F               0         Blade 1 Y orientation angle, node 10, rad
        231    -7.98119530082E-002,  -9.13403928280E-001,  -3.99153202772E-001         F               0         Blade 1 Z orientation angle, node 10, rad
        232     9.19803082943E-001,   8.68447050452E-002,  -3.82649004459E-001         F               0         Blade 1 X orientation angle, node 11, rad
        233     3.84177476168E-001,  -3.97682279348E-001,   8.33220541477E-001         F               0         Blade 1 Y orientation angle, node 11, rad
        234    -7.98119455576E-002,  -9.13403987885E-001,  -3.99153172970E-001         F               0         Blade 1 Z orientation angle, node 11, rad
        235     9.23579454422E-001,   8.28841775656E-002,  -3.74341040850E-001         F               0         Blade 1 X orientation angle, node 12, rad
        236     3.75008046627E-001,  -3.98526579142E-001,   8.36986005306E-001         F               0         Blade 1 Y orientation angle, node 12, rad
        237    -7.98119530082E-002,  -9.13403928280E-001,  -3.99153202772E-001         F               0         Blade 1 Z orientation angle, node 12, rad
        238     9.26816821098E-001,   7.94032663107E-002,  -3.67022782564E-001         F               0         Blade 1 X orientation angle, node 13, rad
        239     3.66934120655E-001,  -3.99234682322E-001,   8.40220808983E-001         F               0         Blade 1 Y orientation angle, node 13, rad
        240    -7.98119530082E-002,  -9.13403928280E-001,  -3.99153202772E-001         F               0         Blade 1 Z orientation angle, node 13, rad
        241     9.29670095444E-001,   7.62652680278E-002,  -3.60412448645E-001         F               0         Blade 1 X orientation angle, node 14, rad
        242     3.59643697739E-001,  -3.99846017361E-001,   8.43077421188E-001         F               0         Blade 1 Y orientation angle, node 14, rad
        243    -7.98119530082E-002,  -9.13403928280E-001,  -3.99153202772E-001         F               0         Blade 1 Z orientation angle, node 14, rad
        244     9.32158172131E-001,   7.34719708562E-002,  -3.54517936707E-001         F               0         Blade 1 X orientation angle, node 15, rad
        245     3.53144645691E-001,  -4.00368630886E-001,   8.45573067665E-001         F               0         Blade 1 Y orientation angle, node 15, rad
        246    -7.98119381070E-002,  -9.13403987885E-001,  -3.99153143167E-001         F               0         Blade 1 Z orientation angle, node 15, rad
        247     9.34358656406E-001,   7.09549561143E-002,  -3.49198073149E-001         F               0         Blade 1 X orientation angle, node 16, rad
