
Linearized model: Predictions were generated on 12-Jan-2024 at 09:28:28 using OpenFAST, compiled as a 64-bit application using single precision at commit v3.5.1
 linked with  NWTC Subroutine Library; ElastoDyn; InflowWind; AeroDyn; ServoDyn; HydroDyn; MAP++ (<1.20.10>, <Oct-20-2023>)

Description from the FAST input file: CCT-9 Campign 4 model. Input files to be run with OpenFAST 3.5.0. GitHub branch from Lu Wang (https://github.com/luwang00/openfast/tree/dev) compiled on March 7, 2023.

Simulation information:
   Simulation time:                   500.7500 s
   Rotor Speed:                         0.8768 rad/s
   Azimuth:                             4.5143 rad
   Wind Speed:                         10.0000 m/s
   Number of continuous states:         0
   Number of discrete states:           0
   Number of constraint states:         0
   Number of inputs:                 1746
   Number of outputs:                   4
   Jacobians included in this file?    No

Order of inputs:
     Column   Operating Point                     Rotating Frame? Derivative Order Description
   ---------- ---------------                     --------------- ---------------- -----------
          1    1.102E+01                                 F               0         Tower X translation displacement, node 1, m
          2   -1.224E+00                                 F               0         Tower Y translation displacement, node 1, m
          3   -3.271E-01                                 F               0         Tower Z translation displacement, node 1, m
          4    1.249E+01                                 F               0         Tower X translation displacement, node 2, m
          5   -1.801E+00                                 F               0         Tower Y translation displacement, node 2, m
          6   -4.284E-01                                 F               0         Tower Z translation displacement, node 2, m
          7    1.398E+01                                 F               0         Tower X translation displacement, node 3, m
          8   -2.384E+00                                 F               0         Tower Y translation displacement, node 3, m
          9   -5.328E-01                                 F               0         Tower Z translation displacement, node 3, m
         10    1.549E+01                                 F               0         Tower X translation displacement, node 4, m
         11   -2.972E+00                                 F               0         Tower Y translation displacement, node 4, m
         12   -6.398E-01                                 F               0         Tower Z translation displacement, node 4, m
         13    1.702E+01                                 F               0         Tower X translation displacement, node 5, m
         14   -3.563E+00                                 F               0         Tower Y translation displacement, node 5, m
         15   -7.489E-01                                 F               0         Tower Z translation displacement, node 5, m
         16    1.856E+01                                 F               0         Tower X translation displacement, node 6, m
         17   -4.157E+00                                 F               0         Tower Y translation displacement, node 6, m
         18   -8.597E-01                                 F               0         Tower Z translation displacement, node 6, m
         19    2.011E+01                                 F               0         Tower X translation displacement, node 7, m
         20   -4.754E+00                                 F               0         Tower Y translation displacement, node 7, m
         21   -9.718E-01                                 F               0         Tower Z translation displacement, node 7, m
         22    2.167E+01                                 F               0         Tower X translation displacement, node 8, m
         23   -5.353E+00                                 F               0         Tower Y translation displacement, node 8, m
         24   -1.085E+00                                 F               0         Tower Z translation displacement, node 8, m
         25    2.323E+01                                 F               0         Tower X translation displacement, node 9, m
         26   -5.954E+00                                 F               0         Tower Y translation displacement, node 9, m
         27   -1.199E+00                                 F               0         Tower Z translation displacement, node 9, m
         28    2.479E+01                                 F               0         Tower X translation displacement, node 10, m
         29   -6.556E+00                                 F               0         Tower Y translation displacement, node 10, m
         30   -1.313E+00                                 F               0         Tower Z translation displacement, node 10, m
         31    2.636E+01                                 F               0         Tower X translation displacement, node 11, m
         32   -7.158E+00                                 F               0         Tower Y translation displacement, node 11, m
         33   -1.428E+00                                 F               0         Tower Z translation displacement, node 11, m
         34    9.930E-01,  9.747E-03, -1.178E-01         F               0         Tower X orientation angle, node 1, rad
         35   -4.184E-03,  9.989E-01,  4.739E-02         F               0         Tower Y orientation angle, node 1, rad
         36    1.181E-01, -4.656E-02,  9.919E-01         F               0         Tower Z orientation angle, node 1, rad
         37    9.928E-01,  9.835E-03, -1.196E-01         F               0         Tower X orientation angle, node 2, rad
         38   -4.132E-03,  9.988E-01,  4.782E-02         F               0         Tower Y orientation angle, node 2, rad
         39    1.200E-01, -4.698E-02,  9.917E-01         F               0         Tower Z orientation angle, node 2, rad
         40    9.926E-01,  9.913E-03, -1.213E-01         F               0         Tower X orientation angle, node 3, rad
         41   -4.084E-03,  9.988E-01,  4.821E-02         F               0         Tower Y orientation angle, node 3, rad
         42    1.216E-01, -4.736E-02,  9.914E-01         F               0         Tower Z orientation angle, node 3, rad
         43    9.924E-01,  9.979E-03, -1.227E-01         F               0         Tower X orientation angle, node 4, rad
         44   -4.042E-03,  9.988E-01,  4.856E-02         F               0         Tower Y orientation angle, node 4, rad
         45    1.230E-01, -4.769E-02,  9.913E-01         F               0         Tower Z orientation angle, node 4, rad
         46    9.923E-01,  1.003E-02, -1.238E-01         F               0         Tower X orientation angle, node 5, rad
         47   -4.005E-03,  9.988E-01,  4.885E-02         F               0         Tower Y orientation angle, node 5, rad
         48    1.241E-01, -4.798E-02,  9.911E-01         F               0         Tower Z orientation angle, node 5, rad
         49    9.921E-01,  1.008E-02, -1.247E-01         F               0         Tower X orientation angle, node 6, rad
         50   -3.974E-03,  9.988E-01,  4.910E-02         F               0         Tower Y orientation angle, node 6, rad
         51    1.251E-01, -4.822E-02,  9.910E-01         F               0         Tower Z orientation angle, node 6, rad
         52    9.921E-01,  1.011E-02, -1.254E-01         F               0         Tower X orientation angle, node 7, rad
         53   -3.949E-03,  9.988E-01,  4.929E-02         F               0         Tower Y orientation angle, node 7, rad
         54    1.257E-01, -4.841E-02,  9.909E-01         F               0         Tower Z orientation angle, node 7, rad
         55    9.920E-01,  1.014E-02, -1.259E-01         F               0         Tower X orientation angle, node 8, rad
         56   -3.930E-03,  9.988E-01,  4.945E-02         F               0         Tower Y orientation angle, node 8, rad
         57    1.262E-01, -4.856E-02,  9.908E-01         F               0         Tower Z orientation angle, node 8, rad
         58    9.919E-01,  1.015E-02, -1.262E-01         F               0         Tower X orientation angle, node 9, rad
         59   -3.916E-03,  9.988E-01,  4.956E-02         F               0         Tower Y orientation angle, node 9, rad
         60    1.266E-01, -4.867E-02,  9.908E-01         F               0         Tower Z orientation angle, node 9, rad
         61    9.919E-01,  1.016E-02, -1.264E-01         F               0         Tower X orientation angle, node 10, rad
         62   -3.907E-03,  9.988E-01,  4.963E-02         F               0         Tower Y orientation angle, node 10, rad
         63    1.268E-01, -4.874E-02,  9.907E-01         F               0         Tower Z orientation angle, node 10, rad
         64    9.919E-01,  1.017E-02, -1.265E-01         F               0         Tower X orientation angle, node 11, rad
         65   -3.901E-03,  9.988E-01,  4.967E-02         F               0         Tower Y orientation angle, node 11, rad
         66    1.269E-01, -4.878E-02,  9.907E-01         F               0         Tower Z orientation angle, node 11, rad
         67   -4.083E-03                                 F               0         Tower X translation velocity, node 1, m/s
         68   -5.830E-03                                 F               0         Tower Y translation velocity, node 1, m/s
         69   -1.765E-03                                 F               0         Tower Z translation velocity, node 1, m/s
         70   -4.378E-03                                 F               0         Tower X translation velocity, node 2, m/s
         71   -1.127E-02                                 F               0         Tower Y translation velocity, node 2, m/s
         72   -1.987E-03                                 F               0         Tower Z translation velocity, node 2, m/s
         73   -4.660E-03                                 F               0         Tower X translation velocity, node 3, m/s
         74   -1.689E-02                                 F               0         Tower Y translation velocity, node 3, m/s
         75   -2.219E-03                                 F               0         Tower Z translation velocity, node 3, m/s
         76   -4.933E-03                                 F               0         Tower X translation velocity, node 4, m/s
         77   -2.264E-02                                 F               0         Tower Y translation velocity, node 4, m/s
         78   -2.461E-03                                 F               0         Tower Z translation velocity, node 4, m/s
         79   -5.199E-03                                 F               0         Tower X translation velocity, node 5, m/s
         80   -2.850E-02                                 F               0         Tower Y translation velocity, node 5, m/s
         81   -2.711E-03                                 F               0         Tower Z translation velocity, node 5, m/s
         82   -5.460E-03                                 F               0         Tower X translation velocity, node 6, m/s
         83   -3.446E-02                                 F               0         Tower Y translation velocity, node 6, m/s
         84   -2.968E-03                                 F               0         Tower Z translation velocity, node 6, m/s
         85   -5.717E-03                                 F               0         Tower X translation velocity, node 7, m/s
         86   -4.050E-02                                 F               0         Tower Y translation velocity, node 7, m/s
         87   -3.230E-03                                 F               0         Tower Z translation velocity, node 7, m/s
         88   -5.971E-03                                 F               0         Tower X translation velocity, node 8, m/s
         89   -4.660E-02                                 F               0         Tower Y translation velocity, node 8, m/s
         90   -3.496E-03                                 F               0         Tower Z translation velocity, node 8, m/s
         91   -6.225E-03                                 F               0         Tower X translation velocity, node 9, m/s
         92   -5.276E-02                                 F               0         Tower Y translation velocity, node 9, m/s
         93   -3.766E-03                                 F               0         Tower Z translation velocity, node 9, m/s
         94   -6.477E-03                                 F               0         Tower X translation velocity, node 10, m/s
         95   -5.895E-02                                 F               0         Tower Y translation velocity, node 10, m/s
         96   -4.038E-03                                 F               0         Tower Z translation velocity, node 10, m/s
         97   -6.729E-03                                 F               0         Tower X translation velocity, node 11, m/s
         98   -6.516E-02                                 F               0         Tower Y translation velocity, node 11, m/s
         99   -4.311E-03                                 F               0         Tower Z translation velocity, node 11, m/s
        100    2.744E+01                                 F               0         Hub X translation displacement, node 1, m
        101   -7.651E+00                                 F               0         Hub Y translation displacement, node 1, m
        102   -1.339E-01                                 F               0         Hub Z translation displacement, node 1, m
        103    9.732E-01,  1.521E-02, -2.294E-01         F               0         Hub X orientation angle, node 1, rad
        104   -2.246E-01, -1.500E-01, -9.628E-01         F               0         Hub Y orientation angle, node 1, rad
        105   -4.906E-02,  9.886E-01, -1.426E-01         F               0         Hub Z orientation angle, node 1, rad
        106    8.538E-01                                 F               0         Hub X rotation velocity, node 1, rad/s
        107    1.332E-02                                 F               0         Hub Y rotation velocity, node 1, rad/s
        108   -2.012E-01                                 F               0         Hub Z rotation velocity, node 1, rad/s
        109    9.794E-01,  1.965E-02, -2.007E-01         F               0         Blade root 1 X orientation angle, node 1, rad
        110   -1.957E-01, -1.495E-01, -9.692E-01         F               0         Blade root 1 Y orientation angle, node 1, rad
        111   -4.906E-02,  9.886E-01, -1.426E-01         F               0         Blade root 1 Z orientation angle, node 1, rad
        112    9.707E-01, -1.242E-02, -2.399E-01         F               0         Blade root 2 X orientation angle, node 1, rad
        113    9.867E-02,  9.312E-01,  3.510E-01         F               0         Blade root 2 Y orientation angle, node 1, rad
        114    2.191E-01, -3.644E-01,  9.051E-01         F               0         Blade root 2 Z orientation angle, node 1, rad
        115    9.682E-01,  3.838E-02, -2.473E-01         F               0         Blade root 3 X orientation angle, node 1, rad
        116    1.836E-01, -7.803E-01,  5.978E-01         F               0         Blade root 3 Y orientation angle, node 1, rad
        117   -1.700E-01, -6.242E-01, -7.626E-01         F               0         Blade root 3 Z orientation angle, node 1, rad
        118    2.659E+01                                 F               0         Blade 1 X translation displacement, node 1, m
        119   -2.174E+00                                 F               0         Blade 1 Y translation displacement, node 1, m
        120   -6.433E+00                                 F               0         Blade 1 Z translation displacement, node 1, m
        121    2.639E+01                                 F               0         Blade 1 X translation displacement, node 2, m
        122   -8.547E-01                                 F               0         Blade 1 Y translation displacement, node 2, m
        123   -7.951E+00                                 F               0         Blade 1 Z translation displacement, node 2, m
        124    2.360E+01                                 F               0         Blade 1 X translation displacement, node 3, m
        125    1.709E+01                                 F               0         Blade 1 Y translation displacement, node 3, m
        126   -2.859E+01                                 F               0         Blade 1 Z translation displacement, node 3, m
        127    2.301E+01                                 F               0         Blade 1 X translation displacement, node 4, m
        128    2.091E+01                                 F               0         Blade 1 Y translation displacement, node 4, m
        129   -3.299E+01                                 F               0         Blade 1 Z translation displacement, node 4, m
        130    2.241E+01                                 F               0         Blade 1 X translation displacement, node 5, m
        131    2.474E+01                                 F               0         Blade 1 Y translation displacement, node 5, m
        132   -3.739E+01                                 F               0         Blade 1 Z translation displacement, node 5, m
        133    2.182E+01                                 F               0         Blade 1 X translation displacement, node 6, m
        134    2.856E+01                                 F               0         Blade 1 Y translation displacement, node 6, m
        135   -4.179E+01                                 F               0         Blade 1 Z translation displacement, node 6, m
        136    2.122E+01                                 F               0         Blade 1 X translation displacement, node 7, m
        137    3.238E+01                                 F               0         Blade 1 Y translation displacement, node 7, m
        138   -4.618E+01                                 F               0         Blade 1 Z translation displacement, node 7, m
        139    2.063E+01                                 F               0         Blade 1 X translation displacement, node 8, m
        140    3.621E+01                                 F               0         Blade 1 Y translation displacement, node 8, m
        141   -5.058E+01                                 F               0         Blade 1 Z translation displacement, node 8, m
        142    2.004E+01                                 F               0         Blade 1 X translation displacement, node 9, m
        143    4.003E+01                                 F               0         Blade 1 Y translation displacement, node 9, m
        144   -5.498E+01                                 F               0         Blade 1 Z translation displacement, node 9, m
        145    1.944E+01                                 F               0         Blade 1 X translation displacement, node 10, m
        146    4.385E+01                                 F               0         Blade 1 Y translation displacement, node 10, m
        147   -5.938E+01                                 F               0         Blade 1 Z translation displacement, node 10, m
        148    1.885E+01                                 F               0         Blade 1 X translation displacement, node 11, m
        149    4.768E+01                                 F               0         Blade 1 Y translation displacement, node 11, m
        150   -6.377E+01                                 F               0         Blade 1 Z translation displacement, node 11, m
        151    1.825E+01                                 F               0         Blade 1 X translation displacement, node 12, m
        152    5.150E+01                                 F               0         Blade 1 Y translation displacement, node 12, m
        153   -6.817E+01                                 F               0         Blade 1 Z translation displacement, node 12, m
        154    1.766E+01                                 F               0         Blade 1 X translation displacement, node 13, m
        155    5.533E+01                                 F               0         Blade 1 Y translation displacement, node 13, m
        156   -7.257E+01                                 F               0         Blade 1 Z translation displacement, node 13, m
        157    1.707E+01                                 F               0         Blade 1 X translation displacement, node 14, m
        158    5.915E+01                                 F               0         Blade 1 Y translation displacement, node 14, m
        159   -7.697E+01                                 F               0         Blade 1 Z translation displacement, node 14, m
        160    1.647E+01                                 F               0         Blade 1 X translation displacement, node 15, m
        161    6.297E+01                                 F               0         Blade 1 Y translation displacement, node 15, m
        162   -8.137E+01                                 F               0         Blade 1 Z translation displacement, node 15, m
        163    1.588E+01                                 F               0         Blade 1 X translation displacement, node 16, m
        164    6.680E+01                                 F               0         Blade 1 Y translation displacement, node 16, m
        165   -8.576E+01                                 F               0         Blade 1 Z translation displacement, node 16, m
        166    1.528E+01                                 F               0         Blade 1 X translation displacement, node 17, m
        167    7.062E+01                                 F               0         Blade 1 Y translation displacement, node 17, m
        168   -9.016E+01                                 F               0         Blade 1 Z translation displacement, node 17, m
        169    1.469E+01                                 F               0         Blade 1 X translation displacement, node 18, m
        170    7.444E+01                                 F               0         Blade 1 Y translation displacement, node 18, m
        171   -9.456E+01                                 F               0         Blade 1 Z translation displacement, node 18, m
        172    1.410E+01                                 F               0         Blade 1 X translation displacement, node 19, m
        173    7.827E+01                                 F               0         Blade 1 Y translation displacement, node 19, m
        174   -9.896E+01                                 F               0         Blade 1 Z translation displacement, node 19, m
        175    1.350E+01                                 F               0         Blade 1 X translation displacement, node 20, m
        176    8.209E+01                                 F               0         Blade 1 Y translation displacement, node 20, m
        177   -1.034E+02                                 F               0         Blade 1 Z translation displacement, node 20, m
        178    1.291E+01                                 F               0         Blade 1 X translation displacement, node 21, m
        179    8.591E+01                                 F               0         Blade 1 Y translation displacement, node 21, m
        180   -1.078E+02                                 F               0         Blade 1 Z translation displacement, node 21, m
        181    1.231E+01                                 F               0         Blade 1 X translation displacement, node 22, m
        182    8.974E+01                                 F               0         Blade 1 Y translation displacement, node 22, m
        183   -1.122E+02                                 F               0         Blade 1 Z translation displacement, node 22, m
        184    1.172E+01                                 F               0         Blade 1 X translation displacement, node 23, m
        185    9.356E+01                                 F               0         Blade 1 Y translation displacement, node 23, m
        186   -1.165E+02                                 F               0         Blade 1 Z translation displacement, node 23, m
        187    1.113E+01                                 F               0         Blade 1 X translation displacement, node 24, m
        188    9.738E+01                                 F               0         Blade 1 Y translation displacement, node 24, m
        189   -1.209E+02                                 F               0         Blade 1 Z translation displacement, node 24, m
        190    1.053E+01                                 F               0         Blade 1 X translation displacement, node 25, m
        191    1.012E+02                                 F               0         Blade 1 Y translation displacement, node 25, m
        192   -1.253E+02                                 F               0         Blade 1 Z translation displacement, node 25, m
        193    9.939E+00                                 F               0         Blade 1 X translation displacement, node 26, m
        194    1.050E+02                                 F               0         Blade 1 Y translation displacement, node 26, m
        195   -1.297E+02                                 F               0         Blade 1 Z translation displacement, node 26, m
        196    9.345E+00                                 F               0         Blade 1 X translation displacement, node 27, m
        197    1.089E+02                                 F               0         Blade 1 Y translation displacement, node 27, m
        198   -1.341E+02                                 F               0         Blade 1 Z translation displacement, node 27, m
        199    8.841E+00                                 F               0         Blade 1 X translation displacement, node 28, m
        200    1.121E+02                                 F               0         Blade 1 Y translation displacement, node 28, m
        201   -1.379E+02                                 F               0         Blade 1 Z translation displacement, node 28, m
        202    9.609E-01,  8.565E-02,  2.633E-01         F               0         Blade 1 X orientation angle, node 1, rad
        203    2.725E-01, -1.241E-01, -9.541E-01         F               0         Blade 1 Y orientation angle, node 1, rad
        204   -4.906E-02,  9.886E-01, -1.426E-01         F               0         Blade 1 Z orientation angle, node 1, rad
        205    9.609E-01,  8.565E-02,  2.633E-01         F               0         Blade 1 X orientation angle, node 2, rad
        206    2.725E-01, -1.241E-01, -9.541E-01         F               0         Blade 1 Y orientation angle, node 2, rad
        207   -4.906E-02,  9.886E-01, -1.426E-01         F               0         Blade 1 Z orientation angle, node 2, rad
        208    9.981E-01,  5.381E-02,  2.968E-02         F               0         Blade 1 X orientation angle, node 3, rad
        209    3.701E-02, -1.408E-01, -9.893E-01         F               0         Blade 1 Y orientation angle, node 3, rad
        210   -4.906E-02,  9.886E-01, -1.426E-01         F               0         Blade 1 Z orientation angle, node 3, rad
        211    9.988E-01,  4.781E-02, -1.212E-02         F               0         Blade 1 X orientation angle, node 4, rad
        212   -5.170E-03, -1.430E-01, -9.897E-01         F               0         Blade 1 Y orientation angle, node 4, rad
        213   -4.906E-02,  9.886E-01, -1.426E-01         F               0         Blade 1 Z orientation angle, node 4, rad
        214    9.981E-01,  4.305E-02, -4.493E-02         F               0         Blade 1 X orientation angle, node 5, rad
        215   -3.828E-02, -1.445E-01, -9.888E-01         F               0         Blade 1 Y orientation angle, node 5, rad
        216   -4.906E-02,  9.886E-01, -1.426E-01         F               0         Blade 1 Z orientation angle, node 5, rad
        217    9.967E-01,  3.920E-02, -7.114E-02         F               0         Blade 1 X orientation angle, node 6, rad
        218   -6.474E-02, -1.456E-01, -9.872E-01         F               0         Blade 1 Y orientation angle, node 6, rad
        219   -4.906E-02,  9.886E-01, -1.426E-01         F               0         Blade 1 Z orientation angle, node 6, rad
        220    9.950E-01,  3.601E-02, -9.266E-02         F               0         Blade 1 X orientation angle, node 7, rad
        221   -8.647E-02, -1.464E-01, -9.854E-01         F               0         Blade 1 Y orientation angle, node 7, rad
        222   -4.906E-02,  9.886E-01, -1.426E-01         F               0         Blade 1 Z orientation angle, node 7, rad
        223    9.933E-01,  3.335E-02, -1.105E-01         F               0         Blade 1 X orientation angle, node 8, rad
        224   -1.045E-01, -1.470E-01, -9.836E-01         F               0         Blade 1 Y orientation angle, node 8, rad
        225   -4.906E-02,  9.886E-01, -1.426E-01         F               0         Blade 1 Z orientation angle, node 8, rad
        226    9.916E-01,  3.109E-02, -1.256E-01         F               0         Blade 1 X orientation angle, node 9, rad
        227   -1.198E-01, -1.475E-01, -9.818E-01         F               0         Blade 1 Y orientation angle, node 9, rad
        228   -4.906E-02,  9.886E-01, -1.426E-01         F               0         Blade 1 Z orientation angle, node 9, rad
        229    9.899E-01,  2.913E-02, -1.386E-01         F               0         Blade 1 X orientation angle, node 10, rad
        230   -1.329E-01, -1.479E-01, -9.800E-01         F               0         Blade 1 Y orientation angle, node 10, rad
        231   -4.906E-02,  9.886E-01, -1.426E-01         F               0         Blade 1 Z orientation angle, node 10, rad
        232    9.883E-01,  2.745E-02, -1.497E-01         F               0         Blade 1 X orientation angle, node 11, rad
        233   -1.441E-01, -1.482E-01, -9.784E-01         F               0         Blade 1 Y orientation angle, node 11, rad
        234   -4.906E-02,  9.886E-01, -1.426E-01         F               0         Blade 1 Z orientation angle, node 11, rad
        235    9.869E-01,  2.597E-02, -1.595E-01         F               0         Blade 1 X orientation angle, node 12, rad
        236   -1.539E-01, -1.485E-01, -9.769E-01         F               0         Blade 1 Y orientation angle, node 12, rad
        237   -4.906E-02,  9.886E-01, -1.426E-01         F               0         Blade 1 Z orientation angle, node 12, rad
        238    9.855E-01,  2.468E-02, -1.680E-01         F               0         Blade 1 X orientation angle, node 13, rad
        239   -1.626E-01, -1.487E-01, -9.754E-01         F               0         Blade 1 Y orientation angle, node 13, rad
        240   -4.906E-02,  9.886E-01, -1.426E-01         F               0         Blade 1 Z orientation angle, node 13, rad
        241    9.842E-01,  2.351E-02, -1.756E-01         F               0         Blade 1 X orientation angle, node 14, rad
        242   -1.703E-01, -1.489E-01, -9.741E-01         F               0         Blade 1 Y orientation angle, node 14, rad
        243   -4.906E-02,  9.886E-01, -1.426E-01         F               0         Blade 1 Z orientation angle, node 14, rad
        244    9.830E-01,  2.247E-02, -1.824E-01         F               0         Blade 1 X orientation angle, node 15, rad
        245   -1.772E-01, -1.491E-01, -9.728E-01         F               0         Blade 1 Y orientation angle, node 15, rad
        246   -4.906E-02,  9.886E-01, -1.426E-01         F               0         Blade 1 Z orientation angle, node 15, rad
        247    9.818E-01,  2.153E-02, -1.886E-01         F               0         Blade 1 X orientation angle, node 16, rad
        248   -1.833E-01, -1.492E-01, -9.717E-01         F               0         Blade 1 Y orientation angle, node 16, rad
        249   -4.906E-02,  9.886E-01, -1.426E-01         F               0         Blade 1 Z orientation angle, node 16, rad
        250    9.808E-01,  2.070E-02, -1.940E-01         F               0         Blade 1 X orientation angle, node 17, rad
        251   -1.888E-01, -1.493E-01, -9.706E-01         F               0         Blade 1 Y orientation angle, node 17, rad
        252   -4.906E-02,  9.886E-01, -1.426E-01         F               0         Blade 1 Z orientation angle, node 17, rad
        253    9.798E-01,  1.992E-02, -1.991E-01         F               0         Blade 1 X orientation angle, node 18, rad
        254   -1.939E-01, -1.494E-01, -9.696E-01         F               0         Blade 1 Y orientation angle, node 18, rad
        255   -4.906E-02,  9.886E-01, -1.426E-01         F               0         Blade 1 Z orientation angle, node 18, rad
        256    9.789E-01,  1.921E-02, -2.036E-01         F               0         Blade 1 X orientation angle, node 19, rad
        257   -1.986E-01, -1.495E-01, -9.686E-01         F               0         Blade 1 Y orientation angle, node 19, rad
        258   -4.906E-02,  9.886E-01, -1.426E-01         F               0         Blade 1 Z orientation angle, node 19, rad
        259    9.780E-01,  1.858E-02, -2.077E-01         F               0         Blade 1 X orientation angle, node 20, rad
        260   -2.027E-01, -1.496E-01, -9.678E-01         F               0         Blade 1 Y orientation angle, node 20, rad
        261   -4.906E-02,  9.886E-01, -1.426E-01         F               0         Blade 1 Z orientation angle, node 20, rad
        262    9.772E-01,  1.798E-02, -2.116E-01         F               0         Blade 1 X orientation angle, node 21, rad
        263   -2.066E-01, -1.497E-01, -9.669E-01         F               0         Blade 1 Y orientation angle, node 21, rad
        264   -4.906E-02,  9.886E-01, -1.426E-01         F               0         Blade 1 Z orientation angle, node 21, rad
        265    9.764E-01,  1.743E-02, -2.151E-01         F               0         Blade 1 X orientation angle, node 22, rad
        266   -2.102E-01, -1.497E-01, -9.661E-01         F               0         Blade 1 Y orientation angle, node 22, rad
        267   -4.906E-02,  9.886E-01, -1.426E-01         F               0         Blade 1 Z orientation angle, node 22, rad
        268    9.757E-01,  1.694E-02, -2.183E-01         F               0         Blade 1 X orientation angle, node 23, rad
        269   -2.134E-01, -1.498E-01, -9.654E-01         F               0         Blade 1 Y orientation angle, node 23, rad
        270   -4.906E-02,  9.886E-01, -1.426E-01         F               0         Blade 1 Z orientation angle, node 23, rad
        271    9.751E-01,  1.647E-02, -2.213E-01         F               0         Blade 1 X orientation angle, node 24, rad
        272   -2.165E-01, -1.499E-01, -9.647E-01         F               0         Blade 1 Y orientation angle, node 24, rad
        273   -4.906E-02,  9.886E-01, -1.426E-01         F               0         Blade 1 Z orientation angle, node 24, rad
        274    9.744E-01,  1.602E-02, -2.242E-01         F               0         Blade 1 X orientation angle, node 25, rad
        275   -2.194E-01, -1.499E-01, -9.641E-01         F               0         Blade 1 Y orientation angle, node 25, rad
        276   -4.906E-02,  9.886E-01, -1.426E-01         F               0         Blade 1 Z orientation angle, node 25, rad
        277    9.738E-01,  1.563E-02, -2.267E-01         F               0         Blade 1 X orientation angle, node 26, rad
        278   -2.219E-01, -1.499E-01, -9.635E-01         F               0         Blade 1 Y orientation angle, node 26, rad
        279   -4.906E-02,  9.886E-01, -1.426E-01         F               0         Blade 1 Z orientation angle, node 26, rad
        280    9.732E-01,  1.524E-02, -2.292E-01         F               0         Blade 1 X orientation angle, node 27, rad
        281   -2.245E-01, -1.500E-01, -9.629E-01         F               0         Blade 1 Y orientation angle, node 27, rad
        282   -4.906E-02,  9.886E-01, -1.426E-01         F               0         Blade 1 Z orientation angle, node 27, rad
        283    9.729E-01,  1.503E-02, -2.306E-01         F               0         Blade 1 X orientation angle, node 28, rad
        284   -2.258E-01, -1.500E-01, -9.626E-01         F               0         Blade 1 Y orientation angle, node 28, rad
        285   -4.906E-02,  9.886E-01, -1.426E-01         F               0         Blade 1 Z orientation angle, node 28, rad
        286    1.084E+00                                 F               0         Blade 1 X translation velocity, node 1, m/s
        287    6.596E-01                                 F               0         Blade 1 Y translation velocity, node 1, m/s
        288    4.675E+00                                 F               0         Blade 1 Z translation velocity, node 1, m/s
        289    1.347E+00                                 F               0         Blade 1 X translation velocity, node 2, m/s
        290    8.353E-01                                 F               0         Blade 1 Y translation velocity, node 2, m/s
        291    5.802E+00                                 F               0         Blade 1 Z translation velocity, node 2, m/s
        292    4.923E+00                                 F               0         Blade 1 X translation velocity, node 3, m/s
        293    3.224E+00                                 F               0         Blade 1 Y translation velocity, node 3, m/s
        294    2.114E+01                                 F               0         Blade 1 Z translation velocity, node 3, m/s
        295    5.685E+00                                 F               0         Blade 1 X translation velocity, node 4, m/s
        296    3.733E+00                                 F               0         Blade 1 Y translation velocity, node 4, m/s
        297    2.440E+01                                 F               0         Blade 1 Z translation velocity, node 4, m/s
        298    6.447E+00                                 F               0         Blade 1 X translation velocity, node 5, m/s
        299    4.242E+00                                 F               0         Blade 1 Y translation velocity, node 5, m/s
        300    2.767E+01                                 F               0         Blade 1 Z translation velocity, node 5, m/s
        301    7.209E+00                                 F               0         Blade 1 X translation velocity, node 6, m/s
        302    4.751E+00                                 F               0         Blade 1 Y translation velocity, node 6, m/s
        303    3.094E+01                                 F               0         Blade 1 Z translation velocity, node 6, m/s
        304    7.971E+00                                 F               0         Blade 1 X translation velocity, node 7, m/s
        305    5.259E+00                                 F               0         Blade 1 Y translation velocity, node 7, m/s
        306    3.420E+01                                 F               0         Blade 1 Z translation velocity, node 7, m/s
        307    8.733E+00                                 F               0         Blade 1 X translation velocity, node 8, m/s
