
Linearized model: Predictions were generated on 13-Feb-2024 at 12:12:09 using OpenFAST, compiled as a 64-bit application using single precision at commit v3.5.1
 linked with  NWTC Subroutine Library; ElastoDyn; InflowWind; AeroDyn; ServoDyn; HydroDyn; MAP++ (<1.20.10>, <Oct-20-2023>)

Description from the FAST input file: CCT-9 Campign 4 model. Input files to be run with OpenFAST 3.5.0. GitHub branch from Lu Wang (https://github.com/luwang00/openfast/tree/dev) compiled on March 7, 2023.

Simulation information:
   Simulation time:                   778.1500 s
   Rotor Speed:                         0.7913 rad/s
   Azimuth:                             6.1089 rad
   Wind Speed:                         24.0000 m/s
   Number of continuous states:         0
   Number of discrete states:           0
   Number of constraint states:         0
   Number of inputs:                 1746
   Number of outputs:                   4
   Jacobians included in this file?    No

Order of inputs:
     Column   Operating Point                                                   Rotating Frame? Derivative Order Description
   ---------- ---------------                                                   --------------- ---------------- -----------
          1     8.55765438080E+000                                                     F               0         Tower X translation displacement, node 1, m
          2    -1.81656861305E+000                                                     F               0         Tower Y translation displacement, node 1, m
          3    -2.31740131974E-001                                                     F               0         Tower Z translation displacement, node 1, m
          4     9.73072910309E+000                                                     F               0         Tower X translation displacement, node 2, m
          5    -2.49136757851E+000                                                     F               0         Tower Y translation displacement, node 2, m
          6    -3.06085139513E-001                                                     F               0         Tower Z translation displacement, node 2, m
          7     1.09219856262E+001                                                     F               0         Tower X translation displacement, node 3, m
          8    -3.17410349846E+000                                                     F               0         Tower Y translation displacement, node 3, m
          9    -3.82615298033E-001                                                     F               0         Tower Z translation displacement, node 3, m
         10     1.21268672943E+001                                                     F               0         Tower X translation displacement, node 4, m
         11    -3.86336708069E+000                                                     F               0         Tower Y translation displacement, node 4, m
         12    -4.60839629173E-001                                                     F               0         Tower Z translation displacement, node 4, m
         13     1.33428354263E+001                                                     F               0         Tower X translation displacement, node 5, m
         14    -4.55852794647E+000                                                     F               0         Tower Y translation displacement, node 5, m
         15    -5.40486633778E-001                                                     F               0         Tower Z translation displacement, node 5, m
         16     1.45675210953E+001                                                     F               0         Tower X translation displacement, node 6, m
         17    -5.25891876221E+000                                                     F               0         Tower Y translation displacement, node 6, m
         18    -6.21308326721E-001                                                     F               0         Tower Z translation displacement, node 6, m
         19     1.57983684540E+001                                                     F               0         Tower X translation displacement, node 7, m
         20    -5.96350765228E+000                                                     F               0         Tower Y translation displacement, node 7, m
         21    -7.02972292900E-001                                                     F               0         Tower Z translation displacement, node 7, m
         22     1.70341682434E+001                                                     F               0         Tower X translation displacement, node 8, m
         23    -6.67195892334E+000                                                     F               0         Tower Y translation displacement, node 8, m
         24    -7.85368621349E-001                                                     F               0         Tower Z translation displacement, node 8, m
         25     1.82733287811E+001                                                     F               0         Tower X translation displacement, node 9, m
         26    -7.38347196579E+000                                                     F               0         Tower Y translation displacement, node 9, m
         27    -8.68271470070E-001                                                     F               0         Tower Z translation displacement, node 9, m
         28     1.95145454407E+001                                                     F               0         Tower X translation displacement, node 10, m
         29    -8.09719944000E+000                                                     F               0         Tower Y translation displacement, node 10, m
         30    -9.51516926289E-001                                                     F               0         Tower Z translation displacement, node 10, m
         31     2.07567806244E+001                                                     F               0         Tower X translation displacement, node 11, m
         32    -8.81231117249E+000                                                     F               0         Tower Y translation displacement, node 11, m
         33    -1.03494322300E+000                                                     F               0         Tower Z translation displacement, node 11, m
         34     9.95468974113E-001,  -6.64196442813E-003,  -9.48544740677E-002         F               0         Tower X orientation angle, node 1, rad
         35     1.17598660290E-002,   9.98498678207E-001,   5.34986779094E-002         F               0         Tower Y orientation angle, node 1, rad
         36     9.43567305803E-002,  -5.43717518449E-002,   9.94052588940E-001         F               0         Tower Z orientation angle, node 1, rad
         37     9.95335578918E-001,  -6.56522298232E-003,  -9.62497666478E-002         F               0         Tower X orientation angle, node 2, rad
         38     1.18154855445E-002,   9.98466670513E-001,   5.40803074837E-002         F               0         Tower Y orientation angle, node 2, rad
         39     9.57471355796E-002,  -5.49652874470E-002,   9.93886947632E-001         F               0         Tower Z orientation angle, node 2, rad
         40     9.95218217373E-001,  -6.49792607874E-003,  -9.74600389600E-002         F               0         Tower X orientation angle, node 3, rad
         41     1.18677951396E-002,   9.98436689377E-001,   5.46201094985E-002         F               0         Tower Y orientation angle, node 3, rad
         42     9.69527587295E-002,  -5.55155649781E-002,   9.93739485741E-001         F               0         Tower Z orientation angle, node 3, rad
         43     9.95119512081E-001,  -6.44135987386E-003,  -9.84665751457E-002         F               0         Tower X orientation angle, node 4, rad
         44     1.19160283357E-002,   9.98409032822E-001,   5.51127158105E-002         F               0         Tower Y orientation angle, node 4, rad
         45     9.79549139738E-002,  -5.60170672834E-002,   9.93613064289E-001         F               0         Tower Z orientation angle, node 4, rad
         46     9.95039105415E-001,  -6.39524171129E-003,  -9.92786735296E-002         F               0         Tower X orientation angle, node 5, rad
         47     1.19597818702E-002,   9.98383939266E-001,   5.55561818182E-002         F               0         Tower Y orientation angle, node 5, rad
         48     9.87629368901E-002,  -5.64679242671E-002,   9.93507564068E-001         F               0         Tower Z orientation angle, node 5, rad
         49     9.94976043701E-001,  -6.35894061998E-003,  -9.99112799764E-002         F               0         Tower X orientation angle, node 6, rad
         50     1.19985844940E-002,   9.98361587524E-001,   5.59474565089E-002         F               0         Tower Y orientation angle, node 6, rad
         51     9.93918180466E-002,  -5.68651705980E-002,   9.93422150612E-001         F               0         Tower Z orientation angle, node 6, rad
         52     9.94929850101E-001,  -6.33221957833E-003,  -1.00371904671E-001         F               0         Tower X orientation angle, node 7, rad
         53     1.20314387605E-002,   9.98342633247E-001,   5.62778227031E-002         F               0         Tower Y orientation angle, node 7, rad
         54     9.98491942883E-002,  -5.72001039982E-002,   9.93357062340E-001         F               0         Tower Z orientation angle, node 7, rad
         55     9.94897067547E-001,  -6.31313584745E-003,  -1.00697390735E-001         F               0         Tower X orientation angle, node 8, rad
         56     1.20583167300E-002,   9.98327076435E-001,   5.65477423370E-002         F               0         Tower Y orientation angle, node 8, rad
         57     1.00171938539E-001,  -5.74734210968E-002,   9.93308782578E-001         F               0         Tower Z orientation angle, node 8, rad
         58     9.94875550270E-001,  -6.30049686879E-003,  -1.00910596550E-001         F               0         Tower X orientation angle, node 9, rad
         59     1.20788188651E-002,   9.98315155506E-001,   5.67536018789E-002         F               0         Tower Y orientation angle, node 9, rad
         60     1.00382998586E-001,  -5.76816536486E-002,   9.93275403976E-001         F               0         Tower Z orientation angle, node 9, rad
         61     9.94863092899E-001,  -6.29311474040E-003,  -1.01033709943E-001         F               0         Tower X orientation angle, node 10, rad
         62     1.20926471427E-002,   9.98307049274E-001,   5.68925701082E-002         F               0         Tower Y orientation angle, node 10, rad
         63     1.00504636765E-001,  -5.78220859170E-002,   9.93254959583E-001         F               0         Tower Z orientation angle, node 10, rad
         64     9.94857192039E-001,  -6.28956034780E-003,  -1.01092278957E-001         F               0         Tower X orientation angle, node 11, rad
         65     1.21003612876E-002,   9.98302519321E-001,   5.69701939821E-002         F               0         Tower Y orientation angle, node 11, rad
         66     1.00562363863E-001,  -5.79004585743E-002,   9.93244528770E-001         F               0         Tower Z orientation angle, node 11, rad
         67    -6.91342679784E-003                                                     F               0         Tower X translation velocity, node 1, m/s
         68     5.77161461115E-003                                                     F               0         Tower Y translation velocity, node 1, m/s
         69    -4.09140484408E-003                                                     F               0         Tower Z translation velocity, node 1, m/s
         70    -9.42526943982E-003                                                     F               0         Tower X translation velocity, node 2, m/s
         71     7.19693955034E-003                                                     F               0         Tower Y translation velocity, node 2, m/s
         72    -3.77342919819E-003                                                     F               0         Tower Z translation velocity, node 2, m/s
         73    -1.02746058255E-002                                                     F               0         Tower X translation velocity, node 3, m/s
         74     8.28955788165E-003                                                     F               0         Tower Y translation velocity, node 3, m/s
         75    -3.63026955165E-003                                                     F               0         Tower Z translation velocity, node 3, m/s
         76    -9.80725791305E-003                                                     F               0         Tower X translation velocity, node 4, m/s
         77     9.12727601826E-003                                                     F               0         Tower Y translation velocity, node 4, m/s
         78    -3.62908653915E-003                                                     F               0         Tower Z translation velocity, node 4, m/s
         79    -8.19688383490E-003                                                     F               0         Tower X translation velocity, node 5, m/s
         80     9.75185353309E-003                                                     F               0         Tower Y translation velocity, node 5, m/s
         81    -3.75321134925E-003                                                     F               0         Tower Z translation velocity, node 5, m/s
         82    -5.61452703550E-003                                                     F               0         Tower X translation velocity, node 6, m/s
         83     1.02028427646E-002                                                     F               0         Tower Y translation velocity, node 6, m/s
         84    -3.98510694504E-003                                                     F               0         Tower Z translation velocity, node 6, m/s
         85    -2.28354148567E-003                                                     F               0         Tower X translation velocity, node 7, m/s
         86     1.05260387063E-002                                                     F               0         Tower Y translation velocity, node 7, m/s
         87    -4.30053798482E-003                                                     F               0         Tower Z translation velocity, node 7, m/s
         88     1.71075353865E-003                                                     F               0         Tower X translation velocity, node 8, m/s
         89     1.07411658391E-002                                                     F               0         Tower Y translation velocity, node 8, m/s
         90    -4.69022151083E-003                                                     F               0         Tower Z translation velocity, node 8, m/s
         91     6.21068617329E-003                                                     F               0         Tower X translation velocity, node 9, m/s
         92     1.08780367300E-002                                                     F               0         Tower Y translation velocity, node 9, m/s
         93    -5.13654248789E-003                                                     F               0         Tower Z translation velocity, node 9, m/s
         94     1.10650565475E-002                                                     F               0         Tower X translation velocity, node 10, m/s
         95     1.09625877813E-002                                                     F               0         Tower Y translation velocity, node 10, m/s
         96    -5.62250008807E-003                                                     F               0         Tower Z translation velocity, node 10, m/s
         97     1.61321032792E-002                                                     F               0         Tower X translation velocity, node 11, m/s
         98     1.10159451142E-002                                                     F               0         Tower Y translation velocity, node 11, m/s
         99    -6.13220920786E-003                                                     F               0         Tower Z translation velocity, node 11, m/s
        100     2.16017570496E+001                                                     F               0         Hub X translation displacement, node 1, m
        101    -9.19890975952E+000                                                     F               0         Hub Y translation displacement, node 1, m
        102     3.87863395736E-003                                                     F               0         Hub Z translation displacement, node 1, m
        103     9.78895604610E-001,  -2.02859009732E-004,  -2.04360812902E-001         F               0         Hub X orientation angle, node 1, rad
        104    -2.34485976398E-002,   9.93283450603E-001,  -1.13305605948E-001         F               0         Hub Y orientation angle, node 1, rad
        105     2.03011199832E-001,   1.15706332028E-001,   9.72316026688E-001         F               0         Hub Z orientation angle, node 1, rad
        106     7.74615526199E-001                                                     F               0         Hub X rotation velocity, node 1, rad/s
        107     2.54638871411E-004                                                     F               0         Hub Y rotation velocity, node 1, rad/s
        108    -1.61689892411E-001                                                     F               0         Hub Z rotation velocity, node 1, rad/s
        109     9.43471312523E-001,  -2.88819909096E-001,  -1.62618890405E-001         F               0         Blade root 1 X orientation angle, node 1, rad
        110     2.62008190155E-001,   9.50365781784E-001,  -1.67799279094E-001         F               0         Blade root 1 Y orientation angle, node 1, rad
        111     2.03011199832E-001,   1.15706332028E-001,   9.72316026688E-001         F               0         Blade root 1 Z orientation angle, node 1, rad
        112     8.82163643837E-001,   1.15001581609E-001,  -4.56685841084E-001         F               0         Blade root 2 X orientation angle, node 1, rad
        113     4.63890224695E-001,  -3.79390358925E-001,   8.00542831421E-001         F               0         Blade root 2 Y orientation angle, node 1, rad
        114    -8.11985209584E-002,  -9.18061852455E-001,  -3.88032495975E-001         F               0         Blade root 2 Z orientation angle, node 1, rad
        115     9.84338164330E-001,   1.73235997558E-001,   3.26758958399E-002         F               0         Blade root 3 X orientation angle, node 1, rad
        116     1.27436622977E-001,  -5.71152269840E-001,  -8.10891509056E-001         F               0         Blade root 3 Y orientation angle, node 1, rad
        117    -1.21812686324E-001,   8.02355527878E-001,  -5.84283530712E-001         F               0         Blade root 3 Z orientation angle, node 1, rad
        118     2.21473522186E+001                                                     F               0         Blade 1 X translation displacement, node 1, m
        119    -8.55789661407E+000                                                     F               0         Blade 1 Y translation displacement, node 1, m
        120    -1.19149312377E-001                                                     F               0         Blade 1 Z translation displacement, node 1, m
        121     2.22788181305E+001                                                     F               0         Blade 1 X translation displacement, node 2, m
        122    -8.40343952179E+000                                                     F               0         Blade 1 Y translation displacement, node 2, m
        123    -1.48789674044E-001                                                     F               0         Blade 1 Z translation displacement, node 2, m
        124     2.40665168762E+001                                                     F               0         Blade 1 X translation displacement, node 3, m
        125    -6.30309104919E+000                                                     F               0         Blade 1 Y translation displacement, node 3, m
        126    -5.51876485348E-001                                                     F               0         Blade 1 Z translation displacement, node 3, m
        127     2.44473953247E+001                                                     F               0         Blade 1 X translation displacement, node 4, m
        128    -5.85559988022E+000                                                     F               0         Blade 1 Y translation displacement, node 4, m
        129    -6.37764632702E-001                                                     F               0         Blade 1 Z translation displacement, node 4, m
        130     2.48283481598E+001                                                     F               0         Blade 1 X translation displacement, node 5, m
        131    -5.40802288055E+000                                                     F               0         Blade 1 Y translation displacement, node 5, m
        132    -7.23653674126E-001                                                     F               0         Blade 1 Z translation displacement, node 5, m
        133     2.52092285156E+001                                                     F               0         Blade 1 X translation displacement, node 6, m
        134    -4.96052932739E+000                                                     F               0         Blade 1 Y translation displacement, node 6, m
        135    -8.09542119503E-001                                                     F               0         Blade 1 Z translation displacement, node 6, m
        136     2.55901126862E+001                                                     F               0         Blade 1 X translation displacement, node 7, m
        137    -4.51303434372E+000                                                     F               0         Blade 1 Y translation displacement, node 7, m
        138    -8.95417392254E-001                                                     F               0         Blade 1 Z translation displacement, node 7, m
        139     2.59710617065E+001                                                     F               0         Blade 1 X translation displacement, node 8, m
        140    -4.06545925140E+000                                                     F               0         Blade 1 Y translation displacement, node 8, m
        141    -9.81321454048E-001                                                     F               0         Blade 1 Z translation displacement, node 8, m
        142     2.63519439697E+001                                                     F               0         Blade 1 X translation displacement, node 9, m
        143    -3.61796402931E+000                                                     F               0         Blade 1 Y translation displacement, node 9, m
        144    -1.06719481945E+000                                                     F               0         Blade 1 Z translation displacement, node 9, m
        145     2.67328262329E+001                                                     F               0         Blade 1 X translation displacement, node 10, m
        146    -3.17047071457E+000                                                     F               0         Blade 1 Y translation displacement, node 10, m
        147    -1.15308332443E+000                                                     F               0         Blade 1 Z translation displacement, node 10, m
        148     2.71137084961E+001                                                     F               0         Blade 1 X translation displacement, node 11, m
        149    -2.72297549248E+000                                                     F               0         Blade 1 Y translation displacement, node 11, m
        150    -1.23895668983E+000                                                     F               0         Blade 1 Z translation displacement, node 11, m
        151     2.74946594238E+001                                                     F               0         Blade 1 X translation displacement, node 12, m
        152    -2.27540278435E+000                                                     F               0         Blade 1 Y translation displacement, node 12, m
        153    -1.32486057281E+000                                                     F               0         Blade 1 Z translation displacement, node 12, m
        154     2.78755416870E+001                                                     F               0         Blade 1 X translation displacement, node 13, m
        155    -1.82790720463E+000                                                     F               0         Blade 1 Y translation displacement, node 13, m
        156    -1.41073393822E+000                                                     F               0         Blade 1 Z translation displacement, node 13, m
        157     2.82564220428E+001                                                     F               0         Blade 1 X translation displacement, node 14, m
        158    -1.38041412830E+000                                                     F               0         Blade 1 Y translation displacement, node 14, m
        159    -1.49662244320E+000                                                     F               0         Blade 1 Z translation displacement, node 14, m
        160     2.86373729706E+001                                                     F               0         Blade 1 X translation displacement, node 15, m
        161    -9.32837665081E-001                                                     F               0         Blade 1 Y translation displacement, node 15, m
        162    -1.58251643181E+000                                                     F               0         Blade 1 Z translation displacement, node 15, m
        163     2.90182552338E+001                                                     F               0         Blade 1 X translation displacement, node 16, m
        164    -4.85344111919E-001                                                     F               0         Blade 1 Y translation displacement, node 16, m
        165    -1.66840243340E+000                                                     F               0         Blade 1 Z translation displacement, node 16, m
        166     2.93991394043E+001                                                     F               0         Blade 1 X translation displacement, node 17, m
        167    -3.78484092653E-002                                                     F               0         Blade 1 Y translation displacement, node 17, m
        168    -1.75427329540E+000                                                     F               0         Blade 1 Z translation displacement, node 17, m
        169     2.97800216675E+001                                                     F               0         Blade 1 X translation displacement, node 18, m
        170     4.09645229578E-001                                                     F               0         Blade 1 Y translation displacement, node 18, m
        171    -1.84015917778E+000                                                     F               0         Blade 1 Z translation displacement, node 18, m
        172     3.01609706879E+001                                                     F               0         Blade 1 X translation displacement, node 19, m
        173     8.57218503952E-001                                                     F               0         Blade 1 Y translation displacement, node 19, m
        174    -1.92606043816E+000                                                     F               0         Blade 1 Z translation displacement, node 19, m
        175     3.05418529510E+001                                                     F               0         Blade 1 X translation displacement, node 20, m
        176     1.30471420288E+000                                                     F               0         Blade 1 Y translation displacement, node 20, m
        177    -2.01193118095E+000                                                     F               0         Blade 1 Z translation displacement, node 20, m
        178     3.09227352142E+001                                                     F               0         Blade 1 X translation displacement, node 21, m
        179     1.75220787525E+000                                                     F               0         Blade 1 Y translation displacement, node 21, m
        180    -2.09781718254E+000                                                     F               0         Blade 1 Z translation displacement, node 21, m
        181     3.13036861420E+001                                                     F               0         Blade 1 X translation displacement, node 22, m
        182     2.19978308678E+000                                                     F               0         Blade 1 Y translation displacement, node 22, m
        183    -2.18371868134E+000                                                     F               0         Blade 1 Z translation displacement, node 22, m
        184     3.16845684052E+001                                                     F               0         Blade 1 X translation displacement, node 23, m
        185     2.64727878571E+000                                                     F               0         Blade 1 Y translation displacement, node 23, m
        186    -2.26958942413E+000                                                     F               0         Blade 1 Z translation displacement, node 23, m
        187     3.20654487610E+001                                                     F               0         Blade 1 X translation displacement, node 24, m
        188     3.09477233887E+000                                                     F               0         Blade 1 Y translation displacement, node 24, m
        189    -2.35547542572E+000                                                     F               0         Blade 1 Z translation displacement, node 24, m
        190     3.24463310242E+001                                                     F               0         Blade 1 X translation displacement, node 25, m
        191     3.54226589203E+000                                                     F               0         Blade 1 Y translation displacement, node 25, m
        192    -2.44136118889E+000                                                     F               0         Blade 1 Z translation displacement, node 25, m
        193     3.28272819519E+001                                                     F               0         Blade 1 X translation displacement, node 26, m
        194     3.98984146118E+000                                                     F               0         Blade 1 Y translation displacement, node 26, m
        195    -2.52726292610E+000                                                     F               0         Blade 1 Z translation displacement, node 26, m
        196     3.32081642151E+001                                                     F               0         Blade 1 X translation displacement, node 27, m
        197     4.43733453751E+000                                                     F               0         Blade 1 Y translation displacement, node 27, m
        198    -2.61314868927E+000                                                     F               0         Blade 1 Z translation displacement, node 27, m
        199     3.35310707092E+001                                                     F               0         Blade 1 X translation displacement, node 28, m
        200     4.81671476364E+000                                                     F               0         Blade 1 Y translation displacement, node 28, m
        201    -2.68593835831E+000                                                     F               0         Blade 1 Z translation displacement, node 28, m
        202     7.20186531544E-001,  -6.90419435501E-001,  -6.82082995772E-002         F               0         Blade 1 X orientation angle, node 1, rad
        203     6.63413763046E-001,   7.14095950127E-001,  -2.23493024707E-001         F               0         Blade 1 Y orientation angle, node 1, rad
        204     2.03011199832E-001,   1.15706332028E-001,   9.72316026688E-001         F               0         Blade 1 Z orientation angle, node 1, rad
        205     7.20186531544E-001,  -6.90419435501E-001,  -6.82082995772E-002         F               0         Blade 1 X orientation angle, node 2, rad
        206     6.63413763046E-001,   7.14095950127E-001,  -2.23493024707E-001         F               0         Blade 1 Y orientation angle, node 2, rad
        207     2.03011199832E-001,   1.15706332028E-001,   9.72316026688E-001         F               0         Blade 1 Z orientation angle, node 2, rad
        208     8.56900990009E-001,  -5.01501619816E-001,  -1.19234465063E-001         F               0         Blade 1 X orientation angle, node 3, rad
        209     4.73821878433E-001,   8.57384502888E-001,  -2.00959324837E-001         F               0         Blade 1 Y orientation angle, node 3, rad
        210     2.03011199832E-001,   1.15706332028E-001,   9.72316026688E-001         F               0         Blade 1 Z orientation angle, node 3, rad
        211     8.76143574715E-001,  -4.64851796627E-001,  -1.27613514662E-001         F               0         Blade 1 X orientation angle, node 4, rad
        212     4.37217175961E-001,   8.77795457840E-001,  -1.95745483041E-001         F               0         Blade 1 Y orientation angle, node 4, rad
        213     2.03011199832E-001,   1.15706332028E-001,   9.72316026688E-001         F               0         Blade 1 Z orientation angle, node 4, rad
        214     8.90157938004E-001,  -4.35492783785E-001,  -1.34033322334E-001         F               0         Blade 1 X orientation angle, node 5, rad
        215     4.07928109169E-001,   8.92725110054E-001,  -1.91406816244E-001         F               0         Blade 1 Y orientation angle, node 5, rad
        216     2.03011199832E-001,   1.15706332028E-001,   9.72316026688E-001         F               0         Blade 1 Z orientation angle, node 5, rad
        217     9.00665342808E-001,  -4.11659181118E-001,  -1.39063403010E-001         F               0         Blade 1 X orientation angle, node 6, rad
        218     3.84172320366E-001,   9.03962790966E-001,  -1.87784120440E-001         F               0         Blade 1 Y orientation angle, node 6, rad
        219     2.03011199832E-001,   1.15706332028E-001,   9.72316026688E-001         F               0         Blade 1 Z orientation angle, node 6, rad
        220     9.08831715584E-001,  -3.91841381788E-001,  -1.43126800656E-001         F               0         Blade 1 X orientation angle, node 7, rad
        221     3.64432990551E-001,   9.12728011608E-001,  -1.84705778956E-001         F               0         Blade 1 Y orientation angle, node 7, rad
        222     2.03011199832E-001,   1.15706332028E-001,   9.72316026688E-001         F               0         Blade 1 Z orientation angle, node 7, rad
        223     9.15296614170E-001,  -3.75210434198E-001,  -1.46455705166E-001         F               0         Blade 1 X orientation angle, node 8, rad
        224     3.47877264023E-001,   9.19689714909E-001,  -1.82077541947E-001         F               0         Blade 1 Y orientation angle, node 8, rad
        225     2.03011199832E-001,   1.15706332028E-001,   9.72316026688E-001         F               0         Blade 1 Z orientation angle, node 8, rad
        226     9.20531451702E-001,  -3.61041307449E-001,  -1.49234831333E-001         F               0         Blade 1 X orientation angle, node 9, rad
        227     3.33778858185E-001,   9.25343811512E-001,  -1.79806739092E-001         F               0         Blade 1 Y orientation angle, node 9, rad
        228     2.03011199832E-001,   1.15706332028E-001,   9.72316026688E-001         F               0         Blade 1 Z orientation angle, node 9, rad
        229     9.24877762794E-001,  -3.48735690117E-001,  -1.51606678963E-001         F               0         Blade 1 X orientation angle, node 10, rad
        230     3.21539461613E-001,   9.30051326752E-001,  -1.77811473608E-001         F               0         Blade 1 Y orientation angle, node 10, rad
        231     2.03011199832E-001,   1.15706332028E-001,   9.72316026688E-001         F               0         Blade 1 Z orientation angle, node 10, rad
        232     9.28465902805E-001,  -3.38162392378E-001,  -1.53614088893E-001         F               0         Blade 1 X orientation angle, node 11, rad
        233     3.11026573181E-001,   9.33947682381E-001,  -1.76080137491E-001         F               0         Blade 1 Y orientation angle, node 11, rad
        234     2.03011199832E-001,   1.15706332028E-001,   9.72316026688E-001         F               0         Blade 1 Z orientation angle, node 11, rad
        235     9.31514084339E-001,  -3.28854531050E-001,  -1.55358180404E-001         F               0         Blade 1 X orientation angle, node 12, rad
        236     3.01774621010E-001,   9.37265574932E-001,  -1.74543231726E-001         F               0         Blade 1 Y orientation angle, node 12, rad
        237     2.03011199832E-001,   1.15706332028E-001,   9.72316026688E-001         F               0         Blade 1 Z orientation angle, node 12, rad
        238     9.34112071991E-001,  -3.20662945509E-001,  -1.56875416636E-001         F               0         Blade 1 X orientation angle, node 13, rad
        239     2.93634235859E-001,   9.40099656582E-001,  -1.73180848360E-001         F               0         Blade 1 Y orientation angle, node 13, rad
        240     2.03011199832E-001,   1.15706332028E-001,   9.72316026688E-001         F               0         Blade 1 Z orientation angle, node 13, rad
        241     9.36389446259E-001,  -3.13269585371E-001,  -1.58230721951E-001         F               0         Blade 1 X orientation angle, node 14, rad
        242     2.86288768053E-001,   9.42589104176E-001,  -1.71943426132E-001         F               0         Blade 1 Y orientation angle, node 14, rad
        243     2.03011199832E-001,   1.15706332028E-001,   9.72316026688E-001         F               0         Blade 1 Z orientation angle, node 14, rad
        244     9.38365280628E-001,  -3.06681483984E-001,  -1.59427240491E-001         F               0         Blade 1 X orientation angle, node 15, rad
        245     2.79744595289E-001,   9.44753170013E-001,  -1.70834586024E-001         F               0         Blade 1 Y orientation angle, node 15, rad
        246     2.03011199832E-001,   1.15706332028E-001,   9.72316026688E-001         F               0         Blade 1 Z orientation angle, node 15, rad
        247     9.40104424953E-001,  -3.00739437342E-001,  -1.60497486591E-001         F               0         Blade 1 X orientation angle, node 16, rad
