
Linearized model: Predictions were generated on 12-Jan-2024 at 09:28:28 using OpenFAST, compiled as a 64-bit application using single precision at commit v3.5.1
 linked with  NWTC Subroutine Library; ElastoDyn; InflowWind; AeroDyn; ServoDyn; HydroDyn; MAP++ (<1.20.10>, <Oct-20-2023>)

Description from the FAST input file: CCT-9 Campign 4 model. Input files to be run with OpenFAST 3.5.0. GitHub branch from Lu Wang (https://github.com/luwang00/openfast/tree/dev) compiled on March 7, 2023.

Simulation information:
   Simulation time:                   505.4500 s
   Rotor Speed:                         0.8775 rad/s
   Azimuth:                             2.3532 rad
   Wind Speed:                         10.0000 m/s
   Number of continuous states:         0
   Number of discrete states:           0
   Number of constraint states:         0
   Number of inputs:                 1746
   Number of outputs:                   4
   Jacobians included in this file?    No

Order of inputs:
     Column   Operating Point                     Rotating Frame? Derivative Order Description
   ---------- ---------------                     --------------- ---------------- -----------
          1    1.100E+01                                 F               0         Tower X translation displacement, node 1, m
          2   -1.224E+00                                 F               0         Tower Y translation displacement, node 1, m
          3   -3.192E-01                                 F               0         Tower Z translation displacement, node 1, m
          4    1.246E+01                                 F               0         Tower X translation displacement, node 2, m
          5   -1.808E+00                                 F               0         Tower Y translation displacement, node 2, m
          6   -4.207E-01                                 F               0         Tower Z translation displacement, node 2, m
          7    1.396E+01                                 F               0         Tower X translation displacement, node 3, m
          8   -2.398E+00                                 F               0         Tower Y translation displacement, node 3, m
          9   -5.253E-01                                 F               0         Tower Z translation displacement, node 3, m
         10    1.547E+01                                 F               0         Tower X translation displacement, node 4, m
         11   -2.993E+00                                 F               0         Tower Y translation displacement, node 4, m
         12   -6.325E-01                                 F               0         Tower Z translation displacement, node 4, m
         13    1.699E+01                                 F               0         Tower X translation displacement, node 5, m
         14   -3.591E+00                                 F               0         Tower Y translation displacement, node 5, m
         15   -7.418E-01                                 F               0         Tower Z translation displacement, node 5, m
         16    1.853E+01                                 F               0         Tower X translation displacement, node 6, m
         17   -4.193E+00                                 F               0         Tower Y translation displacement, node 6, m
         18   -8.528E-01                                 F               0         Tower Z translation displacement, node 6, m
         19    2.008E+01                                 F               0         Tower X translation displacement, node 7, m
         20   -4.797E+00                                 F               0         Tower Y translation displacement, node 7, m
         21   -9.651E-01                                 F               0         Tower Z translation displacement, node 7, m
         22    2.164E+01                                 F               0         Tower X translation displacement, node 8, m
         23   -5.404E+00                                 F               0         Tower Y translation displacement, node 8, m
         24   -1.078E+00                                 F               0         Tower Z translation displacement, node 8, m
         25    2.320E+01                                 F               0         Tower X translation displacement, node 9, m
         26   -6.012E+00                                 F               0         Tower Y translation displacement, node 9, m
         27   -1.192E+00                                 F               0         Tower Z translation displacement, node 9, m
         28    2.476E+01                                 F               0         Tower X translation displacement, node 10, m
         29   -6.621E+00                                 F               0         Tower Y translation displacement, node 10, m
         30   -1.307E+00                                 F               0         Tower Z translation displacement, node 10, m
         31    2.633E+01                                 F               0         Tower X translation displacement, node 11, m
         32   -7.231E+00                                 F               0         Tower Y translation displacement, node 11, m
         33   -1.422E+00                                 F               0         Tower Z translation displacement, node 11, m
         34    9.930E-01,  9.946E-03, -1.177E-01         F               0         Tower X orientation angle, node 1, rad
         35   -4.321E-03,  9.988E-01,  4.796E-02         F               0         Tower Y orientation angle, node 1, rad
         36    1.180E-01, -4.711E-02,  9.919E-01         F               0         Tower Z orientation angle, node 1, rad
         37    9.928E-01,  1.003E-02, -1.195E-01         F               0         Tower X orientation angle, node 2, rad
         38   -4.268E-03,  9.988E-01,  4.840E-02         F               0         Tower Y orientation angle, node 2, rad
         39    1.199E-01, -4.755E-02,  9.916E-01         F               0         Tower Z orientation angle, node 2, rad
         40    9.926E-01,  1.011E-02, -1.212E-01         F               0         Tower X orientation angle, node 3, rad
         41   -4.219E-03,  9.988E-01,  4.881E-02         F               0         Tower Y orientation angle, node 3, rad
         42    1.215E-01, -4.793E-02,  9.914E-01         F               0         Tower Z orientation angle, node 3, rad
         43    9.924E-01,  1.018E-02, -1.226E-01         F               0         Tower X orientation angle, node 4, rad
         44   -4.176E-03,  9.988E-01,  4.916E-02         F               0         Tower Y orientation angle, node 4, rad
         45    1.229E-01, -4.827E-02,  9.912E-01         F               0         Tower Z orientation angle, node 4, rad
         46    9.923E-01,  1.024E-02, -1.237E-01         F               0         Tower X orientation angle, node 5, rad
         47   -4.138E-03,  9.988E-01,  4.946E-02         F               0         Tower Y orientation angle, node 5, rad
         48    1.240E-01, -4.856E-02,  9.911E-01         F               0         Tower Z orientation angle, node 5, rad
         49    9.922E-01,  1.028E-02, -1.246E-01         F               0         Tower X orientation angle, node 6, rad
         50   -4.106E-03,  9.988E-01,  4.971E-02         F               0         Tower Y orientation angle, node 6, rad
         51    1.250E-01, -4.881E-02,  9.910E-01         F               0         Tower Z orientation angle, node 6, rad
         52    9.921E-01,  1.031E-02, -1.253E-01         F               0         Tower X orientation angle, node 7, rad
         53   -4.081E-03,  9.987E-01,  4.991E-02         F               0         Tower Y orientation angle, node 7, rad
         54    1.256E-01, -4.901E-02,  9.909E-01         F               0         Tower Z orientation angle, node 7, rad
         55    9.920E-01,  1.034E-02, -1.258E-01         F               0         Tower X orientation angle, node 8, rad
         56   -4.061E-03,  9.987E-01,  5.007E-02         F               0         Tower Y orientation angle, node 8, rad
         57    1.261E-01, -4.916E-02,  9.908E-01         F               0         Tower Z orientation angle, node 8, rad
         58    9.920E-01,  1.036E-02, -1.261E-01         F               0         Tower X orientation angle, node 9, rad
         59   -4.047E-03,  9.987E-01,  5.019E-02         F               0         Tower Y orientation angle, node 9, rad
         60    1.265E-01, -4.927E-02,  9.907E-01         F               0         Tower Z orientation angle, node 9, rad
         61    9.919E-01,  1.037E-02, -1.263E-01         F               0         Tower X orientation angle, node 10, rad
         62   -4.037E-03,  9.987E-01,  5.026E-02         F               0         Tower Y orientation angle, node 10, rad
         63    1.267E-01, -4.935E-02,  9.907E-01         F               0         Tower Z orientation angle, node 10, rad
         64    9.919E-01,  1.037E-02, -1.264E-01         F               0         Tower X orientation angle, node 11, rad
         65   -4.032E-03,  9.987E-01,  5.030E-02         F               0         Tower Y orientation angle, node 11, rad
         66    1.268E-01, -4.939E-02,  9.907E-01         F               0         Tower Z orientation angle, node 11, rad
         67   -4.605E-03                                 F               0         Tower X translation velocity, node 1, m/s
         68    5.703E-03                                 F               0         Tower Y translation velocity, node 1, m/s
         69    4.801E-03                                 F               0         Tower Z translation velocity, node 1, m/s
         70   -4.713E-03                                 F               0         Tower X translation velocity, node 2, m/s
         71    8.259E-03                                 F               0         Tower Y translation velocity, node 2, m/s
         72    4.936E-03                                 F               0         Tower Z translation velocity, node 2, m/s
         73   -4.794E-03                                 F               0         Tower X translation velocity, node 3, m/s
         74    1.074E-02                                 F               0         Tower Y translation velocity, node 3, m/s
         75    5.065E-03                                 F               0         Tower Z translation velocity, node 3, m/s
         76   -4.857E-03                                 F               0         Tower X translation velocity, node 4, m/s
         77    1.317E-02                                 F               0         Tower Y translation velocity, node 4, m/s
         78    5.191E-03                                 F               0         Tower Z translation velocity, node 4, m/s
         79   -4.907E-03                                 F               0         Tower X translation velocity, node 5, m/s
         80    1.554E-02                                 F               0         Tower Y translation velocity, node 5, m/s
         81    5.313E-03                                 F               0         Tower Z translation velocity, node 5, m/s
         82   -4.949E-03                                 F               0         Tower X translation velocity, node 6, m/s
         83    1.787E-02                                 F               0         Tower Y translation velocity, node 6, m/s
         84    5.433E-03                                 F               0         Tower Z translation velocity, node 6, m/s
         85   -4.987E-03                                 F               0         Tower X translation velocity, node 7, m/s
         86    2.016E-02                                 F               0         Tower Y translation velocity, node 7, m/s
         87    5.551E-03                                 F               0         Tower Z translation velocity, node 7, m/s
         88   -5.023E-03                                 F               0         Tower X translation velocity, node 8, m/s
         89    2.242E-02                                 F               0         Tower Y translation velocity, node 8, m/s
         90    5.667E-03                                 F               0         Tower Z translation velocity, node 8, m/s
         91   -5.059E-03                                 F               0         Tower X translation velocity, node 9, m/s
         92    2.465E-02                                 F               0         Tower Y translation velocity, node 9, m/s
         93    5.783E-03                                 F               0         Tower Z translation velocity, node 9, m/s
         94   -5.097E-03                                 F               0         Tower X translation velocity, node 10, m/s
         95    2.686E-02                                 F               0         Tower Y translation velocity, node 10, m/s
         96    5.898E-03                                 F               0         Tower Z translation velocity, node 10, m/s
         97   -5.137E-03                                 F               0         Tower X translation velocity, node 11, m/s
         98    2.907E-02                                 F               0         Tower Y translation velocity, node 11, m/s
         99    6.013E-03                                 F               0         Tower Z translation velocity, node 11, m/s
        100    2.741E+01                                 F               0         Hub X translation displacement, node 1, m
        101   -7.731E+00                                 F               0         Hub Y translation displacement, node 1, m
        102   -1.294E-01                                 F               0         Hub Z translation displacement, node 1, m
        103    9.732E-01,  1.548E-02, -2.293E-01         F               0         Hub X orientation angle, node 1, rad
        104    1.658E-01, -7.382E-01,  6.539E-01         F               0         Hub Y orientation angle, node 1, rad
        105   -1.591E-01, -6.744E-01, -7.210E-01         F               0         Hub Z orientation angle, node 1, rad
        106    8.538E-01                                 F               0         Hub X rotation velocity, node 1, rad/s
        107    1.357E-02                                 F               0         Hub Y rotation velocity, node 1, rad/s
        108   -2.011E-01                                 F               0         Hub Z rotation velocity, node 1, rad/s
        109    9.679E-01,  3.737E-02, -2.486E-01         F               0         Blade root 1 X orientation angle, node 1, rad
        110    1.946E-01, -7.374E-01,  6.468E-01         F               0         Blade root 1 Y orientation angle, node 1, rad
        111   -1.591E-01, -6.744E-01, -7.210E-01         F               0         Blade root 1 Z orientation angle, node 1, rad
        112    9.794E-01,  2.185E-02, -2.010E-01         F               0         Blade root 2 X orientation angle, node 1, rad
        113   -1.918E-01, -2.145E-01, -9.577E-01         F               0         Blade root 2 Y orientation angle, node 1, rad
        114   -6.403E-02,  9.765E-01, -2.058E-01         F               0         Blade root 2 Z orientation angle, node 1, rad
        115    9.712E-01, -1.281E-02, -2.380E-01         F               0         Blade root 3 X orientation angle, node 1, rad
        116    8.376E-02,  9.532E-01,  2.905E-01         F               0         Blade root 3 Y orientation angle, node 1, rad
        117    2.232E-01, -3.020E-01,  9.268E-01         F               0         Blade root 3 Z orientation angle, node 1, rad
        118    2.595E+01                                 F               0         Blade 1 X translation displacement, node 1, m
        119   -1.147E+01                                 F               0         Blade 1 Y translation displacement, node 1, m
        120   -9.633E+00                                 F               0         Blade 1 Z translation displacement, node 1, m
        121    2.560E+01                                 F               0         Blade 1 X translation displacement, node 2, m
        122   -1.237E+01                                 F               0         Blade 1 Y translation displacement, node 2, m
        123   -1.192E+01                                 F               0         Blade 1 Z translation displacement, node 2, m
        124    2.081E+01                                 F               0         Blade 1 X translation displacement, node 3, m
        125   -2.461E+01                                 F               0         Blade 1 Y translation displacement, node 3, m
        126   -4.306E+01                                 F               0         Blade 1 Z translation displacement, node 3, m
        127    1.979E+01                                 F               0         Blade 1 X translation displacement, node 4, m
        128   -2.722E+01                                 F               0         Blade 1 Y translation displacement, node 4, m
        129   -4.970E+01                                 F               0         Blade 1 Z translation displacement, node 4, m
        130    1.877E+01                                 F               0         Blade 1 X translation displacement, node 5, m
        131   -2.983E+01                                 F               0         Blade 1 Y translation displacement, node 5, m
        132   -5.633E+01                                 F               0         Blade 1 Z translation displacement, node 5, m
        133    1.775E+01                                 F               0         Blade 1 X translation displacement, node 6, m
        134   -3.244E+01                                 F               0         Blade 1 Y translation displacement, node 6, m
        135   -6.297E+01                                 F               0         Blade 1 Z translation displacement, node 6, m
        136    1.673E+01                                 F               0         Blade 1 X translation displacement, node 7, m
        137   -3.504E+01                                 F               0         Blade 1 Y translation displacement, node 7, m
        138   -6.960E+01                                 F               0         Blade 1 Z translation displacement, node 7, m
        139    1.571E+01                                 F               0         Blade 1 X translation displacement, node 8, m
        140   -3.765E+01                                 F               0         Blade 1 Y translation displacement, node 8, m
        141   -7.624E+01                                 F               0         Blade 1 Z translation displacement, node 8, m
        142    1.469E+01                                 F               0         Blade 1 X translation displacement, node 9, m
        143   -4.026E+01                                 F               0         Blade 1 Y translation displacement, node 9, m
        144   -8.287E+01                                 F               0         Blade 1 Z translation displacement, node 9, m
        145    1.367E+01                                 F               0         Blade 1 X translation displacement, node 10, m
        146   -4.287E+01                                 F               0         Blade 1 Y translation displacement, node 10, m
        147   -8.951E+01                                 F               0         Blade 1 Z translation displacement, node 10, m
        148    1.265E+01                                 F               0         Blade 1 X translation displacement, node 11, m
        149   -4.548E+01                                 F               0         Blade 1 Y translation displacement, node 11, m
        150   -9.614E+01                                 F               0         Blade 1 Z translation displacement, node 11, m
        151    1.163E+01                                 F               0         Blade 1 X translation displacement, node 12, m
        152   -4.809E+01                                 F               0         Blade 1 Y translation displacement, node 12, m
        153   -1.028E+02                                 F               0         Blade 1 Z translation displacement, node 12, m
        154    1.061E+01                                 F               0         Blade 1 X translation displacement, node 13, m
        155   -5.070E+01                                 F               0         Blade 1 Y translation displacement, node 13, m
        156   -1.094E+02                                 F               0         Blade 1 Z translation displacement, node 13, m
        157    9.594E+00                                 F               0         Blade 1 X translation displacement, node 14, m
        158   -5.330E+01                                 F               0         Blade 1 Y translation displacement, node 14, m
        159   -1.160E+02                                 F               0         Blade 1 Z translation displacement, node 14, m
        160    8.574E+00                                 F               0         Blade 1 X translation displacement, node 15, m
        161   -5.591E+01                                 F               0         Blade 1 Y translation displacement, node 15, m
        162   -1.227E+02                                 F               0         Blade 1 Z translation displacement, node 15, m
        163    7.554E+00                                 F               0         Blade 1 X translation displacement, node 16, m
        164   -5.852E+01                                 F               0         Blade 1 Y translation displacement, node 16, m
        165   -1.293E+02                                 F               0         Blade 1 Z translation displacement, node 16, m
        166    6.534E+00                                 F               0         Blade 1 X translation displacement, node 17, m
        167   -6.113E+01                                 F               0         Blade 1 Y translation displacement, node 17, m
        168   -1.360E+02                                 F               0         Blade 1 Z translation displacement, node 17, m
        169    5.515E+00                                 F               0         Blade 1 X translation displacement, node 18, m
        170   -6.374E+01                                 F               0         Blade 1 Y translation displacement, node 18, m
        171   -1.426E+02                                 F               0         Blade 1 Z translation displacement, node 18, m
        172    4.495E+00                                 F               0         Blade 1 X translation displacement, node 19, m
        173   -6.635E+01                                 F               0         Blade 1 Y translation displacement, node 19, m
        174   -1.492E+02                                 F               0         Blade 1 Z translation displacement, node 19, m
        175    3.475E+00                                 F               0         Blade 1 X translation displacement, node 20, m
        176   -6.896E+01                                 F               0         Blade 1 Y translation displacement, node 20, m
        177   -1.559E+02                                 F               0         Blade 1 Z translation displacement, node 20, m
        178    2.455E+00                                 F               0         Blade 1 X translation displacement, node 21, m
        179   -7.156E+01                                 F               0         Blade 1 Y translation displacement, node 21, m
        180   -1.625E+02                                 F               0         Blade 1 Z translation displacement, node 21, m
        181    1.435E+00                                 F               0         Blade 1 X translation displacement, node 22, m
        182   -7.417E+01                                 F               0         Blade 1 Y translation displacement, node 22, m
        183   -1.691E+02                                 F               0         Blade 1 Z translation displacement, node 22, m
        184    4.157E-01                                 F               0         Blade 1 X translation displacement, node 23, m
        185   -7.678E+01                                 F               0         Blade 1 Y translation displacement, node 23, m
        186   -1.758E+02                                 F               0         Blade 1 Z translation displacement, node 23, m
        187   -6.040E-01                                 F               0         Blade 1 X translation displacement, node 24, m
        188   -7.939E+01                                 F               0         Blade 1 Y translation displacement, node 24, m
        189   -1.824E+02                                 F               0         Blade 1 Z translation displacement, node 24, m
        190   -1.624E+00                                 F               0         Blade 1 X translation displacement, node 25, m
        191   -8.200E+01                                 F               0         Blade 1 Y translation displacement, node 25, m
        192   -1.890E+02                                 F               0         Blade 1 Z translation displacement, node 25, m
        193   -2.644E+00                                 F               0         Blade 1 X translation displacement, node 26, m
        194   -8.461E+01                                 F               0         Blade 1 Y translation displacement, node 26, m
        195   -1.957E+02                                 F               0         Blade 1 Z translation displacement, node 26, m
        196   -3.663E+00                                 F               0         Blade 1 X translation displacement, node 27, m
        197   -8.722E+01                                 F               0         Blade 1 Y translation displacement, node 27, m
        198   -2.023E+02                                 F               0         Blade 1 Z translation displacement, node 27, m
        199   -4.528E+00                                 F               0         Blade 1 X translation displacement, node 28, m
        200   -8.943E+01                                 F               0         Blade 1 Y translation displacement, node 28, m
        201   -2.079E+02                                 F               0         Blade 1 Z translation displacement, node 28, m
        202    7.726E-01,  3.695E-01, -5.162E-01         F               0         Blade 1 X orientation angle, node 1, rad
        203    6.146E-01, -6.392E-01,  4.623E-01         F               0         Blade 1 Y orientation angle, node 1, rad
        204   -1.591E-01, -6.744E-01, -7.210E-01         F               0         Blade 1 Z orientation angle, node 1, rad
        205    7.726E-01,  3.695E-01, -5.162E-01         F               0         Blade 1 X orientation angle, node 2, rad
        206    6.146E-01, -6.392E-01,  4.623E-01         F               0         Blade 1 Y orientation angle, node 2, rad
        207   -1.591E-01, -6.744E-01, -7.210E-01         F               0         Blade 1 Z orientation angle, node 2, rad
        208    8.963E-01,  2.075E-01, -3.919E-01         F               0         Blade 1 X orientation angle, node 3, rad
        209    4.139E-01, -7.086E-01,  5.715E-01         F               0         Blade 1 Y orientation angle, node 3, rad
        210   -1.591E-01, -6.744E-01, -7.210E-01         F               0         Blade 1 Z orientation angle, node 3, rad
        211    9.130E-01,  1.774E-01, -3.675E-01         F               0         Blade 1 X orientation angle, node 4, rad
        212    3.757E-01, -7.167E-01,  5.875E-01         F               0         Blade 1 Y orientation angle, node 4, rad
        213   -1.591E-01, -6.744E-01, -7.210E-01         F               0         Blade 1 Z orientation angle, node 4, rad
        214    9.249E-01,  1.535E-01, -3.478E-01         F               0         Blade 1 X orientation angle, node 5, rad
        215    3.452E-01, -7.222E-01,  5.994E-01         F               0         Blade 1 Y orientation angle, node 5, rad
        216   -1.591E-01, -6.744E-01, -7.210E-01         F               0         Blade 1 Z orientation angle, node 5, rad
        217    9.338E-01,  1.343E-01, -3.318E-01         F               0         Blade 1 X orientation angle, node 6, rad
        218    3.206E-01, -7.260E-01,  6.084E-01         F               0         Blade 1 Y orientation angle, node 6, rad
        219   -1.591E-01, -6.744E-01, -7.210E-01         F               0         Blade 1 Z orientation angle, node 6, rad
        220    9.405E-01,  1.184E-01, -3.184E-01         F               0         Blade 1 X orientation angle, node 7, rad
        221    3.001E-01, -7.288E-01,  6.155E-01         F               0         Blade 1 Y orientation angle, node 7, rad
        222   -1.591E-01, -6.744E-01, -7.210E-01         F               0         Blade 1 Z orientation angle, node 7, rad
        223    9.458E-01,  1.052E-01, -3.072E-01         F               0         Blade 1 X orientation angle, node 8, rad
        224    2.830E-01, -7.308E-01,  6.212E-01         F               0         Blade 1 Y orientation angle, node 8, rad
        225   -1.591E-01, -6.744E-01, -7.210E-01         F               0         Blade 1 Z orientation angle, node 8, rad
        226    9.501E-01,  9.396E-02, -2.976E-01         F               0         Blade 1 X orientation angle, node 9, rad
        227    2.685E-01, -7.323E-01,  6.258E-01         F               0         Blade 1 Y orientation angle, node 9, rad
        228   -1.591E-01, -6.744E-01, -7.210E-01         F               0         Blade 1 Z orientation angle, node 9, rad
        229    9.535E-01,  8.424E-02, -2.893E-01         F               0         Blade 1 X orientation angle, node 10, rad
        230    2.558E-01, -7.335E-01,  6.297E-01         F               0         Blade 1 Y orientation angle, node 10, rad
        231   -1.591E-01, -6.744E-01, -7.210E-01         F               0         Blade 1 Z orientation angle, node 10, rad
        232    9.564E-01,  7.591E-02, -2.821E-01         F               0         Blade 1 X orientation angle, node 11, rad
        233    2.450E-01, -7.344E-01,  6.329E-01         F               0         Blade 1 Y orientation angle, node 11, rad
        234   -1.591E-01, -6.744E-01, -7.210E-01         F               0         Blade 1 Z orientation angle, node 11, rad
        235    9.588E-01,  6.860E-02, -2.758E-01         F               0         Blade 1 X orientation angle, node 12, rad
        236    2.355E-01, -7.351E-01,  6.357E-01         F               0         Blade 1 Y orientation angle, node 12, rad
        237   -1.591E-01, -6.744E-01, -7.210E-01         F               0         Blade 1 Z orientation angle, node 12, rad
        238    9.608E-01,  6.218E-02, -2.702E-01         F               0         Blade 1 X orientation angle, node 13, rad
        239    2.271E-01, -7.357E-01,  6.381E-01         F               0         Blade 1 Y orientation angle, node 13, rad
        240   -1.591E-01, -6.744E-01, -7.210E-01         F               0         Blade 1 Z orientation angle, node 13, rad
        241    9.625E-01,  5.640E-02, -2.652E-01         F               0         Blade 1 X orientation angle, node 14, rad
        242    2.195E-01, -7.362E-01,  6.402E-01         F               0         Blade 1 Y orientation angle, node 14, rad
        243   -1.591E-01, -6.744E-01, -7.210E-01         F               0         Blade 1 Z orientation angle, node 14, rad
        244    9.640E-01,  5.126E-02, -2.607E-01         F               0         Blade 1 X orientation angle, node 15, rad
        245    2.128E-01, -7.365E-01,  6.420E-01         F               0         Blade 1 Y orientation angle, node 15, rad
        246   -1.591E-01, -6.744E-01, -7.210E-01         F               0         Blade 1 Z orientation angle, node 15, rad
        247    9.654E-01,  4.663E-02, -2.567E-01         F               0         Blade 1 X orientation angle, node 16, rad
        248    2.068E-01, -7.368E-01,  6.437E-01         F               0         Blade 1 Y orientation angle, node 16, rad
        249   -1.591E-01, -6.744E-01, -7.210E-01         F               0         Blade 1 Z orientation angle, node 16, rad
        250    9.665E-01,  4.252E-02, -2.531E-01         F               0         Blade 1 X orientation angle, node 17, rad
        251    2.014E-01, -7.371E-01,  6.451E-01         F               0         Blade 1 Y orientation angle, node 17, rad
        252   -1.591E-01, -6.744E-01, -7.210E-01         F               0         Blade 1 Z orientation angle, node 17, rad
        253    9.675E-01,  3.866E-02, -2.497E-01         F               0         Blade 1 X orientation angle, node 18, rad
        254    1.963E-01, -7.373E-01,  6.464E-01         F               0         Blade 1 Y orientation angle, node 18, rad
        255   -1.591E-01, -6.744E-01, -7.210E-01         F               0         Blade 1 Z orientation angle, node 18, rad
        256    9.685E-01,  3.518E-02, -2.467E-01         F               0         Blade 1 X orientation angle, node 19, rad
        257    1.917E-01, -7.375E-01,  6.476E-01         F               0         Blade 1 Y orientation angle, node 19, rad
        258   -1.591E-01, -6.744E-01, -7.210E-01         F               0         Blade 1 Z orientation angle, node 19, rad
        259    9.693E-01,  3.209E-02, -2.440E-01         F               0         Blade 1 X orientation angle, node 20, rad
        260    1.877E-01, -7.376E-01,  6.486E-01         F               0         Blade 1 Y orientation angle, node 20, rad
        261   -1.591E-01, -6.744E-01, -7.210E-01         F               0         Blade 1 Z orientation angle, node 20, rad
        262    9.700E-01,  2.913E-02, -2.414E-01         F               0         Blade 1 X orientation angle, node 21, rad
        263    1.838E-01, -7.377E-01,  6.496E-01         F               0         Blade 1 Y orientation angle, node 21, rad
        264   -1.591E-01, -6.744E-01, -7.210E-01         F               0         Blade 1 Z orientation angle, node 21, rad
        265    9.707E-01,  2.643E-02, -2.390E-01         F               0         Blade 1 X orientation angle, node 22, rad
        266    1.802E-01, -7.378E-01,  6.505E-01         F               0         Blade 1 Y orientation angle, node 22, rad
        267   -1.591E-01, -6.744E-01, -7.210E-01         F               0         Blade 1 Z orientation angle, node 22, rad
        268    9.713E-01,  2.398E-02, -2.368E-01         F               0         Blade 1 X orientation angle, node 23, rad
        269    1.770E-01, -7.379E-01,  6.512E-01         F               0         Blade 1 Y orientation angle, node 23, rad
        270   -1.591E-01, -6.744E-01, -7.210E-01         F               0         Blade 1 Z orientation angle, node 23, rad
        271    9.718E-01,  2.166E-02, -2.348E-01         F               0         Blade 1 X orientation angle, node 24, rad
        272    1.740E-01, -7.380E-01,  6.520E-01         F               0         Blade 1 Y orientation angle, node 24, rad
        273   -1.591E-01, -6.744E-01, -7.210E-01         F               0         Blade 1 Z orientation angle, node 24, rad
        274    9.723E-01,  1.947E-02, -2.328E-01         F               0         Blade 1 X orientation angle, node 25, rad
        275    1.711E-01, -7.381E-01,  6.527E-01         F               0         Blade 1 Y orientation angle, node 25, rad
        276   -1.591E-01, -6.744E-01, -7.210E-01         F               0         Blade 1 Z orientation angle, node 25, rad
        277    9.728E-01,  1.754E-02, -2.311E-01         F               0         Blade 1 X orientation angle, node 26, rad
        278    1.685E-01, -7.381E-01,  6.533E-01         F               0         Blade 1 Y orientation angle, node 26, rad
        279   -1.591E-01, -6.744E-01, -7.210E-01         F               0         Blade 1 Z orientation angle, node 26, rad
        280    9.732E-01,  1.561E-02, -2.294E-01         F               0         Blade 1 X orientation angle, node 27, rad
        281    1.660E-01, -7.382E-01,  6.539E-01         F               0         Blade 1 Y orientation angle, node 27, rad
        282   -1.591E-01, -6.744E-01, -7.210E-01         F               0         Blade 1 Z orientation angle, node 27, rad
        283    9.734E-01,  1.458E-02, -2.285E-01         F               0         Blade 1 X orientation angle, node 28, rad
        284    1.646E-01, -7.382E-01,  6.542E-01         F               0         Blade 1 Y orientation angle, node 28, rad
        285   -1.591E-01, -6.744E-01, -7.210E-01         F               0         Blade 1 Z orientation angle, node 28, rad
        286   -8.108E-01                                 F               0         Blade 1 X translation velocity, node 1, m/s
        287    3.617E+00                                 F               0         Blade 1 Y translation velocity, node 1, m/s
        288   -3.172E+00                                 F               0         Blade 1 Z translation velocity, node 1, m/s
        289   -1.005E+00                                 F               0         Blade 1 X translation velocity, node 2, m/s
        290    4.482E+00                                 F               0         Blade 1 Y translation velocity, node 2, m/s
        291   -3.938E+00                                 F               0         Blade 1 Z translation velocity, node 2, m/s
        292   -3.645E+00                                 F               0         Blade 1 X translation velocity, node 3, m/s
        293    1.624E+01                                 F               0         Blade 1 Y translation velocity, node 3, m/s
        294   -1.435E+01                                 F               0         Blade 1 Z translation velocity, node 3, m/s
        295   -4.207E+00                                 F               0         Blade 1 X translation velocity, node 4, m/s
        296    1.874E+01                                 F               0         Blade 1 Y translation velocity, node 4, m/s
        297   -1.657E+01                                 F               0         Blade 1 Z translation velocity, node 4, m/s
        298   -4.769E+00                                 F               0         Blade 1 X translation velocity, node 5, m/s
        299    2.125E+01                                 F               0         Blade 1 Y translation velocity, node 5, m/s
        300   -1.879E+01                                 F               0         Blade 1 Z translation velocity, node 5, m/s
        301   -5.332E+00                                 F               0         Blade 1 X translation velocity, node 6, m/s
        302    2.375E+01                                 F               0         Blade 1 Y translation velocity, node 6, m/s
        303   -2.101E+01                                 F               0         Blade 1 Z translation velocity, node 6, m/s
        304   -5.894E+00                                 F               0         Blade 1 X translation velocity, node 7, m/s
        305    2.626E+01                                 F               0         Blade 1 Y translation velocity, node 7, m/s
        306   -2.323E+01                                 F               0         Blade 1 Z translation velocity, node 7, m/s
        307   -6.457E+00                                 F               0         Blade 1 X translation velocity, node 8, m/s
