
Linearized model: Predictions were generated on 13-Feb-2024 at 11:29:37 using OpenFAST, compiled as a 64-bit application using single precision at commit v3.5.1
 linked with  NWTC Subroutine Library; ElastoDyn; InflowWind; AeroDyn; ServoDyn; HydroDyn; MAP++ (<1.20.10>, <Oct-20-2023>)

Description from the FAST input file: CCT-9 Campign 4 model. Input files to be run with OpenFAST 3.5.0. GitHub branch from Lu Wang (https://github.com/luwang00/openfast/tree/dev) compiled on March 7, 2023.

Simulation information:
   Simulation time:                  1211.5000 s
   Rotor Speed:                         0.7916 rad/s
   Azimuth:                             0.5344 rad
   Wind Speed:                         16.0000 m/s
   Number of continuous states:         0
   Number of discrete states:           0
   Number of constraint states:         0
   Number of inputs:                 1746
   Number of outputs:                   4
   Jacobians included in this file?    No

Order of inputs:
     Column   Operating Point                                                   Rotating Frame? Derivative Order Description
   ---------- ---------------                                                   --------------- ---------------- -----------
          1     1.07026300430E+001                                                     F               0         Tower X translation displacement, node 1, m
          2    -1.56051254272E+000                                                     F               0         Tower Y translation displacement, node 1, m
          3    -2.70230740309E-001                                                     F               0         Tower Z translation displacement, node 1, m
          4     1.20885267258E+001                                                     F               0         Tower X translation displacement, node 2, m
          5    -2.19432997704E+000                                                     F               0         Tower Y translation displacement, node 2, m
          6    -3.64580035210E-001                                                     F               0         Tower Z translation displacement, node 2, m
          7     1.34744243622E+001                                                     F               0         Tower X translation displacement, node 3, m
          8    -2.82814741135E+000                                                     F               0         Tower Y translation displacement, node 3, m
          9    -4.58927214146E-001                                                     F               0         Tower Z translation displacement, node 3, m
         10     1.48603219986E+001                                                     F               0         Tower X translation displacement, node 4, m
         11    -3.46196484566E+000                                                     F               0         Tower Y translation displacement, node 4, m
         12    -5.53274571896E-001                                                     F               0         Tower Z translation displacement, node 4, m
         13     1.62462196350E+001                                                     F               0         Tower X translation displacement, node 5, m
         14    -4.09578275681E+000                                                     F               0         Tower Y translation displacement, node 5, m
         15    -6.47619187832E-001                                                     F               0         Tower Z translation displacement, node 5, m
         16     1.76321163177E+001                                                     F               0         Tower X translation displacement, node 6, m
         17    -4.72959947586E+000                                                     F               0         Tower Y translation displacement, node 6, m
         18    -7.41974294186E-001                                                     F               0         Tower Z translation displacement, node 6, m
         19     1.90180149078E+001                                                     F               0         Tower X translation displacement, node 7, m
         20    -5.36341762543E+000                                                     F               0         Tower Y translation displacement, node 7, m
         21    -8.36315453053E-001                                                     F               0         Tower Z translation displacement, node 7, m
         22     2.04039115906E+001                                                     F               0         Tower X translation displacement, node 8, m
         23    -5.99723434448E+000                                                     F               0         Tower Y translation displacement, node 8, m
         24    -9.30668652058E-001                                                     F               0         Tower Z translation displacement, node 8, m
         25     2.17898101807E+001                                                     F               0         Tower X translation displacement, node 9, m
         26    -6.63105249405E+000                                                     F               0         Tower Y translation displacement, node 9, m
         27    -1.02501285076E+000                                                     F               0         Tower Z translation displacement, node 9, m
         28     2.31757068634E+001                                                     F               0         Tower X translation displacement, node 10, m
         29    -7.26486968994E+000                                                     F               0         Tower Y translation displacement, node 10, m
         30    -1.11936306953E+000                                                     F               0         Tower Z translation displacement, node 10, m
         31     2.45616035461E+001                                                     F               0         Tower X translation displacement, node 11, m
         32    -7.89868736267E+000                                                     F               0         Tower Y translation displacement, node 11, m
         33    -1.21371030807E+000                                                     F               0         Tower Z translation displacement, node 11, m
         34     9.93685841560E-001,   3.40301264077E-003,  -1.12146548927E-001         F               0         Tower X orientation angle, node 1, rad
         35     2.37614638172E-003,   9.98677492142E-001,   5.13582900167E-002         F               0         Tower Y orientation angle, node 1, rad
         36     1.12173005939E-001,  -5.13004846871E-002,   9.92363572121E-001         F               0         Tower Z orientation angle, node 1, rad
         37     9.93685841560E-001,   3.40301264077E-003,  -1.12146548927E-001         F               0         Tower X orientation angle, node 2, rad
         38     2.37614638172E-003,   9.98677492142E-001,   5.13582900167E-002         F               0         Tower Y orientation angle, node 2, rad
         39     1.12173005939E-001,  -5.13004846871E-002,   9.92363572121E-001         F               0         Tower Z orientation angle, node 2, rad
         40     9.93685841560E-001,   3.40301264077E-003,  -1.12146548927E-001         F               0         Tower X orientation angle, node 3, rad
         41     2.37614638172E-003,   9.98677492142E-001,   5.13582900167E-002         F               0         Tower Y orientation angle, node 3, rad
         42     1.12173005939E-001,  -5.13004846871E-002,   9.92363572121E-001         F               0         Tower Z orientation angle, node 3, rad
         43     9.93685841560E-001,   3.40301264077E-003,  -1.12146548927E-001         F               0         Tower X orientation angle, node 4, rad
         44     2.37614638172E-003,   9.98677492142E-001,   5.13582900167E-002         F               0         Tower Y orientation angle, node 4, rad
         45     1.12173005939E-001,  -5.13004846871E-002,   9.92363572121E-001         F               0         Tower Z orientation angle, node 4, rad
         46     9.93685841560E-001,   3.40301264077E-003,  -1.12146548927E-001         F               0         Tower X orientation angle, node 5, rad
         47     2.37614638172E-003,   9.98677492142E-001,   5.13582900167E-002         F               0         Tower Y orientation angle, node 5, rad
         48     1.12173005939E-001,  -5.13004846871E-002,   9.92363572121E-001         F               0         Tower Z orientation angle, node 5, rad
         49     9.93685841560E-001,   3.40301264077E-003,  -1.12146548927E-001         F               0         Tower X orientation angle, node 6, rad
         50     2.37614638172E-003,   9.98677492142E-001,   5.13582900167E-002         F               0         Tower Y orientation angle, node 6, rad
         51     1.12173005939E-001,  -5.13004846871E-002,   9.92363572121E-001         F               0         Tower Z orientation angle, node 6, rad
         52     9.93685841560E-001,   3.40301264077E-003,  -1.12146548927E-001         F               0         Tower X orientation angle, node 7, rad
         53     2.37614638172E-003,   9.98677492142E-001,   5.13582900167E-002         F               0         Tower Y orientation angle, node 7, rad
         54     1.12173005939E-001,  -5.13004846871E-002,   9.92363572121E-001         F               0         Tower Z orientation angle, node 7, rad
         55     9.93685841560E-001,   3.40301240794E-003,  -1.12146548927E-001         F               0         Tower X orientation angle, node 8, rad
         56     2.37614638172E-003,   9.98677492142E-001,   5.13582900167E-002         F               0         Tower Y orientation angle, node 8, rad
         57     1.12172998488E-001,  -5.13004809618E-002,   9.92363572121E-001         F               0         Tower Z orientation angle, node 8, rad
         58     9.93685841560E-001,   3.40301264077E-003,  -1.12146548927E-001         F               0         Tower X orientation angle, node 9, rad
         59     2.37614661455E-003,   9.98677492142E-001,   5.13582937419E-002         F               0         Tower Y orientation angle, node 9, rad
         60     1.12173005939E-001,  -5.13004846871E-002,   9.92363572121E-001         F               0         Tower Z orientation angle, node 9, rad
         61     9.93685841560E-001,   3.40301264077E-003,  -1.12146548927E-001         F               0         Tower X orientation angle, node 10, rad
         62     2.37614638172E-003,   9.98677492142E-001,   5.13582900167E-002         F               0         Tower Y orientation angle, node 10, rad
         63     1.12173005939E-001,  -5.13004846871E-002,   9.92363572121E-001         F               0         Tower Z orientation angle, node 10, rad
         64     9.93685841560E-001,   3.40301264077E-003,  -1.12146548927E-001         F               0         Tower X orientation angle, node 11, rad
         65     2.37614638172E-003,   9.98677492142E-001,   5.13582900167E-002         F               0         Tower Y orientation angle, node 11, rad
         66     1.12173005939E-001,  -5.13004846871E-002,   9.92363572121E-001         F               0         Tower Z orientation angle, node 11, rad
         67     2.63534195255E-004                                                     F               0         Tower X translation velocity, node 1, m/s
         68     1.01437699050E-003                                                     F               0         Tower Y translation velocity, node 1, m/s
         69     1.97532144375E-003                                                     F               0         Tower Z translation velocity, node 1, m/s
         70     3.90438362956E-004                                                     F               0         Tower X translation velocity, node 2, m/s
         71     1.40264071524E-003                                                     F               0         Tower Y translation velocity, node 2, m/s
         72     1.98104814626E-003                                                     F               0         Tower Z translation velocity, node 2, m/s
         73     5.17342588864E-004                                                     F               0         Tower X translation velocity, node 3, m/s
         74     1.79090455640E-003                                                     F               0         Tower Y translation velocity, node 3, m/s
         75     1.98677484877E-003                                                     F               0         Tower Z translation velocity, node 3, m/s
         76     6.44246814772E-004                                                     F               0         Tower X translation velocity, node 4, m/s
         77     2.17916816473E-003                                                     F               0         Tower Y translation velocity, node 4, m/s
         78     1.99250131845E-003                                                     F               0         Tower Z translation velocity, node 4, m/s
         79     7.71151157096E-004                                                     F               0         Tower X translation velocity, node 5, m/s
         80     2.56743212231E-003                                                     F               0         Tower Y translation velocity, node 5, m/s
         81     1.99822802097E-003                                                     F               0         Tower Z translation velocity, node 5, m/s
         82     8.98055208381E-004                                                     F               0         Tower X translation velocity, node 6, m/s
         83     2.95569561422E-003                                                     F               0         Tower Y translation velocity, node 6, m/s
         84     2.00395472348E-003                                                     F               0         Tower Z translation velocity, node 6, m/s
         85     1.02495949250E-003                                                     F               0         Tower X translation velocity, node 7, m/s
         86     3.34396003745E-003                                                     F               0         Tower Y translation velocity, node 7, m/s
         87     2.00968119316E-003                                                     F               0         Tower Z translation velocity, node 7, m/s
         88     1.15186348557E-003                                                     F               0         Tower X translation velocity, node 8, m/s
         89     3.73222329654E-003                                                     F               0         Tower Y translation velocity, node 8, m/s
         90     2.01540789567E-003                                                     F               0         Tower Z translation velocity, node 8, m/s
         91     1.27876794431E-003                                                     F               0         Tower X translation velocity, node 9, m/s
         92     4.12048771977E-003                                                     F               0         Tower Y translation velocity, node 9, m/s
         93     2.02113436535E-003                                                     F               0         Tower Z translation velocity, node 9, m/s
         94     1.40567205381E-003                                                     F               0         Tower X translation velocity, node 10, m/s
         95     4.50875144452E-003                                                     F               0         Tower Y translation velocity, node 10, m/s
         96     2.02686106786E-003                                                     F               0         Tower Z translation velocity, node 10, m/s
         97     1.53257627971E-003                                                     F               0         Tower X translation velocity, node 11, m/s
         98     4.89701516926E-003                                                     F               0         Tower Y translation velocity, node 11, m/s
         99     2.03258777037E-003                                                     F               0         Tower Z translation velocity, node 11, m/s
        100     2.55103778839E+001                                                     F               0         Hub X translation displacement, node 1, m
        101    -8.33815956116E+000                                                     F               0         Hub Y translation displacement, node 1, m
        102    -6.24125823379E-002                                                     F               0         Hub Z translation displacement, node 1, m
        103     9.76517081261E-001,   8.74673109502E-003,  -2.15262442827E-001         F               0         Hub X orientation angle, node 1, rad
        104     1.11771203578E-001,   8.33619773388E-001,   5.40911495686E-001         F               0         Hub Y orientation angle, node 1, rad
        105     1.84178233147E-001,  -5.52269458771E-001,   8.13066303730E-001         F               0         Hub Z orientation angle, node 1, rad
        106     7.72945821285E-001                                                     F               0         Hub X rotation velocity, node 1, rad/s
        107     6.93364907056E-003                                                     F               0         Hub Y rotation velocity, node 1, rad/s
        108    -1.70388266444E-001                                                     F               0         Hub Z rotation velocity, node 1, rad/s
        109     9.51078653336E-001,  -1.08624227345E-001,  -2.89223432541E-001         F               0         Blade root 1 X orientation angle, node 1, rad
        110     2.48047977686E-001,   8.26558649540E-001,   5.05245447159E-001         F               0         Blade root 1 Y orientation angle, node 1, rad
        111     1.84178233147E-001,  -5.52269458771E-001,   8.13066303730E-001         F               0         Blade root 1 Z orientation angle, node 1, rad
        112     9.52225804329E-001,   1.34591981769E-001,  -2.74136811495E-001         F               0         Blade root 2 X orientation angle, node 1, rad
        113     2.39975303411E-001,  -8.84955525398E-001,   3.99080872536E-001         F               0         Blade root 2 Y orientation angle, node 1, rad
        114    -1.88885822892E-001,  -4.45801168680E-001,  -8.74976277351E-001         F               0         Blade root 2 Z orientation angle, node 1, rad
        115     9.97107565403E-001,   1.14399308586E-005,  -7.60036483407E-002         F               0         Blade root 3 X orientation angle, node 1, rad
        116    -7.58577138186E-002,   6.20886832476E-002,  -9.95183706284E-001         F               0         Blade root 3 Y orientation angle, node 1, rad
        117     4.70758136362E-003,   9.98070657253E-001,   6.19099624455E-002         F               0         Blade root 3 Z orientation angle, node 1, rad
        118     2.59516372681E+001                                                     F               0         Blade 1 X translation displacement, node 1, m
        119    -1.13977327347E+001                                                     F               0         Blade 1 Y translation displacement, node 1, m
        120    -1.06768405437E+000                                                     F               0         Blade 1 Z translation displacement, node 1, m
        121     2.60579624176E+001                                                     F               0         Blade 1 X translation displacement, node 2, m
        122    -1.21349601746E+001                                                     F               0         Blade 1 Y translation displacement, node 2, m
        123    -1.30990779400E+000                                                     F               0         Blade 1 Z translation displacement, node 2, m
        124     2.75037975311E+001                                                     F               0         Blade 1 X translation displacement, node 3, m
        125    -2.21599807739E+001                                                     F               0         Blade 1 Y translation displacement, node 3, m
        126    -4.60376071930E+000                                                     F               0         Blade 1 Z translation displacement, node 3, m
        127     2.78118419647E+001                                                     F               0         Blade 1 X translation displacement, node 4, m
        128    -2.42958698273E+001                                                     F               0         Blade 1 Y translation displacement, node 4, m
        129    -5.30554389954E+000                                                     F               0         Blade 1 Z translation displacement, node 4, m
        130     2.81199436188E+001                                                     F               0         Blade 1 X translation displacement, node 5, m
        131    -2.64321651459E+001                                                     F               0         Blade 1 Y translation displacement, node 5, m
        132    -6.00744485855E+000                                                     F               0         Blade 1 Z translation displacement, node 5, m
        133     2.84279880524E+001                                                     F               0         Blade 1 X translation displacement, node 6, m
        134    -2.85680637360E+001                                                     F               0         Blade 1 Y translation displacement, node 6, m
        135    -6.70923042297E+000                                                     F               0         Blade 1 Z translation displacement, node 6, m
        136     2.87360343933E+001                                                     F               0         Blade 1 X translation displacement, node 7, m
        137    -3.07039699554E+001                                                     F               0         Blade 1 Y translation displacement, node 7, m
        138    -7.41100502014E+000                                                     F               0         Blade 1 Z translation displacement, node 7, m
        139     2.90441360474E+001                                                     F               0         Blade 1 X translation displacement, node 8, m
        140    -3.28402557373E+001                                                     F               0         Blade 1 Y translation displacement, node 8, m
        141    -8.11291885376E+000                                                     F               0         Blade 1 Z translation displacement, node 8, m
        142     2.93521804810E+001                                                     F               0         Blade 1 X translation displacement, node 9, m
        143    -3.49761619568E+001                                                     F               0         Blade 1 Y translation displacement, node 9, m
        144    -8.81469154358E+000                                                     F               0         Blade 1 Z translation displacement, node 9, m
        145     2.96602268219E+001                                                     F               0         Blade 1 X translation displacement, node 10, m
        146    -3.71120605469E+001                                                     F               0         Blade 1 Y translation displacement, node 10, m
        147    -9.51647758484E+000                                                     F               0         Blade 1 Z translation displacement, node 10, m
        148     2.99682731628E+001                                                     F               0         Blade 1 X translation displacement, node 11, m
        149    -3.92479667664E+001                                                     F               0         Blade 1 Y translation displacement, node 11, m
        150    -1.02182502747E+001                                                     F               0         Blade 1 Z translation displacement, node 11, m
        151     3.02763729095E+001                                                     F               0         Blade 1 X translation displacement, node 12, m
        152    -4.13842468262E+001                                                     F               0         Blade 1 Y translation displacement, node 12, m
        153    -1.09201612473E+001                                                     F               0         Blade 1 Z translation displacement, node 12, m
        154     3.05844192505E+001                                                     F               0         Blade 1 X translation displacement, node 13, m
        155    -4.35201530457E+001                                                     F               0         Blade 1 Y translation displacement, node 13, m
        156    -1.16219348907E+001                                                     F               0         Blade 1 Z translation displacement, node 13, m
        157     3.08924636841E+001                                                     F               0         Blade 1 X translation displacement, node 14, m
        158    -4.56560516357E+001                                                     F               0         Blade 1 Y translation displacement, node 14, m
        159    -1.23237199783E+001                                                     F               0         Blade 1 Z translation displacement, node 14, m
        160     3.12005653381E+001                                                     F               0         Blade 1 X translation displacement, node 15, m
        161    -4.77923431396E+001                                                     F               0         Blade 1 Y translation displacement, node 15, m
        162    -1.30256252289E+001                                                     F               0         Blade 1 Z translation displacement, node 15, m
        163     3.15086116791E+001                                                     F               0         Blade 1 X translation displacement, node 16, m
        164    -4.99282455444E+001                                                     F               0         Blade 1 Y translation displacement, node 16, m
        165    -1.37274093628E+001                                                     F               0         Blade 1 Z translation displacement, node 16, m
        166     3.18166580200E+001                                                     F               0         Blade 1 X translation displacement, node 17, m
        167    -5.20641555786E+001                                                     F               0         Blade 1 Y translation displacement, node 17, m
        168    -1.44291801453E+001                                                     F               0         Blade 1 Z translation displacement, node 17, m
        169     3.21247024536E+001                                                     F               0         Blade 1 X translation displacement, node 18, m
        170    -5.42000541687E+001                                                     F               0         Blade 1 Y translation displacement, node 18, m
        171    -1.51309642792E+001                                                     F               0         Blade 1 Z translation displacement, node 18, m
        172     3.24328041077E+001                                                     F               0         Blade 1 X translation displacement, node 19, m
        173    -5.63363342285E+001                                                     F               0         Blade 1 Y translation displacement, node 19, m
        174    -1.58328723907E+001                                                     F               0         Blade 1 Z translation displacement, node 19, m
        175     3.27408485413E+001                                                     F               0         Blade 1 X translation displacement, node 20, m
        176    -5.84722404480E+001                                                     F               0         Blade 1 Y translation displacement, node 20, m
        177    -1.65346431732E+001                                                     F               0         Blade 1 Z translation displacement, node 20, m
        178     3.30488967896E+001                                                     F               0         Blade 1 X translation displacement, node 21, m
        179    -6.06081428528E+001                                                     F               0         Blade 1 Y translation displacement, node 21, m
        180    -1.72364273071E+001                                                     F               0         Blade 1 Z translation displacement, node 21, m
        181     3.33569946289E+001                                                     F               0         Blade 1 X translation displacement, node 22, m
        182    -6.27444305420E+001                                                     F               0         Blade 1 Y translation displacement, node 22, m
        183    -1.79383373260E+001                                                     F               0         Blade 1 Z translation displacement, node 22, m
        184     3.36650390625E+001                                                     F               0         Blade 1 X translation displacement, node 23, m
        185    -6.48803405762E+001                                                     F               0         Blade 1 Y translation displacement, node 23, m
        186    -1.86401081085E+001                                                     F               0         Blade 1 Z translation displacement, node 23, m
        187     3.39730873108E+001                                                     F               0         Blade 1 X translation displacement, node 24, m
        188    -6.70162353516E+001                                                     F               0         Blade 1 Y translation displacement, node 24, m
        189    -1.93418922424E+001                                                     F               0         Blade 1 Z translation displacement, node 24, m
        190     3.42811317444E+001                                                     F               0         Blade 1 X translation displacement, node 25, m
        191    -6.91521377563E+001                                                     F               0         Blade 1 Y translation displacement, node 25, m
        192    -2.00436763763E+001                                                     F               0         Blade 1 Z translation displacement, node 25, m
        193     3.45892333984E+001                                                     F               0         Blade 1 X translation displacement, node 26, m
        194    -7.12884292603E+001                                                     F               0         Blade 1 Y translation displacement, node 26, m
        195    -2.07455883026E+001                                                     F               0         Blade 1 Z translation displacement, node 26, m
        196     3.48972778320E+001                                                     F               0         Blade 1 X translation displacement, node 27, m
        197    -7.34243240356E+001                                                     F               0         Blade 1 Y translation displacement, node 27, m
        198    -2.14473705292E+001                                                     F               0         Blade 1 Z translation displacement, node 27, m
        199     3.51584358215E+001                                                     F               0         Blade 1 X translation displacement, node 28, m
        200    -7.52351150513E+001                                                     F               0         Blade 1 Y translation displacement, node 28, m
        201    -2.20423107147E+001                                                     F               0         Blade 1 Z translation displacement, node 28, m
        202     7.33322799206E-001,  -4.73592549562E-001,  -4.87798869610E-001         F               0         Blade 1 X orientation angle, node 1, rad
        203     6.54458582401E-001,   6.86082005501E-001,   3.17766368389E-001         F               0         Blade 1 Y orientation angle, node 1, rad
        204     1.84178233147E-001,  -5.52269458771E-001,   8.13066303730E-001         F               0         Blade 1 Z orientation angle, node 1, rad
        205     7.33322799206E-001,  -4.73592549562E-001,  -4.87798869610E-001         F               0         Blade 1 X orientation angle, node 2, rad
        206     6.54458582401E-001,   6.86082005501E-001,   3.17766368389E-001         F               0         Blade 1 Y orientation angle, node 2, rad
        207     1.84178233147E-001,  -5.52269458771E-001,   8.13066303730E-001         F               0         Blade 1 Z orientation angle, node 2, rad
        208     8.67540538311E-001,  -2.97492116690E-001,  -3.98587316275E-001         F               0         Blade 1 X orientation angle, node 3, rad
        209     4.62008416653E-001,   7.78779089451E-001,   4.24324572086E-001         F               0         Blade 1 Y orientation angle, node 3, rad
        210     1.84178233147E-001,  -5.52269458771E-001,   8.13066303730E-001         F               0         Blade 1 Z orientation angle, node 3, rad
        211     8.86274874210E-001,  -2.64343321323E-001,  -3.80314975977E-001         F               0         Blade 1 X orientation angle, node 4, rad
        212     4.24964994192E-001,   7.90645956993E-001,   4.40776258707E-001         F               0         Blade 1 Y orientation angle, node 4, rad
        213     1.84178233147E-001,  -5.52269458771E-001,   8.13066303730E-001         F               0         Blade 1 Z orientation angle, node 4, rad
        214     8.99877369404E-001,  -2.37983986735E-001,  -3.65491867065E-001         F               0         Blade 1 X orientation angle, node 5, rad
        215     3.95346760750E-001,   7.98975646496E-001,   4.53143328428E-001         F               0         Blade 1 Y orientation angle, node 5, rad
        216     1.84178233147E-001,  -5.52269458771E-001,   8.13066303730E-001         F               0         Blade 1 Z orientation angle, node 5, rad
        217     9.10047650337E-001,  -2.16706693172E-001,  -3.53343218565E-001         F               0         Blade 1 X orientation angle, node 6, rad
        218     3.71337592602E-001,   8.05007219315E-001,   4.62678879499E-001         F               0         Blade 1 Y orientation angle, node 6, rad
        219     1.84178233147E-001,  -5.52269458771E-001,   8.13066303730E-001         F               0         Blade 1 Z orientation angle, node 6, rad
        220     9.17931795120E-001,  -1.99093982577E-001,  -3.43165844679E-001         F               0         Blade 1 X orientation angle, node 7, rad
        221     3.51396620274E-001,   8.09543073177E-001,   4.70276921988E-001         F               0         Blade 1 Y orientation angle, node 7, rad
        222     1.84178233147E-001,  -5.52269458771E-001,   8.13066303730E-001         F               0         Blade 1 Z orientation angle, node 7, rad
        223     9.24158573151E-001,  -1.84367641807E-001,  -3.34573596716E-001         F               0         Blade 1 X orientation angle, node 8, rad
        224     3.34677904844E-001,   8.13023388386E-001,   4.76428061724E-001         F               0         Blade 1 Y orientation angle, node 8, rad
        225     1.84178233147E-001,  -5.52269458771E-001,   8.13066303730E-001         F               0         Blade 1 Z orientation angle, node 8, rad
        226     9.29189682007E-001,  -1.71859234571E-001,  -3.27217012644E-001         F               0         Blade 1 X orientation angle, node 9, rad
        227     3.20444911718E-001,   8.15759062767E-001,   4.81510341167E-001         F               0         Blade 1 Y orientation angle, node 9, rad
        228     1.84178233147E-001,  -5.52269458771E-001,   8.13066303730E-001         F               0         Blade 1 Z orientation angle, node 9, rad
        229     9.33358311653E-001,  -1.61023810506E-001,  -3.20801407099E-001         F               0         Blade 1 X orientation angle, node 10, rad
        230     3.08091849089E-001,   8.17966878414E-001,   4.85808223486E-001         F               0         Blade 1 Y orientation angle, node 10, rad
        231     1.84178233147E-001,  -5.52269458771E-001,   8.13066303730E-001         F               0         Blade 1 Z orientation angle, node 10, rad
        232     9.36793386936E-001,  -1.51734098792E-001,  -3.15269559622E-001         F               0         Blade 1 X orientation angle, node 11, rad
        233     2.97483652830E-001,   8.19740951061E-001,   4.89416271448E-001         F               0         Blade 1 Y orientation angle, node 11, rad
        234     1.84178233147E-001,  -5.52269458771E-001,   8.13066303730E-001         F               0         Blade 1 Z orientation angle, node 11, rad
        235     9.39706444740E-001,  -1.43571630120E-001,  -3.10385167599E-001         F               0         Blade 1 X orientation angle, node 12, rad
        236     2.88149505854E-001,   8.21209847927E-001,   4.92528408766E-001         F               0         Blade 1 Y orientation angle, node 12, rad
        237     1.84178233147E-001,  -5.52269458771E-001,   8.13066303730E-001         F               0         Blade 1 Z orientation angle, node 12, rad
        238     9.42185223103E-001,  -1.36399850249E-001,  -3.06075274944E-001         F               0         Blade 1 X orientation angle, node 13, rad
        239     2.79938131571E-001,   8.22431445122E-001,   4.95218247175E-001         F               0         Blade 1 Y orientation angle, node 13, rad
        240     1.84178233147E-001,  -5.52269458771E-001,   8.13066303730E-001         F               0         Blade 1 Z orientation angle, node 13, rad
        241     9.44354772568E-001,  -1.29936352372E-001,  -3.02176445723E-001         F               0         Blade 1 X orientation angle, node 14, rad
        242     2.72529691458E-001,   8.23477387428E-001,   4.97606873512E-001         F               0         Blade 1 Y orientation angle, node 14, rad
        243     1.84178233147E-001,  -5.52269458771E-001,   8.13066303730E-001         F               0         Blade 1 Z orientation angle, node 14, rad
        244     9.46234345436E-001,  -1.24184273183E-001,  -2.98695147038E-001         F               0         Blade 1 X orientation angle, node 15, rad
        245     2.65930235386E-001,   8.24364423752E-001,   4.99704301357E-001         F               0         Blade 1 Y orientation angle, node 15, rad
        246     1.84178233147E-001,  -5.52269458771E-001,   8.13066303730E-001         F               0         Blade 1 Z orientation angle, node 15, rad
        247     9.47886586189E-001,  -1.19002223015E-001,  -2.95549541712E-001         F               0         Blade 1 X orientation angle, node 16, rad
