
Linearized model: Predictions were generated on 07-Feb-2024 at 11:38:03 using OpenFAST, compiled as a 64-bit application using single precision at commit v3.5.1
 linked with  NWTC Subroutine Library; ElastoDyn; InflowWind; AeroDyn; ServoDyn; HydroDyn; MAP++ (<1.20.10>, <Oct-20-2023>)

Description from the FAST input file: CCT-9 Campign 4 model. Input files to be run with OpenFAST 3.5.0. GitHub branch from Lu Wang (https://github.com/luwang00/openfast/tree/dev) compiled on March 7, 2023.

Simulation information:
   Simulation time:                  1003.0000 s
   Rotor Speed:                         1.0398 rad/s
   Azimuth:                             4.1677 rad
   Wind Speed:                         12.0000 m/s
   Number of continuous states:         0
   Number of discrete states:           0
   Number of constraint states:         0
   Number of inputs:                 1746
   Number of outputs:                   4
   Jacobians included in this file?    No

Order of inputs:
     Column   Operating Point                     Rotating Frame? Derivative Order Description
   ---------- ---------------                     --------------- ---------------- -----------
          1    1.514E+01                                 F               0         Tower X translation displacement, node 1, m
          2   -1.100E+00                                 F               0         Tower Y translation displacement, node 1, m
          3   -5.050E-01                                 F               0         Tower Z translation displacement, node 1, m
          4    1.707E+01                                 F               0         Tower X translation displacement, node 2, m
          5   -1.696E+00                                 F               0         Tower Y translation displacement, node 2, m
          6   -6.715E-01                                 F               0         Tower Z translation displacement, node 2, m
          7    1.904E+01                                 F               0         Tower X translation displacement, node 3, m
          8   -2.298E+00                                 F               0         Tower Y translation displacement, node 3, m
          9   -8.437E-01                                 F               0         Tower Z translation displacement, node 3, m
         10    2.103E+01                                 F               0         Tower X translation displacement, node 4, m
         11   -2.904E+00                                 F               0         Tower Y translation displacement, node 4, m
         12   -1.020E+00                                 F               0         Tower Z translation displacement, node 4, m
         13    2.305E+01                                 F               0         Tower X translation displacement, node 5, m
         14   -3.514E+00                                 F               0         Tower Y translation displacement, node 5, m
         15   -1.201E+00                                 F               0         Tower Z translation displacement, node 5, m
         16    2.508E+01                                 F               0         Tower X translation displacement, node 6, m
         17   -4.128E+00                                 F               0         Tower Y translation displacement, node 6, m
         18   -1.385E+00                                 F               0         Tower Z translation displacement, node 6, m
         19    2.713E+01                                 F               0         Tower X translation displacement, node 7, m
         20   -4.744E+00                                 F               0         Tower Y translation displacement, node 7, m
         21   -1.571E+00                                 F               0         Tower Z translation displacement, node 7, m
         22    2.918E+01                                 F               0         Tower X translation displacement, node 8, m
         23   -5.363E+00                                 F               0         Tower Y translation displacement, node 8, m
         24   -1.759E+00                                 F               0         Tower Z translation displacement, node 8, m
         25    3.125E+01                                 F               0         Tower X translation displacement, node 9, m
         26   -5.983E+00                                 F               0         Tower Y translation displacement, node 9, m
         27   -1.949E+00                                 F               0         Tower Z translation displacement, node 9, m
         28    3.332E+01                                 F               0         Tower X translation displacement, node 10, m
         29   -6.604E+00                                 F               0         Tower Y translation displacement, node 10, m
         30   -2.140E+00                                 F               0         Tower Z translation displacement, node 10, m
         31    3.539E+01                                 F               0         Tower X translation displacement, node 11, m
         32   -7.227E+00                                 F               0         Tower Y translation displacement, node 11, m
         33   -2.331E+00                                 F               0         Tower Z translation displacement, node 11, m
         34    9.879E-01,  1.366E-02, -1.547E-01         F               0         Tower X orientation angle, node 1, rad
         35   -6.048E-03,  9.988E-01,  4.958E-02         F               0         Tower Y orientation angle, node 1, rad
         36    1.552E-01, -4.804E-02,  9.867E-01         F               0         Tower Z orientation angle, node 1, rad
         37    9.874E-01,  1.379E-02, -1.573E-01         F               0         Tower X orientation angle, node 2, rad
         38   -5.973E-03,  9.987E-01,  5.005E-02         F               0         Tower Y orientation angle, node 2, rad
         39    1.578E-01, -4.848E-02,  9.863E-01         F               0         Tower Z orientation angle, node 2, rad
         40    9.871E-01,  1.390E-02, -1.596E-01         F               0         Tower X orientation angle, node 3, rad
         41   -5.904E-03,  9.987E-01,  5.048E-02         F               0         Tower Y orientation angle, node 3, rad
         42    1.601E-01, -4.888E-02,  9.859E-01         F               0         Tower Z orientation angle, node 3, rad
         43    9.868E-01,  1.400E-02, -1.616E-01         F               0         Tower X orientation angle, node 4, rad
         44   -5.844E-03,  9.987E-01,  5.085E-02         F               0         Tower Y orientation angle, node 4, rad
         45    1.621E-01, -4.923E-02,  9.855E-01         F               0         Tower Z orientation angle, node 4, rad
         46    9.865E-01,  1.408E-02, -1.632E-01         F               0         Tower X orientation angle, node 5, rad
         47   -5.791E-03,  9.987E-01,  5.117E-02         F               0         Tower Y orientation angle, node 5, rad
         48    1.638E-01, -4.953E-02,  9.853E-01         F               0         Tower Z orientation angle, node 5, rad
         49    9.863E-01,  1.415E-02, -1.646E-01         F               0         Tower X orientation angle, node 6, rad
         50   -5.747E-03,  9.987E-01,  5.143E-02         F               0         Tower Y orientation angle, node 6, rad
         51    1.651E-01, -4.978E-02,  9.850E-01         F               0         Tower Z orientation angle, node 6, rad
         52    9.861E-01,  1.420E-02, -1.656E-01         F               0         Tower X orientation angle, node 7, rad
         53   -5.711E-03,  9.986E-01,  5.164E-02         F               0         Tower Y orientation angle, node 7, rad
         54    1.661E-01, -4.998E-02,  9.848E-01         F               0         Tower Z orientation angle, node 7, rad
         55    9.860E-01,  1.424E-02, -1.664E-01         F               0         Tower X orientation angle, node 8, rad
         56   -5.683E-03,  9.986E-01,  5.181E-02         F               0         Tower Y orientation angle, node 8, rad
         57    1.669E-01, -5.014E-02,  9.847E-01         F               0         Tower Z orientation angle, node 8, rad
         58    9.859E-01,  1.427E-02, -1.669E-01         F               0         Tower X orientation angle, node 9, rad
         59   -5.663E-03,  9.986E-01,  5.193E-02         F               0         Tower Y orientation angle, node 9, rad
         60    1.674E-01, -5.025E-02,  9.846E-01         F               0         Tower Z orientation angle, node 9, rad
         61    9.858E-01,  1.429E-02, -1.673E-01         F               0         Tower X orientation angle, node 10, rad
         62   -5.649E-03,  9.986E-01,  5.201E-02         F               0         Tower Y orientation angle, node 10, rad
         63    1.678E-01, -5.033E-02,  9.845E-01         F               0         Tower Z orientation angle, node 10, rad
         64    9.858E-01,  1.430E-02, -1.674E-01         F               0         Tower X orientation angle, node 11, rad
         65   -5.642E-03,  9.986E-01,  5.206E-02         F               0         Tower Y orientation angle, node 11, rad
         66    1.679E-01, -5.037E-02,  9.845E-01         F               0         Tower Z orientation angle, node 11, rad
         67   -2.886E-03                                 F               0         Tower X translation velocity, node 1, m/s
         68   -3.218E-02                                 F               0         Tower Y translation velocity, node 1, m/s
         69   -1.046E-03                                 F               0         Tower Z translation velocity, node 1, m/s
         70   -3.928E-03                                 F               0         Tower X translation velocity, node 2, m/s
         71   -5.354E-02                                 F               0         Tower Y translation velocity, node 2, m/s
         72   -1.925E-03                                 F               0         Tower Z translation velocity, node 2, m/s
         73   -4.910E-03                                 F               0         Tower X translation velocity, node 3, m/s
         74   -7.517E-02                                 F               0         Tower Y translation velocity, node 3, m/s
         75   -2.835E-03                                 F               0         Tower Z translation velocity, node 3, m/s
         76   -5.849E-03                                 F               0         Tower X translation velocity, node 4, m/s
         77   -9.701E-02                                 F               0         Tower Y translation velocity, node 4, m/s
         78   -3.768E-03                                 F               0         Tower Z translation velocity, node 4, m/s
         79   -6.757E-03                                 F               0         Tower X translation velocity, node 5, m/s
         80   -1.190E-01                                 F               0         Tower Y translation velocity, node 5, m/s
         81   -4.722E-03                                 F               0         Tower Z translation velocity, node 5, m/s
         82   -7.645E-03                                 F               0         Tower X translation velocity, node 6, m/s
         83   -1.412E-01                                 F               0         Tower Y translation velocity, node 6, m/s
         84   -5.692E-03                                 F               0         Tower Z translation velocity, node 6, m/s
         85   -8.522E-03                                 F               0         Tower X translation velocity, node 7, m/s
         86   -1.635E-01                                 F               0         Tower Y translation velocity, node 7, m/s
         87   -6.673E-03                                 F               0         Tower Z translation velocity, node 7, m/s
         88   -9.392E-03                                 F               0         Tower X translation velocity, node 8, m/s
         89   -1.859E-01                                 F               0         Tower Y translation velocity, node 8, m/s
         90   -7.664E-03                                 F               0         Tower Z translation velocity, node 8, m/s
         91   -1.026E-02                                 F               0         Tower X translation velocity, node 9, m/s
         92   -2.084E-01                                 F               0         Tower Y translation velocity, node 9, m/s
         93   -8.662E-03                                 F               0         Tower Z translation velocity, node 9, m/s
         94   -1.113E-02                                 F               0         Tower X translation velocity, node 10, m/s
         95   -2.309E-01                                 F               0         Tower Y translation velocity, node 10, m/s
         96   -9.664E-03                                 F               0         Tower Z translation velocity, node 10, m/s
         97   -1.200E-02                                 F               0         Tower X translation velocity, node 11, m/s
         98   -2.534E-01                                 F               0         Tower Y translation velocity, node 11, m/s
         99   -1.067E-02                                 F               0         Tower Z translation velocity, node 11, m/s
        100    3.687E+01                                 F               0         Hub X translation displacement, node 1, m
        101   -7.776E+00                                 F               0         Hub Y translation displacement, node 1, m
        102   -6.442E-01                                 F               0         Hub Z translation displacement, node 1, m
        103    9.628E-01,  1.948E-02, -2.694E-01         F               0         Hub X orientation angle, node 1, rad
        104   -2.281E-01, -4.759E-01, -8.494E-01         F               0         Hub Y orientation angle, node 1, rad
        105   -1.448E-01,  8.793E-01, -4.538E-01         F               0         Hub Z orientation angle, node 1, rad
        106    1.003E+00                                 F               0         Hub X rotation velocity, node 1, rad/s
        107    2.021E-02                                 F               0         Hub Y rotation velocity, node 1, rad/s
        108   -2.805E-01                                 F               0         Hub Z rotation velocity, node 1, rad/s
        109    9.692E-01,  3.359E-02, -2.441E-01         F               0         Blade root 1 X orientation angle, node 1, rad
        110   -1.994E-01, -4.751E-01, -8.570E-01         F               0         Blade root 1 Y orientation angle, node 1, rad
        111   -1.448E-01,  8.793E-01, -4.538E-01         F               0         Blade root 1 Z orientation angle, node 1, rad
        112    9.627E-01, -1.017E-02, -2.702E-01         F               0         Blade root 2 X orientation angle, node 1, rad
        113    1.723E-02,  9.996E-01,  2.374E-02         F               0         Blade root 2 Y orientation angle, node 1, rad
        114    2.699E-01, -2.751E-02,  9.625E-01         F               0         Blade root 2 Z orientation angle, node 1, rad
        115    9.553E-01,  3.501E-02, -2.936E-01         F               0         Blade root 3 X orientation angle, node 1, rad
        116    2.679E-01, -5.227E-01,  8.093E-01         F               0         Blade root 3 Y orientation angle, node 1, rad
        117   -1.251E-01, -8.518E-01, -5.087E-01         F               0         Blade root 3 Z orientation angle, node 1, rad
        118    3.548E+01                                 F               0         Blade 1 X translation displacement, node 1, m
        119   -2.905E+00                                 F               0         Blade 1 Y translation displacement, node 1, m
        120   -8.668E+00                                 F               0         Blade 1 Z translation displacement, node 1, m
        121    3.515E+01                                 F               0         Blade 1 X translation displacement, node 2, m
        122   -1.731E+00                                 F               0         Blade 1 Y translation displacement, node 2, m
        123   -1.060E+01                                 F               0         Blade 1 Z translation displacement, node 2, m
        124    3.063E+01                                 F               0         Blade 1 X translation displacement, node 3, m
        125    1.423E+01                                 F               0         Blade 1 Y translation displacement, node 3, m
        126   -3.689E+01                                 F               0         Blade 1 Z translation displacement, node 3, m
        127    2.966E+01                                 F               0         Blade 1 X translation displacement, node 4, m
        128    1.763E+01                                 F               0         Blade 1 Y translation displacement, node 4, m
        129   -4.249E+01                                 F               0         Blade 1 Z translation displacement, node 4, m
        130    2.870E+01                                 F               0         Blade 1 X translation displacement, node 5, m
        131    2.103E+01                                 F               0         Blade 1 Y translation displacement, node 5, m
        132   -4.809E+01                                 F               0         Blade 1 Z translation displacement, node 5, m
        133    2.773E+01                                 F               0         Blade 1 X translation displacement, node 6, m
        134    2.443E+01                                 F               0         Blade 1 Y translation displacement, node 6, m
        135   -5.370E+01                                 F               0         Blade 1 Z translation displacement, node 6, m
        136    2.677E+01                                 F               0         Blade 1 X translation displacement, node 7, m
        137    2.783E+01                                 F               0         Blade 1 Y translation displacement, node 7, m
        138   -5.930E+01                                 F               0         Blade 1 Z translation displacement, node 7, m
        139    2.581E+01                                 F               0         Blade 1 X translation displacement, node 8, m
        140    3.123E+01                                 F               0         Blade 1 Y translation displacement, node 8, m
        141   -6.490E+01                                 F               0         Blade 1 Z translation displacement, node 8, m
        142    2.484E+01                                 F               0         Blade 1 X translation displacement, node 9, m
        143    3.463E+01                                 F               0         Blade 1 Y translation displacement, node 9, m
        144   -7.050E+01                                 F               0         Blade 1 Z translation displacement, node 9, m
        145    2.388E+01                                 F               0         Blade 1 X translation displacement, node 10, m
        146    3.804E+01                                 F               0         Blade 1 Y translation displacement, node 10, m
        147   -7.610E+01                                 F               0         Blade 1 Z translation displacement, node 10, m
        148    2.291E+01                                 F               0         Blade 1 X translation displacement, node 11, m
        149    4.144E+01                                 F               0         Blade 1 Y translation displacement, node 11, m
        150   -8.170E+01                                 F               0         Blade 1 Z translation displacement, node 11, m
        151    2.195E+01                                 F               0         Blade 1 X translation displacement, node 12, m
        152    4.484E+01                                 F               0         Blade 1 Y translation displacement, node 12, m
        153   -8.730E+01                                 F               0         Blade 1 Z translation displacement, node 12, m
        154    2.098E+01                                 F               0         Blade 1 X translation displacement, node 13, m
        155    4.824E+01                                 F               0         Blade 1 Y translation displacement, node 13, m
        156   -9.291E+01                                 F               0         Blade 1 Z translation displacement, node 13, m
        157    2.002E+01                                 F               0         Blade 1 X translation displacement, node 14, m
        158    5.164E+01                                 F               0         Blade 1 Y translation displacement, node 14, m
        159   -9.851E+01                                 F               0         Blade 1 Z translation displacement, node 14, m
        160    1.906E+01                                 F               0         Blade 1 X translation displacement, node 15, m
        161    5.504E+01                                 F               0         Blade 1 Y translation displacement, node 15, m
        162   -1.041E+02                                 F               0         Blade 1 Z translation displacement, node 15, m
        163    1.809E+01                                 F               0         Blade 1 X translation displacement, node 16, m
        164    5.844E+01                                 F               0         Blade 1 Y translation displacement, node 16, m
        165   -1.097E+02                                 F               0         Blade 1 Z translation displacement, node 16, m
        166    1.713E+01                                 F               0         Blade 1 X translation displacement, node 17, m
        167    6.184E+01                                 F               0         Blade 1 Y translation displacement, node 17, m
        168   -1.153E+02                                 F               0         Blade 1 Z translation displacement, node 17, m
        169    1.616E+01                                 F               0         Blade 1 X translation displacement, node 18, m
        170    6.524E+01                                 F               0         Blade 1 Y translation displacement, node 18, m
        171   -1.209E+02                                 F               0         Blade 1 Z translation displacement, node 18, m
        172    1.520E+01                                 F               0         Blade 1 X translation displacement, node 19, m
        173    6.864E+01                                 F               0         Blade 1 Y translation displacement, node 19, m
        174   -1.265E+02                                 F               0         Blade 1 Z translation displacement, node 19, m
        175    1.424E+01                                 F               0         Blade 1 X translation displacement, node 20, m
        176    7.204E+01                                 F               0         Blade 1 Y translation displacement, node 20, m
        177   -1.321E+02                                 F               0         Blade 1 Z translation displacement, node 20, m
        178    1.327E+01                                 F               0         Blade 1 X translation displacement, node 21, m
        179    7.544E+01                                 F               0         Blade 1 Y translation displacement, node 21, m
        180   -1.377E+02                                 F               0         Blade 1 Z translation displacement, node 21, m
        181    1.231E+01                                 F               0         Blade 1 X translation displacement, node 22, m
        182    7.885E+01                                 F               0         Blade 1 Y translation displacement, node 22, m
        183   -1.433E+02                                 F               0         Blade 1 Z translation displacement, node 22, m
        184    1.134E+01                                 F               0         Blade 1 X translation displacement, node 23, m
        185    8.225E+01                                 F               0         Blade 1 Y translation displacement, node 23, m
        186   -1.489E+02                                 F               0         Blade 1 Z translation displacement, node 23, m
        187    1.038E+01                                 F               0         Blade 1 X translation displacement, node 24, m
        188    8.565E+01                                 F               0         Blade 1 Y translation displacement, node 24, m
        189   -1.545E+02                                 F               0         Blade 1 Z translation displacement, node 24, m
        190    9.414E+00                                 F               0         Blade 1 X translation displacement, node 25, m
        191    8.905E+01                                 F               0         Blade 1 Y translation displacement, node 25, m
        192   -1.601E+02                                 F               0         Blade 1 Z translation displacement, node 25, m
        193    8.450E+00                                 F               0         Blade 1 X translation displacement, node 26, m
        194    9.245E+01                                 F               0         Blade 1 Y translation displacement, node 26, m
        195   -1.657E+02                                 F               0         Blade 1 Z translation displacement, node 26, m
        196    7.486E+00                                 F               0         Blade 1 X translation displacement, node 27, m
        197    9.585E+01                                 F               0         Blade 1 Y translation displacement, node 27, m
        198   -1.713E+02                                 F               0         Blade 1 Z translation displacement, node 27, m
        199    6.668E+00                                 F               0         Blade 1 X translation displacement, node 28, m
        200    9.873E+01                                 F               0         Blade 1 Y translation displacement, node 28, m
        201   -1.761E+02                                 F               0         Blade 1 Z translation displacement, node 28, m
        202    9.535E-01,  2.465E-01,  1.736E-01         F               0         Blade 1 X orientation angle, node 1, rad
        203    2.645E-01, -4.075E-01, -8.741E-01         F               0         Blade 1 Y orientation angle, node 1, rad
        204   -1.448E-01,  8.793E-01, -4.538E-01         F               0         Blade 1 Z orientation angle, node 1, rad
        205    9.535E-01,  2.465E-01,  1.736E-01         F               0         Blade 1 X orientation angle, node 2, rad
        206    2.645E-01, -4.075E-01, -8.741E-01         F               0         Blade 1 Y orientation angle, node 2, rad
        207   -1.448E-01,  8.793E-01, -4.538E-01         F               0         Blade 1 Z orientation angle, node 2, rad
        208    9.890E-01,  1.429E-01, -3.853E-02         F               0         Blade 1 X orientation angle, node 3, rad
        209    3.098E-02, -4.543E-01, -8.903E-01         F               0         Blade 1 Y orientation angle, node 3, rad
        210   -1.448E-01,  8.793E-01, -4.538E-01         F               0         Blade 1 Z orientation angle, node 3, rad
        211    9.894E-01,  1.236E-01, -7.609E-02         F               0         Blade 1 X orientation angle, node 4, rad
        212   -1.081E-02, -4.600E-01, -8.879E-01         F               0         Blade 1 Y orientation angle, node 4, rad
        213   -1.448E-01,  8.793E-01, -4.538E-01         F               0         Blade 1 Z orientation angle, node 4, rad
        214    9.885E-01,  1.083E-01, -1.055E-01         F               0         Blade 1 X orientation angle, node 5, rad
        215   -4.361E-02, -4.638E-01, -8.849E-01         F               0         Blade 1 Y orientation angle, node 5, rad
        216   -1.448E-01,  8.793E-01, -4.538E-01         F               0         Blade 1 Z orientation angle, node 5, rad
        217    9.870E-01,  9.597E-02, -1.289E-01         F               0         Blade 1 X orientation angle, node 6, rad
        218   -6.981E-02, -4.665E-01, -8.818E-01         F               0         Blade 1 Y orientation angle, node 6, rad
        219   -1.448E-01,  8.793E-01, -4.538E-01         F               0         Blade 1 Z orientation angle, node 6, rad
        220    9.852E-01,  8.577E-02, -1.481E-01         F               0         Blade 1 X orientation angle, node 7, rad
        221   -9.133E-02, -4.685E-01, -8.787E-01         F               0         Blade 1 Y orientation angle, node 7, rad
        222   -1.448E-01,  8.793E-01, -4.538E-01         F               0         Blade 1 Z orientation angle, node 7, rad
        223    9.834E-01,  7.725E-02, -1.641E-01         F               0         Blade 1 X orientation angle, node 8, rad
        224   -1.092E-01, -4.700E-01, -8.759E-01         F               0         Blade 1 Y orientation angle, node 8, rad
        225   -1.448E-01,  8.793E-01, -4.538E-01         F               0         Blade 1 Z orientation angle, node 8, rad
        226    9.816E-01,  7.003E-02, -1.775E-01         F               0         Blade 1 X orientation angle, node 9, rad
        227   -1.243E-01, -4.711E-01, -8.733E-01         F               0         Blade 1 Y orientation angle, node 9, rad
        228   -1.448E-01,  8.793E-01, -4.538E-01         F               0         Blade 1 Z orientation angle, node 9, rad
        229    9.799E-01,  6.377E-02, -1.891E-01         F               0         Blade 1 X orientation angle, node 10, rad
        230   -1.373E-01, -4.720E-01, -8.708E-01         F               0         Blade 1 Y orientation angle, node 10, rad
        231   -1.448E-01,  8.793E-01, -4.538E-01         F               0         Blade 1 Z orientation angle, node 10, rad
        232    9.783E-01,  5.841E-02, -1.989E-01         F               0         Blade 1 X orientation angle, node 11, rad
        233   -1.484E-01, -4.727E-01, -8.686E-01         F               0         Blade 1 Y orientation angle, node 11, rad
        234   -1.448E-01,  8.793E-01, -4.538E-01         F               0         Blade 1 Z orientation angle, node 11, rad
        235    9.767E-01,  5.371E-02, -2.075E-01         F               0         Blade 1 X orientation angle, node 12, rad
        236   -1.581E-01, -4.733E-01, -8.666E-01         F               0         Blade 1 Y orientation angle, node 12, rad
        237   -1.448E-01,  8.793E-01, -4.538E-01         F               0         Blade 1 Z orientation angle, node 12, rad
        238    9.753E-01,  4.957E-02, -2.151E-01         F               0         Blade 1 X orientation angle, node 13, rad
        239   -1.666E-01, -4.737E-01, -8.648E-01         F               0         Blade 1 Y orientation angle, node 13, rad
        240   -1.448E-01,  8.793E-01, -4.538E-01         F               0         Blade 1 Z orientation angle, node 13, rad
        241    9.740E-01,  4.585E-02, -2.219E-01         F               0         Blade 1 X orientation angle, node 14, rad
        242   -1.743E-01, -4.741E-01, -8.631E-01         F               0         Blade 1 Y orientation angle, node 14, rad
        243   -1.448E-01,  8.793E-01, -4.538E-01         F               0         Blade 1 Z orientation angle, node 14, rad
        244    9.728E-01,  4.254E-02, -2.279E-01         F               0         Blade 1 X orientation angle, node 15, rad
        245   -1.811E-01, -4.744E-01, -8.615E-01         F               0         Blade 1 Y orientation angle, node 15, rad
        246   -1.448E-01,  8.793E-01, -4.538E-01         F               0         Blade 1 Z orientation angle, node 15, rad
        247    9.716E-01,  3.956E-02, -2.333E-01         F               0         Blade 1 X orientation angle, node 16, rad
        248   -1.872E-01, -4.746E-01, -8.600E-01         F               0         Blade 1 Y orientation angle, node 16, rad
        249   -1.448E-01,  8.793E-01, -4.538E-01         F               0         Blade 1 Z orientation angle, node 16, rad
        250    9.705E-01,  3.691E-02, -2.381E-01         F               0         Blade 1 X orientation angle, node 17, rad
        251   -1.926E-01, -4.749E-01, -8.587E-01         F               0         Blade 1 Y orientation angle, node 17, rad
        252   -1.448E-01,  8.793E-01, -4.538E-01         F               0         Blade 1 Z orientation angle, node 17, rad
        253    9.695E-01,  3.442E-02, -2.426E-01         F               0         Blade 1 X orientation angle, node 18, rad
        254   -1.977E-01, -4.750E-01, -8.575E-01         F               0         Blade 1 Y orientation angle, node 18, rad
        255   -1.448E-01,  8.793E-01, -4.538E-01         F               0         Blade 1 Z orientation angle, node 18, rad
        256    9.686E-01,  3.218E-02, -2.466E-01         F               0         Blade 1 X orientation angle, node 19, rad
        257   -2.023E-01, -4.752E-01, -8.563E-01         F               0         Blade 1 Y orientation angle, node 19, rad
        258   -1.448E-01,  8.793E-01, -4.538E-01         F               0         Blade 1 Z orientation angle, node 19, rad
        259    9.677E-01,  3.019E-02, -2.502E-01         F               0         Blade 1 X orientation angle, node 20, rad
        260   -2.063E-01, -4.753E-01, -8.553E-01         F               0         Blade 1 Y orientation angle, node 20, rad
        261   -1.448E-01,  8.793E-01, -4.538E-01         F               0         Blade 1 Z orientation angle, node 20, rad
        262    9.669E-01,  2.828E-02, -2.537E-01         F               0         Blade 1 X orientation angle, node 21, rad
        263   -2.102E-01, -4.754E-01, -8.543E-01         F               0         Blade 1 Y orientation angle, node 21, rad
        264   -1.448E-01,  8.793E-01, -4.538E-01         F               0         Blade 1 Z orientation angle, node 21, rad
        265    9.661E-01,  2.654E-02, -2.568E-01         F               0         Blade 1 X orientation angle, node 22, rad
        266   -2.138E-01, -4.755E-01, -8.533E-01         F               0         Blade 1 Y orientation angle, node 22, rad
        267   -1.448E-01,  8.793E-01, -4.538E-01         F               0         Blade 1 Z orientation angle, node 22, rad
        268    9.654E-01,  2.496E-02, -2.596E-01         F               0         Blade 1 X orientation angle, node 23, rad
        269   -2.170E-01, -4.756E-01, -8.525E-01         F               0         Blade 1 Y orientation angle, node 23, rad
        270   -1.448E-01,  8.793E-01, -4.538E-01         F               0         Blade 1 Z orientation angle, node 23, rad
        271    9.647E-01,  2.347E-02, -2.623E-01         F               0         Blade 1 X orientation angle, node 24, rad
        272   -2.200E-01, -4.757E-01, -8.516E-01         F               0         Blade 1 Y orientation angle, node 24, rad
        273   -1.448E-01,  8.793E-01, -4.538E-01         F               0         Blade 1 Z orientation angle, node 24, rad
        274    9.640E-01,  2.206E-02, -2.648E-01         F               0         Blade 1 X orientation angle, node 25, rad
        275   -2.228E-01, -4.758E-01, -8.509E-01         F               0         Blade 1 Y orientation angle, node 25, rad
        276   -1.448E-01,  8.793E-01, -4.538E-01         F               0         Blade 1 Z orientation angle, node 25, rad
        277    9.635E-01,  2.081E-02, -2.671E-01         F               0         Blade 1 X orientation angle, node 26, rad
        278   -2.254E-01, -4.758E-01, -8.502E-01         F               0         Blade 1 Y orientation angle, node 26, rad
        279   -1.448E-01,  8.793E-01, -4.538E-01         F               0         Blade 1 Z orientation angle, node 26, rad
        280    9.629E-01,  1.957E-02, -2.693E-01         F               0         Blade 1 X orientation angle, node 27, rad
        281   -2.279E-01, -4.759E-01, -8.495E-01         F               0         Blade 1 Y orientation angle, node 27, rad
        282   -1.448E-01,  8.793E-01, -4.538E-01         F               0         Blade 1 Z orientation angle, node 27, rad
        283    9.625E-01,  1.890E-02, -2.705E-01         F               0         Blade 1 X orientation angle, node 28, rad
        284   -2.292E-01, -4.759E-01, -8.491E-01         F               0         Blade 1 Y orientation angle, node 28, rad
        285   -1.448E-01,  8.793E-01, -4.538E-01         F               0         Blade 1 Z orientation angle, node 28, rad
        286    1.303E+00                                 F               0         Blade 1 X translation velocity, node 1, m/s
        287    2.479E+00                                 F               0         Blade 1 Y translation velocity, node 1, m/s
        288    4.890E+00                                 F               0         Blade 1 Z translation velocity, node 1, m/s
        289    1.620E+00                                 F               0         Blade 1 X translation velocity, node 2, m/s
        290    3.141E+00                                 F               0         Blade 1 Y translation velocity, node 2, m/s
        291    6.071E+00                                 F               0         Blade 1 Z translation velocity, node 2, m/s
        292    5.930E+00                                 F               0         Blade 1 X translation velocity, node 3, m/s
        293    1.214E+01                                 F               0         Blade 1 Y translation velocity, node 3, m/s
        294    2.213E+01                                 F               0         Blade 1 Z translation velocity, node 3, m/s
        295    6.849E+00                                 F               0         Blade 1 X translation velocity, node 4, m/s
        296    1.406E+01                                 F               0         Blade 1 Y translation velocity, node 4, m/s
        297    2.555E+01                                 F               0         Blade 1 Z translation velocity, node 4, m/s
        298    7.767E+00                                 F               0         Blade 1 X translation velocity, node 5, m/s
        299    1.597E+01                                 F               0         Blade 1 Y translation velocity, node 5, m/s
        300    2.898E+01                                 F               0         Blade 1 Z translation velocity, node 5, m/s
        301    8.686E+00                                 F               0         Blade 1 X translation velocity, node 6, m/s
        302    1.789E+01                                 F               0         Blade 1 Y translation velocity, node 6, m/s
        303    3.240E+01                                 F               0         Blade 1 Z translation velocity, node 6, m/s
        304    9.604E+00                                 F               0         Blade 1 X translation velocity, node 7, m/s
        305    1.981E+01                                 F               0         Blade 1 Y translation velocity, node 7, m/s
        306    3.582E+01                                 F               0         Blade 1 Z translation velocity, node 7, m/s
        307    1.052E+01                                 F               0         Blade 1 X translation velocity, node 8, m/s
