
Linearized model: Predictions were generated on 12-Jan-2024 at 09:28:28 using OpenFAST, compiled as a 64-bit application using single precision at commit v3.5.1
 linked with  NWTC Subroutine Library; ElastoDyn; InflowWind; AeroDyn; ServoDyn; HydroDyn; MAP++ (<1.20.10>, <Oct-20-2023>)

Description from the FAST input file: CCT-9 Campign 4 model. Input files to be run with OpenFAST 3.5.0. GitHub branch from Lu Wang (https://github.com/luwang00/openfast/tree/dev) compiled on March 7, 2023.

Simulation information:
   Simulation time:                   503.7250 s
   Rotor Speed:                         0.8770 rad/s
   Azimuth:                             0.8399 rad
   Wind Speed:                         10.0000 m/s
   Number of continuous states:         0
   Number of discrete states:           0
   Number of constraint states:         0
   Number of inputs:                 1746
   Number of outputs:                   4
   Jacobians included in this file?    No

Order of inputs:
     Column   Operating Point                     Rotating Frame? Derivative Order Description
   ---------- ---------------                     --------------- ---------------- -----------
          1    1.100E+01                                 F               0         Tower X translation displacement, node 1, m
          2   -1.230E+00                                 F               0         Tower Y translation displacement, node 1, m
          3   -3.259E-01                                 F               0         Tower Z translation displacement, node 1, m
          4    1.247E+01                                 F               0         Tower X translation displacement, node 2, m
          5   -1.816E+00                                 F               0         Tower Y translation displacement, node 2, m
          6   -4.275E-01                                 F               0         Tower Z translation displacement, node 2, m
          7    1.396E+01                                 F               0         Tower X translation displacement, node 3, m
          8   -2.408E+00                                 F               0         Tower Y translation displacement, node 3, m
          9   -5.323E-01                                 F               0         Tower Z translation displacement, node 3, m
         10    1.548E+01                                 F               0         Tower X translation displacement, node 4, m
         11   -3.005E+00                                 F               0         Tower Y translation displacement, node 4, m
         12   -6.396E-01                                 F               0         Tower Z translation displacement, node 4, m
         13    1.700E+01                                 F               0         Tower X translation displacement, node 5, m
         14   -3.605E+00                                 F               0         Tower Y translation displacement, node 5, m
         15   -7.490E-01                                 F               0         Tower Z translation displacement, node 5, m
         16    1.854E+01                                 F               0         Tower X translation displacement, node 6, m
         17   -4.209E+00                                 F               0         Tower Y translation displacement, node 6, m
         18   -8.601E-01                                 F               0         Tower Z translation displacement, node 6, m
         19    2.009E+01                                 F               0         Tower X translation displacement, node 7, m
         20   -4.816E+00                                 F               0         Tower Y translation displacement, node 7, m
         21   -9.725E-01                                 F               0         Tower Z translation displacement, node 7, m
         22    2.165E+01                                 F               0         Tower X translation displacement, node 8, m
         23   -5.424E+00                                 F               0         Tower Y translation displacement, node 8, m
         24   -1.086E+00                                 F               0         Tower Z translation displacement, node 8, m
         25    2.321E+01                                 F               0         Tower X translation displacement, node 9, m
         26   -6.034E+00                                 F               0         Tower Y translation displacement, node 9, m
         27   -1.200E+00                                 F               0         Tower Z translation displacement, node 9, m
         28    2.477E+01                                 F               0         Tower X translation displacement, node 10, m
         29   -6.646E+00                                 F               0         Tower Y translation displacement, node 10, m
         30   -1.315E+00                                 F               0         Tower Z translation displacement, node 10, m
         31    2.634E+01                                 F               0         Tower X translation displacement, node 11, m
         32   -7.258E+00                                 F               0         Tower Y translation displacement, node 11, m
         33   -1.430E+00                                 F               0         Tower Z translation displacement, node 11, m
         34    9.930E-01,  9.815E-03, -1.177E-01         F               0         Tower X orientation angle, node 1, rad
         35   -4.172E-03,  9.988E-01,  4.809E-02         F               0         Tower Y orientation angle, node 1, rad
         36    1.180E-01, -4.726E-02,  9.919E-01         F               0         Tower Z orientation angle, node 1, rad
         37    9.928E-01,  9.904E-03, -1.196E-01         F               0         Tower X orientation angle, node 2, rad
         38   -4.118E-03,  9.988E-01,  4.854E-02         F               0         Tower Y orientation angle, node 2, rad
         39    1.199E-01, -4.770E-02,  9.916E-01         F               0         Tower Z orientation angle, node 2, rad
         40    9.926E-01,  9.983E-03, -1.212E-01         F               0         Tower X orientation angle, node 3, rad
         41   -4.068E-03,  9.988E-01,  4.895E-02         F               0         Tower Y orientation angle, node 3, rad
         42    1.215E-01, -4.809E-02,  9.914E-01         F               0         Tower Z orientation angle, node 3, rad
         43    9.924E-01,  1.005E-02, -1.226E-01         F               0         Tower X orientation angle, node 4, rad
         44   -4.025E-03,  9.988E-01,  4.930E-02         F               0         Tower Y orientation angle, node 4, rad
         45    1.229E-01, -4.844E-02,  9.912E-01         F               0         Tower Z orientation angle, node 4, rad
         46    9.923E-01,  1.011E-02, -1.237E-01         F               0         Tower X orientation angle, node 5, rad
         47   -3.987E-03,  9.988E-01,  4.961E-02         F               0         Tower Y orientation angle, node 5, rad
         48    1.241E-01, -4.873E-02,  9.911E-01         F               0         Tower Z orientation angle, node 5, rad
         49    9.922E-01,  1.015E-02, -1.246E-01         F               0         Tower X orientation angle, node 6, rad
         50   -3.955E-03,  9.987E-01,  4.986E-02         F               0         Tower Y orientation angle, node 6, rad
         51    1.250E-01, -4.898E-02,  9.910E-01         F               0         Tower Z orientation angle, node 6, rad
         52    9.921E-01,  1.018E-02, -1.253E-01         F               0         Tower X orientation angle, node 7, rad
         53   -3.929E-03,  9.987E-01,  5.006E-02         F               0         Tower Y orientation angle, node 7, rad
         54    1.257E-01, -4.918E-02,  9.909E-01         F               0         Tower Z orientation angle, node 7, rad
         55    9.920E-01,  1.021E-02, -1.258E-01         F               0         Tower X orientation angle, node 8, rad
         56   -3.909E-03,  9.987E-01,  5.022E-02         F               0         Tower Y orientation angle, node 8, rad
         57    1.262E-01, -4.933E-02,  9.908E-01         F               0         Tower Z orientation angle, node 8, rad
         58    9.920E-01,  1.023E-02, -1.261E-01         F               0         Tower X orientation angle, node 9, rad
         59   -3.895E-03,  9.987E-01,  5.034E-02         F               0         Tower Y orientation angle, node 9, rad
         60    1.265E-01, -4.944E-02,  9.907E-01         F               0         Tower Z orientation angle, node 9, rad
         61    9.919E-01,  1.024E-02, -1.264E-01         F               0         Tower X orientation angle, node 10, rad
         62   -3.885E-03,  9.987E-01,  5.042E-02         F               0         Tower Y orientation angle, node 10, rad
         63    1.267E-01, -4.952E-02,  9.907E-01         F               0         Tower Z orientation angle, node 10, rad
         64    9.919E-01,  1.024E-02, -1.265E-01         F               0         Tower X orientation angle, node 11, rad
         65   -3.880E-03,  9.987E-01,  5.046E-02         F               0         Tower Y orientation angle, node 11, rad
         66    1.268E-01, -4.956E-02,  9.907E-01         F               0         Tower Z orientation angle, node 11, rad
         67   -4.152E-03                                 F               0         Tower X translation velocity, node 1, m/s
         68    2.353E-03                                 F               0         Tower Y translation velocity, node 1, m/s
         69    2.706E-03                                 F               0         Tower Z translation velocity, node 1, m/s
         70   -4.270E-03                                 F               0         Tower X translation velocity, node 2, m/s
         71    2.235E-03                                 F               0         Tower Y translation velocity, node 2, m/s
         72    2.714E-03                                 F               0         Tower Z translation velocity, node 2, m/s
         73   -4.489E-03                                 F               0         Tower X translation velocity, node 3, m/s
         74    2.043E-03                                 F               0         Tower Y translation velocity, node 3, m/s
         75    2.731E-03                                 F               0         Tower Z translation velocity, node 3, m/s
         76   -4.789E-03                                 F               0         Tower X translation velocity, node 4, m/s
         77    1.792E-03                                 F               0         Tower Y translation velocity, node 4, m/s
         78    2.756E-03                                 F               0         Tower Z translation velocity, node 4, m/s
         79   -5.158E-03                                 F               0         Tower X translation velocity, node 5, m/s
         80    1.488E-03                                 F               0         Tower Y translation velocity, node 5, m/s
         81    2.787E-03                                 F               0         Tower Z translation velocity, node 5, m/s
         82   -5.585E-03                                 F               0         Tower X translation velocity, node 6, m/s
         83    1.138E-03                                 F               0         Tower Y translation velocity, node 6, m/s
         84    2.824E-03                                 F               0         Tower Z translation velocity, node 6, m/s
         85   -6.058E-03                                 F               0         Tower X translation velocity, node 7, m/s
         86    7.520E-04                                 F               0         Tower Y translation velocity, node 7, m/s
         87    2.864E-03                                 F               0         Tower Z translation velocity, node 7, m/s
         88   -6.570E-03                                 F               0         Tower X translation velocity, node 8, m/s
         89    3.337E-04                                 F               0         Tower Y translation velocity, node 8, m/s
         90    2.909E-03                                 F               0         Tower Z translation velocity, node 8, m/s
         91   -7.111E-03                                 F               0         Tower X translation velocity, node 9, m/s
         92   -1.099E-04                                 F               0         Tower Y translation velocity, node 9, m/s
         93    2.956E-03                                 F               0         Tower Z translation velocity, node 9, m/s
         94   -7.674E-03                                 F               0         Tower X translation velocity, node 10, m/s
         95   -5.716E-04                                 F               0         Tower Y translation velocity, node 10, m/s
         96    3.005E-03                                 F               0         Tower Z translation velocity, node 10, m/s
         97   -8.249E-03                                 F               0         Tower X translation velocity, node 11, m/s
         98   -1.044E-03                                 F               0         Tower Y translation velocity, node 11, m/s
         99    3.054E-03                                 F               0         Tower Z translation velocity, node 11, m/s
        100    2.742E+01                                 F               0         Hub X translation displacement, node 1, m
        101   -7.758E+00                                 F               0         Hub Y translation displacement, node 1, m
        102   -1.372E-01                                 F               0         Hub Z translation displacement, node 1, m
        103    9.732E-01,  1.537E-02, -2.293E-01         F               0         Hub X orientation angle, node 1, rad
        104    1.685E-01,  6.308E-01,  7.575E-01         F               0         Hub Y orientation angle, node 1, rad
        105    1.563E-01, -7.758E-01,  6.113E-01         F               0         Hub Z orientation angle, node 1, rad
        106    8.536E-01                                 F               0         Hub X rotation velocity, node 1, rad/s
        107    1.343E-02                                 F               0         Hub Y rotation velocity, node 1, rad/s
        108   -2.011E-01                                 F               0         Hub Z rotation velocity, node 1, rad/s
        109    9.678E-01, -3.352E-03, -2.517E-01         F               0         Blade root 1 X orientation angle, node 1, rad
        110    1.973E-01,  6.309E-01,  7.503E-01         F               0         Blade root 1 Y orientation angle, node 1, rad
        111    1.563E-01, -7.758E-01,  6.113E-01         F               0         Blade root 1 Z orientation angle, node 1, rad
        112    9.713E-01,  4.465E-02, -2.337E-01         F               0         Blade root 2 X orientation angle, node 1, rad
        113    7.994E-02, -9.864E-01,  1.438E-01         F               0         Blade root 2 Y orientation angle, node 1, rad
        114   -2.241E-01, -1.583E-01, -9.616E-01         F               0         Blade root 2 Z orientation angle, node 1, rad
        115    9.793E-01,  4.784E-03, -2.023E-01         F               0         Blade root 3 X orientation angle, node 1, rad
        116   -1.906E-01,  3.568E-01, -9.145E-01         F               0         Blade root 3 Y orientation angle, node 1, rad
        117    6.780E-02,  9.342E-01,  3.503E-01         F               0         Blade root 3 Z orientation angle, node 1, rad
        118    2.771E+01                                 F               0         Blade 1 X translation displacement, node 1, m
        119   -1.206E+01                                 F               0         Blade 1 Y translation displacement, node 1, m
        120   -2.260E+00                                 F               0         Blade 1 Z translation displacement, node 1, m
        121    2.778E+01                                 F               0         Blade 1 X translation displacement, node 2, m
        122   -1.309E+01                                 F               0         Blade 1 Y translation displacement, node 2, m
        123   -2.772E+00                                 F               0         Blade 1 Z translation displacement, node 2, m
        124    2.872E+01                                 F               0         Blade 1 X translation displacement, node 3, m
        125   -2.717E+01                                 F               0         Blade 1 Y translation displacement, node 3, m
        126   -9.729E+00                                 F               0         Blade 1 Z translation displacement, node 3, m
        127    2.892E+01                                 F               0         Blade 1 X translation displacement, node 4, m
        128   -3.018E+01                                 F               0         Blade 1 Y translation displacement, node 4, m
        129   -1.121E+01                                 F               0         Blade 1 Z translation displacement, node 4, m
        130    2.912E+01                                 F               0         Blade 1 X translation displacement, node 5, m
        131   -3.318E+01                                 F               0         Blade 1 Y translation displacement, node 5, m
        132   -1.269E+01                                 F               0         Blade 1 Z translation displacement, node 5, m
        133    2.932E+01                                 F               0         Blade 1 X translation displacement, node 6, m
        134   -3.618E+01                                 F               0         Blade 1 Y translation displacement, node 6, m
        135   -1.418E+01                                 F               0         Blade 1 Z translation displacement, node 6, m
        136    2.952E+01                                 F               0         Blade 1 X translation displacement, node 7, m
        137   -3.918E+01                                 F               0         Blade 1 Y translation displacement, node 7, m
        138   -1.566E+01                                 F               0         Blade 1 Z translation displacement, node 7, m
        139    2.972E+01                                 F               0         Blade 1 X translation displacement, node 8, m
        140   -4.218E+01                                 F               0         Blade 1 Y translation displacement, node 8, m
        141   -1.714E+01                                 F               0         Blade 1 Z translation displacement, node 8, m
        142    2.992E+01                                 F               0         Blade 1 X translation displacement, node 9, m
        143   -4.518E+01                                 F               0         Blade 1 Y translation displacement, node 9, m
        144   -1.862E+01                                 F               0         Blade 1 Z translation displacement, node 9, m
        145    3.012E+01                                 F               0         Blade 1 X translation displacement, node 10, m
        146   -4.818E+01                                 F               0         Blade 1 Y translation displacement, node 10, m
        147   -2.010E+01                                 F               0         Blade 1 Z translation displacement, node 10, m
        148    3.032E+01                                 F               0         Blade 1 X translation displacement, node 11, m
        149   -5.118E+01                                 F               0         Blade 1 Y translation displacement, node 11, m
        150   -2.159E+01                                 F               0         Blade 1 Z translation displacement, node 11, m
        151    3.052E+01                                 F               0         Blade 1 X translation displacement, node 12, m
        152   -5.418E+01                                 F               0         Blade 1 Y translation displacement, node 12, m
        153   -2.307E+01                                 F               0         Blade 1 Z translation displacement, node 12, m
        154    3.072E+01                                 F               0         Blade 1 X translation displacement, node 13, m
        155   -5.718E+01                                 F               0         Blade 1 Y translation displacement, node 13, m
        156   -2.455E+01                                 F               0         Blade 1 Z translation displacement, node 13, m
        157    3.092E+01                                 F               0         Blade 1 X translation displacement, node 14, m
        158   -6.018E+01                                 F               0         Blade 1 Y translation displacement, node 14, m
        159   -2.603E+01                                 F               0         Blade 1 Z translation displacement, node 14, m
        160    3.112E+01                                 F               0         Blade 1 X translation displacement, node 15, m
        161   -6.318E+01                                 F               0         Blade 1 Y translation displacement, node 15, m
        162   -2.752E+01                                 F               0         Blade 1 Z translation displacement, node 15, m
        163    3.132E+01                                 F               0         Blade 1 X translation displacement, node 16, m
        164   -6.618E+01                                 F               0         Blade 1 Y translation displacement, node 16, m
        165   -2.900E+01                                 F               0         Blade 1 Z translation displacement, node 16, m
        166    3.152E+01                                 F               0         Blade 1 X translation displacement, node 17, m
        167   -6.918E+01                                 F               0         Blade 1 Y translation displacement, node 17, m
        168   -3.048E+01                                 F               0         Blade 1 Z translation displacement, node 17, m
        169    3.172E+01                                 F               0         Blade 1 X translation displacement, node 18, m
        170   -7.218E+01                                 F               0         Blade 1 Y translation displacement, node 18, m
        171   -3.196E+01                                 F               0         Blade 1 Z translation displacement, node 18, m
        172    3.192E+01                                 F               0         Blade 1 X translation displacement, node 19, m
        173   -7.519E+01                                 F               0         Blade 1 Y translation displacement, node 19, m
        174   -3.345E+01                                 F               0         Blade 1 Z translation displacement, node 19, m
        175    3.212E+01                                 F               0         Blade 1 X translation displacement, node 20, m
        176   -7.819E+01                                 F               0         Blade 1 Y translation displacement, node 20, m
        177   -3.493E+01                                 F               0         Blade 1 Z translation displacement, node 20, m
        178    3.232E+01                                 F               0         Blade 1 X translation displacement, node 21, m
        179   -8.119E+01                                 F               0         Blade 1 Y translation displacement, node 21, m
        180   -3.641E+01                                 F               0         Blade 1 Z translation displacement, node 21, m
        181    3.252E+01                                 F               0         Blade 1 X translation displacement, node 22, m
        182   -8.419E+01                                 F               0         Blade 1 Y translation displacement, node 22, m
        183   -3.789E+01                                 F               0         Blade 1 Z translation displacement, node 22, m
        184    3.272E+01                                 F               0         Blade 1 X translation displacement, node 23, m
        185   -8.719E+01                                 F               0         Blade 1 Y translation displacement, node 23, m
        186   -3.937E+01                                 F               0         Blade 1 Z translation displacement, node 23, m
        187    3.292E+01                                 F               0         Blade 1 X translation displacement, node 24, m
        188   -9.019E+01                                 F               0         Blade 1 Y translation displacement, node 24, m
        189   -4.086E+01                                 F               0         Blade 1 Z translation displacement, node 24, m
        190    3.312E+01                                 F               0         Blade 1 X translation displacement, node 25, m
        191   -9.319E+01                                 F               0         Blade 1 Y translation displacement, node 25, m
        192   -4.234E+01                                 F               0         Blade 1 Z translation displacement, node 25, m
        193    3.332E+01                                 F               0         Blade 1 X translation displacement, node 26, m
        194   -9.619E+01                                 F               0         Blade 1 Y translation displacement, node 26, m
        195   -4.382E+01                                 F               0         Blade 1 Z translation displacement, node 26, m
        196    3.352E+01                                 F               0         Blade 1 X translation displacement, node 27, m
        197   -9.919E+01                                 F               0         Blade 1 Y translation displacement, node 27, m
        198   -4.530E+01                                 F               0         Blade 1 Z translation displacement, node 27, m
        199    3.369E+01                                 F               0         Blade 1 X translation displacement, node 28, m
        200   -1.017E+02                                 F               0         Blade 1 Y translation displacement, node 28, m
        201   -4.656E+01                                 F               0         Blade 1 Z translation displacement, node 28, m
        202    7.713E-01, -2.907E-01, -5.662E-01         F               0         Blade 1 X orientation angle, node 1, rad
        203    6.169E-01,  5.600E-01,  5.530E-01         F               0         Blade 1 Y orientation angle, node 1, rad
        204    1.563E-01, -7.758E-01,  6.113E-01         F               0         Blade 1 Z orientation angle, node 1, rad
        205    7.713E-01, -2.907E-01, -5.662E-01         F               0         Blade 1 X orientation angle, node 2, rad
        206    6.169E-01,  5.600E-01,  5.530E-01         F               0         Blade 1 Y orientation angle, node 2, rad
        207    1.563E-01, -7.758E-01,  6.113E-01         F               0         Blade 1 Z orientation angle, node 2, rad
        208    8.956E-01, -1.497E-01, -4.190E-01         F               0         Blade 1 X orientation angle, node 3, rad
        209    4.165E-01,  6.129E-01,  6.714E-01         F               0         Blade 1 Y orientation angle, node 3, rad
        210    1.563E-01, -7.758E-01,  6.113E-01         F               0         Blade 1 Z orientation angle, node 3, rad
        211    9.124E-01, -1.237E-01, -3.902E-01         F               0         Blade 1 X orientation angle, node 4, rad
        212    3.784E-01,  6.187E-01,  6.885E-01         F               0         Blade 1 Y orientation angle, node 4, rad
        213    1.563E-01, -7.758E-01,  6.113E-01         F               0         Blade 1 Z orientation angle, node 4, rad
        214    9.244E-01, -1.031E-01, -3.672E-01         F               0         Blade 1 X orientation angle, node 5, rad
        215    3.479E-01,  6.225E-01,  7.011E-01         F               0         Blade 1 Y orientation angle, node 5, rad
        216    1.563E-01, -7.758E-01,  6.113E-01         F               0         Blade 1 Z orientation angle, node 5, rad
        217    9.333E-01, -8.655E-02, -3.485E-01         F               0         Blade 1 X orientation angle, node 6, rad
        218    3.233E-01,  6.250E-01,  7.106E-01         F               0         Blade 1 Y orientation angle, node 6, rad
        219    1.563E-01, -7.758E-01,  6.113E-01         F               0         Blade 1 Z orientation angle, node 6, rad
        220    9.401E-01, -7.290E-02, -3.329E-01         F               0         Blade 1 X orientation angle, node 7, rad
        221    3.028E-01,  6.267E-01,  7.180E-01         F               0         Blade 1 Y orientation angle, node 7, rad
        222    1.563E-01, -7.758E-01,  6.113E-01         F               0         Blade 1 Z orientation angle, node 7, rad
        223    9.455E-01, -6.151E-02, -3.198E-01         F               0         Blade 1 X orientation angle, node 8, rad
        224    2.857E-01,  6.279E-01,  7.239E-01         F               0         Blade 1 Y orientation angle, node 8, rad
        225    1.563E-01, -7.758E-01,  6.113E-01         F               0         Blade 1 Z orientation angle, node 8, rad
        226    9.498E-01, -5.186E-02, -3.086E-01         F               0         Blade 1 X orientation angle, node 9, rad
        227    2.712E-01,  6.288E-01,  7.287E-01         F               0         Blade 1 Y orientation angle, node 9, rad
        228    1.563E-01, -7.758E-01,  6.113E-01         F               0         Blade 1 Z orientation angle, node 9, rad
        229    9.533E-01, -4.351E-02, -2.990E-01         F               0         Blade 1 X orientation angle, node 10, rad
        230    2.585E-01,  6.294E-01,  7.328E-01         F               0         Blade 1 Y orientation angle, node 10, rad
        231    1.563E-01, -7.758E-01,  6.113E-01         F               0         Blade 1 Z orientation angle, node 10, rad
        232    9.561E-01, -3.637E-02, -2.906E-01         F               0         Blade 1 X orientation angle, node 11, rad
        233    2.477E-01,  6.299E-01,  7.361E-01         F               0         Blade 1 Y orientation angle, node 11, rad
        234    1.563E-01, -7.758E-01,  6.113E-01         F               0         Blade 1 Z orientation angle, node 11, rad
        235    9.586E-01, -3.010E-02, -2.833E-01         F               0         Blade 1 X orientation angle, node 12, rad
        236    2.382E-01,  6.302E-01,  7.390E-01         F               0         Blade 1 Y orientation angle, node 12, rad
        237    1.563E-01, -7.758E-01,  6.113E-01         F               0         Blade 1 Z orientation angle, node 12, rad
        238    9.606E-01, -2.460E-02, -2.768E-01         F               0         Blade 1 X orientation angle, node 13, rad
        239    2.298E-01,  6.305E-01,  7.414E-01         F               0         Blade 1 Y orientation angle, node 13, rad
        240    1.563E-01, -7.758E-01,  6.113E-01         F               0         Blade 1 Z orientation angle, node 13, rad
        241    9.624E-01, -1.965E-02, -2.710E-01         F               0         Blade 1 X orientation angle, node 14, rad
        242    2.223E-01,  6.306E-01,  7.436E-01         F               0         Blade 1 Y orientation angle, node 14, rad
        243    1.563E-01, -7.758E-01,  6.113E-01         F               0         Blade 1 Z orientation angle, node 14, rad
        244    9.639E-01, -1.524E-02, -2.658E-01         F               0         Blade 1 X orientation angle, node 15, rad
        245    2.155E-01,  6.308E-01,  7.454E-01         F               0         Blade 1 Y orientation angle, node 15, rad
        246    1.563E-01, -7.758E-01,  6.113E-01         F               0         Blade 1 Z orientation angle, node 15, rad
        247    9.652E-01, -1.128E-02, -2.611E-01         F               0         Blade 1 X orientation angle, node 16, rad
        248    2.095E-01,  6.308E-01,  7.471E-01         F               0         Blade 1 Y orientation angle, node 16, rad
        249    1.563E-01, -7.758E-01,  6.113E-01         F               0         Blade 1 Z orientation angle, node 16, rad
        250    9.664E-01, -7.757E-03, -2.569E-01         F               0         Blade 1 X orientation angle, node 17, rad
        251    2.041E-01,  6.309E-01,  7.485E-01         F               0         Blade 1 Y orientation angle, node 17, rad
        252    1.563E-01, -7.758E-01,  6.113E-01         F               0         Blade 1 Z orientation angle, node 17, rad
        253    9.675E-01, -4.453E-03, -2.530E-01         F               0         Blade 1 X orientation angle, node 18, rad
        254    1.990E-01,  6.309E-01,  7.499E-01         F               0         Blade 1 Y orientation angle, node 18, rad
        255    1.563E-01, -7.758E-01,  6.113E-01         F               0         Blade 1 Z orientation angle, node 18, rad
        256    9.684E-01, -1.480E-03, -2.495E-01         F               0         Blade 1 X orientation angle, node 19, rad
        257    1.944E-01,  6.309E-01,  7.511E-01         F               0         Blade 1 Y orientation angle, node 19, rad
        258    1.563E-01, -7.758E-01,  6.113E-01         F               0         Blade 1 Z orientation angle, node 19, rad
        259    9.692E-01,  1.163E-03, -2.463E-01         F               0         Blade 1 X orientation angle, node 20, rad
        260    1.904E-01,  6.309E-01,  7.521E-01         F               0         Blade 1 Y orientation angle, node 20, rad
        261    1.563E-01, -7.758E-01,  6.113E-01         F               0         Blade 1 Z orientation angle, node 20, rad
        262    9.699E-01,  3.695E-03, -2.433E-01         F               0         Blade 1 X orientation angle, node 21, rad
        263    1.865E-01,  6.309E-01,  7.531E-01         F               0         Blade 1 Y orientation angle, node 21, rad
        264    1.563E-01, -7.758E-01,  6.113E-01         F               0         Blade 1 Z orientation angle, node 21, rad
        265    9.706E-01,  6.008E-03, -2.405E-01         F               0         Blade 1 X orientation angle, node 22, rad
        266    1.829E-01,  6.309E-01,  7.540E-01         F               0         Blade 1 Y orientation angle, node 22, rad
        267    1.563E-01, -7.758E-01,  6.113E-01         F               0         Blade 1 Z orientation angle, node 22, rad
        268    9.712E-01,  8.100E-03, -2.380E-01         F               0         Blade 1 X orientation angle, node 23, rad
        269    1.797E-01,  6.309E-01,  7.548E-01         F               0         Blade 1 Y orientation angle, node 23, rad
        270    1.563E-01, -7.758E-01,  6.113E-01         F               0         Blade 1 Z orientation angle, node 23, rad
        271    9.718E-01,  1.008E-02, -2.357E-01         F               0         Blade 1 X orientation angle, node 24, rad
        272    1.767E-01,  6.309E-01,  7.555E-01         F               0         Blade 1 Y orientation angle, node 24, rad
        273    1.563E-01, -7.758E-01,  6.113E-01         F               0         Blade 1 Z orientation angle, node 24, rad
        274    9.723E-01,  1.195E-02, -2.334E-01         F               0         Blade 1 X orientation angle, node 25, rad
        275    1.738E-01,  6.308E-01,  7.562E-01         F               0         Blade 1 Y orientation angle, node 25, rad
        276    1.563E-01, -7.758E-01,  6.113E-01         F               0         Blade 1 Z orientation angle, node 25, rad
        277    9.728E-01,  1.361E-02, -2.314E-01         F               0         Blade 1 X orientation angle, node 26, rad
        278    1.712E-01,  6.308E-01,  7.568E-01         F               0         Blade 1 Y orientation angle, node 26, rad
        279    1.563E-01, -7.758E-01,  6.113E-01         F               0         Blade 1 Z orientation angle, node 26, rad
        280    9.732E-01,  1.526E-02, -2.295E-01         F               0         Blade 1 X orientation angle, node 27, rad
        281    1.687E-01,  6.308E-01,  7.574E-01         F               0         Blade 1 Y orientation angle, node 27, rad
        282    1.563E-01, -7.758E-01,  6.113E-01         F               0         Blade 1 Z orientation angle, node 27, rad
        283    9.734E-01,  1.614E-02, -2.284E-01         F               0         Blade 1 X orientation angle, node 28, rad
        284    1.673E-01,  6.307E-01,  7.577E-01         F               0         Blade 1 Y orientation angle, node 28, rad
        285    1.563E-01, -7.758E-01,  6.113E-01         F               0         Blade 1 Z orientation angle, node 28, rad
        286   -8.274E-01                                 F               0         Blade 1 X translation velocity, node 1, m/s
        287   -3.067E+00                                 F               0         Blade 1 Y translation velocity, node 1, m/s
        288   -3.678E+00                                 F               0         Blade 1 Z translation velocity, node 1, m/s
        289   -1.025E+00                                 F               0         Blade 1 X translation velocity, node 2, m/s
        290   -3.805E+00                                 F               0         Blade 1 Y translation velocity, node 2, m/s
        291   -4.565E+00                                 F               0         Blade 1 Z translation velocity, node 2, m/s
        292   -3.707E+00                                 F               0         Blade 1 X translation velocity, node 3, m/s
        293   -1.385E+01                                 F               0         Blade 1 Y translation velocity, node 3, m/s
        294   -1.662E+01                                 F               0         Blade 1 Z translation velocity, node 3, m/s
        295   -4.279E+00                                 F               0         Blade 1 X translation velocity, node 4, m/s
        296   -1.599E+01                                 F               0         Blade 1 Y translation velocity, node 4, m/s
        297   -1.919E+01                                 F               0         Blade 1 Z translation velocity, node 4, m/s
        298   -4.851E+00                                 F               0         Blade 1 X translation velocity, node 5, m/s
        299   -1.813E+01                                 F               0         Blade 1 Y translation velocity, node 5, m/s
        300   -2.176E+01                                 F               0         Blade 1 Z translation velocity, node 5, m/s
        301   -5.422E+00                                 F               0         Blade 1 X translation velocity, node 6, m/s
        302   -2.027E+01                                 F               0         Blade 1 Y translation velocity, node 6, m/s
        303   -2.433E+01                                 F               0         Blade 1 Z translation velocity, node 6, m/s
        304   -5.994E+00                                 F               0         Blade 1 X translation velocity, node 7, m/s
        305   -2.241E+01                                 F               0         Blade 1 Y translation velocity, node 7, m/s
        306   -2.690E+01                                 F               0         Blade 1 Z translation velocity, node 7, m/s
        307   -6.566E+00                                 F               0         Blade 1 X translation velocity, node 8, m/s
