
Linearized model: Predictions were generated on 12-Jan-2024 at 09:28:28 using OpenFAST, compiled as a 64-bit application using single precision at commit v3.5.1
 linked with  NWTC Subroutine Library; ElastoDyn; InflowWind; AeroDyn; ServoDyn; HydroDyn; MAP++ (<1.20.10>, <Oct-20-2023>)

Description from the FAST input file: CCT-9 Campign 4 model. Input files to be run with OpenFAST 3.5.0. GitHub branch from Lu Wang (https://github.com/luwang00/openfast/tree/dev) compiled on March 7, 2023.

Simulation information:
   Simulation time:                   500.0000 s
   Rotor Speed:                         0.8767 rad/s
   Azimuth:                             3.8568 rad
   Wind Speed:                         10.0000 m/s
   Number of continuous states:         0
   Number of discrete states:           0
   Number of constraint states:         0
   Number of inputs:                 1746
   Number of outputs:                   4
   Jacobians included in this file?    No

Order of inputs:
     Column   Operating Point                     Rotating Frame? Derivative Order Description
   ---------- ---------------                     --------------- ---------------- -----------
          1    1.102E+01                                 F               0         Tower X translation displacement, node 1, m
          2   -1.219E+00                                 F               0         Tower Y translation displacement, node 1, m
          3   -3.255E-01                                 F               0         Tower Z translation displacement, node 1, m
          4    1.249E+01                                 F               0         Tower X translation displacement, node 2, m
          5   -1.792E+00                                 F               0         Tower Y translation displacement, node 2, m
          6   -4.265E-01                                 F               0         Tower Z translation displacement, node 2, m
          7    1.398E+01                                 F               0         Tower X translation displacement, node 3, m
          8   -2.370E+00                                 F               0         Tower Y translation displacement, node 3, m
          9   -5.308E-01                                 F               0         Tower Z translation displacement, node 3, m
         10    1.550E+01                                 F               0         Tower X translation displacement, node 4, m
         11   -2.953E+00                                 F               0         Tower Y translation displacement, node 4, m
         12   -6.376E-01                                 F               0         Tower Z translation displacement, node 4, m
         13    1.702E+01                                 F               0         Tower X translation displacement, node 5, m
         14   -3.540E+00                                 F               0         Tower Y translation displacement, node 5, m
         15   -7.464E-01                                 F               0         Tower Z translation displacement, node 5, m
         16    1.856E+01                                 F               0         Tower X translation displacement, node 6, m
         17   -4.129E+00                                 F               0         Tower Y translation displacement, node 6, m
         18   -8.570E-01                                 F               0         Tower Z translation displacement, node 6, m
         19    2.011E+01                                 F               0         Tower X translation displacement, node 7, m
         20   -4.721E+00                                 F               0         Tower Y translation displacement, node 7, m
         21   -9.689E-01                                 F               0         Tower Z translation displacement, node 7, m
         22    2.167E+01                                 F               0         Tower X translation displacement, node 8, m
         23   -5.316E+00                                 F               0         Tower Y translation displacement, node 8, m
         24   -1.082E+00                                 F               0         Tower Z translation displacement, node 8, m
         25    2.323E+01                                 F               0         Tower X translation displacement, node 9, m
         26   -5.912E+00                                 F               0         Tower Y translation displacement, node 9, m
         27   -1.195E+00                                 F               0         Tower Z translation displacement, node 9, m
         28    2.480E+01                                 F               0         Tower X translation displacement, node 10, m
         29   -6.509E+00                                 F               0         Tower Y translation displacement, node 10, m
         30   -1.310E+00                                 F               0         Tower Z translation displacement, node 10, m
         31    2.637E+01                                 F               0         Tower X translation displacement, node 11, m
         32   -7.106E+00                                 F               0         Tower Y translation displacement, node 11, m
         33   -1.424E+00                                 F               0         Tower Z translation displacement, node 11, m
         34    9.930E-01,  9.764E-03, -1.178E-01         F               0         Tower X orientation angle, node 1, rad
         35   -4.242E-03,  9.989E-01,  4.703E-02         F               0         Tower Y orientation angle, node 1, rad
         36    1.181E-01, -4.620E-02,  9.919E-01         F               0         Tower Z orientation angle, node 1, rad
         37    9.928E-01,  9.851E-03, -1.197E-01         F               0         Tower X orientation angle, node 2, rad
         38   -4.191E-03,  9.989E-01,  4.746E-02         F               0         Tower Y orientation angle, node 2, rad
         39    1.200E-01, -4.662E-02,  9.917E-01         F               0         Tower Z orientation angle, node 2, rad
         40    9.926E-01,  9.928E-03, -1.213E-01         F               0         Tower X orientation angle, node 3, rad
         41   -4.143E-03,  9.988E-01,  4.785E-02         F               0         Tower Y orientation angle, node 3, rad
         42    1.216E-01, -4.699E-02,  9.915E-01         F               0         Tower Z orientation angle, node 3, rad
         43    9.924E-01,  9.994E-03, -1.227E-01         F               0         Tower X orientation angle, node 4, rad
         44   -4.102E-03,  9.988E-01,  4.819E-02         F               0         Tower Y orientation angle, node 4, rad
         45    1.230E-01, -4.732E-02,  9.913E-01         F               0         Tower Z orientation angle, node 4, rad
         46    9.923E-01,  1.005E-02, -1.238E-01         F               0         Tower X orientation angle, node 5, rad
         47   -4.066E-03,  9.988E-01,  4.848E-02         F               0         Tower Y orientation angle, node 5, rad
         48    1.242E-01, -4.760E-02,  9.911E-01         F               0         Tower Z orientation angle, node 5, rad
         49    9.921E-01,  1.009E-02, -1.247E-01         F               0         Tower X orientation angle, node 6, rad
         50   -4.035E-03,  9.988E-01,  4.872E-02         F               0         Tower Y orientation angle, node 6, rad
         51    1.251E-01, -4.783E-02,  9.910E-01         F               0         Tower Z orientation angle, node 6, rad
         52    9.921E-01,  1.012E-02, -1.254E-01         F               0         Tower X orientation angle, node 7, rad
         53   -4.010E-03,  9.988E-01,  4.892E-02         F               0         Tower Y orientation angle, node 7, rad
         54    1.257E-01, -4.802E-02,  9.909E-01         F               0         Tower Z orientation angle, node 7, rad
         55    9.920E-01,  1.015E-02, -1.259E-01         F               0         Tower X orientation angle, node 8, rad
         56   -3.991E-03,  9.988E-01,  4.907E-02         F               0         Tower Y orientation angle, node 8, rad
         57    1.262E-01, -4.817E-02,  9.908E-01         F               0         Tower Z orientation angle, node 8, rad
         58    9.919E-01,  1.017E-02, -1.262E-01         F               0         Tower X orientation angle, node 9, rad
         59   -3.977E-03,  9.988E-01,  4.918E-02         F               0         Tower Y orientation angle, node 9, rad
         60    1.266E-01, -4.828E-02,  9.908E-01         F               0         Tower Z orientation angle, node 9, rad
         61    9.919E-01,  1.018E-02, -1.264E-01         F               0         Tower X orientation angle, node 10, rad
         62   -3.968E-03,  9.988E-01,  4.925E-02         F               0         Tower Y orientation angle, node 10, rad
         63    1.268E-01, -4.835E-02,  9.908E-01         F               0         Tower Z orientation angle, node 10, rad
         64    9.919E-01,  1.018E-02, -1.265E-01         F               0         Tower X orientation angle, node 11, rad
         65   -3.963E-03,  9.988E-01,  4.929E-02         F               0         Tower Y orientation angle, node 11, rad
         66    1.269E-01, -4.839E-02,  9.907E-01         F               0         Tower Z orientation angle, node 11, rad
         67   -3.985E-03                                 F               0         Tower X translation velocity, node 1, m/s
         68   -7.896E-03                                 F               0         Tower Y translation velocity, node 1, m/s
         69   -2.673E-03                                 F               0         Tower Z translation velocity, node 1, m/s
         70   -4.293E-03                                 F               0         Tower X translation velocity, node 2, m/s
         71   -1.448E-02                                 F               0         Tower Y translation velocity, node 2, m/s
         72   -2.944E-03                                 F               0         Tower Z translation velocity, node 2, m/s
         73   -4.521E-03                                 F               0         Tower X translation velocity, node 3, m/s
         74   -2.106E-02                                 F               0         Tower Y translation velocity, node 3, m/s
         75   -3.226E-03                                 F               0         Tower Z translation velocity, node 3, m/s
         76   -4.686E-03                                 F               0         Tower X translation velocity, node 4, m/s
         77   -2.763E-02                                 F               0         Tower Y translation velocity, node 4, m/s
         78   -3.519E-03                                 F               0         Tower Z translation velocity, node 4, m/s
         79   -4.798E-03                                 F               0         Tower X translation velocity, node 5, m/s
         80   -3.420E-02                                 F               0         Tower Y translation velocity, node 5, m/s
         81   -3.819E-03                                 F               0         Tower Z translation velocity, node 5, m/s
         82   -4.864E-03                                 F               0         Tower X translation velocity, node 6, m/s
         83   -4.076E-02                                 F               0         Tower Y translation velocity, node 6, m/s
         84   -4.127E-03                                 F               0         Tower Z translation velocity, node 6, m/s
         85   -4.894E-03                                 F               0         Tower X translation velocity, node 7, m/s
         86   -4.732E-02                                 F               0         Tower Y translation velocity, node 7, m/s
         87   -4.440E-03                                 F               0         Tower Z translation velocity, node 7, m/s
         88   -4.894E-03                                 F               0         Tower X translation velocity, node 8, m/s
         89   -5.386E-02                                 F               0         Tower Y translation velocity, node 8, m/s
         90   -4.758E-03                                 F               0         Tower Z translation velocity, node 8, m/s
         91   -4.869E-03                                 F               0         Tower X translation velocity, node 9, m/s
         92   -6.041E-02                                 F               0         Tower Y translation velocity, node 9, m/s
         93   -5.080E-03                                 F               0         Tower Z translation velocity, node 9, m/s
         94   -4.829E-03                                 F               0         Tower X translation velocity, node 10, m/s
         95   -6.694E-02                                 F               0         Tower Y translation velocity, node 10, m/s
         96   -5.404E-03                                 F               0         Tower Z translation velocity, node 10, m/s
         97   -4.778E-03                                 F               0         Tower X translation velocity, node 11, m/s
         98   -7.348E-02                                 F               0         Tower Y translation velocity, node 11, m/s
         99   -5.729E-03                                 F               0         Tower Z translation velocity, node 11, m/s
        100    2.745E+01                                 F               0         Hub X translation displacement, node 1, m
        101   -7.596E+00                                 F               0         Hub Y translation displacement, node 1, m
        102   -1.299E-01                                 F               0         Hub Z translation displacement, node 1, m
        103    9.732E-01,  1.518E-02, -2.294E-01         F               0         Hub X orientation angle, node 1, rad
        104   -1.478E-01, -7.232E-01, -6.747E-01         F               0         Hub Y orientation angle, node 1, rad
        105   -1.762E-01,  6.905E-01, -7.016E-01         F               0         Hub Z orientation angle, node 1, rad
        106    8.538E-01                                 F               0         Hub X rotation velocity, node 1, rad/s
        107    1.332E-02                                 F               0         Hub Y rotation velocity, node 1, rad/s
        108   -2.012E-01                                 F               0         Hub Z rotation velocity, node 1, rad/s
        109    9.772E-01,  3.663E-02, -2.093E-01         F               0         Blade root 1 X orientation angle, node 1, rad
        110   -1.188E-01, -7.224E-01, -6.812E-01         F               0         Blade root 1 Y orientation angle, node 1, rad
        111   -1.762E-01,  6.905E-01, -7.016E-01         F               0         Blade root 1 Z orientation angle, node 1, rad
        112    9.751E-01, -1.329E-02, -2.213E-01         F               0         Blade root 2 X orientation angle, node 1, rad
        113   -4.977E-02,  9.596E-01, -2.769E-01         F               0         Blade root 2 Y orientation angle, node 1, rad
        114    2.160E-01,  2.811E-01,  9.351E-01         F               0         Blade root 2 Z orientation angle, node 1, rad
        115    9.661E-01,  2.219E-02, -2.573E-01         F               0         Blade root 3 X orientation angle, node 1, rad
        116    2.552E-01, -2.358E-01,  9.377E-01         F               0         Blade root 3 Y orientation angle, node 1, rad
        117   -3.988E-02, -9.715E-01, -2.335E-01         F               0         Blade root 3 Z orientation angle, node 1, rad
        118    2.589E+01                                 F               0         Blade 1 X translation displacement, node 1, m
        119   -3.771E+00                                 F               0         Blade 1 Y translation displacement, node 1, m
        120   -9.526E+00                                 F               0         Blade 1 Z translation displacement, node 1, m
        121    2.552E+01                                 F               0         Blade 1 X translation displacement, node 2, m
        122   -2.849E+00                                 F               0         Blade 1 Y translation displacement, node 2, m
        123   -1.179E+01                                 F               0         Blade 1 Z translation displacement, node 2, m
        124    2.042E+01                                 F               0         Blade 1 X translation displacement, node 3, m
        125    9.685E+00                                 F               0         Blade 1 Y translation displacement, node 3, m
        126   -4.258E+01                                 F               0         Blade 1 Z translation displacement, node 3, m
        127    1.934E+01                                 F               0         Blade 1 X translation displacement, node 4, m
        128    1.236E+01                                 F               0         Blade 1 Y translation displacement, node 4, m
        129   -4.914E+01                                 F               0         Blade 1 Z translation displacement, node 4, m
        130    1.825E+01                                 F               0         Blade 1 X translation displacement, node 5, m
        131    1.503E+01                                 F               0         Blade 1 Y translation displacement, node 5, m
        132   -5.570E+01                                 F               0         Blade 1 Z translation displacement, node 5, m
        133    1.717E+01                                 F               0         Blade 1 X translation displacement, node 6, m
        134    1.770E+01                                 F               0         Blade 1 Y translation displacement, node 6, m
        135   -6.226E+01                                 F               0         Blade 1 Z translation displacement, node 6, m
        136    1.608E+01                                 F               0         Blade 1 X translation displacement, node 7, m
        137    2.037E+01                                 F               0         Blade 1 Y translation displacement, node 7, m
        138   -6.882E+01                                 F               0         Blade 1 Z translation displacement, node 7, m
        139    1.500E+01                                 F               0         Blade 1 X translation displacement, node 8, m
        140    2.304E+01                                 F               0         Blade 1 Y translation displacement, node 8, m
        141   -7.538E+01                                 F               0         Blade 1 Z translation displacement, node 8, m
        142    1.391E+01                                 F               0         Blade 1 X translation displacement, node 9, m
        143    2.571E+01                                 F               0         Blade 1 Y translation displacement, node 9, m
        144   -8.194E+01                                 F               0         Blade 1 Z translation displacement, node 9, m
        145    1.282E+01                                 F               0         Blade 1 X translation displacement, node 10, m
        146    2.838E+01                                 F               0         Blade 1 Y translation displacement, node 10, m
        147   -8.850E+01                                 F               0         Blade 1 Z translation displacement, node 10, m
        148    1.174E+01                                 F               0         Blade 1 X translation displacement, node 11, m
        149    3.105E+01                                 F               0         Blade 1 Y translation displacement, node 11, m
        150   -9.506E+01                                 F               0         Blade 1 Z translation displacement, node 11, m
        151    1.065E+01                                 F               0         Blade 1 X translation displacement, node 12, m
        152    3.372E+01                                 F               0         Blade 1 Y translation displacement, node 12, m
        153   -1.016E+02                                 F               0         Blade 1 Z translation displacement, node 12, m
        154    9.568E+00                                 F               0         Blade 1 X translation displacement, node 13, m
        155    3.639E+01                                 F               0         Blade 1 Y translation displacement, node 13, m
        156   -1.082E+02                                 F               0         Blade 1 Z translation displacement, node 13, m
        157    8.483E+00                                 F               0         Blade 1 X translation displacement, node 14, m
        158    3.906E+01                                 F               0         Blade 1 Y translation displacement, node 14, m
        159   -1.147E+02                                 F               0         Blade 1 Z translation displacement, node 14, m
        160    7.397E+00                                 F               0         Blade 1 X translation displacement, node 15, m
        161    4.173E+01                                 F               0         Blade 1 Y translation displacement, node 15, m
        162   -1.213E+02                                 F               0         Blade 1 Z translation displacement, node 15, m
        163    6.311E+00                                 F               0         Blade 1 X translation displacement, node 16, m
        164    4.440E+01                                 F               0         Blade 1 Y translation displacement, node 16, m
        165   -1.279E+02                                 F               0         Blade 1 Z translation displacement, node 16, m
        166    5.226E+00                                 F               0         Blade 1 X translation displacement, node 17, m
        167    4.707E+01                                 F               0         Blade 1 Y translation displacement, node 17, m
        168   -1.344E+02                                 F               0         Blade 1 Z translation displacement, node 17, m
        169    4.140E+00                                 F               0         Blade 1 X translation displacement, node 18, m
        170    4.974E+01                                 F               0         Blade 1 Y translation displacement, node 18, m
        171   -1.410E+02                                 F               0         Blade 1 Z translation displacement, node 18, m
        172    3.054E+00                                 F               0         Blade 1 X translation displacement, node 19, m
        173    5.241E+01                                 F               0         Blade 1 Y translation displacement, node 19, m
        174   -1.475E+02                                 F               0         Blade 1 Z translation displacement, node 19, m
        175    1.969E+00                                 F               0         Blade 1 X translation displacement, node 20, m
        176    5.509E+01                                 F               0         Blade 1 Y translation displacement, node 20, m
        177   -1.541E+02                                 F               0         Blade 1 Z translation displacement, node 20, m
        178    8.834E-01                                 F               0         Blade 1 X translation displacement, node 21, m
        179    5.776E+01                                 F               0         Blade 1 Y translation displacement, node 21, m
        180   -1.607E+02                                 F               0         Blade 1 Z translation displacement, node 21, m
        181   -2.023E-01                                 F               0         Blade 1 X translation displacement, node 22, m
        182    6.043E+01                                 F               0         Blade 1 Y translation displacement, node 22, m
        183   -1.672E+02                                 F               0         Blade 1 Z translation displacement, node 22, m
        184   -1.288E+00                                 F               0         Blade 1 X translation displacement, node 23, m
        185    6.310E+01                                 F               0         Blade 1 Y translation displacement, node 23, m
        186   -1.738E+02                                 F               0         Blade 1 Z translation displacement, node 23, m
        187   -2.373E+00                                 F               0         Blade 1 X translation displacement, node 24, m
        188    6.577E+01                                 F               0         Blade 1 Y translation displacement, node 24, m
        189   -1.803E+02                                 F               0         Blade 1 Z translation displacement, node 24, m
        190   -3.459E+00                                 F               0         Blade 1 X translation displacement, node 25, m
        191    6.844E+01                                 F               0         Blade 1 Y translation displacement, node 25, m
        192   -1.869E+02                                 F               0         Blade 1 Z translation displacement, node 25, m
        193   -4.545E+00                                 F               0         Blade 1 X translation displacement, node 26, m
        194    7.111E+01                                 F               0         Blade 1 Y translation displacement, node 26, m
        195   -1.935E+02                                 F               0         Blade 1 Z translation displacement, node 26, m
        196   -5.630E+00                                 F               0         Blade 1 X translation displacement, node 27, m
        197    7.378E+01                                 F               0         Blade 1 Y translation displacement, node 27, m
        198   -2.000E+02                                 F               0         Blade 1 Z translation displacement, node 27, m
        199   -6.551E+00                                 F               0         Blade 1 X translation displacement, node 28, m
        200    7.604E+01                                 F               0         Blade 1 Y translation displacement, node 28, m
        201   -2.056E+02                                 F               0         Blade 1 Z translation displacement, node 28, m
        202    9.238E-01,  3.620E-01,  1.244E-01         F               0         Blade 1 X orientation angle, node 1, rad
        203    3.399E-01, -6.262E-01, -7.017E-01         F               0         Blade 1 Y orientation angle, node 1, rad
        204   -1.762E-01,  6.905E-01, -7.016E-01         F               0         Blade 1 Z orientation angle, node 1, rad
        205    9.238E-01,  3.620E-01,  1.244E-01         F               0         Blade 1 X orientation angle, node 2, rad
        206    3.399E-01, -6.262E-01, -7.017E-01         F               0         Blade 1 Y orientation angle, node 2, rad
        207   -1.762E-01,  6.905E-01, -7.016E-01         F               0         Blade 1 Z orientation angle, node 2, rad
        208    9.781E-01,  2.033E-01, -4.549E-02         F               0         Blade 1 X orientation angle, node 3, rad
        209    1.112E-01, -6.942E-01, -7.112E-01         F               0         Blade 1 Y orientation angle, node 3, rad
        210   -1.762E-01,  6.905E-01, -7.016E-01         F               0         Blade 1 Z orientation angle, node 3, rad
        211    9.819E-01,  1.738E-01, -7.548E-02         F               0         Blade 1 X orientation angle, node 4, rad
        212    6.981E-02, -7.022E-01, -7.086E-01         F               0         Blade 1 Y orientation angle, node 4, rad
        213   -1.762E-01,  6.905E-01, -7.016E-01         F               0         Blade 1 Z orientation angle, node 4, rad
        214    9.837E-01,  1.504E-01, -9.893E-02         F               0         Blade 1 X orientation angle, node 5, rad
        215    3.722E-02, -7.075E-01, -7.057E-01         F               0         Blade 1 Y orientation angle, node 5, rad
        216   -1.762E-01,  6.905E-01, -7.016E-01         F               0         Blade 1 Z orientation angle, node 5, rad
        217    9.843E-01,  1.316E-01, -1.176E-01         F               0         Blade 1 X orientation angle, node 6, rad
        218    1.112E-02, -7.113E-01, -7.028E-01         F               0         Blade 1 Y orientation angle, node 6, rad
        219   -1.762E-01,  6.905E-01, -7.016E-01         F               0         Blade 1 Z orientation angle, node 6, rad
        220    9.843E-01,  1.161E-01, -1.329E-01         F               0         Blade 1 X orientation angle, node 7, rad
        221   -1.036E-02, -7.140E-01, -7.001E-01         F               0         Blade 1 Y orientation angle, node 7, rad
        222   -1.762E-01,  6.905E-01, -7.016E-01         F               0         Blade 1 Z orientation angle, node 7, rad
        223    9.840E-01,  1.031E-01, -1.456E-01         F               0         Blade 1 X orientation angle, node 8, rad
        224   -2.822E-02, -7.160E-01, -6.976E-01         F               0         Blade 1 Y orientation angle, node 8, rad
        225   -1.762E-01,  6.905E-01, -7.016E-01         F               0         Blade 1 Z orientation angle, node 8, rad
        226    9.834E-01,  9.207E-02, -1.563E-01         F               0         Blade 1 X orientation angle, node 9, rad
        227   -4.333E-02, -7.175E-01, -6.953E-01         F               0         Blade 1 Y orientation angle, node 9, rad
        228   -1.762E-01,  6.905E-01, -7.016E-01         F               0         Blade 1 Z orientation angle, node 9, rad
        229    9.827E-01,  8.255E-02, -1.655E-01         F               0         Blade 1 X orientation angle, node 10, rad
        230   -5.637E-02, -7.186E-01, -6.931E-01         F               0         Blade 1 Y orientation angle, node 10, rad
        231   -1.762E-01,  6.905E-01, -7.016E-01         F               0         Blade 1 Z orientation angle, node 10, rad
        232    9.820E-01,  7.439E-02, -1.734E-01         F               0         Blade 1 X orientation angle, node 11, rad
        233   -6.752E-02, -7.195E-01, -6.912E-01         F               0         Blade 1 Y orientation angle, node 11, rad
        234   -1.762E-01,  6.905E-01, -7.016E-01         F               0         Blade 1 Z orientation angle, node 11, rad
        235    9.813E-01,  6.723E-02, -1.802E-01         F               0         Blade 1 X orientation angle, node 12, rad
        236   -7.728E-02, -7.202E-01, -6.894E-01         F               0         Blade 1 Y orientation angle, node 12, rad
        237   -1.762E-01,  6.905E-01, -7.016E-01         F               0         Blade 1 Z orientation angle, node 12, rad
        238    9.806E-01,  6.094E-02, -1.862E-01         F               0         Blade 1 X orientation angle, node 13, rad
        239   -8.584E-02, -7.208E-01, -6.878E-01         F               0         Blade 1 Y orientation angle, node 13, rad
        240   -1.762E-01,  6.905E-01, -7.016E-01         F               0         Blade 1 Z orientation angle, node 13, rad
        241    9.799E-01,  5.528E-02, -1.916E-01         F               0         Blade 1 X orientation angle, node 14, rad
        242   -9.354E-02, -7.212E-01, -6.864E-01         F               0         Blade 1 Y orientation angle, node 14, rad
        243   -1.762E-01,  6.905E-01, -7.016E-01         F               0         Blade 1 Z orientation angle, node 14, rad
        244    9.792E-01,  5.024E-02, -1.964E-01         F               0         Blade 1 X orientation angle, node 15, rad
        245   -1.004E-01, -7.216E-01, -6.850E-01         F               0         Blade 1 Y orientation angle, node 15, rad
        246   -1.762E-01,  6.905E-01, -7.016E-01         F               0         Blade 1 Z orientation angle, node 15, rad
        247    9.786E-01,  4.571E-02, -2.007E-01         F               0         Blade 1 X orientation angle, node 16, rad
        248   -1.065E-01, -7.219E-01, -6.838E-01         F               0         Blade 1 Y orientation angle, node 16, rad
        249   -1.762E-01,  6.905E-01, -7.016E-01         F               0         Blade 1 Z orientation angle, node 16, rad
        250    9.780E-01,  4.167E-02, -2.045E-01         F               0         Blade 1 X orientation angle, node 17, rad
        251   -1.120E-01, -7.221E-01, -6.826E-01         F               0         Blade 1 Y orientation angle, node 17, rad
        252   -1.762E-01,  6.905E-01, -7.016E-01         F               0         Blade 1 Z orientation angle, node 17, rad
        253    9.774E-01,  3.789E-02, -2.081E-01         F               0         Blade 1 X orientation angle, node 18, rad
        254   -1.171E-01, -7.223E-01, -6.815E-01         F               0         Blade 1 Y orientation angle, node 18, rad
        255   -1.762E-01,  6.905E-01, -7.016E-01         F               0         Blade 1 Z orientation angle, node 18, rad
        256    9.768E-01,  3.449E-02, -2.113E-01         F               0         Blade 1 X orientation angle, node 19, rad
        257   -1.217E-01, -7.225E-01, -6.806E-01         F               0         Blade 1 Y orientation angle, node 19, rad
        258   -1.762E-01,  6.905E-01, -7.016E-01         F               0         Blade 1 Z orientation angle, node 19, rad
        259    9.763E-01,  3.146E-02, -2.142E-01         F               0         Blade 1 X orientation angle, node 20, rad
        260   -1.258E-01, -7.227E-01, -6.797E-01         F               0         Blade 1 Y orientation angle, node 20, rad
        261   -1.762E-01,  6.905E-01, -7.016E-01         F               0         Blade 1 Z orientation angle, node 20, rad
        262    9.758E-01,  2.856E-02, -2.169E-01         F               0         Blade 1 X orientation angle, node 21, rad
        263   -1.297E-01, -7.228E-01, -6.788E-01         F               0         Blade 1 Y orientation angle, node 21, rad
        264   -1.762E-01,  6.905E-01, -7.016E-01         F               0         Blade 1 Z orientation angle, node 21, rad
        265    9.753E-01,  2.591E-02, -2.194E-01         F               0         Blade 1 X orientation angle, node 22, rad
        266   -1.333E-01, -7.229E-01, -6.780E-01         F               0         Blade 1 Y orientation angle, node 22, rad
        267   -1.762E-01,  6.905E-01, -7.016E-01         F               0         Blade 1 Z orientation angle, node 22, rad
        268    9.748E-01,  2.351E-02, -2.216E-01         F               0         Blade 1 X orientation angle, node 23, rad
        269   -1.365E-01, -7.230E-01, -6.773E-01         F               0         Blade 1 Y orientation angle, node 23, rad
        270   -1.762E-01,  6.905E-01, -7.016E-01         F               0         Blade 1 Z orientation angle, node 23, rad
        271    9.744E-01,  2.124E-02, -2.238E-01         F               0         Blade 1 X orientation angle, node 24, rad
        272   -1.396E-01, -7.230E-01, -6.766E-01         F               0         Blade 1 Y orientation angle, node 24, rad
        273   -1.762E-01,  6.905E-01, -7.016E-01         F               0         Blade 1 Z orientation angle, node 24, rad
        274    9.740E-01,  1.910E-02, -2.258E-01         F               0         Blade 1 X orientation angle, node 25, rad
        275   -1.425E-01, -7.231E-01, -6.759E-01         F               0         Blade 1 Y orientation angle, node 25, rad
        276   -1.762E-01,  6.905E-01, -7.016E-01         F               0         Blade 1 Z orientation angle, node 25, rad
        277    9.736E-01,  1.720E-02, -2.275E-01         F               0         Blade 1 X orientation angle, node 26, rad
        278   -1.450E-01, -7.231E-01, -6.753E-01         F               0         Blade 1 Y orientation angle, node 26, rad
        279   -1.762E-01,  6.905E-01, -7.016E-01         F               0         Blade 1 Z orientation angle, node 26, rad
        280    9.732E-01,  1.531E-02, -2.293E-01         F               0         Blade 1 X orientation angle, node 27, rad
        281   -1.476E-01, -7.232E-01, -6.747E-01         F               0         Blade 1 Y orientation angle, node 27, rad
        282   -1.762E-01,  6.905E-01, -7.016E-01         F               0         Blade 1 Z orientation angle, node 27, rad
        283    9.730E-01,  1.430E-02, -2.302E-01         F               0         Blade 1 X orientation angle, node 28, rad
        284   -1.489E-01, -7.232E-01, -6.744E-01         F               0         Blade 1 Y orientation angle, node 28, rad
        285   -1.762E-01,  6.905E-01, -7.016E-01         F               0         Blade 1 Z orientation angle, node 28, rad
        286    7.131E-01                                 F               0         Blade 1 X translation velocity, node 1, m/s
        287    3.437E+00                                 F               0         Blade 1 Y translation velocity, node 1, m/s
        288    3.273E+00                                 F               0         Blade 1 Z translation velocity, node 1, m/s
        289    8.861E-01                                 F               0         Blade 1 X translation velocity, node 2, m/s
        290    4.284E+00                                 F               0         Blade 1 Y translation velocity, node 2, m/s
        291    4.063E+00                                 F               0         Blade 1 Z translation velocity, node 2, m/s
        292    3.238E+00                                 F               0         Blade 1 X translation velocity, node 3, m/s
        293    1.580E+01                                 F               0         Blade 1 Y translation velocity, node 3, m/s
        294    1.481E+01                                 F               0         Blade 1 Z translation velocity, node 3, m/s
        295    3.739E+00                                 F               0         Blade 1 X translation velocity, node 4, m/s
        296    1.825E+01                                 F               0         Blade 1 Y translation velocity, node 4, m/s
        297    1.710E+01                                 F               0         Blade 1 Z translation velocity, node 4, m/s
        298    4.241E+00                                 F               0         Blade 1 X translation velocity, node 5, m/s
        299    2.071E+01                                 F               0         Blade 1 Y translation velocity, node 5, m/s
        300    1.938E+01                                 F               0         Blade 1 Z translation velocity, node 5, m/s
        301    4.742E+00                                 F               0         Blade 1 X translation velocity, node 6, m/s
        302    2.316E+01                                 F               0         Blade 1 Y translation velocity, node 6, m/s
        303    2.167E+01                                 F               0         Blade 1 Z translation velocity, node 6, m/s
        304    5.243E+00                                 F               0         Blade 1 X translation velocity, node 7, m/s
        305    2.561E+01                                 F               0         Blade 1 Y translation velocity, node 7, m/s
        306    2.396E+01                                 F               0         Blade 1 Z translation velocity, node 7, m/s
        307    5.744E+00                                 F               0         Blade 1 X translation velocity, node 8, m/s
