
Linearized model: Predictions were generated on 06-Feb-2024 at 08:44:08 using OpenFAST, compiled as a 64-bit application using single precision at commit v3.5.1
 linked with  NWTC Subroutine Library; ElastoDyn; InflowWind; AeroDyn; ServoDyn; HydroDyn; MAP++ (<1.20.10>, <Oct-20-2023>)

Description from the FAST input file: CCT-9 Campign 4 model. Input files to be run with OpenFAST 3.5.0. GitHub branch from Lu Wang (https://github.com/luwang00/openfast/tree/dev) compiled on March 7, 2023.

Simulation information:
   Simulation time:                  2501.0000 s
   Rotor Speed:                         0.8859 rad/s
   Azimuth:                             4.0365 rad
   Wind Speed:                         10.0000 m/s
   Number of continuous states:         0
   Number of discrete states:           0
   Number of constraint states:         0
   Number of inputs:                 1746
   Number of outputs:                   4
   Jacobians included in this file?    No

Order of inputs:
     Column   Operating Point                     Rotating Frame? Derivative Order Description
   ---------- ---------------                     --------------- ---------------- -----------
          1    1.391E+01                                 F               0         Tower X translation displacement, node 1, m
          2    5.107E-02                                 F               0         Tower Y translation displacement, node 1, m
          3   -1.870E-01                                 F               0         Tower Z translation displacement, node 1, m
          4    1.488E+01                                 F               0         Tower X translation displacement, node 2, m
          5    6.890E-02                                 F               0         Tower Y translation displacement, node 2, m
          6   -2.255E-01                                 F               0         Tower Z translation displacement, node 2, m
          7    1.588E+01                                 F               0         Tower X translation displacement, node 3, m
          8    8.706E-02                                 F               0         Tower Y translation displacement, node 3, m
          9   -2.657E-01                                 F               0         Tower Z translation displacement, node 3, m
         10    1.689E+01                                 F               0         Tower X translation displacement, node 4, m
         11    1.055E-01                                 F               0         Tower Y translation displacement, node 4, m
         12   -3.071E-01                                 F               0         Tower Z translation displacement, node 4, m
         13    1.791E+01                                 F               0         Tower X translation displacement, node 5, m
         14    1.241E-01                                 F               0         Tower Y translation displacement, node 5, m
         15   -3.496E-01                                 F               0         Tower Z translation displacement, node 5, m
         16    1.894E+01                                 F               0         Tower X translation displacement, node 6, m
         17    1.430E-01                                 F               0         Tower Y translation displacement, node 6, m
         18   -3.928E-01                                 F               0         Tower Z translation displacement, node 6, m
         19    1.998E+01                                 F               0         Tower X translation displacement, node 7, m
         20    1.620E-01                                 F               0         Tower Y translation displacement, node 7, m
         21   -4.367E-01                                 F               0         Tower Z translation displacement, node 7, m
         22    2.103E+01                                 F               0         Tower X translation displacement, node 8, m
         23    1.811E-01                                 F               0         Tower Y translation displacement, node 8, m
         24   -4.811E-01                                 F               0         Tower Z translation displacement, node 8, m
         25    2.208E+01                                 F               0         Tower X translation displacement, node 9, m
         26    2.003E-01                                 F               0         Tower Y translation displacement, node 9, m
         27   -5.257E-01                                 F               0         Tower Z translation displacement, node 9, m
         28    2.313E+01                                 F               0         Tower X translation displacement, node 10, m
         29    2.196E-01                                 F               0         Tower Y translation displacement, node 10, m
         30   -5.707E-01                                 F               0         Tower Z translation displacement, node 10, m
         31    2.419E+01                                 F               0         Tower X translation displacement, node 11, m
         32    2.389E-01                                 F               0         Tower Y translation displacement, node 11, m
         33   -6.157E-01                                 F               0         Tower Z translation displacement, node 11, m
         34    9.969E-01,  1.120E-03, -7.829E-02         F               0         Tower X orientation angle, node 1, rad
         35   -1.228E-03,  1.000E+00, -1.341E-03         F               0         Tower Y orientation angle, node 1, rad
         36    7.829E-02,  1.433E-03,  9.969E-01         F               0         Tower Z orientation angle, node 1, rad
         37    9.968E-01,  1.117E-03, -7.982E-02         F               0         Tower X orientation angle, node 2, rad
         38   -1.230E-03,  1.000E+00, -1.364E-03         F               0         Tower Y orientation angle, node 2, rad
         39    7.982E-02,  1.458E-03,  9.968E-01         F               0         Tower Z orientation angle, node 2, rad
         40    9.967E-01,  1.116E-03, -8.116E-02         F               0         Tower X orientation angle, node 3, rad
         41   -1.232E-03,  1.000E+00, -1.385E-03         F               0         Tower Y orientation angle, node 3, rad
         42    8.116E-02,  1.480E-03,  9.967E-01         F               0         Tower Z orientation angle, node 3, rad
         43    9.966E-01,  1.114E-03, -8.228E-02         F               0         Tower X orientation angle, node 4, rad
         44   -1.233E-03,  1.000E+00, -1.403E-03         F               0         Tower Y orientation angle, node 4, rad
         45    8.228E-02,  1.500E-03,  9.966E-01         F               0         Tower Z orientation angle, node 4, rad
         46    9.965E-01,  1.112E-03, -8.319E-02         F               0         Tower X orientation angle, node 5, rad
         47   -1.235E-03,  1.000E+00, -1.419E-03         F               0         Tower Y orientation angle, node 5, rad
         48    8.319E-02,  1.517E-03,  9.965E-01         F               0         Tower Z orientation angle, node 5, rad
         49    9.965E-01,  1.111E-03, -8.391E-02         F               0         Tower X orientation angle, node 6, rad
         50   -1.236E-03,  1.000E+00, -1.432E-03         F               0         Tower Y orientation angle, node 6, rad
         51    8.391E-02,  1.531E-03,  9.965E-01         F               0         Tower Z orientation angle, node 6, rad
         52    9.964E-01,  1.111E-03, -8.444E-02         F               0         Tower X orientation angle, node 7, rad
         53   -1.237E-03,  1.000E+00, -1.443E-03         F               0         Tower Y orientation angle, node 7, rad
         54    8.444E-02,  1.542E-03,  9.964E-01         F               0         Tower Z orientation angle, node 7, rad
         55    9.964E-01,  1.110E-03, -8.483E-02         F               0         Tower X orientation angle, node 8, rad
         56   -1.237E-03,  1.000E+00, -1.451E-03         F               0         Tower Y orientation angle, node 8, rad
         57    8.482E-02,  1.551E-03,  9.964E-01         F               0         Tower Z orientation angle, node 8, rad
         58    9.964E-01,  1.110E-03, -8.508E-02         F               0         Tower X orientation angle, node 9, rad
         59   -1.238E-03,  1.000E+00, -1.458E-03         F               0         Tower Y orientation angle, node 9, rad
         60    8.508E-02,  1.558E-03,  9.964E-01         F               0         Tower Z orientation angle, node 9, rad
         61    9.964E-01,  1.109E-03, -8.524E-02         F               0         Tower X orientation angle, node 10, rad
         62   -1.238E-03,  1.000E+00, -1.462E-03         F               0         Tower Y orientation angle, node 10, rad
         63    8.523E-02,  1.562E-03,  9.964E-01         F               0         Tower Z orientation angle, node 10, rad
         64    9.964E-01,  1.109E-03, -8.531E-02         F               0         Tower X orientation angle, node 11, rad
         65   -1.239E-03,  1.000E+00, -1.464E-03         F               0         Tower Y orientation angle, node 11, rad
         66    8.531E-02,  1.564E-03,  9.964E-01         F               0         Tower Z orientation angle, node 11, rad
         67   -1.365E-04                                 F               0         Tower X translation velocity, node 1, m/s
         68    8.607E-03                                 F               0         Tower Y translation velocity, node 1, m/s
         69    2.208E-03                                 F               0         Tower Z translation velocity, node 1, m/s
         70   -2.051E-04                                 F               0         Tower X translation velocity, node 2, m/s
         71    1.473E-02                                 F               0         Tower Y translation velocity, node 2, m/s
         72    2.204E-03                                 F               0         Tower Z translation velocity, node 2, m/s
         73   -2.108E-04                                 F               0         Tower X translation velocity, node 3, m/s
         74    2.101E-02                                 F               0         Tower Y translation velocity, node 3, m/s
         75    2.196E-03                                 F               0         Tower Z translation velocity, node 3, m/s
         76   -1.669E-04                                 F               0         Tower X translation velocity, node 4, m/s
         77    2.741E-02                                 F               0         Tower Y translation velocity, node 4, m/s
         78    2.183E-03                                 F               0         Tower Z translation velocity, node 4, m/s
         79   -8.024E-05                                 F               0         Tower X translation velocity, node 5, m/s
         80    3.392E-02                                 F               0         Tower Y translation velocity, node 5, m/s
         81    2.165E-03                                 F               0         Tower Z translation velocity, node 5, m/s
         82    4.260E-05                                 F               0         Tower X translation velocity, node 6, m/s
         83    4.052E-02                                 F               0         Tower Y translation velocity, node 6, m/s
         84    2.145E-03                                 F               0         Tower Z translation velocity, node 6, m/s
         85    1.931E-04                                 F               0         Tower X translation velocity, node 7, m/s
         86    4.719E-02                                 F               0         Tower Y translation velocity, node 7, m/s
         87    2.122E-03                                 F               0         Tower Z translation velocity, node 7, m/s
         88    3.680E-04                                 F               0         Tower X translation velocity, node 8, m/s
         89    5.392E-02                                 F               0         Tower Y translation velocity, node 8, m/s
         90    2.097E-03                                 F               0         Tower Z translation velocity, node 8, m/s
         91    5.614E-04                                 F               0         Tower X translation velocity, node 9, m/s
         92    6.070E-02                                 F               0         Tower Y translation velocity, node 9, m/s
         93    2.070E-03                                 F               0         Tower Z translation velocity, node 9, m/s
         94    7.676E-04                                 F               0         Tower X translation velocity, node 10, m/s
         95    6.752E-02                                 F               0         Tower Y translation velocity, node 10, m/s
         96    2.041E-03                                 F               0         Tower Z translation velocity, node 10, m/s
         97    9.815E-04                                 F               0         Tower X translation velocity, node 11, m/s
         98    7.435E-02                                 F               0         Tower Y translation velocity, node 11, m/s
         99    2.012E-03                                 F               0         Tower Z translation velocity, node 11, m/s
        100    2.489E+01                                 F               0         Hub X translation displacement, node 1, m
        101    2.392E-01                                 F               0         Hub Y translation displacement, node 1, m
        102    2.771E-01                                 F               0         Hub Z translation displacement, node 1, m
        103    9.820E-01,  9.395E-04, -1.890E-01         F               0         Hub X orientation angle, node 1, rad
        104   -1.467E-01, -6.269E-01, -7.652E-01         F               0         Hub Y orientation angle, node 1, rad
        105   -1.192E-01,  7.791E-01, -6.155E-01         F               0         Hub Z orientation angle, node 1, rad
        106    8.694E-01                                 F               0         Hub X rotation velocity, node 1, rad/s
        107    8.501E-04                                 F               0         Hub Y rotation velocity, node 1, rad/s
        108   -1.673E-01                                 F               0         Hub Z rotation velocity, node 1, rad/s
        109    9.859E-01,  1.954E-02, -1.662E-01         F               0         Blade root 1 X orientation angle, node 1, rad
        110   -1.175E-01, -6.266E-01, -7.704E-01         F               0         Blade root 1 Y orientation angle, node 1, rad
        111   -1.192E-01,  7.791E-01, -6.155E-01         F               0         Blade root 1 Z orientation angle, node 1, rad
        112    9.824E-01, -2.838E-02, -1.844E-01         F               0         Blade root 2 X orientation angle, node 1, rad
        113   -7.521E-04,  9.878E-01, -1.560E-01         F               0         Blade root 2 Y orientation angle, node 1, rad
        114    1.866E-01,  1.534E-01,  9.704E-01         F               0         Blade root 2 Z orientation angle, node 1, rad
        115    9.763E-01,  1.166E-02, -2.161E-01         F               0         Blade root 3 X orientation angle, node 1, rad
        116    2.056E-01, -3.611E-01,  9.096E-01         F               0         Blade root 3 Y orientation angle, node 1, rad
        117   -6.742E-02, -9.325E-01, -3.549E-01         F               0         Blade root 3 Z orientation angle, node 1, rad
        118    2.365E+01                                 F               0         Blade 1 X translation displacement, node 1, m
        119    4.555E+00                                 F               0         Blade 1 Y translation displacement, node 1, m
        120   -8.642E+00                                 F               0         Blade 1 Z translation displacement, node 1, m
        121    2.336E+01                                 F               0         Blade 1 X translation displacement, node 2, m
        122    5.595E+00                                 F               0         Blade 1 Y translation displacement, node 2, m
        123   -1.079E+01                                 F               0         Blade 1 Z translation displacement, node 2, m
        124    1.929E+01                                 F               0         Blade 1 X translation displacement, node 3, m
        125    1.974E+01                                 F               0         Blade 1 Y translation displacement, node 3, m
        126   -4.002E+01                                 F               0         Blade 1 Z translation displacement, node 3, m
        127    1.843E+01                                 F               0         Blade 1 X translation displacement, node 4, m
        128    2.275E+01                                 F               0         Blade 1 Y translation displacement, node 4, m
        129   -4.624E+01                                 F               0         Blade 1 Z translation displacement, node 4, m
        130    1.756E+01                                 F               0         Blade 1 X translation displacement, node 5, m
        131    2.576E+01                                 F               0         Blade 1 Y translation displacement, node 5, m
        132   -5.247E+01                                 F               0         Blade 1 Z translation displacement, node 5, m
        133    1.670E+01                                 F               0         Blade 1 X translation displacement, node 6, m
        134    2.878E+01                                 F               0         Blade 1 Y translation displacement, node 6, m
        135   -5.870E+01                                 F               0         Blade 1 Z translation displacement, node 6, m
        136    1.583E+01                                 F               0         Blade 1 X translation displacement, node 7, m
        137    3.179E+01                                 F               0         Blade 1 Y translation displacement, node 7, m
        138   -6.492E+01                                 F               0         Blade 1 Z translation displacement, node 7, m
        139    1.497E+01                                 F               0         Blade 1 X translation displacement, node 8, m
        140    3.480E+01                                 F               0         Blade 1 Y translation displacement, node 8, m
        141   -7.115E+01                                 F               0         Blade 1 Z translation displacement, node 8, m
        142    1.410E+01                                 F               0         Blade 1 X translation displacement, node 9, m
        143    3.782E+01                                 F               0         Blade 1 Y translation displacement, node 9, m
        144   -7.738E+01                                 F               0         Blade 1 Z translation displacement, node 9, m
        145    1.324E+01                                 F               0         Blade 1 X translation displacement, node 10, m
        146    4.083E+01                                 F               0         Blade 1 Y translation displacement, node 10, m
        147   -8.361E+01                                 F               0         Blade 1 Z translation displacement, node 10, m
        148    1.237E+01                                 F               0         Blade 1 X translation displacement, node 11, m
        149    4.384E+01                                 F               0         Blade 1 Y translation displacement, node 11, m
        150   -8.983E+01                                 F               0         Blade 1 Z translation displacement, node 11, m
        151    1.151E+01                                 F               0         Blade 1 X translation displacement, node 12, m
        152    4.686E+01                                 F               0         Blade 1 Y translation displacement, node 12, m
        153   -9.606E+01                                 F               0         Blade 1 Z translation displacement, node 12, m
        154    1.064E+01                                 F               0         Blade 1 X translation displacement, node 13, m
        155    4.987E+01                                 F               0         Blade 1 Y translation displacement, node 13, m
        156   -1.023E+02                                 F               0         Blade 1 Z translation displacement, node 13, m
        157    9.777E+00                                 F               0         Blade 1 X translation displacement, node 14, m
        158    5.288E+01                                 F               0         Blade 1 Y translation displacement, node 14, m
        159   -1.085E+02                                 F               0         Blade 1 Z translation displacement, node 14, m
        160    8.911E+00                                 F               0         Blade 1 X translation displacement, node 15, m
        161    5.590E+01                                 F               0         Blade 1 Y translation displacement, node 15, m
        162   -1.147E+02                                 F               0         Blade 1 Z translation displacement, node 15, m
        163    8.046E+00                                 F               0         Blade 1 X translation displacement, node 16, m
        164    5.891E+01                                 F               0         Blade 1 Y translation displacement, node 16, m
        165   -1.210E+02                                 F               0         Blade 1 Z translation displacement, node 16, m
        166    7.181E+00                                 F               0         Blade 1 X translation displacement, node 17, m
        167    6.192E+01                                 F               0         Blade 1 Y translation displacement, node 17, m
        168   -1.272E+02                                 F               0         Blade 1 Z translation displacement, node 17, m
        169    6.315E+00                                 F               0         Blade 1 X translation displacement, node 18, m
        170    6.494E+01                                 F               0         Blade 1 Y translation displacement, node 18, m
        171   -1.334E+02                                 F               0         Blade 1 Z translation displacement, node 18, m
        172    5.450E+00                                 F               0         Blade 1 X translation displacement, node 19, m
        173    6.795E+01                                 F               0         Blade 1 Y translation displacement, node 19, m
        174   -1.396E+02                                 F               0         Blade 1 Z translation displacement, node 19, m
        175    4.585E+00                                 F               0         Blade 1 X translation displacement, node 20, m
        176    7.096E+01                                 F               0         Blade 1 Y translation displacement, node 20, m
        177   -1.459E+02                                 F               0         Blade 1 Z translation displacement, node 20, m
        178    3.719E+00                                 F               0         Blade 1 X translation displacement, node 21, m
        179    7.398E+01                                 F               0         Blade 1 Y translation displacement, node 21, m
        180   -1.521E+02                                 F               0         Blade 1 Z translation displacement, node 21, m
        181    2.854E+00                                 F               0         Blade 1 X translation displacement, node 22, m
        182    7.699E+01                                 F               0         Blade 1 Y translation displacement, node 22, m
        183   -1.583E+02                                 F               0         Blade 1 Z translation displacement, node 22, m
        184    1.989E+00                                 F               0         Blade 1 X translation displacement, node 23, m
        185    8.000E+01                                 F               0         Blade 1 Y translation displacement, node 23, m
        186   -1.646E+02                                 F               0         Blade 1 Z translation displacement, node 23, m
        187    1.123E+00                                 F               0         Blade 1 X translation displacement, node 24, m
        188    8.302E+01                                 F               0         Blade 1 Y translation displacement, node 24, m
        189   -1.708E+02                                 F               0         Blade 1 Z translation displacement, node 24, m
        190    2.582E-01                                 F               0         Blade 1 X translation displacement, node 25, m
        191    8.603E+01                                 F               0         Blade 1 Y translation displacement, node 25, m
        192   -1.770E+02                                 F               0         Blade 1 Z translation displacement, node 25, m
        193   -6.072E-01                                 F               0         Blade 1 X translation displacement, node 26, m
        194    8.904E+01                                 F               0         Blade 1 Y translation displacement, node 26, m
        195   -1.832E+02                                 F               0         Blade 1 Z translation displacement, node 26, m
        196   -1.473E+00                                 F               0         Blade 1 X translation displacement, node 27, m
        197    9.206E+01                                 F               0         Blade 1 Y translation displacement, node 27, m
        198   -1.895E+02                                 F               0         Blade 1 Z translation displacement, node 27, m
        199   -2.206E+00                                 F               0         Blade 1 X translation displacement, node 28, m
        200    9.461E+01                                 F               0         Blade 1 Y translation displacement, node 28, m
        201   -1.947E+02                                 F               0         Blade 1 Z translation displacement, node 28, m
        202    9.310E-01,  3.031E-01,  2.034E-01         F               0         Blade 1 X orientation angle, node 1, rad
        203    3.450E-01, -5.487E-01, -7.615E-01         F               0         Blade 1 Y orientation angle, node 1, rad
        204   -1.192E-01,  7.791E-01, -6.155E-01         F               0         Blade 1 Z orientation angle, node 1, rad
        205    9.310E-01,  3.031E-01,  2.034E-01         F               0         Blade 1 X orientation angle, node 2, rad
        206    3.450E-01, -5.487E-01, -7.615E-01         F               0         Blade 1 Y orientation angle, node 2, rad
        207   -1.192E-01,  7.791E-01, -6.155E-01         F               0         Blade 1 Z orientation angle, node 2, rad
        208    9.862E-01,  1.644E-01,  1.714E-02         F               0         Blade 1 X orientation angle, node 3, rad
        209    1.146E-01, -6.050E-01, -7.880E-01         F               0         Blade 1 Y orientation angle, node 3, rad
        210   -1.192E-01,  7.791E-01, -6.155E-01         F               0         Blade 1 Z orientation angle, node 3, rad
        211    9.902E-01,  1.387E-01, -1.615E-02         F               0         Blade 1 X orientation angle, node 4, rad
        212    7.281E-02, -6.114E-01, -7.880E-01         F               0         Blade 1 Y orientation angle, node 4, rad
        213   -1.192E-01,  7.791E-01, -6.155E-01         F               0         Blade 1 Z orientation angle, node 4, rad
        214    9.921E-01,  1.184E-01, -4.227E-02         F               0         Blade 1 X orientation angle, node 5, rad
        215    3.994E-02, -6.156E-01, -7.870E-01         F               0         Blade 1 Y orientation angle, node 5, rad
        216   -1.192E-01,  7.791E-01, -6.155E-01         F               0         Blade 1 Z orientation angle, node 5, rad
        217    9.928E-01,  1.020E-01, -6.313E-02         F               0         Blade 1 X orientation angle, node 6, rad
        218    1.361E-02, -6.185E-01, -7.856E-01         F               0         Blade 1 Y orientation angle, node 6, rad
        219   -1.192E-01,  7.791E-01, -6.155E-01         F               0         Blade 1 Z orientation angle, node 6, rad
        220    9.928E-01,  8.850E-02, -8.025E-02         F               0         Blade 1 X orientation angle, node 7, rad
        221   -8.052E-03, -6.206E-01, -7.841E-01         F               0         Blade 1 Y orientation angle, node 7, rad
        222   -1.192E-01,  7.791E-01, -6.155E-01         F               0         Blade 1 Z orientation angle, node 7, rad
        223    9.925E-01,  7.722E-02, -9.447E-02         F               0         Blade 1 X orientation angle, node 8, rad
        224   -2.607E-02, -6.221E-01, -7.825E-01         F               0         Blade 1 Y orientation angle, node 8, rad
        225   -1.192E-01,  7.791E-01, -6.155E-01         F               0         Blade 1 Z orientation angle, node 8, rad
        226    9.920E-01,  6.766E-02, -1.065E-01         F               0         Blade 1 X orientation angle, node 9, rad
        227   -4.131E-02, -6.232E-01, -7.809E-01         F               0         Blade 1 Y orientation angle, node 9, rad
        228   -1.192E-01,  7.791E-01, -6.155E-01         F               0         Blade 1 Z orientation angle, node 9, rad
        229    9.914E-01,  5.939E-02, -1.168E-01         F               0         Blade 1 X orientation angle, node 10, rad
        230   -5.447E-02, -6.241E-01, -7.795E-01         F               0         Blade 1 Y orientation angle, node 10, rad
        231   -1.192E-01,  7.791E-01, -6.155E-01         F               0         Blade 1 Z orientation angle, node 10, rad
        232    9.907E-01,  5.230E-02, -1.257E-01         F               0         Blade 1 X orientation angle, node 11, rad
        233   -6.571E-02, -6.247E-01, -7.781E-01         F               0         Blade 1 Y orientation angle, node 11, rad
        234   -1.192E-01,  7.791E-01, -6.155E-01         F               0         Blade 1 Z orientation angle, node 11, rad
        235    9.900E-01,  4.609E-02, -1.334E-01         F               0         Blade 1 X orientation angle, node 12, rad
        236   -7.556E-02, -6.252E-01, -7.768E-01         F               0         Blade 1 Y orientation angle, node 12, rad
        237   -1.192E-01,  7.791E-01, -6.155E-01         F               0         Blade 1 Z orientation angle, node 12, rad
        238    9.893E-01,  4.063E-02, -1.402E-01         F               0         Blade 1 X orientation angle, node 13, rad
        239   -8.420E-02, -6.256E-01, -7.756E-01         F               0         Blade 1 Y orientation angle, node 13, rad
        240   -1.192E-01,  7.791E-01, -6.155E-01         F               0         Blade 1 Z orientation angle, node 13, rad
        241    9.886E-01,  3.571E-02, -1.463E-01         F               0         Blade 1 X orientation angle, node 14, rad
        242   -9.196E-02, -6.259E-01, -7.745E-01         F               0         Blade 1 Y orientation angle, node 14, rad
        243   -1.192E-01,  7.791E-01, -6.155E-01         F               0         Blade 1 Z orientation angle, node 14, rad
        244    9.879E-01,  3.134E-02, -1.517E-01         F               0         Blade 1 X orientation angle, node 15, rad
        245   -9.886E-02, -6.261E-01, -7.734E-01         F               0         Blade 1 Y orientation angle, node 15, rad
        246   -1.192E-01,  7.791E-01, -6.155E-01         F               0         Blade 1 Z orientation angle, node 15, rad
        247    9.873E-01,  2.741E-02, -1.565E-01         F               0         Blade 1 X orientation angle, node 16, rad
        248   -1.051E-01, -6.263E-01, -7.725E-01         F               0         Blade 1 Y orientation angle, node 16, rad
        249   -1.192E-01,  7.791E-01, -6.155E-01         F               0         Blade 1 Z orientation angle, node 16, rad
        250    9.867E-01,  2.391E-02, -1.608E-01         F               0         Blade 1 X orientation angle, node 17, rad
        251   -1.106E-01, -6.264E-01, -7.716E-01         F               0         Blade 1 Y orientation angle, node 17, rad
        252   -1.192E-01,  7.791E-01, -6.155E-01         F               0         Blade 1 Z orientation angle, node 17, rad
        253    9.861E-01,  2.063E-02, -1.649E-01         F               0         Blade 1 X orientation angle, node 18, rad
        254   -1.157E-01, -6.266E-01, -7.707E-01         F               0         Blade 1 Y orientation angle, node 18, rad
        255   -1.192E-01,  7.791E-01, -6.155E-01         F               0         Blade 1 Z orientation angle, node 18, rad
        256    9.855E-01,  1.768E-02, -1.685E-01         F               0         Blade 1 X orientation angle, node 19, rad
        257   -1.204E-01, -6.267E-01, -7.699E-01         F               0         Blade 1 Y orientation angle, node 19, rad
        258   -1.192E-01,  7.791E-01, -6.155E-01         F               0         Blade 1 Z orientation angle, node 19, rad
        259    9.850E-01,  1.505E-02, -1.717E-01         F               0         Blade 1 X orientation angle, node 20, rad
        260   -1.245E-01, -6.267E-01, -7.692E-01         F               0         Blade 1 Y orientation angle, node 20, rad
        261   -1.192E-01,  7.791E-01, -6.155E-01         F               0         Blade 1 Z orientation angle, node 20, rad
        262    9.845E-01,  1.254E-02, -1.748E-01         F               0         Blade 1 X orientation angle, node 21, rad
        263   -1.285E-01, -6.268E-01, -7.685E-01         F               0         Blade 1 Y orientation angle, node 21, rad
        264   -1.192E-01,  7.791E-01, -6.155E-01         F               0         Blade 1 Z orientation angle, node 21, rad
        265    9.840E-01,  1.024E-02, -1.776E-01         F               0         Blade 1 X orientation angle, node 22, rad
        266   -1.321E-01, -6.268E-01, -7.679E-01         F               0         Blade 1 Y orientation angle, node 22, rad
        267   -1.192E-01,  7.791E-01, -6.155E-01         F               0         Blade 1 Z orientation angle, node 22, rad
        268    9.836E-01,  8.161E-03, -1.802E-01         F               0         Blade 1 X orientation angle, node 23, rad
        269   -1.353E-01, -6.269E-01, -7.673E-01         F               0         Blade 1 Y orientation angle, node 23, rad
        270   -1.192E-01,  7.791E-01, -6.155E-01         F               0         Blade 1 Z orientation angle, node 23, rad
        271    9.832E-01,  6.191E-03, -1.826E-01         F               0         Blade 1 X orientation angle, node 24, rad
        272   -1.384E-01, -6.269E-01, -7.667E-01         F               0         Blade 1 Y orientation angle, node 24, rad
        273   -1.192E-01,  7.791E-01, -6.155E-01         F               0         Blade 1 Z orientation angle, node 24, rad
        274    9.828E-01,  4.331E-03, -1.848E-01         F               0         Blade 1 X orientation angle, node 25, rad
        275   -1.413E-01, -6.269E-01, -7.662E-01         F               0         Blade 1 Y orientation angle, node 25, rad
        276   -1.192E-01,  7.791E-01, -6.155E-01         F               0         Blade 1 Z orientation angle, node 25, rad
        277    9.824E-01,  2.690E-03, -1.869E-01         F               0         Blade 1 X orientation angle, node 26, rad
        278   -1.439E-01, -6.269E-01, -7.657E-01         F               0         Blade 1 Y orientation angle, node 26, rad
        279   -1.192E-01,  7.791E-01, -6.155E-01         F               0         Blade 1 Z orientation angle, node 26, rad
        280    9.820E-01,  1.049E-03, -1.889E-01         F               0         Blade 1 X orientation angle, node 27, rad
        281   -1.465E-01, -6.269E-01, -7.652E-01         F               0         Blade 1 Y orientation angle, node 27, rad
        282   -1.192E-01,  7.791E-01, -6.155E-01         F               0         Blade 1 Z orientation angle, node 27, rad
        283    9.818E-01,  1.736E-04, -1.899E-01         F               0         Blade 1 X orientation angle, node 28, rad
        284   -1.479E-01, -6.269E-01, -7.649E-01         F               0         Blade 1 Y orientation angle, node 28, rad
        285   -1.192E-01,  7.791E-01, -6.155E-01         F               0         Blade 1 Z orientation angle, node 28, rad
        286    7.202E-01                                 F               0         Blade 1 X translation velocity, node 1, m/s
        287    3.152E+00                                 F               0         Blade 1 Y translation velocity, node 1, m/s
        288    3.755E+00                                 F               0         Blade 1 Z translation velocity, node 1, m/s
        289    8.934E-01                                 F               0         Blade 1 X translation velocity, node 2, m/s
        290    3.893E+00                                 F               0         Blade 1 Y translation velocity, node 2, m/s
        291    4.660E+00                                 F               0         Blade 1 Z translation velocity, node 2, m/s
        292    3.249E+00                                 F               0         Blade 1 X translation velocity, node 3, m/s
        293    1.397E+01                                 F               0         Blade 1 Y translation velocity, node 3, m/s
        294    1.696E+01                                 F               0         Blade 1 Z translation velocity, node 3, m/s
        295    3.751E+00                                 F               0         Blade 1 X translation velocity, node 4, m/s
        296    1.611E+01                                 F               0         Blade 1 Y translation velocity, node 4, m/s
        297    1.958E+01                                 F               0         Blade 1 Z translation velocity, node 4, m/s
        298    4.253E+00                                 F               0         Blade 1 X translation velocity, node 5, m/s
        299    1.826E+01                                 F               0         Blade 1 Y translation velocity, node 5, m/s
        300    2.220E+01                                 F               0         Blade 1 Z translation velocity, node 5, m/s
        301    4.755E+00                                 F               0         Blade 1 X translation velocity, node 6, m/s
        302    2.041E+01                                 F               0         Blade 1 Y translation velocity, node 6, m/s
        303    2.482E+01                                 F               0         Blade 1 Z translation velocity, node 6, m/s
        304    5.257E+00                                 F               0         Blade 1 X translation velocity, node 7, m/s
        305    2.255E+01                                 F               0         Blade 1 Y translation velocity, node 7, m/s
        306    2.744E+01                                 F               0         Blade 1 Z translation velocity, node 7, m/s
        307    5.759E+00                                 F               0         Blade 1 X translation velocity, node 8, m/s
