
Linearized model: Predictions were generated on 12-Feb-2024 at 15:30:16 using OpenFAST, compiled as a 64-bit application using single precision at commit v3.5.1
 linked with  NWTC Subroutine Library; ElastoDyn; InflowWind; AeroDyn; ServoDyn; HydroDyn; MAP++ (<1.20.10>, <Oct-20-2023>)

Description from the FAST input file: CCT-9 Campign 4 model. Input files to be run with OpenFAST 3.5.0. GitHub branch from Lu Wang (https://github.com/luwang00/openfast/tree/dev) compiled on March 7, 2023.

Simulation information:
   Simulation time:                  1006.9750 s
   Rotor Speed:                         1.0417 rad/s
   Azimuth:                             2.0211 rad
   Wind Speed:                         12.0000 m/s
   Number of continuous states:         0
   Number of discrete states:           0
   Number of constraint states:         0
   Number of inputs:                 1746
   Number of outputs:                   4
   Jacobians included in this file?    No

Order of inputs:
     Column   Operating Point                     Rotating Frame? Derivative Order Description
   ---------- ---------------                     --------------- ---------------- -----------
          1    1.513E+01                                 F               0         Tower X translation displacement, node 1, m
          2   -1.173E+00                                 F               0         Tower Y translation displacement, node 1, m
          3   -4.961E-01                                 F               0         Tower Z translation displacement, node 1, m
          4    1.706E+01                                 F               0         Tower X translation displacement, node 2, m
          5   -1.818E+00                                 F               0         Tower Y translation displacement, node 2, m
          6   -6.643E-01                                 F               0         Tower Z translation displacement, node 2, m
          7    1.902E+01                                 F               0         Tower X translation displacement, node 3, m
          8   -2.469E+00                                 F               0         Tower Y translation displacement, node 3, m
          9   -8.384E-01                                 F               0         Tower Z translation displacement, node 3, m
         10    2.101E+01                                 F               0         Tower X translation displacement, node 4, m
         11   -3.126E+00                                 F               0         Tower Y translation displacement, node 4, m
         12   -1.017E+00                                 F               0         Tower Z translation displacement, node 4, m
         13    2.302E+01                                 F               0         Tower X translation displacement, node 5, m
         14   -3.788E+00                                 F               0         Tower Y translation displacement, node 5, m
         15   -1.199E+00                                 F               0         Tower Z translation displacement, node 5, m
         16    2.505E+01                                 F               0         Tower X translation displacement, node 6, m
         17   -4.453E+00                                 F               0         Tower Y translation displacement, node 6, m
         18   -1.385E+00                                 F               0         Tower Z translation displacement, node 6, m
         19    2.709E+01                                 F               0         Tower X translation displacement, node 7, m
         20   -5.121E+00                                 F               0         Tower Y translation displacement, node 7, m
         21   -1.573E+00                                 F               0         Tower Z translation displacement, node 7, m
         22    2.914E+01                                 F               0         Tower X translation displacement, node 8, m
         23   -5.792E+00                                 F               0         Tower Y translation displacement, node 8, m
         24   -1.764E+00                                 F               0         Tower Z translation displacement, node 8, m
         25    3.120E+01                                 F               0         Tower X translation displacement, node 9, m
         26   -6.465E+00                                 F               0         Tower Y translation displacement, node 9, m
         27   -1.955E+00                                 F               0         Tower Z translation displacement, node 9, m
         28    3.327E+01                                 F               0         Tower X translation displacement, node 10, m
         29   -7.139E+00                                 F               0         Tower Y translation displacement, node 10, m
         30   -2.148E+00                                 F               0         Tower Z translation displacement, node 10, m
         31    3.534E+01                                 F               0         Tower X translation displacement, node 11, m
         32   -7.814E+00                                 F               0         Tower Y translation displacement, node 11, m
         33   -2.341E+00                                 F               0         Tower Z translation displacement, node 11, m
         34    9.879E-01,  1.384E-02, -1.543E-01         F               0         Tower X orientation angle, node 1, rad
         35   -5.630E-03,  9.986E-01,  5.351E-02         F               0         Tower Y orientation angle, node 1, rad
         36    1.549E-01, -5.200E-02,  9.866E-01         F               0         Tower Z orientation angle, node 1, rad
         37    9.875E-01,  1.398E-02, -1.569E-01         F               0         Tower X orientation angle, node 2, rad
         38   -5.546E-03,  9.985E-01,  5.405E-02         F               0         Tower Y orientation angle, node 2, rad
         39    1.575E-01, -5.250E-02,  9.861E-01         F               0         Tower Z orientation angle, node 2, rad
         40    9.871E-01,  1.410E-02, -1.592E-01         F               0         Tower X orientation angle, node 3, rad
         41   -5.469E-03,  9.985E-01,  5.453E-02         F               0         Tower Y orientation angle, node 3, rad
         42    1.598E-01, -5.295E-02,  9.857E-01         F               0         Tower Z orientation angle, node 3, rad
         43    9.868E-01,  1.421E-02, -1.612E-01         F               0         Tower X orientation angle, node 4, rad
         44   -5.401E-03,  9.985E-01,  5.494E-02         F               0         Tower Y orientation angle, node 4, rad
         45    1.617E-01, -5.335E-02,  9.854E-01         F               0         Tower Z orientation angle, node 4, rad
         46    9.866E-01,  1.430E-02, -1.628E-01         F               0         Tower X orientation angle, node 5, rad
         47   -5.341E-03,  9.985E-01,  5.530E-02         F               0         Tower Y orientation angle, node 5, rad
         48    1.634E-01, -5.369E-02,  9.851E-01         F               0         Tower Z orientation angle, node 5, rad
         49    9.863E-01,  1.437E-02, -1.642E-01         F               0         Tower X orientation angle, node 6, rad
         50   -5.291E-03,  9.984E-01,  5.560E-02         F               0         Tower Y orientation angle, node 6, rad
         51    1.647E-01, -5.398E-02,  9.849E-01         F               0         Tower Z orientation angle, node 6, rad
         52    9.862E-01,  1.443E-02, -1.652E-01         F               0         Tower X orientation angle, node 7, rad
         53   -5.251E-03,  9.984E-01,  5.585E-02         F               0         Tower Y orientation angle, node 7, rad
         54    1.657E-01, -5.421E-02,  9.847E-01         F               0         Tower Z orientation angle, node 7, rad
         55    9.860E-01,  1.447E-02, -1.660E-01         F               0         Tower X orientation angle, node 8, rad
         56   -5.219E-03,  9.984E-01,  5.603E-02         F               0         Tower Y orientation angle, node 8, rad
         57    1.665E-01, -5.438E-02,  9.845E-01         F               0         Tower Z orientation angle, node 8, rad
         58    9.859E-01,  1.450E-02, -1.665E-01         F               0         Tower X orientation angle, node 9, rad
         59   -5.196E-03,  9.984E-01,  5.617E-02         F               0         Tower Y orientation angle, node 9, rad
         60    1.670E-01, -5.452E-02,  9.844E-01         F               0         Tower Z orientation angle, node 9, rad
         61    9.859E-01,  1.452E-02, -1.668E-01         F               0         Tower X orientation angle, node 10, rad
         62   -5.181E-03,  9.984E-01,  5.626E-02         F               0         Tower Y orientation angle, node 10, rad
         63    1.674E-01, -5.460E-02,  9.844E-01         F               0         Tower Z orientation angle, node 10, rad
         64    9.858E-01,  1.453E-02, -1.670E-01         F               0         Tower X orientation angle, node 11, rad
         65   -5.173E-03,  9.984E-01,  5.631E-02         F               0         Tower Y orientation angle, node 11, rad
         66    1.676E-01, -5.465E-02,  9.843E-01         F               0         Tower Z orientation angle, node 11, rad
         67   -1.703E-03                                 F               0         Tower X translation velocity, node 1, m/s
         68   -3.561E-03                                 F               0         Tower Y translation velocity, node 1, m/s
         69    5.367E-03                                 F               0         Tower Z translation velocity, node 1, m/s
         70   -2.753E-03                                 F               0         Tower X translation velocity, node 2, m/s
         71   -6.069E-03                                 F               0         Tower Y translation velocity, node 2, m/s
         72    5.400E-03                                 F               0         Tower Z translation velocity, node 2, m/s
         73   -3.765E-03                                 F               0         Tower X translation velocity, node 3, m/s
         74   -8.640E-03                                 F               0         Tower Y translation velocity, node 3, m/s
         75    5.426E-03                                 F               0         Tower Z translation velocity, node 3, m/s
         76   -4.754E-03                                 F               0         Tower X translation velocity, node 4, m/s
         77   -1.126E-02                                 F               0         Tower Y translation velocity, node 4, m/s
         78    5.446E-03                                 F               0         Tower Z translation velocity, node 4, m/s
         79   -5.731E-03                                 F               0         Tower X translation velocity, node 5, m/s
         80   -1.393E-02                                 F               0         Tower Y translation velocity, node 5, m/s
         81    5.462E-03                                 F               0         Tower Z translation velocity, node 5, m/s
         82   -6.704E-03                                 F               0         Tower X translation velocity, node 6, m/s
         83   -1.664E-02                                 F               0         Tower Y translation velocity, node 6, m/s
         84    5.476E-03                                 F               0         Tower Z translation velocity, node 6, m/s
         85   -7.679E-03                                 F               0         Tower X translation velocity, node 7, m/s
         86   -1.937E-02                                 F               0         Tower Y translation velocity, node 7, m/s
         87    5.489E-03                                 F               0         Tower Z translation velocity, node 7, m/s
         88   -8.660E-03                                 F               0         Tower X translation velocity, node 8, m/s
         89   -2.214E-02                                 F               0         Tower Y translation velocity, node 8, m/s
         90    5.502E-03                                 F               0         Tower Z translation velocity, node 8, m/s
         91   -9.651E-03                                 F               0         Tower X translation velocity, node 9, m/s
         92   -2.493E-02                                 F               0         Tower Y translation velocity, node 9, m/s
         93    5.516E-03                                 F               0         Tower Z translation velocity, node 9, m/s
         94   -1.065E-02                                 F               0         Tower X translation velocity, node 10, m/s
         95   -2.774E-02                                 F               0         Tower Y translation velocity, node 10, m/s
         96    5.530E-03                                 F               0         Tower Z translation velocity, node 10, m/s
         97   -1.166E-02                                 F               0         Tower X translation velocity, node 11, m/s
         98   -3.056E-02                                 F               0         Tower Y translation velocity, node 11, m/s
         99    5.545E-03                                 F               0         Tower Z translation velocity, node 11, m/s
        100    3.680E+01                                 F               0         Hub X translation displacement, node 1, m
        101   -8.400E+00                                 F               0         Hub Y translation displacement, node 1, m
        102   -6.603E-01                                 F               0         Hub Z translation displacement, node 1, m
        103    9.629E-01,  2.016E-02, -2.690E-01         F               0         Hub X orientation angle, node 1, rad
        104    2.451E-01, -4.821E-01,  8.412E-01         F               0         Hub Y orientation angle, node 1, rad
        105   -1.127E-01, -8.759E-01, -4.691E-01         F               0         Hub Z orientation angle, node 1, rad
        106    1.003E+00                                 F               0         Hub X rotation velocity, node 1, rad/s
        107    2.090E-02                                 F               0         Hub Y rotation velocity, node 1, rad/s
        108   -2.799E-01                                 F               0         Hub Z rotation velocity, node 1, rad/s
        109    9.552E-01,  3.445E-02, -2.938E-01         F               0         Blade root 1 X orientation angle, node 1, rad
        110    2.735E-01, -4.813E-01,  8.328E-01         F               0         Blade root 1 Y orientation angle, node 1, rad
        111   -1.127E-01, -8.759E-01, -4.691E-01         F               0         Blade root 1 Z orientation angle, node 1, rad
        112    9.690E-01,  3.550E-02, -2.443E-01         F               0         Blade root 2 X orientation angle, node 1, rad
        113   -1.915E-01, -5.167E-01, -8.345E-01         F               0         Blade root 2 Y orientation angle, node 1, rad
        114   -1.559E-01,  8.554E-01, -4.939E-01         F               0         Blade root 2 Z orientation angle, node 1, rad
        115    9.632E-01, -9.503E-03, -2.684E-01         F               0         Blade root 3 X orientation angle, node 1, rad
        116    3.657E-03,  9.997E-01, -2.227E-02         F               0         Blade root 3 Y orientation angle, node 1, rad
        117    2.686E-01,  2.047E-02,  9.630E-01         F               0         Blade root 3 Z orientation angle, node 1, rad
        118    3.560E+01                                 F               0         Blade 1 X translation displacement, node 1, m
        119   -1.325E+01                                 F               0         Blade 1 Y translation displacement, node 1, m
        120   -8.769E+00                                 F               0         Blade 1 Z translation displacement, node 1, m
        121    3.531E+01                                 F               0         Blade 1 X translation displacement, node 2, m
        122   -1.442E+01                                 F               0         Blade 1 Y translation displacement, node 2, m
        123   -1.072E+01                                 F               0         Blade 1 Z translation displacement, node 2, m
        124    3.137E+01                                 F               0         Blade 1 X translation displacement, node 3, m
        125   -3.032E+01                                 F               0         Blade 1 Y translation displacement, node 3, m
        126   -3.729E+01                                 F               0         Blade 1 Z translation displacement, node 3, m
        127    3.053E+01                                 F               0         Blade 1 X translation displacement, node 4, m
        128   -3.371E+01                                 F               0         Blade 1 Y translation displacement, node 4, m
        129   -4.295E+01                                 F               0         Blade 1 Z translation displacement, node 4, m
        130    2.969E+01                                 F               0         Blade 1 X translation displacement, node 5, m
        131   -3.710E+01                                 F               0         Blade 1 Y translation displacement, node 5, m
        132   -4.861E+01                                 F               0         Blade 1 Z translation displacement, node 5, m
        133    2.885E+01                                 F               0         Blade 1 X translation displacement, node 6, m
        134   -4.048E+01                                 F               0         Blade 1 Y translation displacement, node 6, m
        135   -5.427E+01                                 F               0         Blade 1 Z translation displacement, node 6, m
        136    2.801E+01                                 F               0         Blade 1 X translation displacement, node 7, m
        137   -4.387E+01                                 F               0         Blade 1 Y translation displacement, node 7, m
        138   -5.994E+01                                 F               0         Blade 1 Z translation displacement, node 7, m
        139    2.717E+01                                 F               0         Blade 1 X translation displacement, node 8, m
        140   -4.726E+01                                 F               0         Blade 1 Y translation displacement, node 8, m
        141   -6.560E+01                                 F               0         Blade 1 Z translation displacement, node 8, m
        142    2.633E+01                                 F               0         Blade 1 X translation displacement, node 9, m
        143   -5.065E+01                                 F               0         Blade 1 Y translation displacement, node 9, m
        144   -7.126E+01                                 F               0         Blade 1 Z translation displacement, node 9, m
        145    2.549E+01                                 F               0         Blade 1 X translation displacement, node 10, m
        146   -5.404E+01                                 F               0         Blade 1 Y translation displacement, node 10, m
        147   -7.692E+01                                 F               0         Blade 1 Z translation displacement, node 10, m
        148    2.465E+01                                 F               0         Blade 1 X translation displacement, node 11, m
        149   -5.742E+01                                 F               0         Blade 1 Y translation displacement, node 11, m
        150   -8.258E+01                                 F               0         Blade 1 Z translation displacement, node 11, m
        151    2.381E+01                                 F               0         Blade 1 X translation displacement, node 12, m
        152   -6.081E+01                                 F               0         Blade 1 Y translation displacement, node 12, m
        153   -8.824E+01                                 F               0         Blade 1 Z translation displacement, node 12, m
        154    2.297E+01                                 F               0         Blade 1 X translation displacement, node 13, m
        155   -6.420E+01                                 F               0         Blade 1 Y translation displacement, node 13, m
        156   -9.390E+01                                 F               0         Blade 1 Z translation displacement, node 13, m
        157    2.213E+01                                 F               0         Blade 1 X translation displacement, node 14, m
        158   -6.759E+01                                 F               0         Blade 1 Y translation displacement, node 14, m
        159   -9.956E+01                                 F               0         Blade 1 Z translation displacement, node 14, m
        160    2.129E+01                                 F               0         Blade 1 X translation displacement, node 15, m
        161   -7.097E+01                                 F               0         Blade 1 Y translation displacement, node 15, m
        162   -1.052E+02                                 F               0         Blade 1 Z translation displacement, node 15, m
        163    2.045E+01                                 F               0         Blade 1 X translation displacement, node 16, m
        164   -7.436E+01                                 F               0         Blade 1 Y translation displacement, node 16, m
        165   -1.109E+02                                 F               0         Blade 1 Z translation displacement, node 16, m
        166    1.960E+01                                 F               0         Blade 1 X translation displacement, node 17, m
        167   -7.775E+01                                 F               0         Blade 1 Y translation displacement, node 17, m
        168   -1.165E+02                                 F               0         Blade 1 Z translation displacement, node 17, m
        169    1.876E+01                                 F               0         Blade 1 X translation displacement, node 18, m
        170   -8.114E+01                                 F               0         Blade 1 Y translation displacement, node 18, m
        171   -1.222E+02                                 F               0         Blade 1 Z translation displacement, node 18, m
        172    1.792E+01                                 F               0         Blade 1 X translation displacement, node 19, m
        173   -8.453E+01                                 F               0         Blade 1 Y translation displacement, node 19, m
        174   -1.279E+02                                 F               0         Blade 1 Z translation displacement, node 19, m
        175    1.708E+01                                 F               0         Blade 1 X translation displacement, node 20, m
        176   -8.791E+01                                 F               0         Blade 1 Y translation displacement, node 20, m
        177   -1.335E+02                                 F               0         Blade 1 Z translation displacement, node 20, m
        178    1.624E+01                                 F               0         Blade 1 X translation displacement, node 21, m
        179   -9.130E+01                                 F               0         Blade 1 Y translation displacement, node 21, m
        180   -1.392E+02                                 F               0         Blade 1 Z translation displacement, node 21, m
        181    1.540E+01                                 F               0         Blade 1 X translation displacement, node 22, m
        182   -9.469E+01                                 F               0         Blade 1 Y translation displacement, node 22, m
        183   -1.449E+02                                 F               0         Blade 1 Z translation displacement, node 22, m
        184    1.456E+01                                 F               0         Blade 1 X translation displacement, node 23, m
        185   -9.808E+01                                 F               0         Blade 1 Y translation displacement, node 23, m
        186   -1.505E+02                                 F               0         Blade 1 Z translation displacement, node 23, m
        187    1.372E+01                                 F               0         Blade 1 X translation displacement, node 24, m
        188   -1.015E+02                                 F               0         Blade 1 Y translation displacement, node 24, m
        189   -1.562E+02                                 F               0         Blade 1 Z translation displacement, node 24, m
        190    1.288E+01                                 F               0         Blade 1 X translation displacement, node 25, m
        191   -1.049E+02                                 F               0         Blade 1 Y translation displacement, node 25, m
        192   -1.618E+02                                 F               0         Blade 1 Z translation displacement, node 25, m
        193    1.204E+01                                 F               0         Blade 1 X translation displacement, node 26, m
        194   -1.082E+02                                 F               0         Blade 1 Y translation displacement, node 26, m
        195   -1.675E+02                                 F               0         Blade 1 Z translation displacement, node 26, m
        196    1.120E+01                                 F               0         Blade 1 X translation displacement, node 27, m
        197   -1.116E+02                                 F               0         Blade 1 Y translation displacement, node 27, m
        198   -1.732E+02                                 F               0         Blade 1 Z translation displacement, node 27, m
        199    1.049E+01                                 F               0         Blade 1 X translation displacement, node 28, m
        200   -1.145E+02                                 F               0         Blade 1 Y translation displacement, node 28, m
        201   -1.780E+02                                 F               0         Blade 1 Z translation displacement, node 28, m
        202    7.254E-01,  2.501E-01, -6.413E-01         F               0         Blade 1 X orientation angle, node 1, rad
        203    6.790E-01, -4.126E-01,  6.072E-01         F               0         Blade 1 Y orientation angle, node 1, rad
        204   -1.127E-01, -8.759E-01, -4.691E-01         F               0         Blade 1 Z orientation angle, node 1, rad
        205    7.254E-01,  2.501E-01, -6.413E-01         F               0         Blade 1 X orientation angle, node 2, rad
        206    6.790E-01, -4.126E-01,  6.072E-01         F               0         Blade 1 Y orientation angle, node 2, rad
        207   -1.127E-01, -8.759E-01, -4.691E-01         F               0         Blade 1 Z orientation angle, node 2, rad
        208    8.657E-01,  1.452E-01, -4.791E-01         F               0         Blade 1 X orientation angle, node 3, rad
        209    4.878E-01, -4.601E-01,  7.419E-01         F               0         Blade 1 Y orientation angle, node 3, rad
        210   -1.127E-01, -8.759E-01, -4.691E-01         F               0         Blade 1 Z orientation angle, node 3, rad
        211    8.855E-01,  1.256E-01, -4.473E-01         F               0         Blade 1 X orientation angle, node 4, rad
        212    4.508E-01, -4.658E-01,  7.614E-01         F               0         Blade 1 Y orientation angle, node 4, rad
        213   -1.127E-01, -8.759E-01, -4.691E-01         F               0         Blade 1 Z orientation angle, node 4, rad
        214    9.000E-01,  1.101E-01, -4.218E-01         F               0         Blade 1 X orientation angle, node 5, rad
        215    4.212E-01, -4.698E-01,  7.759E-01         F               0         Blade 1 Y orientation angle, node 5, rad
        216   -1.127E-01, -8.759E-01, -4.691E-01         F               0         Blade 1 Z orientation angle, node 5, rad
        217    9.108E-01,  9.763E-02, -4.011E-01         F               0         Blade 1 X orientation angle, node 6, rad
        218    3.971E-01, -4.725E-01,  7.868E-01         F               0         Blade 1 Y orientation angle, node 6, rad
        219   -1.127E-01, -8.759E-01, -4.691E-01         F               0         Blade 1 Z orientation angle, node 6, rad
        220    9.193E-01,  8.730E-02, -3.839E-01         F               0         Blade 1 X orientation angle, node 7, rad
        221    3.772E-01, -4.745E-01,  7.953E-01         F               0         Blade 1 Y orientation angle, node 7, rad
        222   -1.127E-01, -8.759E-01, -4.691E-01         F               0         Blade 1 Z orientation angle, node 7, rad
        223    9.260E-01,  7.868E-02, -3.694E-01         F               0         Blade 1 X orientation angle, node 8, rad
        224    3.604E-01, -4.760E-01,  8.022E-01         F               0         Blade 1 Y orientation angle, node 8, rad
        225   -1.127E-01, -8.759E-01, -4.691E-01         F               0         Blade 1 Z orientation angle, node 8, rad
        226    9.314E-01,  7.136E-02, -3.570E-01         F               0         Blade 1 X orientation angle, node 9, rad
        227    3.462E-01, -4.772E-01,  8.078E-01         F               0         Blade 1 Y orientation angle, node 9, rad
        228   -1.127E-01, -8.759E-01, -4.691E-01         F               0         Blade 1 Z orientation angle, node 9, rad
        229    9.359E-01,  6.502E-02, -3.462E-01         F               0         Blade 1 X orientation angle, node 10, rad
        230    3.338E-01, -4.781E-01,  8.124E-01         F               0         Blade 1 Y orientation angle, node 10, rad
        231   -1.127E-01, -8.759E-01, -4.691E-01         F               0         Blade 1 Z orientation angle, node 10, rad
        232    9.396E-01,  5.959E-02, -3.370E-01         F               0         Blade 1 X orientation angle, node 11, rad
        233    3.231E-01, -4.788E-01,  8.163E-01         F               0         Blade 1 Y orientation angle, node 11, rad
        234   -1.127E-01, -8.759E-01, -4.691E-01         F               0         Blade 1 Z orientation angle, node 11, rad
        235    9.428E-01,  5.483E-02, -3.289E-01         F               0         Blade 1 X orientation angle, node 12, rad
        236    3.138E-01, -4.794E-01,  8.196E-01         F               0         Blade 1 Y orientation angle, node 12, rad
        237   -1.127E-01, -8.759E-01, -4.691E-01         F               0         Blade 1 Z orientation angle, node 12, rad
        238    9.455E-01,  5.064E-02, -3.217E-01         F               0         Blade 1 X orientation angle, node 13, rad
        239    3.055E-01, -4.798E-01,  8.224E-01         F               0         Blade 1 Y orientation angle, node 13, rad
        240   -1.127E-01, -8.759E-01, -4.691E-01         F               0         Blade 1 Z orientation angle, node 13, rad
        241    9.479E-01,  4.687E-02, -3.152E-01         F               0         Blade 1 X orientation angle, node 14, rad
        242    2.981E-01, -4.802E-01,  8.249E-01         F               0         Blade 1 Y orientation angle, node 14, rad
        243   -1.127E-01, -8.759E-01, -4.691E-01         F               0         Blade 1 Z orientation angle, node 14, rad
        244    9.499E-01,  4.352E-02, -3.095E-01         F               0         Blade 1 X orientation angle, node 15, rad
        245    2.915E-01, -4.805E-01,  8.271E-01         F               0         Blade 1 Y orientation angle, node 15, rad
        246   -1.127E-01, -8.759E-01, -4.691E-01         F               0         Blade 1 Z orientation angle, node 15, rad
        247    9.517E-01,  4.050E-02, -3.043E-01         F               0         Blade 1 X orientation angle, node 16, rad
        248    2.855E-01, -4.808E-01,  8.291E-01         F               0         Blade 1 Y orientation angle, node 16, rad
        249   -1.127E-01, -8.759E-01, -4.691E-01         F               0         Blade 1 Z orientation angle, node 16, rad
        250    9.533E-01,  3.781E-02, -2.996E-01         F               0         Blade 1 X orientation angle, node 17, rad
        251    2.802E-01, -4.810E-01,  8.307E-01         F               0         Blade 1 Y orientation angle, node 17, rad
        252   -1.127E-01, -8.759E-01, -4.691E-01         F               0         Blade 1 Z orientation angle, node 17, rad
        253    9.548E-01,  3.529E-02, -2.953E-01         F               0         Blade 1 X orientation angle, node 18, rad
        254    2.752E-01, -4.812E-01,  8.323E-01         F               0         Blade 1 Y orientation angle, node 18, rad
        255   -1.127E-01, -8.759E-01, -4.691E-01         F               0         Blade 1 Z orientation angle, node 18, rad
        256    9.560E-01,  3.302E-02, -2.913E-01         F               0         Blade 1 X orientation angle, node 19, rad
        257    2.707E-01, -4.814E-01,  8.337E-01         F               0         Blade 1 Y orientation angle, node 19, rad
        258   -1.127E-01, -8.759E-01, -4.691E-01         F               0         Blade 1 Z orientation angle, node 19, rad
        259    9.572E-01,  3.101E-02, -2.879E-01         F               0         Blade 1 X orientation angle, node 20, rad
        260    2.667E-01, -4.815E-01,  8.349E-01         F               0         Blade 1 Y orientation angle, node 20, rad
        261   -1.127E-01, -8.759E-01, -4.691E-01         F               0         Blade 1 Z orientation angle, node 20, rad
        262    9.582E-01,  2.907E-02, -2.845E-01         F               0         Blade 1 X orientation angle, node 21, rad
        263    2.628E-01, -4.816E-01,  8.360E-01         F               0         Blade 1 Y orientation angle, node 21, rad
        264   -1.127E-01, -8.759E-01, -4.691E-01         F               0         Blade 1 Z orientation angle, node 21, rad
        265    9.592E-01,  2.731E-02, -2.814E-01         F               0         Blade 1 X orientation angle, node 22, rad
        266    2.593E-01, -4.817E-01,  8.371E-01         F               0         Blade 1 Y orientation angle, node 22, rad
        267   -1.127E-01, -8.759E-01, -4.691E-01         F               0         Blade 1 Z orientation angle, node 22, rad
        268    9.600E-01,  2.571E-02, -2.787E-01         F               0         Blade 1 X orientation angle, node 23, rad
        269    2.561E-01, -4.818E-01,  8.380E-01         F               0         Blade 1 Y orientation angle, node 23, rad
        270   -1.127E-01, -8.759E-01, -4.691E-01         F               0         Blade 1 Z orientation angle, node 23, rad
        271    9.608E-01,  2.420E-02, -2.760E-01         F               0         Blade 1 X orientation angle, node 24, rad
        272    2.531E-01, -4.819E-01,  8.389E-01         F               0         Blade 1 Y orientation angle, node 24, rad
        273   -1.127E-01, -8.759E-01, -4.691E-01         F               0         Blade 1 Z orientation angle, node 24, rad
        274    9.616E-01,  2.277E-02, -2.735E-01         F               0         Blade 1 X orientation angle, node 25, rad
        275    2.503E-01, -4.820E-01,  8.397E-01         F               0         Blade 1 Y orientation angle, node 25, rad
        276   -1.127E-01, -8.759E-01, -4.691E-01         F               0         Blade 1 Z orientation angle, node 25, rad
        277    9.622E-01,  2.151E-02, -2.713E-01         F               0         Blade 1 X orientation angle, node 26, rad
        278    2.478E-01, -4.820E-01,  8.404E-01         F               0         Blade 1 Y orientation angle, node 26, rad
        279   -1.127E-01, -8.759E-01, -4.691E-01         F               0         Blade 1 Z orientation angle, node 26, rad
        280    9.629E-01,  2.024E-02, -2.691E-01         F               0         Blade 1 X orientation angle, node 27, rad
        281    2.452E-01, -4.821E-01,  8.411E-01         F               0         Blade 1 Y orientation angle, node 27, rad
        282   -1.127E-01, -8.759E-01, -4.691E-01         F               0         Blade 1 Z orientation angle, node 27, rad
        283    9.632E-01,  1.957E-02, -2.680E-01         F               0         Blade 1 X orientation angle, node 28, rad
        284    2.439E-01, -4.821E-01,  8.415E-01         F               0         Blade 1 Y orientation angle, node 28, rad
        285   -1.127E-01, -8.759E-01, -4.691E-01         F               0         Blade 1 Z orientation angle, node 28, rad
        286   -1.425E+00                                 F               0         Blade 1 X translation velocity, node 1, m/s
        287    2.747E+00                                 F               0         Blade 1 Y translation velocity, node 1, m/s
        288   -4.851E+00                                 F               0         Blade 1 Z translation velocity, node 1, m/s
        289   -1.766E+00                                 F               0         Blade 1 X translation velocity, node 2, m/s
        290    3.417E+00                                 F               0         Blade 1 Y translation velocity, node 2, m/s
        291   -6.021E+00                                 F               0         Blade 1 Z translation velocity, node 2, m/s
        292   -6.395E+00                                 F               0         Blade 1 X translation velocity, node 3, m/s
        293    1.253E+01                                 F               0         Blade 1 Y translation velocity, node 3, m/s
        294   -2.193E+01                                 F               0         Blade 1 Z translation velocity, node 3, m/s
        295   -7.381E+00                                 F               0         Blade 1 X translation velocity, node 4, m/s
        296    1.448E+01                                 F               0         Blade 1 Y translation velocity, node 4, m/s
        297   -2.532E+01                                 F               0         Blade 1 Z translation velocity, node 4, m/s
        298   -8.367E+00                                 F               0         Blade 1 X translation velocity, node 5, m/s
        299    1.642E+01                                 F               0         Blade 1 Y translation velocity, node 5, m/s
        300   -2.871E+01                                 F               0         Blade 1 Z translation velocity, node 5, m/s
        301   -9.354E+00                                 F               0         Blade 1 X translation velocity, node 6, m/s
        302    1.836E+01                                 F               0         Blade 1 Y translation velocity, node 6, m/s
        303   -3.210E+01                                 F               0         Blade 1 Z translation velocity, node 6, m/s
        304   -1.034E+01                                 F               0         Blade 1 X translation velocity, node 7, m/s
        305    2.031E+01                                 F               0         Blade 1 Y translation velocity, node 7, m/s
        306   -3.549E+01                                 F               0         Blade 1 Z translation velocity, node 7, m/s
        307   -1.133E+01                                 F               0         Blade 1 X translation velocity, node 8, m/s
