
Linearized model: Predictions were generated on 13-Feb-2024 at 12:12:09 using OpenFAST, compiled as a 64-bit application using single precision at commit v3.5.1
 linked with  NWTC Subroutine Library; ElastoDyn; InflowWind; AeroDyn; ServoDyn; HydroDyn; MAP++ (<1.20.10>, <Oct-20-2023>)

Description from the FAST input file: CCT-9 Campign 4 model. Input files to be run with OpenFAST 3.5.0. GitHub branch from Lu Wang (https://github.com/luwang00/openfast/tree/dev) compiled on March 7, 2023.

Simulation information:
   Simulation time:                   773.9750 s
   Rotor Speed:                         0.7923 rad/s
   Azimuth:                             2.8026 rad
   Wind Speed:                         24.0000 m/s
   Number of continuous states:         0
   Number of discrete states:           0
   Number of constraint states:         0
   Number of inputs:                 1746
   Number of outputs:                   4
   Jacobians included in this file?    No

Order of inputs:
     Column   Operating Point                                                   Rotating Frame? Derivative Order Description
   ---------- ---------------                                                   --------------- ---------------- -----------
          1     8.55216121674E+000                                                     F               0         Tower X translation displacement, node 1, m
          2    -1.82652509212E+000                                                     F               0         Tower Y translation displacement, node 1, m
          3    -2.15133488178E-001                                                     F               0         Tower Z translation displacement, node 1, m
          4     9.72511100769E+000                                                     F               0         Tower X translation displacement, node 2, m
          5    -2.50309371948E+000                                                     F               0         Tower Y translation displacement, node 2, m
          6    -2.89564043283E-001                                                     F               0         Tower Z translation displacement, node 2, m
          7     1.09167718887E+001                                                     F               0         Tower X translation displacement, node 3, m
          8    -3.18725800514E+000                                                     F               0         Tower Y translation displacement, node 3, m
          9    -3.66212874651E-001                                                     F               0         Tower Z translation displacement, node 3, m
         10     1.21224594116E+001                                                     F               0         Tower X translation displacement, node 4, m
         11    -3.87767553329E+000                                                     F               0         Tower Y translation displacement, node 4, m
         12    -4.44581180811E-001                                                     F               0         Tower Z translation displacement, node 4, m
         13     1.33395681381E+001                                                     F               0         Tower X translation displacement, node 5, m
         14    -4.57374763489E+000                                                     F               0         Tower Y translation displacement, node 5, m
         15    -5.24392783642E-001                                                     F               0         Tower Z translation displacement, node 5, m
         16     1.45656614304E+001                                                     F               0         Tower X translation displacement, node 6, m
         17    -5.27484035492E+000                                                     F               0         Tower Y translation displacement, node 6, m
         18    -6.05395138264E-001                                                     F               0         Tower Z translation displacement, node 6, m
         19     1.57981119156E+001                                                     F               0         Tower X translation displacement, node 7, m
         20    -5.97996616364E+000                                                     F               0         Tower Y translation displacement, node 7, m
         21    -6.87250852585E-001                                                     F               0         Tower Z translation displacement, node 7, m
         22     1.70356788635E+001                                                     F               0         Tower X translation displacement, node 8, m
         23    -6.68880558014E+000                                                     F               0         Tower Y translation displacement, node 8, m
         24    -7.69847571850E-001                                                     F               0         Tower Z translation displacement, node 8, m
         25     1.82767200470E+001                                                     F               0         Tower X translation displacement, node 9, m
         26    -7.40059232712E+000                                                     F               0         Tower Y translation displacement, node 9, m
         27    -8.52956295013E-001                                                     F               0         Tower Z translation displacement, node 9, m
         28     1.95198917389E+001                                                     F               0         Tower X translation displacement, node 10, m
         29    -8.11451148987E+000                                                     F               0         Tower Y translation displacement, node 10, m
         30    -9.36410844326E-001                                                     F               0         Tower Z translation displacement, node 10, m
         31     2.07641220093E+001                                                     F               0         Tower X translation displacement, node 11, m
         32    -8.82976436615E+000                                                     F               0         Tower Y translation displacement, node 11, m
         33    -1.02004742622E+000                                                     F               0         Tower Z translation displacement, node 11, m
         34     9.95470762253E-001,  -6.69688312337E-003,  -9.48320552707E-002         F               0         Tower X orientation angle, node 1, rad
         35     1.18277966976E-002,   9.98489916325E-001,   5.36470003426E-002         F               0         Tower Y orientation angle, node 1, rad
         36     9.43295806646E-002,  -5.45256771147E-002,   9.94046747684E-001         F               0         Tower Z orientation angle, node 1, rad
         37     9.95333492756E-001,  -6.61773979664E-003,  -9.62672978640E-002         F               0         Tower X orientation angle, node 2, rad
         38     1.18809379637E-002,   9.98459279537E-001,   5.42027465999E-002         F               0         Tower Y orientation angle, node 2, rad
         39     9.57602784038E-002,  -5.50935566425E-002,   9.93878602982E-001         F               0         Tower Z orientation angle, node 2, rad
         40     9.95212733746E-001,  -6.54835067689E-003,  -9.75125730038E-002         F               0         Tower X orientation angle, node 3, rad
         41     1.19309760630E-002,   9.98430490494E-001,   5.47189600766E-002         F               0         Tower Y orientation angle, node 3, rad
         42     9.70012098551E-002,  -5.56204281747E-002,   9.93728876114E-001         F               0         Tower Z orientation angle, node 3, rad
         43     9.95111048222E-001,  -6.49002799764E-003,  -9.85486581922E-002         F               0         Tower X orientation angle, node 4, rad
         44     1.19771780446E-002,   9.98404026031E-001,   5.51905296743E-002         F               0         Tower Y orientation angle, node 4, rad
         45     9.80331823230E-002,  -5.61010427773E-002,   9.93600606918E-001         F               0         Tower Z orientation angle, node 4, rad
         46     9.95028197765E-001,  -6.44247187302E-003,  -9.93850603700E-002         F               0         Tower X orientation angle, node 5, rad
         47     1.20191443712E-002,   9.98379886150E-001,   5.56155331433E-002         F               0         Tower Y orientation angle, node 5, rad
         48     9.88657474518E-002,  -5.65335452557E-002,   9.93493616581E-001         F               0         Tower Z orientation angle, node 5, rad
         49     9.94963109493E-001,  -6.40502758324E-003,  -1.00037060678E-001         F               0         Tower X orientation angle, node 6, rad
         50     1.20564093813E-002,   9.98358488083E-001,   5.59909343719E-002         F               0         Tower Y orientation angle, node 6, rad
         51     9.95142236352E-002,  -5.69150000811E-002,   9.93407070637E-001         F               0         Tower Z orientation angle, node 6, rad
         52     9.94915366173E-001,  -6.37745065615E-003,  -1.00512281060E-001         F               0         Tower X orientation angle, node 7, rad
         53     1.20879998431E-002,   9.98340249062E-001,   5.63082620502E-002         F               0         Tower Y orientation angle, node 7, rad
         54     9.99863520265E-002,  -5.72369471192E-002,   9.93341147900E-001         F               0         Tower Z orientation angle, node 7, rad
         55     9.94881510735E-001,  -6.35774154216E-003,  -1.00848443806E-001         F               0         Tower X orientation angle, node 8, rad
         56     1.21138701215E-002,   9.98325288296E-001,   5.65677657723E-002         F               0         Tower Y orientation angle, node 8, rad
         57     1.00319907069E-001,  -5.74998892844E-002,   9.93292331696E-001         F               0         Tower Z orientation angle, node 8, rad
         58     9.94859218597E-001,  -6.34467648342E-003,  -1.01068958640E-001         F               0         Tower X orientation angle, node 9, rad
         59     1.21336197481E-002,   9.98313784599E-001,   5.67658469081E-002         F               0         Tower Y orientation angle, node 9, rad
         60     1.00538372993E-001,  -5.77003546059E-002,   9.93258655071E-001         F               0         Tower Z orientation angle, node 9, rad
         61     9.94846284389E-001,  -6.33703544736E-003,  -1.01196520030E-001         F               0         Tower X orientation angle, node 10, rad
         62     1.21469479054E-002,   9.98306035995E-001,   5.68996332586E-002         F               0         Tower Y orientation angle, node 10, rad
         63     1.00664518774E-001,  -5.78356198967E-002,   9.93237972260E-001         F               0         Tower Z orientation angle, node 10, rad
         64     9.94840085506E-001,  -6.33335020393E-003,  -1.01257354021E-001         F               0         Tower X orientation angle, node 11, rad
         65     1.21543835849E-002,   9.98301625252E-001,   5.69743774831E-002         F               0         Tower Y orientation angle, node 11, rad
         66     1.00724548101E-001,  -5.79111166298E-002,   9.93227481842E-001         F               0         Tower Z orientation angle, node 11, rad
         67     7.14898854494E-003                                                     F               0         Tower X translation velocity, node 1, m/s
         68    -2.28194496594E-003                                                     F               0         Tower Y translation velocity, node 1, m/s
         69    -2.45891744271E-003                                                     F               0         Tower Z translation velocity, node 1, m/s
         70     9.15706064552E-003                                                     F               0         Tower X translation velocity, node 2, m/s
         71    -3.14519531094E-003                                                     F               0         Tower Y translation velocity, node 2, m/s
         72    -2.69803125411E-003                                                     F               0         Tower Z translation velocity, node 2, m/s
         73     9.86011791974E-003                                                     F               0         Tower X translation velocity, node 3, m/s
         74    -3.44590283930E-003                                                     F               0         Tower Y translation velocity, node 3, m/s
         75    -2.78301141225E-003                                                     F               0         Tower Z translation velocity, node 3, m/s
         76     9.47879161686E-003                                                     F               0         Tower X translation velocity, node 4, m/s
         77    -3.29001923092E-003                                                     F               0         Tower Y translation velocity, node 4, m/s
         78    -2.73678964004E-003                                                     F               0         Tower Z translation velocity, node 4, m/s
         79     8.10750760138E-003                                                     F               0         Tower X translation velocity, node 5, m/s
         80    -2.72723357193E-003                                                     F               0         Tower Y translation velocity, node 5, m/s
         81    -2.56890733726E-003                                                     F               0         Tower Z translation velocity, node 5, m/s
         82     5.84804080427E-003                                                     F               0         Tower X translation velocity, node 6, m/s
         83    -1.80849165190E-003                                                     F               0         Tower Y translation velocity, node 6, m/s
         84    -2.29072244838E-003                                                     F               0         Tower Z translation velocity, node 6, m/s
         85     2.86809587851E-003                                                     F               0         Tower X translation velocity, node 7, m/s
         86    -6.07919530012E-004                                                     F               0         Tower Y translation velocity, node 7, m/s
         87    -1.92254746798E-003                                                     F               0         Tower Z translation velocity, node 7, m/s
         88    -7.83020921517E-004                                                     F               0         Tower X translation velocity, node 8, m/s
         89     8.49057105370E-004                                                     F               0         Tower Y translation velocity, node 8, m/s
         90    -1.47030549124E-003                                                     F               0         Tower Z translation velocity, node 8, m/s
         91    -4.97338781133E-003                                                     F               0         Tower X translation velocity, node 9, m/s
         92     2.50680092722E-003                                                     F               0         Tower Y translation velocity, node 9, m/s
         93    -9.50508867390E-004                                                     F               0         Tower Z translation velocity, node 9, m/s
         94    -9.56105906516E-003                                                     F               0         Tower X translation velocity, node 10, m/s
         95     4.30847797543E-003                                                     F               0         Tower Y translation velocity, node 10, m/s
         96    -3.81067628041E-004                                                     F               0         Tower Z translation velocity, node 10, m/s
         97    -1.44012952223E-002                                                     F               0         Tower X translation velocity, node 11, m/s
         98     6.19974778965E-003                                                     F               0         Tower Y translation velocity, node 11, m/s
         99     2.19769164687E-004                                                     F               0         Tower Z translation velocity, node 11, m/s
        100     2.16105575562E+001                                                     F               0         Hub X translation displacement, node 1, m
        101    -9.21597385406E+000                                                     F               0         Hub Y translation displacement, node 1, m
        102     2.04233136028E-002                                                     F               0         Hub Z translation displacement, node 1, m
        103     9.78861689568E-001,  -2.45295115747E-004,  -2.04523205757E-001         F               0         Hub X orientation angle, node 1, rad
        104     5.64235262573E-002,  -9.60868060589E-001,   2.71199166775E-001         F               0         Hub Y orientation angle, node 1, rad
        105    -1.96586340666E-001,  -2.77006387711E-001,  -9.40543055534E-001         F               0         Hub Z orientation angle, node 1, rad
        106     7.75425553322E-001                                                     F               0         Hub X rotation velocity, node 1, rad/s
        107    -5.93738688622E-004                                                     F               0         Hub Y rotation velocity, node 1, rad/s
        108    -1.62039875984E-001                                                     F               0         Hub Z rotation velocity, node 1, rad/s
        109     9.20231282711E-001,   2.78968006372E-001,  -2.74501860142E-001         F               0         Blade root 1 X orientation angle, node 1, rad
        110     3.38420182467E-001,  -9.19480443001E-001,   2.00068652630E-001         F               0         Blade root 1 Y orientation angle, node 1, rad
        111    -1.96586340666E-001,  -2.77006387711E-001,  -9.40543055534E-001         F               0         Blade root 1 Z orientation angle, node 1, rad
        112     9.94293808937E-001,  -7.01290816069E-002,   8.03850442171E-002         F               0         Blade root 2 X orientation angle, node 1, rad
        113     9.45337042212E-002,   2.30089545250E-001,  -9.68567073345E-001         F               0         Blade root 2 Y orientation angle, node 1, rad
        114     4.94289621711E-002,   9.70639348030E-001,   2.35406160355E-001         F               0         Blade root 2 Z orientation angle, node 1, rad
        115     8.95354270935E-001,  -2.09543049335E-001,  -3.92978936434E-001         F               0         Blade root 3 X orientation angle, node 1, rad
        116     4.20339673758E-001,   6.89177095890E-001,   5.90211391449E-001         F               0         Blade root 3 Y orientation angle, node 1, rad
        117     1.47157371044E-001,  -6.93632960320E-001,   7.05136895180E-001         F               0         Blade root 3 Z orientation angle, node 1, rad
        118     1.99423809052E+001                                                     F               0         Blade 1 X translation displacement, node 1, m
        119    -1.07505884171E+001                                                     F               0         Blade 1 Y translation displacement, node 1, m
        120    -1.06998443604E+001                                                     F               0         Blade 1 Z translation displacement, node 1, m
        121     1.95404205322E+001                                                     F               0         Blade 1 X translation displacement, node 2, m
        122    -1.11203660965E+001                                                     F               0         Blade 1 Y translation displacement, node 2, m
        123    -1.32829713821E+001                                                     F               0         Blade 1 Z translation displacement, node 2, m
        124     1.40744628906E+001                                                     F               0         Blade 1 X translation displacement, node 3, m
        125    -1.61486988068E+001                                                     F               0         Blade 1 Y translation displacement, node 3, m
        126    -4.84090538025E+001                                                     F               0         Blade 1 Z translation displacement, node 3, m
        127     1.29099082947E+001                                                     F               0         Blade 1 X translation displacement, node 4, m
        128    -1.72200145721E+001                                                     F               0         Blade 1 Y translation displacement, node 4, m
        129    -5.58928833008E+001                                                     F               0         Blade 1 Z translation displacement, node 4, m
        130     1.17451324463E+001                                                     F               0         Blade 1 X translation displacement, node 5, m
        131    -1.82915344238E+001                                                     F               0         Blade 1 Y translation displacement, node 5, m
        132    -6.33781204224E+001                                                     F               0         Blade 1 Z translation displacement, node 5, m
        133     1.05805730820E+001                                                     F               0         Blade 1 X translation displacement, node 6, m
        134    -1.93628559113E+001                                                     F               0         Blade 1 Y translation displacement, node 6, m
        135    -7.08619766235E+001                                                     F               0         Blade 1 Z translation displacement, node 6, m
        136     9.41600990295E+000                                                     F               0         Blade 1 X translation displacement, node 7, m
        137    -2.04341793060E+001                                                     F               0         Blade 1 Y translation displacement, node 7, m
        138    -7.83458480835E+001                                                     F               0         Blade 1 Z translation displacement, node 7, m
        139     8.25123786926E+000                                                     F               0         Blade 1 X translation displacement, node 8, m
        140    -2.15056953430E+001                                                     F               0         Blade 1 Y translation displacement, node 8, m
        141    -8.58310699463E+001                                                     F               0         Blade 1 Z translation displacement, node 8, m
        142     7.08667373657E+000                                                     F               0         Blade 1 X translation displacement, node 9, m
        143    -2.25770187378E+001                                                     F               0         Blade 1 Y translation displacement, node 9, m
        144    -9.33149337769E+001                                                     F               0         Blade 1 Z translation displacement, node 9, m
        145     5.92211484909E+000                                                     F               0         Blade 1 X translation displacement, node 10, m
        146    -2.36483402252E+001                                                     F               0         Blade 1 Y translation displacement, node 10, m
        147    -1.00798797607E+002                                                     F               0         Blade 1 Z translation displacement, node 10, m
        148     4.75755071640E+000                                                     F               0         Blade 1 X translation displacement, node 11, m
        149    -2.47196636200E+001                                                     F               0         Blade 1 Y translation displacement, node 11, m
        150    -1.08282669067E+002                                                     F               0         Blade 1 Z translation displacement, node 11, m
        151     3.59278368950E+000                                                     F               0         Blade 1 X translation displacement, node 12, m
        152    -2.57911739349E+001                                                     F               0         Blade 1 Y translation displacement, node 12, m
        153    -1.15767860413E+002                                                     F               0         Blade 1 Z translation displacement, node 12, m
        154     2.42821979523E+000                                                     F               0         Blade 1 X translation displacement, node 13, m
        155    -2.68624992371E+001                                                     F               0         Blade 1 Y translation displacement, node 13, m
        156    -1.23251731873E+002                                                     F               0         Blade 1 Z translation displacement, node 13, m
        157     1.26366043091E+000                                                     F               0         Blade 1 X translation displacement, node 14, m
        158    -2.79338188171E+001                                                     F               0         Blade 1 Y translation displacement, node 14, m
        159    -1.30735595703E+002                                                     F               0         Blade 1 Z translation displacement, node 14, m
        160     9.88856181502E-002                                                     F               0         Blade 1 X translation displacement, node 15, m
        161    -2.90053367615E+001                                                     F               0         Blade 1 Y translation displacement, node 15, m
        162    -1.38220809937E+002                                                     F               0         Blade 1 Z translation displacement, node 15, m
        163    -1.06567442417E+000                                                     F               0         Blade 1 X translation displacement, node 16, m
        164    -3.00766582489E+001                                                     F               0         Blade 1 Y translation displacement, node 16, m
        165    -1.45704681396E+002                                                     F               0         Blade 1 Z translation displacement, node 16, m
        166    -2.23023891449E+000                                                     F               0         Blade 1 X translation displacement, node 17, m
        167    -3.11479854584E+001                                                     F               0         Blade 1 Y translation displacement, node 17, m
        168    -1.53188552856E+002                                                     F               0         Blade 1 Z translation displacement, node 17, m
        169    -3.39479923248E+000                                                     F               0         Blade 1 X translation displacement, node 18, m
        170    -3.22193069458E+001                                                     F               0         Blade 1 Y translation displacement, node 18, m
        171    -1.60672424316E+002                                                     F               0         Blade 1 Z translation displacement, node 18, m
        172    -4.55956697464E+000                                                     F               0         Blade 1 X translation displacement, node 19, m
        173    -3.32908172607E+001                                                     F               0         Blade 1 Y translation displacement, node 19, m
        174    -1.68157608032E+002                                                     F               0         Blade 1 Z translation displacement, node 19, m
        175    -5.72413158417E+000                                                     F               0         Blade 1 X translation displacement, node 20, m
        176    -3.43621406555E+001                                                     F               0         Blade 1 Y translation displacement, node 20, m
        177    -1.75641479492E+002                                                     F               0         Blade 1 Z translation displacement, node 20, m
        178    -6.88869190216E+000                                                     F               0         Blade 1 X translation displacement, node 21, m
        179    -3.54334640503E+001                                                     F               0         Blade 1 Y translation displacement, node 21, m
        180    -1.83125350952E+002                                                     F               0         Blade 1 Z translation displacement, node 21, m
        181    -8.05346393585E+000                                                     F               0         Blade 1 X translation displacement, node 22, m
        182    -3.65049781799E+001                                                     F               0         Blade 1 Y translation displacement, node 22, m
        183    -1.90610565186E+002                                                     F               0         Blade 1 Z translation displacement, node 22, m
        184    -9.21802902222E+000                                                     F               0         Blade 1 X translation displacement, node 23, m
        185    -3.75763053894E+001                                                     F               0         Blade 1 Y translation displacement, node 23, m
        186    -1.98094436646E+002                                                     F               0         Blade 1 Z translation displacement, node 23, m
        187    -1.03825893402E+001                                                     F               0         Blade 1 X translation displacement, node 24, m
        188    -3.86476249695E+001                                                     F               0         Blade 1 Y translation displacement, node 24, m
        189    -2.05578292847E+002                                                     F               0         Blade 1 Z translation displacement, node 24, m
        190    -1.15471487045E+001                                                     F               0         Blade 1 X translation displacement, node 25, m
        191    -3.97189483643E+001                                                     F               0         Blade 1 Y translation displacement, node 25, m
        192    -2.13062164307E+002                                                     F               0         Blade 1 Z translation displacement, node 25, m
        193    -1.27119216919E+001                                                     F               0         Blade 1 X translation displacement, node 26, m
        194    -4.07904624939E+001                                                     F               0         Blade 1 Y translation displacement, node 26, m
        195    -2.20547393799E+002                                                     F               0         Blade 1 Z translation displacement, node 26, m
        196    -1.38764810562E+001                                                     F               0         Blade 1 X translation displacement, node 27, m
        197    -4.18617820740E+001                                                     F               0         Blade 1 Y translation displacement, node 27, m
        198    -2.28031234741E+002                                                     F               0         Blade 1 Z translation displacement, node 27, m
        199    -1.48637809753E+001                                                     F               0         Blade 1 X translation displacement, node 28, m
        200    -4.27700347900E+001                                                     F               0         Blade 1 Y translation displacement, node 28, m
        201    -2.34375946045E+002                                                     F               0         Blade 1 Z translation displacement, node 28, m
        202     6.64658725262E-001,   6.67567491531E-001,  -3.35533052683E-001         F               0         Blade 1 X orientation angle, node 1, rad
        203     7.20820784569E-001,  -6.91101372242E-001,   5.28800785542E-002         F               0         Blade 1 Y orientation angle, node 1, rad
        204    -1.96586340666E-001,  -2.77006387711E-001,  -9.40543055534E-001         F               0         Blade 1 Z orientation angle, node 1, rad
        205     6.64658725262E-001,   6.67567491531E-001,  -3.35533052683E-001         F               0         Blade 1 X orientation angle, node 2, rad
        206     7.20820784569E-001,  -6.91101372242E-001,   5.28800785542E-002         F               0         Blade 1 Y orientation angle, node 2, rad
        207    -1.96586340666E-001,  -2.77006387711E-001,  -9.40543055534E-001         F               0         Blade 1 Z orientation angle, node 2, rad
        208     8.16561222076E-001,   4.84750628471E-001,  -3.13439965248E-001         F               0         Blade 1 X orientation angle, node 3, rad
        209     5.42753756046E-001,  -8.29629004002E-001,   1.30897328258E-001         F               0         Blade 1 Y orientation angle, node 3, rad
        210    -1.96586340666E-001,  -2.77006387711E-001,  -9.40543055534E-001         F               0         Blade 1 Z orientation angle, node 3, rad
        211     8.38750422001E-001,   4.49287712574E-001,  -3.07633370161E-001         F               0         Blade 1 X orientation angle, node 4, rad
        212     5.07790863514E-001,  -8.49357426167E-001,   1.44015401602E-001         F               0         Blade 1 Y orientation angle, node 4, rad
        213    -1.96586340666E-001,  -2.77006387711E-001,  -9.40543055534E-001         F               0         Blade 1 Z orientation angle, node 4, rad
        214     8.55125188828E-001,   4.20880109072E-001,  -3.02689373493E-001         F               0         Blade 1 X orientation angle, node 5, rad
        215     4.79702770710E-001,  -8.63786637783E-001,   1.54135867953E-001         F               0         Blade 1 Y orientation angle, node 5, rad
        216    -1.96586340666E-001,  -2.77006387711E-001,  -9.40543055534E-001         F               0         Blade 1 Z orientation angle, node 5, rad
        217     8.67548823357E-001,   3.97819280624E-001,  -2.98494279385E-001         F               0         Blade 1 X orientation angle, node 6, rad
        218     4.56851005554E-001,  -8.74646961689E-001,   1.62110731006E-001         F               0         Blade 1 Y orientation angle, node 6, rad
        219    -1.96586340666E-001,  -2.77006387711E-001,  -9.40543055534E-001         F               0         Blade 1 Z orientation angle, node 6, rad
        220     8.77308547497E-001,   3.78644317389E-001,  -2.94886827469E-001         F               0         Blade 1 X orientation angle, node 7, rad
        221     4.37816828489E-001,  -8.83117198944E-001,   1.68583780527E-001         F               0         Blade 1 Y orientation angle, node 7, rad
        222    -1.96586340666E-001,  -2.77006387711E-001,  -9.40543055534E-001         F               0         Blade 1 Z orientation angle, node 7, rad
        223     8.85110557079E-001,   3.62552970648E-001,  -2.91778385639E-001         F               0         Blade 1 X orientation angle, node 8, rad
        224     4.21821177006E-001,  -8.89844238758E-001,   1.73908323050E-001         F               0         Blade 1 Y orientation angle, node 8, rad
        225    -1.96586340666E-001,  -2.77006387711E-001,  -9.40543055534E-001         F               0         Blade 1 Z orientation angle, node 8, rad
        226     8.91484618187E-001,   3.48843723536E-001,  -2.89073050022E-001         F               0         Blade 1 X orientation angle, node 9, rad
        227     4.08177644014E-001,  -8.95307481289E-001,   1.78369119763E-001         F               0         Blade 1 Y orientation angle, node 9, rad
        228    -1.96586310863E-001,  -2.77006477118E-001,  -9.40543055534E-001         F               0         Blade 1 Z orientation angle, node 9, rad
        229     8.96820306778E-001,   3.36937576532E-001,  -2.86681681871E-001         F               0         Blade 1 X orientation angle, node 10, rad
        230     3.96316975355E-001,  -8.99855852127E-001,   1.82187631726E-001         F               0         Blade 1 Y orientation angle, node 10, rad
        231    -1.96586340666E-001,  -2.77006387711E-001,  -9.40543055534E-001         F               0         Blade 1 Z orientation angle, node 10, rad
        232     9.01258587837E-001,   3.26707571745E-001,  -2.84596443176E-001         F               0         Blade 1 X orientation angle, node 11, rad
        233     3.86117577553E-001,  -9.03620302677E-001,   1.85428172350E-001         F               0         Blade 1 Y orientation angle, node 11, rad
        234    -1.96586325765E-001,  -2.77006417513E-001,  -9.40543055534E-001         F               0         Blade 1 Z orientation angle, node 11, rad
        235     9.05055165291E-001,   3.17701995373E-001,  -2.82737672329E-001         F               0         Blade 1 X orientation angle, node 12, rad
        236     3.77132564783E-001,  -9.06825721264E-001,   1.88250198960E-001         F               0         Blade 1 Y orientation angle, node 12, rad
        237    -1.96586340666E-001,  -2.77006387711E-001,  -9.40543055534E-001         F               0         Blade 1 Z orientation angle, node 12, rad
        238     9.08311784267E-001,   3.09776455164E-001,  -2.81084150076E-001         F               0         Blade 1 X orientation angle, node 13, rad
        239     3.69220197201E-001,  -9.09563660622E-001,   1.90710350871E-001         F               0         Blade 1 Y orientation angle, node 13, rad
        240    -1.96586340666E-001,  -2.77006387711E-001,  -9.40543055534E-001         F               0         Blade 1 Z orientation angle, node 13, rad
        241     9.11183536053E-001,   3.02623271942E-001,  -2.79577642679E-001         F               0         Blade 1 X orientation angle, node 14, rad
        242     3.62075030804E-001,  -9.11968529224E-001,   1.92912057042E-001         F               0         Blade 1 Y orientation angle, node 14, rad
        243    -1.96586340666E-001,  -2.77006387711E-001,  -9.40543055534E-001         F               0         Blade 1 Z orientation angle, node 14, rad
        244     9.13689076900E-001,   2.96249210835E-001,  -2.78224080801E-001         F               0         Blade 1 X orientation angle, node 15, rad
        245     3.55704993010E-001,  -9.14058983326E-001,   1.94859266281E-001         F               0         Blade 1 Y orientation angle, node 15, rad
        246    -1.96586310863E-001,  -2.77006477118E-001,  -9.40543055534E-001         F               0         Blade 1 Z orientation angle, node 15, rad
        247     9.15906012058E-001,   2.90500193834E-001,  -2.76994258165E-001         F               0         Blade 1 X orientation angle, node 16, rad
