
Linearized model: Predictions were generated on 12-Jan-2024 at 09:28:28 using OpenFAST, compiled as a 64-bit application using single precision at commit v3.5.1
 linked with  NWTC Subroutine Library; ElastoDyn; InflowWind; AeroDyn; ServoDyn; HydroDyn; MAP++ (<1.20.10>, <Oct-20-2023>)

Description from the FAST input file: CCT-9 Campign 4 model. Input files to be run with OpenFAST 3.5.0. GitHub branch from Lu Wang (https://github.com/luwang00/openfast/tree/dev) compiled on March 7, 2023.

Simulation information:
   Simulation time:                   507.4250 s
   Rotor Speed:                         0.8780 rad/s
   Azimuth:                             4.0869 rad
   Wind Speed:                         10.0000 m/s
   Number of continuous states:         0
   Number of discrete states:           0
   Number of constraint states:         0
   Number of inputs:                 1746
   Number of outputs:                   4
   Jacobians included in this file?    No

Order of inputs:
     Column   Operating Point                     Rotating Frame? Derivative Order Description
   ---------- ---------------                     --------------- ---------------- -----------
          1    1.099E+01                                 F               0         Tower X translation displacement, node 1, m
          2   -1.212E+00                                 F               0         Tower Y translation displacement, node 1, m
          3   -3.092E-01                                 F               0         Tower Z translation displacement, node 1, m
          4    1.245E+01                                 F               0         Tower X translation displacement, node 2, m
          5   -1.789E+00                                 F               0         Tower Y translation displacement, node 2, m
          6   -4.103E-01                                 F               0         Tower Z translation displacement, node 2, m
          7    1.395E+01                                 F               0         Tower X translation displacement, node 3, m
          8   -2.372E+00                                 F               0         Tower Y translation displacement, node 3, m
          9   -5.146E-01                                 F               0         Tower Z translation displacement, node 3, m
         10    1.546E+01                                 F               0         Tower X translation displacement, node 4, m
         11   -2.960E+00                                 F               0         Tower Y translation displacement, node 4, m
         12   -6.214E-01                                 F               0         Tower Z translation displacement, node 4, m
         13    1.698E+01                                 F               0         Tower X translation displacement, node 5, m
         14   -3.551E+00                                 F               0         Tower Y translation displacement, node 5, m
         15   -7.303E-01                                 F               0         Tower Z translation displacement, node 5, m
         16    1.852E+01                                 F               0         Tower X translation displacement, node 6, m
         17   -4.145E+00                                 F               0         Tower Y translation displacement, node 6, m
         18   -8.409E-01                                 F               0         Tower Z translation displacement, node 6, m
         19    2.007E+01                                 F               0         Tower X translation displacement, node 7, m
         20   -4.742E+00                                 F               0         Tower Y translation displacement, node 7, m
         21   -9.528E-01                                 F               0         Tower Z translation displacement, node 7, m
         22    2.163E+01                                 F               0         Tower X translation displacement, node 8, m
         23   -5.341E+00                                 F               0         Tower Y translation displacement, node 8, m
         24   -1.066E+00                                 F               0         Tower Z translation displacement, node 8, m
         25    2.319E+01                                 F               0         Tower X translation displacement, node 9, m
         26   -5.942E+00                                 F               0         Tower Y translation displacement, node 9, m
         27   -1.179E+00                                 F               0         Tower Z translation displacement, node 9, m
         28    2.475E+01                                 F               0         Tower X translation displacement, node 10, m
         29   -6.543E+00                                 F               0         Tower Y translation displacement, node 10, m
         30   -1.294E+00                                 F               0         Tower Z translation displacement, node 10, m
         31    2.632E+01                                 F               0         Tower X translation displacement, node 11, m
         32   -7.146E+00                                 F               0         Tower Y translation displacement, node 11, m
         33   -1.408E+00                                 F               0         Tower Z translation displacement, node 11, m
         34    9.930E-01,  1.017E-02, -1.177E-01         F               0         Tower X orientation angle, node 1, rad
         35   -4.610E-03,  9.989E-01,  4.744E-02         F               0         Tower Y orientation angle, node 1, rad
         36    1.180E-01, -4.656E-02,  9.919E-01         F               0         Tower Z orientation angle, node 1, rad
         37    9.928E-01,  1.026E-02, -1.195E-01         F               0         Tower X orientation angle, node 2, rad
         38   -4.558E-03,  9.988E-01,  4.787E-02         F               0         Tower Y orientation angle, node 2, rad
         39    1.199E-01, -4.698E-02,  9.917E-01         F               0         Tower Z orientation angle, node 2, rad
         40    9.926E-01,  1.034E-02, -1.212E-01         F               0         Tower X orientation angle, node 3, rad
         41   -4.510E-03,  9.988E-01,  4.826E-02         F               0         Tower Y orientation angle, node 3, rad
         42    1.215E-01, -4.736E-02,  9.915E-01         F               0         Tower Z orientation angle, node 3, rad
         43    9.924E-01,  1.040E-02, -1.225E-01         F               0         Tower X orientation angle, node 4, rad
         44   -4.468E-03,  9.988E-01,  4.860E-02         F               0         Tower Y orientation angle, node 4, rad
         45    1.229E-01, -4.769E-02,  9.913E-01         F               0         Tower Z orientation angle, node 4, rad
         46    9.923E-01,  1.046E-02, -1.237E-01         F               0         Tower X orientation angle, node 5, rad
         47   -4.431E-03,  9.988E-01,  4.890E-02         F               0         Tower Y orientation angle, node 5, rad
         48    1.240E-01, -4.797E-02,  9.911E-01         F               0         Tower Z orientation angle, node 5, rad
         49    9.922E-01,  1.050E-02, -1.246E-01         F               0         Tower X orientation angle, node 6, rad
         50   -4.401E-03,  9.988E-01,  4.914E-02         F               0         Tower Y orientation angle, node 6, rad
         51    1.249E-01, -4.821E-02,  9.910E-01         F               0         Tower Z orientation angle, node 6, rad
         52    9.921E-01,  1.053E-02, -1.252E-01         F               0         Tower X orientation angle, node 7, rad
         53   -4.376E-03,  9.988E-01,  4.934E-02         F               0         Tower Y orientation angle, node 7, rad
         54    1.256E-01, -4.840E-02,  9.909E-01         F               0         Tower Z orientation angle, node 7, rad
         55    9.920E-01,  1.056E-02, -1.257E-01         F               0         Tower X orientation angle, node 8, rad
         56   -4.357E-03,  9.988E-01,  4.949E-02         F               0         Tower Y orientation angle, node 8, rad
         57    1.261E-01, -4.855E-02,  9.908E-01         F               0         Tower Z orientation angle, node 8, rad
         58    9.920E-01,  1.058E-02, -1.261E-01         F               0         Tower X orientation angle, node 9, rad
         59   -4.342E-03,  9.988E-01,  4.960E-02         F               0         Tower Y orientation angle, node 9, rad
         60    1.265E-01, -4.866E-02,  9.908E-01         F               0         Tower Z orientation angle, node 9, rad
         61    9.919E-01,  1.059E-02, -1.263E-01         F               0         Tower X orientation angle, node 10, rad
         62   -4.333E-03,  9.988E-01,  4.968E-02         F               0         Tower Y orientation angle, node 10, rad
         63    1.267E-01, -4.873E-02,  9.907E-01         F               0         Tower Z orientation angle, node 10, rad
         64    9.919E-01,  1.059E-02, -1.264E-01         F               0         Tower X orientation angle, node 11, rad
         65   -4.328E-03,  9.988E-01,  4.972E-02         F               0         Tower Y orientation angle, node 11, rad
         66    1.268E-01, -4.877E-02,  9.907E-01         F               0         Tower Z orientation angle, node 11, rad
         67   -5.179E-03                                 F               0         Tower X translation velocity, node 1, m/s
         68    7.446E-03                                 F               0         Tower Y translation velocity, node 1, m/s
         69    5.025E-03                                 F               0         Tower Z translation velocity, node 1, m/s
         70   -5.354E-03                                 F               0         Tower X translation velocity, node 2, m/s
         71    1.221E-02                                 F               0         Tower Y translation velocity, node 2, m/s
         72    5.271E-03                                 F               0         Tower Z translation velocity, node 2, m/s
         73   -5.431E-03                                 F               0         Tower X translation velocity, node 3, m/s
         74    1.709E-02                                 F               0         Tower Y translation velocity, node 3, m/s
         75    5.512E-03                                 F               0         Tower Z translation velocity, node 3, m/s
         76   -5.431E-03                                 F               0         Tower X translation velocity, node 4, m/s
         77    2.206E-02                                 F               0         Tower Y translation velocity, node 4, m/s
         78    5.750E-03                                 F               0         Tower Z translation velocity, node 4, m/s
         79   -5.364E-03                                 F               0         Tower X translation velocity, node 5, m/s
         80    2.710E-02                                 F               0         Tower Y translation velocity, node 5, m/s
         81    5.986E-03                                 F               0         Tower Z translation velocity, node 5, m/s
         82   -5.241E-03                                 F               0         Tower X translation velocity, node 6, m/s
         83    3.222E-02                                 F               0         Tower Y translation velocity, node 6, m/s
         84    6.218E-03                                 F               0         Tower Z translation velocity, node 6, m/s
         85   -5.074E-03                                 F               0         Tower X translation velocity, node 7, m/s
         86    3.738E-02                                 F               0         Tower Y translation velocity, node 7, m/s
         87    6.449E-03                                 F               0         Tower Z translation velocity, node 7, m/s
         88   -4.870E-03                                 F               0         Tower X translation velocity, node 8, m/s
         89    4.259E-02                                 F               0         Tower Y translation velocity, node 8, m/s
         90    6.678E-03                                 F               0         Tower Z translation velocity, node 8, m/s
         91   -4.636E-03                                 F               0         Tower X translation velocity, node 9, m/s
         92    4.783E-02                                 F               0         Tower Y translation velocity, node 9, m/s
         93    6.905E-03                                 F               0         Tower Z translation velocity, node 9, m/s
         94   -4.383E-03                                 F               0         Tower X translation velocity, node 10, m/s
         95    5.311E-02                                 F               0         Tower Y translation velocity, node 10, m/s
         96    7.132E-03                                 F               0         Tower Z translation velocity, node 10, m/s
         97   -4.117E-03                                 F               0         Tower X translation velocity, node 11, m/s
         98    5.839E-02                                 F               0         Tower Y translation velocity, node 11, m/s
         99    7.358E-03                                 F               0         Tower Z translation velocity, node 11, m/s
        100    2.740E+01                                 F               0         Hub X translation displacement, node 1, m
        101   -7.643E+00                                 F               0         Hub Y translation displacement, node 1, m
        102   -1.156E-01                                 F               0         Hub Z translation displacement, node 1, m
        103    9.732E-01,  1.563E-02, -2.293E-01         F               0         Hub X orientation angle, node 1, rad
        104   -1.837E-01, -5.464E-01, -8.172E-01         F               0         Hub Y orientation angle, node 1, rad
        105   -1.380E-01,  8.374E-01, -5.289E-01         F               0         Hub Z orientation angle, node 1, rad
        106    8.541E-01                                 F               0         Hub X rotation velocity, node 1, rad/s
        107    1.374E-02                                 F               0         Hub Y rotation velocity, node 1, rad/s
        108   -2.011E-01                                 F               0         Hub Z rotation velocity, node 1, rad/s
        109    9.783E-01,  3.183E-02, -2.049E-01         F               0         Blade root 1 X orientation angle, node 1, rad
        110   -1.548E-01, -5.457E-01, -8.236E-01         F               0         Blade root 1 Y orientation angle, node 1, rad
        111   -1.380E-01,  8.374E-01, -5.289E-01         F               0         Blade root 1 Z orientation angle, node 1, rad
        112    9.736E-01, -1.400E-02, -2.277E-01         F               0         Blade root 2 X orientation angle, node 1, rad
        113    1.205E-03,  9.984E-01, -5.621E-02         F               0         Blade root 2 Y orientation angle, node 1, rad
        114    2.281E-01,  5.446E-02,  9.721E-01         F               0         Blade root 2 Z orientation angle, node 1, rad
        115    9.665E-01,  2.903E-02, -2.549E-01         F               0         Blade root 3 X orientation angle, node 1, rad
        116    2.402E-01, -4.514E-01,  8.594E-01         F               0         Blade root 3 Y orientation angle, node 1, rad
        117   -9.009E-02, -8.919E-01, -4.432E-01         F               0         Blade root 3 Z orientation angle, node 1, rad
        118    2.605E+01                                 F               0         Blade 1 X translation displacement, node 1, m
        119   -3.004E+00                                 F               0         Blade 1 Y translation displacement, node 1, m
        120   -8.555E+00                                 F               0         Blade 1 Z translation displacement, node 1, m
        121    2.573E+01                                 F               0         Blade 1 X translation displacement, node 2, m
        122   -1.886E+00                                 F               0         Blade 1 Y translation displacement, node 2, m
        123   -1.059E+01                                 F               0         Blade 1 Z translation displacement, node 2, m
        124    2.133E+01                                 F               0         Blade 1 X translation displacement, node 3, m
        125    1.332E+01                                 F               0         Blade 1 Y translation displacement, node 3, m
        126   -3.824E+01                                 F               0         Blade 1 Z translation displacement, node 3, m
        127    2.039E+01                                 F               0         Blade 1 X translation displacement, node 4, m
        128    1.655E+01                                 F               0         Blade 1 Y translation displacement, node 4, m
        129   -4.413E+01                                 F               0         Blade 1 Z translation displacement, node 4, m
        130    1.945E+01                                 F               0         Blade 1 X translation displacement, node 5, m
        131    1.979E+01                                 F               0         Blade 1 Y translation displacement, node 5, m
        132   -5.003E+01                                 F               0         Blade 1 Z translation displacement, node 5, m
        133    1.851E+01                                 F               0         Blade 1 X translation displacement, node 6, m
        134    2.303E+01                                 F               0         Blade 1 Y translation displacement, node 6, m
        135   -5.592E+01                                 F               0         Blade 1 Z translation displacement, node 6, m
        136    1.758E+01                                 F               0         Blade 1 X translation displacement, node 7, m
        137    2.627E+01                                 F               0         Blade 1 Y translation displacement, node 7, m
        138   -6.181E+01                                 F               0         Blade 1 Z translation displacement, node 7, m
        139    1.664E+01                                 F               0         Blade 1 X translation displacement, node 8, m
        140    2.951E+01                                 F               0         Blade 1 Y translation displacement, node 8, m
        141   -6.770E+01                                 F               0         Blade 1 Z translation displacement, node 8, m
        142    1.570E+01                                 F               0         Blade 1 X translation displacement, node 9, m
        143    3.275E+01                                 F               0         Blade 1 Y translation displacement, node 9, m
        144   -7.359E+01                                 F               0         Blade 1 Z translation displacement, node 9, m
        145    1.476E+01                                 F               0         Blade 1 X translation displacement, node 10, m
        146    3.599E+01                                 F               0         Blade 1 Y translation displacement, node 10, m
        147   -7.949E+01                                 F               0         Blade 1 Z translation displacement, node 10, m
        148    1.382E+01                                 F               0         Blade 1 X translation displacement, node 11, m
        149    3.923E+01                                 F               0         Blade 1 Y translation displacement, node 11, m
        150   -8.538E+01                                 F               0         Blade 1 Z translation displacement, node 11, m
        151    1.288E+01                                 F               0         Blade 1 X translation displacement, node 12, m
        152    4.246E+01                                 F               0         Blade 1 Y translation displacement, node 12, m
        153   -9.127E+01                                 F               0         Blade 1 Z translation displacement, node 12, m
        154    1.195E+01                                 F               0         Blade 1 X translation displacement, node 13, m
        155    4.570E+01                                 F               0         Blade 1 Y translation displacement, node 13, m
        156   -9.716E+01                                 F               0         Blade 1 Z translation displacement, node 13, m
        157    1.101E+01                                 F               0         Blade 1 X translation displacement, node 14, m
        158    4.894E+01                                 F               0         Blade 1 Y translation displacement, node 14, m
        159   -1.031E+02                                 F               0         Blade 1 Z translation displacement, node 14, m
        160    1.007E+01                                 F               0         Blade 1 X translation displacement, node 15, m
        161    5.218E+01                                 F               0         Blade 1 Y translation displacement, node 15, m
        162   -1.089E+02                                 F               0         Blade 1 Z translation displacement, node 15, m
        163    9.132E+00                                 F               0         Blade 1 X translation displacement, node 16, m
        164    5.542E+01                                 F               0         Blade 1 Y translation displacement, node 16, m
        165   -1.148E+02                                 F               0         Blade 1 Z translation displacement, node 16, m
        166    8.194E+00                                 F               0         Blade 1 X translation displacement, node 17, m
        167    5.866E+01                                 F               0         Blade 1 Y translation displacement, node 17, m
        168   -1.207E+02                                 F               0         Blade 1 Z translation displacement, node 17, m
        169    7.256E+00                                 F               0         Blade 1 X translation displacement, node 18, m
        170    6.190E+01                                 F               0         Blade 1 Y translation displacement, node 18, m
        171   -1.266E+02                                 F               0         Blade 1 Z translation displacement, node 18, m
        172    6.317E+00                                 F               0         Blade 1 X translation displacement, node 19, m
        173    6.514E+01                                 F               0         Blade 1 Y translation displacement, node 19, m
        174   -1.325E+02                                 F               0         Blade 1 Z translation displacement, node 19, m
        175    5.379E+00                                 F               0         Blade 1 X translation displacement, node 20, m
        176    6.838E+01                                 F               0         Blade 1 Y translation displacement, node 20, m
        177   -1.384E+02                                 F               0         Blade 1 Z translation displacement, node 20, m
        178    4.441E+00                                 F               0         Blade 1 X translation displacement, node 21, m
        179    7.161E+01                                 F               0         Blade 1 Y translation displacement, node 21, m
        180   -1.443E+02                                 F               0         Blade 1 Z translation displacement, node 21, m
        181    3.503E+00                                 F               0         Blade 1 X translation displacement, node 22, m
        182    7.485E+01                                 F               0         Blade 1 Y translation displacement, node 22, m
        183   -1.502E+02                                 F               0         Blade 1 Z translation displacement, node 22, m
        184    2.565E+00                                 F               0         Blade 1 X translation displacement, node 23, m
        185    7.809E+01                                 F               0         Blade 1 Y translation displacement, node 23, m
        186   -1.561E+02                                 F               0         Blade 1 Z translation displacement, node 23, m
        187    1.627E+00                                 F               0         Blade 1 X translation displacement, node 24, m
        188    8.133E+01                                 F               0         Blade 1 Y translation displacement, node 24, m
        189   -1.620E+02                                 F               0         Blade 1 Z translation displacement, node 24, m
        190    6.884E-01                                 F               0         Blade 1 X translation displacement, node 25, m
        191    8.457E+01                                 F               0         Blade 1 Y translation displacement, node 25, m
        192   -1.679E+02                                 F               0         Blade 1 Z translation displacement, node 25, m
        193   -2.498E-01                                 F               0         Blade 1 X translation displacement, node 26, m
        194    8.781E+01                                 F               0         Blade 1 Y translation displacement, node 26, m
        195   -1.738E+02                                 F               0         Blade 1 Z translation displacement, node 26, m
        196   -1.188E+00                                 F               0         Blade 1 X translation displacement, node 27, m
        197    9.105E+01                                 F               0         Blade 1 Y translation displacement, node 27, m
        198   -1.797E+02                                 F               0         Blade 1 Z translation displacement, node 27, m
        199   -1.983E+00                                 F               0         Blade 1 X translation displacement, node 28, m
        200    9.379E+01                                 F               0         Blade 1 Y translation displacement, node 28, m
        201   -1.846E+02                                 F               0         Blade 1 Z translation displacement, node 28, m
        202    9.412E-01,  2.772E-01,  1.932E-01         F               0         Blade 1 X orientation angle, node 1, rad
        203    3.084E-01, -4.711E-01, -8.264E-01         F               0         Blade 1 Y orientation angle, node 1, rad
        204   -1.380E-01,  8.374E-01, -5.289E-01         F               0         Blade 1 Z orientation angle, node 1, rad
        205    9.412E-01,  2.772E-01,  1.932E-01         F               0         Blade 1 X orientation angle, node 2, rad
        206    3.084E-01, -4.711E-01, -8.264E-01         F               0         Blade 1 Y orientation angle, node 2, rad
        207   -1.380E-01,  8.374E-01, -5.289E-01         F               0         Blade 1 Z orientation angle, node 2, rad
        208    9.875E-01,  1.576E-01, -8.180E-03         F               0         Blade 1 X orientation angle, node 3, rad
        209    7.650E-02, -5.234E-01, -8.487E-01         F               0         Blade 1 Y orientation angle, node 3, rad
        210   -1.380E-01,  8.374E-01, -5.289E-01         F               0         Blade 1 Z orientation angle, node 3, rad
        211    9.898E-01,  1.354E-01, -4.401E-02         F               0         Blade 1 X orientation angle, node 4, rad
        212    3.474E-02, -5.296E-01, -8.476E-01         F               0         Blade 1 Y orientation angle, node 4, rad
        213   -1.380E-01,  8.374E-01, -5.289E-01         F               0         Blade 1 Z orientation angle, node 4, rad
        214    9.904E-01,  1.177E-01, -7.208E-02         F               0         Blade 1 X orientation angle, node 5, rad
        215    1.900E-03, -5.338E-01, -8.456E-01         F               0         Blade 1 Y orientation angle, node 5, rad
        216   -1.380E-01,  8.374E-01, -5.289E-01         F               0         Blade 1 Z orientation angle, node 5, rad
        217    9.901E-01,  1.035E-01, -9.449E-02         F               0         Blade 1 X orientation angle, node 6, rad
        218   -2.437E-02, -5.367E-01, -8.434E-01         F               0         Blade 1 Y orientation angle, node 6, rad
        219   -1.380E-01,  8.374E-01, -5.289E-01         F               0         Blade 1 Z orientation angle, node 6, rad
        220    9.894E-01,  9.180E-02, -1.129E-01         F               0         Blade 1 X orientation angle, node 7, rad
        221   -4.597E-02, -5.388E-01, -8.412E-01         F               0         Blade 1 Y orientation angle, node 7, rad
        222   -1.380E-01,  8.374E-01, -5.289E-01         F               0         Blade 1 Z orientation angle, node 7, rad
        223    9.884E-01,  8.200E-02, -1.281E-01         F               0         Blade 1 X orientation angle, node 8, rad
        224   -6.392E-02, -5.404E-01, -8.390E-01         F               0         Blade 1 Y orientation angle, node 8, rad
        225   -1.380E-01,  8.374E-01, -5.289E-01         F               0         Blade 1 Z orientation angle, node 8, rad
        226    9.873E-01,  7.369E-02, -1.410E-01         F               0         Blade 1 X orientation angle, node 9, rad
        227   -7.909E-02, -5.416E-01, -8.369E-01         F               0         Blade 1 Y orientation angle, node 9, rad
        228   -1.380E-01,  8.374E-01, -5.289E-01         F               0         Blade 1 Z orientation angle, node 9, rad
        229    9.861E-01,  6.650E-02, -1.521E-01         F               0         Blade 1 X orientation angle, node 10, rad
        230   -9.218E-02, -5.425E-01, -8.350E-01         F               0         Blade 1 Y orientation angle, node 10, rad
        231   -1.380E-01,  8.374E-01, -5.289E-01         F               0         Blade 1 Z orientation angle, node 10, rad
        232    9.850E-01,  6.035E-02, -1.615E-01         F               0         Blade 1 X orientation angle, node 11, rad
        233   -1.034E-01, -5.432E-01, -8.332E-01         F               0         Blade 1 Y orientation angle, node 11, rad
        234   -1.380E-01,  8.374E-01, -5.289E-01         F               0         Blade 1 Z orientation angle, node 11, rad
        235    9.839E-01,  5.494E-02, -1.698E-01         F               0         Blade 1 X orientation angle, node 12, rad
        236   -1.132E-01, -5.438E-01, -8.315E-01         F               0         Blade 1 Y orientation angle, node 12, rad
        237   -1.380E-01,  8.374E-01, -5.289E-01         F               0         Blade 1 Z orientation angle, node 12, rad
        238    9.829E-01,  5.019E-02, -1.771E-01         F               0         Blade 1 X orientation angle, node 13, rad
        239   -1.217E-01, -5.443E-01, -8.300E-01         F               0         Blade 1 Y orientation angle, node 13, rad
        240   -1.380E-01,  8.374E-01, -5.289E-01         F               0         Blade 1 Z orientation angle, node 13, rad
        241    9.819E-01,  4.591E-02, -1.836E-01         F               0         Blade 1 X orientation angle, node 14, rad
        242   -1.294E-01, -5.446E-01, -8.286E-01         F               0         Blade 1 Y orientation angle, node 14, rad
        243   -1.380E-01,  8.374E-01, -5.289E-01         F               0         Blade 1 Z orientation angle, node 14, rad
        244    9.810E-01,  4.211E-02, -1.894E-01         F               0         Blade 1 X orientation angle, node 15, rad
        245   -1.363E-01, -5.450E-01, -8.273E-01         F               0         Blade 1 Y orientation angle, node 15, rad
        246   -1.380E-01,  8.374E-01, -5.289E-01         F               0         Blade 1 Z orientation angle, node 15, rad
        247    9.801E-01,  3.869E-02, -1.946E-01         F               0         Blade 1 X orientation angle, node 16, rad
        248   -1.425E-01, -5.452E-01, -8.261E-01         F               0         Blade 1 Y orientation angle, node 16, rad
        249   -1.380E-01,  8.374E-01, -5.289E-01         F               0         Blade 1 Z orientation angle, node 16, rad
        250    9.793E-01,  3.564E-02, -1.992E-01         F               0         Blade 1 X orientation angle, node 17, rad
        251   -1.479E-01, -5.454E-01, -8.250E-01         F               0         Blade 1 Y orientation angle, node 17, rad
        252   -1.380E-01,  8.374E-01, -5.289E-01         F               0         Blade 1 Z orientation angle, node 17, rad
        253    9.785E-01,  3.278E-02, -2.035E-01         F               0         Blade 1 X orientation angle, node 18, rad
        254   -1.531E-01, -5.456E-01, -8.240E-01         F               0         Blade 1 Y orientation angle, node 18, rad
        255   -1.380E-01,  8.374E-01, -5.289E-01         F               0         Blade 1 Z orientation angle, node 18, rad
        256    9.778E-01,  3.021E-02, -2.074E-01         F               0         Blade 1 X orientation angle, node 19, rad
        257   -1.577E-01, -5.457E-01, -8.230E-01         F               0         Blade 1 Y orientation angle, node 19, rad
        258   -1.380E-01,  8.374E-01, -5.289E-01         F               0         Blade 1 Z orientation angle, node 19, rad
        259    9.771E-01,  2.793E-02, -2.108E-01         F               0         Blade 1 X orientation angle, node 20, rad
        260   -1.618E-01, -5.459E-01, -8.221E-01         F               0         Blade 1 Y orientation angle, node 20, rad
        261   -1.380E-01,  8.374E-01, -5.289E-01         F               0         Blade 1 Z orientation angle, node 20, rad
        262    9.765E-01,  2.573E-02, -2.141E-01         F               0         Blade 1 X orientation angle, node 21, rad
        263   -1.657E-01, -5.460E-01, -8.213E-01         F               0         Blade 1 Y orientation angle, node 21, rad
        264   -1.380E-01,  8.374E-01, -5.289E-01         F               0         Blade 1 Z orientation angle, node 21, rad
        265    9.759E-01,  2.373E-02, -2.171E-01         F               0         Blade 1 X orientation angle, node 22, rad
        266   -1.693E-01, -5.461E-01, -8.205E-01         F               0         Blade 1 Y orientation angle, node 22, rad
        267   -1.380E-01,  8.374E-01, -5.289E-01         F               0         Blade 1 Z orientation angle, node 22, rad
        268    9.753E-01,  2.192E-02, -2.198E-01         F               0         Blade 1 X orientation angle, node 23, rad
        269   -1.725E-01, -5.461E-01, -8.197E-01         F               0         Blade 1 Y orientation angle, node 23, rad
        270   -1.380E-01,  8.374E-01, -5.289E-01         F               0         Blade 1 Z orientation angle, node 23, rad
        271    9.747E-01,  2.021E-02, -2.224E-01         F               0         Blade 1 X orientation angle, node 24, rad
        272   -1.756E-01, -5.462E-01, -8.190E-01         F               0         Blade 1 Y orientation angle, node 24, rad
        273   -1.380E-01,  8.374E-01, -5.289E-01         F               0         Blade 1 Z orientation angle, node 24, rad
        274    9.742E-01,  1.859E-02, -2.248E-01         F               0         Blade 1 X orientation angle, node 25, rad
        275   -1.785E-01, -5.463E-01, -8.184E-01         F               0         Blade 1 Y orientation angle, node 25, rad
        276   -1.380E-01,  8.374E-01, -5.289E-01         F               0         Blade 1 Z orientation angle, node 25, rad
        277    9.737E-01,  1.716E-02, -2.270E-01         F               0         Blade 1 X orientation angle, node 26, rad
        278   -1.810E-01, -5.463E-01, -8.178E-01         F               0         Blade 1 Y orientation angle, node 26, rad
        279   -1.380E-01,  8.374E-01, -5.289E-01         F               0         Blade 1 Z orientation angle, node 26, rad
        280    9.733E-01,  1.573E-02, -2.291E-01         F               0         Blade 1 X orientation angle, node 27, rad
        281   -1.836E-01, -5.464E-01, -8.172E-01         F               0         Blade 1 Y orientation angle, node 27, rad
        282   -1.380E-01,  8.374E-01, -5.289E-01         F               0         Blade 1 Z orientation angle, node 27, rad
        283    9.730E-01,  1.496E-02, -2.303E-01         F               0         Blade 1 X orientation angle, node 28, rad
        284   -1.849E-01, -5.464E-01, -8.169E-01         F               0         Blade 1 Y orientation angle, node 28, rad
        285   -1.380E-01,  8.374E-01, -5.289E-01         F               0         Blade 1 Z orientation angle, node 28, rad
        286    8.890E-01                                 F               0         Blade 1 X translation velocity, node 1, m/s
        287    2.717E+00                                 F               0         Blade 1 Y translation velocity, node 1, m/s
        288    3.981E+00                                 F               0         Blade 1 Z translation velocity, node 1, m/s
        289    1.104E+00                                 F               0         Blade 1 X translation velocity, node 2, m/s
        290    3.357E+00                                 F               0         Blade 1 Y translation velocity, node 2, m/s
        291    4.938E+00                                 F               0         Blade 1 Z translation velocity, node 2, m/s
        292    4.030E+00                                 F               0         Blade 1 X translation velocity, node 3, m/s
        293    1.206E+01                                 F               0         Blade 1 Y translation velocity, node 3, m/s
        294    1.796E+01                                 F               0         Blade 1 Z translation velocity, node 3, m/s
        295    4.653E+00                                 F               0         Blade 1 X translation velocity, node 4, m/s
        296    1.392E+01                                 F               0         Blade 1 Y translation velocity, node 4, m/s
        297    2.073E+01                                 F               0         Blade 1 Z translation velocity, node 4, m/s
        298    5.277E+00                                 F               0         Blade 1 X translation velocity, node 5, m/s
        299    1.577E+01                                 F               0         Blade 1 Y translation velocity, node 5, m/s
        300    2.350E+01                                 F               0         Blade 1 Z translation velocity, node 5, m/s
        301    5.900E+00                                 F               0         Blade 1 X translation velocity, node 6, m/s
        302    1.762E+01                                 F               0         Blade 1 Y translation velocity, node 6, m/s
        303    2.628E+01                                 F               0         Blade 1 Z translation velocity, node 6, m/s
        304    6.523E+00                                 F               0         Blade 1 X translation velocity, node 7, m/s
        305    1.948E+01                                 F               0         Blade 1 Y translation velocity, node 7, m/s
        306    2.905E+01                                 F               0         Blade 1 Z translation velocity, node 7, m/s
        307    7.147E+00                                 F               0         Blade 1 X translation velocity, node 8, m/s
