
Linearized model: Predictions were generated on 12-Feb-2024 at 15:30:16 using OpenFAST, compiled as a 64-bit application using single precision at commit v3.5.1
 linked with  NWTC Subroutine Library; ElastoDyn; InflowWind; AeroDyn; ServoDyn; HydroDyn; MAP++ (<1.20.10>, <Oct-20-2023>)

Description from the FAST input file: CCT-9 Campign 4 model. Input files to be run with OpenFAST 3.5.0. GitHub branch from Lu Wang (https://github.com/luwang00/openfast/tree/dev) compiled on March 7, 2023.

Simulation information:
   Simulation time:                  1004.4750 s
   Rotor Speed:                         1.0404 rad/s
   Azimuth:                             5.7019 rad
   Wind Speed:                         12.0000 m/s
   Number of continuous states:         0
   Number of discrete states:           0
   Number of constraint states:         0
   Number of inputs:                 1746
   Number of outputs:                   4
   Jacobians included in this file?    No

Order of inputs:
     Column   Operating Point                     Rotating Frame? Derivative Order Description
   ---------- ---------------                     --------------- ---------------- -----------
          1    1.514E+01                                 F               0         Tower X translation displacement, node 1, m
          2   -1.140E+00                                 F               0         Tower Y translation displacement, node 1, m
          3   -5.048E-01                                 F               0         Tower Z translation displacement, node 1, m
          4    1.707E+01                                 F               0         Tower X translation displacement, node 2, m
          5   -1.763E+00                                 F               0         Tower Y translation displacement, node 2, m
          6   -6.724E-01                                 F               0         Tower Z translation displacement, node 2, m
          7    1.903E+01                                 F               0         Tower X translation displacement, node 3, m
          8   -2.392E+00                                 F               0         Tower Y translation displacement, node 3, m
          9   -8.457E-01                                 F               0         Tower Z translation displacement, node 3, m
         10    2.102E+01                                 F               0         Tower X translation displacement, node 4, m
         11   -3.026E+00                                 F               0         Tower Y translation displacement, node 4, m
         12   -1.024E+00                                 F               0         Tower Z translation displacement, node 4, m
         13    2.304E+01                                 F               0         Tower X translation displacement, node 5, m
         14   -3.664E+00                                 F               0         Tower Y translation displacement, node 5, m
         15   -1.205E+00                                 F               0         Tower Z translation displacement, node 5, m
         16    2.507E+01                                 F               0         Tower X translation displacement, node 6, m
         17   -4.306E+00                                 F               0         Tower Y translation displacement, node 6, m
         18   -1.390E+00                                 F               0         Tower Z translation displacement, node 6, m
         19    2.711E+01                                 F               0         Tower X translation displacement, node 7, m
         20   -4.951E+00                                 F               0         Tower Y translation displacement, node 7, m
         21   -1.578E+00                                 F               0         Tower Z translation displacement, node 7, m
         22    2.917E+01                                 F               0         Tower X translation displacement, node 8, m
         23   -5.598E+00                                 F               0         Tower Y translation displacement, node 8, m
         24   -1.767E+00                                 F               0         Tower Z translation displacement, node 8, m
         25    3.123E+01                                 F               0         Tower X translation displacement, node 9, m
         26   -6.246E+00                                 F               0         Tower Y translation displacement, node 9, m
         27   -1.958E+00                                 F               0         Tower Z translation displacement, node 9, m
         28    3.330E+01                                 F               0         Tower X translation displacement, node 10, m
         29   -6.896E+00                                 F               0         Tower Y translation displacement, node 10, m
         30   -2.150E+00                                 F               0         Tower Z translation displacement, node 10, m
         31    3.537E+01                                 F               0         Tower X translation displacement, node 11, m
         32   -7.547E+00                                 F               0         Tower Y translation displacement, node 11, m
         33   -2.342E+00                                 F               0         Tower Z translation displacement, node 11, m
         34    9.879E-01,  1.352E-02, -1.546E-01         F               0         Tower X orientation angle, node 1, rad
         35   -5.572E-03,  9.986E-01,  5.170E-02         F               0         Tower Y orientation angle, node 1, rad
         36    1.551E-01, -5.021E-02,  9.866E-01         F               0         Tower Z orientation angle, node 1, rad
         37    9.875E-01,  1.365E-02, -1.572E-01         F               0         Tower X orientation angle, node 2, rad
         38   -5.493E-03,  9.986E-01,  5.220E-02         F               0         Tower Y orientation angle, node 2, rad
         39    1.577E-01, -5.068E-02,  9.862E-01         F               0         Tower Z orientation angle, node 2, rad
         40    9.871E-01,  1.377E-02, -1.595E-01         F               0         Tower X orientation angle, node 3, rad
         41   -5.421E-03,  9.986E-01,  5.265E-02         F               0         Tower Y orientation angle, node 3, rad
         42    1.600E-01, -5.110E-02,  9.858E-01         F               0         Tower Z orientation angle, node 3, rad
         43    9.868E-01,  1.387E-02, -1.615E-01         F               0         Tower X orientation angle, node 4, rad
         44   -5.357E-03,  9.986E-01,  5.304E-02         F               0         Tower Y orientation angle, node 4, rad
         45    1.620E-01, -5.147E-02,  9.855E-01         F               0         Tower Z orientation angle, node 4, rad
         46    9.865E-01,  1.396E-02, -1.631E-01         F               0         Tower X orientation angle, node 5, rad
         47   -5.301E-03,  9.986E-01,  5.338E-02         F               0         Tower Y orientation angle, node 5, rad
         48    1.636E-01, -5.179E-02,  9.852E-01         F               0         Tower Z orientation angle, node 5, rad
         49    9.863E-01,  1.403E-02, -1.644E-01         F               0         Tower X orientation angle, node 6, rad
         50   -5.254E-03,  9.985E-01,  5.366E-02         F               0         Tower Y orientation angle, node 6, rad
         51    1.650E-01, -5.206E-02,  9.849E-01         F               0         Tower Z orientation angle, node 6, rad
         52    9.861E-01,  1.408E-02, -1.655E-01         F               0         Tower X orientation angle, node 7, rad
         53   -5.216E-03,  9.985E-01,  5.388E-02         F               0         Tower Y orientation angle, node 7, rad
         54    1.660E-01, -5.227E-02,  9.847E-01         F               0         Tower Z orientation angle, node 7, rad
         55    9.860E-01,  1.412E-02, -1.662E-01         F               0         Tower X orientation angle, node 8, rad
         56   -5.187E-03,  9.985E-01,  5.406E-02         F               0         Tower Y orientation angle, node 8, rad
         57    1.667E-01, -5.244E-02,  9.846E-01         F               0         Tower Z orientation angle, node 8, rad
         58    9.859E-01,  1.415E-02, -1.668E-01         F               0         Tower X orientation angle, node 9, rad
         59   -5.165E-03,  9.985E-01,  5.419E-02         F               0         Tower Y orientation angle, node 9, rad
         60    1.673E-01, -5.256E-02,  9.845E-01         F               0         Tower Z orientation angle, node 9, rad
         61    9.858E-01,  1.417E-02, -1.671E-01         F               0         Tower X orientation angle, node 10, rad
         62   -5.151E-03,  9.985E-01,  5.427E-02         F               0         Tower Y orientation angle, node 10, rad
         63    1.676E-01, -5.264E-02,  9.844E-01         F               0         Tower Z orientation angle, node 10, rad
         64    9.858E-01,  1.418E-02, -1.673E-01         F               0         Tower X orientation angle, node 11, rad
         65   -5.143E-03,  9.985E-01,  5.432E-02         F               0         Tower Y orientation angle, node 11, rad
         66    1.678E-01, -5.269E-02,  9.844E-01         F               0         Tower Z orientation angle, node 11, rad
         67   -2.813E-03                                 F               0         Tower X translation velocity, node 1, m/s
         68   -2.268E-02                                 F               0         Tower Y translation velocity, node 1, m/s
         69    1.358E-03                                 F               0         Tower Z translation velocity, node 1, m/s
         70   -4.032E-03                                 F               0         Tower X translation velocity, node 2, m/s
         71   -3.792E-02                                 F               0         Tower Y translation velocity, node 2, m/s
         72    7.720E-04                                 F               0         Tower Z translation velocity, node 2, m/s
         73   -5.271E-03                                 F               0         Tower X translation velocity, node 3, m/s
         74   -5.337E-02                                 F               0         Tower Y translation velocity, node 3, m/s
         75    1.738E-04                                 F               0         Tower Z translation velocity, node 3, m/s
         76   -6.520E-03                                 F               0         Tower X translation velocity, node 4, m/s
         77   -6.899E-02                                 F               0         Tower Y translation velocity, node 4, m/s
         78   -4.351E-04                                 F               0         Tower Z translation velocity, node 4, m/s
         79   -7.774E-03                                 F               0         Tower X translation velocity, node 5, m/s
         80   -8.475E-02                                 F               0         Tower Y translation velocity, node 5, m/s
         81   -1.054E-03                                 F               0         Tower Z translation velocity, node 5, m/s
         82   -9.028E-03                                 F               0         Tower X translation velocity, node 6, m/s
         83   -1.006E-01                                 F               0         Tower Y translation velocity, node 6, m/s
         84   -1.683E-03                                 F               0         Tower Z translation velocity, node 6, m/s
         85   -1.028E-02                                 F               0         Tower X translation velocity, node 7, m/s
         86   -1.166E-01                                 F               0         Tower Y translation velocity, node 7, m/s
         87   -2.319E-03                                 F               0         Tower Z translation velocity, node 7, m/s
         88   -1.152E-02                                 F               0         Tower X translation velocity, node 8, m/s
         89   -1.327E-01                                 F               0         Tower Y translation velocity, node 8, m/s
         90   -2.963E-03                                 F               0         Tower Z translation velocity, node 8, m/s
         91   -1.276E-02                                 F               0         Tower X translation velocity, node 9, m/s
         92   -1.488E-01                                 F               0         Tower Y translation velocity, node 9, m/s
         93   -3.613E-03                                 F               0         Tower Z translation velocity, node 9, m/s
         94   -1.399E-02                                 F               0         Tower X translation velocity, node 10, m/s
         95   -1.650E-01                                 F               0         Tower Y translation velocity, node 10, m/s
         96   -4.268E-03                                 F               0         Tower Z translation velocity, node 10, m/s
         97   -1.521E-02                                 F               0         Tower X translation velocity, node 11, m/s
         98   -1.812E-01                                 F               0         Tower Y translation velocity, node 11, m/s
         99   -4.926E-03                                 F               0         Tower Z translation velocity, node 11, m/s
        100    3.684E+01                                 F               0         Hub X translation displacement, node 1, m
        101   -8.114E+00                                 F               0         Hub Y translation displacement, node 1, m
        102   -6.580E-01                                 F               0         Hub Z translation displacement, node 1, m
        103    9.629E-01,  1.961E-02, -2.693E-01         F               0         Hub X orientation angle, node 1, rad
        104   -1.525E-01,  8.624E-01, -4.826E-01         F               0         Hub Y orientation angle, node 1, rad
        105    2.228E-01,  5.058E-01,  8.334E-01         F               0         Hub Z orientation angle, node 1, rad
        106    1.003E+00                                 F               0         Hub X rotation velocity, node 1, rad/s
        107    2.031E-02                                 F               0         Hub Y rotation velocity, node 1, rad/s
        108   -2.803E-01                                 F               0         Hub Z rotation velocity, node 1, rad/s
        109    9.670E-01, -5.986E-03, -2.548E-01         F               0         Blade root 1 X orientation angle, node 1, rad
        110   -1.239E-01,  8.626E-01, -4.904E-01         F               0         Blade root 1 Y orientation angle, node 1, rad
        111    2.228E-01,  5.058E-01,  8.334E-01         F               0         Blade root 1 Z orientation angle, node 1, rad
        112    9.545E-01,  1.940E-02, -2.977E-01         F               0         Blade root 2 X orientation angle, node 1, rad
        113    2.976E-01,  7.366E-03,  9.547E-01         F               0         Blade root 2 Y orientation angle, node 1, rad
        114    2.071E-02, -9.998E-01,  1.257E-03         F               0         Blade root 2 Z orientation angle, node 1, rad
        115    9.659E-01,  4.539E-02, -2.549E-01         F               0         Blade root 3 X orientation angle, node 1, rad
        116   -8.804E-02, -8.683E-01, -4.882E-01         F               0         Blade root 3 Y orientation angle, node 1, rad
        117   -2.435E-01,  4.940E-01, -8.347E-01         F               0         Blade root 3 Z orientation angle, node 1, rad
        118    3.750E+01                                 F               0         Blade 1 X translation displacement, node 1, m
        119   -5.312E+00                                 F               0         Blade 1 Y translation displacement, node 1, m
        120   -1.551E+00                                 F               0         Blade 1 Z translation displacement, node 1, m
        121    3.766E+01                                 F               0         Blade 1 X translation displacement, node 2, m
        122   -4.637E+00                                 F               0         Blade 1 Y translation displacement, node 2, m
        123   -1.766E+00                                 F               0         Blade 1 Z translation displacement, node 2, m
        124    3.980E+01                                 F               0         Blade 1 X translation displacement, node 3, m
        125    4.544E+00                                 F               0         Blade 1 Y translation displacement, node 3, m
        126   -4.690E+00                                 F               0         Blade 1 Z translation displacement, node 3, m
        127    4.026E+01                                 F               0         Blade 1 X translation displacement, node 4, m
        128    6.500E+00                                 F               0         Blade 1 Y translation displacement, node 4, m
        129   -5.313E+00                                 F               0         Blade 1 Z translation displacement, node 4, m
        130    4.072E+01                                 F               0         Blade 1 X translation displacement, node 5, m
        131    8.457E+00                                 F               0         Blade 1 Y translation displacement, node 5, m
        132   -5.937E+00                                 F               0         Blade 1 Z translation displacement, node 5, m
        133    4.117E+01                                 F               0         Blade 1 X translation displacement, node 6, m
        134    1.041E+01                                 F               0         Blade 1 Y translation displacement, node 6, m
        135   -6.560E+00                                 F               0         Blade 1 Z translation displacement, node 6, m
        136    4.163E+01                                 F               0         Blade 1 X translation displacement, node 7, m
        137    1.237E+01                                 F               0         Blade 1 Y translation displacement, node 7, m
        138   -7.183E+00                                 F               0         Blade 1 Z translation displacement, node 7, m
        139    4.209E+01                                 F               0         Blade 1 X translation displacement, node 8, m
        140    1.433E+01                                 F               0         Blade 1 Y translation displacement, node 8, m
        141   -7.806E+00                                 F               0         Blade 1 Z translation displacement, node 8, m
        142    4.255E+01                                 F               0         Blade 1 X translation displacement, node 9, m
        143    1.628E+01                                 F               0         Blade 1 Y translation displacement, node 9, m
        144   -8.429E+00                                 F               0         Blade 1 Z translation displacement, node 9, m
        145    4.300E+01                                 F               0         Blade 1 X translation displacement, node 10, m
        146    1.824E+01                                 F               0         Blade 1 Y translation displacement, node 10, m
        147   -9.052E+00                                 F               0         Blade 1 Z translation displacement, node 10, m
        148    4.346E+01                                 F               0         Blade 1 X translation displacement, node 11, m
        149    2.019E+01                                 F               0         Blade 1 Y translation displacement, node 11, m
        150   -9.675E+00                                 F               0         Blade 1 Z translation displacement, node 11, m
        151    4.392E+01                                 F               0         Blade 1 X translation displacement, node 12, m
        152    2.215E+01                                 F               0         Blade 1 Y translation displacement, node 12, m
        153   -1.030E+01                                 F               0         Blade 1 Z translation displacement, node 12, m
        154    4.438E+01                                 F               0         Blade 1 X translation displacement, node 13, m
        155    2.411E+01                                 F               0         Blade 1 Y translation displacement, node 13, m
        156   -1.092E+01                                 F               0         Blade 1 Z translation displacement, node 13, m
        157    4.483E+01                                 F               0         Blade 1 X translation displacement, node 14, m
        158    2.606E+01                                 F               0         Blade 1 Y translation displacement, node 14, m
        159   -1.154E+01                                 F               0         Blade 1 Z translation displacement, node 14, m
        160    4.529E+01                                 F               0         Blade 1 X translation displacement, node 15, m
        161    2.802E+01                                 F               0         Blade 1 Y translation displacement, node 15, m
        162   -1.217E+01                                 F               0         Blade 1 Z translation displacement, node 15, m
        163    4.575E+01                                 F               0         Blade 1 X translation displacement, node 16, m
        164    2.997E+01                                 F               0         Blade 1 Y translation displacement, node 16, m
        165   -1.279E+01                                 F               0         Blade 1 Z translation displacement, node 16, m
        166    4.621E+01                                 F               0         Blade 1 X translation displacement, node 17, m
        167    3.193E+01                                 F               0         Blade 1 Y translation displacement, node 17, m
        168   -1.341E+01                                 F               0         Blade 1 Z translation displacement, node 17, m
        169    4.666E+01                                 F               0         Blade 1 X translation displacement, node 18, m
        170    3.389E+01                                 F               0         Blade 1 Y translation displacement, node 18, m
        171   -1.404E+01                                 F               0         Blade 1 Z translation displacement, node 18, m
        172    4.712E+01                                 F               0         Blade 1 X translation displacement, node 19, m
        173    3.584E+01                                 F               0         Blade 1 Y translation displacement, node 19, m
        174   -1.466E+01                                 F               0         Blade 1 Z translation displacement, node 19, m
        175    4.758E+01                                 F               0         Blade 1 X translation displacement, node 20, m
        176    3.780E+01                                 F               0         Blade 1 Y translation displacement, node 20, m
        177   -1.528E+01                                 F               0         Blade 1 Z translation displacement, node 20, m
        178    4.803E+01                                 F               0         Blade 1 X translation displacement, node 21, m
        179    3.976E+01                                 F               0         Blade 1 Y translation displacement, node 21, m
        180   -1.591E+01                                 F               0         Blade 1 Z translation displacement, node 21, m
        181    4.849E+01                                 F               0         Blade 1 X translation displacement, node 22, m
        182    4.171E+01                                 F               0         Blade 1 Y translation displacement, node 22, m
        183   -1.653E+01                                 F               0         Blade 1 Z translation displacement, node 22, m
        184    4.895E+01                                 F               0         Blade 1 X translation displacement, node 23, m
        185    4.367E+01                                 F               0         Blade 1 Y translation displacement, node 23, m
        186   -1.715E+01                                 F               0         Blade 1 Z translation displacement, node 23, m
        187    4.941E+01                                 F               0         Blade 1 X translation displacement, node 24, m
        188    4.562E+01                                 F               0         Blade 1 Y translation displacement, node 24, m
        189   -1.778E+01                                 F               0         Blade 1 Z translation displacement, node 24, m
        190    4.986E+01                                 F               0         Blade 1 X translation displacement, node 25, m
        191    4.758E+01                                 F               0         Blade 1 Y translation displacement, node 25, m
        192   -1.840E+01                                 F               0         Blade 1 Z translation displacement, node 25, m
        193    5.032E+01                                 F               0         Blade 1 X translation displacement, node 26, m
        194    4.954E+01                                 F               0         Blade 1 Y translation displacement, node 26, m
        195   -1.902E+01                                 F               0         Blade 1 Z translation displacement, node 26, m
        196    5.078E+01                                 F               0         Blade 1 X translation displacement, node 27, m
        197    5.149E+01                                 F               0         Blade 1 Y translation displacement, node 27, m
        198   -1.965E+01                                 F               0         Blade 1 Z translation displacement, node 27, m
        199    5.117E+01                                 F               0         Blade 1 X translation displacement, node 28, m
        200    5.315E+01                                 F               0         Blade 1 Y translation displacement, node 28, m
        201   -2.017E+01                                 F               0         Blade 1 Z translation displacement, node 28, m
        202    9.171E-01, -3.987E-01, -3.170E-03         F               0         Blade 1 X orientation angle, node 1, rad
        203    3.307E-01,  7.650E-01, -5.526E-01         F               0         Blade 1 Y orientation angle, node 1, rad
        204    2.228E-01,  5.058E-01,  8.334E-01         F               0         Blade 1 Z orientation angle, node 1, rad
        205    9.171E-01, -3.987E-01, -3.170E-03         F               0         Blade 1 X orientation angle, node 2, rad
        206    3.307E-01,  7.650E-01, -5.526E-01         F               0         Blade 1 Y orientation angle, node 2, rad
        207    2.228E-01,  5.058E-01,  8.334E-01         F               0         Blade 1 Z orientation angle, node 2, rad
        208    9.693E-01, -2.060E-01, -1.341E-01         F               0         Blade 1 X orientation angle, node 3, rad
        209    1.039E-01,  8.377E-01, -5.361E-01         F               0         Blade 1 Y orientation angle, node 3, rad
        210    2.228E-01,  5.058E-01,  8.334E-01         F               0         Blade 1 Z orientation angle, node 3, rad
        211    9.728E-01, -1.705E-01, -1.566E-01         F               0         Blade 1 X orientation angle, node 4, rad
        212    6.288E-02,  8.457E-01, -5.300E-01         F               0         Blade 1 Y orientation angle, node 4, rad
        213    2.228E-01,  5.058E-01,  8.334E-01         F               0         Blade 1 Z orientation angle, node 4, rad
        214    9.744E-01, -1.423E-01, -1.741E-01         F               0         Blade 1 X orientation angle, node 5, rad
        215    3.059E-02,  8.508E-01, -5.245E-01         F               0         Blade 1 Y orientation angle, node 5, rad
        216    2.228E-01,  5.058E-01,  8.334E-01         F               0         Blade 1 Z orientation angle, node 5, rad
        217    9.749E-01, -1.197E-01, -1.879E-01         F               0         Blade 1 X orientation angle, node 6, rad
        218    4.737E-03,  8.543E-01, -5.197E-01         F               0         Blade 1 Y orientation angle, node 6, rad
        219    2.228E-01,  5.058E-01,  8.334E-01         F               0         Blade 1 Z orientation angle, node 6, rad
        220    9.747E-01, -1.011E-01, -1.992E-01         F               0         Blade 1 X orientation angle, node 7, rad
        221   -1.653E-02,  8.567E-01, -5.155E-01         F               0         Blade 1 Y orientation angle, node 7, rad
        222    2.228E-01,  5.058E-01,  8.334E-01         F               0         Blade 1 Z orientation angle, node 7, rad
        223    9.743E-01, -8.549E-02, -2.085E-01         F               0         Blade 1 X orientation angle, node 8, rad
        224   -3.422E-02,  8.584E-01, -5.118E-01         F               0         Blade 1 Y orientation angle, node 8, rad
        225    2.228E-01,  5.058E-01,  8.334E-01         F               0         Blade 1 Z orientation angle, node 8, rad
        226    9.736E-01, -7.230E-02, -2.164E-01         F               0         Blade 1 X orientation angle, node 9, rad
        227   -4.918E-02,  8.596E-01, -5.085E-01         F               0         Blade 1 Y orientation angle, node 9, rad
        228    2.228E-01,  5.058E-01,  8.334E-01         F               0         Blade 1 Z orientation angle, node 9, rad
        229    9.729E-01, -6.089E-02, -2.231E-01         F               0         Blade 1 X orientation angle, node 10, rad
        230   -6.209E-02,  8.605E-01, -5.056E-01         F               0         Blade 1 Y orientation angle, node 10, rad
        231    2.228E-01,  5.058E-01,  8.334E-01         F               0         Blade 1 Z orientation angle, node 10, rad
        232    9.721E-01, -5.113E-02, -2.288E-01         F               0         Blade 1 X orientation angle, node 11, rad
        233   -7.312E-02,  8.612E-01, -5.031E-01         F               0         Blade 1 Y orientation angle, node 11, rad
        234    2.228E-01,  5.058E-01,  8.334E-01         F               0         Blade 1 Z orientation angle, node 11, rad
        235    9.713E-01, -4.256E-02, -2.338E-01         F               0         Blade 1 X orientation angle, node 12, rad
        236   -8.279E-02,  8.616E-01, -5.008E-01         F               0         Blade 1 Y orientation angle, node 12, rad
        237    2.228E-01,  5.058E-01,  8.334E-01         F               0         Blade 1 Z orientation angle, node 12, rad
        238    9.706E-01, -3.504E-02, -2.382E-01         F               0         Blade 1 X orientation angle, node 13, rad
        239   -9.126E-02,  8.620E-01, -4.987E-01         F               0         Blade 1 Y orientation angle, node 13, rad
        240    2.228E-01,  5.058E-01,  8.334E-01         F               0         Blade 1 Z orientation angle, node 13, rad
        241    9.698E-01, -2.826E-02, -2.421E-01         F               0         Blade 1 X orientation angle, node 14, rad
        242   -9.888E-02,  8.622E-01, -4.968E-01         F               0         Blade 1 Y orientation angle, node 14, rad
        243    2.228E-01,  5.058E-01,  8.334E-01         F               0         Blade 1 Z orientation angle, node 14, rad
        244    9.691E-01, -2.224E-02, -2.455E-01         F               0         Blade 1 X orientation angle, node 15, rad
        245   -1.057E-01,  8.624E-01, -4.951E-01         F               0         Blade 1 Y orientation angle, node 15, rad
        246    2.228E-01,  5.058E-01,  8.334E-01         F               0         Blade 1 Z orientation angle, node 15, rad
        247    9.684E-01, -1.683E-02, -2.487E-01         F               0         Blade 1 X orientation angle, node 16, rad
        248   -1.117E-01,  8.625E-01, -4.936E-01         F               0         Blade 1 Y orientation angle, node 16, rad
        249    2.228E-01,  5.058E-01,  8.334E-01         F               0         Blade 1 Z orientation angle, node 16, rad
        250    9.678E-01, -1.201E-02, -2.514E-01         F               0         Blade 1 X orientation angle, node 17, rad
        251   -1.171E-01,  8.626E-01, -4.922E-01         F               0         Blade 1 Y orientation angle, node 17, rad
        252    2.228E-01,  5.058E-01,  8.334E-01         F               0         Blade 1 Z orientation angle, node 17, rad
        253    9.672E-01, -7.492E-03, -2.540E-01         F               0         Blade 1 X orientation angle, node 18, rad
        254   -1.222E-01,  8.626E-01, -4.908E-01         F               0         Blade 1 Y orientation angle, node 18, rad
        255    2.228E-01,  5.058E-01,  8.334E-01         F               0         Blade 1 Z orientation angle, node 18, rad
        256    9.666E-01, -3.427E-03, -2.563E-01         F               0         Blade 1 X orientation angle, node 19, rad
        257   -1.268E-01,  8.627E-01, -4.896E-01         F               0         Blade 1 Y orientation angle, node 19, rad
        258    2.228E-01,  5.058E-01,  8.334E-01         F               0         Blade 1 Z orientation angle, node 19, rad
        259    9.661E-01,  1.866E-04, -2.583E-01         F               0         Blade 1 X orientation angle, node 20, rad
        260   -1.308E-01,  8.627E-01, -4.886E-01         F               0         Blade 1 Y orientation angle, node 20, rad
        261    2.228E-01,  5.058E-01,  8.334E-01         F               0         Blade 1 Z orientation angle, node 20, rad
        262    9.655E-01,  3.650E-03, -2.603E-01         F               0         Blade 1 X orientation angle, node 21, rad
        263   -1.347E-01,  8.627E-01, -4.875E-01         F               0         Blade 1 Y orientation angle, node 21, rad
        264    2.228E-01,  5.058E-01,  8.334E-01         F               0         Blade 1 Z orientation angle, node 21, rad
        265    9.650E-01,  6.811E-03, -2.621E-01         F               0         Blade 1 X orientation angle, node 22, rad
        266   -1.382E-01,  8.626E-01, -4.866E-01         F               0         Blade 1 Y orientation angle, node 22, rad
        267    2.228E-01,  5.058E-01,  8.334E-01         F               0         Blade 1 Z orientation angle, node 22, rad
        268    9.646E-01,  9.672E-03, -2.637E-01         F               0         Blade 1 X orientation angle, node 23, rad
        269   -1.414E-01,  8.626E-01, -4.857E-01         F               0         Blade 1 Y orientation angle, node 23, rad
        270    2.228E-01,  5.058E-01,  8.334E-01         F               0         Blade 1 Z orientation angle, node 23, rad
        271    9.641E-01,  1.238E-02, -2.652E-01         F               0         Blade 1 X orientation angle, node 24, rad
        272   -1.445E-01,  8.626E-01, -4.849E-01         F               0         Blade 1 Y orientation angle, node 24, rad
        273    2.228E-01,  5.058E-01,  8.334E-01         F               0         Blade 1 Z orientation angle, node 24, rad
        274    9.637E-01,  1.494E-02, -2.667E-01         F               0         Blade 1 X orientation angle, node 25, rad
        275   -1.473E-01,  8.625E-01, -4.841E-01         F               0         Blade 1 Y orientation angle, node 25, rad
        276    2.228E-01,  5.058E-01,  8.334E-01         F               0         Blade 1 Z orientation angle, node 25, rad
        277    9.633E-01,  1.720E-02, -2.679E-01         F               0         Blade 1 X orientation angle, node 26, rad
        278   -1.498E-01,  8.625E-01, -4.834E-01         F               0         Blade 1 Y orientation angle, node 26, rad
        279    2.228E-01,  5.058E-01,  8.334E-01         F               0         Blade 1 Z orientation angle, node 26, rad
        280    9.629E-01,  1.946E-02, -2.692E-01         F               0         Blade 1 X orientation angle, node 27, rad
        281   -1.524E-01,  8.624E-01, -4.827E-01         F               0         Blade 1 Y orientation angle, node 27, rad
        282    2.228E-01,  5.058E-01,  8.334E-01         F               0         Blade 1 Z orientation angle, node 27, rad
        283    9.627E-01,  2.066E-02, -2.699E-01         F               0         Blade 1 X orientation angle, node 28, rad
        284   -1.537E-01,  8.624E-01, -4.823E-01         F               0         Blade 1 Y orientation angle, node 28, rad
        285    2.228E-01,  5.058E-01,  8.334E-01         F               0         Blade 1 Z orientation angle, node 28, rad
        286    8.629E-01                                 F               0         Blade 1 X translation velocity, node 1, m/s
        287   -5.170E+00                                 F               0         Blade 1 Y translation velocity, node 1, m/s
        288    2.779E+00                                 F               0         Blade 1 Z translation velocity, node 1, m/s
        289    1.075E+00                                 F               0         Blade 1 X translation velocity, node 2, m/s
        290   -6.369E+00                                 F               0         Blade 1 Y translation velocity, node 2, m/s
        291    3.450E+00                                 F               0         Blade 1 Z translation velocity, node 2, m/s
        292    3.955E+00                                 F               0         Blade 1 X translation velocity, node 3, m/s
        293   -2.268E+01                                 F               0         Blade 1 Y translation velocity, node 3, m/s
        294    1.258E+01                                 F               0         Blade 1 Z translation velocity, node 3, m/s
        295    4.569E+00                                 F               0         Blade 1 X translation velocity, node 4, m/s
        296   -2.615E+01                                 F               0         Blade 1 Y translation velocity, node 4, m/s
        297    1.452E+01                                 F               0         Blade 1 Z translation velocity, node 4, m/s
        298    5.182E+00                                 F               0         Blade 1 X translation velocity, node 5, m/s
        299   -2.963E+01                                 F               0         Blade 1 Y translation velocity, node 5, m/s
        300    1.647E+01                                 F               0         Blade 1 Z translation velocity, node 5, m/s
        301    5.796E+00                                 F               0         Blade 1 X translation velocity, node 6, m/s
        302   -3.310E+01                                 F               0         Blade 1 Y translation velocity, node 6, m/s
        303    1.841E+01                                 F               0         Blade 1 Z translation velocity, node 6, m/s
        304    6.410E+00                                 F               0         Blade 1 X translation velocity, node 7, m/s
        305   -3.658E+01                                 F               0         Blade 1 Y translation velocity, node 7, m/s
        306    2.036E+01                                 F               0         Blade 1 Z translation velocity, node 7, m/s
        307    7.024E+00                                 F               0         Blade 1 X translation velocity, node 8, m/s
