
Linearized model: Predictions were generated on 06-Feb-2024 at 10:15:48 using OpenFAST, compiled as a 64-bit application using single precision at commit v3.5.1
 linked with  NWTC Subroutine Library; ElastoDyn; InflowWind; AeroDyn; ServoDyn; HydroDyn; MAP++ (<1.20.10>, <Oct-20-2023>)

Description from the FAST input file: CCT-9 Campign 4 model. Input files to be run with OpenFAST 3.5.0. GitHub branch from Lu Wang (https://github.com/luwang00/openfast/tree/dev) compiled on March 7, 2023.

Simulation information:
   Simulation time:                  1005.9750 s
   Rotor Speed:                         1.0410 rad/s
   Azimuth:                             0.9797 rad
   Wind Speed:                         12.0000 m/s
   Number of continuous states:         0
   Number of discrete states:           0
   Number of constraint states:         0
   Number of inputs:                 1746
   Number of outputs:                   4
   Jacobians included in this file?    No

Order of inputs:
     Column   Operating Point                     Rotating Frame? Derivative Order Description
   ---------- ---------------                     --------------- ---------------- -----------
          1    1.513E+01                                 F               0         Tower X translation displacement, node 1, m
          2   -1.165E+00                                 F               0         Tower Y translation displacement, node 1, m
          3   -5.008E-01                                 F               0         Tower Z translation displacement, node 1, m
          4    1.706E+01                                 F               0         Tower X translation displacement, node 2, m
          5   -1.805E+00                                 F               0         Tower Y translation displacement, node 2, m
          6   -6.689E-01                                 F               0         Tower Z translation displacement, node 2, m
          7    1.903E+01                                 F               0         Tower X translation displacement, node 3, m
          8   -2.452E+00                                 F               0         Tower Y translation displacement, node 3, m
          9   -8.429E-01                                 F               0         Tower Z translation displacement, node 3, m
         10    2.101E+01                                 F               0         Tower X translation displacement, node 4, m
         11   -3.103E+00                                 F               0         Tower Y translation displacement, node 4, m
         12   -1.021E+00                                 F               0         Tower Z translation displacement, node 4, m
         13    2.302E+01                                 F               0         Tower X translation displacement, node 5, m
         14   -3.759E+00                                 F               0         Tower Y translation displacement, node 5, m
         15   -1.204E+00                                 F               0         Tower Z translation displacement, node 5, m
         16    2.505E+01                                 F               0         Tower X translation displacement, node 6, m
         17   -4.419E+00                                 F               0         Tower Y translation displacement, node 6, m
         18   -1.389E+00                                 F               0         Tower Z translation displacement, node 6, m
         19    2.710E+01                                 F               0         Tower X translation displacement, node 7, m
         20   -5.082E+00                                 F               0         Tower Y translation displacement, node 7, m
         21   -1.577E+00                                 F               0         Tower Z translation displacement, node 7, m
         22    2.915E+01                                 F               0         Tower X translation displacement, node 8, m
         23   -5.747E+00                                 F               0         Tower Y translation displacement, node 8, m
         24   -1.768E+00                                 F               0         Tower Z translation displacement, node 8, m
         25    3.121E+01                                 F               0         Tower X translation displacement, node 9, m
         26   -6.414E+00                                 F               0         Tower Y translation displacement, node 9, m
         27   -1.959E+00                                 F               0         Tower Z translation displacement, node 9, m
         28    3.328E+01                                 F               0         Tower X translation displacement, node 10, m
         29   -7.082E+00                                 F               0         Tower Y translation displacement, node 10, m
         30   -2.152E+00                                 F               0         Tower Z translation displacement, node 10, m
         31    3.535E+01                                 F               0         Tower X translation displacement, node 11, m
         32   -7.752E+00                                 F               0         Tower Y translation displacement, node 11, m
         33   -2.345E+00                                 F               0         Tower Z translation displacement, node 11, m
         34    9.879E-01,  1.363E-02, -1.544E-01         F               0         Tower X orientation angle, node 1, rad
         35   -5.475E-03,  9.986E-01,  5.307E-02         F               0         Tower Y orientation angle, node 1, rad
         36    1.549E-01, -5.158E-02,  9.866E-01         F               0         Tower Z orientation angle, node 1, rad
         37    9.875E-01,  1.376E-02, -1.570E-01         F               0         Tower X orientation angle, node 2, rad
         38   -5.392E-03,  9.985E-01,  5.360E-02         F               0         Tower Y orientation angle, node 2, rad
         39    1.576E-01, -5.208E-02,  9.861E-01         F               0         Tower Z orientation angle, node 2, rad
         40    9.871E-01,  1.388E-02, -1.593E-01         F               0         Tower X orientation angle, node 3, rad
         41   -5.317E-03,  9.985E-01,  5.407E-02         F               0         Tower Y orientation angle, node 3, rad
         42    1.599E-01, -5.252E-02,  9.857E-01         F               0         Tower Z orientation angle, node 3, rad
         43    9.868E-01,  1.399E-02, -1.613E-01         F               0         Tower X orientation angle, node 4, rad
         44   -5.250E-03,  9.985E-01,  5.448E-02         F               0         Tower Y orientation angle, node 4, rad
         45    1.618E-01, -5.291E-02,  9.854E-01         F               0         Tower Z orientation angle, node 4, rad
         46    9.865E-01,  1.408E-02, -1.629E-01         F               0         Tower X orientation angle, node 5, rad
         47   -5.192E-03,  9.985E-01,  5.483E-02         F               0         Tower Y orientation angle, node 5, rad
         48    1.635E-01, -5.324E-02,  9.851E-01         F               0         Tower Z orientation angle, node 5, rad
         49    9.863E-01,  1.415E-02, -1.643E-01         F               0         Tower X orientation angle, node 6, rad
         50   -5.142E-03,  9.985E-01,  5.512E-02         F               0         Tower Y orientation angle, node 6, rad
         51    1.648E-01, -5.352E-02,  9.849E-01         F               0         Tower Z orientation angle, node 6, rad
         52    9.861E-01,  1.421E-02, -1.653E-01         F               0         Tower X orientation angle, node 7, rad
         53   -5.103E-03,  9.985E-01,  5.536E-02         F               0         Tower Y orientation angle, node 7, rad
         54    1.658E-01, -5.375E-02,  9.847E-01         F               0         Tower Z orientation angle, node 7, rad
         55    9.860E-01,  1.425E-02, -1.661E-01         F               0         Tower X orientation angle, node 8, rad
         56   -5.072E-03,  9.984E-01,  5.554E-02         F               0         Tower Y orientation angle, node 8, rad
         57    1.666E-01, -5.393E-02,  9.845E-01         F               0         Tower Z orientation angle, node 8, rad
         58    9.859E-01,  1.428E-02, -1.666E-01         F               0         Tower X orientation angle, node 9, rad
         59   -5.049E-03,  9.984E-01,  5.568E-02         F               0         Tower Y orientation angle, node 9, rad
         60    1.671E-01, -5.405E-02,  9.844E-01         F               0         Tower Z orientation angle, node 9, rad
         61    9.859E-01,  1.430E-02, -1.669E-01         F               0         Tower X orientation angle, node 10, rad
         62   -5.034E-03,  9.984E-01,  5.577E-02         F               0         Tower Y orientation angle, node 10, rad
         63    1.675E-01, -5.414E-02,  9.844E-01         F               0         Tower Z orientation angle, node 10, rad
         64    9.858E-01,  1.431E-02, -1.671E-01         F               0         Tower X orientation angle, node 11, rad
         65   -5.026E-03,  9.984E-01,  5.582E-02         F               0         Tower Y orientation angle, node 11, rad
         66    1.677E-01, -5.419E-02,  9.844E-01         F               0         Tower Z orientation angle, node 11, rad
         67   -1.893E-03                                 F               0         Tower X translation velocity, node 1, m/s
         68   -1.054E-02                                 F               0         Tower Y translation velocity, node 1, m/s
         69    3.966E-03                                 F               0         Tower Z translation velocity, node 1, m/s
         70   -2.980E-03                                 F               0         Tower X translation velocity, node 2, m/s
         71   -1.804E-02                                 F               0         Tower Y translation velocity, node 2, m/s
         72    3.744E-03                                 F               0         Tower Z translation velocity, node 2, m/s
         73   -4.158E-03                                 F               0         Tower X translation velocity, node 3, m/s
         74   -2.573E-02                                 F               0         Tower Y translation velocity, node 3, m/s
         75    3.525E-03                                 F               0         Tower Z translation velocity, node 3, m/s
         76   -5.403E-03                                 F               0         Tower X translation velocity, node 4, m/s
         77   -3.356E-02                                 F               0         Tower Y translation velocity, node 4, m/s
         78    3.310E-03                                 F               0         Tower Z translation velocity, node 4, m/s
         79   -6.703E-03                                 F               0         Tower X translation velocity, node 5, m/s
         80   -4.151E-02                                 F               0         Tower Y translation velocity, node 5, m/s
         81    3.096E-03                                 F               0         Tower Z translation velocity, node 5, m/s
         82   -8.043E-03                                 F               0         Tower X translation velocity, node 6, m/s
         83   -4.957E-02                                 F               0         Tower Y translation velocity, node 6, m/s
         84    2.882E-03                                 F               0         Tower Z translation velocity, node 6, m/s
         85   -9.412E-03                                 F               0         Tower X translation velocity, node 7, m/s
         86   -5.772E-02                                 F               0         Tower Y translation velocity, node 7, m/s
         87    2.668E-03                                 F               0         Tower Z translation velocity, node 7, m/s
         88   -1.080E-02                                 F               0         Tower X translation velocity, node 8, m/s
         89   -6.594E-02                                 F               0         Tower Y translation velocity, node 8, m/s
         90    2.454E-03                                 F               0         Tower Z translation velocity, node 8, m/s
         91   -1.221E-02                                 F               0         Tower X translation velocity, node 9, m/s
         92   -7.422E-02                                 F               0         Tower Y translation velocity, node 9, m/s
         93    2.238E-03                                 F               0         Tower Z translation velocity, node 9, m/s
         94   -1.362E-02                                 F               0         Tower X translation velocity, node 10, m/s
         95   -8.254E-02                                 F               0         Tower Y translation velocity, node 10, m/s
         96    2.020E-03                                 F               0         Tower Z translation velocity, node 10, m/s
         97   -1.503E-02                                 F               0         Tower X translation velocity, node 11, m/s
         98   -9.088E-02                                 F               0         Tower Y translation velocity, node 11, m/s
         99    1.802E-03                                 F               0         Tower Z translation velocity, node 11, m/s
        100    3.682E+01                                 F               0         Hub X translation displacement, node 1, m
        101   -8.332E+00                                 F               0         Hub Y translation displacement, node 1, m
        102   -6.627E-01                                 F               0         Hub Z translation displacement, node 1, m
        103    9.629E-01,  1.989E-02, -2.691E-01         F               0         Hub X orientation angle, node 1, rad
        104    2.212E-01,  5.129E-01,  8.295E-01         F               0         Hub Y orientation angle, node 1, rad
        105    1.545E-01, -8.582E-01,  4.895E-01         F               0         Hub Z orientation angle, node 1, rad
        106    1.003E+00                                 F               0         Hub X rotation velocity, node 1, rad/s
        107    2.059E-02                                 F               0         Hub Y rotation velocity, node 1, rad/s
        108   -2.800E-01                                 F               0         Hub Z rotation velocity, node 1, rad/s
        109    9.559E-01,  4.667E-03, -2.936E-01         F               0         Blade root 1 X orientation angle, node 1, rad
        110    2.497E-01,  5.133E-01,  8.211E-01         F               0         Blade root 1 Y orientation angle, node 1, rad
        111    1.545E-01, -8.582E-01,  4.895E-01         F               0         Blade root 1 Z orientation angle, node 1, rad
        112    9.618E-01,  4.954E-02, -2.693E-01         F               0         Blade root 2 X orientation angle, node 1, rad
        113    5.177E-02, -9.987E-01,  1.175E-03         F               0         Blade root 2 Y orientation angle, node 1, rad
        114   -2.688E-01, -1.507E-02, -9.631E-01         F               0         Blade root 2 Z orientation angle, node 1, rad
        115    9.697E-01,  5.441E-03, -2.441E-01         F               0         Blade root 3 X orientation angle, node 1, rad
        116   -2.158E-01,  4.872E-01, -8.462E-01         F               0         Blade root 3 Y orientation angle, node 1, rad
        117    1.143E-01,  8.733E-01,  4.736E-01         F               0         Blade root 3 Z orientation angle, node 1, rad
        118    3.710E+01                                 F               0         Blade 1 X translation displacement, node 1, m
        119   -1.309E+01                                 F               0         Blade 1 Y translation displacement, node 1, m
        120   -3.461E+00                                 F               0         Blade 1 Z translation displacement, node 1, m
        121    3.716E+01                                 F               0         Blade 1 X translation displacement, node 2, m
        122   -1.423E+01                                 F               0         Blade 1 Y translation displacement, node 2, m
        123   -4.135E+00                                 F               0         Blade 1 Z translation displacement, node 2, m
        124    3.807E+01                                 F               0         Blade 1 X translation displacement, node 3, m
        125   -2.981E+01                                 F               0         Blade 1 Y translation displacement, node 3, m
        126   -1.330E+01                                 F               0         Blade 1 Z translation displacement, node 3, m
        127    3.826E+01                                 F               0         Blade 1 X translation displacement, node 4, m
        128   -3.313E+01                                 F               0         Blade 1 Y translation displacement, node 4, m
        129   -1.526E+01                                 F               0         Blade 1 Z translation displacement, node 4, m
        130    3.846E+01                                 F               0         Blade 1 X translation displacement, node 5, m
        131   -3.645E+01                                 F               0         Blade 1 Y translation displacement, node 5, m
        132   -1.721E+01                                 F               0         Blade 1 Z translation displacement, node 5, m
        133    3.865E+01                                 F               0         Blade 1 X translation displacement, node 6, m
        134   -3.977E+01                                 F               0         Blade 1 Y translation displacement, node 6, m
        135   -1.916E+01                                 F               0         Blade 1 Z translation displacement, node 6, m
        136    3.884E+01                                 F               0         Blade 1 X translation displacement, node 7, m
        137   -4.309E+01                                 F               0         Blade 1 Y translation displacement, node 7, m
        138   -2.112E+01                                 F               0         Blade 1 Z translation displacement, node 7, m
        139    3.904E+01                                 F               0         Blade 1 X translation displacement, node 8, m
        140   -4.641E+01                                 F               0         Blade 1 Y translation displacement, node 8, m
        141   -2.307E+01                                 F               0         Blade 1 Z translation displacement, node 8, m
        142    3.923E+01                                 F               0         Blade 1 X translation displacement, node 9, m
        143   -4.973E+01                                 F               0         Blade 1 Y translation displacement, node 9, m
        144   -2.502E+01                                 F               0         Blade 1 Z translation displacement, node 9, m
        145    3.942E+01                                 F               0         Blade 1 X translation displacement, node 10, m
        146   -5.305E+01                                 F               0         Blade 1 Y translation displacement, node 10, m
        147   -2.698E+01                                 F               0         Blade 1 Z translation displacement, node 10, m
        148    3.962E+01                                 F               0         Blade 1 X translation displacement, node 11, m
        149   -5.637E+01                                 F               0         Blade 1 Y translation displacement, node 11, m
        150   -2.893E+01                                 F               0         Blade 1 Z translation displacement, node 11, m
        151    3.981E+01                                 F               0         Blade 1 X translation displacement, node 12, m
        152   -5.968E+01                                 F               0         Blade 1 Y translation displacement, node 12, m
        153   -3.088E+01                                 F               0         Blade 1 Z translation displacement, node 12, m
        154    4.000E+01                                 F               0         Blade 1 X translation displacement, node 13, m
        155   -6.300E+01                                 F               0         Blade 1 Y translation displacement, node 13, m
        156   -3.284E+01                                 F               0         Blade 1 Z translation displacement, node 13, m
        157    4.020E+01                                 F               0         Blade 1 X translation displacement, node 14, m
        158   -6.632E+01                                 F               0         Blade 1 Y translation displacement, node 14, m
        159   -3.479E+01                                 F               0         Blade 1 Z translation displacement, node 14, m
        160    4.039E+01                                 F               0         Blade 1 X translation displacement, node 15, m
        161   -6.964E+01                                 F               0         Blade 1 Y translation displacement, node 15, m
        162   -3.674E+01                                 F               0         Blade 1 Z translation displacement, node 15, m
        163    4.058E+01                                 F               0         Blade 1 X translation displacement, node 16, m
        164   -7.296E+01                                 F               0         Blade 1 Y translation displacement, node 16, m
        165   -3.870E+01                                 F               0         Blade 1 Z translation displacement, node 16, m
        166    4.078E+01                                 F               0         Blade 1 X translation displacement, node 17, m
        167   -7.628E+01                                 F               0         Blade 1 Y translation displacement, node 17, m
        168   -4.065E+01                                 F               0         Blade 1 Z translation displacement, node 17, m
        169    4.097E+01                                 F               0         Blade 1 X translation displacement, node 18, m
        170   -7.960E+01                                 F               0         Blade 1 Y translation displacement, node 18, m
        171   -4.260E+01                                 F               0         Blade 1 Z translation displacement, node 18, m
        172    4.116E+01                                 F               0         Blade 1 X translation displacement, node 19, m
        173   -8.292E+01                                 F               0         Blade 1 Y translation displacement, node 19, m
        174   -4.456E+01                                 F               0         Blade 1 Z translation displacement, node 19, m
        175    4.136E+01                                 F               0         Blade 1 X translation displacement, node 20, m
        176   -8.624E+01                                 F               0         Blade 1 Y translation displacement, node 20, m
        177   -4.651E+01                                 F               0         Blade 1 Z translation displacement, node 20, m
        178    4.155E+01                                 F               0         Blade 1 X translation displacement, node 21, m
        179   -8.956E+01                                 F               0         Blade 1 Y translation displacement, node 21, m
        180   -4.846E+01                                 F               0         Blade 1 Z translation displacement, node 21, m
        181    4.175E+01                                 F               0         Blade 1 X translation displacement, node 22, m
        182   -9.288E+01                                 F               0         Blade 1 Y translation displacement, node 22, m
        183   -5.042E+01                                 F               0         Blade 1 Z translation displacement, node 22, m
        184    4.194E+01                                 F               0         Blade 1 X translation displacement, node 23, m
        185   -9.620E+01                                 F               0         Blade 1 Y translation displacement, node 23, m
        186   -5.237E+01                                 F               0         Blade 1 Z translation displacement, node 23, m
        187    4.213E+01                                 F               0         Blade 1 X translation displacement, node 24, m
        188   -9.952E+01                                 F               0         Blade 1 Y translation displacement, node 24, m
        189   -5.432E+01                                 F               0         Blade 1 Z translation displacement, node 24, m
        190    4.233E+01                                 F               0         Blade 1 X translation displacement, node 25, m
        191   -1.028E+02                                 F               0         Blade 1 Y translation displacement, node 25, m
        192   -5.628E+01                                 F               0         Blade 1 Z translation displacement, node 25, m
        193    4.252E+01                                 F               0         Blade 1 X translation displacement, node 26, m
        194   -1.062E+02                                 F               0         Blade 1 Y translation displacement, node 26, m
        195   -5.823E+01                                 F               0         Blade 1 Z translation displacement, node 26, m
        196    4.271E+01                                 F               0         Blade 1 X translation displacement, node 27, m
        197   -1.095E+02                                 F               0         Blade 1 Y translation displacement, node 27, m
        198   -6.018E+01                                 F               0         Blade 1 Z translation displacement, node 27, m
        199    4.288E+01                                 F               0         Blade 1 X translation displacement, node 28, m
        200   -1.123E+02                                 F               0         Blade 1 Y translation displacement, node 28, m
        201   -6.184E+01                                 F               0         Blade 1 Z translation displacement, node 28, m
        202    7.369E-01, -2.299E-01, -6.357E-01         F               0         Blade 1 X orientation angle, node 1, rad
        203    6.581E-01,  4.589E-01,  5.969E-01         F               0         Blade 1 Y orientation angle, node 1, rad
        204    1.545E-01, -8.582E-01,  4.895E-01         F               0         Blade 1 Z orientation angle, node 1, rad
        205    7.369E-01, -2.299E-01, -6.357E-01         F               0         Blade 1 X orientation angle, node 2, rad
        206    6.581E-01,  4.589E-01,  5.969E-01         F               0         Blade 1 Y orientation angle, node 2, rad
        207    1.545E-01, -8.582E-01,  4.895E-01         F               0         Blade 1 Z orientation angle, node 2, rad
        208    8.719E-01, -1.146E-01, -4.761E-01         F               0         Blade 1 X orientation angle, node 3, rad
        209    4.647E-01,  5.003E-01,  7.306E-01         F               0         Blade 1 Y orientation angle, node 3, rad
        210    1.545E-01, -8.582E-01,  4.895E-01         F               0         Blade 1 Z orientation angle, node 3, rad
        211    8.907E-01, -9.335E-02, -4.449E-01         F               0         Blade 1 X orientation angle, node 4, rad
        212    4.275E-01,  5.047E-01,  7.500E-01         F               0         Blade 1 Y orientation angle, node 4, rad
        213    1.545E-01, -8.582E-01,  4.895E-01         F               0         Blade 1 Z orientation angle, node 4, rad
        214    9.044E-01, -7.657E-02, -4.198E-01         F               0         Blade 1 X orientation angle, node 5, rad
        215    3.977E-01,  5.075E-01,  7.643E-01         F               0         Blade 1 Y orientation angle, node 5, rad
        216    1.545E-01, -8.582E-01,  4.895E-01         F               0         Blade 1 Z orientation angle, node 5, rad
        217    9.146E-01, -6.308E-02, -3.993E-01         F               0         Blade 1 X orientation angle, node 6, rad
        218    3.736E-01,  5.094E-01,  7.752E-01         F               0         Blade 1 Y orientation angle, node 6, rad
        219    1.545E-01, -8.582E-01,  4.895E-01         F               0         Blade 1 Z orientation angle, node 6, rad
        220    9.226E-01, -5.195E-02, -3.823E-01         F               0         Blade 1 X orientation angle, node 7, rad
        221    3.536E-01,  5.106E-01,  7.837E-01         F               0         Blade 1 Y orientation angle, node 7, rad
        222    1.545E-01, -8.582E-01,  4.895E-01         F               0         Blade 1 Z orientation angle, node 7, rad
        223    9.288E-01, -4.267E-02, -3.680E-01         F               0         Blade 1 X orientation angle, node 8, rad
        224    3.368E-01,  5.115E-01,  7.905E-01         F               0         Blade 1 Y orientation angle, node 8, rad
        225    1.545E-01, -8.582E-01,  4.895E-01         F               0         Blade 1 Z orientation angle, node 8, rad
        226    9.339E-01, -3.481E-02, -3.559E-01         F               0         Blade 1 X orientation angle, node 9, rad
        227    3.224E-01,  5.121E-01,  7.961E-01         F               0         Blade 1 Y orientation angle, node 9, rad
        228    1.545E-01, -8.582E-01,  4.895E-01         F               0         Blade 1 Z orientation angle, node 9, rad
        229    9.381E-01, -2.802E-02, -3.453E-01         F               0         Blade 1 X orientation angle, node 10, rad
        230    3.100E-01,  5.125E-01,  8.008E-01         F               0         Blade 1 Y orientation angle, node 10, rad
        231    1.545E-01, -8.582E-01,  4.895E-01         F               0         Blade 1 Z orientation angle, node 10, rad
        232    9.415E-01, -2.220E-02, -3.362E-01         F               0         Blade 1 X orientation angle, node 11, rad
        233    2.994E-01,  5.128E-01,  8.046E-01         F               0         Blade 1 Y orientation angle, node 11, rad
        234    1.545E-01, -8.582E-01,  4.895E-01         F               0         Blade 1 Z orientation angle, node 11, rad
        235    9.445E-01, -1.710E-02, -3.281E-01         F               0         Blade 1 X orientation angle, node 12, rad
        236    2.900E-01,  5.130E-01,  8.079E-01         F               0         Blade 1 Y orientation angle, node 12, rad
        237    1.545E-01, -8.582E-01,  4.895E-01         F               0         Blade 1 Z orientation angle, node 12, rad
        238    9.470E-01, -1.262E-02, -3.211E-01         F               0         Blade 1 X orientation angle, node 13, rad
        239    2.817E-01,  5.131E-01,  8.108E-01         F               0         Blade 1 Y orientation angle, node 13, rad
        240    1.545E-01, -8.582E-01,  4.895E-01         F               0         Blade 1 Z orientation angle, node 13, rad
        241    9.492E-01, -8.591E-03, -3.147E-01         F               0         Blade 1 X orientation angle, node 14, rad
        242    2.743E-01,  5.132E-01,  8.133E-01         F               0         Blade 1 Y orientation angle, node 14, rad
        243    1.545E-01, -8.582E-01,  4.895E-01         F               0         Blade 1 Z orientation angle, node 14, rad
        244    9.510E-01, -5.008E-03, -3.090E-01         F               0         Blade 1 X orientation angle, node 15, rad
        245    2.677E-01,  5.133E-01,  8.154E-01         F               0         Blade 1 Y orientation angle, node 15, rad
        246    1.545E-01, -8.582E-01,  4.895E-01         F               0         Blade 1 Z orientation angle, node 15, rad
        247    9.527E-01, -1.783E-03, -3.039E-01         F               0         Blade 1 X orientation angle, node 16, rad
        248    2.617E-01,  5.133E-01,  8.174E-01         F               0         Blade 1 Y orientation angle, node 16, rad
        249    1.545E-01, -8.582E-01,  4.895E-01         F               0         Blade 1 Z orientation angle, node 16, rad
        250    9.542E-01,  1.084E-03, -2.993E-01         F               0         Blade 1 X orientation angle, node 17, rad
        251    2.564E-01,  5.133E-01,  8.190E-01         F               0         Blade 1 Y orientation angle, node 17, rad
        252    1.545E-01, -8.582E-01,  4.895E-01         F               0         Blade 1 Z orientation angle, node 17, rad
        253    9.555E-01,  3.771E-03, -2.950E-01         F               0         Blade 1 X orientation angle, node 18, rad
        254    2.514E-01,  5.133E-01,  8.206E-01         F               0         Blade 1 Y orientation angle, node 18, rad
        255    1.545E-01, -8.582E-01,  4.895E-01         F               0         Blade 1 Z orientation angle, node 18, rad
        256    9.567E-01,  6.190E-03, -2.912E-01         F               0         Blade 1 X orientation angle, node 19, rad
        257    2.468E-01,  5.132E-01,  8.220E-01         F               0         Blade 1 Y orientation angle, node 19, rad
        258    1.545E-01, -8.582E-01,  4.895E-01         F               0         Blade 1 Z orientation angle, node 19, rad
        259    9.577E-01,  8.340E-03, -2.877E-01         F               0         Blade 1 X orientation angle, node 20, rad
        260    2.428E-01,  5.132E-01,  8.232E-01         F               0         Blade 1 Y orientation angle, node 20, rad
        261    1.545E-01, -8.582E-01,  4.895E-01         F               0         Blade 1 Z orientation angle, node 20, rad
        262    9.586E-01,  1.040E-02, -2.844E-01         F               0         Blade 1 X orientation angle, node 21, rad
        263    2.390E-01,  5.132E-01,  8.243E-01         F               0         Blade 1 Y orientation angle, node 21, rad
        264    1.545E-01, -8.582E-01,  4.895E-01         F               0         Blade 1 Z orientation angle, node 21, rad
        265    9.595E-01,  1.228E-02, -2.814E-01         F               0         Blade 1 X orientation angle, node 22, rad
        266    2.355E-01,  5.131E-01,  8.254E-01         F               0         Blade 1 Y orientation angle, node 22, rad
        267    1.545E-01, -8.582E-01,  4.895E-01         F               0         Blade 1 Z orientation angle, node 22, rad
        268    9.603E-01,  1.398E-02, -2.786E-01         F               0         Blade 1 X orientation angle, node 23, rad
        269    2.323E-01,  5.131E-01,  8.263E-01         F               0         Blade 1 Y orientation angle, node 23, rad
        270    1.545E-01, -8.582E-01,  4.895E-01         F               0         Blade 1 Z orientation angle, node 23, rad
        271    9.610E-01,  1.559E-02, -2.760E-01         F               0         Blade 1 X orientation angle, node 24, rad
        272    2.293E-01,  5.130E-01,  8.272E-01         F               0         Blade 1 Y orientation angle, node 24, rad
        273    1.545E-01, -8.582E-01,  4.895E-01         F               0         Blade 1 Z orientation angle, node 24, rad
        274    9.617E-01,  1.712E-02, -2.736E-01         F               0         Blade 1 X orientation angle, node 25, rad
        275    2.264E-01,  5.130E-01,  8.280E-01         F               0         Blade 1 Y orientation angle, node 25, rad
        276    1.545E-01, -8.582E-01,  4.895E-01         F               0         Blade 1 Z orientation angle, node 25, rad
        277    9.623E-01,  1.846E-02, -2.714E-01         F               0         Blade 1 X orientation angle, node 26, rad
        278    2.239E-01,  5.129E-01,  8.287E-01         F               0         Blade 1 Y orientation angle, node 26, rad
        279    1.545E-01, -8.582E-01,  4.895E-01         F               0         Blade 1 Z orientation angle, node 26, rad
        280    9.629E-01,  1.980E-02, -2.692E-01         F               0         Blade 1 X orientation angle, node 27, rad
        281    2.214E-01,  5.129E-01,  8.294E-01         F               0         Blade 1 Y orientation angle, node 27, rad
        282    1.545E-01, -8.582E-01,  4.895E-01         F               0         Blade 1 Z orientation angle, node 27, rad
        283    9.632E-01,  2.052E-02, -2.681E-01         F               0         Blade 1 X orientation angle, node 28, rad
        284    2.200E-01,  5.129E-01,  8.298E-01         F               0         Blade 1 Y orientation angle, node 28, rad
        285    1.545E-01, -8.582E-01,  4.895E-01         F               0         Blade 1 Z orientation angle, node 28, rad
        286   -1.292E+00                                 F               0         Blade 1 X translation velocity, node 1, m/s
        287   -3.058E+00                                 F               0         Blade 1 Y translation velocity, node 1, m/s
        288   -4.787E+00                                 F               0         Blade 1 Z translation velocity, node 1, m/s
        289   -1.599E+00                                 F               0         Blade 1 X translation velocity, node 2, m/s
        290   -3.772E+00                                 F               0         Blade 1 Y translation velocity, node 2, m/s
        291   -5.940E+00                                 F               0         Blade 1 Z translation velocity, node 2, m/s
        292   -5.779E+00                                 F               0         Blade 1 X translation velocity, node 3, m/s
        293   -1.347E+01                                 F               0         Blade 1 Y translation velocity, node 3, m/s
        294   -2.163E+01                                 F               0         Blade 1 Z translation velocity, node 3, m/s
        295   -6.670E+00                                 F               0         Blade 1 X translation velocity, node 4, m/s
        296   -1.554E+01                                 F               0         Blade 1 Y translation velocity, node 4, m/s
        297   -2.497E+01                                 F               0         Blade 1 Z translation velocity, node 4, m/s
        298   -7.560E+00                                 F               0         Blade 1 X translation velocity, node 5, m/s
        299   -1.760E+01                                 F               0         Blade 1 Y translation velocity, node 5, m/s
        300   -2.831E+01                                 F               0         Blade 1 Z translation velocity, node 5, m/s
        301   -8.451E+00                                 F               0         Blade 1 X translation velocity, node 6, m/s
        302   -1.967E+01                                 F               0         Blade 1 Y translation velocity, node 6, m/s
        303   -3.165E+01                                 F               0         Blade 1 Z translation velocity, node 6, m/s
        304   -9.341E+00                                 F               0         Blade 1 X translation velocity, node 7, m/s
        305   -2.174E+01                                 F               0         Blade 1 Y translation velocity, node 7, m/s
        306   -3.499E+01                                 F               0         Blade 1 Z translation velocity, node 7, m/s
        307   -1.023E+01                                 F               0         Blade 1 X translation velocity, node 8, m/s
