
Linearized model: Predictions were generated on 12-Jan-2024 at 09:28:28 using OpenFAST, compiled as a 64-bit application using single precision at commit v3.5.1
 linked with  NWTC Subroutine Library; ElastoDyn; InflowWind; AeroDyn; ServoDyn; HydroDyn; MAP++ (<1.20.10>, <Oct-20-2023>)

Description from the FAST input file: CCT-9 Campign 4 model. Input files to be run with OpenFAST 3.5.0. GitHub branch from Lu Wang (https://github.com/luwang00/openfast/tree/dev) compiled on March 7, 2023.

Simulation information:
   Simulation time:                   502.4750 s
   Rotor Speed:                         0.8769 rad/s
   Azimuth:                             6.0269 rad
   Wind Speed:                         10.0000 m/s
   Number of continuous states:         0
   Number of discrete states:           0
   Number of constraint states:         0
   Number of inputs:                 1746
   Number of outputs:                   4
   Jacobians included in this file?    No

Order of inputs:
     Column   Operating Point                     Rotating Frame? Derivative Order Description
   ---------- ---------------                     --------------- ---------------- -----------
          1    1.101E+01                                 F               0         Tower X translation displacement, node 1, m
          2   -1.231E+00                                 F               0         Tower Y translation displacement, node 1, m
          3   -3.281E-01                                 F               0         Tower Z translation displacement, node 1, m
          4    1.248E+01                                 F               0         Tower X translation displacement, node 2, m
          5   -1.816E+00                                 F               0         Tower Y translation displacement, node 2, m
          6   -4.296E-01                                 F               0         Tower Z translation displacement, node 2, m
          7    1.397E+01                                 F               0         Tower X translation displacement, node 3, m
          8   -2.406E+00                                 F               0         Tower Y translation displacement, node 3, m
          9   -5.344E-01                                 F               0         Tower Z translation displacement, node 3, m
         10    1.548E+01                                 F               0         Tower X translation displacement, node 4, m
         11   -3.001E+00                                 F               0         Tower Y translation displacement, node 4, m
         12   -6.417E-01                                 F               0         Tower Z translation displacement, node 4, m
         13    1.701E+01                                 F               0         Tower X translation displacement, node 5, m
         14   -3.599E+00                                 F               0         Tower Y translation displacement, node 5, m
         15   -7.510E-01                                 F               0         Tower Z translation displacement, node 5, m
         16    1.855E+01                                 F               0         Tower X translation displacement, node 6, m
         17   -4.201E+00                                 F               0         Tower Y translation displacement, node 6, m
         18   -8.621E-01                                 F               0         Tower Z translation displacement, node 6, m
         19    2.010E+01                                 F               0         Tower X translation displacement, node 7, m
         20   -4.805E+00                                 F               0         Tower Y translation displacement, node 7, m
         21   -9.744E-01                                 F               0         Tower Z translation displacement, node 7, m
         22    2.165E+01                                 F               0         Tower X translation displacement, node 8, m
         23   -5.412E+00                                 F               0         Tower Y translation displacement, node 8, m
         24   -1.088E+00                                 F               0         Tower Z translation displacement, node 8, m
         25    2.322E+01                                 F               0         Tower X translation displacement, node 9, m
         26   -6.020E+00                                 F               0         Tower Y translation displacement, node 9, m
         27   -1.202E+00                                 F               0         Tower Z translation displacement, node 9, m
         28    2.478E+01                                 F               0         Tower X translation displacement, node 10, m
         29   -6.629E+00                                 F               0         Tower Y translation displacement, node 10, m
         30   -1.317E+00                                 F               0         Tower Z translation displacement, node 10, m
         31    2.635E+01                                 F               0         Tower X translation displacement, node 11, m
         32   -7.239E+00                                 F               0         Tower Y translation displacement, node 11, m
         33   -1.432E+00                                 F               0         Tower Z translation displacement, node 11, m
         34    9.930E-01,  9.761E-03, -1.177E-01         F               0         Tower X orientation angle, node 1, rad
         35   -4.132E-03,  9.988E-01,  4.796E-02         F               0         Tower Y orientation angle, node 1, rad
         36    1.181E-01, -4.714E-02,  9.919E-01         F               0         Tower Z orientation angle, node 1, rad
         37    9.928E-01,  9.850E-03, -1.196E-01         F               0         Tower X orientation angle, node 2, rad
         38   -4.079E-03,  9.988E-01,  4.840E-02         F               0         Tower Y orientation angle, node 2, rad
         39    1.199E-01, -4.756E-02,  9.916E-01         F               0         Tower Z orientation angle, node 2, rad
         40    9.926E-01,  9.929E-03, -1.212E-01         F               0         Tower X orientation angle, node 3, rad
         41   -4.031E-03,  9.988E-01,  4.880E-02         F               0         Tower Y orientation angle, node 3, rad
         42    1.216E-01, -4.795E-02,  9.914E-01         F               0         Tower Z orientation angle, node 3, rad
         43    9.924E-01,  9.996E-03, -1.226E-01         F               0         Tower X orientation angle, node 4, rad
         44   -3.988E-03,  9.988E-01,  4.915E-02         F               0         Tower Y orientation angle, node 4, rad
         45    1.230E-01, -4.828E-02,  9.912E-01         F               0         Tower Z orientation angle, node 4, rad
         46    9.923E-01,  1.005E-02, -1.238E-01         F               0         Tower X orientation angle, node 5, rad
         47   -3.951E-03,  9.988E-01,  4.944E-02         F               0         Tower Y orientation angle, node 5, rad
         48    1.241E-01, -4.857E-02,  9.911E-01         F               0         Tower Z orientation angle, node 5, rad
         49    9.921E-01,  1.010E-02, -1.247E-01         F               0         Tower X orientation angle, node 6, rad
         50   -3.920E-03,  9.988E-01,  4.969E-02         F               0         Tower Y orientation angle, node 6, rad
         51    1.250E-01, -4.881E-02,  9.910E-01         F               0         Tower Z orientation angle, node 6, rad
         52    9.921E-01,  1.013E-02, -1.253E-01         F               0         Tower X orientation angle, node 7, rad
         53   -3.895E-03,  9.987E-01,  4.989E-02         F               0         Tower Y orientation angle, node 7, rad
         54    1.257E-01, -4.901E-02,  9.909E-01         F               0         Tower Z orientation angle, node 7, rad
         55    9.920E-01,  1.015E-02, -1.258E-01         F               0         Tower X orientation angle, node 8, rad
         56   -3.875E-03,  9.987E-01,  5.004E-02         F               0         Tower Y orientation angle, node 8, rad
         57    1.262E-01, -4.916E-02,  9.908E-01         F               0         Tower Z orientation angle, node 8, rad
         58    9.920E-01,  1.017E-02, -1.262E-01         F               0         Tower X orientation angle, node 9, rad
         59   -3.861E-03,  9.987E-01,  5.016E-02         F               0         Tower Y orientation angle, node 9, rad
         60    1.265E-01, -4.927E-02,  9.907E-01         F               0         Tower Z orientation angle, node 9, rad
         61    9.919E-01,  1.018E-02, -1.264E-01         F               0         Tower X orientation angle, node 10, rad
         62   -3.852E-03,  9.987E-01,  5.023E-02         F               0         Tower Y orientation angle, node 10, rad
         63    1.267E-01, -4.934E-02,  9.907E-01         F               0         Tower Z orientation angle, node 10, rad
         64    9.919E-01,  1.019E-02, -1.265E-01         F               0         Tower X orientation angle, node 11, rad
         65   -3.847E-03,  9.987E-01,  5.027E-02         F               0         Tower Y orientation angle, node 11, rad
         66    1.268E-01, -4.938E-02,  9.907E-01         F               0         Tower Z orientation angle, node 11, rad
         67   -5.036E-03                                 F               0         Tower X translation velocity, node 1, m/s
         68   -1.789E-03                                 F               0         Tower Y translation velocity, node 1, m/s
         69    7.650E-04                                 F               0         Tower Z translation velocity, node 1, m/s
         70   -5.480E-03                                 F               0         Tower X translation velocity, node 2, m/s
         71   -4.412E-03                                 F               0         Tower Y translation velocity, node 2, m/s
         72    6.931E-04                                 F               0         Tower Z translation velocity, node 2, m/s
         73   -5.829E-03                                 F               0         Tower X translation velocity, node 3, m/s
         74   -7.021E-03                                 F               0         Tower Y translation velocity, node 3, m/s
         75    6.099E-04                                 F               0         Tower Z translation velocity, node 3, m/s
         76   -6.100E-03                                 F               0         Tower X translation velocity, node 4, m/s
         77   -9.619E-03                                 F               0         Tower Y translation velocity, node 4, m/s
         78    5.172E-04                                 F               0         Tower Z translation velocity, node 4, m/s
         79   -6.302E-03                                 F               0         Tower X translation velocity, node 5, m/s
         80   -1.221E-02                                 F               0         Tower Y translation velocity, node 5, m/s
         81    4.159E-04                                 F               0         Tower Z translation velocity, node 5, m/s
         82   -6.443E-03                                 F               0         Tower X translation velocity, node 6, m/s
         83   -1.479E-02                                 F               0         Tower Y translation velocity, node 6, m/s
         84    3.068E-04                                 F               0         Tower Z translation velocity, node 6, m/s
         85   -6.535E-03                                 F               0         Tower X translation velocity, node 7, m/s
         86   -1.736E-02                                 F               0         Tower Y translation velocity, node 7, m/s
         87    1.915E-04                                 F               0         Tower Z translation velocity, node 7, m/s
         88   -6.583E-03                                 F               0         Tower X translation velocity, node 8, m/s
         89   -1.993E-02                                 F               0         Tower Y translation velocity, node 8, m/s
         90    7.043E-05                                 F               0         Tower Z translation velocity, node 8, m/s
         91   -6.596E-03                                 F               0         Tower X translation velocity, node 9, m/s
         92   -2.249E-02                                 F               0         Tower Y translation velocity, node 9, m/s
         93   -5.521E-05                                 F               0         Tower Z translation velocity, node 9, m/s
         94   -6.583E-03                                 F               0         Tower X translation velocity, node 10, m/s
         95   -2.505E-02                                 F               0         Tower Y translation velocity, node 10, m/s
         96   -1.842E-04                                 F               0         Tower Z translation velocity, node 10, m/s
         97   -6.554E-03                                 F               0         Tower X translation velocity, node 11, m/s
         98   -2.760E-02                                 F               0         Tower Y translation velocity, node 11, m/s
         99   -3.152E-04                                 F               0         Tower Z translation velocity, node 11, m/s
        100    2.743E+01                                 F               0         Hub X translation displacement, node 1, m
        101   -7.737E+00                                 F               0         Hub Y translation displacement, node 1, m
        102   -1.385E-01                                 F               0         Hub Z translation displacement, node 1, m
        103    9.732E-01,  1.529E-02, -2.294E-01         F               0         Hub X orientation angle, node 1, rad
        104   -6.197E-02,  9.783E-01, -1.977E-01         F               0         Hub Y orientation angle, node 1, rad
        105    2.214E-01,  2.067E-01,  9.530E-01         F               0         Hub Z orientation angle, node 1, rad
        106    8.537E-01                                 F               0         Hub X rotation velocity, node 1, rad/s
        107    1.341E-02                                 F               0         Hub Y rotation velocity, node 1, rad/s
        108   -2.011E-01                                 F               0         Hub Z rotation velocity, node 1, rad/s
        109    9.746E-01, -1.374E-02, -2.234E-01         F               0         Blade root 1 X orientation angle, node 1, rad
        110   -3.307E-02,  9.783E-01, -2.044E-01         F               0         Blade root 1 Y orientation angle, node 1, rad
        111    2.214E-01,  2.067E-01,  9.530E-01         F               0         Blade root 1 Z orientation angle, node 1, rad
        112    9.662E-01,  2.449E-02, -2.567E-01         F               0         Blade root 2 X orientation angle, node 1, rad
        113    2.515E-01, -3.096E-01,  9.170E-01         F               0         Blade root 2 Y orientation angle, node 1, rad
        114   -5.701E-02, -9.506E-01, -3.053E-01         F               0         Blade root 2 Z orientation angle, node 1, rad
        115    9.776E-01,  3.511E-02, -2.077E-01         F               0         Blade root 3 X orientation angle, node 1, rad
        116   -1.318E-01, -6.674E-01, -7.330E-01         F               0         Blade root 3 Y orientation angle, node 1, rad
        117   -1.643E-01,  7.439E-01, -6.478E-01         F               0         Blade root 3 Z orientation angle, node 1, rad
        118    2.808E+01                                 F               0         Blade 1 X translation displacement, node 1, m
        119   -6.592E+00                                 F               0         Blade 1 Y translation displacement, node 1, m
        120   -3.683E-01                                 F               0         Blade 1 Z translation displacement, node 1, m
        121    2.823E+01                                 F               0         Blade 1 X translation displacement, node 2, m
        122   -6.316E+00                                 F               0         Blade 1 Y translation displacement, node 2, m
        123   -4.236E-01                                 F               0         Blade 1 Z translation displacement, node 2, m
        124    3.035E+01                                 F               0         Blade 1 X translation displacement, node 3, m
        125   -2.565E+00                                 F               0         Blade 1 Y translation displacement, node 3, m
        126   -1.176E+00                                 F               0         Blade 1 Z translation displacement, node 3, m
        127    3.081E+01                                 F               0         Blade 1 X translation displacement, node 4, m
        128   -1.765E+00                                 F               0         Blade 1 Y translation displacement, node 4, m
        129   -1.337E+00                                 F               0         Blade 1 Z translation displacement, node 4, m
        130    3.126E+01                                 F               0         Blade 1 X translation displacement, node 5, m
        131   -9.660E-01                                 F               0         Blade 1 Y translation displacement, node 5, m
        132   -1.497E+00                                 F               0         Blade 1 Z translation displacement, node 5, m
        133    3.171E+01                                 F               0         Blade 1 X translation displacement, node 6, m
        134   -1.668E-01                                 F               0         Blade 1 Y translation displacement, node 6, m
        135   -1.658E+00                                 F               0         Blade 1 Z translation displacement, node 6, m
        136    3.216E+01                                 F               0         Blade 1 X translation displacement, node 7, m
        137    6.324E-01                                 F               0         Blade 1 Y translation displacement, node 7, m
        138   -1.818E+00                                 F               0         Blade 1 Z translation displacement, node 7, m
        139    3.261E+01                                 F               0         Blade 1 X translation displacement, node 8, m
        140    1.432E+00                                 F               0         Blade 1 Y translation displacement, node 8, m
        141   -1.979E+00                                 F               0         Blade 1 Z translation displacement, node 8, m
        142    3.307E+01                                 F               0         Blade 1 X translation displacement, node 9, m
        143    2.231E+00                                 F               0         Blade 1 Y translation displacement, node 9, m
        144   -2.139E+00                                 F               0         Blade 1 Z translation displacement, node 9, m
        145    3.352E+01                                 F               0         Blade 1 X translation displacement, node 10, m
        146    3.030E+00                                 F               0         Blade 1 Y translation displacement, node 10, m
        147   -2.299E+00                                 F               0         Blade 1 Z translation displacement, node 10, m
        148    3.397E+01                                 F               0         Blade 1 X translation displacement, node 11, m
        149    3.829E+00                                 F               0         Blade 1 Y translation displacement, node 11, m
        150   -2.460E+00                                 F               0         Blade 1 Z translation displacement, node 11, m
        151    3.442E+01                                 F               0         Blade 1 X translation displacement, node 12, m
        152    4.629E+00                                 F               0         Blade 1 Y translation displacement, node 12, m
        153   -2.620E+00                                 F               0         Blade 1 Z translation displacement, node 12, m
        154    3.487E+01                                 F               0         Blade 1 X translation displacement, node 13, m
        155    5.428E+00                                 F               0         Blade 1 Y translation displacement, node 13, m
        156   -2.781E+00                                 F               0         Blade 1 Z translation displacement, node 13, m
        157    3.532E+01                                 F               0         Blade 1 X translation displacement, node 14, m
        158    6.227E+00                                 F               0         Blade 1 Y translation displacement, node 14, m
        159   -2.941E+00                                 F               0         Blade 1 Z translation displacement, node 14, m
        160    3.578E+01                                 F               0         Blade 1 X translation displacement, node 15, m
        161    7.027E+00                                 F               0         Blade 1 Y translation displacement, node 15, m
        162   -3.101E+00                                 F               0         Blade 1 Z translation displacement, node 15, m
        163    3.623E+01                                 F               0         Blade 1 X translation displacement, node 16, m
        164    7.826E+00                                 F               0         Blade 1 Y translation displacement, node 16, m
        165   -3.262E+00                                 F               0         Blade 1 Z translation displacement, node 16, m
        166    3.668E+01                                 F               0         Blade 1 X translation displacement, node 17, m
        167    8.625E+00                                 F               0         Blade 1 Y translation displacement, node 17, m
        168   -3.422E+00                                 F               0         Blade 1 Z translation displacement, node 17, m
        169    3.713E+01                                 F               0         Blade 1 X translation displacement, node 18, m
        170    9.424E+00                                 F               0         Blade 1 Y translation displacement, node 18, m
        171   -3.583E+00                                 F               0         Blade 1 Z translation displacement, node 18, m
        172    3.758E+01                                 F               0         Blade 1 X translation displacement, node 19, m
        173    1.022E+01                                 F               0         Blade 1 Y translation displacement, node 19, m
        174   -3.743E+00                                 F               0         Blade 1 Z translation displacement, node 19, m
        175    3.804E+01                                 F               0         Blade 1 X translation displacement, node 20, m
        176    1.102E+01                                 F               0         Blade 1 Y translation displacement, node 20, m
        177   -3.903E+00                                 F               0         Blade 1 Z translation displacement, node 20, m
        178    3.849E+01                                 F               0         Blade 1 X translation displacement, node 21, m
        179    1.182E+01                                 F               0         Blade 1 Y translation displacement, node 21, m
        180   -4.064E+00                                 F               0         Blade 1 Z translation displacement, node 21, m
        181    3.894E+01                                 F               0         Blade 1 X translation displacement, node 22, m
        182    1.262E+01                                 F               0         Blade 1 Y translation displacement, node 22, m
        183   -4.224E+00                                 F               0         Blade 1 Z translation displacement, node 22, m
        184    3.939E+01                                 F               0         Blade 1 X translation displacement, node 23, m
        185    1.342E+01                                 F               0         Blade 1 Y translation displacement, node 23, m
        186   -4.385E+00                                 F               0         Blade 1 Z translation displacement, node 23, m
        187    3.984E+01                                 F               0         Blade 1 X translation displacement, node 24, m
        188    1.422E+01                                 F               0         Blade 1 Y translation displacement, node 24, m
        189   -4.545E+00                                 F               0         Blade 1 Z translation displacement, node 24, m
        190    4.029E+01                                 F               0         Blade 1 X translation displacement, node 25, m
        191    1.502E+01                                 F               0         Blade 1 Y translation displacement, node 25, m
        192   -4.706E+00                                 F               0         Blade 1 Z translation displacement, node 25, m
        193    4.075E+01                                 F               0         Blade 1 X translation displacement, node 26, m
        194    1.582E+01                                 F               0         Blade 1 Y translation displacement, node 26, m
        195   -4.866E+00                                 F               0         Blade 1 Z translation displacement, node 26, m
        196    4.120E+01                                 F               0         Blade 1 X translation displacement, node 27, m
        197    1.662E+01                                 F               0         Blade 1 Y translation displacement, node 27, m
        198   -5.026E+00                                 F               0         Blade 1 Z translation displacement, node 27, m
        199    4.158E+01                                 F               0         Blade 1 X translation displacement, node 28, m
        200    1.730E+01                                 F               0         Blade 1 Y translation displacement, node 28, m
        201   -5.162E+00                                 F               0         Blade 1 Z translation displacement, node 28, m
        202    8.825E-01, -4.583E-01, -1.056E-01         F               0         Blade 1 X orientation angle, node 1, rad
        203    4.150E-01,  8.644E-01, -2.838E-01         F               0         Blade 1 Y orientation angle, node 1, rad
        204    2.214E-01,  2.067E-01,  9.530E-01         F               0         Blade 1 Z orientation angle, node 1, rad
        205    8.825E-01, -4.583E-01, -1.056E-01         F               0         Blade 1 X orientation angle, node 2, rad
        206    4.150E-01,  8.644E-01, -2.838E-01         F               0         Blade 1 Y orientation angle, node 2, rad
        207    2.214E-01,  2.067E-01,  9.530E-01         F               0         Blade 1 Z orientation angle, node 2, rad
        208    9.557E-01, -2.404E-01, -1.698E-01         F               0         Blade 1 X orientation angle, node 3, rad
        209    1.940E-01,  9.484E-01, -2.507E-01         F               0         Blade 1 Y orientation angle, node 3, rad
        210    2.214E-01,  2.067E-01,  9.530E-01         F               0         Blade 1 Z orientation angle, node 3, rad
        211    9.630E-01, -2.002E-01, -1.803E-01         F               0         Blade 1 X orientation angle, node 4, rad
        212    1.535E-01,  9.577E-01, -2.433E-01         F               0         Blade 1 Y orientation angle, node 4, rad
        213    2.214E-01,  2.067E-01,  9.530E-01         F               0         Blade 1 Z orientation angle, node 4, rad
        214    9.676E-01, -1.683E-01, -1.882E-01         F               0         Blade 1 X orientation angle, node 5, rad
        215    1.215E-01,  9.638E-01, -2.372E-01         F               0         Blade 1 Y orientation angle, node 5, rad
        216    2.214E-01,  2.067E-01,  9.530E-01         F               0         Blade 1 Z orientation angle, node 5, rad
        217    9.705E-01, -1.427E-01, -1.945E-01         F               0         Blade 1 X orientation angle, node 6, rad
        218    9.578E-02,  9.680E-01, -2.321E-01         F               0         Blade 1 Y orientation angle, node 6, rad
        219    2.214E-01,  2.067E-01,  9.530E-01         F               0         Blade 1 Z orientation angle, node 6, rad
        220    9.723E-01, -1.215E-01, -1.995E-01         F               0         Blade 1 X orientation angle, node 7, rad
        221    7.459E-02,  9.708E-01, -2.278E-01         F               0         Blade 1 Y orientation angle, node 7, rad
        222    2.214E-01,  2.067E-01,  9.530E-01         F               0         Blade 1 Z orientation angle, node 7, rad
        223    9.735E-01, -1.039E-01, -2.036E-01         F               0         Blade 1 X orientation angle, node 8, rad
        224    5.693E-02,  9.729E-01, -2.242E-01         F               0         Blade 1 Y orientation angle, node 8, rad
        225    2.214E-01,  2.067E-01,  9.530E-01         F               0         Blade 1 Z orientation angle, node 8, rad
        226    9.743E-01, -8.892E-02, -2.070E-01         F               0         Blade 1 X orientation angle, node 9, rad
        227    4.197E-02,  9.744E-01, -2.210E-01         F               0         Blade 1 Y orientation angle, node 9, rad
        228    2.214E-01,  2.067E-01,  9.530E-01         F               0         Blade 1 Z orientation angle, node 9, rad
        229    9.748E-01, -7.599E-02, -2.099E-01         F               0         Blade 1 X orientation angle, node 10, rad
        230    2.904E-02,  9.755E-01, -2.183E-01         F               0         Blade 1 Y orientation angle, node 10, rad
        231    2.214E-01,  2.067E-01,  9.530E-01         F               0         Blade 1 Z orientation angle, node 10, rad
        232    9.750E-01, -6.492E-02, -2.124E-01         F               0         Blade 1 X orientation angle, node 11, rad
        233    1.798E-02,  9.763E-01, -2.159E-01         F               0         Blade 1 Y orientation angle, node 11, rad
        234    2.214E-01,  2.067E-01,  9.530E-01         F               0         Blade 1 Z orientation angle, node 11, rad
        235    9.752E-01, -5.520E-02, -2.145E-01         F               0         Blade 1 X orientation angle, node 12, rad
        236    8.281E-03,  9.769E-01, -2.137E-01         F               0         Blade 1 Y orientation angle, node 12, rad
        237    2.214E-01,  2.067E-01,  9.530E-01         F               0         Blade 1 Z orientation angle, node 12, rad
        238    9.752E-01, -4.668E-02, -2.164E-01         F               0         Blade 1 X orientation angle, node 13, rad
        239   -2.289E-04,  9.773E-01, -2.119E-01         F               0         Blade 1 Y orientation angle, node 13, rad
        240    2.214E-01,  2.067E-01,  9.530E-01         F               0         Blade 1 Z orientation angle, node 13, rad
        241    9.752E-01, -3.900E-02, -2.180E-01         F               0         Blade 1 X orientation angle, node 14, rad
        242   -7.888E-03,  9.776E-01, -2.102E-01         F               0         Blade 1 Y orientation angle, node 14, rad
        243    2.214E-01,  2.067E-01,  9.530E-01         F               0         Blade 1 Z orientation angle, node 14, rad
        244    9.751E-01, -3.217E-02, -2.195E-01         F               0         Blade 1 X orientation angle, node 15, rad
        245   -1.470E-02,  9.779E-01, -2.086E-01         F               0         Blade 1 Y orientation angle, node 15, rad
        246    2.214E-01,  2.067E-01,  9.530E-01         F               0         Blade 1 Z orientation angle, node 15, rad
        247    9.750E-01, -2.603E-02, -2.208E-01         F               0         Blade 1 X orientation angle, node 16, rad
        248   -2.082E-02,  9.781E-01, -2.072E-01         F               0         Blade 1 Y orientation angle, node 16, rad
        249    2.214E-01,  2.067E-01,  9.530E-01         F               0         Blade 1 Z orientation angle, node 16, rad
        250    9.748E-01, -2.057E-02, -2.220E-01         F               0         Blade 1 X orientation angle, node 17, rad
        251   -2.627E-02,  9.782E-01, -2.060E-01         F               0         Blade 1 Y orientation angle, node 17, rad
        252    2.214E-01,  2.067E-01,  9.530E-01         F               0         Blade 1 Z orientation angle, node 17, rad
        253    9.747E-01, -1.544E-02, -2.230E-01         F               0         Blade 1 X orientation angle, node 18, rad
        254   -3.137E-02,  9.783E-01, -2.048E-01         F               0         Blade 1 Y orientation angle, node 18, rad
        255    2.214E-01,  2.067E-01,  9.530E-01         F               0         Blade 1 Z orientation angle, node 18, rad
        256    9.745E-01, -1.083E-02, -2.240E-01         F               0         Blade 1 X orientation angle, node 19, rad
        257   -3.596E-02,  9.784E-01, -2.038E-01         F               0         Blade 1 Y orientation angle, node 19, rad
        258    2.214E-01,  2.067E-01,  9.530E-01         F               0         Blade 1 Z orientation angle, node 19, rad
        259    9.744E-01, -6.735E-03, -2.248E-01         F               0         Blade 1 X orientation angle, node 20, rad
        260   -4.005E-02,  9.784E-01, -2.028E-01         F               0         Blade 1 Y orientation angle, node 20, rad
        261    2.214E-01,  2.067E-01,  9.530E-01         F               0         Blade 1 Z orientation angle, node 20, rad
        262    9.742E-01, -2.808E-03, -2.257E-01         F               0         Blade 1 X orientation angle, node 21, rad
        263   -4.396E-02,  9.784E-01, -2.019E-01         F               0         Blade 1 Y orientation angle, node 21, rad
        264    2.214E-01,  2.067E-01,  9.530E-01         F               0         Blade 1 Z orientation angle, node 21, rad
        265    9.740E-01,  7.786E-04, -2.264E-01         F               0         Blade 1 X orientation angle, node 22, rad
        266   -4.753E-02,  9.784E-01, -2.011E-01         F               0         Blade 1 Y orientation angle, node 22, rad
        267    2.214E-01,  2.067E-01,  9.530E-01         F               0         Blade 1 Z orientation angle, node 22, rad
        268    9.739E-01,  4.023E-03, -2.271E-01         F               0         Blade 1 X orientation angle, node 23, rad
        269   -5.076E-02,  9.784E-01, -2.004E-01         F               0         Blade 1 Y orientation angle, node 23, rad
        270    2.214E-01,  2.067E-01,  9.530E-01         F               0         Blade 1 Z orientation angle, node 23, rad
        271    9.737E-01,  7.097E-03, -2.277E-01         F               0         Blade 1 X orientation angle, node 24, rad
        272   -5.382E-02,  9.784E-01, -1.996E-01         F               0         Blade 1 Y orientation angle, node 24, rad
        273    2.214E-01,  2.067E-01,  9.530E-01         F               0         Blade 1 Z orientation angle, node 24, rad
        274    9.735E-01,  1.000E-02, -2.283E-01         F               0         Blade 1 X orientation angle, node 25, rad
        275   -5.670E-02,  9.784E-01, -1.990E-01         F               0         Blade 1 Y orientation angle, node 25, rad
        276    2.214E-01,  2.067E-01,  9.530E-01         F               0         Blade 1 Z orientation angle, node 25, rad
        277    9.734E-01,  1.256E-02, -2.288E-01         F               0         Blade 1 X orientation angle, node 26, rad
        278   -5.925E-02,  9.783E-01, -1.984E-01         F               0         Blade 1 Y orientation angle, node 26, rad
        279    2.214E-01,  2.067E-01,  9.530E-01         F               0         Blade 1 Z orientation angle, node 26, rad
        280    9.732E-01,  1.512E-02, -2.293E-01         F               0         Blade 1 X orientation angle, node 27, rad
        281   -6.180E-02,  9.783E-01, -1.978E-01         F               0         Blade 1 Y orientation angle, node 27, rad
        282    2.214E-01,  2.067E-01,  9.530E-01         F               0         Blade 1 Z orientation angle, node 27, rad
        283    9.731E-01,  1.649E-02, -2.296E-01         F               0         Blade 1 X orientation angle, node 28, rad
        284   -6.316E-02,  9.783E-01, -1.975E-01         F               0         Blade 1 Y orientation angle, node 28, rad
        285    2.214E-01,  2.067E-01,  9.530E-01         F               0         Blade 1 Z orientation angle, node 28, rad
        286    2.945E-01                                 F               0         Blade 1 X translation velocity, node 1, m/s
        287   -4.784E+00                                 F               0         Blade 1 Y translation velocity, node 1, m/s
        288    9.605E-01                                 F               0         Blade 1 Z translation velocity, node 1, m/s
        289    3.671E-01                                 F               0         Blade 1 X translation velocity, node 2, m/s
        290   -5.929E+00                                 F               0         Blade 1 Y translation velocity, node 2, m/s
        291    1.192E+00                                 F               0         Blade 1 Z translation velocity, node 2, m/s
        292    1.354E+00                                 F               0         Blade 1 X translation velocity, node 3, m/s
        293   -2.151E+01                                 F               0         Blade 1 Y translation velocity, node 3, m/s
        294    4.340E+00                                 F               0         Blade 1 Z translation velocity, node 3, m/s
        295    1.564E+00                                 F               0         Blade 1 X translation velocity, node 4, m/s
        296   -2.482E+01                                 F               0         Blade 1 Y translation velocity, node 4, m/s
        297    5.011E+00                                 F               0         Blade 1 Z translation velocity, node 4, m/s
        298    1.774E+00                                 F               0         Blade 1 X translation velocity, node 5, m/s
        299   -2.814E+01                                 F               0         Blade 1 Y translation velocity, node 5, m/s
        300    5.682E+00                                 F               0         Blade 1 Z translation velocity, node 5, m/s
        301    1.984E+00                                 F               0         Blade 1 X translation velocity, node 6, m/s
        302   -3.146E+01                                 F               0         Blade 1 Y translation velocity, node 6, m/s
        303    6.353E+00                                 F               0         Blade 1 Z translation velocity, node 6, m/s
        304    2.194E+00                                 F               0         Blade 1 X translation velocity, node 7, m/s
        305   -3.478E+01                                 F               0         Blade 1 Y translation velocity, node 7, m/s
        306    7.024E+00                                 F               0         Blade 1 Z translation velocity, node 7, m/s
        307    2.404E+00                                 F               0         Blade 1 X translation velocity, node 8, m/s
