
Linearized model: Predictions were generated on 13-Feb-2024 at 11:29:37 using OpenFAST, compiled as a 64-bit application using single precision at commit v3.5.1
 linked with  NWTC Subroutine Library; ElastoDyn; InflowWind; AeroDyn; ServoDyn; HydroDyn; MAP++ (<1.20.10>, <Oct-20-2023>)

Description from the FAST input file: CCT-9 Campign 4 model. Input files to be run with OpenFAST 3.5.0. GitHub branch from Lu Wang (https://github.com/luwang00/openfast/tree/dev) compiled on March 7, 2023.

Simulation information:
   Simulation time:                  1214.5750 s
   Rotor Speed:                         0.7917 rad/s
   Azimuth:                             2.9685 rad
   Wind Speed:                         16.0000 m/s
   Number of continuous states:         0
   Number of discrete states:           0
   Number of constraint states:         0
   Number of inputs:                 1746
   Number of outputs:                   4
   Jacobians included in this file?    No

Order of inputs:
     Column   Operating Point                                                   Rotating Frame? Derivative Order Description
   ---------- ---------------                                                   --------------- ---------------- -----------
          1     1.07031650543E+001                                                     F               0         Tower X translation displacement, node 1, m
          2    -1.55820631981E+000                                                     F               0         Tower Y translation displacement, node 1, m
          3    -2.73923456669E-001                                                     F               0         Tower Z translation displacement, node 1, m
          4     1.20892896652E+001                                                     F               0         Tower X translation displacement, node 2, m
          5    -2.19130539894E+000                                                     F               0         Tower Y translation displacement, node 2, m
          6    -3.68261396885E-001                                                     F               0         Tower Z translation displacement, node 2, m
          7     1.34754152298E+001                                                     F               0         Tower X translation displacement, node 3, m
          8    -2.82440471649E+000                                                     F               0         Tower Y translation displacement, node 3, m
          9    -4.62597221136E-001                                                     F               0         Tower Z translation displacement, node 3, m
         10     1.48615407944E+001                                                     F               0         Tower X translation displacement, node 4, m
         11    -3.45750403404E+000                                                     F               0         Tower Y translation displacement, node 4, m
         12    -5.56933283806E-001                                                     F               0         Tower Z translation displacement, node 4, m
         13     1.62476673126E+001                                                     F               0         Tower X translation displacement, node 5, m
         14    -4.09060382843E+000                                                     F               0         Tower Y translation displacement, node 5, m
         15    -6.51266515255E-001                                                     F               0         Tower Z translation displacement, node 5, m
         16     1.76337909698E+001                                                     F               0         Tower X translation displacement, node 6, m
         17    -4.72370243073E+000                                                     F               0         Tower Y translation displacement, node 6, m
         18    -7.45610296726E-001                                                     F               0         Tower Z translation displacement, node 6, m
         19     1.90199184418E+001                                                     F               0         Tower X translation displacement, node 7, m
         20    -5.35680198669E+000                                                     F               0         Tower Y translation displacement, node 7, m
         21    -8.39940071106E-001                                                     F               0         Tower Z translation displacement, node 7, m
         22     2.04060420990E+001                                                     F               0         Tower X translation displacement, node 8, m
         23    -5.98990058899E+000                                                     F               0         Tower Y translation displacement, node 8, m
         24    -9.34281945229E-001                                                     F               0         Tower Z translation displacement, node 8, m
         25     2.17921695709E+001                                                     F               0         Tower X translation displacement, node 9, m
         26    -6.62300062180E+000                                                     F               0         Tower Y translation displacement, node 9, m
         27    -1.02861487865E+000                                                     F               0         Tower Z translation displacement, node 9, m
         28     2.31782932281E+001                                                     F               0         Tower X translation displacement, node 10, m
         29    -7.25609970093E+000                                                     F               0         Tower Y translation displacement, node 10, m
         30    -1.12295377254E+000                                                     F               0         Tower Z translation displacement, node 10, m
         31     2.45644187927E+001                                                     F               0         Tower X translation displacement, node 11, m
         32    -7.88919878006E+000                                                     F               0         Tower Y translation displacement, node 11, m
         33    -1.21728956699E+000                                                     F               0         Tower Z translation displacement, node 11, m
         34     9.93683815002E-001,   3.40672302991E-003,  -1.12164691091E-001         F               0         Tower X orientation angle, node 1, rad
         35     2.36687157303E-003,   9.98680412769E-001,   5.13008981943E-002         F               0         Tower Y orientation angle, node 1, rad
         36     1.12191453576E-001,  -5.12423515320E-002,   9.92364525795E-001         F               0         Tower Z orientation angle, node 1, rad
         37     9.93683815002E-001,   3.40672302991E-003,  -1.12164691091E-001         F               0         Tower X orientation angle, node 2, rad
         38     2.36687157303E-003,   9.98680412769E-001,   5.13008981943E-002         F               0         Tower Y orientation angle, node 2, rad
         39     1.12191453576E-001,  -5.12423515320E-002,   9.92364525795E-001         F               0         Tower Z orientation angle, node 2, rad
         40     9.93683815002E-001,   3.40672302991E-003,  -1.12164691091E-001         F               0         Tower X orientation angle, node 3, rad
         41     2.36687157303E-003,   9.98680412769E-001,   5.13008981943E-002         F               0         Tower Y orientation angle, node 3, rad
         42     1.12191453576E-001,  -5.12423515320E-002,   9.92364525795E-001         F               0         Tower Z orientation angle, node 3, rad
         43     9.93683815002E-001,   3.40672302991E-003,  -1.12164691091E-001         F               0         Tower X orientation angle, node 4, rad
         44     2.36687157303E-003,   9.98680412769E-001,   5.13008981943E-002         F               0         Tower Y orientation angle, node 4, rad
         45     1.12191453576E-001,  -5.12423515320E-002,   9.92364525795E-001         F               0         Tower Z orientation angle, node 4, rad
         46     9.93683815002E-001,   3.40672302991E-003,  -1.12164691091E-001         F               0         Tower X orientation angle, node 5, rad
         47     2.36687157303E-003,   9.98680412769E-001,   5.13008981943E-002         F               0         Tower Y orientation angle, node 5, rad
         48     1.12191453576E-001,  -5.12423515320E-002,   9.92364525795E-001         F               0         Tower Z orientation angle, node 5, rad
         49     9.93683815002E-001,   3.40672302991E-003,  -1.12164691091E-001         F               0         Tower X orientation angle, node 6, rad
         50     2.36687157303E-003,   9.98680412769E-001,   5.13008981943E-002         F               0         Tower Y orientation angle, node 6, rad
         51     1.12191453576E-001,  -5.12423515320E-002,   9.92364525795E-001         F               0         Tower Z orientation angle, node 6, rad
         52     9.93683815002E-001,   3.40672302991E-003,  -1.12164691091E-001         F               0         Tower X orientation angle, node 7, rad
         53     2.36687157303E-003,   9.98680412769E-001,   5.13008981943E-002         F               0         Tower Y orientation angle, node 7, rad
         54     1.12191453576E-001,  -5.12423515320E-002,   9.92364525795E-001         F               0         Tower Z orientation angle, node 7, rad
         55     9.93683815002E-001,   3.40672302991E-003,  -1.12164691091E-001         F               0         Tower X orientation angle, node 8, rad
         56     2.36687134020E-003,   9.98680412769E-001,   5.13008981943E-002         F               0         Tower Y orientation angle, node 8, rad
         57     1.12191446126E-001,  -5.12423515320E-002,   9.92364525795E-001         F               0         Tower Z orientation angle, node 8, rad
         58     9.93683815002E-001,   3.40672326274E-003,  -1.12164698541E-001         F               0         Tower X orientation angle, node 9, rad
         59     2.36687157303E-003,   9.98680412769E-001,   5.13009019196E-002         F               0         Tower Y orientation angle, node 9, rad
         60     1.12191453576E-001,  -5.12423515320E-002,   9.92364525795E-001         F               0         Tower Z orientation angle, node 9, rad
         61     9.93683815002E-001,   3.40672302991E-003,  -1.12164691091E-001         F               0         Tower X orientation angle, node 10, rad
         62     2.36687157303E-003,   9.98680412769E-001,   5.13008981943E-002         F               0         Tower Y orientation angle, node 10, rad
         63     1.12191453576E-001,  -5.12423515320E-002,   9.92364525795E-001         F               0         Tower Z orientation angle, node 10, rad
         64     9.93683815002E-001,   3.40672302991E-003,  -1.12164691091E-001         F               0         Tower X orientation angle, node 11, rad
         65     2.36687157303E-003,   9.98680412769E-001,   5.13008981943E-002         F               0         Tower Y orientation angle, node 11, rad
         66     1.12191453576E-001,  -5.12423515320E-002,   9.92364525795E-001         F               0         Tower Z orientation angle, node 11, rad
         67     8.79251310835E-005                                                     F               0         Tower X translation velocity, node 1, m/s
         68    -5.96476660576E-004                                                     F               0         Tower Y translation velocity, node 1, m/s
         69    -4.42362902686E-003                                                     F               0         Tower Z translation velocity, node 1, m/s
         70     1.20798664284E-004                                                     F               0         Tower X translation velocity, node 2, m/s
         71    -9.11720155273E-004                                                     F               0         Tower Y translation velocity, node 2, m/s
         72    -4.44362359121E-003                                                     F               0         Tower Z translation velocity, node 2, m/s
         73     1.53672197484E-004                                                     F               0         Tower X translation velocity, node 3, m/s
         74    -1.22696382459E-003                                                     F               0         Tower Y translation velocity, node 3, m/s
         75    -4.46361815557E-003                                                     F               0         Tower Z translation velocity, node 3, m/s
         76     1.86545730685E-004                                                     F               0         Tower X translation velocity, node 4, m/s
         77    -1.54220731929E-003                                                     F               0         Tower Y translation velocity, node 4, m/s
         78    -4.48361271992E-003                                                     F               0         Tower Z translation velocity, node 4, m/s
         79     2.19419292989E-004                                                     F               0         Tower X translation velocity, node 5, m/s
         80    -1.85745104682E-003                                                     F               0         Tower Y translation velocity, node 5, m/s
         81    -4.50360774994E-003                                                     F               0         Tower Z translation velocity, node 5, m/s
         82     2.52292782534E-004                                                     F               0         Tower X translation velocity, node 6, m/s
         83    -2.17269407585E-003                                                     F               0         Tower Y translation velocity, node 6, m/s
         84    -4.52360231429E-003                                                     F               0         Tower Z translation velocity, node 6, m/s
         85     2.85166373942E-004                                                     F               0         Tower X translation velocity, node 7, m/s
         86    -2.48793815263E-003                                                     F               0         Tower Y translation velocity, node 7, m/s
         87    -4.54359687865E-003                                                     F               0         Tower Z translation velocity, node 7, m/s
         88     3.18039878039E-004                                                     F               0         Tower X translation velocity, node 8, m/s
         89    -2.80318129808E-003                                                     F               0         Tower Y translation velocity, node 8, m/s
         90    -4.56359144300E-003                                                     F               0         Tower Z translation velocity, node 8, m/s
         91     3.50913440343E-004                                                     F               0         Tower X translation velocity, node 9, m/s
         92    -3.11842514202E-003                                                     F               0         Tower Y translation velocity, node 9, m/s
         93    -4.58358647302E-003                                                     F               0         Tower Z translation velocity, node 9, m/s
         94     3.83786973543E-004                                                     F               0         Tower X translation velocity, node 10, m/s
         95    -3.43366875313E-003                                                     F               0         Tower Y translation velocity, node 10, m/s
         96    -4.60358103737E-003                                                     F               0         Tower Z translation velocity, node 10, m/s
         97     4.16660506744E-004                                                     F               0         Tower X translation velocity, node 11, m/s
         98    -3.74891213141E-003                                                     F               0         Tower Y translation velocity, node 11, m/s
         99    -4.62357513607E-003                                                     F               0         Tower Z translation velocity, node 11, m/s
        100     2.55133590698E+001                                                     F               0         Hub X translation displacement, node 1, m
        101    -8.32825469971E+000                                                     F               0         Hub Y translation displacement, node 1, m
        102    -6.57887011766E-002                                                     F               0         Hub Z translation displacement, node 1, m
        103     9.76513087749E-001,   8.74434504658E-003,  -2.15280577540E-001         F               0         Hub X orientation angle, node 1, rad
        104     3.47675532103E-002,  -9.92476761341E-001,   1.17392897606E-001         F               0         Hub Y orientation angle, node 1, rad
        105    -2.12634444237E-001,  -1.22120484710E-001,  -9.69470560551E-001         F               0         Hub Z orientation angle, node 1, rad
        106     7.73139715195E-001                                                     F               0         Hub X rotation velocity, node 1, rad/s
        107     6.92529510707E-003                                                     F               0         Hub Y rotation velocity, node 1, rad/s
        108    -1.70432507992E-001                                                     F               0         Hub Z rotation velocity, node 1, rad/s
        109     9.61908757687E-001,   1.48290023208E-001,  -2.29655444622E-001         F               0         Blade root 1 X orientation angle, node 1, rad
        110     1.71808451414E-001,  -9.81374859810E-001,   8.59371945262E-002         F               0         Blade root 1 Y orientation angle, node 1, rad
        111    -2.12634444237E-001,  -1.22120484710E-001,  -9.69470560551E-001         F               0         Blade root 1 Z orientation angle, node 1, rad
        112     9.95153784752E-001,  -4.62795458734E-002,  -8.67589265108E-002         F               0         Blade root 2 X orientation angle, node 1, rad
        113    -6.21393881738E-002,   3.87825310230E-001,  -9.19635891914E-001         F               0         Blade root 2 Y orientation angle, node 1, rad
        114     7.62076377869E-002,   9.20570313931E-001,   3.83070051670E-001         F               0         Blade root 2 Z orientation angle, node 1, rad
        115     9.43338155746E-001,  -7.60383680463E-002,  -3.23003530502E-001         F               0         Blade root 3 X orientation angle, node 1, rad
        116     3.02491068840E-001,   5.97240328789E-001,   7.42834508419E-001         F               0         Blade root 3 Y orientation angle, node 1, rad
        117     1.36426806450E-001,  -7.98449873924E-001,   5.86400508881E-001         F               0         Blade root 3 Z orientation angle, node 1, rad
        118     2.37562770844E+001                                                     F               0         Blade 1 X translation displacement, node 1, m
        119    -9.00480270386E+000                                                     F               0         Blade 1 Y translation displacement, node 1, m
        120    -1.09463148117E+001                                                     F               0         Blade 1 Z translation displacement, node 1, m
        121     2.33328952789E+001                                                     F               0         Blade 1 X translation displacement, node 2, m
        122    -9.16782188416E+000                                                     F               0         Blade 1 Y translation displacement, node 2, m
        123    -1.35680570602E+001                                                     F               0         Blade 1 Z translation displacement, node 2, m
        124     1.75756244659E+001                                                     F               0         Blade 1 X translation displacement, node 3, m
        125    -1.13846025467E+001                                                     F               0         Blade 1 Y translation displacement, node 3, m
        126    -4.92192459106E+001                                                     F               0         Blade 1 Z translation displacement, node 3, m
        127     1.63490028381E+001                                                     F               0         Blade 1 X translation displacement, node 4, m
        128    -1.18569002151E+001                                                     F               0         Blade 1 Y translation displacement, node 4, m
        129    -5.68149490356E+001                                                     F               0         Blade 1 Z translation displacement, node 4, m
        130     1.51221504211E+001                                                     F               0         Blade 1 X translation displacement, node 5, m
        131    -1.23292884827E+001                                                     F               0         Blade 1 Y translation displacement, node 5, m
        132    -6.44120864868E+001                                                     F               0         Blade 1 Z translation displacement, node 5, m
        133     1.38955249786E+001                                                     F               0         Blade 1 X translation displacement, node 6, m
        134    -1.28015890121E+001                                                     F               0         Blade 1 Y translation displacement, node 6, m
        135    -7.20078201294E+001                                                     F               0         Blade 1 Z translation displacement, node 6, m
        136     1.26688957214E+001                                                     F               0         Blade 1 X translation displacement, node 7, m
        137    -1.32738904953E+001                                                     F               0         Blade 1 Y translation displacement, node 7, m
        138    -7.96035614014E+001                                                     F               0         Blade 1 Z translation displacement, node 7, m
        139     1.14420461655E+001                                                     F               0         Blade 1 X translation displacement, node 8, m
        140    -1.37462768555E+001                                                     F               0         Blade 1 Y translation displacement, node 8, m
        141    -8.72006835938E+001                                                     F               0         Blade 1 Z translation displacement, node 8, m
        142     1.02154159546E+001                                                     F               0         Blade 1 X translation displacement, node 9, m
        143    -1.42185783386E+001                                                     F               0         Blade 1 Y translation displacement, node 9, m
        144    -9.47964324951E+001                                                     F               0         Blade 1 Z translation displacement, node 9, m
        145     8.98879051208E+000                                                     F               0         Blade 1 X translation displacement, node 10, m
        146    -1.46908788681E+001                                                     F               0         Blade 1 Y translation displacement, node 10, m
        147    -1.02392166138E+002                                                     F               0         Blade 1 Z translation displacement, node 10, m
        148     7.76216077805E+000                                                     F               0         Blade 1 X translation displacement, node 11, m
        149    -1.51631803513E+001                                                     F               0         Blade 1 Y translation displacement, node 11, m
        150    -1.09987915039E+002                                                     F               0         Blade 1 Z translation displacement, node 11, m
        151     6.53531646729E+000                                                     F               0         Blade 1 X translation displacement, node 12, m
        152    -1.56355648041E+001                                                     F               0         Blade 1 Y translation displacement, node 12, m
        153    -1.17585006714E+002                                                     F               0         Blade 1 Z translation displacement, node 12, m
        154     5.30868625641E+000                                                     F               0         Blade 1 X translation displacement, node 13, m
        155    -1.61078662872E+001                                                     F               0         Blade 1 Y translation displacement, node 13, m
        156    -1.25180755615E+002                                                     F               0         Blade 1 Z translation displacement, node 13, m
        157     4.08206129074E+000                                                     F               0         Blade 1 X translation displacement, node 14, m
        158    -1.65801658630E+001                                                     F               0         Blade 1 Y translation displacement, node 14, m
        159    -1.32776489258E+002                                                     F               0         Blade 1 Z translation displacement, node 14, m
        160     2.85520887375E+000                                                     F               0         Blade 1 X translation displacement, node 15, m
        161    -1.70525531769E+001                                                     F               0         Blade 1 Y translation displacement, node 15, m
        162    -1.40373611450E+002                                                     F               0         Blade 1 Z translation displacement, node 15, m
        163     1.62858295441E+000                                                     F               0         Blade 1 X translation displacement, node 16, m
        164    -1.75248546600E+001                                                     F               0         Blade 1 Y translation displacement, node 16, m
        165    -1.47969345093E+002                                                     F               0         Blade 1 Z translation displacement, node 16, m
        166     4.01952177286E-001                                                     F               0         Blade 1 X translation displacement, node 17, m
        167    -1.79971580505E+001                                                     F               0         Blade 1 Y translation displacement, node 17, m
        168    -1.55565109253E+002                                                     F               0         Blade 1 Z translation displacement, node 17, m
        169    -8.24674069881E-001                                                     F               0         Blade 1 X translation displacement, node 18, m
        170    -1.84694576263E+001                                                     F               0         Blade 1 Y translation displacement, node 18, m
        171    -1.63160842896E+002                                                     F               0         Blade 1 Z translation displacement, node 18, m
        172    -2.05151915550E+000                                                     F               0         Blade 1 X translation displacement, node 19, m
        173    -1.89418411255E+001                                                     F               0         Blade 1 Y translation displacement, node 19, m
        174    -1.70757934570E+002                                                     F               0         Blade 1 Z translation displacement, node 19, m
        175    -3.27814984322E+000                                                     F               0         Blade 1 X translation displacement, node 20, m
        176    -1.94141445160E+001                                                     F               0         Blade 1 Y translation displacement, node 20, m
        177    -1.78353683472E+002                                                     F               0         Blade 1 Z translation displacement, node 20, m
        178    -4.50477600098E+000                                                     F               0         Blade 1 X translation displacement, node 21, m
        179    -1.98864459991E+001                                                     F               0         Blade 1 Y translation displacement, node 21, m
        180    -1.85949417114E+002                                                     F               0         Blade 1 Z translation displacement, node 21, m
        181    -5.73162603378E+000                                                     F               0         Blade 1 X translation displacement, node 22, m
        182    -2.03588314056E+001                                                     F               0         Blade 1 Y translation displacement, node 22, m
        183    -1.93546539307E+002                                                     F               0         Blade 1 Z translation displacement, node 22, m
        184    -6.95825672150E+000                                                     F               0         Blade 1 X translation displacement, node 23, m
        185    -2.08311328888E+001                                                     F               0         Blade 1 Y translation displacement, node 23, m
        186    -2.01142288208E+002                                                     F               0         Blade 1 Z translation displacement, node 23, m
        187    -8.18488311768E+000                                                     F               0         Blade 1 X translation displacement, node 24, m
        188    -2.13034343719E+001                                                     F               0         Blade 1 Y translation displacement, node 24, m
        189    -2.08738021851E+002                                                     F               0         Blade 1 Z translation displacement, node 24, m
        190    -9.41150856018E+000                                                     F               0         Blade 1 X translation displacement, node 25, m
        191    -2.17757339478E+001                                                     F               0         Blade 1 Y translation displacement, node 25, m
        192    -2.16333770752E+002                                                     F               0         Blade 1 Z translation displacement, node 25, m
        193    -1.06383590698E+001                                                     F               0         Blade 1 X translation displacement, node 26, m
        194    -2.22481212616E+001                                                     F               0         Blade 1 Y translation displacement, node 26, m
        195    -2.23930892944E+002                                                     F               0         Blade 1 Z translation displacement, node 26, m
        196    -1.18649845123E+001                                                     F               0         Blade 1 X translation displacement, node 27, m
        197    -2.27204208374E+001                                                     F               0         Blade 1 Y translation displacement, node 27, m
        198    -2.31526611328E+002                                                     F               0         Blade 1 Z translation displacement, node 27, m
        199    -1.29049034119E+001                                                     F               0         Blade 1 X translation displacement, node 28, m
        200    -2.31208324432E+001                                                     F               0         Blade 1 Y translation displacement, node 28, m
        201    -2.37966171265E+002                                                     F               0         Blade 1 Z translation displacement, node 28, m
        202     7.77727425098E-001,   5.79491972923E-001,  -2.43575707078E-001         F               0         Blade 1 X orientation angle, node 1, rad
        203     5.91545999050E-001,  -8.05776417255E-001,  -2.82435156405E-002         F               0         Blade 1 Y orientation angle, node 1, rad
        204    -2.12634444237E-001,  -1.22120484710E-001,  -9.69470560551E-001         F               0         Blade 1 Z orientation angle, node 1, rad
        205     7.77727425098E-001,   5.79491972923E-001,  -2.43575707078E-001         F               0         Blade 1 X orientation angle, node 2, rad
        206     5.91545999050E-001,  -8.05776417255E-001,  -2.82435156405E-002         F               0         Blade 1 Y orientation angle, node 2, rad
        207    -2.12634444237E-001,  -1.22120484710E-001,  -9.69470560551E-001         F               0         Blade 1 Z orientation angle, node 2, rad
        208     8.95769178867E-001,   3.72005760670E-001,  -2.43329629302E-001         F               0         Blade 1 X orientation angle, node 3, rad
        209     3.90364170074E-001,  -9.20162081718E-001,   3.02905254066E-002         F               0         Blade 1 Y orientation angle, node 3, rad
        210    -2.12634444237E-001,  -1.22120484710E-001,  -9.69470560551E-001         F               0         Blade 1 Z orientation angle, node 3, rad
        211     9.11453187466E-001,   3.32820683718E-001,  -2.41833612323E-001         F               0         Blade 1 X orientation angle, node 4, rad
        212     3.52192670107E-001,  -9.35049176216E-001,   4.05379608274E-002         F               0         Blade 1 Y orientation angle, node 4, rad
        213    -2.12634444237E-001,  -1.22120484710E-001,  -9.69470560551E-001         F               0         Blade 1 Z orientation angle, node 4, rad
        214     9.22629117966E-001,   3.01635980606E-001,  -2.40356609225E-001         F               0         Blade 1 X orientation angle, node 5, rad
        215     3.21779668331E-001,  -9.45569813251E-001,   4.85337078571E-002         F               0         Blade 1 Y orientation angle, node 5, rad
        216    -2.12634444237E-001,  -1.22120484710E-001,  -9.69470560551E-001         F               0         Blade 1 Z orientation angle, node 5, rad
        217     9.30839955807E-001,   2.76447743177E-001,  -2.38984629512E-001         F               0         Blade 1 X orientation angle, node 6, rad
        218     2.97192871571E-001,  -9.53238308430E-001,   5.48923090100E-002         F               0         Blade 1 Y orientation angle, node 6, rad
        219    -2.12634444237E-001,  -1.22120484710E-001,  -9.69470560551E-001         F               0         Blade 1 Z orientation angle, node 6, rad
        220     9.37101662159E-001,   2.55587190390E-001,  -2.37730294466E-001         F               0         Blade 1 X orientation angle, node 7, rad
        221     2.76815980673E-001,  -9.59042131901E-001,   6.00926652551E-002         F               0         Blade 1 Y orientation angle, node 7, rad
        222    -2.12634444237E-001,  -1.22120484710E-001,  -9.69470560551E-001         F               0         Blade 1 Z orientation angle, node 7, rad
        223     9.41971600056E-001,   2.38138049841E-001,  -2.36600428820E-001         F               0         Blade 1 X orientation angle, node 8, rad
        224     2.59761571884E-001,  -9.63523149490E-001,   6.43976703286E-002         F               0         Blade 1 Y orientation angle, node 8, rad
        225    -2.12634444237E-001,  -1.22120484710E-001,  -9.69470560551E-001         F               0         Blade 1 Z orientation angle, node 8, rad
        226     9.45850014687E-001,   2.23311886191E-001,  -2.35583484173E-001         F               0         Blade 1 X orientation angle, node 9, rad
        227     2.45263889432E-001,  -9.67066884041E-001,   6.80239424109E-002         F               0         Blade 1 Y orientation angle, node 9, rad
        228    -2.12634444237E-001,  -1.22120574117E-001,  -9.69470560551E-001         F               0         Blade 1 Z orientation angle, node 9, rad
        229     9.49020028114E-001,   2.10464969277E-001,  -2.34660476446E-001         F               0         Blade 1 X orientation angle, node 10, rad
        230     2.32696443796E-001,  -9.69943881035E-001,   7.11426809430E-002         F               0         Blade 1 Y orientation angle, node 10, rad
        231    -2.12634444237E-001,  -1.22120484710E-001,  -9.69470560551E-001         F               0         Blade 1 Z orientation angle, node 10, rad
        232     9.51598703861E-001,   1.99447989464E-001,  -2.33838304877E-001         F               0         Blade 1 X orientation angle, node 11, rad
        233     2.21915408969E-001,  -9.72269058228E-001,   7.38002061844E-002         F               0         Blade 1 Y orientation angle, node 11, rad
        234    -2.12634444237E-001,  -1.22120507061E-001,  -9.69470560551E-001         F               0         Blade 1 Z orientation angle, node 11, rad
        235     9.53759312630E-001,   1.89765781164E-001,  -2.33092561364E-001         F               0         Blade 1 X orientation angle, node 12, rad
        236     2.12437719107E-001,  -9.74205076694E-001,   7.61228054762E-002         F               0         Blade 1 Y orientation angle, node 12, rad
        237    -2.12634444237E-001,  -1.22120484710E-001,  -9.69470560551E-001         F               0         Blade 1 Z orientation angle, node 12, rad
        238     9.55576837063E-001,   1.81257113814E-001,  -2.32419386506E-001         F               0         Blade 1 X orientation angle, node 13, rad
        239     2.04106613994E-001,  -9.75823998451E-001,   7.81539976597E-002         F               0         Blade 1 Y orientation angle, node 13, rad
        240    -2.12634444237E-001,  -1.22120484710E-001,  -9.69470560551E-001         F               0         Blade 1 Z orientation angle, node 13, rad
        241     9.57150399685E-001,   1.73587501049E-001,  -2.31798410416E-001         F               0         Blade 1 X orientation angle, node 14, rad
        242     1.96595311165E-001,  -9.77217435837E-001,   7.99769684672E-002         F               0         Blade 1 Y orientation angle, node 14, rad
        243    -2.12634459138E-001,  -1.22120462358E-001,  -9.69470560551E-001         F               0         Blade 1 Z orientation angle, node 14, rad
        244     9.58499550819E-001,   1.66761055589E-001,  -2.31234431267E-001         F               0         Blade 1 X orientation angle, node 15, rad
        245     1.89908415079E-001,  -9.78405475616E-001,   8.15933644772E-002         F               0         Blade 1 Y orientation angle, node 15, rad
        246    -2.12634444237E-001,  -1.22120574117E-001,  -9.69470560551E-001         F               0         Blade 1 Z orientation angle, node 15, rad
        247     9.59673881531E-001,   1.60610318184E-001,  -2.30717197061E-001         F               0         Blade 1 X orientation angle, node 16, rad
