
Linearized model: Predictions were generated on 06-Feb-2024 at 10:15:48 using OpenFAST, compiled as a 64-bit application using single precision at commit v3.5.1
 linked with  NWTC Subroutine Library; ElastoDyn; InflowWind; AeroDyn; ServoDyn; HydroDyn; MAP++ (<1.20.10>, <Oct-20-2023>)

Description from the FAST input file: CCT-9 Campign 4 model. Input files to be run with OpenFAST 3.5.0. GitHub branch from Lu Wang (https://github.com/luwang00/openfast/tree/dev) compiled on March 7, 2023.

Simulation information:
   Simulation time:                  1004.9750 s
   Rotor Speed:                         1.0406 rad/s
   Azimuth:                             6.2221 rad
   Wind Speed:                         12.0000 m/s
   Number of continuous states:         0
   Number of discrete states:           0
   Number of constraint states:         0
   Number of inputs:                 1746
   Number of outputs:                   4
   Jacobians included in this file?    No

Order of inputs:
     Column   Operating Point                     Rotating Frame? Derivative Order Description
   ---------- ---------------                     --------------- ---------------- -----------
          1    1.514E+01                                 F               0         Tower X translation displacement, node 1, m
          2   -1.151E+00                                 F               0         Tower Y translation displacement, node 1, m
          3   -5.039E-01                                 F               0         Tower Z translation displacement, node 1, m
          4    1.707E+01                                 F               0         Tower X translation displacement, node 2, m
          5   -1.781E+00                                 F               0         Tower Y translation displacement, node 2, m
          6   -6.717E-01                                 F               0         Tower Z translation displacement, node 2, m
          7    1.903E+01                                 F               0         Tower X translation displacement, node 3, m
          8   -2.417E+00                                 F               0         Tower Y translation displacement, node 3, m
          9   -8.453E-01                                 F               0         Tower Z translation displacement, node 3, m
         10    2.102E+01                                 F               0         Tower X translation displacement, node 4, m
         11   -3.058E+00                                 F               0         Tower Y translation displacement, node 4, m
         12   -1.024E+00                                 F               0         Tower Z translation displacement, node 4, m
         13    2.303E+01                                 F               0         Tower X translation displacement, node 5, m
         14   -3.703E+00                                 F               0         Tower Y translation displacement, node 5, m
         15   -1.206E+00                                 F               0         Tower Z translation displacement, node 5, m
         16    2.506E+01                                 F               0         Tower X translation displacement, node 6, m
         17   -4.352E+00                                 F               0         Tower Y translation displacement, node 6, m
         18   -1.391E+00                                 F               0         Tower Z translation displacement, node 6, m
         19    2.711E+01                                 F               0         Tower X translation displacement, node 7, m
         20   -5.004E+00                                 F               0         Tower Y translation displacement, node 7, m
         21   -1.578E+00                                 F               0         Tower Z translation displacement, node 7, m
         22    2.916E+01                                 F               0         Tower X translation displacement, node 8, m
         23   -5.658E+00                                 F               0         Tower Y translation displacement, node 8, m
         24   -1.768E+00                                 F               0         Tower Z translation displacement, node 8, m
         25    3.122E+01                                 F               0         Tower X translation displacement, node 9, m
         26   -6.314E+00                                 F               0         Tower Y translation displacement, node 9, m
         27   -1.959E+00                                 F               0         Tower Z translation displacement, node 9, m
         28    3.329E+01                                 F               0         Tower X translation displacement, node 10, m
         29   -6.972E+00                                 F               0         Tower Y translation displacement, node 10, m
         30   -2.152E+00                                 F               0         Tower Z translation displacement, node 10, m
         31    3.537E+01                                 F               0         Tower X translation displacement, node 11, m
         32   -7.630E+00                                 F               0         Tower Y translation displacement, node 11, m
         33   -2.344E+00                                 F               0         Tower Z translation displacement, node 11, m
         34    9.879E-01,  1.352E-02, -1.546E-01         F               0         Tower X orientation angle, node 1, rad
         35   -5.495E-03,  9.986E-01,  5.225E-02         F               0         Tower Y orientation angle, node 1, rad
         36    1.550E-01, -5.077E-02,  9.866E-01         F               0         Tower Z orientation angle, node 1, rad
         37    9.875E-01,  1.366E-02, -1.572E-01         F               0         Tower X orientation angle, node 2, rad
         38   -5.414E-03,  9.986E-01,  5.276E-02         F               0         Tower Y orientation angle, node 2, rad
         39    1.577E-01, -5.125E-02,  9.862E-01         F               0         Tower Z orientation angle, node 2, rad
         40    9.871E-01,  1.378E-02, -1.595E-01         F               0         Tower X orientation angle, node 3, rad
         41   -5.341E-03,  9.986E-01,  5.322E-02         F               0         Tower Y orientation angle, node 3, rad
         42    1.600E-01, -5.168E-02,  9.858E-01         F               0         Tower Z orientation angle, node 3, rad
         43    9.868E-01,  1.388E-02, -1.614E-01         F               0         Tower X orientation angle, node 4, rad
         44   -5.275E-03,  9.985E-01,  5.361E-02         F               0         Tower Y orientation angle, node 4, rad
         45    1.619E-01, -5.205E-02,  9.854E-01         F               0         Tower Z orientation angle, node 4, rad
         46    9.865E-01,  1.397E-02, -1.631E-01         F               0         Tower X orientation angle, node 5, rad
         47   -5.219E-03,  9.985E-01,  5.396E-02         F               0         Tower Y orientation angle, node 5, rad
         48    1.636E-01, -5.238E-02,  9.851E-01         F               0         Tower Z orientation angle, node 5, rad
         49    9.863E-01,  1.404E-02, -1.644E-01         F               0         Tower X orientation angle, node 6, rad
         50   -5.171E-03,  9.985E-01,  5.424E-02         F               0         Tower Y orientation angle, node 6, rad
         51    1.649E-01, -5.265E-02,  9.849E-01         F               0         Tower Z orientation angle, node 6, rad
         52    9.861E-01,  1.409E-02, -1.654E-01         F               0         Tower X orientation angle, node 7, rad
         53   -5.133E-03,  9.985E-01,  5.447E-02         F               0         Tower Y orientation angle, node 7, rad
         54    1.659E-01, -5.287E-02,  9.847E-01         F               0         Tower Z orientation angle, node 7, rad
         55    9.860E-01,  1.413E-02, -1.662E-01         F               0         Tower X orientation angle, node 8, rad
         56   -5.103E-03,  9.985E-01,  5.465E-02         F               0         Tower Y orientation angle, node 8, rad
         57    1.667E-01, -5.304E-02,  9.846E-01         F               0         Tower Z orientation angle, node 8, rad
         58    9.859E-01,  1.416E-02, -1.667E-01         F               0         Tower X orientation angle, node 9, rad
         59   -5.081E-03,  9.985E-01,  5.478E-02         F               0         Tower Y orientation angle, node 9, rad
         60    1.672E-01, -5.316E-02,  9.845E-01         F               0         Tower Z orientation angle, node 9, rad
         61    9.858E-01,  1.418E-02, -1.671E-01         F               0         Tower X orientation angle, node 10, rad
         62   -5.067E-03,  9.985E-01,  5.487E-02         F               0         Tower Y orientation angle, node 10, rad
         63    1.676E-01, -5.324E-02,  9.844E-01         F               0         Tower Z orientation angle, node 10, rad
         64    9.858E-01,  1.419E-02, -1.672E-01         F               0         Tower X orientation angle, node 11, rad
         65   -5.059E-03,  9.985E-01,  5.491E-02         F               0         Tower Y orientation angle, node 11, rad
         66    1.678E-01, -5.329E-02,  9.844E-01         F               0         Tower Z orientation angle, node 11, rad
         67   -2.980E-03                                 F               0         Tower X translation velocity, node 1, m/s
         68   -1.862E-02                                 F               0         Tower Y translation velocity, node 1, m/s
         69    2.288E-03                                 F               0         Tower Z translation velocity, node 1, m/s
         70   -4.272E-03                                 F               0         Tower X translation velocity, node 2, m/s
         71   -3.134E-02                                 F               0         Tower Y translation velocity, node 2, m/s
         72    1.835E-03                                 F               0         Tower Z translation velocity, node 2, m/s
         73   -5.501E-03                                 F               0         Tower X translation velocity, node 3, m/s
         74   -4.427E-02                                 F               0         Tower Y translation velocity, node 3, m/s
         75    1.358E-03                                 F               0         Tower Z translation velocity, node 3, m/s
         76   -6.683E-03                                 F               0         Tower X translation velocity, node 4, m/s
         77   -5.735E-02                                 F               0         Tower Y translation velocity, node 4, m/s
         78    8.627E-04                                 F               0         Tower Z translation velocity, node 4, m/s
         79   -7.827E-03                                 F               0         Tower X translation velocity, node 5, m/s
         80   -7.058E-02                                 F               0         Tower Y translation velocity, node 5, m/s
         81    3.506E-04                                 F               0         Tower Z translation velocity, node 5, m/s
         82   -8.940E-03                                 F               0         Tower X translation velocity, node 6, m/s
         83   -8.392E-02                                 F               0         Tower Y translation velocity, node 6, m/s
         84   -1.754E-04                                 F               0         Tower Z translation velocity, node 6, m/s
         85   -1.003E-02                                 F               0         Tower X translation velocity, node 7, m/s
         86   -9.736E-02                                 F               0         Tower Y translation velocity, node 7, m/s
         87   -7.118E-04                                 F               0         Tower Z translation velocity, node 7, m/s
         88   -1.111E-02                                 F               0         Tower X translation velocity, node 8, m/s
         89   -1.109E-01                                 F               0         Tower Y translation velocity, node 8, m/s
         90   -1.257E-03                                 F               0         Tower Z translation velocity, node 8, m/s
         91   -1.217E-02                                 F               0         Tower X translation velocity, node 9, m/s
         92   -1.245E-01                                 F               0         Tower Y translation velocity, node 9, m/s
         93   -1.809E-03                                 F               0         Tower Z translation velocity, node 9, m/s
         94   -1.323E-02                                 F               0         Tower X translation velocity, node 10, m/s
         95   -1.381E-01                                 F               0         Tower Y translation velocity, node 10, m/s
         96   -2.366E-03                                 F               0         Tower Z translation velocity, node 10, m/s
         97   -1.428E-02                                 F               0         Tower X translation velocity, node 11, m/s
         98   -1.517E-01                                 F               0         Tower Y translation velocity, node 11, m/s
         99   -2.926E-03                                 F               0         Tower Z translation velocity, node 11, m/s
        100    3.684E+01                                 F               0         Hub X translation displacement, node 1, m
        101   -8.202E+00                                 F               0         Hub Y translation displacement, node 1, m
        102   -6.607E-01                                 F               0         Hub Z translation displacement, node 1, m
        103    9.629E-01,  1.968E-02, -2.692E-01         F               0         Hub X orientation angle, node 1, rad
        104   -2.153E-02,  9.998E-01, -3.897E-03         F               0         Hub Y orientation angle, node 1, rad
        105    2.691E-01,  9.548E-03,  9.631E-01         F               0         Hub Z orientation angle, node 1, rad
        106    1.003E+00                                 F               0         Hub X rotation velocity, node 1, rad/s
        107    2.040E-02                                 F               0         Hub Y rotation velocity, node 1, rad/s
        108   -2.802E-01                                 F               0         Hub Z rotation velocity, node 1, rad/s
        109    9.631E-01, -9.983E-03, -2.690E-01         F               0         Blade root 1 X orientation angle, node 1, rad
        110    7.046E-03,  9.999E-01, -1.188E-02         F               0         Blade root 1 Y orientation angle, node 1, rad
        111    2.691E-01,  9.548E-03,  9.631E-01         F               0         Blade root 1 Z orientation angle, node 1, rad
        112    9.552E-01,  3.426E-02, -2.939E-01         F               0         Blade root 2 X orientation angle, node 1, rad
        113    2.723E-01, -4.908E-01,  8.276E-01         F               0         Blade root 2 Y orientation angle, node 1, rad
        114   -1.159E-01, -8.706E-01, -4.782E-01         F               0         Blade root 2 Z orientation angle, node 1, rad
        115    9.690E-01,  3.475E-02, -2.444E-01         F               0         Blade root 3 X orientation angle, node 1, rad
        116   -1.936E-01, -5.073E-01, -8.397E-01         F               0         Blade root 3 Y orientation angle, node 1, rad
        117   -1.532E-01,  8.610E-01, -4.849E-01         F               0         Blade root 3 Z orientation angle, node 1, rad
        118    3.775E+01                                 F               0         Blade 1 X translation displacement, node 1, m
        119   -8.149E+00                                 F               0         Blade 1 Y translation displacement, node 1, m
        120   -8.349E-01                                 F               0         Blade 1 Z translation displacement, node 1, m
        121    3.797E+01                                 F               0         Blade 1 X translation displacement, node 2, m
        122   -8.136E+00                                 F               0         Blade 1 Y translation displacement, node 2, m
        123   -8.769E-01                                 F               0         Blade 1 Z translation displacement, node 2, m
        124    4.095E+01                                 F               0         Blade 1 X translation displacement, node 3, m
        125   -7.963E+00                                 F               0         Blade 1 Y translation displacement, node 3, m
        126   -1.448E+00                                 F               0         Blade 1 Z translation displacement, node 3, m
        127    4.159E+01                                 F               0         Blade 1 X translation displacement, node 4, m
        128   -7.926E+00                                 F               0         Blade 1 Y translation displacement, node 4, m
        129   -1.569E+00                                 F               0         Blade 1 Z translation displacement, node 4, m
        130    4.223E+01                                 F               0         Blade 1 X translation displacement, node 5, m
        131   -7.889E+00                                 F               0         Blade 1 Y translation displacement, node 5, m
        132   -1.691E+00                                 F               0         Blade 1 Z translation displacement, node 5, m
        133    4.286E+01                                 F               0         Blade 1 X translation displacement, node 6, m
        134   -7.852E+00                                 F               0         Blade 1 Y translation displacement, node 6, m
        135   -1.813E+00                                 F               0         Blade 1 Z translation displacement, node 6, m
        136    4.350E+01                                 F               0         Blade 1 X translation displacement, node 7, m
        137   -7.815E+00                                 F               0         Blade 1 Y translation displacement, node 7, m
        138   -1.934E+00                                 F               0         Blade 1 Z translation displacement, node 7, m
        139    4.414E+01                                 F               0         Blade 1 X translation displacement, node 8, m
        140   -7.778E+00                                 F               0         Blade 1 Y translation displacement, node 8, m
        141   -2.056E+00                                 F               0         Blade 1 Z translation displacement, node 8, m
        142    4.477E+01                                 F               0         Blade 1 X translation displacement, node 9, m
        143   -7.741E+00                                 F               0         Blade 1 Y translation displacement, node 9, m
        144   -2.178E+00                                 F               0         Blade 1 Z translation displacement, node 9, m
        145    4.541E+01                                 F               0         Blade 1 X translation displacement, node 10, m
        146   -7.704E+00                                 F               0         Blade 1 Y translation displacement, node 10, m
        147   -2.299E+00                                 F               0         Blade 1 Z translation displacement, node 10, m
        148    4.605E+01                                 F               0         Blade 1 X translation displacement, node 11, m
        149   -7.667E+00                                 F               0         Blade 1 Y translation displacement, node 11, m
        150   -2.421E+00                                 F               0         Blade 1 Z translation displacement, node 11, m
        151    4.668E+01                                 F               0         Blade 1 X translation displacement, node 12, m
        152   -7.630E+00                                 F               0         Blade 1 Y translation displacement, node 12, m
        153   -2.543E+00                                 F               0         Blade 1 Z translation displacement, node 12, m
        154    4.732E+01                                 F               0         Blade 1 X translation displacement, node 13, m
        155   -7.593E+00                                 F               0         Blade 1 Y translation displacement, node 13, m
        156   -2.664E+00                                 F               0         Blade 1 Z translation displacement, node 13, m
        157    4.795E+01                                 F               0         Blade 1 X translation displacement, node 14, m
        158   -7.556E+00                                 F               0         Blade 1 Y translation displacement, node 14, m
        159   -2.786E+00                                 F               0         Blade 1 Z translation displacement, node 14, m
        160    4.859E+01                                 F               0         Blade 1 X translation displacement, node 15, m
        161   -7.519E+00                                 F               0         Blade 1 Y translation displacement, node 15, m
        162   -2.908E+00                                 F               0         Blade 1 Z translation displacement, node 15, m
        163    4.923E+01                                 F               0         Blade 1 X translation displacement, node 16, m
        164   -7.482E+00                                 F               0         Blade 1 Y translation displacement, node 16, m
        165   -3.029E+00                                 F               0         Blade 1 Z translation displacement, node 16, m
        166    4.986E+01                                 F               0         Blade 1 X translation displacement, node 17, m
        167   -7.446E+00                                 F               0         Blade 1 Y translation displacement, node 17, m
        168   -3.151E+00                                 F               0         Blade 1 Z translation displacement, node 17, m
        169    5.050E+01                                 F               0         Blade 1 X translation displacement, node 18, m
        170   -7.409E+00                                 F               0         Blade 1 Y translation displacement, node 18, m
        171   -3.272E+00                                 F               0         Blade 1 Z translation displacement, node 18, m
        172    5.114E+01                                 F               0         Blade 1 X translation displacement, node 19, m
        173   -7.372E+00                                 F               0         Blade 1 Y translation displacement, node 19, m
        174   -3.394E+00                                 F               0         Blade 1 Z translation displacement, node 19, m
        175    5.177E+01                                 F               0         Blade 1 X translation displacement, node 20, m
        176   -7.335E+00                                 F               0         Blade 1 Y translation displacement, node 20, m
        177   -3.516E+00                                 F               0         Blade 1 Z translation displacement, node 20, m
        178    5.241E+01                                 F               0         Blade 1 X translation displacement, node 21, m
        179   -7.298E+00                                 F               0         Blade 1 Y translation displacement, node 21, m
        180   -3.637E+00                                 F               0         Blade 1 Z translation displacement, node 21, m
        181    5.305E+01                                 F               0         Blade 1 X translation displacement, node 22, m
        182   -7.261E+00                                 F               0         Blade 1 Y translation displacement, node 22, m
        183   -3.759E+00                                 F               0         Blade 1 Z translation displacement, node 22, m
        184    5.368E+01                                 F               0         Blade 1 X translation displacement, node 23, m
        185   -7.224E+00                                 F               0         Blade 1 Y translation displacement, node 23, m
        186   -3.881E+00                                 F               0         Blade 1 Z translation displacement, node 23, m
        187    5.432E+01                                 F               0         Blade 1 X translation displacement, node 24, m
        188   -7.187E+00                                 F               0         Blade 1 Y translation displacement, node 24, m
        189   -4.002E+00                                 F               0         Blade 1 Z translation displacement, node 24, m
        190    5.496E+01                                 F               0         Blade 1 X translation displacement, node 25, m
        191   -7.150E+00                                 F               0         Blade 1 Y translation displacement, node 25, m
        192   -4.124E+00                                 F               0         Blade 1 Z translation displacement, node 25, m
        193    5.559E+01                                 F               0         Blade 1 X translation displacement, node 26, m
        194   -7.113E+00                                 F               0         Blade 1 Y translation displacement, node 26, m
        195   -4.246E+00                                 F               0         Blade 1 Z translation displacement, node 26, m
        196    5.623E+01                                 F               0         Blade 1 X translation displacement, node 27, m
        197   -7.076E+00                                 F               0         Blade 1 Y translation displacement, node 27, m
        198   -4.367E+00                                 F               0         Blade 1 Z translation displacement, node 27, m
        199    5.677E+01                                 F               0         Blade 1 X translation displacement, node 28, m
        200   -7.045E+00                                 F               0         Blade 1 Y translation displacement, node 28, m
        201   -4.470E+00                                 F               0         Blade 1 Z translation displacement, node 28, m
        202    8.539E-01, -4.649E-01, -2.340E-01         F               0         Blade 1 X orientation angle, node 1, rad
        203    4.455E-01,  8.853E-01, -1.332E-01         F               0         Blade 1 Y orientation angle, node 1, rad
        204    2.691E-01,  9.548E-03,  9.631E-01         F               0         Blade 1 Z orientation angle, node 1, rad
        205    8.539E-01, -4.649E-01, -2.340E-01         F               0         Blade 1 X orientation angle, node 2, rad
        206    4.455E-01,  8.853E-01, -1.332E-01         F               0         Blade 1 Y orientation angle, node 2, rad
        207    2.691E-01,  9.548E-03,  9.631E-01         F               0         Blade 1 Z orientation angle, node 2, rad
        208    9.352E-01, -2.418E-01, -2.589E-01         F               0         Blade 1 X orientation angle, node 3, rad
        209    2.304E-01,  9.703E-01, -7.399E-02         F               0         Blade 1 Y orientation angle, node 3, rad
        210    2.691E-01,  9.548E-03,  9.631E-01         F               0         Blade 1 Z orientation angle, node 3, rad
        211    9.441E-01, -2.006E-01, -2.618E-01         F               0         Blade 1 X orientation angle, node 4, rad
        212    1.907E-01,  9.796E-01, -6.299E-02         F               0         Blade 1 Y orientation angle, node 4, rad
        213    2.691E-01,  9.548E-03,  9.631E-01         F               0         Blade 1 Z orientation angle, node 4, rad
        214    9.499E-01, -1.680E-01, -2.637E-01         F               0         Blade 1 X orientation angle, node 5, rad
        215    1.593E-01,  9.857E-01, -5.427E-02         F               0         Blade 1 Y orientation angle, node 5, rad
        216    2.691E-01,  9.548E-03,  9.631E-01         F               0         Blade 1 Z orientation angle, node 5, rad
        217    9.537E-01, -1.418E-01, -2.651E-01         F               0         Blade 1 X orientation angle, node 6, rad
        218    1.340E-01,  9.899E-01, -4.726E-02         F               0         Blade 1 Y orientation angle, node 6, rad
        219    2.691E-01,  9.548E-03,  9.631E-01         F               0         Blade 1 Z orientation angle, node 6, rad
        220    9.564E-01, -1.202E-01, -2.660E-01         F               0         Blade 1 X orientation angle, node 7, rad
        221    1.132E-01,  9.927E-01, -4.147E-02         F               0         Blade 1 Y orientation angle, node 7, rad
        222    2.691E-01,  9.548E-03,  9.631E-01         F               0         Blade 1 Z orientation angle, node 7, rad
        223    9.583E-01, -1.021E-01, -2.667E-01         F               0         Blade 1 X orientation angle, node 8, rad
        224    9.581E-02,  9.947E-01, -3.663E-02         F               0         Blade 1 Y orientation angle, node 8, rad
        225    2.691E-01,  9.548E-03,  9.631E-01         F               0         Blade 1 Z orientation angle, node 8, rad
        226    9.597E-01, -8.684E-02, -2.673E-01         F               0         Blade 1 X orientation angle, node 9, rad
        227    8.108E-02,  9.962E-01, -3.253E-02         F               0         Blade 1 Y orientation angle, node 9, rad
        228    2.691E-01,  9.548E-03,  9.631E-01         F               0         Blade 1 Z orientation angle, node 9, rad
        229    9.607E-01, -7.362E-02, -2.677E-01         F               0         Blade 1 X orientation angle, node 10, rad
        230    6.834E-02,  9.972E-01, -2.898E-02         F               0         Blade 1 Y orientation angle, node 10, rad
        231    2.691E-01,  9.548E-03,  9.631E-01         F               0         Blade 1 Z orientation angle, node 10, rad
        232    9.614E-01, -6.230E-02, -2.680E-01         F               0         Blade 1 X orientation angle, node 11, rad
        233    5.744E-02,  9.980E-01, -2.594E-02         F               0         Blade 1 Y orientation angle, node 11, rad
        234    2.691E-01,  9.548E-03,  9.631E-01         F               0         Blade 1 Z orientation angle, node 11, rad
        235    9.619E-01, -5.237E-02, -2.682E-01         F               0         Blade 1 X orientation angle, node 12, rad
        236    4.787E-02,  9.986E-01, -2.328E-02         F               0         Blade 1 Y orientation angle, node 12, rad
        237    2.691E-01,  9.548E-03,  9.631E-01         F               0         Blade 1 Z orientation angle, node 12, rad
        238    9.623E-01, -4.365E-02, -2.684E-01         F               0         Blade 1 X orientation angle, node 13, rad
        239    3.948E-02,  9.990E-01, -2.093E-02         F               0         Blade 1 Y orientation angle, node 13, rad
        240    2.691E-01,  9.548E-03,  9.631E-01         F               0         Blade 1 Z orientation angle, node 13, rad
        241    9.626E-01, -3.581E-02, -2.686E-01         F               0         Blade 1 X orientation angle, node 14, rad
        242    3.192E-02,  9.993E-01, -1.883E-02         F               0         Blade 1 Y orientation angle, node 14, rad
        243    2.691E-01,  9.548E-03,  9.631E-01         F               0         Blade 1 Z orientation angle, node 14, rad
        244    9.628E-01, -2.883E-02, -2.687E-01         F               0         Blade 1 X orientation angle, node 15, rad
        245    2.520E-02,  9.995E-01, -1.695E-02         F               0         Blade 1 Y orientation angle, node 15, rad
        246    2.691E-01,  9.548E-03,  9.631E-01         F               0         Blade 1 Z orientation angle, node 15, rad
        247    9.629E-01, -2.255E-02, -2.688E-01         F               0         Blade 1 X orientation angle, node 16, rad
        248    1.915E-02,  9.997E-01, -1.526E-02         F               0         Blade 1 Y orientation angle, node 16, rad
        249    2.691E-01,  9.548E-03,  9.631E-01         F               0         Blade 1 Z orientation angle, node 16, rad
        250    9.630E-01, -1.696E-02, -2.689E-01         F               0         Blade 1 X orientation angle, node 17, rad
        251    1.377E-02,  9.998E-01, -1.376E-02         F               0         Blade 1 Y orientation angle, node 17, rad
        252    2.691E-01,  9.548E-03,  9.631E-01         F               0         Blade 1 Z orientation angle, node 17, rad
        253    9.631E-01, -1.173E-02, -2.690E-01         F               0         Blade 1 X orientation angle, node 18, rad
        254    8.727E-03,  9.999E-01, -1.235E-02         F               0         Blade 1 Y orientation angle, node 18, rad
        255    2.691E-01,  9.548E-03,  9.631E-01         F               0         Blade 1 Z orientation angle, node 18, rad
        256    9.631E-01, -7.017E-03, -2.690E-01         F               0         Blade 1 X orientation angle, node 19, rad
        257    4.189E-03,  9.999E-01, -1.108E-02         F               0         Blade 1 Y orientation angle, node 19, rad
        258    2.691E-01,  9.548E-03,  9.631E-01         F               0         Blade 1 Z orientation angle, node 19, rad
        259    9.631E-01, -2.828E-03, -2.691E-01         F               0         Blade 1 X orientation angle, node 20, rad
        260    1.545E-04,  1.000E+00, -9.957E-03         F               0         Blade 1 Y orientation angle, node 20, rad
        261    2.691E-01,  9.548E-03,  9.631E-01         F               0         Blade 1 Z orientation angle, node 20, rad
        262    9.631E-01,  1.186E-03, -2.691E-01         F               0         Blade 1 X orientation angle, node 21, rad
        263   -3.712E-03,  1.000E+00, -8.877E-03         F               0         Blade 1 Y orientation angle, node 21, rad
        264    2.691E-01,  9.548E-03,  9.631E-01         F               0         Blade 1 Z orientation angle, node 21, rad
        265    9.631E-01,  4.851E-03, -2.691E-01         F               0         Blade 1 X orientation angle, node 22, rad
        266   -7.242E-03,  9.999E-01, -7.890E-03         F               0         Blade 1 Y orientation angle, node 22, rad
        267    2.691E-01,  9.548E-03,  9.631E-01         F               0         Blade 1 Z orientation angle, node 22, rad
        268    9.631E-01,  8.167E-03, -2.692E-01         F               0         Blade 1 X orientation angle, node 23, rad
        269   -1.044E-02,  9.999E-01, -6.998E-03         F               0         Blade 1 Y orientation angle, node 23, rad
        270    2.691E-01,  9.548E-03,  9.631E-01         F               0         Blade 1 Z orientation angle, node 23, rad
        271    9.630E-01,  1.131E-02, -2.692E-01         F               0         Blade 1 X orientation angle, node 24, rad
        272   -1.346E-02,  9.999E-01, -6.152E-03         F               0         Blade 1 Y orientation angle, node 24, rad
        273    2.691E-01,  9.548E-03,  9.631E-01         F               0         Blade 1 Z orientation angle, node 24, rad
        274    9.630E-01,  1.427E-02, -2.692E-01         F               0         Blade 1 X orientation angle, node 25, rad
        275   -1.632E-02,  9.999E-01, -5.353E-03         F               0         Blade 1 Y orientation angle, node 25, rad
        276    2.691E-01,  9.548E-03,  9.631E-01         F               0         Blade 1 Z orientation angle, node 25, rad
        277    9.629E-01,  1.689E-02, -2.692E-01         F               0         Blade 1 X orientation angle, node 26, rad
        278   -1.884E-02,  9.998E-01, -4.649E-03         F               0         Blade 1 Y orientation angle, node 26, rad
        279    2.691E-01,  9.548E-03,  9.631E-01         F               0         Blade 1 Z orientation angle, node 26, rad
        280    9.629E-01,  1.951E-02, -2.692E-01         F               0         Blade 1 X orientation angle, node 27, rad
        281   -2.136E-02,  9.998E-01, -3.944E-03         F               0         Blade 1 Y orientation angle, node 27, rad
        282    2.691E-01,  9.548E-03,  9.631E-01         F               0         Blade 1 Z orientation angle, node 27, rad
        283    9.629E-01,  2.091E-02, -2.692E-01         F               0         Blade 1 X orientation angle, node 28, rad
        284   -2.270E-02,  9.997E-01, -3.568E-03         F               0         Blade 1 Y orientation angle, node 28, rad
        285    2.691E-01,  9.548E-03,  9.631E-01         F               0         Blade 1 Z orientation angle, node 28, rad
        286    1.086E-01                                 F               0         Blade 1 X translation velocity, node 1, m/s
        287   -5.931E+00                                 F               0         Blade 1 Y translation velocity, node 1, m/s
        288    1.830E-02                                 F               0         Blade 1 Z translation velocity, node 1, m/s
        289    1.383E-01                                 F               0         Blade 1 X translation velocity, node 2, m/s
        290   -7.322E+00                                 F               0         Blade 1 Y translation velocity, node 2, m/s
        291    2.376E-02                                 F               0         Blade 1 Z translation velocity, node 2, m/s
        292    5.435E-01                                 F               0         Blade 1 X translation velocity, node 3, m/s
        293   -2.623E+01                                 F               0         Blade 1 Y translation velocity, node 3, m/s
        294    9.797E-02                                 F               0         Blade 1 Z translation velocity, node 3, m/s
        295    6.299E-01                                 F               0         Blade 1 X translation velocity, node 4, m/s
        296   -3.025E+01                                 F               0         Blade 1 Y translation velocity, node 4, m/s
        297    1.138E-01                                 F               0         Blade 1 Z translation velocity, node 4, m/s
        298    7.162E-01                                 F               0         Blade 1 X translation velocity, node 5, m/s
        299   -3.428E+01                                 F               0         Blade 1 Y translation velocity, node 5, m/s
        300    1.296E-01                                 F               0         Blade 1 Z translation velocity, node 5, m/s
        301    8.025E-01                                 F               0         Blade 1 X translation velocity, node 6, m/s
        302   -3.831E+01                                 F               0         Blade 1 Y translation velocity, node 6, m/s
        303    1.454E-01                                 F               0         Blade 1 Z translation velocity, node 6, m/s
        304    8.889E-01                                 F               0         Blade 1 X translation velocity, node 7, m/s
        305   -4.234E+01                                 F               0         Blade 1 Y translation velocity, node 7, m/s
        306    1.612E-01                                 F               0         Blade 1 Z translation velocity, node 7, m/s
        307    9.752E-01                                 F               0         Blade 1 X translation velocity, node 8, m/s
