
Linearized model: Predictions were generated on 06-Feb-2024 at 10:15:48 using OpenFAST, compiled as a 64-bit application using single precision at commit v3.5.1
 linked with  NWTC Subroutine Library; ElastoDyn; InflowWind; AeroDyn; ServoDyn; HydroDyn; MAP++ (<1.20.10>, <Oct-20-2023>)

Description from the FAST input file: CCT-9 Campign 4 model. Input files to be run with OpenFAST 3.5.0. GitHub branch from Lu Wang (https://github.com/luwang00/openfast/tree/dev) compiled on March 7, 2023.

Simulation information:
   Simulation time:                  1006.4750 s
   Rotor Speed:                         1.0414 rad/s
   Azimuth:                             1.5003 rad
   Wind Speed:                         12.0000 m/s
   Number of continuous states:         0
   Number of discrete states:           0
   Number of constraint states:         0
   Number of inputs:                 1746
   Number of outputs:                   4
   Jacobians included in this file?    No

Order of inputs:
     Column   Operating Point                     Rotating Frame? Derivative Order Description
   ---------- ---------------                     --------------- ---------------- -----------
          1    1.513E+01                                 F               0         Tower X translation displacement, node 1, m
          2   -1.170E+00                                 F               0         Tower Y translation displacement, node 1, m
          3   -4.986E-01                                 F               0         Tower Z translation displacement, node 1, m
          4    1.706E+01                                 F               0         Tower X translation displacement, node 2, m
          5   -1.813E+00                                 F               0         Tower Y translation displacement, node 2, m
          6   -6.668E-01                                 F               0         Tower Z translation displacement, node 2, m
          7    1.902E+01                                 F               0         Tower X translation displacement, node 3, m
          8   -2.463E+00                                 F               0         Tower Y translation displacement, node 3, m
          9   -8.409E-01                                 F               0         Tower Z translation displacement, node 3, m
         10    2.101E+01                                 F               0         Tower X translation displacement, node 4, m
         11   -3.117E+00                                 F               0         Tower Y translation displacement, node 4, m
         12   -1.019E+00                                 F               0         Tower Z translation displacement, node 4, m
         13    2.302E+01                                 F               0         Tower X translation displacement, node 5, m
         14   -3.777E+00                                 F               0         Tower Y translation displacement, node 5, m
         15   -1.202E+00                                 F               0         Tower Z translation displacement, node 5, m
         16    2.505E+01                                 F               0         Tower X translation displacement, node 6, m
         17   -4.440E+00                                 F               0         Tower Y translation displacement, node 6, m
         18   -1.388E+00                                 F               0         Tower Z translation displacement, node 6, m
         19    2.709E+01                                 F               0         Tower X translation displacement, node 7, m
         20   -5.106E+00                                 F               0         Tower Y translation displacement, node 7, m
         21   -1.576E+00                                 F               0         Tower Z translation displacement, node 7, m
         22    2.914E+01                                 F               0         Tower X translation displacement, node 8, m
         23   -5.775E+00                                 F               0         Tower Y translation displacement, node 8, m
         24   -1.766E+00                                 F               0         Tower Z translation displacement, node 8, m
         25    3.121E+01                                 F               0         Tower X translation displacement, node 9, m
         26   -6.446E+00                                 F               0         Tower Y translation displacement, node 9, m
         27   -1.958E+00                                 F               0         Tower Z translation displacement, node 9, m
         28    3.327E+01                                 F               0         Tower X translation displacement, node 10, m
         29   -7.118E+00                                 F               0         Tower Y translation displacement, node 10, m
         30   -2.150E+00                                 F               0         Tower Z translation displacement, node 10, m
         31    3.534E+01                                 F               0         Tower X translation displacement, node 11, m
         32   -7.790E+00                                 F               0         Tower Y translation displacement, node 11, m
         33   -2.344E+00                                 F               0         Tower Z translation displacement, node 11, m
         34    9.879E-01,  1.372E-02, -1.544E-01         F               0         Tower X orientation angle, node 1, rad
         35   -5.532E-03,  9.986E-01,  5.334E-02         F               0         Tower Y orientation angle, node 1, rad
         36    1.549E-01, -5.184E-02,  9.866E-01         F               0         Tower Z orientation angle, node 1, rad
         37    9.875E-01,  1.386E-02, -1.570E-01         F               0         Tower X orientation angle, node 2, rad
         38   -5.448E-03,  9.985E-01,  5.387E-02         F               0         Tower Y orientation angle, node 2, rad
         39    1.575E-01, -5.234E-02,  9.861E-01         F               0         Tower Z orientation angle, node 2, rad
         40    9.871E-01,  1.398E-02, -1.593E-01         F               0         Tower X orientation angle, node 3, rad
         41   -5.371E-03,  9.985E-01,  5.434E-02         F               0         Tower Y orientation angle, node 3, rad
         42    1.598E-01, -5.279E-02,  9.857E-01         F               0         Tower Z orientation angle, node 3, rad
         43    9.868E-01,  1.408E-02, -1.612E-01         F               0         Tower X orientation angle, node 4, rad
         44   -5.303E-03,  9.985E-01,  5.476E-02         F               0         Tower Y orientation angle, node 4, rad
         45    1.618E-01, -5.318E-02,  9.854E-01         F               0         Tower Z orientation angle, node 4, rad
         46    9.865E-01,  1.417E-02, -1.629E-01         F               0         Tower X orientation angle, node 5, rad
         47   -5.245E-03,  9.985E-01,  5.512E-02         F               0         Tower Y orientation angle, node 5, rad
         48    1.634E-01, -5.352E-02,  9.851E-01         F               0         Tower Z orientation angle, node 5, rad
         49    9.863E-01,  1.425E-02, -1.642E-01         F               0         Tower X orientation angle, node 6, rad
         50   -5.195E-03,  9.984E-01,  5.541E-02         F               0         Tower Y orientation angle, node 6, rad
         51    1.647E-01, -5.380E-02,  9.849E-01         F               0         Tower Z orientation angle, node 6, rad
         52    9.862E-01,  1.430E-02, -1.652E-01         F               0         Tower X orientation angle, node 7, rad
         53   -5.155E-03,  9.984E-01,  5.565E-02         F               0         Tower Y orientation angle, node 7, rad
         54    1.658E-01, -5.403E-02,  9.847E-01         F               0         Tower Z orientation angle, node 7, rad
         55    9.860E-01,  1.434E-02, -1.660E-01         F               0         Tower X orientation angle, node 8, rad
         56   -5.124E-03,  9.984E-01,  5.584E-02         F               0         Tower Y orientation angle, node 8, rad
         57    1.665E-01, -5.421E-02,  9.845E-01         F               0         Tower Z orientation angle, node 8, rad
         58    9.859E-01,  1.437E-02, -1.665E-01         F               0         Tower X orientation angle, node 9, rad
         59   -5.101E-03,  9.984E-01,  5.598E-02         F               0         Tower Y orientation angle, node 9, rad
         60    1.671E-01, -5.434E-02,  9.844E-01         F               0         Tower Z orientation angle, node 9, rad
         61    9.859E-01,  1.439E-02, -1.669E-01         F               0         Tower X orientation angle, node 10, rad
         62   -5.086E-03,  9.984E-01,  5.607E-02         F               0         Tower Y orientation angle, node 10, rad
         63    1.674E-01, -5.442E-02,  9.844E-01         F               0         Tower Z orientation angle, node 10, rad
         64    9.858E-01,  1.440E-02, -1.671E-01         F               0         Tower X orientation angle, node 11, rad
         65   -5.077E-03,  9.984E-01,  5.611E-02         F               0         Tower Y orientation angle, node 11, rad
         66    1.676E-01, -5.447E-02,  9.843E-01         F               0         Tower Z orientation angle, node 11, rad
         67   -1.711E-03                                 F               0         Tower X translation velocity, node 1, m/s
         68   -6.956E-03                                 F               0         Tower Y translation velocity, node 1, m/s
         69    4.728E-03                                 F               0         Tower Z translation velocity, node 1, m/s
         70   -2.763E-03                                 F               0         Tower X translation velocity, node 2, m/s
         71   -1.194E-02                                 F               0         Tower Y translation velocity, node 2, m/s
         72    4.631E-03                                 F               0         Tower Z translation velocity, node 2, m/s
         73   -3.862E-03                                 F               0         Tower X translation velocity, node 3, m/s
         74   -1.703E-02                                 F               0         Tower Y translation velocity, node 3, m/s
         75    4.537E-03                                 F               0         Tower Z translation velocity, node 3, m/s
         76   -4.997E-03                                 F               0         Tower X translation velocity, node 4, m/s
         77   -2.222E-02                                 F               0         Tower Y translation velocity, node 4, m/s
         78    4.443E-03                                 F               0         Tower Z translation velocity, node 4, m/s
         79   -6.164E-03                                 F               0         Tower X translation velocity, node 5, m/s
         80   -2.749E-02                                 F               0         Tower Y translation velocity, node 5, m/s
         81    4.350E-03                                 F               0         Tower Z translation velocity, node 5, m/s
         82   -7.357E-03                                 F               0         Tower X translation velocity, node 6, m/s
         83   -3.284E-02                                 F               0         Tower Y translation velocity, node 6, m/s
         84    4.258E-03                                 F               0         Tower Z translation velocity, node 6, m/s
         85   -8.568E-03                                 F               0         Tower X translation velocity, node 7, m/s
         86   -3.824E-02                                 F               0         Tower Y translation velocity, node 7, m/s
         87    4.165E-03                                 F               0         Tower Z translation velocity, node 7, m/s
         88   -9.796E-03                                 F               0         Tower X translation velocity, node 8, m/s
         89   -4.369E-02                                 F               0         Tower Y translation velocity, node 8, m/s
         90    4.073E-03                                 F               0         Tower Z translation velocity, node 8, m/s
         91   -1.104E-02                                 F               0         Tower X translation velocity, node 9, m/s
         92   -4.918E-02                                 F               0         Tower Y translation velocity, node 9, m/s
         93    3.980E-03                                 F               0         Tower Z translation velocity, node 9, m/s
         94   -1.228E-02                                 F               0         Tower X translation velocity, node 10, m/s
         95   -5.469E-02                                 F               0         Tower Y translation velocity, node 10, m/s
         96    3.888E-03                                 F               0         Tower Z translation velocity, node 10, m/s
         97   -1.354E-02                                 F               0         Tower X translation velocity, node 11, m/s
         98   -6.023E-02                                 F               0         Tower Y translation velocity, node 11, m/s
         99    3.794E-03                                 F               0         Tower Z translation velocity, node 11, m/s
        100    3.681E+01                                 F               0         Hub X translation displacement, node 1, m
        101   -8.374E+00                                 F               0         Hub Y translation displacement, node 1, m
        102   -6.620E-01                                 F               0         Hub Z translation displacement, node 1, m
        103    9.629E-01,  2.002E-02, -2.690E-01         F               0         Hub X orientation angle, node 1, rad
        104    2.687E-01,  1.779E-02,  9.631E-01         F               0         Hub Y orientation angle, node 1, rad
        105    2.407E-02, -9.996E-01,  1.175E-02         F               0         Hub Z orientation angle, node 1, rad
        106    1.003E+00                                 F               0         Hub X rotation velocity, node 1, rad/s
        107    2.073E-02                                 F               0         Hub Y rotation velocity, node 1, rad/s
        108   -2.800E-01                                 F               0         Hub Z rotation velocity, node 1, rad/s
        109    9.545E-01,  1.948E-02, -2.975E-01         F               0         Blade root 1 X orientation angle, node 1, rad
        110    2.972E-01,  1.838E-02,  9.547E-01         F               0         Blade root 1 Y orientation angle, node 1, rad
        111    2.407E-02, -9.996E-01,  1.175E-02         F               0         Blade root 1 Z orientation angle, node 1, rad
        112    9.659E-01,  4.596E-02, -2.549E-01         F               0         Blade root 2 X orientation angle, node 1, rad
        113   -8.490E-02, -8.736E-01, -4.791E-01         F               0         Blade root 2 Y orientation angle, node 1, rad
        114   -2.447E-01,  4.844E-01, -8.399E-01         F               0         Blade root 2 Z orientation angle, node 1, rad
        115    9.671E-01, -5.409E-03, -2.543E-01         F               0         Blade root 3 X orientation angle, node 1, rad
        116   -1.266E-01,  8.570E-01, -4.995E-01         F               0         Blade root 3 Y orientation angle, node 1, rad
        117    2.207E-01,  5.152E-01,  8.282E-01         F               0         Blade root 3 Z orientation angle, node 1, rad
        118    3.637E+01                                 F               0         Blade 1 X translation displacement, node 1, m
        119   -1.391E+01                                 F               0         Blade 1 Y translation displacement, node 1, m
        120   -6.107E+00                                 F               0         Blade 1 Z translation displacement, node 1, m
        121    3.626E+01                                 F               0         Blade 1 X translation displacement, node 2, m
        122   -1.525E+01                                 F               0         Blade 1 Y translation displacement, node 2, m
        123   -7.418E+00                                 F               0         Blade 1 Z translation displacement, node 2, m
        124    3.480E+01                                 F               0         Blade 1 X translation displacement, node 3, m
        125   -3.339E+01                                 F               0         Blade 1 Y translation displacement, node 3, m
        126   -2.526E+01                                 F               0         Blade 1 Z translation displacement, node 3, m
        127    3.449E+01                                 F               0         Blade 1 X translation displacement, node 4, m
        128   -3.726E+01                                 F               0         Blade 1 Y translation displacement, node 4, m
        129   -2.906E+01                                 F               0         Blade 1 Z translation displacement, node 4, m
        130    3.418E+01                                 F               0         Blade 1 X translation displacement, node 5, m
        131   -4.112E+01                                 F               0         Blade 1 Y translation displacement, node 5, m
        132   -3.286E+01                                 F               0         Blade 1 Z translation displacement, node 5, m
        133    3.386E+01                                 F               0         Blade 1 X translation displacement, node 6, m
        134   -4.499E+01                                 F               0         Blade 1 Y translation displacement, node 6, m
        135   -3.666E+01                                 F               0         Blade 1 Z translation displacement, node 6, m
        136    3.355E+01                                 F               0         Blade 1 X translation displacement, node 7, m
        137   -4.886E+01                                 F               0         Blade 1 Y translation displacement, node 7, m
        138   -4.046E+01                                 F               0         Blade 1 Z translation displacement, node 7, m
        139    3.324E+01                                 F               0         Blade 1 X translation displacement, node 8, m
        140   -5.272E+01                                 F               0         Blade 1 Y translation displacement, node 8, m
        141   -4.426E+01                                 F               0         Blade 1 Z translation displacement, node 8, m
        142    3.293E+01                                 F               0         Blade 1 X translation displacement, node 9, m
        143   -5.659E+01                                 F               0         Blade 1 Y translation displacement, node 9, m
        144   -4.806E+01                                 F               0         Blade 1 Z translation displacement, node 9, m
        145    3.262E+01                                 F               0         Blade 1 X translation displacement, node 10, m
        146   -6.046E+01                                 F               0         Blade 1 Y translation displacement, node 10, m
        147   -5.187E+01                                 F               0         Blade 1 Z translation displacement, node 10, m
        148    3.231E+01                                 F               0         Blade 1 X translation displacement, node 11, m
        149   -6.432E+01                                 F               0         Blade 1 Y translation displacement, node 11, m
        150   -5.567E+01                                 F               0         Blade 1 Z translation displacement, node 11, m
        151    3.200E+01                                 F               0         Blade 1 X translation displacement, node 12, m
        152   -6.819E+01                                 F               0         Blade 1 Y translation displacement, node 12, m
        153   -5.947E+01                                 F               0         Blade 1 Z translation displacement, node 12, m
        154    3.169E+01                                 F               0         Blade 1 X translation displacement, node 13, m
        155   -7.206E+01                                 F               0         Blade 1 Y translation displacement, node 13, m
        156   -6.327E+01                                 F               0         Blade 1 Z translation displacement, node 13, m
        157    3.137E+01                                 F               0         Blade 1 X translation displacement, node 14, m
        158   -7.592E+01                                 F               0         Blade 1 Y translation displacement, node 14, m
        159   -6.707E+01                                 F               0         Blade 1 Z translation displacement, node 14, m
        160    3.106E+01                                 F               0         Blade 1 X translation displacement, node 15, m
        161   -7.979E+01                                 F               0         Blade 1 Y translation displacement, node 15, m
        162   -7.087E+01                                 F               0         Blade 1 Z translation displacement, node 15, m
        163    3.075E+01                                 F               0         Blade 1 X translation displacement, node 16, m
        164   -8.365E+01                                 F               0         Blade 1 Y translation displacement, node 16, m
        165   -7.467E+01                                 F               0         Blade 1 Z translation displacement, node 16, m
        166    3.044E+01                                 F               0         Blade 1 X translation displacement, node 17, m
        167   -8.752E+01                                 F               0         Blade 1 Y translation displacement, node 17, m
        168   -7.847E+01                                 F               0         Blade 1 Z translation displacement, node 17, m
        169    3.013E+01                                 F               0         Blade 1 X translation displacement, node 18, m
        170   -9.139E+01                                 F               0         Blade 1 Y translation displacement, node 18, m
        171   -8.227E+01                                 F               0         Blade 1 Z translation displacement, node 18, m
        172    2.982E+01                                 F               0         Blade 1 X translation displacement, node 19, m
        173   -9.525E+01                                 F               0         Blade 1 Y translation displacement, node 19, m
        174   -8.608E+01                                 F               0         Blade 1 Z translation displacement, node 19, m
        175    2.951E+01                                 F               0         Blade 1 X translation displacement, node 20, m
        176   -9.912E+01                                 F               0         Blade 1 Y translation displacement, node 20, m
        177   -8.988E+01                                 F               0         Blade 1 Z translation displacement, node 20, m
        178    2.920E+01                                 F               0         Blade 1 X translation displacement, node 21, m
        179   -1.030E+02                                 F               0         Blade 1 Y translation displacement, node 21, m
        180   -9.368E+01                                 F               0         Blade 1 Z translation displacement, node 21, m
        181    2.889E+01                                 F               0         Blade 1 X translation displacement, node 22, m
        182   -1.069E+02                                 F               0         Blade 1 Y translation displacement, node 22, m
        183   -9.748E+01                                 F               0         Blade 1 Z translation displacement, node 22, m
        184    2.857E+01                                 F               0         Blade 1 X translation displacement, node 23, m
        185   -1.107E+02                                 F               0         Blade 1 Y translation displacement, node 23, m
        186   -1.013E+02                                 F               0         Blade 1 Z translation displacement, node 23, m
        187    2.826E+01                                 F               0         Blade 1 X translation displacement, node 24, m
        188   -1.146E+02                                 F               0         Blade 1 Y translation displacement, node 24, m
        189   -1.051E+02                                 F               0         Blade 1 Z translation displacement, node 24, m
        190    2.795E+01                                 F               0         Blade 1 X translation displacement, node 25, m
        191   -1.185E+02                                 F               0         Blade 1 Y translation displacement, node 25, m
        192   -1.089E+02                                 F               0         Blade 1 Z translation displacement, node 25, m
        193    2.764E+01                                 F               0         Blade 1 X translation displacement, node 26, m
        194   -1.223E+02                                 F               0         Blade 1 Y translation displacement, node 26, m
        195   -1.127E+02                                 F               0         Blade 1 Z translation displacement, node 26, m
        196    2.733E+01                                 F               0         Blade 1 X translation displacement, node 27, m
        197   -1.262E+02                                 F               0         Blade 1 Y translation displacement, node 27, m
        198   -1.165E+02                                 F               0         Blade 1 Z translation displacement, node 27, m
        199    2.707E+01                                 F               0         Blade 1 X translation displacement, node 28, m
        200   -1.295E+02                                 F               0         Blade 1 Y translation displacement, node 28, m
        201   -1.197E+02                                 F               0         Blade 1 Z translation displacement, node 28, m
        202    7.140E-01,  8.957E-03, -7.001E-01         F               0         Blade 1 X orientation angle, node 1, rad
        203    6.997E-01,  2.524E-02,  7.140E-01         F               0         Blade 1 Y orientation angle, node 1, rad
        204    2.407E-02, -9.996E-01,  1.175E-02         F               0         Blade 1 Z orientation angle, node 1, rad
        205    7.140E-01,  8.957E-03, -7.001E-01         F               0         Blade 1 X orientation angle, node 2, rad
        206    6.997E-01,  2.524E-02,  7.140E-01         F               0         Blade 1 Y orientation angle, node 2, rad
        207    2.407E-02, -9.996E-01,  1.175E-02         F               0         Blade 1 Z orientation angle, node 2, rad
        208    8.595E-01,  1.468E-02, -5.109E-01         F               0         Blade 1 X orientation angle, node 3, rad
        209    5.106E-01,  2.240E-02,  8.595E-01         F               0         Blade 1 Y orientation angle, node 3, rad
        210    2.407E-02, -9.996E-01,  1.175E-02         F               0         Blade 1 Z orientation angle, node 3, rad
        211    8.803E-01,  1.562E-02, -4.742E-01         F               0         Blade 1 X orientation angle, node 4, rad
        212    4.738E-01,  2.176E-02,  8.803E-01         F               0         Blade 1 Y orientation angle, node 4, rad
        213    2.407E-02, -9.996E-01,  1.175E-02         F               0         Blade 1 Z orientation angle, node 4, rad
        214    8.955E-01,  1.633E-02, -4.447E-01         F               0         Blade 1 X orientation angle, node 5, rad
        215    4.444E-01,  2.123E-02,  8.956E-01         F               0         Blade 1 Y orientation angle, node 5, rad
        216    2.407E-02, -9.996E-01,  1.175E-02         F               0         Blade 1 Z orientation angle, node 5, rad
        217    9.070E-01,  1.689E-02, -4.208E-01         F               0         Blade 1 X orientation angle, node 6, rad
        218    4.205E-01,  2.079E-02,  9.071E-01         F               0         Blade 1 Y orientation angle, node 6, rad
        219    2.407E-02, -9.996E-01,  1.175E-02         F               0         Blade 1 Z orientation angle, node 6, rad
        220    9.159E-01,  1.734E-02, -4.009E-01         F               0         Blade 1 X orientation angle, node 7, rad
        221    4.006E-01,  2.041E-02,  9.160E-01         F               0         Blade 1 Y orientation angle, node 7, rad
        222    2.407E-02, -9.996E-01,  1.175E-02         F               0         Blade 1 Z orientation angle, node 7, rad
        223    9.231E-01,  1.770E-02, -3.842E-01         F               0         Blade 1 X orientation angle, node 8, rad
        224    3.839E-01,  2.010E-02,  9.232E-01         F               0         Blade 1 Y orientation angle, node 8, rad
        225    2.407E-02, -9.996E-01,  1.175E-02         F               0         Blade 1 Z orientation angle, node 8, rad
        226    9.289E-01,  1.801E-02, -3.700E-01         F               0         Blade 1 X orientation angle, node 9, rad
        227    3.697E-01,  1.982E-02,  9.290E-01         F               0         Blade 1 Y orientation angle, node 9, rad
        228    2.407E-02, -9.996E-01,  1.175E-02         F               0         Blade 1 Z orientation angle, node 9, rad
        229    9.337E-01,  1.827E-02, -3.577E-01         F               0         Blade 1 X orientation angle, node 10, rad
        230    3.573E-01,  1.958E-02,  9.338E-01         F               0         Blade 1 Y orientation angle, node 10, rad
        231    2.407E-02, -9.996E-01,  1.175E-02         F               0         Blade 1 Z orientation angle, node 10, rad
        232    9.377E-01,  1.849E-02, -3.470E-01         F               0         Blade 1 X orientation angle, node 11, rad
        233    3.467E-01,  1.937E-02,  9.378E-01         F               0         Blade 1 Y orientation angle, node 11, rad
        234    2.407E-02, -9.996E-01,  1.175E-02         F               0         Blade 1 Z orientation angle, node 11, rad
        235    9.411E-01,  1.868E-02, -3.377E-01         F               0         Blade 1 X orientation angle, node 12, rad
        236    3.374E-01,  1.919E-02,  9.412E-01         F               0         Blade 1 Y orientation angle, node 12, rad
        237    2.407E-02, -9.996E-01,  1.175E-02         F               0         Blade 1 Z orientation angle, node 12, rad
        238    9.440E-01,  1.885E-02, -3.295E-01         F               0         Blade 1 X orientation angle, node 13, rad
        239    3.291E-01,  1.902E-02,  9.441E-01         F               0         Blade 1 Y orientation angle, node 13, rad
        240    2.407E-02, -9.996E-01,  1.175E-02         F               0         Blade 1 Z orientation angle, node 13, rad
        241    9.465E-01,  1.900E-02, -3.221E-01         F               0         Blade 1 X orientation angle, node 14, rad
        242    3.217E-01,  1.888E-02,  9.466E-01         F               0         Blade 1 Y orientation angle, node 14, rad
        243    2.407E-02, -9.996E-01,  1.175E-02         F               0         Blade 1 Z orientation angle, node 14, rad
        244    9.488E-01,  1.913E-02, -3.154E-01         F               0         Blade 1 X orientation angle, node 15, rad
        245    3.151E-01,  1.874E-02,  9.489E-01         F               0         Blade 1 Y orientation angle, node 15, rad
        246    2.407E-02, -9.996E-01,  1.175E-02         F               0         Blade 1 Z orientation angle, node 15, rad
        247    9.507E-01,  1.925E-02, -3.095E-01         F               0         Blade 1 X orientation angle, node 16, rad
        248    3.091E-01,  1.862E-02,  9.508E-01         F               0         Blade 1 Y orientation angle, node 16, rad
        249    2.407E-02, -9.996E-01,  1.175E-02         F               0         Blade 1 Z orientation angle, node 16, rad
        250    9.524E-01,  1.935E-02, -3.042E-01         F               0         Blade 1 X orientation angle, node 17, rad
        251    3.038E-01,  1.851E-02,  9.526E-01         F               0         Blade 1 Y orientation angle, node 17, rad
        252    2.407E-02, -9.996E-01,  1.175E-02         F               0         Blade 1 Z orientation angle, node 17, rad
        253    9.540E-01,  1.945E-02, -2.992E-01         F               0         Blade 1 X orientation angle, node 18, rad
        254    2.988E-01,  1.841E-02,  9.541E-01         F               0         Blade 1 Y orientation angle, node 18, rad
        255    2.407E-02, -9.996E-01,  1.175E-02         F               0         Blade 1 Z orientation angle, node 18, rad
        256    9.554E-01,  1.954E-02, -2.947E-01         F               0         Blade 1 X orientation angle, node 19, rad
        257    2.943E-01,  1.832E-02,  9.555E-01         F               0         Blade 1 Y orientation angle, node 19, rad
        258    2.407E-02, -9.996E-01,  1.175E-02         F               0         Blade 1 Z orientation angle, node 19, rad
        259    9.566E-01,  1.961E-02, -2.907E-01         F               0         Blade 1 X orientation angle, node 20, rad
        260    2.903E-01,  1.824E-02,  9.568E-01         F               0         Blade 1 Y orientation angle, node 20, rad
        261    2.407E-02, -9.996E-01,  1.175E-02         F               0         Blade 1 Z orientation angle, node 20, rad
        262    9.578E-01,  1.969E-02, -2.868E-01         F               0         Blade 1 X orientation angle, node 21, rad
        263    2.865E-01,  1.816E-02,  9.579E-01         F               0         Blade 1 Y orientation angle, node 21, rad
        264    2.407E-02, -9.996E-01,  1.175E-02         F               0         Blade 1 Z orientation angle, node 21, rad
        265    9.588E-01,  1.975E-02, -2.833E-01         F               0         Blade 1 X orientation angle, node 22, rad
        266    2.830E-01,  1.809E-02,  9.590E-01         F               0         Blade 1 Y orientation angle, node 22, rad
        267    2.407E-02, -9.996E-01,  1.175E-02         F               0         Blade 1 Z orientation angle, node 22, rad
        268    9.598E-01,  1.981E-02, -2.801E-01         F               0         Blade 1 X orientation angle, node 23, rad
        269    2.798E-01,  1.802E-02,  9.599E-01         F               0         Blade 1 Y orientation angle, node 23, rad
        270    2.407E-02, -9.996E-01,  1.175E-02         F               0         Blade 1 Z orientation angle, node 23, rad
        271    9.606E-01,  1.987E-02, -2.771E-01         F               0         Blade 1 X orientation angle, node 24, rad
        272    2.768E-01,  1.796E-02,  9.608E-01         F               0         Blade 1 Y orientation angle, node 24, rad
        273    2.407E-02, -9.996E-01,  1.175E-02         F               0         Blade 1 Z orientation angle, node 24, rad
        274    9.615E-01,  1.992E-02, -2.742E-01         F               0         Blade 1 X orientation angle, node 25, rad
        275    2.739E-01,  1.790E-02,  9.616E-01         F               0         Blade 1 Y orientation angle, node 25, rad
        276    2.407E-02, -9.996E-01,  1.175E-02         F               0         Blade 1 Z orientation angle, node 25, rad
        277    9.622E-01,  1.997E-02, -2.717E-01         F               0         Blade 1 X orientation angle, node 26, rad
        278    2.714E-01,  1.785E-02,  9.623E-01         F               0         Blade 1 Y orientation angle, node 26, rad
        279    2.407E-02, -9.996E-01,  1.175E-02         F               0         Blade 1 Z orientation angle, node 26, rad
        280    9.629E-01,  2.001E-02, -2.692E-01         F               0         Blade 1 X orientation angle, node 27, rad
        281    2.689E-01,  1.780E-02,  9.630E-01         F               0         Blade 1 Y orientation angle, node 27, rad
        282    2.407E-02, -9.996E-01,  1.175E-02         F               0         Blade 1 Z orientation angle, node 27, rad
        283    9.632E-01,  2.004E-02, -2.679E-01         F               0         Blade 1 X orientation angle, node 28, rad
        284    2.675E-01,  1.777E-02,  9.634E-01         F               0         Blade 1 Y orientation angle, node 28, rad
        285    2.407E-02, -9.996E-01,  1.175E-02         F               0         Blade 1 Z orientation angle, node 28, rad
        286   -1.564E+00                                 F               0         Blade 1 X translation velocity, node 1, m/s
        287   -1.692E-01                                 F               0         Blade 1 Y translation velocity, node 1, m/s
        288   -5.556E+00                                 F               0         Blade 1 Z translation velocity, node 1, m/s
        289   -1.937E+00                                 F               0         Blade 1 X translation velocity, node 2, m/s
        290   -1.939E-01                                 F               0         Blade 1 Y translation velocity, node 2, m/s
        291   -6.896E+00                                 F               0         Blade 1 Z translation velocity, node 2, m/s
        292   -7.013E+00                                 F               0         Blade 1 X translation velocity, node 3, m/s
        293   -5.303E-01                                 F               0         Blade 1 Y translation velocity, node 3, m/s
        294   -2.511E+01                                 F               0         Blade 1 Z translation velocity, node 3, m/s
        295   -8.095E+00                                 F               0         Blade 1 X translation velocity, node 4, m/s
        296   -6.019E-01                                 F               0         Blade 1 Y translation velocity, node 4, m/s
        297   -2.899E+01                                 F               0         Blade 1 Z translation velocity, node 4, m/s
        298   -9.176E+00                                 F               0         Blade 1 X translation velocity, node 5, m/s
        299   -6.736E-01                                 F               0         Blade 1 Y translation velocity, node 5, m/s
        300   -3.287E+01                                 F               0         Blade 1 Z translation velocity, node 5, m/s
        301   -1.026E+01                                 F               0         Blade 1 X translation velocity, node 6, m/s
        302   -7.453E-01                                 F               0         Blade 1 Y translation velocity, node 6, m/s
        303   -3.675E+01                                 F               0         Blade 1 Z translation velocity, node 6, m/s
        304   -1.134E+01                                 F               0         Blade 1 X translation velocity, node 7, m/s
        305   -8.169E-01                                 F               0         Blade 1 Y translation velocity, node 7, m/s
        306   -4.063E+01                                 F               0         Blade 1 Z translation velocity, node 7, m/s
        307   -1.242E+01                                 F               0         Blade 1 X translation velocity, node 8, m/s
