
Linearized model: Predictions were generated on 13-Feb-2024 at 12:12:09 using OpenFAST, compiled as a 64-bit application using single precision at commit v3.5.1
 linked with  NWTC Subroutine Library; ElastoDyn; InflowWind; AeroDyn; ServoDyn; HydroDyn; MAP++ (<1.20.10>, <Oct-20-2023>)

Description from the FAST input file: CCT-9 Campign 4 model. Input files to be run with OpenFAST 3.5.0. GitHub branch from Lu Wang (https://github.com/luwang00/openfast/tree/dev) compiled on March 7, 2023.

Simulation information:
   Simulation time:                   770.6750 s
   Rotor Speed:                         0.7916 rad/s
   Azimuth:                             0.1897 rad
   Wind Speed:                         24.0000 m/s
   Number of continuous states:         0
   Number of discrete states:           0
   Number of constraint states:         0
   Number of inputs:                 1746
   Number of outputs:                   4
   Jacobians included in this file?    No

Order of inputs:
     Column   Operating Point                                                   Rotating Frame? Derivative Order Description
   ---------- ---------------                                                   --------------- ---------------- -----------
          1     8.55473423004E+000                                                     F               0         Tower X translation displacement, node 1, m
          2    -1.82658684254E+000                                                     F               0         Tower Y translation displacement, node 1, m
          3    -2.16457232833E-001                                                     F               0         Tower Z translation displacement, node 1, m
          4     9.72764015198E+000                                                     F               0         Tower X translation displacement, node 2, m
          5    -2.50265908241E+000                                                     F               0         Tower Y translation displacement, node 2, m
          6    -2.90856301785E-001                                                     F               0         Tower Z translation displacement, node 2, m
          7     1.09193706512E+001                                                     F               0         Tower X translation displacement, node 3, m
          8    -3.18665814400E+000                                                     F               0         Tower Y translation displacement, node 3, m
          9    -3.67502719164E-001                                                     F               0         Tower Z translation displacement, node 3, m
         10     1.21252527237E+001                                                     F               0         Tower X translation displacement, node 4, m
         11    -3.87717890739E+000                                                     F               0         Tower Y translation displacement, node 4, m
         12    -4.45895940065E-001                                                     F               0         Tower Z translation displacement, node 4, m
         13     1.33426961899E+001                                                     F               0         Tower X translation displacement, node 5, m
         14    -4.57359313965E+000                                                     F               0         Tower Y translation displacement, node 5, m
         15    -5.25760173798E-001                                                     F               0         Tower Z translation displacement, node 5, m
         16     1.45692768097E+001                                                     F               0         Tower X translation displacement, node 6, m
         17    -5.27523660660E+000                                                     F               0         Tower Y translation displacement, node 6, m
         18    -6.06842577457E-001                                                     F               0         Tower Z translation displacement, node 6, m
         19     1.58023538589E+001                                                     F               0         Tower X translation displacement, node 7, m
         20    -5.98107814789E+000                                                     F               0         Tower Y translation displacement, node 7, m
         21    -6.88802421093E-001                                                     F               0         Tower Z translation displacement, node 7, m
         22     1.70406951904E+001                                                     F               0         Tower X translation displacement, node 8, m
         23    -6.69078350067E+000                                                     F               0         Tower Y translation displacement, node 8, m
         24    -7.71527290344E-001                                                     F               0         Tower Z translation displacement, node 8, m
         25     1.82826404572E+001                                                     F               0         Tower X translation displacement, node 9, m
         26    -7.40355300903E+000                                                     F               0         Tower Y translation displacement, node 9, m
         27    -8.54784607887E-001                                                     F               0         Tower Z translation displacement, node 9, m
         28     1.95268211365E+001                                                     F               0         Tower X translation displacement, node 10, m
         29    -8.11853885651E+000                                                     F               0         Tower Y translation displacement, node 10, m
         30    -9.38403546810E-001                                                     F               0         Tower Z translation displacement, node 10, m
         31     2.07721347809E+001                                                     F               0         Tower X translation displacement, node 11, m
         32    -8.83491039276E+000                                                     F               0         Tower Y translation displacement, node 11, m
         33    -1.02221512794E+000                                                     F               0         Tower Z translation displacement, node 11, m
         34     9.95471537113E-001,  -6.68979249895E-003,  -9.48246419430E-002         F               0         Tower X orientation angle, node 1, rad
         35     1.18155768141E-002,   9.98492717743E-001,   5.35974726081E-002         F               0         Tower Y orientation angle, node 1, rad
         36     9.43231582642E-002,  -5.44751659036E-002,   9.94050085545E-001         F               0         Tower Z orientation angle, node 1, rad
         37     9.95333492756E-001,  -6.61025941372E-003,  -9.62679609656E-002         F               0         Tower X orientation angle, node 2, rad
         38     1.18710780516E-002,   9.98460710049E-001,   5.41779175401E-002         F               0         Tower Y orientation angle, node 2, rad
         39     9.57616493106E-002,  -5.50679005682E-002,   9.93879914284E-001         F               0         Tower Z orientation angle, node 2, rad
         40     9.95211839676E-001,  -6.54036318883E-003,  -9.75226536393E-002         F               0         Tower X orientation angle, node 3, rad
         41     1.19233150035E-002,   9.98430728912E-001,   5.47167696059E-002         F               0         Tower Y orientation angle, node 3, rad
         42     9.70117449760E-002,  -5.56175671518E-002,   9.93728041649E-001         F               0         Tower Z orientation angle, node 3, rad
         43     9.95109081268E-001,  -6.48142350838E-003,  -9.85695496202E-002         F               0         Tower X orientation angle, node 4, rad
         44     1.19715193287E-002,   9.98403072357E-001,   5.52086718380E-002         F               0         Tower Y orientation angle, node 4, rad
         45     9.80543121696E-002,  -5.61186745763E-002,   9.93597507477E-001         F               0         Tower Z orientation angle, node 4, rad
         46     9.95024979115E-001,  -6.43316889182E-003,  -9.94178429246E-002         F               0         Tower X orientation angle, node 5, rad
         47     1.20152784511E-002,   9.98377919197E-001,   5.56516647339E-002         F               0         Tower Y orientation angle, node 5, rad
         48     9.88985598087E-002,  -5.65693303943E-002,   9.93488311768E-001         F               0         Tower Z orientation angle, node 5, rad
         49     9.94958639145E-001,  -6.39498373494E-003,  -1.00082255900E-001         F               0         Tower X orientation angle, node 6, rad
         50     1.20541136712E-002,   9.98355627060E-001,   5.60426637530E-002         F               0         Tower Y orientation angle, node 6, rad
         51     9.95592921972E-002,  -5.69665357471E-002,   9.93399620056E-001         F               0         Tower Z orientation angle, node 6, rad
         52     9.94909644127E-001,  -6.36667292565E-003,  -1.00569680333E-001         F               0         Tower X orientation angle, node 7, rad
         53     1.20870172977E-002,   9.98336613178E-001,   5.63729256392E-002         F               0         Tower Y orientation angle, node 7, rad
         54     1.00043490529E-001,  -5.73015548289E-002,   9.93331670761E-001         F               0         Tower Z orientation angle, node 7, rad
         55     9.94874596596E-001,  -6.34628906846E-003,  -1.00917041302E-001         F               0         Tower X orientation angle, node 8, rad
         56     1.21139502153E-002,   9.98320996761E-001,   5.66428340971E-002         F               0         Tower Y orientation angle, node 8, rad
         57     1.00388132036E-001,  -5.75750209391E-002,   9.93281126022E-001         F               0         Tower Z orientation angle, node 8, rad
         58     9.94851350784E-001,  -6.33265497163E-003,  -1.01146996021E-001         F               0         Tower X orientation angle, node 9, rad
         59     1.21345026419E-002,   9.98309075832E-001,   5.68487457931E-002         F               0         Tower Y orientation angle, node 9, rad
         60     1.00615963340E-001,  -5.77834174037E-002,   9.93245959282E-001         F               0         Tower Z orientation angle, node 9, rad
         61     9.94837701321E-001,  -6.32459390908E-003,  -1.01281538606E-001         F               0         Tower X orientation angle, node 10, rad
         62     1.21483709663E-002,   9.98300969601E-001,   5.69877699018E-002         F               0         Tower Y orientation angle, node 10, rad
         63     1.00749038160E-001,  -5.79239875078E-002,   9.93224263191E-001         F               0         Tower Z orientation angle, node 10, rad
         64     9.94831085205E-001,  -6.32064929232E-003,  -1.01346693933E-001         F               0         Tower X orientation angle, node 11, rad
         65     1.21561083943E-002,   9.98296439648E-001,   5.70654310286E-002         F               0         Tower Y orientation angle, node 11, rad
         66     1.00813351572E-001,  -5.80024458468E-002,   9.93213176727E-001         F               0         Tower Z orientation angle, node 11, rad
         67    -7.27298855782E-003                                                     F               0         Tower X translation velocity, node 1, m/s
         68    -2.85218865611E-003                                                     F               0         Tower Y translation velocity, node 1, m/s
         69     2.85947765224E-003                                                     F               0         Tower Z translation velocity, node 1, m/s
         70    -8.77646822482E-003                                                     F               0         Tower X translation velocity, node 2, m/s
         71    -3.82788199931E-003                                                     F               0         Tower Y translation velocity, node 2, m/s
         72     2.94920639135E-003                                                     F               0         Tower Z translation velocity, node 2, m/s
         73    -9.18676611036E-003                                                     F               0         Tower X translation velocity, node 3, m/s
         74    -4.42187488079E-003                                                     F               0         Tower Y translation velocity, node 3, m/s
         75     2.95595312491E-003                                                     F               0         Tower Z translation velocity, node 3, m/s
         76    -8.77964962274E-003                                                     F               0         Tower X translation velocity, node 4, m/s
         77    -4.70734760165E-003                                                     F               0         Tower Y translation velocity, node 4, m/s
         78     2.89993546903E-003                                                     F               0         Tower Z translation velocity, node 4, m/s
         79    -7.70918186754E-003                                                     F               0         Tower X translation velocity, node 5, m/s
         80    -4.71915211529E-003                                                     F               0         Tower Y translation velocity, node 5, m/s
         81     2.79313419014E-003                                                     F               0         Tower Z translation velocity, node 5, m/s
         82    -6.11875113100E-003                                                     F               0         Tower X translation velocity, node 6, m/s
         83    -4.49277367443E-003                                                     F               0         Tower Y translation velocity, node 6, m/s
         84     2.64717941172E-003                                                     F               0         Tower Z translation velocity, node 6, m/s
         85    -4.16248198599E-003                                                     F               0         Tower X translation velocity, node 7, m/s
         86    -4.07875189558E-003                                                     F               0         Tower Y translation velocity, node 7, m/s
         87     2.47449451126E-003                                                     F               0         Tower Z translation velocity, node 7, m/s
         88    -1.91329675727E-003                                                     F               0         Tower X translation velocity, node 8, m/s
         89    -3.49482824095E-003                                                     F               0         Tower Y translation velocity, node 8, m/s
         90     2.28136242367E-003                                                     F               0         Tower Z translation velocity, node 8, m/s
         91     5.32907142770E-004                                                     F               0         Tower X translation velocity, node 9, m/s
         92    -2.77850683779E-003                                                     F               0         Tower Y translation velocity, node 9, m/s
         93     2.07545049489E-003                                                     F               0         Tower Z translation velocity, node 9, m/s
         94     3.09885153547E-003                                                     F               0         Tower X translation velocity, node 10, m/s
         95    -1.96764664724E-003                                                     F               0         Tower Y translation velocity, node 10, m/s
         96     1.86257192399E-003                                                     F               0         Tower Z translation velocity, node 10, m/s
         97     5.72319235653E-003                                                     F               0         Tower X translation velocity, node 11, m/s
         98    -1.09802454244E-003                                                     F               0         Tower Y translation velocity, node 11, m/s
         99     1.64700311143E-003                                                     F               0         Tower Z translation velocity, node 11, m/s
        100     2.16193637848E+001                                                     F               0         Hub X translation displacement, node 1, m
        101    -9.22197437286E+000                                                     F               0         Hub Y translation displacement, node 1, m
        102     1.91080812365E-002                                                     F               0         Hub Z translation displacement, node 1, m
        103     9.78843450546E-001,  -2.23117269343E-004,  -2.04610556364E-001         F               0         Hub X orientation angle, node 1, rad
        104     5.04472479224E-002,   9.69392061234E-001,   2.40279242396E-001         F               0         Hub Y orientation angle, node 1, rad
        105     1.98294237256E-001,  -2.45517805219E-001,   9.48894321918E-001         F               0         Hub Z orientation angle, node 1, rad
        106     7.74811685085E-001                                                     F               0         Hub X rotation velocity, node 1, rad/s
        107     3.74895753339E-005                                                     F               0         Hub Y rotation velocity, node 1, rad/s
        108    -1.61963373423E-001                                                     F               0         Hub Z rotation velocity, node 1, rad/s
        109     9.21950876713E-001,  -2.81891584396E-001,  -2.65600651503E-001         F               0         Blade root 1 X orientation angle, node 1, rad
        110     3.32695007324E-001,   9.27501022816E-001,   1.70457884669E-001         F               0         Blade root 1 Y orientation angle, node 1, rad
        111     1.98294237256E-001,  -2.45517805219E-001,   9.48894321918E-001         F               0         Blade root 1 Z orientation angle, node 1, rad
        112     8.94039392471E-001,   2.02408313751E-001,  -3.99655342102E-001         F               0         Blade root 2 X orientation angle, node 1, rad
        113     4.24607425928E-001,  -6.67298316956E-001,   6.11899852753E-001         F               0         Blade root 2 Y orientation angle, node 1, rad
        114    -1.42835721374E-001,  -7.16759264469E-001,  -6.82535111904E-001         F               0         Blade root 2 Z orientation angle, node 1, rad
        115     9.93838012218E-001,   7.88428038359E-002,   7.79092237353E-002         F               0         Blade root 3 X orientation angle, node 1, rad
        116     9.59707647562E-002,  -2.60397195816E-001,  -9.60720002651E-001         F               0         Blade root 3 Y orientation angle, node 1, rad
        117    -5.54585196078E-002,   9.62277054787E-001,  -2.66359210014E-001         F               0         Blade root 3 Z orientation angle, node 1, rad
        118     2.21388263702E+001                                                     F               0         Blade 1 X translation displacement, node 1, m
        119    -1.05821428299E+001                                                     F               0         Blade 1 Y translation displacement, node 1, m
        120    -2.33676314354E-001                                                     F               0         Blade 1 Z translation displacement, node 1, m
        121     2.22639942169E+001                                                     F               0         Blade 1 X translation displacement, node 2, m
        122    -1.09098854065E+001                                                     F               0         Blade 1 Y translation displacement, node 2, m
        123    -2.94582456350E-001                                                     F               0         Blade 1 Z translation displacement, node 2, m
        124     2.39660701752E+001                                                     F               0         Blade 1 X translation displacement, node 3, m
        125    -1.53666248322E+001                                                     F               0         Blade 1 Y translation displacement, node 3, m
        126    -1.12283027172E+000                                                     F               0         Blade 1 Z translation displacement, node 3, m
        127     2.43287067413E+001                                                     F               0         Blade 1 X translation displacement, node 4, m
        128    -1.63161602020E+001                                                     F               0         Blade 1 Y translation displacement, node 4, m
        129    -1.29930162430E+000                                                     F               0         Blade 1 Z translation displacement, node 4, m
        130     2.46914119720E+001                                                     F               0         Blade 1 X translation displacement, node 5, m
        131    -1.72658748627E+001                                                     F               0         Blade 1 Y translation displacement, node 5, m
        132    -1.47579085827E+000                                                     F               0         Blade 1 Z translation displacement, node 5, m
        133     2.50540504456E+001                                                     F               0         Blade 1 X translation displacement, node 6, m
        134    -1.82154140472E+001                                                     F               0         Blade 1 Y translation displacement, node 6, m
        135    -1.65226280689E+000                                                     F               0         Blade 1 Z translation displacement, node 6, m
        136     2.54166908264E+001                                                     F               0         Blade 1 X translation displacement, node 7, m
        137    -1.91649551392E+001                                                     F               0         Blade 1 Y translation displacement, node 7, m
        138    -1.82872176170E+000                                                     F               0         Blade 1 Z translation displacement, node 7, m
        139     2.57793941498E+001                                                     F               0         Blade 1 X translation displacement, node 8, m
        140    -2.01146659851E+001                                                     F               0         Blade 1 Y translation displacement, node 8, m
        141    -2.00522565842E+000                                                     F               0         Blade 1 Z translation displacement, node 8, m
        142     2.61420345306E+001                                                     F               0         Blade 1 X translation displacement, node 9, m
        143    -2.10642070770E+001                                                     F               0         Blade 1 Y translation displacement, node 9, m
        144    -2.18168282509E+000                                                     F               0         Blade 1 Z translation displacement, node 9, m
        145     2.65046730042E+001                                                     F               0         Blade 1 X translation displacement, node 10, m
        146    -2.20137462616E+001                                                     F               0         Blade 1 Y translation displacement, node 10, m
        147    -2.35815477371E+000                                                     F               0         Blade 1 Z translation displacement, node 10, m
        148     2.68673133850E+001                                                     F               0         Blade 1 X translation displacement, node 11, m
        149    -2.29632873535E+001                                                     F               0         Blade 1 Y translation displacement, node 11, m
        150    -2.53461170197E+000                                                     F               0         Blade 1 Z translation displacement, node 11, m
        151     2.72300167084E+001                                                     F               0         Blade 1 X translation displacement, node 12, m
        152    -2.39129962921E+001                                                     F               0         Blade 1 Y translation displacement, node 12, m
        153    -2.71111559868E+000                                                     F               0         Blade 1 Z translation displacement, node 12, m
        154     2.75926570892E+001                                                     F               0         Blade 1 X translation displacement, node 13, m
        155    -2.48625392914E+001                                                     F               0         Blade 1 Y translation displacement, node 13, m
        156    -2.88757252693E+000                                                     F               0         Blade 1 Z translation displacement, node 13, m
        157     2.79552955627E+001                                                     F               0         Blade 1 X translation displacement, node 14, m
        158    -2.58120765686E+001                                                     F               0         Blade 1 Y translation displacement, node 14, m
        159    -3.06404447556E+000                                                     F               0         Blade 1 Z translation displacement, node 14, m
        160     2.83179988861E+001                                                     F               0         Blade 1 X translation displacement, node 15, m
        161    -2.67617893219E+001                                                     F               0         Blade 1 Y translation displacement, node 15, m
        162    -3.24053859711E+000                                                     F               0         Blade 1 Z translation displacement, node 15, m
        163     2.86806392670E+001                                                     F               0         Blade 1 X translation displacement, node 16, m
        164    -2.77113304138E+001                                                     F               0         Blade 1 Y translation displacement, node 16, m
        165    -3.41700816154E+000                                                     F               0         Blade 1 Z translation displacement, node 16, m
        166     2.90432796478E+001                                                     F               0         Blade 1 X translation displacement, node 17, m
        167    -2.86608734131E+001                                                     F               0         Blade 1 Y translation displacement, node 17, m
        168    -3.59346294403E+000                                                     F               0         Blade 1 Z translation displacement, node 17, m
        169     2.94059181213E+001                                                     F               0         Blade 1 X translation displacement, node 18, m
        170    -2.96104125977E+001                                                     F               0         Blade 1 Y translation displacement, node 18, m
        171    -3.76993227005E+000                                                     F               0         Blade 1 Z translation displacement, node 18, m
        172     2.97686214447E+001                                                     F               0         Blade 1 X translation displacement, node 19, m
        173    -3.05601196289E+001                                                     F               0         Blade 1 Y translation displacement, node 19, m
        174    -3.94643306732E+000                                                     F               0         Blade 1 Z translation displacement, node 19, m
        175     3.01312599182E+001                                                     F               0         Blade 1 X translation displacement, node 20, m
        176    -3.15096626282E+001                                                     F               0         Blade 1 Y translation displacement, node 20, m
        177    -4.12288761139E+000                                                     F               0         Blade 1 Z translation displacement, node 20, m
        178     3.04939002991E+001                                                     F               0         Blade 1 X translation displacement, node 21, m
        179    -3.24592018127E+001                                                     F               0         Blade 1 Y translation displacement, node 21, m
        180    -4.29935741425E+000                                                     F               0         Blade 1 Z translation displacement, node 21, m
        181     3.08566055298E+001                                                     F               0         Blade 1 X translation displacement, node 22, m
        182    -3.34089126587E+001                                                     F               0         Blade 1 Y translation displacement, node 22, m
        183    -4.47585868835E+000                                                     F               0         Blade 1 Z translation displacement, node 22, m
        184     3.12192440033E+001                                                     F               0         Blade 1 X translation displacement, node 23, m
        185    -3.43584556580E+001                                                     F               0         Blade 1 Y translation displacement, node 23, m
        186    -4.65231323242E+000                                                     F               0         Blade 1 Z translation displacement, node 23, m
        187     3.15818843842E+001                                                     F               0         Blade 1 X translation displacement, node 24, m
        188    -3.53079948425E+001                                                     F               0         Blade 1 Y translation displacement, node 24, m
        189    -4.82878255844E+000                                                     F               0         Blade 1 Z translation displacement, node 24, m
        190     3.19445228577E+001                                                     F               0         Blade 1 X translation displacement, node 25, m
        191    -3.62575340271E+001                                                     F               0         Blade 1 Y translation displacement, node 25, m
        192    -5.00525188446E+000                                                     F               0         Blade 1 Z translation displacement, node 25, m
        193     3.23072280884E+001                                                     F               0         Blade 1 X translation displacement, node 26, m
        194    -3.72072486877E+001                                                     F               0         Blade 1 Y translation displacement, node 26, m
        195    -5.18175363541E+000                                                     F               0         Blade 1 Z translation displacement, node 26, m
        196     3.26698646545E+001                                                     F               0         Blade 1 X translation displacement, node 27, m
        197    -3.81567840576E+001                                                     F               0         Blade 1 Y translation displacement, node 27, m
        198    -5.35822296143E+000                                                     F               0         Blade 1 Z translation displacement, node 27, m
        199     3.29773063660E+001                                                     F               0         Blade 1 X translation displacement, node 28, m
        200    -3.89617919922E+001                                                     F               0         Blade 1 Y translation displacement, node 28, m
        201    -5.50780820847E+000                                                     F               0         Blade 1 Z translation displacement, node 28, m
        202     6.68799877167E-001,  -6.73826873302E-001,  -3.14108371735E-001         F               0         Blade 1 X orientation angle, node 1, rad
        203     7.16509640217E-001,   6.96906268597E-001,   3.05862985551E-002         F               0         Blade 1 Y orientation angle, node 1, rad
        204     1.98294237256E-001,  -2.45517805219E-001,   9.48894321918E-001         F               0         Blade 1 Z orientation angle, node 1, rad
        205     6.68799877167E-001,  -6.73826873302E-001,  -3.14108371735E-001         F               0         Blade 1 X orientation angle, node 2, rad
        206     7.16509640217E-001,   6.96906268597E-001,   3.05862985551E-002         F               0         Blade 1 Y orientation angle, node 2, rad
        207     1.98294237256E-001,  -2.45517805219E-001,   9.48894321918E-001         F               0         Blade 1 Z orientation angle, node 2, rad
        208     8.19562613964E-001,  -4.89455878735E-001,  -2.97909557819E-001         F               0         Blade 1 X orientation angle, node 3, rad
        209     5.37584006786E-001,   8.36752057076E-001,   1.04160934687E-001         F               0         Blade 1 Y orientation angle, node 3, rad
        210     1.98294237256E-001,  -2.45517805219E-001,   9.48894321918E-001         F               0         Blade 1 Z orientation angle, node 3, rad
        211     8.41530859470E-001,  -4.53687995672E-001,  -2.93245732784E-001         F               0         Blade 1 X orientation angle, node 4, rad
        212     5.02498984337E-001,   8.56672763824E-001,   1.16647094488E-001         F               0         Blade 1 Y orientation angle, node 4, rad
        213     1.98294237256E-001,  -2.45517805219E-001,   9.48894321918E-001         F               0         Blade 1 Z orientation angle, node 4, rad
        214     8.57728600502E-001,  -4.25035417080E-001,  -2.89217054844E-001         F               0         Blade 1 X orientation angle, node 5, rad
        215     4.74321633577E-001,   8.71243894100E-001,   1.26305580139E-001         F               0         Blade 1 Y orientation angle, node 5, rad
        216     1.98294237256E-001,  -2.45517805219E-001,   9.48894321918E-001         F               0         Blade 1 Z orientation angle, node 5, rad
        217     8.70008647442E-001,  -4.01775330305E-001,  -2.85764902830E-001         F               0         Blade 1 X orientation angle, node 6, rad
        218     4.51402693987E-001,   8.82211744785E-001,   1.33932873607E-001         F               0         Blade 1 Y orientation angle, node 6, rad
        219     1.98294237256E-001,  -2.45517805219E-001,   9.48894321918E-001         F               0         Blade 1 Z orientation angle, node 6, rad
        220     8.79648864269E-001,  -3.82434368134E-001,  -2.82775163651E-001         F               0         Blade 1 X orientation angle, node 7, rad
        221     4.32316154242E-001,   8.90766501427E-001,   1.40134930611E-001         F               0         Blade 1 Y orientation angle, node 7, rad
        222     1.98294237256E-001,  -2.45517805219E-001,   9.48894321918E-001         F               0         Blade 1 Z orientation angle, node 7, rad
        223     8.87350678444E-001,  -3.66203576326E-001,  -2.80185073614E-001         F               0         Blade 1 X orientation angle, node 8, rad
        224     4.16278928518E-001,   8.97561132908E-001,   1.45244330168E-001         F               0         Blade 1 Y orientation angle, node 8, rad
        225     1.98294237256E-001,  -2.45517805219E-001,   9.48894321918E-001         F               0         Blade 1 Z orientation angle, node 8, rad
        226     8.93639385700E-001,  -3.52375388145E-001,  -2.77921319008E-001         F               0         Blade 1 X orientation angle, node 9, rad
        227     4.02601629496E-001,   9.03079509735E-001,   1.49530366063E-001         F               0         Blade 1 Y orientation angle, node 9, rad
        228     1.98294237256E-001,  -2.45517790318E-001,   9.48894321918E-001         F               0         Blade 1 Z orientation angle, node 9, rad
        229     8.98900926113E-001,  -3.40365827084E-001,  -2.75913506746E-001         F               0         Blade 1 X orientation angle, node 10, rad
        230     3.90712887049E-001,   9.07674014568E-001,   1.53203591704E-001         F               0         Blade 1 Y orientation angle, node 10, rad
        231     1.98294237256E-001,  -2.45517805219E-001,   9.48894321918E-001         F               0         Blade 1 Z orientation angle, node 10, rad
        232     9.03275489807E-001,  -3.30046921968E-001,  -2.74157732725E-001         F               0         Blade 1 X orientation angle, node 11, rad
        233     3.80490243435E-001,   9.11476850510E-001,   1.56323805451E-001         F               0         Blade 1 Y orientation angle, node 11, rad
        234     1.98294237256E-001,  -2.45517805219E-001,   9.48894321918E-001         F               0         Blade 1 Z orientation angle, node 11, rad
        235     9.07015979290E-001,  -3.20963025093E-001,  -2.72589027882E-001         F               0         Blade 1 X orientation angle, node 12, rad
        236     3.71485441923E-001,   9.14715111256E-001,   1.59043446183E-001         F               0         Blade 1 Y orientation angle, node 12, rad
        237     1.98294237256E-001,  -2.45517805219E-001,   9.48894321918E-001         F               0         Blade 1 Z orientation angle, node 12, rad
        238     9.10223186016E-001,  -3.12968492508E-001,  -2.71190762520E-001         F               0         Blade 1 X orientation angle, node 13, rad
        239     3.63556206226E-001,   9.17481184006E-001,   1.61416158080E-001         F               0         Blade 1 Y orientation angle, node 13, rad
        240     1.98294237256E-001,  -2.45517805219E-001,   9.48894321918E-001         F               0         Blade 1 Z orientation angle, node 13, rad
        241     9.13050472736E-001,  -3.05753052235E-001,  -2.69914627075E-001         F               0         Blade 1 X orientation angle, node 14, rad
        242     3.56396168470E-001,   9.19910907745E-001,   1.63541078568E-001         F               0         Blade 1 Y orientation angle, node 14, rad
        243     1.98294237256E-001,  -2.45517805219E-001,   9.48894321918E-001         F               0         Blade 1 Z orientation angle, node 14, rad
        244     9.15516316891E-001,  -2.99323439598E-001,  -2.68766343594E-001         F               0         Blade 1 X orientation angle, node 15, rad
        245     3.50013226271E-001,   9.22023057938E-001,   1.65421441197E-001         F               0         Blade 1 Y orientation angle, node 15, rad
        246     1.98294237256E-001,  -2.45517790318E-001,   9.48894321918E-001         F               0         Blade 1 Z orientation angle, node 15, rad
        247     9.17697429657E-001,  -2.93524354696E-001,  -2.67721652985E-001         F               0         Blade 1 X orientation angle, node 16, rad
