
Linearized model: Predictions were generated on 13-Feb-2024 at 12:12:09 using OpenFAST, compiled as a 64-bit application using single precision at commit v3.5.1
 linked with  NWTC Subroutine Library; ElastoDyn; InflowWind; AeroDyn; ServoDyn; HydroDyn; MAP++ (<1.20.10>, <Oct-20-2023>)

Description from the FAST input file: CCT-9 Campign 4 model. Input files to be run with OpenFAST 3.5.0. GitHub branch from Lu Wang (https://github.com/luwang00/openfast/tree/dev) compiled on March 7, 2023.

Simulation information:
   Simulation time:                   775.3000 s
   Rotor Speed:                         0.7916 rad/s
   Azimuth:                             3.8521 rad
   Wind Speed:                         24.0000 m/s
   Number of continuous states:         0
   Number of discrete states:           0
   Number of constraint states:         0
   Number of inputs:                 1746
   Number of outputs:                   4
   Jacobians included in this file?    No

Order of inputs:
     Column   Operating Point                                                   Rotating Frame? Derivative Order Description
   ---------- ---------------                                                   --------------- ---------------- -----------
          1     8.55663871765E+000                                                     F               0         Tower X translation displacement, node 1, m
          2    -1.82338929176E+000                                                     F               0         Tower Y translation displacement, node 1, m
          3    -2.18967884779E-001                                                     F               0         Tower Z translation displacement, node 1, m
          4     9.73066520691E+000                                                     F               0         Tower X translation displacement, node 2, m
          5    -2.49939179420E+000                                                     F               0         Tower Y translation displacement, node 2, m
          6    -2.93470084667E-001                                                     F               0         Tower Z translation displacement, node 2, m
          7     1.09226007462E+001                                                     F               0         Tower X translation displacement, node 3, m
          8    -3.18329572678E+000                                                     F               0         Tower Y translation displacement, node 3, m
          9    -3.70131015778E-001                                                     F               0         Tower Z translation displacement, node 3, m
         10     1.21279191971E+001                                                     F               0         Tower X translation displacement, node 4, m
         11    -3.87369823456E+000                                                     F               0         Tower Y translation displacement, node 4, m
         12    -4.48462277651E-001                                                     F               0         Tower Z translation displacement, node 4, m
         13     1.33440952301E+001                                                     F               0         Tower X translation displacement, node 5, m
         14    -4.56997108459E+000                                                     F               0         Tower Y translation displacement, node 5, m
         15    -5.28192818165E-001                                                     F               0         Tower Z translation displacement, node 5, m
         16     1.45687713623E+001                                                     F               0         Tower X translation displacement, node 6, m
         17    -5.27145004272E+000                                                     F               0         Tower Y translation displacement, node 6, m
         18    -6.09075725079E-001                                                     F               0         Tower Z translation displacement, node 6, m
         19     1.57994270325E+001                                                     F               0         Tower X translation displacement, node 7, m
         20    -5.97710752487E+000                                                     F               0         Tower Y translation displacement, node 7, m
         21    -6.90781891346E-001                                                     F               0         Tower Z translation displacement, node 7, m
         22     1.70348587036E+001                                                     F               0         Tower X translation displacement, node 8, m
         23    -6.68660926819E+000                                                     F               0         Tower Y translation displacement, node 8, m
         24    -7.73201882839E-001                                                     F               0         Tower Z translation displacement, node 8, m
         25     1.82735042572E+001                                                     F               0         Tower X translation displacement, node 9, m
         26    -7.39915895462E+000                                                     F               0         Tower Y translation displacement, node 9, m
         27    -8.56112837791E-001                                                     F               0         Tower Z translation displacement, node 9, m
         28     1.95140933990E+001                                                     F               0         Tower X translation displacement, node 10, m
         29    -8.11391162872E+000                                                     F               0         Tower Y translation displacement, node 10, m
         30    -9.39354717731E-001                                                     F               0         Tower Z translation displacement, node 10, m
         31     2.07556285858E+001                                                     F               0         Tower X translation displacement, node 11, m
         32    -8.83004379272E+000                                                     F               0         Tower Y translation displacement, node 11, m
         33    -1.02276957035E+000                                                     F               0         Tower Z translation displacement, node 11, m
         34     9.95460331440E-001,  -6.67437026277E-003,  -9.49428305030E-002         F               0         Tower X orientation angle, node 1, rad
         35     1.18061453104E-002,   9.98493075371E-001,   5.35926371813E-002         F               0         Tower Y orientation angle, node 1, rad
         36     9.44420620799E-002,  -5.44702559710E-002,   9.94039058685E-001         F               0         Tower Z orientation angle, node 1, rad
         37     9.95328724384E-001,  -6.59860530868E-003,  -9.63179022074E-002         F               0         Tower X orientation angle, node 2, rad
         38     1.18615655228E-002,   9.98461186886E-001,   5.41717186570E-002         F               0         Tower Y orientation angle, node 2, rad
         39     9.58122313023E-002,  -5.50611503422E-002,   9.93875384331E-001         F               0         Tower Z orientation angle, node 2, rad
         40     9.95213270187E-001,  -6.53228489682E-003,  -9.75085496902E-002         F               0         Tower X orientation angle, node 3, rad
         41     1.19136758149E-002,   9.98431265354E-001,   5.47091551125E-002         F               0         Tower Y orientation angle, node 3, rad
         42     9.69982072711E-002,  -5.56089617312E-002,   9.93729829788E-001         F               0         Tower Z orientation angle, node 3, rad
         43     9.95116353035E-001,  -6.47668819875E-003,  -9.84961614013E-002         F               0         Tower X orientation angle, node 4, rad
         44     1.19617143646E-002,   9.98403668404E-001,   5.51995933056E-002         F               0         Tower Y orientation angle, node 4, rad
         45     9.79814156890E-002,  -5.61082027853E-002,   9.93605315685E-001         F               0         Tower Z orientation angle, node 4, rad
         46     9.95037734509E-001,  -6.43151579425E-003,  -9.92902517319E-002         F               0         Tower X orientation angle, node 5, rad
         47     1.20052807033E-002,   9.98378634453E-001,   5.56411035359E-002         F               0         Tower Y orientation angle, node 5, rad
         48     9.87714156508E-002,  -5.65570034087E-002,   9.93501663208E-001         F               0         Tower Z orientation angle, node 5, rad
         49     9.94976341724E-001,  -6.39611529186E-003,  -9.99060869217E-002         F               0         Tower X orientation angle, node 6, rad
         50     1.20439101011E-002,   9.98356401920E-001,   5.60306459665E-002         F               0         Tower Y orientation angle, node 6, rad
         51     9.93835031986E-002,  -5.69524243474E-002,   9.93418037891E-001         F               0         Tower Z orientation angle, node 6, rad
         52     9.94931638241E-001,  -6.37021288276E-003,  -1.00351758301E-001         F               0         Tower X orientation angle, node 7, rad
         53     1.20766106993E-002,   9.98337507248E-001,   5.63595518470E-002         F               0         Tower Y orientation angle, node 7, rad
         54     9.98259037733E-002,  -5.72858080268E-002,   9.93354499340E-001         F               0         Tower Z orientation angle, node 7, rad
         55     9.94900166988E-001,  -6.35183928534E-003,  -1.00664436817E-001         F               0         Tower X orientation angle, node 8, rad
         56     1.21033582836E-002,   9.98321950436E-001,   5.66282682121E-002         F               0         Tower Y orientation angle, node 8, rad
         57     1.00135825574E-001,  -5.75578510761E-002,   9.93307590485E-001         F               0         Tower Z orientation angle, node 8, rad
         58     9.94879662991E-001,  -6.33977307007E-003,  -1.00867435336E-001         F               0         Tower X orientation angle, node 9, rad
         59     1.21237570420E-002,   9.98310089111E-001,   5.68332113326E-002         F               0         Tower Y orientation angle, node 9, rad
         60     1.00336663425E-001,  -5.77651001513E-002,   9.93275284767E-001         F               0         Tower Z orientation angle, node 9, rad
         61     9.94867980480E-001,  -6.33280025795E-003,  -1.00983314216E-001         F               0         Tower X orientation angle, node 10, rad
         62     1.21375145391E-002,   9.98302042484E-001,   5.69715611637E-002         F               0         Tower Y orientation angle, node 10, rad
         63     1.00451059639E-001,  -5.79048655927E-002,   9.93255555630E-001         F               0         Tower Z orientation angle, node 10, rad
         64     9.94862496853E-001,  -6.32949080318E-003,  -1.01037576795E-001         F               0         Tower X orientation angle, node 11, rad
         65     1.21451877058E-002,   9.98297512531E-001,   5.70488385856E-002         F               0         Tower Y orientation angle, node 11, rad
         66     1.00504472852E-001,  -5.79828694463E-002,   9.93245601654E-001         F               0         Tower Z orientation angle, node 11, rad
         67    -6.55265478417E-003                                                     F               0         Tower X translation velocity, node 1, m/s
         68     4.29524760693E-003                                                     F               0         Tower Y translation velocity, node 1, m/s
         69    -2.85679777153E-003                                                     F               0         Tower Z translation velocity, node 1, m/s
         70    -8.71608871967E-003                                                     F               0         Tower X translation velocity, node 2, m/s
         71     5.26053644717E-003                                                     F               0         Tower Y translation velocity, node 2, m/s
         72    -2.59703118354E-003                                                     F               0         Tower Z translation velocity, node 2, m/s
         73    -9.78460907936E-003                                                     F               0         Tower X translation velocity, node 3, m/s
         74     5.68933598697E-003                                                     F               0         Tower Y translation velocity, node 3, m/s
         75    -2.46944208629E-003                                                     F               0         Tower Z translation velocity, node 3, m/s
         76    -9.86547768116E-003                                                     F               0         Tower X translation velocity, node 4, m/s
         77     5.67374844104E-003                                                     F               0         Tower Y translation velocity, node 4, m/s
         78    -2.46240617707E-003                                                     F               0         Tower Z translation velocity, node 4, m/s
         79    -8.97376704961E-003                                                     F               0         Tower X translation velocity, node 5, m/s
         80     5.25385001674E-003                                                     F               0         Tower Y translation velocity, node 5, m/s
         81    -2.57460167632E-003                                                     F               0         Tower Z translation velocity, node 5, m/s
         82    -7.14511703700E-003                                                     F               0         Tower X translation velocity, node 6, m/s
         83     4.47264872491E-003                                                     F               0         Tower Y translation velocity, node 6, m/s
         84    -2.80173448846E-003                                                     F               0         Tower Z translation velocity, node 6, m/s
         85    -4.50857356191E-003                                                     F               0         Tower X translation velocity, node 7, m/s
         86     3.39967012405E-003                                                     F               0         Tower Y translation velocity, node 7, m/s
         87    -3.12777608633E-003                                                     F               0         Tower Z translation velocity, node 7, m/s
         88    -1.07846152969E-003                                                     F               0         Tower X translation velocity, node 8, m/s
         89     2.05637421459E-003                                                     F               0         Tower Y translation velocity, node 8, m/s
         90    -3.55064822361E-003                                                     F               0         Tower Z translation velocity, node 8, m/s
         91     3.02202836610E-003                                                     F               0         Tower X translation velocity, node 9, m/s
         92     4.97631321196E-004                                                     F               0         Tower Y translation velocity, node 9, m/s
         93    -4.05490305275E-003                                                     F               0         Tower Z translation velocity, node 9, m/s
         94     7.63817038387E-003                                                     F               0         Tower X translation velocity, node 10, m/s
         95    -1.21784233488E-003                                                     F               0         Tower Y translation velocity, node 10, m/s
         96    -4.62134042755E-003                                                     F               0         Tower Z translation velocity, node 10, m/s
         97     1.25972907990E-002                                                     F               0         Tower X translation velocity, node 11, m/s
         98    -3.03173973225E-003                                                     F               0         Tower Y translation velocity, node 11, m/s
         99    -5.22870942950E-003                                                     F               0         Tower Z translation velocity, node 11, m/s
        100     2.16000957489E+001                                                     F               0         Hub X translation displacement, node 1, m
        101    -9.21685791016E+000                                                     F               0         Hub Y translation displacement, node 1, m
        102     1.54696321115E-002                                                     F               0         Hub Z translation displacement, node 1, m
        103     9.78906929493E-001,  -2.33956874581E-004,  -2.04306527972E-001         F               0         Hub X orientation angle, node 1, rad
        104    -1.42226427794E-001,  -7.18684077263E-001,  -6.80635571480E-001         F               0         Hub Y orientation angle, node 1, rad
        105    -1.46672606468E-001,   6.95336699486E-001,  -7.03558146954E-001         F               0         Hub Z orientation angle, node 1, rad
        106     7.75100111961E-001                                                     F               0         Hub X rotation velocity, node 1, rad/s
        107     2.24345538300E-004                                                     F               0         Hub Y rotation velocity, node 1, rad/s
        108    -1.61729738116E-001                                                     F               0         Hub Z rotation velocity, node 1, rad/s
        109     9.77996647358E-001,   2.08608061075E-001,   2.28484673426E-003         F               0         Blade root 1 X orientation angle, node 1, rad
        110     1.48356631398E-001,  -6.87742352486E-001,  -7.10634052753E-001         F               0         Blade root 1 Y orientation angle, node 1, rad
        111    -1.46672606468E-001,   6.95336699486E-001,  -7.03558146954E-001         F               0         Blade root 1 Z orientation angle, node 1, rad
        112     9.52914953232E-001,  -2.79618322849E-001,  -1.17331743240E-001         F               0         Blade root 2 X orientation angle, node 1, rad
        113     2.30949655175E-001,   9.19965684414E-001,  -3.16741883755E-001         F               0         Blade root 2 Y orientation angle, node 1, rad
        114     1.96508005261E-001,   2.74730324745E-001,   9.41226780415E-001         F               0         Blade root 2 Z orientation angle, node 1, rad
        115     8.79095852375E-001,   7.03386589885E-002,  -4.71426486969E-001         F               0         Blade root 3 X orientation angle, node 1, rad
        116     4.74032580853E-001,  -2.32427254319E-001,   8.49276542664E-001         F               0         Blade root 3 Y orientation angle, node 1, rad
        117    -4.98353913426E-002,  -9.70067024231E-001,  -2.37668663263E-001         F               0         Blade root 3 Z orientation angle, node 1, rad
        118     2.02084407806E+001                                                     F               0         Blade 1 X translation displacement, node 1, m
        119    -5.36469221115E+000                                                     F               0         Blade 1 Y translation displacement, node 1, m
        120    -9.39190101624E+000                                                     F               0         Blade 1 Z translation displacement, node 1, m
        121     1.98731117249E+001                                                     F               0         Blade 1 X translation displacement, node 2, m
        122    -4.43648338318E+000                                                     F               0         Blade 1 Y translation displacement, node 2, m
        123    -1.16586761475E+001                                                     F               0         Blade 1 Z translation displacement, node 2, m
        124     1.53132066727E+001                                                     F               0         Blade 1 X translation displacement, node 3, m
        125     8.18555068970E+000                                                     F               0         Blade 1 Y translation displacement, node 3, m
        126    -4.24829139709E+001                                                     F               0         Blade 1 Z translation displacement, node 3, m
        127     1.43416919708E+001                                                     F               0         Blade 1 X translation displacement, node 4, m
        128     1.08747501373E+001                                                     F               0         Blade 1 Y translation displacement, node 4, m
        129    -4.90502052307E+001                                                     F               0         Blade 1 Z translation displacement, node 4, m
        130     1.33699932098E+001                                                     F               0         Blade 1 X translation displacement, node 5, m
        131     1.35644607544E+001                                                     F               0         Blade 1 Y translation displacement, node 5, m
        132    -5.56187324524E+001                                                     F               0         Blade 1 Z translation displacement, node 5, m
        133     1.23984746933E+001                                                     F               0         Blade 1 X translation displacement, node 6, m
        134     1.62536697388E+001                                                     F               0         Blade 1 Y translation displacement, node 6, m
        135    -6.21860542297E+001                                                     F               0         Blade 1 Z translation displacement, node 6, m
        136     1.14269533157E+001                                                     F               0         Blade 1 X translation displacement, node 7, m
        137     1.89428901672E+001                                                     F               0         Blade 1 Y translation displacement, node 7, m
        138    -6.87533798218E+001                                                     F               0         Blade 1 Z translation displacement, node 7, m
        139     1.04552574158E+001                                                     F               0         Blade 1 X translation displacement, node 8, m
        140     2.16325893402E+001                                                     F               0         Blade 1 Y translation displacement, node 8, m
        141    -7.53218994141E+001                                                     F               0         Blade 1 Z translation displacement, node 8, m
        142     9.48373508453E+000                                                     F               0         Blade 1 X translation displacement, node 9, m
        143     2.43218097687E+001                                                     F               0         Blade 1 Y translation displacement, node 9, m
        144    -8.18892288208E+001                                                     F               0         Blade 1 Z translation displacement, node 9, m
        145     8.51221656799E+000                                                     F               0         Blade 1 X translation displacement, node 10, m
        146     2.70110187531E+001                                                     F               0         Blade 1 Y translation displacement, node 10, m
        147    -8.84565505981E+001                                                     F               0         Blade 1 Z translation displacement, node 10, m
        148     7.54069471359E+000                                                     F               0         Blade 1 X translation displacement, node 11, m
        149     2.97002391815E+001                                                     F               0         Blade 1 Y translation displacement, node 11, m
        150    -9.50238800049E+001                                                     F               0         Blade 1 Z translation displacement, node 11, m
        151     6.56900310516E+000                                                     F               0         Blade 1 X translation displacement, node 12, m
        152     3.23899307251E+001                                                     F               0         Blade 1 Y translation displacement, node 12, m
        153    -1.01592369080E+002                                                     F               0         Blade 1 Z translation displacement, node 12, m
        154     5.59748077393E+000                                                     F               0         Blade 1 X translation displacement, node 13, m
        155     3.50791473389E+001                                                     F               0         Blade 1 Y translation displacement, node 13, m
        156    -1.08159698486E+002                                                     F               0         Blade 1 Z translation displacement, node 13, m
        157     4.62596273422E+000                                                     F               0         Blade 1 X translation displacement, node 14, m
        158     3.77683601379E+001                                                     F               0         Blade 1 Y translation displacement, node 14, m
        159    -1.14727020264E+002                                                     F               0         Blade 1 Z translation displacement, node 14, m
        160     3.65426421165E+000                                                     F               0         Blade 1 X translation displacement, node 15, m
        161     4.04580650330E+001                                                     F               0         Blade 1 Y translation displacement, node 15, m
        162    -1.21295539856E+002                                                     F               0         Blade 1 Z translation displacement, node 15, m
        163     2.68274545670E+000                                                     F               0         Blade 1 X translation displacement, node 16, m
        164     4.31472778320E+001                                                     F               0         Blade 1 Y translation displacement, node 16, m
        165    -1.27862869263E+002                                                     F               0         Blade 1 Z translation displacement, node 16, m
        166     1.71122288704E+000                                                     F               0         Blade 1 X translation displacement, node 17, m
        167     4.58365020752E+001                                                     F               0         Blade 1 Y translation displacement, node 17, m
        168    -1.34430206299E+002                                                     F               0         Blade 1 Z translation displacement, node 17, m
        169     7.39703714848E-001                                                     F               0         Blade 1 X translation displacement, node 18, m
        170     4.85257110596E+001                                                     F               0         Blade 1 Y translation displacement, node 18, m
        171    -1.40997528076E+002                                                     F               0         Blade 1 Z translation displacement, node 18, m
        172    -2.31988653541E-001                                                     F               0         Blade 1 X translation displacement, node 19, m
        173     5.12154006958E+001                                                     F               0         Blade 1 Y translation displacement, node 19, m
        174    -1.47566009521E+002                                                     F               0         Blade 1 Z translation displacement, node 19, m
        175    -1.20351135731E+000                                                     F               0         Blade 1 X translation displacement, node 20, m
        176     5.39046211243E+001                                                     F               0         Blade 1 Y translation displacement, node 20, m
        177    -1.54133346558E+002                                                     F               0         Blade 1 Z translation displacement, node 20, m
        178    -2.17503046989E+000                                                     F               0         Blade 1 X translation displacement, node 21, m
        179     5.65938377380E+001                                                     F               0         Blade 1 Y translation displacement, node 21, m
        180    -1.60700668335E+002                                                     F               0         Blade 1 Z translation displacement, node 21, m
        181    -3.14672660828E+000                                                     F               0         Blade 1 X translation displacement, node 22, m
        182     5.92835388184E+001                                                     F               0         Blade 1 Y translation displacement, node 22, m
        183    -1.67269180298E+002                                                     F               0         Blade 1 Z translation displacement, node 22, m
        184    -4.11824941635E+000                                                     F               0         Blade 1 X translation displacement, node 23, m
        185     6.19727592468E+001                                                     F               0         Blade 1 Y translation displacement, node 23, m
        186    -1.73836517334E+002                                                     F               0         Blade 1 Z translation displacement, node 23, m
        187    -5.08976840973E+000                                                     F               0         Blade 1 X translation displacement, node 24, m
        188     6.46619720459E+001                                                     F               0         Blade 1 Y translation displacement, node 24, m
        189    -1.80403839111E+002                                                     F               0         Blade 1 Z translation displacement, node 24, m
        190    -6.06128740311E+000                                                     F               0         Blade 1 X translation displacement, node 25, m
        191     6.73511810303E+001                                                     F               0         Blade 1 Y translation displacement, node 25, m
        192    -1.86971160889E+002                                                     F               0         Blade 1 Z translation displacement, node 25, m
        193    -7.03298377991E+000                                                     F               0         Blade 1 X translation displacement, node 26, m
        194     7.00408859253E+001                                                     F               0         Blade 1 Y translation displacement, node 26, m
        195    -1.93539688110E+002                                                     F               0         Blade 1 Z translation displacement, node 26, m
        196    -8.00450229645E+000                                                     F               0         Blade 1 X translation displacement, node 27, m
        197     7.27300949097E+001                                                     F               0         Blade 1 Y translation displacement, node 27, m
        198    -2.00106994629E+002                                                     F               0         Blade 1 Z translation displacement, node 27, m
        199    -8.82814407349E+000                                                     F               0         Blade 1 X translation displacement, node 28, m
        200     7.50099716187E+001                                                     F               0         Blade 1 Y translation displacement, node 28, m
        201    -2.05674667358E+002                                                     F               0         Blade 1 Z translation displacement, node 28, m
        202     8.02739500999E-001,   4.99273836613E-001,   3.26090365648E-001         F               0         Blade 1 X orientation angle, node 1, rad
        203     5.78010737896E-001,  -5.16945362091E-001,  -6.31404042244E-001         F               0         Blade 1 Y orientation angle, node 1, rad
        204    -1.46672606468E-001,   6.95336699486E-001,  -7.03558146954E-001         F               0         Blade 1 Z orientation angle, node 1, rad
        205     8.02739500999E-001,   4.99273836613E-001,   3.26090365648E-001         F               0         Blade 1 X orientation angle, node 2, rad
        206     5.78010737896E-001,  -5.16945362091E-001,  -6.31404042244E-001         F               0         Blade 1 Y orientation angle, node 2, rad
        207    -1.46672606468E-001,   6.95336699486E-001,  -7.03558146954E-001         F               0         Blade 1 Z orientation angle, node 2, rad
        208     9.16860640049E-001,   3.62528383732E-001,   1.67151704431E-001         F               0         Blade 1 X orientation angle, node 3, rad
        209     3.71286511421E-001,  -6.20548188686E-001,  -6.90699875355E-001         F               0         Blade 1 Y orientation angle, node 3, rad
        210    -1.46672606468E-001,   6.95336699486E-001,  -7.03558146954E-001         F               0         Blade 1 Z orientation angle, node 3, rad
        211     9.31720316410E-001,   3.36002767086E-001,   1.37838229537E-001         F               0         Blade 1 X orientation angle, node 4, rad
        212     3.32241475582E-001,  -6.35302305222E-001,  -6.97141706944E-001         F               0         Blade 1 Y orientation angle, node 4, rad
        213    -1.46672606468E-001,   6.95336699486E-001,  -7.03558146954E-001         F               0         Blade 1 Z orientation angle, node 4, rad
        214     9.42223608494E-001,   3.14754486084E-001,   1.14648602903E-001         F               0         Blade 1 X orientation angle, node 5, rad
        215     3.01167458296E-001,  -6.46093249321E-001,  -7.01328516006E-001         F               0         Blade 1 Y orientation angle, node 5, rad
        216    -1.46672606468E-001,   6.95336699486E-001,  -7.03558146954E-001         F               0         Blade 1 Z orientation angle, node 5, rad
        217     9.49880778790E-001,   2.97505527735E-001,   9.60048884153E-002         F               0         Blade 1 X orientation angle, node 6, rad
        218     2.76068150997E-001,  -6.54215037823E-001,  -7.04122900963E-001         F               0         Blade 1 Y orientation angle, node 6, rad
        219    -1.46672606468E-001,   6.95336699486E-001,  -7.03558146954E-001         F               0         Blade 1 Z orientation angle, node 6, rad
        220     9.55677151680E-001,   2.83163100481E-001,   8.06216821074E-002         F               0         Blade 1 X orientation angle, node 7, rad
        221     2.55280911922E-001,  -6.60549402237E-001,  -7.06049680710E-001         F               0         Blade 1 Y orientation angle, node 7, rad
        222    -1.46672606468E-001,   6.95336699486E-001,  -7.03558146954E-001         F               0         Blade 1 Z orientation angle, node 7, rad
        223     9.60153162479E-001,   2.71127194166E-001,   6.77932947874E-002         F               0         Blade 1 X orientation angle, node 8, rad
        224     2.37892910838E-001,  -6.65580153465E-001,  -7.07396686077E-001         F               0         Blade 1 Y orientation angle, node 8, rad
        225    -1.46672606468E-001,   6.95336699486E-001,  -7.03558146954E-001         F               0         Blade 1 Z orientation angle, node 8, rad
        226     9.63693559170E-001,   2.60873049498E-001,   5.69209083915E-002         F               0         Blade 1 X orientation angle, node 9, rad
        227     2.23118543625E-001,  -6.69665634632E-001,  -7.08354473114E-001         F               0         Blade 1 Y orientation angle, node 9, rad
        228    -1.46672621369E-001,   6.95336759090E-001,  -7.03558087349E-001         F               0         Blade 1 Z orientation angle, node 9, rad
        229     9.66568231583E-001,   2.51967579126E-001,   4.75201979280E-002         F               0         Blade 1 X orientation angle, node 10, rad
        230     2.10316374898E-001,  -6.73067033291E-001,  -7.09047079086E-001         F               0         Blade 1 Y orientation angle, node 10, rad
        231    -1.46672606468E-001,   6.95336699486E-001,  -7.03558146954E-001         F               0         Blade 1 Z orientation angle, node 10, rad
        232     9.68891978264E-001,   2.44315832853E-001,   3.94734293222E-002         F               0         Blade 1 X orientation angle, node 11, rad
        233     1.99337705970E-001,  -6.75882101059E-001,  -7.09540605545E-001         F               0         Blade 1 Y orientation angle, node 11, rad
        234    -1.46672606468E-001,   6.95336699486E-001,  -7.03558087349E-001         F               0         Blade 1 Z orientation angle, node 11, rad
        235     9.70827043056E-001,   2.37579926848E-001,   3.24128158391E-002         F               0         Blade 1 X orientation angle, node 12, rad
        236     1.89689099789E-001,  -6.78279221058E-001,  -7.09898173809E-001         F               0         Blade 1 Y orientation angle, node 12, rad
        237    -1.46672606468E-001,   6.95336699486E-001,  -7.03558146954E-001         F               0         Blade 1 Z orientation angle, node 12, rad
        238     9.72445428371E-001,   2.31651842594E-001,   2.62166280299E-002         F               0         Blade 1 X orientation angle, node 13, rad
        239     1.81209921837E-001,  -6.80326640606E-001,  -7.10153996944E-001         F               0         Blade 1 Y orientation angle, node 13, rad
        240    -1.46672606468E-001,   6.95336699486E-001,  -7.03558146954E-001         F               0         Blade 1 Z orientation angle, node 13, rad
        241     9.73838627338E-001,   2.26301491261E-001,   2.06383392215E-002         F               0         Blade 1 X orientation angle, node 14, rad
        242     1.73566848040E-001,  -6.82125031948E-001,  -7.10337936878E-001         F               0         Blade 1 Y orientation angle, node 14, rad
        243    -1.46672606468E-001,   6.95336699486E-001,  -7.03558146954E-001         F               0         Blade 1 Z orientation angle, node 14, rad
        244     9.75026607513E-001,   2.21533879638E-001,   1.56787931919E-002         F               0         Blade 1 X orientation angle, node 15, rad
        245     1.66763991117E-001,  -6.83688223362E-001,  -7.10464775562E-001         F               0         Blade 1 Y orientation angle, node 15, rad
        246    -1.46672606468E-001,   6.95336759090E-001,  -7.03558087349E-001         F               0         Blade 1 Z orientation angle, node 15, rad
        247     9.76055204868E-001,   2.17233791947E-001,   1.12145226449E-002         F               0         Blade 1 X orientation angle, node 16, rad
