
Linearized model: Predictions were generated on 13-Feb-2024 at 12:12:09 using OpenFAST, compiled as a 64-bit application using single precision at commit v3.5.1
 linked with  NWTC Subroutine Library; ElastoDyn; InflowWind; AeroDyn; ServoDyn; HydroDyn; MAP++ (<1.20.10>, <Oct-20-2023>)

Description from the FAST input file: CCT-9 Campign 4 model. Input files to be run with OpenFAST 3.5.0. GitHub branch from Lu Wang (https://github.com/luwang00/openfast/tree/dev) compiled on March 7, 2023.

Simulation information:
   Simulation time:                   775.5250 s
   Rotor Speed:                         0.7917 rad/s
   Azimuth:                             4.0302 rad
   Wind Speed:                         24.0000 m/s
   Number of continuous states:         0
   Number of discrete states:           0
   Number of constraint states:         0
   Number of inputs:                 1746
   Number of outputs:                   4
   Jacobians included in this file?    No

Order of inputs:
     Column   Operating Point                                                   Rotating Frame? Derivative Order Description
   ---------- ---------------                                                   --------------- ---------------- -----------
          1     8.55496692657E+000                                                     F               0         Tower X translation displacement, node 1, m
          2    -1.82258892059E+000                                                     F               0         Tower Y translation displacement, node 1, m
          3    -2.19625994563E-001                                                     F               0         Tower Z translation displacement, node 1, m
          4     9.72846221924E+000                                                     F               0         Tower X translation displacement, node 2, m
          5    -2.49842309952E+000                                                     F               0         Tower Y translation displacement, node 2, m
          6    -2.94068127871E-001                                                     F               0         Tower Z translation displacement, node 2, m
          7     1.09201688766E+001                                                     F               0         Tower X translation displacement, node 3, m
          8    -3.18224978447E+000                                                     F               0         Tower Y translation displacement, node 3, m
          9    -3.70702624321E-001                                                     F               0         Tower Z translation displacement, node 3, m
         10     1.21255197525E+001                                                     F               0         Tower X translation displacement, node 4, m
         11    -3.87264943123E+000                                                     F               0         Tower Y translation displacement, node 4, m
         12    -4.49036896229E-001                                                     F               0         Tower Z translation displacement, node 4, m
         13     1.33419723511E+001                                                     F               0         Tower X translation displacement, node 5, m
         14    -4.56898641586E+000                                                     F               0         Tower Y translation displacement, node 5, m
         15    -5.28798520565E-001                                                     F               0         Tower Z translation displacement, node 5, m
         16     1.45671529770E+001                                                     F               0         Tower X translation displacement, node 6, m
         17    -5.27058839798E+000                                                     F               0         Tower Y translation displacement, node 6, m
         18    -6.09738767147E-001                                                     F               0         Tower Z translation displacement, node 6, m
         19     1.57985000610E+001                                                     F               0         Tower X translation displacement, node 7, m
         20    -5.97641563416E+000                                                     F               0         Tower Y translation displacement, node 7, m
         21    -6.91524028778E-001                                                     F               0         Tower Z translation displacement, node 7, m
         22     1.70348033905E+001                                                     F               0         Tower X translation displacement, node 8, m
         23    -6.68613004684E+000                                                     F               0         Tower Y translation displacement, node 8, m
         24    -7.74044096470E-001                                                     F               0         Tower Z translation displacement, node 8, m
         25     1.82744693756E+001                                                     F               0         Tower X translation displacement, node 9, m
         26    -7.39892625809E+000                                                     F               0         Tower Y translation displacement, node 9, m
         27    -8.57072353363E-001                                                     F               0         Tower Z translation displacement, node 9, m
         28     1.95161895752E+001                                                     F               0         Tower X translation displacement, node 10, m
         29    -8.11394977570E+000                                                     F               0         Tower Y translation displacement, node 10, m
         30    -9.40444350243E-001                                                     F               0         Tower Z translation displacement, node 10, m
         31     2.07589282990E+001                                                     F               0         Tower X translation displacement, node 11, m
         32    -8.83036708832E+000                                                     F               0         Tower Y translation displacement, node 11, m
         33    -1.02399766445E+000                                                     F               0         Tower Z translation displacement, node 11, m
         34     9.95465338230E-001,  -6.67743664235E-003,  -9.48904827237E-002         F               0         Tower X orientation angle, node 1, rad
         35     1.18048181757E-002,   9.98493969440E-001,   5.35765774548E-002         F               0         Tower Y orientation angle, node 1, rad
         36     9.43898186088E-002,  -5.44537901878E-002,   9.94044959545E-001         F               0         Tower Z orientation angle, node 1, rad
         37     9.95331645012E-001,  -6.60044932738E-003,  -9.62880775332E-002         F               0         Tower X orientation angle, node 2, rad
         38     1.18608511984E-002,   9.98461723328E-001,   5.41623085737E-002         F               0         Tower Y orientation angle, node 2, rad
         39     9.57824662328E-002,  -5.50515167415E-002,   9.93878781796E-001         F               0         Tower Z orientation angle, node 2, rad
         40     9.95214045048E-001,  -6.53293775395E-003,  -9.75002571940E-002         F               0         Tower X orientation angle, node 3, rad
         41     1.19135454297E-002,   9.98431444168E-001,   5.47058768570E-002         F               0         Tower Y orientation angle, node 3, rad
         42     9.69899371266E-002,  -5.56056313217E-002,   9.93730843067E-001         F               0         Tower Z orientation angle, node 3, rad
         43     9.95115160942E-001,  -6.47619459778E-003,  -9.85082685947E-002         F               0         Tower X orientation angle, node 4, rad
         44     1.19621278718E-002,   9.98403549194E-001,   5.52018582821E-002         F               0         Tower Y orientation angle, node 4, rad
         45     9.79935079813E-002,  -5.61105757952E-002,   9.93604004383E-001         F               0         Tower Z orientation angle, node 4, rad
         46     9.95034635067E-001,  -6.42993627116E-003,  -9.93214398623E-002         F               0         Tower X orientation angle, node 5, rad
         47     1.20061943308E-002,   9.98378217220E-001,   5.56483119726E-002         F               0         Tower Y orientation angle, node 5, rad
         48     9.88025516272E-002,  -5.65644688904E-002,   9.93498146534E-001         F               0         Tower Z orientation angle, node 5, rad
         49     9.94971454144E-001,  -6.39352947474E-003,  -9.99547690153E-002         F               0         Tower X orientation angle, node 6, rad
         50     1.20452698320E-002,   9.98355746269E-001,   5.60421720147E-002         F               0         Tower Y orientation angle, node 6, rad
         51     9.94321107864E-002,  -5.69643452764E-002,   9.93412435055E-001         F               0         Tower Z orientation angle, node 6, rad
         52     9.94925200939E-001,  -6.36673578992E-003,  -1.00415803492E-001         F               0         Tower X orientation angle, node 7, rad
         53     1.20783504099E-002,   9.98336613178E-001,   5.63746877015E-002         F               0         Tower Y orientation angle, node 7, rad
         54     9.98898521066E-002,  -5.73014542460E-002,   9.93347167969E-001         F               0         Tower Z orientation angle, node 7, rad
         55     9.94892358780E-001,  -6.34760456160E-003,  -1.00741483271E-001         F               0         Tower X orientation angle, node 8, rad
         56     1.21054109186E-002,   9.98320937157E-001,   5.66463284194E-002         F               0         Tower Y orientation angle, node 8, rad
         57     1.00212760270E-001,  -5.75765185058E-002,   9.93298709393E-001         F               0         Tower Z orientation angle, node 8, rad
         58     9.94870841503E-001,  -6.33493810892E-003,  -1.00954741240E-001         F               0         Tower X orientation angle, node 9, rad
         59     1.21260508895E-002,   9.98308897018E-001,   5.68534918129E-002         F               0         Tower Y orientation angle, node 9, rad
         60     1.00423850119E-001,  -5.77860623598E-002,   9.93265211582E-001         F               0         Tower Z orientation angle, node 9, rad
         61     9.94858384132E-001,  -6.32754247636E-003,  -1.01077824831E-001         F               0         Tower X orientation angle, node 10, rad
         62     1.21399704367E-002,   9.98300731182E-001,   5.69933243096E-002         F               0         Tower Y orientation angle, node 10, rad
         63     1.00545443594E-001,  -5.79273700714E-002,   9.93244707584E-001         F               0         Tower Z orientation angle, node 10, rad
         64     9.94852483273E-001,  -6.32398342714E-003,  -1.01136349142E-001         F               0         Tower X orientation angle, node 11, rad
         65     1.21477358043E-002,   9.98296201229E-001,   5.70714324713E-002         F               0         Tower Y orientation angle, node 11, rad
         66     1.00603111088E-001,  -5.80062344670E-002,   9.93234276772E-001         F               0         Tower Z orientation angle, node 11, rad
         67    -8.09829868376E-003                                                     F               0         Tower X translation velocity, node 1, m/s
         68     2.71723349579E-003                                                     F               0         Tower Y translation velocity, node 1, m/s
         69    -3.00356163643E-003                                                     F               0         Tower Z translation velocity, node 1, m/s
         70    -1.05565097183E-002                                                     F               0         Tower X translation velocity, node 2, m/s
         71     3.21256159805E-003                                                     F               0         Tower Y translation velocity, node 2, m/s
         72    -2.74168909527E-003                                                     F               0         Tower Z translation velocity, node 2, m/s
         73    -1.12977689132E-002                                                     F               0         Tower X translation velocity, node 3, m/s
         74     3.43345501460E-003                                                     F               0         Tower Y translation velocity, node 3, m/s
         75    -2.65743490309E-003                                                     F               0         Tower Z translation velocity, node 3, m/s
         76    -1.07017280534E-002                                                     F               0         Tower X translation velocity, node 4, m/s
         77     3.44621576369E-003                                                     F               0         Tower Y translation velocity, node 4, m/s
         78    -2.71521252580E-003                                                     F               0         Tower Z translation velocity, node 4, m/s
         79    -8.96628480405E-003                                                     F               0         Tower X translation velocity, node 5, m/s
         80     3.28700873069E-003                                                     F               0         Tower Y translation velocity, node 5, m/s
         81    -2.89618945681E-003                                                     F               0         Tower Z translation velocity, node 5, m/s
         82    -6.28245342523E-003                                                     F               0         Tower X translation velocity, node 6, m/s
         83     2.98976385966E-003                                                     F               0         Tower Y translation velocity, node 6, m/s
         84    -3.18103586324E-003                                                     F               0         Tower Z translation velocity, node 6, m/s
         85    -2.88428552449E-003                                                     F               0         Tower X translation velocity, node 7, m/s
         86     2.59252125397E-003                                                     F               0         Tower Y translation velocity, node 7, m/s
         87    -3.54473898187E-003                                                     F               0         Tower Z translation velocity, node 7, m/s
         88     1.13228836562E-003                                                     F               0         Tower X translation velocity, node 8, m/s
         89     2.11219862103E-003                                                     F               0         Tower Y translation velocity, node 8, m/s
         90    -3.97702911869E-003                                                     F               0         Tower Z translation velocity, node 8, m/s
         91     5.60805154964E-003                                                     F               0         Tower X translation velocity, node 9, m/s
         92     1.57295353711E-003                                                     F               0         Tower Y translation velocity, node 9, m/s
         93    -4.46035899222E-003                                                     F               0         Tower Z translation velocity, node 9, m/s
         94     1.03971576318E-002                                                     F               0         Tower X translation velocity, node 10, m/s
         95     9.95117938146E-004                                                     F               0         Tower Y translation velocity, node 10, m/s
         96    -4.97851055115E-003                                                     F               0         Tower Z translation velocity, node 10, m/s
         97     1.53680201620E-002                                                     F               0         Tower X translation velocity, node 11, m/s
         98     3.94605682231E-004                                                     F               0         Tower Y translation velocity, node 11, m/s
         99    -5.51687972620E-003                                                     F               0         Tower Z translation velocity, node 11, m/s
        100     2.16042766571E+001                                                     F               0         Hub X translation displacement, node 1, m
        101    -9.21742439270E+000                                                     F               0         Hub Y translation displacement, node 1, m
        102     1.52191584930E-002                                                     F               0         Hub Z translation displacement, node 1, m
        103     9.78886663914E-001,  -2.26037460379E-004,  -2.04403564334E-001         F               0         Hub X orientation angle, node 1, rad
        104    -1.66040509939E-001,  -5.84095716476E-001,  -7.94520437717E-001         F               0         Hub Y orientation angle, node 1, rad
        105    -1.19211651385E-001,   8.11684787273E-001,  -5.71801066399E-001         F               0         Hub Z orientation angle, node 1, rad
        106     7.74993240833E-001                                                     F               0         Hub X rotation velocity, node 1, rad/s
        107     2.28014250752E-004                                                     F               0         Hub Y rotation velocity, node 1, rad/s
        108    -1.61796003580E-001                                                     F               0         Hub Z rotation velocity, node 1, rad/s
        109     9.84897077084E-001,   1.69507548213E-001,   3.52841094136E-002         F               0         Blade root 1 X orientation angle, node 1, rad
        110     1.25564172864E-001,  -5.58958888054E-001,  -8.19633185863E-001         F               0         Blade root 1 Y orientation angle, node 1, rad
        111    -1.19211651385E-001,   8.11684787273E-001,  -5.71801066399E-001         F               0         Blade root 1 Z orientation angle, node 1, rad
        112     9.42525207996E-001,  -2.89335161448E-001,  -1.67126774788E-001         F               0         Blade root 2 X orientation angle, node 1, rad
        113     2.65092760324E-001,   9.51990187168E-001,  -1.53103008866E-001         F               0         Blade root 2 Y orientation angle, node 1, rad
        114     2.03401118517E-001,   9.99993458390E-002,   9.73975419998E-001         F               0         Blade root 2 Z orientation angle, node 1, rad
        115     8.82527053356E-001,   1.19178749621E-001,  -4.54909265041E-001         F               0         Blade root 3 X orientation angle, node 1, rad
        116     4.62664186954E-001,  -3.93228322268E-001,   7.94552266598E-001         F               0         Blade root 3 Y orientation angle, node 1, rad
        117    -8.41894671321E-002,  -9.11684095860E-001,  -4.02174383402E-001         F               0         Blade root 3 Z orientation angle, node 1, rad
        118     2.03647556305E+001                                                     F               0         Blade 1 X translation displacement, node 1, m
        119    -4.72069120407E+000                                                     F               0         Blade 1 Y translation displacement, node 1, m
        120    -8.66221714020E+000                                                     F               0         Blade 1 Z translation displacement, node 1, m
        121     2.00660839081E+001                                                     F               0         Blade 1 X translation displacement, node 2, m
        122    -3.63716816902E+000                                                     F               0         Blade 1 Y translation displacement, node 2, m
        123    -1.07531089783E+001                                                     F               0         Blade 1 Z translation displacement, node 2, m
        124     1.60046634674E+001                                                     F               0         Blade 1 X translation displacement, node 3, m
        125     1.10968637466E+001                                                     F               0         Blade 1 Y translation displacement, node 3, m
        126    -3.91856384277E+001                                                     F               0         Blade 1 Z translation displacement, node 3, m
        127     1.51393527985E+001                                                     F               0         Blade 1 X translation displacement, node 4, m
        128     1.42360363007E+001                                                     F               0         Blade 1 Y translation displacement, node 4, m
        129    -4.52433624268E+001                                                     F               0         Blade 1 Z translation displacement, node 4, m
        130     1.42738780975E+001                                                     F               0         Blade 1 X translation displacement, node 5, m
        131     1.73758068085E+001                                                     F               0         Blade 1 Y translation displacement, node 5, m
        132    -5.13022270203E+001                                                     F               0         Blade 1 Z translation displacement, node 5, m
        133     1.34085645676E+001                                                     F               0         Blade 1 X translation displacement, node 6, m
        134     2.05149917603E+001                                                     F               0         Blade 1 Y translation displacement, node 6, m
        135    -5.73599777222E+001                                                     F               0         Blade 1 Z translation displacement, node 6, m
        136     1.25432481766E+001                                                     F               0         Blade 1 X translation displacement, node 7, m
        137     2.36541862488E+001                                                     F               0         Blade 1 Y translation displacement, node 7, m
        138    -6.34177360535E+001                                                     F               0         Blade 1 Z translation displacement, node 7, m
        139     1.16777772903E+001                                                     F               0         Blade 1 X translation displacement, node 8, m
        140     2.67939434052E+001                                                     F               0         Blade 1 Y translation displacement, node 8, m
        141    -6.94765930176E+001                                                     F               0         Blade 1 Z translation displacement, node 8, m
        142     1.08124608994E+001                                                     F               0         Blade 1 X translation displacement, node 9, m
        143     2.99331398010E+001                                                     F               0         Blade 1 Y translation displacement, node 9, m
        144    -7.55343475342E+001                                                     F               0         Blade 1 Z translation displacement, node 9, m
        145     9.94714736938E+000                                                     F               0         Blade 1 X translation displacement, node 10, m
        146     3.30723266602E+001                                                     F               0         Blade 1 Y translation displacement, node 10, m
        147    -8.15920944214E+001                                                     F               0         Blade 1 Z translation displacement, node 10, m
        148     9.08183097839E+000                                                     F               0         Blade 1 X translation displacement, node 11, m
        149     3.62115211487E+001                                                     F               0         Blade 1 Y translation displacement, node 11, m
        150    -8.76498565674E+001                                                     F               0         Blade 1 Z translation displacement, node 11, m
        151     8.21636295319E+000                                                     F               0         Blade 1 X translation displacement, node 12, m
        152     3.93512687683E+001                                                     F               0         Blade 1 Y translation displacement, node 12, m
        153    -9.37086868286E+001                                                     F               0         Blade 1 Z translation displacement, node 12, m
        154     7.35104608536E+000                                                     F               0         Blade 1 X translation displacement, node 13, m
        155     4.24904670715E+001                                                     F               0         Blade 1 Y translation displacement, node 13, m
        156    -9.97664489746E+001                                                     F               0         Blade 1 Z translation displacement, node 13, m
        157     6.48573303223E+000                                                     F               0         Blade 1 X translation displacement, node 14, m
        158     4.56296501160E+001                                                     F               0         Blade 1 Y translation displacement, node 14, m
        159    -1.05824195862E+002                                                     F               0         Blade 1 Z translation displacement, node 14, m
        160     5.62025928497E+000                                                     F               0         Blade 1 X translation displacement, node 15, m
        161     4.87694168091E+001                                                     F               0         Blade 1 Y translation displacement, node 15, m
        162    -1.11883056641E+002                                                     F               0         Blade 1 Z translation displacement, node 15, m
        163     4.75494575500E+000                                                     F               0         Blade 1 X translation displacement, node 16, m
        164     5.19086036682E+001                                                     F               0         Blade 1 Y translation displacement, node 16, m
        165    -1.17940811157E+002                                                     F               0         Blade 1 Z translation displacement, node 16, m
        166     3.88962864876E+000                                                     F               0         Blade 1 X translation displacement, node 17, m
        167     5.50478057861E+001                                                     F               0         Blade 1 Y translation displacement, node 17, m
        168    -1.23998573303E+002                                                     F               0         Blade 1 Z translation displacement, node 17, m
        169     3.02431488037E+000                                                     F               0         Blade 1 X translation displacement, node 18, m
        170     5.81869926453E+001                                                     F               0         Blade 1 Y translation displacement, node 18, m
        171    -1.30056320190E+002                                                     F               0         Blade 1 Z translation displacement, node 18, m
        172     2.15884637833E+000                                                     F               0         Blade 1 X translation displacement, node 19, m
        173     6.13267364502E+001                                                     F               0         Blade 1 Y translation displacement, node 19, m
        174    -1.36115158081E+002                                                     F               0         Blade 1 Z translation displacement, node 19, m
        175     1.29352915287E+000                                                     F               0         Blade 1 X translation displacement, node 20, m
        176     6.44659347534E+001                                                     F               0         Blade 1 Y translation displacement, node 20, m
        177    -1.42172912598E+002                                                     F               0         Blade 1 Z translation displacement, node 20, m
        178     4.28215295076E-001                                                     F               0         Blade 1 X translation displacement, node 21, m
        179     6.76051254272E+001                                                     F               0         Blade 1 Y translation displacement, node 21, m
        180    -1.48230667114E+002                                                     F               0         Blade 1 Z translation displacement, node 21, m
        181    -4.37256485224E-001                                                     F               0         Blade 1 X translation displacement, node 22, m
        182     7.07448806763E+001                                                     F               0         Blade 1 Y translation displacement, node 22, m
        183    -1.54289520264E+002                                                     F               0         Blade 1 Z translation displacement, node 22, m
        184    -1.30257368088E+000                                                     F               0         Blade 1 X translation displacement, node 23, m
        185     7.38840789795E+001                                                     F               0         Blade 1 Y translation displacement, node 23, m
        186    -1.60347274780E+002                                                     F               0         Blade 1 Z translation displacement, node 23, m
        187    -2.16788744926E+000                                                     F               0         Blade 1 X translation displacement, node 24, m
        188     7.70232696533E+001                                                     F               0         Blade 1 Y translation displacement, node 24, m
        189    -1.66405029297E+002                                                     F               0         Blade 1 Z translation displacement, node 24, m
        190    -3.03320145607E+000                                                     F               0         Blade 1 X translation displacement, node 25, m
        191     8.01624526978E+001                                                     F               0         Blade 1 Y translation displacement, node 25, m
        192    -1.72462783813E+002                                                     F               0         Blade 1 Z translation displacement, node 25, m
        193    -3.89867329597E+000                                                     F               0         Blade 1 X translation displacement, node 26, m
        194     8.33022155762E+001                                                     F               0         Blade 1 Y translation displacement, node 26, m
        195    -1.78521636963E+002                                                     F               0         Blade 1 Z translation displacement, node 26, m
        196    -4.76398706436E+000                                                     F               0         Blade 1 X translation displacement, node 27, m
        197     8.64413986206E+001                                                     F               0         Blade 1 Y translation displacement, node 27, m
        198    -1.84579391479E+002                                                     F               0         Blade 1 Z translation displacement, node 27, m
        199    -5.49758911133E+000                                                     F               0         Blade 1 X translation displacement, node 28, m
        200     8.91027679443E+001                                                     F               0         Blade 1 Y translation displacement, node 28, m
        201    -1.89715057373E+002                                                     F               0         Blade 1 Z translation displacement, node 28, m
        202     8.19274306297E-001,   4.05748724937E-001,   4.05163675547E-001         F               0         Blade 1 X orientation angle, node 1, rad
        203     5.60872733593E-001,  -4.20161664486E-001,  -7.13362455368E-001         F               0         Blade 1 Y orientation angle, node 1, rad
        204    -1.19211651385E-001,   8.11684787273E-001,  -5.71801066399E-001         F               0         Blade 1 Z orientation angle, node 1, rad
        205     8.19274306297E-001,   4.05748724937E-001,   4.05163675547E-001         F               0         Blade 1 X orientation angle, node 2, rad
        206     5.60872733593E-001,  -4.20161664486E-001,  -7.13362455368E-001         F               0         Blade 1 Y orientation angle, node 2, rad
        207    -1.19211651385E-001,   8.11684787273E-001,  -5.71801066399E-001         F               0         Blade 1 Z orientation angle, node 2, rad
        208     9.28862512112E-001,   2.94606477022E-001,   2.24547252059E-001         F               0         Blade 1 X orientation angle, node 3, rad
        209     3.50717872381E-001,  -5.04355907440E-001,  -7.89064049721E-001         F               0         Blade 1 Y orientation angle, node 3, rad
        210    -1.19211651385E-001,   8.11684787273E-001,  -5.71801066399E-001         F               0         Blade 1 Z orientation angle, node 3, rad
        211     9.42842960358E-001,   2.73047596216E-001,   1.91029235721E-001         F               0         Blade 1 X orientation angle, node 4, rad
        212     3.11184436083E-001,  -5.16345679760E-001,  -7.97841727734E-001         F               0         Blade 1 Y orientation angle, node 4, rad
        213    -1.19211651385E-001,   8.11684787273E-001,  -5.71801066399E-001         F               0         Blade 1 Z orientation angle, node 4, rad
        214     9.52641963959E-001,   2.55777955055E-001,   1.64471626282E-001         F               0         Blade 1 X orientation angle, node 5, rad
        215     2.79753208160E-001,  -5.25114715099E-001,  -8.03736686707E-001         F               0         Blade 1 Y orientation angle, node 5, rad
        216    -1.19211651385E-001,   8.11684787273E-001,  -5.71801066399E-001         F               0         Blade 1 Z orientation angle, node 5, rad
        217     9.59727466106E-001,   2.41758808494E-001,   1.43093913794E-001         F               0         Blade 1 X orientation angle, node 6, rad
        218     2.54385083914E-001,  -5.31714677811E-001,  -8.07816624641E-001         F               0         Blade 1 Y orientation angle, node 6, rad
        219    -1.19211651385E-001,   8.11684787273E-001,  -5.71801066399E-001         F               0         Blade 1 Z orientation angle, node 6, rad
        220     9.65048432350E-001,   2.30101987720E-001,   1.25437438488E-001         F               0         Blade 1 X orientation angle, node 7, rad
        221     2.33388215303E-001,  -5.36862134933E-001,  -8.10745954514E-001         F               0         Blade 1 Y orientation angle, node 7, rad
        222    -1.19211651385E-001,   8.11684787273E-001,  -5.71801066399E-001         F               0         Blade 1 Z orientation angle, node 7, rad
        223     9.69125568867E-001,   2.20319807529E-001,   1.10701382160E-001         F               0         Blade 1 X orientation angle, node 8, rad
        224     2.15833723545E-001,  -5.40950119495E-001,  -8.12889158726E-001         F               0         Blade 1 Y orientation angle, node 8, rad
        225    -1.19211651385E-001,   8.11684787273E-001,  -5.71801066399E-001         F               0         Blade 1 Z orientation angle, node 8, rad
        226     9.72326099873E-001,   2.11985751987E-001,   9.82037410140E-002         F               0         Blade 1 X orientation angle, node 9, rad
        227     2.00924143195E-001,  -5.44269979000E-001,  -8.14493477345E-001         F               0         Blade 1 Y orientation angle, node 9, rad
        228    -1.19211658835E-001,   8.11684787273E-001,  -5.71801006794E-001         F               0         Blade 1 Z orientation angle, node 9, rad
        229     9.74905669689E-001,   2.04747840762E-001,   8.73915702105E-002         F               0         Blade 1 X orientation angle, node 10, rad
        230     1.88009440899E-001,  -5.47033965588E-001,  -8.15724372864E-001         F               0         Blade 1 Y orientation angle, node 10, rad
        231    -1.19211651385E-001,   8.11684787273E-001,  -5.71801066399E-001         F               0         Blade 1 Z orientation angle, node 10, rad
        232     9.76975798607E-001,   1.98528900743E-001,   7.81320407987E-002         F               0         Blade 1 X orientation angle, node 11, rad
        233     1.76937624812E-001,  -5.49321532249E-001,  -8.16663324833E-001         F               0         Blade 1 Y orientation angle, node 11, rad
        234    -1.19211658835E-001,   8.11684787273E-001,  -5.71801006794E-001         F               0         Blade 1 Z orientation angle, node 11, rad
        235     9.78687644005E-001,   1.93054303527E-001,   7.00038373470E-002         F               0         Blade 1 X orientation angle, node 12, rad
        236     1.67209699750E-001,  -5.51269352436E-001,  -8.17400157452E-001         F               0         Blade 1 Y orientation angle, node 12, rad
        237    -1.19211651385E-001,   8.11684787273E-001,  -5.71801066399E-001         F               0         Blade 1 Z orientation angle, node 12, rad
        238     9.80109512806E-001,   1.88236281276E-001,   6.28680959344E-002         F               0         Blade 1 X orientation angle, node 13, rad
        239     1.58662781119E-001,  -5.52933037281E-001,  -8.17979931831E-001         F               0         Blade 1 Y orientation angle, node 13, rad
        240    -1.19211651385E-001,   8.11684787273E-001,  -5.71801066399E-001         F               0         Blade 1 Z orientation angle, node 13, rad
        241     9.81325447559E-001,   1.83887794614E-001,   5.64418248832E-002         F               0         Blade 1 X orientation angle, node 14, rad
        242     1.50960206985E-001,  -5.54394364357E-001,  -8.18448483944E-001         F               0         Blade 1 Y orientation angle, node 14, rad
        243    -1.19211651385E-001,   8.11684727669E-001,  -5.71801066399E-001         F               0         Blade 1 Z orientation angle, node 14, rad
        244     9.82355415821E-001,   1.80012941360E-001,   5.07266521454E-002         F               0         Blade 1 X orientation angle, node 15, rad
        245     1.44105628133E-001,  -5.55664598942E-001,  -8.18822562695E-001         F               0         Blade 1 Y orientation angle, node 15, rad
        246    -1.19211658835E-001,   8.11684787273E-001,  -5.71801006794E-001         F               0         Blade 1 Z orientation angle, node 15, rad
        247     9.83241438866E-001,   1.76518067718E-001,   4.55808676779E-002         F               0         Blade 1 X orientation angle, node 16, rad
