
Linearized model: Predictions were generated on 12-Jan-2024 at 09:28:28 using OpenFAST, compiled as a 64-bit application using single precision at commit v3.5.1
 linked with  NWTC Subroutine Library; ElastoDyn; InflowWind; AeroDyn; ServoDyn; HydroDyn; MAP++ (<1.20.10>, <Oct-20-2023>)

Description from the FAST input file: CCT-9 Campign 4 model. Input files to be run with OpenFAST 3.5.0. GitHub branch from Lu Wang (https://github.com/luwang00/openfast/tree/dev) compiled on March 7, 2023.

Simulation information:
   Simulation time:                   505.7000 s
   Rotor Speed:                         0.8776 rad/s
   Azimuth:                             2.5726 rad
   Wind Speed:                         10.0000 m/s
   Number of continuous states:         0
   Number of discrete states:           0
   Number of constraint states:         0
   Number of inputs:                 1746
   Number of outputs:                   4
   Jacobians included in this file?    No

Order of inputs:
     Column   Operating Point                     Rotating Frame? Derivative Order Description
   ---------- ---------------                     --------------- ---------------- -----------
          1    1.099E+01                                 F               0         Tower X translation displacement, node 1, m
          2   -1.223E+00                                 F               0         Tower Y translation displacement, node 1, m
          3   -3.180E-01                                 F               0         Tower Z translation displacement, node 1, m
          4    1.246E+01                                 F               0         Tower X translation displacement, node 2, m
          5   -1.806E+00                                 F               0         Tower Y translation displacement, node 2, m
          6   -4.194E-01                                 F               0         Tower Z translation displacement, node 2, m
          7    1.395E+01                                 F               0         Tower X translation displacement, node 3, m
          8   -2.396E+00                                 F               0         Tower Y translation displacement, node 3, m
          9   -5.240E-01                                 F               0         Tower Z translation displacement, node 3, m
         10    1.547E+01                                 F               0         Tower X translation displacement, node 4, m
         11   -2.990E+00                                 F               0         Tower Y translation displacement, node 4, m
         12   -6.312E-01                                 F               0         Tower Z translation displacement, node 4, m
         13    1.699E+01                                 F               0         Tower X translation displacement, node 5, m
         14   -3.587E+00                                 F               0         Tower Y translation displacement, node 5, m
         15   -7.404E-01                                 F               0         Tower Z translation displacement, node 5, m
         16    1.853E+01                                 F               0         Tower X translation displacement, node 6, m
         17   -4.188E+00                                 F               0         Tower Y translation displacement, node 6, m
         18   -8.514E-01                                 F               0         Tower Z translation displacement, node 6, m
         19    2.008E+01                                 F               0         Tower X translation displacement, node 7, m
         20   -4.792E+00                                 F               0         Tower Y translation displacement, node 7, m
         21   -9.636E-01                                 F               0         Tower Z translation displacement, node 7, m
         22    2.163E+01                                 F               0         Tower X translation displacement, node 8, m
         23   -5.398E+00                                 F               0         Tower Y translation displacement, node 8, m
         24   -1.077E+00                                 F               0         Tower Z translation displacement, node 8, m
         25    2.320E+01                                 F               0         Tower X translation displacement, node 9, m
         26   -6.006E+00                                 F               0         Tower Y translation displacement, node 9, m
         27   -1.191E+00                                 F               0         Tower Z translation displacement, node 9, m
         28    2.476E+01                                 F               0         Tower X translation displacement, node 10, m
         29   -6.614E+00                                 F               0         Tower Y translation displacement, node 10, m
         30   -1.306E+00                                 F               0         Tower Z translation displacement, node 10, m
         31    2.633E+01                                 F               0         Tower X translation displacement, node 11, m
         32   -7.224E+00                                 F               0         Tower Y translation displacement, node 11, m
         33   -1.420E+00                                 F               0         Tower Z translation displacement, node 11, m
         34    9.930E-01,  9.971E-03, -1.177E-01         F               0         Tower X orientation angle, node 1, rad
         35   -4.353E-03,  9.988E-01,  4.791E-02         F               0         Tower Y orientation angle, node 1, rad
         36    1.180E-01, -4.706E-02,  9.919E-01         F               0         Tower Z orientation angle, node 1, rad
         37    9.928E-01,  1.006E-02, -1.195E-01         F               0         Tower X orientation angle, node 2, rad
         38   -4.299E-03,  9.988E-01,  4.836E-02         F               0         Tower Y orientation angle, node 2, rad
         39    1.199E-01, -4.749E-02,  9.917E-01         F               0         Tower Z orientation angle, node 2, rad
         40    9.926E-01,  1.014E-02, -1.212E-01         F               0         Tower X orientation angle, node 3, rad
         41   -4.250E-03,  9.988E-01,  4.876E-02         F               0         Tower Y orientation angle, node 3, rad
         42    1.215E-01, -4.788E-02,  9.914E-01         F               0         Tower Z orientation angle, node 3, rad
         43    9.924E-01,  1.021E-02, -1.226E-01         F               0         Tower X orientation angle, node 4, rad
         44   -4.206E-03,  9.988E-01,  4.911E-02         F               0         Tower Y orientation angle, node 4, rad
         45    1.229E-01, -4.822E-02,  9.912E-01         F               0         Tower Z orientation angle, node 4, rad
         46    9.923E-01,  1.026E-02, -1.237E-01         F               0         Tower X orientation angle, node 5, rad
         47   -4.169E-03,  9.988E-01,  4.941E-02         F               0         Tower Y orientation angle, node 5, rad
         48    1.240E-01, -4.852E-02,  9.911E-01         F               0         Tower Z orientation angle, node 5, rad
         49    9.922E-01,  1.031E-02, -1.246E-01         F               0         Tower X orientation angle, node 6, rad
         50   -4.137E-03,  9.988E-01,  4.967E-02         F               0         Tower Y orientation angle, node 6, rad
         51    1.250E-01, -4.876E-02,  9.910E-01         F               0         Tower Z orientation angle, node 6, rad
         52    9.921E-01,  1.034E-02, -1.253E-01         F               0         Tower X orientation angle, node 7, rad
         53   -4.111E-03,  9.987E-01,  4.987E-02         F               0         Tower Y orientation angle, node 7, rad
         54    1.256E-01, -4.896E-02,  9.909E-01         F               0         Tower Z orientation angle, node 7, rad
         55    9.920E-01,  1.036E-02, -1.258E-01         F               0         Tower X orientation angle, node 8, rad
         56   -4.091E-03,  9.987E-01,  5.003E-02         F               0         Tower Y orientation angle, node 8, rad
         57    1.261E-01, -4.911E-02,  9.908E-01         F               0         Tower Z orientation angle, node 8, rad
         58    9.920E-01,  1.038E-02, -1.261E-01         F               0         Tower X orientation angle, node 9, rad
         59   -4.077E-03,  9.987E-01,  5.014E-02         F               0         Tower Y orientation angle, node 9, rad
         60    1.265E-01, -4.923E-02,  9.907E-01         F               0         Tower Z orientation angle, node 9, rad
         61    9.919E-01,  1.039E-02, -1.263E-01         F               0         Tower X orientation angle, node 10, rad
         62   -4.067E-03,  9.987E-01,  5.022E-02         F               0         Tower Y orientation angle, node 10, rad
         63    1.267E-01, -4.930E-02,  9.907E-01         F               0         Tower Z orientation angle, node 10, rad
         64    9.919E-01,  1.040E-02, -1.264E-01         F               0         Tower X orientation angle, node 11, rad
         65   -4.062E-03,  9.987E-01,  5.026E-02         F               0         Tower Y orientation angle, node 11, rad
         66    1.268E-01, -4.934E-02,  9.907E-01         F               0         Tower Z orientation angle, node 11, rad
         67   -4.312E-03                                 F               0         Tower X translation velocity, node 1, m/s
         68    6.051E-03                                 F               0         Tower Y translation velocity, node 1, m/s
         69    4.941E-03                                 F               0         Tower Z translation velocity, node 1, m/s
         70   -4.329E-03                                 F               0         Tower X translation velocity, node 2, m/s
         71    8.934E-03                                 F               0         Tower Y translation velocity, node 2, m/s
         72    5.080E-03                                 F               0         Tower Z translation velocity, node 2, m/s
         73   -4.385E-03                                 F               0         Tower X translation velocity, node 3, m/s
         74    1.174E-02                                 F               0         Tower Y translation velocity, node 3, m/s
         75    5.222E-03                                 F               0         Tower Z translation velocity, node 3, m/s
         76   -4.474E-03                                 F               0         Tower X translation velocity, node 4, m/s
         77    1.448E-02                                 F               0         Tower Y translation velocity, node 4, m/s
         78    5.366E-03                                 F               0         Tower Z translation velocity, node 4, m/s
         79   -4.596E-03                                 F               0         Tower X translation velocity, node 5, m/s
         80    1.717E-02                                 F               0         Tower Y translation velocity, node 5, m/s
         81    5.513E-03                                 F               0         Tower Z translation velocity, node 5, m/s
         82   -4.748E-03                                 F               0         Tower X translation velocity, node 6, m/s
         83    1.981E-02                                 F               0         Tower Y translation velocity, node 6, m/s
         84    5.661E-03                                 F               0         Tower Z translation velocity, node 6, m/s
         85   -4.926E-03                                 F               0         Tower X translation velocity, node 7, m/s
         86    2.241E-02                                 F               0         Tower Y translation velocity, node 7, m/s
         87    5.812E-03                                 F               0         Tower Z translation velocity, node 7, m/s
         88   -5.128E-03                                 F               0         Tower X translation velocity, node 8, m/s
         89    2.497E-02                                 F               0         Tower Y translation velocity, node 8, m/s
         90    5.964E-03                                 F               0         Tower Z translation velocity, node 8, m/s
         91   -5.351E-03                                 F               0         Tower X translation velocity, node 9, m/s
         92    2.751E-02                                 F               0         Tower Y translation velocity, node 9, m/s
         93    6.119E-03                                 F               0         Tower Z translation velocity, node 9, m/s
         94   -5.589E-03                                 F               0         Tower X translation velocity, node 10, m/s
         95    3.003E-02                                 F               0         Tower Y translation velocity, node 10, m/s
         96    6.275E-03                                 F               0         Tower Z translation velocity, node 10, m/s
         97   -5.838E-03                                 F               0         Tower X translation velocity, node 11, m/s
         98    3.253E-02                                 F               0         Tower Y translation velocity, node 11, m/s
         99    6.431E-03                                 F               0         Tower Z translation velocity, node 11, m/s
        100    2.741E+01                                 F               0         Hub X translation displacement, node 1, m
        101   -7.723E+00                                 F               0         Hub Y translation displacement, node 1, m
        102   -1.278E-01                                 F               0         Hub Z translation displacement, node 1, m
        103    9.732E-01,  1.550E-02, -2.293E-01         F               0         Hub X orientation angle, node 1, rad
        104    1.272E-01, -8.672E-01,  4.814E-01         F               0         Hub Y orientation angle, node 1, rad
        105   -1.914E-01, -4.977E-01, -8.460E-01         F               0         Hub Z orientation angle, node 1, rad
        106    8.539E-01                                 F               0         Hub X rotation velocity, node 1, rad/s
        107    1.357E-02                                 F               0         Hub Y rotation velocity, node 1, rad/s
        108   -2.011E-01                                 F               0         Hub Z rotation velocity, node 1, rad/s
        109    9.690E-01,  4.122E-02, -2.435E-01         F               0         Blade root 1 X orientation angle, node 1, rad
        110    1.560E-01, -8.664E-01,  4.744E-01         F               0         Blade root 1 Y orientation angle, node 1, rad
        111   -1.914E-01, -4.977E-01, -8.460E-01         F               0         Blade root 1 Z orientation angle, node 1, rad
        112    9.796E-01,  1.541E-02, -2.003E-01         F               0         Blade root 2 X orientation angle, node 1, rad
        113   -2.004E-01,  3.061E-03, -9.797E-01         F               0         Blade root 2 Y orientation angle, node 1, rad
        114   -1.449E-02,  9.999E-01,  6.087E-03         F               0         Blade root 2 Z orientation angle, node 1, rad
        115    9.698E-01, -1.016E-02, -2.438E-01         F               0         Blade root 3 X orientation angle, node 1, rad
        116    1.310E-01,  8.647E-01,  4.849E-01         F               0         Blade root 3 Y orientation angle, node 1, rad
        117    2.059E-01, -5.022E-01,  8.399E-01         F               0         Blade root 3 Z orientation angle, node 1, rad
        118    2.577E+01                                 F               0         Blade 1 X translation displacement, node 1, m
        119   -1.048E+01                                 F               0         Blade 1 Y translation displacement, node 1, m
        120   -1.032E+01                                 F               0         Blade 1 Z translation displacement, node 1, m
        121    2.537E+01                                 F               0         Blade 1 X translation displacement, node 2, m
        122   -1.114E+01                                 F               0         Blade 1 Y translation displacement, node 2, m
        123   -1.278E+01                                 F               0         Blade 1 Z translation displacement, node 2, m
        124    2.000E+01                                 F               0         Blade 1 X translation displacement, node 3, m
        125   -2.018E+01                                 F               0         Blade 1 Y translation displacement, node 3, m
        126   -4.619E+01                                 F               0         Blade 1 Z translation displacement, node 3, m
        127    1.886E+01                                 F               0         Blade 1 X translation displacement, node 4, m
        128   -2.210E+01                                 F               0         Blade 1 Y translation displacement, node 4, m
        129   -5.331E+01                                 F               0         Blade 1 Z translation displacement, node 4, m
        130    1.771E+01                                 F               0         Blade 1 X translation displacement, node 5, m
        131   -2.403E+01                                 F               0         Blade 1 Y translation displacement, node 5, m
        132   -6.043E+01                                 F               0         Blade 1 Z translation displacement, node 5, m
        133    1.657E+01                                 F               0         Blade 1 X translation displacement, node 6, m
        134   -2.595E+01                                 F               0         Blade 1 Y translation displacement, node 6, m
        135   -6.755E+01                                 F               0         Blade 1 Z translation displacement, node 6, m
        136    1.542E+01                                 F               0         Blade 1 X translation displacement, node 7, m
        137   -2.788E+01                                 F               0         Blade 1 Y translation displacement, node 7, m
        138   -7.466E+01                                 F               0         Blade 1 Z translation displacement, node 7, m
        139    1.428E+01                                 F               0         Blade 1 X translation displacement, node 8, m
        140   -2.980E+01                                 F               0         Blade 1 Y translation displacement, node 8, m
        141   -8.178E+01                                 F               0         Blade 1 Z translation displacement, node 8, m
        142    1.314E+01                                 F               0         Blade 1 X translation displacement, node 9, m
        143   -3.173E+01                                 F               0         Blade 1 Y translation displacement, node 9, m
        144   -8.890E+01                                 F               0         Blade 1 Z translation displacement, node 9, m
        145    1.199E+01                                 F               0         Blade 1 X translation displacement, node 10, m
        146   -3.365E+01                                 F               0         Blade 1 Y translation displacement, node 10, m
        147   -9.602E+01                                 F               0         Blade 1 Z translation displacement, node 10, m
        148    1.085E+01                                 F               0         Blade 1 X translation displacement, node 11, m
        149   -3.558E+01                                 F               0         Blade 1 Y translation displacement, node 11, m
        150   -1.031E+02                                 F               0         Blade 1 Z translation displacement, node 11, m
        151    9.702E+00                                 F               0         Blade 1 X translation displacement, node 12, m
        152   -3.750E+01                                 F               0         Blade 1 Y translation displacement, node 12, m
        153   -1.103E+02                                 F               0         Blade 1 Z translation displacement, node 12, m
        154    8.558E+00                                 F               0         Blade 1 X translation displacement, node 13, m
        155   -3.943E+01                                 F               0         Blade 1 Y translation displacement, node 13, m
        156   -1.174E+02                                 F               0         Blade 1 Z translation displacement, node 13, m
        157    7.413E+00                                 F               0         Blade 1 X translation displacement, node 14, m
        158   -4.135E+01                                 F               0         Blade 1 Y translation displacement, node 14, m
        159   -1.245E+02                                 F               0         Blade 1 Z translation displacement, node 14, m
        160    6.268E+00                                 F               0         Blade 1 X translation displacement, node 15, m
        161   -4.328E+01                                 F               0         Blade 1 Y translation displacement, node 15, m
        162   -1.316E+02                                 F               0         Blade 1 Z translation displacement, node 15, m
        163    5.124E+00                                 F               0         Blade 1 X translation displacement, node 16, m
        164   -4.520E+01                                 F               0         Blade 1 Y translation displacement, node 16, m
        165   -1.387E+02                                 F               0         Blade 1 Z translation displacement, node 16, m
        166    3.980E+00                                 F               0         Blade 1 X translation displacement, node 17, m
        167   -4.713E+01                                 F               0         Blade 1 Y translation displacement, node 17, m
        168   -1.458E+02                                 F               0         Blade 1 Z translation displacement, node 17, m
        169    2.835E+00                                 F               0         Blade 1 X translation displacement, node 18, m
        170   -4.905E+01                                 F               0         Blade 1 Y translation displacement, node 18, m
        171   -1.530E+02                                 F               0         Blade 1 Z translation displacement, node 18, m
        172    1.690E+00                                 F               0         Blade 1 X translation displacement, node 19, m
        173   -5.098E+01                                 F               0         Blade 1 Y translation displacement, node 19, m
        174   -1.601E+02                                 F               0         Blade 1 Z translation displacement, node 19, m
        175    5.459E-01                                 F               0         Blade 1 X translation displacement, node 20, m
        176   -5.290E+01                                 F               0         Blade 1 Y translation displacement, node 20, m
        177   -1.672E+02                                 F               0         Blade 1 Z translation displacement, node 20, m
        178   -5.985E-01                                 F               0         Blade 1 X translation displacement, node 21, m
        179   -5.483E+01                                 F               0         Blade 1 Y translation displacement, node 21, m
        180   -1.743E+02                                 F               0         Blade 1 Z translation displacement, node 21, m
        181   -1.743E+00                                 F               0         Blade 1 X translation displacement, node 22, m
        182   -5.675E+01                                 F               0         Blade 1 Y translation displacement, node 22, m
        183   -1.814E+02                                 F               0         Blade 1 Z translation displacement, node 22, m
        184   -2.888E+00                                 F               0         Blade 1 X translation displacement, node 23, m
        185   -5.868E+01                                 F               0         Blade 1 Y translation displacement, node 23, m
        186   -1.886E+02                                 F               0         Blade 1 Z translation displacement, node 23, m
        187   -4.032E+00                                 F               0         Blade 1 X translation displacement, node 24, m
        188   -6.060E+01                                 F               0         Blade 1 Y translation displacement, node 24, m
        189   -1.957E+02                                 F               0         Blade 1 Z translation displacement, node 24, m
        190   -5.177E+00                                 F               0         Blade 1 X translation displacement, node 25, m
        191   -6.253E+01                                 F               0         Blade 1 Y translation displacement, node 25, m
        192   -2.028E+02                                 F               0         Blade 1 Z translation displacement, node 25, m
        193   -6.321E+00                                 F               0         Blade 1 X translation displacement, node 26, m
        194   -6.445E+01                                 F               0         Blade 1 Y translation displacement, node 26, m
        195   -2.099E+02                                 F               0         Blade 1 Z translation displacement, node 26, m
        196   -7.466E+00                                 F               0         Blade 1 X translation displacement, node 27, m
        197   -6.638E+01                                 F               0         Blade 1 Y translation displacement, node 27, m
        198   -2.170E+02                                 F               0         Blade 1 Z translation displacement, node 27, m
        199   -8.436E+00                                 F               0         Blade 1 X translation displacement, node 28, m
        200   -6.801E+01                                 F               0         Blade 1 Y translation displacement, node 28, m
        201   -2.231E+02                                 F               0         Blade 1 Z translation displacement, node 28, m
        202    7.913E-01,  4.318E-01, -4.330E-01         F               0         Blade 1 X orientation angle, node 1, rad
        203    5.808E-01, -7.523E-01,  3.112E-01         F               0         Blade 1 Y orientation angle, node 1, rad
        204   -1.914E-01, -4.977E-01, -8.460E-01         F               0         Blade 1 Z orientation angle, node 1, rad
        205    7.913E-01,  4.318E-01, -4.330E-01         F               0         Blade 1 X orientation angle, node 2, rad
        206    5.808E-01, -7.523E-01,  3.112E-01         F               0         Blade 1 Y orientation angle, node 2, rad
        207   -1.914E-01, -4.977E-01, -8.460E-01         F               0         Blade 1 Z orientation angle, node 2, rad
        208    9.064E-01,  2.412E-01, -3.469E-01         F               0         Blade 1 X orientation angle, node 3, rad
        209    3.767E-01, -8.332E-01,  4.049E-01         F               0         Blade 1 Y orientation angle, node 3, rad
        210   -1.914E-01, -4.977E-01, -8.460E-01         F               0         Blade 1 Z orientation angle, node 3, rad
        211    9.215E-01,  2.058E-01, -3.295E-01         F               0         Blade 1 X orientation angle, node 4, rad
        212    3.381E-01, -8.426E-01,  4.192E-01         F               0         Blade 1 Y orientation angle, node 4, rad
        213   -1.914E-01, -4.977E-01, -8.460E-01         F               0         Blade 1 Z orientation angle, node 4, rad
        214    9.322E-01,  1.777E-01, -3.154E-01         F               0         Blade 1 X orientation angle, node 5, rad
        215    3.073E-01, -8.490E-01,  4.299E-01         F               0         Blade 1 Y orientation angle, node 5, rad
        216   -1.914E-01, -4.977E-01, -8.460E-01         F               0         Blade 1 Z orientation angle, node 5, rad
        217    9.400E-01,  1.551E-01, -3.039E-01         F               0         Blade 1 X orientation angle, node 6, rad
        218    2.825E-01, -8.534E-01,  4.381E-01         F               0         Blade 1 Y orientation angle, node 6, rad
        219   -1.914E-01, -4.977E-01, -8.460E-01         F               0         Blade 1 Z orientation angle, node 6, rad
        220    9.459E-01,  1.365E-01, -2.943E-01         F               0         Blade 1 X orientation angle, node 7, rad
        221    2.619E-01, -8.566E-01,  4.446E-01         F               0         Blade 1 Y orientation angle, node 7, rad
        222   -1.914E-01, -4.977E-01, -8.460E-01         F               0         Blade 1 Z orientation angle, node 7, rad
        223    9.505E-01,  1.209E-01, -2.862E-01         F               0         Blade 1 X orientation angle, node 8, rad
        224    2.447E-01, -8.589E-01,  4.499E-01         F               0         Blade 1 Y orientation angle, node 8, rad
        225   -1.914E-01, -4.977E-01, -8.460E-01         F               0         Blade 1 Z orientation angle, node 8, rad
        226    9.542E-01,  1.077E-01, -2.792E-01         F               0         Blade 1 X orientation angle, node 9, rad
        227    2.301E-01, -8.606E-01,  4.543E-01         F               0         Blade 1 Y orientation angle, node 9, rad
        228   -1.914E-01, -4.977E-01, -8.460E-01         F               0         Blade 1 Z orientation angle, node 9, rad
        229    9.571E-01,  9.629E-02, -2.732E-01         F               0         Blade 1 X orientation angle, node 10, rad
        230    2.174E-01, -8.620E-01,  4.579E-01         F               0         Blade 1 Y orientation angle, node 10, rad
        231   -1.914E-01, -4.977E-01, -8.460E-01         F               0         Blade 1 Z orientation angle, node 10, rad
        232    9.595E-01,  8.650E-02, -2.680E-01         F               0         Blade 1 X orientation angle, node 11, rad
        233    2.065E-01, -8.630E-01,  4.610E-01         F               0         Blade 1 Y orientation angle, node 11, rad
        234   -1.914E-01, -4.977E-01, -8.460E-01         F               0         Blade 1 Z orientation angle, node 11, rad
        235    9.615E-01,  7.791E-02, -2.634E-01         F               0         Blade 1 X orientation angle, node 12, rad
        236    1.970E-01, -8.639E-01,  4.636E-01         F               0         Blade 1 Y orientation angle, node 12, rad
        237   -1.914E-01, -4.977E-01, -8.460E-01         F               0         Blade 1 Z orientation angle, node 12, rad
        238    9.632E-01,  7.037E-02, -2.593E-01         F               0         Blade 1 X orientation angle, node 13, rad
        239    1.886E-01, -8.645E-01,  4.659E-01         F               0         Blade 1 Y orientation angle, node 13, rad
        240   -1.914E-01, -4.977E-01, -8.460E-01         F               0         Blade 1 Z orientation angle, node 13, rad
        241    9.647E-01,  6.358E-02, -2.556E-01         F               0         Blade 1 X orientation angle, node 14, rad
        242    1.810E-01, -8.650E-01,  4.679E-01         F               0         Blade 1 Y orientation angle, node 14, rad
        243   -1.914E-01, -4.977E-01, -8.460E-01         F               0         Blade 1 Z orientation angle, node 14, rad
        244    9.659E-01,  5.754E-02, -2.524E-01         F               0         Blade 1 X orientation angle, node 15, rad
        245    1.743E-01, -8.654E-01,  4.697E-01         F               0         Blade 1 Y orientation angle, node 15, rad
        246   -1.914E-01, -4.977E-01, -8.460E-01         F               0         Blade 1 Z orientation angle, node 15, rad
        247    9.670E-01,  5.210E-02, -2.494E-01         F               0         Blade 1 X orientation angle, node 16, rad
        248    1.682E-01, -8.658E-01,  4.713E-01         F               0         Blade 1 Y orientation angle, node 16, rad
        249   -1.914E-01, -4.977E-01, -8.460E-01         F               0         Blade 1 Z orientation angle, node 16, rad
        250    9.679E-01,  4.727E-02, -2.468E-01         F               0         Blade 1 X orientation angle, node 17, rad
        251    1.628E-01, -8.661E-01,  4.727E-01         F               0         Blade 1 Y orientation angle, node 17, rad
        252   -1.914E-01, -4.977E-01, -8.460E-01         F               0         Blade 1 Z orientation angle, node 17, rad
        253    9.688E-01,  4.273E-02, -2.443E-01         F               0         Blade 1 X orientation angle, node 18, rad
        254    1.577E-01, -8.663E-01,  4.740E-01         F               0         Blade 1 Y orientation angle, node 18, rad
        255   -1.914E-01, -4.977E-01, -8.460E-01         F               0         Blade 1 Z orientation angle, node 18, rad
        256    9.695E-01,  3.865E-02, -2.421E-01         F               0         Blade 1 X orientation angle, node 19, rad
        257    1.532E-01, -8.665E-01,  4.751E-01         F               0         Blade 1 Y orientation angle, node 19, rad
        258   -1.914E-01, -4.977E-01, -8.460E-01         F               0         Blade 1 Z orientation angle, node 19, rad
        259    9.701E-01,  3.502E-02, -2.401E-01         F               0         Blade 1 X orientation angle, node 20, rad
        260    1.491E-01, -8.667E-01,  4.761E-01         F               0         Blade 1 Y orientation angle, node 20, rad
        261   -1.914E-01, -4.977E-01, -8.460E-01         F               0         Blade 1 Z orientation angle, node 20, rad
        262    9.707E-01,  3.154E-02, -2.382E-01         F               0         Blade 1 X orientation angle, node 21, rad
        263    1.452E-01, -8.668E-01,  4.771E-01         F               0         Blade 1 Y orientation angle, node 21, rad
        264   -1.914E-01, -4.977E-01, -8.460E-01         F               0         Blade 1 Z orientation angle, node 21, rad
        265    9.712E-01,  2.836E-02, -2.364E-01         F               0         Blade 1 X orientation angle, node 22, rad
        266    1.417E-01, -8.669E-01,  4.779E-01         F               0         Blade 1 Y orientation angle, node 22, rad
        267   -1.914E-01, -4.977E-01, -8.460E-01         F               0         Blade 1 Z orientation angle, node 22, rad
        268    9.717E-01,  2.549E-02, -2.348E-01         F               0         Blade 1 X orientation angle, node 23, rad
        269    1.384E-01, -8.670E-01,  4.787E-01         F               0         Blade 1 Y orientation angle, node 23, rad
        270   -1.914E-01, -4.977E-01, -8.460E-01         F               0         Blade 1 Z orientation angle, node 23, rad
        271    9.721E-01,  2.276E-02, -2.333E-01         F               0         Blade 1 X orientation angle, node 24, rad
        272    1.354E-01, -8.671E-01,  4.795E-01         F               0         Blade 1 Y orientation angle, node 24, rad
        273   -1.914E-01, -4.977E-01, -8.460E-01         F               0         Blade 1 Z orientation angle, node 24, rad
        274    9.725E-01,  2.019E-02, -2.319E-01         F               0         Blade 1 X orientation angle, node 25, rad
        275    1.325E-01, -8.671E-01,  4.801E-01         F               0         Blade 1 Y orientation angle, node 25, rad
        276   -1.914E-01, -4.977E-01, -8.460E-01         F               0         Blade 1 Z orientation angle, node 25, rad
        277    9.729E-01,  1.792E-02, -2.306E-01         F               0         Blade 1 X orientation angle, node 26, rad
        278    1.299E-01, -8.672E-01,  4.808E-01         F               0         Blade 1 Y orientation angle, node 26, rad
        279   -1.914E-01, -4.977E-01, -8.460E-01         F               0         Blade 1 Z orientation angle, node 26, rad
        280    9.732E-01,  1.565E-02, -2.294E-01         F               0         Blade 1 X orientation angle, node 27, rad
        281    1.274E-01, -8.672E-01,  4.814E-01         F               0         Blade 1 Y orientation angle, node 27, rad
        282   -1.914E-01, -4.977E-01, -8.460E-01         F               0         Blade 1 Z orientation angle, node 27, rad
        283    9.734E-01,  1.444E-02, -2.287E-01         F               0         Blade 1 X orientation angle, node 28, rad
        284    1.260E-01, -8.672E-01,  4.817E-01         F               0         Blade 1 Y orientation angle, node 28, rad
        285   -1.914E-01, -4.977E-01, -8.460E-01         F               0         Blade 1 Z orientation angle, node 28, rad
        286   -6.241E-01                                 F               0         Blade 1 X translation velocity, node 1, m/s
        287    4.248E+00                                 F               0         Blade 1 Y translation velocity, node 1, m/s
        288   -2.334E+00                                 F               0         Blade 1 Z translation velocity, node 1, m/s
        289   -7.731E-01                                 F               0         Blade 1 X translation velocity, node 2, m/s
        290    5.264E+00                                 F               0         Blade 1 Y translation velocity, node 2, m/s
        291   -2.897E+00                                 F               0         Blade 1 Z translation velocity, node 2, m/s
        292   -2.798E+00                                 F               0         Blade 1 X translation velocity, node 3, m/s
        293    1.908E+01                                 F               0         Blade 1 Y translation velocity, node 3, m/s
        294   -1.056E+01                                 F               0         Blade 1 Z translation velocity, node 3, m/s
        295   -3.230E+00                                 F               0         Blade 1 X translation velocity, node 4, m/s
        296    2.202E+01                                 F               0         Blade 1 Y translation velocity, node 4, m/s
        297   -1.220E+01                                 F               0         Blade 1 Z translation velocity, node 4, m/s
        298   -3.661E+00                                 F               0         Blade 1 X translation velocity, node 5, m/s
        299    2.496E+01                                 F               0         Blade 1 Y translation velocity, node 5, m/s
        300   -1.383E+01                                 F               0         Blade 1 Z translation velocity, node 5, m/s
        301   -4.093E+00                                 F               0         Blade 1 X translation velocity, node 6, m/s
        302    2.790E+01                                 F               0         Blade 1 Y translation velocity, node 6, m/s
        303   -1.547E+01                                 F               0         Blade 1 Z translation velocity, node 6, m/s
        304   -4.524E+00                                 F               0         Blade 1 X translation velocity, node 7, m/s
        305    3.085E+01                                 F               0         Blade 1 Y translation velocity, node 7, m/s
        306   -1.710E+01                                 F               0         Blade 1 Z translation velocity, node 7, m/s
        307   -4.956E+00                                 F               0         Blade 1 X translation velocity, node 8, m/s
