
Linearized model: Predictions were generated on 13-Feb-2024 at 11:29:37 using OpenFAST, compiled as a 64-bit application using single precision at commit v3.5.1
 linked with  NWTC Subroutine Library; ElastoDyn; InflowWind; AeroDyn; ServoDyn; HydroDyn; MAP++ (<1.20.10>, <Oct-20-2023>)

Description from the FAST input file: CCT-9 Campign 4 model. Input files to be run with OpenFAST 3.5.0. GitHub branch from Lu Wang (https://github.com/luwang00/openfast/tree/dev) compiled on March 7, 2023.

Simulation information:
   Simulation time:                  1216.8000 s
   Rotor Speed:                         0.7918 rad/s
   Azimuth:                             4.7303 rad
   Wind Speed:                         16.0000 m/s
   Number of continuous states:         0
   Number of discrete states:           0
   Number of constraint states:         0
   Number of inputs:                 1746
   Number of outputs:                   4
   Jacobians included in this file?    No

Order of inputs:
     Column   Operating Point                                                   Rotating Frame? Derivative Order Description
   ---------- ---------------                                                   --------------- ---------------- -----------
          1     1.07028112411E+001                                                     F               0         Tower X translation displacement, node 1, m
          2    -1.56076121330E+000                                                     F               0         Tower Y translation displacement, node 1, m
          3    -2.87361621857E-001                                                     F               0         Tower Z translation displacement, node 1, m
          4     1.20887956619E+001                                                     F               0         Tower X translation displacement, node 2, m
          5    -2.19509673119E+000                                                     F               0         Tower Y translation displacement, node 2, m
          6    -3.81747484207E-001                                                     F               0         Tower Z translation displacement, node 2, m
          7     1.34747800827E+001                                                     F               0         Tower X translation displacement, node 3, m
          8    -2.82943224907E+000                                                     F               0         Tower Y translation displacement, node 3, m
          9    -4.76131290197E-001                                                     F               0         Tower Z translation displacement, node 3, m
         10     1.48607645035E+001                                                     F               0         Tower X translation displacement, node 4, m
         11    -3.46376800537E+000                                                     F               0         Tower Y translation displacement, node 4, m
         12    -5.70515275002E-001                                                     F               0         Tower Z translation displacement, node 4, m
         13     1.62467498779E+001                                                     F               0         Tower X translation displacement, node 5, m
         14    -4.09810400009E+000                                                     F               0         Tower Y translation displacement, node 5, m
         15    -6.64896428585E-001                                                     F               0         Tower Z translation displacement, node 5, m
         16     1.76327323914E+001                                                     F               0         Tower X translation displacement, node 6, m
         17    -4.73243904114E+000                                                     F               0         Tower Y translation displacement, node 6, m
         18    -7.59288132191E-001                                                     F               0         Tower Z translation displacement, node 6, m
         19     1.90187168121E+001                                                     F               0         Tower X translation displacement, node 7, m
         20    -5.36677503586E+000                                                     F               0         Tower Y translation displacement, node 7, m
         21    -8.53665947914E-001                                                     F               0         Tower Z translation displacement, node 7, m
         22     2.04046993256E+001                                                     F               0         Tower X translation displacement, node 8, m
         23    -6.00111007690E+000                                                     F               0         Tower Y translation displacement, node 8, m
         24    -9.48055744171E-001                                                     F               0         Tower Z translation displacement, node 8, m
         25     2.17906856537E+001                                                     F               0         Tower X translation displacement, node 9, m
         26    -6.63544654846E+000                                                     F               0         Tower Y translation displacement, node 9, m
         27    -1.04243659973E+000                                                     F               0         Tower Z translation displacement, node 9, m
         28     2.31766700745E+001                                                     F               0         Tower X translation displacement, node 10, m
         29    -7.26978158951E+000                                                     F               0         Tower Y translation displacement, node 10, m
         30    -1.13682341576E+000                                                     F               0         Tower Z translation displacement, node 10, m
         31     2.45626544952E+001                                                     F               0         Tower X translation displacement, node 11, m
         32    -7.90411710739E+000                                                     F               0         Tower Y translation displacement, node 11, m
         33    -1.23120713234E+000                                                     F               0         Tower Z translation displacement, node 11, m
         34     9.93685066700E-001,   3.40374629013E-003,  -1.12153641880E-001         F               0         Tower X orientation angle, node 1, rad
         35     2.38049565814E-003,   9.98675286770E-001,   5.14000281692E-002         F               0         Tower Y orientation angle, node 1, rad
         36     1.12180024385E-001,  -5.13424202800E-002,   9.92360591888E-001         F               0         Tower Z orientation angle, node 1, rad
         37     9.93685066700E-001,   3.40374629013E-003,  -1.12153641880E-001         F               0         Tower X orientation angle, node 2, rad
         38     2.38049565814E-003,   9.98675286770E-001,   5.14000281692E-002         F               0         Tower Y orientation angle, node 2, rad
         39     1.12180024385E-001,  -5.13424202800E-002,   9.92360591888E-001         F               0         Tower Z orientation angle, node 2, rad
         40     9.93685066700E-001,   3.40374629013E-003,  -1.12153641880E-001         F               0         Tower X orientation angle, node 3, rad
         41     2.38049565814E-003,   9.98675286770E-001,   5.14000281692E-002         F               0         Tower Y orientation angle, node 3, rad
         42     1.12180024385E-001,  -5.13424202800E-002,   9.92360591888E-001         F               0         Tower Z orientation angle, node 3, rad
         43     9.93685066700E-001,   3.40374629013E-003,  -1.12153641880E-001         F               0         Tower X orientation angle, node 4, rad
         44     2.38049565814E-003,   9.98675286770E-001,   5.14000281692E-002         F               0         Tower Y orientation angle, node 4, rad
         45     1.12180024385E-001,  -5.13424202800E-002,   9.92360591888E-001         F               0         Tower Z orientation angle, node 4, rad
         46     9.93685066700E-001,   3.40374629013E-003,  -1.12153641880E-001         F               0         Tower X orientation angle, node 5, rad
         47     2.38049565814E-003,   9.98675286770E-001,   5.14000281692E-002         F               0         Tower Y orientation angle, node 5, rad
         48     1.12180024385E-001,  -5.13424202800E-002,   9.92360591888E-001         F               0         Tower Z orientation angle, node 5, rad
         49     9.93685066700E-001,   3.40374629013E-003,  -1.12153641880E-001         F               0         Tower X orientation angle, node 6, rad
         50     2.38049565814E-003,   9.98675286770E-001,   5.14000281692E-002         F               0         Tower Y orientation angle, node 6, rad
         51     1.12180024385E-001,  -5.13424202800E-002,   9.92360591888E-001         F               0         Tower Z orientation angle, node 6, rad
         52     9.93685066700E-001,   3.40374629013E-003,  -1.12153641880E-001         F               0         Tower X orientation angle, node 7, rad
         53     2.38049565814E-003,   9.98675286770E-001,   5.14000281692E-002         F               0         Tower Y orientation angle, node 7, rad
         54     1.12180024385E-001,  -5.13424202800E-002,   9.92360591888E-001         F               0         Tower Z orientation angle, node 7, rad
         55     9.93685066700E-001,   3.40374629013E-003,  -1.12153641880E-001         F               0         Tower X orientation angle, node 8, rad
         56     2.38049565814E-003,   9.98675286770E-001,   5.14000281692E-002         F               0         Tower Y orientation angle, node 8, rad
         57     1.12180024385E-001,  -5.13424202800E-002,   9.92360591888E-001         F               0         Tower Z orientation angle, node 8, rad
         58     9.93685066700E-001,   3.40374652296E-003,  -1.12153649330E-001         F               0         Tower X orientation angle, node 9, rad
         59     2.38049589097E-003,   9.98675286770E-001,   5.14000281692E-002         F               0         Tower Y orientation angle, node 9, rad
         60     1.12180031836E-001,  -5.13424202800E-002,   9.92360591888E-001         F               0         Tower Z orientation angle, node 9, rad
         61     9.93685066700E-001,   3.40374629013E-003,  -1.12153641880E-001         F               0         Tower X orientation angle, node 10, rad
         62     2.38049565814E-003,   9.98675286770E-001,   5.14000281692E-002         F               0         Tower Y orientation angle, node 10, rad
         63     1.12180024385E-001,  -5.13424202800E-002,   9.92360591888E-001         F               0         Tower Z orientation angle, node 10, rad
         64     9.93685066700E-001,   3.40374629013E-003,  -1.12153641880E-001         F               0         Tower X orientation angle, node 11, rad
         65     2.38049565814E-003,   9.98675286770E-001,   5.14000281692E-002         F               0         Tower Y orientation angle, node 11, rad
         66     1.12180024385E-001,  -5.13424202800E-002,   9.92360591888E-001         F               0         Tower Z orientation angle, node 11, rad
         67    -2.00750437216E-004                                                     F               0         Tower X translation velocity, node 1, m/s
         68    -1.86560640577E-003                                                     F               0         Tower Y translation velocity, node 1, m/s
         69    -7.36178271472E-003                                                     F               0         Tower Z translation velocity, node 1, m/s
         70    -2.70639284281E-004                                                     F               0         Tower X translation velocity, node 2, m/s
         71    -2.72058998235E-003                                                     F               0         Tower Y translation velocity, node 2, m/s
         72    -7.39811686799E-003                                                     F               0         Tower Z translation velocity, node 2, m/s
         73    -3.40528087690E-004                                                     F               0         Tower X translation velocity, node 3, m/s
         74    -3.57557367533E-003                                                     F               0         Tower Y translation velocity, node 3, m/s
         75    -7.43445102125E-003                                                     F               0         Tower Z translation velocity, node 3, m/s
         76    -4.10416920204E-004                                                     F               0         Tower X translation velocity, node 4, m/s
         77    -4.43055713549E-003                                                     F               0         Tower Y translation velocity, node 4, m/s
         78    -7.47078517452E-003                                                     F               0         Tower Z translation velocity, node 4, m/s
         79    -4.80305810925E-004                                                     F               0         Tower X translation velocity, node 5, m/s
         80    -5.28554152697E-003                                                     F               0         Tower Y translation velocity, node 5, m/s
         81    -7.50712025911E-003                                                     F               0         Tower Z translation velocity, node 5, m/s
         82    -5.50194585230E-004                                                     F               0         Tower X translation velocity, node 6, m/s
         83    -6.14052452147E-003                                                     F               0         Tower Y translation velocity, node 6, m/s
         84    -7.54345441237E-003                                                     F               0         Tower Z translation velocity, node 6, m/s
         85    -6.20083534159E-004                                                     F               0         Tower X translation velocity, node 7, m/s
         86    -6.99550844729E-003                                                     F               0         Tower Y translation velocity, node 7, m/s
         87    -7.57978856564E-003                                                     F               0         Tower Z translation velocity, node 7, m/s
         88    -6.89972366672E-004                                                     F               0         Tower X translation velocity, node 8, m/s
         89    -7.85049144179E-003                                                     F               0         Tower Y translation velocity, node 8, m/s
         90    -7.61612271890E-003                                                     F               0         Tower Z translation velocity, node 8, m/s
         91    -7.59861257393E-004                                                     F               0         Tower X translation velocity, node 9, m/s
         92    -8.70547629893E-003                                                     F               0         Tower Y translation velocity, node 9, m/s
         93    -7.65245780349E-003                                                     F               0         Tower Z translation velocity, node 9, m/s
         94    -8.29750089906E-004                                                     F               0         Tower X translation velocity, node 10, m/s
         95    -9.56045929343E-003                                                     F               0         Tower Y translation velocity, node 10, m/s
         96    -7.68879195675E-003                                                     F               0         Tower Z translation velocity, node 10, m/s
         97    -8.99638864212E-004                                                     F               0         Tower X translation velocity, node 11, m/s
         98    -1.04154422879E-002                                                     F               0         Tower Y translation velocity, node 11, m/s
         99    -7.72512657568E-003                                                     F               0         Tower Z translation velocity, node 11, m/s
        100     2.55114917755E+001                                                     F               0         Hub X translation displacement, node 1, m
        101    -8.34392642975E+000                                                     F               0         Hub Y translation displacement, node 1, m
        102    -7.98561125994E-002                                                     F               0         Hub Z translation displacement, node 1, m
        103     9.76515531540E-001,   8.75184498727E-003,  -2.15269193053E-001         F               0         Hub X orientation angle, node 1, rad
        104    -2.15356931090E-001,   6.85433670878E-002,  -9.74126875401E-001         F               0         Hub Y orientation angle, node 1, rad
        105     6.22986722738E-003,   9.97609734535E-001,   6.88184276223E-002         F               0         Hub Z orientation angle, node 1, rad
        106     7.73268580437E-001                                                     F               0         Hub X rotation velocity, node 1, rad/s
        107     6.92414352670E-003                                                     F               0         Hub Y rotation velocity, node 1, rad/s
        108    -1.70452445745E-001                                                     F               0         Hub Z rotation velocity, node 1, rad/s
        109     9.97101545334E-001,  -9.78712923825E-004,  -7.60760828853E-002         F               0         Blade root 1 X orientation angle, node 1, rad
        110    -7.58268907666E-002,   6.90929070115E-002,  -9.94724333286E-001         F               0         Blade root 1 Y orientation angle, node 1, rad
        111     6.22986722738E-003,   9.97609734535E-001,   6.88184276223E-002         F               0         Blade root 1 Z orientation angle, node 1, rad
        112     9.50893938541E-001,  -1.08065105975E-001,  -2.90038973093E-001         F               0         Blade root 2 X orientation angle, node 1, rad
        113     2.49336957932E-001,   8.22662472725E-001,   5.10937869549E-001         F               0         Blade root 2 Y orientation angle, node 1, rad
        114     1.83389633894E-001,  -5.58165192604E-001,   8.09209406376E-001         F               0         Blade root 2 Z orientation angle, node 1, rad
        115     9.52412068844E-001,   1.35038197041E-001,  -2.73268908262E-001         F               0         Blade root 3 X orientation angle, node 1, rad
        116     2.38653838634E-001,  -8.88061463833E-001,   3.92926454544E-001         F               0         Blade root 3 Y orientation angle, node 1, rad
        117    -1.89619511366E-001,  -4.39444571733E-001,  -8.78027856350E-001         F               0         Blade root 3 Z orientation angle, node 1, rad
        118     2.49669170380E+001                                                     F               0         Blade 1 X translation displacement, node 1, m
        119    -2.81716871262E+000                                                     F               0         Blade 1 Y translation displacement, node 1, m
        120    -5.20826101303E+000                                                     F               0         Blade 1 Z translation displacement, node 1, m
        121     2.48356971741E+001                                                     F               0         Blade 1 X translation displacement, node 2, m
        122    -1.48545348644E+000                                                     F               0         Blade 1 Y translation displacement, node 2, m
        123    -6.44398546219E+000                                                     F               0         Blade 1 Z translation displacement, node 2, m
        124     2.30513420105E+001                                                     F               0         Blade 1 X translation displacement, node 3, m
        125     1.66235637665E+001                                                     F               0         Blade 1 Y translation displacement, node 3, m
        126    -2.32477283478E+001                                                     F               0         Blade 1 Z translation displacement, node 3, m
        127     2.26711750031E+001                                                     F               0         Blade 1 X translation displacement, node 4, m
        128     2.04817981720E+001                                                     F               0         Blade 1 Y translation displacement, node 4, m
        129    -2.68278732300E+001                                                     F               0         Blade 1 Z translation displacement, node 4, m
        130     2.22909336090E+001                                                     F               0         Blade 1 X translation displacement, node 5, m
        131     2.43407649994E+001                                                     F               0         Blade 1 Y translation displacement, node 5, m
        132    -3.04086837769E+001                                                     F               0         Blade 1 Z translation displacement, node 5, m
        133     2.19107646942E+001                                                     F               0         Blade 1 X translation displacement, node 6, m
        134     2.81990127563E+001                                                     F               0         Blade 1 Y translation displacement, node 6, m
        135    -3.39888420105E+001                                                     F               0         Blade 1 Z translation displacement, node 6, m
        136     2.15305957794E+001                                                     F               0         Blade 1 X translation displacement, node 7, m
        137     3.20572738647E+001                                                     F               0         Blade 1 Y translation displacement, node 7, m
        138    -3.75690002441E+001                                                     F               0         Blade 1 Z translation displacement, node 7, m
        139     2.11503562927E+001                                                     F               0         Blade 1 X translation displacement, node 8, m
        140     3.59162292480E+001                                                     F               0         Blade 1 Y translation displacement, node 8, m
        141    -4.11498146057E+001                                                     F               0         Blade 1 Z translation displacement, node 8, m
        142     2.07701854706E+001                                                     F               0         Blade 1 X translation displacement, node 9, m
        143     3.97744903564E+001                                                     F               0         Blade 1 Y translation displacement, node 9, m
        144    -4.47299690247E+001                                                     F               0         Blade 1 Z translation displacement, node 9, m
        145     2.03900165558E+001                                                     F               0         Blade 1 X translation displacement, node 10, m
        146     4.36327400208E+001                                                     F               0         Blade 1 Y translation displacement, node 10, m
        147    -4.83101272583E+001                                                     F               0         Blade 1 Z translation displacement, node 10, m
        148     2.00098457336E+001                                                     F               0         Blade 1 X translation displacement, node 11, m
        149     4.74910011292E+001                                                     F               0         Blade 1 Y translation displacement, node 11, m
        150    -5.18902854919E+001                                                     F               0         Blade 1 Z translation displacement, node 11, m
        151     1.96296100616E+001                                                     F               0         Blade 1 X translation displacement, node 12, m
        152     5.13499412537E+001                                                     F               0         Blade 1 Y translation displacement, node 12, m
        153    -5.54710845947E+001                                                     F               0         Blade 1 Z translation displacement, node 12, m
        154     1.92494392395E+001                                                     F               0         Blade 1 X translation displacement, node 13, m
        155     5.52082023621E+001                                                     F               0         Blade 1 Y translation displacement, node 13, m
        156    -5.90512428284E+001                                                     F               0         Blade 1 Z translation displacement, node 13, m
        157     1.88692703247E+001                                                     F               0         Blade 1 X translation displacement, node 14, m
        158     5.90664520264E+001                                                     F               0         Blade 1 Y translation displacement, node 14, m
        159    -6.26314010620E+001                                                     F               0         Blade 1 Z translation displacement, node 14, m
        160     1.84890289307E+001                                                     F               0         Blade 1 X translation displacement, node 15, m
        161     6.29254112244E+001                                                     F               0         Blade 1 Y translation displacement, node 15, m
        162    -6.62122116089E+001                                                     F               0         Blade 1 Z translation displacement, node 15, m
        163     1.81088600159E+001                                                     F               0         Blade 1 X translation displacement, node 16, m
        164     6.67836685181E+001                                                     F               0         Blade 1 Y translation displacement, node 16, m
        165    -6.97923736572E+001                                                     F               0         Blade 1 Z translation displacement, node 16, m
        166     1.77286911011E+001                                                     F               0         Blade 1 X translation displacement, node 17, m
        167     7.06419296265E+001                                                     F               0         Blade 1 Y translation displacement, node 17, m
        168    -7.33725280762E+001                                                     F               0         Blade 1 Z translation displacement, node 17, m
        169     1.73485202789E+001                                                     F               0         Blade 1 X translation displacement, node 18, m
        170     7.45001831055E+001                                                     F               0         Blade 1 Y translation displacement, node 18, m
        171    -7.69526901245E+001                                                     F               0         Blade 1 Z translation displacement, node 18, m
        172     1.69682826996E+001                                                     F               0         Blade 1 X translation displacement, node 19, m
        173     7.83591232300E+001                                                     F               0         Blade 1 Y translation displacement, node 19, m
        174    -8.05334854126E+001                                                     F               0         Blade 1 Z translation displacement, node 19, m
        175     1.65881118774E+001                                                     F               0         Blade 1 X translation displacement, node 20, m
        176     8.22173843384E+001                                                     F               0         Blade 1 Y translation displacement, node 20, m
        177    -8.41136398315E+001                                                     F               0         Blade 1 Z translation displacement, node 20, m
        178     1.62079429626E+001                                                     F               0         Blade 1 X translation displacement, node 21, m
        179     8.60756454468E+001                                                     F               0         Blade 1 Y translation displacement, node 21, m
        180    -8.76938018799E+001                                                     F               0         Blade 1 Z translation displacement, node 21, m
        181     1.58277044296E+001                                                     F               0         Blade 1 X translation displacement, node 22, m
        182     8.99345932007E+001                                                     F               0         Blade 1 Y translation displacement, node 22, m
        183    -9.12746124268E+001                                                     F               0         Blade 1 Z translation displacement, node 22, m
        184     1.54475326538E+001                                                     F               0         Blade 1 X translation displacement, node 23, m
        185     9.37928619385E+001                                                     F               0         Blade 1 Y translation displacement, node 23, m
        186    -9.48547668457E+001                                                     F               0         Blade 1 Z translation displacement, node 23, m
        187     1.50673637390E+001                                                     F               0         Blade 1 X translation displacement, node 24, m
        188     9.76511154175E+001                                                     F               0         Blade 1 Y translation displacement, node 24, m
        189    -9.84349288940E+001                                                     F               0         Blade 1 Z translation displacement, node 24, m
        190     1.46871948242E+001                                                     F               0         Blade 1 X translation displacement, node 25, m
        191     1.01509361267E+002                                                     F               0         Blade 1 Y translation displacement, node 25, m
        192    -1.02015083313E+002                                                     F               0         Blade 1 Z translation displacement, node 25, m
        193     1.43069562912E+001                                                     F               0         Blade 1 X translation displacement, node 26, m
        194     1.05368316650E+002                                                     F               0         Blade 1 Y translation displacement, node 26, m
        195    -1.05595901489E+002                                                     F               0         Blade 1 Z translation displacement, node 26, m
        196     1.39267864227E+001                                                     F               0         Blade 1 X translation displacement, node 27, m
        197     1.09226562500E+002                                                     F               0         Blade 1 Y translation displacement, node 27, m
        198    -1.09176055908E+002                                                     F               0         Blade 1 Z translation displacement, node 27, m
        199     1.36044836044E+001                                                     F               0         Blade 1 X translation displacement, node 28, m
        200     1.12497543335E+002                                                     F               0         Blade 1 Y translation displacement, node 28, m
        201    -1.12211250305E+002                                                     F               0         Blade 1 Z translation displacement, node 28, m
        202     9.21972513199E-001,  -3.23781520128E-002,   3.85899424553E-001         F               0         Blade 1 X orientation angle, node 1, rad
        203     3.87205243111E-001,   6.10445961356E-002,  -9.19970452785E-001         F               0         Blade 1 Y orientation angle, node 1, rad
        204     6.22986722738E-003,   9.97609734535E-001,   6.88184276223E-002         F               0         Blade 1 Z orientation angle, node 1, rad
        205     9.21972513199E-001,  -3.23781520128E-002,   3.85899424553E-001         F               0         Blade 1 X orientation angle, node 2, rad
        206     3.87205243111E-001,   6.10445961356E-002,  -9.19970452785E-001         F               0         Blade 1 Y orientation angle, node 2, rad
        207     6.22986722738E-003,   9.97609734535E-001,   6.88184276223E-002         F               0         Blade 1 Z orientation angle, node 2, rad
        208     9.87474083900E-001,  -1.69875863940E-002,   1.56864210963E-001         F               0         Blade 1 X orientation angle, node 3, rad
        209     1.57658323646E-001,   6.69791698456E-002,  -9.85219597816E-001         F               0         Blade 1 Y orientation angle, node 3, rad
        210     6.22986722738E-003,   9.97609734535E-001,   6.88184276223E-002         F               0         Blade 1 Z orientation angle, node 3, rad
        211     9.93250429630E-001,  -1.41442790627E-002,   1.15123994648E-001         F               0         Blade 1 X orientation angle, node 4, rad
        212     1.15822210908E-001,   6.76367282867E-002,  -9.90964412689E-001         F               0         Blade 1 Y orientation angle, node 4, rad
        213     6.22986722738E-003,   9.97609734535E-001,   6.88184276223E-002         F               0         Blade 1 Z orientation angle, node 4, rad
        214     9.96544480324E-001,  -1.18939951062E-002,   8.22051018476E-002         F               0         Blade 1 X orientation angle, node 5, rad
        215     8.28271433711E-002,   6.80684968829E-002,  -9.94236588478E-001         F               0         Blade 1 Y orientation angle, node 5, rad
        216     6.22986722738E-003,   9.97609734535E-001,   6.88184276223E-002         F               0         Blade 1 Z orientation angle, node 5, rad
        217     9.98390853405E-001,  -1.00842323154E-002,   5.58031573892E-002         F               0         Blade 1 X orientation angle, node 6, rad
        218     5.63637539744E-002,   6.83600455523E-002,  -9.96067285538E-001         F               0         Blade 1 Y orientation angle, node 6, rad
        219     6.22986722738E-003,   9.97609734535E-001,   6.88184276223E-002         F               0         Blade 1 Z orientation angle, node 6, rad
        220     9.99382853508E-001,  -8.59056599438E-003,   3.40607874095E-002         F               0         Blade 1 X orientation angle, node 7, rad
        221     3.45705635846E-002,   6.85637667775E-002,  -9.97047603130E-001         F               0         Blade 1 Y orientation angle, node 7, rad
        222     6.22986722738E-003,   9.97609734535E-001,   6.88184276223E-002         F               0         Blade 1 Z orientation angle, node 7, rad
        223     9.99845683575E-001,  -7.34468922019E-003,   1.59583371133E-002         F               0         Blade 1 X orientation angle, node 8, rad
        224     1.64256412536E-002,   6.87083899975E-002,  -9.97501552105E-001         F               0         Blade 1 Y orientation angle, node 8, rad
        225     6.22986722738E-003,   9.97609734535E-001,   6.88184276223E-002         F               0         Blade 1 Z orientation angle, node 8, rad
        226     9.99980032444E-001,  -6.28857919946E-003,   6.36534823570E-004         F               0         Blade 1 X orientation angle, node 9, rad
        227     1.06778379995E-003,   6.88131377101E-002,  -9.97628986835E-001         F               0         Blade 1 Y orientation angle, node 9, rad
        228     6.22986676171E-003,   9.97609734535E-001,   6.88184723258E-002         F               0         Blade 1 Z orientation angle, node 9, rad
        229     9.99906241894E-001,  -5.37528144196E-003,  -1.25961825252E-002         F               0         Blade 1 X orientation angle, node 10, rad
        230    -1.21961561963E-002,   6.88904523849E-002,  -9.97549653053E-001         F               0         Blade 1 Y orientation angle, node 10, rad
        231     6.22986722738E-003,   9.97609734535E-001,   6.88184276223E-002         F               0         Blade 1 Z orientation angle, node 10, rad
        232     9.99703526497E-001,  -4.59341472015E-003,  -2.39119715989E-002         F               0         Blade 1 X orientation angle, node 11, rad
        233    -2.35387049615E-002,   6.89470097423E-002,  -9.97342586517E-001         F               0         Blade 1 Y orientation angle, node 11, rad
        234     6.22986722738E-003,   9.97609734535E-001,   6.88184425235E-002         F               0         Blade 1 Z orientation angle, node 11, rad
        235     9.99419867992E-001,  -3.90728842467E-003,  -3.38325649500E-002         F               0         Blade 1 X orientation angle, node 12, rad
        236    -3.34828048944E-002,   6.89892768860E-002,  -9.97055351734E-001         F               0         Blade 1 Y orientation angle, node 12, rad
        237     6.22986722738E-003,   9.97609734535E-001,   6.88184276223E-002         F               0         Blade 1 Z orientation angle, node 12, rad
        238     9.99089658260E-001,  -3.30510200001E-003,  -4.25321199000E-002         F               0         Blade 1 X orientation angle, node 13, rad
        239    -4.22030054033E-002,   6.90207481384E-002,  -9.96722161770E-001         F               0         Blade 1 Y orientation angle, node 13, rad
        240     6.22986722738E-003,   9.97609734535E-001,   6.88184276223E-002         F               0         Blade 1 Z orientation angle, node 13, rad
        241     9.98727381229E-001,  -2.76291812770E-003,  -5.03589622676E-002         F               0         Blade 1 X orientation angle, node 14, rad
        242    -5.00484518707E-002,   6.90445676446E-002,  -9.96357381344E-001         F               0         Blade 1 Y orientation angle, node 14, rad
        243     6.22986676171E-003,   9.97609734535E-001,   6.88184201717E-002         F               0         Blade 1 Z orientation angle, node 14, rad
        244     9.98353600502E-001,  -2.28083133698E-003,  -5.73135614395E-002         F               0         Blade 1 X orientation angle, node 15, rad
        245    -5.70196062326E-002,   6.90622329712E-002,  -9.95981514454E-001         F               0         Blade 1 Y orientation angle, node 15, rad
        246     6.22986815870E-003,   9.97609734535E-001,   6.88184723258E-002         F               0         Blade 1 Z orientation angle, node 15, rad
        247     9.97975647449E-001,  -1.84685993008E-003,  -6.35703280568E-002         F               0         Blade 1 X orientation angle, node 16, rad
