
Linearized model: Predictions were generated on 12-Jan-2024 at 09:28:28 using OpenFAST, compiled as a 64-bit application using single precision at commit v3.5.1
 linked with  NWTC Subroutine Library; ElastoDyn; InflowWind; AeroDyn; ServoDyn; HydroDyn; MAP++ (<1.20.10>, <Oct-20-2023>)

Description from the FAST input file: CCT-9 Campign 4 model. Input files to be run with OpenFAST 3.5.0. GitHub branch from Lu Wang (https://github.com/luwang00/openfast/tree/dev) compiled on March 7, 2023.

Simulation information:
   Simulation time:                   501.7500 s
   Rotor Speed:                         0.8769 rad/s
   Azimuth:                             5.3912 rad
   Wind Speed:                         10.0000 m/s
   Number of continuous states:         0
   Number of discrete states:           0
   Number of constraint states:         0
   Number of inputs:                 1746
   Number of outputs:                   4
   Jacobians included in this file?    No

Order of inputs:
     Column   Operating Point                     Rotating Frame? Derivative Order Description
   ---------- ---------------                     --------------- ---------------- -----------
          1    1.101E+01                                 F               0         Tower X translation displacement, node 1, m
          2   -1.229E+00                                 F               0         Tower Y translation displacement, node 1, m
          3   -3.282E-01                                 F               0         Tower Z translation displacement, node 1, m
          4    1.248E+01                                 F               0         Tower X translation displacement, node 2, m
          5   -1.811E+00                                 F               0         Tower Y translation displacement, node 2, m
          6   -4.297E-01                                 F               0         Tower Z translation displacement, node 2, m
          7    1.398E+01                                 F               0         Tower X translation displacement, node 3, m
          8   -2.399E+00                                 F               0         Tower Y translation displacement, node 3, m
          9   -5.343E-01                                 F               0         Tower Z translation displacement, node 3, m
         10    1.549E+01                                 F               0         Tower X translation displacement, node 4, m
         11   -2.991E+00                                 F               0         Tower Y translation displacement, node 4, m
         12   -6.415E-01                                 F               0         Tower Z translation displacement, node 4, m
         13    1.701E+01                                 F               0         Tower X translation displacement, node 5, m
         14   -3.587E+00                                 F               0         Tower Y translation displacement, node 5, m
         15   -7.508E-01                                 F               0         Tower Z translation displacement, node 5, m
         16    1.855E+01                                 F               0         Tower X translation displacement, node 6, m
         17   -4.187E+00                                 F               0         Tower Y translation displacement, node 6, m
         18   -8.618E-01                                 F               0         Tower Z translation displacement, node 6, m
         19    2.010E+01                                 F               0         Tower X translation displacement, node 7, m
         20   -4.789E+00                                 F               0         Tower Y translation displacement, node 7, m
         21   -9.740E-01                                 F               0         Tower Z translation displacement, node 7, m
         22    2.166E+01                                 F               0         Tower X translation displacement, node 8, m
         23   -5.393E+00                                 F               0         Tower Y translation displacement, node 8, m
         24   -1.087E+00                                 F               0         Tower Z translation displacement, node 8, m
         25    2.322E+01                                 F               0         Tower X translation displacement, node 9, m
         26   -5.999E+00                                 F               0         Tower Y translation displacement, node 9, m
         27   -1.201E+00                                 F               0         Tower Z translation displacement, node 9, m
         28    2.479E+01                                 F               0         Tower X translation displacement, node 10, m
         29   -6.606E+00                                 F               0         Tower Y translation displacement, node 10, m
         30   -1.316E+00                                 F               0         Tower Z translation displacement, node 10, m
         31    2.635E+01                                 F               0         Tower X translation displacement, node 11, m
         32   -7.213E+00                                 F               0         Tower Y translation displacement, node 11, m
         33   -1.431E+00                                 F               0         Tower Z translation displacement, node 11, m
         34    9.930E-01,  9.748E-03, -1.178E-01         F               0         Tower X orientation angle, node 1, rad
         35   -4.141E-03,  9.989E-01,  4.776E-02         F               0         Tower Y orientation angle, node 1, rad
         36    1.181E-01, -4.694E-02,  9.919E-01         F               0         Tower Z orientation angle, node 1, rad
         37    9.928E-01,  9.836E-03, -1.196E-01         F               0         Tower X orientation angle, node 2, rad
         38   -4.088E-03,  9.988E-01,  4.821E-02         F               0         Tower Y orientation angle, node 2, rad
         39    1.200E-01, -4.737E-02,  9.916E-01         F               0         Tower Z orientation angle, node 2, rad
         40    9.926E-01,  9.915E-03, -1.213E-01         F               0         Tower X orientation angle, node 3, rad
         41   -4.039E-03,  9.988E-01,  4.860E-02         F               0         Tower Y orientation angle, node 3, rad
         42    1.216E-01, -4.775E-02,  9.914E-01         F               0         Tower Z orientation angle, node 3, rad
         43    9.924E-01,  9.981E-03, -1.226E-01         F               0         Tower X orientation angle, node 4, rad
         44   -3.996E-03,  9.988E-01,  4.895E-02         F               0         Tower Y orientation angle, node 4, rad
         45    1.230E-01, -4.809E-02,  9.912E-01         F               0         Tower Z orientation angle, node 4, rad
         46    9.923E-01,  1.004E-02, -1.238E-01         F               0         Tower X orientation angle, node 5, rad
         47   -3.959E-03,  9.988E-01,  4.925E-02         F               0         Tower Y orientation angle, node 5, rad
         48    1.241E-01, -4.838E-02,  9.911E-01         F               0         Tower Z orientation angle, node 5, rad
         49    9.921E-01,  1.008E-02, -1.247E-01         F               0         Tower X orientation angle, node 6, rad
         50   -3.927E-03,  9.988E-01,  4.950E-02         F               0         Tower Y orientation angle, node 6, rad
         51    1.250E-01, -4.862E-02,  9.910E-01         F               0         Tower Z orientation angle, node 6, rad
         52    9.921E-01,  1.011E-02, -1.254E-01         F               0         Tower X orientation angle, node 7, rad
         53   -3.902E-03,  9.988E-01,  4.970E-02         F               0         Tower Y orientation angle, node 7, rad
         54    1.257E-01, -4.882E-02,  9.909E-01         F               0         Tower Z orientation angle, node 7, rad
         55    9.920E-01,  1.014E-02, -1.259E-01         F               0         Tower X orientation angle, node 8, rad
         56   -3.883E-03,  9.987E-01,  4.986E-02         F               0         Tower Y orientation angle, node 8, rad
         57    1.262E-01, -4.897E-02,  9.908E-01         F               0         Tower Z orientation angle, node 8, rad
         58    9.920E-01,  1.016E-02, -1.262E-01         F               0         Tower X orientation angle, node 9, rad
         59   -3.868E-03,  9.987E-01,  4.997E-02         F               0         Tower Y orientation angle, node 9, rad
         60    1.265E-01, -4.908E-02,  9.907E-01         F               0         Tower Z orientation angle, node 9, rad
         61    9.919E-01,  1.017E-02, -1.264E-01         F               0         Tower X orientation angle, node 10, rad
         62   -3.859E-03,  9.987E-01,  5.005E-02         F               0         Tower Y orientation angle, node 10, rad
         63    1.267E-01, -4.916E-02,  9.907E-01         F               0         Tower Z orientation angle, node 10, rad
         64    9.919E-01,  1.017E-02, -1.265E-01         F               0         Tower X orientation angle, node 11, rad
         65   -3.854E-03,  9.987E-01,  5.009E-02         F               0         Tower Y orientation angle, node 11, rad
         66    1.269E-01, -4.920E-02,  9.907E-01         F               0         Tower Z orientation angle, node 11, rad
         67   -4.181E-03                                 F               0         Tower X translation velocity, node 1, m/s
         68   -4.150E-03                                 F               0         Tower Y translation velocity, node 1, m/s
         69   -4.262E-04                                 F               0         Tower Z translation velocity, node 1, m/s
         70   -4.450E-03                                 F               0         Tower X translation velocity, node 2, m/s
         71   -8.188E-03                                 F               0         Tower Y translation velocity, node 2, m/s
         72   -5.858E-04                                 F               0         Tower Z translation velocity, node 2, m/s
         73   -4.777E-03                                 F               0         Tower X translation velocity, node 3, m/s
         74   -1.220E-02                                 F               0         Tower Y translation velocity, node 3, m/s
         75   -7.384E-04                                 F               0         Tower Z translation velocity, node 3, m/s
         76   -5.147E-03                                 F               0         Tower X translation velocity, node 4, m/s
         77   -1.619E-02                                 F               0         Tower Y translation velocity, node 4, m/s
         78   -8.856E-04                                 F               0         Tower Z translation velocity, node 4, m/s
         79   -5.552E-03                                 F               0         Tower X translation velocity, node 5, m/s
         80   -2.016E-02                                 F               0         Tower Y translation velocity, node 5, m/s
         81   -1.028E-03                                 F               0         Tower Z translation velocity, node 5, m/s
         82   -5.985E-03                                 F               0         Tower X translation velocity, node 6, m/s
         83   -2.410E-02                                 F               0         Tower Y translation velocity, node 6, m/s
         84   -1.167E-03                                 F               0         Tower Z translation velocity, node 6, m/s
         85   -6.436E-03                                 F               0         Tower X translation velocity, node 7, m/s
         86   -2.804E-02                                 F               0         Tower Y translation velocity, node 7, m/s
         87   -1.303E-03                                 F               0         Tower Z translation velocity, node 7, m/s
         88   -6.903E-03                                 F               0         Tower X translation velocity, node 8, m/s
         89   -3.196E-02                                 F               0         Tower Y translation velocity, node 8, m/s
         90   -1.437E-03                                 F               0         Tower Z translation velocity, node 8, m/s
         91   -7.380E-03                                 F               0         Tower X translation velocity, node 9, m/s
         92   -3.586E-02                                 F               0         Tower Y translation velocity, node 9, m/s
         93   -1.570E-03                                 F               0         Tower Z translation velocity, node 9, m/s
         94   -7.863E-03                                 F               0         Tower X translation velocity, node 10, m/s
         95   -3.976E-02                                 F               0         Tower Y translation velocity, node 10, m/s
         96   -1.702E-03                                 F               0         Tower Z translation velocity, node 10, m/s
         97   -8.349E-03                                 F               0         Tower X translation velocity, node 11, m/s
         98   -4.365E-02                                 F               0         Tower Y translation velocity, node 11, m/s
         99   -1.833E-03                                 F               0         Tower Z translation velocity, node 11, m/s
        100    2.744E+01                                 F               0         Hub X translation displacement, node 1, m
        101   -7.709E+00                                 F               0         Hub Y translation displacement, node 1, m
        102   -1.375E-01                                 F               0         Hub Z translation displacement, node 1, m
        103    9.732E-01,  1.526E-02, -2.294E-01         F               0         Hub X orientation angle, node 1, rad
        104   -1.813E-01,  6.643E-01, -7.251E-01         F               0         Hub Y orientation angle, node 1, rad
        105    1.413E-01,  7.473E-01,  6.493E-01         F               0         Hub Z orientation angle, node 1, rad
        106    8.537E-01                                 F               0         Hub X rotation velocity, node 1, rad/s
        107    1.334E-02                                 F               0         Hub Y rotation velocity, node 1, rad/s
        108   -2.011E-01                                 F               0         Hub Z rotation velocity, node 1, rad/s
        109    9.782E-01, -4.456E-03, -2.078E-01         F               0         Blade root 1 X orientation angle, node 1, rad
        110   -1.524E-01,  6.645E-01, -7.316E-01         F               0         Blade root 1 Y orientation angle, node 1, rad
        111    1.413E-01,  7.473E-01,  6.493E-01         F               0         Blade root 1 Z orientation angle, node 1, rad
        112    9.665E-01,  5.906E-03, -2.567E-01         F               0         Blade root 2 X orientation angle, node 1, rad
        113    2.418E-01,  3.153E-01,  9.177E-01         F               0         Blade root 2 Y orientation angle, node 1, rad
        114    8.637E-02, -9.490E-01,  3.033E-01         F               0         Blade root 2 Z orientation angle, node 1, rad
        115    9.737E-01,  4.430E-02, -2.233E-01         F               0         Blade root 3 X orientation angle, node 1, rad
        116   -2.832E-03, -9.785E-01, -2.064E-01         F               0         Blade root 3 Y orientation angle, node 1, rad
        117   -2.277E-01,  2.017E-01, -9.526E-01         F               0         Blade root 3 Z orientation angle, node 1, rad
        118    2.764E+01                                 F               0         Blade 1 X translation displacement, node 1, m
        119   -3.569E+00                                 F               0         Blade 1 Y translation displacement, node 1, m
        120   -2.050E+00                                 F               0         Blade 1 Z translation displacement, node 1, m
        121    2.769E+01                                 F               0         Blade 1 X translation displacement, node 2, m
        122   -2.572E+00                                 F               0         Blade 1 Y translation displacement, node 2, m
        123   -2.511E+00                                 F               0         Blade 1 Z translation displacement, node 2, m
        124    2.836E+01                                 F               0         Blade 1 X translation displacement, node 3, m
        125    1.099E+01                                 F               0         Blade 1 Y translation displacement, node 3, m
        126   -8.778E+00                                 F               0         Blade 1 Z translation displacement, node 3, m
        127    2.850E+01                                 F               0         Blade 1 X translation displacement, node 4, m
        128    1.388E+01                                 F               0         Blade 1 Y translation displacement, node 4, m
        129   -1.011E+01                                 F               0         Blade 1 Z translation displacement, node 4, m
        130    2.864E+01                                 F               0         Blade 1 X translation displacement, node 5, m
        131    1.677E+01                                 F               0         Blade 1 Y translation displacement, node 5, m
        132   -1.145E+01                                 F               0         Blade 1 Z translation displacement, node 5, m
        133    2.878E+01                                 F               0         Blade 1 X translation displacement, node 6, m
        134    1.966E+01                                 F               0         Blade 1 Y translation displacement, node 6, m
        135   -1.278E+01                                 F               0         Blade 1 Z translation displacement, node 6, m
        136    2.893E+01                                 F               0         Blade 1 X translation displacement, node 7, m
        137    2.255E+01                                 F               0         Blade 1 Y translation displacement, node 7, m
        138   -1.412E+01                                 F               0         Blade 1 Z translation displacement, node 7, m
        139    2.907E+01                                 F               0         Blade 1 X translation displacement, node 8, m
        140    2.545E+01                                 F               0         Blade 1 Y translation displacement, node 8, m
        141   -1.545E+01                                 F               0         Blade 1 Z translation displacement, node 8, m
        142    2.921E+01                                 F               0         Blade 1 X translation displacement, node 9, m
        143    2.834E+01                                 F               0         Blade 1 Y translation displacement, node 9, m
        144   -1.679E+01                                 F               0         Blade 1 Z translation displacement, node 9, m
        145    2.935E+01                                 F               0         Blade 1 X translation displacement, node 10, m
        146    3.123E+01                                 F               0         Blade 1 Y translation displacement, node 10, m
        147   -1.812E+01                                 F               0         Blade 1 Z translation displacement, node 10, m
        148    2.949E+01                                 F               0         Blade 1 X translation displacement, node 11, m
        149    3.412E+01                                 F               0         Blade 1 Y translation displacement, node 11, m
        150   -1.946E+01                                 F               0         Blade 1 Z translation displacement, node 11, m
        151    2.964E+01                                 F               0         Blade 1 X translation displacement, node 12, m
        152    3.701E+01                                 F               0         Blade 1 Y translation displacement, node 12, m
        153   -2.080E+01                                 F               0         Blade 1 Z translation displacement, node 12, m
        154    2.978E+01                                 F               0         Blade 1 X translation displacement, node 13, m
        155    3.990E+01                                 F               0         Blade 1 Y translation displacement, node 13, m
        156   -2.213E+01                                 F               0         Blade 1 Z translation displacement, node 13, m
        157    2.992E+01                                 F               0         Blade 1 X translation displacement, node 14, m
        158    4.279E+01                                 F               0         Blade 1 Y translation displacement, node 14, m
        159   -2.347E+01                                 F               0         Blade 1 Z translation displacement, node 14, m
        160    3.006E+01                                 F               0         Blade 1 X translation displacement, node 15, m
        161    4.568E+01                                 F               0         Blade 1 Y translation displacement, node 15, m
        162   -2.480E+01                                 F               0         Blade 1 Z translation displacement, node 15, m
        163    3.021E+01                                 F               0         Blade 1 X translation displacement, node 16, m
        164    4.857E+01                                 F               0         Blade 1 Y translation displacement, node 16, m
        165   -2.614E+01                                 F               0         Blade 1 Z translation displacement, node 16, m
        166    3.035E+01                                 F               0         Blade 1 X translation displacement, node 17, m
        167    5.146E+01                                 F               0         Blade 1 Y translation displacement, node 17, m
        168   -2.747E+01                                 F               0         Blade 1 Z translation displacement, node 17, m
        169    3.049E+01                                 F               0         Blade 1 X translation displacement, node 18, m
        170    5.435E+01                                 F               0         Blade 1 Y translation displacement, node 18, m
        171   -2.881E+01                                 F               0         Blade 1 Z translation displacement, node 18, m
        172    3.063E+01                                 F               0         Blade 1 X translation displacement, node 19, m
        173    5.724E+01                                 F               0         Blade 1 Y translation displacement, node 19, m
        174   -3.014E+01                                 F               0         Blade 1 Z translation displacement, node 19, m
        175    3.077E+01                                 F               0         Blade 1 X translation displacement, node 20, m
        176    6.013E+01                                 F               0         Blade 1 Y translation displacement, node 20, m
        177   -3.148E+01                                 F               0         Blade 1 Z translation displacement, node 20, m
        178    3.092E+01                                 F               0         Blade 1 X translation displacement, node 21, m
        179    6.302E+01                                 F               0         Blade 1 Y translation displacement, node 21, m
        180   -3.281E+01                                 F               0         Blade 1 Z translation displacement, node 21, m
        181    3.106E+01                                 F               0         Blade 1 X translation displacement, node 22, m
        182    6.591E+01                                 F               0         Blade 1 Y translation displacement, node 22, m
        183   -3.415E+01                                 F               0         Blade 1 Z translation displacement, node 22, m
        184    3.120E+01                                 F               0         Blade 1 X translation displacement, node 23, m
        185    6.880E+01                                 F               0         Blade 1 Y translation displacement, node 23, m
        186   -3.548E+01                                 F               0         Blade 1 Z translation displacement, node 23, m
        187    3.134E+01                                 F               0         Blade 1 X translation displacement, node 24, m
        188    7.169E+01                                 F               0         Blade 1 Y translation displacement, node 24, m
        189   -3.682E+01                                 F               0         Blade 1 Z translation displacement, node 24, m
        190    3.149E+01                                 F               0         Blade 1 X translation displacement, node 25, m
        191    7.458E+01                                 F               0         Blade 1 Y translation displacement, node 25, m
        192   -3.815E+01                                 F               0         Blade 1 Z translation displacement, node 25, m
        193    3.163E+01                                 F               0         Blade 1 X translation displacement, node 26, m
        194    7.747E+01                                 F               0         Blade 1 Y translation displacement, node 26, m
        195   -3.949E+01                                 F               0         Blade 1 Z translation displacement, node 26, m
        196    3.177E+01                                 F               0         Blade 1 X translation displacement, node 27, m
        197    8.036E+01                                 F               0         Blade 1 Y translation displacement, node 27, m
        198   -4.082E+01                                 F               0         Blade 1 Z translation displacement, node 27, m
        199    3.189E+01                                 F               0         Blade 1 X translation displacement, node 28, m
        200    8.281E+01                                 F               0         Blade 1 Y translation displacement, node 28, m
        201   -4.196E+01                                 F               0         Blade 1 Z translation displacement, node 28, m
        202    9.400E-01, -3.070E-01,  1.487E-01         F               0         Blade 1 X orientation angle, node 1, rad
        203    3.105E-01,  5.893E-01, -7.459E-01         F               0         Blade 1 Y orientation angle, node 1, rad
        204    1.413E-01,  7.473E-01,  6.493E-01         F               0         Blade 1 Z orientation angle, node 1, rad
        205    9.400E-01, -3.070E-01,  1.487E-01         F               0         Blade 1 X orientation angle, node 2, rad
        206    3.105E-01,  5.893E-01, -7.459E-01         F               0         Blade 1 Y orientation angle, node 2, rad
        207    1.413E-01,  7.473E-01,  6.493E-01         F               0         Blade 1 Z orientation angle, node 2, rad
        208    9.868E-01, -1.585E-01, -3.228E-02         F               0         Blade 1 X orientation angle, node 3, rad
        209    7.882E-02,  6.453E-01, -7.599E-01         F               0         Blade 1 Y orientation angle, node 3, rad
        210    1.413E-01,  7.473E-01,  6.493E-01         F               0         Blade 1 Z orientation angle, node 3, rad
        211    9.893E-01, -1.312E-01, -6.434E-02         F               0         Blade 1 X orientation angle, node 4, rad
        212    3.708E-02,  6.514E-01, -7.578E-01         F               0         Blade 1 Y orientation angle, node 4, rad
        213    1.413E-01,  7.473E-01,  6.493E-01         F               0         Blade 1 Z orientation angle, node 4, rad
        214    9.900E-01, -1.095E-01, -8.943E-02         F               0         Blade 1 X orientation angle, node 5, rad
        215    4.261E-03,  6.554E-01, -7.553E-01         F               0         Blade 1 Y orientation angle, node 5, rad
        216    1.413E-01,  7.473E-01,  6.493E-01         F               0         Blade 1 Z orientation angle, node 5, rad
        217    9.897E-01, -9.207E-02, -1.094E-01         F               0         Blade 1 X orientation angle, node 6, rad
        218   -2.200E-02,  6.581E-01, -7.526E-01         F               0         Blade 1 Y orientation angle, node 6, rad
        219    1.413E-01,  7.473E-01,  6.493E-01         F               0         Blade 1 Z orientation angle, node 6, rad
        220    9.890E-01, -7.769E-02, -1.258E-01         F               0         Blade 1 X orientation angle, node 7, rad
        221   -4.358E-02,  6.599E-01, -7.501E-01         F               0         Blade 1 Y orientation angle, node 7, rad
        222    1.413E-01,  7.473E-01,  6.493E-01         F               0         Blade 1 Z orientation angle, node 7, rad
        223    9.881E-01, -6.570E-02, -1.394E-01         F               0         Blade 1 X orientation angle, node 8, rad
        224   -6.153E-02,  6.612E-01, -7.477E-01         F               0         Blade 1 Y orientation angle, node 8, rad
        225    1.413E-01,  7.473E-01,  6.493E-01         F               0         Blade 1 Z orientation angle, node 8, rad
        226    9.870E-01, -5.554E-02, -1.509E-01         F               0         Blade 1 X orientation angle, node 9, rad
        227   -7.670E-02,  6.622E-01, -7.454E-01         F               0         Blade 1 Y orientation angle, node 9, rad
        228    1.413E-01,  7.473E-01,  6.493E-01         F               0         Blade 1 Z orientation angle, node 9, rad
        229    9.859E-01, -4.675E-02, -1.608E-01         F               0         Blade 1 X orientation angle, node 10, rad
        230   -8.978E-02,  6.628E-01, -7.434E-01         F               0         Blade 1 Y orientation angle, node 10, rad
        231    1.413E-01,  7.473E-01,  6.493E-01         F               0         Blade 1 Z orientation angle, node 10, rad
        232    9.848E-01, -3.923E-02, -1.692E-01         F               0         Blade 1 X orientation angle, node 11, rad
        233   -1.010E-01,  6.633E-01, -7.415E-01         F               0         Blade 1 Y orientation angle, node 11, rad
        234    1.413E-01,  7.473E-01,  6.493E-01         F               0         Blade 1 Z orientation angle, node 11, rad
        235    9.838E-01, -3.262E-02, -1.765E-01         F               0         Blade 1 X orientation angle, node 12, rad
        236   -1.108E-01,  6.637E-01, -7.398E-01         F               0         Blade 1 Y orientation angle, node 12, rad
        237    1.413E-01,  7.473E-01,  6.493E-01         F               0         Blade 1 Z orientation angle, node 12, rad
        238    9.827E-01, -2.683E-02, -1.830E-01         F               0         Blade 1 X orientation angle, node 13, rad
        239   -1.193E-01,  6.639E-01, -7.382E-01         F               0         Blade 1 Y orientation angle, node 13, rad
        240    1.413E-01,  7.473E-01,  6.493E-01         F               0         Blade 1 Z orientation angle, node 13, rad
        241    9.818E-01, -2.162E-02, -1.888E-01         F               0         Blade 1 X orientation angle, node 14, rad
        242   -1.270E-01,  6.641E-01, -7.367E-01         F               0         Blade 1 Y orientation angle, node 14, rad
        243    1.413E-01,  7.473E-01,  6.493E-01         F               0         Blade 1 Z orientation angle, node 14, rad
        244    9.809E-01, -1.698E-02, -1.939E-01         F               0         Blade 1 X orientation angle, node 15, rad
        245   -1.339E-01,  6.643E-01, -7.354E-01         F               0         Blade 1 Y orientation angle, node 15, rad
        246    1.413E-01,  7.473E-01,  6.493E-01         F               0         Blade 1 Z orientation angle, node 15, rad
        247    9.800E-01, -1.281E-02, -1.985E-01         F               0         Blade 1 X orientation angle, node 16, rad
        248   -1.401E-01,  6.644E-01, -7.342E-01         F               0         Blade 1 Y orientation angle, node 16, rad
        249    1.413E-01,  7.473E-01,  6.493E-01         F               0         Blade 1 Z orientation angle, node 16, rad
        250    9.792E-01, -9.095E-03, -2.026E-01         F               0         Blade 1 X orientation angle, node 17, rad
        251   -1.455E-01,  6.644E-01, -7.331E-01         F               0         Blade 1 Y orientation angle, node 17, rad
        252    1.413E-01,  7.473E-01,  6.493E-01         F               0         Blade 1 Z orientation angle, node 17, rad
        253    9.784E-01, -5.616E-03, -2.065E-01         F               0         Blade 1 X orientation angle, node 18, rad
        254   -1.507E-01,  6.645E-01, -7.320E-01         F               0         Blade 1 Y orientation angle, node 18, rad
        255    1.413E-01,  7.473E-01,  6.493E-01         F               0         Blade 1 Z orientation angle, node 18, rad
        256    9.777E-01, -2.485E-03, -2.099E-01         F               0         Blade 1 X orientation angle, node 19, rad
        257   -1.553E-01,  6.645E-01, -7.310E-01         F               0         Blade 1 Y orientation angle, node 19, rad
        258    1.413E-01,  7.473E-01,  6.493E-01         F               0         Blade 1 Z orientation angle, node 19, rad
        259    9.771E-01,  2.988E-04, -2.130E-01         F               0         Blade 1 X orientation angle, node 20, rad
        260   -1.594E-01,  6.645E-01, -7.301E-01         F               0         Blade 1 Y orientation angle, node 20, rad
        261    1.413E-01,  7.473E-01,  6.493E-01         F               0         Blade 1 Z orientation angle, node 20, rad
        262    9.764E-01,  2.966E-03, -2.159E-01         F               0         Blade 1 X orientation angle, node 21, rad
        263   -1.633E-01,  6.645E-01, -7.293E-01         F               0         Blade 1 Y orientation angle, node 21, rad
        264    1.413E-01,  7.473E-01,  6.493E-01         F               0         Blade 1 Z orientation angle, node 21, rad
        265    9.758E-01,  5.402E-03, -2.186E-01         F               0         Blade 1 X orientation angle, node 22, rad
        266   -1.669E-01,  6.645E-01, -7.285E-01         F               0         Blade 1 Y orientation angle, node 22, rad
        267    1.413E-01,  7.473E-01,  6.493E-01         F               0         Blade 1 Z orientation angle, node 22, rad
        268    9.752E-01,  7.605E-03, -2.210E-01         F               0         Blade 1 X orientation angle, node 23, rad
        269   -1.701E-01,  6.644E-01, -7.277E-01         F               0         Blade 1 Y orientation angle, node 23, rad
        270    1.413E-01,  7.473E-01,  6.493E-01         F               0         Blade 1 Z orientation angle, node 23, rad
        271    9.747E-01,  9.692E-03, -2.233E-01         F               0         Blade 1 X orientation angle, node 24, rad
        272   -1.732E-01,  6.644E-01, -7.270E-01         F               0         Blade 1 Y orientation angle, node 24, rad
        273    1.413E-01,  7.473E-01,  6.493E-01         F               0         Blade 1 Z orientation angle, node 24, rad
        274    9.742E-01,  1.166E-02, -2.254E-01         F               0         Blade 1 X orientation angle, node 25, rad
        275   -1.760E-01,  6.644E-01, -7.264E-01         F               0         Blade 1 Y orientation angle, node 25, rad
        276    1.413E-01,  7.473E-01,  6.493E-01         F               0         Blade 1 Z orientation angle, node 25, rad
        277    9.737E-01,  1.340E-02, -2.273E-01         F               0         Blade 1 X orientation angle, node 26, rad
        278   -1.786E-01,  6.643E-01, -7.258E-01         F               0         Blade 1 Y orientation angle, node 26, rad
        279    1.413E-01,  7.473E-01,  6.493E-01         F               0         Blade 1 Z orientation angle, node 26, rad
        280    9.733E-01,  1.514E-02, -2.292E-01         F               0         Blade 1 X orientation angle, node 27, rad
        281   -1.811E-01,  6.643E-01, -7.252E-01         F               0         Blade 1 Y orientation angle, node 27, rad
        282    1.413E-01,  7.473E-01,  6.493E-01         F               0         Blade 1 Z orientation angle, node 27, rad
        283    9.730E-01,  1.607E-02, -2.303E-01         F               0         Blade 1 X orientation angle, node 28, rad
        284   -1.825E-01,  6.643E-01, -7.249E-01         F               0         Blade 1 Y orientation angle, node 28, rad
        285    1.413E-01,  7.473E-01,  6.493E-01         F               0         Blade 1 Z orientation angle, node 28, rad
        286    8.720E-01                                 F               0         Blade 1 X translation velocity, node 1, m/s
        287   -3.275E+00                                 F               0         Blade 1 Y translation velocity, node 1, m/s
        288    3.522E+00                                 F               0         Blade 1 Z translation velocity, node 1, m/s
        289    1.084E+00                                 F               0         Blade 1 X translation velocity, node 2, m/s
        290   -4.053E+00                                 F               0         Blade 1 Y translation velocity, node 2, m/s
        291    4.371E+00                                 F               0         Blade 1 Z translation velocity, node 2, m/s
        292    3.970E+00                                 F               0         Blade 1 X translation velocity, node 3, m/s
        293   -1.463E+01                                 F               0         Blade 1 Y translation velocity, node 3, m/s
        294    1.592E+01                                 F               0         Blade 1 Z translation velocity, node 3, m/s
        295    4.585E+00                                 F               0         Blade 1 X translation velocity, node 4, m/s
        296   -1.688E+01                                 F               0         Blade 1 Y translation velocity, node 4, m/s
        297    1.838E+01                                 F               0         Blade 1 Z translation velocity, node 4, m/s
        298    5.200E+00                                 F               0         Blade 1 X translation velocity, node 5, m/s
        299   -1.914E+01                                 F               0         Blade 1 Y translation velocity, node 5, m/s
        300    2.084E+01                                 F               0         Blade 1 Z translation velocity, node 5, m/s
        301    5.815E+00                                 F               0         Blade 1 X translation velocity, node 6, m/s
        302   -2.139E+01                                 F               0         Blade 1 Y translation velocity, node 6, m/s
        303    2.330E+01                                 F               0         Blade 1 Z translation velocity, node 6, m/s
        304    6.429E+00                                 F               0         Blade 1 X translation velocity, node 7, m/s
        305   -2.365E+01                                 F               0         Blade 1 Y translation velocity, node 7, m/s
        306    2.576E+01                                 F               0         Blade 1 Z translation velocity, node 7, m/s
        307    7.044E+00                                 F               0         Blade 1 X translation velocity, node 8, m/s
