
Linearized model: Predictions were generated on 13-Feb-2024 at 11:29:37 using OpenFAST, compiled as a 64-bit application using single precision at commit v3.5.1
 linked with  NWTC Subroutine Library; ElastoDyn; InflowWind; AeroDyn; ServoDyn; HydroDyn; MAP++ (<1.20.10>, <Oct-20-2023>)

Description from the FAST input file: CCT-9 Campign 4 model. Input files to be run with OpenFAST 3.5.0. GitHub branch from Lu Wang (https://github.com/luwang00/openfast/tree/dev) compiled on March 7, 2023.

Simulation information:
   Simulation time:                  1215.0250 s
   Rotor Speed:                         0.7916 rad/s
   Azimuth:                             3.3248 rad
   Wind Speed:                         16.0000 m/s
   Number of continuous states:         0
   Number of discrete states:           0
   Number of constraint states:         0
   Number of inputs:                 1746
   Number of outputs:                   4
   Jacobians included in this file?    No

Order of inputs:
     Column   Operating Point                                                   Rotating Frame? Derivative Order Description
   ---------- ---------------                                                   --------------- ---------------- -----------
          1     1.07030792236E+001                                                     F               0         Tower X translation displacement, node 1, m
          2    -1.55850589275E+000                                                     F               0         Tower Y translation displacement, node 1, m
          3    -2.76088178158E-001                                                     F               0         Tower Z translation displacement, node 1, m
          4     1.20891742706E+001                                                     F               0         Tower X translation displacement, node 2, m
          5    -2.19176363945E+000                                                     F               0         Tower Y translation displacement, node 2, m
          6    -3.70430886745E-001                                                     F               0         Tower Z translation displacement, node 2, m
          7     1.34752693176E+001                                                     F               0         Tower X translation displacement, node 3, m
          8    -2.82502150536E+000                                                     F               0         Tower Y translation displacement, node 3, m
          9    -4.64771509171E-001                                                     F               0         Tower Z translation displacement, node 3, m
         10     1.48613643646E+001                                                     F               0         Tower X translation displacement, node 4, m
         11    -3.45827937126E+000                                                     F               0         Tower Y translation displacement, node 4, m
         12    -5.59112310410E-001                                                     F               0         Tower Z translation displacement, node 4, m
         13     1.62474613190E+001                                                     F               0         Tower X translation displacement, node 5, m
         14    -4.09153747559E+000                                                     F               0         Tower Y translation displacement, node 5, m
         15    -6.53450310230E-001                                                     F               0         Tower Z translation displacement, node 5, m
         16     1.76335544586E+001                                                     F               0         Tower X translation displacement, node 6, m
         17    -4.72479486465E+000                                                     F               0         Tower Y translation displacement, node 6, m
         18    -7.47798860073E-001                                                     F               0         Tower Z translation displacement, node 6, m
         19     1.90196514130E+001                                                     F               0         Tower X translation displacement, node 7, m
         20    -5.35805320740E+000                                                     F               0         Tower Y translation displacement, node 7, m
         21    -8.42133462429E-001                                                     F               0         Tower Z translation displacement, node 7, m
         22     2.04057445526E+001                                                     F               0         Tower X translation displacement, node 8, m
         23    -5.99131011963E+000                                                     F               0         Tower Y translation displacement, node 8, m
         24    -9.36480104923E-001                                                     F               0         Tower Z translation displacement, node 8, m
         25     2.17918415070E+001                                                     F               0         Tower X translation displacement, node 9, m
         26    -6.62456893921E+000                                                     F               0         Tower Y translation displacement, node 9, m
         27    -1.03081774712E+000                                                     F               0         Tower Z translation displacement, node 9, m
         28     2.31779365540E+001                                                     F               0         Tower X translation displacement, node 10, m
         29    -7.25782632828E+000                                                     F               0         Tower Y translation displacement, node 10, m
         30    -1.12516140938E+000                                                     F               0         Tower Z translation displacement, node 10, m
         31     2.45640316010E+001                                                     F               0         Tower X translation displacement, node 11, m
         32    -7.89108419418E+000                                                     F               0         Tower Y translation displacement, node 11, m
         33    -1.21950209141E+000                                                     F               0         Tower Z translation displacement, node 11, m
         34     9.93684053421E-001,   3.41020594351E-003,  -1.12162098289E-001         F               0         Tower X orientation angle, node 1, rad
         35     2.36472301185E-003,   9.98679757118E-001,   5.13140484691E-002         F               0         Tower Y orientation angle, node 1, rad
         36     1.12189009786E-001,  -5.12551851571E-002,   9.92364108562E-001         F               0         Tower Z orientation angle, node 1, rad
         37     9.93684053421E-001,   3.41020594351E-003,  -1.12162098289E-001         F               0         Tower X orientation angle, node 2, rad
         38     2.36472301185E-003,   9.98679757118E-001,   5.13140484691E-002         F               0         Tower Y orientation angle, node 2, rad
         39     1.12189009786E-001,  -5.12551851571E-002,   9.92364108562E-001         F               0         Tower Z orientation angle, node 2, rad
         40     9.93684053421E-001,   3.41020594351E-003,  -1.12162098289E-001         F               0         Tower X orientation angle, node 3, rad
         41     2.36472301185E-003,   9.98679757118E-001,   5.13140484691E-002         F               0         Tower Y orientation angle, node 3, rad
         42     1.12189009786E-001,  -5.12551851571E-002,   9.92364108562E-001         F               0         Tower Z orientation angle, node 3, rad
         43     9.93684053421E-001,   3.41020594351E-003,  -1.12162098289E-001         F               0         Tower X orientation angle, node 4, rad
         44     2.36472301185E-003,   9.98679757118E-001,   5.13140484691E-002         F               0         Tower Y orientation angle, node 4, rad
         45     1.12189009786E-001,  -5.12551851571E-002,   9.92364108562E-001         F               0         Tower Z orientation angle, node 4, rad
         46     9.93684053421E-001,   3.41020594351E-003,  -1.12162098289E-001         F               0         Tower X orientation angle, node 5, rad
         47     2.36472301185E-003,   9.98679757118E-001,   5.13140484691E-002         F               0         Tower Y orientation angle, node 5, rad
         48     1.12189009786E-001,  -5.12551851571E-002,   9.92364108562E-001         F               0         Tower Z orientation angle, node 5, rad
         49     9.93684053421E-001,   3.41020594351E-003,  -1.12162098289E-001         F               0         Tower X orientation angle, node 6, rad
         50     2.36472301185E-003,   9.98679757118E-001,   5.13140484691E-002         F               0         Tower Y orientation angle, node 6, rad
         51     1.12189009786E-001,  -5.12551851571E-002,   9.92364108562E-001         F               0         Tower Z orientation angle, node 6, rad
         52     9.93684053421E-001,   3.41020594351E-003,  -1.12162098289E-001         F               0         Tower X orientation angle, node 7, rad
         53     2.36472301185E-003,   9.98679757118E-001,   5.13140484691E-002         F               0         Tower Y orientation angle, node 7, rad
         54     1.12189009786E-001,  -5.12551851571E-002,   9.92364108562E-001         F               0         Tower Z orientation angle, node 7, rad
         55     9.93684053421E-001,   3.41020594351E-003,  -1.12162098289E-001         F               0         Tower X orientation angle, node 8, rad
         56     2.36472301185E-003,   9.98679757118E-001,   5.13140484691E-002         F               0         Tower Y orientation angle, node 8, rad
         57     1.12189009786E-001,  -5.12551851571E-002,   9.92364108562E-001         F               0         Tower Z orientation angle, node 8, rad
         58     9.93684053421E-001,   3.41020617634E-003,  -1.12162098289E-001         F               0         Tower X orientation angle, node 9, rad
         59     2.36472324468E-003,   9.98679757118E-001,   5.13140521944E-002         F               0         Tower Y orientation angle, node 9, rad
         60     1.12189009786E-001,  -5.12551888824E-002,   9.92364108562E-001         F               0         Tower Z orientation angle, node 9, rad
         61     9.93684053421E-001,   3.41020594351E-003,  -1.12162098289E-001         F               0         Tower X orientation angle, node 10, rad
         62     2.36472301185E-003,   9.98679757118E-001,   5.13140484691E-002         F               0         Tower Y orientation angle, node 10, rad
         63     1.12189009786E-001,  -5.12551851571E-002,   9.92364108562E-001         F               0         Tower Z orientation angle, node 10, rad
         64     9.93684053421E-001,   3.41020594351E-003,  -1.12162098289E-001         F               0         Tower X orientation angle, node 11, rad
         65     2.36472301185E-003,   9.98679757118E-001,   5.13140484691E-002         F               0         Tower Y orientation angle, node 11, rad
         66     1.12189009786E-001,  -5.12551851571E-002,   9.92364108562E-001         F               0         Tower Z orientation angle, node 11, rad
         67    -4.10468666814E-004                                                     F               0         Tower X translation velocity, node 1, m/s
         68    -6.92242989317E-004                                                     F               0         Tower Y translation velocity, node 1, m/s
         69    -5.17477281392E-003                                                     F               0         Tower Z translation velocity, node 1, m/s
         70    -5.55661506951E-004                                                     F               0         Tower X translation velocity, node 2, m/s
         71    -1.06244091876E-003                                                     F               0         Tower Y translation velocity, node 2, m/s
         72    -5.17747970298E-003                                                     F               0         Tower Z translation velocity, node 2, m/s
         73    -7.00854405295E-004                                                     F               0         Tower X translation velocity, node 3, m/s
         74    -1.43263896462E-003                                                     F               0         Tower Y translation velocity, node 3, m/s
         75    -5.18018519506E-003                                                     F               0         Tower Z translation velocity, node 3, m/s
         76    -8.46047303639E-004                                                     F               0         Tower X translation velocity, node 4, m/s
         77    -1.80283689406E-003                                                     F               0         Tower Y translation velocity, node 4, m/s
         78    -5.18289161846E-003                                                     F               0         Tower Z translation velocity, node 4, m/s
         79    -9.91240260191E-004                                                     F               0         Tower X translation velocity, node 5, m/s
         80    -2.17303517275E-003                                                     F               0         Tower Y translation velocity, node 5, m/s
         81    -5.18559804186E-003                                                     F               0         Tower Z translation velocity, node 5, m/s
         82    -1.13643298391E-003                                                     F               0         Tower X translation velocity, node 6, m/s
         83    -2.54323263653E-003                                                     F               0         Tower Y translation velocity, node 6, m/s
         84    -5.18830399960E-003                                                     F               0         Tower Z translation velocity, node 6, m/s
         85    -1.28162605688E-003                                                     F               0         Tower X translation velocity, node 7, m/s
         86    -2.91343126446E-003                                                     F               0         Tower Y translation velocity, node 7, m/s
         87    -5.19101042300E-003                                                     F               0         Tower Z translation velocity, node 7, m/s
         88    -1.42681878060E-003                                                     F               0         Tower X translation velocity, node 8, m/s
         89    -3.28362872824E-003                                                     F               0         Tower Y translation velocity, node 8, m/s
         90    -5.19371638075E-003                                                     F               0         Tower Z translation velocity, node 8, m/s
         91    -1.57201173715E-003                                                     F               0         Tower X translation velocity, node 9, m/s
         92    -3.65382712334E-003                                                     F               0         Tower Y translation velocity, node 9, m/s
         93    -5.19642280415E-003                                                     F               0         Tower Z translation velocity, node 9, m/s
         94    -1.71720469370E-003                                                     F               0         Tower X translation velocity, node 10, m/s
         95    -4.02402505279E-003                                                     F               0         Tower Y translation velocity, node 10, m/s
         96    -5.19912876189E-003                                                     F               0         Tower Z translation velocity, node 10, m/s
         97    -1.86239741743E-003                                                     F               0         Tower X translation velocity, node 11, m/s
         98    -4.39422298223E-003                                                     F               0         Tower Y translation velocity, node 11, m/s
         99    -5.20183518529E-003                                                     F               0         Tower Z translation velocity, node 11, m/s
        100     2.55129508972E+001                                                     F               0         Hub X translation displacement, node 1, m
        101    -8.33027839661E+000                                                     F               0         Hub Y translation displacement, node 1, m
        102    -6.80322572589E-002                                                     F               0         Hub Z translation displacement, node 1, m
        103     9.76513624191E-001,   8.74915067106E-003,  -2.15277954936E-001         F               0         Hub X orientation angle, node 1, rad
        104    -4.15700860322E-002,  -9.72750306129E-001,  -2.28098094463E-001         F               0         Hub Y orientation angle, node 1, rad
        105    -2.11407363415E-001,   2.31690019369E-001,  -9.49540257454E-001         F               0         Hub Z orientation angle, node 1, rad
        106     7.73058593273E-001                                                     F               0         Hub X rotation velocity, node 1, rad/s
        107     6.91391574219E-003                                                     F               0         Hub Y rotation velocity, node 1, rad/s
        108    -1.70413613319E-001                                                     F               0         Hub Z rotation velocity, node 1, rad/s
        109     9.72649335861E-001,   1.45519390702E-001,  -1.81045353413E-001         F               0         Blade root 1 X orientation angle, node 1, rad
        110     9.62301120162E-002,  -9.61843967438E-001,  -2.56117016077E-001         F               0         Blade root 1 Y orientation angle, node 1, rad
        111    -2.11407363415E-001,   2.31690019369E-001,  -9.49540257454E-001         F               0         Blade root 1 Z orientation angle, node 1, rad
        112     9.89634811878E-001,  -8.79960805178E-002,  -1.13488487899E-001         F               0         Blade root 2 X orientation angle, node 1, rad
        113    -2.32980847359E-002,   6.81422054768E-001,  -7.31519758701E-001         F               0         Blade root 2 Y orientation angle, node 1, rad
        114     1.41704440117E-001,   7.26581454277E-001,   6.72308862209E-001         F               0         Blade root 2 Z orientation angle, node 1, rad
        115     9.38118219376E-001,  -3.15369218588E-002,  -3.44876289368E-001         F               0         Blade root 3 X orientation angle, node 1, rad
        116     3.39228153229E-001,   2.84114688635E-001,   8.96773695946E-001         F               0         Blade root 3 Y orientation angle, node 1, rad
        117     6.97029381990E-002,  -9.58271503448E-001,   2.77231365442E-001         F               0         Blade root 3 Z orientation angle, node 1, rad
        118     2.37626647949E+001                                                     F               0         Blade 1 X translation displacement, node 1, m
        119    -7.04671573639E+000                                                     F               0         Blade 1 Y translation displacement, node 1, m
        120    -1.08381443024E+001                                                     F               0         Blade 1 Z translation displacement, node 1, m
        121     2.33409214020E+001                                                     F               0         Blade 1 X translation displacement, node 2, m
        122    -6.73743152618E+000                                                     F               0         Blade 1 Y translation displacement, node 2, m
        123    -1.34332818985E+001                                                     F               0         Blade 1 Z translation displacement, node 2, m
        124     1.76059246063E+001                                                     F               0         Blade 1 X translation displacement, node 3, m
        125    -2.53169989586E+000                                                     F               0         Blade 1 Y translation displacement, node 3, m
        126    -4.87226867676E+001                                                     F               0         Blade 1 Z translation displacement, node 3, m
        127     1.63840503693E+001                                                     F               0         Blade 1 X translation displacement, node 4, m
        128    -1.63564372063E+000                                                     F               0         Blade 1 Y translation displacement, node 4, m
        129    -5.62413101196E+001                                                     F               0         Blade 1 Z translation displacement, node 4, m
        130     1.51619434357E+001                                                     F               0         Blade 1 X translation displacement, node 5, m
        131    -7.39417433739E-001                                                     F               0         Blade 1 Y translation displacement, node 5, m
        132    -6.37613487244E+001                                                     F               0         Blade 1 Z translation displacement, node 5, m
        133     1.39400634766E+001                                                     F               0         Blade 1 X translation displacement, node 6, m
        134     1.56642138958E-001                                                     F               0         Blade 1 Y translation displacement, node 6, m
        135    -7.12800064087E+001                                                     F               0         Blade 1 Z translation displacement, node 6, m
        136     1.27181797028E+001                                                     F               0         Blade 1 X translation displacement, node 7, m
        137     1.05270457268E+000                                                     F               0         Blade 1 Y translation displacement, node 7, m
        138    -7.87986679077E+001                                                     F               0         Blade 1 Z translation displacement, node 7, m
        139     1.14960775375E+001                                                     F               0         Blade 1 X translation displacement, node 8, m
        140     1.94892752171E+000                                                     F               0         Blade 1 Y translation displacement, node 8, m
        141    -8.63186950684E+001                                                     F               0         Blade 1 Z translation displacement, node 8, m
        142     1.02741928101E+001                                                     F               0         Blade 1 X translation displacement, node 9, m
        143     2.84499049187E+000                                                     F               0         Blade 1 Y translation displacement, node 9, m
        144    -9.38373565674E+001                                                     F               0         Blade 1 Z translation displacement, node 9, m
        145     9.05231380463E+000                                                     F               0         Blade 1 X translation displacement, node 10, m
        146     3.74105000496E+000                                                     F               0         Blade 1 Y translation displacement, node 10, m
        147    -1.01356018066E+002                                                     F               0         Blade 1 Z translation displacement, node 10, m
        148     7.83042907715E+000                                                     F               0         Blade 1 X translation displacement, node 11, m
        149     4.63711261749E+000                                                     F               0         Blade 1 Y translation displacement, node 11, m
        150    -1.08874679565E+002                                                     F               0         Blade 1 Z translation displacement, node 11, m
        151     6.60833168030E+000                                                     F               0         Blade 1 X translation displacement, node 12, m
        152     5.53333282471E+000                                                     F               0         Blade 1 Y translation displacement, node 12, m
        153    -1.16394676208E+002                                                     F               0         Blade 1 Z translation displacement, node 12, m
        154     5.38644742966E+000                                                     F               0         Blade 1 X translation displacement, node 13, m
        155     6.42939519882E+000                                                     F               0         Blade 1 Y translation displacement, node 13, m
        156    -1.23913345337E+002                                                     F               0         Blade 1 Z translation displacement, node 13, m
        157     4.16456794739E+000                                                     F               0         Blade 1 X translation displacement, node 14, m
        158     7.32545518875E+000                                                     F               0         Blade 1 Y translation displacement, node 14, m
        159    -1.31432006836E+002                                                     F               0         Blade 1 Z translation displacement, node 14, m
        160     2.94246196747E+000                                                     F               0         Blade 1 X translation displacement, node 15, m
        161     8.22167968750E+000                                                     F               0         Blade 1 Y translation displacement, node 15, m
        162    -1.38952026367E+002                                                     F               0         Blade 1 Z translation displacement, node 15, m
        163     1.72058188915E+000                                                     F               0         Blade 1 X translation displacement, node 16, m
        164     9.11774063110E+000                                                     F               0         Blade 1 Y translation displacement, node 16, m
        165    -1.46470687866E+002                                                     F               0         Blade 1 Z translation displacement, node 16, m
        166     4.98696833849E-001                                                     F               0         Blade 1 X translation displacement, node 17, m
        167     1.00138034821E+001                                                     F               0         Blade 1 Y translation displacement, node 17, m
        168    -1.53989364624E+002                                                     F               0         Blade 1 Z translation displacement, node 17, m
        169    -7.23183691502E-001                                                     F               0         Blade 1 X translation displacement, node 18, m
        170     1.09098644257E+001                                                     F               0         Blade 1 Y translation displacement, node 18, m
        171    -1.61508026123E+002                                                     F               0         Blade 1 Z translation displacement, node 18, m
        172    -1.94528210163E+000                                                     F               0         Blade 1 X translation displacement, node 19, m
        173     1.18060836792E+001                                                     F               0         Blade 1 Y translation displacement, node 19, m
        174    -1.69028015137E+002                                                     F               0         Blade 1 Z translation displacement, node 19, m
        175    -3.16716718674E+000                                                     F               0         Blade 1 X translation displacement, node 20, m
        176     1.27021474838E+001                                                     F               0         Blade 1 Y translation displacement, node 20, m
        177    -1.76546676636E+002                                                     F               0         Blade 1 Z translation displacement, node 20, m
        178    -4.38904762268E+000                                                     F               0         Blade 1 X translation displacement, node 21, m
        179     1.35982074738E+001                                                     F               0         Blade 1 Y translation displacement, node 21, m
        180    -1.84065353394E+002                                                     F               0         Blade 1 Z translation displacement, node 21, m
        181    -5.61115074158E+000                                                     F               0         Blade 1 X translation displacement, node 22, m
        182     1.44944314957E+001                                                     F               0         Blade 1 Y translation displacement, node 22, m
        183    -1.91585372925E+002                                                     F               0         Blade 1 Z translation displacement, node 22, m
        184    -6.83303594589E+000                                                     F               0         Blade 1 X translation displacement, node 23, m
        185     1.53904943466E+001                                                     F               0         Blade 1 Y translation displacement, node 23, m
        186    -1.99104034424E+002                                                     F               0         Blade 1 Z translation displacement, node 23, m
        187    -8.05491638184E+000                                                     F               0         Blade 1 X translation displacement, node 24, m
        188     1.62865543365E+001                                                     F               0         Blade 1 Y translation displacement, node 24, m
        189    -2.06622695923E+002                                                     F               0         Blade 1 Z translation displacement, node 24, m
        190    -9.27679634094E+000                                                     F               0         Blade 1 X translation displacement, node 25, m
        191     1.71826152802E+001                                                     F               0         Blade 1 Y translation displacement, node 25, m
        192    -2.14141357422E+002                                                     F               0         Blade 1 Z translation displacement, node 25, m
        193    -1.04989004135E+001                                                     F               0         Blade 1 X translation displacement, node 26, m
        194     1.80788383484E+001                                                     F               0         Blade 1 Y translation displacement, node 26, m
        195    -2.21661376953E+002                                                     F               0         Blade 1 Z translation displacement, node 26, m
        196    -1.17207803726E+001                                                     F               0         Blade 1 X translation displacement, node 27, m
        197     1.89748973846E+001                                                     F               0         Blade 1 Y translation displacement, node 27, m
        198    -2.29180023193E+002                                                     F               0         Blade 1 Z translation displacement, node 27, m
        199    -1.27566757202E+001                                                     F               0         Blade 1 X translation displacement, node 28, m
        200     1.97345676422E+001                                                     F               0         Blade 1 Y translation displacement, node 28, m
        201    -2.35554229736E+002                                                     F               0         Blade 1 Z translation displacement, node 28, m
        202     8.21750760078E-001,   5.68119883537E-001,  -4.43335175514E-002         F               0         Blade 1 X orientation angle, node 1, rad
        203     5.29181063175E-001,  -7.89657831192E-001,  -3.10496181250E-001         F               0         Blade 1 Y orientation angle, node 1, rad
        204    -2.11407363415E-001,   2.31690019369E-001,  -9.49540257454E-001         F               0         Blade 1 Z orientation angle, node 1, rad
        205     8.21750760078E-001,   5.68119883537E-001,  -4.43335175514E-002         F               0         Blade 1 X orientation angle, node 2, rad
        206     5.29181063175E-001,  -7.89657831192E-001,  -3.10496181250E-001         F               0         Blade 1 Y orientation angle, node 2, rad
        207    -2.11407363415E-001,   2.31690019369E-001,  -9.49540257454E-001         F               0         Blade 1 Z orientation angle, node 2, rad
        208     9.23757255077E-001,   3.64777892828E-001,  -1.16660349071E-001         F               0         Blade 1 X orientation angle, node 3, rad
        209     3.19342255592E-001,  -9.01807546616E-001,  -2.91142076254E-001         F               0         Blade 1 Y orientation angle, node 3, rad
        210    -2.11407363415E-001,   2.31690019369E-001,  -9.49540257454E-001         F               0         Blade 1 Z orientation angle, node 3, rad
        211     9.36417460442E-001,   3.26374262571E-001,  -1.28849610686E-001         F               0         Blade 1 X orientation angle, node 4, rad
        212     2.80052334070E-001,  -9.16405797005E-001,  -2.85956501961E-001         F               0         Blade 1 Y orientation angle, node 4, rad
        213    -2.11407363415E-001,   2.31690019369E-001,  -9.49540257454E-001         F               0         Blade 1 Z orientation angle, node 4, rad
        214     9.45187807083E-001,   2.95811235905E-001,  -1.38259708881E-001         F               0         Blade 1 X orientation angle, node 5, rad
        215     2.48851284385E-001,  -9.26722943783E-001,  -2.81527251005E-001         F               0         Blade 1 Y orientation angle, node 5, rad
        216    -2.11407363415E-001,   2.31690019369E-001,  -9.49540257454E-001         F               0         Blade 1 Z orientation angle, node 5, rad
        217     9.51456189156E-001,   2.71124988794E-001,  -1.45678818226E-001         F               0         Blade 1 X orientation angle, node 6, rad
        218     2.23691761494E-001,  -9.34243559837E-001,  -2.77760744095E-001         F               0         Blade 1 Y orientation angle, node 6, rad
        219    -2.11407363415E-001,   2.31690019369E-001,  -9.49540257454E-001         F               0         Blade 1 Z orientation angle, node 6, rad
        220     9.56109583378E-001,   2.50680059195E-001,  -1.51703462005E-001         F               0         Blade 1 X orientation angle, node 7, rad
        221     2.02882617712E-001,  -9.39935743809E-001,  -2.74516671896E-001         F               0         Blade 1 Y orientation angle, node 7, rad
        222    -2.11407363415E-001,   2.31690019369E-001,  -9.49540257454E-001         F               0         Blade 1 Z orientation angle, node 7, rad
        223     9.59634482861E-001,   2.33578532934E-001,  -1.56661078334E-001         F               0         Blade 1 X orientation angle, node 8, rad
        224     1.85495406389E-001,  -9.44330871105E-001,  -2.71717965603E-001         F               0         Blade 1 Y orientation angle, node 8, rad
        225    -2.11407363415E-001,   2.31690019369E-001,  -9.49540257454E-001         F               0         Blade 1 Z orientation angle, node 8, rad
        226     9.62370216846E-001,   2.19047680497E-001,  -1.60815700889E-001         F               0         Blade 1 X orientation angle, node 9, rad
        227     1.70735165477E-001,  -9.47806835175E-001,  -2.69279956818E-001         F               0         Blade 1 Y orientation angle, node 9, rad
        228    -2.11407378316E-001,   2.31690108776E-001,  -9.49540197849E-001         F               0         Blade 1 Z orientation angle, node 9, rad
        229     9.64550197124E-001,   2.06456586719E-001,  -1.64373323321E-001         F               0         Blade 1 X orientation angle, node 10, rad
        230     1.57955169678E-001,  -9.50628936291E-001,  -2.67123103142E-001         F               0         Blade 1 Y orientation angle, node 10, rad
        231    -2.11407363415E-001,   2.31690019369E-001,  -9.49540257454E-001         F               0         Blade 1 Z orientation angle, node 10, rad
        232     9.66280043125E-001,   1.95658981800E-001,  -1.67393103242E-001         F               0         Blade 1 X orientation angle, node 11, rad
        233     1.47002771497E-001,  -9.52909886837E-001,  -2.65241205692E-001         F               0         Blade 1 Y orientation angle, node 11, rad
        234    -2.11407363415E-001,   2.31690034270E-001,  -9.49540257454E-001         F               0         Blade 1 Z orientation angle, node 11, rad
        235     9.67694640160E-001,   1.86169549823E-001,  -1.70023500919E-001         F               0         Blade 1 X orientation angle, node 12, rad
        236     1.37382730842E-001,  -9.54809188843E-001,  -2.63562798500E-001         F               0         Blade 1 Y orientation angle, node 12, rad
        237    -2.11407363415E-001,   2.31690019369E-001,  -9.49540257454E-001         F               0         Blade 1 Z orientation angle, node 12, rad
        238     9.68856692314E-001,   1.77830278873E-001,  -1.72317013144E-001         F               0         Blade 1 X orientation angle, node 13, rad
        239     1.28932878375E-001,  -9.56397473812E-001,  -2.62069046497E-001         F               0         Blade 1 Y orientation angle, node 13, rad
        240    -2.11407363415E-001,   2.31690019369E-001,  -9.49540257454E-001         F               0         Blade 1 Z orientation angle, node 13, rad
        241     9.69839394093E-001,   1.70313343406E-001,  -1.74369961023E-001         F               0         Blade 1 X orientation angle, node 14, rad
        242     1.21319599450E-001,  -9.57764625549E-001,  -2.60707587004E-001         F               0         Blade 1 Y orientation angle, node 14, rad
        243    -2.11407363415E-001,   2.31690004468E-001,  -9.49540257454E-001         F               0         Blade 1 Z orientation angle, node 14, rad
        244     9.70662713051E-001,   1.63622811437E-001,  -1.76185771823E-001         F               0         Blade 1 X orientation angle, node 15, rad
        245     1.14545933902E-001,  -9.58930253983E-001,  -2.59484022856E-001         F               0         Blade 1 Y orientation angle, node 15, rad
        246    -2.11407378316E-001,   2.31690108776E-001,  -9.49540197849E-001         F               0         Blade 1 Z orientation angle, node 15, rad
        247     9.71363306046E-001,   1.57594472170E-001,  -1.77812680602E-001         F               0         Blade 1 X orientation angle, node 16, rad
