
Linearized model: Predictions were generated on 06-Feb-2024 at 08:44:08 using OpenFAST, compiled as a 64-bit application using single precision at commit v3.5.1
 linked with  NWTC Subroutine Library; ElastoDyn; InflowWind; AeroDyn; ServoDyn; HydroDyn; MAP++ (<1.20.10>, <Oct-20-2023>)

Description from the FAST input file: CCT-9 Campign 4 model. Input files to be run with OpenFAST 3.5.0. GitHub branch from Lu Wang (https://github.com/luwang00/openfast/tree/dev) compiled on March 7, 2023.

Simulation information:
   Simulation time:                  2500.0000 s
   Rotor Speed:                         0.8859 rad/s
   Azimuth:                             3.1506 rad
   Wind Speed:                         10.0000 m/s
   Number of continuous states:         0
   Number of discrete states:           0
   Number of constraint states:         0
   Number of inputs:                 1746
   Number of outputs:                   4
   Jacobians included in this file?    No

Order of inputs:
     Column   Operating Point                     Rotating Frame? Derivative Order Description
   ---------- ---------------                     --------------- ---------------- -----------
          1    1.391E+01                                 F               0         Tower X translation displacement, node 1, m
          2    4.209E-02                                 F               0         Tower Y translation displacement, node 1, m
          3   -1.894E-01                                 F               0         Tower Z translation displacement, node 1, m
          4    1.488E+01                                 F               0         Tower X translation displacement, node 2, m
          5    5.359E-02                                 F               0         Tower Y translation displacement, node 2, m
          6   -2.279E-01                                 F               0         Tower Z translation displacement, node 2, m
          7    1.588E+01                                 F               0         Tower X translation displacement, node 3, m
          8    6.526E-02                                 F               0         Tower Y translation displacement, node 3, m
          9   -2.681E-01                                 F               0         Tower Z translation displacement, node 3, m
         10    1.689E+01                                 F               0         Tower X translation displacement, node 4, m
         11    7.706E-02                                 F               0         Tower Y translation displacement, node 4, m
         12   -3.095E-01                                 F               0         Tower Z translation displacement, node 4, m
         13    1.791E+01                                 F               0         Tower X translation displacement, node 5, m
         14    8.897E-02                                 F               0         Tower Y translation displacement, node 5, m
         15   -3.519E-01                                 F               0         Tower Z translation displacement, node 5, m
         16    1.894E+01                                 F               0         Tower X translation displacement, node 6, m
         17    1.010E-01                                 F               0         Tower Y translation displacement, node 6, m
         18   -3.952E-01                                 F               0         Tower Z translation displacement, node 6, m
         19    1.998E+01                                 F               0         Tower X translation displacement, node 7, m
         20    1.131E-01                                 F               0         Tower Y translation displacement, node 7, m
         21   -4.390E-01                                 F               0         Tower Z translation displacement, node 7, m
         22    2.103E+01                                 F               0         Tower X translation displacement, node 8, m
         23    1.252E-01                                 F               0         Tower Y translation displacement, node 8, m
         24   -4.834E-01                                 F               0         Tower Z translation displacement, node 8, m
         25    2.208E+01                                 F               0         Tower X translation displacement, node 9, m
         26    1.374E-01                                 F               0         Tower Y translation displacement, node 9, m
         27   -5.281E-01                                 F               0         Tower Z translation displacement, node 9, m
         28    2.313E+01                                 F               0         Tower X translation displacement, node 10, m
         29    1.496E-01                                 F               0         Tower Y translation displacement, node 10, m
         30   -5.730E-01                                 F               0         Tower Z translation displacement, node 10, m
         31    2.418E+01                                 F               0         Tower X translation displacement, node 11, m
         32    1.619E-01                                 F               0         Tower Y translation displacement, node 11, m
         33   -6.180E-01                                 F               0         Tower Z translation displacement, node 11, m
         34    9.969E-01,  9.604E-04, -7.829E-02         F               0         Tower X orientation angle, node 1, rad
         35   -1.030E-03,  1.000E+00, -8.476E-04         F               0         Tower Y orientation angle, node 1, rad
         36    7.828E-02,  9.256E-04,  9.969E-01         F               0         Tower Z orientation angle, node 1, rad
         37    9.968E-01,  9.589E-04, -7.982E-02         F               0         Tower X orientation angle, node 2, rad
         38   -1.031E-03,  1.000E+00, -8.588E-04         F               0         Tower Y orientation angle, node 2, rad
         39    7.982E-02,  9.383E-04,  9.968E-01         F               0         Tower Z orientation angle, node 2, rad
         40    9.967E-01,  9.577E-04, -8.116E-02         F               0         Tower X orientation angle, node 3, rad
         41   -1.032E-03,  1.000E+00, -8.688E-04         F               0         Tower Y orientation angle, node 3, rad
         42    8.116E-02,  9.497E-04,  9.967E-01         F               0         Tower Z orientation angle, node 3, rad
         43    9.966E-01,  9.566E-04, -8.228E-02         F               0         Tower X orientation angle, node 4, rad
         44   -1.032E-03,  1.000E+00, -8.776E-04         F               0         Tower Y orientation angle, node 4, rad
         45    8.228E-02,  9.596E-04,  9.966E-01         F               0         Tower Z orientation angle, node 4, rad
         46    9.965E-01,  9.557E-04, -8.319E-02         F               0         Tower X orientation angle, node 5, rad
         47   -1.033E-03,  1.000E+00, -8.851E-04         F               0         Tower Y orientation angle, node 5, rad
         48    8.319E-02,  9.680E-04,  9.965E-01         F               0         Tower Z orientation angle, node 5, rad
         49    9.965E-01,  9.550E-04, -8.391E-02         F               0         Tower X orientation angle, node 6, rad
         50   -1.033E-03,  1.000E+00, -8.914E-04         F               0         Tower Y orientation angle, node 6, rad
         51    8.391E-02,  9.750E-04,  9.965E-01         F               0         Tower Z orientation angle, node 6, rad
         52    9.964E-01,  9.545E-04, -8.444E-02         F               0         Tower X orientation angle, node 7, rad
         53   -1.034E-03,  1.000E+00, -8.965E-04         F               0         Tower Y orientation angle, node 7, rad
         54    8.444E-02,  9.806E-04,  9.964E-01         F               0         Tower Z orientation angle, node 7, rad
         55    9.964E-01,  9.541E-04, -8.482E-02         F               0         Tower X orientation angle, node 8, rad
         56   -1.034E-03,  1.000E+00, -9.004E-04         F               0         Tower Y orientation angle, node 8, rad
         57    8.482E-02,  9.848E-04,  9.964E-01         F               0         Tower Z orientation angle, node 8, rad
         58    9.964E-01,  9.538E-04, -8.508E-02         F               0         Tower X orientation angle, node 9, rad
         59   -1.034E-03,  1.000E+00, -9.032E-04         F               0         Tower Y orientation angle, node 9, rad
         60    8.508E-02,  9.880E-04,  9.964E-01         F               0         Tower Z orientation angle, node 9, rad
         61    9.964E-01,  9.537E-04, -8.523E-02         F               0         Tower X orientation angle, node 10, rad
         62   -1.035E-03,  1.000E+00, -9.051E-04         F               0         Tower Y orientation angle, node 10, rad
         63    8.523E-02,  9.900E-04,  9.964E-01         F               0         Tower Z orientation angle, node 10, rad
         64    9.964E-01,  9.536E-04, -8.531E-02         F               0         Tower X orientation angle, node 11, rad
         65   -1.035E-03,  1.000E+00, -9.061E-04         F               0         Tower Y orientation angle, node 11, rad
         66    8.531E-02,  9.911E-04,  9.964E-01         F               0         Tower Z orientation angle, node 11, rad
         67    5.604E-04                                 F               0         Tower X translation velocity, node 1, m/s
         68    9.898E-03                                 F               0         Tower Y translation velocity, node 1, m/s
         69    2.532E-03                                 F               0         Tower Z translation velocity, node 1, m/s
         70    6.773E-04                                 F               0         Tower X translation velocity, node 2, m/s
         71    1.666E-02                                 F               0         Tower Y translation velocity, node 2, m/s
         72    2.517E-03                                 F               0         Tower Z translation velocity, node 2, m/s
         73    7.259E-04                                 F               0         Tower X translation velocity, node 3, m/s
         74    2.354E-02                                 F               0         Tower Y translation velocity, node 3, m/s
         75    2.506E-03                                 F               0         Tower Z translation velocity, node 3, m/s
         76    7.193E-04                                 F               0         Tower X translation velocity, node 4, m/s
         77    3.051E-02                                 F               0         Tower Y translation velocity, node 4, m/s
         78    2.500E-03                                 F               0         Tower Z translation velocity, node 4, m/s
         79    6.637E-04                                 F               0         Tower X translation velocity, node 5, m/s
         80    3.757E-02                                 F               0         Tower Y translation velocity, node 5, m/s
         81    2.498E-03                                 F               0         Tower Z translation velocity, node 5, m/s
         82    5.655E-04                                 F               0         Tower X translation velocity, node 6, m/s
         83    4.470E-02                                 F               0         Tower Y translation velocity, node 6, m/s
         84    2.499E-03                                 F               0         Tower Z translation velocity, node 6, m/s
         85    4.337E-04                                 F               0         Tower X translation velocity, node 7, m/s
         86    5.188E-02                                 F               0         Tower Y translation velocity, node 7, m/s
         87    2.503E-03                                 F               0         Tower Z translation velocity, node 7, m/s
         88    2.713E-04                                 F               0         Tower X translation velocity, node 8, m/s
         89    5.910E-02                                 F               0         Tower Y translation velocity, node 8, m/s
         90    2.510E-03                                 F               0         Tower Z translation velocity, node 8, m/s
         91    8.512E-05                                 F               0         Tower X translation velocity, node 9, m/s
         92    6.637E-02                                 F               0         Tower Y translation velocity, node 9, m/s
         93    2.518E-03                                 F               0         Tower Z translation velocity, node 9, m/s
         94   -1.182E-04                                 F               0         Tower X translation velocity, node 10, m/s
         95    7.366E-02                                 F               0         Tower Y translation velocity, node 10, m/s
         96    2.529E-03                                 F               0         Tower Z translation velocity, node 10, m/s
         97   -3.321E-04                                 F               0         Tower X translation velocity, node 11, m/s
         98    8.096E-02                                 F               0         Tower Y translation velocity, node 11, m/s
         99    2.540E-03                                 F               0         Tower Z translation velocity, node 11, m/s
        100    2.489E+01                                 F               0         Hub X translation displacement, node 1, m
        101    1.593E-01                                 F               0         Hub Y translation displacement, node 1, m
        102    2.748E-01                                 F               0         Hub Z translation displacement, node 1, m
        103    9.820E-01,  8.448E-04, -1.890E-01         F               0         Hub X orientation angle, node 1, rad
        104   -6.654E-04, -1.000E+00, -7.927E-03         F               0         Hub Y orientation angle, node 1, rad
        105   -1.890E-01,  7.910E-03, -9.819E-01         F               0         Hub Z orientation angle, node 1, rad
        106    8.693E-01                                 F               0         Hub X rotation velocity, node 1, rad/s
        107    7.310E-04                                 F               0         Hub Y rotation velocity, node 1, rad/s
        108   -1.672E-01                                 F               0         Hub Z rotation velocity, node 1, rad/s
        109    9.816E-01,  3.051E-02, -1.887E-01         F               0         Blade root 1 X orientation angle, node 1, rad
        110    2.847E-02, -9.995E-01, -1.353E-02         F               0         Blade root 1 Y orientation angle, node 1, rad
        111   -1.890E-01,  7.910E-03, -9.819E-01         F               0         Blade root 1 Z orientation angle, node 1, rad
        112    9.864E-01, -1.419E-02, -1.638E-01         F               0         Blade root 2 X orientation angle, node 1, rad
        113   -1.341E-01,  5.066E-01, -8.517E-01         F               0         Blade root 2 Y orientation angle, node 1, rad
        114    9.507E-02,  8.620E-01,  4.978E-01         F               0         Blade root 2 Z orientation angle, node 1, rad
        115    9.767E-01, -1.379E-02, -2.143E-01         F               0         Blade root 3 X orientation angle, node 1, rad
        116    1.931E-01,  4.929E-01,  8.484E-01         F               0         Blade root 3 Y orientation angle, node 1, rad
        117    9.392E-02, -8.700E-01,  4.841E-01         F               0         Blade root 3 Z orientation angle, node 1, rad
        118    2.327E+01                                 F               0         Blade 1 X translation displacement, node 1, m
        119    2.032E-01                                 F               0         Blade 1 Y translation displacement, node 1, m
        120   -1.067E+01                                 F               0         Blade 1 Z translation displacement, node 1, m
        121    2.288E+01                                 F               0         Blade 1 X translation displacement, node 2, m
        122    2.137E-01                                 F               0         Blade 1 Y translation displacement, node 2, m
        123   -1.331E+01                                 F               0         Blade 1 Z translation displacement, node 2, m
        124    1.755E+01                                 F               0         Blade 1 X translation displacement, node 3, m
        125    3.573E-01                                 F               0         Blade 1 Y translation displacement, node 3, m
        126   -4.919E+01                                 F               0         Blade 1 Z translation displacement, node 3, m
        127    1.641E+01                                 F               0         Blade 1 X translation displacement, node 4, m
        128    3.879E-01                                 F               0         Blade 1 Y translation displacement, node 4, m
        129   -5.683E+01                                 F               0         Blade 1 Z translation displacement, node 4, m
        130    1.528E+01                                 F               0         Blade 1 X translation displacement, node 5, m
        131    4.185E-01                                 F               0         Blade 1 Y translation displacement, node 5, m
        132   -6.448E+01                                 F               0         Blade 1 Z translation displacement, node 5, m
        133    1.414E+01                                 F               0         Blade 1 X translation displacement, node 6, m
        134    4.491E-01                                 F               0         Blade 1 Y translation displacement, node 6, m
        135   -7.212E+01                                 F               0         Blade 1 Z translation displacement, node 6, m
        136    1.301E+01                                 F               0         Blade 1 X translation displacement, node 7, m
        137    4.797E-01                                 F               0         Blade 1 Y translation displacement, node 7, m
        138   -7.977E+01                                 F               0         Blade 1 Z translation displacement, node 7, m
        139    1.187E+01                                 F               0         Blade 1 X translation displacement, node 8, m
        140    5.103E-01                                 F               0         Blade 1 Y translation displacement, node 8, m
        141   -8.741E+01                                 F               0         Blade 1 Z translation displacement, node 8, m
        142    1.074E+01                                 F               0         Blade 1 X translation displacement, node 9, m
        143    5.409E-01                                 F               0         Blade 1 Y translation displacement, node 9, m
        144   -9.506E+01                                 F               0         Blade 1 Z translation displacement, node 9, m
        145    9.601E+00                                 F               0         Blade 1 X translation displacement, node 10, m
        146    5.715E-01                                 F               0         Blade 1 Y translation displacement, node 10, m
        147   -1.027E+02                                 F               0         Blade 1 Z translation displacement, node 10, m
        148    8.466E+00                                 F               0         Blade 1 X translation displacement, node 11, m
        149    6.020E-01                                 F               0         Blade 1 Y translation displacement, node 11, m
        150   -1.103E+02                                 F               0         Blade 1 Z translation displacement, node 11, m
        151    7.331E+00                                 F               0         Blade 1 X translation displacement, node 12, m
        152    6.326E-01                                 F               0         Blade 1 Y translation displacement, node 12, m
        153   -1.180E+02                                 F               0         Blade 1 Z translation displacement, node 12, m
        154    6.195E+00                                 F               0         Blade 1 X translation displacement, node 13, m
        155    6.632E-01                                 F               0         Blade 1 Y translation displacement, node 13, m
        156   -1.256E+02                                 F               0         Blade 1 Z translation displacement, node 13, m
        157    5.060E+00                                 F               0         Blade 1 X translation displacement, node 14, m
        158    6.938E-01                                 F               0         Blade 1 Y translation displacement, node 14, m
        159   -1.333E+02                                 F               0         Blade 1 Z translation displacement, node 14, m
        160    3.925E+00                                 F               0         Blade 1 X translation displacement, node 15, m
        161    7.244E-01                                 F               0         Blade 1 Y translation displacement, node 15, m
        162   -1.409E+02                                 F               0         Blade 1 Z translation displacement, node 15, m
        163    2.790E+00                                 F               0         Blade 1 X translation displacement, node 16, m
        164    7.550E-01                                 F               0         Blade 1 Y translation displacement, node 16, m
        165   -1.486E+02                                 F               0         Blade 1 Z translation displacement, node 16, m
        166    1.654E+00                                 F               0         Blade 1 X translation displacement, node 17, m
        167    7.856E-01                                 F               0         Blade 1 Y translation displacement, node 17, m
        168   -1.562E+02                                 F               0         Blade 1 Z translation displacement, node 17, m
        169    5.192E-01                                 F               0         Blade 1 X translation displacement, node 18, m
        170    8.162E-01                                 F               0         Blade 1 Y translation displacement, node 18, m
        171   -1.639E+02                                 F               0         Blade 1 Z translation displacement, node 18, m
        172   -6.161E-01                                 F               0         Blade 1 X translation displacement, node 19, m
        173    8.468E-01                                 F               0         Blade 1 Y translation displacement, node 19, m
        174   -1.715E+02                                 F               0         Blade 1 Z translation displacement, node 19, m
        175   -1.751E+00                                 F               0         Blade 1 X translation displacement, node 20, m
        176    8.774E-01                                 F               0         Blade 1 Y translation displacement, node 20, m
        177   -1.791E+02                                 F               0         Blade 1 Z translation displacement, node 20, m
        178   -2.887E+00                                 F               0         Blade 1 X translation displacement, node 21, m
        179    9.080E-01                                 F               0         Blade 1 Y translation displacement, node 21, m
        180   -1.868E+02                                 F               0         Blade 1 Z translation displacement, node 21, m
        181   -4.022E+00                                 F               0         Blade 1 X translation displacement, node 22, m
        182    9.386E-01                                 F               0         Blade 1 Y translation displacement, node 22, m
        183   -1.944E+02                                 F               0         Blade 1 Z translation displacement, node 22, m
        184   -5.157E+00                                 F               0         Blade 1 X translation displacement, node 23, m
        185    9.692E-01                                 F               0         Blade 1 Y translation displacement, node 23, m
        186   -2.021E+02                                 F               0         Blade 1 Z translation displacement, node 23, m
        187   -6.292E+00                                 F               0         Blade 1 X translation displacement, node 24, m
        188    9.998E-01                                 F               0         Blade 1 Y translation displacement, node 24, m
        189   -2.097E+02                                 F               0         Blade 1 Z translation displacement, node 24, m
        190   -7.427E+00                                 F               0         Blade 1 X translation displacement, node 25, m
        191    1.030E+00                                 F               0         Blade 1 Y translation displacement, node 25, m
        192   -2.174E+02                                 F               0         Blade 1 Z translation displacement, node 25, m
        193   -8.563E+00                                 F               0         Blade 1 X translation displacement, node 26, m
        194    1.061E+00                                 F               0         Blade 1 Y translation displacement, node 26, m
        195   -2.250E+02                                 F               0         Blade 1 Z translation displacement, node 26, m
        196   -9.698E+00                                 F               0         Blade 1 X translation displacement, node 27, m
        197    1.092E+00                                 F               0         Blade 1 Y translation displacement, node 27, m
        198   -2.327E+02                                 F               0         Blade 1 Z translation displacement, node 27, m
        199   -1.066E+01                                 F               0         Blade 1 X translation displacement, node 28, m
        200    1.117E+00                                 F               0         Blade 1 Y translation displacement, node 28, m
        201   -2.391E+02                                 F               0         Blade 1 Z translation displacement, node 28, m
        202    8.606E-01,  4.829E-01, -1.617E-01         F               0         Blade 1 X orientation angle, node 1, rad
        203    4.729E-01, -8.756E-01, -9.808E-02         F               0         Blade 1 Y orientation angle, node 1, rad
        204   -1.890E-01,  7.910E-03, -9.819E-01         F               0         Blade 1 Z orientation angle, node 1, rad
        205    8.606E-01,  4.829E-01, -1.617E-01         F               0         Blade 1 X orientation angle, node 2, rad
        206    4.729E-01, -8.756E-01, -9.808E-02         F               0         Blade 1 Y orientation angle, node 2, rad
        207   -1.890E-01,  7.910E-03, -9.819E-01         F               0         Blade 1 Z orientation angle, node 2, rad
        208    9.482E-01,  2.616E-01, -1.804E-01         F               0         Blade 1 X orientation angle, node 3, rad
        209    2.555E-01, -9.651E-01, -5.695E-02         F               0         Blade 1 Y orientation angle, node 3, rad
        210   -1.890E-01,  7.910E-03, -9.819E-01         F               0         Blade 1 Z orientation angle, node 3, rad
        211    9.581E-01,  2.207E-01, -1.826E-01         F               0         Blade 1 X orientation angle, node 4, rad
        212    2.152E-01, -9.753E-01, -4.928E-02         F               0         Blade 1 Y orientation angle, node 4, rad
        213   -1.890E-01,  7.910E-03, -9.819E-01         F               0         Blade 1 Z orientation angle, node 4, rad
        214    9.647E-01,  1.882E-01, -1.842E-01         F               0         Blade 1 X orientation angle, node 5, rad
        215    1.834E-01, -9.821E-01, -4.320E-02         F               0         Blade 1 Y orientation angle, node 5, rad
        216   -1.890E-01,  7.910E-03, -9.819E-01         F               0         Blade 1 Z orientation angle, node 5, rad
        217    9.692E-01,  1.621E-01, -1.852E-01         F               0         Blade 1 X orientation angle, node 6, rad
        218    1.577E-01, -9.867E-01, -3.830E-02         F               0         Blade 1 Y orientation angle, node 6, rad
        219   -1.890E-01,  7.910E-03, -9.819E-01         F               0         Blade 1 Z orientation angle, node 6, rad
        220    9.724E-01,  1.405E-01, -1.860E-01         F               0         Blade 1 X orientation angle, node 7, rad
        221    1.365E-01, -9.900E-01, -3.425E-02         F               0         Blade 1 Y orientation angle, node 7, rad
        222   -1.890E-01,  7.910E-03, -9.819E-01         F               0         Blade 1 Z orientation angle, node 7, rad
        223    9.748E-01,  1.225E-01, -1.866E-01         F               0         Blade 1 X orientation angle, node 8, rad
        224    1.188E-01, -9.924E-01, -3.087E-02         F               0         Blade 1 Y orientation angle, node 8, rad
        225   -1.890E-01,  7.910E-03, -9.819E-01         F               0         Blade 1 Z orientation angle, node 8, rad
        226    9.765E-01,  1.073E-01, -1.871E-01         F               0         Blade 1 X orientation angle, node 9, rad
        227    1.039E-01, -9.942E-01, -2.800E-02         F               0         Blade 1 Y orientation angle, node 9, rad
        228   -1.890E-01,  7.910E-03, -9.819E-01         F               0         Blade 1 Z orientation angle, node 9, rad
        229    9.778E-01,  9.408E-02, -1.874E-01         F               0         Blade 1 X orientation angle, node 10, rad
        230    9.090E-02, -9.955E-01, -2.551E-02         F               0         Blade 1 Y orientation angle, node 10, rad
        231   -1.890E-01,  7.910E-03, -9.819E-01         F               0         Blade 1 Z orientation angle, node 10, rad
        232    9.787E-01,  8.278E-02, -1.877E-01         F               0         Blade 1 X orientation angle, node 11, rad
        233    7.980E-02, -9.965E-01, -2.339E-02         F               0         Blade 1 Y orientation angle, node 11, rad
        234   -1.890E-01,  7.910E-03, -9.819E-01         F               0         Blade 1 Z orientation angle, node 11, rad
        235    9.795E-01,  7.286E-02, -1.879E-01         F               0         Blade 1 X orientation angle, node 12, rad
        236    7.006E-02, -9.973E-01, -2.152E-02         F               0         Blade 1 Y orientation angle, node 12, rad
        237   -1.890E-01,  7.910E-03, -9.819E-01         F               0         Blade 1 Z orientation angle, node 12, rad
        238    9.801E-01,  6.415E-02, -1.881E-01         F               0         Blade 1 X orientation angle, node 13, rad
        239    6.151E-02, -9.979E-01, -1.988E-02         F               0         Blade 1 Y orientation angle, node 13, rad
        240   -1.890E-01,  7.910E-03, -9.819E-01         F               0         Blade 1 Z orientation angle, node 13, rad
        241    9.805E-01,  5.631E-02, -1.883E-01         F               0         Blade 1 X orientation angle, node 14, rad
        242    5.381E-02, -9.984E-01, -1.840E-02         F               0         Blade 1 Y orientation angle, node 14, rad
        243   -1.890E-01,  7.910E-03, -9.819E-01         F               0         Blade 1 Z orientation angle, node 14, rad
        244    9.809E-01,  4.934E-02, -1.884E-01         F               0         Blade 1 X orientation angle, node 15, rad
        245    4.696E-02, -9.988E-01, -1.708E-02         F               0         Blade 1 Y orientation angle, node 15, rad
        246   -1.890E-01,  7.910E-03, -9.819E-01         F               0         Blade 1 Z orientation angle, node 15, rad
        247    9.811E-01,  4.307E-02, -1.885E-01         F               0         Blade 1 X orientation angle, node 16, rad
        248    4.080E-02, -9.990E-01, -1.590E-02         F               0         Blade 1 Y orientation angle, node 16, rad
        249   -1.890E-01,  7.910E-03, -9.819E-01         F               0         Blade 1 Z orientation angle, node 16, rad
        250    9.813E-01,  3.749E-02, -1.886E-01         F               0         Blade 1 X orientation angle, node 17, rad
        251    3.532E-02, -9.993E-01, -1.485E-02         F               0         Blade 1 Y orientation angle, node 17, rad
        252   -1.890E-01,  7.910E-03, -9.819E-01         F               0         Blade 1 Z orientation angle, node 17, rad
        253    9.815E-01,  3.225E-02, -1.886E-01         F               0         Blade 1 X orientation angle, node 18, rad
        254    3.018E-02, -9.994E-01, -1.386E-02         F               0         Blade 1 Y orientation angle, node 18, rad
        255   -1.890E-01,  7.910E-03, -9.819E-01         F               0         Blade 1 Z orientation angle, node 18, rad
        256    9.816E-01,  2.754E-02, -1.887E-01         F               0         Blade 1 X orientation angle, node 19, rad
        257    2.555E-02, -9.996E-01, -1.297E-02         F               0         Blade 1 Y orientation angle, node 19, rad
        258   -1.890E-01,  7.910E-03, -9.819E-01         F               0         Blade 1 Z orientation angle, node 19, rad
        259    9.817E-01,  2.336E-02, -1.888E-01         F               0         Blade 1 X orientation angle, node 20, rad
        260    2.144E-02, -9.997E-01, -1.218E-02         F               0         Blade 1 Y orientation angle, node 20, rad
        261   -1.890E-01,  7.910E-03, -9.819E-01         F               0         Blade 1 Z orientation angle, node 20, rad
        262    9.818E-01,  1.934E-02, -1.888E-01         F               0         Blade 1 X orientation angle, node 21, rad
        263    1.750E-02, -9.998E-01, -1.142E-02         F               0         Blade 1 Y orientation angle, node 21, rad
        264   -1.890E-01,  7.910E-03, -9.819E-01         F               0         Blade 1 Z orientation angle, node 21, rad
        265    9.819E-01,  1.568E-02, -1.889E-01         F               0         Blade 1 X orientation angle, node 22, rad
        266    1.390E-02, -9.998E-01, -1.073E-02         F               0         Blade 1 Y orientation angle, node 22, rad
        267   -1.890E-01,  7.910E-03, -9.819E-01         F               0         Blade 1 Z orientation angle, node 22, rad
        268    9.819E-01,  1.236E-02, -1.889E-01         F               0         Blade 1 X orientation angle, node 23, rad
        269    1.065E-02, -9.999E-01, -1.010E-02         F               0         Blade 1 Y orientation angle, node 23, rad
        270   -1.890E-01,  7.910E-03, -9.819E-01         F               0         Blade 1 Z orientation angle, node 23, rad
        271    9.819E-01,  9.222E-03, -1.889E-01         F               0         Blade 1 X orientation angle, node 24, rad
        272    7.561E-03, -9.999E-01, -9.510E-03         F               0         Blade 1 Y orientation angle, node 24, rad
        273   -1.890E-01,  7.910E-03, -9.819E-01         F               0         Blade 1 Z orientation angle, node 24, rad
        274    9.820E-01,  6.255E-03, -1.889E-01         F               0         Blade 1 X orientation angle, node 25, rad
        275    4.648E-03, -9.999E-01, -8.949E-03         F               0         Blade 1 Y orientation angle, node 25, rad
        276   -1.890E-01,  7.910E-03, -9.819E-01         F               0         Blade 1 Z orientation angle, node 25, rad
        277    9.820E-01,  3.637E-03, -1.890E-01         F               0         Blade 1 X orientation angle, node 26, rad
        278    2.077E-03, -1.000E+00, -8.455E-03         F               0         Blade 1 Y orientation angle, node 26, rad
        279   -1.890E-01,  7.910E-03, -9.819E-01         F               0         Blade 1 Z orientation angle, node 26, rad
        280    9.820E-01,  1.019E-03, -1.890E-01         F               0         Blade 1 X orientation angle, node 27, rad
        281   -4.940E-04, -1.000E+00, -7.960E-03         F               0         Blade 1 Y orientation angle, node 27, rad
        282   -1.890E-01,  7.910E-03, -9.819E-01         F               0         Blade 1 Z orientation angle, node 27, rad
        283    9.820E-01, -3.769E-04, -1.890E-01         F               0         Blade 1 X orientation angle, node 28, rad
        284   -1.865E-03, -1.000E+00, -7.696E-03         F               0         Blade 1 Y orientation angle, node 28, rad
        285   -1.890E-01,  7.910E-03, -9.819E-01         F               0         Blade 1 Z orientation angle, node 28, rad
        286    2.868E-03                                 F               0         Blade 1 X translation velocity, node 1, m/s
        287    4.988E+00                                 F               0         Blade 1 Y translation velocity, node 1, m/s
        288    4.123E-02                                 F               0         Blade 1 Z translation velocity, node 1, m/s
        289    3.675E-03                                 F               0         Blade 1 X translation velocity, node 2, m/s
        290    6.170E+00                                 F               0         Blade 1 Y translation velocity, node 2, m/s
        291    5.059E-02                                 F               0         Blade 1 Z translation velocity, node 2, m/s
        292    1.465E-02                                 F               0         Blade 1 X translation velocity, node 3, m/s
        293    2.224E+01                                 F               0         Blade 1 Y translation velocity, node 3, m/s
        294    1.779E-01                                 F               0         Blade 1 Z translation velocity, node 3, m/s
        295    1.699E-02                                 F               0         Blade 1 X translation velocity, node 4, m/s
        296    2.566E+01                                 F               0         Blade 1 Y translation velocity, node 4, m/s
        297    2.050E-01                                 F               0         Blade 1 Z translation velocity, node 4, m/s
        298    1.933E-02                                 F               0         Blade 1 X translation velocity, node 5, m/s
        299    2.909E+01                                 F               0         Blade 1 Y translation velocity, node 5, m/s
        300    2.322E-01                                 F               0         Blade 1 Z translation velocity, node 5, m/s
        301    2.167E-02                                 F               0         Blade 1 X translation velocity, node 6, m/s
        302    3.251E+01                                 F               0         Blade 1 Y translation velocity, node 6, m/s
        303    2.593E-01                                 F               0         Blade 1 Z translation velocity, node 6, m/s
        304    2.401E-02                                 F               0         Blade 1 X translation velocity, node 7, m/s
        305    3.593E+01                                 F               0         Blade 1 Y translation velocity, node 7, m/s
        306    2.864E-01                                 F               0         Blade 1 Z translation velocity, node 7, m/s
        307    2.635E-02                                 F               0         Blade 1 X translation velocity, node 8, m/s
