
Linearized model: Predictions were generated on 13-Feb-2024 at 12:12:09 using OpenFAST, compiled as a 64-bit application using single precision at commit v3.5.1
 linked with  NWTC Subroutine Library; ElastoDyn; InflowWind; AeroDyn; ServoDyn; HydroDyn; MAP++ (<1.20.10>, <Oct-20-2023>)

Description from the FAST input file: CCT-9 Campign 4 model. Input files to be run with OpenFAST 3.5.0. GitHub branch from Lu Wang (https://github.com/luwang00/openfast/tree/dev) compiled on March 7, 2023.

Simulation information:
   Simulation time:                   771.1000 s
   Rotor Speed:                         0.7920 rad/s
   Azimuth:                             0.5262 rad
   Wind Speed:                         24.0000 m/s
   Number of continuous states:         0
   Number of discrete states:           0
   Number of constraint states:         0
   Number of inputs:                 1746
   Number of outputs:                   4
   Jacobians included in this file?    No

Order of inputs:
     Column   Operating Point                                                   Rotating Frame? Derivative Order Description
   ---------- ---------------                                                   --------------- ---------------- -----------
          1     8.55346202850E+000                                                     F               0         Tower X translation displacement, node 1, m
          2    -1.82812678814E+000                                                     F               0         Tower Y translation displacement, node 1, m
          3    -2.15500503778E-001                                                     F               0         Tower Z translation displacement, node 1, m
          4     9.72620296478E+000                                                     F               0         Tower X translation displacement, node 2, m
          5    -2.50470542908E+000                                                     F               0         Tower Y translation displacement, node 2, m
          6    -2.89911746979E-001                                                     F               0         Tower Z translation displacement, node 2, m
          7     1.09178657532E+001                                                     F               0         Tower X translation displacement, node 3, m
          8    -3.18898010254E+000                                                     F               0         Tower Y translation displacement, node 3, m
          9    -3.66566866636E-001                                                     F               0         Tower Z translation displacement, node 3, m
         10     1.21237459183E+001                                                     F               0         Tower X translation displacement, node 4, m
         11    -3.87958908081E+000                                                     F               0         Tower Y translation displacement, node 4, m
         12    -4.44964826107E-001                                                     F               0         Tower Z translation displacement, node 4, m
         13     1.33412351608E+001                                                     F               0         Tower X translation displacement, node 5, m
         14    -4.57592487335E+000                                                     F               0         Tower Y translation displacement, node 5, m
         15    -5.24829149246E-001                                                     F               0         Tower Z translation displacement, node 5, m
         16     1.45678930283E+001                                                     F               0         Tower X translation displacement, node 6, m
         17    -5.27734375000E+000                                                     F               0         Tower Y translation displacement, node 6, m
         18    -6.05906486511E-001                                                     F               0         Tower Z translation displacement, node 6, m
         19     1.58010663986E+001                                                     F               0         Tower X translation displacement, node 7, m
         20    -5.98284530640E+000                                                     F               0         Tower Y translation displacement, node 7, m
         21    -6.87856376171E-001                                                     F               0         Tower Z translation displacement, node 7, m
         22     1.70395126343E+001                                                     F               0         Tower X translation displacement, node 8, m
         23    -6.69210529327E+000                                                     F               0         Tower Y translation displacement, node 8, m
         24    -7.70566105843E-001                                                     F               0         Tower Z translation displacement, node 8, m
         25     1.82815647125E+001                                                     F               0         Tower X translation displacement, node 9, m
         26    -7.40434741974E+000                                                     F               0         Tower Y translation displacement, node 9, m
         27    -8.53803575039E-001                                                     F               0         Tower Z translation displacement, node 9, m
         28     1.95258502960E+001                                                     F               0         Tower X translation displacement, node 10, m
         29    -8.11874675751E+000                                                     F               0         Tower Y translation displacement, node 10, m
         30    -9.37398910522E-001                                                     F               0         Tower Z translation displacement, node 10, m
         31     2.07712612152E+001                                                     F               0         Tower X translation displacement, node 11, m
         32    -8.83449554443E+000                                                     F               0         Tower Y translation displacement, node 11, m
         33    -1.02118432522E+000                                                     F               0         Tower Z translation displacement, node 11, m
         34     9.95472967625E-001,  -6.69369567186E-003,  -9.48088541627E-002         F               0         Tower X orientation angle, node 1, rad
         35     1.18231577799E-002,   9.98490035534E-001,   5.36452569067E-002         F               0         Tower Y orientation angle, node 1, rad
         36     9.43066105247E-002,  -5.45233450830E-002,   9.94049012661E-001         F               0         Tower Z orientation angle, node 1, rad
         37     9.95334327221E-001,  -6.61370530725E-003,  -9.62594226003E-002         F               0         Tower X orientation angle, node 2, rad
         38     1.18769984692E-002,   9.98458981514E-001,   5.42084127665E-002         F               0         Tower Y orientation angle, node 2, rad
         39     9.57525670528E-002,  -5.50987683237E-002,   9.93879079819E-001         F               0         Tower Z orientation angle, node 2, rad
         40     9.95212078094E-001,  -6.54345052317E-003,  -9.75200459361E-002         F               0         Tower X orientation angle, node 3, rad
         41     1.19276940823E-002,   9.98429894447E-001,   5.47314025462E-002         F               0         Tower Y orientation angle, node 3, rad
         42     9.70087945461E-002,  -5.56325390935E-002,   9.93727505207E-001         F               0         Tower Z orientation angle, node 3, rad
         43     9.95108842850E-001,  -6.48425146937E-003,  -9.85714271665E-002         F               0         Tower X orientation angle, node 4, rad
         44     1.19744986296E-002,   9.98403012753E-001,   5.52090369165E-002         F               0         Tower Y orientation angle, node 4, rad
         45     9.80560183525E-002,  -5.61193414032E-002,   9.93597328663E-001         F               0         Tower Z orientation angle, node 4, rad
         46     9.95024442673E-001,  -6.43582548946E-003,  -9.94228571653E-002         F               0         Tower X orientation angle, node 5, rad
         47     1.20170079172E-002,   9.98378634453E-001,   5.56393824518E-002         F               0         Tower Y orientation angle, node 5, rad
         48     9.89035740495E-002,  -5.65573126078E-002,   9.93488490582E-001         F               0         Tower Z orientation angle, node 5, rad
         49     9.94957923889E-001,  -6.39754207805E-003,  -1.00089259446E-001         F               0         Tower X orientation angle, node 6, rad
         50     1.20547516271E-002,   9.98356878757E-001,   5.60193993151E-002         F               0         Tower Y orientation angle, node 6, rad
         51     9.95664149523E-002,  -5.69434948266E-002,   9.93400216103E-001         F               0         Tower Z orientation angle, node 6, rad
         52     9.94908809662E-001,  -6.36919355020E-003,  -1.00577652454E-001         F               0         Tower X orientation angle, node 7, rad
         53     1.20867453516E-002,   9.98338460922E-001,   5.63405379653E-002         F               0         Tower Y orientation angle, node 7, rad
         54     1.00051693618E-001,  -5.72693534195E-002,   9.93332684040E-001         F               0         Tower Z orientation angle, node 7, rad
         55     9.94873762131E-001,  -6.34880922735E-003,  -1.00925318897E-001         F               0         Tower X orientation angle, node 8, rad
         56     1.21129434556E-002,   9.98323261738E-001,   5.66030964255E-002         F               0         Tower Y orientation angle, node 8, rad
         57     1.00396730006E-001,  -5.75354360044E-002,   9.93282496929E-001         F               0         Tower Z orientation angle, node 8, rad
         58     9.94850516319E-001,  -6.33519608527E-003,  -1.01155154407E-001         F               0         Tower X orientation angle, node 9, rad
         59     1.21329417452E-002,   9.98311638832E-001,   5.68034648895E-002         F               0         Tower Y orientation angle, node 9, rad
         60     1.00624509156E-001,  -5.77382631600E-002,   9.93247687817E-001         F               0         Tower Z orientation angle, node 9, rad
         61     9.94836866856E-001,  -6.32716203108E-003,  -1.01289398968E-001         F               0         Tower X orientation angle, node 10, rad
         62     1.21464384720E-002,   9.98303771019E-001,   5.69387823343E-002         F               0         Tower Y orientation angle, node 10, rad
         63     1.00757330656E-001,  -5.78751079738E-002,   9.93226289749E-001         F               0         Tower Z orientation angle, node 10, rad
         64     9.94830310345E-001,  -6.32323976606E-003,  -1.01354263723E-001         F               0         Tower X orientation angle, node 11, rad
         65     1.21539691463E-002,   9.98299360275E-001,   5.70143759251E-002         F               0         Tower Y orientation angle, node 11, rad
         66     1.00821383297E-001,  -5.79514876008E-002,   9.93215322495E-001         F               0         Tower Z orientation angle, node 11, rad
         67     1.49539904669E-003                                                     F               0         Tower X translation velocity, node 1, m/s
         68    -3.88224143535E-003                                                     F               0         Tower Y translation velocity, node 1, m/s
         69     1.63403002080E-003                                                     F               0         Tower Z translation velocity, node 1, m/s
         70     2.31992173940E-003                                                     F               0         Tower X translation velocity, node 2, m/s
         71    -5.15303714201E-003                                                     F               0         Tower Y translation velocity, node 2, m/s
         72     1.48541631643E-003                                                     F               0         Tower Z translation velocity, node 2, m/s
         73     2.53218691796E-003                                                     F               0         Tower X translation velocity, node 3, m/s
         74    -5.80361345783E-003                                                     F               0         Tower Y translation velocity, node 3, m/s
         75     1.42856698949E-003                                                     F               0         Tower Z translation velocity, node 3, m/s
         76     2.22980929539E-003                                                     F               0         Tower X translation velocity, node 4, m/s
         77    -5.94737567008E-003                                                     F               0         Tower Y translation velocity, node 4, m/s
         78     1.45018869080E-003                                                     F               0         Tower Z translation velocity, node 4, m/s
         79     1.45222432911E-003                                                     F               0         Tower X translation velocity, node 5, m/s
         80    -5.63634326681E-003                                                     F               0         Tower Y translation velocity, node 5, m/s
         81     1.54496484902E-003                                                     F               0         Tower Z translation velocity, node 5, m/s
         82     2.43400878389E-004                                                     F               0         Tower X translation velocity, node 6, m/s
         83    -4.92459395900E-003                                                     F               0         Tower Y translation velocity, node 6, m/s
         84     1.70645629987E-003                                                     F               0         Tower Z translation velocity, node 6, m/s
         85    -1.31887034513E-003                                                     F               0         Tower X translation velocity, node 7, m/s
         86    -3.89344175346E-003                                                     F               0         Tower Y translation velocity, node 7, m/s
         87     1.92268576939E-003                                                     F               0         Tower Z translation velocity, node 7, m/s
         88    -3.21351760067E-003                                                     F               0         Tower X translation velocity, node 8, m/s
         89    -2.56989407353E-003                                                     F               0         Tower Y translation velocity, node 8, m/s
         90     2.19032028690E-003                                                     F               0         Tower Z translation velocity, node 8, m/s
         91    -5.37771033123E-003                                                     F               0         Tower X translation velocity, node 9, m/s
         92    -1.01600377820E-003                                                     F               0         Tower Y translation velocity, node 9, m/s
         93     2.49947607517E-003                                                     F               0         Tower Z translation velocity, node 9, m/s
         94    -7.74215674028E-003                                                     F               0         Tower X translation velocity, node 10, m/s
         95     7.03840749338E-004                                                     F               0         Tower Y translation velocity, node 10, m/s
         96     2.83926608972E-003                                                     F               0         Tower Z translation velocity, node 10, m/s
         97    -1.02350646630E-002                                                     F               0         Tower X translation velocity, node 11, m/s
         98     2.52727419138E-003                                                     F               0         Tower Y translation velocity, node 11, m/s
         99     3.19851166569E-003                                                     F               0         Tower Z translation velocity, node 11, m/s
        100     2.16185626984E+001                                                     F               0         Hub X translation displacement, node 1, m
        101    -9.22113132477E+000                                                     F               0         Hub Y translation displacement, node 1, m
        102     2.02375389636E-002                                                     F               0         Hub Z translation displacement, node 1, m
        103     9.78841841221E-001,  -2.31020501815E-004,  -2.04618304968E-001         F               0         Hub X orientation angle, node 1, rad
        104     1.13096065819E-001,   8.33979368210E-001,   5.40081143379E-001         F               0         Hub Y orientation angle, node 1, rad
        105     1.70522674918E-001,  -5.51795542240E-001,   8.16359996796E-001         F               0         Hub Z orientation angle, node 1, rad
        106     7.75044441223E-001                                                     F               0         Hub X rotation velocity, node 1, rad/s
        107    -3.88709071558E-004                                                     F               0         Hub Y rotation velocity, node 1, rad/s
        108    -1.62041187286E-001                                                     F               0         Hub Z rotation velocity, node 1, rad/s
        109     9.03745293617E-001,  -2.42552176118E-001,  -3.52722167969E-001         F               0         Blade root 1 X orientation angle, node 1, rad
        110     3.92640411854E-001,   7.97928631306E-001,   4.57321971655E-001         F               0         Blade root 1 Y orientation angle, node 1, rad
        111     1.70522674918E-001,  -5.51795542240E-001,   8.16359996796E-001         F               0         Blade root 1 Z orientation angle, node 1, rad
        112     9.10128295422E-001,   2.59799897671E-001,  -3.22754532099E-001         F               0         Blade root 2 X orientation angle, node 1, rad
        113     3.71621102095E-001,  -8.56315433979E-001,   3.58638614416E-001         F               0         Blade root 2 Y orientation angle, node 1, rad
        114    -1.83205410838E-001,  -4.46349561214E-001,  -8.75904023647E-001         F               0         Blade root 2 Z orientation angle, node 1, rad
        115     9.95949923992E-001,  -1.79108679295E-002,   8.81077125669E-002         F               0         Blade root 3 X orientation angle, node 1, rad
        116     8.90107676387E-002,   5.81853911281E-002,  -9.94329690933E-001         F               0         Blade root 3 Y orientation angle, node 1, rad
        117     1.26827266067E-002,   9.98145103455E-001,   5.95439933240E-002         F               0         Blade root 3 Z orientation angle, node 1, rad
        118     2.19841709137E+001                                                     F               0         Blade 1 X translation displacement, node 1, m
        119    -1.22780780792E+001                                                     F               0         Blade 1 Y translation displacement, node 1, m
        120    -9.66786801815E-001                                                     F               0         Blade 1 Z translation displacement, node 1, m
        121     2.20722675323E+001                                                     F               0         Blade 1 X translation displacement, node 2, m
        122    -1.30146732330E+001                                                     F               0         Blade 1 Y translation displacement, node 2, m
        123    -1.20461368561E+000                                                     F               0         Blade 1 Z translation displacement, node 2, m
        124     2.32702217102E+001                                                     F               0         Blade 1 X translation displacement, node 3, m
        125    -2.30310916901E+001                                                     F               0         Blade 1 Y translation displacement, node 3, m
        126    -4.43867778778E+000                                                     F               0         Blade 1 Z translation displacement, node 3, m
        127     2.35254516602E+001                                                     F               0         Blade 1 X translation displacement, node 4, m
        128    -2.51651477814E+001                                                     F               0         Blade 1 Y translation displacement, node 4, m
        129    -5.12772274017E+000                                                     F               0         Blade 1 Z translation displacement, node 4, m
        130     2.37807331085E+001                                                     F               0         Blade 1 X translation displacement, node 5, m
        131    -2.72996101379E+001                                                     F               0         Blade 1 Y translation displacement, node 5, m
        132    -5.81688261032E+000                                                     F               0         Blade 1 Z translation displacement, node 5, m
        133     2.40359649658E+001                                                     F               0         Blade 1 X translation displacement, node 6, m
        134    -2.94336757660E+001                                                     F               0         Blade 1 Y translation displacement, node 6, m
        135    -6.50592994690E+000                                                     F               0         Blade 1 Z translation displacement, node 6, m
        136     2.42911968231E+001                                                     F               0         Blade 1 X translation displacement, node 7, m
        137    -3.15677490234E+001                                                     F               0         Blade 1 Y translation displacement, node 7, m
        138    -7.19496583939E+000                                                     F               0         Blade 1 Z translation displacement, node 7, m
        139     2.45464763641E+001                                                     F               0         Blade 1 X translation displacement, node 8, m
        140    -3.37022018433E+001                                                     F               0         Blade 1 Y translation displacement, node 8, m
        141    -7.88413906097E+000                                                     F               0         Blade 1 Z translation displacement, node 8, m
        142     2.48017082214E+001                                                     F               0         Blade 1 X translation displacement, node 9, m
        143    -3.58362770081E+001                                                     F               0         Blade 1 Y translation displacement, node 9, m
        144    -8.57317352295E+000                                                     F               0         Blade 1 Z translation displacement, node 9, m
        145     2.50569419861E+001                                                     F               0         Blade 1 X translation displacement, node 10, m
        146    -3.79703407288E+001                                                     F               0         Blade 1 Y translation displacement, node 10, m
        147    -9.26222038269E+000                                                     F               0         Blade 1 Z translation displacement, node 10, m
        148     2.53121738434E+001                                                     F               0         Blade 1 X translation displacement, node 11, m
        149    -4.01044158936E+001                                                     F               0         Blade 1 Y translation displacement, node 11, m
        150    -9.95125484467E+000                                                     F               0         Blade 1 Z translation displacement, node 11, m
        151     2.55674514771E+001                                                     F               0         Blade 1 X translation displacement, node 12, m
        152    -4.22388610840E+001                                                     F               0         Blade 1 Y translation displacement, node 12, m
        153    -1.06404256821E+001                                                     F               0         Blade 1 Z translation displacement, node 12, m
        154     2.58226852417E+001                                                     F               0         Blade 1 X translation displacement, node 13, m
        155    -4.43729362488E+001                                                     F               0         Blade 1 Y translation displacement, node 13, m
        156    -1.13294601440E+001                                                     F               0         Blade 1 Z translation displacement, node 13, m
        157     2.60779170990E+001                                                     F               0         Blade 1 X translation displacement, node 14, m
        158    -4.65069999695E+001                                                     F               0         Blade 1 Y translation displacement, node 14, m
        159    -1.20185070038E+001                                                     F               0         Blade 1 Z translation displacement, node 14, m
        160     2.63331966400E+001                                                     F               0         Blade 1 X translation displacement, node 15, m
        161    -4.86414604187E+001                                                     F               0         Blade 1 Y translation displacement, node 15, m
        162    -1.27076711655E+001                                                     F               0         Blade 1 Z translation displacement, node 15, m
        163     2.65884284973E+001                                                     F               0         Blade 1 X translation displacement, node 16, m
        164    -5.07755279541E+001                                                     F               0         Blade 1 Y translation displacement, node 16, m
        165    -1.33967170715E+001                                                     F               0         Blade 1 Z translation displacement, node 16, m
        166     2.68436641693E+001                                                     F               0         Blade 1 X translation displacement, node 17, m
        167    -5.29096031189E+001                                                     F               0         Blade 1 Y translation displacement, node 17, m
        168    -1.40857496262E+001                                                     F               0         Blade 1 Z translation displacement, node 17, m
        169     2.70988960266E+001                                                     F               0         Blade 1 X translation displacement, node 18, m
        170    -5.50436706543E+001                                                     F               0         Blade 1 Y translation displacement, node 18, m
        171    -1.47747945786E+001                                                     F               0         Blade 1 Z translation displacement, node 18, m
        172     2.73541717529E+001                                                     F               0         Blade 1 X translation displacement, node 19, m
        173    -5.71781158447E+001                                                     F               0         Blade 1 Y translation displacement, node 19, m
        174    -1.54639625549E+001                                                     F               0         Blade 1 Z translation displacement, node 19, m
        175     2.76094055176E+001                                                     F               0         Blade 1 X translation displacement, node 20, m
        176    -5.93121910095E+001                                                     F               0         Blade 1 Y translation displacement, node 20, m
        177    -1.61529941559E+001                                                     F               0         Blade 1 Z translation displacement, node 20, m
        178     2.78646392822E+001                                                     F               0         Blade 1 X translation displacement, node 21, m
        179    -6.14462623596E+001                                                     F               0         Blade 1 Y translation displacement, node 21, m
        180    -1.68420410156E+001                                                     F               0         Blade 1 Z translation displacement, node 21, m
        181     2.81199169159E+001                                                     F               0         Blade 1 X translation displacement, node 22, m
        182    -6.35807151794E+001                                                     F               0         Blade 1 Y translation displacement, node 22, m
        183    -1.75312099457E+001                                                     F               0         Blade 1 Z translation displacement, node 22, m
        184     2.83751506805E+001                                                     F               0         Blade 1 X translation displacement, node 23, m
        185    -6.57147903442E+001                                                     F               0         Blade 1 Y translation displacement, node 23, m
        186    -1.82202434540E+001                                                     F               0         Blade 1 Z translation displacement, node 23, m
        187     2.86303825378E+001                                                     F               0         Blade 1 X translation displacement, node 24, m
        188    -6.78488540649E+001                                                     F               0         Blade 1 Y translation displacement, node 24, m
        189    -1.89092884064E+001                                                     F               0         Blade 1 Z translation displacement, node 24, m
        190     2.88856143951E+001                                                     F               0         Blade 1 X translation displacement, node 25, m
        191    -6.99829254150E+001                                                     F               0         Blade 1 Y translation displacement, node 25, m
        192    -1.95983333588E+001                                                     F               0         Blade 1 Z translation displacement, node 25, m
        193     2.91408939362E+001                                                     F               0         Blade 1 X translation displacement, node 26, m
        194    -7.21173782349E+001                                                     F               0         Blade 1 Y translation displacement, node 26, m
        195    -2.02875041962E+001                                                     F               0         Blade 1 Z translation displacement, node 26, m
        196     2.93961257935E+001                                                     F               0         Blade 1 X translation displacement, node 27, m
        197    -7.42514419556E+001                                                     F               0         Blade 1 Y translation displacement, node 27, m
        198    -2.09765491486E+001                                                     F               0         Blade 1 Z translation displacement, node 27, m
        199     2.96125087738E+001                                                     F               0         Blade 1 X translation displacement, node 28, m
        200    -7.60606842041E+001                                                     F               0         Blade 1 Y translation displacement, node 28, m
        201    -2.15606899261E+001                                                     F               0         Blade 1 Z translation displacement, node 28, m
        202     6.25261604786E-001,  -5.79729378223E-001,  -5.22457420826E-001         F               0         Blade 1 X orientation angle, node 1, rad
        203     7.61557579041E-001,   5.99529445171E-001,   2.46159568429E-001         F               0         Blade 1 Y orientation angle, node 1, rad
        204     1.70522674918E-001,  -5.51795542240E-001,   8.16359996796E-001         F               0         Blade 1 Z orientation angle, node 1, rad
        205     6.25261604786E-001,  -5.79729378223E-001,  -5.22457420826E-001         F               0         Blade 1 X orientation angle, node 2, rad
        206     7.61557579041E-001,   5.99529445171E-001,   2.46159568429E-001         F               0         Blade 1 Y orientation angle, node 2, rad
        207     1.70522674918E-001,  -5.51795542240E-001,   8.16359996796E-001         F               0         Blade 1 Z orientation angle, node 2, rad
        208     7.87941515446E-001,  -4.21118497849E-001,  -4.49229747057E-001         F               0         Blade 1 X orientation angle, node 3, rad
        209     5.91667294502E-001,   7.19847798347E-001,   3.62972378731E-001         F               0         Blade 1 Y orientation angle, node 3, rad
        210     1.70522674918E-001,  -5.51795542240E-001,   8.16359996796E-001         F               0         Blade 1 Z orientation angle, node 3, rad
        211     8.12221586704E-001,  -3.90347778797E-001,  -4.33502823114E-001         F               0         Blade 1 X orientation angle, node 4, rad
        212     5.57869255543E-001,   7.36987292767E-001,   3.81617099047E-001         F               0         Blade 1 Y orientation angle, node 4, rad
        213     1.70522674918E-001,  -5.51795542240E-001,   8.16359996796E-001         F               0         Blade 1 Z orientation angle, node 4, rad
        214     8.30271303654E-001,  -3.65698218346E-001,  -4.20611888170E-001         F               0         Blade 1 X orientation angle, node 5, rad
        215     5.30633211136E-001,   7.49524176121E-001,   3.95780175924E-001         F               0         Blade 1 Y orientation angle, node 5, rad
        216     1.70522674918E-001,  -5.51795542240E-001,   8.16359996796E-001         F               0         Blade 1 Z orientation angle, node 5, rad
        217     8.44054698944E-001,  -3.45687747002E-001,  -4.09965485334E-001         F               0         Blade 1 X orientation angle, node 6, rad
        218     5.08422791958E-001,   7.58960902691E-001,   4.06798005104E-001         F               0         Blade 1 Y orientation angle, node 6, rad
        219     1.70522674918E-001,  -5.51795542240E-001,   8.16359996796E-001         F               0         Blade 1 Z orientation angle, node 6, rad
        220     8.54945003986E-001,  -3.29048842192E-001,  -4.00993674994E-001         F               0         Blade 1 X orientation angle, node 7, rad
        221     4.89888817072E-001,   7.66321420670E-001,   4.15644556284E-001         F               0         Blade 1 Y orientation angle, node 7, rad
        222     1.70522674918E-001,  -5.51795542240E-001,   8.16359996796E-001         F               0         Blade 1 Z orientation angle, node 7, rad
        223     8.63695859909E-001,  -3.15085560083E-001,  -3.93383473158E-001         F               0         Blade 1 X orientation angle, node 8, rad
        224     4.74290519953E-001,   7.72167563438E-001,   4.22854304314E-001         F               0         Blade 1 Y orientation angle, node 8, rad
        225     1.70522674918E-001,  -5.51795542240E-001,   8.16359996796E-001         F               0         Blade 1 Z orientation angle, node 8, rad
        226     8.70878279209E-001,  -3.03189218044E-001,  -3.86842757463E-001         F               0         Blade 1 X orientation angle, node 9, rad
        227     4.60969656706E-001,   7.76915669441E-001,   4.28846120834E-001         F               0         Blade 1 Y orientation angle, node 9, rad
        228     1.70522674918E-001,  -5.51795542240E-001,   8.16360056400E-001         F               0         Blade 1 Z orientation angle, node 9, rad
        229     8.76915991306E-001,  -2.92857468128E-001,  -3.81120473146E-001         F               0         Blade 1 X orientation angle, node 10, rad
        230     4.49377715588E-001,   7.80868887901E-001,   4.33939516544E-001         F               0         Blade 1 Y orientation angle, node 10, rad
        231     1.70522674918E-001,  -5.51795542240E-001,   8.16359996796E-001         F               0         Blade 1 Z orientation angle, node 10, rad
        232     8.81957530975E-001,  -2.83980131149E-001,  -3.76173168421E-001         F               0         Blade 1 X orientation angle, node 11, rad
        233     4.39400702715E-001,   7.84140884876E-001,   4.38235163689E-001         F               0         Blade 1 Y orientation angle, node 11, rad
        234     1.70522674918E-001,  -5.51795542240E-001,   8.16359996796E-001         F               0         Blade 1 Z orientation angle, node 11, rad
        235     8.86285126209E-001,  -2.76165276766E-001,  -3.71794879436E-001         F               0         Blade 1 X orientation angle, node 12, rad
        236     4.30605053902E-001,   7.86927223206E-001,   4.41955745220E-001         F               0         Blade 1 Y orientation angle, node 12, rad
        237     1.70522674918E-001,  -5.51795542240E-001,   8.16359996796E-001         F               0         Blade 1 Z orientation angle, node 12, rad
        238     8.90009045601E-001,  -2.69287616014E-001,  -3.67923974991E-001         F               0         Blade 1 X orientation angle, node 13, rad
        239     4.22854453325E-001,   7.89307177067E-001,   4.45183396339E-001         F               0         Blade 1 Y orientation angle, node 13, rad
        240     1.70522674918E-001,  -5.51795542240E-001,   8.16359996796E-001         F               0         Blade 1 Z orientation angle, node 13, rad
        241     8.93302679062E-001,  -2.63080149889E-001,  -3.64416211843E-001         F               0         Blade 1 X orientation angle, node 14, rad
        242     4.15851384401E-001,   7.91397809982E-001,   4.48059290648E-001         F               0         Blade 1 Y orientation angle, node 14, rad
        243     1.70522689819E-001,  -5.51795542240E-001,   8.16359996796E-001         F               0         Blade 1 Z orientation angle, node 14, rad
        244     8.96184086800E-001,  -2.57548809052E-001,  -3.61279308796E-001         F               0         Blade 1 X orientation angle, node 15, rad
        245     4.09604847431E-001,   7.93215155602E-001,   4.50592458248E-001         F               0         Blade 1 Y orientation angle, node 15, rad
        246     1.70522674918E-001,  -5.51795542240E-001,   8.16360056400E-001         F               0         Blade 1 Z orientation angle, node 15, rad
        247     8.98739993572E-001,  -2.52559840679E-001,  -3.58441054821E-001         F               0         Blade 1 X orientation angle, node 16, rad
