
Linearized model: Predictions were generated on 13-Feb-2024 at 12:12:09 using OpenFAST, compiled as a 64-bit application using single precision at commit v3.5.1
 linked with  NWTC Subroutine Library; ElastoDyn; InflowWind; AeroDyn; ServoDyn; HydroDyn; MAP++ (<1.20.10>, <Oct-20-2023>)

Description from the FAST input file: CCT-9 Campign 4 model. Input files to be run with OpenFAST 3.5.0. GitHub branch from Lu Wang (https://github.com/luwang00/openfast/tree/dev) compiled on March 7, 2023.

Simulation information:
   Simulation time:                   774.4250 s
   Rotor Speed:                         0.7923 rad/s
   Azimuth:                             3.1592 rad
   Wind Speed:                         24.0000 m/s
   Number of continuous states:         0
   Number of discrete states:           0
   Number of constraint states:         0
   Number of inputs:                 1746
   Number of outputs:                   4
   Jacobians included in this file?    No

Order of inputs:
     Column   Operating Point                                                   Rotating Frame? Derivative Order Description
   ---------- ---------------                                                   --------------- ---------------- -----------
          1     8.55594921112E+000                                                     F               0         Tower X translation displacement, node 1, m
          2    -1.82684755325E+000                                                     F               0         Tower Y translation displacement, node 1, m
          3    -2.16406151652E-001                                                     F               0         Tower Z translation displacement, node 1, m
          4     9.72990226746E+000                                                     F               0         Tower X translation displacement, node 2, m
          5    -2.50360465050E+000                                                     F               0         Tower Y translation displacement, node 2, m
          6    -2.90942788124E-001                                                     F               0         Tower Z translation displacement, node 2, m
          7     1.09218177795E+001                                                     F               0         Tower X translation displacement, node 3, m
          8    -3.18780899048E+000                                                     F               0         Tower Y translation displacement, node 3, m
          9    -3.67618620396E-001                                                     F               0         Tower Z translation displacement, node 3, m
         10     1.21271734238E+001                                                     F               0         Tower X translation displacement, node 4, m
         11    -3.87814712524E+000                                                     F               0         Tower Y translation displacement, node 4, m
         12    -4.45949852467E-001                                                     F               0         Tower Z translation displacement, node 4, m
         13     1.33434438705E+001                                                     F               0         Tower X translation displacement, node 5, m
         14    -4.57403421402E+000                                                     F               0         Tower Y translation displacement, node 5, m
         15    -5.25667905807E-001                                                     F               0         Tower Z translation displacement, node 5, m
         16     1.45682744980E+001                                                     F               0         Tower X translation displacement, node 6, m
         17    -5.27484893799E+000                                                     F               0         Tower Y translation displacement, node 6, m
         18    -6.06528282166E-001                                                     F               0         Tower Z translation displacement, node 6, m
         19     1.57991380692E+001                                                     F               0         Tower X translation displacement, node 7, m
         20    -5.97962427139E+000                                                     F               0         Tower Y translation displacement, node 7, m
         21    -6.88204586506E-001                                                     F               0         Tower Z translation displacement, node 7, m
         22     1.70348339081E+001                                                     F               0         Tower X translation displacement, node 8, m
         23    -6.68804836273E+000                                                     F               0         Tower Y translation displacement, node 8, m
         24    -7.70588815212E-001                                                     F               0         Tower Z translation displacement, node 8, m
         25     1.82737884521E+001                                                     F               0         Tower X translation displacement, node 9, m
         26    -7.39936780930E+000                                                     F               0         Tower Y translation displacement, node 9, m
         27    -8.53459775448E-001                                                     F               0         Tower Z translation displacement, node 9, m
         28     1.95147266388E+001                                                     F               0         Tower X translation displacement, node 10, m
         29    -8.11278343201E+000                                                     F               0         Tower Y translation displacement, node 10, m
         30    -9.36658978462E-001                                                     F               0         Tower Z translation displacement, node 10, m
         31     2.07566356659E+001                                                     F               0         Tower X translation displacement, node 11, m
         32    -8.82750988007E+000                                                     F               0         Tower Y translation displacement, node 11, m
         33    -1.02002978325E+000                                                     F               0         Tower Z translation displacement, node 11, m
         34     9.95460867882E-001,  -6.68239500374E-003,  -9.49366018176E-002         F               0         Tower X orientation angle, node 1, rad
         35     1.18209086359E-002,   9.98488903046E-001,   5.36669231951E-002         F               0         Tower Y orientation angle, node 1, rad
         36     9.44345220923E-002,  -5.45455589890E-002,   9.94035661221E-001         F               0         Tower Z orientation angle, node 1, rad
         37     9.95328962803E-001,  -6.60635391250E-003,  -9.63152125478E-002         F               0         Tower X orientation angle, node 2, rad
         38     1.18730701506E-002,   9.98458862305E-001,   5.42119741440E-002         F               0         Tower Y orientation angle, node 2, rad
         39     9.58086326718E-002,  -5.51023036242E-002,   9.93873476982E-001         F               0         Tower Z orientation angle, node 2, rad
         40     9.95213091373E-001,  -6.53978856280E-003,  -9.75097268820E-002         F               0         Tower X orientation angle, node 3, rad
         41     1.19221722707E-002,   9.98430669308E-001,   5.47184012830E-002         F               0         Tower Y orientation angle, node 3, rad
         42     9.69988480210E-002,  -5.56189939380E-002,   9.93729233742E-001         F               0         Tower Z orientation angle, node 3, rad
         43     9.95115756989E-001,  -6.48396275938E-003,  -9.85015481710E-002         F               0         Tower X orientation angle, node 4, rad
         44     1.19675034657E-002,   9.98404622078E-001,   5.51811978221E-002         F               0         Tower Y orientation angle, node 4, rad
         45     9.79866087437E-002,  -5.60904964805E-002,   9.93605792522E-001         F               0         Tower Z orientation angle, node 4, rad
         46     9.95036721230E-001,  -6.43857056275E-003,  -9.93000790477E-002         F               0         Tower X orientation angle, node 5, rad
         47     1.20086800307E-002,   9.98381018639E-001,   5.55984526873E-002         F               0         Tower Y orientation angle, node 5, rad
         48     9.87813398242E-002,  -5.65149635077E-002,   9.93503034115E-001         F               0         Tower Z orientation angle, node 5, rad
         49     9.94974851608E-001,  -6.40295585617E-003,  -9.99204218388E-002         F               0         Tower X orientation angle, node 6, rad
         50     1.20452456176E-002,   9.98359978199E-001,   5.59671521187E-002         F               0         Tower Y orientation angle, node 6, rad
         51     9.93981957436E-002,  -5.68894743919E-002,   9.93420124054E-001         F               0         Tower Z orientation angle, node 6, rad
         52     9.94929730892E-001,  -6.37685041875E-003,  -1.00370422006E-001         F               0         Tower X orientation angle, node 7, rad
         53     1.20762493461E-002,   9.98342037201E-001,   5.62789365649E-002         F               0         Tower Y orientation angle, node 7, rad
         54     9.98451337218E-002,  -5.72056844831E-002,   9.93357181549E-001         F               0         Tower Z orientation angle, node 7, rad
         55     9.94897842407E-001,  -6.35829381645E-003,  -1.00687012076E-001         F               0         Tower X orientation angle, node 8, rad
         56     1.21016409248E-002,   9.98327314854E-001,   5.65339885652E-002         F               0         Tower Y orientation angle, node 8, rad
         57     1.00159138441E-001,  -5.74640221894E-002,   9.93310630322E-001         F               0         Tower Z orientation angle, node 8, rad
         58     9.94877040386E-001,  -6.34607346728E-003,  -1.00893266499E-001         F               0         Tower X orientation angle, node 9, rad
         59     1.21210282668E-002,   9.98316049576E-001,   5.67287206650E-002         F               0         Tower Y orientation angle, node 9, rad
         60     1.00363358855E-001,  -5.76610304415E-002,   9.93278622627E-001         F               0         Tower Z orientation angle, node 9, rad
         61     9.94865059853E-001,  -6.33898517117E-003,  -1.01011544466E-001         F               0         Tower X orientation angle, node 10, rad
         62     1.21341142803E-002,   9.98308420181E-001,   5.68602755666E-002         F               0         Tower Y orientation angle, node 10, rad
         63     1.00480236113E-001,  -5.77939860523E-002,   9.93259072304E-001         F               0         Tower Z orientation angle, node 10, rad
         64     9.94859397411E-001,  -6.33560447022E-003,  -1.01067267358E-001         F               0         Tower X orientation angle, node 11, rad
         65     1.21414149180E-002,   9.98304128647E-001,   5.69337755442E-002         F               0         Tower Y orientation angle, node 11, rad
         66     1.00535161793E-001,  -5.78682012856E-002,   9.93249177933E-001         F               0         Tower Z orientation angle, node 11, rad
         67     7.97985587269E-003                                                     F               0         Tower X translation velocity, node 1, m/s
         68     1.23986671679E-003                                                     F               0         Tower Y translation velocity, node 1, m/s
         69    -3.03596165031E-003                                                     F               0         Tower Z translation velocity, node 1, m/s
         70     1.00628174841E-002                                                     F               0         Tower X translation velocity, node 2, m/s
         71     1.39522482641E-003                                                     F               0         Tower Y translation velocity, node 2, m/s
         72    -3.22627485730E-003                                                     F               0         Tower Z translation velocity, node 2, m/s
         73     1.05668120086E-002                                                     F               0         Tower X translation velocity, node 3, m/s
         74     1.58856529742E-003                                                     F               0         Tower Y translation velocity, node 3, m/s
         75    -3.26443626545E-003                                                     F               0         Tower Z translation velocity, node 3, m/s
         76     9.84789058566E-003                                                     F               0         Tower X translation velocity, node 4, m/s
         77     1.79608620238E-003                                                     F               0         Tower Y translation velocity, node 4, m/s
         78    -3.18220839836E-003                                                     F               0         Tower Z translation velocity, node 4, m/s
         79     8.09373892844E-003                                                     F               0         Tower X translation velocity, node 5, m/s
         80     2.00085644610E-003                                                     F               0         Tower Y translation velocity, node 5, m/s
         81    -2.99682980403E-003                                                     F               0         Tower Z translation velocity, node 5, m/s
         82     5.48444455490E-003                                                     F               0         Tower X translation velocity, node 6, m/s
         83     2.18910700642E-003                                                     F               0         Tower Y translation velocity, node 6, m/s
         84    -2.72574438713E-003                                                     F               0         Tower Z translation velocity, node 6, m/s
         85     2.23629199900E-003                                                     F               0         Tower X translation velocity, node 7, m/s
         86     2.35370360315E-003                                                     F               0         Tower Y translation velocity, node 7, m/s
         87    -2.39061098546E-003                                                     F               0         Tower Z translation velocity, node 7, m/s
         88    -1.56009302009E-003                                                     F               0         Tower X translation velocity, node 8, m/s
         89     2.48779938556E-003                                                     F               0         Tower Y translation velocity, node 8, m/s
         90    -2.00071511790E-003                                                     F               0         Tower Z translation velocity, node 8, m/s
         91    -5.75939472765E-003                                                     F               0         Tower X translation velocity, node 9, m/s
         92     2.59104836732E-003                                                     F               0         Tower Y translation velocity, node 9, m/s
         93    -1.57087598927E-003                                                     F               0         Tower Z translation velocity, node 9, m/s
         94    -1.02306483313E-002                                                     F               0         Tower X translation velocity, node 10, m/s
         95     2.66803754494E-003                                                     F               0         Tower Y translation velocity, node 10, m/s
         96    -1.11434678547E-003                                                     F               0         Tower Z translation velocity, node 10, m/s
         97    -1.48573862389E-002                                                     F               0         Tower X translation velocity, node 11, m/s
         98     2.72716348991E-003                                                     F               0         Tower Y translation velocity, node 11, m/s
         99    -6.42725150101E-004                                                     F               0         Tower Z translation velocity, node 11, m/s
        100     2.16013755798E+001                                                     F               0         Hub X translation displacement, node 1, m
        101    -9.21335792542E+000                                                     F               0         Hub Y translation displacement, node 1, m
        102     1.85582172126E-002                                                     F               0         Hub Z translation displacement, node 1, m
        103     9.78900671005E-001,  -2.52022902714E-004,  -2.04336434603E-001         F               0         Hub X orientation angle, node 1, rad
        104    -1.57300923020E-002,  -9.97124731541E-001,  -7.41272643209E-002         F               0         Hub Y orientation angle, node 1, rad
        105    -2.03730225563E-001,   7.57774636149E-002,  -9.76090013981E-001         F               0         Hub Z orientation angle, node 1, rad
        106     7.75557339191E-001                                                     F               0         Hub X rotation velocity, node 1, rad/s
        107    -5.78865467105E-004                                                     F               0         Hub Y rotation velocity, node 1, rad/s
        108    -1.61900267005E-001                                                     F               0         Hub Z rotation velocity, node 1, rad/s
        109     9.41234171391E-001,   2.89498001337E-001,  -1.73980280757E-001         F               0         Blade root 1 X orientation angle, node 1, rad
        110     2.69392311573E-001,  -9.54174339771E-001,  -1.30303829908E-001         F               0         Blade root 1 Y orientation angle, node 1, rad
        111    -2.03730225563E-001,   7.57774636149E-002,  -9.76090013981E-001         F               0         Blade root 1 Z orientation angle, node 1, rad
        112     9.85645711422E-001,  -1.64179742336E-001,   3.93386408687E-002         F               0         Blade root 2 X orientation angle, node 1, rad
        113     1.23146615922E-001,   5.39770960808E-001,  -8.32755804062E-001         F               0         Blade root 2 Y orientation angle, node 1, rad
        114     1.15487769246E-001,   8.25646638870E-001,   5.52241086960E-001         F               0         Blade root 2 Z orientation angle, node 1, rad
        115     8.83110344410E-001,  -1.26041695476E-001,  -4.51917707920E-001         F               0         Blade root 3 X orientation angle, node 1, rad
        116     4.60792154074E-001,   4.14183706045E-001,   7.84934699535E-001         F               0         Blade root 3 Y orientation angle, node 1, rad
        117     8.82424488664E-002,  -9.01424050331E-001,   4.23848927021E-001         F               0         Blade root 3 Z orientation angle, node 1, rad
        118     1.98936214447E+001                                                     F               0         Blade 1 X translation displacement, node 1, m
        119    -8.79355049133E+000                                                     F               0         Blade 1 Y translation displacement, node 1, m
        120    -1.08986396790E+001                                                     F               0         Blade 1 Z translation displacement, node 1, m
        121     1.94821262360E+001                                                     F               0         Blade 1 X translation displacement, node 2, m
        122    -8.69239521027E+000                                                     F               0         Blade 1 Y translation displacement, node 2, m
        123    -1.35292186737E+001                                                     F               0         Blade 1 Z translation displacement, node 2, m
        124     1.38864889145E+001                                                     F               0         Blade 1 X translation displacement, node 3, m
        125    -7.31685161591E+000                                                     F               0         Blade 1 Y translation displacement, node 3, m
        126    -4.93005638123E+001                                                     F               0         Blade 1 Z translation displacement, node 3, m
        127     1.26943044662E+001                                                     F               0         Blade 1 X translation displacement, node 4, m
        128    -7.02378368378E+000                                                     F               0         Blade 1 Y translation displacement, node 4, m
        129    -5.69218711853E+001                                                     F               0         Blade 1 Z translation displacement, node 4, m
        130     1.15018949509E+001                                                     F               0         Blade 1 X translation displacement, node 5, m
        131    -6.73066091537E+000                                                     F               0         Blade 1 Y translation displacement, node 5, m
        132    -6.45446090698E+001                                                     F               0         Blade 1 Z translation displacement, node 5, m
        133     1.03097057343E+001                                                     F               0         Blade 1 X translation displacement, node 6, m
        134    -6.43759155273E+000                                                     F               0         Blade 1 Y translation displacement, node 6, m
        135    -7.21659469604E+001                                                     F               0         Blade 1 Z translation displacement, node 6, m
        136     9.11751365662E+000                                                     F               0         Blade 1 X translation displacement, node 7, m
        137    -6.14452219009E+000                                                     F               0         Blade 1 Y translation displacement, node 7, m
        138    -7.97872924805E+001                                                     F               0         Blade 1 Z translation displacement, node 7, m
        139     7.92510795593E+000                                                     F               0         Blade 1 X translation displacement, node 8, m
        140    -5.85139989853E+000                                                     F               0         Blade 1 Y translation displacement, node 8, m
        141    -8.74100189209E+001                                                     F               0         Blade 1 Z translation displacement, node 8, m
        142     6.73291540146E+000                                                     F               0         Blade 1 X translation displacement, node 9, m
        143    -5.55833005905E+000                                                     F               0         Blade 1 Y translation displacement, node 9, m
        144    -9.50313644409E+001                                                     F               0         Blade 1 Z translation displacement, node 9, m
        145     5.54072713852E+000                                                     F               0         Blade 1 X translation displacement, node 10, m
        146    -5.26526117325E+000                                                     F               0         Blade 1 Y translation displacement, node 10, m
        147    -1.02652702332E+002                                                     F               0         Blade 1 Z translation displacement, node 10, m
        148     4.34853410721E+000                                                     F               0         Blade 1 X translation displacement, node 11, m
        149    -4.97219133377E+000                                                     F               0         Blade 1 Y translation displacement, node 11, m
        150    -1.10274047852E+002                                                     F               0         Blade 1 Z translation displacement, node 11, m
        151     3.15613293648E+000                                                     F               0         Blade 1 X translation displacement, node 12, m
        152    -4.67906951904E+000                                                     F               0         Blade 1 Y translation displacement, node 12, m
        153    -1.17896743774E+002                                                     F               0         Blade 1 Z translation displacement, node 12, m
        154     1.96394002438E+000                                                     F               0         Blade 1 X translation displacement, node 13, m
        155    -4.38600015640E+000                                                     F               0         Blade 1 Y translation displacement, node 13, m
        156    -1.25518096924E+002                                                     F               0         Blade 1 Z translation displacement, node 13, m
        157     7.71751880646E-001                                                     F               0         Blade 1 X translation displacement, node 14, m
        158    -4.09293127060E+000                                                     F               0         Blade 1 Y translation displacement, node 14, m
        159    -1.33139434814E+002                                                     F               0         Blade 1 Z translation displacement, node 14, m
        160    -4.20657008886E-001                                                     F               0         Blade 1 X translation displacement, node 15, m
        161    -3.79980826378E+000                                                     F               0         Blade 1 Y translation displacement, node 15, m
        162    -1.40762161255E+002                                                     F               0         Blade 1 Z translation displacement, node 15, m
        163    -1.61284601688E+000                                                     F               0         Blade 1 X translation displacement, node 16, m
        164    -3.50673913956E+000                                                     F               0         Blade 1 Y translation displacement, node 16, m
        165    -1.48383499146E+002                                                     F               0         Blade 1 Z translation displacement, node 16, m
        166    -2.80503964424E+000                                                     F               0         Blade 1 X translation displacement, node 17, m
        167    -3.21366930008E+000                                                     F               0         Blade 1 Y translation displacement, node 17, m
        168    -1.56004852295E+002                                                     F               0         Blade 1 Z translation displacement, node 17, m
        169    -3.99722886086E+000                                                     F               0         Blade 1 X translation displacement, node 18, m
        170    -2.92060041428E+000                                                     F               0         Blade 1 Y translation displacement, node 18, m
        171    -1.63626190186E+002                                                     F               0         Blade 1 Z translation displacement, node 18, m
        172    -5.18963050842E+000                                                     F               0         Blade 1 X translation displacement, node 19, m
        173    -2.62747859955E+000                                                     F               0         Blade 1 Y translation displacement, node 19, m
        174    -1.71248886108E+002                                                     F               0         Blade 1 Z translation displacement, node 19, m
        175    -6.38182401657E+000                                                     F               0         Blade 1 X translation displacement, node 20, m
        176    -2.33440876007E+000                                                     F               0         Blade 1 Y translation displacement, node 20, m
        177    -1.78870239258E+002                                                     F               0         Blade 1 Z translation displacement, node 20, m
        178    -7.57401323318E+000                                                     F               0         Blade 1 X translation displacement, node 21, m
        179    -2.04133987427E+000                                                     F               0         Blade 1 Y translation displacement, node 21, m
        180    -1.86491577148E+002                                                     F               0         Blade 1 Z translation displacement, node 21, m
        181    -8.76641941071E+000                                                     F               0         Blade 1 X translation displacement, node 22, m
        182    -1.74821722507E+000                                                     F               0         Blade 1 Y translation displacement, node 22, m
        183    -1.94114303589E+002                                                     F               0         Blade 1 Z translation displacement, node 22, m
        184    -9.95861339569E+000                                                     F               0         Blade 1 X translation displacement, node 23, m
        185    -1.45514738560E+000                                                     F               0         Blade 1 Y translation displacement, node 23, m
        186    -2.01735656738E+002                                                     F               0         Blade 1 Z translation displacement, node 23, m
        187    -1.11508026123E+001                                                     F               0         Blade 1 X translation displacement, node 24, m
        188    -1.16207826138E+000                                                     F               0         Blade 1 Y translation displacement, node 24, m
        189    -2.09356994629E+002                                                     F               0         Blade 1 Z translation displacement, node 24, m
        190    -1.23429918289E+001                                                     F               0         Blade 1 X translation displacement, node 25, m
        191    -8.69009196758E-001                                                     F               0         Blade 1 Y translation displacement, node 25, m
        192    -2.16978332520E+002                                                     F               0         Blade 1 Z translation displacement, node 25, m
        193    -1.35353984833E+001                                                     F               0         Blade 1 X translation displacement, node 26, m
        194    -5.75886726379E-001                                                     F               0         Blade 1 Y translation displacement, node 26, m
        195    -2.24601058960E+002                                                     F               0         Blade 1 Z translation displacement, node 26, m
        196    -1.47275867462E+001                                                     F               0         Blade 1 X translation displacement, node 27, m
        197    -2.82817572355E-001                                                     F               0         Blade 1 Y translation displacement, node 27, m
        198    -2.32222396851E+002                                                     F               0         Blade 1 Z translation displacement, node 27, m
        199    -1.57383098602E+001                                                     F               0         Blade 1 X translation displacement, node 28, m
        200    -3.43577824533E-002                                                     F               0         Blade 1 Y translation displacement, node 28, m
        201    -2.38683654785E+002                                                     F               0         Blade 1 Z translation displacement, node 28, m
        202     7.14828252792E-001,   6.92759692669E-001,  -9.54179912806E-002         F               0         Blade 1 X orientation angle, node 1, rad
        203     6.68965280056E-001,  -7.17176258564E-001,  -1.95303946733E-001         F               0         Blade 1 Y orientation angle, node 1, rad
        204    -2.03730225563E-001,   7.57774636149E-002,  -9.76090013981E-001         F               0         Blade 1 Z orientation angle, node 1, rad
        205     7.14828252792E-001,   6.92759692669E-001,  -9.54179912806E-002         F               0         Blade 1 X orientation angle, node 2, rad
        206     6.68965280056E-001,  -7.17176258564E-001,  -1.95303946733E-001         F               0         Blade 1 Y orientation angle, node 2, rad
        207    -2.03730225563E-001,   7.57774636149E-002,  -9.76090013981E-001         F               0         Blade 1 Z orientation angle, node 2, rad
        208     8.53011131287E-001,   5.03045141697E-001,  -1.38987854123E-001         F               0         Blade 1 X orientation angle, node 3, rad
        209     4.80485171080E-001,  -8.60931694508E-001,  -1.67124509811E-001         F               0         Blade 1 Y orientation angle, node 3, rad
        210    -2.03730225563E-001,   7.57774636149E-002,  -9.76090013981E-001         F               0         Blade 1 Z orientation angle, node 3, rad
        211     8.72538566589E-001,   4.66244131327E-001,  -1.45920634270E-001         F               0         Blade 1 X orientation angle, node 4, rad
        212     4.44038778543E-001,  -8.81404638290E-001,  -1.61106780171E-001         F               0         Blade 1 Y orientation angle, node 4, rad
        213    -2.03730225563E-001,   7.57774636149E-002,  -9.76090013981E-001         F               0         Blade 1 Z orientation angle, node 4, rad
        214     8.86781036854E-001,   4.36764687300E-001,  -1.51181936264E-001         F               0         Blade 1 X orientation angle, node 5, rad
        215     4.14865463972E-001,  -8.96378457546E-001,  -1.56180188060E-001         F               0         Blade 1 Y orientation angle, node 5, rad
        216    -2.03730225563E-001,   7.57774636149E-002,  -9.76090013981E-001         F               0         Blade 1 Z orientation angle, node 5, rad
        217     8.97473692894E-001,   4.12833750248E-001,  -1.55271559954E-001         F               0         Blade 1 X orientation angle, node 6, rad
        218     3.91196817160E-001,  -9.07648622990E-001,  -1.52114987373E-001         F               0         Blade 1 Y orientation angle, node 6, rad
        219    -2.03730225563E-001,   7.57774636149E-002,  -9.76090013981E-001         F               0         Blade 1 Z orientation angle, node 6, rad
        220     9.05794024467E-001,   3.92935246229E-001,  -1.58552974463E-001         F               0         Blade 1 X orientation angle, node 7, rad
        221     3.71525466442E-001,  -9.16438579559E-001,  -1.48691564798E-001         F               0         Blade 1 Y orientation angle, node 7, rad
        222    -2.03730225563E-001,   7.57774636149E-002,  -9.76090013981E-001         F               0         Blade 1 Z orientation angle, node 7, rad
        223     9.12388145924E-001,   3.76236766577E-001,  -1.61225676537E-001         F               0         Blade 1 X orientation angle, node 8, rad
        224     3.55023711920E-001,  -9.23419535160E-001,  -1.45789265633E-001         F               0         Blade 1 Y orientation angle, node 8, rad
        225    -2.03730225563E-001,   7.57774636149E-002,  -9.76090013981E-001         F               0         Blade 1 Z orientation angle, node 8, rad
        226     9.17733132839E-001,   3.62010270357E-001,  -1.63445711136E-001         F               0         Blade 1 X orientation angle, node 9, rad
        227     3.40969085693E-001,  -9.29089009762E-001,  -1.43296003342E-001         F               0         Blade 1 Y orientation angle, node 9, rad
        228    -2.03730240464E-001,   7.57775455713E-002,  -9.76090013981E-001         F               0         Blade 1 Z orientation angle, node 9, rad
        229     9.22175049782E-001,   3.49654883146E-001,  -1.65332049131E-001         F               0         Blade 1 X orientation angle, node 10, rad
        230     3.28766196966E-001,  -9.33808982372E-001,  -1.41115352511E-001         F               0         Blade 1 Y orientation angle, node 10, rad
        231    -2.03730225563E-001,   7.57774636149E-002,  -9.76090013981E-001         F               0         Blade 1 Z orientation angle, node 10, rad
        232     9.25845324993E-001,   3.39038878679E-001,  -1.66922271252E-001         F               0         Blade 1 X orientation angle, node 11, rad
        233     3.18283528090E-001,  -9.37715530396E-001,  -1.39230698347E-001         F               0         Blade 1 Y orientation angle, node 11, rad
        234    -2.03730225563E-001,   7.57774859667E-002,  -9.76090013981E-001         F               0         Blade 1 Z orientation angle, node 11, rad
        235     9.28965866566E-001,   3.29693496227E-001,  -1.68299108744E-001         F               0         Blade 1 X orientation angle, node 12, rad
        236     3.09057265520E-001,  -9.41041946411E-001,  -1.37563198805E-001         F               0         Blade 1 Y orientation angle, node 12, rad
        237    -2.03730225563E-001,   7.57774636149E-002,  -9.76090013981E-001         F               0         Blade 1 Z orientation angle, node 12, rad
        238     9.31627511978E-001,   3.21468919516E-001,  -1.69493153691E-001         F               0         Blade 1 X orientation angle, node 13, rad
        239     3.00938844681E-001,  -9.43883240223E-001,  -1.36089295149E-001         F               0         Blade 1 Y orientation angle, node 13, rad
        240    -2.03730225563E-001,   7.57774636149E-002,  -9.76090013981E-001         F               0         Blade 1 Z orientation angle, node 13, rad
        241     9.33962345123E-001,   3.14045816660E-001,  -1.70556768775E-001         F               0         Blade 1 X orientation angle, node 14, rad
        242     2.93612658978E-001,  -9.46378886700E-001,  -1.34753897786E-001         F               0         Blade 1 Y orientation angle, node 14, rad
        243    -2.03730225563E-001,   7.57774412632E-002,  -9.76090073586E-001         F               0         Blade 1 Z orientation angle, node 14, rad
        244     9.35989320278E-001,   3.07431250811E-001,  -1.71493336558E-001         F               0         Blade 1 X orientation angle, node 15, rad
        245     2.87085235119E-001,  -9.48548257351E-001,  -1.33560016751E-001         F               0         Blade 1 Y orientation angle, node 15, rad
        246    -2.03730240464E-001,   7.57775530219E-002,  -9.76090013981E-001         F               0         Blade 1 Z orientation angle, node 15, rad
        247     9.37774658203E-001,   3.01465332508E-001,  -1.72329142690E-001         F               0         Blade 1 X orientation angle, node 16, rad
