
Linearized model: Predictions were generated on 13-Feb-2024 at 12:12:09 using OpenFAST, compiled as a 64-bit application using single precision at commit v3.5.1
 linked with  NWTC Subroutine Library; ElastoDyn; InflowWind; AeroDyn; ServoDyn; HydroDyn; MAP++ (<1.20.10>, <Oct-20-2023>)

Description from the FAST input file: CCT-9 Campign 4 model. Input files to be run with OpenFAST 3.5.0. GitHub branch from Lu Wang (https://github.com/luwang00/openfast/tree/dev) compiled on March 7, 2023.

Simulation information:
   Simulation time:                   771.3250 s
   Rotor Speed:                         0.7921 rad/s
   Azimuth:                             0.7044 rad
   Wind Speed:                         24.0000 m/s
   Number of continuous states:         0
   Number of discrete states:           0
   Number of constraint states:         0
   Number of inputs:                 1746
   Number of outputs:                   4
   Jacobians included in this file?    No

Order of inputs:
     Column   Operating Point                                                   Rotating Frame? Derivative Order Description
   ---------- ---------------                                                   --------------- ---------------- -----------
          1     8.55424308777E+000                                                     F               0         Tower X translation displacement, node 1, m
          2    -1.82891917229E+000                                                     F               0         Tower Y translation displacement, node 1, m
          3    -2.15196117759E-001                                                     F               0         Tower Z translation displacement, node 1, m
          4     9.72730350494E+000                                                     F               0         Tower X translation displacement, node 2, m
          5    -2.50575804710E+000                                                     F               0         Tower Y translation displacement, node 2, m
          6    -2.89652049541E-001                                                     F               0         Tower Z translation displacement, node 2, m
          7     1.09190959930E+001                                                     F               0         Tower X translation displacement, node 3, m
          8    -3.19015836716E+000                                                     F               0         Tower Y translation displacement, node 3, m
          9    -3.66326898336E-001                                                     F               0         Tower Z translation displacement, node 3, m
         10     1.21249361038E+001                                                     F               0         Tower X translation displacement, node 4, m
         11    -3.88078427315E+000                                                     F               0         Tower Y translation displacement, node 4, m
         12    -4.44721847773E-001                                                     F               0         Tower Z translation displacement, node 4, m
         13     1.33422155380E+001                                                     F               0         Tower X translation displacement, node 5, m
         14    -4.57703924179E+000                                                     F               0         Tower Y translation displacement, node 5, m
         15    -5.24560749531E-001                                                     F               0         Tower Z translation displacement, node 5, m
         16     1.45684986115E+001                                                     F               0         Tower X translation displacement, node 6, m
         17    -5.27829170227E+000                                                     F               0         Tower Y translation displacement, node 6, m
         18    -6.05591177940E-001                                                     F               0         Tower Z translation displacement, node 6, m
         19     1.58011550903E+001                                                     F               0         Tower X translation displacement, node 7, m
         20    -5.98355865479E+000                                                     F               0         Tower Y translation displacement, node 7, m
         21    -6.87475621700E-001                                                     F               0         Tower Z translation displacement, node 7, m
         22     1.70389423370E+001                                                     F               0         Tower X translation displacement, node 8, m
         23    -6.69252252579E+000                                                     F               0         Tower Y translation displacement, node 8, m
         24    -7.70101726055E-001                                                     F               0         Tower Z translation displacement, node 8, m
         25     1.82802162170E+001                                                     F               0         Tower X translation displacement, node 9, m
         26    -7.40441989899E+000                                                     F               0         Tower Y translation displacement, node 9, m
         27    -8.53240489960E-001                                                     F               0         Tower Z translation displacement, node 9, m
         28     1.95236301422E+001                                                     F               0         Tower X translation displacement, node 10, m
         29    -8.11843872070E+000                                                     F               0         Tower Y translation displacement, node 10, m
         30    -9.36725497246E-001                                                     F               0         Tower Z translation displacement, node 10, m
         31     2.07681102753E+001                                                     F               0         Tower X translation displacement, node 11, m
         32    -8.83378601074E+000                                                     F               0         Tower Y translation displacement, node 11, m
         33    -1.02039289474E+000                                                     F               0         Tower Z translation displacement, node 11, m
         34     9.95469987392E-001,  -6.69133570045E-003,  -9.48403030634E-002         F               0         Tower X orientation angle, node 1, rad
         35     1.18248900399E-002,   9.98488724232E-001,   5.36702238023E-002         F               0         Tower Y orientation angle, node 1, rad
         36     9.43378433585E-002,  -5.45485764742E-002,   9.94044661522E-001         F               0         Tower Z orientation angle, node 1, rad
         37     9.95332598686E-001,  -6.61207363009E-003,  -9.62771251798E-002         F               0         Tower X orientation angle, node 2, rad
         38     1.18777966127E-002,   9.98458206654E-001,   5.42234592140E-002         F               0         Tower Y orientation angle, node 2, rad
         39     9.57701578736E-002,  -5.51139377058E-002,   9.93876516819E-001         F               0         Tower Z orientation angle, node 2, rad
         40     9.95211660862E-001,  -6.54257321730E-003,  -9.75239723921E-002         F               0         Tower X orientation angle, node 3, rad
         41     1.19276130572E-002,   9.98429536819E-001,   5.47373257577E-002         F               0         Tower Y orientation angle, node 3, rad
         42     9.70126911998E-002,  -5.56384548545E-002,   9.93726789951E-001         F               0         Tower Z orientation angle, node 3, rad
         43     9.95109856129E-001,  -6.48414669558E-003,  -9.85615774989E-002         F               0         Tower X orientation angle, node 4, rad
         44     1.19736092165E-002,   9.98403131962E-001,   5.52067421377E-002         F               0         Tower Y orientation angle, node 4, rad
         45     9.80462208390E-002,  -5.61169087887E-002,   9.93598401546E-001         F               0         Tower Z orientation angle, node 4, rad
         46     9.95026767254E-001,  -6.43649464473E-003,  -9.93994697928E-002         F               0         Tower X orientation angle, node 5, rad
         47     1.20153883472E-002,   9.98379170895E-001,   5.56297861040E-002         F               0         Tower Y orientation angle, node 5, rad
         48     9.88802984357E-002,  -5.65474517643E-002,   9.93491351604E-001         F               0         Tower Z orientation angle, node 5, rad
         49     9.94961559772E-001,  -6.39896327630E-003,  -1.00052870810E-001         F               0         Tower X orientation angle, node 6, rad
         50     1.20524866506E-002,   9.98357832432E-001,   5.60034476221E-002         F               0         Tower Y orientation angle, node 6, rad
         51     9.95301976800E-002,  -5.69271631539E-002,   9.93404746056E-001         F               0         Tower Z orientation angle, node 6, rad
         52     9.94913697243E-001,  -6.37130951509E-003,  -1.00529357791E-001         F               0         Tower X orientation angle, node 7, rad
         53     1.20839364827E-002,   9.98339653015E-001,   5.63192963600E-002         F               0         Tower Y orientation angle, node 7, rad
         54     1.00003615022E-001,  -5.72476275265E-002,   9.93338823318E-001         F               0         Tower Z orientation angle, node 7, rad
         55     9.94879662991E-001,  -6.35153520852E-003,  -1.00866615772E-001         F               0         Tower X orientation angle, node 8, rad
         56     1.21096894145E-002,   9.98324751854E-001,   5.65775819123E-002         F               0         Tower Y orientation angle, node 8, rad
         57     1.00338287652E-001,  -5.75093515217E-002,   9.93289947510E-001         F               0         Tower Z orientation angle, node 8, rad
         58     9.94857311249E-001,  -6.33841892704E-003,  -1.01088017225E-001         F               0         Tower X orientation angle, node 9, rad
         59     1.21293496341E-002,   9.98313307762E-001,   5.67747242749E-002         F               0         Tower Y orientation angle, node 9, rad
         60     1.00557647645E-001,  -5.77088817954E-002,   9.93256211281E-001         F               0         Tower Z orientation angle, node 9, rad
         61     9.94844317436E-001,  -6.33074156940E-003,  -1.01216204464E-001         F               0         Tower X orientation angle, node 10, rad
         62     1.21426181868E-002,   9.98305618763E-001,   5.69078810513E-002         F               0         Tower Y orientation angle, node 10, rad
         63     1.00684434175E-001,  -5.78435100615E-002,   9.93235528469E-001         F               0         Tower Z orientation angle, node 10, rad
         64     9.94838118553E-001,  -6.32703443989E-003,  -1.01277410984E-001         F               0         Tower X orientation angle, node 11, rad
         65     1.21500203386E-002,   9.98301267624E-001,   5.69822713733E-002         F               0         Tower Y orientation angle, node 11, rad
         66     1.00744843483E-001,  -5.79186566174E-002,   9.93224978447E-001         F               0         Tower Z orientation angle, node 11, rad
         67     5.37200737745E-003                                                     F               0         Tower X translation velocity, node 1, m/s
         68    -3.00880847499E-003                                                     F               0         Tower Y translation velocity, node 1, m/s
         69     1.07438513078E-003                                                     F               0         Tower Z translation velocity, node 1, m/s
         70     7.25465035066E-003                                                     F               0         Tower X translation velocity, node 2, m/s
         71    -4.01281751692E-003                                                     F               0         Tower Y translation velocity, node 2, m/s
         72     8.39451618958E-004                                                     F               0         Tower Z translation velocity, node 2, m/s
         73     7.85715039819E-003                                                     F               0         Tower X translation velocity, node 3, m/s
         74    -4.47474699467E-003                                                     F               0         Tower Y translation velocity, node 3, m/s
         75     7.55232409574E-004                                                     F               0         Tower Z translation velocity, node 3, m/s
         76     7.39270541817E-003                                                     F               0         Tower X translation velocity, node 4, m/s
         77    -4.49532410130E-003                                                     F               0         Tower Y translation velocity, node 4, m/s
         78     7.99699744675E-004                                                     F               0         Tower Z translation velocity, node 4, m/s
         79     5.95128163695E-003                                                     F               0         Tower X translation velocity, node 5, m/s
         80    -4.12130728364E-003                                                     F               0         Tower Y translation velocity, node 5, m/s
         81     9.63859783951E-004                                                     F               0         Tower Z translation velocity, node 5, m/s
         82     3.63064743578E-003                                                     F               0         Tower X translation velocity, node 6, m/s
         83    -3.40092903934E-003                                                     F               0         Tower Y translation velocity, node 6, m/s
         84     1.23687169980E-003                                                     F               0         Tower Z translation velocity, node 6, m/s
         85     5.94830664340E-004                                                     F               0         Tower X translation velocity, node 7, m/s
         86    -2.40544090047E-003                                                     F               0         Tower Y translation velocity, node 7, m/s
         87     1.59893976524E-003                                                     F               0         Tower Z translation velocity, node 7, m/s
         88    -3.10892751440E-003                                                     F               0         Tower X translation velocity, node 8, m/s
         89    -1.15891324822E-003                                                     F               0         Tower Y translation velocity, node 8, m/s
         90     2.04441649839E-003                                                     F               0         Tower Z translation velocity, node 8, m/s
         91    -7.35069345683E-003                                                     F               0         Tower X translation velocity, node 9, m/s
         92     2.84760259092E-004                                                     F               0         Tower Y translation velocity, node 9, m/s
         93     2.55709188059E-003                                                     F               0         Tower Z translation velocity, node 9, m/s
         94    -1.19897564873E-002                                                     F               0         Tower X translation velocity, node 10, m/s
         95     1.87012017705E-003                                                     F               0         Tower Y translation velocity, node 10, m/s
         96     3.11926146969E-003                                                     F               0         Tower Z translation velocity, node 10, m/s
         97    -1.68820098042E-002                                                     F               0         Tower X translation velocity, node 11, m/s
         98     3.54380276985E-003                                                     F               0         Tower Y translation velocity, node 11, m/s
         99     3.71280405670E-003                                                     F               0         Tower Z translation velocity, node 11, m/s
        100     2.16147270203E+001                                                     F               0         Hub X translation displacement, node 1, m
        101    -9.22012329102E+000                                                     F               0         Hub Y translation displacement, node 1, m
        102     2.02749744058E-002                                                     F               0         Hub Z translation displacement, node 1, m
        103     9.78857576847E-001,  -2.38226173678E-004,  -2.04542890191E-001         F               0         Hub X orientation angle, node 1, rad
        104     1.41480550170E-001,   7.22981810570E-001,   6.76225244999E-001         F               0         Hub Y orientation angle, node 1, rad
        105     1.47719696164E-001,  -6.90867066383E-001,   7.07729876041E-001         F               0         Hub Z orientation angle, node 1, rad
        106     7.75197148323E-001                                                     F               0         Hub X rotation velocity, node 1, rad/s
        107    -5.91494201217E-004                                                     F               0         Hub Y rotation velocity, node 1, rad/s
        108    -1.62019357085E-001                                                     F               0         Hub Z rotation velocity, node 1, rad/s
        109     8.95512461662E-001,  -2.10306480527E-001,  -3.92209857702E-001         F               0         Blade root 1 X orientation angle, node 1, rad
        110     4.19805049896E-001,   6.91718101501E-001,   5.87613642216E-001         F               0         Blade root 1 Y orientation angle, node 1, rad
        111     1.47719696164E-001,  -6.90867066383E-001,   7.07729876041E-001         F               0         Blade root 1 Z orientation angle, node 1, rad
        112     9.20005381107E-001,   2.78663218021E-001,  -2.75566607714E-001         F               0         Blade root 2 X orientation angle, node 1, rad
        113     3.39150160551E-001,  -9.18456077576E-001,   2.03508168459E-001         F               0         Blade root 2 Y orientation angle, node 1, rad
        114    -1.96385592222E-001,  -2.80687063932E-001,  -9.39493179321E-001         F               0         Blade root 2 Z orientation angle, node 1, rad
        115     9.94350612164E-001,  -6.90405741334E-002,   8.06240141392E-002         F               0         Blade root 3 X orientation angle, node 1, rad
        116     9.43316668272E-002,   2.26530343294E-001,  -9.69425380230E-001         F               0         Blade root 3 Y orientation angle, node 1, rad
        117     4.86658997834E-002,   9.71554100513E-001,   2.31763303280E-001         F               0         Blade root 3 Z orientation angle, node 1, rad
        118     2.18540058136E+001                                                     F               0         Blade 1 X translation displacement, node 1, m
        119    -1.30475263596E+001                                                     F               0         Blade 1 Y translation displacement, node 1, m
        120    -1.56856024265E+000                                                     F               0         Blade 1 Z translation displacement, node 1, m
        121     2.19116611481E+001                                                     F               0         Blade 1 X translation displacement, node 2, m
        122    -1.39697685242E+001                                                     F               0         Blade 1 Y translation displacement, node 2, m
        123    -1.95139813423E+000                                                     F               0         Blade 1 Z translation displacement, node 2, m
        124     2.26956863403E+001                                                     F               0         Blade 1 X translation displacement, node 3, m
        125    -2.65106678009E+001                                                     F               0         Blade 1 Y translation displacement, node 3, m
        126    -7.15736007690E+000                                                     F               0         Blade 1 Z translation displacement, node 3, m
        127     2.28627281189E+001                                                     F               0         Blade 1 X translation displacement, node 4, m
        128    -2.91825809479E+001                                                     F               0         Blade 1 Y translation displacement, node 4, m
        129    -8.26653003693E+000                                                     F               0         Blade 1 Z translation displacement, node 4, m
        130     2.30298004150E+001                                                     F               0         Blade 1 X translation displacement, node 5, m
        131    -3.18550033569E+001                                                     F               0         Blade 1 Y translation displacement, node 5, m
        132    -9.37589454651E+000                                                     F               0         Blade 1 Z translation displacement, node 5, m
        133     2.31968421936E+001                                                     F               0         Blade 1 X translation displacement, node 6, m
        134    -3.45269279480E+001                                                     F               0         Blade 1 Y translation displacement, node 6, m
        135    -1.04850673676E+001                                                     F               0         Blade 1 Z translation displacement, node 6, m
        136     2.33638839722E+001                                                     F               0         Blade 1 X translation displacement, node 7, m
        137    -3.71988601685E+001                                                     F               0         Blade 1 Y translation displacement, node 7, m
        138    -1.15942316055E+001                                                     F               0         Blade 1 Z translation displacement, node 7, m
        139     2.35309562683E+001                                                     F               0         Blade 1 X translation displacement, node 8, m
        140    -3.98712692261E+001                                                     F               0         Blade 1 Y translation displacement, node 8, m
        141    -1.27036075592E+001                                                     F               0         Blade 1 Z translation displacement, node 8, m
        142     2.36979980469E+001                                                     F               0         Blade 1 X translation displacement, node 9, m
        143    -4.25432014465E+001                                                     F               0         Blade 1 Y translation displacement, node 9, m
        144    -1.38127689362E+001                                                     F               0         Blade 1 Z translation displacement, node 9, m
        145     2.38650417328E+001                                                     F               0         Blade 1 X translation displacement, node 10, m
        146    -4.52151260376E+001                                                     F               0         Blade 1 Y translation displacement, node 10, m
        147    -1.49219427109E+001                                                     F               0         Blade 1 Z translation displacement, node 10, m
        148     2.40320835114E+001                                                     F               0         Blade 1 X translation displacement, node 11, m
        149    -4.78870582581E+001                                                     F               0         Blade 1 Y translation displacement, node 11, m
        150    -1.60311050415E+001                                                     F               0         Blade 1 Z translation displacement, node 11, m
        151     2.41991558075E+001                                                     F               0         Blade 1 X translation displacement, node 12, m
        152    -5.05594596863E+001                                                     F               0         Blade 1 Y translation displacement, node 12, m
        153    -1.71404781342E+001                                                     F               0         Blade 1 Z translation displacement, node 12, m
        154     2.43661975861E+001                                                     F               0         Blade 1 X translation displacement, node 13, m
        155    -5.32313957214E+001                                                     F               0         Blade 1 Y translation displacement, node 13, m
        156    -1.82496395111E+001                                                     F               0         Blade 1 Z translation displacement, node 13, m
        157     2.45332393646E+001                                                     F               0         Blade 1 X translation displacement, node 14, m
        158    -5.59033164978E+001                                                     F               0         Blade 1 Y translation displacement, node 14, m
        159    -1.93588123322E+001                                                     F               0         Blade 1 Z translation displacement, node 14, m
        160     2.47003116608E+001                                                     F               0         Blade 1 X translation displacement, node 15, m
        161    -5.85757331848E+001                                                     F               0         Blade 1 Y translation displacement, node 15, m
        162    -2.04681816101E+001                                                     F               0         Blade 1 Z translation displacement, node 15, m
        163     2.48673534393E+001                                                     F               0         Blade 1 X translation displacement, node 16, m
        164    -6.12476615906E+001                                                     F               0         Blade 1 Y translation displacement, node 16, m
        165    -2.15773525238E+001                                                     F               0         Blade 1 Z translation displacement, node 16, m
        166     2.50343971252E+001                                                     F               0         Blade 1 X translation displacement, node 17, m
        167    -6.39195976257E+001                                                     F               0         Blade 1 Y translation displacement, node 17, m
        168    -2.26865139008E+001                                                     F               0         Blade 1 Z translation displacement, node 17, m
        169     2.52014389038E+001                                                     F               0         Blade 1 X translation displacement, node 18, m
        170    -6.65915222168E+001                                                     F               0         Blade 1 Y translation displacement, node 18, m
        171    -2.37956848145E+001                                                     F               0         Blade 1 Z translation displacement, node 18, m
        172     2.53685092926E+001                                                     F               0         Blade 1 X translation displacement, node 19, m
        173    -6.92639236450E+001                                                     F               0         Blade 1 Y translation displacement, node 19, m
        174    -2.49050540924E+001                                                     F               0         Blade 1 Z translation displacement, node 19, m
        175     2.55355510712E+001                                                     F               0         Blade 1 X translation displacement, node 20, m
        176    -7.19358596802E+001                                                     F               0         Blade 1 Y translation displacement, node 20, m
        177    -2.60142135620E+001                                                     F               0         Blade 1 Z translation displacement, node 20, m
        178     2.57025947571E+001                                                     F               0         Blade 1 X translation displacement, node 21, m
        179    -7.46077880859E+001                                                     F               0         Blade 1 Y translation displacement, node 21, m
        180    -2.71233882904E+001                                                     F               0         Blade 1 Z translation displacement, node 21, m
        181     2.58696670532E+001                                                     F               0         Blade 1 X translation displacement, node 22, m
        182    -7.72801971436E+001                                                     F               0         Blade 1 Y translation displacement, node 22, m
        183    -2.82327613831E+001                                                     F               0         Blade 1 Z translation displacement, node 22, m
        184     2.60367088318E+001                                                     F               0         Blade 1 X translation displacement, node 23, m
        185    -7.99521255493E+001                                                     F               0         Blade 1 Y translation displacement, node 23, m
        186    -2.93419208527E+001                                                     F               0         Blade 1 Z translation displacement, node 23, m
        187     2.62037506104E+001                                                     F               0         Blade 1 X translation displacement, node 24, m
        188    -8.26240539551E+001                                                     F               0         Blade 1 Y translation displacement, node 24, m
        189    -3.04510917664E+001                                                     F               0         Blade 1 Z translation displacement, node 24, m
        190     2.63707923889E+001                                                     F               0         Blade 1 X translation displacement, node 25, m
        191    -8.52959823608E+001                                                     F               0         Blade 1 Y translation displacement, node 25, m
        192    -3.15602645874E+001                                                     F               0         Blade 1 Z translation displacement, node 25, m
        193     2.65378646851E+001                                                     F               0         Blade 1 X translation displacement, node 26, m
        194    -8.79683990479E+001                                                     F               0         Blade 1 Y translation displacement, node 26, m
        195    -3.26696395874E+001                                                     F               0         Blade 1 Z translation displacement, node 26, m
        196     2.67049064636E+001                                                     F               0         Blade 1 X translation displacement, node 27, m
        197    -9.06403198242E+001                                                     F               0         Blade 1 Y translation displacement, node 27, m
        198    -3.37788085938E+001                                                     F               0         Blade 1 Z translation displacement, node 27, m
        199     2.68465232849E+001                                                     F               0         Blade 1 X translation displacement, node 28, m
        200    -9.29055404663E+001                                                     F               0         Blade 1 Y translation displacement, node 28, m
        201    -3.47191276550E+001                                                     F               0         Blade 1 Z translation displacement, node 28, m
        202     6.05547249317E-001,  -5.02598345280E-001,  -6.17014884949E-001         F               0         Blade 1 X orientation angle, node 1, rad
        203     7.81979143620E-001,   5.19709169865E-001,   3.44108998775E-001         F               0         Blade 1 Y orientation angle, node 1, rad
        204     1.47719696164E-001,  -6.90867066383E-001,   7.07729876041E-001         F               0         Blade 1 Z orientation angle, node 1, rad
        205     6.05547249317E-001,  -5.02598345280E-001,  -6.17014884949E-001         F               0         Blade 1 X orientation angle, node 2, rad
        206     7.81979143620E-001,   5.19709169865E-001,   3.44108998775E-001         F               0         Blade 1 Y orientation angle, node 2, rad
        207     1.47719696164E-001,  -6.90867066383E-001,   7.07729876041E-001         F               0         Blade 1 Z orientation angle, node 2, rad
        208     7.73628950119E-001,  -3.65103125572E-001,  -5.17878293991E-001         F               0         Blade 1 X orientation angle, node 3, rad
        209     6.16179466248E-001,   6.24021172523E-001,   4.80541855097E-001         F               0         Blade 1 Y orientation angle, node 3, rad
        210     1.47719696164E-001,  -6.90867066383E-001,   7.07729876041E-001         F               0         Blade 1 Z orientation angle, node 3, rad
        211     7.98956811428E-001,  -3.38428586721E-001,  -4.97125834227E-001         F               0         Blade 1 X orientation angle, node 4, rad
        212     5.82963883877E-001,   6.38880908489E-001,   5.01980364323E-001         F               0         Blade 1 Y orientation angle, node 4, rad
        213     1.47719696164E-001,  -6.90867066383E-001,   7.07729876041E-001         F               0         Blade 1 Z orientation angle, node 4, rad
        214     8.17845821381E-001,  -3.17060321569E-001,  -4.80209261179E-001         F               0         Blade 1 X orientation angle, node 5, rad
        215     5.56153833866E-001,   6.49750292301E-001,   5.18186688423E-001         F               0         Blade 1 Y orientation angle, node 5, rad
        216     1.47719696164E-001,  -6.90867066383E-001,   7.07729876041E-001         F               0         Blade 1 Z orientation angle, node 5, rad
        217     8.32310557365E-001,  -2.99713522196E-001,  -4.66294914484E-001         F               0         Blade 1 X orientation angle, node 6, rad
        218     5.34264028072E-001,   6.57931983471E-001,   5.30742347240E-001         F               0         Blade 1 Y orientation angle, node 6, rad
        219     1.47719696164E-001,  -6.90867066383E-001,   7.07729876041E-001         F               0         Blade 1 Z orientation angle, node 6, rad
        220     8.43767404556E-001,  -2.85289496183E-001,  -4.54605877399E-001         F               0         Blade 1 X orientation angle, node 7, rad
        221     5.15980124474E-001,   6.64313614368E-001,   5.40788233280E-001         F               0         Blade 1 Y orientation angle, node 7, rad
        222     1.47719696164E-001,  -6.90867066383E-001,   7.07729876041E-001         F               0         Blade 1 Z orientation angle, node 7, rad
        223     8.52993667126E-001,  -2.73184925318E-001,  -4.44715440273E-001         F               0         Blade 1 X orientation angle, node 8, rad
        224     5.00580370426E-001,   6.69382333755E-001,   5.48950433731E-001         F               0         Blade 1 Y orientation angle, node 8, rad
        225     1.47719696164E-001,  -6.90867066383E-001,   7.07729876041E-001         F               0         Blade 1 Z orientation angle, node 8, rad
        226     8.60581099987E-001,  -2.62872129679E-001,  -4.36232060194E-001         F               0         Blade 1 X orientation angle, node 9, rad
        227     4.87420827150E-001,   6.73499047756E-001,   5.55715739727E-001         F               0         Blade 1 Y orientation angle, node 9, rad
        228     1.47719696164E-001,  -6.90867006779E-001,   7.07729935646E-001         F               0         Blade 1 Z orientation angle, node 9, rad
        229     8.66970598698E-001,  -2.53915637732E-001,  -4.28822606802E-001         F               0         Blade 1 X orientation angle, node 10, rad
        230     4.75963115692E-001,   6.76926553249E-001,   5.61453104019E-001         F               0         Blade 1 Y orientation angle, node 10, rad
        231     1.47719696164E-001,  -6.90867066383E-001,   7.07729876041E-001         F               0         Blade 1 Z orientation angle, node 10, rad
        232     8.72314333916E-001,  -2.46219977736E-001,  -4.22425657511E-001         F               0         Blade 1 X orientation angle, node 11, rad
        233     4.66097205877E-001,   6.79763495922E-001,   5.66281676292E-001         F               0         Blade 1 Y orientation angle, node 11, rad
        234     1.47719696164E-001,  -6.90867066383E-001,   7.07729876041E-001         F               0         Blade 1 Z orientation angle, node 11, rad
        235     8.76908004284E-001,  -2.39445373416E-001,  -4.16771262884E-001         F               0         Blade 1 X orientation angle, node 12, rad
        236     4.57396179438E-001,   6.82179331779E-001,   5.70456027985E-001         F               0         Blade 1 Y orientation angle, node 12, rad
        237     1.47719696164E-001,  -6.90867066383E-001,   7.07729876041E-001         F               0         Blade 1 Z orientation angle, node 12, rad
        238     8.80866110325E-001,  -2.33483180404E-001,  -4.11777287722E-001         F               0         Blade 1 X orientation angle, node 13, rad
        239     4.49726402760E-001,   6.84242904186E-001,   5.74071288109E-001         F               0         Blade 1 Y orientation angle, node 13, rad
        240     1.47719696164E-001,  -6.90867066383E-001,   7.07729876041E-001         F               0         Blade 1 Z orientation angle, node 13, rad
        241     8.84371042252E-001,  -2.28102013469E-001,  -4.07255887985E-001         F               0         Blade 1 X orientation angle, node 14, rad
        242     4.42794293165E-001,   6.86055541039E-001,   5.77287614346E-001         F               0         Blade 1 Y orientation angle, node 14, rad
        243     1.47719696164E-001,  -6.90867066383E-001,   7.07729876041E-001         F               0         Blade 1 Z orientation angle, node 14, rad
        244     8.87440741062E-001,  -2.23306924105E-001,  -4.03215765953E-001         F               0         Blade 1 X orientation angle, node 15, rad
        245     4.36609476805E-001,   6.87631249428E-001,   5.80116748810E-001         F               0         Blade 1 Y orientation angle, node 15, rad
        246     1.47719696164E-001,  -6.90867006779E-001,   7.07729935646E-001         F               0         Blade 1 Z orientation angle, node 15, rad
        247     8.90166521072E-001,  -2.18982025981E-001,  -3.99562865496E-001         F               0         Blade 1 X orientation angle, node 16, rad
