
Linearized model: Predictions were generated on 12-Jan-2024 at 09:28:28 using OpenFAST, compiled as a 64-bit application using single precision at commit v3.5.1
 linked with  NWTC Subroutine Library; ElastoDyn; InflowWind; AeroDyn; ServoDyn; HydroDyn; MAP++ (<1.20.10>, <Oct-20-2023>)

Description from the FAST input file: CCT-9 Campign 4 model. Input files to be run with OpenFAST 3.5.0. GitHub branch from Lu Wang (https://github.com/luwang00/openfast/tree/dev) compiled on March 7, 2023.

Simulation information:
   Simulation time:                   500.2500 s
   Rotor Speed:                         0.8767 rad/s
   Azimuth:                             4.0760 rad
   Wind Speed:                         10.0000 m/s
   Number of continuous states:         0
   Number of discrete states:           0
   Number of constraint states:         0
   Number of inputs:                 1746
   Number of outputs:                   4
   Jacobians included in this file?    No

Order of inputs:
     Column   Operating Point                     Rotating Frame? Derivative Order Description
   ---------- ---------------                     --------------- ---------------- -----------
          1    1.102E+01                                 F               0         Tower X translation displacement, node 1, m
          2   -1.221E+00                                 F               0         Tower Y translation displacement, node 1, m
          3   -3.261E-01                                 F               0         Tower Z translation displacement, node 1, m
          4    1.249E+01                                 F               0         Tower X translation displacement, node 2, m
          5   -1.795E+00                                 F               0         Tower Y translation displacement, node 2, m
          6   -4.272E-01                                 F               0         Tower Z translation displacement, node 2, m
          7    1.398E+01                                 F               0         Tower X translation displacement, node 3, m
          8   -2.375E+00                                 F               0         Tower Y translation displacement, node 3, m
          9   -5.316E-01                                 F               0         Tower Z translation displacement, node 3, m
         10    1.549E+01                                 F               0         Tower X translation displacement, node 4, m
         11   -2.960E+00                                 F               0         Tower Y translation displacement, node 4, m
         12   -6.384E-01                                 F               0         Tower Z translation displacement, node 4, m
         13    1.702E+01                                 F               0         Tower X translation displacement, node 5, m
         14   -3.548E+00                                 F               0         Tower Y translation displacement, node 5, m
         15   -7.474E-01                                 F               0         Tower Z translation displacement, node 5, m
         16    1.856E+01                                 F               0         Tower X translation displacement, node 6, m
         17   -4.139E+00                                 F               0         Tower Y translation displacement, node 6, m
         18   -8.580E-01                                 F               0         Tower Z translation displacement, node 6, m
         19    2.011E+01                                 F               0         Tower X translation displacement, node 7, m
         20   -4.733E+00                                 F               0         Tower Y translation displacement, node 7, m
         21   -9.699E-01                                 F               0         Tower Z translation displacement, node 7, m
         22    2.167E+01                                 F               0         Tower X translation displacement, node 8, m
         23   -5.329E+00                                 F               0         Tower Y translation displacement, node 8, m
         24   -1.083E+00                                 F               0         Tower Z translation displacement, node 8, m
         25    2.323E+01                                 F               0         Tower X translation displacement, node 9, m
         26   -5.926E+00                                 F               0         Tower Y translation displacement, node 9, m
         27   -1.197E+00                                 F               0         Tower Z translation displacement, node 9, m
         28    2.480E+01                                 F               0         Tower X translation displacement, node 10, m
         29   -6.525E+00                                 F               0         Tower Y translation displacement, node 10, m
         30   -1.311E+00                                 F               0         Tower Z translation displacement, node 10, m
         31    2.636E+01                                 F               0         Tower X translation displacement, node 11, m
         32   -7.124E+00                                 F               0         Tower Y translation displacement, node 11, m
         33   -1.425E+00                                 F               0         Tower Z translation displacement, node 11, m
         34    9.930E-01,  9.756E-03, -1.178E-01         F               0         Tower X orientation angle, node 1, rad
         35   -4.220E-03,  9.989E-01,  4.716E-02         F               0         Tower Y orientation angle, node 1, rad
         36    1.181E-01, -4.633E-02,  9.919E-01         F               0         Tower Z orientation angle, node 1, rad
         37    9.928E-01,  9.844E-03, -1.197E-01         F               0         Tower X orientation angle, node 2, rad
         38   -4.168E-03,  9.989E-01,  4.759E-02         F               0         Tower Y orientation angle, node 2, rad
         39    1.200E-01, -4.674E-02,  9.917E-01         F               0         Tower Z orientation angle, node 2, rad
         40    9.926E-01,  9.921E-03, -1.213E-01         F               0         Tower X orientation angle, node 3, rad
         41   -4.121E-03,  9.988E-01,  4.798E-02         F               0         Tower Y orientation angle, node 3, rad
         42    1.216E-01, -4.712E-02,  9.915E-01         F               0         Tower Z orientation angle, node 3, rad
         43    9.924E-01,  9.987E-03, -1.227E-01         F               0         Tower X orientation angle, node 4, rad
         44   -4.079E-03,  9.988E-01,  4.831E-02         F               0         Tower Y orientation angle, node 4, rad
         45    1.230E-01, -4.745E-02,  9.913E-01         F               0         Tower Z orientation angle, node 4, rad
         46    9.923E-01,  1.004E-02, -1.238E-01         F               0         Tower X orientation angle, node 5, rad
         47   -4.043E-03,  9.988E-01,  4.861E-02         F               0         Tower Y orientation angle, node 5, rad
         48    1.242E-01, -4.773E-02,  9.911E-01         F               0         Tower Z orientation angle, node 5, rad
         49    9.921E-01,  1.009E-02, -1.247E-01         F               0         Tower X orientation angle, node 6, rad
         50   -4.013E-03,  9.988E-01,  4.885E-02         F               0         Tower Y orientation angle, node 6, rad
         51    1.251E-01, -4.796E-02,  9.910E-01         F               0         Tower Z orientation angle, node 6, rad
         52    9.921E-01,  1.012E-02, -1.254E-01         F               0         Tower X orientation angle, node 7, rad
         53   -3.988E-03,  9.988E-01,  4.904E-02         F               0         Tower Y orientation angle, node 7, rad
         54    1.257E-01, -4.815E-02,  9.909E-01         F               0         Tower Z orientation angle, node 7, rad
         55    9.920E-01,  1.014E-02, -1.259E-01         F               0         Tower X orientation angle, node 8, rad
         56   -3.969E-03,  9.988E-01,  4.920E-02         F               0         Tower Y orientation angle, node 8, rad
         57    1.262E-01, -4.830E-02,  9.908E-01         F               0         Tower Z orientation angle, node 8, rad
         58    9.919E-01,  1.016E-02, -1.262E-01         F               0         Tower X orientation angle, node 9, rad
         59   -3.955E-03,  9.988E-01,  4.931E-02         F               0         Tower Y orientation angle, node 9, rad
         60    1.266E-01, -4.841E-02,  9.908E-01         F               0         Tower Z orientation angle, node 9, rad
         61    9.919E-01,  1.017E-02, -1.264E-01         F               0         Tower X orientation angle, node 10, rad
         62   -3.946E-03,  9.988E-01,  4.938E-02         F               0         Tower Y orientation angle, node 10, rad
         63    1.268E-01, -4.848E-02,  9.907E-01         F               0         Tower Z orientation angle, node 10, rad
         64    9.919E-01,  1.018E-02, -1.266E-01         F               0         Tower X orientation angle, node 11, rad
         65   -3.941E-03,  9.988E-01,  4.942E-02         F               0         Tower Y orientation angle, node 11, rad
         66    1.269E-01, -4.852E-02,  9.907E-01         F               0         Tower Z orientation angle, node 11, rad
         67   -4.189E-03                                 F               0         Tower X translation velocity, node 1, m/s
         68   -7.256E-03                                 F               0         Tower Y translation velocity, node 1, m/s
         69   -2.368E-03                                 F               0         Tower Z translation velocity, node 1, m/s
         70   -4.536E-03                                 F               0         Tower X translation velocity, node 2, m/s
         71   -1.349E-02                                 F               0         Tower Y translation velocity, node 2, m/s
         72   -2.619E-03                                 F               0         Tower Z translation velocity, node 2, m/s
         73   -4.790E-03                                 F               0         Tower X translation velocity, node 3, m/s
         74   -1.977E-02                                 F               0         Tower Y translation velocity, node 3, m/s
         75   -2.886E-03                                 F               0         Tower Z translation velocity, node 3, m/s
         76   -4.969E-03                                 F               0         Tower X translation velocity, node 4, m/s
         77   -2.611E-02                                 F               0         Tower Y translation velocity, node 4, m/s
         78   -3.166E-03                                 F               0         Tower Z translation velocity, node 4, m/s
         79   -5.085E-03                                 F               0         Tower X translation velocity, node 5, m/s
         80   -3.248E-02                                 F               0         Tower Y translation velocity, node 5, m/s
         81   -3.457E-03                                 F               0         Tower Z translation velocity, node 5, m/s
         82   -5.148E-03                                 F               0         Tower X translation velocity, node 6, m/s
         83   -3.888E-02                                 F               0         Tower Y translation velocity, node 6, m/s
         84   -3.758E-03                                 F               0         Tower Z translation velocity, node 6, m/s
         85   -5.170E-03                                 F               0         Tower X translation velocity, node 7, m/s
         86   -4.531E-02                                 F               0         Tower Y translation velocity, node 7, m/s
         87   -4.067E-03                                 F               0         Tower Z translation velocity, node 7, m/s
         88   -5.156E-03                                 F               0         Tower X translation velocity, node 8, m/s
         89   -5.175E-02                                 F               0         Tower Y translation velocity, node 8, m/s
         90   -4.383E-03                                 F               0         Tower Z translation velocity, node 8, m/s
         91   -5.115E-03                                 F               0         Tower X translation velocity, node 9, m/s
         92   -5.821E-02                                 F               0         Tower Y translation velocity, node 9, m/s
         93   -4.703E-03                                 F               0         Tower Z translation velocity, node 9, m/s
         94   -5.056E-03                                 F               0         Tower X translation velocity, node 10, m/s
         95   -6.468E-02                                 F               0         Tower Y translation velocity, node 10, m/s
         96   -5.027E-03                                 F               0         Tower Z translation velocity, node 10, m/s
         97   -4.986E-03                                 F               0         Tower X translation velocity, node 11, m/s
         98   -7.116E-02                                 F               0         Tower Y translation velocity, node 11, m/s
         99   -5.353E-03                                 F               0         Tower Z translation velocity, node 11, m/s
        100    2.745E+01                                 F               0         Hub X translation displacement, node 1, m
        101   -7.615E+00                                 F               0         Hub Y translation displacement, node 1, m
        102   -1.313E-01                                 F               0         Hub Z translation displacement, node 1, m
        103    9.732E-01,  1.519E-02, -2.294E-01         F               0         Hub X orientation angle, node 1, rad
        104   -1.825E-01, -5.556E-01, -8.111E-01         F               0         Hub Y orientation angle, node 1, rad
        105   -1.398E-01,  8.313E-01, -5.380E-01         F               0         Hub Z orientation angle, node 1, rad
        106    8.538E-01                                 F               0         Hub X rotation velocity, node 1, rad/s
        107    1.333E-02                                 F               0         Hub Y rotation velocity, node 1, rad/s
        108   -2.012E-01                                 F               0         Hub Z rotation velocity, node 1, rad/s
        109    9.782E-01,  3.167E-02, -2.053E-01         F               0         Blade root 1 X orientation angle, node 1, rad
        110   -1.536E-01, -5.549E-01, -8.176E-01         F               0         Blade root 1 Y orientation angle, node 1, rad
        111   -1.398E-01,  8.313E-01, -5.380E-01         F               0         Blade root 1 Z orientation angle, node 1, rad
        112    9.737E-01, -1.441E-02, -2.275E-01         F               0         Blade root 2 X orientation angle, node 1, rad
        113   -9.125E-04,  9.977E-01, -6.712E-02         F               0         Blade root 2 Y orientation angle, node 1, rad
        114    2.280E-01,  6.556E-02,  9.715E-01         F               0         Blade root 2 Z orientation angle, node 1, rad
        115    9.665E-01,  2.830E-02, -2.552E-01         F               0         Blade root 3 X orientation angle, node 1, rad
        116    2.411E-01, -4.414E-01,  8.643E-01         F               0         Blade root 3 Y orientation angle, node 1, rad
        117   -8.819E-02, -8.968E-01, -4.335E-01         F               0         Blade root 3 Z orientation angle, node 1, rad
        118    2.609E+01                                 F               0         Blade 1 X translation displacement, node 1, m
        119   -3.010E+00                                 F               0         Blade 1 Y translation displacement, node 1, m
        120   -8.621E+00                                 F               0         Blade 1 Z translation displacement, node 1, m
        121    2.577E+01                                 F               0         Blade 1 X translation displacement, node 2, m
        122   -1.900E+00                                 F               0         Blade 1 Y translation displacement, node 2, m
        123   -1.067E+01                                 F               0         Blade 1 Z translation displacement, node 2, m
        124    2.133E+01                                 F               0         Blade 1 X translation displacement, node 3, m
        125    1.319E+01                                 F               0         Blade 1 Y translation displacement, node 3, m
        126   -3.849E+01                                 F               0         Blade 1 Z translation displacement, node 3, m
        127    2.039E+01                                 F               0         Blade 1 X translation displacement, node 4, m
        128    1.640E+01                                 F               0         Blade 1 Y translation displacement, node 4, m
        129   -4.441E+01                                 F               0         Blade 1 Z translation displacement, node 4, m
        130    1.944E+01                                 F               0         Blade 1 X translation displacement, node 5, m
        131    1.962E+01                                 F               0         Blade 1 Y translation displacement, node 5, m
        132   -5.034E+01                                 F               0         Blade 1 Z translation displacement, node 5, m
        133    1.850E+01                                 F               0         Blade 1 X translation displacement, node 6, m
        134    2.284E+01                                 F               0         Blade 1 Y translation displacement, node 6, m
        135   -5.627E+01                                 F               0         Blade 1 Z translation displacement, node 6, m
        136    1.755E+01                                 F               0         Blade 1 X translation displacement, node 7, m
        137    2.605E+01                                 F               0         Blade 1 Y translation displacement, node 7, m
        138   -6.219E+01                                 F               0         Blade 1 Z translation displacement, node 7, m
        139    1.661E+01                                 F               0         Blade 1 X translation displacement, node 8, m
        140    2.927E+01                                 F               0         Blade 1 Y translation displacement, node 8, m
        141   -6.812E+01                                 F               0         Blade 1 Z translation displacement, node 8, m
        142    1.566E+01                                 F               0         Blade 1 X translation displacement, node 9, m
        143    3.248E+01                                 F               0         Blade 1 Y translation displacement, node 9, m
        144   -7.405E+01                                 F               0         Blade 1 Z translation displacement, node 9, m
        145    1.472E+01                                 F               0         Blade 1 X translation displacement, node 10, m
        146    3.570E+01                                 F               0         Blade 1 Y translation displacement, node 10, m
        147   -7.998E+01                                 F               0         Blade 1 Z translation displacement, node 10, m
        148    1.377E+01                                 F               0         Blade 1 X translation displacement, node 11, m
        149    3.891E+01                                 F               0         Blade 1 Y translation displacement, node 11, m
        150   -8.590E+01                                 F               0         Blade 1 Z translation displacement, node 11, m
        151    1.283E+01                                 F               0         Blade 1 X translation displacement, node 12, m
        152    4.213E+01                                 F               0         Blade 1 Y translation displacement, node 12, m
        153   -9.183E+01                                 F               0         Blade 1 Z translation displacement, node 12, m
        154    1.188E+01                                 F               0         Blade 1 X translation displacement, node 13, m
        155    4.534E+01                                 F               0         Blade 1 Y translation displacement, node 13, m
        156   -9.776E+01                                 F               0         Blade 1 Z translation displacement, node 13, m
        157    1.094E+01                                 F               0         Blade 1 X translation displacement, node 14, m
        158    4.856E+01                                 F               0         Blade 1 Y translation displacement, node 14, m
        159   -1.037E+02                                 F               0         Blade 1 Z translation displacement, node 14, m
        160    9.993E+00                                 F               0         Blade 1 X translation displacement, node 15, m
        161    5.177E+01                                 F               0         Blade 1 Y translation displacement, node 15, m
        162   -1.096E+02                                 F               0         Blade 1 Z translation displacement, node 15, m
        163    9.048E+00                                 F               0         Blade 1 X translation displacement, node 16, m
        164    5.499E+01                                 F               0         Blade 1 Y translation displacement, node 16, m
        165   -1.155E+02                                 F               0         Blade 1 Z translation displacement, node 16, m
        166    8.103E+00                                 F               0         Blade 1 X translation displacement, node 17, m
        167    5.820E+01                                 F               0         Blade 1 Y translation displacement, node 17, m
        168   -1.215E+02                                 F               0         Blade 1 Z translation displacement, node 17, m
        169    7.158E+00                                 F               0         Blade 1 X translation displacement, node 18, m
        170    6.142E+01                                 F               0         Blade 1 Y translation displacement, node 18, m
        171   -1.274E+02                                 F               0         Blade 1 Z translation displacement, node 18, m
        172    6.213E+00                                 F               0         Blade 1 X translation displacement, node 19, m
        173    6.463E+01                                 F               0         Blade 1 Y translation displacement, node 19, m
        174   -1.333E+02                                 F               0         Blade 1 Z translation displacement, node 19, m
        175    5.268E+00                                 F               0         Blade 1 X translation displacement, node 20, m
        176    6.785E+01                                 F               0         Blade 1 Y translation displacement, node 20, m
        177   -1.392E+02                                 F               0         Blade 1 Z translation displacement, node 20, m
        178    4.323E+00                                 F               0         Blade 1 X translation displacement, node 21, m
        179    7.106E+01                                 F               0         Blade 1 Y translation displacement, node 21, m
        180   -1.452E+02                                 F               0         Blade 1 Z translation displacement, node 21, m
        181    3.378E+00                                 F               0         Blade 1 X translation displacement, node 22, m
        182    7.428E+01                                 F               0         Blade 1 Y translation displacement, node 22, m
        183   -1.511E+02                                 F               0         Blade 1 Z translation displacement, node 22, m
        184    2.433E+00                                 F               0         Blade 1 X translation displacement, node 23, m
        185    7.749E+01                                 F               0         Blade 1 Y translation displacement, node 23, m
        186   -1.570E+02                                 F               0         Blade 1 Z translation displacement, node 23, m
        187    1.488E+00                                 F               0         Blade 1 X translation displacement, node 24, m
        188    8.071E+01                                 F               0         Blade 1 Y translation displacement, node 24, m
        189   -1.630E+02                                 F               0         Blade 1 Z translation displacement, node 24, m
        190    5.435E-01                                 F               0         Blade 1 X translation displacement, node 25, m
        191    8.392E+01                                 F               0         Blade 1 Y translation displacement, node 25, m
        192   -1.689E+02                                 F               0         Blade 1 Z translation displacement, node 25, m
        193   -4.016E-01                                 F               0         Blade 1 X translation displacement, node 26, m
        194    8.714E+01                                 F               0         Blade 1 Y translation displacement, node 26, m
        195   -1.748E+02                                 F               0         Blade 1 Z translation displacement, node 26, m
        196   -1.346E+00                                 F               0         Blade 1 X translation displacement, node 27, m
        197    9.035E+01                                 F               0         Blade 1 Y translation displacement, node 27, m
        198   -1.807E+02                                 F               0         Blade 1 Z translation displacement, node 27, m
        199   -2.148E+00                                 F               0         Blade 1 X translation displacement, node 28, m
        200    9.308E+01                                 F               0         Blade 1 Y translation displacement, node 28, m
        201   -1.858E+02                                 F               0         Blade 1 Z translation displacement, node 28, m
        202    9.406E-01,  2.812E-01,  1.902E-01         F               0         Blade 1 X orientation angle, node 1, rad
        203    3.094E-01, -4.794E-01, -8.212E-01         F               0         Blade 1 Y orientation angle, node 1, rad
        204   -1.398E-01,  8.313E-01, -5.380E-01         F               0         Blade 1 Z orientation angle, node 1, rad
        205    9.406E-01,  2.812E-01,  1.902E-01         F               0         Blade 1 X orientation angle, node 2, rad
        206    3.094E-01, -4.794E-01, -8.212E-01         F               0         Blade 1 Y orientation angle, node 2, rad
        207   -1.398E-01,  8.313E-01, -5.380E-01         F               0         Blade 1 Z orientation angle, node 2, rad
        208    9.871E-01,  1.596E-01, -9.896E-03         F               0         Blade 1 X orientation angle, node 3, rad
        209    7.763E-02, -5.324E-01, -8.429E-01         F               0         Blade 1 Y orientation angle, node 3, rad
        210   -1.398E-01,  8.313E-01, -5.380E-01         F               0         Blade 1 Z orientation angle, node 3, rad
        211    9.895E-01,  1.370E-01, -4.548E-02         F               0         Blade 1 X orientation angle, node 4, rad
        212    3.588E-02, -5.387E-01, -8.417E-01         F               0         Blade 1 Y orientation angle, node 4, rad
        213   -1.398E-01,  8.313E-01, -5.380E-01         F               0         Blade 1 Z orientation angle, node 4, rad
        214    9.902E-01,  1.190E-01, -7.336E-02         F               0         Blade 1 X orientation angle, node 5, rad
        215    3.056E-03, -5.430E-01, -8.398E-01         F               0         Blade 1 Y orientation angle, node 5, rad
        216   -1.398E-01,  8.313E-01, -5.380E-01         F               0         Blade 1 Z orientation angle, node 5, rad
        217    9.899E-01,  1.046E-01, -9.561E-02         F               0         Blade 1 X orientation angle, node 6, rad
        218   -2.321E-02, -5.459E-01, -8.375E-01         F               0         Blade 1 Y orientation angle, node 6, rad
        219   -1.398E-01,  8.313E-01, -5.380E-01         F               0         Blade 1 Z orientation angle, node 6, rad
        220    9.892E-01,  9.266E-02, -1.139E-01         F               0         Blade 1 X orientation angle, node 7, rad
        221   -4.480E-02, -5.481E-01, -8.352E-01         F               0         Blade 1 Y orientation angle, node 7, rad
        222   -1.398E-01,  8.313E-01, -5.380E-01         F               0         Blade 1 Z orientation angle, node 7, rad
        223    9.882E-01,  8.270E-02, -1.290E-01         F               0         Blade 1 X orientation angle, node 8, rad
        224   -6.275E-02, -5.497E-01, -8.330E-01         F               0         Blade 1 Y orientation angle, node 8, rad
        225   -1.398E-01,  8.313E-01, -5.380E-01         F               0         Blade 1 Z orientation angle, node 8, rad
        226    9.871E-01,  7.425E-02, -1.418E-01         F               0         Blade 1 X orientation angle, node 9, rad
        227   -7.792E-02, -5.509E-01, -8.309E-01         F               0         Blade 1 Y orientation angle, node 9, rad
        228   -1.398E-01,  8.313E-01, -5.380E-01         F               0         Blade 1 Z orientation angle, node 9, rad
        229    9.860E-01,  6.693E-02, -1.528E-01         F               0         Blade 1 X orientation angle, node 10, rad
        230   -9.100E-02, -5.518E-01, -8.290E-01         F               0         Blade 1 Y orientation angle, node 10, rad
        231   -1.398E-01,  8.313E-01, -5.380E-01         F               0         Blade 1 Z orientation angle, node 10, rad
        232    9.849E-01,  6.067E-02, -1.622E-01         F               0         Blade 1 X orientation angle, node 11, rad
        233   -1.022E-01, -5.525E-01, -8.272E-01         F               0         Blade 1 Y orientation angle, node 11, rad
        234   -1.398E-01,  8.313E-01, -5.380E-01         F               0         Blade 1 Z orientation angle, node 11, rad
        235    9.838E-01,  5.517E-02, -1.704E-01         F               0         Blade 1 X orientation angle, node 12, rad
        236   -1.120E-01, -5.531E-01, -8.256E-01         F               0         Blade 1 Y orientation angle, node 12, rad
        237   -1.398E-01,  8.313E-01, -5.380E-01         F               0         Blade 1 Z orientation angle, node 12, rad
        238    9.828E-01,  5.034E-02, -1.776E-01         F               0         Blade 1 X orientation angle, node 13, rad
        239   -1.206E-01, -5.536E-01, -8.240E-01         F               0         Blade 1 Y orientation angle, node 13, rad
        240   -1.398E-01,  8.313E-01, -5.380E-01         F               0         Blade 1 Z orientation angle, node 13, rad
        241    9.818E-01,  4.599E-02, -1.841E-01         F               0         Blade 1 X orientation angle, node 14, rad
        242   -1.283E-01, -5.539E-01, -8.226E-01         F               0         Blade 1 Y orientation angle, node 14, rad
        243   -1.398E-01,  8.313E-01, -5.380E-01         F               0         Blade 1 Z orientation angle, node 14, rad
        244    9.809E-01,  4.212E-02, -1.898E-01         F               0         Blade 1 X orientation angle, node 15, rad
        245   -1.351E-01, -5.542E-01, -8.213E-01         F               0         Blade 1 Y orientation angle, node 15, rad
        246   -1.398E-01,  8.313E-01, -5.380E-01         F               0         Blade 1 Z orientation angle, node 15, rad
        247    9.800E-01,  3.864E-02, -1.950E-01         F               0         Blade 1 X orientation angle, node 16, rad
        248   -1.413E-01, -5.545E-01, -8.201E-01         F               0         Blade 1 Y orientation angle, node 16, rad
        249   -1.398E-01,  8.313E-01, -5.380E-01         F               0         Blade 1 Z orientation angle, node 16, rad
        250    9.792E-01,  3.554E-02, -1.995E-01         F               0         Blade 1 X orientation angle, node 17, rad
        251   -1.468E-01, -5.547E-01, -8.190E-01         F               0         Blade 1 Y orientation angle, node 17, rad
        252   -1.398E-01,  8.313E-01, -5.380E-01         F               0         Blade 1 Z orientation angle, node 17, rad
        253    9.785E-01,  3.264E-02, -2.038E-01         F               0         Blade 1 X orientation angle, node 18, rad
        254   -1.519E-01, -5.549E-01, -8.179E-01         F               0         Blade 1 Y orientation angle, node 18, rad
        255   -1.398E-01,  8.313E-01, -5.380E-01         F               0         Blade 1 Z orientation angle, node 18, rad
        256    9.777E-01,  3.002E-02, -2.077E-01         F               0         Blade 1 X orientation angle, node 19, rad
        257   -1.565E-01, -5.550E-01, -8.170E-01         F               0         Blade 1 Y orientation angle, node 19, rad
        258   -1.398E-01,  8.313E-01, -5.380E-01         F               0         Blade 1 Z orientation angle, node 19, rad
        259    9.771E-01,  2.770E-02, -2.111E-01         F               0         Blade 1 X orientation angle, node 20, rad
        260   -1.606E-01, -5.552E-01, -8.161E-01         F               0         Blade 1 Y orientation angle, node 20, rad
        261   -1.398E-01,  8.313E-01, -5.380E-01         F               0         Blade 1 Z orientation angle, node 20, rad
        262    9.764E-01,  2.547E-02, -2.144E-01         F               0         Blade 1 X orientation angle, node 21, rad
        263   -1.645E-01, -5.553E-01, -8.152E-01         F               0         Blade 1 Y orientation angle, node 21, rad
        264   -1.398E-01,  8.313E-01, -5.380E-01         F               0         Blade 1 Z orientation angle, node 21, rad
        265    9.758E-01,  2.343E-02, -2.174E-01         F               0         Blade 1 X orientation angle, node 22, rad
        266   -1.681E-01, -5.554E-01, -8.145E-01         F               0         Blade 1 Y orientation angle, node 22, rad
        267   -1.398E-01,  8.313E-01, -5.380E-01         F               0         Blade 1 Z orientation angle, node 22, rad
        268    9.752E-01,  2.159E-02, -2.201E-01         F               0         Blade 1 X orientation angle, node 23, rad
        269   -1.713E-01, -5.554E-01, -8.137E-01         F               0         Blade 1 Y orientation angle, node 23, rad
        270   -1.398E-01,  8.313E-01, -5.380E-01         F               0         Blade 1 Z orientation angle, node 23, rad
        271    9.747E-01,  1.985E-02, -2.226E-01         F               0         Blade 1 X orientation angle, node 24, rad
        272   -1.744E-01, -5.555E-01, -8.130E-01         F               0         Blade 1 Y orientation angle, node 24, rad
        273   -1.398E-01,  8.313E-01, -5.380E-01         F               0         Blade 1 Z orientation angle, node 24, rad
        274    9.742E-01,  1.820E-02, -2.250E-01         F               0         Blade 1 X orientation angle, node 25, rad
        275   -1.773E-01, -5.555E-01, -8.124E-01         F               0         Blade 1 Y orientation angle, node 25, rad
        276   -1.398E-01,  8.313E-01, -5.380E-01         F               0         Blade 1 Z orientation angle, node 25, rad
        277    9.737E-01,  1.674E-02, -2.272E-01         F               0         Blade 1 X orientation angle, node 26, rad
        278   -1.798E-01, -5.556E-01, -8.118E-01         F               0         Blade 1 Y orientation angle, node 26, rad
        279   -1.398E-01,  8.313E-01, -5.380E-01         F               0         Blade 1 Z orientation angle, node 26, rad
        280    9.732E-01,  1.529E-02, -2.293E-01         F               0         Blade 1 X orientation angle, node 27, rad
        281   -1.824E-01, -5.556E-01, -8.112E-01         F               0         Blade 1 Y orientation angle, node 27, rad
        282   -1.398E-01,  8.313E-01, -5.380E-01         F               0         Blade 1 Z orientation angle, node 27, rad
        283    9.730E-01,  1.451E-02, -2.304E-01         F               0         Blade 1 X orientation angle, node 28, rad
        284   -1.837E-01, -5.557E-01, -8.109E-01         F               0         Blade 1 Y orientation angle, node 28, rad
        285   -1.398E-01,  8.313E-01, -5.380E-01         F               0         Blade 1 Z orientation angle, node 28, rad
        286    8.819E-01                                 F               0         Blade 1 X translation velocity, node 1, m/s
        287    2.625E+00                                 F               0         Blade 1 Y translation velocity, node 1, m/s
        288    3.937E+00                                 F               0         Blade 1 Z translation velocity, node 1, m/s
        289    1.096E+00                                 F               0         Blade 1 X translation velocity, node 2, m/s
        290    3.276E+00                                 F               0         Blade 1 Y translation velocity, node 2, m/s
        291    4.887E+00                                 F               0         Blade 1 Z translation velocity, node 2, m/s
        292    4.001E+00                                 F               0         Blade 1 X translation velocity, node 3, m/s
        293    1.212E+01                                 F               0         Blade 1 Y translation velocity, node 3, m/s
        294    1.780E+01                                 F               0         Blade 1 Z translation velocity, node 3, m/s
        295    4.621E+00                                 F               0         Blade 1 X translation velocity, node 4, m/s
        296    1.401E+01                                 F               0         Blade 1 Y translation velocity, node 4, m/s
        297    2.056E+01                                 F               0         Blade 1 Z translation velocity, node 4, m/s
        298    5.240E+00                                 F               0         Blade 1 X translation velocity, node 5, m/s
        299    1.589E+01                                 F               0         Blade 1 Y translation velocity, node 5, m/s
        300    2.331E+01                                 F               0         Blade 1 Z translation velocity, node 5, m/s
        301    5.859E+00                                 F               0         Blade 1 X translation velocity, node 6, m/s
        302    1.778E+01                                 F               0         Blade 1 Y translation velocity, node 6, m/s
        303    2.606E+01                                 F               0         Blade 1 Z translation velocity, node 6, m/s
        304    6.478E+00                                 F               0         Blade 1 X translation velocity, node 7, m/s
        305    1.966E+01                                 F               0         Blade 1 Y translation velocity, node 7, m/s
        306    2.881E+01                                 F               0         Blade 1 Z translation velocity, node 7, m/s
        307    7.097E+00                                 F               0         Blade 1 X translation velocity, node 8, m/s
