
Linearized model: Predictions were generated on 13-Feb-2024 at 12:12:09 using OpenFAST, compiled as a 64-bit application using single precision at commit v3.5.1
 linked with  NWTC Subroutine Library; ElastoDyn; InflowWind; AeroDyn; ServoDyn; HydroDyn; MAP++ (<1.20.10>, <Oct-20-2023>)

Description from the FAST input file: CCT-9 Campign 4 model. Input files to be run with OpenFAST 3.5.0. GitHub branch from Lu Wang (https://github.com/luwang00/openfast/tree/dev) compiled on March 7, 2023.

Simulation information:
   Simulation time:                   771.5500 s
   Rotor Speed:                         0.7921 rad/s
   Azimuth:                             0.8826 rad
   Wind Speed:                         24.0000 m/s
   Number of continuous states:         0
   Number of discrete states:           0
   Number of constraint states:         0
   Number of inputs:                 1746
   Number of outputs:                   4
   Jacobians included in this file?    No

Order of inputs:
     Column   Operating Point                                                   Rotating Frame? Derivative Order Description
   ---------- ---------------                                                   --------------- ---------------- -----------
          1     8.55571174622E+000                                                     F               0         Tower X translation displacement, node 1, m
          2    -1.82941389084E+000                                                     F               0         Tower Y translation displacement, node 1, m
          3    -2.15001747012E-001                                                     F               0         Tower Z translation displacement, node 1, m
          4     9.72923660278E+000                                                     F               0         Tower X translation displacement, node 2, m
          5    -2.50642442703E+000                                                     F               0         Tower Y translation displacement, node 2, m
          6    -2.89511531591E-001                                                     F               0         Tower Z translation displacement, node 2, m
          7     1.09211196899E+001                                                     F               0         Tower X translation displacement, node 3, m
          8    -3.19089770317E+000                                                     F               0         Tower Y translation displacement, node 3, m
          9    -3.66199135780E-001                                                     F               0         Tower Z translation displacement, node 3, m
         10     1.21267576218E+001                                                     F               0         Tower X translation displacement, node 4, m
         11    -3.88151526451E+000                                                     F               0         Tower Y translation displacement, node 4, m
         12    -4.44573849440E-001                                                     F               0         Tower Z translation displacement, node 4, m
         13     1.33435878754E+001                                                     F               0         Tower X translation displacement, node 5, m
         14    -4.57768964767E+000                                                     F               0         Tower Y translation displacement, node 5, m
         15    -5.24363696575E-001                                                     F               0         Tower Z translation displacement, node 5, m
         16     1.45692186356E+001                                                     F               0         Tower X translation displacement, node 6, m
         17    -5.27879810333E+000                                                     F               0         Tower Y translation displacement, node 6, m
         18    -6.05320632458E-001                                                     F               0         Tower Z translation displacement, node 6, m
         19     1.58010673523E+001                                                     F               0         Tower X translation displacement, node 7, m
         20    -5.98387002945E+000                                                     F               0         Tower Y translation displacement, node 7, m
         21    -6.87112927437E-001                                                     F               0         Tower Z translation displacement, node 7, m
         22     1.70379161835E+001                                                     F               0         Tower X translation displacement, node 8, m
         23    -6.69259309769E+000                                                     F               0         Tower Y translation displacement, node 8, m
         24    -7.69630551338E-001                                                     F               0         Tower Z translation displacement, node 8, m
         25     1.82781543732E+001                                                     F               0         Tower X translation displacement, node 9, m
         26    -7.40421247482E+000                                                     F               0         Tower Y translation displacement, node 9, m
         27    -8.52648496628E-001                                                     F               0         Tower Z translation displacement, node 9, m
         28     1.95204677582E+001                                                     F               0         Tower X translation displacement, node 10, m
         29    -8.11792850494E+000                                                     F               0         Tower Y translation displacement, node 10, m
         30    -9.36004340649E-001                                                     F               0         Tower Z translation displacement, node 10, m
         31     2.07638092041E+001                                                     F               0         Tower X translation displacement, node 11, m
         32    -8.83295536041E+000                                                     F               0         Tower Y translation displacement, node 11, m
         33    -1.01953768730E+000                                                     F               0         Tower Z translation displacement, node 11, m
         34     9.95465278625E-001,  -6.68724672869E-003,  -9.48900133371E-002         F               0         Tower X orientation angle, node 1, rad
         35     1.18251116946E-002,   9.98487770557E-001,   5.36869317293E-002         F               0         Tower Y orientation angle, node 1, rad
         36     9.43875014782E-002,  -5.45655637980E-002,   9.94039058685E-001         F               0         Tower Z orientation angle, node 1, rad
         37     9.95330572128E-001,  -6.60953996703E-003,  -9.62982997298E-002         F               0         Tower X orientation angle, node 2, rad
         38     1.18773486465E-002,   9.98457670212E-001,   5.42329624295E-002         F               0         Tower Y orientation angle, node 2, rad
         39     9.57913249731E-002,  -5.51234968007E-002,   9.93873953819E-001         F               0         Tower Z orientation angle, node 2, rad
         40     9.95212078094E-001,  -6.54144538566E-003,  -9.75197851658E-002         F               0         Tower X orientation angle, node 3, rad
         41     1.19265262038E-002,   9.98429417610E-001,   5.47401905060E-002         F               0         Tower Y orientation angle, node 3, rad
         42     9.70085412264E-002,  -5.56411705911E-002,   9.93727028370E-001         F               0         Tower Z orientation angle, node 3, rad
         43     9.95112419128E-001,  -6.48424960673E-003,  -9.85355600715E-002         F               0         Tower X orientation angle, node 4, rad
         44     1.19719272479E-002,   9.98403370380E-001,   5.52035905421E-002         F               0         Tower Y orientation angle, node 4, rad
         45     9.80202779174E-002,  -5.61134368181E-002,   9.93601202965E-001         F               0         Tower Z orientation angle, node 4, rad
         46     9.95031237602E-001,  -6.43764995039E-003,  -9.93550345302E-002         F               0         Tower X orientation angle, node 5, rad
         47     1.20131624863E-002,   9.98379647732E-001,   5.56212700903E-002         F               0         Tower Y orientation angle, node 5, rad
         48     9.88359749317E-002,  -5.65384663641E-002,   9.93496298790E-001         F               0         Tower Z orientation angle, node 5, rad
         49     9.94967520237E-001,  -6.40099588782E-003,  -9.99933034182E-002         F               0         Tower X orientation angle, node 6, rad
         50     1.20497783646E-002,   9.98358607292E-001,   5.59902377427E-002         F               0         Tower Y orientation angle, node 6, rad
         51     9.94707792997E-002,  -5.69133646786E-002,   9.93411540985E-001         F               0         Tower Z orientation angle, node 6, rad
         52     9.94920909405E-001,  -6.37403503060E-003,  -1.00457973778E-001         F               0         Tower X orientation angle, node 7, rad
         53     1.20808193460E-002,   9.98340666294E-001,   5.63021562994E-002         F               0         Tower Y orientation angle, node 7, rad
         54     9.99324172735E-002,  -5.72298057377E-002,   9.93346989155E-001         F               0         Tower Z orientation angle, node 7, rad
         55     9.94887828827E-001,  -6.35479437187E-003,  -1.00786246359E-001         F               0         Tower X orientation angle, node 8, rad
         56     1.21062388644E-002,   9.98325943947E-001,   5.65572604537E-002         F               0         Tower Y orientation angle, node 8, rad
         57     1.00258111954E-001,  -5.74882701039E-002,   9.93299245834E-001         F               0         Tower Z orientation angle, node 8, rad
         58     9.94866073132E-001,  -6.34206132963E-003,  -1.01001225412E-001         F               0         Tower X orientation angle, node 9, rad
         59     1.21256457642E-002,   9.98314678669E-001,   5.67519888282E-002         F               0         Tower Y orientation angle, node 9, rad
         60     1.00471079350E-001,  -5.76853342354E-002,   9.93266284466E-001         F               0         Tower Z orientation angle, node 9, rad
         61     9.94853556156E-001,  -6.33463077247E-003,  -1.01125322282E-001         F               0         Tower X orientation angle, node 10, rad
         62     1.21387429535E-002,   9.98307049274E-001,   5.68835213780E-002         F               0         Tower Y orientation angle, node 10, rad
         63     1.00593782961E-001,  -5.78183084726E-002,   9.93246138096E-001         F               0         Tower Z orientation angle, node 10, rad
         64     9.94847536087E-001,  -6.33105682209E-003,  -1.01184330881E-001         F               0         Tower X orientation angle, node 11, rad
         65     1.21460501105E-002,   9.98302757740E-001,   5.69570064545E-002         F               0         Tower Y orientation angle, node 11, rad
         66     1.00652001798E-001,  -5.78925274312E-002,   9.93235945702E-001         F               0         Tower Z orientation angle, node 11, rad
         67     7.30770453811E-003                                                     F               0         Tower X translation velocity, node 1, m/s
         68    -1.26772362273E-003                                                     F               0         Tower Y translation velocity, node 1, m/s
         69     6.89157750458E-004                                                     F               0         Tower Z translation velocity, node 1, m/s
         70     9.60746500641E-003                                                     F               0         Tower X translation velocity, node 2, m/s
         71    -1.75256014336E-003                                                     F               0         Tower Y translation velocity, node 2, m/s
         72     4.42961754743E-004                                                     F               0         Tower Z translation velocity, node 2, m/s
         73     1.01392203942E-002                                                     F               0         Tower X translation velocity, node 3, m/s
         74    -1.91361573525E-003                                                     F               0         Tower Y translation velocity, node 3, m/s
         75     3.82358935894E-004                                                     F               0         Tower Z translation velocity, node 3, m/s
         76     9.29145142436E-003                                                     F               0         Tower X translation velocity, node 4, m/s
         77    -1.81277282536E-003                                                     F               0         Tower Y translation velocity, node 4, m/s
         78     4.71264880616E-004                                                     F               0         Tower Z translation velocity, node 4, m/s
         79     7.26590771228E-003                                                     F               0         Tower X translation velocity, node 5, m/s
         80    -1.47932302207E-003                                                     F               0         Tower Y translation velocity, node 5, m/s
         81     6.90935296007E-004                                                     F               0         Tower Z translation velocity, node 5, m/s
         82     4.25771484151E-003                                                     F               0         Tower X translation velocity, node 6, m/s
         83    -9.43091465160E-004                                                     F               0         Tower Y translation velocity, node 6, m/s
         84     1.02191173937E-003                                                     F               0         Tower Z translation velocity, node 6, m/s
         85     5.07505901624E-004                                                     F               0         Tower X translation velocity, node 7, m/s
         86    -2.46823794441E-004                                                     F               0         Tower Y translation velocity, node 7, m/s
         87     1.43824191764E-003                                                     F               0         Tower Z translation velocity, node 7, m/s
         88    -3.88678885065E-003                                                     F               0         Tower X translation velocity, node 8, m/s
         89     5.94604236539E-004                                                     F               0         Tower Y translation velocity, node 8, m/s
         90     1.92958803382E-003                                                     F               0         Tower Z translation velocity, node 8, m/s
         91    -8.76084156334E-003                                                     F               0         Tower X translation velocity, node 9, m/s
         92     1.54935067985E-003                                                     F               0         Tower Y translation velocity, node 9, m/s
         93     2.47741327621E-003                                                     F               0         Tower Z translation velocity, node 9, m/s
         94    -1.39633454382E-002                                                     F               0         Tower X translation velocity, node 10, m/s
         95     2.58512073196E-003                                                     F               0         Tower Y translation velocity, node 10, m/s
         96     3.06420773268E-003                                                     F               0         Tower Z translation velocity, node 10, m/s
         97    -1.93571895361E-002                                                     F               0         Tower X translation velocity, node 11, m/s
         98     3.67119838484E-003                                                     F               0         Tower Y translation velocity, node 11, m/s
         99     3.67388641462E-003                                                     F               0         Tower Z translation velocity, node 11, m/s
        100     2.16095943451E+001                                                     F               0         Hub X translation displacement, node 1, m
        101    -9.21904373169E+000                                                     F               0         Hub Y translation displacement, node 1, m
        102     2.02107336372E-002                                                     F               0         Hub Z translation displacement, node 1, m
        103     9.78876650333E-001,  -2.44957394898E-004,  -2.04451471567E-001         F               0         Hub X orientation angle, node 1, rad
        104     1.65354877710E-001,   5.89069545269E-001,   7.90983498096E-001         F               0         Hub Y orientation angle, node 1, rad
        105     1.20242372155E-001,  -8.08082342148E-001,   5.76666951180E-001         F               0         Hub Z orientation angle, node 1, rad
        106     7.75317192078E-001                                                     F               0         Hub X rotation velocity, node 1, rad/s
        107    -6.36078300886E-004                                                     F               0         Hub Y rotation velocity, node 1, rad/s
        108    -1.61968097091E-001                                                     F               0         Hub Z rotation velocity, node 1, rad/s
        109     8.88593375683E-001,  -1.71401932836E-001,  -4.25468206406E-001         F               0         Blade root 1 X orientation angle, node 1, rad
        110     4.42655175924E-001,   5.63581705093E-001,   6.97446823120E-001         F               0         Blade root 1 Y orientation angle, node 1, rad
        111     1.20242372155E-001,  -8.08082342148E-001,   5.76666951180E-001         F               0         Blade root 1 Z orientation angle, node 1, rad
        112     9.30406630039E-001,   2.88697928190E-001,  -2.25825265050E-001         F               0         Blade root 2 X orientation angle, node 1, rad
        113     3.04964631796E-001,  -9.51522231102E-001,   4.00247536600E-002         F               0         Blade root 2 Y orientation angle, node 1, rad
        114    -2.03322708607E-001,  -1.06108017266E-001,  -9.73345220089E-001         F               0         Blade root 2 Z orientation angle, node 1, rad
        115     9.90922987461E-001,  -1.17999173701E-001,   6.44035488367E-002         F               0         Blade root 3 X orientation angle, node 1, rad
        116     1.05684816837E-001,   3.87726992369E-001,  -9.15695607662E-001         F               0         Blade root 3 Y orientation angle, node 1, rad
        117     8.30803364515E-002,   9.14190351963E-001,   3.96678328514E-001         F               0         Blade root 3 Z orientation angle, node 1, rad
        118     2.16966476440E+001                                                     F               0         Blade 1 X translation displacement, node 1, m
        119    -1.36958198547E+001                                                     F               0         Blade 1 Y translation displacement, node 1, m
        120    -2.29471325874E+000                                                     F               0         Blade 1 Z translation displacement, node 1, m
        121     2.17176246643E+001                                                     F               0         Blade 1 X translation displacement, node 2, m
        122    -1.47745332718E+001                                                     F               0         Blade 1 Y translation displacement, node 2, m
        123    -2.85250806808E+000                                                     F               0         Blade 1 Z translation displacement, node 2, m
        124     2.20028705597E+001                                                     F               0         Blade 1 X translation displacement, node 3, m
        125    -2.94431724548E+001                                                     F               0         Blade 1 Y translation displacement, node 3, m
        126    -1.04375782013E+001                                                     F               0         Blade 1 Z translation displacement, node 3, m
        127     2.20636444092E+001                                                     F               0         Blade 1 X translation displacement, node 4, m
        128    -3.25684127808E+001                                                     F               0         Blade 1 Y translation displacement, node 4, m
        129    -1.20536308289E+001                                                     F               0         Blade 1 Z translation displacement, node 4, m
        130     2.21244297028E+001                                                     F               0         Blade 1 X translation displacement, node 5, m
        131    -3.56942481995E+001                                                     F               0         Blade 1 Y translation displacement, node 5, m
        132    -1.36699752808E+001                                                     F               0         Blade 1 Z translation displacement, node 5, m
        133     2.21852016449E+001                                                     F               0         Blade 1 X translation displacement, node 6, m
        134    -3.88194999695E+001                                                     F               0         Blade 1 Y translation displacement, node 6, m
        135    -1.52860336304E+001                                                     F               0         Blade 1 Z translation displacement, node 6, m
        136     2.22459754944E+001                                                     F               0         Blade 1 X translation displacement, node 7, m
        137    -4.19447631836E+001                                                     F               0         Blade 1 Y translation displacement, node 7, m
        138    -1.69020843506E+001                                                     F               0         Blade 1 Z translation displacement, node 7, m
        139     2.23067607880E+001                                                     F               0         Blade 1 X translation displacement, node 8, m
        140    -4.50705871582E+001                                                     F               0         Blade 1 Y translation displacement, node 8, m
        141    -1.85184383392E+001                                                     F               0         Blade 1 Z translation displacement, node 8, m
        142     2.23675327301E+001                                                     F               0         Blade 1 X translation displacement, node 9, m
        143    -4.81958503723E+001                                                     F               0         Blade 1 Y translation displacement, node 9, m
        144    -2.01344871521E+001                                                     F               0         Blade 1 Z translation displacement, node 9, m
        145     2.24283065796E+001                                                     F               0         Blade 1 X translation displacement, node 10, m
        146    -5.13211021423E+001                                                     F               0         Blade 1 Y translation displacement, node 10, m
        147    -2.17505455017E+001                                                     F               0         Blade 1 Z translation displacement, node 10, m
        148     2.24890804291E+001                                                     F               0         Blade 1 X translation displacement, node 11, m
        149    -5.44463653564E+001                                                     F               0         Blade 1 Y translation displacement, node 11, m
        150    -2.33665943146E+001                                                     F               0         Blade 1 Z translation displacement, node 11, m
        151     2.25498657227E+001                                                     F               0         Blade 1 X translation displacement, node 12, m
        152    -5.75721778870E+001                                                     F               0         Blade 1 Y translation displacement, node 12, m
        153    -2.49829425812E+001                                                     F               0         Blade 1 Z translation displacement, node 12, m
        154     2.26106395721E+001                                                     F               0         Blade 1 X translation displacement, node 13, m
        155    -6.06974411011E+001                                                     F               0         Blade 1 Y translation displacement, node 13, m
        156    -2.65989913940E+001                                                     F               0         Blade 1 Z translation displacement, node 13, m
        157     2.26714115143E+001                                                     F               0         Blade 1 X translation displacement, node 14, m
        158    -6.38226966858E+001                                                     F               0         Blade 1 Y translation displacement, node 14, m
        159    -2.82150516510E+001                                                     F               0         Blade 1 Z translation displacement, node 14, m
        160     2.27321968079E+001                                                     F               0         Blade 1 X translation displacement, node 15, m
        161    -6.69485244751E+001                                                     F               0         Blade 1 Y translation displacement, node 15, m
        162    -2.98313961029E+001                                                     F               0         Blade 1 Z translation displacement, node 15, m
        163     2.27929706573E+001                                                     F               0         Blade 1 X translation displacement, node 16, m
        164    -7.00737838745E+001                                                     F               0         Blade 1 Y translation displacement, node 16, m
        165    -3.14474544525E+001                                                     F               0         Blade 1 Z translation displacement, node 16, m
        166     2.28537445068E+001                                                     F               0         Blade 1 X translation displacement, node 17, m
        167    -7.31990509033E+001                                                     F               0         Blade 1 Y translation displacement, node 17, m
        168    -3.30635032654E+001                                                     F               0         Blade 1 Z translation displacement, node 17, m
        169     2.29145183563E+001                                                     F               0         Blade 1 X translation displacement, node 18, m
        170    -7.63243026733E+001                                                     F               0         Blade 1 Y translation displacement, node 18, m
        171    -3.46795616150E+001                                                     F               0         Blade 1 Z translation displacement, node 18, m
        172     2.29753017426E+001                                                     F               0         Blade 1 X translation displacement, node 19, m
        173    -7.94501113892E+001                                                     F               0         Blade 1 Y translation displacement, node 19, m
        174    -3.62959060669E+001                                                     F               0         Blade 1 Z translation displacement, node 19, m
        175     2.30360755920E+001                                                     F               0         Blade 1 X translation displacement, node 20, m
        176    -8.25753784180E+001                                                     F               0         Blade 1 Y translation displacement, node 20, m
        177    -3.79119529724E+001                                                     F               0         Blade 1 Z translation displacement, node 20, m
        178     2.30968494415E+001                                                     F               0         Blade 1 X translation displacement, node 21, m
        179    -8.57006378174E+001                                                     F               0         Blade 1 Y translation displacement, node 21, m
        180    -3.95280113220E+001                                                     F               0         Blade 1 Z translation displacement, node 21, m
        181     2.31576328278E+001                                                     F               0         Blade 1 X translation displacement, node 22, m
        182    -8.88264617920E+001                                                     F               0         Blade 1 Y translation displacement, node 22, m
        183    -4.11443634033E+001                                                     F               0         Blade 1 Z translation displacement, node 22, m
        184     2.32184066772E+001                                                     F               0         Blade 1 X translation displacement, node 23, m
        185    -9.19517288208E+001                                                     F               0         Blade 1 Y translation displacement, node 23, m
        186    -4.27604103088E+001                                                     F               0         Blade 1 Z translation displacement, node 23, m
        187     2.32791805267E+001                                                     F               0         Blade 1 X translation displacement, node 24, m
        188    -9.50769805908E+001                                                     F               0         Blade 1 Y translation displacement, node 24, m
        189    -4.43764686584E+001                                                     F               0         Blade 1 Z translation displacement, node 24, m
        190     2.33399543762E+001                                                     F               0         Blade 1 X translation displacement, node 25, m
        191    -9.82022399902E+001                                                     F               0         Blade 1 Y translation displacement, node 25, m
        192    -4.59925231934E+001                                                     F               0         Blade 1 Z translation displacement, node 25, m
        193     2.34007396698E+001                                                     F               0         Blade 1 X translation displacement, node 26, m
        194    -1.01328063965E+002                                                     F               0         Blade 1 Y translation displacement, node 26, m
        195    -4.76088752747E+001                                                     F               0         Blade 1 Z translation displacement, node 26, m
        196     2.34615116119E+001                                                     F               0         Blade 1 X translation displacement, node 27, m
        197    -1.04453315735E+002                                                     F               0         Blade 1 Y translation displacement, node 27, m
        198    -4.92249298096E+001                                                     F               0         Blade 1 Z translation displacement, node 27, m
        199     2.35130348206E+001                                                     F               0         Blade 1 X translation displacement, node 28, m
        200    -1.07102867126E+002                                                     F               0         Blade 1 Y translation displacement, node 28, m
        201    -5.05949821472E+001                                                     F               0         Blade 1 Z translation displacement, node 28, m
        202     5.88969528675E-001,  -4.09542739391E-001,  -6.96699082851E-001         F               0         Blade 1 X orientation angle, node 1, rad
        203     7.99159944057E-001,   4.23411995173E-001,   4.26691472530E-001         F               0         Blade 1 Y orientation angle, node 1, rad
        204     1.20242372155E-001,  -8.08082342148E-001,   5.76666951180E-001         F               0         Blade 1 Z orientation angle, node 1, rad
        205     5.88969528675E-001,  -4.09542739391E-001,  -6.96699082851E-001         F               0         Blade 1 X orientation angle, node 2, rad
        206     7.99159944057E-001,   4.23411995173E-001,   4.26691472530E-001         F               0         Blade 1 Y orientation angle, node 2, rad
        207     1.20242372155E-001,  -8.08082342148E-001,   5.76666951180E-001         F               0         Blade 1 Z orientation angle, node 2, rad
        208     7.61595547199E-001,  -2.97522038221E-001,  -5.75719416142E-001         F               0         Blade 1 X orientation angle, node 3, rad
        209     6.36799812317E-001,   5.08412837982E-001,   5.79657137394E-001         F               0         Blade 1 Y orientation angle, node 3, rad
        210     1.20242372155E-001,  -8.08082342148E-001,   5.76666951180E-001         F               0         Blade 1 Z orientation angle, node 3, rad
        211     7.87804841995E-001,  -2.75789260864E-001,  -5.50730288029E-001         F               0         Blade 1 X orientation angle, node 4, rad
        212     6.04073941708E-001,   5.20522117615E-001,   6.03449583054E-001         F               0         Blade 1 Y orientation angle, node 4, rad
        213     1.20242372155E-001,  -8.08082342148E-001,   5.76666951180E-001         F               0         Blade 1 Z orientation angle, node 4, rad
        214     8.07399868965E-001,  -2.58379638195E-001,  -5.30420005322E-001         F               0         Blade 1 X orientation angle, node 5, rad
        215     5.77622056007E-001,   5.29379785061E-001,   6.21377408504E-001         F               0         Blade 1 Y orientation angle, node 5, rad
        216     1.20242372155E-001,  -8.08082342148E-001,   5.76666951180E-001         F               0         Blade 1 Z orientation angle, node 5, rad
        217     8.22437703609E-001,  -2.44246438146E-001,  -5.13750791550E-001         F               0         Blade 1 X orientation angle, node 6, rad
        218     5.56001782417E-001,   5.36047220230E-001,   6.35228633881E-001         F               0         Blade 1 Y orientation angle, node 6, rad
        219     1.20242372155E-001,  -8.08082342148E-001,   5.76666951180E-001         F               0         Blade 1 Z orientation angle, node 6, rad
        220     8.34371089935E-001,  -2.32494503260E-001,  -4.99771088362E-001         F               0         Blade 1 X orientation angle, node 7, rad
        221     5.37928104401E-001,   5.41247904301E-001,   6.46284878254E-001         F               0         Blade 1 Y orientation angle, node 7, rad
        222     1.20242372155E-001,  -8.08082342148E-001,   5.76666951180E-001         F               0         Blade 1 Z orientation angle, node 7, rad
        223     8.43997299671E-001,  -2.22632333636E-001,  -4.87958431244E-001         F               0         Blade 1 X orientation angle, node 8, rad
        224     5.22695243359E-001,   5.45378625393E-001,   6.55249476433E-001         F               0         Blade 1 Y orientation angle, node 8, rad
        225     1.20242372155E-001,  -8.08082342148E-001,   5.76666951180E-001         F               0         Blade 1 Z orientation angle, node 8, rad
        226     8.51925432682E-001,  -2.14229986072E-001,  -4.77837353945E-001         F               0         Blade 1 X orientation angle, node 9, rad
        227     5.09671270847E-001,   5.48733532429E-001,   6.62666380405E-001         F               0         Blade 1 Y orientation angle, node 9, rad
        228     1.20242372155E-001,  -8.08082282543E-001,   5.76666951180E-001         F               0         Blade 1 Z orientation angle, node 9, rad
        229     8.58610868454E-001,  -2.06932678819E-001,  -4.69005644321E-001         F               0         Blade 1 X orientation angle, node 10, rad
        230     4.98326390982E-001,   5.51526844501E-001,   6.68946146965E-001         F               0         Blade 1 Y orientation angle, node 10, rad
        231     1.20242372155E-001,  -8.08082342148E-001,   5.76666951180E-001         F               0         Blade 1 Z orientation angle, node 10, rad
        232     8.64208817482E-001,  -2.00662627816E-001,  -4.61386650801E-001         F               0         Blade 1 X orientation angle, node 11, rad
        233     4.88553911448E-001,   5.53838849068E-001,   6.74223721027E-001         F               0         Blade 1 Y orientation angle, node 11, rad
        234     1.20242372155E-001,  -8.08082342148E-001,   5.76666951180E-001         F               0         Blade 1 Z orientation angle, node 11, rad
        235     8.69026303291E-001,  -1.95142984390E-001,  -4.54656511545E-001         F               0         Blade 1 X orientation angle, node 12, rad
        236     4.79932397604E-001,   5.55807709694E-001,   6.78780317307E-001         F               0         Blade 1 Y orientation angle, node 12, rad
        237     1.20242372155E-001,  -8.08082342148E-001,   5.76666951180E-001         F               0         Blade 1 Z orientation angle, node 12, rad
        238     8.73181343079E-001,  -1.90285280347E-001,  -4.48715806007E-001         F               0         Blade 1 X orientation angle, node 13, rad
        239     4.72330540419E-001,   5.57489454746E-001,   6.82722032070E-001         F               0         Blade 1 Y orientation angle, node 13, rad
        240     1.20242372155E-001,  -8.08082342148E-001,   5.76666951180E-001         F               0         Blade 1 Z orientation angle, node 13, rad
        241     8.76864016056E-001,  -1.85900941491E-001,  -4.43339943886E-001         F               0         Blade 1 X orientation angle, node 14, rad
        242     4.65458095074E-001,   5.58966755867E-001,   6.86225175858E-001         F               0         Blade 1 Y orientation angle, node 14, rad
        243     1.20242372155E-001,  -8.08082342148E-001,   5.76666891575E-001         F               0         Blade 1 Z orientation angle, node 14, rad
        244     8.80092144012E-001,  -1.81994125247E-001,  -4.38538402319E-001         F               0         Blade 1 X orientation angle, node 15, rad
        245     4.59325104952E-001,   5.60250937939E-001,   6.89303517342E-001         F               0         Blade 1 Y orientation angle, node 15, rad
        246     1.20242372155E-001,  -8.08082282543E-001,   5.76666951180E-001         F               0         Blade 1 Z orientation angle, node 15, rad
        247     8.82960796356E-001,  -1.78470388055E-001,  -4.34198766947E-001         F               0         Blade 1 X orientation angle, node 16, rad
