
Linearized model: Predictions were generated on 12-Jan-2024 at 09:28:28 using OpenFAST, compiled as a 64-bit application using single precision at commit v3.5.1
 linked with  NWTC Subroutine Library; ElastoDyn; InflowWind; AeroDyn; ServoDyn; HydroDyn; MAP++ (<1.20.10>, <Oct-20-2023>)

Description from the FAST input file: CCT-9 Campign 4 model. Input files to be run with OpenFAST 3.5.0. GitHub branch from Lu Wang (https://github.com/luwang00/openfast/tree/dev) compiled on March 7, 2023.

Simulation information:
   Simulation time:                   507.1750 s
   Rotor Speed:                         0.8780 rad/s
   Azimuth:                             3.8674 rad
   Wind Speed:                         10.0000 m/s
   Number of continuous states:         0
   Number of discrete states:           0
   Number of constraint states:         0
   Number of inputs:                 1746
   Number of outputs:                   4
   Jacobians included in this file?    No

Order of inputs:
     Column   Operating Point                     Rotating Frame? Derivative Order Description
   ---------- ---------------                     --------------- ---------------- -----------
          1    1.099E+01                                 F               0         Tower X translation displacement, node 1, m
          2   -1.214E+00                                 F               0         Tower Y translation displacement, node 1, m
          3   -3.105E-01                                 F               0         Tower Z translation displacement, node 1, m
          4    1.246E+01                                 F               0         Tower X translation displacement, node 2, m
          5   -1.792E+00                                 F               0         Tower Y translation displacement, node 2, m
          6   -4.116E-01                                 F               0         Tower Z translation displacement, node 2, m
          7    1.395E+01                                 F               0         Tower X translation displacement, node 3, m
          8   -2.376E+00                                 F               0         Tower Y translation displacement, node 3, m
          9   -5.160E-01                                 F               0         Tower Z translation displacement, node 3, m
         10    1.546E+01                                 F               0         Tower X translation displacement, node 4, m
         11   -2.965E+00                                 F               0         Tower Y translation displacement, node 4, m
         12   -6.229E-01                                 F               0         Tower Z translation displacement, node 4, m
         13    1.699E+01                                 F               0         Tower X translation displacement, node 5, m
         14   -3.557E+00                                 F               0         Tower Y translation displacement, node 5, m
         15   -7.318E-01                                 F               0         Tower Z translation displacement, node 5, m
         16    1.852E+01                                 F               0         Tower X translation displacement, node 6, m
         17   -4.153E+00                                 F               0         Tower Y translation displacement, node 6, m
         18   -8.425E-01                                 F               0         Tower Z translation displacement, node 6, m
         19    2.007E+01                                 F               0         Tower X translation displacement, node 7, m
         20   -4.751E+00                                 F               0         Tower Y translation displacement, node 7, m
         21   -9.544E-01                                 F               0         Tower Z translation displacement, node 7, m
         22    2.163E+01                                 F               0         Tower X translation displacement, node 8, m
         23   -5.351E+00                                 F               0         Tower Y translation displacement, node 8, m
         24   -1.067E+00                                 F               0         Tower Z translation displacement, node 8, m
         25    2.319E+01                                 F               0         Tower X translation displacement, node 9, m
         26   -5.953E+00                                 F               0         Tower Y translation displacement, node 9, m
         27   -1.181E+00                                 F               0         Tower Z translation displacement, node 9, m
         28    2.475E+01                                 F               0         Tower X translation displacement, node 10, m
         29   -6.556E+00                                 F               0         Tower Y translation displacement, node 10, m
         30   -1.295E+00                                 F               0         Tower Z translation displacement, node 10, m
         31    2.632E+01                                 F               0         Tower X translation displacement, node 11, m
         32   -7.160E+00                                 F               0         Tower Y translation displacement, node 11, m
         33   -1.410E+00                                 F               0         Tower Z translation displacement, node 11, m
         34    9.930E-01,  1.014E-02, -1.177E-01         F               0         Tower X orientation angle, node 1, rad
         35   -4.568E-03,  9.989E-01,  4.752E-02         F               0         Tower Y orientation angle, node 1, rad
         36    1.180E-01, -4.665E-02,  9.919E-01         F               0         Tower Z orientation angle, node 1, rad
         37    9.928E-01,  1.023E-02, -1.195E-01         F               0         Tower X orientation angle, node 2, rad
         38   -4.516E-03,  9.988E-01,  4.796E-02         F               0         Tower Y orientation angle, node 2, rad
         39    1.199E-01, -4.707E-02,  9.917E-01         F               0         Tower Z orientation angle, node 2, rad
         40    9.926E-01,  1.030E-02, -1.212E-01         F               0         Tower X orientation angle, node 3, rad
         41   -4.468E-03,  9.988E-01,  4.835E-02         F               0         Tower Y orientation angle, node 3, rad
         42    1.215E-01, -4.745E-02,  9.915E-01         F               0         Tower Z orientation angle, node 3, rad
         43    9.924E-01,  1.037E-02, -1.225E-01         F               0         Tower X orientation angle, node 4, rad
         44   -4.425E-03,  9.988E-01,  4.870E-02         F               0         Tower Y orientation angle, node 4, rad
         45    1.229E-01, -4.778E-02,  9.913E-01         F               0         Tower Z orientation angle, node 4, rad
         46    9.923E-01,  1.043E-02, -1.237E-01         F               0         Tower X orientation angle, node 5, rad
         47   -4.389E-03,  9.988E-01,  4.899E-02         F               0         Tower Y orientation angle, node 5, rad
         48    1.240E-01, -4.807E-02,  9.911E-01         F               0         Tower Z orientation angle, node 5, rad
         49    9.922E-01,  1.047E-02, -1.246E-01         F               0         Tower X orientation angle, node 6, rad
         50   -4.358E-03,  9.988E-01,  4.924E-02         F               0         Tower Y orientation angle, node 6, rad
         51    1.249E-01, -4.831E-02,  9.910E-01         F               0         Tower Z orientation angle, node 6, rad
         52    9.921E-01,  1.050E-02, -1.252E-01         F               0         Tower X orientation angle, node 7, rad
         53   -4.333E-03,  9.988E-01,  4.944E-02         F               0         Tower Y orientation angle, node 7, rad
         54    1.256E-01, -4.850E-02,  9.909E-01         F               0         Tower Z orientation angle, node 7, rad
         55    9.920E-01,  1.053E-02, -1.257E-01         F               0         Tower X orientation angle, node 8, rad
         56   -4.313E-03,  9.988E-01,  4.959E-02         F               0         Tower Y orientation angle, node 8, rad
         57    1.261E-01, -4.865E-02,  9.908E-01         F               0         Tower Z orientation angle, node 8, rad
         58    9.920E-01,  1.054E-02, -1.261E-01         F               0         Tower X orientation angle, node 9, rad
         59   -4.299E-03,  9.988E-01,  4.970E-02         F               0         Tower Y orientation angle, node 9, rad
         60    1.264E-01, -4.876E-02,  9.908E-01         F               0         Tower Z orientation angle, node 9, rad
         61    9.919E-01,  1.055E-02, -1.263E-01         F               0         Tower X orientation angle, node 10, rad
         62   -4.290E-03,  9.988E-01,  4.978E-02         F               0         Tower Y orientation angle, node 10, rad
         63    1.267E-01, -4.883E-02,  9.907E-01         F               0         Tower Z orientation angle, node 10, rad
         64    9.919E-01,  1.056E-02, -1.264E-01         F               0         Tower X orientation angle, node 11, rad
         65   -4.285E-03,  9.987E-01,  4.982E-02         F               0         Tower Y orientation angle, node 11, rad
         66    1.268E-01, -4.887E-02,  9.907E-01         F               0         Tower Z orientation angle, node 11, rad
         67   -5.055E-03                                 F               0         Tower X translation velocity, node 1, m/s
         68    6.762E-03                                 F               0         Tower Y translation velocity, node 1, m/s
         69    5.107E-03                                 F               0         Tower Z translation velocity, node 1, m/s
         70   -5.207E-03                                 F               0         Tower X translation velocity, node 2, m/s
         71    1.114E-02                                 F               0         Tower Y translation velocity, node 2, m/s
         72    5.332E-03                                 F               0         Tower Z translation velocity, node 2, m/s
         73   -5.277E-03                                 F               0         Tower X translation velocity, node 3, m/s
         74    1.568E-02                                 F               0         Tower Y translation velocity, node 3, m/s
         75    5.557E-03                                 F               0         Tower Z translation velocity, node 3, m/s
         76   -5.283E-03                                 F               0         Tower X translation velocity, node 4, m/s
         77    2.037E-02                                 F               0         Tower Y translation velocity, node 4, m/s
         78    5.783E-03                                 F               0         Tower Z translation velocity, node 4, m/s
         79   -5.234E-03                                 F               0         Tower X translation velocity, node 5, m/s
         80    2.518E-02                                 F               0         Tower Y translation velocity, node 5, m/s
         81    6.010E-03                                 F               0         Tower Z translation velocity, node 5, m/s
         82   -5.136E-03                                 F               0         Tower X translation velocity, node 6, m/s
         83    3.010E-02                                 F               0         Tower Y translation velocity, node 6, m/s
         84    6.237E-03                                 F               0         Tower Z translation velocity, node 6, m/s
         85   -5.002E-03                                 F               0         Tower X translation velocity, node 7, m/s
         86    3.510E-02                                 F               0         Tower Y translation velocity, node 7, m/s
         87    6.464E-03                                 F               0         Tower Z translation velocity, node 7, m/s
         88   -4.834E-03                                 F               0         Tower X translation velocity, node 8, m/s
         89    4.017E-02                                 F               0         Tower Y translation velocity, node 8, m/s
         90    6.691E-03                                 F               0         Tower Z translation velocity, node 8, m/s
         91   -4.642E-03                                 F               0         Tower X translation velocity, node 9, m/s
         92    4.530E-02                                 F               0         Tower Y translation velocity, node 9, m/s
         93    6.919E-03                                 F               0         Tower Z translation velocity, node 9, m/s
         94   -4.431E-03                                 F               0         Tower X translation velocity, node 10, m/s
         95    5.046E-02                                 F               0         Tower Y translation velocity, node 10, m/s
         96    7.146E-03                                 F               0         Tower Z translation velocity, node 10, m/s
         97   -4.210E-03                                 F               0         Tower X translation velocity, node 11, m/s
         98    5.566E-02                                 F               0         Tower Y translation velocity, node 11, m/s
         99    7.374E-03                                 F               0         Tower Z translation velocity, node 11, m/s
        100    2.740E+01                                 F               0         Hub X translation displacement, node 1, m
        101   -7.657E+00                                 F               0         Hub Y translation displacement, node 1, m
        102   -1.175E-01                                 F               0         Hub Z translation displacement, node 1, m
        103    9.732E-01,  1.561E-02, -2.293E-01         F               0         Hub X orientation angle, node 1, rad
        104   -1.493E-01, -7.155E-01, -6.825E-01         F               0         Hub Y orientation angle, node 1, rad
        105   -1.747E-01,  6.984E-01, -6.940E-01         F               0         Hub Z orientation angle, node 1, rad
        106    8.541E-01                                 F               0         Hub X rotation velocity, node 1, rad/s
        107    1.372E-02                                 F               0         Hub Y rotation velocity, node 1, rad/s
        108   -2.011E-01                                 F               0         Hub Z rotation velocity, node 1, rad/s
        109    9.772E-01,  3.683E-02, -2.089E-01         F               0         Blade root 1 X orientation angle, node 1, rad
        110   -1.203E-01, -7.147E-01, -6.890E-01         F               0         Blade root 1 Y orientation angle, node 1, rad
        111   -1.747E-01,  6.984E-01, -6.940E-01         F               0         Blade root 1 Z orientation angle, node 1, rad
        112    9.751E-01, -1.295E-02, -2.215E-01         F               0         Blade root 2 X orientation angle, node 1, rad
        113   -4.774E-02,  9.626E-01, -2.665E-01         F               0         Blade root 2 Y orientation angle, node 1, rad
        114    2.166E-01,  2.704E-01,  9.380E-01         F               0         Blade root 2 Z orientation angle, node 1, rad
        115    9.661E-01,  2.293E-02, -2.571E-01         F               0         Blade root 3 X orientation angle, node 1, rad
        116    2.547E-01, -2.465E-01,  9.351E-01         F               0         Blade root 3 Y orientation angle, node 1, rad
        117   -4.194E-02, -9.689E-01, -2.440E-01         F               0         Blade root 3 Z orientation angle, node 1, rad
        118    2.585E+01                                 F               0         Blade 1 X translation displacement, node 1, m
        119   -3.788E+00                                 F               0         Blade 1 Y translation displacement, node 1, m
        120   -9.472E+00                                 F               0         Blade 1 Z translation displacement, node 1, m
        121    2.548E+01                                 F               0         Blade 1 X translation displacement, node 2, m
        122   -2.856E+00                                 F               0         Blade 1 Y translation displacement, node 2, m
        123   -1.173E+01                                 F               0         Blade 1 Z translation displacement, node 2, m
        124    2.041E+01                                 F               0         Blade 1 X translation displacement, node 3, m
        125    9.822E+00                                 F               0         Blade 1 Y translation displacement, node 3, m
        126   -4.238E+01                                 F               0         Blade 1 Z translation displacement, node 3, m
        127    1.933E+01                                 F               0         Blade 1 X translation displacement, node 4, m
        128    1.252E+01                                 F               0         Blade 1 Y translation displacement, node 4, m
        129   -4.891E+01                                 F               0         Blade 1 Z translation displacement, node 4, m
        130    1.825E+01                                 F               0         Blade 1 X translation displacement, node 5, m
        131    1.522E+01                                 F               0         Blade 1 Y translation displacement, node 5, m
        132   -5.544E+01                                 F               0         Blade 1 Z translation displacement, node 5, m
        133    1.717E+01                                 F               0         Blade 1 X translation displacement, node 6, m
        134    1.793E+01                                 F               0         Blade 1 Y translation displacement, node 6, m
        135   -6.197E+01                                 F               0         Blade 1 Z translation displacement, node 6, m
        136    1.609E+01                                 F               0         Blade 1 X translation displacement, node 7, m
        137    2.063E+01                                 F               0         Blade 1 Y translation displacement, node 7, m
        138   -6.850E+01                                 F               0         Blade 1 Z translation displacement, node 7, m
        139    1.501E+01                                 F               0         Blade 1 X translation displacement, node 8, m
        140    2.333E+01                                 F               0         Blade 1 Y translation displacement, node 8, m
        141   -7.503E+01                                 F               0         Blade 1 Z translation displacement, node 8, m
        142    1.393E+01                                 F               0         Blade 1 X translation displacement, node 9, m
        143    2.603E+01                                 F               0         Blade 1 Y translation displacement, node 9, m
        144   -8.156E+01                                 F               0         Blade 1 Z translation displacement, node 9, m
        145    1.285E+01                                 F               0         Blade 1 X translation displacement, node 10, m
        146    2.873E+01                                 F               0         Blade 1 Y translation displacement, node 10, m
        147   -8.809E+01                                 F               0         Blade 1 Z translation displacement, node 10, m
        148    1.177E+01                                 F               0         Blade 1 X translation displacement, node 11, m
        149    3.143E+01                                 F               0         Blade 1 Y translation displacement, node 11, m
        150   -9.462E+01                                 F               0         Blade 1 Z translation displacement, node 11, m
        151    1.069E+01                                 F               0         Blade 1 X translation displacement, node 12, m
        152    3.413E+01                                 F               0         Blade 1 Y translation displacement, node 12, m
        153   -1.012E+02                                 F               0         Blade 1 Z translation displacement, node 12, m
        154    9.612E+00                                 F               0         Blade 1 X translation displacement, node 13, m
        155    3.684E+01                                 F               0         Blade 1 Y translation displacement, node 13, m
        156   -1.077E+02                                 F               0         Blade 1 Z translation displacement, node 13, m
        157    8.532E+00                                 F               0         Blade 1 X translation displacement, node 14, m
        158    3.954E+01                                 F               0         Blade 1 Y translation displacement, node 14, m
        159   -1.142E+02                                 F               0         Blade 1 Z translation displacement, node 14, m
        160    7.452E+00                                 F               0         Blade 1 X translation displacement, node 15, m
        161    4.224E+01                                 F               0         Blade 1 Y translation displacement, node 15, m
        162   -1.207E+02                                 F               0         Blade 1 Z translation displacement, node 15, m
        163    6.372E+00                                 F               0         Blade 1 X translation displacement, node 16, m
        164    4.494E+01                                 F               0         Blade 1 Y translation displacement, node 16, m
        165   -1.273E+02                                 F               0         Blade 1 Z translation displacement, node 16, m
        166    5.292E+00                                 F               0         Blade 1 X translation displacement, node 17, m
        167    4.764E+01                                 F               0         Blade 1 Y translation displacement, node 17, m
        168   -1.338E+02                                 F               0         Blade 1 Z translation displacement, node 17, m
        169    4.212E+00                                 F               0         Blade 1 X translation displacement, node 18, m
        170    5.034E+01                                 F               0         Blade 1 Y translation displacement, node 18, m
        171   -1.403E+02                                 F               0         Blade 1 Z translation displacement, node 18, m
        172    3.132E+00                                 F               0         Blade 1 X translation displacement, node 19, m
        173    5.304E+01                                 F               0         Blade 1 Y translation displacement, node 19, m
        174   -1.469E+02                                 F               0         Blade 1 Z translation displacement, node 19, m
        175    2.052E+00                                 F               0         Blade 1 X translation displacement, node 20, m
        176    5.574E+01                                 F               0         Blade 1 Y translation displacement, node 20, m
        177   -1.534E+02                                 F               0         Blade 1 Z translation displacement, node 20, m
        178    9.723E-01                                 F               0         Blade 1 X translation displacement, node 21, m
        179    5.845E+01                                 F               0         Blade 1 Y translation displacement, node 21, m
        180   -1.599E+02                                 F               0         Blade 1 Z translation displacement, node 21, m
        181   -1.078E-01                                 F               0         Blade 1 X translation displacement, node 22, m
        182    6.115E+01                                 F               0         Blade 1 Y translation displacement, node 22, m
        183   -1.665E+02                                 F               0         Blade 1 Z translation displacement, node 22, m
        184   -1.188E+00                                 F               0         Blade 1 X translation displacement, node 23, m
        185    6.385E+01                                 F               0         Blade 1 Y translation displacement, node 23, m
        186   -1.730E+02                                 F               0         Blade 1 Z translation displacement, node 23, m
        187   -2.268E+00                                 F               0         Blade 1 X translation displacement, node 24, m
        188    6.655E+01                                 F               0         Blade 1 Y translation displacement, node 24, m
        189   -1.795E+02                                 F               0         Blade 1 Z translation displacement, node 24, m
        190   -3.347E+00                                 F               0         Blade 1 X translation displacement, node 25, m
        191    6.925E+01                                 F               0         Blade 1 Y translation displacement, node 25, m
        192   -1.861E+02                                 F               0         Blade 1 Z translation displacement, node 25, m
        193   -4.428E+00                                 F               0         Blade 1 X translation displacement, node 26, m
        194    7.195E+01                                 F               0         Blade 1 Y translation displacement, node 26, m
        195   -1.926E+02                                 F               0         Blade 1 Z translation displacement, node 26, m
        196   -5.507E+00                                 F               0         Blade 1 X translation displacement, node 27, m
        197    7.465E+01                                 F               0         Blade 1 Y translation displacement, node 27, m
        198   -1.991E+02                                 F               0         Blade 1 Z translation displacement, node 27, m
        199   -6.423E+00                                 F               0         Blade 1 X translation displacement, node 28, m
        200    7.694E+01                                 F               0         Blade 1 Y translation displacement, node 28, m
        201   -2.047E+02                                 F               0         Blade 1 Z translation displacement, node 28, m
        202    9.246E-01,  3.587E-01,  1.282E-01         F               0         Blade 1 X orientation angle, node 1, rad
        203    3.385E-01, -6.193E-01, -7.084E-01         F               0         Blade 1 Y orientation angle, node 1, rad
        204   -1.747E-01,  6.984E-01, -6.940E-01         F               0         Blade 1 Z orientation angle, node 1, rad
        205    9.246E-01,  3.587E-01,  1.282E-01         F               0         Blade 1 X orientation angle, node 2, rad
        206    3.385E-01, -6.193E-01, -7.084E-01         F               0         Blade 1 Y orientation angle, node 2, rad
        207   -1.747E-01,  6.984E-01, -6.940E-01         F               0         Blade 1 Z orientation angle, node 2, rad
        208    9.785E-01,  2.017E-01, -4.331E-02         F               0         Blade 1 X orientation angle, node 3, rad
        209    1.097E-01, -6.867E-01, -7.186E-01         F               0         Blade 1 Y orientation angle, node 3, rad
        210   -1.747E-01,  6.984E-01, -6.940E-01         F               0         Blade 1 Z orientation angle, node 3, rad
        211    9.822E-01,  1.725E-01, -7.362E-02         F               0         Blade 1 X orientation angle, node 4, rad
        212    6.833E-02, -6.946E-01, -7.162E-01         F               0         Blade 1 Y orientation angle, node 4, rad
        213   -1.747E-01,  6.984E-01, -6.940E-01         F               0         Blade 1 Z orientation angle, node 4, rad
        214    9.840E-01,  1.494E-01, -9.732E-02         F               0         Blade 1 X orientation angle, node 5, rad
        215    3.573E-02, -6.999E-01, -7.133E-01         F               0         Blade 1 Y orientation angle, node 5, rad
        216   -1.747E-01,  6.984E-01, -6.940E-01         F               0         Blade 1 Z orientation angle, node 5, rad
        217    9.846E-01,  1.308E-01, -1.162E-01         F               0         Blade 1 X orientation angle, node 6, rad
        218    9.612E-03, -7.036E-01, -7.105E-01         F               0         Blade 1 Y orientation angle, node 6, rad
        219   -1.747E-01,  6.984E-01, -6.940E-01         F               0         Blade 1 Z orientation angle, node 6, rad
        220    9.846E-01,  1.154E-01, -1.317E-01         F               0         Blade 1 X orientation angle, node 7, rad
        221   -1.187E-02, -7.063E-01, -7.078E-01         F               0         Blade 1 Y orientation angle, node 7, rad
        222   -1.747E-01,  6.984E-01, -6.940E-01         F               0         Blade 1 Z orientation angle, node 7, rad
        223    9.842E-01,  1.026E-01, -1.445E-01         F               0         Blade 1 X orientation angle, node 8, rad
        224   -2.974E-02, -7.083E-01, -7.053E-01         F               0         Blade 1 Y orientation angle, node 8, rad
        225   -1.747E-01,  6.984E-01, -6.940E-01         F               0         Blade 1 Z orientation angle, node 8, rad
        226    9.836E-01,  9.168E-02, -1.553E-01         F               0         Blade 1 X orientation angle, node 9, rad
        227   -4.485E-02, -7.098E-01, -7.030E-01         F               0         Blade 1 Y orientation angle, node 9, rad
        228   -1.747E-01,  6.984E-01, -6.940E-01         F               0         Blade 1 Z orientation angle, node 9, rad
        229    9.829E-01,  8.226E-02, -1.646E-01         F               0         Blade 1 X orientation angle, node 10, rad
        230   -5.789E-02, -7.109E-01, -7.009E-01         F               0         Blade 1 Y orientation angle, node 10, rad
        231   -1.747E-01,  6.984E-01, -6.940E-01         F               0         Blade 1 Z orientation angle, node 10, rad
        232    9.822E-01,  7.419E-02, -1.726E-01         F               0         Blade 1 X orientation angle, node 11, rad
        233   -6.904E-02, -7.118E-01, -6.989E-01         F               0         Blade 1 Y orientation angle, node 11, rad
        234   -1.747E-01,  6.984E-01, -6.940E-01         F               0         Blade 1 Z orientation angle, node 11, rad
        235    9.815E-01,  6.710E-02, -1.795E-01         F               0         Blade 1 X orientation angle, node 12, rad
        236   -7.881E-02, -7.125E-01, -6.972E-01         F               0         Blade 1 Y orientation angle, node 12, rad
        237   -1.747E-01,  6.984E-01, -6.940E-01         F               0         Blade 1 Z orientation angle, node 12, rad
        238    9.807E-01,  6.088E-02, -1.856E-01         F               0         Blade 1 X orientation angle, node 13, rad
        239   -8.737E-02, -7.131E-01, -6.956E-01         F               0         Blade 1 Y orientation angle, node 13, rad
        240   -1.747E-01,  6.984E-01, -6.940E-01         F               0         Blade 1 Z orientation angle, node 13, rad
        241    9.800E-01,  5.528E-02, -1.910E-01         F               0         Blade 1 X orientation angle, node 14, rad
        242   -9.507E-02, -7.136E-01, -6.941E-01         F               0         Blade 1 Y orientation angle, node 14, rad
        243   -1.747E-01,  6.984E-01, -6.940E-01         F               0         Blade 1 Z orientation angle, node 14, rad
        244    9.793E-01,  5.030E-02, -1.959E-01         F               0         Blade 1 X orientation angle, node 15, rad
        245   -1.019E-01, -7.139E-01, -6.928E-01         F               0         Blade 1 Y orientation angle, node 15, rad
        246   -1.747E-01,  6.984E-01, -6.940E-01         F               0         Blade 1 Z orientation angle, node 15, rad
        247    9.787E-01,  4.581E-02, -2.002E-01         F               0         Blade 1 X orientation angle, node 16, rad
        248   -1.081E-01, -7.142E-01, -6.915E-01         F               0         Blade 1 Y orientation angle, node 16, rad
        249   -1.747E-01,  6.984E-01, -6.940E-01         F               0         Blade 1 Z orientation angle, node 16, rad
        250    9.781E-01,  4.182E-02, -2.041E-01         F               0         Blade 1 X orientation angle, node 17, rad
        251   -1.135E-01, -7.145E-01, -6.904E-01         F               0         Blade 1 Y orientation angle, node 17, rad
        252   -1.747E-01,  6.984E-01, -6.940E-01         F               0         Blade 1 Z orientation angle, node 17, rad
        253    9.774E-01,  3.808E-02, -2.077E-01         F               0         Blade 1 X orientation angle, node 18, rad
        254   -1.186E-01, -7.147E-01, -6.893E-01         F               0         Blade 1 Y orientation angle, node 18, rad
        255   -1.747E-01,  6.984E-01, -6.940E-01         F               0         Blade 1 Z orientation angle, node 18, rad
        256    9.769E-01,  3.471E-02, -2.110E-01         F               0         Blade 1 X orientation angle, node 19, rad
        257   -1.232E-01, -7.148E-01, -6.883E-01         F               0         Blade 1 Y orientation angle, node 19, rad
        258   -1.747E-01,  6.984E-01, -6.940E-01         F               0         Blade 1 Z orientation angle, node 19, rad
        259    9.764E-01,  3.172E-02, -2.138E-01         F               0         Blade 1 X orientation angle, node 20, rad
        260   -1.273E-01, -7.150E-01, -6.874E-01         F               0         Blade 1 Y orientation angle, node 20, rad
        261   -1.747E-01,  6.984E-01, -6.940E-01         F               0         Blade 1 Z orientation angle, node 20, rad
        262    9.758E-01,  2.884E-02, -2.166E-01         F               0         Blade 1 X orientation angle, node 21, rad
        263   -1.313E-01, -7.151E-01, -6.866E-01         F               0         Blade 1 Y orientation angle, node 21, rad
        264   -1.747E-01,  6.984E-01, -6.940E-01         F               0         Blade 1 Z orientation angle, node 21, rad
        265    9.753E-01,  2.622E-02, -2.191E-01         F               0         Blade 1 X orientation angle, node 22, rad
        266   -1.348E-01, -7.152E-01, -6.858E-01         F               0         Blade 1 Y orientation angle, node 22, rad
        267   -1.747E-01,  6.984E-01, -6.940E-01         F               0         Blade 1 Z orientation angle, node 22, rad
        268    9.749E-01,  2.385E-02, -2.214E-01         F               0         Blade 1 X orientation angle, node 23, rad
        269   -1.381E-01, -7.153E-01, -6.851E-01         F               0         Blade 1 Y orientation angle, node 23, rad
        270   -1.747E-01,  6.984E-01, -6.940E-01         F               0         Blade 1 Z orientation angle, node 23, rad
        271    9.745E-01,  2.160E-02, -2.235E-01         F               0         Blade 1 X orientation angle, node 24, rad
        272   -1.411E-01, -7.154E-01, -6.844E-01         F               0         Blade 1 Y orientation angle, node 24, rad
        273   -1.747E-01,  6.984E-01, -6.940E-01         F               0         Blade 1 Z orientation angle, node 24, rad
        274    9.740E-01,  1.948E-02, -2.256E-01         F               0         Blade 1 X orientation angle, node 25, rad
        275   -1.440E-01, -7.154E-01, -6.837E-01         F               0         Blade 1 Y orientation angle, node 25, rad
        276   -1.747E-01,  6.984E-01, -6.940E-01         F               0         Blade 1 Z orientation angle, node 25, rad
        277    9.737E-01,  1.761E-02, -2.274E-01         F               0         Blade 1 X orientation angle, node 26, rad
        278   -1.466E-01, -7.155E-01, -6.831E-01         F               0         Blade 1 Y orientation angle, node 26, rad
        279   -1.747E-01,  6.984E-01, -6.940E-01         F               0         Blade 1 Z orientation angle, node 26, rad
        280    9.733E-01,  1.574E-02, -2.291E-01         F               0         Blade 1 X orientation angle, node 27, rad
        281   -1.491E-01, -7.155E-01, -6.825E-01         F               0         Blade 1 Y orientation angle, node 27, rad
        282   -1.747E-01,  6.984E-01, -6.940E-01         F               0         Blade 1 Z orientation angle, node 27, rad
        283    9.731E-01,  1.474E-02, -2.301E-01         F               0         Blade 1 X orientation angle, node 28, rad
        284   -1.505E-01, -7.155E-01, -6.822E-01         F               0         Blade 1 Y orientation angle, node 28, rad
        285   -1.747E-01,  6.984E-01, -6.940E-01         F               0         Blade 1 Z orientation angle, node 28, rad
        286    7.215E-01                                 F               0         Blade 1 X translation velocity, node 1, m/s
        287    3.537E+00                                 F               0         Blade 1 Y translation velocity, node 1, m/s
        288    3.326E+00                                 F               0         Blade 1 Z translation velocity, node 1, m/s
        289    8.963E-01                                 F               0         Blade 1 X translation velocity, node 2, m/s
        290    4.375E+00                                 F               0         Blade 1 Y translation velocity, node 2, m/s
        291    4.125E+00                                 F               0         Blade 1 Z translation velocity, node 2, m/s
        292    3.274E+00                                 F               0         Blade 1 X translation velocity, node 3, m/s
        293    1.577E+01                                 F               0         Blade 1 Y translation velocity, node 3, m/s
        294    1.500E+01                                 F               0         Blade 1 Z translation velocity, node 3, m/s
        295    3.780E+00                                 F               0         Blade 1 X translation velocity, node 4, m/s
        296    1.820E+01                                 F               0         Blade 1 Y translation velocity, node 4, m/s
        297    1.731E+01                                 F               0         Blade 1 Z translation velocity, node 4, m/s
        298    4.287E+00                                 F               0         Blade 1 X translation velocity, node 5, m/s
        299    2.063E+01                                 F               0         Blade 1 Y translation velocity, node 5, m/s
        300    1.963E+01                                 F               0         Blade 1 Z translation velocity, node 5, m/s
        301    4.793E+00                                 F               0         Blade 1 X translation velocity, node 6, m/s
        302    2.306E+01                                 F               0         Blade 1 Y translation velocity, node 6, m/s
        303    2.195E+01                                 F               0         Blade 1 Z translation velocity, node 6, m/s
        304    5.300E+00                                 F               0         Blade 1 X translation velocity, node 7, m/s
        305    2.549E+01                                 F               0         Blade 1 Y translation velocity, node 7, m/s
        306    2.426E+01                                 F               0         Blade 1 Z translation velocity, node 7, m/s
        307    5.806E+00                                 F               0         Blade 1 X translation velocity, node 8, m/s
