
Linearized model: Predictions were generated on 12-Jan-2024 at 09:28:28 using OpenFAST, compiled as a 64-bit application using single precision at commit v3.5.1
 linked with  NWTC Subroutine Library; ElastoDyn; InflowWind; AeroDyn; ServoDyn; HydroDyn; MAP++ (<1.20.10>, <Oct-20-2023>)

Description from the FAST input file: CCT-9 Campign 4 model. Input files to be run with OpenFAST 3.5.0. GitHub branch from Lu Wang (https://github.com/luwang00/openfast/tree/dev) compiled on March 7, 2023.

Simulation information:
   Simulation time:                   501.2500 s
   Rotor Speed:                         0.8768 rad/s
   Azimuth:                             4.9527 rad
   Wind Speed:                         10.0000 m/s
   Number of continuous states:         0
   Number of discrete states:           0
   Number of constraint states:         0
   Number of inputs:                 1746
   Number of outputs:                   4
   Jacobians included in this file?    No

Order of inputs:
     Column   Operating Point                     Rotating Frame? Derivative Order Description
   ---------- ---------------                     --------------- ---------------- -----------
          1    1.102E+01                                 F               0         Tower X translation displacement, node 1, m
          2   -1.227E+00                                 F               0         Tower Y translation displacement, node 1, m
          3   -3.278E-01                                 F               0         Tower Z translation displacement, node 1, m
          4    1.248E+01                                 F               0         Tower X translation displacement, node 2, m
          5   -1.807E+00                                 F               0         Tower Y translation displacement, node 2, m
          6   -4.292E-01                                 F               0         Tower Z translation displacement, node 2, m
          7    1.398E+01                                 F               0         Tower X translation displacement, node 3, m
          8   -2.392E+00                                 F               0         Tower Y translation displacement, node 3, m
          9   -5.338E-01                                 F               0         Tower Z translation displacement, node 3, m
         10    1.549E+01                                 F               0         Tower X translation displacement, node 4, m
         11   -2.982E+00                                 F               0         Tower Y translation displacement, node 4, m
         12   -6.409E-01                                 F               0         Tower Z translation displacement, node 4, m
         13    1.702E+01                                 F               0         Tower X translation displacement, node 5, m
         14   -3.576E+00                                 F               0         Tower Y translation displacement, node 5, m
         15   -7.501E-01                                 F               0         Tower Z translation displacement, node 5, m
         16    1.856E+01                                 F               0         Tower X translation displacement, node 6, m
         17   -4.173E+00                                 F               0         Tower Y translation displacement, node 6, m
         18   -8.610E-01                                 F               0         Tower Z translation displacement, node 6, m
         19    2.011E+01                                 F               0         Tower X translation displacement, node 7, m
         20   -4.773E+00                                 F               0         Tower Y translation displacement, node 7, m
         21   -9.731E-01                                 F               0         Tower Z translation displacement, node 7, m
         22    2.166E+01                                 F               0         Tower X translation displacement, node 8, m
         23   -5.375E+00                                 F               0         Tower Y translation displacement, node 8, m
         24   -1.086E+00                                 F               0         Tower Z translation displacement, node 8, m
         25    2.322E+01                                 F               0         Tower X translation displacement, node 9, m
         26   -5.978E+00                                 F               0         Tower Y translation displacement, node 9, m
         27   -1.200E+00                                 F               0         Tower Z translation displacement, node 9, m
         28    2.479E+01                                 F               0         Tower X translation displacement, node 10, m
         29   -6.583E+00                                 F               0         Tower Y translation displacement, node 10, m
         30   -1.315E+00                                 F               0         Tower Z translation displacement, node 10, m
         31    2.636E+01                                 F               0         Tower X translation displacement, node 11, m
         32   -7.188E+00                                 F               0         Tower Y translation displacement, node 11, m
         33   -1.430E+00                                 F               0         Tower Z translation displacement, node 11, m
         34    9.930E-01,  9.744E-03, -1.178E-01         F               0         Tower X orientation angle, node 1, rad
         35   -4.158E-03,  9.989E-01,  4.759E-02         F               0         Tower Y orientation angle, node 1, rad
         36    1.181E-01, -4.676E-02,  9.919E-01         F               0         Tower Z orientation angle, node 1, rad
         37    9.928E-01,  9.833E-03, -1.196E-01         F               0         Tower X orientation angle, node 2, rad
         38   -4.105E-03,  9.988E-01,  4.803E-02         F               0         Tower Y orientation angle, node 2, rad
         39    1.200E-01, -4.719E-02,  9.917E-01         F               0         Tower Z orientation angle, node 2, rad
         40    9.926E-01,  9.911E-03, -1.213E-01         F               0         Tower X orientation angle, node 3, rad
         41   -4.057E-03,  9.988E-01,  4.843E-02         F               0         Tower Y orientation angle, node 3, rad
         42    1.216E-01, -4.757E-02,  9.914E-01         F               0         Tower Z orientation angle, node 3, rad
         43    9.924E-01,  9.977E-03, -1.227E-01         F               0         Tower X orientation angle, node 4, rad
         44   -4.014E-03,  9.988E-01,  4.877E-02         F               0         Tower Y orientation angle, node 4, rad
         45    1.230E-01, -4.791E-02,  9.913E-01         F               0         Tower Z orientation angle, node 4, rad
         46    9.923E-01,  1.003E-02, -1.238E-01         F               0         Tower X orientation angle, node 5, rad
         47   -3.977E-03,  9.988E-01,  4.907E-02         F               0         Tower Y orientation angle, node 5, rad
         48    1.241E-01, -4.820E-02,  9.911E-01         F               0         Tower Z orientation angle, node 5, rad
         49    9.921E-01,  1.008E-02, -1.247E-01         F               0         Tower X orientation angle, node 6, rad
         50   -3.945E-03,  9.988E-01,  4.932E-02         F               0         Tower Y orientation angle, node 6, rad
         51    1.250E-01, -4.844E-02,  9.910E-01         F               0         Tower Z orientation angle, node 6, rad
         52    9.921E-01,  1.011E-02, -1.254E-01         F               0         Tower X orientation angle, node 7, rad
         53   -3.920E-03,  9.988E-01,  4.952E-02         F               0         Tower Y orientation angle, node 7, rad
         54    1.257E-01, -4.864E-02,  9.909E-01         F               0         Tower Z orientation angle, node 7, rad
         55    9.920E-01,  1.013E-02, -1.259E-01         F               0         Tower X orientation angle, node 8, rad
         56   -3.901E-03,  9.988E-01,  4.968E-02         F               0         Tower Y orientation angle, node 8, rad
         57    1.262E-01, -4.879E-02,  9.908E-01         F               0         Tower Z orientation angle, node 8, rad
         58    9.920E-01,  1.015E-02, -1.262E-01         F               0         Tower X orientation angle, node 9, rad
         59   -3.886E-03,  9.988E-01,  4.979E-02         F               0         Tower Y orientation angle, node 9, rad
         60    1.266E-01, -4.890E-02,  9.908E-01         F               0         Tower Z orientation angle, node 9, rad
         61    9.919E-01,  1.016E-02, -1.264E-01         F               0         Tower X orientation angle, node 10, rad
         62   -3.877E-03,  9.987E-01,  4.986E-02         F               0         Tower Y orientation angle, node 10, rad
         63    1.268E-01, -4.897E-02,  9.907E-01         F               0         Tower Z orientation angle, node 10, rad
         64    9.919E-01,  1.017E-02, -1.265E-01         F               0         Tower X orientation angle, node 11, rad
         65   -3.872E-03,  9.987E-01,  4.990E-02         F               0         Tower Y orientation angle, node 11, rad
         66    1.269E-01, -4.901E-02,  9.907E-01         F               0         Tower Z orientation angle, node 11, rad
         67   -3.850E-03                                 F               0         Tower X translation velocity, node 1, m/s
         68   -4.882E-03                                 F               0         Tower Y translation velocity, node 1, m/s
         69   -1.141E-03                                 F               0         Tower Z translation velocity, node 1, m/s
         70   -4.060E-03                                 F               0         Tower X translation velocity, node 2, m/s
         71   -9.617E-03                                 F               0         Tower Y translation velocity, node 2, m/s
         72   -1.340E-03                                 F               0         Tower Z translation velocity, node 2, m/s
         73   -4.360E-03                                 F               0         Tower X translation velocity, node 3, m/s
         74   -1.447E-02                                 F               0         Tower Y translation velocity, node 3, m/s
         75   -1.535E-03                                 F               0         Tower Z translation velocity, node 3, m/s
         76   -4.731E-03                                 F               0         Tower X translation velocity, node 4, m/s
         77   -1.942E-02                                 F               0         Tower Y translation velocity, node 4, m/s
         78   -1.728E-03                                 F               0         Tower Z translation velocity, node 4, m/s
         79   -5.163E-03                                 F               0         Tower X translation velocity, node 5, m/s
         80   -2.445E-02                                 F               0         Tower Y translation velocity, node 5, m/s
         81   -1.918E-03                                 F               0         Tower Z translation velocity, node 5, m/s
         82   -5.646E-03                                 F               0         Tower X translation velocity, node 6, m/s
         83   -2.955E-02                                 F               0         Tower Y translation velocity, node 6, m/s
         84   -2.106E-03                                 F               0         Tower Z translation velocity, node 6, m/s
         85   -6.167E-03                                 F               0         Tower X translation velocity, node 7, m/s
         86   -3.470E-02                                 F               0         Tower Y translation velocity, node 7, m/s
         87   -2.292E-03                                 F               0         Tower Z translation velocity, node 7, m/s
         88   -6.721E-03                                 F               0         Tower X translation velocity, node 8, m/s
         89   -3.990E-02                                 F               0         Tower Y translation velocity, node 8, m/s
         90   -2.477E-03                                 F               0         Tower Z translation velocity, node 8, m/s
         91   -7.301E-03                                 F               0         Tower X translation velocity, node 9, m/s
         92   -4.513E-02                                 F               0         Tower Y translation velocity, node 9, m/s
         93   -2.661E-03                                 F               0         Tower Z translation velocity, node 9, m/s
         94   -7.898E-03                                 F               0         Tower X translation velocity, node 10, m/s
         95   -5.038E-02                                 F               0         Tower Y translation velocity, node 10, m/s
         96   -2.845E-03                                 F               0         Tower Z translation velocity, node 10, m/s
         97   -8.505E-03                                 F               0         Tower X translation velocity, node 11, m/s
         98   -5.565E-02                                 F               0         Tower Y translation velocity, node 11, m/s
         99   -3.027E-03                                 F               0         Tower Z translation velocity, node 11, m/s
        100    2.744E+01                                 F               0         Hub X translation displacement, node 1, m
        101   -7.683E+00                                 F               0         Hub Y translation displacement, node 1, m
        102   -1.360E-01                                 F               0         Hub Z translation displacement, node 1, m
        103    9.732E-01,  1.523E-02, -2.294E-01         F               0         Hub X orientation angle, node 1, rad
        104   -2.242E-01,  2.841E-01, -9.322E-01         F               0         Hub Y orientation angle, node 1, rad
        105    5.096E-02,  9.587E-01,  2.799E-01         F               0         Hub Z orientation angle, node 1, rad
        106    8.538E-01                                 F               0         Hub X rotation velocity, node 1, rad/s
        107    1.331E-02                                 F               0         Hub Y rotation velocity, node 1, rad/s
        108   -2.012E-01                                 F               0         Hub Z rotation velocity, node 1, rad/s
        109    9.794E-01,  6.801E-03, -2.016E-01         F               0         Blade root 1 X orientation angle, node 1, rad
        110   -1.952E-01,  2.844E-01, -9.386E-01         F               0         Blade root 1 Y orientation angle, node 1, rad
        111    5.096E-02,  9.587E-01,  2.799E-01         F               0         Blade root 1 Z orientation angle, node 1, rad
        112    9.682E-01, -5.189E-03, -2.503E-01         F               0         Blade root 2 X orientation angle, node 1, rad
        113    1.850E-01,  6.884E-01,  7.014E-01         F               0         Blade root 2 Y orientation angle, node 1, rad
        114    1.687E-01, -7.253E-01,  6.674E-01         F               0         Blade root 2 Z orientation angle, node 1, rad
        115    9.708E-01,  4.407E-02, -2.359E-01         F               0         Blade root 3 X orientation angle, node 1, rad
        116    9.680E-02, -9.714E-01,  2.168E-01         F               0         Blade root 3 Y orientation angle, node 1, rad
        117   -2.196E-01, -2.333E-01, -9.473E-01         F               0         Blade root 3 Z orientation angle, node 1, rad
        118    2.714E+01                                 F               0         Blade 1 X translation displacement, node 1, m
        119   -2.372E+00                                 F               0         Blade 1 Y translation displacement, node 1, m
        120   -4.095E+00                                 F               0         Blade 1 Z translation displacement, node 1, m
        121    2.707E+01                                 F               0         Blade 1 X translation displacement, node 2, m
        122   -1.092E+00                                 F               0         Blade 1 Y translation displacement, node 2, m
        123   -5.049E+00                                 F               0         Blade 1 Z translation displacement, node 2, m
        124    2.610E+01                                 F               0         Blade 1 X translation displacement, node 3, m
        125    1.631E+01                                 F               0         Blade 1 Y translation displacement, node 3, m
        126   -1.802E+01                                 F               0         Blade 1 Z translation displacement, node 3, m
        127    2.589E+01                                 F               0         Blade 1 X translation displacement, node 4, m
        128    2.002E+01                                 F               0         Blade 1 Y translation displacement, node 4, m
        129   -2.079E+01                                 F               0         Blade 1 Z translation displacement, node 4, m
        130    2.569E+01                                 F               0         Blade 1 X translation displacement, node 5, m
        131    2.373E+01                                 F               0         Blade 1 Y translation displacement, node 5, m
        132   -2.355E+01                                 F               0         Blade 1 Z translation displacement, node 5, m
        133    2.548E+01                                 F               0         Blade 1 X translation displacement, node 6, m
        134    2.743E+01                                 F               0         Blade 1 Y translation displacement, node 6, m
        135   -2.631E+01                                 F               0         Blade 1 Z translation displacement, node 6, m
        136    2.527E+01                                 F               0         Blade 1 X translation displacement, node 7, m
        137    3.114E+01                                 F               0         Blade 1 Y translation displacement, node 7, m
        138   -2.908E+01                                 F               0         Blade 1 Z translation displacement, node 7, m
        139    2.506E+01                                 F               0         Blade 1 X translation displacement, node 8, m
        140    3.485E+01                                 F               0         Blade 1 Y translation displacement, node 8, m
        141   -3.184E+01                                 F               0         Blade 1 Z translation displacement, node 8, m
        142    2.486E+01                                 F               0         Blade 1 X translation displacement, node 9, m
        143    3.856E+01                                 F               0         Blade 1 Y translation displacement, node 9, m
        144   -3.461E+01                                 F               0         Blade 1 Z translation displacement, node 9, m
        145    2.465E+01                                 F               0         Blade 1 X translation displacement, node 10, m
        146    4.227E+01                                 F               0         Blade 1 Y translation displacement, node 10, m
        147   -3.737E+01                                 F               0         Blade 1 Z translation displacement, node 10, m
        148    2.444E+01                                 F               0         Blade 1 X translation displacement, node 11, m
        149    4.597E+01                                 F               0         Blade 1 Y translation displacement, node 11, m
        150   -4.013E+01                                 F               0         Blade 1 Z translation displacement, node 11, m
        151    2.424E+01                                 F               0         Blade 1 X translation displacement, node 12, m
        152    4.968E+01                                 F               0         Blade 1 Y translation displacement, node 12, m
        153   -4.290E+01                                 F               0         Blade 1 Z translation displacement, node 12, m
        154    2.403E+01                                 F               0         Blade 1 X translation displacement, node 13, m
        155    5.339E+01                                 F               0         Blade 1 Y translation displacement, node 13, m
        156   -4.566E+01                                 F               0         Blade 1 Z translation displacement, node 13, m
        157    2.382E+01                                 F               0         Blade 1 X translation displacement, node 14, m
        158    5.710E+01                                 F               0         Blade 1 Y translation displacement, node 14, m
        159   -4.843E+01                                 F               0         Blade 1 Z translation displacement, node 14, m
        160    2.361E+01                                 F               0         Blade 1 X translation displacement, node 15, m
        161    6.081E+01                                 F               0         Blade 1 Y translation displacement, node 15, m
        162   -5.119E+01                                 F               0         Blade 1 Z translation displacement, node 15, m
        163    2.341E+01                                 F               0         Blade 1 X translation displacement, node 16, m
        164    6.451E+01                                 F               0         Blade 1 Y translation displacement, node 16, m
        165   -5.396E+01                                 F               0         Blade 1 Z translation displacement, node 16, m
        166    2.320E+01                                 F               0         Blade 1 X translation displacement, node 17, m
        167    6.822E+01                                 F               0         Blade 1 Y translation displacement, node 17, m
        168   -5.672E+01                                 F               0         Blade 1 Z translation displacement, node 17, m
        169    2.299E+01                                 F               0         Blade 1 X translation displacement, node 18, m
        170    7.193E+01                                 F               0         Blade 1 Y translation displacement, node 18, m
        171   -5.948E+01                                 F               0         Blade 1 Z translation displacement, node 18, m
        172    2.278E+01                                 F               0         Blade 1 X translation displacement, node 19, m
        173    7.564E+01                                 F               0         Blade 1 Y translation displacement, node 19, m
        174   -6.225E+01                                 F               0         Blade 1 Z translation displacement, node 19, m
        175    2.258E+01                                 F               0         Blade 1 X translation displacement, node 20, m
        176    7.934E+01                                 F               0         Blade 1 Y translation displacement, node 20, m
        177   -6.501E+01                                 F               0         Blade 1 Z translation displacement, node 20, m
        178    2.237E+01                                 F               0         Blade 1 X translation displacement, node 21, m
        179    8.305E+01                                 F               0         Blade 1 Y translation displacement, node 21, m
        180   -6.778E+01                                 F               0         Blade 1 Z translation displacement, node 21, m
        181    2.216E+01                                 F               0         Blade 1 X translation displacement, node 22, m
        182    8.676E+01                                 F               0         Blade 1 Y translation displacement, node 22, m
        183   -7.054E+01                                 F               0         Blade 1 Z translation displacement, node 22, m
        184    2.196E+01                                 F               0         Blade 1 X translation displacement, node 23, m
        185    9.047E+01                                 F               0         Blade 1 Y translation displacement, node 23, m
        186   -7.330E+01                                 F               0         Blade 1 Z translation displacement, node 23, m
        187    2.175E+01                                 F               0         Blade 1 X translation displacement, node 24, m
        188    9.418E+01                                 F               0         Blade 1 Y translation displacement, node 24, m
        189   -7.607E+01                                 F               0         Blade 1 Z translation displacement, node 24, m
        190    2.154E+01                                 F               0         Blade 1 X translation displacement, node 25, m
        191    9.788E+01                                 F               0         Blade 1 Y translation displacement, node 25, m
        192   -7.883E+01                                 F               0         Blade 1 Z translation displacement, node 25, m
        193    2.133E+01                                 F               0         Blade 1 X translation displacement, node 26, m
        194    1.016E+02                                 F               0         Blade 1 Y translation displacement, node 26, m
        195   -8.160E+01                                 F               0         Blade 1 Z translation displacement, node 26, m
        196    2.113E+01                                 F               0         Blade 1 X translation displacement, node 27, m
        197    1.053E+02                                 F               0         Blade 1 Y translation displacement, node 27, m
        198   -8.436E+01                                 F               0         Blade 1 Z translation displacement, node 27, m
        199    2.095E+01                                 F               0         Blade 1 X translation displacement, node 28, m
        200    1.084E+02                                 F               0         Blade 1 Y translation displacement, node 28, m
        201   -8.670E+01                                 F               0         Blade 1 Z translation displacement, node 28, m
        202    9.607E-01, -1.236E-01,  2.486E-01         F               0         Blade 1 X orientation angle, node 1, rad
        203    2.729E-01,  2.562E-01, -9.273E-01         F               0         Blade 1 Y orientation angle, node 1, rad
        204    5.096E-02,  9.587E-01,  2.799E-01         F               0         Blade 1 Z orientation angle, node 1, rad
        205    9.607E-01, -1.236E-01,  2.486E-01         F               0         Blade 1 X orientation angle, node 2, rad
        206    2.729E-01,  2.562E-01, -9.273E-01         F               0         Blade 1 Y orientation angle, node 2, rad
        207    5.096E-02,  9.587E-01,  2.799E-01         F               0         Blade 1 Z orientation angle, node 2, rad
        208    9.980E-01, -5.939E-02,  2.171E-02         F               0         Blade 1 X orientation angle, node 3, rad
        209    3.744E-02,  2.782E-01, -9.598E-01         F               0         Blade 1 Y orientation angle, node 3, rad
        210    5.096E-02,  9.587E-01,  2.799E-01         F               0         Blade 1 Z orientation angle, node 3, rad
        211    9.987E-01, -4.759E-02, -1.883E-02         F               0         Blade 1 X orientation angle, node 4, rad
        212   -4.737E-03,  2.805E-01, -9.599E-01         F               0         Blade 1 Y orientation angle, node 4, rad
        213    5.096E-02,  9.587E-01,  2.799E-01         F               0         Blade 1 Z orientation angle, node 4, rad
        214    9.980E-01, -3.826E-02, -5.065E-02         F               0         Blade 1 X orientation angle, node 5, rad
        215   -3.785E-02,  2.819E-01, -9.587E-01         F               0         Blade 1 Y orientation angle, node 5, rad
        216    5.096E-02,  9.587E-01,  2.799E-01         F               0         Blade 1 Z orientation angle, node 5, rad
        217    9.966E-01, -3.077E-02, -7.606E-02         F               0         Blade 1 X orientation angle, node 6, rad
        218   -6.431E-02,  2.828E-01, -9.570E-01         F               0         Blade 1 Y orientation angle, node 6, rad
        219    5.096E-02,  9.587E-01,  2.799E-01         F               0         Blade 1 Z orientation angle, node 6, rad
        220    9.950E-01, -2.459E-02, -9.692E-02         F               0         Blade 1 X orientation angle, node 7, rad
        221   -8.603E-02,  2.834E-01, -9.551E-01         F               0         Blade 1 Y orientation angle, node 7, rad
        222    5.096E-02,  9.587E-01,  2.799E-01         F               0         Blade 1 Z orientation angle, node 7, rad
        223    9.933E-01, -1.945E-02, -1.142E-01         F               0         Blade 1 X orientation angle, node 8, rad
        224   -1.041E-01,  2.838E-01, -9.532E-01         F               0         Blade 1 Y orientation angle, node 8, rad
        225    5.096E-02,  9.587E-01,  2.799E-01         F               0         Blade 1 Z orientation angle, node 8, rad
        226    9.915E-01, -1.509E-02, -1.289E-01         F               0         Blade 1 X orientation angle, node 9, rad
        227   -1.193E-01,  2.841E-01, -9.514E-01         F               0         Blade 1 Y orientation angle, node 9, rad
        228    5.096E-02,  9.587E-01,  2.799E-01         F               0         Blade 1 Z orientation angle, node 9, rad
        229    9.899E-01, -1.132E-02, -1.415E-01         F               0         Blade 1 X orientation angle, node 10, rad
        230   -1.325E-01,  2.842E-01, -9.496E-01         F               0         Blade 1 Y orientation angle, node 10, rad
        231    5.096E-02,  9.587E-01,  2.799E-01         F               0         Blade 1 Z orientation angle, node 10, rad
        232    9.883E-01, -8.092E-03, -1.522E-01         F               0         Blade 1 X orientation angle, node 11, rad
        233   -1.437E-01,  2.843E-01, -9.479E-01         F               0         Blade 1 Y orientation angle, node 11, rad
        234    5.096E-02,  9.587E-01,  2.799E-01         F               0         Blade 1 Z orientation angle, node 11, rad
        235    9.868E-01, -5.262E-03, -1.617E-01         F               0         Blade 1 X orientation angle, node 12, rad
        236   -1.535E-01,  2.844E-01, -9.463E-01         F               0         Blade 1 Y orientation angle, node 12, rad
        237    5.096E-02,  9.587E-01,  2.799E-01         F               0         Blade 1 Z orientation angle, node 12, rad
        238    9.855E-01, -2.780E-03, -1.699E-01         F               0         Blade 1 X orientation angle, node 13, rad
        239   -1.621E-01,  2.845E-01, -9.449E-01         F               0         Blade 1 Y orientation angle, node 13, rad
        240    5.096E-02,  9.587E-01,  2.799E-01         F               0         Blade 1 Z orientation angle, node 13, rad
        241    9.842E-01, -5.462E-04, -1.773E-01         F               0         Blade 1 X orientation angle, node 14, rad
        242   -1.698E-01,  2.845E-01, -9.435E-01         F               0         Blade 1 Y orientation angle, node 14, rad
        243    5.096E-02,  9.587E-01,  2.799E-01         F               0         Blade 1 Z orientation angle, node 14, rad
        244    9.829E-01,  1.440E-03, -1.839E-01         F               0         Blade 1 X orientation angle, node 15, rad
        245   -1.767E-01,  2.845E-01, -9.423E-01         F               0         Blade 1 Y orientation angle, node 15, rad
        246    5.096E-02,  9.587E-01,  2.799E-01         F               0         Blade 1 Z orientation angle, node 15, rad
        247    9.818E-01,  3.227E-03, -1.898E-01         F               0         Blade 1 X orientation angle, node 16, rad
        248   -1.829E-01,  2.844E-01, -9.411E-01         F               0         Blade 1 Y orientation angle, node 16, rad
        249    5.096E-02,  9.587E-01,  2.799E-01         F               0         Blade 1 Z orientation angle, node 16, rad
        250    9.808E-01,  4.816E-03, -1.951E-01         F               0         Blade 1 X orientation angle, node 17, rad
        251   -1.884E-01,  2.844E-01, -9.400E-01         F               0         Blade 1 Y orientation angle, node 17, rad
        252    5.096E-02,  9.587E-01,  2.799E-01         F               0         Blade 1 Z orientation angle, node 17, rad
        253    9.798E-01,  6.305E-03, -2.000E-01         F               0         Blade 1 X orientation angle, node 18, rad
        254   -1.935E-01,  2.844E-01, -9.390E-01         F               0         Blade 1 Y orientation angle, node 18, rad
        255    5.096E-02,  9.587E-01,  2.799E-01         F               0         Blade 1 Z orientation angle, node 18, rad
        256    9.789E-01,  7.645E-03, -2.044E-01         F               0         Blade 1 X orientation angle, node 19, rad
        257   -1.981E-01,  2.844E-01, -9.380E-01         F               0         Blade 1 Y orientation angle, node 19, rad
        258    5.096E-02,  9.587E-01,  2.799E-01         F               0         Blade 1 Z orientation angle, node 19, rad
        259    9.780E-01,  8.836E-03, -2.083E-01         F               0         Blade 1 X orientation angle, node 20, rad
        260   -2.022E-01,  2.843E-01, -9.372E-01         F               0         Blade 1 Y orientation angle, node 20, rad
        261    5.096E-02,  9.587E-01,  2.799E-01         F               0         Blade 1 Z orientation angle, node 20, rad
        262    9.772E-01,  9.977E-03, -2.121E-01         F               0         Blade 1 X orientation angle, node 21, rad
        263   -2.061E-01,  2.843E-01, -9.363E-01         F               0         Blade 1 Y orientation angle, node 21, rad
        264    5.096E-02,  9.587E-01,  2.799E-01         F               0         Blade 1 Z orientation angle, node 21, rad
        265    9.764E-01,  1.102E-02, -2.155E-01         F               0         Blade 1 X orientation angle, node 22, rad
        266   -2.097E-01,  2.843E-01, -9.355E-01         F               0         Blade 1 Y orientation angle, node 22, rad
        267    5.096E-02,  9.587E-01,  2.799E-01         F               0         Blade 1 Z orientation angle, node 22, rad
        268    9.757E-01,  1.196E-02, -2.186E-01         F               0         Blade 1 X orientation angle, node 23, rad
        269   -2.130E-01,  2.842E-01, -9.348E-01         F               0         Blade 1 Y orientation angle, node 23, rad
        270    5.096E-02,  9.587E-01,  2.799E-01         F               0         Blade 1 Z orientation angle, node 23, rad
        271    9.751E-01,  1.285E-02, -2.216E-01         F               0         Blade 1 X orientation angle, node 24, rad
        272   -2.160E-01,  2.842E-01, -9.341E-01         F               0         Blade 1 Y orientation angle, node 24, rad
        273    5.096E-02,  9.587E-01,  2.799E-01         F               0         Blade 1 Z orientation angle, node 24, rad
        274    9.744E-01,  1.370E-02, -2.243E-01         F               0         Blade 1 X orientation angle, node 25, rad
        275   -2.189E-01,  2.841E-01, -9.335E-01         F               0         Blade 1 Y orientation angle, node 25, rad
        276    5.096E-02,  9.587E-01,  2.799E-01         F               0         Blade 1 Z orientation angle, node 25, rad
        277    9.738E-01,  1.444E-02, -2.268E-01         F               0         Blade 1 X orientation angle, node 26, rad
        278   -2.215E-01,  2.841E-01, -9.329E-01         F               0         Blade 1 Y orientation angle, node 26, rad
        279    5.096E-02,  9.587E-01,  2.799E-01         F               0         Blade 1 Z orientation angle, node 26, rad
        280    9.733E-01,  1.519E-02, -2.292E-01         F               0         Blade 1 X orientation angle, node 27, rad
        281   -2.240E-01,  2.841E-01, -9.323E-01         F               0         Blade 1 Y orientation angle, node 27, rad
        282    5.096E-02,  9.587E-01,  2.799E-01         F               0         Blade 1 Z orientation angle, node 27, rad
        283    9.729E-01,  1.558E-02, -2.305E-01         F               0         Blade 1 X orientation angle, node 28, rad
        284   -2.254E-01,  2.840E-01, -9.320E-01         F               0         Blade 1 Y orientation angle, node 28, rad
        285    5.096E-02,  9.587E-01,  2.799E-01         F               0         Blade 1 Z orientation angle, node 28, rad
        286    1.080E+00                                 F               0         Blade 1 X translation velocity, node 1, m/s
        287   -1.440E+00                                 F               0         Blade 1 Y translation velocity, node 1, m/s
        288    4.527E+00                                 F               0         Blade 1 Z translation velocity, node 1, m/s
        289    1.343E+00                                 F               0         Blade 1 X translation velocity, node 2, m/s
        290   -1.772E+00                                 F               0         Blade 1 Y translation velocity, node 2, m/s
        291    5.619E+00                                 F               0         Blade 1 Z translation velocity, node 2, m/s
        292    4.911E+00                                 F               0         Blade 1 X translation velocity, node 3, m/s
        293   -6.296E+00                                 F               0         Blade 1 Y translation velocity, node 3, m/s
        294    2.046E+01                                 F               0         Blade 1 Z translation velocity, node 3, m/s
        295    5.671E+00                                 F               0         Blade 1 X translation velocity, node 4, m/s
        296   -7.260E+00                                 F               0         Blade 1 Y translation velocity, node 4, m/s
        297    2.363E+01                                 F               0         Blade 1 Z translation velocity, node 4, m/s
        298    6.432E+00                                 F               0         Blade 1 X translation velocity, node 5, m/s
        299   -8.223E+00                                 F               0         Blade 1 Y translation velocity, node 5, m/s
        300    2.679E+01                                 F               0         Blade 1 Z translation velocity, node 5, m/s
        301    7.192E+00                                 F               0         Blade 1 X translation velocity, node 6, m/s
        302   -9.187E+00                                 F               0         Blade 1 Y translation velocity, node 6, m/s
        303    2.995E+01                                 F               0         Blade 1 Z translation velocity, node 6, m/s
        304    7.952E+00                                 F               0         Blade 1 X translation velocity, node 7, m/s
        305   -1.015E+01                                 F               0         Blade 1 Y translation velocity, node 7, m/s
        306    3.312E+01                                 F               0         Blade 1 Z translation velocity, node 7, m/s
        307    8.713E+00                                 F               0         Blade 1 X translation velocity, node 8, m/s
