
Linearized model: Predictions were generated on 12-Jan-2024 at 09:28:28 using OpenFAST, compiled as a 64-bit application using single precision at commit v3.5.1
 linked with  NWTC Subroutine Library; ElastoDyn; InflowWind; AeroDyn; ServoDyn; HydroDyn; MAP++ (<1.20.10>, <Oct-20-2023>)

Description from the FAST input file: CCT-9 Campign 4 model. Input files to be run with OpenFAST 3.5.0. GitHub branch from Lu Wang (https://github.com/luwang00/openfast/tree/dev) compiled on March 7, 2023.

Simulation information:
   Simulation time:                   501.0000 s
   Rotor Speed:                         0.8768 rad/s
   Azimuth:                             4.7335 rad
   Wind Speed:                         10.0000 m/s
   Number of continuous states:         0
   Number of discrete states:           0
   Number of constraint states:         0
   Number of inputs:                 1746
   Number of outputs:                   4
   Jacobians included in this file?    No

Order of inputs:
     Column   Operating Point                     Rotating Frame? Derivative Order Description
   ---------- ---------------                     --------------- ---------------- -----------
          1    1.102E+01                                 F               0         Tower X translation displacement, node 1, m
          2   -1.225E+00                                 F               0         Tower Y translation displacement, node 1, m
          3   -3.275E-01                                 F               0         Tower Z translation displacement, node 1, m
          4    1.249E+01                                 F               0         Tower X translation displacement, node 2, m
          5   -1.804E+00                                 F               0         Tower Y translation displacement, node 2, m
          6   -4.288E-01                                 F               0         Tower Z translation displacement, node 2, m
          7    1.398E+01                                 F               0         Tower X translation displacement, node 3, m
          8   -2.388E+00                                 F               0         Tower Y translation displacement, node 3, m
          9   -5.333E-01                                 F               0         Tower Z translation displacement, node 3, m
         10    1.549E+01                                 F               0         Tower X translation displacement, node 4, m
         11   -2.977E+00                                 F               0         Tower Y translation displacement, node 4, m
         12   -6.404E-01                                 F               0         Tower Z translation displacement, node 4, m
         13    1.702E+01                                 F               0         Tower X translation displacement, node 5, m
         14   -3.570E+00                                 F               0         Tower Y translation displacement, node 5, m
         15   -7.495E-01                                 F               0         Tower Z translation displacement, node 5, m
         16    1.856E+01                                 F               0         Tower X translation displacement, node 6, m
         17   -4.166E+00                                 F               0         Tower Y translation displacement, node 6, m
         18   -8.604E-01                                 F               0         Tower Z translation displacement, node 6, m
         19    2.011E+01                                 F               0         Tower X translation displacement, node 7, m
         20   -4.764E+00                                 F               0         Tower Y translation displacement, node 7, m
         21   -9.725E-01                                 F               0         Tower Z translation displacement, node 7, m
         22    2.166E+01                                 F               0         Tower X translation displacement, node 8, m
         23   -5.365E+00                                 F               0         Tower Y translation displacement, node 8, m
         24   -1.086E+00                                 F               0         Tower Z translation displacement, node 8, m
         25    2.323E+01                                 F               0         Tower X translation displacement, node 9, m
         26   -5.967E+00                                 F               0         Tower Y translation displacement, node 9, m
         27   -1.200E+00                                 F               0         Tower Z translation displacement, node 9, m
         28    2.479E+01                                 F               0         Tower X translation displacement, node 10, m
         29   -6.570E+00                                 F               0         Tower Y translation displacement, node 10, m
         30   -1.314E+00                                 F               0         Tower Z translation displacement, node 10, m
         31    2.636E+01                                 F               0         Tower X translation displacement, node 11, m
         32   -7.174E+00                                 F               0         Tower Y translation displacement, node 11, m
         33   -1.429E+00                                 F               0         Tower Z translation displacement, node 11, m
         34    9.930E-01,  9.745E-03, -1.178E-01         F               0         Tower X orientation angle, node 1, rad
         35   -4.170E-03,  9.989E-01,  4.749E-02         F               0         Tower Y orientation angle, node 1, rad
         36    1.181E-01, -4.666E-02,  9.919E-01         F               0         Tower Z orientation angle, node 1, rad
         37    9.928E-01,  9.833E-03, -1.196E-01         F               0         Tower X orientation angle, node 2, rad
         38   -4.117E-03,  9.988E-01,  4.793E-02         F               0         Tower Y orientation angle, node 2, rad
         39    1.200E-01, -4.709E-02,  9.917E-01         F               0         Tower Z orientation angle, node 2, rad
         40    9.926E-01,  9.911E-03, -1.213E-01         F               0         Tower X orientation angle, node 3, rad
         41   -4.069E-03,  9.988E-01,  4.832E-02         F               0         Tower Y orientation angle, node 3, rad
         42    1.216E-01, -4.747E-02,  9.914E-01         F               0         Tower Z orientation angle, node 3, rad
         43    9.924E-01,  9.978E-03, -1.227E-01         F               0         Tower X orientation angle, node 4, rad
         44   -4.026E-03,  9.988E-01,  4.867E-02         F               0         Tower Y orientation angle, node 4, rad
         45    1.230E-01, -4.781E-02,  9.913E-01         F               0         Tower Z orientation angle, node 4, rad
         46    9.923E-01,  1.003E-02, -1.238E-01         F               0         Tower X orientation angle, node 5, rad
         47   -3.990E-03,  9.988E-01,  4.896E-02         F               0         Tower Y orientation angle, node 5, rad
         48    1.241E-01, -4.809E-02,  9.911E-01         F               0         Tower Z orientation angle, node 5, rad
         49    9.921E-01,  1.008E-02, -1.247E-01         F               0         Tower X orientation angle, node 6, rad
         50   -3.958E-03,  9.988E-01,  4.921E-02         F               0         Tower Y orientation angle, node 6, rad
         51    1.250E-01, -4.833E-02,  9.910E-01         F               0         Tower Z orientation angle, node 6, rad
         52    9.921E-01,  1.011E-02, -1.254E-01         F               0         Tower X orientation angle, node 7, rad
         53   -3.934E-03,  9.988E-01,  4.941E-02         F               0         Tower Y orientation angle, node 7, rad
         54    1.257E-01, -4.853E-02,  9.909E-01         F               0         Tower Z orientation angle, node 7, rad
         55    9.920E-01,  1.013E-02, -1.259E-01         F               0         Tower X orientation angle, node 8, rad
         56   -3.914E-03,  9.988E-01,  4.957E-02         F               0         Tower Y orientation angle, node 8, rad
         57    1.262E-01, -4.868E-02,  9.908E-01         F               0         Tower Z orientation angle, node 8, rad
         58    9.919E-01,  1.015E-02, -1.262E-01         F               0         Tower X orientation angle, node 9, rad
         59   -3.900E-03,  9.988E-01,  4.968E-02         F               0         Tower Y orientation angle, node 9, rad
         60    1.266E-01, -4.879E-02,  9.908E-01         F               0         Tower Z orientation angle, node 9, rad
         61    9.919E-01,  1.016E-02, -1.264E-01         F               0         Tower X orientation angle, node 10, rad
         62   -3.890E-03,  9.988E-01,  4.975E-02         F               0         Tower Y orientation angle, node 10, rad
         63    1.268E-01, -4.886E-02,  9.907E-01         F               0         Tower Z orientation angle, node 10, rad
         64    9.919E-01,  1.017E-02, -1.265E-01         F               0         Tower X orientation angle, node 11, rad
         65   -3.885E-03,  9.988E-01,  4.979E-02         F               0         Tower Y orientation angle, node 11, rad
         66    1.269E-01, -4.890E-02,  9.907E-01         F               0         Tower Z orientation angle, node 11, rad
         67   -3.926E-03                                 F               0         Tower X translation velocity, node 1, m/s
         68   -5.282E-03                                 F               0         Tower Y translation velocity, node 1, m/s
         69   -1.460E-03                                 F               0         Tower Z translation velocity, node 1, m/s
         70   -4.168E-03                                 F               0         Tower X translation velocity, node 2, m/s
         71   -1.036E-02                                 F               0         Tower Y translation velocity, node 2, m/s
         72   -1.671E-03                                 F               0         Tower Z translation velocity, node 2, m/s
         73   -4.459E-03                                 F               0         Tower X translation velocity, node 3, m/s
         74   -1.560E-02                                 F               0         Tower Y translation velocity, node 3, m/s
         75   -1.886E-03                                 F               0         Tower Z translation velocity, node 3, m/s
         76   -4.789E-03                                 F               0         Tower X translation velocity, node 4, m/s
         77   -2.098E-02                                 F               0         Tower Y translation velocity, node 4, m/s
         78   -2.103E-03                                 F               0         Tower Z translation velocity, node 4, m/s
         79   -5.153E-03                                 F               0         Tower X translation velocity, node 5, m/s
         80   -2.647E-02                                 F               0         Tower Y translation velocity, node 5, m/s
         81   -2.324E-03                                 F               0         Tower Z translation velocity, node 5, m/s
         82   -5.546E-03                                 F               0         Tower X translation velocity, node 6, m/s
         83   -3.206E-02                                 F               0         Tower Y translation velocity, node 6, m/s
         84   -2.546E-03                                 F               0         Tower Z translation velocity, node 6, m/s
         85   -5.962E-03                                 F               0         Tower X translation velocity, node 7, m/s
         86   -3.772E-02                                 F               0         Tower Y translation velocity, node 7, m/s
         87   -2.770E-03                                 F               0         Tower Z translation velocity, node 7, m/s
         88   -6.398E-03                                 F               0         Tower X translation velocity, node 8, m/s
         89   -4.345E-02                                 F               0         Tower Y translation velocity, node 8, m/s
         90   -2.996E-03                                 F               0         Tower Z translation velocity, node 8, m/s
         91   -6.849E-03                                 F               0         Tower X translation velocity, node 9, m/s
         92   -4.922E-02                                 F               0         Tower Y translation velocity, node 9, m/s
         93   -3.222E-03                                 F               0         Tower Z translation velocity, node 9, m/s
         94   -7.311E-03                                 F               0         Tower X translation velocity, node 10, m/s
         95   -5.503E-02                                 F               0         Tower Y translation velocity, node 10, m/s
         96   -3.450E-03                                 F               0         Tower Z translation velocity, node 10, m/s
         97   -7.779E-03                                 F               0         Tower X translation velocity, node 11, m/s
         98   -6.087E-02                                 F               0         Tower Y translation velocity, node 11, m/s
         99   -3.678E-03                                 F               0         Tower Z translation velocity, node 11, m/s
        100    2.744E+01                                 F               0         Hub X translation displacement, node 1, m
        101   -7.668E+00                                 F               0         Hub Y translation displacement, node 1, m
        102   -1.350E-01                                 F               0         Hub Z translation displacement, node 1, m
        103    9.732E-01,  1.522E-02, -2.294E-01         F               0         Hub X orientation angle, node 1, rad
        104   -2.299E-01,  6.868E-02, -9.708E-01         F               0         Hub Y orientation angle, node 1, rad
        105    9.771E-04,  9.975E-01,  7.034E-02         F               0         Hub Z orientation angle, node 1, rad
        106    8.538E-01                                 F               0         Hub X rotation velocity, node 1, rad/s
        107    1.331E-02                                 F               0         Hub Y rotation velocity, node 1, rad/s
        108   -2.012E-01                                 F               0         Hub Z rotation velocity, node 1, rad/s
        109    9.796E-01,  1.318E-02, -2.005E-01         F               0         Blade root 1 X orientation angle, node 1, rad
        110   -2.009E-01,  6.910E-02, -9.772E-01         F               0         Blade root 1 Y orientation angle, node 1, rad
        111    9.771E-04,  9.975E-01,  7.034E-02         F               0         Blade root 1 Z orientation angle, node 1, rad
        112    9.693E-01, -9.393E-03, -2.455E-01         F               0         Blade root 2 X orientation angle, node 1, rad
        113    1.446E-01,  8.296E-01,  5.393E-01         F               0         Blade root 2 Y orientation angle, node 1, rad
        114    1.986E-01, -5.582E-01,  8.056E-01         F               0         Blade root 2 Z orientation angle, node 1, rad
        115    9.694E-01,  4.186E-02, -2.419E-01         F               0         Blade root 3 X orientation angle, node 1, rad
        116    1.429E-01, -8.974E-01,  4.175E-01         F               0         Blade root 3 Y orientation angle, node 1, rad
        117   -1.996E-01, -4.393E-01, -8.759E-01         F               0         Blade root 3 Z orientation angle, node 1, rad
        118    2.687E+01                                 F               0         Blade 1 X translation displacement, node 1, m
        119   -2.141E+00                                 F               0         Blade 1 Y translation displacement, node 1, m
        120   -5.255E+00                                 F               0         Blade 1 Z translation displacement, node 1, m
        121    2.673E+01                                 F               0         Blade 1 X translation displacement, node 2, m
        122   -8.098E-01                                 F               0         Blade 1 Y translation displacement, node 2, m
        123   -6.489E+00                                 F               0         Blade 1 Z translation displacement, node 2, m
        124    2.485E+01                                 F               0         Blade 1 X translation displacement, node 3, m
        125    1.730E+01                                 F               0         Blade 1 Y translation displacement, node 3, m
        126   -2.326E+01                                 F               0         Blade 1 Z translation displacement, node 3, m
        127    2.445E+01                                 F               0         Blade 1 X translation displacement, node 4, m
        128    2.116E+01                                 F               0         Blade 1 Y translation displacement, node 4, m
        129   -2.684E+01                                 F               0         Blade 1 Z translation displacement, node 4, m
        130    2.405E+01                                 F               0         Blade 1 X translation displacement, node 5, m
        131    2.501E+01                                 F               0         Blade 1 Y translation displacement, node 5, m
        132   -3.041E+01                                 F               0         Blade 1 Z translation displacement, node 5, m
        133    2.365E+01                                 F               0         Blade 1 X translation displacement, node 6, m
        134    2.887E+01                                 F               0         Blade 1 Y translation displacement, node 6, m
        135   -3.399E+01                                 F               0         Blade 1 Z translation displacement, node 6, m
        136    2.325E+01                                 F               0         Blade 1 X translation displacement, node 7, m
        137    3.273E+01                                 F               0         Blade 1 Y translation displacement, node 7, m
        138   -3.756E+01                                 F               0         Blade 1 Z translation displacement, node 7, m
        139    2.285E+01                                 F               0         Blade 1 X translation displacement, node 8, m
        140    3.659E+01                                 F               0         Blade 1 Y translation displacement, node 8, m
        141   -4.114E+01                                 F               0         Blade 1 Z translation displacement, node 8, m
        142    2.245E+01                                 F               0         Blade 1 X translation displacement, node 9, m
        143    4.045E+01                                 F               0         Blade 1 Y translation displacement, node 9, m
        144   -4.471E+01                                 F               0         Blade 1 Z translation displacement, node 9, m
        145    2.205E+01                                 F               0         Blade 1 X translation displacement, node 10, m
        146    4.430E+01                                 F               0         Blade 1 Y translation displacement, node 10, m
        147   -4.829E+01                                 F               0         Blade 1 Z translation displacement, node 10, m
        148    2.165E+01                                 F               0         Blade 1 X translation displacement, node 11, m
        149    4.816E+01                                 F               0         Blade 1 Y translation displacement, node 11, m
        150   -5.186E+01                                 F               0         Blade 1 Z translation displacement, node 11, m
        151    2.125E+01                                 F               0         Blade 1 X translation displacement, node 12, m
        152    5.202E+01                                 F               0         Blade 1 Y translation displacement, node 12, m
        153   -5.544E+01                                 F               0         Blade 1 Z translation displacement, node 12, m
        154    2.085E+01                                 F               0         Blade 1 X translation displacement, node 13, m
        155    5.588E+01                                 F               0         Blade 1 Y translation displacement, node 13, m
        156   -5.901E+01                                 F               0         Blade 1 Z translation displacement, node 13, m
        157    2.045E+01                                 F               0         Blade 1 X translation displacement, node 14, m
        158    5.974E+01                                 F               0         Blade 1 Y translation displacement, node 14, m
        159   -6.258E+01                                 F               0         Blade 1 Z translation displacement, node 14, m
        160    2.005E+01                                 F               0         Blade 1 X translation displacement, node 15, m
        161    6.360E+01                                 F               0         Blade 1 Y translation displacement, node 15, m
        162   -6.616E+01                                 F               0         Blade 1 Z translation displacement, node 15, m
        163    1.964E+01                                 F               0         Blade 1 X translation displacement, node 16, m
        164    6.745E+01                                 F               0         Blade 1 Y translation displacement, node 16, m
        165   -6.973E+01                                 F               0         Blade 1 Z translation displacement, node 16, m
        166    1.924E+01                                 F               0         Blade 1 X translation displacement, node 17, m
        167    7.131E+01                                 F               0         Blade 1 Y translation displacement, node 17, m
        168   -7.331E+01                                 F               0         Blade 1 Z translation displacement, node 17, m
        169    1.884E+01                                 F               0         Blade 1 X translation displacement, node 18, m
        170    7.517E+01                                 F               0         Blade 1 Y translation displacement, node 18, m
        171   -7.688E+01                                 F               0         Blade 1 Z translation displacement, node 18, m
        172    1.844E+01                                 F               0         Blade 1 X translation displacement, node 19, m
        173    7.903E+01                                 F               0         Blade 1 Y translation displacement, node 19, m
        174   -8.046E+01                                 F               0         Blade 1 Z translation displacement, node 19, m
        175    1.804E+01                                 F               0         Blade 1 X translation displacement, node 20, m
        176    8.289E+01                                 F               0         Blade 1 Y translation displacement, node 20, m
        177   -8.403E+01                                 F               0         Blade 1 Z translation displacement, node 20, m
        178    1.764E+01                                 F               0         Blade 1 X translation displacement, node 21, m
        179    8.674E+01                                 F               0         Blade 1 Y translation displacement, node 21, m
        180   -8.761E+01                                 F               0         Blade 1 Z translation displacement, node 21, m
        181    1.724E+01                                 F               0         Blade 1 X translation displacement, node 22, m
        182    9.060E+01                                 F               0         Blade 1 Y translation displacement, node 22, m
        183   -9.118E+01                                 F               0         Blade 1 Z translation displacement, node 22, m
        184    1.684E+01                                 F               0         Blade 1 X translation displacement, node 23, m
        185    9.446E+01                                 F               0         Blade 1 Y translation displacement, node 23, m
        186   -9.475E+01                                 F               0         Blade 1 Z translation displacement, node 23, m
        187    1.644E+01                                 F               0         Blade 1 X translation displacement, node 24, m
        188    9.832E+01                                 F               0         Blade 1 Y translation displacement, node 24, m
        189   -9.833E+01                                 F               0         Blade 1 Z translation displacement, node 24, m
        190    1.604E+01                                 F               0         Blade 1 X translation displacement, node 25, m
        191    1.022E+02                                 F               0         Blade 1 Y translation displacement, node 25, m
        192   -1.019E+02                                 F               0         Blade 1 Z translation displacement, node 25, m
        193    1.564E+01                                 F               0         Blade 1 X translation displacement, node 26, m
        194    1.060E+02                                 F               0         Blade 1 Y translation displacement, node 26, m
        195   -1.055E+02                                 F               0         Blade 1 Z translation displacement, node 26, m
        196    1.524E+01                                 F               0         Blade 1 X translation displacement, node 27, m
        197    1.099E+02                                 F               0         Blade 1 Y translation displacement, node 27, m
        198   -1.091E+02                                 F               0         Blade 1 Z translation displacement, node 27, m
        199    1.490E+01                                 F               0         Blade 1 X translation displacement, node 28, m
        200    1.132E+02                                 F               0         Blade 1 Y translation displacement, node 28, m
        201   -1.121E+02                                 F               0         Blade 1 Z translation displacement, node 28, m
        202    9.635E-01, -1.978E-02,  2.672E-01         F               0         Blade 1 X orientation angle, node 1, rad
        203    2.679E-01,  6.751E-02, -9.611E-01         F               0         Blade 1 Y orientation angle, node 1, rad
        204    9.771E-04,  9.975E-01,  7.034E-02         F               0         Blade 1 Z orientation angle, node 1, rad
        205    9.635E-01, -1.978E-02,  2.672E-01         F               0         Blade 1 X orientation angle, node 2, rad
        206    2.679E-01,  6.751E-02, -9.611E-01         F               0         Blade 1 Y orientation angle, node 2, rad
        207    9.771E-04,  9.975E-01,  7.034E-02         F               0         Blade 1 Z orientation angle, node 2, rad
        208    9.995E-01, -3.218E-03,  3.176E-02         F               0         Blade 1 X orientation angle, node 3, rad
        209    3.191E-02,  7.027E-02, -9.970E-01         F               0         Blade 1 Y orientation angle, node 3, rad
        210    9.771E-04,  9.975E-01,  7.034E-02         F               0         Blade 1 Z orientation angle, node 3, rad
        211    9.999E-01, -2.484E-04, -1.037E-02         F               0         Blade 1 X orientation angle, node 4, rad
        212   -1.033E-02,  7.035E-02, -9.975E-01         F               0         Blade 1 Y orientation angle, node 4, rad
        213    9.771E-04,  9.975E-01,  7.034E-02         F               0         Blade 1 Z orientation angle, node 4, rad
        214    9.991E-01,  2.084E-03, -4.343E-02         F               0         Blade 1 X orientation angle, node 5, rad
        215   -4.347E-02,  7.031E-02, -9.966E-01         F               0         Blade 1 Y orientation angle, node 5, rad
        216    9.771E-04,  9.975E-01,  7.034E-02         F               0         Blade 1 Z orientation angle, node 5, rad
        217    9.975E-01,  3.949E-03, -6.985E-02         F               0         Blade 1 X orientation angle, node 6, rad
        218   -6.996E-02,  7.023E-02, -9.951E-01         F               0         Blade 1 Y orientation angle, node 6, rad
        219    9.771E-04,  9.975E-01,  7.034E-02         F               0         Blade 1 Z orientation angle, node 6, rad
        220    9.958E-01,  5.480E-03, -9.154E-02         F               0         Blade 1 X orientation angle, node 7, rad
        221   -9.170E-02,  7.013E-02, -9.933E-01         F               0         Blade 1 Y orientation angle, node 7, rad
        222    9.771E-04,  9.975E-01,  7.034E-02         F               0         Blade 1 Z orientation angle, node 7, rad
        223    9.940E-01,  6.752E-03, -1.096E-01         F               0         Blade 1 X orientation angle, node 8, rad
        224   -1.098E-01,  7.002E-02, -9.915E-01         F               0         Blade 1 Y orientation angle, node 8, rad
        225    9.771E-04,  9.975E-01,  7.034E-02         F               0         Blade 1 Z orientation angle, node 8, rad
        226    9.922E-01,  7.826E-03, -1.248E-01         F               0         Blade 1 X orientation angle, node 9, rad
        227   -1.250E-01,  6.991E-02, -9.897E-01         F               0         Blade 1 Y orientation angle, node 9, rad
        228    9.771E-04,  9.975E-01,  7.034E-02         F               0         Blade 1 Z orientation angle, node 9, rad
        229    9.904E-01,  8.753E-03, -1.379E-01         F               0         Blade 1 X orientation angle, node 10, rad
        230   -1.382E-01,  6.980E-02, -9.879E-01         F               0         Blade 1 Y orientation angle, node 10, rad
        231    9.771E-04,  9.975E-01,  7.034E-02         F               0         Blade 1 Z orientation angle, node 10, rad
        232    9.888E-01,  9.544E-03, -1.491E-01         F               0         Blade 1 X orientation angle, node 11, rad
        233   -1.494E-01,  6.970E-02, -9.863E-01         F               0         Blade 1 Y orientation angle, node 11, rad
        234    9.771E-04,  9.975E-01,  7.034E-02         F               0         Blade 1 Z orientation angle, node 11, rad
        235    9.872E-01,  1.024E-02, -1.589E-01         F               0         Blade 1 X orientation angle, node 12, rad
        236   -1.592E-01,  6.960E-02, -9.848E-01         F               0         Blade 1 Y orientation angle, node 12, rad
        237    9.771E-04,  9.975E-01,  7.034E-02         F               0         Blade 1 Z orientation angle, node 12, rad
        238    9.858E-01,  1.084E-02, -1.675E-01         F               0         Blade 1 X orientation angle, node 13, rad
        239   -1.678E-01,  6.950E-02, -9.834E-01         F               0         Blade 1 Y orientation angle, node 13, rad
        240    9.771E-04,  9.975E-01,  7.034E-02         F               0         Blade 1 Z orientation angle, node 13, rad
        241    9.845E-01,  1.139E-02, -1.752E-01         F               0         Blade 1 X orientation angle, node 14, rad
        242   -1.756E-01,  6.942E-02, -9.820E-01         F               0         Blade 1 Y orientation angle, node 14, rad
        243    9.771E-04,  9.975E-01,  7.034E-02         F               0         Blade 1 Z orientation angle, node 14, rad
        244    9.832E-01,  1.187E-02, -1.821E-01         F               0         Blade 1 X orientation angle, node 15, rad
        245   -1.824E-01,  6.934E-02, -9.808E-01         F               0         Blade 1 Y orientation angle, node 15, rad
        246    9.771E-04,  9.975E-01,  7.034E-02         F               0         Blade 1 Z orientation angle, node 15, rad
        247    9.821E-01,  1.231E-02, -1.882E-01         F               0         Blade 1 X orientation angle, node 16, rad
        248   -1.886E-01,  6.926E-02, -9.796E-01         F               0         Blade 1 Y orientation angle, node 16, rad
        249    9.771E-04,  9.975E-01,  7.034E-02         F               0         Blade 1 Z orientation angle, node 16, rad
        250    9.810E-01,  1.270E-02, -1.937E-01         F               0         Blade 1 X orientation angle, node 17, rad
        251   -1.941E-01,  6.919E-02, -9.785E-01         F               0         Blade 1 Y orientation angle, node 17, rad
        252    9.771E-04,  9.975E-01,  7.034E-02         F               0         Blade 1 Z orientation angle, node 17, rad
        253    9.800E-01,  1.306E-02, -1.988E-01         F               0         Blade 1 X orientation angle, node 18, rad
        254   -1.992E-01,  6.912E-02, -9.775E-01         F               0         Blade 1 Y orientation angle, node 18, rad
        255    9.771E-04,  9.975E-01,  7.034E-02         F               0         Blade 1 Z orientation angle, node 18, rad
        256    9.790E-01,  1.338E-02, -2.034E-01         F               0         Blade 1 X orientation angle, node 19, rad
        257   -2.038E-01,  6.906E-02, -9.766E-01         F               0         Blade 1 Y orientation angle, node 19, rad
        258    9.771E-04,  9.975E-01,  7.034E-02         F               0         Blade 1 Z orientation angle, node 19, rad
        259    9.781E-01,  1.367E-02, -2.075E-01         F               0         Blade 1 X orientation angle, node 20, rad
        260   -2.079E-01,  6.900E-02, -9.757E-01         F               0         Blade 1 Y orientation angle, node 20, rad
        261    9.771E-04,  9.975E-01,  7.034E-02         F               0         Blade 1 Z orientation angle, node 20, rad
        262    9.773E-01,  1.395E-02, -2.114E-01         F               0         Blade 1 X orientation angle, node 21, rad
        263   -2.119E-01,  6.895E-02, -9.749E-01         F               0         Blade 1 Y orientation angle, node 21, rad
        264    9.771E-04,  9.975E-01,  7.034E-02         F               0         Blade 1 Z orientation angle, node 21, rad
        265    9.765E-01,  1.420E-02, -2.150E-01         F               0         Blade 1 X orientation angle, node 22, rad
        266   -2.154E-01,  6.890E-02, -9.741E-01         F               0         Blade 1 Y orientation angle, node 22, rad
        267    9.771E-04,  9.975E-01,  7.034E-02         F               0         Blade 1 Z orientation angle, node 22, rad
        268    9.758E-01,  1.443E-02, -2.182E-01         F               0         Blade 1 X orientation angle, node 23, rad
        269   -2.187E-01,  6.885E-02, -9.734E-01         F               0         Blade 1 Y orientation angle, node 23, rad
        270    9.771E-04,  9.975E-01,  7.034E-02         F               0         Blade 1 Z orientation angle, node 23, rad
        271    9.751E-01,  1.465E-02, -2.213E-01         F               0         Blade 1 X orientation angle, node 24, rad
        272   -2.217E-01,  6.880E-02, -9.727E-01         F               0         Blade 1 Y orientation angle, node 24, rad
        273    9.771E-04,  9.975E-01,  7.034E-02         F               0         Blade 1 Z orientation angle, node 24, rad
        274    9.744E-01,  1.485E-02, -2.241E-01         F               0         Blade 1 X orientation angle, node 25, rad
        275   -2.246E-01,  6.876E-02, -9.720E-01         F               0         Blade 1 Y orientation angle, node 25, rad
        276    9.771E-04,  9.975E-01,  7.034E-02         F               0         Blade 1 Z orientation angle, node 25, rad
        277    9.739E-01,  1.503E-02, -2.267E-01         F               0         Blade 1 X orientation angle, node 26, rad
        278   -2.272E-01,  6.872E-02, -9.714E-01         F               0         Blade 1 Y orientation angle, node 26, rad
        279    9.771E-04,  9.975E-01,  7.034E-02         F               0         Blade 1 Z orientation angle, node 26, rad
        280    9.733E-01,  1.521E-02, -2.292E-01         F               0         Blade 1 X orientation angle, node 27, rad
        281   -2.297E-01,  6.868E-02, -9.708E-01         F               0         Blade 1 Y orientation angle, node 27, rad
        282    9.771E-04,  9.975E-01,  7.034E-02         F               0         Blade 1 Z orientation angle, node 27, rad
        283    9.729E-01,  1.531E-02, -2.306E-01         F               0         Blade 1 X orientation angle, node 28, rad
        284   -2.311E-01,  6.866E-02, -9.705E-01         F               0         Blade 1 Y orientation angle, node 28, rad
        285    9.771E-04,  9.975E-01,  7.034E-02         F               0         Blade 1 Z orientation angle, node 28, rad
        286    1.109E+00                                 F               0         Blade 1 X translation velocity, node 1, m/s
        287   -3.986E-01                                 F               0         Blade 1 Y translation velocity, node 1, m/s
        288    4.714E+00                                 F               0         Blade 1 Z translation velocity, node 1, m/s
        289    1.378E+00                                 F               0         Blade 1 X translation velocity, node 2, m/s
        290   -4.790E-01                                 F               0         Blade 1 Y translation velocity, node 2, m/s
        291    5.851E+00                                 F               0         Blade 1 Z translation velocity, node 2, m/s
        292    5.038E+00                                 F               0         Blade 1 X translation velocity, node 3, m/s
        293   -1.573E+00                                 F               0         Blade 1 Y translation velocity, node 3, m/s
        294    2.131E+01                                 F               0         Blade 1 Z translation velocity, node 3, m/s
        295    5.818E+00                                 F               0         Blade 1 X translation velocity, node 4, m/s
        296   -1.806E+00                                 F               0         Blade 1 Y translation velocity, node 4, m/s
        297    2.460E+01                                 F               0         Blade 1 Z translation velocity, node 4, m/s
        298    6.597E+00                                 F               0         Blade 1 X translation velocity, node 5, m/s
        299   -2.039E+00                                 F               0         Blade 1 Y translation velocity, node 5, m/s
        300    2.790E+01                                 F               0         Blade 1 Z translation velocity, node 5, m/s
        301    7.377E+00                                 F               0         Blade 1 X translation velocity, node 6, m/s
        302   -2.272E+00                                 F               0         Blade 1 Y translation velocity, node 6, m/s
        303    3.119E+01                                 F               0         Blade 1 Z translation velocity, node 6, m/s
        304    8.157E+00                                 F               0         Blade 1 X translation velocity, node 7, m/s
        305   -2.505E+00                                 F               0         Blade 1 Y translation velocity, node 7, m/s
        306    3.449E+01                                 F               0         Blade 1 Z translation velocity, node 7, m/s
        307    8.937E+00                                 F               0         Blade 1 X translation velocity, node 8, m/s
