
Linearized model: Predictions were generated on 13-Feb-2024 at 11:29:37 using OpenFAST, compiled as a 64-bit application using single precision at commit v3.5.1
 linked with  NWTC Subroutine Library; ElastoDyn; InflowWind; AeroDyn; ServoDyn; HydroDyn; MAP++ (<1.20.10>, <Oct-20-2023>)

Description from the FAST input file: CCT-9 Campign 4 model. Input files to be run with OpenFAST 3.5.0. GitHub branch from Lu Wang (https://github.com/luwang00/openfast/tree/dev) compiled on March 7, 2023.

Simulation information:
   Simulation time:                  1215.7000 s
   Rotor Speed:                         0.7919 rad/s
   Azimuth:                             3.8592 rad
   Wind Speed:                         16.0000 m/s
   Number of continuous states:         0
   Number of discrete states:           0
   Number of constraint states:         0
   Number of inputs:                 1746
   Number of outputs:                   4
   Jacobians included in this file?    No

Order of inputs:
     Column   Operating Point                                                   Rotating Frame? Derivative Order Description
   ---------- ---------------                                                   --------------- ---------------- -----------
          1     1.07028837204E+001                                                     F               0         Tower X translation displacement, node 1, m
          2    -1.55900645256E+000                                                     F               0         Tower Y translation displacement, node 1, m
          3    -2.79906332493E-001                                                     F               0         Tower Z translation displacement, node 1, m
          4     1.20889005661E+001                                                     F               0         Tower X translation displacement, node 2, m
          5    -2.19253444672E+000                                                     F               0         Tower Y translation displacement, node 2, m
          6    -3.74254137278E-001                                                     F               0         Tower Z translation displacement, node 2, m
          7     1.34749174118E+001                                                     F               0         Tower X translation displacement, node 3, m
          8    -2.82606244087E+000                                                     F               0         Tower Y translation displacement, node 3, m
          9    -4.68599885702E-001                                                     F               0         Tower Z translation displacement, node 3, m
         10     1.48609342575E+001                                                     F               0         Tower X translation displacement, node 4, m
         11    -3.45959043503E+000                                                     F               0         Tower Y translation displacement, node 4, m
         12    -5.62945842743E-001                                                     F               0         Tower Z translation displacement, node 4, m
         13     1.62469520569E+001                                                     F               0         Tower X translation displacement, node 5, m
         14    -4.09311914444E+000                                                     F               0         Tower Y translation displacement, node 5, m
         15    -6.57288908958E-001                                                     F               0         Tower Z translation displacement, node 5, m
         16     1.76329669952E+001                                                     F               0         Tower X translation displacement, node 6, m
         17    -4.72664642334E+000                                                     F               0         Tower Y translation displacement, node 6, m
         18    -7.51642584801E-001                                                     F               0         Tower Z translation displacement, node 6, m
         19     1.90189857483E+001                                                     F               0         Tower X translation displacement, node 7, m
         20    -5.36017513275E+000                                                     F               0         Tower Y translation displacement, node 7, m
         21    -8.45982313156E-001                                                     F               0         Tower Z translation displacement, node 7, m
         22     2.04050006866E+001                                                     F               0         Tower X translation displacement, node 8, m
         23    -5.99370241165E+000                                                     F               0         Tower Y translation displacement, node 8, m
         24    -9.40334081650E-001                                                     F               0         Tower Z translation displacement, node 8, m
         25     2.17910194397E+001                                                     F               0         Tower X translation displacement, node 9, m
         26    -6.62723112106E+000                                                     F               0         Tower Y translation displacement, node 9, m
         27    -1.03467690945E+000                                                     F               0         Tower Z translation displacement, node 9, m
         28     2.31770362854E+001                                                     F               0         Tower X translation displacement, node 10, m
         29    -7.26075887680E+000                                                     F               0         Tower Y translation displacement, node 10, m
         30    -1.12902557850E+000                                                     F               0         Tower Z translation displacement, node 10, m
         31     2.45630531311E+001                                                     F               0         Tower X translation displacement, node 11, m
         32    -7.89428710938E+000                                                     F               0         Tower Y translation displacement, node 11, m
         33    -1.22337138653E+000                                                     F               0         Tower Z translation displacement, node 11, m
         34     9.93684768677E-001,   3.41011304408E-003,  -1.12155809999E-001         F               0         Tower X orientation angle, node 1, rad
         35     2.36694770865E-003,   9.98678624630E-001,   5.13357892632E-002         F               0         Tower Y orientation angle, node 1, rad
         36     1.12182676792E-001,  -5.12770563364E-002,   9.92363691330E-001         F               0         Tower Z orientation angle, node 1, rad
         37     9.93684768677E-001,   3.41011304408E-003,  -1.12155809999E-001         F               0         Tower X orientation angle, node 2, rad
         38     2.36694770865E-003,   9.98678624630E-001,   5.13357892632E-002         F               0         Tower Y orientation angle, node 2, rad
         39     1.12182676792E-001,  -5.12770563364E-002,   9.92363691330E-001         F               0         Tower Z orientation angle, node 2, rad
         40     9.93684768677E-001,   3.41011304408E-003,  -1.12155809999E-001         F               0         Tower X orientation angle, node 3, rad
         41     2.36694770865E-003,   9.98678624630E-001,   5.13357892632E-002         F               0         Tower Y orientation angle, node 3, rad
         42     1.12182676792E-001,  -5.12770563364E-002,   9.92363691330E-001         F               0         Tower Z orientation angle, node 3, rad
         43     9.93684768677E-001,   3.41011304408E-003,  -1.12155809999E-001         F               0         Tower X orientation angle, node 4, rad
         44     2.36694770865E-003,   9.98678624630E-001,   5.13357892632E-002         F               0         Tower Y orientation angle, node 4, rad
         45     1.12182676792E-001,  -5.12770563364E-002,   9.92363691330E-001         F               0         Tower Z orientation angle, node 4, rad
         46     9.93684768677E-001,   3.41011304408E-003,  -1.12155809999E-001         F               0         Tower X orientation angle, node 5, rad
         47     2.36694770865E-003,   9.98678624630E-001,   5.13357892632E-002         F               0         Tower Y orientation angle, node 5, rad
         48     1.12182676792E-001,  -5.12770563364E-002,   9.92363691330E-001         F               0         Tower Z orientation angle, node 5, rad
         49     9.93684768677E-001,   3.41011304408E-003,  -1.12155809999E-001         F               0         Tower X orientation angle, node 6, rad
         50     2.36694770865E-003,   9.98678624630E-001,   5.13357892632E-002         F               0         Tower Y orientation angle, node 6, rad
         51     1.12182676792E-001,  -5.12770563364E-002,   9.92363691330E-001         F               0         Tower Z orientation angle, node 6, rad
         52     9.93684768677E-001,   3.41011304408E-003,  -1.12155809999E-001         F               0         Tower X orientation angle, node 7, rad
         53     2.36694770865E-003,   9.98678624630E-001,   5.13357892632E-002         F               0         Tower Y orientation angle, node 7, rad
         54     1.12182676792E-001,  -5.12770563364E-002,   9.92363691330E-001         F               0         Tower Z orientation angle, node 7, rad
         55     9.93684768677E-001,   3.41011304408E-003,  -1.12155809999E-001         F               0         Tower X orientation angle, node 8, rad
         56     2.36694770865E-003,   9.98678624630E-001,   5.13357855380E-002         F               0         Tower Y orientation angle, node 8, rad
         57     1.12182676792E-001,  -5.12770563364E-002,   9.92363691330E-001         F               0         Tower Z orientation angle, node 8, rad
         58     9.93684768677E-001,   3.41011327691E-003,  -1.12155817449E-001         F               0         Tower X orientation angle, node 9, rad
         59     2.36694794148E-003,   9.98678624630E-001,   5.13357892632E-002         F               0         Tower Y orientation angle, node 9, rad
         60     1.12182676792E-001,  -5.12770600617E-002,   9.92363691330E-001         F               0         Tower Z orientation angle, node 9, rad
         61     9.93684768677E-001,   3.41011304408E-003,  -1.12155809999E-001         F               0         Tower X orientation angle, node 10, rad
         62     2.36694770865E-003,   9.98678624630E-001,   5.13357892632E-002         F               0         Tower Y orientation angle, node 10, rad
         63     1.12182676792E-001,  -5.12770563364E-002,   9.92363691330E-001         F               0         Tower Z orientation angle, node 10, rad
         64     9.93684768677E-001,   3.41011304408E-003,  -1.12155809999E-001         F               0         Tower X orientation angle, node 11, rad
         65     2.36694770865E-003,   9.98678624630E-001,   5.13357892632E-002         F               0         Tower Y orientation angle, node 11, rad
         66     1.12182676792E-001,  -5.12770563364E-002,   9.92363691330E-001         F               0         Tower Z orientation angle, node 11, rad
         67    -6.03564294579E-005                                                     F               0         Tower X translation velocity, node 1, m/s
         68    -9.97851835564E-004                                                     F               0         Tower Y translation velocity, node 1, m/s
         69    -6.10960461199E-003                                                     F               0         Tower Z translation velocity, node 1, m/s
         70    -1.00966695754E-004                                                     F               0         Tower X translation velocity, node 2, m/s
         71    -1.50245893747E-003                                                     F               0         Tower Y translation velocity, node 2, m/s
         72    -6.13108789548E-003                                                     F               0         Tower Z translation velocity, node 2, m/s
         73    -1.41576965689E-004                                                     F               0         Tower X translation velocity, node 3, m/s
         74    -2.00706580654E-003                                                     F               0         Tower Y translation velocity, node 3, m/s
         75    -6.15257071331E-003                                                     F               0         Tower Z translation velocity, node 3, m/s
         76    -1.82187257451E-004                                                     F               0         Tower X translation velocity, node 4, m/s
         77    -2.51167290844E-003                                                     F               0         Tower Y translation velocity, node 4, m/s
         78    -6.17405399680E-003                                                     F               0         Tower Z translation velocity, node 4, m/s
         79    -2.22797549213E-004                                                     F               0         Tower X translation velocity, node 5, m/s
         80    -3.01628024317E-003                                                     F               0         Tower Y translation velocity, node 5, m/s
         81    -6.19553681463E-003                                                     F               0         Tower Z translation velocity, node 5, m/s
         82    -2.63407797320E-004                                                     F               0         Tower X translation velocity, node 6, m/s
         83    -3.52088711224E-003                                                     F               0         Tower Y translation velocity, node 6, m/s
         84    -6.21701963246E-003                                                     F               0         Tower Z translation velocity, node 6, m/s
         85    -3.04018089082E-004                                                     F               0         Tower X translation velocity, node 7, m/s
         86    -4.02549421415E-003                                                     F               0         Tower Y translation velocity, node 7, m/s
         87    -6.23850291595E-003                                                     F               0         Tower Z translation velocity, node 7, m/s
         88    -3.44628322637E-004                                                     F               0         Tower X translation velocity, node 8, m/s
         89    -4.53010108322E-003                                                     F               0         Tower Y translation velocity, node 8, m/s
         90    -6.25998573378E-003                                                     F               0         Tower Z translation velocity, node 8, m/s
         91    -3.85238643503E-004                                                     F               0         Tower X translation velocity, node 9, m/s
         92    -5.03470888361E-003                                                     F               0         Tower Y translation velocity, node 9, m/s
         93    -6.28146901727E-003                                                     F               0         Tower Z translation velocity, node 9, m/s
         94    -4.25848906161E-004                                                     F               0         Tower X translation velocity, node 10, m/s
         95    -5.53931528702E-003                                                     F               0         Tower Y translation velocity, node 10, m/s
         96    -6.30295183510E-003                                                     F               0         Tower Z translation velocity, node 10, m/s
         97    -4.66459197924E-004                                                     F               0         Tower X translation velocity, node 11, m/s
         98    -6.04392308742E-003                                                     F               0         Tower Y translation velocity, node 11, m/s
         99    -6.32443465292E-003                                                     F               0         Tower Z translation velocity, node 11, m/s
        100     2.55119152069E+001                                                     F               0         Hub X translation displacement, node 1, m
        101    -8.33365154266E+000                                                     F               0         Hub Y translation displacement, node 1, m
        102    -7.19726681709E-002                                                     F               0         Hub Z translation displacement, node 1, m
        103     9.76514995098E-001,   8.75134393573E-003,  -2.15271666646E-001         F               0         Hub X orientation angle, node 1, rad
        104    -1.43451437354E-001,  -7.19083070755E-001,  -6.79956734180E-001         F               0         Hub Y orientation angle, node 1, rad
        105    -1.60748749971E-001,   6.94868981838E-001,  -7.00940012932E-001         F               0         Hub Z orientation angle, node 1, rad
        106     7.73317515850E-001                                                     F               0         Hub X rotation velocity, node 1, rad/s
        107     6.92710094154E-003                                                     F               0         Hub Y rotation velocity, node 1, rad/s
        108    -1.70476794243E-001                                                     F               0         Hub Z rotation velocity, node 1, rad/s
        109     9.86984491348E-001,   1.09832957387E-001,  -1.17466546595E-001         F               0         Blade root 1 X orientation angle, node 1, rad
        110    -4.63754311204E-003,  -7.10699498653E-001,  -7.03480422497E-001         F               0         Blade root 1 Y orientation angle, node 1, rad
        111    -1.60748749971E-001,   6.94868981838E-001,  -7.00940012932E-001         F               0         Blade root 1 Z orientation angle, node 1, rad
        112     9.76296901703E-001,  -1.26584365964E-001,  -1.75558403134E-001         F               0         Blade root 2 X orientation angle, node 1, rad
        113     7.05715343356E-002,   9.52985286713E-001,  -2.94684082270E-001         F               0         Blade root 2 Y orientation angle, node 1, rad
        114     2.04606965184E-001,   2.75309711695E-001,   9.39329862595E-001         F               0         Blade root 2 Z orientation angle, node 1, rad
        115     9.37124967575E-001,   4.27443012595E-002,  -3.46366465092E-001         F               0         Blade root 3 X orientation angle, node 1, rad
        116     3.46227198839E-001,  -2.38592058420E-001,   9.07303988934E-001         F               0         Blade root 3 Y orientation angle, node 1, rad
        117    -4.38582152128E-002,  -9.70178723335E-001,  -2.38389819860E-001         F               0         Blade root 3 Z orientation angle, node 1, rad
        118     2.40422782898E+001                                                     F               0         Blade 1 X translation displacement, node 1, m
        119    -4.48407793045E+000                                                     F               0         Blade 1 Y translation displacement, node 1, m
        120    -9.46483898163E+000                                                     F               0         Blade 1 Z translation displacement, node 1, m
        121     2.36881580353E+001                                                     F               0         Blade 1 X translation displacement, node 2, m
        122    -3.55649304390E+000                                                     F               0         Blade 1 Y translation displacement, node 2, m
        123    -1.17281188965E+001                                                     F               0         Blade 1 Z translation displacement, node 2, m
        124     1.88727397919E+001                                                     F               0         Blade 1 X translation displacement, node 3, m
        125     9.05705165863E+000                                                     F               0         Blade 1 Y translation displacement, node 3, m
        126    -4.25048294067E+001                                                     F               0         Blade 1 Z translation displacement, node 3, m
        127     1.78467845917E+001                                                     F               0         Blade 1 X translation displacement, node 4, m
        128     1.17444419861E+001                                                     F               0         Blade 1 Y translation displacement, node 4, m
        129    -4.90620002747E+001                                                     F               0         Blade 1 Z translation displacement, node 4, m
        130     1.68206367493E+001                                                     F               0         Blade 1 X translation displacement, node 5, m
        131     1.44323434830E+001                                                     F               0         Blade 1 Y translation displacement, node 5, m
        132    -5.56203994751E+001                                                     F               0         Blade 1 Z translation displacement, node 5, m
        133     1.57946786880E+001                                                     F               0         Blade 1 X translation displacement, node 6, m
        134     1.71197452545E+001                                                     F               0         Blade 1 Y translation displacement, node 6, m
        135    -6.21775932312E+001                                                     F               0         Blade 1 Z translation displacement, node 6, m
        136     1.47687177658E+001                                                     F               0         Blade 1 X translation displacement, node 7, m
        137     1.98071537018E+001                                                     F               0         Blade 1 Y translation displacement, node 7, m
        138    -6.87347946167E+001                                                     F               0         Blade 1 Z translation displacement, node 7, m
        139     1.37425727844E+001                                                     F               0         Blade 1 X translation displacement, node 8, m
        140     2.24950447083E+001                                                     F               0         Blade 1 Y translation displacement, node 8, m
        141    -7.52931900024E+001                                                     F               0         Blade 1 Z translation displacement, node 8, m
        142     1.27166109085E+001                                                     F               0         Blade 1 X translation displacement, node 9, m
        143     2.51824569702E+001                                                     F               0         Blade 1 Y translation displacement, node 9, m
        144    -8.18503875732E+001                                                     F               0         Blade 1 Z translation displacement, node 9, m
        145     1.16906528473E+001                                                     F               0         Blade 1 X translation displacement, node 10, m
        146     2.78698577881E+001                                                     F               0         Blade 1 Y translation displacement, node 10, m
        147    -8.84075851440E+001                                                     F               0         Blade 1 Z translation displacement, node 10, m
        148     1.06646909714E+001                                                     F               0         Blade 1 X translation displacement, node 11, m
        149     3.05572681427E+001                                                     F               0         Blade 1 Y translation displacement, node 11, m
        150    -9.49647903442E+001                                                     F               0         Blade 1 Z translation displacement, node 11, m
        151     9.63855075836E+000                                                     F               0         Blade 1 X translation displacement, node 12, m
        152     3.32451515198E+001                                                     F               0         Blade 1 Y translation displacement, node 12, m
        153    -1.01523155212E+002                                                     F               0         Blade 1 Z translation displacement, node 12, m
        154     8.61258888245E+000                                                     F               0         Blade 1 X translation displacement, node 13, m
        155     3.59325599670E+001                                                     F               0         Blade 1 Y translation displacement, node 13, m
        156    -1.08080360413E+002                                                     F               0         Blade 1 Z translation displacement, node 13, m
        157     7.58663129807E+000                                                     F               0         Blade 1 X translation displacement, node 14, m
        158     3.86199607849E+001                                                     F               0         Blade 1 Y translation displacement, node 14, m
        159    -1.14637550354E+002                                                     F               0         Blade 1 Z translation displacement, node 14, m
        160     6.56048345566E+000                                                     F               0         Blade 1 X translation displacement, node 15, m
        161     4.13078575134E+001                                                     F               0         Blade 1 Y translation displacement, node 15, m
        162    -1.21195945740E+002                                                     F               0         Blade 1 Z translation displacement, node 15, m
        163     5.53452539444E+000                                                     F               0         Blade 1 X translation displacement, node 16, m
        164     4.39952621460E+001                                                     F               0         Blade 1 Y translation displacement, node 16, m
        165    -1.27753143311E+002                                                     F               0         Blade 1 Z translation displacement, node 16, m
        166     4.50856304169E+000                                                     F               0         Blade 1 X translation displacement, node 17, m
        167     4.66826782227E+001                                                     F               0         Blade 1 Y translation displacement, node 17, m
        168    -1.34310348511E+002                                                     F               0         Blade 1 Z translation displacement, node 17, m
        169     3.48260474205E+000                                                     F               0         Blade 1 X translation displacement, node 18, m
        170     4.93700790405E+001                                                     F               0         Blade 1 Y translation displacement, node 18, m
        171    -1.40867553711E+002                                                     F               0         Blade 1 Z translation displacement, node 18, m
        172     2.45646309853E+000                                                     F               0         Blade 1 X translation displacement, node 19, m
        173     5.20579605103E+001                                                     F               0         Blade 1 Y translation displacement, node 19, m
        174    -1.47425918579E+002                                                     F               0         Blade 1 Z translation displacement, node 19, m
        175     1.43050062656E+000                                                     F               0         Blade 1 X translation displacement, node 20, m
        176     5.47453727722E+001                                                     F               0         Blade 1 Y translation displacement, node 20, m
        177    -1.53983123779E+002                                                     F               0         Blade 1 Z translation displacement, node 20, m
        178     4.04542267323E-001                                                     F               0         Blade 1 X translation displacement, node 21, m
        179     5.74327774048E+001                                                     F               0         Blade 1 Y translation displacement, node 21, m
        180    -1.60540313721E+002                                                     F               0         Blade 1 Z translation displacement, node 21, m
        181    -6.21603310108E-001                                                     F               0         Blade 1 X translation displacement, node 22, m
        182     6.01206703186E+001                                                     F               0         Blade 1 Y translation displacement, node 22, m
        183    -1.67098709106E+002                                                     F               0         Blade 1 Z translation displacement, node 22, m
        184    -1.64756572247E+000                                                     F               0         Blade 1 X translation displacement, node 23, m
        185     6.28080787659E+001                                                     F               0         Blade 1 Y translation displacement, node 23, m
        186    -1.73655914307E+002                                                     F               0         Blade 1 Z translation displacement, node 23, m
        187    -2.67352414131E+000                                                     F               0         Blade 1 X translation displacement, node 24, m
        188     6.54954833984E+001                                                     F               0         Blade 1 Y translation displacement, node 24, m
        189    -1.80213104248E+002                                                     F               0         Blade 1 Z translation displacement, node 24, m
        190    -3.69948244095E+000                                                     F               0         Blade 1 X translation displacement, node 25, m
        191     6.81828842163E+001                                                     F               0         Blade 1 Y translation displacement, node 25, m
        192    -1.86770309448E+002                                                     F               0         Blade 1 Z translation displacement, node 25, m
        193    -4.72562789917E+000                                                     F               0         Blade 1 X translation displacement, node 26, m
        194     7.08707809448E+001                                                     F               0         Blade 1 Y translation displacement, node 26, m
        195    -1.93328704834E+002                                                     F               0         Blade 1 Z translation displacement, node 26, m
        196    -5.75158643723E+000                                                     F               0         Blade 1 X translation displacement, node 27, m
        197     7.35581817627E+001                                                     F               0         Blade 1 Y translation displacement, node 27, m
        198    -1.99885894775E+002                                                     F               0         Blade 1 Z translation displacement, node 27, m
        199    -6.62138128281E+000                                                     F               0         Blade 1 X translation displacement, node 28, m
        200     7.58365325928E+001                                                     F               0         Blade 1 Y translation displacement, node 28, m
        201    -2.05444976807E+002                                                     F               0         Blade 1 Z translation displacement, node 28, m
        202     8.80505442619E-001,   4.21835243702E-001,   2.16252595186E-001         F               0         Blade 1 X orientation angle, node 1, rad
        203     4.45948421955E-001,  -5.82419157028E-001,  -6.79645419121E-001         F               0         Blade 1 Y orientation angle, node 1, rad
        204    -1.60748749971E-001,   6.94868981838E-001,  -7.00940012932E-001         F               0         Blade 1 Z orientation angle, node 1, rad
        205     8.80505442619E-001,   4.21835243702E-001,   2.16252595186E-001         F               0         Blade 1 X orientation angle, node 2, rad
        206     4.45948421955E-001,  -5.82419157028E-001,  -6.79645419121E-001         F               0         Blade 1 Y orientation angle, node 2, rad
        207    -1.60748749971E-001,   6.94868981838E-001,  -7.00940012932E-001         F               0         Blade 1 Z orientation angle, node 2, rad
        208     9.61111068726E-001,   2.71778404713E-001,   4.90098670125E-002         F               0         Blade 1 X orientation angle, node 3, rad
        209     2.24555790424E-001,  -6.65802955627E-001,  -7.11534321308E-001         F               0         Blade 1 Y orientation angle, node 3, rad
        210    -1.60748749971E-001,   6.94868981838E-001,  -7.00940012932E-001         F               0         Blade 1 Z orientation angle, node 3, rad
        211     9.69735682011E-001,   2.43422880769E-001,   1.89220402390E-002         F               0         Blade 1 X orientation angle, node 4, rad
        212     1.83773174882E-001,  -6.76684856415E-001,  -7.12969183922E-001         F               0         Blade 1 Y orientation angle, node 4, rad
        213    -1.60748749971E-001,   6.94868981838E-001,  -7.00940012932E-001         F               0         Blade 1 Z orientation angle, node 4, rad
        214     9.75295543671E-001,   2.20853447914E-001,  -4.72698081285E-003         F               0         Blade 1 X orientation angle, node 5, rad
        215     1.51520386338E-001,  -6.84383511543E-001,  -7.13204562664E-001         F               0         Blade 1 Y orientation angle, node 5, rad
        216    -1.60748749971E-001,   6.94868981838E-001,  -7.00940012932E-001         F               0         Blade 1 Z orientation angle, node 5, rad
        217     9.78971600533E-001,   2.02621832490E-001,  -2.36437115818E-002         F               0         Blade 1 X orientation angle, node 6, rad
        218     1.25596478581E-001,  -6.90001070499E-001,  -7.12828218937E-001         F               0         Blade 1 Y orientation angle, node 6, rad
        219    -1.60748749971E-001,   6.94868981838E-001,  -7.00940012932E-001         F               0         Blade 1 Z orientation angle, node 6, rad
        220     9.81478512287E-001,   1.87521323562E-001,  -3.91883477569E-002         F               0         Blade 1 X orientation angle, node 7, rad
        221     1.04210436344E-001,  -6.94257020950E-001,  -7.12142825127E-001         F               0         Blade 1 Y orientation angle, node 7, rad
        222    -1.60748749971E-001,   6.94868981838E-001,  -7.00940012932E-001         F               0         Blade 1 Z orientation angle, node 7, rad
        223     9.83208298683E-001,   1.74889370799E-001,  -5.21075874567E-002         F               0         Blade 1 X orientation angle, node 8, rad
        224     8.63790139556E-002,  -6.97546243668E-001,  -7.11314201355E-001         F               0         Blade 1 Y orientation angle, node 8, rad
        225    -1.60748749971E-001,   6.94868981838E-001,  -7.00940012932E-001         F               0         Blade 1 Z orientation angle, node 8, rad
        226     9.84418928623E-001,   1.64155632257E-001,  -6.30260035396E-002         F               0         Blade 1 X orientation angle, node 9, rad
        227     7.12684243917E-002,  -7.00149953365E-001,  -7.10430085659E-001         F               0         Blade 1 Y orientation angle, node 9, rad
        228    -1.60748749971E-001,   6.94869041443E-001,  -7.00939953327E-001         F               0         Blade 1 Z orientation angle, node 9, rad
        229     9.85277652740E-001,   1.54854327440E-001,  -7.24436938763E-002         F               0         Blade 1 X orientation angle, node 10, rad
        230     5.82047179341E-002,  -7.02265799046E-001,  -7.09531545639E-001         F               0         Blade 1 Y orientation angle, node 10, rad
        231    -1.60748749971E-001,   6.94868981838E-001,  -7.00940012932E-001         F               0         Blade 1 Z orientation angle, node 10, rad
        232     9.85874533653E-001,   1.46877571940E-001,  -8.04882347584E-002         F               0         Blade 1 X orientation angle, node 11, rad
        233     4.70235869288E-002,  -7.03977286816E-001,  -7.08664059639E-001         F               0         Blade 1 Y orientation angle, node 11, rad
        234    -1.60748749971E-001,   6.94869041443E-001,  -7.00940012932E-001         F               0         Blade 1 Z orientation angle, node 11, rad
        235     9.86293554306E-001,   1.39866992831E-001,  -8.75341966748E-002         F               0         Blade 1 X orientation angle, node 12, rad
        236     3.72135713696E-002,  -7.05403625965E-001,  -7.07828283310E-001         F               0         Blade 1 Y orientation angle, node 12, rad
        237    -1.60748749971E-001,   6.94868981838E-001,  -7.00940012932E-001         F               0         Blade 1 Z orientation angle, node 12, rad
        238     9.86580729485E-001,   1.33705928922E-001,  -9.37077552080E-002         F               0         Blade 1 X orientation angle, node 13, rad
        239     2.86052282900E-002,  -7.06597328186E-001,  -7.07037448883E-001         F               0         Blade 1 Y orientation angle, node 13, rad
        240    -1.60748749971E-001,   6.94868981838E-001,  -7.00940012932E-001         F               0         Blade 1 Z orientation angle, node 13, rad
        241     9.86774981022E-001,   1.28152266145E-001,  -9.92578640580E-002         F               0         Blade 1 X orientation angle, node 14, rad
        242     2.08558402956E-002,  -7.07625687122E-001,  -7.06279635429E-001         F               0         Blade 1 Y orientation angle, node 14, rad
        243    -1.60748749971E-001,   6.94868981838E-001,  -7.00940012932E-001         F               0         Blade 1 Z orientation angle, node 14, rad
        244     9.86896514893E-001,   1.23209029436E-001,  -1.04186162353E-001         F               0         Blade 1 X orientation angle, node 15, rad
        245     1.39663936570E-002,  -7.08503007889E-001,  -7.05569565296E-001         F               0         Blade 1 Y orientation angle, node 15, rad
        246    -1.60748749971E-001,   6.94869041443E-001,  -7.00939953327E-001         F               0         Blade 1 Z orientation angle, node 15, rad
        247     9.86964821815E-001,   1.18754968047E-001,  -1.08617305756E-001         F               0         Blade 1 X orientation angle, node 16, rad
