
Linearized model: Predictions were generated on 13-Feb-2024 at 12:12:09 using OpenFAST, compiled as a 64-bit application using single precision at commit v3.5.1
 linked with  NWTC Subroutine Library; ElastoDyn; InflowWind; AeroDyn; ServoDyn; HydroDyn; MAP++ (<1.20.10>, <Oct-20-2023>)

Description from the FAST input file: CCT-9 Campign 4 model. Input files to be run with OpenFAST 3.5.0. GitHub branch from Lu Wang (https://github.com/luwang00/openfast/tree/dev) compiled on March 7, 2023.

Simulation information:
   Simulation time:                   773.5250 s
   Rotor Speed:                         0.7920 rad/s
   Azimuth:                             2.4462 rad
   Wind Speed:                         24.0000 m/s
   Number of continuous states:         0
   Number of discrete states:           0
   Number of constraint states:         0
   Number of inputs:                 1746
   Number of outputs:                   4
   Jacobians included in this file?    No

Order of inputs:
     Column   Operating Point                                                   Rotating Frame? Derivative Order Description
   ---------- ---------------                                                   --------------- ---------------- -----------
          1     8.55072879791E+000                                                     F               0         Tower X translation displacement, node 1, m
          2    -1.82530581951E+000                                                     F               0         Tower Y translation displacement, node 1, m
          3    -2.14308008552E-001                                                     F               0         Tower Z translation displacement, node 1, m
          4     9.72326374054E+000                                                     F               0         Tower X translation displacement, node 2, m
          5    -2.50143218040E+000                                                     F               0         Tower Y translation displacement, node 2, m
          6    -2.88674622774E-001                                                     F               0         Tower Z translation displacement, node 2, m
          7     1.09147787094E+001                                                     F               0         Tower X translation displacement, node 3, m
          8    -3.18542933464E+000                                                     F               0         Tower Y translation displacement, node 3, m
          9    -3.65300059319E-001                                                     F               0         Tower Z translation displacement, node 3, m
         10     1.21205501556E+001                                                     F               0         Tower X translation displacement, node 4, m
         11    -3.87590360641E+000                                                     F               0         Tower Y translation displacement, node 4, m
         12    -4.43679779768E-001                                                     F               0         Tower Z translation displacement, node 4, m
         13     1.33379554749E+001                                                     F               0         Tower X translation displacement, node 5, m
         14    -4.57223224640E+000                                                     F               0         Tower Y translation displacement, node 5, m
         15    -5.23535311222E-001                                                     F               0         Tower Z translation displacement, node 5, m
         16     1.45645418167E+001                                                     F               0         Tower X translation displacement, node 6, m
         17    -5.27375650406E+000                                                     F               0         Tower Y translation displacement, node 6, m
         18    -6.04611456394E-001                                                     F               0         Tower Z translation displacement, node 6, m
         19     1.57976455688E+001                                                     F               0         Tower X translation displacement, node 7, m
         20    -5.97945213318E+000                                                     F               0         Tower Y translation displacement, node 7, m
         21    -6.86565518379E-001                                                     F               0         Tower Z translation displacement, node 7, m
         22     1.70360183716E+001                                                     F               0         Tower X translation displacement, node 8, m
         23    -6.68898820877E+000                                                     F               0         Tower Y translation displacement, node 8, m
         24    -7.69283771515E-001                                                     F               0         Tower Z translation displacement, node 8, m
         25     1.82779903412E+001                                                     F               0         Tower X translation displacement, node 9, m
         26    -7.40156984329E+000                                                     F               0         Tower Y translation displacement, node 9, m
         27    -8.52532804012E-001                                                     F               0         Tower Z translation displacement, node 9, m
         28     1.95221843719E+001                                                     F               0         Tower X translation displacement, node 10, m
         29    -8.11635494232E+000                                                     F               0         Tower Y translation displacement, node 10, m
         30    -9.36141490936E-001                                                     F               0         Tower Z translation displacement, node 10, m
         31     2.07674999237E+001                                                     F               0         Tower X translation displacement, node 11, m
         32    -8.83251857758E+000                                                     F               0         Tower Y translation displacement, node 11, m
         33    -1.01994109154E+000                                                     F               0         Tower Z translation displacement, node 11, m
         34     9.95474696159E-001,  -6.70461636037E-003,  -9.47900861502E-002         F               0         Tower X orientation angle, node 1, rad
         35     1.18290307000E-002,   9.98492300510E-001,   5.36025837064E-002         F               0         Tower Y orientation angle, node 1, rad
         36     9.42877829075E-002,  -5.44812902808E-002,   9.94053125381E-001         F               0         Tower Z orientation angle, node 1, rad
         37     9.95335578918E-001,  -6.62440760061E-003,  -9.62455570698E-002         F               0         Tower X orientation angle, node 2, rad
         38     1.18841063231E-002,   9.98460531235E-001,   5.41787482798E-002         F               0         Tower Y orientation angle, node 2, rad
         39     9.57384854555E-002,  -5.50698265433E-002,   9.93882000446E-001         F               0         Tower Z orientation angle, node 2, rad
         40     9.95212972164E-001,  -6.55396748334E-003,  -9.75100249052E-002         F               0         Tower X orientation angle, node 3, rad
         41     1.19359558448E-002,   9.98430728912E-001,   5.47137185931E-002         F               0         Tower Y orientation angle, node 3, rad
         42     9.69984084368E-002,  -5.56156784296E-002,   9.93729412556E-001         F               0         Tower Z orientation angle, node 3, rad
         43     9.95109498501E-001,  -6.49462686852E-003,  -9.85640957952E-002         F               0         Tower X orientation angle, node 4, rad
         44     1.19838165119E-002,   9.98403251171E-001,   5.52021861076E-002         F               0         Tower Y orientation angle, node 4, rad
         45     9.80482026935E-002,  -5.61133958399E-002,   9.93598401546E-001         F               0         Tower Z orientation angle, node 4, rad
         46     9.95024979115E-001,  -6.44610449672E-003,  -9.94171723723E-002         F               0         Tower X orientation angle, node 5, rad
         47     1.20272766799E-002,   9.98378336430E-001,   5.56421875954E-002         F               0         Tower Y orientation angle, node 5, rad
         48     9.88972783089E-002,  -5.65610826015E-002,   9.93488907814E-001         F               0         Tower Z orientation angle, node 5, rad
         49     9.94958341122E-001,  -6.40776706859E-003,  -1.00084319711E-001         F               0         Tower X orientation angle, node 6, rad
         50     1.20658539236E-002,   9.98356163502E-001,   5.60306385159E-002         F               0         Tower Y orientation angle, node 6, rad
         51     9.95607599616E-002,  -5.69557510316E-002,   9.93400096893E-001         F               0         Tower Z orientation angle, node 6, rad
         52     9.94909286499E-001,  -6.37940270826E-003,  -1.00572720170E-001         F               0         Tower X orientation angle, node 7, rad
         53     1.20985461399E-002,   9.98337268829E-001,   5.63588216901E-002         F               0         Tower Y orientation angle, node 7, rad
         54     1.00045956671E-001,  -5.72886988521E-002,   9.93332147598E-001         F               0         Tower Z orientation angle, node 7, rad
         55     9.94874238968E-001,  -6.35902676731E-003,  -1.00919954479E-001         F               0         Tower X orientation angle, node 8, rad
         56     1.21253095567E-002,   9.98321771622E-001,   5.66270910203E-002         F               0         Tower Y orientation angle, node 8, rad
         57     1.00390493870E-001,  -5.75605183840E-002,   9.93281722069E-001         F               0         Tower Z orientation angle, node 8, rad
         58     9.94851052761E-001,  -6.34543597698E-003,  -1.01149156690E-001         F               0         Tower X orientation angle, node 9, rad
         59     1.21457362548E-002,   9.98309910297E-001,   5.68317808211E-002         F               0         Tower Y orientation angle, node 9, rad
         60     1.00617580116E-001,  -5.77676855028E-002,   9.93246674538E-001         F               0         Tower Z orientation angle, node 9, rad
         61     9.94837462902E-001,  -6.33742753416E-003,  -1.01282782853E-001         F               0         Tower X orientation angle, node 10, rad
         62     1.21595188975E-002,   9.98301863670E-001,   5.69700002670E-002         F               0         Tower Y orientation angle, node 10, rad
         63     1.00749745965E-001,  -5.79074397683E-002,   9.93225157261E-001         F               0         Tower Z orientation angle, node 10, rad
         64     9.94830965996E-001,  -6.33352622390E-003,  -1.01347178221E-001         F               0         Tower X orientation angle, node 11, rad
         65     1.21672088280E-002,   9.98297333717E-001,   5.70472106338E-002         F               0         Tower Y orientation angle, node 11, rad
         66     1.00813306868E-001,  -5.79854436219E-002,   9.93214130402E-001         F               0         Tower Z orientation angle, node 11, rad
         67    -1.34069763590E-003                                                     F               0         Tower X translation velocity, node 1, m/s
         68    -2.45296116918E-003                                                     F               0         Tower Y translation velocity, node 1, m/s
         69    -1.14827195648E-003                                                     F               0         Tower Z translation velocity, node 1, m/s
         70    -1.62510306109E-003                                                     F               0         Tower X translation velocity, node 2, m/s
         71    -3.35067533888E-003                                                     F               0         Tower Y translation velocity, node 2, m/s
         72    -1.17054523434E-003                                                     F               0         Tower Z translation velocity, node 2, m/s
         73    -1.66846706998E-003                                                     F               0         Tower X translation velocity, node 3, m/s
         74    -3.68560524657E-003                                                     F               0         Tower Y translation velocity, node 3, m/s
         75    -1.18498771917E-003                                                     F               0         Tower Z translation velocity, node 3, m/s
         76    -1.53908948414E-003                                                     F               0         Tower X translation velocity, node 4, m/s
         77    -3.56375286356E-003                                                     F               0         Tower Y translation velocity, node 4, m/s
         78    -1.19082920719E-003                                                     F               0         Tower Z translation velocity, node 4, m/s
         79    -1.27712567337E-003                                                     F               0         Tower X translation velocity, node 5, m/s
         80    -3.03489156067E-003                                                     F               0         Tower Y translation velocity, node 5, m/s
         81    -1.18679343723E-003                                                     F               0         Tower Z translation velocity, node 5, m/s
         82    -9.18993086088E-004                                                     F               0         Tower X translation velocity, node 6, m/s
         83    -2.15007201768E-003                                                     F               0         Tower Y translation velocity, node 6, m/s
         84    -1.17199332453E-003                                                     F               0         Tower Z translation velocity, node 6, m/s
         85    -4.99809160829E-004                                                     F               0         Tower X translation velocity, node 7, m/s
         86    -9.83511912636E-004                                                     F               0         Tower Y translation velocity, node 7, m/s
         87    -1.14702188876E-003                                                     F               0         Tower Z translation velocity, node 7, m/s
         88    -3.82698817702E-005                                                     F               0         Tower X translation velocity, node 8, m/s
         89     4.39277588157E-004                                                     F               0         Tower Y translation velocity, node 8, m/s
         90    -1.11133512110E-003                                                     F               0         Tower Z translation velocity, node 8, m/s
         91     4.45674901130E-004                                                     F               0         Tower X translation velocity, node 9, m/s
         92     2.06261244603E-003                                                     F               0         Tower Y translation velocity, node 9, m/s
         93    -1.06606131885E-003                                                     F               0         Tower Z translation velocity, node 9, m/s
         94     9.38412616961E-004                                                     F               0         Tower X translation velocity, node 10, m/s
         95     3.82965616882E-003                                                     F               0         Tower Y translation velocity, node 10, m/s
         96    -1.01311062463E-003                                                     F               0         Tower Z translation velocity, node 10, m/s
         97     1.43136479892E-003                                                     F               0         Tower X translation velocity, node 11, m/s
         98     5.68613735959E-003                                                     F               0         Tower Y translation velocity, node 11, m/s
         99    -9.54841729254E-004                                                     F               0         Tower Z translation velocity, node 11, m/s
        100     2.16147308350E+001                                                     F               0         Hub X translation displacement, node 1, m
        101    -9.21930885315E+000                                                     F               0         Hub Y translation displacement, node 1, m
        102     2.13951021433E-002                                                     F               0         Hub Z translation displacement, node 1, m
        103     9.78843331337E-001,  -2.37700936850E-004,  -2.04611137509E-001         F               0         Hub X orientation angle, node 1, rad
        104     1.21525041759E-001,  -8.03839862347E-001,   5.82299888134E-001         F               0         Hub Y orientation angle, node 1, rad
        105    -1.64613008499E-001,  -5.94845712185E-001,  -7.86804378033E-001         F               0         Hub Z orientation angle, node 1, rad
        106     7.75054454803E-001                                                     F               0         Hub X rotation velocity, node 1, rad/s
        107    -1.49574596435E-004                                                     F               0         Hub Y rotation velocity, node 1, rad/s
        108    -1.62018254399E-001                                                     F               0         Hub Z rotation velocity, node 1, rad/s
        109     9.01297271252E-001,   2.33346402645E-001,  -3.64983171225E-001         F               0         Blade root 1 X orientation angle, node 1, rad
        110     4.00706648827E-001,  -7.69225597382E-001,   4.97720956802E-001         F               0         Blade root 1 Y orientation angle, node 1, rad
        111    -1.64613008499E-001,  -5.94845712185E-001,  -7.86804378033E-001         F               0         Blade root 1 Z orientation angle, node 1, rad
        112     9.95688796043E-001,   3.26745547354E-002,   8.68114531040E-002         F               0         Blade root 2 X orientation angle, node 1, rad
        113     8.98762345314E-002,  -1.08415044844E-001,  -9.90034580231E-001         F               0         Blade root 2 Y orientation angle, node 1, rad
        114    -2.29372698814E-002,   9.93568599224E-001,  -1.10884308815E-001         F               0         Blade root 2 Z orientation angle, node 1, rad
        115     9.12841260433E-001,  -2.66703307629E-001,  -3.09176594019E-001         F               0         Blade root 3 X orientation angle, node 1, rad
        116     3.62692296505E-001,   8.77433419228E-001,   3.13950419426E-001         F               0         Blade root 3 Y orientation angle, node 1, rad
        117     1.87550276518E-001,  -3.98722857237E-001,   8.97688686848E-001         F               0         Blade root 3 Z orientation angle, node 1, rad
        118     2.01236858368E+001                                                     F               0         Blade 1 X translation displacement, node 1, m
        119    -1.25147542953E+001                                                     F               0         Blade 1 Y translation displacement, node 1, m
        120    -9.84716033936E+000                                                     F               0         Blade 1 Z translation displacement, node 1, m
        121     1.97644081116E+001                                                     F               0         Blade 1 X translation displacement, node 2, m
        122    -1.33088178635E+001                                                     F               0         Blade 1 Y translation displacement, node 2, m
        123    -1.22250604630E+001                                                     F               0         Blade 1 Z translation displacement, node 2, m
        124     1.48788423538E+001                                                     F               0         Blade 1 X translation displacement, node 3, m
        125    -2.41066989899E+001                                                     F               0         Blade 1 Y translation displacement, node 3, m
        126    -4.45604171753E+001                                                     F               0         Blade 1 Z translation displacement, node 3, m
        127     1.38379430771E+001                                                     F               0         Blade 1 X translation displacement, node 4, m
        128    -2.64072513580E+001                                                     F               0         Blade 1 Y translation displacement, node 4, m
        129    -5.14496650696E+001                                                     F               0         Blade 1 Z translation displacement, node 4, m
        130     1.27968473434E+001                                                     F               0         Blade 1 X translation displacement, node 5, m
        131    -2.87082424164E+001                                                     F               0         Blade 1 Y translation displacement, node 5, m
        132    -5.83402061462E+001                                                     F               0         Blade 1 Z translation displacement, node 5, m
        133     1.17559442520E+001                                                     F               0         Blade 1 X translation displacement, node 6, m
        134    -3.10088024139E+001                                                     F               0         Blade 1 Y translation displacement, node 6, m
        135    -6.52294769287E+001                                                     F               0         Blade 1 Z translation displacement, node 6, m
        136     1.07150382996E+001                                                     F               0         Blade 1 X translation displacement, node 7, m
        137    -3.33093719482E+001                                                     F               0         Blade 1 Y translation displacement, node 7, m
        138    -7.21187667847E+001                                                     F               0         Blade 1 Z translation displacement, node 7, m
        139     9.67394542694E+000                                                     F               0         Blade 1 X translation displacement, node 8, m
        140    -3.56103553772E+001                                                     F               0         Blade 1 Y translation displacement, node 8, m
        141    -7.90092926025E+001                                                     F               0         Blade 1 Z translation displacement, node 8, m
        142     8.63303852081E+000                                                     F               0         Blade 1 X translation displacement, node 9, m
        143    -3.79109230042E+001                                                     F               0         Blade 1 Y translation displacement, node 9, m
        144    -8.58985748291E+001                                                     F               0         Blade 1 Z translation displacement, node 9, m
        145     7.59213638306E+000                                                     F               0         Blade 1 X translation displacement, node 10, m
        146    -4.02114868164E+001                                                     F               0         Blade 1 Y translation displacement, node 10, m
        147    -9.27878570557E+001                                                     F               0         Blade 1 Z translation displacement, node 10, m
        148     6.55122947693E+000                                                     F               0         Blade 1 X translation displacement, node 11, m
        149    -4.25120582581E+001                                                     F               0         Blade 1 Y translation displacement, node 11, m
        150    -9.96771392822E+001                                                     F               0         Blade 1 Z translation displacement, node 11, m
        151     5.51014089584E+000                                                     F               0         Blade 1 X translation displacement, node 12, m
        152    -4.48130302429E+001                                                     F               0         Blade 1 Y translation displacement, node 12, m
        153    -1.06567642212E+002                                                     F               0         Blade 1 Z translation displacement, node 12, m
        154     4.46923398972E+000                                                     F               0         Blade 1 X translation displacement, node 13, m
        155    -4.71135978699E+001                                                     F               0         Blade 1 Y translation displacement, node 13, m
        156    -1.13456932068E+002                                                     F               0         Blade 1 Z translation displacement, node 13, m
        157     3.42833161354E+000                                                     F               0         Blade 1 X translation displacement, node 14, m
        158    -4.94141616821E+001                                                     F               0         Blade 1 Y translation displacement, node 14, m
        159    -1.20346206665E+002                                                     F               0         Blade 1 Z translation displacement, node 14, m
        160     2.38723611832E+000                                                     F               0         Blade 1 X translation displacement, node 15, m
        161    -5.17151451111E+001                                                     F               0         Blade 1 Y translation displacement, node 15, m
        162    -1.27236740112E+002                                                     F               0         Blade 1 Z translation displacement, node 15, m
        163     1.34633290768E+000                                                     F               0         Blade 1 X translation displacement, node 16, m
        164    -5.40157127380E+001                                                     F               0         Blade 1 Y translation displacement, node 16, m
        165    -1.34126022339E+002                                                     F               0         Blade 1 Z translation displacement, node 16, m
        166     3.05425643921E-001                                                     F               0         Blade 1 X translation displacement, node 17, m
        167    -5.63162841797E+001                                                     F               0         Blade 1 Y translation displacement, node 17, m
        168    -1.41015304565E+002                                                     F               0         Blade 1 Z translation displacement, node 17, m
        169    -7.35477864742E-001                                                     F               0         Blade 1 X translation displacement, node 18, m
        170    -5.86168479919E+001                                                     F               0         Blade 1 Y translation displacement, node 18, m
        171    -1.47904586792E+002                                                     F               0         Blade 1 Z translation displacement, node 18, m
        172    -1.77656710148E+000                                                     F               0         Blade 1 X translation displacement, node 19, m
        173    -6.09178199768E+001                                                     F               0         Blade 1 Y translation displacement, node 19, m
        174    -1.54795089722E+002                                                     F               0         Blade 1 Z translation displacement, node 19, m
        175    -2.81747436523E+000                                                     F               0         Blade 1 X translation displacement, node 20, m
        176    -6.32183914185E+001                                                     F               0         Blade 1 Y translation displacement, node 20, m
        177    -1.61684371948E+002                                                     F               0         Blade 1 Z translation displacement, node 20, m
        178    -3.85837793350E+000                                                     F               0         Blade 1 X translation displacement, node 21, m
        179    -6.55189590454E+001                                                     F               0         Blade 1 Y translation displacement, node 21, m
        180    -1.68573654175E+002                                                     F               0         Blade 1 Z translation displacement, node 21, m
        181    -4.89947128296E+000                                                     F               0         Blade 1 X translation displacement, node 22, m
        182    -6.78199386597E+001                                                     F               0         Blade 1 Y translation displacement, node 22, m
        183    -1.75464187622E+002                                                     F               0         Blade 1 Z translation displacement, node 22, m
        184    -5.94037818909E+000                                                     F               0         Blade 1 X translation displacement, node 23, m
        185    -7.01205062866E+001                                                     F               0         Blade 1 Y translation displacement, node 23, m
        186    -1.82353469849E+002                                                     F               0         Blade 1 Z translation displacement, node 23, m
        187    -6.98128175735E+000                                                     F               0         Blade 1 X translation displacement, node 24, m
        188    -7.24210739136E+001                                                     F               0         Blade 1 Y translation displacement, node 24, m
        189    -1.89242736816E+002                                                     F               0         Blade 1 Z translation displacement, node 24, m
        190    -8.02218532562E+000                                                     F               0         Blade 1 X translation displacement, node 25, m
        191    -7.47216339111E+001                                                     F               0         Blade 1 Y translation displacement, node 25, m
        192    -1.96132019043E+002                                                     F               0         Blade 1 Z translation displacement, node 25, m
        193    -9.06327915192E+000                                                     F               0         Blade 1 X translation displacement, node 26, m
        194    -7.70226211548E+001                                                     F               0         Blade 1 Y translation displacement, node 26, m
        195    -2.03022552490E+002                                                     F               0         Blade 1 Z translation displacement, node 26, m
        196    -1.01041812897E+001                                                     F               0         Blade 1 X translation displacement, node 27, m
        197    -7.93231811523E+001                                                     F               0         Blade 1 Y translation displacement, node 27, m
        198    -2.09911819458E+002                                                     F               0         Blade 1 Z translation displacement, node 27, m
        199    -1.09866466522E+001                                                     F               0         Blade 1 X translation displacement, node 28, m
        200    -8.12735671997E+001                                                     F               0         Blade 1 Y translation displacement, node 28, m
        201    -2.15752441406E+002                                                     F               0         Blade 1 Z translation displacement, node 28, m
        202     6.19404613972E-001,   5.58447599411E-001,  -5.51791787148E-001         F               0         Blade 1 X orientation angle, node 1, rad
        203     7.67619967461E-001,  -5.78182399273E-001,   2.76522457600E-001         F               0         Blade 1 Y orientation angle, node 1, rad
        204    -1.64613008499E-001,  -5.94845712185E-001,  -7.86804378033E-001         F               0         Blade 1 Z orientation angle, node 1, rad
        205     6.19404613972E-001,   5.58447599411E-001,  -5.51791787148E-001         F               0         Blade 1 X orientation angle, node 2, rad
        206     7.67619967461E-001,  -5.78182399273E-001,   2.76522457600E-001         F               0         Blade 1 Y orientation angle, node 2, rad
        207    -1.64613008499E-001,  -5.94845712185E-001,  -7.86804378033E-001         F               0         Blade 1 Z orientation angle, node 2, rad
        208     7.83688247204E-001,   4.05502468348E-001,  -4.70532089472E-001         F               0         Blade 1 X orientation angle, node 3, rad
        209     5.98945140839E-001,  -6.94065034389E-001,   3.99422645569E-001         F               0         Blade 1 Y orientation angle, node 3, rad
        210    -1.64613008499E-001,  -5.94845712185E-001,  -7.86804378033E-001         F               0         Blade 1 Z orientation angle, node 3, rad
        211     8.08279454708E-001,   3.75834345818E-001,  -4.53247040510E-001         F               0         Blade 1 X orientation angle, node 4, rad
        212     5.65320193768E-001,  -7.10568130016E-001,   4.18934345245E-001         F               0         Blade 1 Y orientation angle, node 4, rad
        213    -1.64613008499E-001,  -5.94845712185E-001,  -7.86804378033E-001         F               0         Blade 1 Z orientation angle, node 4, rad
        214     8.26578378677E-001,   3.52068692446E-001,  -4.39108014107E-001         F               0         Blade 1 X orientation angle, node 5, rad
        215     5.38210749626E-001,  -7.22638368607E-001,   4.33731526136E-001         F               0         Blade 1 Y orientation angle, node 5, rad
        216    -1.64613008499E-001,  -5.94845712185E-001,  -7.86804378033E-001         F               0         Blade 1 Z orientation angle, node 5, rad
        217     8.40564012527E-001,   3.32776188850E-001,  -4.27448391914E-001         F               0         Blade 1 X orientation angle, node 6, rad
        218     5.16095578671E-001,  -7.31723010540E-001,   4.45226639509E-001         F               0         Blade 1 Y orientation angle, node 6, rad
        219    -1.64613008499E-001,  -5.94845712185E-001,  -7.86804378033E-001         F               0         Blade 1 Z orientation angle, node 6, rad
        220     8.51622581482E-001,   3.16734552383E-001,  -4.17634099722E-001         F               0         Blade 1 X orientation angle, node 7, rad
        221     4.97635990381E-001,  -7.38808333874E-001,   4.54445421696E-001         F               0         Blade 1 Y orientation angle, node 7, rad
        222    -1.64613008499E-001,  -5.94845712185E-001,  -7.86804378033E-001         F               0         Blade 1 Z orientation angle, node 7, rad
        223     8.60514581203E-001,   3.03272664547E-001,  -4.09316927195E-001         F               0         Blade 1 X orientation angle, node 8, rad
        224     4.82096701860E-001,  -7.44435548782E-001,   4.61950808764E-001         F               0         Blade 1 Y orientation angle, node 8, rad
        225    -1.64613008499E-001,  -5.94845712185E-001,  -7.86804378033E-001         F               0         Blade 1 Z orientation angle, node 8, rad
        226     8.67817282677E-001,   2.91803628206E-001,  -4.02173876762E-001         F               0         Blade 1 X orientation angle, node 9, rad
        227     4.68823790550E-001,  -7.49005436897E-001,   4.68182772398E-001         F               0         Blade 1 Y orientation angle, node 9, rad
        228    -1.64612978697E-001,  -5.94845771790E-001,  -7.86804318428E-001         F               0         Blade 1 Z orientation angle, node 9, rad
        229     8.73959481716E-001,   2.81843096018E-001,  -3.95928472281E-001         F               0         Blade 1 X orientation angle, node 10, rad
        230     4.57271724939E-001,  -7.52810120583E-001,   4.73476022482E-001         F               0         Blade 1 Y orientation angle, node 10, rad
        231    -1.64613008499E-001,  -5.94845712185E-001,  -7.86804378033E-001         F               0         Blade 1 Z orientation angle, node 10, rad
        232     8.79090666771E-001,   2.73284763098E-001,  -3.90531688929E-001         F               0         Blade 1 X orientation angle, node 11, rad
        233     4.47327762842E-001,  -7.55958974361E-001,   4.77937132120E-001         F               0         Blade 1 Y orientation angle, node 11, rad
        234    -1.64612993598E-001,  -5.94845771790E-001,  -7.86804378033E-001         F               0         Blade 1 Z orientation angle, node 11, rad
        235     8.83497297764E-001,   2.65750795603E-001,  -3.85757744312E-001         F               0         Blade 1 X orientation angle, node 12, rad
        236     4.38560247421E-001,  -7.58640289307E-001,   4.81798559427E-001         F               0         Blade 1 Y orientation angle, node 12, rad
        237    -1.64613008499E-001,  -5.94845712185E-001,  -7.86804378033E-001         F               0         Blade 1 Z orientation angle, node 12, rad
        238     8.87290775776E-001,   2.59120374918E-001,  -3.81538629532E-001         F               0         Blade 1 X orientation angle, node 13, rad
        239     4.30833667517E-001,  -7.60930478573E-001,   4.85146552324E-001         F               0         Blade 1 Y orientation angle, node 13, rad
        240    -1.64613008499E-001,  -5.94845712185E-001,  -7.86804378033E-001         F               0         Blade 1 Z orientation angle, node 13, rad
        241     8.90647113323E-001,   2.53136128187E-001,  -3.77716571093E-001         F               0         Blade 1 X orientation angle, node 14, rad
        242     4.23851698637E-001,  -7.62942135334E-001,   4.88128125668E-001         F               0         Blade 1 Y orientation angle, node 14, rad
        243    -1.64613008499E-001,  -5.94845712185E-001,  -7.86804378033E-001         F               0         Blade 1 Z orientation angle, node 14, rad
        244     8.93584430218E-001,   2.47803643346E-001,  -3.74299615622E-001         F               0         Blade 1 X orientation angle, node 15, rad
        245     4.17623519897E-001,  -7.64690697193E-001,   4.90753233433E-001         F               0         Blade 1 Y orientation angle, node 15, rad
        246    -1.64612978697E-001,  -5.94845771790E-001,  -7.86804318428E-001         F               0         Blade 1 Z orientation angle, node 15, rad
        247     8.96190762520E-001,   2.42994099855E-001,  -3.71208757162E-001         F               0         Blade 1 X orientation angle, node 16, rad
