
Linearized model: Predictions were generated on 07-Feb-2024 at 11:38:03 using OpenFAST, compiled as a 64-bit application using single precision at commit v3.5.1
 linked with  NWTC Subroutine Library; ElastoDyn; InflowWind; AeroDyn; ServoDyn; HydroDyn; MAP++ (<1.20.10>, <Oct-20-2023>)

Description from the FAST input file: CCT-9 Campign 4 model. Input files to be run with OpenFAST 3.5.0. GitHub branch from Lu Wang (https://github.com/luwang00/openfast/tree/dev) compiled on March 7, 2023.

Simulation information:
   Simulation time:                  1008.4500 s
   Rotor Speed:                         1.0427 rad/s
   Azimuth:                             3.5583 rad
   Wind Speed:                         12.0000 m/s
   Number of continuous states:         0
   Number of discrete states:           0
   Number of constraint states:         0
   Number of inputs:                 1746
   Number of outputs:                   4
   Jacobians included in this file?    No

Order of inputs:
     Column   Operating Point                     Rotating Frame? Derivative Order Description
   ---------- ---------------                     --------------- ---------------- -----------
          1    1.513E+01                                 F               0         Tower X translation displacement, node 1, m
          2   -1.172E+00                                 F               0         Tower Y translation displacement, node 1, m
          3   -4.875E-01                                 F               0         Tower Z translation displacement, node 1, m
          4    1.706E+01                                 F               0         Tower X translation displacement, node 2, m
          5   -1.816E+00                                 F               0         Tower Y translation displacement, node 2, m
          6   -6.555E-01                                 F               0         Tower Z translation displacement, node 2, m
          7    1.902E+01                                 F               0         Tower X translation displacement, node 3, m
          8   -2.466E+00                                 F               0         Tower Y translation displacement, node 3, m
          9   -8.292E-01                                 F               0         Tower Z translation displacement, node 3, m
         10    2.100E+01                                 F               0         Tower X translation displacement, node 4, m
         11   -3.122E+00                                 F               0         Tower Y translation displacement, node 4, m
         12   -1.008E+00                                 F               0         Tower Z translation displacement, node 4, m
         13    2.301E+01                                 F               0         Tower X translation displacement, node 5, m
         14   -3.783E+00                                 F               0         Tower Y translation displacement, node 5, m
         15   -1.190E+00                                 F               0         Tower Z translation displacement, node 5, m
         16    2.504E+01                                 F               0         Tower X translation displacement, node 6, m
         17   -4.447E+00                                 F               0         Tower Y translation displacement, node 6, m
         18   -1.375E+00                                 F               0         Tower Z translation displacement, node 6, m
         19    2.708E+01                                 F               0         Tower X translation displacement, node 7, m
         20   -5.114E+00                                 F               0         Tower Y translation displacement, node 7, m
         21   -1.563E+00                                 F               0         Tower Z translation displacement, node 7, m
         22    2.913E+01                                 F               0         Tower X translation displacement, node 8, m
         23   -5.784E+00                                 F               0         Tower Y translation displacement, node 8, m
         24   -1.753E+00                                 F               0         Tower Z translation displacement, node 8, m
         25    3.119E+01                                 F               0         Tower X translation displacement, node 9, m
         26   -6.455E+00                                 F               0         Tower Y translation displacement, node 9, m
         27   -1.944E+00                                 F               0         Tower Z translation displacement, node 9, m
         28    3.325E+01                                 F               0         Tower X translation displacement, node 10, m
         29   -7.129E+00                                 F               0         Tower Y translation displacement, node 10, m
         30   -2.136E+00                                 F               0         Tower Z translation displacement, node 10, m
         31    3.532E+01                                 F               0         Tower X translation displacement, node 11, m
         32   -7.803E+00                                 F               0         Tower Y translation displacement, node 11, m
         33   -2.329E+00                                 F               0         Tower Z translation displacement, node 11, m
         34    9.879E-01,  1.436E-02, -1.542E-01         F               0         Tower X orientation angle, node 1, rad
         35   -6.162E-03,  9.985E-01,  5.351E-02         F               0         Tower Y orientation angle, node 1, rad
         36    1.547E-01, -5.192E-02,  9.866E-01         F               0         Tower Z orientation angle, node 1, rad
         37    9.875E-01,  1.450E-02, -1.568E-01         F               0         Tower X orientation angle, node 2, rad
         38   -6.078E-03,  9.985E-01,  5.404E-02         F               0         Tower Y orientation angle, node 2, rad
         39    1.573E-01, -5.242E-02,  9.862E-01         F               0         Tower Z orientation angle, node 2, rad
         40    9.872E-01,  1.462E-02, -1.591E-01         F               0         Tower X orientation angle, node 3, rad
         41   -6.001E-03,  9.985E-01,  5.452E-02         F               0         Tower Y orientation angle, node 3, rad
         42    1.596E-01, -5.287E-02,  9.858E-01         F               0         Tower Z orientation angle, node 3, rad
         43    9.868E-01,  1.472E-02, -1.610E-01         F               0         Tower X orientation angle, node 4, rad
         44   -5.933E-03,  9.985E-01,  5.494E-02         F               0         Tower Y orientation angle, node 4, rad
         45    1.616E-01, -5.326E-02,  9.854E-01         F               0         Tower Z orientation angle, node 4, rad
         46    9.866E-01,  1.481E-02, -1.627E-01         F               0         Tower X orientation angle, node 5, rad
         47   -5.874E-03,  9.985E-01,  5.530E-02         F               0         Tower Y orientation angle, node 5, rad
         48    1.632E-01, -5.360E-02,  9.851E-01         F               0         Tower Z orientation angle, node 5, rad
         49    9.863E-01,  1.489E-02, -1.640E-01         F               0         Tower X orientation angle, node 6, rad
         50   -5.824E-03,  9.984E-01,  5.560E-02         F               0         Tower Y orientation angle, node 6, rad
         51    1.646E-01, -5.389E-02,  9.849E-01         F               0         Tower Z orientation angle, node 6, rad
         52    9.862E-01,  1.494E-02, -1.650E-01         F               0         Tower X orientation angle, node 7, rad
         53   -5.783E-03,  9.984E-01,  5.584E-02         F               0         Tower Y orientation angle, node 7, rad
         54    1.656E-01, -5.412E-02,  9.847E-01         F               0         Tower Z orientation angle, node 7, rad
         55    9.860E-01,  1.498E-02, -1.658E-01         F               0         Tower X orientation angle, node 8, rad
         56   -5.752E-03,  9.984E-01,  5.603E-02         F               0         Tower Y orientation angle, node 8, rad
         57    1.664E-01, -5.430E-02,  9.846E-01         F               0         Tower Z orientation angle, node 8, rad
         58    9.860E-01,  1.501E-02, -1.663E-01         F               0         Tower X orientation angle, node 9, rad
         59   -5.729E-03,  9.984E-01,  5.617E-02         F               0         Tower Y orientation angle, node 9, rad
         60    1.669E-01, -5.443E-02,  9.845E-01         F               0         Tower Z orientation angle, node 9, rad
         61    9.859E-01,  1.503E-02, -1.667E-01         F               0         Tower X orientation angle, node 10, rad
         62   -5.714E-03,  9.984E-01,  5.626E-02         F               0         Tower Y orientation angle, node 10, rad
         63    1.672E-01, -5.451E-02,  9.844E-01         F               0         Tower Z orientation angle, node 10, rad
         64    9.859E-01,  1.504E-02, -1.668E-01         F               0         Tower X orientation angle, node 11, rad
         65   -5.705E-03,  9.984E-01,  5.631E-02         F               0         Tower Y orientation angle, node 11, rad
         66    1.674E-01, -5.456E-02,  9.844E-01         F               0         Tower Z orientation angle, node 11, rad
         67   -7.345E-04                                 F               0         Tower X translation velocity, node 1, m/s
         68    5.931E-03                                 F               0         Tower Y translation velocity, node 1, m/s
         69    5.978E-03                                 F               0         Tower Z translation velocity, node 1, m/s
         70   -1.583E-03                                 F               0         Tower X translation velocity, node 2, m/s
         71    1.055E-02                                 F               0         Tower Y translation velocity, node 2, m/s
         72    6.356E-03                                 F               0         Tower Z translation velocity, node 2, m/s
         73   -2.494E-03                                 F               0         Tower X translation velocity, node 3, m/s
         74    1.528E-02                                 F               0         Tower Y translation velocity, node 3, m/s
         75    6.756E-03                                 F               0         Tower Z translation velocity, node 3, m/s
         76   -3.456E-03                                 F               0         Tower X translation velocity, node 4, m/s
         77    2.011E-02                                 F               0         Tower Y translation velocity, node 4, m/s
         78    7.172E-03                                 F               0         Tower Z translation velocity, node 4, m/s
         79   -4.459E-03                                 F               0         Tower X translation velocity, node 5, m/s
         80    2.502E-02                                 F               0         Tower Y translation velocity, node 5, m/s
         81    7.604E-03                                 F               0         Tower Z translation velocity, node 5, m/s
         82   -5.498E-03                                 F               0         Tower X translation velocity, node 6, m/s
         83    2.999E-02                                 F               0         Tower Y translation velocity, node 6, m/s
         84    8.049E-03                                 F               0         Tower Z translation velocity, node 6, m/s
         85   -6.563E-03                                 F               0         Tower X translation velocity, node 7, m/s
         86    3.502E-02                                 F               0         Tower Y translation velocity, node 7, m/s
         87    8.503E-03                                 F               0         Tower Z translation velocity, node 7, m/s
         88   -7.651E-03                                 F               0         Tower X translation velocity, node 8, m/s
         89    4.009E-02                                 F               0         Tower Y translation velocity, node 8, m/s
         90    8.966E-03                                 F               0         Tower Z translation velocity, node 8, m/s
         91   -8.756E-03                                 F               0         Tower X translation velocity, node 9, m/s
         92    4.521E-02                                 F               0         Tower Y translation velocity, node 9, m/s
         93    9.435E-03                                 F               0         Tower Z translation velocity, node 9, m/s
         94   -9.872E-03                                 F               0         Tower X translation velocity, node 10, m/s
         95    5.034E-02                                 F               0         Tower Y translation velocity, node 10, m/s
         96    9.909E-03                                 F               0         Tower Z translation velocity, node 10, m/s
         97   -1.100E-02                                 F               0         Tower X translation velocity, node 11, m/s
         98    5.549E-02                                 F               0         Tower Y translation velocity, node 11, m/s
         99    1.039E-02                                 F               0         Tower Z translation velocity, node 11, m/s
        100    3.678E+01                                 F               0         Hub X translation displacement, node 1, m
        101   -8.393E+00                                 F               0         Hub Y translation displacement, node 1, m
        102   -6.500E-01                                 F               0         Hub Z translation displacement, node 1, m
        103    9.630E-01,  2.066E-02, -2.688E-01         F               0         Hub X orientation angle, node 1, rad
        104   -1.039E-01, -8.916E-01, -4.407E-01         F               0         Hub Y orientation angle, node 1, rad
        105   -2.488E-01,  4.523E-01, -8.565E-01         F               0         Hub Z orientation angle, node 1, rad
        106    1.004E+00                                 F               0         Hub X rotation velocity, node 1, rad/s
        107    2.143E-02                                 F               0         Hub Y rotation velocity, node 1, rad/s
        108   -2.798E-01                                 F               0         Hub Z rotation velocity, node 1, rad/s
        109    9.656E-01,  4.711E-02, -2.556E-01         F               0         Blade root 1 X orientation angle, node 1, rad
        110   -7.526E-02, -8.906E-01, -4.484E-01         F               0         Blade root 1 Y orientation angle, node 1, rad
        111   -2.488E-01,  4.523E-01, -8.565E-01         F               0         Blade root 1 Z orientation angle, node 1, rad
        112    9.674E-01, -4.191E-03, -2.532E-01         F               0         Blade root 2 X orientation angle, node 1, rad
        113   -1.349E-01,  8.377E-01, -5.292E-01         F               0         Blade root 2 Y orientation angle, node 1, rad
        114    2.144E-01,  5.461E-01,  8.099E-01         F               0         Blade root 2 Z orientation angle, node 1, rad
        115    9.546E-01,  1.905E-02, -2.972E-01         F               0         Blade root 3 X orientation angle, node 1, rad
        116    2.958E-01,  5.474E-02,  9.537E-01         F               0         Blade root 3 Y orientation angle, node 1, rad
        117    3.444E-02, -9.983E-01,  4.662E-02         F               0         Blade root 3 Z orientation angle, node 1, rad
        118    3.483E+01                                 F               0         Blade 1 X translation displacement, node 1, m
        119   -5.888E+00                                 F               0         Blade 1 Y translation displacement, node 1, m
        120   -1.090E+01                                 F               0         Blade 1 Z translation displacement, node 1, m
        121    3.436E+01                                 F               0         Blade 1 X translation displacement, node 2, m
        122   -5.284E+00                                 F               0         Blade 1 Y translation displacement, node 2, m
        123   -1.338E+01                                 F               0         Blade 1 Z translation displacement, node 2, m
        124    2.794E+01                                 F               0         Blade 1 X translation displacement, node 3, m
        125    2.926E+00                                 F               0         Blade 1 Y translation displacement, node 3, m
        126   -4.698E+01                                 F               0         Blade 1 Z translation displacement, node 3, m
        127    2.658E+01                                 F               0         Blade 1 X translation displacement, node 4, m
        128    4.675E+00                                 F               0         Blade 1 Y translation displacement, node 4, m
        129   -5.413E+01                                 F               0         Blade 1 Z translation displacement, node 4, m
        130    2.521E+01                                 F               0         Blade 1 X translation displacement, node 5, m
        131    6.424E+00                                 F               0         Blade 1 Y translation displacement, node 5, m
        132   -6.129E+01                                 F               0         Blade 1 Z translation displacement, node 5, m
        133    2.384E+01                                 F               0         Blade 1 X translation displacement, node 6, m
        134    8.173E+00                                 F               0         Blade 1 Y translation displacement, node 6, m
        135   -6.845E+01                                 F               0         Blade 1 Z translation displacement, node 6, m
        136    2.248E+01                                 F               0         Blade 1 X translation displacement, node 7, m
        137    9.922E+00                                 F               0         Blade 1 Y translation displacement, node 7, m
        138   -7.561E+01                                 F               0         Blade 1 Z translation displacement, node 7, m
        139    2.111E+01                                 F               0         Blade 1 X translation displacement, node 8, m
        140    1.167E+01                                 F               0         Blade 1 Y translation displacement, node 8, m
        141   -8.277E+01                                 F               0         Blade 1 Z translation displacement, node 8, m
        142    1.974E+01                                 F               0         Blade 1 X translation displacement, node 9, m
        143    1.342E+01                                 F               0         Blade 1 Y translation displacement, node 9, m
        144   -8.993E+01                                 F               0         Blade 1 Z translation displacement, node 9, m
        145    1.838E+01                                 F               0         Blade 1 X translation displacement, node 10, m
        146    1.517E+01                                 F               0         Blade 1 Y translation displacement, node 10, m
        147   -9.709E+01                                 F               0         Blade 1 Z translation displacement, node 10, m
        148    1.701E+01                                 F               0         Blade 1 X translation displacement, node 11, m
        149    1.692E+01                                 F               0         Blade 1 Y translation displacement, node 11, m
        150   -1.042E+02                                 F               0         Blade 1 Z translation displacement, node 11, m
        151    1.564E+01                                 F               0         Blade 1 X translation displacement, node 12, m
        152    1.867E+01                                 F               0         Blade 1 Y translation displacement, node 12, m
        153   -1.114E+02                                 F               0         Blade 1 Z translation displacement, node 12, m
        154    1.428E+01                                 F               0         Blade 1 X translation displacement, node 13, m
        155    2.042E+01                                 F               0         Blade 1 Y translation displacement, node 13, m
        156   -1.186E+02                                 F               0         Blade 1 Z translation displacement, node 13, m
        157    1.291E+01                                 F               0         Blade 1 X translation displacement, node 14, m
        158    2.217E+01                                 F               0         Blade 1 Y translation displacement, node 14, m
        159   -1.257E+02                                 F               0         Blade 1 Z translation displacement, node 14, m
        160    1.154E+01                                 F               0         Blade 1 X translation displacement, node 15, m
        161    2.392E+01                                 F               0         Blade 1 Y translation displacement, node 15, m
        162   -1.329E+02                                 F               0         Blade 1 Z translation displacement, node 15, m
        163    1.018E+01                                 F               0         Blade 1 X translation displacement, node 16, m
        164    2.567E+01                                 F               0         Blade 1 Y translation displacement, node 16, m
        165   -1.400E+02                                 F               0         Blade 1 Z translation displacement, node 16, m
        166    8.811E+00                                 F               0         Blade 1 X translation displacement, node 17, m
        167    2.741E+01                                 F               0         Blade 1 Y translation displacement, node 17, m
        168   -1.472E+02                                 F               0         Blade 1 Z translation displacement, node 17, m
        169    7.444E+00                                 F               0         Blade 1 X translation displacement, node 18, m
        170    2.916E+01                                 F               0         Blade 1 Y translation displacement, node 18, m
        171   -1.544E+02                                 F               0         Blade 1 Z translation displacement, node 18, m
        172    6.078E+00                                 F               0         Blade 1 X translation displacement, node 19, m
        173    3.091E+01                                 F               0         Blade 1 Y translation displacement, node 19, m
        174   -1.615E+02                                 F               0         Blade 1 Z translation displacement, node 19, m
        175    4.711E+00                                 F               0         Blade 1 X translation displacement, node 20, m
        176    3.266E+01                                 F               0         Blade 1 Y translation displacement, node 20, m
        177   -1.687E+02                                 F               0         Blade 1 Z translation displacement, node 20, m
        178    3.345E+00                                 F               0         Blade 1 X translation displacement, node 21, m
        179    3.441E+01                                 F               0         Blade 1 Y translation displacement, node 21, m
        180   -1.758E+02                                 F               0         Blade 1 Z translation displacement, node 21, m
        181    1.978E+00                                 F               0         Blade 1 X translation displacement, node 22, m
        182    3.616E+01                                 F               0         Blade 1 Y translation displacement, node 22, m
        183   -1.830E+02                                 F               0         Blade 1 Z translation displacement, node 22, m
        184    6.115E-01                                 F               0         Blade 1 X translation displacement, node 23, m
        185    3.791E+01                                 F               0         Blade 1 Y translation displacement, node 23, m
        186   -1.902E+02                                 F               0         Blade 1 Z translation displacement, node 23, m
        187   -7.549E-01                                 F               0         Blade 1 X translation displacement, node 24, m
        188    3.966E+01                                 F               0         Blade 1 Y translation displacement, node 24, m
        189   -1.973E+02                                 F               0         Blade 1 Z translation displacement, node 24, m
        190   -2.121E+00                                 F               0         Blade 1 X translation displacement, node 25, m
        191    4.141E+01                                 F               0         Blade 1 Y translation displacement, node 25, m
        192   -2.045E+02                                 F               0         Blade 1 Z translation displacement, node 25, m
        193   -3.488E+00                                 F               0         Blade 1 X translation displacement, node 26, m
        194    4.316E+01                                 F               0         Blade 1 Y translation displacement, node 26, m
        195   -2.116E+02                                 F               0         Blade 1 Z translation displacement, node 26, m
        196   -4.855E+00                                 F               0         Blade 1 X translation displacement, node 27, m
        197    4.491E+01                                 F               0         Blade 1 Y translation displacement, node 27, m
        198   -2.188E+02                                 F               0         Blade 1 Z translation displacement, node 27, m
        199   -6.013E+00                                 F               0         Blade 1 X translation displacement, node 28, m
        200    4.639E+01                                 F               0         Blade 1 Y translation displacement, node 28, m
        201   -2.249E+02                                 F               0         Blade 1 Z translation displacement, node 28, m
        202    8.937E-01,  4.481E-01, -2.300E-02         F               0         Blade 1 X orientation angle, node 1, rad
        203    3.734E-01, -7.712E-01, -5.157E-01         F               0         Blade 1 Y orientation angle, node 1, rad
        204   -2.488E-01,  4.523E-01, -8.565E-01         F               0         Blade 1 Z orientation angle, node 1, rad
        205    8.937E-01,  4.481E-01, -2.300E-02         F               0         Blade 1 X orientation angle, node 2, rad
        206    3.734E-01, -7.712E-01, -5.157E-01         F               0         Blade 1 Y orientation angle, node 2, rad
        207   -2.488E-01,  4.523E-01, -8.565E-01         F               0         Blade 1 Z orientation angle, node 2, rad
        208    9.567E-01,  2.525E-01, -1.446E-01         F               0         Blade 1 X orientation angle, node 3, rad
        209    1.509E-01, -8.554E-01, -4.955E-01         F               0         Blade 1 Y orientation angle, node 3, rad
        210   -2.488E-01,  4.523E-01, -8.565E-01         F               0         Blade 1 Z orientation angle, node 3, rad
        211    9.622E-01,  2.162E-01, -1.654E-01         F               0         Blade 1 X orientation angle, node 4, rad
        212    1.104E-01, -8.653E-01, -4.890E-01         F               0         Blade 1 Y orientation angle, node 4, rad
        213   -2.488E-01,  4.523E-01, -8.565E-01         F               0         Blade 1 Z orientation angle, node 4, rad
        214    9.654E-01,  1.874E-01, -1.815E-01         F               0         Blade 1 X orientation angle, node 5, rad
        215    7.841E-02, -8.720E-01, -4.832E-01         F               0         Blade 1 Y orientation angle, node 5, rad
        216   -2.488E-01,  4.523E-01, -8.565E-01         F               0         Blade 1 Z orientation angle, node 5, rad
        217    9.671E-01,  1.642E-01, -1.942E-01         F               0         Blade 1 X orientation angle, node 6, rad
        218    5.277E-02, -8.766E-01, -4.782E-01         F               0         Blade 1 Y orientation angle, node 6, rad
        219   -2.488E-01,  4.523E-01, -8.565E-01         F               0         Blade 1 Z orientation angle, node 6, rad
        220    9.680E-01,  1.450E-01, -2.046E-01         F               0         Blade 1 X orientation angle, node 7, rad
        221    3.166E-02, -8.800E-01, -4.739E-01         F               0         Blade 1 Y orientation angle, node 7, rad
        222   -2.488E-01,  4.523E-01, -8.565E-01         F               0         Blade 1 Z orientation angle, node 7, rad
        223    9.685E-01,  1.290E-01, -2.132E-01         F               0         Blade 1 X orientation angle, node 8, rad
        224    1.409E-02, -8.825E-01, -4.701E-01         F               0         Blade 1 Y orientation angle, node 8, rad
        225   -2.488E-01,  4.523E-01, -8.565E-01         F               0         Blade 1 Z orientation angle, node 8, rad
        226    9.686E-01,  1.155E-01, -2.204E-01         F               0         Blade 1 X orientation angle, node 9, rad
        227   -7.894E-04, -8.844E-01, -4.668E-01         F               0         Blade 1 Y orientation angle, node 9, rad
        228   -2.488E-01,  4.523E-01, -8.565E-01         F               0         Blade 1 Z orientation angle, node 9, rad
        229    9.685E-01,  1.037E-01, -2.266E-01         F               0         Blade 1 X orientation angle, node 10, rad
        230   -1.364E-02, -8.858E-01, -4.638E-01         F               0         Blade 1 Y orientation angle, node 10, rad
        231   -2.488E-01,  4.523E-01, -8.565E-01         F               0         Blade 1 Z orientation angle, node 10, rad
        232    9.682E-01,  9.365E-02, -2.318E-01         F               0         Blade 1 X orientation angle, node 11, rad
        233   -2.462E-02, -8.870E-01, -4.612E-01         F               0         Blade 1 Y orientation angle, node 11, rad
        234   -2.488E-01,  4.523E-01, -8.565E-01         F               0         Blade 1 Z orientation angle, node 11, rad
        235    9.680E-01,  8.483E-02, -2.364E-01         F               0         Blade 1 X orientation angle, node 12, rad
        236   -3.425E-02, -8.878E-01, -4.589E-01         F               0         Blade 1 Y orientation angle, node 12, rad
        237   -2.488E-01,  4.523E-01, -8.565E-01         F               0         Blade 1 Z orientation angle, node 12, rad
        238    9.676E-01,  7.707E-02, -2.404E-01         F               0         Blade 1 X orientation angle, node 13, rad
        239   -4.270E-02, -8.885E-01, -4.568E-01         F               0         Blade 1 Y orientation angle, node 13, rad
        240   -2.488E-01,  4.523E-01, -8.565E-01         F               0         Blade 1 Z orientation angle, node 13, rad
        241    9.673E-01,  7.009E-02, -2.440E-01         F               0         Blade 1 X orientation angle, node 14, rad
        242   -5.030E-02, -8.891E-01, -4.549E-01         F               0         Blade 1 Y orientation angle, node 14, rad
        243   -2.488E-01,  4.523E-01, -8.565E-01         F               0         Blade 1 Z orientation angle, node 14, rad
        244    9.669E-01,  6.388E-02, -2.471E-01         F               0         Blade 1 X orientation angle, node 15, rad
        245   -5.705E-02, -8.896E-01, -4.532E-01         F               0         Blade 1 Y orientation angle, node 15, rad
        246   -2.488E-01,  4.523E-01, -8.565E-01         F               0         Blade 1 Z orientation angle, node 15, rad
        247    9.665E-01,  5.829E-02, -2.500E-01         F               0         Blade 1 X orientation angle, node 16, rad
        248   -6.312E-02, -8.900E-01, -4.516E-01         F               0         Blade 1 Y orientation angle, node 16, rad
        249   -2.488E-01,  4.523E-01, -8.565E-01         F               0         Blade 1 Z orientation angle, node 16, rad
        250    9.661E-01,  5.332E-02, -2.525E-01         F               0         Blade 1 X orientation angle, node 17, rad
        251   -6.852E-02, -8.903E-01, -4.502E-01         F               0         Blade 1 Y orientation angle, node 17, rad
        252   -2.488E-01,  4.523E-01, -8.565E-01         F               0         Blade 1 Z orientation angle, node 17, rad
        253    9.658E-01,  4.866E-02, -2.548E-01         F               0         Blade 1 X orientation angle, node 18, rad
        254   -7.358E-02, -8.906E-01, -4.489E-01         F               0         Blade 1 Y orientation angle, node 18, rad
        255   -2.488E-01,  4.523E-01, -8.565E-01         F               0         Blade 1 Z orientation angle, node 18, rad
        256    9.654E-01,  4.446E-02, -2.570E-01         F               0         Blade 1 X orientation angle, node 19, rad
        257   -7.813E-02, -8.908E-01, -4.477E-01         F               0         Blade 1 Y orientation angle, node 19, rad
        258   -2.488E-01,  4.523E-01, -8.565E-01         F               0         Blade 1 Z orientation angle, node 19, rad
        259    9.651E-01,  4.073E-02, -2.588E-01         F               0         Blade 1 X orientation angle, node 20, rad
        260   -8.217E-02, -8.910E-01, -4.466E-01         F               0         Blade 1 Y orientation angle, node 20, rad
        261   -2.488E-01,  4.523E-01, -8.565E-01         F               0         Blade 1 Z orientation angle, node 20, rad
        262    9.647E-01,  3.715E-02, -2.606E-01         F               0         Blade 1 X orientation angle, node 21, rad
        263   -8.604E-02, -8.911E-01, -4.456E-01         F               0         Blade 1 Y orientation angle, node 21, rad
        264   -2.488E-01,  4.523E-01, -8.565E-01         F               0         Blade 1 Z orientation angle, node 21, rad
        265    9.644E-01,  3.389E-02, -2.622E-01         F               0         Blade 1 X orientation angle, node 22, rad
        266   -8.958E-02, -8.912E-01, -4.446E-01         F               0         Blade 1 Y orientation angle, node 22, rad
        267   -2.488E-01,  4.523E-01, -8.565E-01         F               0         Blade 1 Z orientation angle, node 22, rad
        268    9.641E-01,  3.093E-02, -2.637E-01         F               0         Blade 1 X orientation angle, node 23, rad
        269   -9.278E-02, -8.913E-01, -4.437E-01         F               0         Blade 1 Y orientation angle, node 23, rad
        270   -2.488E-01,  4.523E-01, -8.565E-01         F               0         Blade 1 Z orientation angle, node 23, rad
        271    9.638E-01,  2.813E-02, -2.651E-01         F               0         Blade 1 X orientation angle, node 24, rad
        272   -9.580E-02, -8.914E-01, -4.429E-01         F               0         Blade 1 Y orientation angle, node 24, rad
        273   -2.488E-01,  4.523E-01, -8.565E-01         F               0         Blade 1 Z orientation angle, node 24, rad
        274    9.635E-01,  2.549E-02, -2.664E-01         F               0         Blade 1 X orientation angle, node 25, rad
        275   -9.866E-02, -8.915E-01, -4.421E-01         F               0         Blade 1 Y orientation angle, node 25, rad
        276   -2.488E-01,  4.523E-01, -8.565E-01         F               0         Blade 1 Z orientation angle, node 25, rad
        277    9.633E-01,  2.315E-02, -2.676E-01         F               0         Blade 1 X orientation angle, node 26, rad
        278   -1.012E-01, -8.916E-01, -4.414E-01         F               0         Blade 1 Y orientation angle, node 26, rad
        279   -2.488E-01,  4.523E-01, -8.565E-01         F               0         Blade 1 Z orientation angle, node 26, rad
        280    9.630E-01,  2.082E-02, -2.687E-01         F               0         Blade 1 X orientation angle, node 27, rad
        281   -1.037E-01, -8.916E-01, -4.407E-01         F               0         Blade 1 Y orientation angle, node 27, rad
        282   -2.488E-01,  4.523E-01, -8.565E-01         F               0         Blade 1 Z orientation angle, node 27, rad
        283    9.628E-01,  1.957E-02, -2.693E-01         F               0         Blade 1 X orientation angle, node 28, rad
        284   -1.051E-01, -8.917E-01, -4.403E-01         F               0         Blade 1 Y orientation angle, node 28, rad
        285   -2.488E-01,  4.523E-01, -8.565E-01         F               0         Blade 1 Z orientation angle, node 28, rad
        286    5.876E-01                                 F               0         Blade 1 X translation velocity, node 1, m/s
        287    5.203E+00                                 F               0         Blade 1 Y translation velocity, node 1, m/s
        288    2.554E+00                                 F               0         Blade 1 Z translation velocity, node 1, m/s
        289    7.320E-01                                 F               0         Blade 1 X translation velocity, node 2, m/s
        290    6.443E+00                                 F               0         Blade 1 Y translation velocity, node 2, m/s
        291    3.167E+00                                 F               0         Blade 1 Z translation velocity, node 2, m/s
        292    2.696E+00                                 F               0         Blade 1 X translation velocity, node 3, m/s
        293    2.331E+01                                 F               0         Blade 1 Y translation velocity, node 3, m/s
        294    1.150E+01                                 F               0         Blade 1 Z translation velocity, node 3, m/s
        295    3.115E+00                                 F               0         Blade 1 X translation velocity, node 4, m/s
        296    2.691E+01                                 F               0         Blade 1 Y translation velocity, node 4, m/s
        297    1.328E+01                                 F               0         Blade 1 Z translation velocity, node 4, m/s
        298    3.533E+00                                 F               0         Blade 1 X translation velocity, node 5, m/s
        299    3.050E+01                                 F               0         Blade 1 Y translation velocity, node 5, m/s
        300    1.506E+01                                 F               0         Blade 1 Z translation velocity, node 5, m/s
        301    3.952E+00                                 F               0         Blade 1 X translation velocity, node 6, m/s
        302    3.409E+01                                 F               0         Blade 1 Y translation velocity, node 6, m/s
        303    1.683E+01                                 F               0         Blade 1 Z translation velocity, node 6, m/s
        304    4.370E+00                                 F               0         Blade 1 X translation velocity, node 7, m/s
        305    3.769E+01                                 F               0         Blade 1 Y translation velocity, node 7, m/s
        306    1.861E+01                                 F               0         Blade 1 Z translation velocity, node 7, m/s
        307    4.789E+00                                 F               0         Blade 1 X translation velocity, node 8, m/s
