
Linearized model: Predictions were generated on 06-Feb-2024 at 10:15:48 using OpenFAST, compiled as a 64-bit application using single precision at commit v3.5.1
 linked with  NWTC Subroutine Library; ElastoDyn; InflowWind; AeroDyn; ServoDyn; HydroDyn; MAP++ (<1.20.10>, <Oct-20-2023>)

Description from the FAST input file: CCT-9 Campign 4 model. Input files to be run with OpenFAST 3.5.0. GitHub branch from Lu Wang (https://github.com/luwang00/openfast/tree/dev) compiled on March 7, 2023.

Simulation information:
   Simulation time:                  1008.7000 s
   Rotor Speed:                         1.0428 rad/s
   Azimuth:                             3.8190 rad
   Wind Speed:                         12.0000 m/s
   Number of continuous states:         0
   Number of discrete states:           0
   Number of constraint states:         0
   Number of inputs:                 1746
   Number of outputs:                   4
   Jacobians included in this file?    No

Order of inputs:
     Column   Operating Point                     Rotating Frame? Derivative Order Description
   ---------- ---------------                     --------------- ---------------- -----------
          1    1.513E+01                                 F               0         Tower X translation displacement, node 1, m
          2   -1.170E+00                                 F               0         Tower Y translation displacement, node 1, m
          3   -4.860E-01                                 F               0         Tower Z translation displacement, node 1, m
          4    1.706E+01                                 F               0         Tower X translation displacement, node 2, m
          5   -1.813E+00                                 F               0         Tower Y translation displacement, node 2, m
          6   -6.539E-01                                 F               0         Tower Z translation displacement, node 2, m
          7    1.902E+01                                 F               0         Tower X translation displacement, node 3, m
          8   -2.462E+00                                 F               0         Tower Y translation displacement, node 3, m
          9   -8.275E-01                                 F               0         Tower Z translation displacement, node 3, m
         10    2.100E+01                                 F               0         Tower X translation displacement, node 4, m
         11   -3.117E+00                                 F               0         Tower Y translation displacement, node 4, m
         12   -1.006E+00                                 F               0         Tower Z translation displacement, node 4, m
         13    2.301E+01                                 F               0         Tower X translation displacement, node 5, m
         14   -3.776E+00                                 F               0         Tower Y translation displacement, node 5, m
         15   -1.188E+00                                 F               0         Tower Z translation displacement, node 5, m
         16    2.503E+01                                 F               0         Tower X translation displacement, node 6, m
         17   -4.439E+00                                 F               0         Tower Y translation displacement, node 6, m
         18   -1.373E+00                                 F               0         Tower Z translation displacement, node 6, m
         19    2.707E+01                                 F               0         Tower X translation displacement, node 7, m
         20   -5.105E+00                                 F               0         Tower Y translation displacement, node 7, m
         21   -1.561E+00                                 F               0         Tower Z translation displacement, node 7, m
         22    2.912E+01                                 F               0         Tower X translation displacement, node 8, m
         23   -5.773E+00                                 F               0         Tower Y translation displacement, node 8, m
         24   -1.750E+00                                 F               0         Tower Z translation displacement, node 8, m
         25    3.118E+01                                 F               0         Tower X translation displacement, node 9, m
         26   -6.444E+00                                 F               0         Tower Y translation displacement, node 9, m
         27   -1.942E+00                                 F               0         Tower Z translation displacement, node 9, m
         28    3.325E+01                                 F               0         Tower X translation displacement, node 10, m
         29   -7.116E+00                                 F               0         Tower Y translation displacement, node 10, m
         30   -2.134E+00                                 F               0         Tower Z translation displacement, node 10, m
         31    3.532E+01                                 F               0         Tower X translation displacement, node 11, m
         32   -7.788E+00                                 F               0         Tower Y translation displacement, node 11, m
         33   -2.327E+00                                 F               0         Tower Z translation displacement, node 11, m
         34    9.879E-01,  1.447E-02, -1.542E-01         F               0         Tower X orientation angle, node 1, rad
         35   -6.285E-03,  9.986E-01,  5.343E-02         F               0         Tower Y orientation angle, node 1, rad
         36    1.547E-01, -5.182E-02,  9.866E-01         F               0         Tower Z orientation angle, node 1, rad
         37    9.875E-01,  1.460E-02, -1.568E-01         F               0         Tower X orientation angle, node 2, rad
         38   -6.201E-03,  9.985E-01,  5.396E-02         F               0         Tower Y orientation angle, node 2, rad
         39    1.573E-01, -5.232E-02,  9.862E-01         F               0         Tower Z orientation angle, node 2, rad
         40    9.872E-01,  1.473E-02, -1.591E-01         F               0         Tower X orientation angle, node 3, rad
         41   -6.124E-03,  9.985E-01,  5.444E-02         F               0         Tower Y orientation angle, node 3, rad
         42    1.596E-01, -5.277E-02,  9.858E-01         F               0         Tower Z orientation angle, node 3, rad
         43    9.868E-01,  1.483E-02, -1.610E-01         F               0         Tower X orientation angle, node 4, rad
         44   -6.056E-03,  9.985E-01,  5.486E-02         F               0         Tower Y orientation angle, node 4, rad
         45    1.616E-01, -5.316E-02,  9.854E-01         F               0         Tower Z orientation angle, node 4, rad
         46    9.866E-01,  1.492E-02, -1.626E-01         F               0         Tower X orientation angle, node 5, rad
         47   -5.997E-03,  9.985E-01,  5.522E-02         F               0         Tower Y orientation angle, node 5, rad
         48    1.632E-01, -5.350E-02,  9.851E-01         F               0         Tower Z orientation angle, node 5, rad
         49    9.864E-01,  1.499E-02, -1.640E-01         F               0         Tower X orientation angle, node 6, rad
         50   -5.948E-03,  9.984E-01,  5.552E-02         F               0         Tower Y orientation angle, node 6, rad
         51    1.645E-01, -5.378E-02,  9.849E-01         F               0         Tower Z orientation angle, node 6, rad
         52    9.862E-01,  1.505E-02, -1.650E-01         F               0         Tower X orientation angle, node 7, rad
         53   -5.907E-03,  9.984E-01,  5.576E-02         F               0         Tower Y orientation angle, node 7, rad
         54    1.656E-01, -5.401E-02,  9.847E-01         F               0         Tower Z orientation angle, node 7, rad
         55    9.861E-01,  1.509E-02, -1.657E-01         F               0         Tower X orientation angle, node 8, rad
         56   -5.876E-03,  9.984E-01,  5.594E-02         F               0         Tower Y orientation angle, node 8, rad
         57    1.663E-01, -5.419E-02,  9.846E-01         F               0         Tower Z orientation angle, node 8, rad
         58    9.860E-01,  1.512E-02, -1.663E-01         F               0         Tower X orientation angle, node 9, rad
         59   -5.853E-03,  9.984E-01,  5.608E-02         F               0         Tower Y orientation angle, node 9, rad
         60    1.669E-01, -5.432E-02,  9.845E-01         F               0         Tower Z orientation angle, node 9, rad
         61    9.859E-01,  1.514E-02, -1.666E-01         F               0         Tower X orientation angle, node 10, rad
         62   -5.838E-03,  9.984E-01,  5.617E-02         F               0         Tower Y orientation angle, node 10, rad
         63    1.672E-01, -5.440E-02,  9.844E-01         F               0         Tower Z orientation angle, node 10, rad
         64    9.859E-01,  1.515E-02, -1.668E-01         F               0         Tower X orientation angle, node 11, rad
         65   -5.830E-03,  9.984E-01,  5.622E-02         F               0         Tower Y orientation angle, node 11, rad
         66    1.674E-01, -5.445E-02,  9.844E-01         F               0         Tower Z orientation angle, node 11, rad
         67   -8.844E-04                                 F               0         Tower X translation velocity, node 1, m/s
         68    7.630E-03                                 F               0         Tower Y translation velocity, node 1, m/s
         69    5.951E-03                                 F               0         Tower Z translation velocity, node 1, m/s
         70   -1.769E-03                                 F               0         Tower X translation velocity, node 2, m/s
         71    1.348E-02                                 F               0         Tower Y translation velocity, node 2, m/s
         72    6.399E-03                                 F               0         Tower Z translation velocity, node 2, m/s
         73   -2.660E-03                                 F               0         Tower X translation velocity, node 3, m/s
         74    1.947E-02                                 F               0         Tower Y translation velocity, node 3, m/s
         75    6.862E-03                                 F               0         Tower Z translation velocity, node 3, m/s
         76   -3.560E-03                                 F               0         Tower X translation velocity, node 4, m/s
         77    2.558E-02                                 F               0         Tower Y translation velocity, node 4, m/s
         78    7.337E-03                                 F               0         Tower Z translation velocity, node 4, m/s
         79   -4.469E-03                                 F               0         Tower X translation velocity, node 5, m/s
         80    3.180E-02                                 F               0         Tower Y translation velocity, node 5, m/s
         81    7.824E-03                                 F               0         Tower Z translation velocity, node 5, m/s
         82   -5.386E-03                                 F               0         Tower X translation velocity, node 6, m/s
         83    3.811E-02                                 F               0         Tower Y translation velocity, node 6, m/s
         84    8.320E-03                                 F               0         Tower Z translation velocity, node 6, m/s
         85   -6.312E-03                                 F               0         Tower X translation velocity, node 7, m/s
         86    4.448E-02                                 F               0         Tower Y translation velocity, node 7, m/s
         87    8.824E-03                                 F               0         Tower Z translation velocity, node 7, m/s
         88   -7.247E-03                                 F               0         Tower X translation velocity, node 8, m/s
         89    5.091E-02                                 F               0         Tower Y translation velocity, node 8, m/s
         90    9.335E-03                                 F               0         Tower Z translation velocity, node 8, m/s
         91   -8.189E-03                                 F               0         Tower X translation velocity, node 9, m/s
         92    5.739E-02                                 F               0         Tower Y translation velocity, node 9, m/s
         93    9.852E-03                                 F               0         Tower Z translation velocity, node 9, m/s
         94   -9.137E-03                                 F               0         Tower X translation velocity, node 10, m/s
         95    6.391E-02                                 F               0         Tower Y translation velocity, node 10, m/s
         96    1.037E-02                                 F               0         Tower Z translation velocity, node 10, m/s
         97   -1.009E-02                                 F               0         Tower X translation velocity, node 11, m/s
         98    7.044E-02                                 F               0         Tower Y translation velocity, node 11, m/s
         99    1.090E-02                                 F               0         Tower Z translation velocity, node 11, m/s
        100    3.678E+01                                 F               0         Hub X translation displacement, node 1, m
        101   -8.379E+00                                 F               0         Hub Y translation displacement, node 1, m
        102   -6.476E-01                                 F               0         Hub Z translation displacement, node 1, m
        103    9.630E-01,  2.076E-02, -2.688E-01         F               0         Hub X orientation angle, node 1, rad
        104   -1.644E-01, -7.450E-01, -6.465E-01         F               0         Hub Y orientation angle, node 1, rad
        105   -2.137E-01,  6.667E-01, -7.140E-01         F               0         Hub Z orientation angle, node 1, rad
        106    1.004E+00                                 F               0         Hub X rotation velocity, node 1, rad/s
        107    2.154E-02                                 F               0         Hub Y rotation velocity, node 1, rad/s
        108   -2.798E-01                                 F               0         Hub Z rotation velocity, node 1, rad/s
        109    9.674E-01,  4.285E-02, -2.495E-01         F               0         Blade root 1 X orientation angle, node 1, rad
        110   -1.357E-01, -7.441E-01, -6.541E-01         F               0         Blade root 1 Y orientation angle, node 1, rad
        111   -2.137E-01,  6.667E-01, -7.140E-01         F               0         Blade root 1 Z orientation angle, node 1, rad
        112    9.656E-01, -7.432E-03, -2.599E-01         F               0         Blade root 2 X orientation angle, node 1, rad
        113   -7.424E-02,  9.501E-01, -3.030E-01         F               0         Blade root 2 Y orientation angle, node 1, rad
        114    2.492E-01,  3.119E-01,  9.169E-01         F               0         Blade root 2 Z orientation angle, node 1, rad
        115    9.546E-01,  2.683E-02, -2.966E-01         F               0         Blade root 3 X orientation angle, node 1, rad
        116    2.957E-01, -2.042E-01,  9.332E-01         F               0         Blade root 3 Y orientation angle, node 1, rad
        117   -3.552E-02, -9.786E-01, -2.028E-01         F               0         Blade root 3 Z orientation angle, node 1, rad
        118    3.502E+01                                 F               0         Blade 1 X translation displacement, node 1, m
        119   -4.686E+00                                 F               0         Blade 1 Y translation displacement, node 1, m
        120   -1.011E+01                                 F               0         Blade 1 Z translation displacement, node 1, m
        121    3.459E+01                                 F               0         Blade 1 X translation displacement, node 2, m
        122   -3.796E+00                                 F               0         Blade 1 Y translation displacement, node 2, m
        123   -1.239E+01                                 F               0         Blade 1 Z translation displacement, node 2, m
        124    2.882E+01                                 F               0         Blade 1 X translation displacement, node 3, m
        125    8.307E+00                                 F               0         Blade 1 Y translation displacement, node 3, m
        126   -4.341E+01                                 F               0         Blade 1 Z translation displacement, node 3, m
        127    2.759E+01                                 F               0         Blade 1 X translation displacement, node 4, m
        128    1.089E+01                                 F               0         Blade 1 Y translation displacement, node 4, m
        129   -5.002E+01                                 F               0         Blade 1 Z translation displacement, node 4, m
        130    2.636E+01                                 F               0         Blade 1 X translation displacement, node 5, m
        131    1.346E+01                                 F               0         Blade 1 Y translation displacement, node 5, m
        132   -5.663E+01                                 F               0         Blade 1 Z translation displacement, node 5, m
        133    2.513E+01                                 F               0         Blade 1 X translation displacement, node 6, m
        134    1.604E+01                                 F               0         Blade 1 Y translation displacement, node 6, m
        135   -6.323E+01                                 F               0         Blade 1 Z translation displacement, node 6, m
        136    2.390E+01                                 F               0         Blade 1 X translation displacement, node 7, m
        137    1.862E+01                                 F               0         Blade 1 Y translation displacement, node 7, m
        138   -6.984E+01                                 F               0         Blade 1 Z translation displacement, node 7, m
        139    2.266E+01                                 F               0         Blade 1 X translation displacement, node 8, m
        140    2.120E+01                                 F               0         Blade 1 Y translation displacement, node 8, m
        141   -7.645E+01                                 F               0         Blade 1 Z translation displacement, node 8, m
        142    2.143E+01                                 F               0         Blade 1 X translation displacement, node 9, m
        143    2.378E+01                                 F               0         Blade 1 Y translation displacement, node 9, m
        144   -8.306E+01                                 F               0         Blade 1 Z translation displacement, node 9, m
        145    2.020E+01                                 F               0         Blade 1 X translation displacement, node 10, m
        146    2.636E+01                                 F               0         Blade 1 Y translation displacement, node 10, m
        147   -8.967E+01                                 F               0         Blade 1 Z translation displacement, node 10, m
        148    1.897E+01                                 F               0         Blade 1 X translation displacement, node 11, m
        149    2.894E+01                                 F               0         Blade 1 Y translation displacement, node 11, m
        150   -9.627E+01                                 F               0         Blade 1 Z translation displacement, node 11, m
        151    1.774E+01                                 F               0         Blade 1 X translation displacement, node 12, m
        152    3.151E+01                                 F               0         Blade 1 Y translation displacement, node 12, m
        153   -1.029E+02                                 F               0         Blade 1 Z translation displacement, node 12, m
        154    1.651E+01                                 F               0         Blade 1 X translation displacement, node 13, m
        155    3.409E+01                                 F               0         Blade 1 Y translation displacement, node 13, m
        156   -1.095E+02                                 F               0         Blade 1 Z translation displacement, node 13, m
        157    1.528E+01                                 F               0         Blade 1 X translation displacement, node 14, m
        158    3.667E+01                                 F               0         Blade 1 Y translation displacement, node 14, m
        159   -1.161E+02                                 F               0         Blade 1 Z translation displacement, node 14, m
        160    1.405E+01                                 F               0         Blade 1 X translation displacement, node 15, m
        161    3.925E+01                                 F               0         Blade 1 Y translation displacement, node 15, m
        162   -1.227E+02                                 F               0         Blade 1 Z translation displacement, node 15, m
        163    1.282E+01                                 F               0         Blade 1 X translation displacement, node 16, m
        164    4.183E+01                                 F               0         Blade 1 Y translation displacement, node 16, m
        165   -1.293E+02                                 F               0         Blade 1 Z translation displacement, node 16, m
        166    1.159E+01                                 F               0         Blade 1 X translation displacement, node 17, m
        167    4.441E+01                                 F               0         Blade 1 Y translation displacement, node 17, m
        168   -1.359E+02                                 F               0         Blade 1 Z translation displacement, node 17, m
        169    1.036E+01                                 F               0         Blade 1 X translation displacement, node 18, m
        170    4.699E+01                                 F               0         Blade 1 Y translation displacement, node 18, m
        171   -1.425E+02                                 F               0         Blade 1 Z translation displacement, node 18, m
        172    9.127E+00                                 F               0         Blade 1 X translation displacement, node 19, m
        173    4.957E+01                                 F               0         Blade 1 Y translation displacement, node 19, m
        174   -1.491E+02                                 F               0         Blade 1 Z translation displacement, node 19, m
        175    7.896E+00                                 F               0         Blade 1 X translation displacement, node 20, m
        176    5.214E+01                                 F               0         Blade 1 Y translation displacement, node 20, m
        177   -1.557E+02                                 F               0         Blade 1 Z translation displacement, node 20, m
        178    6.665E+00                                 F               0         Blade 1 X translation displacement, node 21, m
        179    5.472E+01                                 F               0         Blade 1 Y translation displacement, node 21, m
        180   -1.624E+02                                 F               0         Blade 1 Z translation displacement, node 21, m
        181    5.435E+00                                 F               0         Blade 1 X translation displacement, node 22, m
        182    5.730E+01                                 F               0         Blade 1 Y translation displacement, node 22, m
        183   -1.690E+02                                 F               0         Blade 1 Z translation displacement, node 22, m
        184    4.204E+00                                 F               0         Blade 1 X translation displacement, node 23, m
        185    5.988E+01                                 F               0         Blade 1 Y translation displacement, node 23, m
        186   -1.756E+02                                 F               0         Blade 1 Z translation displacement, node 23, m
        187    2.973E+00                                 F               0         Blade 1 X translation displacement, node 24, m
        188    6.246E+01                                 F               0         Blade 1 Y translation displacement, node 24, m
        189   -1.822E+02                                 F               0         Blade 1 Z translation displacement, node 24, m
        190    1.743E+00                                 F               0         Blade 1 X translation displacement, node 25, m
        191    6.504E+01                                 F               0         Blade 1 Y translation displacement, node 25, m
        192   -1.888E+02                                 F               0         Blade 1 Z translation displacement, node 25, m
        193    5.118E-01                                 F               0         Blade 1 X translation displacement, node 26, m
        194    6.762E+01                                 F               0         Blade 1 Y translation displacement, node 26, m
        195   -1.954E+02                                 F               0         Blade 1 Z translation displacement, node 26, m
        196   -7.189E-01                                 F               0         Blade 1 X translation displacement, node 27, m
        197    7.019E+01                                 F               0         Blade 1 Y translation displacement, node 27, m
        198   -2.020E+02                                 F               0         Blade 1 Z translation displacement, node 27, m
        199   -1.762E+00                                 F               0         Blade 1 X translation displacement, node 28, m
        200    7.238E+01                                 F               0         Blade 1 Y translation displacement, node 28, m
        201   -2.076E+02                                 F               0         Blade 1 Z translation displacement, node 28, m
        202    9.229E-01,  3.774E-01,  7.626E-02         F               0         Blade 1 X orientation angle, node 1, rad
        203    3.204E-01, -6.427E-01, -6.959E-01         F               0         Blade 1 Y orientation angle, node 1, rad
        204   -2.137E-01,  6.667E-01, -7.140E-01         F               0         Blade 1 Z orientation angle, node 1, rad
        205    9.229E-01,  3.774E-01,  7.626E-02         F               0         Blade 1 X orientation angle, node 2, rad
        206    3.204E-01, -6.427E-01, -6.959E-01         F               0         Blade 1 Y orientation angle, node 2, rad
        207   -2.137E-01,  6.667E-01, -7.140E-01         F               0         Blade 1 Z orientation angle, node 2, rad
        208    9.725E-01,  2.144E-01, -9.086E-02         F               0         Blade 1 X orientation angle, node 3, rad
        209    9.250E-02, -7.138E-01, -6.942E-01         F               0         Blade 1 Y orientation angle, node 3, rad
        210   -2.137E-01,  6.667E-01, -7.140E-01         F               0         Blade 1 Z orientation angle, node 3, rad
        211    9.756E-01,  1.840E-01, -1.201E-01         F               0         Blade 1 X orientation angle, node 4, rad
        212    5.135E-02, -7.222E-01, -6.897E-01         F               0         Blade 1 Y orientation angle, node 4, rad
        213   -2.137E-01,  6.667E-01, -7.140E-01         F               0         Blade 1 Z orientation angle, node 4, rad
        214    9.767E-01,  1.600E-01, -1.429E-01         F               0         Blade 1 X orientation angle, node 5, rad
        215    1.898E-02, -7.279E-01, -6.854E-01         F               0         Blade 1 Y orientation angle, node 5, rad
        216   -2.137E-01,  6.667E-01, -7.140E-01         F               0         Blade 1 Z orientation angle, node 5, rad
        217    9.769E-01,  1.406E-01, -1.610E-01         F               0         Blade 1 X orientation angle, node 6, rad
        218   -6.939E-03, -7.319E-01, -6.813E-01         F               0         Blade 1 Y orientation angle, node 6, rad
        219   -2.137E-01,  6.667E-01, -7.140E-01         F               0         Blade 1 Z orientation angle, node 6, rad
        220    9.765E-01,  1.246E-01, -1.758E-01         F               0         Blade 1 X orientation angle, node 7, rad
        221   -2.825E-02, -7.348E-01, -6.777E-01         F               0         Blade 1 Y orientation angle, node 7, rad
        222   -2.137E-01,  6.667E-01, -7.140E-01         F               0         Blade 1 Z orientation angle, node 7, rad
        223    9.758E-01,  1.113E-01, -1.881E-01         F               0         Blade 1 X orientation angle, node 8, rad
        224   -4.597E-02, -7.370E-01, -6.744E-01         F               0         Blade 1 Y orientation angle, node 8, rad
        225   -2.137E-01,  6.667E-01, -7.140E-01         F               0         Blade 1 Z orientation angle, node 8, rad
        226    9.750E-01,  9.994E-02, -1.984E-01         F               0         Blade 1 X orientation angle, node 9, rad
        227   -6.095E-02, -7.386E-01, -6.714E-01         F               0         Blade 1 Y orientation angle, node 9, rad
        228   -2.137E-01,  6.667E-01, -7.140E-01         F               0         Blade 1 Z orientation angle, node 9, rad
        229    9.741E-01,  9.013E-02, -2.073E-01         F               0         Blade 1 X orientation angle, node 10, rad
        230   -7.388E-02, -7.398E-01, -6.687E-01         F               0         Blade 1 Y orientation angle, node 10, rad
        231   -2.137E-01,  6.667E-01, -7.140E-01         F               0         Blade 1 Z orientation angle, node 10, rad
        232    9.732E-01,  8.173E-02, -2.149E-01         F               0         Blade 1 X orientation angle, node 11, rad
        233   -8.492E-02, -7.408E-01, -6.663E-01         F               0         Blade 1 Y orientation angle, node 11, rad
        234   -2.137E-01,  6.667E-01, -7.140E-01         F               0         Blade 1 Z orientation angle, node 11, rad
        235    9.723E-01,  7.436E-02, -2.215E-01         F               0         Blade 1 X orientation angle, node 12, rad
        236   -9.460E-02, -7.416E-01, -6.641E-01         F               0         Blade 1 Y orientation angle, node 12, rad
        237   -2.137E-01,  6.667E-01, -7.140E-01         F               0         Blade 1 Z orientation angle, node 12, rad
        238    9.715E-01,  6.789E-02, -2.273E-01         F               0         Blade 1 X orientation angle, node 13, rad
        239   -1.031E-01, -7.422E-01, -6.622E-01         F               0         Blade 1 Y orientation angle, node 13, rad
        240   -2.137E-01,  6.667E-01, -7.140E-01         F               0         Blade 1 Z orientation angle, node 13, rad
        241    9.706E-01,  6.205E-02, -2.325E-01         F               0         Blade 1 X orientation angle, node 14, rad
        242   -1.107E-01, -7.427E-01, -6.604E-01         F               0         Blade 1 Y orientation angle, node 14, rad
        243   -2.137E-01,  6.667E-01, -7.140E-01         F               0         Blade 1 Z orientation angle, node 14, rad
        244    9.698E-01,  5.687E-02, -2.371E-01         F               0         Blade 1 X orientation angle, node 15, rad
        245   -1.175E-01, -7.431E-01, -6.587E-01         F               0         Blade 1 Y orientation angle, node 15, rad
        246   -2.137E-01,  6.667E-01, -7.140E-01         F               0         Blade 1 Z orientation angle, node 15, rad
        247    9.691E-01,  5.220E-02, -2.412E-01         F               0         Blade 1 X orientation angle, node 16, rad
        248   -1.236E-01, -7.435E-01, -6.572E-01         F               0         Blade 1 Y orientation angle, node 16, rad
        249   -2.137E-01,  6.667E-01, -7.140E-01         F               0         Blade 1 Z orientation angle, node 16, rad
        250    9.684E-01,  4.804E-02, -2.449E-01         F               0         Blade 1 X orientation angle, node 17, rad
        251   -1.290E-01, -7.438E-01, -6.559E-01         F               0         Blade 1 Y orientation angle, node 17, rad
        252   -2.137E-01,  6.667E-01, -7.140E-01         F               0         Blade 1 Z orientation angle, node 17, rad
        253    9.677E-01,  4.415E-02, -2.483E-01         F               0         Blade 1 X orientation angle, node 18, rad
        254   -1.341E-01, -7.440E-01, -6.546E-01         F               0         Blade 1 Y orientation angle, node 18, rad
        255   -2.137E-01,  6.667E-01, -7.140E-01         F               0         Blade 1 Z orientation angle, node 18, rad
        256    9.670E-01,  4.064E-02, -2.514E-01         F               0         Blade 1 X orientation angle, node 19, rad
        257   -1.386E-01, -7.442E-01, -6.534E-01         F               0         Blade 1 Y orientation angle, node 19, rad
        258   -2.137E-01,  6.667E-01, -7.140E-01         F               0         Blade 1 Z orientation angle, node 19, rad
        259    9.664E-01,  3.752E-02, -2.542E-01         F               0         Blade 1 X orientation angle, node 20, rad
        260   -1.427E-01, -7.444E-01, -6.523E-01         F               0         Blade 1 Y orientation angle, node 20, rad
        261   -2.137E-01,  6.667E-01, -7.140E-01         F               0         Blade 1 Z orientation angle, node 20, rad
        262    9.659E-01,  3.454E-02, -2.568E-01         F               0         Blade 1 X orientation angle, node 21, rad
        263   -1.465E-01, -7.445E-01, -6.513E-01         F               0         Blade 1 Y orientation angle, node 21, rad
        264   -2.137E-01,  6.667E-01, -7.140E-01         F               0         Blade 1 Z orientation angle, node 21, rad
        265    9.653E-01,  3.181E-02, -2.592E-01         F               0         Blade 1 X orientation angle, node 22, rad
        266   -1.501E-01, -7.446E-01, -6.504E-01         F               0         Blade 1 Y orientation angle, node 22, rad
        267   -2.137E-01,  6.667E-01, -7.140E-01         F               0         Blade 1 Z orientation angle, node 22, rad
        268    9.648E-01,  2.934E-02, -2.613E-01         F               0         Blade 1 X orientation angle, node 23, rad
        269   -1.533E-01, -7.447E-01, -6.495E-01         F               0         Blade 1 Y orientation angle, node 23, rad
        270   -2.137E-01,  6.667E-01, -7.140E-01         F               0         Blade 1 Z orientation angle, node 23, rad
        271    9.643E-01,  2.700E-02, -2.634E-01         F               0         Blade 1 X orientation angle, node 24, rad
        272   -1.563E-01, -7.448E-01, -6.487E-01         F               0         Blade 1 Y orientation angle, node 24, rad
        273   -2.137E-01,  6.667E-01, -7.140E-01         F               0         Blade 1 Z orientation angle, node 24, rad
        274    9.639E-01,  2.479E-02, -2.653E-01         F               0         Blade 1 X orientation angle, node 25, rad
        275   -1.592E-01, -7.449E-01, -6.479E-01         F               0         Blade 1 Y orientation angle, node 25, rad
        276   -2.137E-01,  6.667E-01, -7.140E-01         F               0         Blade 1 Z orientation angle, node 25, rad
        277    9.634E-01,  2.284E-02, -2.670E-01         F               0         Blade 1 X orientation angle, node 26, rad
        278   -1.617E-01, -7.450E-01, -6.472E-01         F               0         Blade 1 Y orientation angle, node 26, rad
        279   -2.137E-01,  6.667E-01, -7.140E-01         F               0         Blade 1 Z orientation angle, node 26, rad
        280    9.630E-01,  2.089E-02, -2.687E-01         F               0         Blade 1 X orientation angle, node 27, rad
        281   -1.642E-01, -7.450E-01, -6.465E-01         F               0         Blade 1 Y orientation angle, node 27, rad
        282   -2.137E-01,  6.667E-01, -7.140E-01         F               0         Blade 1 Z orientation angle, node 27, rad
        283    9.628E-01,  1.985E-02, -2.696E-01         F               0         Blade 1 X orientation angle, node 28, rad
        284   -1.656E-01, -7.451E-01, -6.461E-01         F               0         Blade 1 Y orientation angle, node 28, rad
        285   -2.137E-01,  6.667E-01, -7.140E-01         F               0         Blade 1 Z orientation angle, node 28, rad
        286    9.375E-01                                 F               0         Blade 1 X translation velocity, node 1, m/s
        287    4.372E+00                                 F               0         Blade 1 Y translation velocity, node 1, m/s
        288    3.743E+00                                 F               0         Blade 1 Z translation velocity, node 1, m/s
        289    1.166E+00                                 F               0         Blade 1 X translation velocity, node 2, m/s
        290    5.409E+00                                 F               0         Blade 1 Y translation velocity, node 2, m/s
        291    4.643E+00                                 F               0         Blade 1 Z translation velocity, node 2, m/s
        292    4.273E+00                                 F               0         Blade 1 X translation velocity, node 3, m/s
        293    1.950E+01                                 F               0         Blade 1 Y translation velocity, node 3, m/s
        294    1.687E+01                                 F               0         Blade 1 Z translation velocity, node 3, m/s
        295    4.935E+00                                 F               0         Blade 1 X translation velocity, node 4, m/s
        296    2.251E+01                                 F               0         Blade 1 Y translation velocity, node 4, m/s
        297    1.948E+01                                 F               0         Blade 1 Z translation velocity, node 4, m/s
        298    5.597E+00                                 F               0         Blade 1 X translation velocity, node 5, m/s
        299    2.551E+01                                 F               0         Blade 1 Y translation velocity, node 5, m/s
        300    2.209E+01                                 F               0         Blade 1 Z translation velocity, node 5, m/s
        301    6.259E+00                                 F               0         Blade 1 X translation velocity, node 6, m/s
        302    2.851E+01                                 F               0         Blade 1 Y translation velocity, node 6, m/s
        303    2.469E+01                                 F               0         Blade 1 Z translation velocity, node 6, m/s
        304    6.921E+00                                 F               0         Blade 1 X translation velocity, node 7, m/s
        305    3.152E+01                                 F               0         Blade 1 Y translation velocity, node 7, m/s
        306    2.730E+01                                 F               0         Blade 1 Z translation velocity, node 7, m/s
        307    7.583E+00                                 F               0         Blade 1 X translation velocity, node 8, m/s
