
Linearized model: Predictions were generated on 06-Feb-2024 at 10:15:48 using OpenFAST, compiled as a 64-bit application using single precision at commit v3.5.1
 linked with  NWTC Subroutine Library; ElastoDyn; InflowWind; AeroDyn; ServoDyn; HydroDyn; MAP++ (<1.20.10>, <Oct-20-2023>)

Description from the FAST input file: CCT-9 Campign 4 model. Input files to be run with OpenFAST 3.5.0. GitHub branch from Lu Wang (https://github.com/luwang00/openfast/tree/dev) compiled on March 7, 2023.

Simulation information:
   Simulation time:                  1000.5000 s
   Rotor Speed:                         1.0388 rad/s
   Azimuth:                             1.5694 rad
   Wind Speed:                         12.0000 m/s
   Number of continuous states:         0
   Number of discrete states:           0
   Number of constraint states:         0
   Number of inputs:                 1746
   Number of outputs:                   4
   Jacobians included in this file?    No

Order of inputs:
     Column   Operating Point                     Rotating Frame? Derivative Order Description
   ---------- ---------------                     --------------- ---------------- -----------
          1    1.515E+01                                 F               0         Tower X translation displacement, node 1, m
          2   -1.013E+00                                 F               0         Tower Y translation displacement, node 1, m
          3   -4.974E-01                                 F               0         Tower Z translation displacement, node 1, m
          4    1.708E+01                                 F               0         Tower X translation displacement, node 2, m
          5   -1.550E+00                                 F               0         Tower Y translation displacement, node 2, m
          6   -6.614E-01                                 F               0         Tower Z translation displacement, node 2, m
          7    1.905E+01                                 F               0         Tower X translation displacement, node 3, m
          8   -2.092E+00                                 F               0         Tower Y translation displacement, node 3, m
          9   -8.311E-01                                 F               0         Tower Z translation displacement, node 3, m
         10    2.104E+01                                 F               0         Tower X translation displacement, node 4, m
         11   -2.638E+00                                 F               0         Tower Y translation displacement, node 4, m
         12   -1.005E+00                                 F               0         Tower Z translation displacement, node 4, m
         13    2.306E+01                                 F               0         Tower X translation displacement, node 5, m
         14   -3.187E+00                                 F               0         Tower Y translation displacement, node 5, m
         15   -1.183E+00                                 F               0         Tower Z translation displacement, node 5, m
         16    2.509E+01                                 F               0         Tower X translation displacement, node 6, m
         17   -3.739E+00                                 F               0         Tower Y translation displacement, node 6, m
         18   -1.364E+00                                 F               0         Tower Z translation displacement, node 6, m
         19    2.714E+01                                 F               0         Tower X translation displacement, node 7, m
         20   -4.294E+00                                 F               0         Tower Y translation displacement, node 7, m
         21   -1.548E+00                                 F               0         Tower Z translation displacement, node 7, m
         22    2.920E+01                                 F               0         Tower X translation displacement, node 8, m
         23   -4.850E+00                                 F               0         Tower Y translation displacement, node 8, m
         24   -1.733E+00                                 F               0         Tower Z translation displacement, node 8, m
         25    3.127E+01                                 F               0         Tower X translation displacement, node 9, m
         26   -5.407E+00                                 F               0         Tower Y translation displacement, node 9, m
         27   -1.920E+00                                 F               0         Tower Z translation displacement, node 9, m
         28    3.334E+01                                 F               0         Tower X translation displacement, node 10, m
         29   -5.966E+00                                 F               0         Tower Y translation displacement, node 10, m
         30   -2.108E+00                                 F               0         Tower Z translation displacement, node 10, m
         31    3.542E+01                                 F               0         Tower X translation displacement, node 11, m
         32   -6.525E+00                                 F               0         Tower Y translation displacement, node 11, m
         33   -2.297E+00                                 F               0         Tower Z translation displacement, node 11, m
         34    9.878E-01,  1.446E-02, -1.549E-01         F               0         Tower X orientation angle, node 1, rad
         35   -7.567E-03,  9.990E-01,  4.503E-02         F               0         Tower Y orientation angle, node 1, rad
         36    1.553E-01, -4.331E-02,  9.869E-01         F               0         Tower Z orientation angle, node 1, rad
         37    9.874E-01,  1.458E-02, -1.575E-01         F               0         Tower X orientation angle, node 2, rad
         38   -7.502E-03,  9.989E-01,  4.543E-02         F               0         Tower Y orientation angle, node 2, rad
         39    1.580E-01, -4.368E-02,  9.865E-01         F               0         Tower Z orientation angle, node 2, rad
         40    9.870E-01,  1.468E-02, -1.598E-01         F               0         Tower X orientation angle, node 3, rad
         41   -7.443E-03,  9.989E-01,  4.580E-02         F               0         Tower Y orientation angle, node 3, rad
         42    1.603E-01, -4.401E-02,  9.861E-01         F               0         Tower Z orientation angle, node 3, rad
         43    9.867E-01,  1.477E-02, -1.617E-01         F               0         Tower X orientation angle, node 4, rad
         44   -7.391E-03,  9.989E-01,  4.612E-02         F               0         Tower Y orientation angle, node 4, rad
         45    1.622E-01, -4.431E-02,  9.858E-01         F               0         Tower Z orientation angle, node 4, rad
         46    9.865E-01,  1.484E-02, -1.634E-01         F               0         Tower X orientation angle, node 5, rad
         47   -7.346E-03,  9.989E-01,  4.639E-02         F               0         Tower Y orientation angle, node 5, rad
         48    1.639E-01, -4.456E-02,  9.855E-01         F               0         Tower Z orientation angle, node 5, rad
         49    9.862E-01,  1.490E-02, -1.647E-01         F               0         Tower X orientation angle, node 6, rad
         50   -7.308E-03,  9.989E-01,  4.662E-02         F               0         Tower Y orientation angle, node 6, rad
         51    1.652E-01, -4.477E-02,  9.852E-01         F               0         Tower Z orientation angle, node 6, rad
         52    9.861E-01,  1.495E-02, -1.657E-01         F               0         Tower X orientation angle, node 7, rad
         53   -7.277E-03,  9.989E-01,  4.680E-02         F               0         Tower Y orientation angle, node 7, rad
         54    1.662E-01, -4.494E-02,  9.851E-01         F               0         Tower Z orientation angle, node 7, rad
         55    9.859E-01,  1.498E-02, -1.665E-01         F               0         Tower X orientation angle, node 8, rad
         56   -7.253E-03,  9.989E-01,  4.694E-02         F               0         Tower Y orientation angle, node 8, rad
         57    1.670E-01, -4.507E-02,  9.849E-01         F               0         Tower Z orientation angle, node 8, rad
         58    9.858E-01,  1.501E-02, -1.670E-01         F               0         Tower X orientation angle, node 9, rad
         59   -7.236E-03,  9.989E-01,  4.705E-02         F               0         Tower Y orientation angle, node 9, rad
         60    1.676E-01, -4.517E-02,  9.848E-01         F               0         Tower Z orientation angle, node 9, rad
         61    9.858E-01,  1.503E-02, -1.674E-01         F               0         Tower X orientation angle, node 10, rad
         62   -7.224E-03,  9.989E-01,  4.711E-02         F               0         Tower Y orientation angle, node 10, rad
         63    1.679E-01, -4.524E-02,  9.848E-01         F               0         Tower Z orientation angle, node 10, rad
         64    9.857E-01,  1.503E-02, -1.676E-01         F               0         Tower X orientation angle, node 11, rad
         65   -7.218E-03,  9.989E-01,  4.715E-02         F               0         Tower Y orientation angle, node 11, rad
         66    1.681E-01, -4.527E-02,  9.847E-01         F               0         Tower Z orientation angle, node 11, rad
         67   -2.103E-03                                 F               0         Tower X translation velocity, node 1, m/s
         68   -3.685E-02                                 F               0         Tower Y translation velocity, node 1, m/s
         69   -5.018E-03                                 F               0         Tower Z translation velocity, node 1, m/s
         70   -2.610E-03                                 F               0         Tower X translation velocity, node 2, m/s
         71   -6.248E-02                                 F               0         Tower Y translation velocity, node 2, m/s
         72   -6.067E-03                                 F               0         Tower Z translation velocity, node 2, m/s
         73   -3.117E-03                                 F               0         Tower X translation velocity, node 3, m/s
         74   -8.853E-02                                 F               0         Tower Y translation velocity, node 3, m/s
         75   -7.143E-03                                 F               0         Tower Z translation velocity, node 3, m/s
         76   -3.624E-03                                 F               0         Tower X translation velocity, node 4, m/s
         77   -1.149E-01                                 F               0         Tower Y translation velocity, node 4, m/s
         78   -8.242E-03                                 F               0         Tower Z translation velocity, node 4, m/s
         79   -4.134E-03                                 F               0         Tower X translation velocity, node 5, m/s
         80   -1.416E-01                                 F               0         Tower Y translation velocity, node 5, m/s
         81   -9.361E-03                                 F               0         Tower Z translation velocity, node 5, m/s
         82   -4.645E-03                                 F               0         Tower X translation velocity, node 6, m/s
         83   -1.685E-01                                 F               0         Tower Y translation velocity, node 6, m/s
         84   -1.050E-02                                 F               0         Tower Z translation velocity, node 6, m/s
         85   -5.158E-03                                 F               0         Tower X translation velocity, node 7, m/s
         86   -1.956E-01                                 F               0         Tower Y translation velocity, node 7, m/s
         87   -1.165E-02                                 F               0         Tower Z translation velocity, node 7, m/s
         88   -5.673E-03                                 F               0         Tower X translation velocity, node 8, m/s
         89   -2.229E-01                                 F               0         Tower Y translation velocity, node 8, m/s
         90   -1.281E-02                                 F               0         Tower Z translation velocity, node 8, m/s
         91   -6.190E-03                                 F               0         Tower X translation velocity, node 9, m/s
         92   -2.504E-01                                 F               0         Tower Y translation velocity, node 9, m/s
         93   -1.397E-02                                 F               0         Tower Z translation velocity, node 9, m/s
         94   -6.709E-03                                 F               0         Tower X translation velocity, node 10, m/s
         95   -2.779E-01                                 F               0         Tower Y translation velocity, node 10, m/s
         96   -1.515E-02                                 F               0         Tower Z translation velocity, node 10, m/s
         97   -7.229E-03                                 F               0         Tower X translation velocity, node 11, m/s
         98   -3.054E-01                                 F               0         Tower Y translation velocity, node 11, m/s
         99   -1.633E-02                                 F               0         Tower Z translation velocity, node 11, m/s
        100    3.689E+01                                 F               0         Hub X translation displacement, node 1, m
        101   -7.043E+00                                 F               0         Hub Y translation displacement, node 1, m
        102   -6.067E-01                                 F               0         Hub Z translation displacement, node 1, m
        103    9.628E-01,  1.968E-02, -2.696E-01         F               0         Hub X orientation angle, node 1, rad
        104    2.702E-01, -4.207E-02,  9.619E-01         F               0         Hub Y orientation angle, node 1, rad
        105    7.592E-03, -9.989E-01, -4.582E-02         F               0         Hub Z orientation angle, node 1, rad
        106    1.002E+00                                 F               0         Hub X rotation velocity, node 1, rad/s
        107    2.043E-02                                 F               0         Hub Y rotation velocity, node 1, rad/s
        108   -2.807E-01                                 F               0         Hub Z rotation velocity, node 1, rad/s
        109    9.543E-01,  2.092E-02, -2.980E-01         F               0         Blade root 1 X orientation angle, node 1, rad
        110    2.986E-01, -4.146E-02,  9.535E-01         F               0         Blade root 1 Y orientation angle, node 1, rad
        111    7.592E-03, -9.989E-01, -4.582E-02         F               0         Blade root 1 Z orientation angle, node 1, rad
        112    9.662E-01,  4.471E-02, -2.540E-01         F               0         Blade root 2 X orientation angle, node 1, rad
        113   -9.990E-02, -8.431E-01, -5.284E-01         F               0         Blade root 2 Y orientation angle, node 1, rad
        114   -2.378E-01,  5.359E-01, -8.101E-01         F               0         Blade root 2 Z orientation angle, node 1, rad
        115    9.666E-01, -6.614E-03, -2.564E-01         F               0         Blade root 3 X orientation angle, node 1, rad
        116   -1.130E-01,  8.863E-01, -4.491E-01         F               0         Blade root 3 Y orientation angle, node 1, rad
        117    2.302E-01,  4.630E-01,  8.559E-01         F               0         Blade root 3 Z orientation angle, node 1, rad
        118    3.635E+01                                 F               0         Blade 1 X translation displacement, node 1, m
        119   -1.258E+01                                 F               0         Blade 1 Y translation displacement, node 1, m
        120   -6.370E+00                                 F               0         Blade 1 Z translation displacement, node 1, m
        121    3.622E+01                                 F               0         Blade 1 X translation displacement, node 2, m
        122   -1.391E+01                                 F               0         Blade 1 Y translation displacement, node 2, m
        123   -7.759E+00                                 F               0         Blade 1 Z translation displacement, node 2, m
        124    3.446E+01                                 F               0         Blade 1 X translation displacement, node 3, m
        125   -3.204E+01                                 F               0         Blade 1 Y translation displacement, node 3, m
        126   -2.664E+01                                 F               0         Blade 1 Z translation displacement, node 3, m
        127    3.409E+01                                 F               0         Blade 1 X translation displacement, node 4, m
        128   -3.591E+01                                 F               0         Blade 1 Y translation displacement, node 4, m
        129   -3.067E+01                                 F               0         Blade 1 Z translation displacement, node 4, m
        130    3.371E+01                                 F               0         Blade 1 X translation displacement, node 5, m
        131   -3.977E+01                                 F               0         Blade 1 Y translation displacement, node 5, m
        132   -3.469E+01                                 F               0         Blade 1 Z translation displacement, node 5, m
        133    3.334E+01                                 F               0         Blade 1 X translation displacement, node 6, m
        134   -4.363E+01                                 F               0         Blade 1 Y translation displacement, node 6, m
        135   -3.871E+01                                 F               0         Blade 1 Z translation displacement, node 6, m
        136    3.296E+01                                 F               0         Blade 1 X translation displacement, node 7, m
        137   -4.750E+01                                 F               0         Blade 1 Y translation displacement, node 7, m
        138   -4.274E+01                                 F               0         Blade 1 Z translation displacement, node 7, m
        139    3.259E+01                                 F               0         Blade 1 X translation displacement, node 8, m
        140   -5.136E+01                                 F               0         Blade 1 Y translation displacement, node 8, m
        141   -4.676E+01                                 F               0         Blade 1 Z translation displacement, node 8, m
        142    3.221E+01                                 F               0         Blade 1 X translation displacement, node 9, m
        143   -5.522E+01                                 F               0         Blade 1 Y translation displacement, node 9, m
        144   -5.079E+01                                 F               0         Blade 1 Z translation displacement, node 9, m
        145    3.184E+01                                 F               0         Blade 1 X translation displacement, node 10, m
        146   -5.909E+01                                 F               0         Blade 1 Y translation displacement, node 10, m
        147   -5.481E+01                                 F               0         Blade 1 Z translation displacement, node 10, m
        148    3.146E+01                                 F               0         Blade 1 X translation displacement, node 11, m
        149   -6.295E+01                                 F               0         Blade 1 Y translation displacement, node 11, m
        150   -5.883E+01                                 F               0         Blade 1 Z translation displacement, node 11, m
        151    3.109E+01                                 F               0         Blade 1 X translation displacement, node 12, m
        152   -6.682E+01                                 F               0         Blade 1 Y translation displacement, node 12, m
        153   -6.286E+01                                 F               0         Blade 1 Z translation displacement, node 12, m
        154    3.071E+01                                 F               0         Blade 1 X translation displacement, node 13, m
        155   -7.068E+01                                 F               0         Blade 1 Y translation displacement, node 13, m
        156   -6.688E+01                                 F               0         Blade 1 Z translation displacement, node 13, m
        157    3.034E+01                                 F               0         Blade 1 X translation displacement, node 14, m
        158   -7.454E+01                                 F               0         Blade 1 Y translation displacement, node 14, m
        159   -7.090E+01                                 F               0         Blade 1 Z translation displacement, node 14, m
        160    2.996E+01                                 F               0         Blade 1 X translation displacement, node 15, m
        161   -7.841E+01                                 F               0         Blade 1 Y translation displacement, node 15, m
        162   -7.493E+01                                 F               0         Blade 1 Z translation displacement, node 15, m
        163    2.959E+01                                 F               0         Blade 1 X translation displacement, node 16, m
        164   -8.227E+01                                 F               0         Blade 1 Y translation displacement, node 16, m
        165   -7.895E+01                                 F               0         Blade 1 Z translation displacement, node 16, m
        166    2.921E+01                                 F               0         Blade 1 X translation displacement, node 17, m
        167   -8.613E+01                                 F               0         Blade 1 Y translation displacement, node 17, m
        168   -8.298E+01                                 F               0         Blade 1 Z translation displacement, node 17, m
        169    2.884E+01                                 F               0         Blade 1 X translation displacement, node 18, m
        170   -9.000E+01                                 F               0         Blade 1 Y translation displacement, node 18, m
        171   -8.700E+01                                 F               0         Blade 1 Z translation displacement, node 18, m
        172    2.846E+01                                 F               0         Blade 1 X translation displacement, node 19, m
        173   -9.386E+01                                 F               0         Blade 1 Y translation displacement, node 19, m
        174   -9.102E+01                                 F               0         Blade 1 Z translation displacement, node 19, m
        175    2.809E+01                                 F               0         Blade 1 X translation displacement, node 20, m
        176   -9.772E+01                                 F               0         Blade 1 Y translation displacement, node 20, m
        177   -9.505E+01                                 F               0         Blade 1 Z translation displacement, node 20, m
        178    2.771E+01                                 F               0         Blade 1 X translation displacement, node 21, m
        179   -1.016E+02                                 F               0         Blade 1 Y translation displacement, node 21, m
        180   -9.907E+01                                 F               0         Blade 1 Z translation displacement, node 21, m
        181    2.734E+01                                 F               0         Blade 1 X translation displacement, node 22, m
        182   -1.055E+02                                 F               0         Blade 1 Y translation displacement, node 22, m
        183   -1.031E+02                                 F               0         Blade 1 Z translation displacement, node 22, m
        184    2.696E+01                                 F               0         Blade 1 X translation displacement, node 23, m
        185   -1.093E+02                                 F               0         Blade 1 Y translation displacement, node 23, m
        186   -1.071E+02                                 F               0         Blade 1 Z translation displacement, node 23, m
        187    2.659E+01                                 F               0         Blade 1 X translation displacement, node 24, m
        188   -1.132E+02                                 F               0         Blade 1 Y translation displacement, node 24, m
        189   -1.111E+02                                 F               0         Blade 1 Z translation displacement, node 24, m
        190    2.621E+01                                 F               0         Blade 1 X translation displacement, node 25, m
        191   -1.170E+02                                 F               0         Blade 1 Y translation displacement, node 25, m
        192   -1.152E+02                                 F               0         Blade 1 Z translation displacement, node 25, m
        193    2.584E+01                                 F               0         Blade 1 X translation displacement, node 26, m
        194   -1.209E+02                                 F               0         Blade 1 Y translation displacement, node 26, m
        195   -1.192E+02                                 F               0         Blade 1 Z translation displacement, node 26, m
        196    2.546E+01                                 F               0         Blade 1 X translation displacement, node 27, m
        197   -1.248E+02                                 F               0         Blade 1 Y translation displacement, node 27, m
        198   -1.232E+02                                 F               0         Blade 1 Z translation displacement, node 27, m
        199    2.515E+01                                 F               0         Blade 1 X translation displacement, node 28, m
        200   -1.280E+02                                 F               0         Blade 1 Y translation displacement, node 28, m
        201   -1.266E+02                                 F               0         Blade 1 Z translation displacement, node 28, m
        202    7.132E-01,  3.753E-02, -7.000E-01         F               0         Blade 1 X orientation angle, node 1, rad
        203    7.010E-01, -2.736E-02,  7.127E-01         F               0         Blade 1 Y orientation angle, node 1, rad
        204    7.592E-03, -9.989E-01, -4.582E-02         F               0         Blade 1 Z orientation angle, node 1, rad
        205    7.132E-01,  3.753E-02, -7.000E-01         F               0         Blade 1 X orientation angle, node 2, rad
        206    7.010E-01, -2.736E-02,  7.127E-01         F               0         Blade 1 Y orientation angle, node 2, rad
        207    7.592E-03, -9.989E-01, -4.582E-02         F               0         Blade 1 Z orientation angle, node 2, rad
        208    8.590E-01,  2.997E-02, -5.112E-01         F               0         Blade 1 X orientation angle, node 3, rad
        209    5.120E-01, -3.548E-02,  8.583E-01         F               0         Blade 1 Y orientation angle, node 3, rad
        210    7.592E-03, -9.989E-01, -4.582E-02         F               0         Blade 1 Z orientation angle, node 3, rad
        211    8.798E-01,  2.845E-02, -4.745E-01         F               0         Blade 1 X orientation angle, node 4, rad
        212    4.752E-01, -3.671E-02,  8.791E-01         F               0         Blade 1 Y orientation angle, node 4, rad
        213    7.592E-03, -9.989E-01, -4.582E-02         F               0         Blade 1 Z orientation angle, node 4, rad
        214    8.951E-01,  2.722E-02, -4.450E-01         F               0         Blade 1 X orientation angle, node 5, rad
        215    4.458E-01, -3.763E-02,  8.943E-01         F               0         Blade 1 Y orientation angle, node 5, rad
        216    7.592E-03, -9.989E-01, -4.582E-02         F               0         Blade 1 Z orientation angle, node 5, rad
        217    9.066E-01,  2.621E-02, -4.212E-01         F               0         Blade 1 X orientation angle, node 6, rad
        218    4.219E-01, -3.834E-02,  9.058E-01         F               0         Blade 1 Y orientation angle, node 6, rad
        219    7.592E-03, -9.989E-01, -4.582E-02         F               0         Blade 1 Z orientation angle, node 6, rad
        220    9.156E-01,  2.537E-02, -4.013E-01         F               0         Blade 1 X orientation angle, node 7, rad
        221    4.020E-01, -3.891E-02,  9.148E-01         F               0         Blade 1 Y orientation angle, node 7, rad
        222    7.592E-03, -9.989E-01, -4.582E-02         F               0         Blade 1 Z orientation angle, node 7, rad
        223    9.227E-01,  2.466E-02, -3.846E-01         F               0         Blade 1 X orientation angle, node 8, rad
        224    3.854E-01, -3.936E-02,  9.219E-01         F               0         Blade 1 Y orientation angle, node 8, rad
        225    7.592E-03, -9.989E-01, -4.582E-02         F               0         Blade 1 Z orientation angle, node 8, rad
        226    9.285E-01,  2.405E-02, -3.704E-01         F               0         Blade 1 X orientation angle, node 9, rad
        227    3.711E-01, -3.973E-02,  9.277E-01         F               0         Blade 1 Y orientation angle, node 9, rad
        228    7.592E-03, -9.989E-01, -4.582E-02         F               0         Blade 1 Z orientation angle, node 9, rad
        229    9.334E-01,  2.352E-02, -3.581E-01         F               0         Blade 1 X orientation angle, node 10, rad
        230    3.588E-01, -4.005E-02,  9.326E-01         F               0         Blade 1 Y orientation angle, node 10, rad
        231    7.592E-03, -9.989E-01, -4.582E-02         F               0         Blade 1 Z orientation angle, node 10, rad
        232    9.374E-01,  2.306E-02, -3.475E-01         F               0         Blade 1 X orientation angle, node 11, rad
        233    3.482E-01, -4.031E-02,  9.366E-01         F               0         Blade 1 Y orientation angle, node 11, rad
        234    7.592E-03, -9.989E-01, -4.582E-02         F               0         Blade 1 Z orientation angle, node 11, rad
        235    9.408E-01,  2.266E-02, -3.382E-01         F               0         Blade 1 X orientation angle, node 12, rad
        236    3.388E-01, -4.054E-02,  9.400E-01         F               0         Blade 1 Y orientation angle, node 12, rad
        237    7.592E-03, -9.989E-01, -4.582E-02         F               0         Blade 1 Z orientation angle, node 12, rad
        238    9.437E-01,  2.231E-02, -3.299E-01         F               0         Blade 1 X orientation angle, node 13, rad
        239    3.306E-01, -4.074E-02,  9.429E-01         F               0         Blade 1 Y orientation angle, node 13, rad
        240    7.592E-03, -9.989E-01, -4.582E-02         F               0         Blade 1 Z orientation angle, node 13, rad
        241    9.463E-01,  2.199E-02, -3.225E-01         F               0         Blade 1 X orientation angle, node 14, rad
        242    3.232E-01, -4.091E-02,  9.455E-01         F               0         Blade 1 Y orientation angle, node 14, rad
        243    7.592E-03, -9.989E-01, -4.582E-02         F               0         Blade 1 Z orientation angle, node 14, rad
        244    9.485E-01,  2.170E-02, -3.159E-01         F               0         Blade 1 X orientation angle, node 15, rad
        245    3.166E-01, -4.106E-02,  9.477E-01         F               0         Blade 1 Y orientation angle, node 15, rad
        246    7.592E-03, -9.989E-01, -4.582E-02         F               0         Blade 1 Z orientation angle, node 15, rad
        247    9.505E-01,  2.144E-02, -3.100E-01         F               0         Blade 1 X orientation angle, node 16, rad
        248    3.106E-01, -4.120E-02,  9.496E-01         F               0         Blade 1 Y orientation angle, node 16, rad
        249    7.592E-03, -9.989E-01, -4.582E-02         F               0         Blade 1 Z orientation angle, node 16, rad
        250    9.522E-01,  2.121E-02, -3.046E-01         F               0         Blade 1 X orientation angle, node 17, rad
        251    3.053E-01, -4.132E-02,  9.514E-01         F               0         Blade 1 Y orientation angle, node 17, rad
        252    7.592E-03, -9.989E-01, -4.582E-02         F               0         Blade 1 Z orientation angle, node 17, rad
        253    9.538E-01,  2.099E-02, -2.997E-01         F               0         Blade 1 X orientation angle, node 18, rad
        254    3.003E-01, -4.143E-02,  9.529E-01         F               0         Blade 1 Y orientation angle, node 18, rad
        255    7.592E-03, -9.989E-01, -4.582E-02         F               0         Blade 1 Z orientation angle, node 18, rad
        256    9.552E-01,  2.080E-02, -2.952E-01         F               0         Blade 1 X orientation angle, node 19, rad
        257    2.958E-01, -4.153E-02,  9.543E-01         F               0         Blade 1 Y orientation angle, node 19, rad
        258    7.592E-03, -9.989E-01, -4.582E-02         F               0         Blade 1 Z orientation angle, node 19, rad
        259    9.564E-01,  2.063E-02, -2.912E-01         F               0         Blade 1 X orientation angle, node 20, rad
        260    2.918E-01, -4.161E-02,  9.556E-01         F               0         Blade 1 Y orientation angle, node 20, rad
        261    7.592E-03, -9.989E-01, -4.582E-02         F               0         Blade 1 Z orientation angle, node 20, rad
        262    9.576E-01,  2.046E-02, -2.873E-01         F               0         Blade 1 X orientation angle, node 21, rad
        263    2.880E-01, -4.170E-02,  9.567E-01         F               0         Blade 1 Y orientation angle, node 21, rad
        264    7.592E-03, -9.989E-01, -4.582E-02         F               0         Blade 1 Z orientation angle, node 21, rad
        265    9.587E-01,  2.031E-02, -2.838E-01         F               0         Blade 1 X orientation angle, node 22, rad
        266    2.844E-01, -4.177E-02,  9.578E-01         F               0         Blade 1 Y orientation angle, node 22, rad
        267    7.592E-03, -9.989E-01, -4.582E-02         F               0         Blade 1 Z orientation angle, node 22, rad
        268    9.596E-01,  2.017E-02, -2.806E-01         F               0         Blade 1 X orientation angle, node 23, rad
        269    2.813E-01, -4.184E-02,  9.587E-01         F               0         Blade 1 Y orientation angle, node 23, rad
        270    7.592E-03, -9.989E-01, -4.582E-02         F               0         Blade 1 Z orientation angle, node 23, rad
        271    9.605E-01,  2.003E-02, -2.776E-01         F               0         Blade 1 X orientation angle, node 24, rad
        272    2.783E-01, -4.190E-02,  9.596E-01         F               0         Blade 1 Y orientation angle, node 24, rad
        273    7.592E-03, -9.989E-01, -4.582E-02         F               0         Blade 1 Z orientation angle, node 24, rad
        274    9.613E-01,  1.991E-02, -2.748E-01         F               0         Blade 1 X orientation angle, node 25, rad
        275    2.754E-01, -4.196E-02,  9.604E-01         F               0         Blade 1 Y orientation angle, node 25, rad
        276    7.592E-03, -9.989E-01, -4.582E-02         F               0         Blade 1 Z orientation angle, node 25, rad
        277    9.620E-01,  1.980E-02, -2.723E-01         F               0         Blade 1 X orientation angle, node 26, rad
        278    2.729E-01, -4.201E-02,  9.611E-01         F               0         Blade 1 Y orientation angle, node 26, rad
        279    7.592E-03, -9.989E-01, -4.582E-02         F               0         Blade 1 Z orientation angle, node 26, rad
        280    9.627E-01,  1.969E-02, -2.698E-01         F               0         Blade 1 X orientation angle, node 27, rad
        281    2.704E-01, -4.206E-02,  9.618E-01         F               0         Blade 1 Y orientation angle, node 27, rad
        282    7.592E-03, -9.989E-01, -4.582E-02         F               0         Blade 1 Z orientation angle, node 27, rad
        283    9.631E-01,  1.963E-02, -2.684E-01         F               0         Blade 1 X orientation angle, node 28, rad
        284    2.690E-01, -4.209E-02,  9.622E-01         F               0         Blade 1 Y orientation angle, node 28, rad
        285    7.592E-03, -9.989E-01, -4.582E-02         F               0         Blade 1 Z orientation angle, node 28, rad
        286   -1.566E+00                                 F               0         Blade 1 X translation velocity, node 1, m/s
        287   -7.755E-02                                 F               0         Blade 1 Y translation velocity, node 1, m/s
        288   -5.565E+00                                 F               0         Blade 1 Z translation velocity, node 1, m/s
        289   -1.942E+00                                 F               0         Blade 1 X translation velocity, node 2, m/s
        290   -1.909E-02                                 F               0         Blade 1 Y translation velocity, node 2, m/s
        291   -6.902E+00                                 F               0         Blade 1 Z translation velocity, node 2, m/s
        292   -7.048E+00                                 F               0         Blade 1 X translation velocity, node 3, m/s
        293    7.759E-01                                 F               0         Blade 1 Y translation velocity, node 3, m/s
        294   -2.508E+01                                 F               0         Blade 1 Z translation velocity, node 3, m/s
        295   -8.136E+00                                 F               0         Blade 1 X translation velocity, node 4, m/s
        296    9.453E-01                                 F               0         Blade 1 Y translation velocity, node 4, m/s
        297   -2.895E+01                                 F               0         Blade 1 Z translation velocity, node 4, m/s
        298   -9.224E+00                                 F               0         Blade 1 X translation velocity, node 5, m/s
        299    1.115E+00                                 F               0         Blade 1 Y translation velocity, node 5, m/s
        300   -3.283E+01                                 F               0         Blade 1 Z translation velocity, node 5, m/s
        301   -1.031E+01                                 F               0         Blade 1 X translation velocity, node 6, m/s
        302    1.284E+00                                 F               0         Blade 1 Y translation velocity, node 6, m/s
        303   -3.670E+01                                 F               0         Blade 1 Z translation velocity, node 6, m/s
        304   -1.140E+01                                 F               0         Blade 1 X translation velocity, node 7, m/s
        305    1.453E+00                                 F               0         Blade 1 Y translation velocity, node 7, m/s
        306   -4.057E+01                                 F               0         Blade 1 Z translation velocity, node 7, m/s
        307   -1.249E+01                                 F               0         Blade 1 X translation velocity, node 8, m/s
