
Linearized model: Predictions were generated on 13-Feb-2024 at 12:12:09 using OpenFAST, compiled as a 64-bit application using single precision at commit v3.5.1
 linked with  NWTC Subroutine Library; ElastoDyn; InflowWind; AeroDyn; ServoDyn; HydroDyn; MAP++ (<1.20.10>, <Oct-20-2023>)

Description from the FAST input file: CCT-9 Campign 4 model. Input files to be run with OpenFAST 3.5.0. GitHub branch from Lu Wang (https://github.com/luwang00/openfast/tree/dev) compiled on March 7, 2023.

Simulation information:
   Simulation time:                   772.4250 s
   Rotor Speed:                         0.7915 rad/s
   Azimuth:                             1.5754 rad
   Wind Speed:                         24.0000 m/s
   Number of continuous states:         0
   Number of discrete states:           0
   Number of constraint states:         0
   Number of inputs:                 1746
   Number of outputs:                   4
   Jacobians included in this file?    No

Order of inputs:
     Column   Operating Point                                                   Rotating Frame? Derivative Order Description
   ---------- ---------------                                                   --------------- ---------------- -----------
          1     8.55826473236E+000                                                     F               0         Tower X translation displacement, node 1, m
          2    -1.82709002495E+000                                                     F               0         Tower Y translation displacement, node 1, m
          3    -2.14454263449E-001                                                     F               0         Tower Z translation displacement, node 1, m
          4     9.73272991180E+000                                                     F               0         Tower X translation displacement, node 2, m
          5    -2.50355672836E+000                                                     F               0         Tower Y translation displacement, node 2, m
          6    -2.89023816586E-001                                                     F               0         Tower Z translation displacement, node 2, m
          7     1.09248676300E+001                                                     F               0         Tower X translation displacement, node 3, m
          8    -3.18777656555E+000                                                     F               0         Tower Y translation displacement, node 3, m
          9    -3.65722060204E-001                                                     F               0         Tower Z translation displacement, node 3, m
         10     1.21302099228E+001                                                     F               0         Tower X translation displacement, node 4, m
         11    -3.87837600708E+000                                                     F               0         Tower Y translation displacement, node 4, m
         12    -4.44066673517E-001                                                     F               0         Tower Z translation displacement, node 4, m
         13     1.33462562561E+001                                                     F               0         Tower X translation displacement, node 5, m
         14    -4.57474184036E+000                                                     F               0         Tower Y translation displacement, node 5, m
         15    -5.23789703846E-001                                                     F               0         Tower Z translation displacement, node 5, m
         16     1.45706787109E+001                                                     F               0         Tower X translation displacement, node 6, m
         17    -5.27622365952E+000                                                     F               0         Tower Y translation displacement, node 6, m
         18    -6.04647457600E-001                                                     F               0         Tower Z translation displacement, node 6, m
         19     1.58009872437E+001                                                     F               0         Tower X translation displacement, node 7, m
         20    -5.98181343079E+000                                                     F               0         Tower Y translation displacement, node 7, m
         21    -6.86315000057E-001                                                     F               0         Tower Z translation displacement, node 7, m
         22     1.70359954834E+001                                                     F               0         Tower X translation displacement, node 8, m
         23    -6.69118452072E+000                                                     F               0         Tower Y translation displacement, node 8, m
         24    -7.68684685230E-001                                                     F               0         Tower Z translation displacement, node 8, m
         25     1.82741565704E+001                                                     F               0         Tower X translation displacement, node 9, m
         26    -7.40355491638E+000                                                     F               0         Tower Y translation displacement, node 9, m
         27    -8.51536571980E-001                                                     F               0         Tower Z translation displacement, node 9, m
         28     1.95142269135E+001                                                     F               0         Tower X translation displacement, node 10, m
         29    -8.11809349060E+000                                                     F               0         Tower Y translation displacement, node 10, m
         30    -9.34713423252E-001                                                     F               0         Tower Z translation displacement, node 10, m
         31     2.07552204132E+001                                                     F               0         Tower X translation displacement, node 11, m
         32    -8.83399009705E+000                                                     F               0         Tower Y translation displacement, node 11, m
         33    -1.01805973053E+000                                                     F               0         Tower Z translation displacement, node 11, m
         34     9.95456099510E-001,  -6.68281409889E-003,  -9.49867740273E-002         F               0         Tower X orientation angle, node 1, rad
         35     1.18208993226E-002,   9.98490750790E-001,   5.36333471537E-002         F               0         Tower Y orientation angle, node 1, rad
         36     9.44849923253E-002,  -5.45124709606E-002,   9.94032680988E-001         F               0         Tower Z orientation angle, node 1, rad
         37     9.95326161385E-001,  -6.60798465833E-003,  -9.63439494371E-002         F               0         Tower X orientation angle, node 2, rad
         38     1.18752876297E-002,   9.98459398746E-001,   5.42014315724E-002         F               0         Tower Y orientation angle, node 2, rad
         39     9.58373621106E-002,  -5.50922155380E-002,   9.93871271610E-001         F               0         Tower Z orientation angle, node 2, rad
         40     9.95212197304E-001,  -6.54251594096E-003,  -9.75187569857E-002         F               0         Tower X orientation angle, node 3, rad
         41     1.19264367968E-002,   9.98430013657E-001,   5.47288618982E-002         F               0         Tower Y orientation angle, node 3, rad
         42     9.70075950027E-002,  -5.56298829615E-002,   9.93727743626E-001         F               0         Tower Z orientation angle, node 3, rad
         43     9.95116591454E-001,  -6.48766569793E-003,  -9.84928235412E-002         F               0         Tower X orientation angle, node 4, rad
         44     1.19736054912E-002,   9.98402953148E-001,   5.52104040980E-002         F               0         Tower Y orientation angle, node 4, rad
         45     9.79773402214E-002,  -5.61201050878E-002,   9.93605017662E-001         F               0         Tower Z orientation angle, node 4, rad
         46     9.95039105415E-001,  -6.44313311204E-003,  -9.92755889893E-002         F               0         Tower X orientation angle, node 5, rad
         47     1.20163997635E-002,   9.98378336430E-001,   5.56441247463E-002         F               0         Tower Y orientation angle, node 5, rad
         48     9.87560749054E-002,  -5.65610155463E-002,   9.93502914906E-001         F               0         Tower Z orientation angle, node 5, rad
         49     9.94978606701E-001,  -6.40826439485E-003,  -9.98821929097E-002         F               0         Tower X orientation angle, node 6, rad
         50     1.20543614030E-002,   9.98356461525E-001,   5.60269914567E-002         F               0         Tower Y orientation angle, node 6, rad
         51     9.93589982390E-002,  -5.69496788085E-002,   9.93420600891E-001         F               0         Tower Z orientation angle, node 6, rad
         52     9.94934678078E-001,  -6.38278014958E-003,  -1.00320748985E-001         F               0         Tower X orientation angle, node 7, rad
         53     1.20865106583E-002,   9.98337864876E-001,   5.63504286110E-002         F               0         Tower Y orientation angle, node 7, rad
         54     9.97943282127E-002,  -5.72775229812E-002,   9.93358135223E-001         F               0         Tower Z orientation angle, node 7, rad
         55     9.94903743267E-001,  -6.36472646147E-003,  -1.00628063083E-001         F               0         Tower X orientation angle, node 8, rad
         56     1.21128167957E-002,   9.98322606087E-001,   5.66147938371E-002         F               0         Tower Y orientation angle, node 8, rad
         57     1.00098930299E-001,  -5.75451590121E-002,   9.93312001228E-001         F               0         Tower Z orientation angle, node 8, rad
         58     9.94883656502E-001,  -6.35288935155E-003,  -1.00827276707E-001         F               0         Tower X orientation angle, node 9, rad
         59     1.21328867972E-002,   9.98310923576E-001,   5.68164922297E-002         F               0         Tower Y orientation angle, node 9, rad
         60     1.00296027958E-001,  -5.77491261065E-002,   9.93280291557E-001         F               0         Tower Z orientation angle, node 9, rad
         61     9.94872212410E-001,  -6.34606136009E-003,  -1.00940786302E-001         F               0         Tower X orientation angle, node 10, rad
         62     1.21464254335E-002,   9.98302996159E-001,   5.69526851177E-002         F               0         Tower Y orientation angle, node 10, rad
         63     1.00408062339E-001,  -5.78867122531E-002,   9.93260979652E-001         F               0         Tower Z orientation angle, node 10, rad
         64     9.94866847992E-001,  -6.34282967076E-003,  -1.00993789732E-001         F               0         Tower X orientation angle, node 11, rad
         65     1.21539775282E-002,   9.98298525810E-001,   5.70287629962E-002         F               0         Tower Y orientation angle, node 11, rad
         66     1.00460231304E-001,  -5.79635016620E-002,   9.93251204491E-001         F               0         Tower Z orientation angle, node 11, rad
         67    -4.49769292027E-003                                                     F               0         Tower X translation velocity, node 1, m/s
         68     5.04321185872E-003                                                     F               0         Tower Y translation velocity, node 1, m/s
         69     7.43604905438E-004                                                     F               0         Tower Z translation velocity, node 1, m/s
         70    -5.45914843678E-003                                                     F               0         Tower X translation velocity, node 2, m/s
         71     6.34602410719E-003                                                     F               0         Tower Y translation velocity, node 2, m/s
         72     9.07145556994E-004                                                     F               0         Tower Z translation velocity, node 2, m/s
         73    -5.58243971318E-003                                                     F               0         Tower X translation velocity, node 3, m/s
         74     6.93629402667E-003                                                     F               0         Tower Y translation velocity, node 3, m/s
         75     9.52017027885E-004                                                     F               0         Tower Z translation velocity, node 3, m/s
         76    -5.10172918439E-003                                                     F               0         Tower X translation velocity, node 4, m/s
         77     6.93566771224E-003                                                     F               0         Tower Y translation velocity, node 4, m/s
         78     9.04803746380E-004                                                     F               0         Tower Z translation velocity, node 4, m/s
         79    -4.15384676307E-003                                                     F               0         Tower X translation velocity, node 5, m/s
         80     6.39681983739E-003                                                     F               0         Tower Y translation velocity, node 5, m/s
         81     7.80357629992E-004                                                     F               0         Tower Z translation velocity, node 5, m/s
         82    -2.86322762258E-003                                                     F               0         Tower X translation velocity, node 6, m/s
         83     5.37646003067E-003                                                     F               0         Tower Y translation velocity, node 6, m/s
         84     5.93322445638E-004                                                     F               0         Tower Z translation velocity, node 6, m/s
         85    -1.35142740328E-003                                                     F               0         Tower X translation velocity, node 7, m/s
         86     3.96686745808E-003                                                     F               0         Tower Y translation velocity, node 7, m/s
         87     3.60783218639E-004                                                     F               0         Tower Z translation velocity, node 7, m/s
         88     3.17782541970E-004                                                     F               0         Tower X translation velocity, node 8, m/s
         89     2.19638249837E-003                                                     F               0         Tower Y translation velocity, node 8, m/s
         90     9.05364431674E-005                                                     F               0         Tower Z translation velocity, node 8, m/s
         91     2.07454920746E-003                                                     F               0         Tower X translation velocity, node 9, m/s
         92     1.38089613756E-004                                                     F               0         Tower Y translation velocity, node 9, m/s
         93    -2.06118682399E-004                                                     F               0         Tower Z translation velocity, node 9, m/s
         94     3.87004320510E-003                                                     F               0         Tower X translation velocity, node 10, m/s
         95    -2.12960643694E-003                                                     F               0         Tower Y translation velocity, node 10, m/s
         96    -5.19528170116E-004                                                     F               0         Tower Z translation velocity, node 10, m/s
         97     5.67216984928E-003                                                     F               0         Tower X translation velocity, node 11, m/s
         98    -4.52865986153E-003                                                     F               0         Tower Y translation velocity, node 11, m/s
         99    -8.41662869789E-004                                                     F               0         Tower Z translation velocity, node 11, m/s
        100     2.15992908478E+001                                                     F               0         Hub X translation displacement, node 1, m
        101    -9.22050762177E+000                                                     F               0         Hub Y translation displacement, node 1, m
        102     1.97505783290E-002                                                     F               0         Hub Z translation displacement, node 1, m
        103     9.78915870190E-001,  -2.49247270403E-004,  -2.04263567924E-001         F               0         Hub X orientation angle, node 1, rad
        104     2.03843101859E-001,  -6.29495531321E-002,   9.76977646351E-001         F               0         Hub Y orientation angle, node 1, rad
        105    -1.31018087268E-002,  -9.98016655445E-001,  -6.15715123713E-002         F               0         Hub Z orientation angle, node 1, rad
        106     7.74967849255E-001                                                     F               0         Hub X rotation velocity, node 1, rad/s
        107    -4.88874429720E-005                                                     F               0         Hub Y rotation velocity, node 1, rad/s
        108    -1.61691069603E-001                                                     F               0         Hub Z rotation velocity, node 1, rad/s
        109     8.77447068691E-001,   1.80529579520E-002,  -4.79333639145E-001         F               0         Blade root 1 X orientation angle, node 1, rad
        110     4.79494512081E-001,  -6.03058785200E-002,   8.75470280647E-001         F               0         Blade root 1 Y orientation angle, node 1, rad
        111    -1.31018087268E-002,  -9.98016655445E-001,  -6.15715123713E-002         F               0         Blade root 1 Z orientation angle, node 1, rad
        112     9.69591021538E-001,   2.41760432720E-001,  -3.80143262446E-002         F               0         Blade root 2 X orientation angle, node 1, rad
        113     1.76065847278E-001,  -7.96971023083E-001,  -5.77787160873E-001         F               0         Blade root 2 Y orientation angle, node 1, rad
        114    -1.69982388616E-001,   5.53524255753E-001,  -8.15301716328E-001         F               0         Blade root 2 Z orientation angle, node 1, rad
        115     9.62997078896E-001,  -2.60528862476E-001,  -6.90024942160E-002         F               0         Blade root 3 X orientation angle, node 1, rad
        116     1.97779700160E-001,   8.57059597969E-001,  -4.75743621588E-001         F               0         Blade root 3 Y orientation angle, node 1, rad
        117     1.83084204793E-001,   4.44492429495E-001,   8.76873254776E-001         F               0         Blade root 3 Z orientation angle, node 1, rad
        118     2.09476184845E+001                                                     F               0         Blade 1 X translation displacement, node 1, m
        119    -1.47495203018E+001                                                     F               0         Blade 1 Y translation displacement, node 1, m
        120    -5.83101463318E+000                                                     F               0         Blade 1 Z translation displacement, node 1, m
        121     2.07905941010E+001                                                     F               0         Blade 1 X translation displacement, node 2, m
        122    -1.60817794800E+001                                                     F               0         Blade 1 Y translation displacement, node 2, m
        123    -7.24079751968E+000                                                     F               0         Blade 1 Z translation displacement, node 2, m
        124     1.86553211212E+001                                                     F               0         Blade 1 X translation displacement, node 3, m
        125    -3.41981849670E+001                                                     F               0         Blade 1 Y translation displacement, node 3, m
        126    -2.64114322662E+001                                                     F               0         Blade 1 Z translation displacement, node 3, m
        127     1.82003879547E+001                                                     F               0         Blade 1 X translation displacement, node 4, m
        128    -3.80579910278E+001                                                     F               0         Blade 1 Y translation displacement, node 4, m
        129    -3.04958572388E+001                                                     F               0         Blade 1 Z translation displacement, node 4, m
        130     1.77453708649E+001                                                     F               0         Blade 1 X translation displacement, node 5, m
        131    -4.19185333252E+001                                                     F               0         Blade 1 Y translation displacement, node 5, m
        132    -3.45810432434E+001                                                     F               0         Blade 1 Z translation displacement, node 5, m
        133     1.72904357910E+001                                                     F               0         Blade 1 X translation displacement, node 6, m
        134    -4.57783546448E+001                                                     F               0         Blade 1 Y translation displacement, node 6, m
        135    -3.86654853821E+001                                                     F               0         Blade 1 Z translation displacement, node 6, m
        136     1.68355007172E+001                                                     F               0         Blade 1 X translation displacement, node 7, m
        137    -4.96381912231E+001                                                     F               0         Blade 1 Y translation displacement, node 7, m
        138    -4.27499275208E+001                                                     F               0         Blade 1 Z translation displacement, node 7, m
        139     1.63804836273E+001                                                     F               0         Blade 1 X translation displacement, node 8, m
        140    -5.34987144470E+001                                                     F               0         Blade 1 Y translation displacement, node 8, m
        141    -4.68351135254E+001                                                     F               0         Blade 1 Z translation displacement, node 8, m
        142     1.59255466461E+001                                                     F               0         Blade 1 X translation displacement, node 9, m
        143    -5.73585510254E+001                                                     F               0         Blade 1 Y translation displacement, node 9, m
        144    -5.09195518494E+001                                                     F               0         Blade 1 Z translation displacement, node 9, m
        145     1.54706125259E+001                                                     F               0         Blade 1 X translation displacement, node 10, m
        146    -6.12183761597E+001                                                     F               0         Blade 1 Y translation displacement, node 10, m
        147    -5.50039939880E+001                                                     F               0         Blade 1 Z translation displacement, node 10, m
        148     1.50156764984E+001                                                     F               0         Blade 1 X translation displacement, node 11, m
        149    -6.50782089233E+001                                                     F               0         Blade 1 Y translation displacement, node 11, m
        150    -5.90884361267E+001                                                     F               0         Blade 1 Z translation displacement, node 11, m
        151     1.45606613159E+001                                                     F               0         Blade 1 X translation displacement, node 12, m
        152    -6.89387207031E+001                                                     F               0         Blade 1 Y translation displacement, node 12, m
        153    -6.31736068726E+001                                                     F               0         Blade 1 Z translation displacement, node 12, m
        154     1.41057252884E+001                                                     F               0         Blade 1 X translation displacement, node 13, m
        155    -7.27985610962E+001                                                     F               0         Blade 1 Y translation displacement, node 13, m
        156    -6.72580490112E+001                                                     F               0         Blade 1 Z translation displacement, node 13, m
        157     1.36507911682E+001                                                     F               0         Blade 1 X translation displacement, node 14, m
        158    -7.66583862305E+001                                                     F               0         Blade 1 Y translation displacement, node 14, m
        159    -7.13424911499E+001                                                     F               0         Blade 1 Z translation displacement, node 14, m
        160     1.31957721710E+001                                                     F               0         Blade 1 X translation displacement, node 15, m
        161    -8.05189208984E+001                                                     F               0         Blade 1 Y translation displacement, node 15, m
        162    -7.54276733398E+001                                                     F               0         Blade 1 Z translation displacement, node 15, m
        163     1.27408380508E+001                                                     F               0         Blade 1 X translation displacement, node 16, m
        164    -8.43787460327E+001                                                     F               0         Blade 1 Y translation displacement, node 16, m
        165    -7.95121154785E+001                                                     F               0         Blade 1 Z translation displacement, node 16, m
        166     1.22859020233E+001                                                     F               0         Blade 1 X translation displacement, node 17, m
        167    -8.82385864258E+001                                                     F               0         Blade 1 Y translation displacement, node 17, m
        168    -8.35965576172E+001                                                     F               0         Blade 1 Z translation displacement, node 17, m
        169     1.18309669495E+001                                                     F               0         Blade 1 X translation displacement, node 18, m
        170    -9.20984115601E+001                                                     F               0         Blade 1 Y translation displacement, node 18, m
        171    -8.76809997559E+001                                                     F               0         Blade 1 Z translation displacement, node 18, m
        172     1.13759508133E+001                                                     F               0         Blade 1 X translation displacement, node 19, m
        173    -9.59589233398E+001                                                     F               0         Blade 1 Y translation displacement, node 19, m
        174    -9.17661743164E+001                                                     F               0         Blade 1 Z translation displacement, node 19, m
        175     1.09210147858E+001                                                     F               0         Blade 1 X translation displacement, node 20, m
        176    -9.98187637329E+001                                                     F               0         Blade 1 Y translation displacement, node 20, m
        177    -9.58506088257E+001                                                     F               0         Blade 1 Z translation displacement, node 20, m
        178     1.04660806656E+001                                                     F               0         Blade 1 X translation displacement, node 21, m
        179    -1.03678588867E+002                                                     F               0         Blade 1 Y translation displacement, node 21, m
        180    -9.99350585938E+001                                                     F               0         Blade 1 Z translation displacement, node 21, m
        181     1.00110626221E+001                                                     F               0         Blade 1 X translation displacement, node 22, m
        182    -1.07539115906E+002                                                     F               0         Blade 1 Y translation displacement, node 22, m
        183    -1.04020240784E+002                                                     F               0         Blade 1 Z translation displacement, node 22, m
        184     9.55612659454E+000                                                     F               0         Blade 1 X translation displacement, node 23, m
        185    -1.11398956299E+002                                                     F               0         Blade 1 Y translation displacement, node 23, m
        186    -1.08104682922E+002                                                     F               0         Blade 1 Z translation displacement, node 23, m
        187     9.10119247437E+000                                                     F               0         Blade 1 X translation displacement, node 24, m
        188    -1.15258781433E+002                                                     F               0         Blade 1 Y translation displacement, node 24, m
        189    -1.12189125061E+002                                                     F               0         Blade 1 Z translation displacement, node 24, m
        190     8.64625740051E+000                                                     F               0         Blade 1 X translation displacement, node 25, m
        191    -1.19118606567E+002                                                     F               0         Blade 1 Y translation displacement, node 25, m
        192    -1.16273567200E+002                                                     F               0         Blade 1 Z translation displacement, node 25, m
        193     8.19124031067E+000                                                     F               0         Blade 1 X translation displacement, node 26, m
        194    -1.22979141235E+002                                                     F               0         Blade 1 Y translation displacement, node 26, m
        195    -1.20358757019E+002                                                     F               0         Blade 1 Z translation displacement, node 26, m
        196     7.73630523682E+000                                                     F               0         Blade 1 X translation displacement, node 27, m
        197    -1.26838958740E+002                                                     F               0         Blade 1 Y translation displacement, node 27, m
        198    -1.24443191528E+002                                                     F               0         Blade 1 Z translation displacement, node 27, m
        199     7.35061788559E+000                                                     F               0         Blade 1 X translation displacement, node 28, m
        200    -1.30111267090E+002                                                     F               0         Blade 1 Y translation displacement, node 28, m
        201    -1.27905906677E+002                                                     F               0         Blade 1 Z translation displacement, node 28, m
        202     5.62250435352E-001,   4.35668081045E-002,  -8.25818598270E-001         F               0         Blade 1 X orientation angle, node 1, rad
        203     8.26863229275E-001,  -4.54383268952E-002,   5.60564517975E-001         F               0         Blade 1 Y orientation angle, node 1, rad
        204    -1.31018087268E-002,  -9.98016655445E-001,  -6.15715123713E-002         F               0         Blade 1 Z orientation angle, node 1, rad
        205     5.62250435352E-001,   4.35668081045E-002,  -8.25818598270E-001         F               0         Blade 1 X orientation angle, node 2, rad
        206     8.26863229275E-001,  -4.54383268952E-002,   5.60564517975E-001         F               0         Blade 1 Y orientation angle, node 2, rad
        207    -1.31018087268E-002,  -9.98016655445E-001,  -6.15715123713E-002         F               0         Blade 1 Z orientation angle, node 2, rad
        208     7.42203652859E-001,   3.15562598407E-002,  -6.69431090355E-001         F               0         Blade 1 X orientation angle, node 3, rad
        209     6.70046329498E-001,  -5.44693581760E-002,   7.40318179131E-001         F               0         Blade 1 Y orientation angle, node 3, rad
        210    -1.31018087268E-002,  -9.98016655445E-001,  -6.15715123713E-002         F               0         Blade 1 Z orientation angle, node 3, rad
        211     7.69834041595E-001,   2.92281787843E-002,  -6.37574553490E-001         F               0         Blade 1 X orientation angle, node 4, rad
        212     6.38109624386E-001,  -5.57532235980E-002,   7.67924249172E-001         F               0         Blade 1 Y orientation angle, node 4, rad
        213    -1.31018087268E-002,  -9.98016655445E-001,  -6.15715123713E-002         F               0         Blade 1 Z orientation angle, node 4, rad
        214     7.90567398071E-001,   2.73636020720E-002,  -6.11763358116E-001         F               0         Blade 1 X orientation angle, node 5, rad
        215     6.12234830856E-001,  -5.66916391253E-002,   7.88640975952E-001         F               0         Blade 1 Y orientation angle, node 5, rad
        216    -1.31018087268E-002,  -9.98016655445E-001,  -6.15715123713E-002         F               0         Blade 1 Z orientation angle, node 5, rad
        217     8.06529343128E-001,   2.58501768112E-002,  -5.90628683567E-001         F               0         Blade 1 X orientation angle, node 6, rad
        218     5.91048896313E-001,  -5.73975332081E-002,   8.04591000080E-001         F               0         Blade 1 Y orientation angle, node 6, rad
        219    -1.31018087268E-002,  -9.98016655445E-001,  -6.15715123713E-002         F               0         Blade 1 Z orientation angle, node 6, rad
        220     8.19231033325E-001,   2.45919041336E-002,  -5.72936058044E-001         F               0         Blade 1 X orientation angle, node 7, rad
        221     5.73313891888E-001,  -5.79477921128E-002,   8.17284047604E-001         F               0         Blade 1 Y orientation angle, node 7, rad
        222    -1.31018087268E-002,  -9.98016655445E-001,  -6.15715123713E-002         F               0         Blade 1 Z orientation angle, node 7, rad
        223     8.29501986504E-001,   2.35360767692E-002,  -5.58007597923E-001         F               0         Blade 1 X orientation angle, node 8, rad
        224     5.58350086212E-001,  -5.83846010268E-002,   8.27548444271E-001         F               0         Blade 1 Y orientation angle, node 8, rad
        225    -1.31018087268E-002,  -9.98016655445E-001,  -6.15715123713E-002         F               0         Blade 1 Z orientation angle, node 8, rad
        226     8.37979435921E-001,   2.26365979761E-002,  -5.45232057571E-001         F               0         Blade 1 X orientation angle, node 9, rad
        227     5.45544445515E-001,  -5.87391406298E-002,   8.36020886898E-001         F               0         Blade 1 Y orientation angle, node 9, rad
        228    -1.31017947569E-002,  -9.98016655445E-001,  -6.15714639425E-002         F               0         Blade 1 Z orientation angle, node 9, rad
        229     8.45141887665E-001,   2.18554977328E-002,  -5.34095048904E-001         F               0         Blade 1 X orientation angle, node 10, rad
        230     5.34381449223E-001,  -5.90342767537E-002,   8.43179345131E-001         F               0         Blade 1 Y orientation angle, node 10, rad
        231    -1.31018087268E-002,  -9.98016655445E-001,  -6.15715123713E-002         F               0         Blade 1 Z orientation angle, node 10, rad
        232     8.51149737835E-001,   2.11843792349E-002,  -5.24495303631E-001         F               0         Blade 1 X orientation angle, node 11, rad
        233     5.24759411812E-001,  -5.92784024775E-002,   8.49184095860E-001         F               0         Blade 1 Y orientation angle, node 11, rad
        234    -1.31018059328E-002,  -9.98016655445E-001,  -6.15715011954E-002         F               0         Blade 1 Z orientation angle, node 11, rad
        235     8.56328070164E-001,   2.05936208367E-002,  -5.16021490097E-001         F               0         Blade 1 X orientation angle, node 12, rad
        236     5.16266047955E-001,  -5.94862289727E-002,   8.54359865189E-001         F               0         Blade 1 Y orientation angle, node 12, rad
        237    -1.31018087268E-002,  -9.98016655445E-001,  -6.15715123713E-002         F               0         Blade 1 Z orientation angle, node 12, rad
        238     8.60800683498E-001,   2.00737267733E-002,  -5.08546233177E-001         F               0         Blade 1 X orientation angle, node 13, rad
        239     5.08773624897E-001,  -5.96636720002E-002,   8.58830392361E-001         F               0         Blade 1 Y orientation angle, node 13, rad
        240    -1.31018087268E-002,  -9.98016655445E-001,  -6.15715123713E-002         F               0         Blade 1 Z orientation angle, node 13, rad
        241     8.64769935608E-001,   1.96045190096E-002,  -5.01785397530E-001         F               0         Blade 1 X orientation angle, node 14, rad
        242     5.01997292042E-001,  -5.98195008934E-002,   8.62797975540E-001         F               0         Blade 1 Y orientation angle, node 14, rad
        243    -1.31018115208E-002,  -9.98016655445E-001,  -6.15715198219E-002         F               0         Blade 1 Z orientation angle, node 14, rad
        244     8.68253469467E-001,   1.91864091903E-002,  -4.95749741793E-001         F               0         Blade 1 X orientation angle, node 15, rad
        245     4.95947837830E-001,  -5.99548481405E-002,   8.66280078888E-001         F               0         Blade 1 Y orientation angle, node 15, rad
        246    -1.31017966196E-002,  -9.98016655445E-001,  -6.15714639425E-002         F               0         Blade 1 Z orientation angle, node 15, rad
        247     8.71352434158E-001,   1.88093390316E-002,  -4.90296989679E-001         F               0         Blade 1 X orientation angle, node 16, rad
