
Linearized model: Predictions were generated on 12-Jan-2024 at 09:28:28 using OpenFAST, compiled as a 64-bit application using single precision at commit v3.5.1
 linked with  NWTC Subroutine Library; ElastoDyn; InflowWind; AeroDyn; ServoDyn; HydroDyn; MAP++ (<1.20.10>, <Oct-20-2023>)

Description from the FAST input file: CCT-9 Campign 4 model. Input files to be run with OpenFAST 3.5.0. GitHub branch from Lu Wang (https://github.com/luwang00/openfast/tree/dev) compiled on March 7, 2023.

Simulation information:
   Simulation time:                   504.9500 s
   Rotor Speed:                         0.8774 rad/s
   Azimuth:                             1.9145 rad
   Wind Speed:                         10.0000 m/s
   Number of continuous states:         0
   Number of discrete states:           0
   Number of constraint states:         0
   Number of inputs:                 1746
   Number of outputs:                   4
   Jacobians included in this file?    No

Order of inputs:
     Column   Operating Point                     Rotating Frame? Derivative Order Description
   ---------- ---------------                     --------------- ---------------- -----------
          1    1.100E+01                                 F               0         Tower X translation displacement, node 1, m
          2   -1.226E+00                                 F               0         Tower Y translation displacement, node 1, m
          3   -3.215E-01                                 F               0         Tower Z translation displacement, node 1, m
          4    1.247E+01                                 F               0         Tower X translation displacement, node 2, m
          5   -1.812E+00                                 F               0         Tower Y translation displacement, node 2, m
          6   -4.230E-01                                 F               0         Tower Z translation displacement, node 2, m
          7    1.396E+01                                 F               0         Tower X translation displacement, node 3, m
          8   -2.403E+00                                 F               0         Tower Y translation displacement, node 3, m
          9   -5.278E-01                                 F               0         Tower Z translation displacement, node 3, m
         10    1.547E+01                                 F               0         Tower X translation displacement, node 4, m
         11   -2.998E+00                                 F               0         Tower Y translation displacement, node 4, m
         12   -6.350E-01                                 F               0         Tower Z translation displacement, node 4, m
         13    1.700E+01                                 F               0         Tower X translation displacement, node 5, m
         14   -3.598E+00                                 F               0         Tower Y translation displacement, node 5, m
         15   -7.443E-01                                 F               0         Tower Z translation displacement, node 5, m
         16    1.854E+01                                 F               0         Tower X translation displacement, node 6, m
         17   -4.201E+00                                 F               0         Tower Y translation displacement, node 6, m
         18   -8.554E-01                                 F               0         Tower Z translation displacement, node 6, m
         19    2.008E+01                                 F               0         Tower X translation displacement, node 7, m
         20   -4.806E+00                                 F               0         Tower Y translation displacement, node 7, m
         21   -9.677E-01                                 F               0         Tower Z translation displacement, node 7, m
         22    2.164E+01                                 F               0         Tower X translation displacement, node 8, m
         23   -5.413E+00                                 F               0         Tower Y translation displacement, node 8, m
         24   -1.081E+00                                 F               0         Tower Z translation displacement, node 8, m
         25    2.320E+01                                 F               0         Tower X translation displacement, node 9, m
         26   -6.022E+00                                 F               0         Tower Y translation displacement, node 9, m
         27   -1.195E+00                                 F               0         Tower Z translation displacement, node 9, m
         28    2.476E+01                                 F               0         Tower X translation displacement, node 10, m
         29   -6.633E+00                                 F               0         Tower Y translation displacement, node 10, m
         30   -1.310E+00                                 F               0         Tower Z translation displacement, node 10, m
         31    2.633E+01                                 F               0         Tower X translation displacement, node 11, m
         32   -7.244E+00                                 F               0         Tower Y translation displacement, node 11, m
         33   -1.425E+00                                 F               0         Tower Z translation displacement, node 11, m
         34    9.930E-01,  9.901E-03, -1.177E-01         F               0         Tower X orientation angle, node 1, rad
         35   -4.266E-03,  9.988E-01,  4.804E-02         F               0         Tower Y orientation angle, node 1, rad
         36    1.180E-01, -4.720E-02,  9.919E-01         F               0         Tower Z orientation angle, node 1, rad
         37    9.928E-01,  9.990E-03, -1.195E-01         F               0         Tower X orientation angle, node 2, rad
         38   -4.213E-03,  9.988E-01,  4.848E-02         F               0         Tower Y orientation angle, node 2, rad
         39    1.199E-01, -4.763E-02,  9.916E-01         F               0         Tower Z orientation angle, node 2, rad
         40    9.926E-01,  1.007E-02, -1.212E-01         F               0         Tower X orientation angle, node 3, rad
         41   -4.164E-03,  9.988E-01,  4.888E-02         F               0         Tower Y orientation angle, node 3, rad
         42    1.215E-01, -4.802E-02,  9.914E-01         F               0         Tower Z orientation angle, node 3, rad
         43    9.924E-01,  1.014E-02, -1.226E-01         F               0         Tower X orientation angle, node 4, rad
         44   -4.121E-03,  9.988E-01,  4.923E-02         F               0         Tower Y orientation angle, node 4, rad
         45    1.229E-01, -4.835E-02,  9.912E-01         F               0         Tower Z orientation angle, node 4, rad
         46    9.923E-01,  1.019E-02, -1.237E-01         F               0         Tower X orientation angle, node 5, rad
         47   -4.084E-03,  9.988E-01,  4.953E-02         F               0         Tower Y orientation angle, node 5, rad
         48    1.240E-01, -4.865E-02,  9.911E-01         F               0         Tower Z orientation angle, node 5, rad
         49    9.922E-01,  1.024E-02, -1.246E-01         F               0         Tower X orientation angle, node 6, rad
         50   -4.052E-03,  9.988E-01,  4.979E-02         F               0         Tower Y orientation angle, node 6, rad
         51    1.250E-01, -4.889E-02,  9.910E-01         F               0         Tower Z orientation angle, node 6, rad
         52    9.921E-01,  1.027E-02, -1.253E-01         F               0         Tower X orientation angle, node 7, rad
         53   -4.027E-03,  9.987E-01,  4.999E-02         F               0         Tower Y orientation angle, node 7, rad
         54    1.256E-01, -4.909E-02,  9.909E-01         F               0         Tower Z orientation angle, node 7, rad
         55    9.920E-01,  1.029E-02, -1.258E-01         F               0         Tower X orientation angle, node 8, rad
         56   -4.007E-03,  9.987E-01,  5.014E-02         F               0         Tower Y orientation angle, node 8, rad
         57    1.261E-01, -4.924E-02,  9.908E-01         F               0         Tower Z orientation angle, node 8, rad
         58    9.920E-01,  1.031E-02, -1.261E-01         F               0         Tower X orientation angle, node 9, rad
         59   -3.992E-03,  9.987E-01,  5.026E-02         F               0         Tower Y orientation angle, node 9, rad
         60    1.265E-01, -4.935E-02,  9.907E-01         F               0         Tower Z orientation angle, node 9, rad
         61    9.919E-01,  1.032E-02, -1.263E-01         F               0         Tower X orientation angle, node 10, rad
         62   -3.983E-03,  9.987E-01,  5.033E-02         F               0         Tower Y orientation angle, node 10, rad
         63    1.267E-01, -4.942E-02,  9.907E-01         F               0         Tower Z orientation angle, node 10, rad
         64    9.919E-01,  1.033E-02, -1.264E-01         F               0         Tower X orientation angle, node 11, rad
         65   -3.978E-03,  9.987E-01,  5.038E-02         F               0         Tower Y orientation angle, node 11, rad
         66    1.268E-01, -4.947E-02,  9.907E-01         F               0         Tower Z orientation angle, node 11, rad
         67   -4.919E-03                                 F               0         Tower X translation velocity, node 1, m/s
         68    4.434E-03                                 F               0         Tower Y translation velocity, node 1, m/s
         69    4.366E-03                                 F               0         Tower Z translation velocity, node 1, m/s
         70   -5.143E-03                                 F               0         Tower X translation velocity, node 2, m/s
         71    6.163E-03                                 F               0         Tower Y translation velocity, node 2, m/s
         72    4.475E-03                                 F               0         Tower Z translation velocity, node 2, m/s
         73   -5.275E-03                                 F               0         Tower X translation velocity, node 3, m/s
         74    7.934E-03                                 F               0         Tower Y translation velocity, node 3, m/s
         75    4.577E-03                                 F               0         Tower Z translation velocity, node 3, m/s
         76   -5.337E-03                                 F               0         Tower X translation velocity, node 4, m/s
         77    9.737E-03                                 F               0         Tower Y translation velocity, node 4, m/s
         78    4.672E-03                                 F               0         Tower Z translation velocity, node 4, m/s
         79   -5.337E-03                                 F               0         Tower X translation velocity, node 5, m/s
         80    1.157E-02                                 F               0         Tower Y translation velocity, node 5, m/s
         81    4.762E-03                                 F               0         Tower Z translation velocity, node 5, m/s
         82   -5.288E-03                                 F               0         Tower X translation velocity, node 6, m/s
         83    1.342E-02                                 F               0         Tower Y translation velocity, node 6, m/s
         84    4.847E-03                                 F               0         Tower Z translation velocity, node 6, m/s
         85   -5.200E-03                                 F               0         Tower X translation velocity, node 7, m/s
         86    1.529E-02                                 F               0         Tower Y translation velocity, node 7, m/s
         87    4.928E-03                                 F               0         Tower Z translation velocity, node 7, m/s
         88   -5.079E-03                                 F               0         Tower X translation velocity, node 8, m/s
         89    1.717E-02                                 F               0         Tower Y translation velocity, node 8, m/s
         90    5.006E-03                                 F               0         Tower Z translation velocity, node 8, m/s
         91   -4.934E-03                                 F               0         Tower X translation velocity, node 9, m/s
         92    1.906E-02                                 F               0         Tower Y translation velocity, node 9, m/s
         93    5.082E-03                                 F               0         Tower Z translation velocity, node 9, m/s
         94   -4.771E-03                                 F               0         Tower X translation velocity, node 10, m/s
         95    2.096E-02                                 F               0         Tower Y translation velocity, node 10, m/s
         96    5.156E-03                                 F               0         Tower Z translation velocity, node 10, m/s
         97   -4.600E-03                                 F               0         Tower X translation velocity, node 11, m/s
         98    2.287E-02                                 F               0         Tower Y translation velocity, node 11, m/s
         99    5.229E-03                                 F               0         Tower Z translation velocity, node 11, m/s
        100    2.741E+01                                 F               0         Hub X translation displacement, node 1, m
        101   -7.744E+00                                 F               0         Hub Y translation displacement, node 1, m
        102   -1.322E-01                                 F               0         Hub Z translation displacement, node 1, m
        103    9.732E-01,  1.544E-02, -2.293E-01         F               0         Hub X orientation angle, node 1, rad
        104    2.177E-01, -3.818E-01,  8.982E-01         F               0         Hub Y orientation angle, node 1, rad
        105   -7.369E-02, -9.241E-01, -3.750E-01         F               0         Hub Z orientation angle, node 1, rad
        106    8.537E-01                                 F               0         Hub X rotation velocity, node 1, rad/s
        107    1.356E-02                                 F               0         Hub Y rotation velocity, node 1, rad/s
        108   -2.011E-01                                 F               0         Hub Z rotation velocity, node 1, rad/s
        109    9.663E-01,  2.676E-02, -2.558E-01         F               0         Blade root 1 X orientation angle, node 1, rad
        110    2.465E-01, -3.812E-01,  8.910E-01         F               0         Blade root 1 Y orientation angle, node 1, rad
        111   -7.369E-02, -9.241E-01, -3.750E-01         F               0         Blade root 1 Z orientation angle, node 1, rad
        112    9.779E-01,  3.351E-02, -2.062E-01         F               0         Blade root 2 X orientation angle, node 1, rad
        113   -1.437E-01, -6.086E-01, -7.803E-01         F               0         Blade root 2 Y orientation angle, node 1, rad
        114   -1.517E-01,  7.927E-01, -5.904E-01         F               0         Blade root 2 Z orientation angle, node 1, rad
        115    9.741E-01, -1.397E-02, -2.255E-01         F               0         Blade root 3 X orientation angle, node 1, rad
        116   -1.613E-02,  9.912E-01, -1.311E-01         F               0         Blade root 3 Y orientation angle, node 1, rad
        117    2.254E-01,  1.314E-01,  9.654E-01         F               0         Blade root 3 Z orientation angle, node 1, rad
        118    2.643E+01                                 F               0         Blade 1 X translation displacement, node 1, m
        119   -1.286E+01                                 F               0         Blade 1 Y translation displacement, node 1, m
        120   -7.719E+00                                 F               0         Blade 1 Z translation displacement, node 1, m
        121    2.619E+01                                 F               0         Blade 1 X translation displacement, node 2, m
        122   -1.410E+01                                 F               0         Blade 1 Y translation displacement, node 2, m
        123   -9.547E+00                                 F               0         Blade 1 Z translation displacement, node 2, m
        124    2.295E+01                                 F               0         Blade 1 X translation displacement, node 3, m
        125   -3.087E+01                                 F               0         Blade 1 Y translation displacement, node 3, m
        126   -3.441E+01                                 F               0         Blade 1 Z translation displacement, node 3, m
        127    2.226E+01                                 F               0         Blade 1 X translation displacement, node 4, m
        128   -3.445E+01                                 F               0         Blade 1 Y translation displacement, node 4, m
        129   -3.970E+01                                 F               0         Blade 1 Z translation displacement, node 4, m
        130    2.157E+01                                 F               0         Blade 1 X translation displacement, node 5, m
        131   -3.802E+01                                 F               0         Blade 1 Y translation displacement, node 5, m
        132   -4.500E+01                                 F               0         Blade 1 Z translation displacement, node 5, m
        133    2.088E+01                                 F               0         Blade 1 X translation displacement, node 6, m
        134   -4.159E+01                                 F               0         Blade 1 Y translation displacement, node 6, m
        135   -5.030E+01                                 F               0         Blade 1 Z translation displacement, node 6, m
        136    2.020E+01                                 F               0         Blade 1 X translation displacement, node 7, m
        137   -4.517E+01                                 F               0         Blade 1 Y translation displacement, node 7, m
        138   -5.559E+01                                 F               0         Blade 1 Z translation displacement, node 7, m
        139    1.951E+01                                 F               0         Blade 1 X translation displacement, node 8, m
        140   -4.874E+01                                 F               0         Blade 1 Y translation displacement, node 8, m
        141   -6.089E+01                                 F               0         Blade 1 Z translation displacement, node 8, m
        142    1.882E+01                                 F               0         Blade 1 X translation displacement, node 9, m
        143   -5.232E+01                                 F               0         Blade 1 Y translation displacement, node 9, m
        144   -6.619E+01                                 F               0         Blade 1 Z translation displacement, node 9, m
        145    1.813E+01                                 F               0         Blade 1 X translation displacement, node 10, m
        146   -5.589E+01                                 F               0         Blade 1 Y translation displacement, node 10, m
        147   -7.149E+01                                 F               0         Blade 1 Z translation displacement, node 10, m
        148    1.744E+01                                 F               0         Blade 1 X translation displacement, node 11, m
        149   -5.946E+01                                 F               0         Blade 1 Y translation displacement, node 11, m
        150   -7.678E+01                                 F               0         Blade 1 Z translation displacement, node 11, m
        151    1.675E+01                                 F               0         Blade 1 X translation displacement, node 12, m
        152   -6.304E+01                                 F               0         Blade 1 Y translation displacement, node 12, m
        153   -8.208E+01                                 F               0         Blade 1 Z translation displacement, node 12, m
        154    1.606E+01                                 F               0         Blade 1 X translation displacement, node 13, m
        155   -6.661E+01                                 F               0         Blade 1 Y translation displacement, node 13, m
        156   -8.738E+01                                 F               0         Blade 1 Z translation displacement, node 13, m
        157    1.537E+01                                 F               0         Blade 1 X translation displacement, node 14, m
        158   -7.019E+01                                 F               0         Blade 1 Y translation displacement, node 14, m
        159   -9.267E+01                                 F               0         Blade 1 Z translation displacement, node 14, m
        160    1.468E+01                                 F               0         Blade 1 X translation displacement, node 15, m
        161   -7.376E+01                                 F               0         Blade 1 Y translation displacement, node 15, m
        162   -9.797E+01                                 F               0         Blade 1 Z translation displacement, node 15, m
        163    1.399E+01                                 F               0         Blade 1 X translation displacement, node 16, m
        164   -7.734E+01                                 F               0         Blade 1 Y translation displacement, node 16, m
        165   -1.033E+02                                 F               0         Blade 1 Z translation displacement, node 16, m
        166    1.330E+01                                 F               0         Blade 1 X translation displacement, node 17, m
        167   -8.091E+01                                 F               0         Blade 1 Y translation displacement, node 17, m
        168   -1.086E+02                                 F               0         Blade 1 Z translation displacement, node 17, m
        169    1.261E+01                                 F               0         Blade 1 X translation displacement, node 18, m
        170   -8.448E+01                                 F               0         Blade 1 Y translation displacement, node 18, m
        171   -1.139E+02                                 F               0         Blade 1 Z translation displacement, node 18, m
        172    1.192E+01                                 F               0         Blade 1 X translation displacement, node 19, m
        173   -8.806E+01                                 F               0         Blade 1 Y translation displacement, node 19, m
        174   -1.192E+02                                 F               0         Blade 1 Z translation displacement, node 19, m
        175    1.123E+01                                 F               0         Blade 1 X translation displacement, node 20, m
        176   -9.163E+01                                 F               0         Blade 1 Y translation displacement, node 20, m
        177   -1.245E+02                                 F               0         Blade 1 Z translation displacement, node 20, m
        178    1.055E+01                                 F               0         Blade 1 X translation displacement, node 21, m
        179   -9.521E+01                                 F               0         Blade 1 Y translation displacement, node 21, m
        180   -1.298E+02                                 F               0         Blade 1 Z translation displacement, node 21, m
        181    9.856E+00                                 F               0         Blade 1 X translation displacement, node 22, m
        182   -9.878E+01                                 F               0         Blade 1 Y translation displacement, node 22, m
        183   -1.350E+02                                 F               0         Blade 1 Z translation displacement, node 22, m
        184    9.167E+00                                 F               0         Blade 1 X translation displacement, node 23, m
        185   -1.024E+02                                 F               0         Blade 1 Y translation displacement, node 23, m
        186   -1.403E+02                                 F               0         Blade 1 Z translation displacement, node 23, m
        187    8.478E+00                                 F               0         Blade 1 X translation displacement, node 24, m
        188   -1.059E+02                                 F               0         Blade 1 Y translation displacement, node 24, m
        189   -1.456E+02                                 F               0         Blade 1 Z translation displacement, node 24, m
        190    7.788E+00                                 F               0         Blade 1 X translation displacement, node 25, m
        191   -1.095E+02                                 F               0         Blade 1 Y translation displacement, node 25, m
        192   -1.509E+02                                 F               0         Blade 1 Z translation displacement, node 25, m
        193    7.099E+00                                 F               0         Blade 1 X translation displacement, node 26, m
        194   -1.131E+02                                 F               0         Blade 1 Y translation displacement, node 26, m
        195   -1.562E+02                                 F               0         Blade 1 Z translation displacement, node 26, m
        196    6.410E+00                                 F               0         Blade 1 X translation displacement, node 27, m
        197   -1.167E+02                                 F               0         Blade 1 Y translation displacement, node 27, m
        198   -1.615E+02                                 F               0         Blade 1 Z translation displacement, node 27, m
        199    5.825E+00                                 F               0         Blade 1 X translation displacement, node 28, m
        200   -1.197E+02                                 F               0         Blade 1 Y translation displacement, node 28, m
        201   -1.660E+02                                 F               0         Blade 1 Z translation displacement, node 28, m
        202    7.476E-01,  1.977E-01, -6.340E-01         F               0         Blade 1 X orientation angle, node 1, rad
        203    6.600E-01, -3.271E-01,  6.763E-01         F               0         Blade 1 Y orientation angle, node 1, rad
        204   -7.369E-02, -9.241E-01, -3.750E-01         F               0         Blade 1 Z orientation angle, node 1, rad
        205    7.476E-01,  1.977E-01, -6.340E-01         F               0         Blade 1 X orientation angle, node 2, rad
        206    6.600E-01, -3.271E-01,  6.763E-01         F               0         Blade 1 Y orientation angle, node 2, rad
        207   -7.369E-02, -9.241E-01, -3.750E-01         F               0         Blade 1 Z orientation angle, node 2, rad
        208    8.828E-01,  1.145E-01, -4.557E-01         F               0         Blade 1 X orientation angle, node 3, rad
        209    4.640E-01, -3.646E-01,  8.073E-01         F               0         Blade 1 Y orientation angle, node 3, rad
        210   -7.369E-02, -9.241E-01, -3.750E-01         F               0         Blade 1 Z orientation angle, node 3, rad
        211    9.016E-01,  9.901E-02, -4.212E-01         F               0         Blade 1 X orientation angle, node 4, rad
        212    4.263E-01, -3.691E-01,  8.258E-01         F               0         Blade 1 Y orientation angle, node 4, rad
        213   -7.369E-02, -9.241E-01, -3.750E-01         F               0         Blade 1 Z orientation angle, node 4, rad
        214    9.152E-01,  8.672E-02, -3.935E-01         F               0         Blade 1 X orientation angle, node 5, rad
        215    3.962E-01, -3.722E-01,  8.393E-01         F               0         Blade 1 Y orientation angle, node 5, rad
        216   -7.369E-02, -9.241E-01, -3.750E-01         F               0         Blade 1 Z orientation angle, node 5, rad
        217    9.254E-01,  7.682E-02, -3.711E-01         F               0         Blade 1 X orientation angle, node 6, rad
        218    3.718E-01, -3.744E-01,  8.495E-01         F               0         Blade 1 Y orientation angle, node 6, rad
        219   -7.369E-02, -9.241E-01, -3.750E-01         F               0         Blade 1 Z orientation angle, node 6, rad
        220    9.333E-01,  6.863E-02, -3.525E-01         F               0         Blade 1 X orientation angle, node 7, rad
        221    3.515E-01, -3.759E-01,  8.574E-01         F               0         Blade 1 Y orientation angle, node 7, rad
        222   -7.369E-02, -9.241E-01, -3.750E-01         F               0         Blade 1 Z orientation angle, node 7, rad
        223    9.395E-01,  6.180E-02, -3.369E-01         F               0         Blade 1 X orientation angle, node 8, rad
        224    3.345E-01, -3.771E-01,  8.636E-01         F               0         Blade 1 Y orientation angle, node 8, rad
        225   -7.369E-02, -9.241E-01, -3.750E-01         F               0         Blade 1 Z orientation angle, node 8, rad
        226    9.445E-01,  5.600E-02, -3.236E-01         F               0         Blade 1 X orientation angle, node 9, rad
        227    3.200E-01, -3.780E-01,  8.687E-01         F               0         Blade 1 Y orientation angle, node 9, rad
        228   -7.369E-02, -9.241E-01, -3.750E-01         F               0         Blade 1 Z orientation angle, node 9, rad
        229    9.487E-01,  5.098E-02, -3.120E-01         F               0         Blade 1 X orientation angle, node 10, rad
        230    3.075E-01, -3.787E-01,  8.729E-01         F               0         Blade 1 Y orientation angle, node 10, rad
        231   -7.369E-02, -9.241E-01, -3.750E-01         F               0         Blade 1 Z orientation angle, node 10, rad
        232    9.521E-01,  4.668E-02, -3.021E-01         F               0         Blade 1 X orientation angle, node 11, rad
        233    2.967E-01, -3.793E-01,  8.764E-01         F               0         Blade 1 Y orientation angle, node 11, rad
        234   -7.369E-02, -9.241E-01, -3.750E-01         F               0         Blade 1 Z orientation angle, node 11, rad
        235    9.550E-01,  4.290E-02, -2.934E-01         F               0         Blade 1 X orientation angle, node 12, rad
        236    2.872E-01, -3.797E-01,  8.794E-01         F               0         Blade 1 Y orientation angle, node 12, rad
        237   -7.369E-02, -9.241E-01, -3.750E-01         F               0         Blade 1 Z orientation angle, node 12, rad
        238    9.575E-01,  3.959E-02, -2.857E-01         F               0         Blade 1 X orientation angle, node 13, rad
        239    2.789E-01, -3.801E-01,  8.819E-01         F               0         Blade 1 Y orientation angle, node 13, rad
        240   -7.369E-02, -9.241E-01, -3.750E-01         F               0         Blade 1 Z orientation angle, node 13, rad
        241    9.597E-01,  3.660E-02, -2.788E-01         F               0         Blade 1 X orientation angle, node 14, rad
        242    2.713E-01, -3.804E-01,  8.841E-01         F               0         Blade 1 Y orientation angle, node 14, rad
        243   -7.369E-02, -9.241E-01, -3.750E-01         F               0         Blade 1 Z orientation angle, node 14, rad
        244    9.615E-01,  3.394E-02, -2.726E-01         F               0         Blade 1 X orientation angle, node 15, rad
        245    2.646E-01, -3.807E-01,  8.860E-01         F               0         Blade 1 Y orientation angle, node 15, rad
        246   -7.369E-02, -9.241E-01, -3.750E-01         F               0         Blade 1 Z orientation angle, node 15, rad
        247    9.632E-01,  3.155E-02, -2.670E-01         F               0         Blade 1 X orientation angle, node 16, rad
        248    2.586E-01, -3.809E-01,  8.877E-01         F               0         Blade 1 Y orientation angle, node 16, rad
        249   -7.369E-02, -9.241E-01, -3.750E-01         F               0         Blade 1 Z orientation angle, node 16, rad
        250    9.646E-01,  2.942E-02, -2.621E-01         F               0         Blade 1 X orientation angle, node 17, rad
        251    2.532E-01, -3.810E-01,  8.892E-01         F               0         Blade 1 Y orientation angle, node 17, rad
        252   -7.369E-02, -9.241E-01, -3.750E-01         F               0         Blade 1 Z orientation angle, node 17, rad
        253    9.659E-01,  2.743E-02, -2.574E-01         F               0         Blade 1 X orientation angle, node 18, rad
        254    2.481E-01, -3.812E-01,  8.906E-01         F               0         Blade 1 Y orientation angle, node 18, rad
        255   -7.369E-02, -9.241E-01, -3.750E-01         F               0         Blade 1 Z orientation angle, node 18, rad
        256    9.671E-01,  2.563E-02, -2.532E-01         F               0         Blade 1 X orientation angle, node 19, rad
        257    2.436E-01, -3.813E-01,  8.918E-01         F               0         Blade 1 Y orientation angle, node 19, rad
        258   -7.369E-02, -9.241E-01, -3.750E-01         F               0         Blade 1 Z orientation angle, node 19, rad
        259    9.681E-01,  2.403E-02, -2.495E-01         F               0         Blade 1 X orientation angle, node 20, rad
        260    2.395E-01, -3.814E-01,  8.928E-01         F               0         Blade 1 Y orientation angle, node 20, rad
        261   -7.369E-02, -9.241E-01, -3.750E-01         F               0         Blade 1 Z orientation angle, node 20, rad
        262    9.690E-01,  2.250E-02, -2.459E-01         F               0         Blade 1 X orientation angle, node 21, rad
        263    2.357E-01, -3.815E-01,  8.938E-01         F               0         Blade 1 Y orientation angle, node 21, rad
        264   -7.369E-02, -9.241E-01, -3.750E-01         F               0         Blade 1 Z orientation angle, node 21, rad
        265    9.699E-01,  2.110E-02, -2.426E-01         F               0         Blade 1 X orientation angle, node 22, rad
        266    2.321E-01, -3.816E-01,  8.947E-01         F               0         Blade 1 Y orientation angle, node 22, rad
        267   -7.369E-02, -9.241E-01, -3.750E-01         F               0         Blade 1 Z orientation angle, node 22, rad
        268    9.707E-01,  1.984E-02, -2.396E-01         F               0         Blade 1 X orientation angle, node 23, rad
        269    2.289E-01, -3.816E-01,  8.955E-01         F               0         Blade 1 Y orientation angle, node 23, rad
        270   -7.369E-02, -9.241E-01, -3.750E-01         F               0         Blade 1 Z orientation angle, node 23, rad
        271    9.714E-01,  1.864E-02, -2.368E-01         F               0         Blade 1 X orientation angle, node 24, rad
        272    2.258E-01, -3.817E-01,  8.963E-01         F               0         Blade 1 Y orientation angle, node 24, rad
        273   -7.369E-02, -9.241E-01, -3.750E-01         F               0         Blade 1 Z orientation angle, node 24, rad
        274    9.720E-01,  1.751E-02, -2.342E-01         F               0         Blade 1 X orientation angle, node 25, rad
        275    2.229E-01, -3.818E-01,  8.970E-01         F               0         Blade 1 Y orientation angle, node 25, rad
        276   -7.369E-02, -9.241E-01, -3.750E-01         F               0         Blade 1 Z orientation angle, node 25, rad
        277    9.726E-01,  1.651E-02, -2.318E-01         F               0         Blade 1 X orientation angle, node 26, rad
        278    2.204E-01, -3.818E-01,  8.976E-01         F               0         Blade 1 Y orientation angle, node 26, rad
        279   -7.369E-02, -9.241E-01, -3.750E-01         F               0         Blade 1 Z orientation angle, node 26, rad
        280    9.732E-01,  1.551E-02, -2.295E-01         F               0         Blade 1 X orientation angle, node 27, rad
        281    2.179E-01, -3.818E-01,  8.982E-01         F               0         Blade 1 Y orientation angle, node 27, rad
        282   -7.369E-02, -9.241E-01, -3.750E-01         F               0         Blade 1 Z orientation angle, node 27, rad
        283    9.735E-01,  1.498E-02, -2.282E-01         F               0         Blade 1 X orientation angle, node 28, rad
        284    2.165E-01, -3.819E-01,  8.985E-01         F               0         Blade 1 Y orientation angle, node 28, rad
        285   -7.369E-02, -9.241E-01, -3.750E-01         F               0         Blade 1 Z orientation angle, node 28, rad
        286   -1.062E+00                                 F               0         Blade 1 X translation velocity, node 1, m/s
        287    1.879E+00                                 F               0         Blade 1 Y translation velocity, node 1, m/s
        288   -4.360E+00                                 F               0         Blade 1 Z translation velocity, node 1, m/s
        289   -1.317E+00                                 F               0         Blade 1 X translation velocity, node 2, m/s
        290    2.326E+00                                 F               0         Blade 1 Y translation velocity, node 2, m/s
        291   -5.412E+00                                 F               0         Blade 1 Z translation velocity, node 2, m/s
        292   -4.782E+00                                 F               0         Blade 1 X translation velocity, node 3, m/s
        293    8.406E+00                                 F               0         Blade 1 Y translation velocity, node 3, m/s
        294   -1.971E+01                                 F               0         Blade 1 Z translation velocity, node 3, m/s
        295   -5.521E+00                                 F               0         Blade 1 X translation velocity, node 4, m/s
        296    9.702E+00                                 F               0         Blade 1 Y translation velocity, node 4, m/s
        297   -2.276E+01                                 F               0         Blade 1 Z translation velocity, node 4, m/s
        298   -6.259E+00                                 F               0         Blade 1 X translation velocity, node 5, m/s
        299    1.100E+01                                 F               0         Blade 1 Y translation velocity, node 5, m/s
        300   -2.581E+01                                 F               0         Blade 1 Z translation velocity, node 5, m/s
        301   -6.997E+00                                 F               0         Blade 1 X translation velocity, node 6, m/s
        302    1.229E+01                                 F               0         Blade 1 Y translation velocity, node 6, m/s
        303   -2.886E+01                                 F               0         Blade 1 Z translation velocity, node 6, m/s
        304   -7.736E+00                                 F               0         Blade 1 X translation velocity, node 7, m/s
        305    1.359E+01                                 F               0         Blade 1 Y translation velocity, node 7, m/s
        306   -3.190E+01                                 F               0         Blade 1 Z translation velocity, node 7, m/s
        307   -8.474E+00                                 F               0         Blade 1 X translation velocity, node 8, m/s
