
Linearized model: Predictions were generated on 13-Feb-2024 at 12:12:09 using OpenFAST, compiled as a 64-bit application using single precision at commit v3.5.1
 linked with  NWTC Subroutine Library; ElastoDyn; InflowWind; AeroDyn; ServoDyn; HydroDyn; MAP++ (<1.20.10>, <Oct-20-2023>)

Description from the FAST input file: CCT-9 Campign 4 model. Input files to be run with OpenFAST 3.5.0. GitHub branch from Lu Wang (https://github.com/luwang00/openfast/tree/dev) compiled on March 7, 2023.

Simulation information:
   Simulation time:                   777.2750 s
   Rotor Speed:                         0.7919 rad/s
   Azimuth:                             5.4164 rad
   Wind Speed:                         24.0000 m/s
   Number of continuous states:         0
   Number of discrete states:           0
   Number of constraint states:         0
   Number of inputs:                 1746
   Number of outputs:                   4
   Jacobians included in this file?    No

Order of inputs:
     Column   Operating Point                                                   Rotating Frame? Derivative Order Description
   ---------- ---------------                                                   --------------- ---------------- -----------
          1     8.55896091461E+000                                                     F               0         Tower X translation displacement, node 1, m
          2    -1.82240390778E+000                                                     F               0         Tower Y translation displacement, node 1, m
          3    -2.27716818452E-001                                                     F               0         Tower Z translation displacement, node 1, m
          4     9.73289585114E+000                                                     F               0         Tower X translation displacement, node 2, m
          5    -2.49865674973E+000                                                     F               0         Tower Y translation displacement, node 2, m
          6    -3.02223980427E-001                                                     F               0         Tower Z translation displacement, node 2, m
          7     1.09245634079E+001                                                     F               0         Tower X translation displacement, node 3, m
          8    -3.18234205246E+000                                                     F               0         Tower Y translation displacement, node 3, m
          9    -3.78846764565E-001                                                     F               0         Tower Z translation displacement, node 3, m
         10     1.21294755936E+001                                                     F               0         Tower X translation displacement, node 4, m
         11    -3.87214732170E+000                                                     F               0         Tower Y translation displacement, node 4, m
         12    -4.57104533911E-001                                                     F               0         Tower Z translation displacement, node 4, m
         13     1.33451223373E+001                                                     F               0         Tower X translation displacement, node 5, m
         14    -4.56748676300E+000                                                     F               0         Tower Y translation displacement, node 5, m
         15    -5.36729812622E-001                                                     F               0         Tower Z translation displacement, node 5, m
         16     1.45691661835E+001                                                     F               0         Tower X translation displacement, node 6, m
         17    -5.26774072647E+000                                                     F               0         Tower Y translation displacement, node 6, m
         18    -6.17479681969E-001                                                     F               0         Tower Z translation displacement, node 6, m
         19     1.57991085052E+001                                                     F               0         Tower X translation displacement, node 7, m
         20    -5.97194194794E+000                                                     F               0         Tower Y translation displacement, node 7, m
         21    -6.99030697346E-001                                                     F               0         Tower Z translation displacement, node 7, m
         22     1.70337562561E+001                                                     F               0         Tower X translation displacement, node 8, m
         23    -6.67977952957E+000                                                     F               0         Tower Y translation displacement, node 8, m
         24    -7.81275629997E-001                                                     F               0         Tower Z translation displacement, node 8, m
         25     1.82715606689E+001                                                     F               0         Tower X translation displacement, node 9, m
         26    -7.39050245285E+000                                                     F               0         Tower Y translation displacement, node 9, m
         27    -8.63995969296E-001                                                     F               0         Tower Z translation displacement, node 9, m
         28     1.95112724304E+001                                                     F               0         Tower X translation displacement, node 10, m
         29    -8.10331249237E+000                                                     F               0         Tower Y translation displacement, node 10, m
         30    -9.47036087513E-001                                                     F               0         Tower Z translation displacement, node 10, m
         31     2.07519054413E+001                                                     F               0         Tower X translation displacement, node 11, m
         32    -8.81742858887E+000                                                     F               0         Tower Y translation displacement, node 11, m
         33    -1.03024244308E+000                                                     F               0         Tower Z translation displacement, node 11, m
         34     9.95460867882E-001,  -6.64422661066E-003,  -9.49397608638E-002         F               0         Tower X orientation angle, node 1, rad
         35     1.17793157697E-002,   9.98491406441E-001,   5.36302700639E-002         F               0         Tower Y orientation angle, node 1, rad
         36     9.44401994348E-002,  -5.45051582158E-002,   9.94037330151E-001         F               0         Tower Z orientation angle, node 1, rad
         37     9.95330572128E-001,  -6.56919088215E-003,  -9.63011682034E-002         F               0         Tower X orientation angle, node 2, rad
         38     1.18313906714E-002,   9.98461365700E-001,   5.41744343936E-002         F               0         Tower Y orientation angle, node 2, rad
         39     9.57971140742E-002,  -5.50608485937E-002,   9.93876874447E-001         F               0         Tower Z orientation angle, node 2, rad
         40     9.95216310024E-001,  -6.50358013809E-003,  -9.74794402719E-002         F               0         Tower X orientation angle, node 3, rad
         41     1.18803912774E-002,   9.98433232307E-001,   5.46799227595E-002         F               0         Tower Y orientation angle, node 3, rad
         42     9.69711020589E-002,  -5.55764436722E-002,   9.93734300137E-001         F               0         Tower Z orientation angle, node 3, rad
         43     9.95120525360E-001,  -6.44864700735E-003,  -9.84561443329E-002         F               0         Tower X orientation angle, node 4, rad
         44     1.19256097823E-002,   9.98407304287E-001,   5.51417283714E-002         F               0         Tower Y orientation angle, node 4, rad
         45     9.79437455535E-002,  -5.60468137264E-002,   9.93612468243E-001         F               0         Tower Z orientation angle, node 4, rad
         46     9.95042860508E-001,  -6.40407856554E-003,  -9.92407724261E-002         F               0         Tower X orientation angle, node 5, rad
         47     1.19666634127E-002,   9.98383760452E-001,   5.55579625070E-002         F               0         Tower Y orientation angle, node 5, rad
         48     9.87245738506E-002,  -5.64701333642E-002,   9.93511259556E-001         F               0         Tower Z orientation angle, node 5, rad
         49     9.94982242584E-001,  -6.36920891702E-003,  -9.98485609889E-002         F               0         Tower X orientation angle, node 6, rad
         50     1.20031051338E-002,   9.98362779617E-001,   5.59256523848E-002         F               0         Tower Y orientation angle, node 6, rad
         51     9.93288904428E-002,  -5.68435229361E-002,   9.93429720402E-001         F               0         Tower Z orientation angle, node 6, rad
         52     9.94938254356E-001,  -6.34374748915E-003,  -1.00287720561E-001         F               0         Tower X orientation angle, node 7, rad
         53     1.20339896530E-002,   9.98344957829E-001,   5.62364831567E-002         F               0         Tower Y orientation angle, node 7, rad
         54     9.97649878263E-002,  -5.71586899459E-002,   9.93367910385E-001         F               0         Tower Z orientation angle, node 7, rad
         55     9.94907319546E-001,  -6.32572919130E-003,  -1.00595243275E-001         F               0         Tower X orientation angle, node 8, rad
         56     1.20592759922E-002,   9.98330295086E-001,   5.64906932414E-002         F               0         Tower Y orientation angle, node 8, rad
         57     1.00069932640E-001,  -5.74161075056E-002,   9.93322432041E-001         F               0         Tower Z orientation angle, node 8, rad
         58     9.94887232780E-001,  -6.31392886862E-003,  -1.00794419646E-001         F               0         Tower X orientation angle, node 9, rad
         59     1.20785757899E-002,   9.98319089413E-001,   5.66847398877E-002         F               0         Tower Y orientation angle, node 9, rad
         60     1.00267089903E-001,  -5.76123744249E-002,   9.93291139603E-001         F               0         Tower Z orientation angle, node 9, rad
         61     9.94875788689E-001,  -6.30713254213E-003,  -1.00907780230E-001         F               0         Tower X orientation angle, node 10, rad
         62     1.20915994048E-002,   9.98311460018E-001,   5.68158067763E-002         F               0         Tower Y orientation angle, node 10, rad
         63     1.00379049778E-001,  -5.77448084950E-002,   9.93272185326E-001         F               0         Tower Z orientation angle, node 10, rad
         64     9.94870424271E-001,  -6.30392180756E-003,  -1.00960627198E-001         F               0         Tower X orientation angle, node 11, rad
         65     1.20988646522E-002,   9.98307168484E-001,   5.68890348077E-002         F               0         Tower Y orientation angle, node 11, rad
         66     1.00431099534E-001,  -5.78187257051E-002,   9.93262588978E-001         F               0         Tower Z orientation angle, node 11, rad
         67     5.93001209199E-003                                                     F               0         Tower X translation velocity, node 1, m/s
         68     4.92311036214E-003                                                     F               0         Tower Y translation velocity, node 1, m/s
         69    -5.23571763188E-003                                                     F               0         Tower Z translation velocity, node 1, m/s
         70     7.25650973618E-003                                                     F               0         Tower X translation velocity, node 2, m/s
         71     6.06829347089E-003                                                     F               0         Tower Y translation velocity, node 2, m/s
         72    -5.29940938577E-003                                                     F               0         Tower Z translation velocity, node 2, m/s
         73     8.03130306304E-003                                                     F               0         Tower X translation velocity, node 3, m/s
         74     6.83856848627E-003                                                     F               0         Tower Y translation velocity, node 3, m/s
         75    -5.33168809488E-003                                                     F               0         Tower Z translation velocity, node 3, m/s
         76     8.20071808994E-003                                                     F               0         Tower X translation velocity, node 4, m/s
         77     7.32022244483E-003                                                     F               0         Tower Y translation velocity, node 4, m/s
         78    -5.32121257856E-003                                                     F               0         Tower Z translation velocity, node 4, m/s
         79     7.68359564245E-003                                                     F               0         Tower X translation velocity, node 5, m/s
         80     7.55924778059E-003                                                     F               0         Tower Y translation velocity, node 5, m/s
         81    -5.25641348213E-003                                                     F               0         Tower Z translation velocity, node 5, m/s
         82     6.42908271402E-003                                                     F               0         Tower X translation velocity, node 6, m/s
         83     7.59945809841E-003                                                     F               0         Tower Y translation velocity, node 6, m/s
         84    -5.12896524742E-003                                                     F               0         Tower Z translation velocity, node 6, m/s
         85     4.48607839644E-003                                                     F               0         Tower X translation velocity, node 7, m/s
         86     7.49236950651E-003                                                     F               0         Tower Y translation velocity, node 7, m/s
         87    -4.94038267061E-003                                                     F               0         Tower Z translation velocity, node 7, m/s
         88     1.82439549826E-003                                                     F               0         Tower X translation velocity, node 8, m/s
         89     7.25989416242E-003                                                     F               0         Tower Y translation velocity, node 8, m/s
         90    -4.68605291098E-003                                                     F               0         Tower Z translation velocity, node 8, m/s
         91    -1.47656584159E-003                                                     F               0         Tower X translation velocity, node 9, m/s
         92     6.93598017097E-003                                                     F               0         Tower Y translation velocity, node 9, m/s
         93    -4.37193270773E-003                                                     F               0         Tower Z translation velocity, node 9, m/s
         94    -5.28953131288E-003                                                     F               0         Tower X translation velocity, node 10, m/s
         95     6.55058119446E-003                                                     F               0         Tower Y translation velocity, node 10, m/s
         96    -4.00921422988E-003                                                     F               0         Tower Z translation velocity, node 10, m/s
         97    -9.45661496371E-003                                                     F               0         Tower X translation velocity, node 11, m/s
         98     6.12846715376E-003                                                     F               0         Tower Y translation velocity, node 11, m/s
         99    -3.61263845116E-003                                                     F               0         Tower Z translation velocity, node 11, m/s
        100     2.15957107544E+001                                                     F               0         Hub X translation displacement, node 1, m
        101    -9.20323085785E+000                                                     F               0         Hub Y translation displacement, node 1, m
        102     7.29910098016E-003                                                     F               0         Hub Z translation displacement, node 1, m
        103     9.78922545910E-001,  -2.25685551413E-004,  -2.04231768847E-001         F               0         Hub X orientation angle, node 1, rad
        104    -1.47576808929E-001,   6.90490245819E-001,  -7.08127319813E-001         F               0         Hub Y orientation angle, node 1, rad
        105     1.41179859638E-001,   7.23341643810E-001,   6.75903141499E-001         F               0         Hub Z orientation angle, node 1, rad
        106     7.75254189968E-001                                                     F               0         Hub X rotation velocity, node 1, rad/s
        107    -5.23877097294E-004                                                     F               0         Hub Y rotation velocity, node 1, rad/s
        108    -1.61743834615E-001                                                     F               0         Hub Z rotation velocity, node 1, rad/s
        109     9.79565858841E-001,  -2.00857207179E-001,   1.03467665613E-002         F               0         Blade root 1 X orientation angle, node 1, rad
        110     1.43244266510E-001,   6.60630941391E-001,  -7.36917793751E-001         F               0         Blade root 1 Y orientation angle, node 1, rad
        111     1.41179859638E-001,   7.23341643810E-001,   6.75903141499E-001         F               0         Blade root 1 Z orientation angle, node 1, rad
        112     8.79714429379E-001,  -8.19227322936E-002,  -4.68392163515E-001         F               0         Blade root 2 X orientation angle, node 1, rad
        113     4.72047626972E-001,   2.68988698721E-001,   8.39533269405E-001         F               0         Blade root 2 Y orientation angle, node 1, rad
        114     5.72153329849E-002,  -9.59652960300E-001,   2.75304645300E-001         F               0         Blade root 2 Z orientation angle, node 1, rad
        115     9.50769662857E-001,   2.82132118940E-001,  -1.28212913871E-001         F               0         Blade root 3 X orientation angle, node 1, rad
        116     2.38068103790E-001,  -9.29816365242E-001,  -2.80651241541E-001         F               0         Blade root 3 Y orientation angle, node 1, rad
        117    -1.98395192623E-001,   2.36311271787E-001,  -9.51207816601E-001         F               0         Blade root 3 Z orientation angle, node 1, rad
        118     2.17987575531E+001                                                     F               0         Blade 1 X translation displacement, node 1, m
        119    -5.19591760635E+000                                                     F               0         Blade 1 Y translation displacement, node 1, m
        120    -1.75785624981E+000                                                     F               0         Blade 1 Z translation displacement, node 1, m
        121     2.18476848602E+001                                                     F               0         Blade 1 X translation displacement, node 2, m
        122    -4.23032474518E+000                                                     F               0         Blade 1 Y translation displacement, node 2, m
        123    -2.18317985535E+000                                                     F               0         Blade 1 Z translation displacement, node 2, m
        124     2.25129966736E+001                                                     F               0         Blade 1 X translation displacement, node 3, m
        125     8.90006732941E+000                                                     F               0         Blade 1 Y translation displacement, node 3, m
        126    -7.96687412262E+000                                                     F               0         Blade 1 Z translation displacement, node 3, m
        127     2.26547431946E+001                                                     F               0         Blade 1 X translation displacement, node 4, m
        128     1.16975746155E+001                                                     F               0         Blade 1 Y translation displacement, node 4, m
        129    -9.19913196564E+000                                                     F               0         Blade 1 Z translation displacement, node 4, m
        130     2.27965202332E+001                                                     F               0         Blade 1 X translation displacement, node 5, m
        131     1.44956150055E+001                                                     F               0         Blade 1 Y translation displacement, node 5, m
        132    -1.04316091537E+001                                                     F               0         Blade 1 Z translation displacement, node 5, m
        133     2.29382686615E+001                                                     F               0         Blade 1 X translation displacement, node 6, m
        134     1.72931327820E+001                                                     F               0         Blade 1 Y translation displacement, node 6, m
        135    -1.16638727188E+001                                                     F               0         Blade 1 Z translation displacement, node 6, m
        136     2.30800189972E+001                                                     F               0         Blade 1 X translation displacement, node 7, m
        137     2.00906620026E+001                                                     F               0         Blade 1 Y translation displacement, node 7, m
        138    -1.28961267471E+001                                                     F               0         Blade 1 Z translation displacement, node 7, m
        139     2.32217922211E+001                                                     F               0         Blade 1 X translation displacement, node 8, m
        140     2.28886909485E+001                                                     F               0         Blade 1 Y translation displacement, node 8, m
        141    -1.41286144257E+001                                                     F               0         Blade 1 Z translation displacement, node 8, m
        142     2.33635425568E+001                                                     F               0         Blade 1 X translation displacement, node 9, m
        143     2.56862201691E+001                                                     F               0         Blade 1 Y translation displacement, node 9, m
        144    -1.53608665466E+001                                                     F               0         Blade 1 Z translation displacement, node 9, m
        145     2.35052909851E+001                                                     F               0         Blade 1 X translation displacement, node 10, m
        146     2.84837379456E+001                                                     F               0         Blade 1 Y translation displacement, node 10, m
        147    -1.65931301117E+001                                                     F               0         Blade 1 Z translation displacement, node 10, m
        148     2.36470413208E+001                                                     F               0         Blade 1 X translation displacement, node 11, m
        149     3.12812690735E+001                                                     F               0         Blade 1 Y translation displacement, node 11, m
        150    -1.78253822327E+001                                                     F               0         Blade 1 Z translation displacement, node 11, m
        151     2.37888164520E+001                                                     F               0         Blade 1 X translation displacement, node 12, m
        152     3.40792846680E+001                                                     F               0         Blade 1 Y translation displacement, node 12, m
        153    -1.90578651428E+001                                                     F               0         Blade 1 Z translation displacement, node 12, m
        154     2.39305648804E+001                                                     F               0         Blade 1 X translation displacement, node 13, m
        155     3.68768157959E+001                                                     F               0         Blade 1 Y translation displacement, node 13, m
        156    -2.02901172638E+001                                                     F               0         Blade 1 Z translation displacement, node 13, m
        157     2.40723152161E+001                                                     F               0         Blade 1 X translation displacement, node 14, m
        158     3.96743354797E+001                                                     F               0         Blade 1 Y translation displacement, node 14, m
        159    -2.15223808289E+001                                                     F               0         Blade 1 Z translation displacement, node 14, m
        160     2.42140884399E+001                                                     F               0         Blade 1 X translation displacement, node 15, m
        161     4.24723701477E+001                                                     F               0         Blade 1 Y translation displacement, node 15, m
        162    -2.27548618317E+001                                                     F               0         Blade 1 Z translation displacement, node 15, m
        163     2.43558387756E+001                                                     F               0         Blade 1 X translation displacement, node 16, m
        164     4.52698898315E+001                                                     F               0         Blade 1 Y translation displacement, node 16, m
        165    -2.39871234894E+001                                                     F               0         Blade 1 Z translation displacement, node 16, m
        166     2.44975891113E+001                                                     F               0         Blade 1 X translation displacement, node 17, m
        167     4.80674247742E+001                                                     F               0         Blade 1 Y translation displacement, node 17, m
        168    -2.52193756104E+001                                                     F               0         Blade 1 Z translation displacement, node 17, m
        169     2.46393375397E+001                                                     F               0         Blade 1 X translation displacement, node 18, m
        170     5.08649444580E+001                                                     F               0         Blade 1 Y translation displacement, node 18, m
        171    -2.64516353607E+001                                                     F               0         Blade 1 Z translation displacement, node 18, m
        172     2.47811107635E+001                                                     F               0         Blade 1 X translation displacement, node 19, m
        173     5.36629638672E+001                                                     F               0         Blade 1 Y translation displacement, node 19, m
        174    -2.76841163635E+001                                                     F               0         Blade 1 Z translation displacement, node 19, m
        175     2.49228610992E+001                                                     F               0         Blade 1 X translation displacement, node 20, m
        176     5.64604911804E+001                                                     F               0         Blade 1 Y translation displacement, node 20, m
        177    -2.89163665771E+001                                                     F               0         Blade 1 Z translation displacement, node 20, m
        178     2.50646114349E+001                                                     F               0         Blade 1 X translation displacement, node 21, m
        179     5.92580146790E+001                                                     F               0         Blade 1 Y translation displacement, node 21, m
        180    -3.01486301422E+001                                                     F               0         Blade 1 Z translation displacement, node 21, m
        181     2.52063846588E+001                                                     F               0         Blade 1 X translation displacement, node 22, m
        182     6.20560455322E+001                                                     F               0         Blade 1 Y translation displacement, node 22, m
        183    -3.13811149597E+001                                                     F               0         Blade 1 Z translation displacement, node 22, m
        184     2.53481349945E+001                                                     F               0         Blade 1 X translation displacement, node 23, m
        185     6.48535766602E+001                                                     F               0         Blade 1 Y translation displacement, node 23, m
        186    -3.26133651733E+001                                                     F               0         Blade 1 Z translation displacement, node 23, m
        187     2.54898834229E+001                                                     F               0         Blade 1 X translation displacement, node 24, m
        188     6.76511001587E+001                                                     F               0         Blade 1 Y translation displacement, node 24, m
        189    -3.38456268311E+001                                                     F               0         Blade 1 Z translation displacement, node 24, m
        190     2.56316337585E+001                                                     F               0         Blade 1 X translation displacement, node 25, m
        191     7.04486160278E+001                                                     F               0         Blade 1 Y translation displacement, node 25, m
        192    -3.50778884888E+001                                                     F               0         Blade 1 Z translation displacement, node 25, m
        193     2.57734088898E+001                                                     F               0         Blade 1 X translation displacement, node 26, m
        194     7.32466506958E+001                                                     F               0         Blade 1 Y translation displacement, node 26, m
        195    -3.63103752136E+001                                                     F               0         Blade 1 Z translation displacement, node 26, m
        196     2.59151573181E+001                                                     F               0         Blade 1 X translation displacement, node 27, m
        197     7.60441665649E+001                                                     F               0         Blade 1 Y translation displacement, node 27, m
        198    -3.75426330566E+001                                                     F               0         Blade 1 Z translation displacement, node 27, m
        199     2.60353298187E+001                                                     F               0         Blade 1 X translation displacement, node 28, m
        200     7.84158706665E+001                                                     F               0         Blade 1 Y translation displacement, node 28, m
        201    -3.85873069763E+001                                                     F               0         Blade 1 Z translation displacement, node 28, m
        202     8.06467354298E-001,  -4.80012685061E-001,   3.45250934362E-001         F               0         Blade 1 X orientation angle, node 1, rad
        203     5.74176490307E-001,   4.96351361275E-001,  -6.51119589806E-001         F               0         Blade 1 Y orientation angle, node 1, rad
        204     1.41179859638E-001,   7.23341643810E-001,   6.75903141499E-001         F               0         Blade 1 Z orientation angle, node 1, rad
        205     8.06467354298E-001,  -4.80012685061E-001,   3.45250934362E-001         F               0         Blade 1 X orientation angle, node 2, rad
        206     5.74176490307E-001,   4.96351361275E-001,  -6.51119589806E-001         F               0         Blade 1 Y orientation angle, node 2, rad
        207     1.41179859638E-001,   7.23341643810E-001,   6.75903141499E-001         F               0         Blade 1 Z orientation angle, node 2, rad
        208     9.19573545456E-001,  -3.48696947098E-001,   1.81093618274E-001         F               0         Blade 1 X orientation angle, node 3, rad
        209     3.66677939892E-001,   5.95975935459E-001,  -7.14394867420E-001         F               0         Blade 1 Y orientation angle, node 3, rad
        210     1.41179859638E-001,   7.23341643810E-001,   6.75903141499E-001         F               0         Blade 1 Z orientation angle, node 3, rad
        211     9.34236228466E-001,  -3.23221236467E-001,   1.50767207146E-001         F               0         Blade 1 X orientation angle, node 4, rad
        212     3.27522456646E-001,   6.10167920589E-001,  -7.21404314041E-001         F               0         Blade 1 Y orientation angle, node 4, rad
        213     1.41179859638E-001,   7.23341643810E-001,   6.75903141499E-001         F               0         Blade 1 Z orientation angle, node 4, rad
        214     9.44581627846E-001,  -3.02813291550E-001,   1.26766040921E-001         F               0         Blade 1 X orientation angle, node 5, rad
        215     2.96367615461E-001,   6.20548903942E-001,  -7.26006388664E-001         F               0         Blade 1 Y orientation angle, node 5, rad
        216     1.41179859638E-001,   7.23341643810E-001,   6.75903141499E-001         F               0         Blade 1 Z orientation angle, node 5, rad
        217     9.52110707760E-001,  -2.86246120930E-001,   1.07463456690E-001         F               0         Blade 1 X orientation angle, node 6, rad
        218     2.71207451820E-001,   6.28362953663E-001,  -7.29113519192E-001         F               0         Blade 1 Y orientation angle, node 6, rad
        219     1.41179859638E-001,   7.23341643810E-001,   6.75903141499E-001         F               0         Blade 1 Z orientation angle, node 6, rad
        220     9.57800447941E-001,  -2.72470355034E-001,   9.15323644876E-002         F               0         Blade 1 X orientation angle, node 7, rad
        221     2.50372737646E-001,   6.34457826614E-001,  -7.31284320354E-001         F               0         Blade 1 Y orientation angle, node 7, rad
        222     1.41179859638E-001,   7.23341643810E-001,   6.75903141499E-001         F               0         Blade 1 Z orientation angle, node 7, rad
        223     9.62187051773E-001,  -2.60909765959E-001,   7.82441571355E-002         F               0         Blade 1 X orientation angle, node 8, rad
        224     2.32947006822E-001,   6.39298796654E-001,  -7.32825219631E-001         F               0         Blade 1 Y orientation angle, node 8, rad
        225     1.41179859638E-001,   7.23341643810E-001,   6.75903141499E-001         F               0         Blade 1 Z orientation angle, node 8, rad
        226     9.65651273727E-001,  -2.51060456038E-001,   6.69799819589E-002         F               0         Blade 1 X orientation angle, node 9, rad
        227     2.18141973019E-001,   6.43230497837E-001,  -7.33940422535E-001         F               0         Blade 1 Y orientation angle, node 9, rad
        228     1.41179859638E-001,   7.23341643810E-001,   6.75903201103E-001         F               0         Blade 1 Z orientation angle, node 9, rad
        229     9.68459725380E-001,  -2.42506504059E-001,   5.72390295565E-002         F               0         Blade 1 X orientation angle, node 10, rad
        230     2.05314293504E-001,   6.46503984928E-001,  -7.34764337540E-001         F               0         Blade 1 Y orientation angle, node 10, rad
        231     1.41179859638E-001,   7.23341643810E-001,   6.75903141499E-001         F               0         Blade 1 Z orientation angle, node 10, rad
        232     9.70726609230E-001,  -2.35156700015E-001,   4.88998852670E-002         F               0         Blade 1 X orientation angle, node 11, rad
        233     1.94314479828E-001,   6.49213492870E-001,  -7.35366404057E-001         F               0         Blade 1 Y orientation angle, node 11, rad
        234     1.41179859638E-001,   7.23341643810E-001,   6.75903141499E-001         F               0         Blade 1 Z orientation angle, node 11, rad
        235     9.72611665726E-001,  -2.28686541319E-001,   4.15818840265E-002         F               0         Blade 1 X orientation angle, node 12, rad
        236     1.84647873044E-001,   6.51520788670E-001,  -7.35816478729E-001         F               0         Blade 1 Y orientation angle, node 12, rad
        237     1.41179859638E-001,   7.23341643810E-001,   6.75903141499E-001         F               0         Blade 1 Z orientation angle, node 12, rad
        238     9.74185943604E-001,  -2.22992315888E-001,   3.51591706276E-002         F               0         Blade 1 X orientation angle, node 13, rad
        239     1.76153302193E-001,   6.53491616249E-001,  -7.36151278019E-001         F               0         Blade 1 Y orientation angle, node 13, rad
        240     1.41179859638E-001,   7.23341643810E-001,   6.75903141499E-001         F               0         Blade 1 Z orientation angle, node 13, rad
        241     9.75539386272E-001,  -2.17852979898E-001,   2.93764285743E-002         F               0         Blade 1 X orientation angle, node 14, rad
        242     1.68496713042E-001,   6.55222773552E-001,  -7.36404716969E-001         F               0         Blade 1 Y orientation angle, node 14, rad
        243     1.41179859638E-001,   7.23341643810E-001,   6.75903141499E-001         F               0         Blade 1 Z orientation angle, node 14, rad
        244     9.76691961288E-001,  -2.13273391128E-001,   2.42346767336E-002         F               0         Blade 1 X orientation angle, node 15, rad
        245     1.61682114005E-001,   6.56727731228E-001,  -7.36591875553E-001         F               0         Blade 1 Y orientation angle, node 15, rad
        246     1.41179859638E-001,   7.23341643810E-001,   6.75903201103E-001         F               0         Blade 1 Z orientation angle, node 15, rad
        247     9.77688550949E-001,  -2.09142863750E-001,   1.96060892195E-002         F               0         Blade 1 X orientation angle, node 16, rad
