
Linearized model: Predictions were generated on 13-Feb-2024 at 12:12:09 using OpenFAST, compiled as a 64-bit application using single precision at commit v3.5.1
 linked with  NWTC Subroutine Library; ElastoDyn; InflowWind; AeroDyn; ServoDyn; HydroDyn; MAP++ (<1.20.10>, <Oct-20-2023>)

Description from the FAST input file: CCT-9 Campign 4 model. Input files to be run with OpenFAST 3.5.0. GitHub branch from Lu Wang (https://github.com/luwang00/openfast/tree/dev) compiled on March 7, 2023.

Simulation information:
   Simulation time:                   777.0500 s
   Rotor Speed:                         0.7922 rad/s
   Azimuth:                             5.2382 rad
   Wind Speed:                         24.0000 m/s
   Number of continuous states:         0
   Number of discrete states:           0
   Number of constraint states:         0
   Number of inputs:                 1746
   Number of outputs:                   4
   Jacobians included in this file?    No

Order of inputs:
     Column   Operating Point                                                   Rotating Frame? Derivative Order Description
   ---------- ---------------                                                   --------------- ---------------- -----------
          1     8.55725383759E+000                                                     F               0         Tower X translation displacement, node 1, m
          2    -1.82324278355E+000                                                     F               0         Tower Y translation displacement, node 1, m
          3    -2.26505011320E-001                                                     F               0         Tower Z translation displacement, node 1, m
          4     9.73081970215E+000                                                     F               0         Tower X translation displacement, node 2, m
          5    -2.49967741966E+000                                                     F               0         Tower Y translation displacement, node 2, m
          6    -3.00986886024E-001                                                     F               0         Tower Z translation displacement, node 2, m
          7     1.09223775864E+001                                                     F               0         Tower X translation displacement, node 3, m
          8    -3.18350934982E+000                                                     F               0         Tower Y translation displacement, node 3, m
          9    -3.77607196569E-001                                                     F               0         Tower Z translation displacement, node 3, m
         10     1.21273965836E+001                                                     F               0         Tower X translation displacement, node 4, m
         11    -3.87343382835E+000                                                     F               0         Tower Y translation displacement, node 4, m
         12    -4.55882102251E-001                                                     F               0         Tower Z translation displacement, node 4, m
         13     1.33433485031E+001                                                     F               0         Tower X translation displacement, node 5, m
         14    -4.56886959076E+000                                                     F               0         Tower Y translation displacement, node 5, m
         15    -5.35543084145E-001                                                     F               0         Tower Z translation displacement, node 5, m
         16     1.45678768158E+001                                                     F               0         Tower X translation displacement, node 6, m
         17    -5.26919984818E+000                                                     F               0         Tower Y translation displacement, node 6, m
         18    -6.16345584393E-001                                                     F               0         Tower Z translation displacement, node 6, m
         19     1.57984476089E+001                                                     F               0         Tower X translation displacement, node 7, m
         20    -5.97346353531E+000                                                     F               0         Tower Y translation displacement, node 7, m
         21    -6.97963297367E-001                                                     F               0         Tower Z translation displacement, node 7, m
         22     1.70338611603E+001                                                     F               0         Tower X translation displacement, node 8, m
         23    -6.68135070801E+000                                                     F               0         Tower Y translation displacement, node 8, m
         24    -7.80288159847E-001                                                     F               0         Tower Z translation displacement, node 8, m
         25     1.82725429535E+001                                                     F               0         Tower X translation displacement, node 9, m
         26    -7.39211368561E+000                                                     F               0         Tower Y translation displacement, node 9, m
         27    -8.63099157810E-001                                                     F               0         Tower Z translation displacement, node 9, m
         28     1.95132102966E+001                                                     F               0         Tower X translation displacement, node 10, m
         29    -8.10495758057E+000                                                     F               0         Tower Y translation displacement, node 10, m
         30    -9.46237921715E-001                                                     F               0         Tower Z translation displacement, node 10, m
         31     2.07548522949E+001                                                     F               0         Tower X translation displacement, node 11, m
         32    -8.81910419464E+000                                                     F               0         Tower Y translation displacement, node 11, m
         33    -1.02954792976E+000                                                     F               0         Tower Z translation displacement, node 11, m
         34     9.95464384556E-001,  -6.65139546618E-003,  -9.49023663998E-002         F               0         Tower X orientation angle, node 1, rad
         35     1.17859244347E-002,   9.98490452766E-001,   5.36457970738E-002         F               0         Tower Y orientation angle, node 1, rad
         36     9.44022908807E-002,  -5.45209906995E-002,   9.94040071964E-001         F               0         Tower Z orientation angle, node 1, rad
         37     9.95332300663E-001,  -6.57527614385E-003,  -9.62830707431E-002         F               0         Tower X orientation angle, node 2, rad
         38     1.18377171457E-002,   9.98460650444E-001,   5.41871748865E-002         F               0         Tower Y orientation angle, node 2, rad
         39     9.57785621285E-002,  -5.50740174949E-002,   9.93877947330E-001         F               0         Tower Z orientation angle, node 2, rad
         40     9.95216250420E-001,  -6.50864467025E-003,  -9.74794328213E-002         F               0         Tower X orientation angle, node 3, rad
         41     1.18864718825E-002,   9.98432636261E-001,   5.46901784837E-002         F               0         Tower Y orientation angle, node 3, rad
         42     9.69706848264E-002,  -5.55872395635E-002,   9.93733763695E-001         F               0         Tower Z orientation angle, node 3, rad
         43     9.95118796825E-001,  -6.45276345313E-003,  -9.84728336334E-002         F               0         Tower X orientation angle, node 4, rad
         44     1.19314836338E-002,   9.98406827450E-001,   5.51498346031E-002         F               0         Tower Y orientation angle, node 4, rad
         45     9.79600772262E-002,  -5.60555644333E-002,   9.93610382080E-001         F               0         Tower Z orientation angle, node 4, rad
         46     9.95039641857E-001,  -6.40732655302E-003,  -9.92726981640E-002         F               0         Tower X orientation angle, node 5, rad
         47     1.19723677635E-002,   9.98383343220E-001,   5.55642396212E-002         F               0         Tower Y orientation angle, node 5, rad
         48     9.87561866641E-002,  -5.64771518111E-002,   9.93507683277E-001         F               0         Tower Z orientation angle, node 5, rad
         49     9.94977653027E-001,  -6.37167599052E-003,  -9.98941212893E-002         F               0         Tower X orientation angle, node 6, rad
         50     1.20086735114E-002,   9.98362421989E-001,   5.59304133058E-002         F               0         Tower Y orientation angle, node 6, rad
         51     9.93741676211E-002,  -5.68491108716E-002,   9.93424832821E-001         F               0         Tower Z orientation angle, node 6, rad
         52     9.94932472706E-001,  -6.34554307908E-003,  -1.00344963372E-001         F               0         Tower X orientation angle, node 7, rad
         53     1.20394555852E-002,   9.98344659805E-001,   5.62400519848E-002         F               0         Tower Y orientation angle, node 7, rad
         54     9.98219847679E-002,  -5.71631528437E-002,   9.93361949921E-001         F               0         Tower Z orientation angle, node 7, rad
         55     9.94900524616E-001,  -6.32696552202E-003,  -1.00662179291E-001         F               0         Tower X orientation angle, node 8, rad
         56     1.20646664873E-002,   9.98330056667E-001,   5.64933419228E-002         F               0         Tower Y orientation angle, node 8, rad
         57     1.00136652589E-001,  -5.74197135866E-002,   9.93315458298E-001         F               0         Tower Z orientation angle, node 8, rad
         58     9.94879662991E-001,  -6.31473027170E-003,  -1.00868880749E-001         F               0         Tower X orientation angle, node 9, rad
         59     1.20839141309E-002,   9.98318910599E-001,   5.66867254674E-002         F               0         Tower Y orientation angle, node 9, rad
         60     1.00341349840E-001,  -5.76153621078E-002,   9.93283510208E-001         F               0         Tower Z orientation angle, node 9, rad
         61     9.94867682457E-001,  -6.30763266236E-003,  -1.00987434387E-001         F               0         Tower X orientation angle, node 10, rad
         62     1.20969060808E-002,   9.98311281204E-001,   5.68173639476E-002         F               0         Tower Y orientation angle, node 10, rad
         63     1.00458517671E-001,  -5.77473975718E-002,   9.93263959885E-001         F               0         Tower Z orientation angle, node 10, rad
         64     9.94862079620E-001,  -6.30424637347E-003,  -1.01043313742E-001         F               0         Tower X orientation angle, node 11, rad
         65     1.21041536331E-002,   9.98307049274E-001,   5.68903535604E-002         F               0         Tower Y orientation angle, node 11, rad
         66     1.00513599813E-001,  -5.78210949898E-002,   9.93254125118E-001         F               0         Tower Z orientation angle, node 11, rad
         67     8.99752043188E-003                                                     F               0         Tower X translation velocity, node 1, m/s
         68     2.53815436736E-003                                                     F               0         Tower Y translation velocity, node 1, m/s
         69    -5.50991436467E-003                                                     F               0         Tower Z translation velocity, node 1, m/s
         70     1.09701650217E-002                                                     F               0         Tower X translation velocity, node 2, m/s
         71     3.04495636374E-003                                                     F               0         Tower Y translation velocity, node 2, m/s
         72    -5.67025924101E-003                                                     F               0         Tower Z translation velocity, node 2, m/s
         73     1.13529721275E-002                                                     F               0         Tower X translation velocity, node 3, m/s
         74     3.64783266559E-003                                                     F               0         Tower Y translation velocity, node 3, m/s
         75    -5.67384110764E-003                                                     F               0         Tower Z translation velocity, node 3, m/s
         76     1.05018941686E-002                                                     F               0         Tower X translation velocity, node 4, m/s
         77     4.31244075298E-003                                                     F               0         Tower Y translation velocity, node 4, m/s
         78    -5.55298058316E-003                                                     F               0         Tower Z translation velocity, node 4, m/s
         79     8.60380567610E-003                                                     F               0         Tower X translation velocity, node 5, m/s
         80     5.01704309136E-003                                                     F               0         Tower Y translation velocity, node 5, m/s
         81    -5.32507989556E-003                                                     F               0         Tower Z translation velocity, node 5, m/s
         82     5.83841046318E-003                                                     F               0         Tower X translation velocity, node 6, m/s
         83     5.74285350740E-003                                                     F               0         Tower Y translation velocity, node 6, m/s
         84    -5.00782113522E-003                                                     F               0         Tower Z translation velocity, node 6, m/s
         85     2.42308783345E-003                                                     F               0         Tower X translation velocity, node 7, m/s
         86     6.47513195872E-003                                                     F               0         Tower Y translation velocity, node 7, m/s
         87    -4.62343776599E-003                                                     F               0         Tower Z translation velocity, node 7, m/s
         88    -1.55179027934E-003                                                     F               0         Tower X translation velocity, node 8, m/s
         89     7.20452517271E-003                                                     F               0         Tower Y translation velocity, node 8, m/s
         90    -4.18133474886E-003                                                     F               0         Tower Z translation velocity, node 8, m/s
         91    -5.93950599432E-003                                                     F               0         Tower X translation velocity, node 9, m/s
         92     7.92485848069E-003                                                     F               0         Tower Y translation velocity, node 9, m/s
         93    -3.69684328325E-003                                                     F               0         Tower Z translation velocity, node 9, m/s
         94    -1.06070172042E-002                                                     F               0         Tower X translation velocity, node 10, m/s
         95     8.63464549184E-003                                                     F               0         Tower Y translation velocity, node 10, m/s
         96    -3.18382307887E-003                                                     F               0         Tower Z translation velocity, node 10, m/s
         97    -1.54353864491E-002                                                     F               0         Tower X translation velocity, node 11, m/s
         98     9.33638494462E-003                                                     F               0         Tower Y translation velocity, node 11, m/s
         99    -2.65451706946E-003                                                     F               0         Tower Z translation velocity, node 11, m/s
        100     2.15993938446E+001                                                     F               0         Hub X translation displacement, node 1, m
        101    -9.20492076874E+000                                                     F               0         Hub Y translation displacement, node 1, m
        102     8.82000941783E-003                                                     F               0         Hub Z translation displacement, node 1, m
        103     9.78905558586E-001,  -2.25760784815E-004,  -2.04313114285E-001         F               0         Hub X orientation angle, node 1, rad
        104    -1.70333817601E-001,   5.51331281662E-001,  -8.16713035107E-001         F               0         Hub Y orientation angle, node 1, rad
        105     1.12828597426E-001,   8.34286391735E-001,   5.39662837982E-001         F               0         Hub Z orientation angle, node 1, rad
        106     7.75416731834E-001                                                     F               0         Hub X rotation velocity, node 1, rad/s
        107    -5.75140642468E-004                                                     F               0         Hub Y rotation velocity, node 1, rad/s
        108    -1.61852419376E-001                                                     F               0         Hub Z rotation velocity, node 1, rad/s
        109     9.86162364483E-001,  -1.60420566797E-001,   4.18212562799E-002         F               0         Blade root 1 X orientation angle, node 1, rad
        110     1.21463917196E-001,   5.27476549149E-001,  -8.40841889381E-001         F               0         Blade root 1 Y orientation angle, node 1, rad
        111     1.12828597426E-001,   8.34286391735E-001,   5.39662837982E-001         F               0         Blade root 1 Z orientation angle, node 1, rad
        112     8.83526504040E-001,  -1.30059927702E-001,  -4.49961423874E-001         F               0         Blade root 2 X orientation angle, node 1, rad
        113     4.59436416626E-001,   4.27501112223E-001,   7.78563380241E-001         F               0         Blade root 2 Y orientation angle, node 1, rad
        114     9.10991132259E-002,  -8.94610106945E-001,   4.37462836504E-001         F               0         Blade root 2 Z orientation angle, node 1, rad
        115     9.40312623978E-001,   2.89832442999E-001,  -1.78351715207E-001         F               0         Blade root 3 X orientation angle, node 1, rad
        116     2.72443860769E-001,  -9.55174446106E-001,  -1.15828007460E-001         F               0         Blade root 3 Y orientation angle, node 1, rad
        117    -2.03927710652E-001,   6.03237114847E-002,  -9.77125644684E-001         F               0         Blade root 3 Z orientation angle, node 1, rad
        118     2.16453762054E+001                                                     F               0         Blade 1 X translation displacement, node 1, m
        119    -4.58297443390E+000                                                     F               0         Blade 1 Y translation displacement, node 1, m
        120    -2.51110696793E+000                                                     F               0         Blade 1 Z translation displacement, node 1, m
        121     2.16564579010E+001                                                     F               0         Blade 1 X translation displacement, node 2, m
        122    -3.46928048134E+000                                                     F               0         Blade 1 Y translation displacement, node 2, m
        123    -3.11829876900E+000                                                     F               0         Blade 1 Z translation displacement, node 2, m
        124     2.18071250916E+001                                                     F               0         Blade 1 X translation displacement, node 3, m
        125     1.16750249863E+001                                                     F               0         Blade 1 Y translation displacement, node 3, m
        126    -1.13750829697E+001                                                     F               0         Blade 1 Z translation displacement, node 3, m
        127     2.18392257690E+001                                                     F               0         Blade 1 X translation displacement, node 4, m
        128     1.49016084671E+001                                                     F               0         Blade 1 Y translation displacement, node 4, m
        129    -1.31342477798E+001                                                     F               0         Blade 1 Z translation displacement, node 4, m
        130     2.18713321686E+001                                                     F               0         Blade 1 X translation displacement, node 5, m
        131     1.81288070679E+001                                                     F               0         Blade 1 Y translation displacement, node 5, m
        132    -1.48937320709E+001                                                     F               0         Blade 1 Z translation displacement, node 5, m
        133     2.19034328461E+001                                                     F               0         Blade 1 X translation displacement, node 6, m
        134     2.13554039001E+001                                                     F               0         Blade 1 Y translation displacement, node 6, m
        135    -1.66529026031E+001                                                     F               0         Blade 1 Z translation displacement, node 6, m
        136     2.19355335236E+001                                                     F               0         Blade 1 X translation displacement, node 7, m
        137     2.45820102692E+001                                                     F               0         Blade 1 Y translation displacement, node 7, m
        138    -1.84120674133E+001                                                     F               0         Blade 1 Z translation displacement, node 7, m
        139     2.19676399231E+001                                                     F               0         Blade 1 X translation displacement, node 8, m
        140     2.78091964722E+001                                                     F               0         Blade 1 Y translation displacement, node 8, m
        141    -2.01715602875E+001                                                     F               0         Blade 1 Z translation displacement, node 8, m
        142     2.19997406006E+001                                                     F               0         Blade 1 X translation displacement, node 9, m
        143     3.10358047485E+001                                                     F               0         Blade 1 Y translation displacement, node 9, m
        144    -2.19307231903E+001                                                     F               0         Blade 1 Z translation displacement, node 9, m
        145     2.20318412781E+001                                                     F               0         Blade 1 X translation displacement, node 10, m
        146     3.42624015808E+001                                                     F               0         Blade 1 Y translation displacement, node 10, m
        147    -2.36898956299E+001                                                     F               0         Blade 1 Z translation displacement, node 10, m
        148     2.20639419556E+001                                                     F               0         Blade 1 X translation displacement, node 11, m
        149     3.74890098572E+001                                                     F               0         Blade 1 Y translation displacement, node 11, m
        150    -2.54490585327E+001                                                     F               0         Blade 1 Z translation displacement, node 11, m
        151     2.20960483551E+001                                                     F               0         Blade 1 X translation displacement, node 12, m
        152     4.07161827087E+001                                                     F               0         Blade 1 Y translation displacement, node 12, m
        153    -2.72085437775E+001                                                     F               0         Blade 1 Z translation displacement, node 12, m
        154     2.21281490326E+001                                                     F               0         Blade 1 X translation displacement, node 13, m
        155     4.39427909851E+001                                                     F               0         Blade 1 Y translation displacement, node 13, m
        156    -2.89677066803E+001                                                     F               0         Blade 1 Z translation displacement, node 13, m
        157     2.21602497101E+001                                                     F               0         Blade 1 X translation displacement, node 14, m
        158     4.71693878174E+001                                                     F               0         Blade 1 Y translation displacement, node 14, m
        159    -3.07268791199E+001                                                     F               0         Blade 1 Z translation displacement, node 14, m
        160     2.21923561096E+001                                                     F               0         Blade 1 X translation displacement, node 15, m
        161     5.03965797424E+001                                                     F               0         Blade 1 Y translation displacement, node 15, m
        162    -3.24863662720E+001                                                     F               0         Blade 1 Z translation displacement, node 15, m
        163     2.22244567871E+001                                                     F               0         Blade 1 X translation displacement, node 16, m
        164     5.36231803894E+001                                                     F               0         Blade 1 Y translation displacement, node 16, m
        165    -3.42455368042E+001                                                     F               0         Blade 1 Z translation displacement, node 16, m
        166     2.22565593719E+001                                                     F               0         Blade 1 X translation displacement, node 17, m
        167     5.68497924805E+001                                                     F               0         Blade 1 Y translation displacement, node 17, m
        168    -3.60046997070E+001                                                     F               0         Blade 1 Z translation displacement, node 17, m
        169     2.22886600494E+001                                                     F               0         Blade 1 X translation displacement, node 18, m
        170     6.00763931274E+001                                                     F               0         Blade 1 Y translation displacement, node 18, m
        171    -3.77638702393E+001                                                     F               0         Blade 1 Z translation displacement, node 18, m
        172     2.23207645416E+001                                                     F               0         Blade 1 X translation displacement, node 19, m
        173     6.33035659790E+001                                                     F               0         Blade 1 Y translation displacement, node 19, m
        174    -3.95233535767E+001                                                     F               0         Blade 1 Z translation displacement, node 19, m
        175     2.23528652191E+001                                                     F               0         Blade 1 X translation displacement, node 20, m
        176     6.65301742554E+001                                                     F               0         Blade 1 Y translation displacement, node 20, m
        177    -4.12825126648E+001                                                     F               0         Blade 1 Z translation displacement, node 20, m
        178     2.23849678040E+001                                                     F               0         Blade 1 X translation displacement, node 21, m
        179     6.97567749023E+001                                                     F               0         Blade 1 Y translation displacement, node 21, m
        180    -4.30416870117E+001                                                     F               0         Blade 1 Z translation displacement, node 21, m
        181     2.24170742035E+001                                                     F               0         Blade 1 X translation displacement, node 22, m
        182     7.29839630127E+001                                                     F               0         Blade 1 Y translation displacement, node 22, m
        183    -4.48011741638E+001                                                     F               0         Blade 1 Z translation displacement, node 22, m
        184     2.24491729736E+001                                                     F               0         Blade 1 X translation displacement, node 23, m
        185     7.62105712891E+001                                                     F               0         Blade 1 Y translation displacement, node 23, m
        186    -4.65603370667E+001                                                     F               0         Blade 1 Z translation displacement, node 23, m
        187     2.24812755585E+001                                                     F               0         Blade 1 X translation displacement, node 24, m
        188     7.94371719360E+001                                                     F               0         Blade 1 Y translation displacement, node 24, m
        189    -4.83195075989E+001                                                     F               0         Blade 1 Z translation displacement, node 24, m
        190     2.25133762360E+001                                                     F               0         Blade 1 X translation displacement, node 25, m
        191     8.26637725830E+001                                                     F               0         Blade 1 Y translation displacement, node 25, m
        192    -5.00786781311E+001                                                     F               0         Blade 1 Z translation displacement, node 25, m
        193     2.25454826355E+001                                                     F               0         Blade 1 X translation displacement, node 26, m
        194     8.58909606934E+001                                                     F               0         Blade 1 Y translation displacement, node 26, m
        195    -5.18381690979E+001                                                     F               0         Blade 1 Z translation displacement, node 26, m
        196     2.25775833130E+001                                                     F               0         Blade 1 X translation displacement, node 27, m
        197     8.91175537109E+001                                                     F               0         Blade 1 Y translation displacement, node 27, m
        198    -5.35973396301E+001                                                     F               0         Blade 1 Z translation displacement, node 27, m
        199     2.26047973633E+001                                                     F               0         Blade 1 X translation displacement, node 28, m
        200     9.18530273438E+001                                                     F               0         Blade 1 Y translation displacement, node 28, m
        201    -5.50887184143E+001                                                     F               0         Blade 1 Z translation displacement, node 28, m
        202     8.22270154953E-001,  -3.83305221796E-001,   4.20652925968E-001         F               0         Blade 1 X orientation angle, node 1, rad
        203     5.57800590992E-001,   3.96286934614E-001,  -7.29256570339E-001         F               0         Blade 1 Y orientation angle, node 1, rad
        204     1.12828597426E-001,   8.34286391735E-001,   5.39662837982E-001         F               0         Blade 1 Z orientation angle, node 1, rad
        205     8.22270154953E-001,  -3.83305221796E-001,   4.20652925968E-001         F               0         Blade 1 X orientation angle, node 2, rad
        206     5.57800590992E-001,   3.96286934614E-001,  -7.29256570339E-001         F               0         Blade 1 Y orientation angle, node 2, rad
        207     1.12828597426E-001,   8.34286391735E-001,   5.39662837982E-001         F               0         Blade 1 Z orientation angle, node 2, rad
        208     9.31044876575E-001,  -2.78460949659E-001,   2.35828161240E-001         F               0         Blade 1 X orientation angle, node 3, rad
        209     3.47023248672E-001,   4.75842148066E-001,  -8.08176398277E-001         F               0         Blade 1 Y orientation angle, node 3, rad
        210     1.12828597426E-001,   8.34286391735E-001,   5.39662837982E-001         F               0         Blade 1 Z orientation angle, node 3, rad
        211     9.44867372513E-001,  -2.58120447397E-001,   2.01493069530E-001         F               0         Blade 1 X orientation angle, node 4, rad
        212     3.07400941849E-001,   4.87175613642E-001,  -8.17413330078E-001         F               0         Blade 1 Y orientation angle, node 4, rad
        213     1.12828597426E-001,   8.34286391735E-001,   5.39662837982E-001         F               0         Blade 1 Z orientation angle, node 4, rad
        214     9.54539835453E-001,  -2.41826146841E-001,   1.74280807376E-001         F               0         Blade 1 X orientation angle, node 5, rad
        215     2.75904685259E-001,   4.95465785265E-001,  -8.23644518852E-001         F               0         Blade 1 Y orientation angle, node 5, rad
        216     1.12828597426E-001,   8.34286391735E-001,   5.39662837982E-001         F               0         Blade 1 Z orientation angle, node 5, rad
        217     9.61522579193E-001,  -2.28598386049E-001,   1.52371570468E-001         F               0         Blade 1 X orientation angle, node 6, rad
        218     2.50487565994E-001,   5.01706123352E-001,  -8.27977657318E-001         F               0         Blade 1 Y orientation angle, node 6, rad
        219     1.12828597426E-001,   8.34286391735E-001,   5.39662837982E-001         F               0         Blade 1 Z orientation angle, node 6, rad
        220     9.66758131981E-001,  -2.17599317431E-001,   1.34273082018E-001         F               0         Blade 1 X orientation angle, node 7, rad
        221     2.29452461004E-001,   5.06573557854E-001,  -8.31104576588E-001         F               0         Blade 1 Y orientation angle, node 7, rad
        222     1.12828597426E-001,   8.34286391735E-001,   5.39662837982E-001         F               0         Blade 1 Z orientation angle, node 7, rad
        223     9.70763504505E-001,  -2.08368942142E-001,   1.19166053832E-001         F               0         Blade 1 X orientation angle, node 8, rad
        224     2.11867585778E-001,   5.10439634323E-001,  -8.33404779434E-001         F               0         Blade 1 Y orientation angle, node 8, rad
        225     1.12828597426E-001,   8.34286391735E-001,   5.39662837982E-001         F               0         Blade 1 Z orientation angle, node 8, rad
        226     9.73902940750E-001,  -2.00504884124E-001,   1.06352321804E-001         F               0         Blade 1 X orientation angle, node 9, rad
        227     1.96933329105E-001,   5.13579666615E-001,  -8.35136651993E-001         F               0         Blade 1 Y orientation angle, node 9, rad
        228     1.12828589976E-001,   8.34286391735E-001,   5.39662837982E-001         F               0         Blade 1 Z orientation angle, node 9, rad
        229     9.76429402828E-001,  -1.93675071001E-001,   9.52656269073E-002         F               0         Blade 1 X orientation angle, node 10, rad
        230     1.83998048306E-001,   5.16193985939E-001,  -8.36473882198E-001         F               0         Blade 1 Y orientation angle, node 10, rad
        231     1.12828597426E-001,   8.34286391735E-001,   5.39662837982E-001         F               0         Blade 1 Z orientation angle, node 10, rad
        232     9.78453934193E-001,  -1.87806695700E-001,   8.57702046633E-002         F               0         Blade 1 X orientation angle, node 11, rad
        233     1.72909200191E-001,   5.18357872963E-001,  -8.37500751019E-001         F               0         Blade 1 Y orientation angle, node 11, rad
        234     1.12828597426E-001,   8.34286391735E-001,   5.39662837982E-001         F               0         Blade 1 Z orientation angle, node 11, rad
        235     9.80125665665E-001,  -1.82640671730E-001,   7.74343237281E-002         F               0         Blade 1 X orientation angle, node 12, rad
        236     1.63166776299E-001,   5.20200550556E-001,  -8.38312566280E-001         F               0         Blade 1 Y orientation angle, node 12, rad
        237     1.12828597426E-001,   8.34286391735E-001,   5.39662837982E-001         F               0         Blade 1 Z orientation angle, node 12, rad
        238     9.81512248516E-001,  -1.78094163537E-001,   7.01158121228E-002         F               0         Blade 1 X orientation angle, node 13, rad
        239     1.54607459903E-001,   5.21774590015E-001,  -8.38956415653E-001         F               0         Blade 1 Y orientation angle, node 13, rad
        240     1.12828597426E-001,   8.34286391735E-001,   5.39662837982E-001         F               0         Blade 1 Z orientation angle, node 13, rad
        241     9.82696235180E-001,  -1.73990711570E-001,   6.35245665908E-002         F               0         Blade 1 X orientation angle, node 14, rad
        242     1.46893993020E-001,   5.23157238960E-001,  -8.39481174946E-001         F               0         Blade 1 Y orientation angle, node 14, rad
        243     1.12828597426E-001,   8.34286391735E-001,   5.39662778378E-001         F               0         Blade 1 Z orientation angle, node 14, rad
        244     9.83697772026E-001,  -1.70334175229E-001,   5.76623789966E-002         F               0         Blade 1 X orientation angle, node 15, rad
        245     1.40029951930E-001,   5.24359166622E-001,  -8.39904189110E-001         F               0         Blade 1 Y orientation angle, node 15, rad
        246     1.12828589976E-001,   8.34286391735E-001,   5.39662837982E-001         F               0         Blade 1 Z orientation angle, node 15, rad
        247     9.84558165073E-001,  -1.67036190629E-001,   5.23840039968E-002         F               0         Blade 1 X orientation angle, node 16, rad
