
Linearized model: Predictions were generated on 12-Jan-2024 at 09:28:28 using OpenFAST, compiled as a 64-bit application using single precision at commit v3.5.1
 linked with  NWTC Subroutine Library; ElastoDyn; InflowWind; AeroDyn; ServoDyn; HydroDyn; MAP++ (<1.20.10>, <Oct-20-2023>)

Description from the FAST input file: CCT-9 Campign 4 model. Input files to be run with OpenFAST 3.5.0. GitHub branch from Lu Wang (https://github.com/luwang00/openfast/tree/dev) compiled on March 7, 2023.

Simulation information:
   Simulation time:                   507.9000 s
   Rotor Speed:                         0.8781 rad/s
   Azimuth:                             4.5040 rad
   Wind Speed:                         10.0000 m/s
   Number of continuous states:         0
   Number of discrete states:           0
   Number of constraint states:         0
   Number of inputs:                 1746
   Number of outputs:                   4
   Jacobians included in this file?    No

Order of inputs:
     Column   Operating Point                     Rotating Frame? Derivative Order Description
   ---------- ---------------                     --------------- ---------------- -----------
          1    1.098E+01                                 F               0         Tower X translation displacement, node 1, m
          2   -1.208E+00                                 F               0         Tower Y translation displacement, node 1, m
          3   -3.069E-01                                 F               0         Tower Z translation displacement, node 1, m
          4    1.245E+01                                 F               0         Tower X translation displacement, node 2, m
          5   -1.783E+00                                 F               0         Tower Y translation displacement, node 2, m
          6   -4.079E-01                                 F               0         Tower Z translation displacement, node 2, m
          7    1.394E+01                                 F               0         Tower X translation displacement, node 3, m
          8   -2.364E+00                                 F               0         Tower Y translation displacement, node 3, m
          9   -5.121E-01                                 F               0         Tower Z translation displacement, node 3, m
         10    1.546E+01                                 F               0         Tower X translation displacement, node 4, m
         11   -2.949E+00                                 F               0         Tower Y translation displacement, node 4, m
         12   -6.187E-01                                 F               0         Tower Z translation displacement, node 4, m
         13    1.698E+01                                 F               0         Tower X translation displacement, node 5, m
         14   -3.538E+00                                 F               0         Tower Y translation displacement, node 5, m
         15   -7.275E-01                                 F               0         Tower Z translation displacement, node 5, m
         16    1.852E+01                                 F               0         Tower X translation displacement, node 6, m
         17   -4.129E+00                                 F               0         Tower Y translation displacement, node 6, m
         18   -8.380E-01                                 F               0         Tower Z translation displacement, node 6, m
         19    2.007E+01                                 F               0         Tower X translation displacement, node 7, m
         20   -4.724E+00                                 F               0         Tower Y translation displacement, node 7, m
         21   -9.498E-01                                 F               0         Tower Z translation displacement, node 7, m
         22    2.162E+01                                 F               0         Tower X translation displacement, node 8, m
         23   -5.320E+00                                 F               0         Tower Y translation displacement, node 8, m
         24   -1.063E+00                                 F               0         Tower Z translation displacement, node 8, m
         25    2.318E+01                                 F               0         Tower X translation displacement, node 9, m
         26   -5.918E+00                                 F               0         Tower Y translation displacement, node 9, m
         27   -1.176E+00                                 F               0         Tower Z translation displacement, node 9, m
         28    2.475E+01                                 F               0         Tower X translation displacement, node 10, m
         29   -6.518E+00                                 F               0         Tower Y translation displacement, node 10, m
         30   -1.290E+00                                 F               0         Tower Z translation displacement, node 10, m
         31    2.631E+01                                 F               0         Tower X translation displacement, node 11, m
         32   -7.117E+00                                 F               0         Tower Y translation displacement, node 11, m
         33   -1.405E+00                                 F               0         Tower Z translation displacement, node 11, m
         34    9.930E-01,  1.023E-02, -1.176E-01         F               0         Tower X orientation angle, node 1, rad
         35   -4.694E-03,  9.989E-01,  4.725E-02         F               0         Tower Y orientation angle, node 1, rad
         36    1.180E-01, -4.637E-02,  9.919E-01         F               0         Tower Z orientation angle, node 1, rad
         37    9.928E-01,  1.032E-02, -1.195E-01         F               0         Tower X orientation angle, node 2, rad
         38   -4.642E-03,  9.989E-01,  4.769E-02         F               0         Tower Y orientation angle, node 2, rad
         39    1.199E-01, -4.679E-02,  9.917E-01         F               0         Tower Z orientation angle, node 2, rad
         40    9.926E-01,  1.040E-02, -1.211E-01         F               0         Tower X orientation angle, node 3, rad
         41   -4.594E-03,  9.988E-01,  4.808E-02         F               0         Tower Y orientation angle, node 3, rad
         42    1.215E-01, -4.716E-02,  9.915E-01         F               0         Tower Z orientation angle, node 3, rad
         43    9.924E-01,  1.046E-02, -1.225E-01         F               0         Tower X orientation angle, node 4, rad
         44   -4.552E-03,  9.988E-01,  4.842E-02         F               0         Tower Y orientation angle, node 4, rad
         45    1.229E-01, -4.749E-02,  9.913E-01         F               0         Tower Z orientation angle, node 4, rad
         46    9.923E-01,  1.052E-02, -1.237E-01         F               0         Tower X orientation angle, node 5, rad
         47   -4.516E-03,  9.988E-01,  4.871E-02         F               0         Tower Y orientation angle, node 5, rad
         48    1.240E-01, -4.777E-02,  9.911E-01         F               0         Tower Z orientation angle, node 5, rad
         49    9.922E-01,  1.056E-02, -1.246E-01         F               0         Tower X orientation angle, node 6, rad
         50   -4.485E-03,  9.988E-01,  4.895E-02         F               0         Tower Y orientation angle, node 6, rad
         51    1.249E-01, -4.801E-02,  9.910E-01         F               0         Tower Z orientation angle, node 6, rad
         52    9.921E-01,  1.059E-02, -1.252E-01         F               0         Tower X orientation angle, node 7, rad
         53   -4.461E-03,  9.988E-01,  4.915E-02         F               0         Tower Y orientation angle, node 7, rad
         54    1.256E-01, -4.820E-02,  9.909E-01         F               0         Tower Z orientation angle, node 7, rad
         55    9.920E-01,  1.062E-02, -1.257E-01         F               0         Tower X orientation angle, node 8, rad
         56   -4.441E-03,  9.988E-01,  4.930E-02         F               0         Tower Y orientation angle, node 8, rad
         57    1.261E-01, -4.835E-02,  9.908E-01         F               0         Tower Z orientation angle, node 8, rad
         58    9.920E-01,  1.064E-02, -1.261E-01         F               0         Tower X orientation angle, node 9, rad
         59   -4.427E-03,  9.988E-01,  4.941E-02         F               0         Tower Y orientation angle, node 9, rad
         60    1.265E-01, -4.846E-02,  9.908E-01         F               0         Tower Z orientation angle, node 9, rad
         61    9.919E-01,  1.065E-02, -1.263E-01         F               0         Tower X orientation angle, node 10, rad
         62   -4.418E-03,  9.988E-01,  4.949E-02         F               0         Tower Y orientation angle, node 10, rad
         63    1.267E-01, -4.853E-02,  9.908E-01         F               0         Tower Z orientation angle, node 10, rad
         64    9.919E-01,  1.065E-02, -1.264E-01         F               0         Tower X orientation angle, node 11, rad
         65   -4.413E-03,  9.988E-01,  4.953E-02         F               0         Tower Y orientation angle, node 11, rad
         66    1.268E-01, -4.857E-02,  9.907E-01         F               0         Tower Z orientation angle, node 11, rad
         67   -4.921E-03                                 F               0         Tower X translation velocity, node 1, m/s
         68    8.757E-03                                 F               0         Tower Y translation velocity, node 1, m/s
         69    4.748E-03                                 F               0         Tower Z translation velocity, node 1, m/s
         70   -5.014E-03                                 F               0         Tower X translation velocity, node 2, m/s
         71    1.426E-02                                 F               0         Tower Y translation velocity, node 2, m/s
         72    5.017E-03                                 F               0         Tower Z translation velocity, node 2, m/s
         73   -5.085E-03                                 F               0         Tower X translation velocity, node 3, m/s
         74    1.977E-02                                 F               0         Tower Y translation velocity, node 3, m/s
         75    5.287E-03                                 F               0         Tower Z translation velocity, node 3, m/s
         76   -5.139E-03                                 F               0         Tower X translation velocity, node 4, m/s
         77    2.528E-02                                 F               0         Tower Y translation velocity, node 4, m/s
         78    5.557E-03                                 F               0         Tower Z translation velocity, node 4, m/s
         79   -5.179E-03                                 F               0         Tower X translation velocity, node 5, m/s
         80    3.079E-02                                 F               0         Tower Y translation velocity, node 5, m/s
         81    5.827E-03                                 F               0         Tower Z translation velocity, node 5, m/s
         82   -5.208E-03                                 F               0         Tower X translation velocity, node 6, m/s
         83    3.631E-02                                 F               0         Tower Y translation velocity, node 6, m/s
         84    6.097E-03                                 F               0         Tower Z translation velocity, node 6, m/s
         85   -5.230E-03                                 F               0         Tower X translation velocity, node 7, m/s
         86    4.182E-02                                 F               0         Tower Y translation velocity, node 7, m/s
         87    6.368E-03                                 F               0         Tower Z translation velocity, node 7, m/s
         88   -5.245E-03                                 F               0         Tower X translation velocity, node 8, m/s
         89    4.734E-02                                 F               0         Tower Y translation velocity, node 8, m/s
         90    6.638E-03                                 F               0         Tower Z translation velocity, node 8, m/s
         91   -5.256E-03                                 F               0         Tower X translation velocity, node 9, m/s
         92    5.285E-02                                 F               0         Tower Y translation velocity, node 9, m/s
         93    6.909E-03                                 F               0         Tower Z translation velocity, node 9, m/s
         94   -5.265E-03                                 F               0         Tower X translation velocity, node 10, m/s
         95    5.837E-02                                 F               0         Tower Y translation velocity, node 10, m/s
         96    7.180E-03                                 F               0         Tower Z translation velocity, node 10, m/s
         97   -5.272E-03                                 F               0         Tower X translation velocity, node 11, m/s
         98    6.389E-02                                 F               0         Tower Y translation velocity, node 11, m/s
         99    7.452E-03                                 F               0         Tower Z translation velocity, node 11, m/s
        100    2.740E+01                                 F               0         Hub X translation displacement, node 1, m
        101   -7.614E+00                                 F               0         Hub Y translation displacement, node 1, m
        102   -1.120E-01                                 F               0         Hub Z translation displacement, node 1, m
        103    9.732E-01,  1.567E-02, -2.293E-01         F               0         Hub X orientation angle, node 1, rad
        104   -2.239E-01, -1.605E-01, -9.613E-01         F               0         Hub Y orientation angle, node 1, rad
        105   -5.186E-02,  9.869E-01, -1.527E-01         F               0         Hub Z orientation angle, node 1, rad
        106    8.541E-01                                 F               0         Hub X rotation velocity, node 1, rad/s
        107    1.375E-02                                 F               0         Hub Y rotation velocity, node 1, rad/s
        108   -2.012E-01                                 F               0         Hub Z rotation velocity, node 1, rad/s
        109    9.795E-01,  2.042E-02, -2.006E-01         F               0         Blade root 1 X orientation angle, node 1, rad
        110   -1.949E-01, -1.600E-01, -9.677E-01         F               0         Blade root 1 Y orientation angle, node 1, rad
        111   -5.186E-02,  9.869E-01, -1.527E-01         F               0         Blade root 1 Z orientation angle, node 1, rad
        112    9.708E-01, -1.207E-02, -2.395E-01         F               0         Blade root 2 X orientation angle, node 1, rad
        113    9.587E-02,  9.350E-01,  3.415E-01         F               0         Blade root 2 Y orientation angle, node 1, rad
        114    2.198E-01, -3.545E-01,  9.089E-01         F               0         Blade root 2 Z orientation angle, node 1, rad
        115    9.682E-01,  3.864E-02, -2.474E-01         F               0         Blade root 3 X orientation angle, node 1, rad
        116    1.857E-01, -7.736E-01,  6.058E-01         F               0         Blade root 3 Y orientation angle, node 1, rad
        117   -1.680E-01, -6.325E-01, -7.562E-01         F               0         Blade root 3 Z orientation angle, node 1, rad
        118    2.653E+01                                 F               0         Blade 1 X translation displacement, node 1, m
        119   -2.146E+00                                 F               0         Blade 1 Y translation displacement, node 1, m
        120   -6.468E+00                                 F               0         Blade 1 Z translation displacement, node 1, m
        121    2.632E+01                                 F               0         Blade 1 X translation displacement, node 2, m
        122   -8.288E-01                                 F               0         Blade 1 Y translation displacement, node 2, m
        123   -7.999E+00                                 F               0         Blade 1 Z translation displacement, node 2, m
        124    2.348E+01                                 F               0         Blade 1 X translation displacement, node 3, m
        125    1.709E+01                                 F               0         Blade 1 Y translation displacement, node 3, m
        126   -2.882E+01                                 F               0         Blade 1 Z translation displacement, node 3, m
        127    2.288E+01                                 F               0         Blade 1 X translation displacement, node 4, m
        128    2.090E+01                                 F               0         Blade 1 Y translation displacement, node 4, m
        129   -3.326E+01                                 F               0         Blade 1 Z translation displacement, node 4, m
        130    2.227E+01                                 F               0         Blade 1 X translation displacement, node 5, m
        131    2.472E+01                                 F               0         Blade 1 Y translation displacement, node 5, m
        132   -3.770E+01                                 F               0         Blade 1 Z translation displacement, node 5, m
        133    2.167E+01                                 F               0         Blade 1 X translation displacement, node 6, m
        134    2.854E+01                                 F               0         Blade 1 Y translation displacement, node 6, m
        135   -4.214E+01                                 F               0         Blade 1 Z translation displacement, node 6, m
        136    2.106E+01                                 F               0         Blade 1 X translation displacement, node 7, m
        137    3.235E+01                                 F               0         Blade 1 Y translation displacement, node 7, m
        138   -4.657E+01                                 F               0         Blade 1 Z translation displacement, node 7, m
        139    2.046E+01                                 F               0         Blade 1 X translation displacement, node 8, m
        140    3.617E+01                                 F               0         Blade 1 Y translation displacement, node 8, m
        141   -5.101E+01                                 F               0         Blade 1 Z translation displacement, node 8, m
        142    1.985E+01                                 F               0         Blade 1 X translation displacement, node 9, m
        143    3.999E+01                                 F               0         Blade 1 Y translation displacement, node 9, m
        144   -5.545E+01                                 F               0         Blade 1 Z translation displacement, node 9, m
        145    1.925E+01                                 F               0         Blade 1 X translation displacement, node 10, m
        146    4.381E+01                                 F               0         Blade 1 Y translation displacement, node 10, m
        147   -5.988E+01                                 F               0         Blade 1 Z translation displacement, node 10, m
        148    1.864E+01                                 F               0         Blade 1 X translation displacement, node 11, m
        149    4.762E+01                                 F               0         Blade 1 Y translation displacement, node 11, m
        150   -6.432E+01                                 F               0         Blade 1 Z translation displacement, node 11, m
        151    1.804E+01                                 F               0         Blade 1 X translation displacement, node 12, m
        152    5.144E+01                                 F               0         Blade 1 Y translation displacement, node 12, m
        153   -6.876E+01                                 F               0         Blade 1 Z translation displacement, node 12, m
        154    1.743E+01                                 F               0         Blade 1 X translation displacement, node 13, m
        155    5.526E+01                                 F               0         Blade 1 Y translation displacement, node 13, m
        156   -7.320E+01                                 F               0         Blade 1 Z translation displacement, node 13, m
        157    1.683E+01                                 F               0         Blade 1 X translation displacement, node 14, m
        158    5.907E+01                                 F               0         Blade 1 Y translation displacement, node 14, m
        159   -7.763E+01                                 F               0         Blade 1 Z translation displacement, node 14, m
        160    1.622E+01                                 F               0         Blade 1 X translation displacement, node 15, m
        161    6.289E+01                                 F               0         Blade 1 Y translation displacement, node 15, m
        162   -8.207E+01                                 F               0         Blade 1 Z translation displacement, node 15, m
        163    1.562E+01                                 F               0         Blade 1 X translation displacement, node 16, m
        164    6.671E+01                                 F               0         Blade 1 Y translation displacement, node 16, m
        165   -8.651E+01                                 F               0         Blade 1 Z translation displacement, node 16, m
        166    1.501E+01                                 F               0         Blade 1 X translation displacement, node 17, m
        167    7.052E+01                                 F               0         Blade 1 Y translation displacement, node 17, m
        168   -9.094E+01                                 F               0         Blade 1 Z translation displacement, node 17, m
        169    1.441E+01                                 F               0         Blade 1 X translation displacement, node 18, m
        170    7.434E+01                                 F               0         Blade 1 Y translation displacement, node 18, m
        171   -9.538E+01                                 F               0         Blade 1 Z translation displacement, node 18, m
        172    1.380E+01                                 F               0         Blade 1 X translation displacement, node 19, m
        173    7.816E+01                                 F               0         Blade 1 Y translation displacement, node 19, m
        174   -9.982E+01                                 F               0         Blade 1 Z translation displacement, node 19, m
        175    1.320E+01                                 F               0         Blade 1 X translation displacement, node 20, m
        176    8.198E+01                                 F               0         Blade 1 Y translation displacement, node 20, m
        177   -1.043E+02                                 F               0         Blade 1 Z translation displacement, node 20, m
        178    1.259E+01                                 F               0         Blade 1 X translation displacement, node 21, m
        179    8.579E+01                                 F               0         Blade 1 Y translation displacement, node 21, m
        180   -1.087E+02                                 F               0         Blade 1 Z translation displacement, node 21, m
        181    1.199E+01                                 F               0         Blade 1 X translation displacement, node 22, m
        182    8.961E+01                                 F               0         Blade 1 Y translation displacement, node 22, m
        183   -1.131E+02                                 F               0         Blade 1 Z translation displacement, node 22, m
        184    1.138E+01                                 F               0         Blade 1 X translation displacement, node 23, m
        185    9.343E+01                                 F               0         Blade 1 Y translation displacement, node 23, m
        186   -1.176E+02                                 F               0         Blade 1 Z translation displacement, node 23, m
        187    1.078E+01                                 F               0         Blade 1 X translation displacement, node 24, m
        188    9.724E+01                                 F               0         Blade 1 Y translation displacement, node 24, m
        189   -1.220E+02                                 F               0         Blade 1 Z translation displacement, node 24, m
        190    1.018E+01                                 F               0         Blade 1 X translation displacement, node 25, m
        191    1.011E+02                                 F               0         Blade 1 Y translation displacement, node 25, m
        192   -1.264E+02                                 F               0         Blade 1 Z translation displacement, node 25, m
        193    9.570E+00                                 F               0         Blade 1 X translation displacement, node 26, m
        194    1.049E+02                                 F               0         Blade 1 Y translation displacement, node 26, m
        195   -1.309E+02                                 F               0         Blade 1 Z translation displacement, node 26, m
        196    8.965E+00                                 F               0         Blade 1 X translation displacement, node 27, m
        197    1.087E+02                                 F               0         Blade 1 Y translation displacement, node 27, m
        198   -1.353E+02                                 F               0         Blade 1 Z translation displacement, node 27, m
        199    8.452E+00                                 F               0         Blade 1 X translation displacement, node 28, m
        200    1.119E+02                                 F               0         Blade 1 Y translation displacement, node 28, m
        201   -1.391E+02                                 F               0         Blade 1 Z translation displacement, node 28, m
        202    9.606E-01,  9.112E-02,  2.627E-01         F               0         Blade 1 X orientation angle, node 1, rad
        203    2.732E-01, -1.331E-01, -9.527E-01         F               0         Blade 1 Y orientation angle, node 1, rad
        204   -5.186E-02,  9.869E-01, -1.527E-01         F               0         Blade 1 Z orientation angle, node 1, rad
        205    9.606E-01,  9.112E-02,  2.627E-01         F               0         Blade 1 X orientation angle, node 2, rad
        206    2.732E-01, -1.331E-01, -9.527E-01         F               0         Blade 1 Y orientation angle, node 2, rad
        207   -5.186E-02,  9.869E-01, -1.527E-01         F               0         Blade 1 Z orientation angle, node 2, rad
        208    9.979E-01,  5.699E-02,  2.942E-02         F               0         Blade 1 X orientation angle, node 3, rad
        209    3.774E-02, -1.509E-01, -9.878E-01         F               0         Blade 1 Y orientation angle, node 3, rad
        210   -5.186E-02,  9.869E-01, -1.527E-01         F               0         Blade 1 Z orientation angle, node 3, rad
        211    9.986E-01,  5.057E-02, -1.232E-02         F               0         Blade 1 X orientation angle, node 4, rad
        212   -4.435E-03, -1.531E-01, -9.882E-01         F               0         Blade 1 Y orientation angle, node 4, rad
        213   -5.186E-02,  9.869E-01, -1.527E-01         F               0         Blade 1 Z orientation angle, node 4, rad
        214    9.979E-01,  4.547E-02, -4.508E-02         F               0         Blade 1 X orientation angle, node 5, rad
        215   -3.754E-02, -1.547E-01, -9.872E-01         F               0         Blade 1 Y orientation angle, node 5, rad
        216   -5.186E-02,  9.869E-01, -1.527E-01         F               0         Blade 1 Z orientation angle, node 5, rad
        217    9.966E-01,  4.135E-02, -7.125E-02         F               0         Blade 1 X orientation angle, node 6, rad
        218   -6.400E-02, -1.559E-01, -9.857E-01         F               0         Blade 1 Y orientation angle, node 6, rad
        219   -5.186E-02,  9.869E-01, -1.527E-01         F               0         Blade 1 Z orientation angle, node 6, rad
        220    9.950E-01,  3.794E-02, -9.273E-02         F               0         Blade 1 X orientation angle, node 7, rad
        221   -8.573E-02, -1.567E-01, -9.839E-01         F               0         Blade 1 Y orientation angle, node 7, rad
        222   -5.186E-02,  9.869E-01, -1.527E-01         F               0         Blade 1 Z orientation angle, node 7, rad
        223    9.932E-01,  3.509E-02, -1.106E-01         F               0         Blade 1 X orientation angle, node 8, rad
        224   -1.038E-01, -1.574E-01, -9.821E-01         F               0         Blade 1 Y orientation angle, node 8, rad
        225   -5.186E-02,  9.869E-01, -1.527E-01         F               0         Blade 1 Z orientation angle, node 8, rad
        226    9.915E-01,  3.266E-02, -1.256E-01         F               0         Blade 1 X orientation angle, node 9, rad
        227   -1.190E-01, -1.579E-01, -9.803E-01         F               0         Blade 1 Y orientation angle, node 9, rad
        228   -5.186E-02,  9.869E-01, -1.527E-01         F               0         Blade 1 Z orientation angle, node 9, rad
        229    9.899E-01,  3.057E-02, -1.386E-01         F               0         Blade 1 X orientation angle, node 10, rad
        230   -1.322E-01, -1.583E-01, -9.785E-01         F               0         Blade 1 Y orientation angle, node 10, rad
        231   -5.186E-02,  9.869E-01, -1.527E-01         F               0         Blade 1 Z orientation angle, node 10, rad
        232    9.883E-01,  2.877E-02, -1.497E-01         F               0         Blade 1 X orientation angle, node 11, rad
        233   -1.434E-01, -1.587E-01, -9.769E-01         F               0         Blade 1 Y orientation angle, node 11, rad
        234   -5.186E-02,  9.869E-01, -1.527E-01         F               0         Blade 1 Z orientation angle, node 11, rad
        235    9.868E-01,  2.719E-02, -1.594E-01         F               0         Blade 1 X orientation angle, node 12, rad
        236   -1.532E-01, -1.590E-01, -9.753E-01         F               0         Blade 1 Y orientation angle, node 12, rad
        237   -5.186E-02,  9.869E-01, -1.527E-01         F               0         Blade 1 Z orientation angle, node 12, rad
        238    9.855E-01,  2.580E-02, -1.679E-01         F               0         Blade 1 X orientation angle, node 13, rad
        239   -1.618E-01, -1.592E-01, -9.739E-01         F               0         Blade 1 Y orientation angle, node 13, rad
        240   -5.186E-02,  9.869E-01, -1.527E-01         F               0         Blade 1 Z orientation angle, node 13, rad
        241    9.842E-01,  2.455E-02, -1.756E-01         F               0         Blade 1 X orientation angle, node 14, rad
        242   -1.695E-01, -1.594E-01, -9.725E-01         F               0         Blade 1 Y orientation angle, node 14, rad
        243   -5.186E-02,  9.869E-01, -1.527E-01         F               0         Blade 1 Z orientation angle, node 14, rad
        244    9.829E-01,  2.344E-02, -1.824E-01         F               0         Blade 1 X orientation angle, node 15, rad
        245   -1.764E-01, -1.596E-01, -9.713E-01         F               0         Blade 1 Y orientation angle, node 15, rad
        246   -5.186E-02,  9.869E-01, -1.527E-01         F               0         Blade 1 Z orientation angle, node 15, rad
        247    9.818E-01,  2.243E-02, -1.885E-01         F               0         Blade 1 X orientation angle, node 16, rad
        248   -1.826E-01, -1.597E-01, -9.701E-01         F               0         Blade 1 Y orientation angle, node 16, rad
        249   -5.186E-02,  9.869E-01, -1.527E-01         F               0         Blade 1 Z orientation angle, node 16, rad
        250    9.808E-01,  2.154E-02, -1.939E-01         F               0         Blade 1 X orientation angle, node 17, rad
        251   -1.881E-01, -1.598E-01, -9.691E-01         F               0         Blade 1 Y orientation angle, node 17, rad
        252   -5.186E-02,  9.869E-01, -1.527E-01         F               0         Blade 1 Z orientation angle, node 17, rad
        253    9.798E-01,  2.070E-02, -1.990E-01         F               0         Blade 1 X orientation angle, node 18, rad
        254   -1.932E-01, -1.599E-01, -9.680E-01         F               0         Blade 1 Y orientation angle, node 18, rad
        255   -5.186E-02,  9.869E-01, -1.527E-01         F               0         Blade 1 Z orientation angle, node 18, rad
        256    9.789E-01,  1.995E-02, -2.035E-01         F               0         Blade 1 X orientation angle, node 19, rad
        257   -1.978E-01, -1.600E-01, -9.671E-01         F               0         Blade 1 Y orientation angle, node 19, rad
        258   -5.186E-02,  9.869E-01, -1.527E-01         F               0         Blade 1 Z orientation angle, node 19, rad
        259    9.780E-01,  1.928E-02, -2.076E-01         F               0         Blade 1 X orientation angle, node 20, rad
        260   -2.019E-01, -1.601E-01, -9.662E-01         F               0         Blade 1 Y orientation angle, node 20, rad
        261   -5.186E-02,  9.869E-01, -1.527E-01         F               0         Blade 1 Z orientation angle, node 20, rad
        262    9.772E-01,  1.864E-02, -2.114E-01         F               0         Blade 1 X orientation angle, node 21, rad
        263   -2.058E-01, -1.602E-01, -9.654E-01         F               0         Blade 1 Y orientation angle, node 21, rad
        264   -5.186E-02,  9.869E-01, -1.527E-01         F               0         Blade 1 Z orientation angle, node 21, rad
        265    9.765E-01,  1.805E-02, -2.150E-01         F               0         Blade 1 X orientation angle, node 22, rad
        266   -2.094E-01, -1.603E-01, -9.646E-01         F               0         Blade 1 Y orientation angle, node 22, rad
        267   -5.186E-02,  9.869E-01, -1.527E-01         F               0         Blade 1 Z orientation angle, node 22, rad
        268    9.758E-01,  1.752E-02, -2.182E-01         F               0         Blade 1 X orientation angle, node 23, rad
        269   -2.126E-01, -1.603E-01, -9.639E-01         F               0         Blade 1 Y orientation angle, node 23, rad
        270   -5.186E-02,  9.869E-01, -1.527E-01         F               0         Blade 1 Z orientation angle, node 23, rad
        271    9.751E-01,  1.701E-02, -2.212E-01         F               0         Blade 1 X orientation angle, node 24, rad
        272   -2.157E-01, -1.604E-01, -9.632E-01         F               0         Blade 1 Y orientation angle, node 24, rad
        273   -5.186E-02,  9.869E-01, -1.527E-01         F               0         Blade 1 Z orientation angle, node 24, rad
        274    9.744E-01,  1.654E-02, -2.241E-01         F               0         Blade 1 X orientation angle, node 25, rad
        275   -2.186E-01, -1.604E-01, -9.625E-01         F               0         Blade 1 Y orientation angle, node 25, rad
        276   -5.186E-02,  9.869E-01, -1.527E-01         F               0         Blade 1 Z orientation angle, node 25, rad
        277    9.739E-01,  1.612E-02, -2.266E-01         F               0         Blade 1 X orientation angle, node 26, rad
        278   -2.212E-01, -1.605E-01, -9.619E-01         F               0         Blade 1 Y orientation angle, node 26, rad
        279   -5.186E-02,  9.869E-01, -1.527E-01         F               0         Blade 1 Z orientation angle, node 26, rad
        280    9.733E-01,  1.570E-02, -2.291E-01         F               0         Blade 1 X orientation angle, node 27, rad
        281   -2.237E-01, -1.605E-01, -9.614E-01         F               0         Blade 1 Y orientation angle, node 27, rad
        282   -5.186E-02,  9.869E-01, -1.527E-01         F               0         Blade 1 Z orientation angle, node 27, rad
        283    9.730E-01,  1.547E-02, -2.304E-01         F               0         Blade 1 X orientation angle, node 28, rad
        284   -2.251E-01, -1.605E-01, -9.610E-01         F               0         Blade 1 Y orientation angle, node 28, rad
        285   -5.186E-02,  9.869E-01, -1.527E-01         F               0         Blade 1 Z orientation angle, node 28, rad
        286    1.083E+00                                 F               0         Blade 1 X translation velocity, node 1, m/s
        287    8.466E-01                                 F               0         Blade 1 Y translation velocity, node 1, m/s
        288    4.681E+00                                 F               0         Blade 1 Z translation velocity, node 1, m/s
        289    1.345E+00                                 F               0         Blade 1 X translation velocity, node 2, m/s
        290    1.035E+00                                 F               0         Blade 1 Y translation velocity, node 2, m/s
        291    5.808E+00                                 F               0         Blade 1 Z translation velocity, node 2, m/s
        292    4.911E+00                                 F               0         Blade 1 X translation velocity, node 3, m/s
        293    3.592E+00                                 F               0         Blade 1 Y translation velocity, node 3, m/s
        294    2.112E+01                                 F               0         Blade 1 Z translation velocity, node 3, m/s
        295    5.670E+00                                 F               0         Blade 1 X translation velocity, node 4, m/s
        296    4.136E+00                                 F               0         Blade 1 Y translation velocity, node 4, m/s
        297    2.438E+01                                 F               0         Blade 1 Z translation velocity, node 4, m/s
        298    6.430E+00                                 F               0         Blade 1 X translation velocity, node 5, m/s
        299    4.681E+00                                 F               0         Blade 1 Y translation velocity, node 5, m/s
        300    2.765E+01                                 F               0         Blade 1 Z translation velocity, node 5, m/s
        301    7.190E+00                                 F               0         Blade 1 X translation velocity, node 6, m/s
        302    5.226E+00                                 F               0         Blade 1 Y translation velocity, node 6, m/s
        303    3.091E+01                                 F               0         Blade 1 Z translation velocity, node 6, m/s
        304    7.949E+00                                 F               0         Blade 1 X translation velocity, node 7, m/s
        305    5.771E+00                                 F               0         Blade 1 Y translation velocity, node 7, m/s
        306    3.417E+01                                 F               0         Blade 1 Z translation velocity, node 7, m/s
        307    8.709E+00                                 F               0         Blade 1 X translation velocity, node 8, m/s
