
Linearized model: Predictions were generated on 13-Feb-2024 at 11:29:37 using OpenFAST, compiled as a 64-bit application using single precision at commit v3.5.1
 linked with  NWTC Subroutine Library; ElastoDyn; InflowWind; AeroDyn; ServoDyn; HydroDyn; MAP++ (<1.20.10>, <Oct-20-2023>)

Description from the FAST input file: CCT-9 Campign 4 model. Input files to be run with OpenFAST 3.5.0. GitHub branch from Lu Wang (https://github.com/luwang00/openfast/tree/dev) compiled on March 7, 2023.

Simulation information:
   Simulation time:                  1218.3250 s
   Rotor Speed:                         0.7916 rad/s
   Azimuth:                             5.9375 rad
   Wind Speed:                         16.0000 m/s
   Number of continuous states:         0
   Number of discrete states:           0
   Number of constraint states:         0
   Number of inputs:                 1746
   Number of outputs:                   4
   Jacobians included in this file?    No

Order of inputs:
     Column   Operating Point                                                   Rotating Frame? Derivative Order Description
   ---------- ---------------                                                   --------------- ---------------- -----------
          1     1.07018623352E+001                                                     F               0         Tower X translation displacement, node 1, m
          2    -1.56242501736E+000                                                     F               0         Tower Y translation displacement, node 1, m
          3    -2.98793911934E-001                                                     F               0         Tower Z translation displacement, node 1, m
          4     1.20874919891E+001                                                     F               0         Tower X translation displacement, node 2, m
          5    -2.19766855240E+000                                                     F               0         Tower Y translation displacement, node 2, m
          6    -3.93186777830E-001                                                     F               0         Tower Z translation displacement, node 2, m
          7     1.34731225967E+001                                                     F               0         Tower X translation displacement, node 3, m
          8    -2.83291244507E+000                                                     F               0         Tower Y translation displacement, node 3, m
          9    -4.87577527761E-001                                                     F               0         Tower Z translation displacement, node 3, m
         10     1.48587522507E+001                                                     F               0         Tower X translation displacement, node 4, m
         11    -3.46815609932E+000                                                     F               0         Tower Y translation displacement, node 4, m
         12    -5.81968486309E-001                                                     F               0         Tower Z translation displacement, node 4, m
         13     1.62443828583E+001                                                     F               0         Tower X translation displacement, node 5, m
         14    -4.10340023041E+000                                                     F               0         Tower Y translation displacement, node 5, m
         15    -6.76356673241E-001                                                     F               0         Tower Z translation displacement, node 5, m
         16     1.76300125122E+001                                                     F               0         Tower X translation displacement, node 6, m
         17    -4.73864316940E+000                                                     F               0         Tower Y translation displacement, node 6, m
         18    -7.70755350590E-001                                                     F               0         Tower Z translation displacement, node 6, m
         19     1.90156421661E+001                                                     F               0         Tower X translation displacement, node 7, m
         20    -5.37388753891E+000                                                     F               0         Tower Y translation displacement, node 7, m
         21    -8.65140080452E-001                                                     F               0         Tower Z translation displacement, node 7, m
         22     2.04012718201E+001                                                     F               0         Tower X translation displacement, node 8, m
         23    -6.00913095474E+000                                                     F               0         Tower Y translation displacement, node 8, m
         24    -9.59536850452E-001                                                     F               0         Tower Z translation displacement, node 8, m
         25     2.17869033813E+001                                                     F               0         Tower X translation displacement, node 9, m
         26    -6.64437532425E+000                                                     F               0         Tower Y translation displacement, node 9, m
         27    -1.05392467976E+000                                                     F               0         Tower Z translation displacement, node 9, m
         28     2.31725330353E+001                                                     F               0         Tower X translation displacement, node 10, m
         29    -7.27961874008E+000                                                     F               0         Tower Y translation displacement, node 10, m
         30    -1.14831840992E+000                                                     F               0         Tower Z translation displacement, node 10, m
         31     2.45581626892E+001                                                     F               0         Tower X translation displacement, node 11, m
         32    -7.91486215591E+000                                                     F               0         Tower Y translation displacement, node 11, m
         33    -1.24270915985E+000                                                     F               0         Tower Z translation displacement, node 11, m
         34     9.93688285351E-001,   3.40002076700E-003,  -1.12125299871E-001         F               0         Tower X orientation angle, node 1, rad
         35     2.39098095335E-003,   9.98671531677E-001,   5.14727160335E-002         F               0         Tower Y orientation angle, node 1, rad
         36     1.12151347101E-001,  -5.14159239829E-002,   9.92360055447E-001         F               0         Tower Z orientation angle, node 1, rad
         37     9.93688285351E-001,   3.40002076700E-003,  -1.12125299871E-001         F               0         Tower X orientation angle, node 2, rad
         38     2.39098095335E-003,   9.98671531677E-001,   5.14727160335E-002         F               0         Tower Y orientation angle, node 2, rad
         39     1.12151347101E-001,  -5.14159239829E-002,   9.92360055447E-001         F               0         Tower Z orientation angle, node 2, rad
         40     9.93688285351E-001,   3.40002076700E-003,  -1.12125299871E-001         F               0         Tower X orientation angle, node 3, rad
         41     2.39098095335E-003,   9.98671531677E-001,   5.14727160335E-002         F               0         Tower Y orientation angle, node 3, rad
         42     1.12151347101E-001,  -5.14159239829E-002,   9.92360055447E-001         F               0         Tower Z orientation angle, node 3, rad
         43     9.93688285351E-001,   3.40002076700E-003,  -1.12125299871E-001         F               0         Tower X orientation angle, node 4, rad
         44     2.39098095335E-003,   9.98671531677E-001,   5.14727160335E-002         F               0         Tower Y orientation angle, node 4, rad
         45     1.12151347101E-001,  -5.14159239829E-002,   9.92360055447E-001         F               0         Tower Z orientation angle, node 4, rad
         46     9.93688285351E-001,   3.40002076700E-003,  -1.12125299871E-001         F               0         Tower X orientation angle, node 5, rad
         47     2.39098095335E-003,   9.98671531677E-001,   5.14727160335E-002         F               0         Tower Y orientation angle, node 5, rad
         48     1.12151347101E-001,  -5.14159239829E-002,   9.92360055447E-001         F               0         Tower Z orientation angle, node 5, rad
         49     9.93688285351E-001,   3.40002076700E-003,  -1.12125299871E-001         F               0         Tower X orientation angle, node 6, rad
         50     2.39098095335E-003,   9.98671531677E-001,   5.14727160335E-002         F               0         Tower Y orientation angle, node 6, rad
         51     1.12151347101E-001,  -5.14159239829E-002,   9.92360055447E-001         F               0         Tower Z orientation angle, node 6, rad
         52     9.93688285351E-001,   3.40002076700E-003,  -1.12125299871E-001         F               0         Tower X orientation angle, node 7, rad
         53     2.39098095335E-003,   9.98671531677E-001,   5.14727160335E-002         F               0         Tower Y orientation angle, node 7, rad
         54     1.12151347101E-001,  -5.14159239829E-002,   9.92360055447E-001         F               0         Tower Z orientation angle, node 7, rad
         55     9.93688285351E-001,   3.40002076700E-003,  -1.12125292420E-001         F               0         Tower X orientation angle, node 8, rad
         56     2.39098072052E-003,   9.98671531677E-001,   5.14727160335E-002         F               0         Tower Y orientation angle, node 8, rad
         57     1.12151347101E-001,  -5.14159239829E-002,   9.92360055447E-001         F               0         Tower Z orientation angle, node 8, rad
         58     9.93688285351E-001,   3.40002099983E-003,  -1.12125299871E-001         F               0         Tower X orientation angle, node 9, rad
         59     2.39098095335E-003,   9.98671531677E-001,   5.14727197587E-002         F               0         Tower Y orientation angle, node 9, rad
         60     1.12151354551E-001,  -5.14159239829E-002,   9.92360055447E-001         F               0         Tower Z orientation angle, node 9, rad
         61     9.93688285351E-001,   3.40002076700E-003,  -1.12125299871E-001         F               0         Tower X orientation angle, node 10, rad
         62     2.39098095335E-003,   9.98671531677E-001,   5.14727160335E-002         F               0         Tower Y orientation angle, node 10, rad
         63     1.12151347101E-001,  -5.14159239829E-002,   9.92360055447E-001         F               0         Tower Z orientation angle, node 10, rad
         64     9.93688285351E-001,   3.40002076700E-003,  -1.12125299871E-001         F               0         Tower X orientation angle, node 11, rad
         65     2.39098095335E-003,   9.98671531677E-001,   5.14727160335E-002         F               0         Tower Y orientation angle, node 11, rad
         66     1.12151347101E-001,  -5.14159239829E-002,   9.92360055447E-001         F               0         Tower Z orientation angle, node 11, rad
         67    -4.36546630226E-004                                                     F               0         Tower X translation velocity, node 1, m/s
         68    -4.11631073803E-004                                                     F               0         Tower Y translation velocity, node 1, m/s
         69    -7.21383420750E-003                                                     F               0         Tower Z translation velocity, node 1, m/s
         70    -6.15996948909E-004                                                     F               0         Tower X translation velocity, node 2, m/s
         71    -7.75029766373E-004                                                     F               0         Tower Y translation velocity, node 2, m/s
         72    -7.21238180995E-003                                                     F               0         Tower Z translation velocity, node 2, m/s
         73    -7.95447384007E-004                                                     F               0         Tower X translation velocity, node 3, m/s
         74    -1.13842857536E-003                                                     F               0         Tower Y translation velocity, node 3, m/s
         75    -7.21092987806E-003                                                     F               0         Tower Z translation velocity, node 3, m/s
         76    -9.74897702690E-004                                                     F               0         Tower X translation velocity, node 4, m/s
         77    -1.50182726793E-003                                                     F               0         Tower Y translation velocity, node 4, m/s
         78    -7.20947748050E-003                                                     F               0         Tower Z translation velocity, node 4, m/s
         79    -1.15434813779E-003                                                     F               0         Tower X translation velocity, node 5, m/s
         80    -1.86522607692E-003                                                     F               0         Tower Y translation velocity, node 5, m/s
         81    -7.20802508295E-003                                                     F               0         Tower Z translation velocity, node 5, m/s
         82    -1.33379839826E-003                                                     F               0         Tower X translation velocity, node 6, m/s
         83    -2.22862465307E-003                                                     F               0         Tower Y translation velocity, node 6, m/s
         84    -7.20657315105E-003                                                     F               0         Tower Z translation velocity, node 6, m/s
         85    -1.51324889157E-003                                                     F               0         Tower X translation velocity, node 7, m/s
         86    -2.59202346206E-003                                                     F               0         Tower Y translation velocity, node 7, m/s
         87    -7.20512075350E-003                                                     F               0         Tower Z translation velocity, node 7, m/s
         88    -1.69269903563E-003                                                     F               0         Tower X translation velocity, node 8, m/s
         89    -2.95542203821E-003                                                     F               0         Tower Y translation velocity, node 8, m/s
         90    -7.20366882160E-003                                                     F               0         Tower Z translation velocity, node 8, m/s
         91    -1.87214964535E-003                                                     F               0         Tower X translation velocity, node 9, m/s
         92    -3.31882108003E-003                                                     F               0         Tower Y translation velocity, node 9, m/s
         93    -7.20221688971E-003                                                     F               0         Tower Z translation velocity, node 9, m/s
         94    -2.05160002224E-003                                                     F               0         Tower X translation velocity, node 10, m/s
         95    -3.68221965618E-003                                                     F               0         Tower Y translation velocity, node 10, m/s
         96    -7.20076402649E-003                                                     F               0         Tower Z translation velocity, node 10, m/s
         97    -2.23105028272E-003                                                     F               0         Tower X translation velocity, node 11, m/s
         98    -4.04561823234E-003                                                     F               0         Tower Y translation velocity, node 11, m/s
         99    -7.19931209460E-003                                                     F               0         Tower Z translation velocity, node 11, m/s
        100     2.55067405701E+001                                                     F               0         Hub X translation displacement, node 1, m
        101    -8.35520839691E+000                                                     F               0         Hub Y translation displacement, node 1, m
        102    -9.16687399149E-002                                                     F               0         Hub Z translation displacement, node 1, m
        103     9.76521730423E-001,   8.75582266599E-003,  -2.15240940452E-001         F               0         Hub X orientation angle, node 1, rad
        104    -7.07468315959E-002,   9.56788182259E-001,  -2.82048344612E-001         F               0         Hub Y orientation angle, node 1, rad
        105     2.03470423818E-001,   2.90653944016E-001,   9.34943914413E-001         F               0         Hub Z orientation angle, node 1, rad
        106     7.73051023483E-001                                                     F               0         Hub X rotation velocity, node 1, rad/s
        107     6.91741658375E-003                                                     F               0         Hub Y rotation velocity, node 1, rad/s
        108    -1.70403346419E-001                                                     F               0         Hub Z rotation velocity, node 1, rad/s
        109     9.76762175560E-001,  -1.25943318009E-001,  -1.73418208957E-001         F               0         Blade root 1 X orientation angle, node 1, rad
        110     6.73452541232E-002,   9.48503315449E-001,  -3.09525519609E-001         F               0         Blade root 1 Y orientation angle, node 1, rad
        111     2.03470423818E-001,   2.90653944016E-001,   9.34943914413E-001         F               0         Blade root 1 Z orientation angle, node 1, rad
        112     9.37040627003E-001,   4.05607596040E-002,  -3.46856832504E-001         F               0         Blade root 2 X orientation angle, node 1, rad
        113     3.46867829561E-001,  -2.23193839192E-001,   9.10970449448E-001         F               0         Blade root 2 Y orientation angle, node 1, rad
        114    -4.04666587710E-002,  -9.73929822445E-001,  -2.23210915923E-001         F               0         Blade root 2 Z orientation angle, node 1, rad
        115     9.86623346806E-001,   1.11388757825E-001,  -1.19025059044E-001         F               0         Blade root 3 X orientation angle, node 1, rad
        116    -2.04789894633E-003,  -7.21613883972E-001,  -6.92292749882E-001         F               0         Blade root 3 Y orientation angle, node 1, rad
        117    -1.63003757596E-001,   6.83275878429E-001,  -7.11732983589E-001         F               0         Blade root 3 Z orientation angle, node 1, rad
        118     2.60548782349E+001                                                     F               0         Blade 1 X translation displacement, node 1, m
        119    -6.74498558044E+000                                                     F               0         Blade 1 Y translation displacement, node 1, m
        120    -4.21738445759E-001                                                     F               0         Blade 1 Z translation displacement, node 1, m
        121     2.61869564056E+001                                                     F               0         Blade 1 X translation displacement, node 2, m
        122    -6.35698986053E+000                                                     F               0         Blade 1 Y translation displacement, node 2, m
        123    -5.01267135143E-001                                                     F               0         Blade 1 Z translation displacement, node 2, m
        124     2.79829921722E+001                                                     F               0         Blade 1 X translation displacement, node 3, m
        125    -1.08092141151E+000                                                     F               0         Blade 1 Y translation displacement, node 3, m
        126    -1.58274853230E+000                                                     F               0         Blade 1 Z translation displacement, node 3, m
        127     2.83656463623E+001                                                     F               0         Blade 1 X translation displacement, node 4, m
        128     4.31759729981E-002                                                     F               0         Blade 1 Y translation displacement, node 4, m
        129    -1.81317269802E+000                                                     F               0         Blade 1 Z translation displacement, node 4, m
        130     2.87483749390E+001                                                     F               0         Blade 1 X translation displacement, node 5, m
        131     1.16748762131E+000                                                     F               0         Blade 1 Y translation displacement, node 5, m
        132    -2.04362511635E+000                                                     F               0         Blade 1 Z translation displacement, node 5, m
        133     2.91310329437E+001                                                     F               0         Blade 1 X translation displacement, node 6, m
        134     2.29158949852E+000                                                     F               0         Blade 1 Y translation displacement, node 6, m
        135    -2.27405023575E+000                                                     F               0         Blade 1 Z translation displacement, node 6, m
        136     2.95136909485E+001                                                     F               0         Blade 1 X translation displacement, node 7, m
        137     3.41569542885E+000                                                     F               0         Blade 1 Y translation displacement, node 7, m
        138    -2.50446248055E+000                                                     F               0         Blade 1 Z translation displacement, node 7, m
        139     2.98964176178E+001                                                     F               0         Blade 1 X translation displacement, node 8, m
        140     4.54000234604E+000                                                     F               0         Blade 1 Y translation displacement, node 8, m
        141    -2.73492956161E+000                                                     F               0         Blade 1 Z translation displacement, node 8, m
        142     3.02790775299E+001                                                     F               0         Blade 1 X translation displacement, node 9, m
        143     5.66410875320E+000                                                     F               0         Blade 1 Y translation displacement, node 9, m
        144    -2.96533989906E+000                                                     F               0         Blade 1 Z translation displacement, node 9, m
        145     3.06617355347E+001                                                     F               0         Blade 1 X translation displacement, node 10, m
        146     6.78821086884E+000                                                     F               0         Blade 1 Y translation displacement, node 10, m
        147    -3.19576501846E+000                                                     F               0         Blade 1 Z translation displacement, node 10, m
        148     3.10443935394E+001                                                     F               0         Blade 1 X translation displacement, node 11, m
        149     7.91231727600E+000                                                     F               0         Blade 1 Y translation displacement, node 11, m
        150    -3.42617559433E+000                                                     F               0         Blade 1 Z translation displacement, node 11, m
        151     3.14271183014E+001                                                     F               0         Blade 1 X translation displacement, node 12, m
        152     9.03662014008E+000                                                     F               0         Blade 1 Y translation displacement, node 12, m
        153    -3.65664172173E+000                                                     F               0         Blade 1 Z translation displacement, node 12, m
        154     3.18097782135E+001                                                     F               0         Blade 1 X translation displacement, node 13, m
        155     1.01607265472E+001                                                     F               0         Blade 1 Y translation displacement, node 13, m
        156    -3.88705229759E+000                                                     F               0         Blade 1 Z translation displacement, node 13, m
        157     3.21924362183E+001                                                     F               0         Blade 1 X translation displacement, node 14, m
        158     1.12848281860E+001                                                     F               0         Blade 1 Y translation displacement, node 14, m
        159    -4.11747741699E+000                                                     F               0         Blade 1 Z translation displacement, node 14, m
        160     3.25751609802E+001                                                     F               0         Blade 1 X translation displacement, node 15, m
        161     1.24091377258E+001                                                     F               0         Blade 1 Y translation displacement, node 15, m
        162    -4.34793472290E+000                                                     F               0         Blade 1 Z translation displacement, node 15, m
        163     3.29578208923E+001                                                     F               0         Blade 1 X translation displacement, node 16, m
        164     1.35332412720E+001                                                     F               0         Blade 1 Y translation displacement, node 16, m
        165    -4.57835721970E+000                                                     F               0         Blade 1 Z translation displacement, node 16, m
        166     3.33404808044E+001                                                     F               0         Blade 1 X translation displacement, node 17, m
        167     1.46573486328E+001                                                     F               0         Blade 1 Y translation displacement, node 17, m
        168    -4.80876541138E+000                                                     F               0         Blade 1 Z translation displacement, node 17, m
        169     3.37231369019E+001                                                     F               0         Blade 1 X translation displacement, node 18, m
        170     1.57814512253E+001                                                     F               0         Blade 1 Y translation displacement, node 18, m
        171    -5.03918790817E+000                                                     F               0         Blade 1 Z translation displacement, node 18, m
        172     3.41058616638E+001                                                     F               0         Blade 1 X translation displacement, node 19, m
        173     1.69057540894E+001                                                     F               0         Blade 1 Y translation displacement, node 19, m
        174    -5.26965141296E+000                                                     F               0         Blade 1 Z translation displacement, node 19, m
        175     3.44885215759E+001                                                     F               0         Blade 1 X translation displacement, node 20, m
        176     1.80298614502E+001                                                     F               0         Blade 1 Y translation displacement, node 20, m
        177    -5.50005960464E+000                                                     F               0         Blade 1 Z translation displacement, node 20, m
        178     3.48711814880E+001                                                     F               0         Blade 1 X translation displacement, node 21, m
        179     1.91539649963E+001                                                     F               0         Blade 1 Y translation displacement, node 21, m
        180    -5.73048210144E+000                                                     F               0         Blade 1 Z translation displacement, node 21, m
        181     3.52539062500E+001                                                     F               0         Blade 1 X translation displacement, node 22, m
        182     2.02782726288E+001                                                     F               0         Blade 1 Y translation displacement, node 22, m
        183    -5.96094655991E+000                                                     F               0         Blade 1 Z translation displacement, node 22, m
        184     3.56365661621E+001                                                     F               0         Blade 1 X translation displacement, node 23, m
        185     2.14023780823E+001                                                     F               0         Blade 1 Y translation displacement, node 23, m
        186    -6.19135427475E+000                                                     F               0         Blade 1 Z translation displacement, node 23, m
        187     3.60192222595E+001                                                     F               0         Blade 1 X translation displacement, node 24, m
        188     2.25264816284E+001                                                     F               0         Blade 1 Y translation displacement, node 24, m
        189    -6.42177724838E+000                                                     F               0         Blade 1 Z translation displacement, node 24, m
        190     3.64018821716E+001                                                     F               0         Blade 1 X translation displacement, node 25, m
        191     2.36505851746E+001                                                     F               0         Blade 1 Y translation displacement, node 25, m
        192    -6.65219974518E+000                                                     F               0         Blade 1 Z translation displacement, node 25, m
        193     3.67846107483E+001                                                     F               0         Blade 1 X translation displacement, node 26, m
        194     2.47748928070E+001                                                     F               0         Blade 1 Y translation displacement, node 26, m
        195    -6.88266420364E+000                                                     F               0         Blade 1 Z translation displacement, node 26, m
        196     3.71672668457E+001                                                     F               0         Blade 1 X translation displacement, node 27, m
        197     2.58989944458E+001                                                     F               0         Blade 1 Y translation displacement, node 27, m
        198    -7.11308670044E+000                                                     F               0         Blade 1 Z translation displacement, node 27, m
        199     3.74916801453E+001                                                     F               0         Blade 1 X translation displacement, node 28, m
        200     2.68519954681E+001                                                     F               0         Blade 1 Y translation displacement, node 28, m
        201    -7.30841302872E+000                                                     F               0         Blade 1 Z translation displacement, node 28, m
        202     8.38582932949E-001,  -5.44614195824E-001,  -1.31906932220E-002         F               0         Blade 1 X orientation angle, node 1, rad
        203     5.05349814892E-001,   7.86711931229E-001,  -3.54550331831E-001         F               0         Blade 1 Y orientation angle, node 1, rad
        204     2.03470423818E-001,   2.90653944016E-001,   9.34943914413E-001         F               0         Blade 1 Z orientation angle, node 1, rad
        205     8.38582932949E-001,  -5.44614195824E-001,  -1.31906932220E-002         F               0         Blade 1 X orientation angle, node 2, rad
        206     5.05349814892E-001,   7.86711931229E-001,  -3.54550331831E-001         F               0         Blade 1 Y orientation angle, node 2, rad
        207     2.03470423818E-001,   2.90653944016E-001,   9.34943914413E-001         F               0         Blade 1 Z orientation angle, node 2, rad
        208     9.34461653233E-001,  -3.42640161514E-001,  -9.68460217118E-002         F               0         Blade 1 X orientation angle, node 3, rad
        209     2.92200624943E-001,   8.93374502659E-001,  -3.41322094202E-001         F               0         Blade 1 Y orientation angle, node 3, rad
        210     2.03470423818E-001,   2.90653944016E-001,   9.34943914413E-001         F               0         Blade 1 Z orientation angle, node 3, rad
        211     9.45966243744E-001,  -3.04612368345E-001,  -1.11171774566E-001         F               0         Blade 1 X orientation angle, node 4, rad
        212     2.52482950687E-001,   9.07045543194E-001,  -3.36928427219E-001         F               0         Blade 1 Y orientation angle, node 4, rad
        213     2.03470423818E-001,   2.90653944016E-001,   9.34943914413E-001         F               0         Blade 1 Z orientation angle, node 4, rad
        214     9.53817307949E-001,  -2.74371623993E-001,  -1.22281573713E-001         F               0         Blade 1 X orientation angle, node 5, rad
        215     2.20980465412E-001,   9.16646301746E-001,  -3.33057254553E-001         F               0         Blade 1 Y orientation angle, node 5, rad
        216     2.03470423818E-001,   2.90653944016E-001,   9.34943914413E-001         F               0         Blade 1 Z orientation angle, node 5, rad
        217     9.59343373775E-001,  -2.49960213900E-001,  -1.31073191762E-001         F               0         Blade 1 X orientation angle, node 6, rad
        218     1.95601835847E-001,   9.23601746559E-001,  -3.29696446657E-001         F               0         Blade 1 Y orientation angle, node 6, rad
        219     2.03470423818E-001,   2.90653944016E-001,   9.34943914413E-001         F               0         Blade 1 Z orientation angle, node 6, rad
        220     9.63382124901E-001,  -2.29752466083E-001,  -1.38234287500E-001         F               0         Blade 1 X orientation angle, node 7, rad
        221     1.74627333879E-001,   9.28834795952E-001,  -3.26758623123E-001         F               0         Blade 1 Y orientation angle, node 7, rad
        222     2.03470423818E-001,   2.90653944016E-001,   9.34943914413E-001         F               0         Blade 1 Z orientation angle, node 7, rad
        223     9.66392993927E-001,  -2.12855875492E-001,  -1.44142329693E-001         F               0         Blade 1 X orientation angle, node 8, rad
        224     1.57112762332E-001,   9.32851910591E-001,  -3.24195802212E-001         F               0         Blade 1 Y orientation angle, node 8, rad
        225     2.03470423818E-001,   2.90653944016E-001,   9.34943914413E-001         F               0         Blade 1 Z orientation angle, node 8, rad
        226     9.68691945076E-001,  -1.98503747582E-001,  -1.49104416370E-001         F               0         Blade 1 X orientation angle, node 9, rad
        227     1.42252087593E-001,   9.36010956764E-001,  -3.21943759918E-001         F               0         Blade 1 Y orientation angle, node 9, rad
        228     2.03470408916E-001,   2.90653944016E-001,   9.34943914413E-001         F               0         Blade 1 Z orientation angle, node 9, rad
        229     9.70493614674E-001,  -1.86070933938E-001,  -1.53361588717E-001         F               0         Blade 1 X orientation angle, node 10, rad
        230     1.29390731454E-001,   9.38561618328E-001,  -3.19937705994E-001         F               0         Blade 1 Y orientation angle, node 10, rad
        231     2.03470423818E-001,   2.90653944016E-001,   9.34943914413E-001         F               0         Blade 1 Z orientation angle, node 10, rad
        232     9.71899032593E-001,  -1.75411552191E-001,  -1.56981229782E-001         F               0         Blade 1 X orientation angle, node 11, rad
        233     1.18372745812E-001,   9.40612077713E-001,  -3.18177342415E-001         F               0         Blade 1 Y orientation angle, node 11, rad
        234     2.03470423818E-001,   2.90653944016E-001,   9.34943914413E-001         F               0         Blade 1 Z orientation angle, node 11, rad
        235     9.73028540611E-001,  -1.66045457125E-001,  -1.60138756037E-001         F               0         Blade 1 X orientation angle, node 12, rad
        236     1.08698226511E-001,   9.42310571671E-001,  -3.16599905491E-001         F               0         Blade 1 Y orientation angle, node 12, rad
        237     2.03470423818E-001,   2.90653944016E-001,   9.34943914413E-001         F               0         Blade 1 Z orientation angle, node 12, rad
        238     9.73940014839E-001,  -1.57816022635E-001,  -1.62895485759E-001         F               0         Blade 1 X orientation angle, node 13, rad
        239     1.00202918053E-001,   9.43723678589E-001,  -3.15190404654E-001         F               0         Blade 1 Y orientation angle, node 13, rad
        240     2.03470423818E-001,   2.90653944016E-001,   9.34943914413E-001         F               0         Blade 1 Z orientation angle, node 13, rad
        241     9.74696993828E-001,  -1.50399252772E-001,  -1.65365934372E-001         F               0         Blade 1 X orientation angle, node 14, rad
        242     9.25506055355E-002,   9.44934070110E-001,  -3.13901305199E-001         F               0         Blade 1 Y orientation angle, node 14, rad
        243     2.03470423818E-001,   2.90653944016E-001,   9.34943914413E-001         F               0         Blade 1 Z orientation angle, node 14, rad
        244     9.75319325924E-001,  -1.43798753619E-001,  -1.67553320527E-001         F               0         Blade 1 X orientation angle, node 15, rad
        245     8.57437327504E-002,   9.45960998535E-001,  -3.12739193439E-001         F               0         Blade 1 Y orientation angle, node 15, rad
        246     2.03470408916E-001,   2.90653944016E-001,   9.34943914413E-001         F               0         Blade 1 Z orientation angle, node 15, rad
        247     9.75838840008E-001,  -1.37852311134E-001,  -1.69514998794E-001         F               0         Blade 1 X orientation angle, node 16, rad
