
Linearized model: Predictions were generated on 12-Jan-2024 at 09:28:28 using OpenFAST, compiled as a 64-bit application using single precision at commit v3.5.1
 linked with  NWTC Subroutine Library; ElastoDyn; InflowWind; AeroDyn; ServoDyn; HydroDyn; MAP++ (<1.20.10>, <Oct-20-2023>)

Description from the FAST input file: CCT-9 Campign 4 model. Input files to be run with OpenFAST 3.5.0. GitHub branch from Lu Wang (https://github.com/luwang00/openfast/tree/dev) compiled on March 7, 2023.

Simulation information:
   Simulation time:                   500.5000 s
   Rotor Speed:                         0.8768 rad/s
   Azimuth:                             4.2952 rad
   Wind Speed:                         10.0000 m/s
   Number of continuous states:         0
   Number of discrete states:           0
   Number of constraint states:         0
   Number of inputs:                 1746
   Number of outputs:                   4
   Jacobians included in this file?    No

Order of inputs:
     Column   Operating Point                     Rotating Frame? Derivative Order Description
   ---------- ---------------                     --------------- ---------------- -----------
          1    1.102E+01                                 F               0         Tower X translation displacement, node 1, m
          2   -1.222E+00                                 F               0         Tower Y translation displacement, node 1, m
          3   -3.266E-01                                 F               0         Tower Z translation displacement, node 1, m
          4    1.249E+01                                 F               0         Tower X translation displacement, node 2, m
          5   -1.798E+00                                 F               0         Tower Y translation displacement, node 2, m
          6   -4.278E-01                                 F               0         Tower Z translation displacement, node 2, m
          7    1.398E+01                                 F               0         Tower X translation displacement, node 3, m
          8   -2.380E+00                                 F               0         Tower Y translation displacement, node 3, m
          9   -5.322E-01                                 F               0         Tower Z translation displacement, node 3, m
         10    1.549E+01                                 F               0         Tower X translation displacement, node 4, m
         11   -2.966E+00                                 F               0         Tower Y translation displacement, node 4, m
         12   -6.392E-01                                 F               0         Tower Z translation displacement, node 4, m
         13    1.702E+01                                 F               0         Tower X translation displacement, node 5, m
         14   -3.556E+00                                 F               0         Tower Y translation displacement, node 5, m
         15   -7.482E-01                                 F               0         Tower Z translation displacement, node 5, m
         16    1.856E+01                                 F               0         Tower X translation displacement, node 6, m
         17   -4.149E+00                                 F               0         Tower Y translation displacement, node 6, m
         18   -8.589E-01                                 F               0         Tower Z translation displacement, node 6, m
         19    2.011E+01                                 F               0         Tower X translation displacement, node 7, m
         20   -4.744E+00                                 F               0         Tower Y translation displacement, node 7, m
         21   -9.709E-01                                 F               0         Tower Z translation displacement, node 7, m
         22    2.167E+01                                 F               0         Tower X translation displacement, node 8, m
         23   -5.341E+00                                 F               0         Tower Y translation displacement, node 8, m
         24   -1.084E+00                                 F               0         Tower Z translation displacement, node 8, m
         25    2.323E+01                                 F               0         Tower X translation displacement, node 9, m
         26   -5.940E+00                                 F               0         Tower Y translation displacement, node 9, m
         27   -1.198E+00                                 F               0         Tower Z translation displacement, node 9, m
         28    2.480E+01                                 F               0         Tower X translation displacement, node 10, m
         29   -6.541E+00                                 F               0         Tower Y translation displacement, node 10, m
         30   -1.312E+00                                 F               0         Tower Z translation displacement, node 10, m
         31    2.636E+01                                 F               0         Tower X translation displacement, node 11, m
         32   -7.142E+00                                 F               0         Tower Y translation displacement, node 11, m
         33   -1.427E+00                                 F               0         Tower Z translation displacement, node 11, m
         34    9.930E-01,  9.751E-03, -1.178E-01         F               0         Tower X orientation angle, node 1, rad
         35   -4.201E-03,  9.989E-01,  4.727E-02         F               0         Tower Y orientation angle, node 1, rad
         36    1.181E-01, -4.645E-02,  9.919E-01         F               0         Tower Z orientation angle, node 1, rad
         37    9.928E-01,  9.838E-03, -1.197E-01         F               0         Tower X orientation angle, node 2, rad
         38   -4.149E-03,  9.989E-01,  4.771E-02         F               0         Tower Y orientation angle, node 2, rad
         39    1.200E-01, -4.687E-02,  9.917E-01         F               0         Tower Z orientation angle, node 2, rad
         40    9.926E-01,  9.916E-03, -1.213E-01         F               0         Tower X orientation angle, node 3, rad
         41   -4.101E-03,  9.988E-01,  4.810E-02         F               0         Tower Y orientation angle, node 3, rad
         42    1.216E-01, -4.724E-02,  9.915E-01         F               0         Tower Z orientation angle, node 3, rad
         43    9.924E-01,  9.982E-03, -1.227E-01         F               0         Tower X orientation angle, node 4, rad
         44   -4.059E-03,  9.988E-01,  4.844E-02         F               0         Tower Y orientation angle, node 4, rad
         45    1.230E-01, -4.757E-02,  9.913E-01         F               0         Tower Z orientation angle, node 4, rad
         46    9.923E-01,  1.004E-02, -1.238E-01         F               0         Tower X orientation angle, node 5, rad
         47   -4.023E-03,  9.988E-01,  4.873E-02         F               0         Tower Y orientation angle, node 5, rad
         48    1.241E-01, -4.785E-02,  9.911E-01         F               0         Tower Z orientation angle, node 5, rad
         49    9.921E-01,  1.008E-02, -1.247E-01         F               0         Tower X orientation angle, node 6, rad
         50   -3.992E-03,  9.988E-01,  4.897E-02         F               0         Tower Y orientation angle, node 6, rad
         51    1.251E-01, -4.809E-02,  9.910E-01         F               0         Tower Z orientation angle, node 6, rad
         52    9.921E-01,  1.011E-02, -1.254E-01         F               0         Tower X orientation angle, node 7, rad
         53   -3.968E-03,  9.988E-01,  4.917E-02         F               0         Tower Y orientation angle, node 7, rad
         54    1.257E-01, -4.828E-02,  9.909E-01         F               0         Tower Z orientation angle, node 7, rad
         55    9.920E-01,  1.014E-02, -1.259E-01         F               0         Tower X orientation angle, node 8, rad
         56   -3.948E-03,  9.988E-01,  4.932E-02         F               0         Tower Y orientation angle, node 8, rad
         57    1.262E-01, -4.843E-02,  9.908E-01         F               0         Tower Z orientation angle, node 8, rad
         58    9.919E-01,  1.016E-02, -1.262E-01         F               0         Tower X orientation angle, node 9, rad
         59   -3.934E-03,  9.988E-01,  4.943E-02         F               0         Tower Y orientation angle, node 9, rad
         60    1.266E-01, -4.854E-02,  9.908E-01         F               0         Tower Z orientation angle, node 9, rad
         61    9.919E-01,  1.017E-02, -1.264E-01         F               0         Tower X orientation angle, node 10, rad
         62   -3.925E-03,  9.988E-01,  4.951E-02         F               0         Tower Y orientation angle, node 10, rad
         63    1.268E-01, -4.861E-02,  9.907E-01         F               0         Tower Z orientation angle, node 10, rad
         64    9.919E-01,  1.017E-02, -1.266E-01         F               0         Tower X orientation angle, node 11, rad
         65   -3.920E-03,  9.988E-01,  4.955E-02         F               0         Tower Y orientation angle, node 11, rad
         66    1.269E-01, -4.865E-02,  9.907E-01         F               0         Tower Z orientation angle, node 11, rad
         67   -4.206E-03                                 F               0         Tower X translation velocity, node 1, m/s
         68   -6.520E-03                                 F               0         Tower Y translation velocity, node 1, m/s
         69   -2.066E-03                                 F               0         Tower Z translation velocity, node 1, m/s
         70   -4.545E-03                                 F               0         Tower X translation velocity, node 2, m/s
         71   -1.236E-02                                 F               0         Tower Y translation velocity, node 2, m/s
         72   -2.300E-03                                 F               0         Tower Z translation velocity, node 2, m/s
         73   -4.816E-03                                 F               0         Tower X translation velocity, node 3, m/s
         74   -1.832E-02                                 F               0         Tower Y translation velocity, node 3, m/s
         75   -2.550E-03                                 F               0         Tower Z translation velocity, node 3, m/s
         76   -5.034E-03                                 F               0         Tower X translation velocity, node 4, m/s
         77   -2.438E-02                                 F               0         Tower Y translation velocity, node 4, m/s
         78   -2.813E-03                                 F               0         Tower Z translation velocity, node 4, m/s
         79   -5.208E-03                                 F               0         Tower X translation velocity, node 5, m/s
         80   -3.053E-02                                 F               0         Tower Y translation velocity, node 5, m/s
         81   -3.087E-03                                 F               0         Tower Z translation velocity, node 5, m/s
         82   -5.343E-03                                 F               0         Tower X translation velocity, node 6, m/s
         83   -3.675E-02                                 F               0         Tower Y translation velocity, node 6, m/s
         84   -3.372E-03                                 F               0         Tower Z translation velocity, node 6, m/s
         85   -5.451E-03                                 F               0         Tower X translation velocity, node 7, m/s
         86   -4.303E-02                                 F               0         Tower Y translation velocity, node 7, m/s
         87   -3.663E-03                                 F               0         Tower Z translation velocity, node 7, m/s
         88   -5.533E-03                                 F               0         Tower X translation velocity, node 8, m/s
         89   -4.936E-02                                 F               0         Tower Y translation velocity, node 8, m/s
         90   -3.961E-03                                 F               0         Tower Z translation velocity, node 8, m/s
         91   -5.598E-03                                 F               0         Tower X translation velocity, node 9, m/s
         92   -5.572E-02                                 F               0         Tower Y translation velocity, node 9, m/s
         93   -4.265E-03                                 F               0         Tower Z translation velocity, node 9, m/s
         94   -5.649E-03                                 F               0         Tower X translation velocity, node 10, m/s
         95   -6.211E-02                                 F               0         Tower Y translation velocity, node 10, m/s
         96   -4.571E-03                                 F               0         Tower Z translation velocity, node 10, m/s
         97   -5.694E-03                                 F               0         Tower X translation velocity, node 11, m/s
         98   -6.851E-02                                 F               0         Tower Y translation velocity, node 11, m/s
         99   -4.880E-03                                 F               0         Tower Z translation velocity, node 11, m/s
        100    2.745E+01                                 F               0         Hub X translation displacement, node 1, m
        101   -7.633E+00                                 F               0         Hub Y translation displacement, node 1, m
        102   -1.327E-01                                 F               0         Hub Z translation displacement, node 1, m
        103    9.732E-01,  1.520E-02, -2.294E-01         F               0         Hub X orientation angle, node 1, rad
        104   -2.086E-01, -3.615E-01, -9.088E-01         F               0         Hub Y orientation angle, node 1, rad
        105   -9.674E-02,  9.323E-01, -3.486E-01         F               0         Hub Z orientation angle, node 1, rad
        106    8.538E-01                                 F               0         Hub X rotation velocity, node 1, rad/s
        107    1.333E-02                                 F               0         Hub Y rotation velocity, node 1, rad/s
        108   -2.012E-01                                 F               0         Hub Z rotation velocity, node 1, rad/s
        109    9.790E-01,  2.592E-02, -2.024E-01         F               0         Blade root 1 X orientation angle, node 1, rad
        110   -1.796E-01, -3.609E-01, -9.152E-01         F               0         Blade root 1 Y orientation angle, node 1, rad
        111   -9.674E-02,  9.323E-01, -3.486E-01         F               0         Blade root 1 Z orientation angle, node 1, rad
        112    9.722E-01, -1.412E-02, -2.338E-01         F               0         Blade root 2 X orientation angle, node 1, rad
        113    4.937E-02,  9.881E-01,  1.456E-01         F               0         Blade root 2 Y orientation angle, node 1, rad
        114    2.290E-01, -1.531E-01,  9.613E-01         F               0         Blade root 2 Z orientation angle, node 1, rad
        115    9.672E-01,  3.378E-02, -2.518E-01         F               0         Blade root 3 X orientation angle, node 1, rad
        116    2.169E-01, -6.259E-01,  7.492E-01         F               0         Blade root 3 Y orientation angle, node 1, rad
        117   -1.323E-01, -7.792E-01, -6.127E-01         F               0         Blade root 3 Z orientation angle, node 1, rad
        118    2.633E+01                                 F               0         Blade 1 X translation displacement, node 1, m
        119   -2.469E+00                                 F               0         Blade 1 Y translation displacement, node 1, m
        120   -7.574E+00                                 F               0         Blade 1 Z translation displacement, node 1, m
        121    2.606E+01                                 F               0         Blade 1 X translation displacement, node 2, m
        122   -1.224E+00                                 F               0         Blade 1 Y translation displacement, node 2, m
        123   -9.367E+00                                 F               0         Blade 1 Z translation displacement, node 2, m
        124    2.241E+01                                 F               0         Blade 1 X translation displacement, node 3, m
        125    1.570E+01                                 F               0         Blade 1 Y translation displacement, node 3, m
        126   -3.375E+01                                 F               0         Blade 1 Z translation displacement, node 3, m
        127    2.163E+01                                 F               0         Blade 1 X translation displacement, node 4, m
        128    1.930E+01                                 F               0         Blade 1 Y translation displacement, node 4, m
        129   -3.894E+01                                 F               0         Blade 1 Z translation displacement, node 4, m
        130    2.085E+01                                 F               0         Blade 1 X translation displacement, node 5, m
        131    2.291E+01                                 F               0         Blade 1 Y translation displacement, node 5, m
        132   -4.414E+01                                 F               0         Blade 1 Z translation displacement, node 5, m
        133    2.007E+01                                 F               0         Blade 1 X translation displacement, node 6, m
        134    2.652E+01                                 F               0         Blade 1 Y translation displacement, node 6, m
        135   -4.933E+01                                 F               0         Blade 1 Z translation displacement, node 6, m
        136    1.930E+01                                 F               0         Blade 1 X translation displacement, node 7, m
        137    3.012E+01                                 F               0         Blade 1 Y translation displacement, node 7, m
        138   -5.453E+01                                 F               0         Blade 1 Z translation displacement, node 7, m
        139    1.852E+01                                 F               0         Blade 1 X translation displacement, node 8, m
        140    3.373E+01                                 F               0         Blade 1 Y translation displacement, node 8, m
        141   -5.972E+01                                 F               0         Blade 1 Z translation displacement, node 8, m
        142    1.774E+01                                 F               0         Blade 1 X translation displacement, node 9, m
        143    3.733E+01                                 F               0         Blade 1 Y translation displacement, node 9, m
        144   -6.492E+01                                 F               0         Blade 1 Z translation displacement, node 9, m
        145    1.696E+01                                 F               0         Blade 1 X translation displacement, node 10, m
        146    4.094E+01                                 F               0         Blade 1 Y translation displacement, node 10, m
        147   -7.011E+01                                 F               0         Blade 1 Z translation displacement, node 10, m
        148    1.618E+01                                 F               0         Blade 1 X translation displacement, node 11, m
        149    4.454E+01                                 F               0         Blade 1 Y translation displacement, node 11, m
        150   -7.531E+01                                 F               0         Blade 1 Z translation displacement, node 11, m
        151    1.540E+01                                 F               0         Blade 1 X translation displacement, node 12, m
        152    4.815E+01                                 F               0         Blade 1 Y translation displacement, node 12, m
        153   -8.050E+01                                 F               0         Blade 1 Z translation displacement, node 12, m
        154    1.462E+01                                 F               0         Blade 1 X translation displacement, node 13, m
        155    5.176E+01                                 F               0         Blade 1 Y translation displacement, node 13, m
        156   -8.570E+01                                 F               0         Blade 1 Z translation displacement, node 13, m
        157    1.385E+01                                 F               0         Blade 1 X translation displacement, node 14, m
        158    5.536E+01                                 F               0         Blade 1 Y translation displacement, node 14, m
        159   -9.089E+01                                 F               0         Blade 1 Z translation displacement, node 14, m
        160    1.307E+01                                 F               0         Blade 1 X translation displacement, node 15, m
        161    5.897E+01                                 F               0         Blade 1 Y translation displacement, node 15, m
        162   -9.609E+01                                 F               0         Blade 1 Z translation displacement, node 15, m
        163    1.229E+01                                 F               0         Blade 1 X translation displacement, node 16, m
        164    6.257E+01                                 F               0         Blade 1 Y translation displacement, node 16, m
        165   -1.013E+02                                 F               0         Blade 1 Z translation displacement, node 16, m
        166    1.151E+01                                 F               0         Blade 1 X translation displacement, node 17, m
        167    6.618E+01                                 F               0         Blade 1 Y translation displacement, node 17, m
        168   -1.065E+02                                 F               0         Blade 1 Z translation displacement, node 17, m
        169    1.073E+01                                 F               0         Blade 1 X translation displacement, node 18, m
        170    6.978E+01                                 F               0         Blade 1 Y translation displacement, node 18, m
        171   -1.117E+02                                 F               0         Blade 1 Z translation displacement, node 18, m
        172    9.954E+00                                 F               0         Blade 1 X translation displacement, node 19, m
        173    7.339E+01                                 F               0         Blade 1 Y translation displacement, node 19, m
        174   -1.169E+02                                 F               0         Blade 1 Z translation displacement, node 19, m
        175    9.175E+00                                 F               0         Blade 1 X translation displacement, node 20, m
        176    7.700E+01                                 F               0         Blade 1 Y translation displacement, node 20, m
        177   -1.221E+02                                 F               0         Blade 1 Z translation displacement, node 20, m
        178    8.397E+00                                 F               0         Blade 1 X translation displacement, node 21, m
        179    8.060E+01                                 F               0         Blade 1 Y translation displacement, node 21, m
        180   -1.273E+02                                 F               0         Blade 1 Z translation displacement, node 21, m
        181    7.618E+00                                 F               0         Blade 1 X translation displacement, node 22, m
        182    8.421E+01                                 F               0         Blade 1 Y translation displacement, node 22, m
        183   -1.325E+02                                 F               0         Blade 1 Z translation displacement, node 22, m
        184    6.840E+00                                 F               0         Blade 1 X translation displacement, node 23, m
        185    8.781E+01                                 F               0         Blade 1 Y translation displacement, node 23, m
        186   -1.376E+02                                 F               0         Blade 1 Z translation displacement, node 23, m
        187    6.062E+00                                 F               0         Blade 1 X translation displacement, node 24, m
        188    9.142E+01                                 F               0         Blade 1 Y translation displacement, node 24, m
        189   -1.428E+02                                 F               0         Blade 1 Z translation displacement, node 24, m
        190    5.283E+00                                 F               0         Blade 1 X translation displacement, node 25, m
        191    9.502E+01                                 F               0         Blade 1 Y translation displacement, node 25, m
        192   -1.480E+02                                 F               0         Blade 1 Z translation displacement, node 25, m
        193    4.505E+00                                 F               0         Blade 1 X translation displacement, node 26, m
        194    9.863E+01                                 F               0         Blade 1 Y translation displacement, node 26, m
        195   -1.532E+02                                 F               0         Blade 1 Z translation displacement, node 26, m
        196    3.726E+00                                 F               0         Blade 1 X translation displacement, node 27, m
        197    1.022E+02                                 F               0         Blade 1 Y translation displacement, node 27, m
        198   -1.584E+02                                 F               0         Blade 1 Z translation displacement, node 27, m
        199    3.066E+00                                 F               0         Blade 1 X translation displacement, node 28, m
        200    1.053E+02                                 F               0         Blade 1 Y translation displacement, node 28, m
        201   -1.628E+02                                 F               0         Blade 1 Z translation displacement, node 28, m
        202    9.532E-01,  1.876E-01,  2.372E-01         F               0         Blade 1 X orientation angle, node 1, rad
        203    2.866E-01, -3.093E-01, -9.067E-01         F               0         Blade 1 Y orientation angle, node 1, rad
        204   -9.674E-02,  9.323E-01, -3.486E-01         F               0         Blade 1 Z orientation angle, node 1, rad
        205    9.532E-01,  1.876E-01,  2.372E-01         F               0         Blade 1 X orientation angle, node 2, rad
        206    2.866E-01, -3.093E-01, -9.067E-01         F               0         Blade 1 Y orientation angle, node 2, rad
        207   -9.674E-02,  9.323E-01, -3.486E-01         F               0         Blade 1 Z orientation angle, node 2, rad
        208    9.939E-01,  1.090E-01,  1.557E-02         F               0         Blade 1 X orientation angle, node 3, rad
        209    5.250E-02, -3.450E-01, -9.371E-01         F               0         Blade 1 Y orientation angle, node 3, rad
        210   -9.674E-02,  9.323E-01, -3.486E-01         F               0         Blade 1 Z orientation angle, node 3, rad
        211    9.953E-01,  9.430E-02, -2.402E-02         F               0         Blade 1 X orientation angle, node 4, rad
        212    1.048E-02, -3.493E-01, -9.370E-01         F               0         Blade 1 Y orientation angle, node 4, rad
        213   -9.674E-02,  9.323E-01, -3.486E-01         F               0         Blade 1 Z orientation angle, node 4, rad
        214    9.951E-01,  8.266E-02, -5.507E-02         F               0         Blade 1 X orientation angle, node 5, rad
        215   -2.252E-02, -3.522E-01, -9.356E-01         F               0         Blade 1 Y orientation angle, node 5, rad
        216   -9.674E-02,  9.323E-01, -3.486E-01         F               0         Blade 1 Z orientation angle, node 5, rad
        217    9.941E-01,  7.329E-02, -7.987E-02         F               0         Blade 1 X orientation angle, node 6, rad
        218   -4.891E-02, -3.543E-01, -9.339E-01         F               0         Blade 1 Y orientation angle, node 6, rad
        219   -9.674E-02,  9.323E-01, -3.486E-01         F               0         Blade 1 Z orientation angle, node 6, rad
        220    9.928E-01,  6.555E-02, -1.002E-01         F               0         Blade 1 X orientation angle, node 7, rad
        221   -7.058E-02, -3.558E-01, -9.319E-01         F               0         Blade 1 Y orientation angle, node 7, rad
        222   -9.674E-02,  9.323E-01, -3.486E-01         F               0         Blade 1 Z orientation angle, node 7, rad
        223    9.914E-01,  5.908E-02, -1.171E-01         F               0         Blade 1 X orientation angle, node 8, rad
        224   -8.859E-02, -3.569E-01, -9.299E-01         F               0         Blade 1 Y orientation angle, node 8, rad
        225   -9.674E-02,  9.323E-01, -3.486E-01         F               0         Blade 1 Z orientation angle, node 8, rad
        226    9.899E-01,  5.359E-02, -1.314E-01         F               0         Blade 1 X orientation angle, node 9, rad
        227   -1.038E-01, -3.578E-01, -9.280E-01         F               0         Blade 1 Y orientation angle, node 9, rad
        228   -9.674E-02,  9.323E-01, -3.486E-01         F               0         Blade 1 Z orientation angle, node 9, rad
        229    9.884E-01,  4.884E-02, -1.437E-01         F               0         Blade 1 X orientation angle, node 10, rad
        230   -1.169E-01, -3.585E-01, -9.262E-01         F               0         Blade 1 Y orientation angle, node 10, rad
        231   -9.674E-02,  9.323E-01, -3.486E-01         F               0         Blade 1 Z orientation angle, node 10, rad
        232    9.870E-01,  4.477E-02, -1.542E-01         F               0         Blade 1 X orientation angle, node 11, rad
        233   -1.281E-01, -3.590E-01, -9.245E-01         F               0         Blade 1 Y orientation angle, node 11, rad
        234   -9.674E-02,  9.323E-01, -3.486E-01         F               0         Blade 1 Z orientation angle, node 11, rad
        235    9.857E-01,  4.119E-02, -1.634E-01         F               0         Blade 1 X orientation angle, node 12, rad
        236   -1.379E-01, -3.594E-01, -9.229E-01         F               0         Blade 1 Y orientation angle, node 12, rad
        237   -9.674E-02,  9.323E-01, -3.486E-01         F               0         Blade 1 Z orientation angle, node 12, rad
        238    9.845E-01,  3.806E-02, -1.714E-01         F               0         Blade 1 X orientation angle, node 13, rad
        239   -1.465E-01, -3.598E-01, -9.215E-01         F               0         Blade 1 Y orientation angle, node 13, rad
        240   -9.674E-02,  9.323E-01, -3.486E-01         F               0         Blade 1 Z orientation angle, node 13, rad
        241    9.833E-01,  3.523E-02, -1.787E-01         F               0         Blade 1 X orientation angle, node 14, rad
        242   -1.543E-01, -3.601E-01, -9.201E-01         F               0         Blade 1 Y orientation angle, node 14, rad
        243   -9.674E-02,  9.323E-01, -3.486E-01         F               0         Blade 1 Z orientation angle, node 14, rad
        244    9.822E-01,  3.271E-02, -1.851E-01         F               0         Blade 1 X orientation angle, node 15, rad
        245   -1.611E-01, -3.603E-01, -9.188E-01         F               0         Blade 1 Y orientation angle, node 15, rad
        246   -9.674E-02,  9.323E-01, -3.486E-01         F               0         Blade 1 Z orientation angle, node 15, rad
        247    9.811E-01,  3.045E-02, -1.908E-01         F               0         Blade 1 X orientation angle, node 16, rad
        248   -1.673E-01, -3.605E-01, -9.176E-01         F               0         Blade 1 Y orientation angle, node 16, rad
        249   -9.674E-02,  9.323E-01, -3.486E-01         F               0         Blade 1 Z orientation angle, node 16, rad
        250    9.802E-01,  2.844E-02, -1.960E-01         F               0         Blade 1 X orientation angle, node 17, rad
        251   -1.728E-01, -3.607E-01, -9.165E-01         F               0         Blade 1 Y orientation angle, node 17, rad
        252   -9.674E-02,  9.323E-01, -3.486E-01         F               0         Blade 1 Z orientation angle, node 17, rad
        253    9.793E-01,  2.655E-02, -2.008E-01         F               0         Blade 1 X orientation angle, node 18, rad
        254   -1.779E-01, -3.608E-01, -9.155E-01         F               0         Blade 1 Y orientation angle, node 18, rad
        255   -9.674E-02,  9.323E-01, -3.486E-01         F               0         Blade 1 Z orientation angle, node 18, rad
        256    9.784E-01,  2.485E-02, -2.051E-01         F               0         Blade 1 X orientation angle, node 19, rad
        257   -1.825E-01, -3.609E-01, -9.146E-01         F               0         Blade 1 Y orientation angle, node 19, rad
        258   -9.674E-02,  9.323E-01, -3.486E-01         F               0         Blade 1 Z orientation angle, node 19, rad
        259    9.777E-01,  2.333E-02, -2.089E-01         F               0         Blade 1 X orientation angle, node 20, rad
        260   -1.866E-01, -3.610E-01, -9.137E-01         F               0         Blade 1 Y orientation angle, node 20, rad
        261   -9.674E-02,  9.323E-01, -3.486E-01         F               0         Blade 1 Z orientation angle, node 20, rad
        262    9.769E-01,  2.189E-02, -2.126E-01         F               0         Blade 1 X orientation angle, node 21, rad
        263   -1.905E-01, -3.611E-01, -9.128E-01         F               0         Blade 1 Y orientation angle, node 21, rad
        264   -9.674E-02,  9.323E-01, -3.486E-01         F               0         Blade 1 Z orientation angle, node 21, rad
        265    9.762E-01,  2.056E-02, -2.159E-01         F               0         Blade 1 X orientation angle, node 22, rad
        266   -1.941E-01, -3.612E-01, -9.121E-01         F               0         Blade 1 Y orientation angle, node 22, rad
        267   -9.674E-02,  9.323E-01, -3.486E-01         F               0         Blade 1 Z orientation angle, node 22, rad
        268    9.755E-01,  1.936E-02, -2.189E-01         F               0         Blade 1 X orientation angle, node 23, rad
        269   -1.974E-01, -3.613E-01, -9.113E-01         F               0         Blade 1 Y orientation angle, node 23, rad
        270   -9.674E-02,  9.323E-01, -3.486E-01         F               0         Blade 1 Z orientation angle, node 23, rad
        271    9.749E-01,  1.823E-02, -2.218E-01         F               0         Blade 1 X orientation angle, node 24, rad
        272   -2.004E-01, -3.613E-01, -9.106E-01         F               0         Blade 1 Y orientation angle, node 24, rad
        273   -9.674E-02,  9.323E-01, -3.486E-01         F               0         Blade 1 Z orientation angle, node 24, rad
        274    9.743E-01,  1.716E-02, -2.245E-01         F               0         Blade 1 X orientation angle, node 25, rad
        275   -2.033E-01, -3.614E-01, -9.100E-01         F               0         Blade 1 Y orientation angle, node 25, rad
        276   -9.674E-02,  9.323E-01, -3.486E-01         F               0         Blade 1 Z orientation angle, node 25, rad
        277    9.738E-01,  1.621E-02, -2.269E-01         F               0         Blade 1 X orientation angle, node 26, rad
        278   -2.059E-01, -3.614E-01, -9.094E-01         F               0         Blade 1 Y orientation angle, node 26, rad
        279   -9.674E-02,  9.323E-01, -3.486E-01         F               0         Blade 1 Z orientation angle, node 26, rad
        280    9.732E-01,  1.526E-02, -2.293E-01         F               0         Blade 1 X orientation angle, node 27, rad
        281   -2.084E-01, -3.615E-01, -9.088E-01         F               0         Blade 1 Y orientation angle, node 27, rad
        282   -9.674E-02,  9.323E-01, -3.486E-01         F               0         Blade 1 Z orientation angle, node 27, rad
        283    9.730E-01,  1.476E-02, -2.305E-01         F               0         Blade 1 X orientation angle, node 28, rad
        284   -2.098E-01, -3.615E-01, -9.085E-01         F               0         Blade 1 Y orientation angle, node 28, rad
        285   -9.674E-02,  9.323E-01, -3.486E-01         F               0         Blade 1 Z orientation angle, node 28, rad
        286    1.008E+00                                 F               0         Blade 1 X translation velocity, node 1, m/s
        287    1.684E+00                                 F               0         Blade 1 Y translation velocity, node 1, m/s
        288    4.412E+00                                 F               0         Blade 1 Z translation velocity, node 1, m/s
        289    1.252E+00                                 F               0         Blade 1 X translation velocity, node 2, m/s
        290    2.107E+00                                 F               0         Blade 1 Y translation velocity, node 2, m/s
        291    5.476E+00                                 F               0         Blade 1 Z translation velocity, node 2, m/s
        292    4.572E+00                                 F               0         Blade 1 X translation velocity, node 3, m/s
        293    7.864E+00                                 F               0         Blade 1 Y translation velocity, node 3, m/s
        294    1.995E+01                                 F               0         Blade 1 Z translation velocity, node 3, m/s
        295    5.280E+00                                 F               0         Blade 1 X translation velocity, node 4, m/s
        296    9.090E+00                                 F               0         Blade 1 Y translation velocity, node 4, m/s
        297    2.303E+01                                 F               0         Blade 1 Z translation velocity, node 4, m/s
        298    5.987E+00                                 F               0         Blade 1 X translation velocity, node 5, m/s
        299    1.032E+01                                 F               0         Blade 1 Y translation velocity, node 5, m/s
        300    2.611E+01                                 F               0         Blade 1 Z translation velocity, node 5, m/s
        301    6.695E+00                                 F               0         Blade 1 X translation velocity, node 6, m/s
        302    1.154E+01                                 F               0         Blade 1 Y translation velocity, node 6, m/s
        303    2.920E+01                                 F               0         Blade 1 Z translation velocity, node 6, m/s
        304    7.402E+00                                 F               0         Blade 1 X translation velocity, node 7, m/s
        305    1.277E+01                                 F               0         Blade 1 Y translation velocity, node 7, m/s
        306    3.228E+01                                 F               0         Blade 1 Z translation velocity, node 7, m/s
        307    8.110E+00                                 F               0         Blade 1 X translation velocity, node 8, m/s
