
Linearized model: Predictions were generated on 12-Jan-2024 at 09:28:28 using OpenFAST, compiled as a 64-bit application using single precision at commit v3.5.1
 linked with  NWTC Subroutine Library; ElastoDyn; InflowWind; AeroDyn; ServoDyn; HydroDyn; MAP++ (<1.20.10>, <Oct-20-2023>)

Description from the FAST input file: CCT-9 Campign 4 model. Input files to be run with OpenFAST 3.5.0. GitHub branch from Lu Wang (https://github.com/luwang00/openfast/tree/dev) compiled on March 7, 2023.

Simulation information:
   Simulation time:                   501.5000 s
   Rotor Speed:                         0.8769 rad/s
   Azimuth:                             5.1720 rad
   Wind Speed:                         10.0000 m/s
   Number of continuous states:         0
   Number of discrete states:           0
   Number of constraint states:         0
   Number of inputs:                 1746
   Number of outputs:                   4
   Jacobians included in this file?    No

Order of inputs:
     Column   Operating Point                     Rotating Frame? Derivative Order Description
   ---------- ---------------                     --------------- ---------------- -----------
          1    1.101E+01                                 F               0         Tower X translation displacement, node 1, m
          2   -1.228E+00                                 F               0         Tower Y translation displacement, node 1, m
          3   -3.281E-01                                 F               0         Tower Z translation displacement, node 1, m
          4    1.248E+01                                 F               0         Tower X translation displacement, node 2, m
          5   -1.809E+00                                 F               0         Tower Y translation displacement, node 2, m
          6   -4.295E-01                                 F               0         Tower Z translation displacement, node 2, m
          7    1.398E+01                                 F               0         Tower X translation displacement, node 3, m
          8   -2.396E+00                                 F               0         Tower Y translation displacement, node 3, m
          9   -5.341E-01                                 F               0         Tower Z translation displacement, node 3, m
         10    1.549E+01                                 F               0         Tower X translation displacement, node 4, m
         11   -2.987E+00                                 F               0         Tower Y translation displacement, node 4, m
         12   -6.412E-01                                 F               0         Tower Z translation displacement, node 4, m
         13    1.702E+01                                 F               0         Tower X translation displacement, node 5, m
         14   -3.582E+00                                 F               0         Tower Y translation displacement, node 5, m
         15   -7.505E-01                                 F               0         Tower Z translation displacement, node 5, m
         16    1.856E+01                                 F               0         Tower X translation displacement, node 6, m
         17   -4.180E+00                                 F               0         Tower Y translation displacement, node 6, m
         18   -8.614E-01                                 F               0         Tower Z translation displacement, node 6, m
         19    2.010E+01                                 F               0         Tower X translation displacement, node 7, m
         20   -4.781E+00                                 F               0         Tower Y translation displacement, node 7, m
         21   -9.737E-01                                 F               0         Tower Z translation displacement, node 7, m
         22    2.166E+01                                 F               0         Tower X translation displacement, node 8, m
         23   -5.384E+00                                 F               0         Tower Y translation displacement, node 8, m
         24   -1.087E+00                                 F               0         Tower Z translation displacement, node 8, m
         25    2.322E+01                                 F               0         Tower X translation displacement, node 9, m
         26   -5.989E+00                                 F               0         Tower Y translation displacement, node 9, m
         27   -1.201E+00                                 F               0         Tower Z translation displacement, node 9, m
         28    2.479E+01                                 F               0         Tower X translation displacement, node 10, m
         29   -6.595E+00                                 F               0         Tower Y translation displacement, node 10, m
         30   -1.315E+00                                 F               0         Tower Z translation displacement, node 10, m
         31    2.636E+01                                 F               0         Tower X translation displacement, node 11, m
         32   -7.202E+00                                 F               0         Tower Y translation displacement, node 11, m
         33   -1.430E+00                                 F               0         Tower Z translation displacement, node 11, m
         34    9.930E-01,  9.745E-03, -1.178E-01         F               0         Tower X orientation angle, node 1, rad
         35   -4.149E-03,  9.989E-01,  4.768E-02         F               0         Tower Y orientation angle, node 1, rad
         36    1.181E-01, -4.685E-02,  9.919E-01         F               0         Tower Z orientation angle, node 1, rad
         37    9.928E-01,  9.834E-03, -1.196E-01         F               0         Tower X orientation angle, node 2, rad
         38   -4.095E-03,  9.988E-01,  4.812E-02         F               0         Tower Y orientation angle, node 2, rad
         39    1.200E-01, -4.728E-02,  9.917E-01         F               0         Tower Z orientation angle, node 2, rad
         40    9.926E-01,  9.912E-03, -1.213E-01         F               0         Tower X orientation angle, node 3, rad
         41   -4.047E-03,  9.988E-01,  4.852E-02         F               0         Tower Y orientation angle, node 3, rad
         42    1.216E-01, -4.767E-02,  9.914E-01         F               0         Tower Z orientation angle, node 3, rad
         43    9.924E-01,  9.979E-03, -1.226E-01         F               0         Tower X orientation angle, node 4, rad
         44   -4.004E-03,  9.988E-01,  4.887E-02         F               0         Tower Y orientation angle, node 4, rad
         45    1.230E-01, -4.801E-02,  9.912E-01         F               0         Tower Z orientation angle, node 4, rad
         46    9.923E-01,  1.003E-02, -1.238E-01         F               0         Tower X orientation angle, node 5, rad
         47   -3.966E-03,  9.988E-01,  4.917E-02         F               0         Tower Y orientation angle, node 5, rad
         48    1.241E-01, -4.830E-02,  9.911E-01         F               0         Tower Z orientation angle, node 5, rad
         49    9.921E-01,  1.008E-02, -1.247E-01         F               0         Tower X orientation angle, node 6, rad
         50   -3.935E-03,  9.988E-01,  4.942E-02         F               0         Tower Y orientation angle, node 6, rad
         51    1.250E-01, -4.854E-02,  9.910E-01         F               0         Tower Z orientation angle, node 6, rad
         52    9.921E-01,  1.011E-02, -1.254E-01         F               0         Tower X orientation angle, node 7, rad
         53   -3.910E-03,  9.988E-01,  4.962E-02         F               0         Tower Y orientation angle, node 7, rad
         54    1.257E-01, -4.873E-02,  9.909E-01         F               0         Tower Z orientation angle, node 7, rad
         55    9.920E-01,  1.014E-02, -1.259E-01         F               0         Tower X orientation angle, node 8, rad
         56   -3.890E-03,  9.988E-01,  4.977E-02         F               0         Tower Y orientation angle, node 8, rad
         57    1.262E-01, -4.889E-02,  9.908E-01         F               0         Tower Z orientation angle, node 8, rad
         58    9.920E-01,  1.015E-02, -1.262E-01         F               0         Tower X orientation angle, node 9, rad
         59   -3.876E-03,  9.987E-01,  4.989E-02         F               0         Tower Y orientation angle, node 9, rad
         60    1.266E-01, -4.900E-02,  9.907E-01         F               0         Tower Z orientation angle, node 9, rad
         61    9.919E-01,  1.016E-02, -1.264E-01         F               0         Tower X orientation angle, node 10, rad
         62   -3.866E-03,  9.987E-01,  4.996E-02         F               0         Tower Y orientation angle, node 10, rad
         63    1.268E-01, -4.907E-02,  9.907E-01         F               0         Tower Z orientation angle, node 10, rad
         64    9.919E-01,  1.017E-02, -1.265E-01         F               0         Tower X orientation angle, node 11, rad
         65   -3.861E-03,  9.987E-01,  5.000E-02         F               0         Tower Y orientation angle, node 11, rad
         66    1.269E-01, -4.911E-02,  9.907E-01         F               0         Tower Z orientation angle, node 11, rad
         67   -3.933E-03                                 F               0         Tower X translation velocity, node 1, m/s
         68   -4.548E-03                                 F               0         Tower Y translation velocity, node 1, m/s
         69   -7.976E-04                                 F               0         Tower Z translation velocity, node 1, m/s
         70   -4.151E-03                                 F               0         Tower X translation velocity, node 2, m/s
         71   -8.949E-03                                 F               0         Tower Y translation velocity, node 2, m/s
         72   -9.801E-04                                 F               0         Tower Z translation velocity, node 2, m/s
         73   -4.464E-03                                 F               0         Tower X translation velocity, node 3, m/s
         74   -1.339E-02                                 F               0         Tower Y translation velocity, node 3, m/s
         75   -1.155E-03                                 F               0         Tower Z translation velocity, node 3, m/s
         76   -4.848E-03                                 F               0         Tower X translation velocity, node 4, m/s
         77   -1.787E-02                                 F               0         Tower Y translation velocity, node 4, m/s
         78   -1.324E-03                                 F               0         Tower Z translation velocity, node 4, m/s
         79   -5.294E-03                                 F               0         Tower X translation velocity, node 5, m/s
         80   -2.238E-02                                 F               0         Tower Y translation velocity, node 5, m/s
         81   -1.487E-03                                 F               0         Tower Z translation velocity, node 5, m/s
         82   -5.790E-03                                 F               0         Tower X translation velocity, node 6, m/s
         83   -2.692E-02                                 F               0         Tower Y translation velocity, node 6, m/s
         84   -1.646E-03                                 F               0         Tower Z translation velocity, node 6, m/s
         85   -6.323E-03                                 F               0         Tower X translation velocity, node 7, m/s
         86   -3.147E-02                                 F               0         Tower Y translation velocity, node 7, m/s
         87   -1.802E-03                                 F               0         Tower Z translation velocity, node 7, m/s
         88   -6.888E-03                                 F               0         Tower X translation velocity, node 8, m/s
         89   -3.603E-02                                 F               0         Tower Y translation velocity, node 8, m/s
         90   -1.955E-03                                 F               0         Tower Z translation velocity, node 8, m/s
         91   -7.477E-03                                 F               0         Tower X translation velocity, node 9, m/s
         92   -4.061E-02                                 F               0         Tower Y translation velocity, node 9, m/s
         93   -2.106E-03                                 F               0         Tower Z translation velocity, node 9, m/s
         94   -8.081E-03                                 F               0         Tower X translation velocity, node 10, m/s
         95   -4.519E-02                                 F               0         Tower Y translation velocity, node 10, m/s
         96   -2.256E-03                                 F               0         Tower Z translation velocity, node 10, m/s
         97   -8.695E-03                                 F               0         Tower X translation velocity, node 11, m/s
         98   -4.978E-02                                 F               0         Tower Y translation velocity, node 11, m/s
         99   -2.405E-03                                 F               0         Tower Z translation velocity, node 11, m/s
        100    2.744E+01                                 F               0         Hub X translation displacement, node 1, m
        101   -7.697E+00                                 F               0         Hub Y translation displacement, node 1, m
        102   -1.368E-01                                 F               0         Hub Z translation displacement, node 1, m
        103    9.732E-01,  1.525E-02, -2.294E-01         F               0         Hub X orientation angle, node 1, rad
        104   -2.077E-01,  4.858E-01, -8.490E-01         F               0         Hub Y orientation angle, node 1, rad
        105    9.849E-02,  8.739E-01,  4.760E-01         F               0         Hub Z orientation angle, node 1, rad
        106    8.538E-01                                 F               0         Hub X rotation velocity, node 1, rad/s
        107    1.332E-02                                 F               0         Hub Y rotation velocity, node 1, rad/s
        108   -2.012E-01                                 F               0         Hub Z rotation velocity, node 1, rad/s
        109    9.790E-01,  8.273E-04, -2.041E-01         F               0         Blade root 1 X orientation angle, node 1, rad
        110   -1.788E-01,  4.861E-01, -8.554E-01         F               0         Blade root 1 Y orientation angle, node 1, rad
        111    9.849E-02,  8.739E-01,  4.760E-01         F               0         Blade root 1 Z orientation angle, node 1, rad
        112    9.672E-01, -6.611E-06, -2.541E-01         F               0         Blade root 2 X orientation angle, node 1, rad
        113    2.179E-01,  5.142E-01,  8.295E-01         F               0         Blade root 2 Y orientation angle, node 1, rad
        114    1.306E-01, -8.577E-01,  4.973E-01         F               0         Blade root 2 Z orientation angle, node 1, rad
        115    9.722E-01,  4.490E-02, -2.296E-01         F               0         Blade root 3 X orientation angle, node 1, rad
        116    4.743E-02, -9.989E-01,  5.491E-03         F               0         Blade root 3 Y orientation angle, node 1, rad
        117   -2.291E-01, -1.623E-02, -9.733E-01         F               0         Blade root 3 Z orientation angle, node 1, rad
        118    2.740E+01                                 F               0         Blade 1 X translation displacement, node 1, m
        119   -2.855E+00                                 F               0         Blade 1 Y translation displacement, node 1, m
        120   -3.010E+00                                 F               0         Blade 1 Z translation displacement, node 1, m
        121    2.740E+01                                 F               0         Blade 1 X translation displacement, node 2, m
        122   -1.689E+00                                 F               0         Blade 1 Y translation displacement, node 2, m
        123   -3.702E+00                                 F               0         Blade 1 Z translation displacement, node 2, m
        124    2.729E+01                                 F               0         Blade 1 X translation displacement, node 3, m
        125    1.418E+01                                 F               0         Blade 1 Y translation displacement, node 3, m
        126   -1.311E+01                                 F               0         Blade 1 Z translation displacement, node 3, m
        127    2.726E+01                                 F               0         Blade 1 X translation displacement, node 4, m
        128    1.755E+01                                 F               0         Blade 1 Y translation displacement, node 4, m
        129   -1.512E+01                                 F               0         Blade 1 Z translation displacement, node 4, m
        130    2.724E+01                                 F               0         Blade 1 X translation displacement, node 5, m
        131    2.094E+01                                 F               0         Blade 1 Y translation displacement, node 5, m
        132   -1.713E+01                                 F               0         Blade 1 Z translation displacement, node 5, m
        133    2.722E+01                                 F               0         Blade 1 X translation displacement, node 6, m
        134    2.432E+01                                 F               0         Blade 1 Y translation displacement, node 6, m
        135   -1.913E+01                                 F               0         Blade 1 Z translation displacement, node 6, m
        136    2.719E+01                                 F               0         Blade 1 X translation displacement, node 7, m
        137    2.770E+01                                 F               0         Blade 1 Y translation displacement, node 7, m
        138   -2.114E+01                                 F               0         Blade 1 Z translation displacement, node 7, m
        139    2.717E+01                                 F               0         Blade 1 X translation displacement, node 8, m
        140    3.108E+01                                 F               0         Blade 1 Y translation displacement, node 8, m
        141   -2.314E+01                                 F               0         Blade 1 Z translation displacement, node 8, m
        142    2.715E+01                                 F               0         Blade 1 X translation displacement, node 9, m
        143    3.446E+01                                 F               0         Blade 1 Y translation displacement, node 9, m
        144   -2.515E+01                                 F               0         Blade 1 Z translation displacement, node 9, m
        145    2.712E+01                                 F               0         Blade 1 X translation displacement, node 10, m
        146    3.784E+01                                 F               0         Blade 1 Y translation displacement, node 10, m
        147   -2.715E+01                                 F               0         Blade 1 Z translation displacement, node 10, m
        148    2.710E+01                                 F               0         Blade 1 X translation displacement, node 11, m
        149    4.122E+01                                 F               0         Blade 1 Y translation displacement, node 11, m
        150   -2.916E+01                                 F               0         Blade 1 Z translation displacement, node 11, m
        151    2.708E+01                                 F               0         Blade 1 X translation displacement, node 12, m
        152    4.460E+01                                 F               0         Blade 1 Y translation displacement, node 12, m
        153   -3.117E+01                                 F               0         Blade 1 Z translation displacement, node 12, m
        154    2.705E+01                                 F               0         Blade 1 X translation displacement, node 13, m
        155    4.798E+01                                 F               0         Blade 1 Y translation displacement, node 13, m
        156   -3.317E+01                                 F               0         Blade 1 Z translation displacement, node 13, m
        157    2.703E+01                                 F               0         Blade 1 X translation displacement, node 14, m
        158    5.136E+01                                 F               0         Blade 1 Y translation displacement, node 14, m
        159   -3.518E+01                                 F               0         Blade 1 Z translation displacement, node 14, m
        160    2.701E+01                                 F               0         Blade 1 X translation displacement, node 15, m
        161    5.474E+01                                 F               0         Blade 1 Y translation displacement, node 15, m
        162   -3.718E+01                                 F               0         Blade 1 Z translation displacement, node 15, m
        163    2.698E+01                                 F               0         Blade 1 X translation displacement, node 16, m
        164    5.812E+01                                 F               0         Blade 1 Y translation displacement, node 16, m
        165   -3.919E+01                                 F               0         Blade 1 Z translation displacement, node 16, m
        166    2.696E+01                                 F               0         Blade 1 X translation displacement, node 17, m
        167    6.150E+01                                 F               0         Blade 1 Y translation displacement, node 17, m
        168   -4.119E+01                                 F               0         Blade 1 Z translation displacement, node 17, m
        169    2.694E+01                                 F               0         Blade 1 X translation displacement, node 18, m
        170    6.488E+01                                 F               0         Blade 1 Y translation displacement, node 18, m
        171   -4.320E+01                                 F               0         Blade 1 Z translation displacement, node 18, m
        172    2.691E+01                                 F               0         Blade 1 X translation displacement, node 19, m
        173    6.826E+01                                 F               0         Blade 1 Y translation displacement, node 19, m
        174   -4.520E+01                                 F               0         Blade 1 Z translation displacement, node 19, m
        175    2.689E+01                                 F               0         Blade 1 X translation displacement, node 20, m
        176    7.164E+01                                 F               0         Blade 1 Y translation displacement, node 20, m
        177   -4.721E+01                                 F               0         Blade 1 Z translation displacement, node 20, m
        178    2.687E+01                                 F               0         Blade 1 X translation displacement, node 21, m
        179    7.502E+01                                 F               0         Blade 1 Y translation displacement, node 21, m
        180   -4.922E+01                                 F               0         Blade 1 Z translation displacement, node 21, m
        181    2.684E+01                                 F               0         Blade 1 X translation displacement, node 22, m
        182    7.840E+01                                 F               0         Blade 1 Y translation displacement, node 22, m
        183   -5.122E+01                                 F               0         Blade 1 Z translation displacement, node 22, m
        184    2.682E+01                                 F               0         Blade 1 X translation displacement, node 23, m
        185    8.178E+01                                 F               0         Blade 1 Y translation displacement, node 23, m
        186   -5.323E+01                                 F               0         Blade 1 Z translation displacement, node 23, m
        187    2.680E+01                                 F               0         Blade 1 X translation displacement, node 24, m
        188    8.516E+01                                 F               0         Blade 1 Y translation displacement, node 24, m
        189   -5.523E+01                                 F               0         Blade 1 Z translation displacement, node 24, m
        190    2.677E+01                                 F               0         Blade 1 X translation displacement, node 25, m
        191    8.854E+01                                 F               0         Blade 1 Y translation displacement, node 25, m
        192   -5.724E+01                                 F               0         Blade 1 Z translation displacement, node 25, m
        193    2.675E+01                                 F               0         Blade 1 X translation displacement, node 26, m
        194    9.192E+01                                 F               0         Blade 1 Y translation displacement, node 26, m
        195   -5.924E+01                                 F               0         Blade 1 Z translation displacement, node 26, m
        196    2.673E+01                                 F               0         Blade 1 X translation displacement, node 27, m
        197    9.530E+01                                 F               0         Blade 1 Y translation displacement, node 27, m
        198   -6.125E+01                                 F               0         Blade 1 Z translation displacement, node 27, m
        199    2.671E+01                                 F               0         Blade 1 X translation displacement, node 28, m
        200    9.816E+01                                 F               0         Blade 1 Y translation displacement, node 28, m
        201   -6.295E+01                                 F               0         Blade 1 Z translation displacement, node 28, m
        202    9.528E-01, -2.209E-01,  2.085E-01         F               0         Blade 1 X orientation angle, node 1, rad
        203    2.873E-01,  4.330E-01, -8.544E-01         F               0         Blade 1 Y orientation angle, node 1, rad
        204    9.849E-02,  8.739E-01,  4.760E-01         F               0         Blade 1 Z orientation angle, node 1, rad
        205    9.528E-01, -2.209E-01,  2.085E-01         F               0         Blade 1 X orientation angle, node 2, rad
        206    2.873E-01,  4.330E-01, -8.544E-01         F               0         Blade 1 Y orientation angle, node 2, rad
        207    9.849E-02,  8.739E-01,  4.760E-01         F               0         Blade 1 Z orientation angle, node 2, rad
        208    9.937E-01, -1.120E-01,  2.074E-05         F               0         Blade 1 X orientation angle, node 3, rad
        209    5.333E-02,  4.730E-01, -8.795E-01         F               0         Blade 1 Y orientation angle, node 3, rad
        210    9.849E-02,  8.739E-01,  4.760E-01         F               0         Blade 1 Z orientation angle, node 3, rad
        211    9.951E-01, -9.193E-02, -3.711E-02         F               0         Blade 1 X orientation angle, node 4, rad
        212    1.132E-02,  4.773E-01, -8.787E-01         F               0         Blade 1 Y orientation angle, node 4, rad
        213    9.849E-02,  8.739E-01,  4.760E-01         F               0         Blade 1 Z orientation angle, node 4, rad
        214    9.949E-01, -7.606E-02, -6.623E-02         F               0         Blade 1 X orientation angle, node 5, rad
        215   -2.168E-02,  4.801E-01, -8.770E-01         F               0         Blade 1 Y orientation angle, node 5, rad
        216    9.849E-02,  8.739E-01,  4.760E-01         F               0         Blade 1 Z orientation angle, node 5, rad
        217    9.940E-01, -6.330E-02, -8.946E-02         F               0         Blade 1 X orientation angle, node 6, rad
        218   -4.806E-02,  4.819E-01, -8.749E-01         F               0         Blade 1 Y orientation angle, node 6, rad
        219    9.849E-02,  8.739E-01,  4.760E-01         F               0         Blade 1 Z orientation angle, node 6, rad
        220    9.927E-01, -5.277E-02, -1.085E-01         F               0         Blade 1 X orientation angle, node 7, rad
        221   -6.973E-02,  4.832E-01, -8.727E-01         F               0         Blade 1 Y orientation angle, node 7, rad
        222    9.849E-02,  8.739E-01,  4.760E-01         F               0         Blade 1 Z orientation angle, node 7, rad
        223    9.913E-01, -4.399E-02, -1.244E-01         F               0         Blade 1 X orientation angle, node 8, rad
        224   -8.774E-02,  4.841E-01, -8.706E-01         F               0         Blade 1 Y orientation angle, node 8, rad
        225    9.849E-02,  8.739E-01,  4.760E-01         F               0         Blade 1 Z orientation angle, node 8, rad
        226    9.898E-01, -3.655E-02, -1.377E-01         F               0         Blade 1 X orientation angle, node 9, rad
        227   -1.030E-01,  4.847E-01, -8.686E-01         F               0         Blade 1 Y orientation angle, node 9, rad
        228    9.849E-02,  8.739E-01,  4.760E-01         F               0         Blade 1 Z orientation angle, node 9, rad
        229    9.883E-01, -3.012E-02, -1.492E-01         F               0         Blade 1 X orientation angle, node 10, rad
        230   -1.161E-01,  4.851E-01, -8.667E-01         F               0         Blade 1 Y orientation angle, node 10, rad
        231    9.849E-02,  8.739E-01,  4.760E-01         F               0         Blade 1 Z orientation angle, node 10, rad
        232    9.870E-01, -2.461E-02, -1.590E-01         F               0         Blade 1 X orientation angle, node 11, rad
        233   -1.273E-01,  4.854E-01, -8.650E-01         F               0         Blade 1 Y orientation angle, node 11, rad
        234    9.849E-02,  8.739E-01,  4.760E-01         F               0         Blade 1 Z orientation angle, node 11, rad
        235    9.857E-01, -1.978E-02, -1.676E-01         F               0         Blade 1 X orientation angle, node 12, rad
        236   -1.371E-01,  4.857E-01, -8.633E-01         F               0         Blade 1 Y orientation angle, node 12, rad
        237    9.849E-02,  8.739E-01,  4.760E-01         F               0         Blade 1 Z orientation angle, node 12, rad
        238    9.844E-01, -1.554E-02, -1.752E-01         F               0         Blade 1 X orientation angle, node 13, rad
        239   -1.457E-01,  4.858E-01, -8.618E-01         F               0         Blade 1 Y orientation angle, node 13, rad
        240    9.849E-02,  8.739E-01,  4.760E-01         F               0         Blade 1 Z orientation angle, node 13, rad
        241    9.832E-01, -1.173E-02, -1.819E-01         F               0         Blade 1 X orientation angle, node 14, rad
        242   -1.534E-01,  4.859E-01, -8.604E-01         F               0         Blade 1 Y orientation angle, node 14, rad
        243    9.849E-02,  8.739E-01,  4.760E-01         F               0         Blade 1 Z orientation angle, node 14, rad
        244    9.821E-01, -8.334E-03, -1.879E-01         F               0         Blade 1 X orientation angle, node 15, rad
        245   -1.603E-01,  4.860E-01, -8.591E-01         F               0         Blade 1 Y orientation angle, node 15, rad
        246    9.849E-02,  8.739E-01,  4.760E-01         F               0         Blade 1 Z orientation angle, node 15, rad
        247    9.811E-01, -5.281E-03, -1.933E-01         F               0         Blade 1 X orientation angle, node 16, rad
        248   -1.664E-01,  4.860E-01, -8.579E-01         F               0         Blade 1 Y orientation angle, node 16, rad
        249    9.849E-02,  8.739E-01,  4.760E-01         F               0         Blade 1 Z orientation angle, node 16, rad
        250    9.802E-01, -2.566E-03, -1.981E-01         F               0         Blade 1 X orientation angle, node 17, rad
        251   -1.719E-01,  4.861E-01, -8.569E-01         F               0         Blade 1 Y orientation angle, node 17, rad
        252    9.849E-02,  8.739E-01,  4.760E-01         F               0         Blade 1 Z orientation angle, node 17, rad
        253    9.793E-01, -2.102E-05, -2.026E-01         F               0         Blade 1 X orientation angle, node 18, rad
        254   -1.770E-01,  4.861E-01, -8.558E-01         F               0         Blade 1 Y orientation angle, node 18, rad
        255    9.849E-02,  8.739E-01,  4.760E-01         F               0         Blade 1 Z orientation angle, node 18, rad
        256    9.784E-01,  2.269E-03, -2.066E-01         F               0         Blade 1 X orientation angle, node 19, rad
        257   -1.817E-01,  4.861E-01, -8.548E-01         F               0         Blade 1 Y orientation angle, node 19, rad
        258    9.849E-02,  8.739E-01,  4.760E-01         F               0         Blade 1 Z orientation angle, node 19, rad
        259    9.776E-01,  4.305E-03, -2.102E-01         F               0         Blade 1 X orientation angle, node 20, rad
        260   -1.858E-01,  4.860E-01, -8.540E-01         F               0         Blade 1 Y orientation angle, node 20, rad
        261    9.849E-02,  8.739E-01,  4.760E-01         F               0         Blade 1 Z orientation angle, node 20, rad
        262    9.769E-01,  6.256E-03, -2.136E-01         F               0         Blade 1 X orientation angle, node 21, rad
        263   -1.897E-01,  4.860E-01, -8.531E-01         F               0         Blade 1 Y orientation angle, node 21, rad
        264    9.849E-02,  8.739E-01,  4.760E-01         F               0         Blade 1 Z orientation angle, node 21, rad
        265    9.762E-01,  8.038E-03, -2.168E-01         F               0         Blade 1 X orientation angle, node 22, rad
        266   -1.933E-01,  4.860E-01, -8.523E-01         F               0         Blade 1 Y orientation angle, node 22, rad
        267    9.849E-02,  8.739E-01,  4.760E-01         F               0         Blade 1 Z orientation angle, node 22, rad
        268    9.755E-01,  9.649E-03, -2.196E-01         F               0         Blade 1 X orientation angle, node 23, rad
        269   -1.965E-01,  4.860E-01, -8.516E-01         F               0         Blade 1 Y orientation angle, node 23, rad
        270    9.849E-02,  8.739E-01,  4.760E-01         F               0         Blade 1 Z orientation angle, node 23, rad
        271    9.749E-01,  1.118E-02, -2.223E-01         F               0         Blade 1 X orientation angle, node 24, rad
        272   -1.996E-01,  4.859E-01, -8.509E-01         F               0         Blade 1 Y orientation angle, node 24, rad
        273    9.849E-02,  8.739E-01,  4.760E-01         F               0         Blade 1 Z orientation angle, node 24, rad
        274    9.743E-01,  1.262E-02, -2.248E-01         F               0         Blade 1 X orientation angle, node 25, rad
        275   -2.024E-01,  4.859E-01, -8.502E-01         F               0         Blade 1 Y orientation angle, node 25, rad
        276    9.849E-02,  8.739E-01,  4.760E-01         F               0         Blade 1 Z orientation angle, node 25, rad
        277    9.738E-01,  1.389E-02, -2.270E-01         F               0         Blade 1 X orientation angle, node 26, rad
        278   -2.050E-01,  4.859E-01, -8.497E-01         F               0         Blade 1 Y orientation angle, node 26, rad
        279    9.849E-02,  8.739E-01,  4.760E-01         F               0         Blade 1 Z orientation angle, node 26, rad
        280    9.733E-01,  1.516E-02, -2.292E-01         F               0         Blade 1 X orientation angle, node 27, rad
        281   -2.075E-01,  4.858E-01, -8.491E-01         F               0         Blade 1 Y orientation angle, node 27, rad
        282    9.849E-02,  8.739E-01,  4.760E-01         F               0         Blade 1 Z orientation angle, node 27, rad
        283    9.730E-01,  1.584E-02, -2.304E-01         F               0         Blade 1 X orientation angle, node 28, rad
        284   -2.089E-01,  4.858E-01, -8.487E-01         F               0         Blade 1 Y orientation angle, node 28, rad
        285    9.849E-02,  8.739E-01,  4.760E-01         F               0         Blade 1 Z orientation angle, node 28, rad
        286    9.999E-01                                 F               0         Blade 1 X translation velocity, node 1, m/s
        287   -2.414E+00                                 F               0         Blade 1 Y translation velocity, node 1, m/s
        288    4.123E+00                                 F               0         Blade 1 Z translation velocity, node 1, m/s
        289    1.243E+00                                 F               0         Blade 1 X translation velocity, node 2, m/s
        290   -2.983E+00                                 F               0         Blade 1 Y translation velocity, node 2, m/s
        291    5.117E+00                                 F               0         Blade 1 Z translation velocity, node 2, m/s
        292    4.549E+00                                 F               0         Blade 1 X translation velocity, node 3, m/s
        293   -1.072E+01                                 F               0         Blade 1 Y translation velocity, node 3, m/s
        294    1.864E+01                                 F               0         Blade 1 Z translation velocity, node 3, m/s
        295    5.254E+00                                 F               0         Blade 1 X translation velocity, node 4, m/s
        296   -1.237E+01                                 F               0         Blade 1 Y translation velocity, node 4, m/s
        297    2.152E+01                                 F               0         Blade 1 Z translation velocity, node 4, m/s
        298    5.958E+00                                 F               0         Blade 1 X translation velocity, node 5, m/s
        299   -1.402E+01                                 F               0         Blade 1 Y translation velocity, node 5, m/s
        300    2.440E+01                                 F               0         Blade 1 Z translation velocity, node 5, m/s
        301    6.662E+00                                 F               0         Blade 1 X translation velocity, node 6, m/s
        302   -1.566E+01                                 F               0         Blade 1 Y translation velocity, node 6, m/s
        303    2.728E+01                                 F               0         Blade 1 Z translation velocity, node 6, m/s
        304    7.367E+00                                 F               0         Blade 1 X translation velocity, node 7, m/s
        305   -1.731E+01                                 F               0         Blade 1 Y translation velocity, node 7, m/s
        306    3.016E+01                                 F               0         Blade 1 Z translation velocity, node 7, m/s
        307    8.071E+00                                 F               0         Blade 1 X translation velocity, node 8, m/s
