
Linearized model: Predictions were generated on 13-Feb-2024 at 11:29:37 using OpenFAST, compiled as a 64-bit application using single precision at commit v3.5.1
 linked with  NWTC Subroutine Library; ElastoDyn; InflowWind; AeroDyn; ServoDyn; HydroDyn; MAP++ (<1.20.10>, <Oct-20-2023>)

Description from the FAST input file: CCT-9 Campign 4 model. Input files to be run with OpenFAST 3.5.0. GitHub branch from Lu Wang (https://github.com/luwang00/openfast/tree/dev) compiled on March 7, 2023.

Simulation information:
   Simulation time:                  1218.1250 s
   Rotor Speed:                         0.7916 rad/s
   Azimuth:                             5.7791 rad
   Wind Speed:                         16.0000 m/s
   Number of continuous states:         0
   Number of discrete states:           0
   Number of constraint states:         0
   Number of inputs:                 1746
   Number of outputs:                   4
   Jacobians included in this file?    No

Order of inputs:
     Column   Operating Point                                                   Rotating Frame? Derivative Order Description
   ---------- ---------------                                                   --------------- ---------------- -----------
          1     1.07019624710E+001                                                     F               0         Tower X translation displacement, node 1, m
          2    -1.56234633923E+000                                                     F               0         Tower Y translation displacement, node 1, m
          3    -2.97336548567E-001                                                     F               0         Tower Z translation displacement, node 1, m
          4     1.20876321793E+001                                                     F               0         Tower X translation displacement, node 2, m
          5    -2.19751954079E+000                                                     F               0         Tower Y translation displacement, node 2, m
          6    -3.91730278730E-001                                                     F               0         Tower Z translation displacement, node 2, m
          7     1.34733028412E+001                                                     F               0         Tower X translation displacement, node 3, m
          8    -2.83269286156E+000                                                     F               0         Tower Y translation displacement, node 3, m
          9    -4.86121922731E-001                                                     F               0         Tower Z translation displacement, node 3, m
         10     1.48589725494E+001                                                     F               0         Tower X translation displacement, node 4, m
         11    -3.46786618233E+000                                                     F               0         Tower Y translation displacement, node 4, m
         12    -5.80513775349E-001                                                     F               0         Tower Z translation displacement, node 4, m
         13     1.62446441650E+001                                                     F               0         Tower X translation displacement, node 5, m
         14    -4.10303974152E+000                                                     F               0         Tower Y translation displacement, node 5, m
         15    -6.74902796745E-001                                                     F               0         Tower Z translation displacement, node 5, m
         16     1.76303119659E+001                                                     F               0         Tower X translation displacement, node 6, m
         17    -4.73821258545E+000                                                     F               0         Tower Y translation displacement, node 6, m
         18    -7.69302368164E-001                                                     F               0         Tower Z translation displacement, node 6, m
         19     1.90159835815E+001                                                     F               0         Tower X translation displacement, node 7, m
         20    -5.37338638306E+000                                                     F               0         Tower Y translation displacement, node 7, m
         21    -8.63687992096E-001                                                     F               0         Tower Z translation displacement, node 7, m
         22     2.04016513824E+001                                                     F               0         Tower X translation displacement, node 8, m
         23    -6.00855922699E+000                                                     F               0         Tower Y translation displacement, node 8, m
         24    -9.58085656166E-001                                                     F               0         Tower Z translation displacement, node 8, m
         25     2.17873229980E+001                                                     F               0         Tower X translation displacement, node 9, m
         26    -6.64373302460E+000                                                     F               0         Tower Y translation displacement, node 9, m
         27    -1.05247437954E+000                                                     F               0         Tower Z translation displacement, node 9, m
         28     2.31729927063E+001                                                     F               0         Tower X translation displacement, node 10, m
         29    -7.27890634537E+000                                                     F               0         Tower Y translation displacement, node 10, m
         30    -1.14686894417E+000                                                     F               0         Tower Z translation displacement, node 10, m
         31     2.45586624146E+001                                                     F               0         Tower X translation displacement, node 11, m
         32    -7.91407966614E+000                                                     F               0         Tower Y translation displacement, node 11, m
         33    -1.24126064777E+000                                                     F               0         Tower Z translation displacement, node 11, m
         34     9.93687927723E-001,   3.40273068286E-003,  -1.12128391862E-001         F               0         Tower X orientation angle, node 1, rad
         35     2.38781189546E-003,   9.98671829700E-001,   5.14673516154E-002         F               0         Tower Y orientation angle, node 1, rad
         36     1.12154595554E-001,  -5.14102242887E-002,   9.92359995842E-001         F               0         Tower Z orientation angle, node 1, rad
         37     9.93687927723E-001,   3.40273068286E-003,  -1.12128391862E-001         F               0         Tower X orientation angle, node 2, rad
         38     2.38781189546E-003,   9.98671829700E-001,   5.14673516154E-002         F               0         Tower Y orientation angle, node 2, rad
         39     1.12154595554E-001,  -5.14102242887E-002,   9.92359995842E-001         F               0         Tower Z orientation angle, node 2, rad
         40     9.93687927723E-001,   3.40273068286E-003,  -1.12128391862E-001         F               0         Tower X orientation angle, node 3, rad
         41     2.38781189546E-003,   9.98671829700E-001,   5.14673516154E-002         F               0         Tower Y orientation angle, node 3, rad
         42     1.12154595554E-001,  -5.14102242887E-002,   9.92359995842E-001         F               0         Tower Z orientation angle, node 3, rad
         43     9.93687927723E-001,   3.40273068286E-003,  -1.12128391862E-001         F               0         Tower X orientation angle, node 4, rad
         44     2.38781189546E-003,   9.98671829700E-001,   5.14673516154E-002         F               0         Tower Y orientation angle, node 4, rad
         45     1.12154595554E-001,  -5.14102242887E-002,   9.92359995842E-001         F               0         Tower Z orientation angle, node 4, rad
         46     9.93687927723E-001,   3.40273068286E-003,  -1.12128391862E-001         F               0         Tower X orientation angle, node 5, rad
         47     2.38781189546E-003,   9.98671829700E-001,   5.14673516154E-002         F               0         Tower Y orientation angle, node 5, rad
         48     1.12154595554E-001,  -5.14102242887E-002,   9.92359995842E-001         F               0         Tower Z orientation angle, node 5, rad
         49     9.93687927723E-001,   3.40273068286E-003,  -1.12128391862E-001         F               0         Tower X orientation angle, node 6, rad
         50     2.38781189546E-003,   9.98671829700E-001,   5.14673516154E-002         F               0         Tower Y orientation angle, node 6, rad
         51     1.12154595554E-001,  -5.14102242887E-002,   9.92359995842E-001         F               0         Tower Z orientation angle, node 6, rad
         52     9.93687927723E-001,   3.40273068286E-003,  -1.12128391862E-001         F               0         Tower X orientation angle, node 7, rad
         53     2.38781189546E-003,   9.98671829700E-001,   5.14673516154E-002         F               0         Tower Y orientation angle, node 7, rad
         54     1.12154595554E-001,  -5.14102242887E-002,   9.92359995842E-001         F               0         Tower Z orientation angle, node 7, rad
         55     9.93687927723E-001,   3.40273045003E-003,  -1.12128384411E-001         F               0         Tower X orientation angle, node 8, rad
         56     2.38781189546E-003,   9.98671829700E-001,   5.14673478901E-002         F               0         Tower Y orientation angle, node 8, rad
         57     1.12154588103E-001,  -5.14102242887E-002,   9.92359995842E-001         F               0         Tower Z orientation angle, node 8, rad
         58     9.93687927723E-001,   3.40273068286E-003,  -1.12128391862E-001         F               0         Tower X orientation angle, node 9, rad
         59     2.38781212829E-003,   9.98671829700E-001,   5.14673516154E-002         F               0         Tower Y orientation angle, node 9, rad
         60     1.12154595554E-001,  -5.14102242887E-002,   9.92359995842E-001         F               0         Tower Z orientation angle, node 9, rad
         61     9.93687927723E-001,   3.40273068286E-003,  -1.12128391862E-001         F               0         Tower X orientation angle, node 10, rad
         62     2.38781189546E-003,   9.98671829700E-001,   5.14673516154E-002         F               0         Tower Y orientation angle, node 10, rad
         63     1.12154595554E-001,  -5.14102242887E-002,   9.92359995842E-001         F               0         Tower Z orientation angle, node 10, rad
         64     9.93687927723E-001,   3.40273068286E-003,  -1.12128391862E-001         F               0         Tower X orientation angle, node 11, rad
         65     2.38781189546E-003,   9.98671829700E-001,   5.14673516154E-002         F               0         Tower Y orientation angle, node 11, rad
         66     1.12154595554E-001,  -5.14102242887E-002,   9.92359995842E-001         F               0         Tower Z orientation angle, node 11, rad
         67    -6.15371915046E-004                                                     F               0         Tower X translation velocity, node 1, m/s
         68    -4.38267306890E-004                                                     F               0         Tower Y translation velocity, node 1, m/s
         69    -7.35713262111E-003                                                     F               0         Tower Z translation velocity, node 1, m/s
         70    -8.58519109897E-004                                                     F               0         Tower X translation velocity, node 2, m/s
         71    -8.10776778962E-004                                                     F               0         Tower Y translation velocity, node 2, m/s
         72    -7.34895048663E-003                                                     F               0         Tower Z translation velocity, node 2, m/s
         73    -1.10166636296E-003                                                     F               0         Tower X translation velocity, node 3, m/s
         74    -1.18328630924E-003                                                     F               0         Tower Y translation velocity, node 3, m/s
         75    -7.34076881781E-003                                                     F               0         Tower Z translation velocity, node 3, m/s
         76    -1.34481349960E-003                                                     F               0         Tower X translation velocity, node 4, m/s
         77    -1.55579578131E-003                                                     F               0         Tower Y translation velocity, node 4, m/s
         78    -7.33258714899E-003                                                     F               0         Tower Z translation velocity, node 4, m/s
         79    -1.58796075266E-003                                                     F               0         Tower X translation velocity, node 5, m/s
         80    -1.92830536980E-003                                                     F               0         Tower Y translation velocity, node 5, m/s
         81    -7.32440501451E-003                                                     F               0         Tower Z translation velocity, node 5, m/s
         82    -1.83110800572E-003                                                     F               0         Tower X translation velocity, node 6, m/s
         83    -2.30081472546E-003                                                     F               0         Tower Y translation velocity, node 6, m/s
         84    -7.31622334570E-003                                                     F               0         Tower Z translation velocity, node 6, m/s
         85    -2.07425514236E-003                                                     F               0         Tower X translation velocity, node 7, m/s
         86    -2.67332443036E-003                                                     F               0         Tower Y translation velocity, node 7, m/s
         87    -7.30804167688E-003                                                     F               0         Tower Z translation velocity, node 7, m/s
         88    -2.31740227900E-003                                                     F               0         Tower X translation velocity, node 8, m/s
         89    -3.04583366960E-003                                                     F               0         Tower Y translation velocity, node 8, m/s
         90    -7.29986000806E-003                                                     F               0         Tower Z translation velocity, node 8, m/s
         91    -2.56054988131E-003                                                     F               0         Tower X translation velocity, node 9, m/s
         92    -3.41834360734E-003                                                     F               0         Tower Y translation velocity, node 9, m/s
         93    -7.29167833924E-003                                                     F               0         Tower Z translation velocity, node 9, m/s
         94    -2.80369678512E-003                                                     F               0         Tower X translation velocity, node 10, m/s
         95    -3.79085284658E-003                                                     F               0         Tower Y translation velocity, node 10, m/s
         96    -7.28349620476E-003                                                     F               0         Tower Z translation velocity, node 10, m/s
         97    -3.04684392177E-003                                                     F               0         Tower X translation velocity, node 11, m/s
         98    -4.16336255148E-003                                                     F               0         Tower Y translation velocity, node 11, m/s
         99    -7.27531453595E-003                                                     F               0         Tower Z translation velocity, node 11, m/s
        100     2.55072708130E+001                                                     F               0         Hub X translation displacement, node 1, m
        101    -8.35441017151E+000                                                     F               0         Hub Y translation displacement, node 1, m
        102    -9.01873037219E-002                                                     F               0         Hub Z translation displacement, node 1, m
        103     9.76521015167E-001,   8.75792186707E-003,  -2.15244010091E-001         F               0         Hub X orientation angle, node 1, rad
        104    -1.01945392787E-001,   8.98995161057E-001,  -4.25928175449E-001         F               0         Hub Y orientation angle, node 1, rad
        105     1.89773082733E-001,   4.37870979309E-001,   8.78780543804E-001         F               0         Hub Z orientation angle, node 1, rad
        106     7.73023247719E-001                                                     F               0         Hub X rotation velocity, node 1, rad/s
        107     6.91341422498E-003                                                     F               0         Hub Y rotation velocity, node 1, rad/s
        108    -1.70395389199E-001                                                     F               0         Hub Z rotation velocity, node 1, rad/s
        109     9.81150865555E-001,  -1.17810308933E-001,  -1.53178527951E-001         F               0         Blade root 1 X orientation angle, node 1, rad
        110     3.64569686353E-002,   8.91285419464E-001,  -4.51974719763E-001         F               0         Blade root 1 Y orientation angle, node 1, rad
        111     1.89773082733E-001,   4.37870979309E-001,   8.78780543804E-001         F               0         Blade root 1 Z orientation angle, node 1, rad
        112     9.36514139175E-001,   1.85600556433E-002,  -3.50138187408E-001         F               0         Blade root 2 X orientation angle, node 1, rad
        113     3.50567668676E-001,  -6.83588981628E-002,   9.34039294720E-001         F               0         Blade root 2 Y orientation angle, node 1, rad
        114    -6.59923907369E-003,  -9.97488141060E-001,  -7.05256313086E-002         F               0         Blade root 2 Z orientation angle, node 1, rad
        115     9.82758998871E-001,   1.25262677670E-001,  -1.35992482305E-001         F               0         Blade root 3 X orientation angle, node 1, rad
        116     2.51404438168E-002,  -8.19230079651E-001,  -5.72913646698E-001         F               0         Blade root 3 Y orientation angle, node 1, rad
        117    -1.83173835278E-001,   5.59617161751E-001,  -8.08254897594E-001         F               0         Blade root 3 Z orientation angle, node 1, rad
        118     2.59795246124E+001                                                     F               0         Blade 1 X translation displacement, node 1, m
        119    -5.92860507965E+000                                                     F               0         Blade 1 Y translation displacement, node 1, m
        120    -7.31402099133E-001                                                     F               0         Blade 1 Z translation displacement, node 1, m
        121     2.60933189392E+001                                                     F               0         Blade 1 X translation displacement, node 2, m
        122    -5.34408855438E+000                                                     F               0         Blade 1 Y translation displacement, node 2, m
        123    -8.85903596878E-001                                                     F               0         Blade 1 Z translation displacement, node 2, m
        124     2.76407146454E+001                                                     F               0         Blade 1 X translation displacement, node 3, m
        125     2.60432338715E+000                                                     F               0         Blade 1 Y translation displacement, node 3, m
        126    -2.98688530922E+000                                                     F               0         Blade 1 Z translation displacement, node 3, m
        127     2.79703941345E+001                                                     F               0         Blade 1 X translation displacement, node 4, m
        128     4.29777956009E+000                                                     F               0         Blade 1 Y translation displacement, node 4, m
        129    -3.43452000618E+000                                                     F               0         Blade 1 Z translation displacement, node 4, m
        130     2.83001403809E+001                                                     F               0         Blade 1 X translation displacement, node 5, m
        131     5.99155807495E+000                                                     F               0         Blade 1 Y translation displacement, node 5, m
        132    -3.88222455978E+000                                                     F               0         Blade 1 Z translation displacement, node 5, m
        133     2.86298217773E+001                                                     F               0         Blade 1 X translation displacement, node 6, m
        134     7.68502044678E+000                                                     F               0         Blade 1 Y translation displacement, node 6, m
        135    -4.32986068726E+000                                                     F               0         Blade 1 Z translation displacement, node 6, m
        136     2.89595069885E+001                                                     F               0         Blade 1 X translation displacement, node 7, m
        137     9.37848949432E+000                                                     F               0         Blade 1 Y translation displacement, node 7, m
        138    -4.77748537064E+000                                                     F               0         Blade 1 Z translation displacement, node 7, m
        139     2.92892494202E+001                                                     F               0         Blade 1 X translation displacement, node 8, m
        140     1.10722608566E+001                                                     F               0         Blade 1 Y translation displacement, node 8, m
        141    -5.22520351410E+000                                                     F               0         Blade 1 Z translation displacement, node 8, m
        142     2.96189327240E+001                                                     F               0         Blade 1 X translation displacement, node 9, m
        143     1.27657299042E+001                                                     F               0         Blade 1 Y translation displacement, node 9, m
        144    -5.67282629013E+000                                                     F               0         Blade 1 Z translation displacement, node 9, m
        145     2.99486160278E+001                                                     F               0         Blade 1 X translation displacement, node 10, m
        146     1.44591932297E+001                                                     F               0         Blade 1 Y translation displacement, node 10, m
        147    -6.12046289444E+000                                                     F               0         Blade 1 Z translation displacement, node 10, m
        148     3.02783012390E+001                                                     F               0         Blade 1 X translation displacement, node 11, m
        149     1.61526622772E+001                                                     F               0         Blade 1 Y translation displacement, node 11, m
        150    -6.56808567047E+000                                                     F               0         Blade 1 Z translation displacement, node 11, m
        151     3.06080417633E+001                                                     F               0         Blade 1 X translation displacement, node 12, m
        152     1.78464279175E+001                                                     F               0         Blade 1 Y translation displacement, node 12, m
        153    -7.01580190659E+000                                                     F               0         Blade 1 Z translation displacement, node 12, m
        154     3.09377269745E+001                                                     F               0         Blade 1 X translation displacement, node 13, m
        155     1.95398960114E+001                                                     F               0         Blade 1 Y translation displacement, node 13, m
        156    -7.46342468262E+000                                                     F               0         Blade 1 Z translation displacement, node 13, m
        157     3.12674102783E+001                                                     F               0         Blade 1 X translation displacement, node 14, m
        158     2.12333602905E+001                                                     F               0         Blade 1 Y translation displacement, node 14, m
        159    -7.91106128693E+000                                                     F               0         Blade 1 Z translation displacement, node 14, m
        160     3.15971527100E+001                                                     F               0         Blade 1 X translation displacement, node 15, m
        161     2.29271354675E+001                                                     F               0         Blade 1 Y translation displacement, node 15, m
        162    -8.35877037048E+000                                                     F               0         Blade 1 Z translation displacement, node 15, m
        163     3.19268360138E+001                                                     F               0         Blade 1 X translation displacement, node 16, m
        164     2.46205997467E+001                                                     F               0         Blade 1 Y translation displacement, node 16, m
        165    -8.80640411377E+000                                                     F               0         Blade 1 Z translation displacement, node 16, m
        166     3.22565231323E+001                                                     F               0         Blade 1 X translation displacement, node 17, m
        167     2.63140716553E+001                                                     F               0         Blade 1 Y translation displacement, node 17, m
        168    -9.25402450562E+000                                                     F               0         Blade 1 Z translation displacement, node 17, m
        169     3.25862045288E+001                                                     F               0         Blade 1 X translation displacement, node 18, m
        170     2.80075340271E+001                                                     F               0         Blade 1 Y translation displacement, node 18, m
        171    -9.70165920258E+000                                                     F               0         Blade 1 Z translation displacement, node 18, m
        172     3.29159469604E+001                                                     F               0         Blade 1 X translation displacement, node 19, m
        173     2.97012996674E+001                                                     F               0         Blade 1 Y translation displacement, node 19, m
        174    -1.01493730545E+001                                                     F               0         Blade 1 Z translation displacement, node 19, m
        175     3.32456283569E+001                                                     F               0         Blade 1 X translation displacement, node 20, m
        176     3.13947696686E+001                                                     F               0         Blade 1 Y translation displacement, node 20, m
        177    -1.05969934464E+001                                                     F               0         Blade 1 Z translation displacement, node 20, m
        178     3.35753135681E+001                                                     F               0         Blade 1 X translation displacement, node 21, m
        179     3.30882339478E+001                                                     F               0         Blade 1 Y translation displacement, node 21, m
        180    -1.10446281433E+001                                                     F               0         Blade 1 Z translation displacement, node 21, m
        181     3.39050559998E+001                                                     F               0         Blade 1 X translation displacement, node 22, m
        182     3.47820091248E+001                                                     F               0         Blade 1 Y translation displacement, node 22, m
        183    -1.14923429489E+001                                                     F               0         Blade 1 Z translation displacement, node 22, m
        184     3.42347412109E+001                                                     F               0         Blade 1 X translation displacement, node 23, m
        185     3.64754791260E+001                                                     F               0         Blade 1 Y translation displacement, node 23, m
        186    -1.19399633408E+001                                                     F               0         Blade 1 Z translation displacement, node 23, m
        187     3.45644264221E+001                                                     F               0         Blade 1 X translation displacement, node 24, m
        188     3.81689414978E+001                                                     F               0         Blade 1 Y translation displacement, node 24, m
        189    -1.23875980377E+001                                                     F               0         Blade 1 Z translation displacement, node 24, m
        190     3.48941078186E+001                                                     F               0         Blade 1 X translation displacement, node 25, m
        191     3.98624038696E+001                                                     F               0         Blade 1 Y translation displacement, node 25, m
        192    -1.28352317810E+001                                                     F               0         Blade 1 Z translation displacement, node 25, m
        193     3.52238502502E+001                                                     F               0         Blade 1 X translation displacement, node 26, m
        194     4.15561790466E+001                                                     F               0         Blade 1 Y translation displacement, node 26, m
        195    -1.32829475403E+001                                                     F               0         Blade 1 Z translation displacement, node 26, m
        196     3.55535316467E+001                                                     F               0         Blade 1 X translation displacement, node 27, m
        197     4.32496414185E+001                                                     F               0         Blade 1 Y translation displacement, node 27, m
        198    -1.37305812836E+001                                                     F               0         Blade 1 Z translation displacement, node 27, m
        199     3.58330345154E+001                                                     F               0         Blade 1 X translation displacement, node 28, m
        200     4.46853408813E+001                                                     F               0         Blade 1 Y translation displacement, node 28, m
        201    -1.41100568771E+001                                                     F               0         Blade 1 Z translation displacement, node 28, m
        202     8.56574177742E-001,  -5.11284053326E-001,   6.97804838419E-002         F               0         Blade 1 X orientation angle, node 1, rad
        203     4.79861319065E-001,   7.39498257637E-001,  -4.72096890211E-001         F               0         Blade 1 Y orientation angle, node 1, rad
        204     1.89773082733E-001,   4.37870979309E-001,   8.78780543804E-001         F               0         Blade 1 Z orientation angle, node 1, rad
        205     8.56574177742E-001,  -5.11284053326E-001,   6.97804838419E-002         F               0         Blade 1 X orientation angle, node 2, rad
        206     4.79861319065E-001,   7.39498257637E-001,  -4.72096890211E-001         F               0         Blade 1 Y orientation angle, node 2, rad
        207     1.89773082733E-001,   4.37870979309E-001,   8.78780543804E-001         F               0         Blade 1 Z orientation angle, node 2, rad
        208     9.45899307728E-001,  -3.21449667215E-001,  -4.40983213484E-002         F               0         Blade 1 X orientation angle, node 3, rad
        209     2.63174325228E-001,   8.39606523514E-001,  -4.75184321404E-001         F               0         Blade 1 Y orientation angle, node 3, rad
        210     1.89773082733E-001,   4.37870979309E-001,   8.78780543804E-001         F               0         Blade 1 Z orientation angle, node 3, rad
        211     9.56168055534E-001,  -2.85711079836E-001,  -6.41233697534E-002         F               0         Blade 1 X orientation angle, node 4, rad
        212     2.22999572754E-001,   8.52430760860E-001,  -4.72898513079E-001         F               0         Blade 1 Y orientation angle, node 4, rad
        213     1.89773082733E-001,   4.37870979309E-001,   8.78780543804E-001         F               0         Blade 1 Z orientation angle, node 4, rad
        214     9.63036000729E-001,  -2.57291495800E-001,  -7.97671526670E-002         F               0         Blade 1 X orientation angle, node 5, rad
        215     1.91175043583E-001,   8.61434876919E-001,  -4.70512479544E-001         F               0         Blade 1 Y orientation angle, node 5, rad
        216     1.89773082733E-001,   4.37870979309E-001,   8.78780543804E-001         F               0         Blade 1 Z orientation angle, node 5, rad
        217     9.67768192291E-001,  -2.34350636601E-001,  -9.22198519111E-002         F               0         Blade 1 X orientation angle, node 6, rad
        218     1.65562376380E-001,   8.67956697941E-001,  -4.68231022358E-001         F               0         Blade 1 Y orientation angle, node 6, rad
        219     1.89773082733E-001,   4.37870979309E-001,   8.78780543804E-001         F               0         Blade 1 Z orientation angle, node 6, rad
        220     9.71149623394E-001,  -2.15360492468E-001,  -1.02412305772E-001         F               0         Blade 1 X orientation angle, node 7, rad
        221     1.44411236048E-001,   8.72862458229E-001,  -4.66107845306E-001         F               0         Blade 1 Y orientation angle, node 7, rad
        222     1.89773082733E-001,   4.37870979309E-001,   8.78780543804E-001         F               0         Blade 1 Z orientation angle, node 7, rad
        223     9.73610758781E-001,  -1.99482187629E-001,  -1.10855497420E-001         F               0         Blade 1 X orientation angle, node 8, rad
        224     1.26760661602E-001,   8.76627564430E-001,  -4.64172244072E-001         F               0         Blade 1 Y orientation angle, node 8, rad
        225     1.89773082733E-001,   4.37870979309E-001,   8.78780543804E-001         F               0         Blade 1 Z orientation angle, node 8, rad
        226     9.75442767143E-001,  -1.85995161533E-001,  -1.17971308529E-001         F               0         Blade 1 X orientation angle, node 9, rad
        227     1.11792713404E-001,   8.79587888718E-001,  -4.62414920330E-001         F               0         Blade 1 Y orientation angle, node 9, rad
        228     1.89773067832E-001,   4.37870949507E-001,   8.78780543804E-001         F               0         Blade 1 Z orientation angle, node 9, rad
        229     9.76839780807E-001,  -1.74311846495E-001,  -1.24094456434E-001         F               0         Blade 1 X orientation angle, node 10, rad
        230     9.88444983959E-002,   8.81977558136E-001,  -4.60809469223E-001         F               0         Blade 1 Y orientation angle, node 10, rad
        231     1.89773082733E-001,   4.37870979309E-001,   8.78780543804E-001         F               0         Blade 1 Z orientation angle, node 10, rad
        232     9.77898240089E-001,  -1.64295122027E-001,  -1.29314079881E-001         F               0         Blade 1 X orientation angle, node 11, rad
        233     8.77564772964E-002,   8.83898258209E-001,  -4.59372043610E-001         F               0         Blade 1 Y orientation angle, node 11, rad
        234     1.89773067832E-001,   4.37870949507E-001,   8.78780543804E-001         F               0         Blade 1 Z orientation angle, node 11, rad
        235     9.78722870350E-001,  -1.55493795872E-001,  -1.33877605200E-001         F               0         Blade 1 X orientation angle, node 12, rad
        236     7.80237987638E-002,   8.85488986969E-001,  -4.58062857389E-001         F               0         Blade 1 Y orientation angle, node 12, rad
        237     1.89773082733E-001,   4.37870979309E-001,   8.78780543804E-001         F               0         Blade 1 Z orientation angle, node 12, rad
        238     9.79366481304E-001,  -1.47760614753E-001,  -1.37869819999E-001         F               0         Blade 1 X orientation angle, node 13, rad
        239     6.94799646735E-002,   8.86812150478E-001,  -4.56877142191E-001         F               0         Blade 1 Y orientation angle, node 13, rad
        240     1.89773082733E-001,   4.37870979309E-001,   8.78780543804E-001         F               0         Blade 1 Z orientation angle, node 13, rad
        241     9.79881942272E-001,  -1.40791118145E-001,  -1.41453832388E-001         F               0         Blade 1 X orientation angle, node 14, rad
        242     6.17859736085E-002,   8.87945294380E-001,  -4.55780237913E-001         F               0         Blade 1 Y orientation angle, node 14, rad
        243     1.89773082733E-001,   4.37870979309E-001,   8.78780543804E-001         F               0         Blade 1 Z orientation angle, node 14, rad
        244     9.80289459229E-001,  -1.34588718414E-001,  -1.44632294774E-001         F               0         Blade 1 X orientation angle, node 15, rad
        245     5.49436584115E-002,   8.88906598091E-001,  -4.54781591892E-001         F               0         Blade 1 Y orientation angle, node 15, rad
        246     1.89773067832E-001,   4.37870949507E-001,   8.78780543804E-001         F               0         Blade 1 Z orientation angle, node 15, rad
        247     9.80615317822E-001,  -1.29000931978E-001,  -1.47486910224E-001         F               0         Blade 1 X orientation angle, node 16, rad
