
Linearized model: Predictions were generated on 13-Feb-2024 at 12:12:09 using OpenFAST, compiled as a 64-bit application using single precision at commit v3.5.1
 linked with  NWTC Subroutine Library; ElastoDyn; InflowWind; AeroDyn; ServoDyn; HydroDyn; MAP++ (<1.20.10>, <Oct-20-2023>)

Description from the FAST input file: CCT-9 Campign 4 model. Input files to be run with OpenFAST 3.5.0. GitHub branch from Lu Wang (https://github.com/luwang00/openfast/tree/dev) compiled on March 7, 2023.

Simulation information:
   Simulation time:                   774.8500 s
   Rotor Speed:                         0.7919 rad/s
   Azimuth:                             3.4958 rad
   Wind Speed:                         24.0000 m/s
   Number of continuous states:         0
   Number of discrete states:           0
   Number of constraint states:         0
   Number of inputs:                 1746
   Number of outputs:                   4
   Jacobians included in this file?    No

Order of inputs:
     Column   Operating Point                                                   Rotating Frame? Derivative Order Description
   ---------- ---------------                                                   --------------- ---------------- -----------
          1     8.55800247192E+000                                                     F               0         Tower X translation displacement, node 1, m
          2    -1.82554543018E+000                                                     F               0         Tower Y translation displacement, node 1, m
          3    -2.17679738998E-001                                                     F               0         Tower Z translation displacement, node 1, m
          4     9.73249626160E+000                                                     F               0         Tower X translation displacement, node 2, m
          5    -2.50203752518E+000                                                     F               0         Tower Y translation displacement, node 2, m
          6    -2.92253494263E-001                                                     F               0         Tower Z translation displacement, node 2, m
          7     1.09246244431E+001                                                     F               0         Tower X translation displacement, node 3, m
          8    -3.18612718582E+000                                                     F               0         Tower Y translation displacement, node 3, m
          9    -3.68943482637E-001                                                     F               0         Tower Z translation displacement, node 3, m
         10     1.21299066544E+001                                                     F               0         Tower X translation displacement, node 4, m
         11    -3.87647128105E+000                                                     F               0         Tower Y translation displacement, node 4, m
         12    -4.47267860174E-001                                                     F               0         Tower Z translation displacement, node 4, m
         13     1.33458328247E+001                                                     F               0         Tower X translation displacement, node 5, m
         14    -4.57247114182E+000                                                     F               0         Tower Y translation displacement, node 5, m
         15    -5.26958227158E-001                                                     F               0         Tower Z translation displacement, node 5, m
         16     1.45700674057E+001                                                     F               0         Tower X translation displacement, node 6, m
         17    -5.27349138260E+000                                                     F               0         Tower Y translation displacement, node 6, m
         18    -6.07770919800E-001                                                     F               0         Tower Z translation displacement, node 6, m
         19     1.58001241684E+001                                                     F               0         Tower X translation displacement, node 7, m
         20    -5.97854471207E+000                                                     F               0         Tower Y translation displacement, node 7, m
         21    -6.89382314682E-001                                                     F               0         Tower Z translation displacement, node 7, m
         22     1.70348091125E+001                                                     F               0         Tower X translation displacement, node 8, m
         23    -6.68731212616E+000                                                     F               0         Tower Y translation displacement, node 8, m
         24    -7.71684706211E-001                                                     F               0         Tower Z translation displacement, node 8, m
         25     1.82725868225E+001                                                     F               0         Tower X translation displacement, node 9, m
         26    -7.39902591705E+000                                                     F               0         Tower Y translation displacement, node 9, m
         27    -8.54459762573E-001                                                     F               0         Tower Z translation displacement, node 9, m
         28     1.95122203827E+001                                                     F               0         Tower X translation displacement, node 10, m
         29    -8.11287117004E+000                                                     F               0         Tower Y translation displacement, node 10, m
         30    -9.37552213669E-001                                                     F               0         Tower Z translation displacement, node 10, m
         31     2.07527427673E+001                                                     F               0         Tower X translation displacement, node 11, m
         32    -8.82805061340E+000                                                     F               0         Tower Y translation displacement, node 11, m
         33    -1.02080917358E+000                                                     F               0         Tower Z translation displacement, node 11, m
         34     9.95455920696E-001,  -6.67350040749E-003,  -9.49896052480E-002         F               0         Tower X orientation angle, node 1, rad
         35     1.18124503642E-002,   9.98490393162E-001,   5.36410994828E-002         F               0         Tower Y orientation angle, node 1, rad
         36     9.44882333279E-002,  -5.45194111764E-002,   9.94031965733E-001         F               0         Tower Z orientation angle, node 1, rad
         37     9.95326220989E-001,  -6.59881904721E-003,  -9.63440686464E-002         F               0         Tower X orientation angle, node 2, rad
         38     1.18657266721E-002,   9.98459756374E-001,   5.41975609958E-002         F               0         Tower Y orientation angle, node 2, rad
         39     9.58380326629E-002,  -5.50874434412E-002,   9.93871450424E-001         F               0         Tower Z orientation angle, node 2, rad
         40     9.95212554932E-001,  -6.53356080875E-003,  -9.75153148174E-002         F               0         Tower X orientation angle, node 3, rad
         41     1.19158476591E-002,   9.98430967331E-001,   5.47144003212E-002         F               0         Tower Y orientation angle, node 3, rad
         42     9.70048308372E-002,  -5.56144379079E-002,   9.93728876114E-001         F               0         Tower Z orientation angle, node 3, rad
         43     9.95117425919E-001,  -6.47898251191E-003,  -9.84849035740E-002         F               0         Tower X orientation angle, node 4, rad
         44     1.19620878249E-002,   9.98404383659E-001,   5.51865026355E-002         F               0         Tower Y orientation angle, node 4, rad
         45     9.79702100158E-002,  -5.60951381922E-002,   9.93607163429E-001         F               0         Tower Z orientation angle, node 4, rad
         46     9.95040476322E-001,  -6.43476843834E-003,  -9.92624685168E-002         F               0         Tower X orientation angle, node 5, rad
         47     1.20040588081E-002,   9.98380303383E-001,   5.56119456887E-002         F               0         Tower Y orientation angle, node 5, rad
         48     9.87438410521E-002,  -5.65276890993E-002,   9.93506073952E-001         F               0         Tower Z orientation angle, node 5, rad
         49     9.94980573654E-001,  -6.40024524182E-003,  -9.98634248972E-002         F               0         Tower X orientation angle, node 6, rad
         50     1.20413051918E-002,   9.98358845711E-001,   5.59877008200E-002         F               0         Tower Y orientation angle, node 6, rad
         51     9.93411913514E-002,  -5.69091625512E-002,   9.93424713612E-001         F               0         Tower Z orientation angle, node 6, rad
         52     9.94937181473E-001,  -6.37510884553E-003,  -1.00296266377E-001         F               0         Tower X orientation angle, node 7, rad
         53     1.20728639886E-002,   9.98340606689E-001,   5.63053004444E-002         F               0         Tower Y orientation angle, node 7, rad
         54     9.97708812356E-002,  -5.72311021388E-002,   9.93363142014E-001         F               0         Tower Z orientation angle, node 7, rad
         55     9.94906842709E-001,  -6.35737925768E-003,  -1.00598245859E-001         F               0         Tower X orientation angle, node 8, rad
         56     1.20986951515E-002,   9.98325586319E-001,   5.65650053322E-002         F               0         Tower Y orientation angle, node 8, rad
         57     1.00070200861E-001,  -5.74940182269E-002,   9.93317842484E-001         F               0         Tower Z orientation angle, node 8, rad
         58     9.94887173176E-001,  -6.34581735358E-003,  -1.00792907178E-001         F               0         Tower X orientation angle, node 9, rad
         59     1.21184084564E-002,   9.98314142227E-001,   5.67632243037E-002         F               0         Tower Y orientation angle, node 9, rad
         60     1.00262776017E-001,  -5.76944537461E-002,   9.93286848068E-001         F               0         Tower Z orientation angle, node 9, rad
         61     9.94876086712E-001,  -6.33919425309E-003,  -1.00903011858E-001         F               0         Tower X orientation angle, node 10, rad
         62     1.21317086741E-002,   9.98306334019E-001,   5.68971000612E-002         F               0         Tower Y orientation angle, node 10, rad
         63     1.00371435285E-001,  -5.78296892345E-002,   9.93268013000E-001         F               0         Tower Z orientation angle, node 10, rad
         64     9.94870901108E-001,  -6.33609015495E-003,  -1.00953891873E-001         F               0         Tower X orientation angle, node 11, rad
         65     1.21391275898E-002,   9.98301982880E-001,   5.69718927145E-002         F               0         Tower Y orientation angle, node 11, rad
         66     1.00421488285E-001,  -5.79051710665E-002,   9.93258535862E-001         F               0         Tower Z orientation angle, node 11, rad
         67     1.21340644546E-003                                                     F               0         Tower X translation velocity, node 1, m/s
         68     4.55530453473E-003                                                     F               0         Tower Y translation velocity, node 1, m/s
         69    -2.94053810649E-003                                                     F               0         Tower Z translation velocity, node 1, m/s
         70     1.25950830989E-003                                                     F               0         Tower X translation velocity, node 2, m/s
         71     5.57962106541E-003                                                     F               0         Tower Y translation velocity, node 2, m/s
         72    -2.88848951459E-003                                                     F               0         Tower Z translation velocity, node 2, m/s
         73     8.61627282575E-004                                                     F               0         Tower X translation velocity, node 3, m/s
         74     5.94936311245E-003                                                     F               0         Tower Y translation velocity, node 3, m/s
         75    -2.82928301021E-003                                                     F               0         Tower Z translation velocity, node 3, m/s
         76     2.30307239690E-004                                                     F               0         Tower X translation velocity, node 4, m/s
         77     5.80208934844E-003                                                     F               0         Tower Y translation velocity, node 4, m/s
         78    -2.77562462725E-003                                                     F               0         Tower Z translation velocity, node 4, m/s
         79    -4.90661594085E-004                                                     F               0         Tower X translation velocity, node 5, m/s
         80     5.20739331841E-003                                                     F               0         Tower Y translation velocity, node 5, m/s
         81    -2.73797847331E-003                                                     F               0         Tower Z translation velocity, node 5, m/s
         82    -1.18006067351E-003                                                     F               0         Tower X translation velocity, node 6, m/s
         83     4.23359312117E-003                                                     F               0         Tower Y translation velocity, node 6, m/s
         84    -2.72488757037E-003                                                     F               0         Tower Z translation velocity, node 6, m/s
         85    -1.76051969174E-003                                                     F               0         Tower X translation velocity, node 7, m/s
         86     2.96888500452E-003                                                     F               0         Tower Y translation velocity, node 7, m/s
         87    -2.73940013722E-003                                                     F               0         Tower Z translation velocity, node 7, m/s
         88    -2.16817692854E-003                                                     F               0         Tower X translation velocity, node 8, m/s
         89     1.44738401286E-003                                                     F               0         Tower Y translation velocity, node 8, m/s
         90    -2.78626102954E-003                                                     F               0         Tower Z translation velocity, node 8, m/s
         91    -2.37992475741E-003                                                     F               0         Tower X translation velocity, node 9, m/s
         92    -2.69085314358E-004                                                     F               0         Tower Y translation velocity, node 9, m/s
         93    -2.86442670040E-003                                                     F               0         Tower Z translation velocity, node 9, m/s
         94    -2.40949611180E-003                                                     F               0         Tower X translation velocity, node 10, m/s
         95    -2.12171790190E-003                                                     F               0         Tower Y translation velocity, node 10, m/s
         96    -2.96916253865E-003                                                     F               0         Tower Z translation velocity, node 10, m/s
         97    -2.29687732644E-003                                                     F               0         Tower X translation velocity, node 11, m/s
         98    -4.05790749937E-003                                                     F               0         Tower Y translation velocity, node 11, m/s
         99    -3.09326616116E-003                                                     F               0         Tower Z translation velocity, node 11, m/s
        100     2.15964660645E+001                                                     F               0         Hub X translation displacement, node 1, m
        101    -9.21418380737E+000                                                     F               0         Hub Y translation displacement, node 1, m
        102     1.66276730597E-002                                                     F               0         Hub Z translation displacement, node 1, m
        103     9.78924036026E-001,  -2.48641445069E-004,  -2.04224646091E-001         F               0         Hub X orientation angle, node 1, rad
        104    -8.21006596088E-002,  -9.16113197803E-001,  -3.92423361540E-001         F               0         Hub Y orientation angle, node 1, rad
        105    -1.86995327473E-001,   4.00919616222E-001,  -8.96825611591E-001         F               0         Hub Z orientation angle, node 1, rad
        106     7.75373697281E-001                                                     F               0         Hub X rotation velocity, node 1, rad/s
        107    -1.84595119208E-004                                                     F               0         Hub Y rotation velocity, node 1, rad/s
        108    -1.61737367511E-001                                                     F               0         Hub Z rotation velocity, node 1, rad/s
        109     9.60541963577E-001,   2.65961915255E-001,  -8.13842639327E-002         F               0         Blade root 1 X orientation angle, node 1, rad
        110     2.05892920494E-001,  -8.76657128334E-001,  -4.34833765030E-001         F               0         Blade root 1 Y orientation angle, node 1, rad
        111    -1.86995327473E-001,   4.00919616222E-001,  -8.96825611591E-001         F               0         Blade root 1 Z orientation angle, node 1, rad
        112     9.71813857555E-001,  -2.34227478504E-001,  -2.67448555678E-002         F               0         Blade root 2 X orientation angle, node 1, rad
        113     1.68774992228E-001,   7.70445525646E-001,  -6.14759027958E-001         F               0         Blade root 2 Y orientation angle, node 1, rad
        114     1.64598912001E-001,   5.92917501926E-001,   7.88261413574E-001         F               0         Blade root 2 Z orientation angle, node 1, rad
        115     8.77700805664E-001,  -3.24481874704E-002,  -4.78109240532E-001         F               0         Blade root 3 X orientation angle, node 1, rad
        116     4.78685438633E-001,   1.05994828045E-001,   8.71564865112E-001         F               0         Blade root 3 Y orientation angle, node 1, rad
        117     2.23964061588E-002,  -9.93837118149E-001,   1.08564220369E-001         F               0         Blade root 3 Z orientation angle, node 1, rad
        118     1.99814243317E+001                                                     F               0         Blade 1 X translation displacement, node 1, m
        119    -6.99308919907E+000                                                     F               0         Blade 1 Y translation displacement, node 1, m
        120    -1.04614448547E+001                                                     F               0         Blade 1 Z translation displacement, node 1, m
        121     1.95922679901E+001                                                     F               0         Blade 1 X translation displacement, node 2, m
        122    -6.45789909363E+000                                                     F               0         Blade 1 Y translation displacement, node 2, m
        123    -1.29862136841E+001                                                     F               0         Blade 1 Z translation displacement, node 2, m
        124     1.43004093170E+001                                                     F               0         Blade 1 X translation displacement, node 3, m
        125     8.19756805897E-001                                                     F               0         Blade 1 Y translation displacement, node 3, m
        126    -4.73187217712E+001                                                     F               0         Blade 1 Z translation displacement, node 3, m
        127     1.31729469299E+001                                                     F               0         Blade 1 X translation displacement, node 4, m
        128     2.37030482292E+000                                                     F               0         Blade 1 Y translation displacement, node 4, m
        129    -5.46334724426E+001                                                     F               0         Blade 1 Z translation displacement, node 4, m
        130     1.20452709198E+001                                                     F               0         Blade 1 X translation displacement, node 5, m
        131     3.92114734650E+000                                                     F               0         Blade 1 Y translation displacement, node 5, m
        132    -6.19496002197E+001                                                     F               0         Blade 1 Z translation displacement, node 5, m
        133     1.09178047180E+001                                                     F               0         Blade 1 X translation displacement, node 6, m
        134     5.47170114517E+000                                                     F               0         Blade 1 Y translation displacement, node 6, m
        135    -6.92643814087E+001                                                     F               0         Blade 1 Z translation displacement, node 6, m
        136     9.79033470154E+000                                                     F               0         Blade 1 X translation displacement, node 7, m
        137     7.02226018906E+000                                                     F               0         Blade 1 Y translation displacement, node 7, m
        138    -7.65791702271E+001                                                     F               0         Blade 1 Z translation displacement, node 7, m
        139     8.66266345978E+000                                                     F               0         Blade 1 X translation displacement, node 8, m
        140     8.57309627533E+000                                                     F               0         Blade 1 Y translation displacement, node 8, m
        141    -8.38952865601E+001                                                     F               0         Blade 1 Z translation displacement, node 8, m
        142     7.53519248962E+000                                                     F               0         Blade 1 X translation displacement, node 9, m
        143     1.01236562729E+001                                                     F               0         Blade 1 Y translation displacement, node 9, m
        144    -9.12100753784E+001                                                     F               0         Blade 1 Z translation displacement, node 9, m
        145     6.40772676468E+000                                                     F               0         Blade 1 X translation displacement, node 10, m
        146     1.16742105484E+001                                                     F               0         Blade 1 Y translation displacement, node 10, m
        147    -9.85248641968E+001                                                     F               0         Blade 1 Z translation displacement, node 10, m
        148     5.28025579453E+000                                                     F               0         Blade 1 X translation displacement, node 11, m
        149     1.32247695923E+001                                                     F               0         Blade 1 Y translation displacement, node 11, m
        150    -1.05839653015E+002                                                     F               0         Blade 1 Z translation displacement, node 11, m
        151     4.15258884430E+000                                                     F               0         Blade 1 X translation displacement, node 12, m
        152     1.47756013870E+001                                                     F               0         Blade 1 Y translation displacement, node 12, m
        153    -1.13155738831E+002                                                     F               0         Blade 1 Z translation displacement, node 12, m
        154     3.02511811256E+000                                                     F               0         Blade 1 X translation displacement, node 13, m
        155     1.63261604309E+001                                                     F               0         Blade 1 Y translation displacement, node 13, m
        156    -1.20470535278E+002                                                     F               0         Blade 1 Z translation displacement, node 13, m
        157     1.89765202999E+000                                                     F               0         Blade 1 X translation displacement, node 14, m
        158     1.78767147064E+001                                                     F               0         Blade 1 Y translation displacement, node 14, m
        159    -1.27785316467E+002                                                     F               0         Blade 1 Z translation displacement, node 14, m
        160     7.69977152348E-001                                                     F               0         Blade 1 X translation displacement, node 15, m
        161     1.94275550842E+001                                                     F               0         Blade 1 Y translation displacement, node 15, m
        162    -1.35101440430E+002                                                     F               0         Blade 1 Z translation displacement, node 15, m
        163    -3.57489615679E-001                                                     F               0         Blade 1 X translation displacement, node 16, m
        164     2.09781093597E+001                                                     F               0         Blade 1 Y translation displacement, node 16, m
        165    -1.42416213989E+002                                                     F               0         Blade 1 Z translation displacement, node 16, m
        166    -1.48496079445E+000                                                     F               0         Blade 1 X translation displacement, node 17, m
        167     2.25286712646E+001                                                     F               0         Blade 1 Y translation displacement, node 17, m
        168    -1.49731018066E+002                                                     F               0         Blade 1 Z translation displacement, node 17, m
        169    -2.61242794991E+000                                                     F               0         Blade 1 X translation displacement, node 18, m
        170     2.40792255402E+001                                                     F               0         Blade 1 Y translation displacement, node 18, m
        171    -1.57045806885E+002                                                     F               0         Blade 1 Z translation displacement, node 18, m
        172    -3.74009585381E+000                                                     F               0         Blade 1 X translation displacement, node 19, m
        173     2.56300563812E+001                                                     F               0         Blade 1 Y translation displacement, node 19, m
        174    -1.64361892700E+002                                                     F               0         Blade 1 Z translation displacement, node 19, m
        175    -4.86756706238E+000                                                     F               0         Blade 1 X translation displacement, node 20, m
        176     2.71806163788E+001                                                     F               0         Blade 1 Y translation displacement, node 20, m
        177    -1.71676681519E+002                                                     F               0         Blade 1 Z translation displacement, node 20, m
        178    -5.99503421783E+000                                                     F               0         Blade 1 X translation displacement, node 21, m
        179     2.87311725616E+001                                                     F               0         Blade 1 Y translation displacement, node 21, m
        180    -1.78991470337E+002                                                     F               0         Blade 1 Z translation displacement, node 21, m
        181    -7.12270689011E+000                                                     F               0         Blade 1 X translation displacement, node 22, m
        182     3.02820110321E+001                                                     F               0         Blade 1 Y translation displacement, node 22, m
        183    -1.86307586670E+002                                                     F               0         Blade 1 Z translation displacement, node 22, m
        184    -8.25017738342E+000                                                     F               0         Blade 1 X translation displacement, node 23, m
        185     3.18325691223E+001                                                     F               0         Blade 1 Y translation displacement, node 23, m
        186    -1.93622375488E+002                                                     F               0         Blade 1 Z translation displacement, node 23, m
        187    -9.37764453888E+000                                                     F               0         Blade 1 X translation displacement, node 24, m
        188     3.33831253052E+001                                                     F               0         Blade 1 Y translation displacement, node 24, m
        189    -2.00937164307E+002                                                     F               0         Blade 1 Z translation displacement, node 24, m
        190    -1.05051116943E+001                                                     F               0         Blade 1 X translation displacement, node 25, m
        191     3.49336814880E+001                                                     F               0         Blade 1 Y translation displacement, node 25, m
        192    -2.08251937866E+002                                                     F               0         Blade 1 Z translation displacement, node 25, m
        193    -1.16327848434E+001                                                     F               0         Blade 1 X translation displacement, node 26, m
        194     3.64845199585E+001                                                     F               0         Blade 1 Y translation displacement, node 26, m
        195    -2.15568069458E+002                                                     F               0         Blade 1 Z translation displacement, node 26, m
        196    -1.27602510452E+001                                                     F               0         Blade 1 X translation displacement, node 27, m
        197     3.80350723267E+001                                                     F               0         Blade 1 Y translation displacement, node 27, m
        198    -2.22882827759E+002                                                     F               0         Blade 1 Z translation displacement, node 27, m
        199    -1.37161035538E+001                                                     F               0         Blade 1 X translation displacement, node 28, m
        200     3.93496131897E+001                                                     F               0         Blade 1 Y translation displacement, node 28, m
        201    -2.29084197998E+002                                                     F               0         Blade 1 Z translation displacement, node 28, m
        202     7.60968089104E-001,   6.36464476585E-001,   1.25859066844E-001         F               0         Blade 1 X orientation angle, node 1, rad
        203     6.21257066727E-001,  -6.58920645714E-001,  -4.24102932215E-001         F               0         Blade 1 Y orientation angle, node 1, rad
        204    -1.86995327473E-001,   4.00919616222E-001,  -8.96825611591E-001         F               0         Blade 1 Z orientation angle, node 1, rad
        205     7.60968089104E-001,   6.36464476585E-001,   1.25859066844E-001         F               0         Blade 1 X orientation angle, node 2, rad
        206     6.21257066727E-001,  -6.58920645714E-001,  -4.24102932215E-001         F               0         Blade 1 Y orientation angle, node 2, rad
        207    -1.86995327473E-001,   4.00919616222E-001,  -8.96825611591E-001         F               0         Blade 1 Z orientation angle, node 2, rad
        208     8.86529147625E-001,   4.62160944939E-001,   2.17573996633E-002         F               0         Blade 1 X orientation angle, node 3, rad
        209     4.23200726509E-001,  -7.90993511677E-001,  -4.41848844290E-001         F               0         Blade 1 Y orientation angle, node 3, rad
        210    -1.86995327473E-001,   4.00919616222E-001,  -8.96825611591E-001         F               0         Blade 1 Z orientation angle, node 3, rad
        211     9.03607845306E-001,   4.28349524736E-001,   3.08118737303E-003         F               0         Blade 1 X orientation angle, node 4, rad
        212     3.85390132666E-001,  -8.09802532196E-001,  -4.42373484373E-001         F               0         Blade 1 Y orientation angle, node 4, rad
        213    -1.86995327473E-001,   4.00919616222E-001,  -8.96825611591E-001         F               0         Blade 1 Z orientation angle, node 4, rad
        214     9.15888786316E-001,   4.01264876127E-001,  -1.15874772891E-002         F               0         Blade 1 X orientation angle, node 5, rad
        215     3.55218976736E-001,  -8.23559343815E-001,  -4.42232429981E-001         F               0         Blade 1 Y orientation angle, node 5, rad
        216    -1.86995327473E-001,   4.00919616222E-001,  -8.96825611591E-001         F               0         Blade 1 Z orientation angle, node 5, rad
        217     9.24988985062E-001,   3.79278033972E-001,  -2.33140140772E-002         F               0         Blade 1 X orientation angle, node 6, rad
        218     3.30799221992E-001,  -8.33913445473E-001,  -4.41769450903E-001         F               0         Blade 1 Y orientation angle, node 6, rad
        219    -1.86995327473E-001,   4.00919616222E-001,  -8.96825611591E-001         F               0         Blade 1 Z orientation angle, node 6, rad
        220     9.31985199451E-001,   3.60996037722E-001,  -3.29456143081E-002         F               0         Blade 1 X orientation angle, node 7, rad
        221     3.10541957617E-001,  -8.41988921165E-001,  -4.41155731678E-001         F               0         Blade 1 Y orientation angle, node 7, rad
        222    -1.86995327473E-001,   4.00919616222E-001,  -8.96825611591E-001         F               0         Blade 1 Z orientation angle, node 7, rad
        223     9.37468171120E-001,   3.45654129982E-001,  -4.09473516047E-002         F               0         Blade 1 X orientation angle, node 8, rad
        224     2.93574869633E-001,  -8.48402440548E-001,  -4.40485090017E-001         F               0         Blade 1 Y orientation angle, node 8, rad
        225    -1.86995327473E-001,   4.00919616222E-001,  -8.96825611591E-001         F               0         Blade 1 Z orientation angle, node 8, rad
        226     9.41866397858E-001,   3.32583338022E-001,  -4.77076061070E-002         F               0         Blade 1 X orientation angle, node 9, rad
        227     2.79142320156E-001,  -8.53610992432E-001,  -4.39804315567E-001         F               0         Blade 1 Y orientation angle, node 9, rad
        228    -1.86995327473E-001,   4.00919705629E-001,  -8.96825611591E-001         F               0         Blade 1 Z orientation angle, node 9, rad
        229     9.45486128330E-001,   3.21231693029E-001,  -5.35370372236E-002         F               0         Blade 1 X orientation angle, node 10, rad
        230     2.66624778509E-001,  -8.57947349548E-001,  -4.39132750034E-001         F               0         Blade 1 Y orientation angle, node 10, rad
        231    -1.86995327473E-001,   4.00919616222E-001,  -8.96825611591E-001         F               0         Blade 1 Z orientation angle, node 10, rad
        232     9.48449969292E-001,   3.11478137970E-001,  -5.85152842104E-002         F               0         Blade 1 X orientation angle, node 11, rad
        233     2.55881637335E-001,  -8.61536324024E-001,  -4.38497185707E-001         F               0         Blade 1 Y orientation angle, node 11, rad
        234    -1.86995327473E-001,   4.00919646025E-001,  -8.96825611591E-001         F               0         Blade 1 Z orientation angle, node 11, rad
        235     9.50948596001E-001,   3.02891969681E-001,  -6.28746524453E-002         F               0         Blade 1 X orientation angle, node 12, rad
        236     2.46433600783E-001,  -8.64592313766E-001,  -4.37893331051E-001         F               0         Blade 1 Y orientation angle, node 12, rad
        237    -1.86995327473E-001,   4.00919616222E-001,  -8.96825611591E-001         F               0         Blade 1 Z orientation angle, node 12, rad
        238     9.53062891960E-001,   2.95335531235E-001,  -6.66935518384E-002         F               0         Blade 1 X orientation angle, node 13, rad
        239     2.38125726581E-001,  -8.67202639580E-001,  -4.37327980995E-001         F               0         Blade 1 Y orientation angle, node 13, rad
        240    -1.86995327473E-001,   4.00919616222E-001,  -8.96825611591E-001         F               0         Blade 1 Z orientation angle, node 13, rad
        241     9.54903721809E-001,   2.88515508175E-001,  -7.01262280345E-002         F               0         Blade 1 X orientation angle, node 14, rad
        242     2.30633124709E-001,  -8.69495391846E-001,  -4.36790674925E-001         F               0         Blade 1 Y orientation angle, node 14, rad
        243    -1.86995312572E-001,   4.00919616222E-001,  -8.96825611591E-001         F               0         Blade 1 Z orientation angle, node 14, rad
        244     9.56490576267E-001,   2.82438308001E-001,  -7.31738582253E-002         F               0         Blade 1 X orientation angle, node 15, rad
        245     2.23961055279E-001,  -8.71488392353E-001,  -4.36290562153E-001         F               0         Blade 1 Y orientation angle, node 15, rad
        246    -1.86995327473E-001,   4.00919705629E-001,  -8.96825611591E-001         F               0         Blade 1 Z orientation angle, node 15, rad
        247     9.57878887653E-001,   2.76957035065E-001,  -7.59136974812E-002         F               0         Blade 1 X orientation angle, node 16, rad
