
Linearized model: Predictions were generated on 06-Feb-2024 at 10:15:48 using OpenFAST, compiled as a 64-bit application using single precision at commit v3.5.1
 linked with  NWTC Subroutine Library; ElastoDyn; InflowWind; AeroDyn; ServoDyn; HydroDyn; MAP++ (<1.20.10>, <Oct-20-2023>)

Description from the FAST input file: CCT-9 Campign 4 model. Input files to be run with OpenFAST 3.5.0. GitHub branch from Lu Wang (https://github.com/luwang00/openfast/tree/dev) compiled on March 7, 2023.

Simulation information:
   Simulation time:                  1003.9750 s
   Rotor Speed:                         1.0402 rad/s
   Azimuth:                             5.1817 rad
   Wind Speed:                         12.0000 m/s
   Number of continuous states:         0
   Number of discrete states:           0
   Number of constraint states:         0
   Number of inputs:                 1746
   Number of outputs:                   4
   Jacobians included in this file?    No

Order of inputs:
     Column   Operating Point                     Rotating Frame? Derivative Order Description
   ---------- ---------------                     --------------- ---------------- -----------
          1    1.514E+01                                 F               0         Tower X translation displacement, node 1, m
          2   -1.128E+00                                 F               0         Tower Y translation displacement, node 1, m
          3   -5.053E-01                                 F               0         Tower Z translation displacement, node 1, m
          4    1.707E+01                                 F               0         Tower X translation displacement, node 2, m
          5   -1.743E+00                                 F               0         Tower Y translation displacement, node 2, m
          6   -6.725E-01                                 F               0         Tower Z translation displacement, node 2, m
          7    1.904E+01                                 F               0         Tower X translation displacement, node 3, m
          8   -2.364E+00                                 F               0         Tower Y translation displacement, node 3, m
          9   -8.455E-01                                 F               0         Tower Z translation displacement, node 3, m
         10    2.103E+01                                 F               0         Tower X translation displacement, node 4, m
         11   -2.989E+00                                 F               0         Tower Y translation displacement, node 4, m
         12   -1.023E+00                                 F               0         Tower Z translation displacement, node 4, m
         13    2.304E+01                                 F               0         Tower X translation displacement, node 5, m
         14   -3.619E+00                                 F               0         Tower Y translation displacement, node 5, m
         15   -1.205E+00                                 F               0         Tower Z translation displacement, node 5, m
         16    2.507E+01                                 F               0         Tower X translation displacement, node 6, m
         17   -4.252E+00                                 F               0         Tower Y translation displacement, node 6, m
         18   -1.389E+00                                 F               0         Tower Z translation displacement, node 6, m
         19    2.712E+01                                 F               0         Tower X translation displacement, node 7, m
         20   -4.888E+00                                 F               0         Tower Y translation displacement, node 7, m
         21   -1.576E+00                                 F               0         Tower Z translation displacement, node 7, m
         22    2.917E+01                                 F               0         Tower X translation displacement, node 8, m
         23   -5.527E+00                                 F               0         Tower Y translation displacement, node 8, m
         24   -1.765E+00                                 F               0         Tower Z translation displacement, node 8, m
         25    3.124E+01                                 F               0         Tower X translation displacement, node 9, m
         26   -6.167E+00                                 F               0         Tower Y translation displacement, node 9, m
         27   -1.956E+00                                 F               0         Tower Z translation displacement, node 9, m
         28    3.331E+01                                 F               0         Tower X translation displacement, node 10, m
         29   -6.808E+00                                 F               0         Tower Y translation displacement, node 10, m
         30   -2.147E+00                                 F               0         Tower Z translation displacement, node 10, m
         31    3.538E+01                                 F               0         Tower X translation displacement, node 11, m
         32   -7.450E+00                                 F               0         Tower Y translation displacement, node 11, m
         33   -2.339E+00                                 F               0         Tower Z translation displacement, node 11, m
         34    9.879E-01,  1.354E-02, -1.547E-01         F               0         Tower X orientation angle, node 1, rad
         35   -5.693E-03,  9.987E-01,  5.106E-02         F               0         Tower Y orientation angle, node 1, rad
         36    1.551E-01, -4.956E-02,  9.866E-01         F               0         Tower Z orientation angle, node 1, rad
         37    9.875E-01,  1.367E-02, -1.573E-01         F               0         Tower X orientation angle, node 2, rad
         38   -5.615E-03,  9.987E-01,  5.155E-02         F               0         Tower Y orientation angle, node 2, rad
         39    1.578E-01, -5.002E-02,  9.862E-01         F               0         Tower Z orientation angle, node 2, rad
         40    9.871E-01,  1.379E-02, -1.596E-01         F               0         Tower X orientation angle, node 3, rad
         41   -5.544E-03,  9.986E-01,  5.199E-02         F               0         Tower Y orientation angle, node 3, rad
         42    1.601E-01, -5.043E-02,  9.858E-01         F               0         Tower Z orientation angle, node 3, rad
         43    9.868E-01,  1.389E-02, -1.615E-01         F               0         Tower X orientation angle, node 4, rad
         44   -5.481E-03,  9.986E-01,  5.237E-02         F               0         Tower Y orientation angle, node 4, rad
         45    1.620E-01, -5.080E-02,  9.855E-01         F               0         Tower Z orientation angle, node 4, rad
         46    9.865E-01,  1.397E-02, -1.632E-01         F               0         Tower X orientation angle, node 5, rad
         47   -5.427E-03,  9.986E-01,  5.271E-02         F               0         Tower Y orientation angle, node 5, rad
         48    1.637E-01, -5.111E-02,  9.852E-01         F               0         Tower Z orientation angle, node 5, rad
         49    9.863E-01,  1.404E-02, -1.645E-01         F               0         Tower X orientation angle, node 6, rad
         50   -5.381E-03,  9.986E-01,  5.298E-02         F               0         Tower Y orientation angle, node 6, rad
         51    1.650E-01, -5.137E-02,  9.850E-01         F               0         Tower Z orientation angle, node 6, rad
         52    9.861E-01,  1.410E-02, -1.655E-01         F               0         Tower X orientation angle, node 7, rad
         53   -5.344E-03,  9.986E-01,  5.320E-02         F               0         Tower Y orientation angle, node 7, rad
         54    1.660E-01, -5.158E-02,  9.848E-01         F               0         Tower Z orientation angle, node 7, rad
         55    9.860E-01,  1.414E-02, -1.663E-01         F               0         Tower X orientation angle, node 8, rad
         56   -5.314E-03,  9.986E-01,  5.338E-02         F               0         Tower Y orientation angle, node 8, rad
         57    1.668E-01, -5.174E-02,  9.846E-01         F               0         Tower Z orientation angle, node 8, rad
         58    9.859E-01,  1.416E-02, -1.668E-01         F               0         Tower X orientation angle, node 9, rad
         59   -5.293E-03,  9.986E-01,  5.350E-02         F               0         Tower Y orientation angle, node 9, rad
         60    1.673E-01, -5.186E-02,  9.845E-01         F               0         Tower Z orientation angle, node 9, rad
         61    9.858E-01,  1.418E-02, -1.672E-01         F               0         Tower X orientation angle, node 10, rad
         62   -5.279E-03,  9.985E-01,  5.358E-02         F               0         Tower Y orientation angle, node 10, rad
         63    1.677E-01, -5.194E-02,  9.845E-01         F               0         Tower Z orientation angle, node 10, rad
         64    9.858E-01,  1.419E-02, -1.673E-01         F               0         Tower X orientation angle, node 11, rad
         65   -5.272E-03,  9.985E-01,  5.363E-02         F               0         Tower Y orientation angle, node 11, rad
         66    1.679E-01, -5.199E-02,  9.844E-01         F               0         Tower Z orientation angle, node 11, rad
         67   -2.616E-03                                 F               0         Tower X translation velocity, node 1, m/s
         68   -2.636E-02                                 F               0         Tower Y translation velocity, node 1, m/s
         69    4.737E-04                                 F               0         Tower Z translation velocity, node 1, m/s
         70   -3.738E-03                                 F               0         Tower X translation velocity, node 2, m/s
         71   -4.393E-02                                 F               0         Tower Y translation velocity, node 2, m/s
         72   -2.347E-04                                 F               0         Tower Z translation velocity, node 2, m/s
         73   -4.940E-03                                 F               0         Tower X translation velocity, node 3, m/s
         74   -6.174E-02                                 F               0         Tower Y translation velocity, node 3, m/s
         75   -9.488E-04                                 F               0         Tower Z translation velocity, node 3, m/s
         76   -6.198E-03                                 F               0         Tower X translation velocity, node 4, m/s
         77   -7.975E-02                                 F               0         Tower Y translation velocity, node 4, m/s
         78   -1.668E-03                                 F               0         Tower Z translation velocity, node 4, m/s
         79   -7.498E-03                                 F               0         Tower X translation velocity, node 5, m/s
         80   -9.793E-02                                 F               0         Tower Y translation velocity, node 5, m/s
         81   -2.394E-03                                 F               0         Tower Z translation velocity, node 5, m/s
         82   -8.826E-03                                 F               0         Tower X translation velocity, node 6, m/s
         83   -1.162E-01                                 F               0         Tower Y translation velocity, node 6, m/s
         84   -3.125E-03                                 F               0         Tower Z translation velocity, node 6, m/s
         85   -1.017E-02                                 F               0         Tower X translation velocity, node 7, m/s
         86   -1.347E-01                                 F               0         Tower Y translation velocity, node 7, m/s
         87   -3.862E-03                                 F               0         Tower Z translation velocity, node 7, m/s
         88   -1.153E-02                                 F               0         Tower X translation velocity, node 8, m/s
         89   -1.532E-01                                 F               0         Tower Y translation velocity, node 8, m/s
         90   -4.604E-03                                 F               0         Tower Z translation velocity, node 8, m/s
         91   -1.288E-02                                 F               0         Tower X translation velocity, node 9, m/s
         92   -1.718E-01                                 F               0         Tower Y translation velocity, node 9, m/s
         93   -5.352E-03                                 F               0         Tower Z translation velocity, node 9, m/s
         94   -1.424E-02                                 F               0         Tower X translation velocity, node 10, m/s
         95   -1.904E-01                                 F               0         Tower Y translation velocity, node 10, m/s
         96   -6.103E-03                                 F               0         Tower Z translation velocity, node 10, m/s
         97   -1.560E-02                                 F               0         Tower X translation velocity, node 11, m/s
         98   -2.091E-01                                 F               0         Tower Y translation velocity, node 11, m/s
         99   -6.857E-03                                 F               0         Tower Z translation velocity, node 11, m/s
        100    3.685E+01                                 F               0         Hub X translation displacement, node 1, m
        101   -8.012E+00                                 F               0         Hub Y translation displacement, node 1, m
        102   -6.543E-01                                 F               0         Hub Z translation displacement, node 1, m
        103    9.628E-01,  1.955E-02, -2.693E-01         F               0         Hub X orientation angle, node 1, rad
        104   -2.432E-01,  4.964E-01, -8.333E-01         F               0         Hub Y orientation angle, node 1, rad
        105    1.174E-01,  8.679E-01,  4.827E-01         F               0         Hub Z orientation angle, node 1, rad
        106    1.003E+00                                 F               0         Hub X rotation velocity, node 1, rad/s
        107    2.023E-02                                 F               0         Hub Y rotation velocity, node 1, rad/s
        108   -2.804E-01                                 F               0         Hub Z rotation velocity, node 1, rad/s
        109    9.696E-01,  4.813E-03, -2.445E-01         F               0         Blade root 1 X orientation angle, node 1, rad
        110   -2.145E-01,  4.968E-01, -8.410E-01         F               0         Blade root 1 Y orientation angle, node 1, rad
        111    1.174E-01,  8.679E-01,  4.827E-01         F               0         Blade root 1 Z orientation angle, node 1, rad
        112    9.558E-01,  4.606E-03, -2.940E-01         F               0         Blade root 2 X orientation angle, node 1, rad
        113    2.517E-01,  5.038E-01,  8.264E-01         F               0         Blade root 2 Y orientation angle, node 1, rad
        114    1.519E-01, -8.638E-01,  4.803E-01         F               0         Blade root 2 Z orientation angle, node 1, rad
        115    9.618E-01,  4.920E-02, -2.692E-01         F               0         Blade root 3 X orientation angle, node 1, rad
        116    4.847E-02, -9.988E-01, -9.369E-03         F               0         Blade root 3 Y orientation angle, node 1, rad
        117   -2.693E-01, -4.035E-03, -9.630E-01         F               0         Blade root 3 Z orientation angle, node 1, rad
        118    3.692E+01                                 F               0         Blade 1 X translation displacement, node 1, m
        119   -3.204E+00                                 F               0         Blade 1 Y translation displacement, node 1, m
        120   -3.490E+00                                 F               0         Blade 1 Z translation displacement, node 1, m
        121    3.694E+01                                 F               0         Blade 1 X translation displacement, node 2, m
        122   -2.045E+00                                 F               0         Blade 1 Y translation displacement, node 2, m
        123   -4.173E+00                                 F               0         Blade 1 Z translation displacement, node 2, m
        124    3.717E+01                                 F               0         Blade 1 X translation displacement, node 3, m
        125    1.371E+01                                 F               0         Blade 1 Y translation displacement, node 3, m
        126   -1.346E+01                                 F               0         Blade 1 Z translation displacement, node 3, m
        127    3.722E+01                                 F               0         Blade 1 X translation displacement, node 4, m
        128    1.707E+01                                 F               0         Blade 1 Y translation displacement, node 4, m
        129   -1.544E+01                                 F               0         Blade 1 Z translation displacement, node 4, m
        130    3.727E+01                                 F               0         Blade 1 X translation displacement, node 5, m
        131    2.042E+01                                 F               0         Blade 1 Y translation displacement, node 5, m
        132   -1.742E+01                                 F               0         Blade 1 Z translation displacement, node 5, m
        133    3.732E+01                                 F               0         Blade 1 X translation displacement, node 6, m
        134    2.378E+01                                 F               0         Blade 1 Y translation displacement, node 6, m
        135   -1.940E+01                                 F               0         Blade 1 Z translation displacement, node 6, m
        136    3.737E+01                                 F               0         Blade 1 X translation displacement, node 7, m
        137    2.714E+01                                 F               0         Blade 1 Y translation displacement, node 7, m
        138   -2.138E+01                                 F               0         Blade 1 Z translation displacement, node 7, m
        139    3.742E+01                                 F               0         Blade 1 X translation displacement, node 8, m
        140    3.049E+01                                 F               0         Blade 1 Y translation displacement, node 8, m
        141   -2.336E+01                                 F               0         Blade 1 Z translation displacement, node 8, m
        142    3.747E+01                                 F               0         Blade 1 X translation displacement, node 9, m
        143    3.385E+01                                 F               0         Blade 1 Y translation displacement, node 9, m
        144   -2.534E+01                                 F               0         Blade 1 Z translation displacement, node 9, m
        145    3.752E+01                                 F               0         Blade 1 X translation displacement, node 10, m
        146    3.721E+01                                 F               0         Blade 1 Y translation displacement, node 10, m
        147   -2.732E+01                                 F               0         Blade 1 Z translation displacement, node 10, m
        148    3.757E+01                                 F               0         Blade 1 X translation displacement, node 11, m
        149    4.056E+01                                 F               0         Blade 1 Y translation displacement, node 11, m
        150   -2.930E+01                                 F               0         Blade 1 Z translation displacement, node 11, m
        151    3.762E+01                                 F               0         Blade 1 X translation displacement, node 12, m
        152    4.392E+01                                 F               0         Blade 1 Y translation displacement, node 12, m
        153   -3.128E+01                                 F               0         Blade 1 Z translation displacement, node 12, m
        154    3.767E+01                                 F               0         Blade 1 X translation displacement, node 13, m
        155    4.728E+01                                 F               0         Blade 1 Y translation displacement, node 13, m
        156   -3.326E+01                                 F               0         Blade 1 Z translation displacement, node 13, m
        157    3.772E+01                                 F               0         Blade 1 X translation displacement, node 14, m
        158    5.063E+01                                 F               0         Blade 1 Y translation displacement, node 14, m
        159   -3.524E+01                                 F               0         Blade 1 Z translation displacement, node 14, m
        160    3.777E+01                                 F               0         Blade 1 X translation displacement, node 15, m
        161    5.399E+01                                 F               0         Blade 1 Y translation displacement, node 15, m
        162   -3.722E+01                                 F               0         Blade 1 Z translation displacement, node 15, m
        163    3.782E+01                                 F               0         Blade 1 X translation displacement, node 16, m
        164    5.735E+01                                 F               0         Blade 1 Y translation displacement, node 16, m
        165   -3.920E+01                                 F               0         Blade 1 Z translation displacement, node 16, m
        166    3.787E+01                                 F               0         Blade 1 X translation displacement, node 17, m
        167    6.070E+01                                 F               0         Blade 1 Y translation displacement, node 17, m
        168   -4.118E+01                                 F               0         Blade 1 Z translation displacement, node 17, m
        169    3.792E+01                                 F               0         Blade 1 X translation displacement, node 18, m
        170    6.406E+01                                 F               0         Blade 1 Y translation displacement, node 18, m
        171   -4.316E+01                                 F               0         Blade 1 Z translation displacement, node 18, m
        172    3.797E+01                                 F               0         Blade 1 X translation displacement, node 19, m
        173    6.742E+01                                 F               0         Blade 1 Y translation displacement, node 19, m
        174   -4.514E+01                                 F               0         Blade 1 Z translation displacement, node 19, m
        175    3.802E+01                                 F               0         Blade 1 X translation displacement, node 20, m
        176    7.077E+01                                 F               0         Blade 1 Y translation displacement, node 20, m
        177   -4.711E+01                                 F               0         Blade 1 Z translation displacement, node 20, m
        178    3.807E+01                                 F               0         Blade 1 X translation displacement, node 21, m
        179    7.413E+01                                 F               0         Blade 1 Y translation displacement, node 21, m
        180   -4.909E+01                                 F               0         Blade 1 Z translation displacement, node 21, m
        181    3.812E+01                                 F               0         Blade 1 X translation displacement, node 22, m
        182    7.749E+01                                 F               0         Blade 1 Y translation displacement, node 22, m
        183   -5.107E+01                                 F               0         Blade 1 Z translation displacement, node 22, m
        184    3.817E+01                                 F               0         Blade 1 X translation displacement, node 23, m
        185    8.084E+01                                 F               0         Blade 1 Y translation displacement, node 23, m
        186   -5.305E+01                                 F               0         Blade 1 Z translation displacement, node 23, m
        187    3.822E+01                                 F               0         Blade 1 X translation displacement, node 24, m
        188    8.420E+01                                 F               0         Blade 1 Y translation displacement, node 24, m
        189   -5.503E+01                                 F               0         Blade 1 Z translation displacement, node 24, m
        190    3.827E+01                                 F               0         Blade 1 X translation displacement, node 25, m
        191    8.756E+01                                 F               0         Blade 1 Y translation displacement, node 25, m
        192   -5.701E+01                                 F               0         Blade 1 Z translation displacement, node 25, m
        193    3.832E+01                                 F               0         Blade 1 X translation displacement, node 26, m
        194    9.091E+01                                 F               0         Blade 1 Y translation displacement, node 26, m
        195   -5.899E+01                                 F               0         Blade 1 Z translation displacement, node 26, m
        196    3.837E+01                                 F               0         Blade 1 X translation displacement, node 27, m
        197    9.427E+01                                 F               0         Blade 1 Y translation displacement, node 27, m
        198   -6.097E+01                                 F               0         Blade 1 Z translation displacement, node 27, m
        199    3.841E+01                                 F               0         Blade 1 X translation displacement, node 28, m
        200    9.711E+01                                 F               0         Blade 1 Y translation displacement, node 28, m
        201   -6.265E+01                                 F               0         Blade 1 Z translation displacement, node 28, m
        202    9.608E-01, -2.222E-01,  1.659E-01         F               0         Blade 1 X orientation angle, node 1, rad
        203    2.513E-01,  4.443E-01, -8.599E-01         F               0         Blade 1 Y orientation angle, node 1, rad
        204    1.174E-01,  8.679E-01,  4.827E-01         F               0         Blade 1 Z orientation angle, node 1, rad
        205    9.608E-01, -2.222E-01,  1.659E-01         F               0         Blade 1 X orientation angle, node 2, rad
        206    2.513E-01,  4.443E-01, -8.599E-01         F               0         Blade 1 Y orientation angle, node 2, rad
        207    1.174E-01,  8.679E-01,  4.827E-01         F               0         Blade 1 Z orientation angle, node 2, rad
        208    9.929E-01, -1.106E-01, -4.264E-02         F               0         Blade 1 X orientation angle, node 3, rad
        209    1.639E-02,  4.843E-01, -8.747E-01         F               0         Blade 1 Y orientation angle, node 3, rad
        210    1.174E-01,  8.679E-01,  4.827E-01         F               0         Blade 1 Z orientation angle, node 3, rad
        211    9.928E-01, -9.006E-02, -7.953E-02         F               0         Blade 1 X orientation angle, node 4, rad
        212   -2.555E-02,  4.886E-01, -8.722E-01         F               0         Blade 1 Y orientation angle, node 4, rad
        213    1.174E-01,  8.679E-01,  4.827E-01         F               0         Blade 1 Z orientation angle, node 4, rad
        214    9.914E-01, -7.382E-02, -1.084E-01         F               0         Blade 1 X orientation angle, node 5, rad
        215   -5.845E-02,  4.913E-01, -8.690E-01         F               0         Blade 1 Y orientation angle, node 5, rad
        216    1.174E-01,  8.679E-01,  4.827E-01         F               0         Blade 1 Z orientation angle, node 5, rad
        217    9.895E-01, -6.076E-02, -1.314E-01         F               0         Blade 1 X orientation angle, node 6, rad
        218   -8.473E-02,  4.931E-01, -8.659E-01         F               0         Blade 1 Y orientation angle, node 6, rad
        219    1.174E-01,  8.679E-01,  4.827E-01         F               0         Blade 1 Z orientation angle, node 6, rad
        220    9.874E-01, -4.999E-02, -1.503E-01         F               0         Blade 1 X orientation angle, node 7, rad
        221   -1.063E-01,  4.943E-01, -8.628E-01         F               0         Blade 1 Y orientation angle, node 7, rad
        222    1.174E-01,  8.679E-01,  4.827E-01         F               0         Blade 1 Z orientation angle, node 7, rad
        223    9.853E-01, -4.101E-02, -1.659E-01         F               0         Blade 1 X orientation angle, node 8, rad
        224   -1.242E-01,  4.951E-01, -8.599E-01         F               0         Blade 1 Y orientation angle, node 8, rad
        225    1.174E-01,  8.679E-01,  4.827E-01         F               0         Blade 1 Z orientation angle, node 8, rad
        226    9.833E-01, -3.340E-02, -1.791E-01         F               0         Blade 1 X orientation angle, node 9, rad
        227   -1.393E-01,  4.957E-01, -8.573E-01         F               0         Blade 1 Y orientation angle, node 9, rad
        228    1.174E-01,  8.679E-01,  4.827E-01         F               0         Blade 1 Z orientation angle, node 9, rad
        229    9.813E-01, -2.682E-02, -1.905E-01         F               0         Blade 1 X orientation angle, node 10, rad
        230   -1.523E-01,  4.961E-01, -8.548E-01         F               0         Blade 1 Y orientation angle, node 10, rad
        231    1.174E-01,  8.679E-01,  4.827E-01         F               0         Blade 1 Z orientation angle, node 10, rad
        232    9.795E-01, -2.119E-02, -2.001E-01         F               0         Blade 1 X orientation angle, node 11, rad
        233   -1.635E-01,  4.963E-01, -8.526E-01         F               0         Blade 1 Y orientation angle, node 11, rad
        234    1.174E-01,  8.679E-01,  4.827E-01         F               0         Blade 1 Z orientation angle, node 11, rad
        235    9.779E-01, -1.625E-02, -2.086E-01         F               0         Blade 1 X orientation angle, node 12, rad
        236   -1.732E-01,  4.965E-01, -8.506E-01         F               0         Blade 1 Y orientation angle, node 12, rad
        237    1.174E-01,  8.679E-01,  4.827E-01         F               0         Blade 1 Z orientation angle, node 12, rad
        238    9.763E-01, -1.192E-02, -2.160E-01         F               0         Blade 1 X orientation angle, node 13, rad
        239   -1.817E-01,  4.966E-01, -8.487E-01         F               0         Blade 1 Y orientation angle, node 13, rad
        240    1.174E-01,  8.679E-01,  4.827E-01         F               0         Blade 1 Z orientation angle, node 13, rad
        241    9.749E-01, -8.019E-03, -2.227E-01         F               0         Blade 1 X orientation angle, node 14, rad
        242   -1.894E-01,  4.967E-01, -8.470E-01         F               0         Blade 1 Y orientation angle, node 14, rad
        243    1.174E-01,  8.679E-01,  4.827E-01         F               0         Blade 1 Z orientation angle, node 14, rad
        244    9.735E-01, -4.551E-03, -2.286E-01         F               0         Blade 1 X orientation angle, node 15, rad
        245   -1.962E-01,  4.968E-01, -8.454E-01         F               0         Blade 1 Y orientation angle, node 15, rad
        246    1.174E-01,  8.679E-01,  4.827E-01         F               0         Blade 1 Z orientation angle, node 15, rad
        247    9.723E-01, -1.430E-03, -2.339E-01         F               0         Blade 1 X orientation angle, node 16, rad
        248   -2.023E-01,  4.968E-01, -8.440E-01         F               0         Blade 1 Y orientation angle, node 16, rad
        249    1.174E-01,  8.679E-01,  4.827E-01         F               0         Blade 1 Z orientation angle, node 16, rad
        250    9.711E-01,  1.345E-03, -2.386E-01         F               0         Blade 1 X orientation angle, node 17, rad
        251   -2.077E-01,  4.968E-01, -8.426E-01         F               0         Blade 1 Y orientation angle, node 17, rad
        252    1.174E-01,  8.679E-01,  4.827E-01         F               0         Blade 1 Z orientation angle, node 17, rad
        253    9.700E-01,  3.946E-03, -2.430E-01         F               0         Blade 1 X orientation angle, node 18, rad
        254   -2.128E-01,  4.968E-01, -8.414E-01         F               0         Blade 1 Y orientation angle, node 18, rad
        255    1.174E-01,  8.679E-01,  4.827E-01         F               0         Blade 1 Z orientation angle, node 18, rad
        256    9.690E-01,  6.287E-03, -2.470E-01         F               0         Blade 1 X orientation angle, node 19, rad
        257   -2.174E-01,  4.968E-01, -8.402E-01         F               0         Blade 1 Y orientation angle, node 19, rad
        258    1.174E-01,  8.679E-01,  4.827E-01         F               0         Blade 1 Z orientation angle, node 19, rad
        259    9.681E-01,  8.368E-03, -2.505E-01         F               0         Blade 1 X orientation angle, node 20, rad
        260   -2.214E-01,  4.967E-01, -8.392E-01         F               0         Blade 1 Y orientation angle, node 20, rad
        261    1.174E-01,  8.679E-01,  4.827E-01         F               0         Blade 1 Z orientation angle, node 20, rad
        262    9.672E-01,  1.036E-02, -2.539E-01         F               0         Blade 1 X orientation angle, node 21, rad
        263   -2.253E-01,  4.967E-01, -8.382E-01         F               0         Blade 1 Y orientation angle, node 21, rad
        264    1.174E-01,  8.679E-01,  4.827E-01         F               0         Blade 1 Z orientation angle, node 21, rad
        265    9.664E-01,  1.218E-02, -2.569E-01         F               0         Blade 1 X orientation angle, node 22, rad
        266   -2.289E-01,  4.966E-01, -8.372E-01         F               0         Blade 1 Y orientation angle, node 22, rad
        267    1.174E-01,  8.679E-01,  4.827E-01         F               0         Blade 1 Z orientation angle, node 22, rad
        268    9.656E-01,  1.383E-02, -2.597E-01         F               0         Blade 1 X orientation angle, node 23, rad
        269   -2.321E-01,  4.966E-01, -8.364E-01         F               0         Blade 1 Y orientation angle, node 23, rad
        270    1.174E-01,  8.679E-01,  4.827E-01         F               0         Blade 1 Z orientation angle, node 23, rad
        271    9.649E-01,  1.539E-02, -2.623E-01         F               0         Blade 1 X orientation angle, node 24, rad
        272   -2.351E-01,  4.966E-01, -8.356E-01         F               0         Blade 1 Y orientation angle, node 24, rad
        273    1.174E-01,  8.679E-01,  4.827E-01         F               0         Blade 1 Z orientation angle, node 24, rad
        274    9.642E-01,  1.686E-02, -2.648E-01         F               0         Blade 1 X orientation angle, node 25, rad
        275   -2.380E-01,  4.965E-01, -8.348E-01         F               0         Blade 1 Y orientation angle, node 25, rad
        276    1.174E-01,  8.679E-01,  4.827E-01         F               0         Blade 1 Z orientation angle, node 25, rad
        277    9.635E-01,  1.816E-02, -2.670E-01         F               0         Blade 1 X orientation angle, node 26, rad
        278   -2.405E-01,  4.965E-01, -8.341E-01         F               0         Blade 1 Y orientation angle, node 26, rad
        279    1.174E-01,  8.679E-01,  4.827E-01         F               0         Blade 1 Z orientation angle, node 26, rad
        280    9.629E-01,  1.946E-02, -2.692E-01         F               0         Blade 1 X orientation angle, node 27, rad
        281   -2.430E-01,  4.964E-01, -8.334E-01         F               0         Blade 1 Y orientation angle, node 27, rad
        282    1.174E-01,  8.679E-01,  4.827E-01         F               0         Blade 1 Z orientation angle, node 27, rad
        283    9.626E-01,  2.015E-02, -2.703E-01         F               0         Blade 1 X orientation angle, node 28, rad
        284   -2.444E-01,  4.964E-01, -8.330E-01         F               0         Blade 1 Y orientation angle, node 28, rad
        285    1.174E-01,  8.679E-01,  4.827E-01         F               0         Blade 1 Z orientation angle, node 28, rad
        286    1.385E+00                                 F               0         Blade 1 X translation velocity, node 1, m/s
        287   -3.086E+00                                 F               0         Blade 1 Y translation velocity, node 1, m/s
        288    4.801E+00                                 F               0         Blade 1 Z translation velocity, node 1, m/s
        289    1.723E+00                                 F               0         Blade 1 X translation velocity, node 2, m/s
        290   -3.777E+00                                 F               0         Blade 1 Y translation velocity, node 2, m/s
        291    5.960E+00                                 F               0         Blade 1 Z translation velocity, node 2, m/s
        292    6.317E+00                                 F               0         Blade 1 X translation velocity, node 3, m/s
        293   -1.316E+01                                 F               0         Blade 1 Y translation velocity, node 3, m/s
        294    2.172E+01                                 F               0         Blade 1 Z translation velocity, node 3, m/s
        295    7.296E+00                                 F               0         Blade 1 X translation velocity, node 4, m/s
        296   -1.516E+01                                 F               0         Blade 1 Y translation velocity, node 4, m/s
        297    2.508E+01                                 F               0         Blade 1 Z translation velocity, node 4, m/s
        298    8.275E+00                                 F               0         Blade 1 X translation velocity, node 5, m/s
        299   -1.716E+01                                 F               0         Blade 1 Y translation velocity, node 5, m/s
        300    2.843E+01                                 F               0         Blade 1 Z translation velocity, node 5, m/s
        301    9.254E+00                                 F               0         Blade 1 X translation velocity, node 6, m/s
        302   -1.916E+01                                 F               0         Blade 1 Y translation velocity, node 6, m/s
        303    3.179E+01                                 F               0         Blade 1 Z translation velocity, node 6, m/s
        304    1.023E+01                                 F               0         Blade 1 X translation velocity, node 7, m/s
        305   -2.116E+01                                 F               0         Blade 1 Y translation velocity, node 7, m/s
        306    3.515E+01                                 F               0         Blade 1 Z translation velocity, node 7, m/s
        307    1.121E+01                                 F               0         Blade 1 X translation velocity, node 8, m/s
