
Linearized model: Predictions were generated on 12-Jan-2024 at 09:28:28 using OpenFAST, compiled as a 64-bit application using single precision at commit v3.5.1
 linked with  NWTC Subroutine Library; ElastoDyn; InflowWind; AeroDyn; ServoDyn; HydroDyn; MAP++ (<1.20.10>, <Oct-20-2023>)

Description from the FAST input file: CCT-9 Campign 4 model. Input files to be run with OpenFAST 3.5.0. GitHub branch from Lu Wang (https://github.com/luwang00/openfast/tree/dev) compiled on March 7, 2023.

Simulation information:
   Simulation time:                   502.7250 s
   Rotor Speed:                         0.8769 rad/s
   Azimuth:                             6.2462 rad
   Wind Speed:                         10.0000 m/s
   Number of continuous states:         0
   Number of discrete states:           0
   Number of constraint states:         0
   Number of inputs:                 1746
   Number of outputs:                   4
   Jacobians included in this file?    No

Order of inputs:
     Column   Operating Point                     Rotating Frame? Derivative Order Description
   ---------- ---------------                     --------------- ---------------- -----------
          1    1.101E+01                                 F               0         Tower X translation displacement, node 1, m
          2   -1.231E+00                                 F               0         Tower Y translation displacement, node 1, m
          3   -3.279E-01                                 F               0         Tower Z translation displacement, node 1, m
          4    1.248E+01                                 F               0         Tower X translation displacement, node 2, m
          5   -1.817E+00                                 F               0         Tower Y translation displacement, node 2, m
          6   -4.294E-01                                 F               0         Tower Z translation displacement, node 2, m
          7    1.397E+01                                 F               0         Tower X translation displacement, node 3, m
          8   -2.407E+00                                 F               0         Tower Y translation displacement, node 3, m
          9   -5.342E-01                                 F               0         Tower Z translation displacement, node 3, m
         10    1.548E+01                                 F               0         Tower X translation displacement, node 4, m
         11   -3.003E+00                                 F               0         Tower Y translation displacement, node 4, m
         12   -6.415E-01                                 F               0         Tower Z translation displacement, node 4, m
         13    1.701E+01                                 F               0         Tower X translation displacement, node 5, m
         14   -3.602E+00                                 F               0         Tower Y translation displacement, node 5, m
         15   -7.509E-01                                 F               0         Tower Z translation displacement, node 5, m
         16    1.855E+01                                 F               0         Tower X translation displacement, node 6, m
         17   -4.204E+00                                 F               0         Tower Y translation displacement, node 6, m
         18   -8.620E-01                                 F               0         Tower Z translation displacement, node 6, m
         19    2.010E+01                                 F               0         Tower X translation displacement, node 7, m
         20   -4.809E+00                                 F               0         Tower Y translation displacement, node 7, m
         21   -9.743E-01                                 F               0         Tower Z translation displacement, node 7, m
         22    2.165E+01                                 F               0         Tower X translation displacement, node 8, m
         23   -5.416E+00                                 F               0         Tower Y translation displacement, node 8, m
         24   -1.088E+00                                 F               0         Tower Z translation displacement, node 8, m
         25    2.321E+01                                 F               0         Tower X translation displacement, node 9, m
         26   -6.025E+00                                 F               0         Tower Y translation displacement, node 9, m
         27   -1.202E+00                                 F               0         Tower Z translation displacement, node 9, m
         28    2.478E+01                                 F               0         Tower X translation displacement, node 10, m
         29   -6.635E+00                                 F               0         Tower Y translation displacement, node 10, m
         30   -1.317E+00                                 F               0         Tower Z translation displacement, node 10, m
         31    2.635E+01                                 F               0         Tower X translation displacement, node 11, m
         32   -7.245E+00                                 F               0         Tower Y translation displacement, node 11, m
         33   -1.432E+00                                 F               0         Tower Z translation displacement, node 11, m
         34    9.930E-01,  9.769E-03, -1.177E-01         F               0         Tower X orientation angle, node 1, rad
         35   -4.134E-03,  9.988E-01,  4.801E-02         F               0         Tower Y orientation angle, node 1, rad
         36    1.181E-01, -4.719E-02,  9.919E-01         F               0         Tower Z orientation angle, node 1, rad
         37    9.928E-01,  9.858E-03, -1.196E-01         F               0         Tower X orientation angle, node 2, rad
         38   -4.081E-03,  9.988E-01,  4.845E-02         F               0         Tower Y orientation angle, node 2, rad
         39    1.199E-01, -4.761E-02,  9.916E-01         F               0         Tower Z orientation angle, node 2, rad
         40    9.926E-01,  9.937E-03, -1.212E-01         F               0         Tower X orientation angle, node 3, rad
         41   -4.033E-03,  9.988E-01,  4.885E-02         F               0         Tower Y orientation angle, node 3, rad
         42    1.216E-01, -4.800E-02,  9.914E-01         F               0         Tower Z orientation angle, node 3, rad
         43    9.924E-01,  1.000E-02, -1.226E-01         F               0         Tower X orientation angle, node 4, rad
         44   -3.990E-03,  9.988E-01,  4.919E-02         F               0         Tower Y orientation angle, node 4, rad
         45    1.230E-01, -4.833E-02,  9.912E-01         F               0         Tower Z orientation angle, node 4, rad
         46    9.923E-01,  1.006E-02, -1.237E-01         F               0         Tower X orientation angle, node 5, rad
         47   -3.953E-03,  9.988E-01,  4.949E-02         F               0         Tower Y orientation angle, node 5, rad
         48    1.241E-01, -4.862E-02,  9.911E-01         F               0         Tower Z orientation angle, node 5, rad
         49    9.921E-01,  1.010E-02, -1.247E-01         F               0         Tower X orientation angle, node 6, rad
         50   -3.922E-03,  9.988E-01,  4.974E-02         F               0         Tower Y orientation angle, node 6, rad
         51    1.250E-01, -4.886E-02,  9.910E-01         F               0         Tower Z orientation angle, node 6, rad
         52    9.921E-01,  1.014E-02, -1.253E-01         F               0         Tower X orientation angle, node 7, rad
         53   -3.897E-03,  9.987E-01,  4.994E-02         F               0         Tower Y orientation angle, node 7, rad
         54    1.257E-01, -4.905E-02,  9.909E-01         F               0         Tower Z orientation angle, node 7, rad
         55    9.920E-01,  1.016E-02, -1.258E-01         F               0         Tower X orientation angle, node 8, rad
         56   -3.877E-03,  9.987E-01,  5.009E-02         F               0         Tower Y orientation angle, node 8, rad
         57    1.262E-01, -4.921E-02,  9.908E-01         F               0         Tower Z orientation angle, node 8, rad
         58    9.920E-01,  1.018E-02, -1.262E-01         F               0         Tower X orientation angle, node 9, rad
         59   -3.863E-03,  9.987E-01,  5.021E-02         F               0         Tower Y orientation angle, node 9, rad
         60    1.265E-01, -4.932E-02,  9.907E-01         F               0         Tower Z orientation angle, node 9, rad
         61    9.919E-01,  1.019E-02, -1.264E-01         F               0         Tower X orientation angle, node 10, rad
         62   -3.854E-03,  9.987E-01,  5.028E-02         F               0         Tower Y orientation angle, node 10, rad
         63    1.267E-01, -4.939E-02,  9.907E-01         F               0         Tower Z orientation angle, node 10, rad
         64    9.919E-01,  1.020E-02, -1.265E-01         F               0         Tower X orientation angle, node 11, rad
         65   -3.849E-03,  9.987E-01,  5.032E-02         F               0         Tower Y orientation angle, node 11, rad
         66    1.268E-01, -4.943E-02,  9.907E-01         F               0         Tower Z orientation angle, node 11, rad
         67   -5.055E-03                                 F               0         Tower X translation velocity, node 1, m/s
         68   -6.491E-04                                 F               0         Tower Y translation velocity, node 1, m/s
         69    1.180E-03                                 F               0         Tower Z translation velocity, node 1, m/s
         70   -5.486E-03                                 F               0         Tower X translation velocity, node 2, m/s
         71   -2.687E-03                                 F               0         Tower Y translation velocity, node 2, m/s
         72    1.134E-03                                 F               0         Tower Z translation velocity, node 2, m/s
         73   -5.822E-03                                 F               0         Tower X translation velocity, node 3, m/s
         74   -4.783E-03                                 F               0         Tower Y translation velocity, node 3, m/s
         75    1.074E-03                                 F               0         Tower Z translation velocity, node 3, m/s
         76   -6.083E-03                                 F               0         Tower X translation velocity, node 4, m/s
         77   -6.927E-03                                 F               0         Tower Y translation velocity, node 4, m/s
         78    1.002E-03                                 F               0         Tower Z translation velocity, node 4, m/s
         79   -6.277E-03                                 F               0         Tower X translation velocity, node 5, m/s
         80   -9.113E-03                                 F               0         Tower Y translation velocity, node 5, m/s
         81    9.191E-04                                 F               0         Tower Z translation velocity, node 5, m/s
         82   -6.412E-03                                 F               0         Tower X translation velocity, node 6, m/s
         83   -1.133E-02                                 F               0         Tower Y translation velocity, node 6, m/s
         84    8.269E-04                                 F               0         Tower Z translation velocity, node 6, m/s
         85   -6.502E-03                                 F               0         Tower X translation velocity, node 7, m/s
         86   -1.358E-02                                 F               0         Tower Y translation velocity, node 7, m/s
         87    7.271E-04                                 F               0         Tower Z translation velocity, node 7, m/s
         88   -6.550E-03                                 F               0         Tower X translation velocity, node 8, m/s
         89   -1.586E-02                                 F               0         Tower Y translation velocity, node 8, m/s
         90    6.204E-04                                 F               0         Tower Z translation velocity, node 8, m/s
         91   -6.566E-03                                 F               0         Tower X translation velocity, node 9, m/s
         92   -1.815E-02                                 F               0         Tower Y translation velocity, node 9, m/s
         93    5.084E-04                                 F               0         Tower Z translation velocity, node 9, m/s
         94   -6.559E-03                                 F               0         Tower X translation velocity, node 10, m/s
         95   -2.046E-02                                 F               0         Tower Y translation velocity, node 10, m/s
         96    3.925E-04                                 F               0         Tower Z translation velocity, node 10, m/s
         97   -6.537E-03                                 F               0         Tower X translation velocity, node 11, m/s
         98   -2.278E-02                                 F               0         Tower Y translation velocity, node 11, m/s
         99    2.741E-04                                 F               0         Tower Z translation velocity, node 11, m/s
        100    2.743E+01                                 F               0         Hub X translation displacement, node 1, m
        101   -7.743E+00                                 F               0         Hub Y translation displacement, node 1, m
        102   -1.385E-01                                 F               0         Hub Z translation displacement, node 1, m
        103    9.732E-01,  1.531E-02, -2.294E-01         F               0         Hub X orientation angle, node 1, rad
        104   -1.235E-02,  9.998E-01,  1.432E-02         F               0         Hub Y orientation angle, node 1, rad
        105    2.295E-01, -1.110E-02,  9.732E-01         F               0         Hub Z orientation angle, node 1, rad
        106    8.536E-01                                 F               0         Hub X rotation velocity, node 1, rad/s
        107    1.342E-02                                 F               0         Hub Y rotation velocity, node 1, rad/s
        108   -2.011E-01                                 F               0         Hub Z rotation velocity, node 1, rad/s
        109    9.732E-01, -1.436E-02, -2.297E-01         F               0         Blade root 1 X orientation angle, node 1, rad
        110    1.653E-02,  9.998E-01,  7.507E-03         F               0         Blade root 1 Y orientation angle, node 1, rad
        111    2.295E-01, -1.110E-02,  9.732E-01         F               0         Blade root 1 Z orientation angle, node 1, rad
        112    9.667E-01,  3.042E-02, -2.540E-01         F               0         Blade root 2 X orientation angle, node 1, rad
        113    2.337E-01, -5.088E-01,  8.285E-01         F               0         Blade root 2 Y orientation angle, node 1, rad
        114   -1.041E-01, -8.603E-01, -4.990E-01         F               0         Blade root 2 Z orientation angle, node 1, rad
        115    9.785E-01,  2.985E-02, -2.040E-01         F               0         Blade root 3 X orientation angle, node 1, rad
        116   -1.636E-01, -4.896E-01, -8.564E-01         F               0         Blade root 3 Y orientation angle, node 1, rad
        117   -1.255E-01,  8.714E-01, -4.742E-01         F               0         Blade root 3 Z orientation angle, node 1, rad
        118    2.812E+01                                 F               0         Blade 1 X translation displacement, node 1, m
        119   -7.805E+00                                 F               0         Blade 1 Y translation displacement, node 1, m
        120   -2.564E-01                                 F               0         Blade 1 Z translation displacement, node 1, m
        121    2.829E+01                                 F               0         Blade 1 X translation displacement, node 2, m
        122   -7.820E+00                                 F               0         Blade 1 Y translation displacement, node 2, m
        123   -2.849E-01                                 F               0         Blade 1 Z translation displacement, node 2, m
        124    3.056E+01                                 F               0         Blade 1 X translation displacement, node 3, m
        125   -8.021E+00                                 F               0         Blade 1 Y translation displacement, node 3, m
        126   -6.712E-01                                 F               0         Blade 1 Z translation displacement, node 3, m
        127    3.104E+01                                 F               0         Blade 1 X translation displacement, node 4, m
        128   -8.064E+00                                 F               0         Blade 1 Y translation displacement, node 4, m
        129   -7.535E-01                                 F               0         Blade 1 Z translation displacement, node 4, m
        130    3.152E+01                                 F               0         Blade 1 X translation displacement, node 5, m
        131   -8.107E+00                                 F               0         Blade 1 Y translation displacement, node 5, m
        132   -8.358E-01                                 F               0         Blade 1 Z translation displacement, node 5, m
        133    3.201E+01                                 F               0         Blade 1 X translation displacement, node 6, m
        134   -8.150E+00                                 F               0         Blade 1 Y translation displacement, node 6, m
        135   -9.182E-01                                 F               0         Blade 1 Z translation displacement, node 6, m
        136    3.249E+01                                 F               0         Blade 1 X translation displacement, node 7, m
        137   -8.193E+00                                 F               0         Blade 1 Y translation displacement, node 7, m
        138   -1.000E+00                                 F               0         Blade 1 Z translation displacement, node 7, m
        139    3.297E+01                                 F               0         Blade 1 X translation displacement, node 8, m
        140   -8.236E+00                                 F               0         Blade 1 Y translation displacement, node 8, m
        141   -1.083E+00                                 F               0         Blade 1 Z translation displacement, node 8, m
        142    3.346E+01                                 F               0         Blade 1 X translation displacement, node 9, m
        143   -8.279E+00                                 F               0         Blade 1 Y translation displacement, node 9, m
        144   -1.165E+00                                 F               0         Blade 1 Z translation displacement, node 9, m
        145    3.394E+01                                 F               0         Blade 1 X translation displacement, node 10, m
        146   -8.322E+00                                 F               0         Blade 1 Y translation displacement, node 10, m
        147   -1.247E+00                                 F               0         Blade 1 Z translation displacement, node 10, m
        148    3.443E+01                                 F               0         Blade 1 X translation displacement, node 11, m
        149   -8.365E+00                                 F               0         Blade 1 Y translation displacement, node 11, m
        150   -1.330E+00                                 F               0         Blade 1 Z translation displacement, node 11, m
        151    3.491E+01                                 F               0         Blade 1 X translation displacement, node 12, m
        152   -8.408E+00                                 F               0         Blade 1 Y translation displacement, node 12, m
        153   -1.412E+00                                 F               0         Blade 1 Z translation displacement, node 12, m
        154    3.539E+01                                 F               0         Blade 1 X translation displacement, node 13, m
        155   -8.451E+00                                 F               0         Blade 1 Y translation displacement, node 13, m
        156   -1.494E+00                                 F               0         Blade 1 Z translation displacement, node 13, m
        157    3.588E+01                                 F               0         Blade 1 X translation displacement, node 14, m
        158   -8.493E+00                                 F               0         Blade 1 Y translation displacement, node 14, m
        159   -1.577E+00                                 F               0         Blade 1 Z translation displacement, node 14, m
        160    3.636E+01                                 F               0         Blade 1 X translation displacement, node 15, m
        161   -8.536E+00                                 F               0         Blade 1 Y translation displacement, node 15, m
        162   -1.659E+00                                 F               0         Blade 1 Z translation displacement, node 15, m
        163    3.684E+01                                 F               0         Blade 1 X translation displacement, node 16, m
        164   -8.579E+00                                 F               0         Blade 1 Y translation displacement, node 16, m
        165   -1.741E+00                                 F               0         Blade 1 Z translation displacement, node 16, m
        166    3.733E+01                                 F               0         Blade 1 X translation displacement, node 17, m
        167   -8.622E+00                                 F               0         Blade 1 Y translation displacement, node 17, m
        168   -1.824E+00                                 F               0         Blade 1 Z translation displacement, node 17, m
        169    3.781E+01                                 F               0         Blade 1 X translation displacement, node 18, m
        170   -8.665E+00                                 F               0         Blade 1 Y translation displacement, node 18, m
        171   -1.906E+00                                 F               0         Blade 1 Z translation displacement, node 18, m
        172    3.829E+01                                 F               0         Blade 1 X translation displacement, node 19, m
        173   -8.708E+00                                 F               0         Blade 1 Y translation displacement, node 19, m
        174   -1.988E+00                                 F               0         Blade 1 Z translation displacement, node 19, m
        175    3.878E+01                                 F               0         Blade 1 X translation displacement, node 20, m
        176   -8.751E+00                                 F               0         Blade 1 Y translation displacement, node 20, m
        177   -2.071E+00                                 F               0         Blade 1 Z translation displacement, node 20, m
        178    3.926E+01                                 F               0         Blade 1 X translation displacement, node 21, m
        179   -8.794E+00                                 F               0         Blade 1 Y translation displacement, node 21, m
        180   -2.153E+00                                 F               0         Blade 1 Z translation displacement, node 21, m
        181    3.974E+01                                 F               0         Blade 1 X translation displacement, node 22, m
        182   -8.837E+00                                 F               0         Blade 1 Y translation displacement, node 22, m
        183   -2.235E+00                                 F               0         Blade 1 Z translation displacement, node 22, m
        184    4.023E+01                                 F               0         Blade 1 X translation displacement, node 23, m
        185   -8.880E+00                                 F               0         Blade 1 Y translation displacement, node 23, m
        186   -2.318E+00                                 F               0         Blade 1 Z translation displacement, node 23, m
        187    4.071E+01                                 F               0         Blade 1 X translation displacement, node 24, m
        188   -8.923E+00                                 F               0         Blade 1 Y translation displacement, node 24, m
        189   -2.400E+00                                 F               0         Blade 1 Z translation displacement, node 24, m
        190    4.119E+01                                 F               0         Blade 1 X translation displacement, node 25, m
        191   -8.966E+00                                 F               0         Blade 1 Y translation displacement, node 25, m
        192   -2.482E+00                                 F               0         Blade 1 Z translation displacement, node 25, m
        193    4.168E+01                                 F               0         Blade 1 X translation displacement, node 26, m
        194   -9.009E+00                                 F               0         Blade 1 Y translation displacement, node 26, m
        195   -2.565E+00                                 F               0         Blade 1 Z translation displacement, node 26, m
        196    4.216E+01                                 F               0         Blade 1 X translation displacement, node 27, m
        197   -9.052E+00                                 F               0         Blade 1 Y translation displacement, node 27, m
        198   -2.647E+00                                 F               0         Blade 1 Z translation displacement, node 27, m
        199    4.257E+01                                 F               0         Blade 1 X translation displacement, node 28, m
        200   -9.088E+00                                 F               0         Blade 1 Y translation displacement, node 28, m
        201   -2.717E+00                                 F               0         Blade 1 Z translation displacement, node 28, m
        202    8.586E-01, -4.687E-01, -2.078E-01         F               0         Blade 1 X orientation angle, node 1, rad
        203    4.585E-01,  8.833E-01, -9.805E-02         F               0         Blade 1 Y orientation angle, node 1, rad
        204    2.295E-01, -1.110E-02,  9.732E-01         F               0         Blade 1 Z orientation angle, node 1, rad
        205    8.586E-01, -4.687E-01, -2.078E-01         F               0         Blade 1 X orientation angle, node 2, rad
        206    4.585E-01,  8.833E-01, -9.805E-02         F               0         Blade 1 Y orientation angle, node 2, rad
        207    2.295E-01, -1.110E-02,  9.732E-01         F               0         Blade 1 Z orientation angle, node 2, rad
        208    9.428E-01, -2.460E-01, -2.251E-01         F               0         Blade 1 X orientation angle, node 3, rad
        209    2.419E-01,  9.692E-01, -4.600E-02         F               0         Blade 1 Y orientation angle, node 3, rad
        210    2.295E-01, -1.110E-02,  9.732E-01         F               0         Blade 1 Z orientation angle, node 3, rad
        211    9.521E-01, -2.049E-01, -2.269E-01         F               0         Blade 1 X orientation angle, node 4, rad
        212    2.019E-01,  9.787E-01, -3.646E-02         F               0         Blade 1 Y orientation angle, node 4, rad
        213    2.295E-01, -1.110E-02,  9.732E-01         F               0         Blade 1 Z orientation angle, node 4, rad
        214    9.583E-01, -1.723E-01, -2.280E-01         F               0         Blade 1 X orientation angle, node 5, rad
        215    1.702E-01,  9.850E-01, -2.891E-02         F               0         Blade 1 Y orientation angle, node 5, rad
        216    2.295E-01, -1.110E-02,  9.732E-01         F               0         Blade 1 Z orientation angle, node 5, rad
        217    9.625E-01, -1.461E-01, -2.287E-01         F               0         Blade 1 X orientation angle, node 6, rad
        218    1.448E-01,  9.892E-01, -2.286E-02         F               0         Blade 1 Y orientation angle, node 6, rad
        219    2.295E-01, -1.110E-02,  9.732E-01         F               0         Blade 1 Z orientation angle, node 6, rad
        220    9.654E-01, -1.245E-01, -2.291E-01         F               0         Blade 1 X orientation angle, node 7, rad
        221    1.237E-01,  9.922E-01, -1.786E-02         F               0         Blade 1 Y orientation angle, node 7, rad
        222    2.295E-01, -1.110E-02,  9.732E-01         F               0         Blade 1 Z orientation angle, node 7, rad
        223    9.675E-01, -1.065E-01, -2.294E-01         F               0         Blade 1 X orientation angle, node 8, rad
        224    1.062E-01,  9.943E-01, -1.370E-02         F               0         Blade 1 Y orientation angle, node 8, rad
        225    2.295E-01, -1.110E-02,  9.732E-01         F               0         Blade 1 Z orientation angle, node 8, rad
        226    9.690E-01, -9.120E-02, -2.296E-01         F               0         Blade 1 X orientation angle, node 9, rad
        227    9.131E-02,  9.958E-01, -1.018E-02         F               0         Blade 1 Y orientation angle, node 9, rad
        228    2.295E-01, -1.110E-02,  9.732E-01         F               0         Blade 1 Z orientation angle, node 9, rad
        229    9.701E-01, -7.798E-02, -2.297E-01         F               0         Blade 1 X orientation angle, node 10, rad
        230    7.845E-02,  9.969E-01, -7.130E-03         F               0         Blade 1 Y orientation angle, node 10, rad
        231    2.295E-01, -1.110E-02,  9.732E-01         F               0         Blade 1 Z orientation angle, node 10, rad
        232    9.710E-01, -6.667E-02, -2.298E-01         F               0         Blade 1 X orientation angle, node 11, rad
        233    6.744E-02,  9.977E-01, -4.524E-03         F               0         Blade 1 Y orientation angle, node 11, rad
        234    2.295E-01, -1.110E-02,  9.732E-01         F               0         Blade 1 Z orientation angle, node 11, rad
        235    9.716E-01, -5.674E-02, -2.298E-01         F               0         Blade 1 X orientation angle, node 12, rad
        236    5.777E-02,  9.983E-01, -2.238E-03         F               0         Blade 1 Y orientation angle, node 12, rad
        237    2.295E-01, -1.110E-02,  9.732E-01         F               0         Blade 1 Z orientation angle, node 12, rad
        238    9.721E-01, -4.803E-02, -2.298E-01         F               0         Blade 1 X orientation angle, node 13, rad
        239    4.929E-02,  9.988E-01, -2.323E-04         F               0         Blade 1 Y orientation angle, node 13, rad
        240    2.295E-01, -1.110E-02,  9.732E-01         F               0         Blade 1 Z orientation angle, node 13, rad
        241    9.724E-01, -4.018E-02, -2.298E-01         F               0         Blade 1 X orientation angle, node 14, rad
        242    4.166E-02,  9.991E-01,  1.573E-03         F               0         Blade 1 Y orientation angle, node 14, rad
        243    2.295E-01, -1.110E-02,  9.732E-01         F               0         Blade 1 Z orientation angle, node 14, rad
        244    9.727E-01, -3.320E-02, -2.298E-01         F               0         Blade 1 X orientation angle, node 15, rad
        245    3.487E-02,  9.994E-01,  3.177E-03         F               0         Blade 1 Y orientation angle, node 15, rad
        246    2.295E-01, -1.110E-02,  9.732E-01         F               0         Blade 1 Z orientation angle, node 15, rad
        247    9.729E-01, -2.692E-02, -2.298E-01         F               0         Blade 1 X orientation angle, node 16, rad
        248    2.875E-02,  9.996E-01,  4.620E-03         F               0         Blade 1 Y orientation angle, node 16, rad
        249    2.295E-01, -1.110E-02,  9.732E-01         F               0         Blade 1 Z orientation angle, node 16, rad
        250    9.730E-01, -2.134E-02, -2.297E-01         F               0         Blade 1 X orientation angle, node 17, rad
        251    2.332E-02,  9.997E-01,  5.903E-03         F               0         Blade 1 Y orientation angle, node 17, rad
        252    2.295E-01, -1.110E-02,  9.732E-01         F               0         Blade 1 Z orientation angle, node 17, rad
        253    9.731E-01, -1.611E-02, -2.297E-01         F               0         Blade 1 X orientation angle, node 18, rad
        254    1.823E-02,  9.998E-01,  7.106E-03         F               0         Blade 1 Y orientation angle, node 18, rad
        255    2.295E-01, -1.110E-02,  9.732E-01         F               0         Blade 1 Z orientation angle, node 18, rad
        256    9.732E-01, -1.139E-02, -2.297E-01         F               0         Blade 1 X orientation angle, node 19, rad
        257    1.364E-02,  9.999E-01,  8.189E-03         F               0         Blade 1 Y orientation angle, node 19, rad
        258    2.295E-01, -1.110E-02,  9.732E-01         F               0         Blade 1 Z orientation angle, node 19, rad
        259    9.733E-01, -7.206E-03, -2.296E-01         F               0         Blade 1 X orientation angle, node 20, rad
        260    9.562E-03,  9.999E-01,  9.150E-03         F               0         Blade 1 Y orientation angle, node 20, rad
        261    2.295E-01, -1.110E-02,  9.732E-01         F               0         Blade 1 Z orientation angle, node 20, rad
        262    9.733E-01, -3.192E-03, -2.296E-01         F               0         Blade 1 X orientation angle, node 21, rad
        263    5.655E-03,  9.999E-01,  1.007E-02         F               0         Blade 1 Y orientation angle, node 21, rad
        264    2.295E-01, -1.110E-02,  9.732E-01         F               0         Blade 1 Z orientation angle, node 21, rad
        265    9.733E-01,  4.727E-04, -2.295E-01         F               0         Blade 1 X orientation angle, node 22, rad
        266    2.088E-03,  9.999E-01,  1.091E-02         F               0         Blade 1 Y orientation angle, node 22, rad
        267    2.295E-01, -1.110E-02,  9.732E-01         F               0         Blade 1 Z orientation angle, node 22, rad
        268    9.733E-01,  3.789E-03, -2.295E-01         F               0         Blade 1 X orientation angle, node 23, rad
        269   -1.139E-03,  9.999E-01,  1.167E-02         F               0         Blade 1 Y orientation angle, node 23, rad
        270    2.295E-01, -1.110E-02,  9.732E-01         F               0         Blade 1 Z orientation angle, node 23, rad
        271    9.733E-01,  6.930E-03, -2.295E-01         F               0         Blade 1 X orientation angle, node 24, rad
        272   -4.197E-03,  9.999E-01,  1.240E-02         F               0         Blade 1 Y orientation angle, node 24, rad
        273    2.295E-01, -1.110E-02,  9.732E-01         F               0         Blade 1 Z orientation angle, node 24, rad
        274    9.733E-01,  9.897E-03, -2.294E-01         F               0         Blade 1 X orientation angle, node 25, rad
        275   -7.085E-03,  9.999E-01,  1.308E-02         F               0         Blade 1 Y orientation angle, node 25, rad
        276    2.295E-01, -1.110E-02,  9.732E-01         F               0         Blade 1 Z orientation angle, node 25, rad
        277    9.733E-01,  1.251E-02, -2.294E-01         F               0         Blade 1 X orientation angle, node 26, rad
        278   -9.633E-03,  9.999E-01,  1.368E-02         F               0         Blade 1 Y orientation angle, node 26, rad
        279    2.295E-01, -1.110E-02,  9.732E-01         F               0         Blade 1 Z orientation angle, node 26, rad
        280    9.732E-01,  1.513E-02, -2.294E-01         F               0         Blade 1 X orientation angle, node 27, rad
        281   -1.218E-02,  9.998E-01,  1.428E-02         F               0         Blade 1 Y orientation angle, node 27, rad
        282    2.295E-01, -1.110E-02,  9.732E-01         F               0         Blade 1 Z orientation angle, node 27, rad
        283    9.732E-01,  1.653E-02, -2.293E-01         F               0         Blade 1 X orientation angle, node 28, rad
        284   -1.354E-02,  9.998E-01,  1.460E-02         F               0         Blade 1 Y orientation angle, node 28, rad
        285    2.295E-01, -1.110E-02,  9.732E-01         F               0         Blade 1 Z orientation angle, node 28, rad
        286    5.349E-02                                 F               0         Blade 1 X translation velocity, node 1, m/s
        287   -4.883E+00                                 F               0         Blade 1 Y translation velocity, node 1, m/s
        288   -6.938E-02                                 F               0         Blade 1 Z translation velocity, node 1, m/s
        289    6.795E-02                                 F               0         Blade 1 X translation velocity, node 2, m/s
        290   -6.054E+00                                 F               0         Blade 1 Y translation velocity, node 2, m/s
        291   -8.615E-02                                 F               0         Blade 1 Z translation velocity, node 2, m/s
        292    2.646E-01                                 F               0         Blade 1 X translation velocity, node 3, m/s
        293   -2.197E+01                                 F               0         Blade 1 Y translation velocity, node 3, m/s
        294   -3.141E-01                                 F               0         Blade 1 Z translation velocity, node 3, m/s
        295    3.065E-01                                 F               0         Blade 1 X translation velocity, node 4, m/s
        296   -2.536E+01                                 F               0         Blade 1 Y translation velocity, node 4, m/s
        297   -3.627E-01                                 F               0         Blade 1 Z translation velocity, node 4, m/s
        298    3.484E-01                                 F               0         Blade 1 X translation velocity, node 5, m/s
        299   -2.876E+01                                 F               0         Blade 1 Y translation velocity, node 5, m/s
        300   -4.112E-01                                 F               0         Blade 1 Z translation velocity, node 5, m/s
        301    3.903E-01                                 F               0         Blade 1 X translation velocity, node 6, m/s
        302   -3.215E+01                                 F               0         Blade 1 Y translation velocity, node 6, m/s
        303   -4.598E-01                                 F               0         Blade 1 Z translation velocity, node 6, m/s
        304    4.321E-01                                 F               0         Blade 1 X translation velocity, node 7, m/s
        305   -3.554E+01                                 F               0         Blade 1 Y translation velocity, node 7, m/s
        306   -5.084E-01                                 F               0         Blade 1 Z translation velocity, node 7, m/s
        307    4.740E-01                                 F               0         Blade 1 X translation velocity, node 8, m/s
