
Linearized model: Predictions were generated on 06-Feb-2024 at 10:15:48 using OpenFAST, compiled as a 64-bit application using single precision at commit v3.5.1
 linked with  NWTC Subroutine Library; ElastoDyn; InflowWind; AeroDyn; ServoDyn; HydroDyn; MAP++ (<1.20.10>, <Oct-20-2023>)

Description from the FAST input file: CCT-9 Campign 4 model. Input files to be run with OpenFAST 3.5.0. GitHub branch from Lu Wang (https://github.com/luwang00/openfast/tree/dev) compiled on March 7, 2023.

Simulation information:
   Simulation time:                  1000.7500 s
   Rotor Speed:                         1.0389 rad/s
   Azimuth:                             1.8291 rad
   Wind Speed:                         12.0000 m/s
   Number of continuous states:         0
   Number of discrete states:           0
   Number of constraint states:         0
   Number of inputs:                 1746
   Number of outputs:                   4
   Jacobians included in this file?    No

Order of inputs:
     Column   Operating Point                     Rotating Frame? Derivative Order Description
   ---------- ---------------                     --------------- ---------------- -----------
          1    1.515E+01                                 F               0         Tower X translation displacement, node 1, m
          2   -1.022E+00                                 F               0         Tower Y translation displacement, node 1, m
          3   -4.986E-01                                 F               0         Tower Z translation displacement, node 1, m
          4    1.708E+01                                 F               0         Tower X translation displacement, node 2, m
          5   -1.566E+00                                 F               0         Tower Y translation displacement, node 2, m
          6   -6.629E-01                                 F               0         Tower Z translation displacement, node 2, m
          7    1.905E+01                                 F               0         Tower X translation displacement, node 3, m
          8   -2.114E+00                                 F               0         Tower Y translation displacement, node 3, m
          9   -8.328E-01                                 F               0         Tower Z translation displacement, node 3, m
         10    2.104E+01                                 F               0         Tower X translation displacement, node 4, m
         11   -2.666E+00                                 F               0         Tower Y translation displacement, node 4, m
         12   -1.007E+00                                 F               0         Tower Z translation displacement, node 4, m
         13    2.306E+01                                 F               0         Tower X translation displacement, node 5, m
         14   -3.222E+00                                 F               0         Tower Y translation displacement, node 5, m
         15   -1.185E+00                                 F               0         Tower Z translation displacement, node 5, m
         16    2.509E+01                                 F               0         Tower X translation displacement, node 6, m
         17   -3.780E+00                                 F               0         Tower Y translation displacement, node 6, m
         18   -1.367E+00                                 F               0         Tower Z translation displacement, node 6, m
         19    2.714E+01                                 F               0         Tower X translation displacement, node 7, m
         20   -4.341E+00                                 F               0         Tower Y translation displacement, node 7, m
         21   -1.551E+00                                 F               0         Tower Z translation displacement, node 7, m
         22    2.920E+01                                 F               0         Tower X translation displacement, node 8, m
         23   -4.904E+00                                 F               0         Tower Y translation displacement, node 8, m
         24   -1.736E+00                                 F               0         Tower Z translation displacement, node 8, m
         25    3.127E+01                                 F               0         Tower X translation displacement, node 9, m
         26   -5.468E+00                                 F               0         Tower Y translation displacement, node 9, m
         27   -1.924E+00                                 F               0         Tower Z translation displacement, node 9, m
         28    3.334E+01                                 F               0         Tower X translation displacement, node 10, m
         29   -6.033E+00                                 F               0         Tower Y translation displacement, node 10, m
         30   -2.112E+00                                 F               0         Tower Z translation displacement, node 10, m
         31    3.541E+01                                 F               0         Tower X translation displacement, node 11, m
         32   -6.599E+00                                 F               0         Tower Y translation displacement, node 11, m
         33   -2.301E+00                                 F               0         Tower Z translation displacement, node 11, m
         34    9.878E-01,  1.435E-02, -1.549E-01         F               0         Tower X orientation angle, node 1, rad
         35   -7.382E-03,  9.989E-01,  4.550E-02         F               0         Tower Y orientation angle, node 1, rad
         36    1.553E-01, -4.381E-02,  9.869E-01         F               0         Tower Z orientation angle, node 1, rad
         37    9.874E-01,  1.447E-02, -1.575E-01         F               0         Tower X orientation angle, node 2, rad
         38   -7.317E-03,  9.989E-01,  4.592E-02         F               0         Tower Y orientation angle, node 2, rad
         39    1.580E-01, -4.419E-02,  9.865E-01         F               0         Tower Z orientation angle, node 2, rad
         40    9.870E-01,  1.457E-02, -1.598E-01         F               0         Tower X orientation angle, node 3, rad
         41   -7.257E-03,  9.989E-01,  4.629E-02         F               0         Tower Y orientation angle, node 3, rad
         42    1.603E-01, -4.453E-02,  9.861E-01         F               0         Tower Z orientation angle, node 3, rad
         43    9.867E-01,  1.466E-02, -1.617E-01         F               0         Tower X orientation angle, node 4, rad
         44   -7.204E-03,  9.989E-01,  4.661E-02         F               0         Tower Y orientation angle, node 4, rad
         45    1.622E-01, -4.483E-02,  9.857E-01         F               0         Tower Z orientation angle, node 4, rad
         46    9.865E-01,  1.474E-02, -1.634E-01         F               0         Tower X orientation angle, node 5, rad
         47   -7.158E-03,  9.989E-01,  4.689E-02         F               0         Tower Y orientation angle, node 5, rad
         48    1.639E-01, -4.509E-02,  9.855E-01         F               0         Tower Z orientation angle, node 5, rad
         49    9.862E-01,  1.480E-02, -1.647E-01         F               0         Tower X orientation angle, node 6, rad
         50   -7.119E-03,  9.989E-01,  4.713E-02         F               0         Tower Y orientation angle, node 6, rad
         51    1.652E-01, -4.530E-02,  9.852E-01         F               0         Tower Z orientation angle, node 6, rad
         52    9.861E-01,  1.485E-02, -1.657E-01         F               0         Tower X orientation angle, node 7, rad
         53   -7.088E-03,  9.989E-01,  4.731E-02         F               0         Tower Y orientation angle, node 7, rad
         54    1.662E-01, -4.548E-02,  9.850E-01         F               0         Tower Z orientation angle, node 7, rad
         55    9.859E-01,  1.488E-02, -1.665E-01         F               0         Tower X orientation angle, node 8, rad
         56   -7.063E-03,  9.988E-01,  4.746E-02         F               0         Tower Y orientation angle, node 8, rad
         57    1.670E-01, -4.561E-02,  9.849E-01         F               0         Tower Z orientation angle, node 8, rad
         58    9.858E-01,  1.491E-02, -1.670E-01         F               0         Tower X orientation angle, node 9, rad
         59   -7.045E-03,  9.988E-01,  4.756E-02         F               0         Tower Y orientation angle, node 9, rad
         60    1.676E-01, -4.571E-02,  9.848E-01         F               0         Tower Z orientation angle, node 9, rad
         61    9.858E-01,  1.492E-02, -1.674E-01         F               0         Tower X orientation angle, node 10, rad
         62   -7.033E-03,  9.988E-01,  4.763E-02         F               0         Tower Y orientation angle, node 10, rad
         63    1.679E-01, -4.578E-02,  9.847E-01         F               0         Tower Z orientation angle, node 10, rad
         64    9.857E-01,  1.493E-02, -1.676E-01         F               0         Tower X orientation angle, node 11, rad
         65   -7.027E-03,  9.988E-01,  4.767E-02         F               0         Tower Y orientation angle, node 11, rad
         66    1.681E-01, -4.582E-02,  9.847E-01         F               0         Tower Z orientation angle, node 11, rad
         67   -2.273E-03                                 F               0         Tower X translation velocity, node 1, m/s
         68   -3.673E-02                                 F               0         Tower Y translation velocity, node 1, m/s
         69   -4.609E-03                                 F               0         Tower Z translation velocity, node 1, m/s
         70   -2.846E-03                                 F               0         Tower X translation velocity, node 2, m/s
         71   -6.219E-02                                 F               0         Tower Y translation velocity, node 2, m/s
         72   -5.653E-03                                 F               0         Tower Z translation velocity, node 2, m/s
         73   -3.374E-03                                 F               0         Tower X translation velocity, node 3, m/s
         74   -8.806E-02                                 F               0         Tower Y translation velocity, node 3, m/s
         75   -6.732E-03                                 F               0         Tower Z translation velocity, node 3, m/s
         76   -3.872E-03                                 F               0         Tower X translation velocity, node 4, m/s
         77   -1.143E-01                                 F               0         Tower Y translation velocity, node 4, m/s
         78   -7.838E-03                                 F               0         Tower Z translation velocity, node 4, m/s
         79   -4.348E-03                                 F               0         Tower X translation velocity, node 5, m/s
         80   -1.408E-01                                 F               0         Tower Y translation velocity, node 5, m/s
         81   -8.968E-03                                 F               0         Tower Z translation velocity, node 5, m/s
         82   -4.811E-03                                 F               0         Tower X translation velocity, node 6, m/s
         83   -1.675E-01                                 F               0         Tower Y translation velocity, node 6, m/s
         84   -1.012E-02                                 F               0         Tower Z translation velocity, node 6, m/s
         85   -5.269E-03                                 F               0         Tower X translation velocity, node 7, m/s
         86   -1.944E-01                                 F               0         Tower Y translation velocity, node 7, m/s
         87   -1.128E-02                                 F               0         Tower Z translation velocity, node 7, m/s
         88   -5.725E-03                                 F               0         Tower X translation velocity, node 8, m/s
         89   -2.215E-01                                 F               0         Tower Y translation velocity, node 8, m/s
         90   -1.246E-02                                 F               0         Tower Z translation velocity, node 8, m/s
         91   -6.182E-03                                 F               0         Tower X translation velocity, node 9, m/s
         92   -2.487E-01                                 F               0         Tower Y translation velocity, node 9, m/s
         93   -1.364E-02                                 F               0         Tower Z translation velocity, node 9, m/s
         94   -6.643E-03                                 F               0         Tower X translation velocity, node 10, m/s
         95   -2.760E-01                                 F               0         Tower Y translation velocity, node 10, m/s
         96   -1.483E-02                                 F               0         Tower Z translation velocity, node 10, m/s
         97   -7.107E-03                                 F               0         Tower X translation velocity, node 11, m/s
         98   -3.034E-01                                 F               0         Tower Y translation velocity, node 11, m/s
         99   -1.603E-02                                 F               0         Tower Z translation velocity, node 11, m/s
        100    3.689E+01                                 F               0         Hub X translation displacement, node 1, m
        101   -7.120E+00                                 F               0         Hub Y translation displacement, node 1, m
        102   -6.110E-01                                 F               0         Hub Z translation displacement, node 1, m
        103    9.628E-01,  1.964E-02, -2.696E-01         F               0         Hub X orientation angle, node 1, rad
        104    2.630E-01, -2.977E-01,  9.177E-01         F               0         Hub Y orientation angle, node 1, rad
        105   -6.223E-02, -9.545E-01, -2.918E-01         F               0         Hub Z orientation angle, node 1, rad
        106    1.002E+00                                 F               0         Hub X rotation velocity, node 1, rad/s
        107    2.039E-02                                 F               0         Hub Y rotation velocity, node 1, rad/s
        108   -2.807E-01                                 F               0         Hub Z rotation velocity, node 1, rad/s
        109    9.546E-01,  2.846E-02, -2.967E-01         F               0         Blade root 1 X orientation angle, node 1, rad
        110    2.915E-01, -2.970E-01,  9.093E-01         F               0         Blade root 1 Y orientation angle, node 1, rad
        111   -6.223E-02, -9.545E-01, -2.918E-01         F               0         Blade root 1 Z orientation angle, node 1, rad
        112    9.679E-01,  3.974E-02, -2.483E-01         F               0         Blade root 2 X orientation angle, node 1, rad
        113   -1.568E-01, -6.768E-01, -7.192E-01         F               0         Blade root 2 Y orientation angle, node 1, rad
        114   -1.967E-01,  7.351E-01, -6.489E-01         F               0         Blade root 2 Z orientation angle, node 1, rad
        115    9.647E-01, -9.307E-03, -2.633E-01         F               0         Blade root 3 X orientation angle, node 1, rad
        116   -4.902E-02,  9.756E-01, -2.141E-01         F               0         Blade root 3 Y orientation angle, node 1, rad
        117    2.589E-01,  2.194E-01,  9.407E-01         F               0         Blade root 3 Z orientation angle, node 1, rad
        118    3.596E+01                                 F               0         Blade 1 X translation displacement, node 1, m
        119   -1.241E+01                                 F               0         Blade 1 Y translation displacement, node 1, m
        120   -7.737E+00                                 F               0         Blade 1 Z translation displacement, node 1, m
        121    3.574E+01                                 F               0         Blade 1 X translation displacement, node 2, m
        122   -1.368E+01                                 F               0         Blade 1 Y translation displacement, node 2, m
        123   -9.454E+00                                 F               0         Blade 1 Z translation displacement, node 2, m
        124    3.271E+01                                 F               0         Blade 1 X translation displacement, node 3, m
        125   -3.101E+01                                 F               0         Blade 1 Y translation displacement, node 3, m
        126   -3.280E+01                                 F               0         Blade 1 Z translation displacement, node 3, m
        127    3.207E+01                                 F               0         Blade 1 X translation displacement, node 4, m
        128   -3.470E+01                                 F               0         Blade 1 Y translation displacement, node 4, m
        129   -3.778E+01                                 F               0         Blade 1 Z translation displacement, node 4, m
        130    3.142E+01                                 F               0         Blade 1 X translation displacement, node 5, m
        131   -3.839E+01                                 F               0         Blade 1 Y translation displacement, node 5, m
        132   -4.275E+01                                 F               0         Blade 1 Z translation displacement, node 5, m
        133    3.078E+01                                 F               0         Blade 1 X translation displacement, node 6, m
        134   -4.208E+01                                 F               0         Blade 1 Y translation displacement, node 6, m
        135   -4.773E+01                                 F               0         Blade 1 Z translation displacement, node 6, m
        136    3.013E+01                                 F               0         Blade 1 X translation displacement, node 7, m
        137   -4.577E+01                                 F               0         Blade 1 Y translation displacement, node 7, m
        138   -5.270E+01                                 F               0         Blade 1 Z translation displacement, node 7, m
        139    2.949E+01                                 F               0         Blade 1 X translation displacement, node 8, m
        140   -4.947E+01                                 F               0         Blade 1 Y translation displacement, node 8, m
        141   -5.768E+01                                 F               0         Blade 1 Z translation displacement, node 8, m
        142    2.884E+01                                 F               0         Blade 1 X translation displacement, node 9, m
        143   -5.316E+01                                 F               0         Blade 1 Y translation displacement, node 9, m
        144   -6.266E+01                                 F               0         Blade 1 Z translation displacement, node 9, m
        145    2.820E+01                                 F               0         Blade 1 X translation displacement, node 10, m
        146   -5.685E+01                                 F               0         Blade 1 Y translation displacement, node 10, m
        147   -6.763E+01                                 F               0         Blade 1 Z translation displacement, node 10, m
        148    2.755E+01                                 F               0         Blade 1 X translation displacement, node 11, m
        149   -6.054E+01                                 F               0         Blade 1 Y translation displacement, node 11, m
        150   -7.260E+01                                 F               0         Blade 1 Z translation displacement, node 11, m
        151    2.691E+01                                 F               0         Blade 1 X translation displacement, node 12, m
        152   -6.423E+01                                 F               0         Blade 1 Y translation displacement, node 12, m
        153   -7.758E+01                                 F               0         Blade 1 Z translation displacement, node 12, m
        154    2.626E+01                                 F               0         Blade 1 X translation displacement, node 13, m
        155   -6.792E+01                                 F               0         Blade 1 Y translation displacement, node 13, m
        156   -8.256E+01                                 F               0         Blade 1 Z translation displacement, node 13, m
        157    2.562E+01                                 F               0         Blade 1 X translation displacement, node 14, m
        158   -7.161E+01                                 F               0         Blade 1 Y translation displacement, node 14, m
        159   -8.753E+01                                 F               0         Blade 1 Z translation displacement, node 14, m
        160    2.497E+01                                 F               0         Blade 1 X translation displacement, node 15, m
        161   -7.531E+01                                 F               0         Blade 1 Y translation displacement, node 15, m
        162   -9.251E+01                                 F               0         Blade 1 Z translation displacement, node 15, m
        163    2.433E+01                                 F               0         Blade 1 X translation displacement, node 16, m
        164   -7.900E+01                                 F               0         Blade 1 Y translation displacement, node 16, m
        165   -9.748E+01                                 F               0         Blade 1 Z translation displacement, node 16, m
        166    2.368E+01                                 F               0         Blade 1 X translation displacement, node 17, m
        167   -8.269E+01                                 F               0         Blade 1 Y translation displacement, node 17, m
        168   -1.025E+02                                 F               0         Blade 1 Z translation displacement, node 17, m
        169    2.304E+01                                 F               0         Blade 1 X translation displacement, node 18, m
        170   -8.638E+01                                 F               0         Blade 1 Y translation displacement, node 18, m
        171   -1.074E+02                                 F               0         Blade 1 Z translation displacement, node 18, m
        172    2.239E+01                                 F               0         Blade 1 X translation displacement, node 19, m
        173   -9.007E+01                                 F               0         Blade 1 Y translation displacement, node 19, m
        174   -1.124E+02                                 F               0         Blade 1 Z translation displacement, node 19, m
        175    2.175E+01                                 F               0         Blade 1 X translation displacement, node 20, m
        176   -9.376E+01                                 F               0         Blade 1 Y translation displacement, node 20, m
        177   -1.174E+02                                 F               0         Blade 1 Z translation displacement, node 20, m
        178    2.110E+01                                 F               0         Blade 1 X translation displacement, node 21, m
        179   -9.746E+01                                 F               0         Blade 1 Y translation displacement, node 21, m
        180   -1.224E+02                                 F               0         Blade 1 Z translation displacement, node 21, m
        181    2.046E+01                                 F               0         Blade 1 X translation displacement, node 22, m
        182   -1.011E+02                                 F               0         Blade 1 Y translation displacement, node 22, m
        183   -1.273E+02                                 F               0         Blade 1 Z translation displacement, node 22, m
        184    1.981E+01                                 F               0         Blade 1 X translation displacement, node 23, m
        185   -1.048E+02                                 F               0         Blade 1 Y translation displacement, node 23, m
        186   -1.323E+02                                 F               0         Blade 1 Z translation displacement, node 23, m
        187    1.917E+01                                 F               0         Blade 1 X translation displacement, node 24, m
        188   -1.085E+02                                 F               0         Blade 1 Y translation displacement, node 24, m
        189   -1.373E+02                                 F               0         Blade 1 Z translation displacement, node 24, m
        190    1.852E+01                                 F               0         Blade 1 X translation displacement, node 25, m
        191   -1.122E+02                                 F               0         Blade 1 Y translation displacement, node 25, m
        192   -1.423E+02                                 F               0         Blade 1 Z translation displacement, node 25, m
        193    1.788E+01                                 F               0         Blade 1 X translation displacement, node 26, m
        194   -1.159E+02                                 F               0         Blade 1 Y translation displacement, node 26, m
        195   -1.472E+02                                 F               0         Blade 1 Z translation displacement, node 26, m
        196    1.723E+01                                 F               0         Blade 1 X translation displacement, node 27, m
        197   -1.196E+02                                 F               0         Blade 1 Y translation displacement, node 27, m
        198   -1.522E+02                                 F               0         Blade 1 Z translation displacement, node 27, m
        199    1.669E+01                                 F               0         Blade 1 X translation displacement, node 28, m
        200   -1.227E+02                                 F               0         Blade 1 Y translation displacement, node 28, m
        201   -1.564E+02                                 F               0         Blade 1 Z translation displacement, node 28, m
        202    7.166E-01,  1.608E-01, -6.787E-01         F               0         Blade 1 X orientation angle, node 1, rad
        203    6.947E-01, -2.513E-01,  6.740E-01         F               0         Blade 1 Y orientation angle, node 1, rad
        204   -6.223E-02, -9.545E-01, -2.918E-01         F               0         Blade 1 Z orientation angle, node 1, rad
        205    7.166E-01,  1.608E-01, -6.787E-01         F               0         Blade 1 X orientation angle, node 2, rad
        206    6.947E-01, -2.513E-01,  6.740E-01         F               0         Blade 1 Y orientation angle, node 2, rad
        207   -6.223E-02, -9.545E-01, -2.918E-01         F               0         Blade 1 Z orientation angle, node 2, rad
        208    8.608E-01,  9.662E-02, -4.996E-01         F               0         Blade 1 X orientation angle, node 3, rad
        209    5.051E-01, -2.823E-01,  8.156E-01         F               0         Blade 1 Y orientation angle, node 3, rad
        210   -6.223E-02, -9.545E-01, -2.918E-01         F               0         Blade 1 Z orientation angle, node 3, rad
        211    8.814E-01,  8.461E-02, -4.647E-01         F               0         Blade 1 X orientation angle, node 4, rad
        212    4.683E-01, -2.861E-01,  8.360E-01         F               0         Blade 1 Y orientation angle, node 4, rad
        213   -6.223E-02, -9.545E-01, -2.918E-01         F               0         Blade 1 Z orientation angle, node 4, rad
        214    8.964E-01,  7.508E-02, -4.368E-01         F               0         Blade 1 X orientation angle, node 5, rad
        215    4.388E-01, -2.888E-01,  8.509E-01         F               0         Blade 1 Y orientation angle, node 5, rad
        216   -6.223E-02, -9.545E-01, -2.918E-01         F               0         Blade 1 Z orientation angle, node 5, rad
        217    9.078E-01,  6.739E-02, -4.140E-01         F               0         Blade 1 X orientation angle, node 6, rad
        218    4.148E-01, -2.907E-01,  8.622E-01         F               0         Blade 1 Y orientation angle, node 6, rad
        219   -6.223E-02, -9.545E-01, -2.918E-01         F               0         Blade 1 Z orientation angle, node 6, rad
        220    9.166E-01,  6.104E-02, -3.951E-01         F               0         Blade 1 X orientation angle, node 7, rad
        221    3.949E-01, -2.921E-01,  8.710E-01         F               0         Blade 1 Y orientation angle, node 7, rad
        222   -6.223E-02, -9.545E-01, -2.918E-01         F               0         Blade 1 Z orientation angle, node 7, rad
        223    9.236E-01,  5.572E-02, -3.793E-01         F               0         Blade 1 X orientation angle, node 8, rad
        224    3.782E-01, -2.931E-01,  8.781E-01         F               0         Blade 1 Y orientation angle, node 8, rad
        225   -6.223E-02, -9.545E-01, -2.918E-01         F               0         Blade 1 Z orientation angle, node 8, rad
        226    9.293E-01,  5.122E-02, -3.657E-01         F               0         Blade 1 X orientation angle, node 9, rad
        227    3.640E-01, -2.939E-01,  8.838E-01         F               0         Blade 1 Y orientation angle, node 9, rad
        228   -6.223E-02, -9.545E-01, -2.918E-01         F               0         Blade 1 Z orientation angle, node 9, rad
        229    9.341E-01,  4.731E-02, -3.540E-01         F               0         Blade 1 X orientation angle, node 10, rad
        230    3.517E-01, -2.946E-01,  8.886E-01         F               0         Blade 1 Y orientation angle, node 10, rad
        231   -6.223E-02, -9.545E-01, -2.918E-01         F               0         Blade 1 Z orientation angle, node 10, rad
        232    9.380E-01,  4.397E-02, -3.439E-01         F               0         Blade 1 X orientation angle, node 11, rad
        233    3.410E-01, -2.951E-01,  8.925E-01         F               0         Blade 1 Y orientation angle, node 11, rad
        234   -6.223E-02, -9.545E-01, -2.918E-01         F               0         Blade 1 Z orientation angle, node 11, rad
        235    9.413E-01,  4.103E-02, -3.350E-01         F               0         Blade 1 X orientation angle, node 12, rad
        236    3.317E-01, -2.955E-01,  8.959E-01         F               0         Blade 1 Y orientation angle, node 12, rad
        237   -6.223E-02, -9.545E-01, -2.918E-01         F               0         Blade 1 Z orientation angle, node 12, rad
        238    9.442E-01,  3.845E-02, -3.271E-01         F               0         Blade 1 X orientation angle, node 13, rad
        239    3.235E-01, -2.959E-01,  8.988E-01         F               0         Blade 1 Y orientation angle, node 13, rad
        240   -6.223E-02, -9.545E-01, -2.918E-01         F               0         Blade 1 Z orientation angle, node 13, rad
        241    9.467E-01,  3.612E-02, -3.201E-01         F               0         Blade 1 X orientation angle, node 14, rad
        242    3.160E-01, -2.962E-01,  9.013E-01         F               0         Blade 1 Y orientation angle, node 14, rad
        243   -6.223E-02, -9.545E-01, -2.918E-01         F               0         Blade 1 Z orientation angle, node 14, rad
        244    9.489E-01,  3.406E-02, -3.138E-01         F               0         Blade 1 X orientation angle, node 15, rad
        245    3.094E-01, -2.964E-01,  9.036E-01         F               0         Blade 1 Y orientation angle, node 15, rad
        246   -6.223E-02, -9.545E-01, -2.918E-01         F               0         Blade 1 Z orientation angle, node 15, rad
        247    9.508E-01,  3.219E-02, -3.081E-01         F               0         Blade 1 X orientation angle, node 16, rad
        248    3.034E-01, -2.966E-01,  9.055E-01         F               0         Blade 1 Y orientation angle, node 16, rad
        249   -6.223E-02, -9.545E-01, -2.918E-01         F               0         Blade 1 Z orientation angle, node 16, rad
        250    9.525E-01,  3.054E-02, -3.030E-01         F               0         Blade 1 X orientation angle, node 17, rad
        251    2.981E-01, -2.968E-01,  9.072E-01         F               0         Blade 1 Y orientation angle, node 17, rad
        252   -6.223E-02, -9.545E-01, -2.918E-01         F               0         Blade 1 Z orientation angle, node 17, rad
        253    9.540E-01,  2.898E-02, -2.983E-01         F               0         Blade 1 X orientation angle, node 18, rad
        254    2.931E-01, -2.970E-01,  9.088E-01         F               0         Blade 1 Y orientation angle, node 18, rad
        255   -6.223E-02, -9.545E-01, -2.918E-01         F               0         Blade 1 Z orientation angle, node 18, rad
        256    9.554E-01,  2.758E-02, -2.940E-01         F               0         Blade 1 X orientation angle, node 19, rad
        257    2.886E-01, -2.971E-01,  9.102E-01         F               0         Blade 1 Y orientation angle, node 19, rad
        258   -6.223E-02, -9.545E-01, -2.918E-01         F               0         Blade 1 Z orientation angle, node 19, rad
        259    9.566E-01,  2.634E-02, -2.902E-01         F               0         Blade 1 X orientation angle, node 20, rad
        260    2.846E-01, -2.972E-01,  9.114E-01         F               0         Blade 1 Y orientation angle, node 20, rad
        261   -6.223E-02, -9.545E-01, -2.918E-01         F               0         Blade 1 Z orientation angle, node 20, rad
        262    9.577E-01,  2.514E-02, -2.865E-01         F               0         Blade 1 X orientation angle, node 21, rad
        263    2.808E-01, -2.973E-01,  9.126E-01         F               0         Blade 1 Y orientation angle, node 21, rad
        264   -6.223E-02, -9.545E-01, -2.918E-01         F               0         Blade 1 Z orientation angle, node 21, rad
        265    9.588E-01,  2.405E-02, -2.832E-01         F               0         Blade 1 X orientation angle, node 22, rad
        266    2.773E-01, -2.974E-01,  9.136E-01         F               0         Blade 1 Y orientation angle, node 22, rad
        267   -6.223E-02, -9.545E-01, -2.918E-01         F               0         Blade 1 Z orientation angle, node 22, rad
        268    9.597E-01,  2.307E-02, -2.801E-01         F               0         Blade 1 X orientation angle, node 23, rad
        269    2.741E-01, -2.975E-01,  9.145E-01         F               0         Blade 1 Y orientation angle, node 23, rad
        270   -6.223E-02, -9.545E-01, -2.918E-01         F               0         Blade 1 Z orientation angle, node 23, rad
        271    9.605E-01,  2.213E-02, -2.773E-01         F               0         Blade 1 X orientation angle, node 24, rad
        272    2.711E-01, -2.975E-01,  9.154E-01         F               0         Blade 1 Y orientation angle, node 24, rad
        273   -6.223E-02, -9.545E-01, -2.918E-01         F               0         Blade 1 Z orientation angle, node 24, rad
        274    9.613E-01,  2.125E-02, -2.745E-01         F               0         Blade 1 X orientation angle, node 25, rad
        275    2.682E-01, -2.976E-01,  9.162E-01         F               0         Blade 1 Y orientation angle, node 25, rad
        276   -6.223E-02, -9.545E-01, -2.918E-01         F               0         Blade 1 Z orientation angle, node 25, rad
        277    9.620E-01,  2.047E-02, -2.721E-01         F               0         Blade 1 X orientation angle, node 26, rad
        278    2.657E-01, -2.977E-01,  9.169E-01         F               0         Blade 1 Y orientation angle, node 26, rad
        279   -6.223E-02, -9.545E-01, -2.918E-01         F               0         Blade 1 Z orientation angle, node 26, rad
        280    9.627E-01,  1.969E-02, -2.697E-01         F               0         Blade 1 X orientation angle, node 27, rad
        281    2.632E-01, -2.977E-01,  9.177E-01         F               0         Blade 1 Y orientation angle, node 27, rad
        282   -6.223E-02, -9.545E-01, -2.918E-01         F               0         Blade 1 Z orientation angle, node 27, rad
        283    9.631E-01,  1.928E-02, -2.685E-01         F               0         Blade 1 X orientation angle, node 28, rad
        284    2.619E-01, -2.977E-01,  9.180E-01         F               0         Blade 1 Y orientation angle, node 28, rad
        285   -6.223E-02, -9.545E-01, -2.918E-01         F               0         Blade 1 Z orientation angle, node 28, rad
        286   -1.525E+00                                 F               0         Blade 1 X translation velocity, node 1, m/s
        287    1.399E+00                                 F               0         Blade 1 Y translation velocity, node 1, m/s
        288   -5.310E+00                                 F               0         Blade 1 Z translation velocity, node 1, m/s
        289   -1.890E+00                                 F               0         Blade 1 X translation velocity, node 2, m/s
        290    1.813E+00                                 F               0         Blade 1 Y translation velocity, node 2, m/s
        291   -6.586E+00                                 F               0         Blade 1 Z translation velocity, node 2, m/s
        292   -6.861E+00                                 F               0         Blade 1 X translation velocity, node 3, m/s
        293    7.439E+00                                 F               0         Blade 1 Y translation velocity, node 3, m/s
        294   -2.393E+01                                 F               0         Blade 1 Z translation velocity, node 3, m/s
        295   -7.920E+00                                 F               0         Blade 1 X translation velocity, node 4, m/s
        296    8.638E+00                                 F               0         Blade 1 Y translation velocity, node 4, m/s
        297   -2.763E+01                                 F               0         Blade 1 Z translation velocity, node 4, m/s
        298   -8.979E+00                                 F               0         Blade 1 X translation velocity, node 5, m/s
        299    9.837E+00                                 F               0         Blade 1 Y translation velocity, node 5, m/s
        300   -3.132E+01                                 F               0         Blade 1 Z translation velocity, node 5, m/s
        301   -1.004E+01                                 F               0         Blade 1 X translation velocity, node 6, m/s
        302    1.104E+01                                 F               0         Blade 1 Y translation velocity, node 6, m/s
        303   -3.502E+01                                 F               0         Blade 1 Z translation velocity, node 6, m/s
        304   -1.110E+01                                 F               0         Blade 1 X translation velocity, node 7, m/s
        305    1.223E+01                                 F               0         Blade 1 Y translation velocity, node 7, m/s
        306   -3.871E+01                                 F               0         Blade 1 Z translation velocity, node 7, m/s
        307   -1.216E+01                                 F               0         Blade 1 X translation velocity, node 8, m/s
