
Linearized model: Predictions were generated on 07-Feb-2024 at 11:38:03 using OpenFAST, compiled as a 64-bit application using single precision at commit v3.5.1
 linked with  NWTC Subroutine Library; ElastoDyn; InflowWind; AeroDyn; ServoDyn; HydroDyn; MAP++ (<1.20.10>, <Oct-20-2023>)

Description from the FAST input file: CCT-9 Campign 4 model. Input files to be run with OpenFAST 3.5.0. GitHub branch from Lu Wang (https://github.com/luwang00/openfast/tree/dev) compiled on March 7, 2023.

Simulation information:
   Simulation time:                  1007.9500 s
   Rotor Speed:                         1.0423 rad/s
   Azimuth:                             3.0370 rad
   Wind Speed:                         12.0000 m/s
   Number of continuous states:         0
   Number of discrete states:           0
   Number of constraint states:         0
   Number of inputs:                 1746
   Number of outputs:                   4
   Jacobians included in this file?    No

Order of inputs:
     Column   Operating Point                     Rotating Frame? Derivative Order Description
   ---------- ---------------                     --------------- ---------------- -----------
          1    1.513E+01                                 F               0         Tower X translation displacement, node 1, m
          2   -1.173E+00                                 F               0         Tower Y translation displacement, node 1, m
          3   -4.905E-01                                 F               0         Tower Z translation displacement, node 1, m
          4    1.706E+01                                 F               0         Tower X translation displacement, node 2, m
          5   -1.819E+00                                 F               0         Tower Y translation displacement, node 2, m
          6   -6.586E-01                                 F               0         Tower Z translation displacement, node 2, m
          7    1.902E+01                                 F               0         Tower X translation displacement, node 3, m
          8   -2.471E+00                                 F               0         Tower Y translation displacement, node 3, m
          9   -8.325E-01                                 F               0         Tower Z translation displacement, node 3, m
         10    2.100E+01                                 F               0         Tower X translation displacement, node 4, m
         11   -3.129E+00                                 F               0         Tower Y translation displacement, node 4, m
         12   -1.011E+00                                 F               0         Tower Z translation displacement, node 4, m
         13    2.301E+01                                 F               0         Tower X translation displacement, node 5, m
         14   -3.791E+00                                 F               0         Tower Y translation displacement, node 5, m
         15   -1.193E+00                                 F               0         Tower Z translation displacement, node 5, m
         16    2.504E+01                                 F               0         Tower X translation displacement, node 6, m
         17   -4.456E+00                                 F               0         Tower Y translation displacement, node 6, m
         18   -1.379E+00                                 F               0         Tower Z translation displacement, node 6, m
         19    2.708E+01                                 F               0         Tower X translation displacement, node 7, m
         20   -5.125E+00                                 F               0         Tower Y translation displacement, node 7, m
         21   -1.567E+00                                 F               0         Tower Z translation displacement, node 7, m
         22    2.913E+01                                 F               0         Tower X translation displacement, node 8, m
         23   -5.797E+00                                 F               0         Tower Y translation displacement, node 8, m
         24   -1.757E+00                                 F               0         Tower Z translation displacement, node 8, m
         25    3.119E+01                                 F               0         Tower X translation displacement, node 9, m
         26   -6.470E+00                                 F               0         Tower Y translation displacement, node 9, m
         27   -1.948E+00                                 F               0         Tower Z translation displacement, node 9, m
         28    3.326E+01                                 F               0         Tower X translation displacement, node 10, m
         29   -7.145E+00                                 F               0         Tower Y translation displacement, node 10, m
         30   -2.141E+00                                 F               0         Tower Z translation displacement, node 10, m
         31    3.532E+01                                 F               0         Tower X translation displacement, node 11, m
         32   -7.820E+00                                 F               0         Tower Y translation displacement, node 11, m
         33   -2.334E+00                                 F               0         Tower Z translation displacement, node 11, m
         34    9.879E-01,  1.416E-02, -1.542E-01         F               0         Tower X orientation angle, node 1, rad
         35   -5.944E-03,  9.985E-01,  5.360E-02         F               0         Tower Y orientation angle, node 1, rad
         36    1.548E-01, -5.203E-02,  9.866E-01         F               0         Tower Z orientation angle, node 1, rad
         37    9.875E-01,  1.430E-02, -1.568E-01         F               0         Tower X orientation angle, node 2, rad
         38   -5.859E-03,  9.985E-01,  5.413E-02         F               0         Tower Y orientation angle, node 2, rad
         39    1.574E-01, -5.254E-02,  9.861E-01         F               0         Tower Z orientation angle, node 2, rad
         40    9.872E-01,  1.442E-02, -1.591E-01         F               0         Tower X orientation angle, node 3, rad
         41   -5.782E-03,  9.985E-01,  5.462E-02         F               0         Tower Y orientation angle, node 3, rad
         42    1.597E-01, -5.299E-02,  9.857E-01         F               0         Tower Z orientation angle, node 3, rad
         43    9.868E-01,  1.453E-02, -1.611E-01         F               0         Tower X orientation angle, node 4, rad
         44   -5.714E-03,  9.985E-01,  5.504E-02         F               0         Tower Y orientation angle, node 4, rad
         45    1.616E-01, -5.339E-02,  9.854E-01         F               0         Tower Z orientation angle, node 4, rad
         46    9.866E-01,  1.462E-02, -1.627E-01         F               0         Tower X orientation angle, node 5, rad
         47   -5.654E-03,  9.984E-01,  5.540E-02         F               0         Tower Y orientation angle, node 5, rad
         48    1.633E-01, -5.373E-02,  9.851E-01         F               0         Tower Z orientation angle, node 5, rad
         49    9.863E-01,  1.469E-02, -1.641E-01         F               0         Tower X orientation angle, node 6, rad
         50   -5.604E-03,  9.984E-01,  5.570E-02         F               0         Tower Y orientation angle, node 6, rad
         51    1.646E-01, -5.402E-02,  9.849E-01         F               0         Tower Z orientation angle, node 6, rad
         52    9.862E-01,  1.474E-02, -1.651E-01         F               0         Tower X orientation angle, node 7, rad
         53   -5.563E-03,  9.984E-01,  5.594E-02         F               0         Tower Y orientation angle, node 7, rad
         54    1.656E-01, -5.425E-02,  9.847E-01         F               0         Tower Z orientation angle, node 7, rad
         55    9.860E-01,  1.479E-02, -1.658E-01         F               0         Tower X orientation angle, node 8, rad
         56   -5.532E-03,  9.984E-01,  5.613E-02         F               0         Tower Y orientation angle, node 8, rad
         57    1.664E-01, -5.443E-02,  9.846E-01         F               0         Tower Z orientation angle, node 8, rad
         58    9.860E-01,  1.482E-02, -1.664E-01         F               0         Tower X orientation angle, node 9, rad
         59   -5.509E-03,  9.984E-01,  5.627E-02         F               0         Tower Y orientation angle, node 9, rad
         60    1.669E-01, -5.456E-02,  9.845E-01         F               0         Tower Z orientation angle, node 9, rad
         61    9.859E-01,  1.484E-02, -1.667E-01         F               0         Tower X orientation angle, node 10, rad
         62   -5.493E-03,  9.984E-01,  5.636E-02         F               0         Tower Y orientation angle, node 10, rad
         63    1.673E-01, -5.465E-02,  9.844E-01         F               0         Tower Z orientation angle, node 10, rad
         64    9.859E-01,  1.485E-02, -1.669E-01         F               0         Tower X orientation angle, node 11, rad
         65   -5.485E-03,  9.984E-01,  5.641E-02         F               0         Tower Y orientation angle, node 11, rad
         66    1.675E-01, -5.470E-02,  9.844E-01         F               0         Tower Z orientation angle, node 11, rad
         67   -7.562E-04                                 F               0         Tower X translation velocity, node 1, m/s
         68    2.735E-03                                 F               0         Tower Y translation velocity, node 1, m/s
         69    5.939E-03                                 F               0         Tower Z translation velocity, node 1, m/s
         70   -1.603E-03                                 F               0         Tower X translation velocity, node 2, m/s
         71    4.946E-03                                 F               0         Tower Y translation velocity, node 2, m/s
         72    6.190E-03                                 F               0         Tower Z translation velocity, node 2, m/s
         73   -2.549E-03                                 F               0         Tower X translation velocity, node 3, m/s
         74    7.189E-03                                 F               0         Tower Y translation velocity, node 3, m/s
         75    6.462E-03                                 F               0         Tower Z translation velocity, node 3, m/s
         76   -3.572E-03                                 F               0         Tower X translation velocity, node 4, m/s
         77    9.458E-03                                 F               0         Tower Y translation velocity, node 4, m/s
         78    6.751E-03                                 F               0         Tower Z translation velocity, node 4, m/s
         79   -4.660E-03                                 F               0         Tower X translation velocity, node 5, m/s
         80    1.175E-02                                 F               0         Tower Y translation velocity, node 5, m/s
         81    7.056E-03                                 F               0         Tower Z translation velocity, node 5, m/s
         82   -5.804E-03                                 F               0         Tower X translation velocity, node 6, m/s
         83    1.406E-02                                 F               0         Tower Y translation velocity, node 6, m/s
         84    7.373E-03                                 F               0         Tower Z translation velocity, node 6, m/s
         85   -6.988E-03                                 F               0         Tower X translation velocity, node 7, m/s
         86    1.639E-02                                 F               0         Tower Y translation velocity, node 7, m/s
         87    7.699E-03                                 F               0         Tower Z translation velocity, node 7, m/s
         88   -8.209E-03                                 F               0         Tower X translation velocity, node 8, m/s
         89    1.874E-02                                 F               0         Tower Y translation velocity, node 8, m/s
         90    8.035E-03                                 F               0         Tower Z translation velocity, node 8, m/s
         91   -9.456E-03                                 F               0         Tower X translation velocity, node 9, m/s
         92    2.110E-02                                 F               0         Tower Y translation velocity, node 9, m/s
         93    8.376E-03                                 F               0         Tower Z translation velocity, node 9, m/s
         94   -1.072E-02                                 F               0         Tower X translation velocity, node 10, m/s
         95    2.346E-02                                 F               0         Tower Y translation velocity, node 10, m/s
         96    8.723E-03                                 F               0         Tower Z translation velocity, node 10, m/s
         97   -1.200E-02                                 F               0         Tower X translation velocity, node 11, m/s
         98    2.583E-02                                 F               0         Tower Y translation velocity, node 11, m/s
         99    9.071E-03                                 F               0         Tower Z translation velocity, node 11, m/s
        100    3.679E+01                                 F               0         Hub X translation displacement, node 1, m
        101   -8.410E+00                                 F               0         Hub Y translation displacement, node 1, m
        102   -6.543E-01                                 F               0         Hub Z translation displacement, node 1, m
        103    9.630E-01,  2.048E-02, -2.689E-01         F               0         Hub X orientation angle, node 1, rad
        104    3.360E-02, -9.985E-01,  4.427E-02         F               0         Hub Y orientation angle, node 1, rad
        105   -2.676E-01, -5.166E-02, -9.622E-01         F               0         Hub Z orientation angle, node 1, rad
        106    1.004E+00                                 F               0         Hub X rotation velocity, node 1, rad/s
        107    2.122E-02                                 F               0         Hub Y rotation velocity, node 1, rad/s
        108   -2.799E-01                                 F               0         Hub Z rotation velocity, node 1, rad/s
        109    9.615E-01,  5.009E-02, -2.701E-01         F               0         Blade root 1 X orientation angle, node 1, rad
        110    6.215E-02, -9.974E-01,  3.627E-02         F               0         Blade root 1 Y orientation angle, node 1, rad
        111   -2.676E-01, -5.166E-02, -9.622E-01         F               0         Blade root 1 Z orientation angle, node 1, rad
        112    9.699E-01,  6.989E-03, -2.434E-01         F               0         Blade root 2 X orientation angle, node 1, rad
        113   -2.198E-01,  4.549E-01, -8.630E-01         F               0         Blade root 2 Y orientation angle, node 1, rad
        114    1.047E-01,  8.905E-01,  4.427E-01         F               0         Blade root 2 Z orientation angle, node 1, rad
        115    9.562E-01,  4.335E-03, -2.928E-01         F               0         Blade root 3 X orientation angle, node 1, rad
        116    2.434E-01,  5.443E-01,  8.028E-01         F               0         Blade root 3 Y orientation angle, node 1, rad
        117    1.629E-01, -8.389E-01,  5.194E-01         F               0         Blade root 3 Z orientation angle, node 1, rad
        118    3.473E+01                                 F               0         Blade 1 X translation displacement, node 1, m
        119   -8.696E+00                                 F               0         Blade 1 Y translation displacement, node 1, m
        120   -1.149E+01                                 F               0         Blade 1 Z translation displacement, node 1, m
        121    3.423E+01                                 F               0         Blade 1 X translation displacement, node 2, m
        122   -8.765E+00                                 F               0         Blade 1 Y translation displacement, node 2, m
        123   -1.411E+01                                 F               0         Blade 1 Z translation displacement, node 2, m
        124    2.748E+01                                 F               0         Blade 1 X translation displacement, node 3, m
        125   -9.703E+00                                 F               0         Blade 1 Y translation displacement, node 3, m
        126   -4.962E+01                                 F               0         Blade 1 Z translation displacement, node 3, m
        127    2.604E+01                                 F               0         Blade 1 X translation displacement, node 4, m
        128   -9.903E+00                                 F               0         Blade 1 Y translation displacement, node 4, m
        129   -5.719E+01                                 F               0         Blade 1 Z translation displacement, node 4, m
        130    2.460E+01                                 F               0         Blade 1 X translation displacement, node 5, m
        131   -1.010E+01                                 F               0         Blade 1 Y translation displacement, node 5, m
        132   -6.476E+01                                 F               0         Blade 1 Z translation displacement, node 5, m
        133    2.316E+01                                 F               0         Blade 1 X translation displacement, node 6, m
        134   -1.030E+01                                 F               0         Blade 1 Y translation displacement, node 6, m
        135   -7.233E+01                                 F               0         Blade 1 Z translation displacement, node 6, m
        136    2.172E+01                                 F               0         Blade 1 X translation displacement, node 7, m
        137   -1.050E+01                                 F               0         Blade 1 Y translation displacement, node 7, m
        138   -7.990E+01                                 F               0         Blade 1 Z translation displacement, node 7, m
        139    2.028E+01                                 F               0         Blade 1 X translation displacement, node 8, m
        140   -1.070E+01                                 F               0         Blade 1 Y translation displacement, node 8, m
        141   -8.746E+01                                 F               0         Blade 1 Z translation displacement, node 8, m
        142    1.884E+01                                 F               0         Blade 1 X translation displacement, node 9, m
        143   -1.090E+01                                 F               0         Blade 1 Y translation displacement, node 9, m
        144   -9.503E+01                                 F               0         Blade 1 Z translation displacement, node 9, m
        145    1.741E+01                                 F               0         Blade 1 X translation displacement, node 10, m
        146   -1.110E+01                                 F               0         Blade 1 Y translation displacement, node 10, m
        147   -1.026E+02                                 F               0         Blade 1 Z translation displacement, node 10, m
        148    1.597E+01                                 F               0         Blade 1 X translation displacement, node 11, m
        149   -1.130E+01                                 F               0         Blade 1 Y translation displacement, node 11, m
        150   -1.102E+02                                 F               0         Blade 1 Z translation displacement, node 11, m
        151    1.453E+01                                 F               0         Blade 1 X translation displacement, node 12, m
        152   -1.150E+01                                 F               0         Blade 1 Y translation displacement, node 12, m
        153   -1.177E+02                                 F               0         Blade 1 Z translation displacement, node 12, m
        154    1.309E+01                                 F               0         Blade 1 X translation displacement, node 13, m
        155   -1.170E+01                                 F               0         Blade 1 Y translation displacement, node 13, m
        156   -1.253E+02                                 F               0         Blade 1 Z translation displacement, node 13, m
        157    1.165E+01                                 F               0         Blade 1 X translation displacement, node 14, m
        158   -1.190E+01                                 F               0         Blade 1 Y translation displacement, node 14, m
        159   -1.329E+02                                 F               0         Blade 1 Z translation displacement, node 14, m
        160    1.021E+01                                 F               0         Blade 1 X translation displacement, node 15, m
        161   -1.210E+01                                 F               0         Blade 1 Y translation displacement, node 15, m
        162   -1.404E+02                                 F               0         Blade 1 Z translation displacement, node 15, m
        163    8.771E+00                                 F               0         Blade 1 X translation displacement, node 16, m
        164   -1.230E+01                                 F               0         Blade 1 Y translation displacement, node 16, m
        165   -1.480E+02                                 F               0         Blade 1 Z translation displacement, node 16, m
        166    7.332E+00                                 F               0         Blade 1 X translation displacement, node 17, m
        167   -1.250E+01                                 F               0         Blade 1 Y translation displacement, node 17, m
        168   -1.556E+02                                 F               0         Blade 1 Z translation displacement, node 17, m
        169    5.893E+00                                 F               0         Blade 1 X translation displacement, node 18, m
        170   -1.270E+01                                 F               0         Blade 1 Y translation displacement, node 18, m
        171   -1.631E+02                                 F               0         Blade 1 Z translation displacement, node 18, m
        172    4.454E+00                                 F               0         Blade 1 X translation displacement, node 19, m
        173   -1.290E+01                                 F               0         Blade 1 Y translation displacement, node 19, m
        174   -1.707E+02                                 F               0         Blade 1 Z translation displacement, node 19, m
        175    3.015E+00                                 F               0         Blade 1 X translation displacement, node 20, m
        176   -1.310E+01                                 F               0         Blade 1 Y translation displacement, node 20, m
        177   -1.783E+02                                 F               0         Blade 1 Z translation displacement, node 20, m
        178    1.576E+00                                 F               0         Blade 1 X translation displacement, node 21, m
        179   -1.330E+01                                 F               0         Blade 1 Y translation displacement, node 21, m
        180   -1.858E+02                                 F               0         Blade 1 Z translation displacement, node 21, m
        181    1.366E-01                                 F               0         Blade 1 X translation displacement, node 22, m
        182   -1.350E+01                                 F               0         Blade 1 Y translation displacement, node 22, m
        183   -1.934E+02                                 F               0         Blade 1 Z translation displacement, node 22, m
        184   -1.302E+00                                 F               0         Blade 1 X translation displacement, node 23, m
        185   -1.370E+01                                 F               0         Blade 1 Y translation displacement, node 23, m
        186   -2.010E+02                                 F               0         Blade 1 Z translation displacement, node 23, m
        187   -2.741E+00                                 F               0         Blade 1 X translation displacement, node 24, m
        188   -1.390E+01                                 F               0         Blade 1 Y translation displacement, node 24, m
        189   -2.085E+02                                 F               0         Blade 1 Z translation displacement, node 24, m
        190   -4.180E+00                                 F               0         Blade 1 X translation displacement, node 25, m
        191   -1.410E+01                                 F               0         Blade 1 Y translation displacement, node 25, m
        192   -2.161E+02                                 F               0         Blade 1 Z translation displacement, node 25, m
        193   -5.620E+00                                 F               0         Blade 1 X translation displacement, node 26, m
        194   -1.430E+01                                 F               0         Blade 1 Y translation displacement, node 26, m
        195   -2.237E+02                                 F               0         Blade 1 Z translation displacement, node 26, m
        196   -7.059E+00                                 F               0         Blade 1 X translation displacement, node 27, m
        197   -1.450E+01                                 F               0         Blade 1 Y translation displacement, node 27, m
        198   -2.313E+02                                 F               0         Blade 1 Z translation displacement, node 27, m
        199   -8.279E+00                                 F               0         Blade 1 X translation displacement, node 28, m
        200   -1.467E+01                                 F               0         Blade 1 Y translation displacement, node 28, m
        201   -2.377E+02                                 F               0         Blade 1 Z translation displacement, node 28, m
        202    8.274E-01,  4.994E-01, -2.569E-01         F               0         Blade 1 X orientation angle, node 1, rad
        203    4.938E-01, -8.648E-01, -9.087E-02         F               0         Blade 1 Y orientation angle, node 1, rad
        204   -2.676E-01, -5.166E-02, -9.622E-01         F               0         Blade 1 Z orientation angle, node 1, rad
        205    8.274E-01,  4.994E-01, -2.569E-01         F               0         Blade 1 X orientation angle, node 2, rad
        206    4.938E-01, -8.648E-01, -9.087E-02         F               0         Blade 1 Y orientation angle, node 2, rad
        207   -2.676E-01, -5.166E-02, -9.622E-01         F               0         Blade 1 Z orientation angle, node 2, rad
        208    9.209E-01,  2.802E-01, -2.711E-01         F               0         Blade 1 X orientation angle, node 3, rad
        209    2.836E-01, -9.585E-01, -2.740E-02         F               0         Blade 1 Y orientation angle, node 3, rad
        210   -2.676E-01, -5.166E-02, -9.622E-01         F               0         Blade 1 Z orientation angle, node 3, rad
        211    9.320E-01,  2.395E-01, -2.720E-01         F               0         Blade 1 X orientation angle, node 4, rad
        212    2.445E-01, -9.695E-01, -1.593E-02         F               0         Blade 1 Y orientation angle, node 4, rad
        213   -2.676E-01, -5.166E-02, -9.622E-01         F               0         Blade 1 Z orientation angle, node 4, rad
        214    9.396E-01,  2.072E-01, -2.724E-01         F               0         Blade 1 X orientation angle, node 5, rad
        215    2.134E-01, -9.769E-01, -6.899E-03         F               0         Blade 1 Y orientation angle, node 5, rad
        216   -2.676E-01, -5.166E-02, -9.622E-01         F               0         Blade 1 Z orientation angle, node 5, rad
        217    9.449E-01,  1.812E-01, -2.725E-01         F               0         Blade 1 X orientation angle, node 6, rad
        218    1.884E-01, -9.821E-01,  3.293E-04         F               0         Blade 1 Y orientation angle, node 6, rad
        219   -2.676E-01, -5.166E-02, -9.622E-01         F               0         Blade 1 Z orientation angle, node 6, rad
        220    9.488E-01,  1.598E-01, -2.724E-01         F               0         Blade 1 X orientation angle, node 7, rad
        221    1.678E-01, -9.858E-01,  6.274E-03         F               0         Blade 1 Y orientation angle, node 7, rad
        222   -2.676E-01, -5.166E-02, -9.622E-01         F               0         Blade 1 Z orientation angle, node 7, rad
        223    9.517E-01,  1.418E-01, -2.723E-01         F               0         Blade 1 X orientation angle, node 8, rad
        224    1.505E-01, -9.885E-01,  1.122E-02         F               0         Blade 1 Y orientation angle, node 8, rad
        225   -2.676E-01, -5.166E-02, -9.622E-01         F               0         Blade 1 Z orientation angle, node 8, rad
        226    9.539E-01,  1.266E-01, -2.721E-01         F               0         Blade 1 X orientation angle, node 9, rad
        227    1.359E-01, -9.906E-01,  1.540E-02         F               0         Blade 1 Y orientation angle, node 9, rad
        228   -2.676E-01, -5.166E-02, -9.622E-01         F               0         Blade 1 Z orientation angle, node 9, rad
        229    9.556E-01,  1.135E-01, -2.718E-01         F               0         Blade 1 X orientation angle, node 10, rad
        230    1.232E-01, -9.922E-01,  1.900E-02         F               0         Blade 1 Y orientation angle, node 10, rad
        231   -2.676E-01, -5.166E-02, -9.622E-01         F               0         Blade 1 Z orientation angle, node 10, rad
        232    9.570E-01,  1.022E-01, -2.716E-01         F               0         Blade 1 X orientation angle, node 11, rad
        233    1.124E-01, -9.934E-01,  2.209E-02         F               0         Blade 1 Y orientation angle, node 11, rad
        234   -2.676E-01, -5.166E-02, -9.622E-01         F               0         Blade 1 Z orientation angle, node 11, rad
        235    9.580E-01,  9.234E-02, -2.714E-01         F               0         Blade 1 X orientation angle, node 12, rad
        236    1.029E-01, -9.944E-01,  2.479E-02         F               0         Blade 1 Y orientation angle, node 12, rad
        237   -2.676E-01, -5.166E-02, -9.622E-01         F               0         Blade 1 Z orientation angle, node 12, rad
        238    9.589E-01,  8.366E-02, -2.711E-01         F               0         Blade 1 X orientation angle, node 13, rad
        239    9.450E-02, -9.952E-01,  2.716E-02         F               0         Blade 1 Y orientation angle, node 13, rad
        240   -2.676E-01, -5.166E-02, -9.622E-01         F               0         Blade 1 Z orientation angle, node 13, rad
        241    9.596E-01,  7.584E-02, -2.709E-01         F               0         Blade 1 X orientation angle, node 14, rad
        242    8.696E-02, -9.958E-01,  2.928E-02         F               0         Blade 1 Y orientation angle, node 14, rad
        243   -2.676E-01, -5.166E-02, -9.622E-01         F               0         Blade 1 Z orientation angle, node 14, rad
        244    9.602E-01,  6.888E-02, -2.707E-01         F               0         Blade 1 X orientation angle, node 15, rad
        245    8.026E-02, -9.963E-01,  3.117E-02         F               0         Blade 1 Y orientation angle, node 15, rad
        246   -2.676E-01, -5.166E-02, -9.622E-01         F               0         Blade 1 Z orientation angle, node 15, rad
        247    9.607E-01,  6.262E-02, -2.705E-01         F               0         Blade 1 X orientation angle, node 16, rad
        248    7.423E-02, -9.967E-01,  3.287E-02         F               0         Blade 1 Y orientation angle, node 16, rad
        249   -2.676E-01, -5.166E-02, -9.622E-01         F               0         Blade 1 Z orientation angle, node 16, rad
        250    9.611E-01,  5.705E-02, -2.703E-01         F               0         Blade 1 X orientation angle, node 17, rad
        251    6.886E-02, -9.970E-01,  3.438E-02         F               0         Blade 1 Y orientation angle, node 17, rad
        252   -2.676E-01, -5.166E-02, -9.622E-01         F               0         Blade 1 Z orientation angle, node 17, rad
        253    9.614E-01,  5.183E-02, -2.701E-01         F               0         Blade 1 X orientation angle, node 18, rad
        254    6.383E-02, -9.973E-01,  3.580E-02         F               0         Blade 1 Y orientation angle, node 18, rad
        255   -2.676E-01, -5.166E-02, -9.622E-01         F               0         Blade 1 Z orientation angle, node 18, rad
        256    9.617E-01,  4.713E-02, -2.700E-01         F               0         Blade 1 X orientation angle, node 19, rad
        257    5.930E-02, -9.976E-01,  3.707E-02         F               0         Blade 1 Y orientation angle, node 19, rad
        258   -2.676E-01, -5.166E-02, -9.622E-01         F               0         Blade 1 Z orientation angle, node 19, rad
        259    9.620E-01,  4.295E-02, -2.698E-01         F               0         Blade 1 X orientation angle, node 20, rad
        260    5.527E-02, -9.977E-01,  3.820E-02         F               0         Blade 1 Y orientation angle, node 20, rad
        261   -2.676E-01, -5.166E-02, -9.622E-01         F               0         Blade 1 Z orientation angle, node 20, rad
        262    9.622E-01,  3.895E-02, -2.696E-01         F               0         Blade 1 X orientation angle, node 21, rad
        263    5.140E-02, -9.979E-01,  3.929E-02         F               0         Blade 1 Y orientation angle, node 21, rad
        264   -2.676E-01, -5.166E-02, -9.622E-01         F               0         Blade 1 Z orientation angle, node 21, rad
        265    9.624E-01,  3.529E-02, -2.695E-01         F               0         Blade 1 X orientation angle, node 22, rad
        266    4.788E-02, -9.980E-01,  4.027E-02         F               0         Blade 1 Y orientation angle, node 22, rad
        267   -2.676E-01, -5.166E-02, -9.622E-01         F               0         Blade 1 Z orientation angle, node 22, rad
        268    9.625E-01,  3.198E-02, -2.694E-01         F               0         Blade 1 X orientation angle, node 23, rad
        269    4.469E-02, -9.982E-01,  4.117E-02         F               0         Blade 1 Y orientation angle, node 23, rad
        270   -2.676E-01, -5.166E-02, -9.622E-01         F               0         Blade 1 Z orientation angle, node 23, rad
        271    9.626E-01,  2.885E-02, -2.692E-01         F               0         Blade 1 X orientation angle, node 24, rad
        272    4.166E-02, -9.982E-01,  4.201E-02         F               0         Blade 1 Y orientation angle, node 24, rad
        273   -2.676E-01, -5.166E-02, -9.622E-01         F               0         Blade 1 Z orientation angle, node 24, rad
        274    9.628E-01,  2.588E-02, -2.691E-01         F               0         Blade 1 X orientation angle, node 25, rad
        275    3.881E-02, -9.983E-01,  4.281E-02         F               0         Blade 1 Y orientation angle, node 25, rad
        276   -2.676E-01, -5.166E-02, -9.622E-01         F               0         Blade 1 Z orientation angle, node 25, rad
        277    9.629E-01,  2.327E-02, -2.690E-01         F               0         Blade 1 X orientation angle, node 26, rad
        278    3.629E-02, -9.984E-01,  4.352E-02         F               0         Blade 1 Y orientation angle, node 26, rad
        279   -2.676E-01, -5.166E-02, -9.622E-01         F               0         Blade 1 Z orientation angle, node 26, rad
        280    9.630E-01,  2.066E-02, -2.689E-01         F               0         Blade 1 X orientation angle, node 27, rad
        281    3.376E-02, -9.985E-01,  4.422E-02         F               0         Blade 1 Y orientation angle, node 27, rad
        282   -2.676E-01, -5.166E-02, -9.622E-01         F               0         Blade 1 Z orientation angle, node 27, rad
        283    9.630E-01,  1.926E-02, -2.688E-01         F               0         Blade 1 X orientation angle, node 28, rad
        284    3.242E-02, -9.985E-01,  4.460E-02         F               0         Blade 1 Y orientation angle, node 28, rad
        285   -2.676E-01, -5.166E-02, -9.622E-01         F               0         Blade 1 Z orientation angle, node 28, rad
        286   -2.062E-01                                 F               0         Blade 1 X translation velocity, node 1, m/s
        287    5.788E+00                                 F               0         Blade 1 Y translation velocity, node 1, m/s
        288   -2.478E-01                                 F               0         Blade 1 Z translation velocity, node 1, m/s
        289   -2.527E-01                                 F               0         Blade 1 X translation velocity, node 2, m/s
        290    7.177E+00                                 F               0         Blade 1 Y translation velocity, node 2, m/s
        291   -3.094E-01                                 F               0         Blade 1 Z translation velocity, node 2, m/s
        292   -8.858E-01                                 F               0         Blade 1 X translation velocity, node 3, m/s
        293    2.606E+01                                 F               0         Blade 1 Y translation velocity, node 3, m/s
        294   -1.148E+00                                 F               0         Blade 1 Z translation velocity, node 3, m/s
        295   -1.021E+00                                 F               0         Blade 1 X translation velocity, node 4, m/s
        296    3.009E+01                                 F               0         Blade 1 Y translation velocity, node 4, m/s
        297   -1.326E+00                                 F               0         Blade 1 Z translation velocity, node 4, m/s
        298   -1.156E+00                                 F               0         Blade 1 X translation velocity, node 5, m/s
        299    3.411E+01                                 F               0         Blade 1 Y translation velocity, node 5, m/s
        300   -1.505E+00                                 F               0         Blade 1 Z translation velocity, node 5, m/s
        301   -1.291E+00                                 F               0         Blade 1 X translation velocity, node 6, m/s
        302    3.814E+01                                 F               0         Blade 1 Y translation velocity, node 6, m/s
        303   -1.683E+00                                 F               0         Blade 1 Z translation velocity, node 6, m/s
        304   -1.425E+00                                 F               0         Blade 1 X translation velocity, node 7, m/s
        305    4.216E+01                                 F               0         Blade 1 Y translation velocity, node 7, m/s
        306   -1.862E+00                                 F               0         Blade 1 Z translation velocity, node 7, m/s
        307   -1.560E+00                                 F               0         Blade 1 X translation velocity, node 8, m/s
