
Linearized model: Predictions were generated on 13-Feb-2024 at 12:12:09 using OpenFAST, compiled as a 64-bit application using single precision at commit v3.5.1
 linked with  NWTC Subroutine Library; ElastoDyn; InflowWind; AeroDyn; ServoDyn; HydroDyn; MAP++ (<1.20.10>, <Oct-20-2023>)

Description from the FAST input file: CCT-9 Campign 4 model. Input files to be run with OpenFAST 3.5.0. GitHub branch from Lu Wang (https://github.com/luwang00/openfast/tree/dev) compiled on March 7, 2023.

Simulation information:
   Simulation time:                   771.7750 s
   Rotor Speed:                         0.7920 rad/s
   Azimuth:                             1.0608 rad
   Wind Speed:                         24.0000 m/s
   Number of continuous states:         0
   Number of discrete states:           0
   Number of constraint states:         0
   Number of inputs:                 1746
   Number of outputs:                   4
   Jacobians included in this file?    No

Order of inputs:
     Column   Operating Point                                                   Rotating Frame? Derivative Order Description
   ---------- ---------------                                                   --------------- ---------------- -----------
          1     8.55730056763E+000                                                     F               0         Tower X translation displacement, node 1, m
          2    -1.82945287228E+000                                                     F               0         Tower Y translation displacement, node 1, m
          3    -2.14865252376E-001                                                     F               0         Tower Z translation displacement, node 1, m
          4     9.73132705688E+000                                                     F               0         Tower X translation displacement, node 2, m
          5    -2.50650024414E+000                                                     F               0         Tower Y translation displacement, node 2, m
          6    -2.89424985647E-001                                                     F               0         Tower Z translation displacement, node 2, m
          7     1.09233407974E+001                                                     F               0         Tower X translation displacement, node 3, m
          8    -3.19097185135E+000                                                     F               0         Tower Y translation displacement, node 3, m
          9    -3.66125226021E-001                                                     F               0         Tower Z translation displacement, node 3, m
         10     1.21288156509E+001                                                     F               0         Tower X translation displacement, node 4, m
         11    -3.88155794144E+000                                                     F               0         Tower Y translation displacement, node 4, m
         12    -4.44482088089E-001                                                     F               0         Tower Z translation displacement, node 4, m
         13     1.33452262878E+001                                                     F               0         Tower X translation displacement, node 5, m
         14    -4.57767486572E+000                                                     F               0         Tower Y translation displacement, node 5, m
         15    -5.24227082729E-001                                                     F               0         Tower Z translation displacement, node 5, m
         16     1.45702171326E+001                                                     F               0         Tower X translation displacement, node 6, m
         17    -5.27870464325E+000                                                     F               0         Tower Y translation displacement, node 6, m
         18    -6.05115711689E-001                                                     F               0         Tower Z translation displacement, node 6, m
         19     1.58012580872E+001                                                     F               0         Tower X translation displacement, node 7, m
         20    -5.98368167877E+000                                                     F               0         Tower Y translation displacement, node 7, m
         21    -6.86821460724E-001                                                     F               0         Tower Z translation displacement, node 7, m
         22     1.70371475220E+001                                                     F               0         Tower X translation displacement, node 8, m
         23    -6.69229555130E+000                                                     F               0         Tower Y translation displacement, node 8, m
         24    -7.69236207008E-001                                                     F               0         Tower Z translation displacement, node 8, m
         25     1.82763137817E+001                                                     F               0         Tower X translation displacement, node 9, m
         26    -7.40379524231E+000                                                     F               0         Tower Y translation displacement, node 9, m
         27    -8.52138817310E-001                                                     F               0         Tower Z translation displacement, node 9, m
         28     1.95174713135E+001                                                     F               0         Tower X translation displacement, node 10, m
         29    -8.11738395691E+000                                                     F               0         Tower Y translation displacement, node 10, m
         30    -9.35370385647E-001                                                     F               0         Tower Z translation displacement, node 10, m
         31     2.07596092224E+001                                                     F               0         Tower X translation displacement, node 11, m
         32    -8.83228015900E+000                                                     F               0         Tower Y translation displacement, node 11, m
         33    -1.01877415180E+000                                                     F               0         Tower Z translation displacement, node 11, m
         34     9.95460331440E-001,  -6.68321084231E-003,  -9.49422717094E-002         F               0         Tower X orientation angle, node 1, rad
         35     1.18243154138E-002,   9.98487591743E-001,   5.36908842623E-002         F               0         Tower Y orientation angle, node 1, rad
         36     9.44398492575E-002,  -5.45697733760E-002,   9.94033813477E-001         F               0         Tower Z orientation angle, node 1, rad
         37     9.95328247547E-001,  -6.60704402253E-003,  -9.63225737214E-002         F               0         Tower X orientation angle, node 2, rad
         38     1.18763148785E-002,   9.98457610607E-001,   5.42342029512E-002         F               0         Tower Y orientation angle, node 2, rad
         39     9.58156734705E-002,  -5.51247932017E-002,   9.93871510029E-001         F               0         Tower Z orientation angle, node 2, rad
         40     9.95212197304E-001,  -6.54035899788E-003,  -9.75187718868E-002         F               0         Tower X orientation angle, node 3, rad
         41     1.19252642617E-002,   9.98429477215E-001,   5.47390095890E-002         F               0         Tower Y orientation angle, node 3, rad
         42     9.70076024532E-002,  -5.56398667395E-002,   9.93727207184E-001         F               0         Tower Z orientation angle, node 3, rad
         43     9.95114684105E-001,  -6.48441910744E-003,  -9.85122621059E-002         F               0         Tower X orientation angle, node 4, rad
         44     1.19704538956E-002,   9.98403549194E-001,   5.52003160119E-002         F               0         Tower Y orientation angle, node 4, rad
         45     9.79970544577E-002,  -5.61098828912E-002,   9.93603646755E-001         F               0         Tower Z orientation angle, node 4, rad
         46     9.95035469532E-001,  -6.43891887739E-003,  -9.93124395609E-002         F               0         Tower X orientation angle, node 5, rad
         47     1.20115010068E-002,   9.98379945755E-001,   5.56162111461E-002         F               0         Tower Y orientation angle, node 5, rad
         48     9.87934470177E-002,  -5.65329939127E-002,   9.93500828743E-001         F               0         Tower Z orientation angle, node 5, rad
         49     9.94973421097E-001,  -6.40320498496E-003,  -9.99343544245E-002         F               0         Tower X orientation angle, node 6, rad
         50     1.20479520410E-002,   9.98358964920E-001,   5.59837035835E-002         F               0         Tower Y orientation angle, node 6, rad
         51     9.94118824601E-002,  -5.69063015282E-002,   9.93417799473E-001         F               0         Tower Z orientation angle, node 6, rad
         52     9.94928181171E-001,  -6.37701107189E-003,  -1.00385792553E-001         F               0         Tower X orientation angle, node 7, rad
         53     1.20788579807E-002,   9.98341143131E-001,   5.62944561243E-002         F               0         Tower Y orientation angle, node 7, rad
         54     9.98602733016E-002,  -5.72214834392E-002,   9.93354737759E-001         F               0         Tower Z orientation angle, node 7, rad
         55     9.94896173477E-001,  -6.35837810114E-003,  -1.00703626871E-001         F               0         Tower X orientation angle, node 8, rad
         56     1.21041703969E-002,   9.98326480389E-001,   5.65486587584E-002         F               0         Tower Y orientation angle, node 8, rad
         57     1.00175537169E-001,  -5.74789755046E-002,   9.93308126926E-001         F               0         Tower Z orientation angle, node 8, rad
         58     9.94875252247E-001,  -6.34609768167E-003,  -1.00910894573E-001         F               0         Tower X orientation angle, node 9, rad
         59     1.21234962717E-002,   9.98315215111E-001,   5.67427352071E-002         F               0         Tower Y orientation angle, node 9, rad
         60     1.00380785763E-001,  -5.76753355563E-002,   9.93276000023E-001         F               0         Tower Z orientation angle, node 9, rad
         61     9.94863212109E-001,  -6.33896654472E-003,  -1.01029895246E-001         F               0         Tower X orientation angle, node 10, rad
         62     1.21365403756E-002,   9.98307585716E-001,   5.68738467991E-002         F               0         Tower Y orientation angle, node 10, rad
         63     1.00498393178E-001,  -5.78078515828E-002,   9.93256449699E-001         F               0         Tower Z orientation angle, node 10, rad
         64     9.94857490063E-001,  -6.33556023240E-003,  -1.01086065173E-001         F               0         Tower X orientation angle, node 11, rad
         65     1.21438177302E-002,   9.98303353786E-001,   5.69470971823E-002         F               0         Tower Y orientation angle, node 11, rad
         66     1.00553758442E-001,  -5.78818172216E-002,   9.93246495724E-001         F               0         Tower Z orientation angle, node 11, rad
         67     6.49208342656E-003                                                     F               0         Tower X translation velocity, node 1, m/s
         68     9.78240743279E-004                                                     F               0         Tower Y translation velocity, node 1, m/s
         69     5.50422817469E-004                                                     F               0         Tower Z translation velocity, node 1, m/s
         70     8.53466056287E-003                                                     F               0         Tower X translation velocity, node 2, m/s
         71     1.15901068784E-003                                                     F               0         Tower Y translation velocity, node 2, m/s
         72     3.65362677258E-004                                                     F               0         Tower Z translation velocity, node 2, m/s
         73     8.98573454469E-003                                                     F               0         Tower X translation velocity, node 3, m/s
         74     1.35198584758E-003                                                     F               0         Tower Y translation velocity, node 3, m/s
         75     3.32318275468E-004                                                     F               0         Tower Z translation velocity, node 3, m/s
         76     8.20614863187E-003                                                     F               0         Tower X translation velocity, node 4, m/s
         77     1.53605593368E-003                                                     F               0         Tower Y translation velocity, node 4, m/s
         78     4.19193733251E-004                                                     F               0         Tower Z translation velocity, node 4, m/s
         79     6.38670381159E-003                                                     F               0         Tower X translation velocity, node 5, m/s
         80     1.69479800388E-003                                                     F               0         Tower Y translation velocity, node 5, m/s
         81     6.08455040492E-004                                                     F               0         Tower Z translation velocity, node 5, m/s
         82     3.71017795987E-003                                                     F               0         Tower X translation velocity, node 6, m/s
         83     1.81542884093E-003                                                     F               0         Tower Y translation velocity, node 6, m/s
         84     8.82425170857E-004                                                     F               0         Tower Z translation velocity, node 6, m/s
         85     3.94862086978E-004                                                     F               0         Tower X translation velocity, node 7, m/s
         86     1.89393013716E-003                                                     F               0         Tower Y translation velocity, node 7, m/s
         87     1.21939904056E-003                                                     F               0         Tower Z translation velocity, node 7, m/s
         88    -3.46720870584E-003                                                     F               0         Tower X translation velocity, node 8, m/s
         89     1.92394887563E-003                                                     F               0         Tower Y translation velocity, node 8, m/s
         90     1.60996359773E-003                                                     F               0         Tower Z translation velocity, node 8, m/s
         91    -7.72988097742E-003                                                     F               0         Tower X translation velocity, node 9, m/s
         92     1.90813292284E-003                                                     F               0         Tower Y translation velocity, node 9, m/s
         93     2.03937338665E-003                                                     F               0         Tower Z translation velocity, node 9, m/s
         94    -1.22620463371E-002                                                     F               0         Tower X translation velocity, node 10, m/s
         95     1.85477186460E-003                                                     F               0         Tower Y translation velocity, node 10, m/s
         96     2.49456777237E-003                                                     F               0         Tower Z translation velocity, node 10, m/s
         97    -1.69476103038E-002                                                     F               0         Tower X translation velocity, node 11, m/s
         98     1.77633296698E-003                                                     F               0         Tower Y translation velocity, node 11, m/s
         99     2.96422187239E-003                                                     F               0         Tower Z translation velocity, node 11, m/s
        100     2.16045150757E+001                                                     F               0         Hub X translation displacement, node 1, m
        101    -9.21823501587E+000                                                     F               0         Hub Y translation displacement, node 1, m
        102     1.99958067387E-002                                                     F               0         Hub Z translation displacement, node 1, m
        103     9.78896856308E-001,  -2.50555691309E-004,  -2.04354837537E-001         F               0         Hub X orientation angle, node 1, rad
        104     1.83966785669E-001,   4.36491847038E-001,   8.80699217319E-001         F               0         Hub Y orientation angle, node 1, rad
        105     8.89785587788E-002,  -8.99708151817E-001,   4.27326589823E-001         F               0         Hub Z orientation angle, node 1, rad
        106     7.75284945965E-001                                                     F               0         Hub X rotation velocity, node 1, rad/s
        107    -5.81477070227E-004                                                     F               0         Hub Y rotation velocity, node 1, rad/s
        108    -1.61872237921E-001                                                     F               0         Hub Z rotation velocity, node 1, rad/s
        109     8.83204400539E-001,  -1.27072542906E-001,  -4.51445013285E-001         F               0         Blade root 1 X orientation angle, node 1, rad
        110     4.60470229387E-001,   4.17585641146E-001,   7.83319473267E-001         F               0         Blade root 1 Y orientation angle, node 1, rad
        111     8.89785587788E-002,  -8.99708151817E-001,   4.27326589823E-001         F               0         Blade root 1 Z orientation angle, node 1, rad
        112     9.40997183323E-001,   2.89582550526E-001,  -1.75117790699E-001         F               0         Blade root 2 X orientation angle, node 1, rad
        113     2.70159393549E-001,  -9.54453170300E-001,  -1.26621812582E-001         F               0         Blade root 2 Y orientation angle, node 1, rad
        114    -2.03809186816E-001,   7.18410611153E-002,  -9.76371169090E-001         F               0         Blade root 2 Z orientation angle, node 1, rad
        115     9.85778987408E-001,  -1.63229241967E-001,   3.99502962828E-002         F               0         Blade root 3 X orientation angle, node 1, rad
        116     1.22693665326E-001,   5.36649107933E-001,  -8.34837734699E-001         F               0         Blade root 3 Y orientation angle, node 1, rad
        117     1.14830635488E-001,   8.27867090702E-001,   5.49044609070E-001         F               0         Blade root 3 Z orientation angle, node 1, rad
        118     2.15183677673E+001                                                     F               0         Blade 1 X translation displacement, node 1, m
        119    -1.42026185989E+001                                                     F               0         Blade 1 Y translation displacement, node 1, m
        120    -3.12227368355E+000                                                     F               0         Blade 1 Z translation displacement, node 1, m
        121     2.14976100922E+001                                                     F               0         Blade 1 X translation displacement, node 2, m
        122    -1.54036445618E+001                                                     F               0         Blade 1 Y translation displacement, node 2, m
        123    -3.87942361832E+000                                                     F               0         Blade 1 Z translation displacement, node 2, m
        124     2.12153434753E+001                                                     F               0         Blade 1 X translation displacement, node 3, m
        125    -3.17355136871E+001                                                     F               0         Blade 1 Y translation displacement, node 3, m
        126    -1.41753807068E+001                                                     F               0         Blade 1 Z translation displacement, node 3, m
        127     2.11552028656E+001                                                     F               0         Blade 1 X translation displacement, node 4, m
        128    -3.52151145935E+001                                                     F               0         Blade 1 Y translation displacement, node 4, m
        129    -1.63690032959E+001                                                     F               0         Blade 1 Z translation displacement, node 4, m
        130     2.10950527191E+001                                                     F               0         Blade 1 X translation displacement, node 5, m
        131    -3.86953773499E+001                                                     F               0         Blade 1 Y translation displacement, node 5, m
        132    -1.85630283356E+001                                                     F               0         Blade 1 Z translation displacement, node 5, m
        133     2.10349140167E+001                                                     F               0         Blade 1 X translation displacement, node 6, m
        134    -4.21749916077E+001                                                     F               0         Blade 1 Y translation displacement, node 6, m
        135    -2.07566604614E+001                                                     F               0         Blade 1 Z translation displacement, node 6, m
        136     2.09747753143E+001                                                     F               0         Blade 1 X translation displacement, node 7, m
        137    -4.56546173096E+001                                                     F               0         Blade 1 Y translation displacement, node 7, m
        138    -2.29502849579E+001                                                     F               0         Blade 1 Z translation displacement, node 7, m
        139     2.09146251678E+001                                                     F               0         Blade 1 X translation displacement, node 8, m
        140    -4.91348686218E+001                                                     F               0         Blade 1 Y translation displacement, node 8, m
        141    -2.51443157196E+001                                                     F               0         Blade 1 Z translation displacement, node 8, m
        142     2.08544845581E+001                                                     F               0         Blade 1 X translation displacement, node 9, m
        143    -5.26144943237E+001                                                     F               0         Blade 1 Y translation displacement, node 9, m
        144    -2.73379402161E+001                                                     F               0         Blade 1 Z translation displacement, node 9, m
        145     2.07943458557E+001                                                     F               0         Blade 1 X translation displacement, node 10, m
        146    -5.60941123962E+001                                                     F               0         Blade 1 Y translation displacement, node 10, m
        147    -2.95315723419E+001                                                     F               0         Blade 1 Z translation displacement, node 10, m
        148     2.07342071533E+001                                                     F               0         Blade 1 X translation displacement, node 11, m
        149    -5.95737380981E+001                                                     F               0         Blade 1 Y translation displacement, node 11, m
        150    -3.17251949310E+001                                                     F               0         Blade 1 Z translation displacement, node 11, m
        151     2.06740570068E+001                                                     F               0         Blade 1 X translation displacement, node 12, m
        152    -6.30539779663E+001                                                     F               0         Blade 1 Y translation displacement, node 12, m
        153    -3.39192199707E+001                                                     F               0         Blade 1 Z translation displacement, node 12, m
        154     2.06139163971E+001                                                     F               0         Blade 1 X translation displacement, node 13, m
        155    -6.65336074829E+001                                                     F               0         Blade 1 Y translation displacement, node 13, m
        156    -3.61128425598E+001                                                     F               0         Blade 1 Z translation displacement, node 13, m
        157     2.05537776947E+001                                                     F               0         Blade 1 X translation displacement, node 14, m
        158    -7.00132217407E+001                                                     F               0         Blade 1 Y translation displacement, node 14, m
        159    -3.83064765930E+001                                                     F               0         Blade 1 Z translation displacement, node 14, m
        160     2.04936275482E+001                                                     F               0         Blade 1 X translation displacement, node 15, m
        161    -7.34934768677E+001                                                     F               0         Blade 1 Y translation displacement, node 15, m
        162    -4.05004997253E+001                                                     F               0         Blade 1 Z translation displacement, node 15, m
        163     2.04334888458E+001                                                     F               0         Blade 1 X translation displacement, node 16, m
        164    -7.69730987549E+001                                                     F               0         Blade 1 Y translation displacement, node 16, m
        165    -4.26941299438E+001                                                     F               0         Blade 1 Z translation displacement, node 16, m
        166     2.03733501434E+001                                                     F               0         Blade 1 X translation displacement, node 17, m
        167    -8.04527282715E+001                                                     F               0         Blade 1 Y translation displacement, node 17, m
        168    -4.48877563477E+001                                                     F               0         Blade 1 Z translation displacement, node 17, m
        169     2.03132114410E+001                                                     F               0         Blade 1 X translation displacement, node 18, m
        170    -8.39323425293E+001                                                     F               0         Blade 1 Y translation displacement, node 18, m
        171    -4.70813865662E+001                                                     F               0         Blade 1 Z translation displacement, node 18, m
        172     2.02530593872E+001                                                     F               0         Blade 1 X translation displacement, node 19, m
        173    -8.74125823975E+001                                                     F               0         Blade 1 Y translation displacement, node 19, m
        174    -4.92754058838E+001                                                     F               0         Blade 1 Z translation displacement, node 19, m
        175     2.01929206848E+001                                                     F               0         Blade 1 X translation displacement, node 20, m
        176    -9.08922119141E+001                                                     F               0         Blade 1 Y translation displacement, node 20, m
        177    -5.14690284729E+001                                                     F               0         Blade 1 Z translation displacement, node 20, m
        178     2.01327819824E+001                                                     F               0         Blade 1 X translation displacement, node 21, m
        179    -9.43718338013E+001                                                     F               0         Blade 1 Y translation displacement, node 21, m
        180    -5.36626625061E+001                                                     F               0         Blade 1 Z translation displacement, node 21, m
        181     2.00726318359E+001                                                     F               0         Blade 1 X translation displacement, node 22, m
        182    -9.78520812988E+001                                                     F               0         Blade 1 Y translation displacement, node 22, m
        183    -5.58566894531E+001                                                     F               0         Blade 1 Z translation displacement, node 22, m
        184     2.00124912262E+001                                                     F               0         Blade 1 X translation displacement, node 23, m
        185    -1.01331710815E+002                                                     F               0         Blade 1 Y translation displacement, node 23, m
        186    -5.80503120422E+001                                                     F               0         Blade 1 Z translation displacement, node 23, m
        187     1.99523525238E+001                                                     F               0         Blade 1 X translation displacement, node 24, m
        188    -1.04811332703E+002                                                     F               0         Blade 1 Y translation displacement, node 24, m
        189    -6.02439422607E+001                                                     F               0         Blade 1 Z translation displacement, node 24, m
        190     1.98922138214E+001                                                     F               0         Blade 1 X translation displacement, node 25, m
        191    -1.08290946960E+002                                                     F               0         Blade 1 Y translation displacement, node 25, m
        192    -6.24375724792E+001                                                     F               0         Blade 1 Z translation displacement, node 25, m
        193     1.98320636749E+001                                                     F               0         Blade 1 X translation displacement, node 26, m
        194    -1.11771202087E+002                                                     F               0         Blade 1 Y translation displacement, node 26, m
        195    -6.46316070557E+001                                                     F               0         Blade 1 Z translation displacement, node 26, m
        196     1.97719230652E+001                                                     F               0         Blade 1 X translation displacement, node 27, m
        197    -1.15250808716E+002                                                     F               0         Blade 1 Y translation displacement, node 27, m
        198    -6.68252334595E+001                                                     F               0         Blade 1 Z translation displacement, node 27, m
        199     1.97209396362E+001                                                     F               0         Blade 1 X translation displacement, node 28, m
        200    -1.18200790405E+002                                                     F               0         Blade 1 Y translation displacement, node 28, m
        201    -6.86849441528E+001                                                     F               0         Blade 1 Z translation displacement, node 28, m
        202     5.76049625874E-001,  -3.03514897823E-001,  -7.58976638317E-001         F               0         Blade 1 X orientation angle, node 1, rad
        203     8.12557458878E-001,   3.13693970442E-001,   4.91270214319E-001         F               0         Blade 1 Y orientation angle, node 1, rad
        204     8.89785587788E-002,  -8.99708151817E-001,   4.27326589823E-001         F               0         Blade 1 Z orientation angle, node 1, rad
        205     5.76049625874E-001,  -3.03514897823E-001,  -7.58976638317E-001         F               0         Blade 1 X orientation angle, node 2, rad
        206     8.12557458878E-001,   3.13693970442E-001,   4.91270214319E-001         F               0         Blade 1 Y orientation angle, node 2, rad
        207     8.89785587788E-002,  -8.99708151817E-001,   4.27326589823E-001         F               0         Blade 1 Z orientation angle, node 2, rad
        208     7.52219080925E-001,  -2.20519199967E-001,  -6.20916903019E-001         F               0         Blade 1 X orientation angle, node 3, rad
        209     6.52877688408E-001,   3.76691490412E-001,   6.57156169415E-001         F               0         Blade 1 Y orientation angle, node 3, rad
        210     8.89785587788E-002,  -8.99708151817E-001,   4.27326589823E-001         F               0         Blade 1 Z orientation angle, node 3, rad
        211     7.79115557671E-001,  -2.04416945577E-001,  -5.92615067959E-001         F               0         Blade 1 X orientation angle, node 4, rad
        212     6.20533466339E-001,   3.85666817427E-001,   6.82787895203E-001         F               0         Blade 1 Y orientation angle, node 4, rad
        213     8.89785587788E-002,  -8.99708151817E-001,   4.27326589823E-001         F               0         Blade 1 Z orientation angle, node 4, rad
        214     7.99261093140E-001,  -1.91517710686E-001,  -5.69651305676E-001         F               0         Blade 1 X orientation angle, node 5, rad
        215     5.94360589981E-001,   3.92232269049E-001,   7.02060818672E-001         F               0         Blade 1 Y orientation angle, node 5, rad
        216     8.89785587788E-002,  -8.99708151817E-001,   4.27326589823E-001         F               0         Blade 1 Z orientation angle, node 5, rad
        217     8.14745843410E-001,  -1.81046009064E-001,  -5.50828099251E-001         F               0         Blade 1 X orientation angle, node 6, rad
        218     5.72950303555E-001,   3.97174447775E-001,   7.16924250126E-001         F               0         Blade 1 Y orientation angle, node 6, rad
        219     8.89785587788E-002,  -8.99708151817E-001,   4.27326589823E-001         F               0         Blade 1 Z orientation angle, node 6, rad
        220     8.27050805092E-001,  -1.72338619828E-001,  -5.35057365894E-001         F               0         Blade 1 X orientation angle, node 7, rad
        221     5.55040359497E-001,   4.01029407978E-001,   7.28769898415E-001         F               0         Blade 1 Y orientation angle, node 7, rad
        222     8.89785587788E-002,  -8.99708151817E-001,   4.27326589823E-001         F               0         Blade 1 Z orientation angle, node 7, rad
        223     8.36988747120E-001,  -1.65031373501E-001,  -5.21741747856E-001         F               0         Blade 1 X orientation angle, node 8, rad
        224     5.39937615395E-001,   4.04091387987E-001,   7.38361358643E-001         F               0         Blade 1 Y orientation angle, node 8, rad
        225     8.89785587788E-002,  -8.99708151817E-001,   4.27326589823E-001         F               0         Blade 1 Z orientation angle, node 8, rad
        226     8.45182597637E-001,  -1.58805757761E-001,  -5.10340213776E-001         F               0         Blade 1 X orientation angle, node 9, rad
        227     5.27019202709E-001,   4.06578361988E-001,   7.46287345886E-001         F               0         Blade 1 Y orientation angle, node 9, rad
        228     8.89785662293E-002,  -8.99708151817E-001,   4.27326619625E-001         F               0         Blade 1 Z orientation angle, node 9, rad
        229     8.52098643780E-001,  -1.53398886323E-001,  -5.00396490097E-001         F               0         Blade 1 X orientation angle, node 10, rad
        230     5.15762269497E-001,   4.08648967743E-001,   7.52990901470E-001         F               0         Blade 1 Y orientation angle, node 10, rad
        231     8.89785587788E-002,  -8.99708151817E-001,   4.27326589823E-001         F               0         Blade 1 Z orientation angle, node 10, rad
        232     8.57894837856E-001,  -1.48753136396E-001,  -4.91822093725E-001         F               0         Blade 1 X orientation angle, node 11, rad
        233     5.06062507629E-001,   4.10362899303E-001,   7.58619129658E-001         F               0         Blade 1 Y orientation angle, node 11, rad
        234     8.89785587788E-002,  -8.99708151817E-001,   4.27326589823E-001         F               0         Blade 1 Z orientation angle, node 11, rad
        235     8.62886786461E-001,  -1.44663393497E-001,  -4.84250843525E-001         F               0         Blade 1 X orientation angle, node 12, rad
        236     4.97502952814E-001,   4.11822408438E-001,   7.63474345207E-001         F               0         Blade 1 Y orientation angle, node 12, rad
        237     8.89785587788E-002,  -8.99708151817E-001,   4.27326589823E-001         F               0         Blade 1 Z orientation angle, node 12, rad
        238     8.67195427418E-001,  -1.41064107418E-001,  -4.77569907904E-001         F               0         Blade 1 X orientation angle, node 13, rad
        239     4.89953994751E-001,   4.13069128990E-001,   7.67671108246E-001         F               0         Blade 1 Y orientation angle, node 13, rad
        240     8.89785587788E-002,  -8.99708151817E-001,   4.27326589823E-001         F               0         Blade 1 Z orientation angle, node 13, rad
        241     8.71016740799E-001,  -1.37815549970E-001,  -4.71525967121E-001         F               0         Blade 1 X orientation angle, node 14, rad
        242     4.83128011227E-001,   4.14164304733E-001,   7.71398246288E-001         F               0         Blade 1 Y orientation angle, node 14, rad
        243     8.89785513282E-002,  -8.99708151817E-001,   4.27326589823E-001         F               0         Blade 1 Z orientation angle, node 14, rad
        244     8.74368369579E-001,  -1.34920805693E-001,  -4.66129124165E-001         F               0         Blade 1 X orientation angle, node 15, rad
        245     4.77035433054E-001,   4.15116369724E-001,   7.74671256542E-001         F               0         Blade 1 Y orientation angle, node 15, rad
        246     8.89785587788E-002,  -8.99708151817E-001,   4.27326619625E-001         F               0         Blade 1 Z orientation angle, node 15, rad
        247     8.77348363400E-001,  -1.32309898734E-001,  -4.61252570152E-001         F               0         Blade 1 X orientation angle, node 16, rad
