
Linearized model: Predictions were generated on 07-Feb-2024 at 11:38:03 using OpenFAST, compiled as a 64-bit application using single precision at commit v3.5.1
 linked with  NWTC Subroutine Library; ElastoDyn; InflowWind; AeroDyn; ServoDyn; HydroDyn; MAP++ (<1.20.10>, <Oct-20-2023>)

Description from the FAST input file: CCT-9 Campign 4 model. Input files to be run with OpenFAST 3.5.0. GitHub branch from Lu Wang (https://github.com/luwang00/openfast/tree/dev) compiled on March 7, 2023.

Simulation information:
   Simulation time:                  1004.7250 s
   Rotor Speed:                         1.0405 rad/s
   Azimuth:                             5.9620 rad
   Wind Speed:                         12.0000 m/s
   Number of continuous states:         0
   Number of discrete states:           0
   Number of constraint states:         0
   Number of inputs:                 1746
   Number of outputs:                   4
   Jacobians included in this file?    No

Order of inputs:
     Column   Operating Point                     Rotating Frame? Derivative Order Description
   ---------- ---------------                     --------------- ---------------- -----------
          1    1.514E+01                                 F               0         Tower X translation displacement, node 1, m
          2   -1.146E+00                                 F               0         Tower Y translation displacement, node 1, m
          3   -5.044E-01                                 F               0         Tower Z translation displacement, node 1, m
          4    1.707E+01                                 F               0         Tower X translation displacement, node 2, m
          5   -1.772E+00                                 F               0         Tower Y translation displacement, node 2, m
          6   -6.721E-01                                 F               0         Tower Z translation displacement, node 2, m
          7    1.903E+01                                 F               0         Tower X translation displacement, node 3, m
          8   -2.405E+00                                 F               0         Tower Y translation displacement, node 3, m
          9   -8.456E-01                                 F               0         Tower Z translation displacement, node 3, m
         10    2.102E+01                                 F               0         Tower X translation displacement, node 4, m
         11   -3.043E+00                                 F               0         Tower Y translation displacement, node 4, m
         12   -1.024E+00                                 F               0         Tower Z translation displacement, node 4, m
         13    2.303E+01                                 F               0         Tower X translation displacement, node 5, m
         14   -3.685E+00                                 F               0         Tower Y translation displacement, node 5, m
         15   -1.206E+00                                 F               0         Tower Z translation displacement, node 5, m
         16    2.506E+01                                 F               0         Tower X translation displacement, node 6, m
         17   -4.330E+00                                 F               0         Tower Y translation displacement, node 6, m
         18   -1.391E+00                                 F               0         Tower Z translation displacement, node 6, m
         19    2.711E+01                                 F               0         Tower X translation displacement, node 7, m
         20   -4.978E+00                                 F               0         Tower Y translation displacement, node 7, m
         21   -1.578E+00                                 F               0         Tower Z translation displacement, node 7, m
         22    2.916E+01                                 F               0         Tower X translation displacement, node 8, m
         23   -5.629E+00                                 F               0         Tower Y translation displacement, node 8, m
         24   -1.768E+00                                 F               0         Tower Z translation displacement, node 8, m
         25    3.123E+01                                 F               0         Tower X translation displacement, node 9, m
         26   -6.282E+00                                 F               0         Tower Y translation displacement, node 9, m
         27   -1.959E+00                                 F               0         Tower Z translation displacement, node 9, m
         28    3.330E+01                                 F               0         Tower X translation displacement, node 10, m
         29   -6.936E+00                                 F               0         Tower Y translation displacement, node 10, m
         30   -2.151E+00                                 F               0         Tower Z translation displacement, node 10, m
         31    3.537E+01                                 F               0         Tower X translation displacement, node 11, m
         32   -7.590E+00                                 F               0         Tower Y translation displacement, node 11, m
         33   -2.344E+00                                 F               0         Tower Z translation displacement, node 11, m
         34    9.879E-01,  1.352E-02, -1.546E-01         F               0         Tower X orientation angle, node 1, rad
         35   -5.528E-03,  9.986E-01,  5.199E-02         F               0         Tower Y orientation angle, node 1, rad
         36    1.551E-01, -5.050E-02,  9.866E-01         F               0         Tower Z orientation angle, node 1, rad
         37    9.875E-01,  1.365E-02, -1.572E-01         F               0         Tower X orientation angle, node 2, rad
         38   -5.448E-03,  9.986E-01,  5.249E-02         F               0         Tower Y orientation angle, node 2, rad
         39    1.577E-01, -5.098E-02,  9.862E-01         F               0         Tower Z orientation angle, node 2, rad
         40    9.871E-01,  1.377E-02, -1.595E-01         F               0         Tower X orientation angle, node 3, rad
         41   -5.375E-03,  9.986E-01,  5.294E-02         F               0         Tower Y orientation angle, node 3, rad
         42    1.600E-01, -5.140E-02,  9.858E-01         F               0         Tower Z orientation angle, node 3, rad
         43    9.868E-01,  1.387E-02, -1.614E-01         F               0         Tower X orientation angle, node 4, rad
         44   -5.310E-03,  9.986E-01,  5.334E-02         F               0         Tower Y orientation angle, node 4, rad
         45    1.619E-01, -5.178E-02,  9.854E-01         F               0         Tower Z orientation angle, node 4, rad
         46    9.865E-01,  1.396E-02, -1.631E-01         F               0         Tower X orientation angle, node 5, rad
         47   -5.255E-03,  9.985E-01,  5.368E-02         F               0         Tower Y orientation angle, node 5, rad
         48    1.636E-01, -5.210E-02,  9.852E-01         F               0         Tower Z orientation angle, node 5, rad
         49    9.863E-01,  1.403E-02, -1.644E-01         F               0         Tower X orientation angle, node 6, rad
         50   -5.207E-03,  9.985E-01,  5.396E-02         F               0         Tower Y orientation angle, node 6, rad
         51    1.649E-01, -5.237E-02,  9.849E-01         F               0         Tower Z orientation angle, node 6, rad
         52    9.861E-01,  1.408E-02, -1.654E-01         F               0         Tower X orientation angle, node 7, rad
         53   -5.169E-03,  9.985E-01,  5.419E-02         F               0         Tower Y orientation angle, node 7, rad
         54    1.660E-01, -5.258E-02,  9.847E-01         F               0         Tower Z orientation angle, node 7, rad
         55    9.860E-01,  1.412E-02, -1.662E-01         F               0         Tower X orientation angle, node 8, rad
         56   -5.139E-03,  9.985E-01,  5.437E-02         F               0         Tower Y orientation angle, node 8, rad
         57    1.667E-01, -5.275E-02,  9.846E-01         F               0         Tower Z orientation angle, node 8, rad
         58    9.859E-01,  1.415E-02, -1.667E-01         F               0         Tower X orientation angle, node 9, rad
         59   -5.118E-03,  9.985E-01,  5.450E-02         F               0         Tower Y orientation angle, node 9, rad
         60    1.673E-01, -5.287E-02,  9.845E-01         F               0         Tower Z orientation angle, node 9, rad
         61    9.858E-01,  1.417E-02, -1.671E-01         F               0         Tower X orientation angle, node 10, rad
         62   -5.103E-03,  9.985E-01,  5.458E-02         F               0         Tower Y orientation angle, node 10, rad
         63    1.676E-01, -5.295E-02,  9.844E-01         F               0         Tower Z orientation angle, node 10, rad
         64    9.858E-01,  1.418E-02, -1.673E-01         F               0         Tower X orientation angle, node 11, rad
         65   -5.095E-03,  9.985E-01,  5.463E-02         F               0         Tower Y orientation angle, node 11, rad
         66    1.678E-01, -5.300E-02,  9.844E-01         F               0         Tower Z orientation angle, node 11, rad
         67   -2.952E-03                                 F               0         Tower X translation velocity, node 1, m/s
         68   -2.069E-02                                 F               0         Tower Y translation velocity, node 1, m/s
         69    1.825E-03                                 F               0         Tower Z translation velocity, node 1, m/s
         70   -4.222E-03                                 F               0         Tower X translation velocity, node 2, m/s
         71   -3.469E-02                                 F               0         Tower Y translation velocity, node 2, m/s
         72    1.306E-03                                 F               0         Tower Z translation velocity, node 2, m/s
         73   -5.459E-03                                 F               0         Tower X translation velocity, node 3, m/s
         74   -4.889E-02                                 F               0         Tower Y translation velocity, node 3, m/s
         75    7.678E-04                                 F               0         Tower Z translation velocity, node 3, m/s
         76   -6.669E-03                                 F               0         Tower X translation velocity, node 4, m/s
         77   -6.325E-02                                 F               0         Tower Y translation velocity, node 4, m/s
         78    2.134E-04                                 F               0         Tower Z translation velocity, node 4, m/s
         79   -7.855E-03                                 F               0         Tower X translation velocity, node 5, m/s
         80   -7.776E-02                                 F               0         Tower Y translation velocity, node 5, m/s
         81   -3.553E-04                                 F               0         Tower Z translation velocity, node 5, m/s
         82   -9.019E-03                                 F               0         Tower X translation velocity, node 6, m/s
         83   -9.238E-02                                 F               0         Tower Y translation velocity, node 6, m/s
         84   -9.365E-04                                 F               0         Tower Z translation velocity, node 6, m/s
         85   -1.017E-02                                 F               0         Tower X translation velocity, node 7, m/s
         86   -1.071E-01                                 F               0         Tower Y translation velocity, node 7, m/s
         87   -1.528E-03                                 F               0         Tower Z translation velocity, node 7, m/s
         88   -1.130E-02                                 F               0         Tower X translation velocity, node 8, m/s
         89   -1.219E-01                                 F               0         Tower Y translation velocity, node 8, m/s
         90   -2.128E-03                                 F               0         Tower Z translation velocity, node 8, m/s
         91   -1.242E-02                                 F               0         Tower X translation velocity, node 9, m/s
         92   -1.367E-01                                 F               0         Tower Y translation velocity, node 9, m/s
         93   -2.734E-03                                 F               0         Tower Z translation velocity, node 9, m/s
         94   -1.353E-02                                 F               0         Tower X translation velocity, node 10, m/s
         95   -1.516E-01                                 F               0         Tower Y translation velocity, node 10, m/s
         96   -3.346E-03                                 F               0         Tower Z translation velocity, node 10, m/s
         97   -1.464E-02                                 F               0         Tower X translation velocity, node 11, m/s
         98   -1.666E-01                                 F               0         Tower Y translation velocity, node 11, m/s
         99   -3.961E-03                                 F               0         Tower Z translation velocity, node 11, m/s
        100    3.684E+01                                 F               0         Hub X translation displacement, node 1, m
        101   -8.160E+00                                 F               0         Hub Y translation displacement, node 1, m
        102   -6.595E-01                                 F               0         Hub Z translation displacement, node 1, m
        103    9.629E-01,  1.964E-02, -2.692E-01         F               0         Hub X orientation angle, node 1, rad
        104   -9.005E-02,  9.636E-01, -2.517E-01         F               0         Hub Y orientation angle, node 1, rad
        105    2.545E-01,  2.666E-01,  9.296E-01         F               0         Hub Z orientation angle, node 1, rad
        106    1.003E+00                                 F               0         Hub X rotation velocity, node 1, rad/s
        107    2.035E-02                                 F               0         Hub Y rotation velocity, node 1, rad/s
        108   -2.802E-01                                 F               0         Hub Z rotation velocity, node 1, rad/s
        109    9.651E-01, -8.951E-03, -2.617E-01         F               0         Blade root 1 X orientation angle, node 1, rad
        110   -6.145E-02,  9.638E-01, -2.596E-01         F               0         Blade root 1 Y orientation angle, node 1, rad
        111    2.545E-01,  2.666E-01,  9.296E-01         F               0         Blade root 1 Z orientation angle, node 1, rad
        112    9.546E-01,  2.708E-02, -2.967E-01         F               0         Blade root 2 X orientation angle, node 1, rad
        113    2.939E-01, -2.502E-01,  9.225E-01         F               0         Blade root 2 Y orientation angle, node 1, rad
        114   -4.926E-02, -9.678E-01, -2.468E-01         F               0         Blade root 2 Z orientation angle, node 1, rad
        115    9.677E-01,  4.078E-02, -2.490E-01         F               0         Blade root 3 X orientation angle, node 1, rad
        116   -1.467E-01, -7.118E-01, -6.869E-01         F               0         Blade root 3 Y orientation angle, node 1, rad
        117   -2.052E-01,  7.012E-01, -6.828E-01         F               0         Blade root 3 Z orientation angle, node 1, rad
        118    3.767E+01                                 F               0         Blade 1 X translation displacement, node 1, m
        119   -6.682E+00                                 F               0         Blade 1 Y translation displacement, node 1, m
        120   -1.019E+00                                 F               0         Blade 1 Z translation displacement, node 1, m
        121    3.787E+01                                 F               0         Blade 1 X translation displacement, node 2, m
        122   -6.326E+00                                 F               0         Blade 1 Y translation displacement, node 2, m
        123   -1.106E+00                                 F               0         Blade 1 Z translation displacement, node 2, m
        124    4.059E+01                                 F               0         Blade 1 X translation displacement, node 3, m
        125   -1.486E+00                                 F               0         Blade 1 Y translation displacement, node 3, m
        126   -2.285E+00                                 F               0         Blade 1 Z translation displacement, node 3, m
        127    4.117E+01                                 F               0         Blade 1 X translation displacement, node 4, m
        128   -4.548E-01                                 F               0         Blade 1 Y translation displacement, node 4, m
        129   -2.536E+00                                 F               0         Blade 1 Z translation displacement, node 4, m
        130    4.175E+01                                 F               0         Blade 1 X translation displacement, node 5, m
        131    5.767E-01                                 F               0         Blade 1 Y translation displacement, node 5, m
        132   -2.787E+00                                 F               0         Blade 1 Z translation displacement, node 5, m
        133    4.233E+01                                 F               0         Blade 1 X translation displacement, node 6, m
        134    1.608E+00                                 F               0         Blade 1 Y translation displacement, node 6, m
        135   -3.038E+00                                 F               0         Blade 1 Z translation displacement, node 6, m
        136    4.291E+01                                 F               0         Blade 1 X translation displacement, node 7, m
        137    2.639E+00                                 F               0         Blade 1 Y translation displacement, node 7, m
        138   -3.289E+00                                 F               0         Blade 1 Z translation displacement, node 7, m
        139    4.349E+01                                 F               0         Blade 1 X translation displacement, node 8, m
        140    3.671E+00                                 F               0         Blade 1 Y translation displacement, node 8, m
        141   -3.540E+00                                 F               0         Blade 1 Z translation displacement, node 8, m
        142    4.407E+01                                 F               0         Blade 1 X translation displacement, node 9, m
        143    4.702E+00                                 F               0         Blade 1 Y translation displacement, node 9, m
        144   -3.792E+00                                 F               0         Blade 1 Z translation displacement, node 9, m
        145    4.465E+01                                 F               0         Blade 1 X translation displacement, node 10, m
        146    5.733E+00                                 F               0         Blade 1 Y translation displacement, node 10, m
        147   -4.043E+00                                 F               0         Blade 1 Z translation displacement, node 10, m
        148    4.523E+01                                 F               0         Blade 1 X translation displacement, node 11, m
        149    6.764E+00                                 F               0         Blade 1 Y translation displacement, node 11, m
        150   -4.294E+00                                 F               0         Blade 1 Z translation displacement, node 11, m
        151    4.581E+01                                 F               0         Blade 1 X translation displacement, node 12, m
        152    7.796E+00                                 F               0         Blade 1 Y translation displacement, node 12, m
        153   -4.545E+00                                 F               0         Blade 1 Z translation displacement, node 12, m
        154    4.639E+01                                 F               0         Blade 1 X translation displacement, node 13, m
        155    8.827E+00                                 F               0         Blade 1 Y translation displacement, node 13, m
        156   -4.796E+00                                 F               0         Blade 1 Z translation displacement, node 13, m
        157    4.697E+01                                 F               0         Blade 1 X translation displacement, node 14, m
        158    9.858E+00                                 F               0         Blade 1 Y translation displacement, node 14, m
        159   -5.047E+00                                 F               0         Blade 1 Z translation displacement, node 14, m
        160    4.755E+01                                 F               0         Blade 1 X translation displacement, node 15, m
        161    1.089E+01                                 F               0         Blade 1 Y translation displacement, node 15, m
        162   -5.299E+00                                 F               0         Blade 1 Z translation displacement, node 15, m
        163    4.813E+01                                 F               0         Blade 1 X translation displacement, node 16, m
        164    1.192E+01                                 F               0         Blade 1 Y translation displacement, node 16, m
        165   -5.550E+00                                 F               0         Blade 1 Z translation displacement, node 16, m
        166    4.871E+01                                 F               0         Blade 1 X translation displacement, node 17, m
        167    1.295E+01                                 F               0         Blade 1 Y translation displacement, node 17, m
        168   -5.801E+00                                 F               0         Blade 1 Z translation displacement, node 17, m
        169    4.929E+01                                 F               0         Blade 1 X translation displacement, node 18, m
        170    1.398E+01                                 F               0         Blade 1 Y translation displacement, node 18, m
        171   -6.052E+00                                 F               0         Blade 1 Z translation displacement, node 18, m
        172    4.987E+01                                 F               0         Blade 1 X translation displacement, node 19, m
        173    1.502E+01                                 F               0         Blade 1 Y translation displacement, node 19, m
        174   -6.303E+00                                 F               0         Blade 1 Z translation displacement, node 19, m
        175    5.045E+01                                 F               0         Blade 1 X translation displacement, node 20, m
        176    1.605E+01                                 F               0         Blade 1 Y translation displacement, node 20, m
        177   -6.554E+00                                 F               0         Blade 1 Z translation displacement, node 20, m
        178    5.103E+01                                 F               0         Blade 1 X translation displacement, node 21, m
        179    1.708E+01                                 F               0         Blade 1 Y translation displacement, node 21, m
        180   -6.805E+00                                 F               0         Blade 1 Z translation displacement, node 21, m
        181    5.161E+01                                 F               0         Blade 1 X translation displacement, node 22, m
        182    1.811E+01                                 F               0         Blade 1 Y translation displacement, node 22, m
        183   -7.057E+00                                 F               0         Blade 1 Z translation displacement, node 22, m
        184    5.219E+01                                 F               0         Blade 1 X translation displacement, node 23, m
        185    1.914E+01                                 F               0         Blade 1 Y translation displacement, node 23, m
        186   -7.308E+00                                 F               0         Blade 1 Z translation displacement, node 23, m
        187    5.277E+01                                 F               0         Blade 1 X translation displacement, node 24, m
        188    2.017E+01                                 F               0         Blade 1 Y translation displacement, node 24, m
        189   -7.559E+00                                 F               0         Blade 1 Z translation displacement, node 24, m
        190    5.335E+01                                 F               0         Blade 1 X translation displacement, node 25, m
        191    2.120E+01                                 F               0         Blade 1 Y translation displacement, node 25, m
        192   -7.810E+00                                 F               0         Blade 1 Z translation displacement, node 25, m
        193    5.393E+01                                 F               0         Blade 1 X translation displacement, node 26, m
        194    2.223E+01                                 F               0         Blade 1 Y translation displacement, node 26, m
        195   -8.061E+00                                 F               0         Blade 1 Z translation displacement, node 26, m
        196    5.451E+01                                 F               0         Blade 1 X translation displacement, node 27, m
        197    2.327E+01                                 F               0         Blade 1 Y translation displacement, node 27, m
        198   -8.312E+00                                 F               0         Blade 1 Z translation displacement, node 27, m
        199    5.501E+01                                 F               0         Blade 1 X translation displacement, node 28, m
        200    2.414E+01                                 F               0         Blade 1 Y translation displacement, node 28, m
        201   -8.525E+00                                 F               0         Blade 1 Z translation displacement, node 28, m
        202    8.870E-01, -4.474E-01, -1.145E-01         F               0         Blade 1 X orientation angle, node 1, rad
        203    3.854E-01,  8.536E-01, -3.504E-01         F               0         Blade 1 Y orientation angle, node 1, rad
        204    2.545E-01,  2.666E-01,  9.296E-01         F               0         Blade 1 Z orientation angle, node 1, rad
        205    8.870E-01, -4.474E-01, -1.145E-01         F               0         Blade 1 X orientation angle, node 2, rad
        206    3.854E-01,  8.536E-01, -3.504E-01         F               0         Blade 1 Y orientation angle, node 2, rad
        207    2.545E-01,  2.666E-01,  9.296E-01         F               0         Blade 1 Z orientation angle, node 2, rad
        208    9.530E-01, -2.324E-01, -1.943E-01         F               0         Blade 1 X orientation angle, node 3, rad
        209    1.642E-01,  9.354E-01, -3.133E-01         F               0         Blade 1 Y orientation angle, node 3, rad
        210    2.545E-01,  2.666E-01,  9.296E-01         F               0         Blade 1 Z orientation angle, node 3, rad
        211    9.591E-01, -1.927E-01, -2.073E-01         F               0         Blade 1 X orientation angle, node 4, rad
        212    1.238E-01,  9.443E-01, -3.048E-01         F               0         Blade 1 Y orientation angle, node 4, rad
        213    2.545E-01,  2.666E-01,  9.296E-01         F               0         Blade 1 Z orientation angle, node 4, rad
        214    9.627E-01, -1.613E-01, -2.173E-01         F               0         Blade 1 X orientation angle, node 5, rad
        215    9.197E-02,  9.502E-01, -2.977E-01         F               0         Blade 1 Y orientation angle, node 5, rad
        216    2.545E-01,  2.666E-01,  9.296E-01         F               0         Blade 1 Z orientation angle, node 5, rad
        217    9.648E-01, -1.360E-01, -2.251E-01         F               0         Blade 1 X orientation angle, node 6, rad
        218    6.640E-02,  9.541E-01, -2.919E-01         F               0         Blade 1 Y orientation angle, node 6, rad
        219    2.545E-01,  2.666E-01,  9.296E-01         F               0         Blade 1 Z orientation angle, node 6, rad
        220    9.660E-01, -1.152E-01, -2.314E-01         F               0         Blade 1 X orientation angle, node 7, rad
        221    4.533E-02,  9.569E-01, -2.869E-01         F               0         Blade 1 Y orientation angle, node 7, rad
        222    2.545E-01,  2.666E-01,  9.296E-01         F               0         Blade 1 Z orientation angle, node 7, rad
        223    9.667E-01, -9.777E-02, -2.366E-01         F               0         Blade 1 X orientation angle, node 8, rad
        224    2.779E-02,  9.588E-01, -2.826E-01         F               0         Blade 1 Y orientation angle, node 8, rad
        225    2.545E-01,  2.666E-01,  9.296E-01         F               0         Blade 1 Z orientation angle, node 8, rad
        226    9.670E-01, -8.303E-02, -2.409E-01         F               0         Blade 1 X orientation angle, node 9, rad
        227    1.294E-02,  9.602E-01, -2.790E-01         F               0         Blade 1 Y orientation angle, node 9, rad
        228    2.545E-01,  2.666E-01,  9.296E-01         F               0         Blade 1 Z orientation angle, node 9, rad
        229    9.671E-01, -7.029E-02, -2.446E-01         F               0         Blade 1 X orientation angle, node 10, rad
        230    1.157E-04,  9.612E-01, -2.758E-01         F               0         Blade 1 Y orientation angle, node 10, rad
        231    2.545E-01,  2.666E-01,  9.296E-01         F               0         Blade 1 Z orientation angle, node 10, rad
        232    9.670E-01, -5.938E-02, -2.477E-01         F               0         Blade 1 X orientation angle, node 11, rad
        233   -1.086E-02,  9.620E-01, -2.730E-01         F               0         Blade 1 Y orientation angle, node 11, rad
        234    2.545E-01,  2.666E-01,  9.296E-01         F               0         Blade 1 Z orientation angle, node 11, rad
        235    9.669E-01, -4.980E-02, -2.504E-01         F               0         Blade 1 X orientation angle, node 12, rad
        236   -2.047E-02,  9.625E-01, -2.705E-01         F               0         Blade 1 Y orientation angle, node 12, rad
        237    2.545E-01,  2.666E-01,  9.296E-01         F               0         Blade 1 Z orientation angle, node 12, rad
        238    9.666E-01, -4.140E-02, -2.528E-01         F               0         Blade 1 X orientation angle, node 13, rad
        239   -2.891E-02,  9.629E-01, -2.683E-01         F               0         Blade 1 Y orientation angle, node 13, rad
        240    2.545E-01,  2.666E-01,  9.296E-01         F               0         Blade 1 Z orientation angle, node 13, rad
        241    9.664E-01, -3.384E-02, -2.549E-01         F               0         Blade 1 X orientation angle, node 14, rad
        242   -3.650E-02,  9.632E-01, -2.663E-01         F               0         Blade 1 Y orientation angle, node 14, rad
        243    2.545E-01,  2.666E-01,  9.296E-01         F               0         Blade 1 Z orientation angle, node 14, rad
        244    9.661E-01, -2.711E-02, -2.567E-01         F               0         Blade 1 X orientation angle, node 15, rad
        245   -4.325E-02,  9.634E-01, -2.645E-01         F               0         Blade 1 Y orientation angle, node 15, rad
        246    2.545E-01,  2.666E-01,  9.296E-01         F               0         Blade 1 Z orientation angle, node 15, rad
        247    9.658E-01, -2.106E-02, -2.584E-01         F               0         Blade 1 X orientation angle, node 16, rad
        248   -4.932E-02,  9.636E-01, -2.629E-01         F               0         Blade 1 Y orientation angle, node 16, rad
        249    2.545E-01,  2.666E-01,  9.296E-01         F               0         Blade 1 Z orientation angle, node 16, rad
        250    9.655E-01, -1.568E-02, -2.598E-01         F               0         Blade 1 X orientation angle, node 17, rad
        251   -5.471E-02,  9.637E-01, -2.614E-01         F               0         Blade 1 Y orientation angle, node 17, rad
        252    2.545E-01,  2.666E-01,  9.296E-01         F               0         Blade 1 Z orientation angle, node 17, rad
        253    9.652E-01, -1.063E-02, -2.612E-01         F               0         Blade 1 X orientation angle, node 18, rad
        254   -5.977E-02,  9.637E-01, -2.601E-01         F               0         Blade 1 Y orientation angle, node 18, rad
        255    2.545E-01,  2.666E-01,  9.296E-01         F               0         Blade 1 Z orientation angle, node 18, rad
        256    9.649E-01, -6.092E-03, -2.624E-01         F               0         Blade 1 X orientation angle, node 19, rad
        257   -6.431E-02,  9.638E-01, -2.588E-01         F               0         Blade 1 Y orientation angle, node 19, rad
        258    2.545E-01,  2.666E-01,  9.296E-01         F               0         Blade 1 Z orientation angle, node 19, rad
        259    9.647E-01, -2.054E-03, -2.635E-01         F               0         Blade 1 X orientation angle, node 20, rad
        260   -6.835E-02,  9.638E-01, -2.577E-01         F               0         Blade 1 Y orientation angle, node 20, rad
        261    2.545E-01,  2.666E-01,  9.296E-01         F               0         Blade 1 Z orientation angle, node 20, rad
        262    9.644E-01,  1.814E-03, -2.645E-01         F               0         Blade 1 X orientation angle, node 21, rad
        263   -7.223E-02,  9.638E-01, -2.567E-01         F               0         Blade 1 Y orientation angle, node 21, rad
        264    2.545E-01,  2.666E-01,  9.296E-01         F               0         Blade 1 Z orientation angle, node 21, rad
        265    9.641E-01,  5.347E-03, -2.655E-01         F               0         Blade 1 X orientation angle, node 22, rad
        266   -7.576E-02,  9.638E-01, -2.557E-01         F               0         Blade 1 Y orientation angle, node 22, rad
        267    2.545E-01,  2.666E-01,  9.296E-01         F               0         Blade 1 Z orientation angle, node 22, rad
        268    9.638E-01,  8.543E-03, -2.663E-01         F               0         Blade 1 X orientation angle, node 23, rad
        269   -7.896E-02,  9.638E-01, -2.548E-01         F               0         Blade 1 Y orientation angle, node 23, rad
        270    2.545E-01,  2.666E-01,  9.296E-01         F               0         Blade 1 Z orientation angle, node 23, rad
        271    9.636E-01,  1.157E-02, -2.671E-01         F               0         Blade 1 X orientation angle, node 24, rad
        272   -8.198E-02,  9.637E-01, -2.540E-01         F               0         Blade 1 Y orientation angle, node 24, rad
        273    2.545E-01,  2.666E-01,  9.296E-01         F               0         Blade 1 Z orientation angle, node 24, rad
        274    9.633E-01,  1.443E-02, -2.679E-01         F               0         Blade 1 X orientation angle, node 25, rad
        275   -8.484E-02,  9.637E-01, -2.532E-01         F               0         Blade 1 Y orientation angle, node 25, rad
        276    2.545E-01,  2.666E-01,  9.296E-01         F               0         Blade 1 Z orientation angle, node 25, rad
        277    9.631E-01,  1.695E-02, -2.685E-01         F               0         Blade 1 X orientation angle, node 26, rad
        278   -8.737E-02,  9.636E-01, -2.525E-01         F               0         Blade 1 Y orientation angle, node 26, rad
        279    2.545E-01,  2.666E-01,  9.296E-01         F               0         Blade 1 Z orientation angle, node 26, rad
        280    9.629E-01,  1.948E-02, -2.692E-01         F               0         Blade 1 X orientation angle, node 27, rad
        281   -8.989E-02,  9.636E-01, -2.518E-01         F               0         Blade 1 Y orientation angle, node 27, rad
        282    2.545E-01,  2.666E-01,  9.296E-01         F               0         Blade 1 Z orientation angle, node 27, rad
        283    9.628E-01,  2.082E-02, -2.696E-01         F               0         Blade 1 X orientation angle, node 28, rad
        284   -9.123E-02,  9.636E-01, -2.514E-01         F               0         Blade 1 Y orientation angle, node 28, rad
        285    2.545E-01,  2.666E-01,  9.296E-01         F               0         Blade 1 Z orientation angle, node 28, rad
        286    5.033E-01                                 F               0         Blade 1 X translation velocity, node 1, m/s
        287   -5.738E+00                                 F               0         Blade 1 Y translation velocity, node 1, m/s
        288    1.448E+00                                 F               0         Blade 1 Z translation velocity, node 1, m/s
        289    6.283E-01                                 F               0         Blade 1 X translation velocity, node 2, m/s
        290   -7.078E+00                                 F               0         Blade 1 Y translation velocity, node 2, m/s
        291    1.798E+00                                 F               0         Blade 1 Z translation velocity, node 2, m/s
        292    2.328E+00                                 F               0         Blade 1 X translation velocity, node 3, m/s
        293   -2.530E+01                                 F               0         Blade 1 Y translation velocity, node 3, m/s
        294    6.559E+00                                 F               0         Blade 1 Z translation velocity, node 3, m/s
        295    2.690E+00                                 F               0         Blade 1 X translation velocity, node 4, m/s
        296   -2.918E+01                                 F               0         Blade 1 Y translation velocity, node 4, m/s
        297    7.573E+00                                 F               0         Blade 1 Z translation velocity, node 4, m/s
        298    3.052E+00                                 F               0         Blade 1 X translation velocity, node 5, m/s
        299   -3.306E+01                                 F               0         Blade 1 Y translation velocity, node 5, m/s
        300    8.588E+00                                 F               0         Blade 1 Z translation velocity, node 5, m/s
        301    3.415E+00                                 F               0         Blade 1 X translation velocity, node 6, m/s
        302   -3.695E+01                                 F               0         Blade 1 Y translation velocity, node 6, m/s
        303    9.602E+00                                 F               0         Blade 1 Z translation velocity, node 6, m/s
        304    3.777E+00                                 F               0         Blade 1 X translation velocity, node 7, m/s
        305   -4.083E+01                                 F               0         Blade 1 Y translation velocity, node 7, m/s
        306    1.062E+01                                 F               0         Blade 1 Z translation velocity, node 7, m/s
        307    4.139E+00                                 F               0         Blade 1 X translation velocity, node 8, m/s
