
Linearized model: Predictions were generated on 06-Feb-2024 at 10:15:48 using OpenFAST, compiled as a 64-bit application using single precision at commit v3.5.1
 linked with  NWTC Subroutine Library; ElastoDyn; InflowWind; AeroDyn; ServoDyn; HydroDyn; MAP++ (<1.20.10>, <Oct-20-2023>)

Description from the FAST input file: CCT-9 Campign 4 model. Input files to be run with OpenFAST 3.5.0. GitHub branch from Lu Wang (https://github.com/luwang00/openfast/tree/dev) compiled on March 7, 2023.

Simulation information:
   Simulation time:                  1005.2250 s
   Rotor Speed:                         1.0407 rad/s
   Azimuth:                             0.1991 rad
   Wind Speed:                         12.0000 m/s
   Number of continuous states:         0
   Number of discrete states:           0
   Number of constraint states:         0
   Number of inputs:                 1746
   Number of outputs:                   4
   Jacobians included in this file?    No

Order of inputs:
     Column   Operating Point                     Rotating Frame? Derivative Order Description
   ---------- ---------------                     --------------- ---------------- -----------
          1    1.514E+01                                 F               0         Tower X translation displacement, node 1, m
          2   -1.155E+00                                 F               0         Tower Y translation displacement, node 1, m
          3   -5.033E-01                                 F               0         Tower Z translation displacement, node 1, m
          4    1.707E+01                                 F               0         Tower X translation displacement, node 2, m
          5   -1.788E+00                                 F               0         Tower Y translation displacement, node 2, m
          6   -6.712E-01                                 F               0         Tower Z translation displacement, node 2, m
          7    1.903E+01                                 F               0         Tower X translation displacement, node 3, m
          8   -2.427E+00                                 F               0         Tower Y translation displacement, node 3, m
          9   -8.449E-01                                 F               0         Tower Z translation displacement, node 3, m
         10    2.102E+01                                 F               0         Tower X translation displacement, node 4, m
         11   -3.071E+00                                 F               0         Tower Y translation displacement, node 4, m
         12   -1.023E+00                                 F               0         Tower Z translation displacement, node 4, m
         13    2.303E+01                                 F               0         Tower X translation displacement, node 5, m
         14   -3.720E+00                                 F               0         Tower Y translation displacement, node 5, m
         15   -1.205E+00                                 F               0         Tower Z translation displacement, node 5, m
         16    2.506E+01                                 F               0         Tower X translation displacement, node 6, m
         17   -4.372E+00                                 F               0         Tower Y translation displacement, node 6, m
         18   -1.391E+00                                 F               0         Tower Z translation displacement, node 6, m
         19    2.710E+01                                 F               0         Tower X translation displacement, node 7, m
         20   -5.027E+00                                 F               0         Tower Y translation displacement, node 7, m
         21   -1.579E+00                                 F               0         Tower Z translation displacement, node 7, m
         22    2.916E+01                                 F               0         Tower X translation displacement, node 8, m
         23   -5.684E+00                                 F               0         Tower Y translation displacement, node 8, m
         24   -1.768E+00                                 F               0         Tower Z translation displacement, node 8, m
         25    3.122E+01                                 F               0         Tower X translation displacement, node 9, m
         26   -6.344E+00                                 F               0         Tower Y translation displacement, node 9, m
         27   -1.960E+00                                 F               0         Tower Z translation displacement, node 9, m
         28    3.329E+01                                 F               0         Tower X translation displacement, node 10, m
         29   -7.004E+00                                 F               0         Tower Y translation displacement, node 10, m
         30   -2.152E+00                                 F               0         Tower Z translation displacement, node 10, m
         31    3.536E+01                                 F               0         Tower X translation displacement, node 11, m
         32   -7.666E+00                                 F               0         Tower Y translation displacement, node 11, m
         33   -2.345E+00                                 F               0         Tower Z translation displacement, node 11, m
         34    9.879E-01,  1.354E-02, -1.545E-01         F               0         Tower X orientation angle, node 1, rad
         35   -5.473E-03,  9.986E-01,  5.249E-02         F               0         Tower Y orientation angle, node 1, rad
         36    1.550E-01, -5.101E-02,  9.866E-01         F               0         Tower Z orientation angle, node 1, rad
         37    9.875E-01,  1.367E-02, -1.571E-01         F               0         Tower X orientation angle, node 2, rad
         38   -5.391E-03,  9.986E-01,  5.301E-02         F               0         Tower Y orientation angle, node 2, rad
         39    1.576E-01, -5.149E-02,  9.862E-01         F               0         Tower Z orientation angle, node 2, rad
         40    9.871E-01,  1.379E-02, -1.594E-01         F               0         Tower X orientation angle, node 3, rad
         41   -5.317E-03,  9.986E-01,  5.346E-02         F               0         Tower Y orientation angle, node 3, rad
         42    1.599E-01, -5.193E-02,  9.858E-01         F               0         Tower Z orientation angle, node 3, rad
         43    9.868E-01,  1.390E-02, -1.614E-01         F               0         Tower X orientation angle, node 4, rad
         44   -5.252E-03,  9.985E-01,  5.387E-02         F               0         Tower Y orientation angle, node 4, rad
         45    1.619E-01, -5.231E-02,  9.854E-01         F               0         Tower Z orientation angle, node 4, rad
         46    9.865E-01,  1.398E-02, -1.630E-01         F               0         Tower X orientation angle, node 5, rad
         47   -5.195E-03,  9.985E-01,  5.421E-02         F               0         Tower Y orientation angle, node 5, rad
         48    1.635E-01, -5.263E-02,  9.851E-01         F               0         Tower Z orientation angle, node 5, rad
         49    9.863E-01,  1.406E-02, -1.644E-01         F               0         Tower X orientation angle, node 6, rad
         50   -5.147E-03,  9.985E-01,  5.450E-02         F               0         Tower Y orientation angle, node 6, rad
         51    1.649E-01, -5.291E-02,  9.849E-01         F               0         Tower Z orientation angle, node 6, rad
         52    9.861E-01,  1.411E-02, -1.654E-01         F               0         Tower X orientation angle, node 7, rad
         53   -5.108E-03,  9.985E-01,  5.473E-02         F               0         Tower Y orientation angle, node 7, rad
         54    1.659E-01, -5.313E-02,  9.847E-01         F               0         Tower Z orientation angle, node 7, rad
         55    9.860E-01,  1.415E-02, -1.662E-01         F               0         Tower X orientation angle, node 8, rad
         56   -5.078E-03,  9.985E-01,  5.491E-02         F               0         Tower Y orientation angle, node 8, rad
         57    1.667E-01, -5.330E-02,  9.846E-01         F               0         Tower Z orientation angle, node 8, rad
         58    9.859E-01,  1.418E-02, -1.667E-01         F               0         Tower X orientation angle, node 9, rad
         59   -5.056E-03,  9.985E-01,  5.504E-02         F               0         Tower Y orientation angle, node 9, rad
         60    1.672E-01, -5.342E-02,  9.845E-01         F               0         Tower Z orientation angle, node 9, rad
         61    9.858E-01,  1.420E-02, -1.670E-01         F               0         Tower X orientation angle, node 10, rad
         62   -5.042E-03,  9.985E-01,  5.513E-02         F               0         Tower Y orientation angle, node 10, rad
         63    1.676E-01, -5.351E-02,  9.844E-01         F               0         Tower Z orientation angle, node 10, rad
         64    9.858E-01,  1.421E-02, -1.672E-01         F               0         Tower X orientation angle, node 11, rad
         65   -5.033E-03,  9.985E-01,  5.517E-02         F               0         Tower Y orientation angle, node 11, rad
         66    1.677E-01, -5.355E-02,  9.844E-01         F               0         Tower Z orientation angle, node 11, rad
         67   -2.835E-03                                 F               0         Tower X translation velocity, node 1, m/s
         68   -1.653E-02                                 F               0         Tower Y translation velocity, node 1, m/s
         69    2.735E-03                                 F               0         Tower Z translation velocity, node 1, m/s
         70   -4.107E-03                                 F               0         Tower X translation velocity, node 2, m/s
         71   -2.794E-02                                 F               0         Tower Y translation velocity, node 2, m/s
         72    2.343E-03                                 F               0         Tower Z translation velocity, node 2, m/s
         73   -5.328E-03                                 F               0         Tower X translation velocity, node 3, m/s
         74   -3.957E-02                                 F               0         Tower Y translation velocity, node 3, m/s
         75    1.930E-03                                 F               0         Tower Z translation velocity, node 3, m/s
         76   -6.511E-03                                 F               0         Tower X translation velocity, node 4, m/s
         77   -5.136E-02                                 F               0         Tower Y translation velocity, node 4, m/s
         78    1.500E-03                                 F               0         Tower Z translation velocity, node 4, m/s
         79   -7.664E-03                                 F               0         Tower X translation velocity, node 5, m/s
         80   -6.329E-02                                 F               0         Tower Y translation velocity, node 5, m/s
         81    1.055E-03                                 F               0         Tower Z translation velocity, node 5, m/s
         82   -8.796E-03                                 F               0         Tower X translation velocity, node 6, m/s
         83   -7.535E-02                                 F               0         Tower Y translation velocity, node 6, m/s
         84    5.974E-04                                 F               0         Tower Z translation velocity, node 6, m/s
         85   -9.914E-03                                 F               0         Tower X translation velocity, node 7, m/s
         86   -8.750E-02                                 F               0         Tower Y translation velocity, node 7, m/s
         87    1.309E-04                                 F               0         Tower Z translation velocity, node 7, m/s
         88   -1.102E-02                                 F               0         Tower X translation velocity, node 8, m/s
         89   -9.973E-02                                 F               0         Tower Y translation velocity, node 8, m/s
         90   -3.434E-04                                 F               0         Tower Z translation velocity, node 8, m/s
         91   -1.212E-02                                 F               0         Tower X translation velocity, node 9, m/s
         92   -1.120E-01                                 F               0         Tower Y translation velocity, node 9, m/s
         93   -8.234E-04                                 F               0         Tower Z translation velocity, node 9, m/s
         94   -1.322E-02                                 F               0         Tower X translation velocity, node 10, m/s
         95   -1.244E-01                                 F               0         Tower Y translation velocity, node 10, m/s
         96   -1.307E-03                                 F               0         Tower Z translation velocity, node 10, m/s
         97   -1.432E-02                                 F               0         Tower X translation velocity, node 11, m/s
         98   -1.367E-01                                 F               0         Tower Y translation velocity, node 11, m/s
         99   -1.793E-03                                 F               0         Tower Z translation velocity, node 11, m/s
        100    3.683E+01                                 F               0         Hub X translation displacement, node 1, m
        101   -8.240E+00                                 F               0         Hub Y translation displacement, node 1, m
        102   -6.616E-01                                 F               0         Hub Z translation displacement, node 1, m
        103    9.629E-01,  1.973E-02, -2.692E-01         F               0         Hub X orientation angle, node 1, rad
        104    4.843E-02,  9.685E-01,  2.442E-01         F               0         Hub Y orientation angle, node 1, rad
        105    2.655E-01, -2.482E-01,  9.316E-01         F               0         Hub Z orientation angle, node 1, rad
        106    1.003E+00                                 F               0         Hub X rotation velocity, node 1, rad/s
        107    2.044E-02                                 F               0         Hub Y rotation velocity, node 1, rad/s
        108   -2.802E-01                                 F               0         Hub Z rotation velocity, node 1, rad/s
        109    9.610E-01, -9.011E-03, -2.763E-01         F               0         Blade root 1 X orientation angle, node 1, rad
        110    7.698E-02,  9.687E-01,  2.361E-01         F               0         Blade root 1 Y orientation angle, node 1, rad
        111    2.655E-01, -2.482E-01,  9.316E-01         F               0         Blade root 1 Z orientation angle, node 1, rad
        112    9.564E-01,  4.046E-02, -2.894E-01         F               0         Blade root 2 X orientation angle, node 1, rad
        113    2.342E-01, -6.983E-01,  6.764E-01         F               0         Blade root 2 Y orientation angle, node 1, rad
        114   -1.747E-01, -7.147E-01, -6.773E-01         F               0         Blade root 2 Z orientation angle, node 1, rad
        115    9.700E-01,  2.771E-02, -2.415E-01         F               0         Blade root 3 X orientation angle, node 1, rad
        116   -2.255E-01, -2.686E-01, -9.365E-01         F               0         Blade root 3 Y orientation angle, node 1, rad
        117   -9.082E-02,  9.629E-01, -2.543E-01         F               0         Blade root 3 Z orientation angle, node 1, rad
        118    3.772E+01                                 F               0         Blade 1 X translation displacement, node 1, m
        119   -9.615E+00                                 F               0         Blade 1 Y translation displacement, node 1, m
        120   -1.010E+00                                 F               0         Blade 1 Z translation displacement, node 1, m
        121    3.794E+01                                 F               0         Blade 1 X translation displacement, node 2, m
        122   -9.946E+00                                 F               0         Blade 1 Y translation displacement, node 2, m
        123   -1.094E+00                                 F               0         Blade 1 Z translation displacement, node 2, m
        124    4.086E+01                                 F               0         Blade 1 X translation displacement, node 3, m
        125   -1.445E+01                                 F               0         Blade 1 Y translation displacement, node 3, m
        126   -2.236E+00                                 F               0         Blade 1 Z translation displacement, node 3, m
        127    4.148E+01                                 F               0         Blade 1 X translation displacement, node 4, m
        128   -1.541E+01                                 F               0         Blade 1 Y translation displacement, node 4, m
        129   -2.480E+00                                 F               0         Blade 1 Z translation displacement, node 4, m
        130    4.211E+01                                 F               0         Blade 1 X translation displacement, node 5, m
        131   -1.637E+01                                 F               0         Blade 1 Y translation displacement, node 5, m
        132   -2.723E+00                                 F               0         Blade 1 Z translation displacement, node 5, m
        133    4.273E+01                                 F               0         Blade 1 X translation displacement, node 6, m
        134   -1.733E+01                                 F               0         Blade 1 Y translation displacement, node 6, m
        135   -2.966E+00                                 F               0         Blade 1 Z translation displacement, node 6, m
        136    4.335E+01                                 F               0         Blade 1 X translation displacement, node 7, m
        137   -1.829E+01                                 F               0         Blade 1 Y translation displacement, node 7, m
        138   -3.210E+00                                 F               0         Blade 1 Z translation displacement, node 7, m
        139    4.398E+01                                 F               0         Blade 1 X translation displacement, node 8, m
        140   -1.925E+01                                 F               0         Blade 1 Y translation displacement, node 8, m
        141   -3.453E+00                                 F               0         Blade 1 Z translation displacement, node 8, m
        142    4.460E+01                                 F               0         Blade 1 X translation displacement, node 9, m
        143   -2.021E+01                                 F               0         Blade 1 Y translation displacement, node 9, m
        144   -3.696E+00                                 F               0         Blade 1 Z translation displacement, node 9, m
        145    4.522E+01                                 F               0         Blade 1 X translation displacement, node 10, m
        146   -2.117E+01                                 F               0         Blade 1 Y translation displacement, node 10, m
        147   -3.940E+00                                 F               0         Blade 1 Z translation displacement, node 10, m
        148    4.584E+01                                 F               0         Blade 1 X translation displacement, node 11, m
        149   -2.213E+01                                 F               0         Blade 1 Y translation displacement, node 11, m
        150   -4.183E+00                                 F               0         Blade 1 Z translation displacement, node 11, m
        151    4.647E+01                                 F               0         Blade 1 X translation displacement, node 12, m
        152   -2.309E+01                                 F               0         Blade 1 Y translation displacement, node 12, m
        153   -4.426E+00                                 F               0         Blade 1 Z translation displacement, node 12, m
        154    4.709E+01                                 F               0         Blade 1 X translation displacement, node 13, m
        155   -2.405E+01                                 F               0         Blade 1 Y translation displacement, node 13, m
        156   -4.670E+00                                 F               0         Blade 1 Z translation displacement, node 13, m
        157    4.771E+01                                 F               0         Blade 1 X translation displacement, node 14, m
        158   -2.501E+01                                 F               0         Blade 1 Y translation displacement, node 14, m
        159   -4.913E+00                                 F               0         Blade 1 Z translation displacement, node 14, m
        160    4.833E+01                                 F               0         Blade 1 X translation displacement, node 15, m
        161   -2.597E+01                                 F               0         Blade 1 Y translation displacement, node 15, m
        162   -5.156E+00                                 F               0         Blade 1 Z translation displacement, node 15, m
        163    4.896E+01                                 F               0         Blade 1 X translation displacement, node 16, m
        164   -2.693E+01                                 F               0         Blade 1 Y translation displacement, node 16, m
        165   -5.400E+00                                 F               0         Blade 1 Z translation displacement, node 16, m
        166    4.958E+01                                 F               0         Blade 1 X translation displacement, node 17, m
        167   -2.789E+01                                 F               0         Blade 1 Y translation displacement, node 17, m
        168   -5.643E+00                                 F               0         Blade 1 Z translation displacement, node 17, m
        169    5.020E+01                                 F               0         Blade 1 X translation displacement, node 18, m
        170   -2.885E+01                                 F               0         Blade 1 Y translation displacement, node 18, m
        171   -5.886E+00                                 F               0         Blade 1 Z translation displacement, node 18, m
        172    5.083E+01                                 F               0         Blade 1 X translation displacement, node 19, m
        173   -2.981E+01                                 F               0         Blade 1 Y translation displacement, node 19, m
        174   -6.130E+00                                 F               0         Blade 1 Z translation displacement, node 19, m
        175    5.145E+01                                 F               0         Blade 1 X translation displacement, node 20, m
        176   -3.077E+01                                 F               0         Blade 1 Y translation displacement, node 20, m
        177   -6.373E+00                                 F               0         Blade 1 Z translation displacement, node 20, m
        178    5.207E+01                                 F               0         Blade 1 X translation displacement, node 21, m
        179   -3.173E+01                                 F               0         Blade 1 Y translation displacement, node 21, m
        180   -6.616E+00                                 F               0         Blade 1 Z translation displacement, node 21, m
        181    5.269E+01                                 F               0         Blade 1 X translation displacement, node 22, m
        182   -3.269E+01                                 F               0         Blade 1 Y translation displacement, node 22, m
        183   -6.860E+00                                 F               0         Blade 1 Z translation displacement, node 22, m
        184    5.332E+01                                 F               0         Blade 1 X translation displacement, node 23, m
        185   -3.365E+01                                 F               0         Blade 1 Y translation displacement, node 23, m
        186   -7.103E+00                                 F               0         Blade 1 Z translation displacement, node 23, m
        187    5.394E+01                                 F               0         Blade 1 X translation displacement, node 24, m
        188   -3.461E+01                                 F               0         Blade 1 Y translation displacement, node 24, m
        189   -7.346E+00                                 F               0         Blade 1 Z translation displacement, node 24, m
        190    5.456E+01                                 F               0         Blade 1 X translation displacement, node 25, m
        191   -3.557E+01                                 F               0         Blade 1 Y translation displacement, node 25, m
        192   -7.590E+00                                 F               0         Blade 1 Z translation displacement, node 25, m
        193    5.518E+01                                 F               0         Blade 1 X translation displacement, node 26, m
        194   -3.653E+01                                 F               0         Blade 1 Y translation displacement, node 26, m
        195   -7.833E+00                                 F               0         Blade 1 Z translation displacement, node 26, m
        196    5.581E+01                                 F               0         Blade 1 X translation displacement, node 27, m
        197   -3.749E+01                                 F               0         Blade 1 Y translation displacement, node 27, m
        198   -8.076E+00                                 F               0         Blade 1 Z translation displacement, node 27, m
        199    5.634E+01                                 F               0         Blade 1 X translation displacement, node 28, m
        200   -3.830E+01                                 F               0         Blade 1 Y translation displacement, node 28, m
        201   -8.283E+00                                 F               0         Blade 1 Z translation displacement, node 28, m
        202    8.202E-01, -4.497E-01, -3.536E-01         F               0         Blade 1 X orientation angle, node 1, rad
        203    5.067E-01,  8.580E-01,  8.414E-02         F               0         Blade 1 Y orientation angle, node 1, rad
        204    2.655E-01, -2.482E-01,  9.316E-01         F               0         Blade 1 Z orientation angle, node 1, rad
        205    8.202E-01, -4.497E-01, -3.536E-01         F               0         Blade 1 X orientation angle, node 2, rad
        206    5.067E-01,  8.580E-01,  8.414E-02         F               0         Blade 1 Y orientation angle, node 2, rad
        207    2.655E-01, -2.482E-01,  9.316E-01         F               0         Blade 1 Z orientation angle, node 2, rad
        208    9.169E-01, -2.336E-01, -3.236E-01         F               0         Blade 1 X orientation angle, node 3, rad
        209    2.979E-01,  9.401E-01,  1.656E-01         F               0         Blade 1 Y orientation angle, node 3, rad
        210    2.655E-01, -2.482E-01,  9.316E-01         F               0         Blade 1 Z orientation angle, node 3, rad
        211    9.287E-01, -1.937E-01, -3.163E-01         F               0         Blade 1 X orientation angle, node 4, rad
        212    2.589E-01,  9.492E-01,  1.791E-01         F               0         Blade 1 Y orientation angle, node 4, rad
        213    2.655E-01, -2.482E-01,  9.316E-01         F               0         Blade 1 Z orientation angle, node 4, rad
        214    9.368E-01, -1.621E-01, -3.102E-01         F               0         Blade 1 X orientation angle, node 5, rad
        215    2.280E-01,  9.551E-01,  1.895E-01         F               0         Blade 1 Y orientation angle, node 5, rad
        216    2.655E-01, -2.482E-01,  9.316E-01         F               0         Blade 1 Z orientation angle, node 5, rad
        217    9.425E-01, -1.367E-01, -3.051E-01         F               0         Blade 1 X orientation angle, node 6, rad
        218    2.031E-01,  9.590E-01,  1.976E-01         F               0         Blade 1 Y orientation angle, node 6, rad
        219    2.655E-01, -2.482E-01,  9.316E-01         F               0         Blade 1 Z orientation angle, node 6, rad
        220    9.467E-01, -1.158E-01, -3.007E-01         F               0         Blade 1 X orientation angle, node 7, rad
        221    1.825E-01,  9.618E-01,  2.042E-01         F               0         Blade 1 Y orientation angle, node 7, rad
        222    2.655E-01, -2.482E-01,  9.316E-01         F               0         Blade 1 Z orientation angle, node 7, rad
        223    9.498E-01, -9.828E-02, -2.969E-01         F               0         Blade 1 X orientation angle, node 8, rad
        224    1.653E-01,  9.637E-01,  2.096E-01         F               0         Blade 1 Y orientation angle, node 8, rad
        225    2.655E-01, -2.482E-01,  9.316E-01         F               0         Blade 1 Z orientation angle, node 8, rad
        226    9.523E-01, -8.347E-02, -2.937E-01         F               0         Blade 1 X orientation angle, node 9, rad
        227    1.506E-01,  9.651E-01,  2.142E-01         F               0         Blade 1 Y orientation angle, node 9, rad
        228    2.655E-01, -2.482E-01,  9.316E-01         F               0         Blade 1 Z orientation angle, node 9, rad
        229    9.542E-01, -7.066E-02, -2.908E-01         F               0         Blade 1 X orientation angle, node 10, rad
        230    1.380E-01,  9.661E-01,  2.181E-01         F               0         Blade 1 Y orientation angle, node 10, rad
        231    2.655E-01, -2.482E-01,  9.316E-01         F               0         Blade 1 Z orientation angle, node 10, rad
        232    9.557E-01, -5.969E-02, -2.883E-01         F               0         Blade 1 X orientation angle, node 11, rad
        233    1.272E-01,  9.669E-01,  2.213E-01         F               0         Blade 1 Y orientation angle, node 11, rad
        234    2.655E-01, -2.482E-01,  9.316E-01         F               0         Blade 1 Z orientation angle, node 11, rad
        235    9.569E-01, -5.007E-02, -2.861E-01         F               0         Blade 1 X orientation angle, node 12, rad
        236    1.177E-01,  9.674E-01,  2.242E-01         F               0         Blade 1 Y orientation angle, node 12, rad
        237    2.655E-01, -2.482E-01,  9.316E-01         F               0         Blade 1 Z orientation angle, node 12, rad
        238    9.579E-01, -4.163E-02, -2.841E-01         F               0         Blade 1 X orientation angle, node 13, rad
        239    1.093E-01,  9.678E-01,  2.267E-01         F               0         Blade 1 Y orientation angle, node 13, rad
        240    2.655E-01, -2.482E-01,  9.316E-01         F               0         Blade 1 Z orientation angle, node 13, rad
        241    9.587E-01, -3.403E-02, -2.823E-01         F               0         Blade 1 X orientation angle, node 14, rad
        242    1.018E-01,  9.681E-01,  2.289E-01         F               0         Blade 1 Y orientation angle, node 14, rad
        243    2.655E-01, -2.482E-01,  9.316E-01         F               0         Blade 1 Z orientation angle, node 14, rad
        244    9.594E-01, -2.727E-02, -2.807E-01         F               0         Blade 1 X orientation angle, node 15, rad
        245    9.508E-02,  9.683E-01,  2.309E-01         F               0         Blade 1 Y orientation angle, node 15, rad
        246    2.655E-01, -2.482E-01,  9.316E-01         F               0         Blade 1 Z orientation angle, node 15, rad
        247    9.600E-01, -2.118E-02, -2.793E-01         F               0         Blade 1 X orientation angle, node 16, rad
        248    8.905E-02,  9.685E-01,  2.326E-01         F               0         Blade 1 Y orientation angle, node 16, rad
        249    2.655E-01, -2.482E-01,  9.316E-01         F               0         Blade 1 Z orientation angle, node 16, rad
        250    9.605E-01, -1.577E-02, -2.780E-01         F               0         Blade 1 X orientation angle, node 17, rad
        251    8.368E-02,  9.686E-01,  2.342E-01         F               0         Blade 1 Y orientation angle, node 17, rad
        252    2.655E-01, -2.482E-01,  9.316E-01         F               0         Blade 1 Z orientation angle, node 17, rad
        253    9.609E-01, -1.070E-02, -2.767E-01         F               0         Blade 1 X orientation angle, node 18, rad
        254    7.865E-02,  9.687E-01,  2.356E-01         F               0         Blade 1 Y orientation angle, node 18, rad
        255    2.655E-01, -2.482E-01,  9.316E-01         F               0         Blade 1 Z orientation angle, node 18, rad
        256    9.612E-01, -6.137E-03, -2.756E-01         F               0         Blade 1 X orientation angle, node 19, rad
        257    7.412E-02,  9.687E-01,  2.369E-01         F               0         Blade 1 Y orientation angle, node 19, rad
        258    2.655E-01, -2.482E-01,  9.316E-01         F               0         Blade 1 Z orientation angle, node 19, rad
        259    9.615E-01, -2.079E-03, -2.746E-01         F               0         Blade 1 X orientation angle, node 20, rad
        260    7.010E-02,  9.687E-01,  2.381E-01         F               0         Blade 1 Y orientation angle, node 20, rad
        261    2.655E-01, -2.482E-01,  9.316E-01         F               0         Blade 1 Z orientation angle, node 20, rad
        262    9.618E-01,  1.809E-03, -2.737E-01         F               0         Blade 1 X orientation angle, node 21, rad
        263    6.624E-02,  9.687E-01,  2.392E-01         F               0         Blade 1 Y orientation angle, node 21, rad
        264    2.655E-01, -2.482E-01,  9.316E-01         F               0         Blade 1 Z orientation angle, node 21, rad
        265    9.621E-01,  5.360E-03, -2.728E-01         F               0         Blade 1 X orientation angle, node 22, rad
        266    6.271E-02,  9.687E-01,  2.402E-01         F               0         Blade 1 Y orientation angle, node 22, rad
        267    2.655E-01, -2.482E-01,  9.316E-01         F               0         Blade 1 Z orientation angle, node 22, rad
        268    9.623E-01,  8.572E-03, -2.720E-01         F               0         Blade 1 X orientation angle, node 23, rad
        269    5.952E-02,  9.687E-01,  2.411E-01         F               0         Blade 1 Y orientation angle, node 23, rad
        270    2.655E-01, -2.482E-01,  9.316E-01         F               0         Blade 1 Z orientation angle, node 23, rad
        271    9.624E-01,  1.162E-02, -2.712E-01         F               0         Blade 1 X orientation angle, node 24, rad
        272    5.650E-02,  9.686E-01,  2.420E-01         F               0         Blade 1 Y orientation angle, node 24, rad
        273    2.655E-01, -2.482E-01,  9.316E-01         F               0         Blade 1 Z orientation angle, node 24, rad
        274    9.626E-01,  1.449E-02, -2.705E-01         F               0         Blade 1 X orientation angle, node 25, rad
        275    5.364E-02,  9.686E-01,  2.428E-01         F               0         Blade 1 Y orientation angle, node 25, rad
        276    2.655E-01, -2.482E-01,  9.316E-01         F               0         Blade 1 Z orientation angle, node 25, rad
        277    9.627E-01,  1.703E-02, -2.699E-01         F               0         Blade 1 X orientation angle, node 26, rad
        278    5.112E-02,  9.686E-01,  2.435E-01         F               0         Blade 1 Y orientation angle, node 26, rad
        279    2.655E-01, -2.482E-01,  9.316E-01         F               0         Blade 1 Z orientation angle, node 26, rad
        280    9.629E-01,  1.956E-02, -2.692E-01         F               0         Blade 1 X orientation angle, node 27, rad
        281    4.860E-02,  9.685E-01,  2.442E-01         F               0         Blade 1 Y orientation angle, node 27, rad
        282    2.655E-01, -2.482E-01,  9.316E-01         F               0         Blade 1 Z orientation angle, node 27, rad
        283    9.629E-01,  2.091E-02, -2.689E-01         F               0         Blade 1 X orientation angle, node 28, rad
        284    4.726E-02,  9.685E-01,  2.446E-01         F               0         Blade 1 Y orientation angle, node 28, rad
        285    2.655E-01, -2.482E-01,  9.316E-01         F               0         Blade 1 Z orientation angle, node 28, rad
        286   -2.949E-01                                 F               0         Blade 1 X translation velocity, node 1, m/s
        287   -5.735E+00                                 F               0         Blade 1 Y translation velocity, node 1, m/s
        288   -1.412E+00                                 F               0         Blade 1 Z translation velocity, node 1, m/s
        289   -3.623E-01                                 F               0         Blade 1 X translation velocity, node 2, m/s
        290   -7.082E+00                                 F               0         Blade 1 Y translation velocity, node 2, m/s
        291   -1.752E+00                                 F               0         Blade 1 Z translation velocity, node 2, m/s
        292   -1.279E+00                                 F               0         Blade 1 X translation velocity, node 3, m/s
        293   -2.540E+01                                 F               0         Blade 1 Y translation velocity, node 3, m/s
        294   -6.370E+00                                 F               0         Blade 1 Z translation velocity, node 3, m/s
        295   -1.474E+00                                 F               0         Blade 1 X translation velocity, node 4, m/s
        296   -2.930E+01                                 F               0         Blade 1 Y translation velocity, node 4, m/s
        297   -7.354E+00                                 F               0         Blade 1 Z translation velocity, node 4, m/s
        298   -1.669E+00                                 F               0         Blade 1 X translation velocity, node 5, m/s
        299   -3.320E+01                                 F               0         Blade 1 Y translation velocity, node 5, m/s
        300   -8.338E+00                                 F               0         Blade 1 Z translation velocity, node 5, m/s
        301   -1.865E+00                                 F               0         Blade 1 X translation velocity, node 6, m/s
        302   -3.710E+01                                 F               0         Blade 1 Y translation velocity, node 6, m/s
        303   -9.321E+00                                 F               0         Blade 1 Z translation velocity, node 6, m/s
        304   -2.060E+00                                 F               0         Blade 1 X translation velocity, node 7, m/s
        305   -4.100E+01                                 F               0         Blade 1 Y translation velocity, node 7, m/s
        306   -1.031E+01                                 F               0         Blade 1 Z translation velocity, node 7, m/s
        307   -2.255E+00                                 F               0         Blade 1 X translation velocity, node 8, m/s
