
Linearized model: Predictions were generated on 12-Feb-2024 at 15:30:16 using OpenFAST, compiled as a 64-bit application using single precision at commit v3.5.1
 linked with  NWTC Subroutine Library; ElastoDyn; InflowWind; AeroDyn; ServoDyn; HydroDyn; MAP++ (<1.20.10>, <Oct-20-2023>)

Description from the FAST input file: CCT-9 Campign 4 model. Input files to be run with OpenFAST 3.5.0. GitHub branch from Lu Wang (https://github.com/luwang00/openfast/tree/dev) compiled on March 7, 2023.

Simulation information:
   Simulation time:                  1008.2000 s
   Rotor Speed:                         1.0425 rad/s
   Azimuth:                             3.2976 rad
   Wind Speed:                         12.0000 m/s
   Number of continuous states:         0
   Number of discrete states:           0
   Number of constraint states:         0
   Number of inputs:                 1746
   Number of outputs:                   4
   Jacobians included in this file?    No

Order of inputs:
     Column   Operating Point                     Rotating Frame? Derivative Order Description
   ---------- ---------------                     --------------- ---------------- -----------
          1    1.513E+01                                 F               0         Tower X translation displacement, node 1, m
          2   -1.173E+00                                 F               0         Tower Y translation displacement, node 1, m
          3   -4.890E-01                                 F               0         Tower Z translation displacement, node 1, m
          4    1.706E+01                                 F               0         Tower X translation displacement, node 2, m
          5   -1.818E+00                                 F               0         Tower Y translation displacement, node 2, m
          6   -6.570E-01                                 F               0         Tower Z translation displacement, node 2, m
          7    1.902E+01                                 F               0         Tower X translation displacement, node 3, m
          8   -2.469E+00                                 F               0         Tower Y translation displacement, node 3, m
          9   -8.309E-01                                 F               0         Tower Z translation displacement, node 3, m
         10    2.100E+01                                 F               0         Tower X translation displacement, node 4, m
         11   -3.126E+00                                 F               0         Tower Y translation displacement, node 4, m
         12   -1.009E+00                                 F               0         Tower Z translation displacement, node 4, m
         13    2.301E+01                                 F               0         Tower X translation displacement, node 5, m
         14   -3.787E+00                                 F               0         Tower Y translation displacement, node 5, m
         15   -1.192E+00                                 F               0         Tower Z translation displacement, node 5, m
         16    2.504E+01                                 F               0         Tower X translation displacement, node 6, m
         17   -4.453E+00                                 F               0         Tower Y translation displacement, node 6, m
         18   -1.377E+00                                 F               0         Tower Z translation displacement, node 6, m
         19    2.708E+01                                 F               0         Tower X translation displacement, node 7, m
         20   -5.121E+00                                 F               0         Tower Y translation displacement, node 7, m
         21   -1.565E+00                                 F               0         Tower Z translation displacement, node 7, m
         22    2.913E+01                                 F               0         Tower X translation displacement, node 8, m
         23   -5.791E+00                                 F               0         Tower Y translation displacement, node 8, m
         24   -1.755E+00                                 F               0         Tower Z translation displacement, node 8, m
         25    3.119E+01                                 F               0         Tower X translation displacement, node 9, m
         26   -6.464E+00                                 F               0         Tower Y translation displacement, node 9, m
         27   -1.946E+00                                 F               0         Tower Z translation displacement, node 9, m
         28    3.325E+01                                 F               0         Tower X translation displacement, node 10, m
         29   -7.138E+00                                 F               0         Tower Y translation displacement, node 10, m
         30   -2.139E+00                                 F               0         Tower Z translation displacement, node 10, m
         31    3.532E+01                                 F               0         Tower X translation displacement, node 11, m
         32   -7.813E+00                                 F               0         Tower Y translation displacement, node 11, m
         33   -2.332E+00                                 F               0         Tower Z translation displacement, node 11, m
         34    9.879E-01,  1.426E-02, -1.542E-01         F               0         Tower X orientation angle, node 1, rad
         35   -6.049E-03,  9.985E-01,  5.357E-02         F               0         Tower Y orientation angle, node 1, rad
         36    1.548E-01, -5.199E-02,  9.866E-01         F               0         Tower Z orientation angle, node 1, rad
         37    9.875E-01,  1.439E-02, -1.568E-01         F               0         Tower X orientation angle, node 2, rad
         38   -5.964E-03,  9.985E-01,  5.410E-02         F               0         Tower Y orientation angle, node 2, rad
         39    1.574E-01, -5.249E-02,  9.861E-01         F               0         Tower Z orientation angle, node 2, rad
         40    9.872E-01,  1.452E-02, -1.591E-01         F               0         Tower X orientation angle, node 3, rad
         41   -5.887E-03,  9.985E-01,  5.458E-02         F               0         Tower Y orientation angle, node 3, rad
         42    1.597E-01, -5.294E-02,  9.858E-01         F               0         Tower Z orientation angle, node 3, rad
         43    9.868E-01,  1.462E-02, -1.611E-01         F               0         Tower X orientation angle, node 4, rad
         44   -5.819E-03,  9.985E-01,  5.500E-02         F               0         Tower Y orientation angle, node 4, rad
         45    1.616E-01, -5.334E-02,  9.854E-01         F               0         Tower Z orientation angle, node 4, rad
         46    9.866E-01,  1.471E-02, -1.627E-01         F               0         Tower X orientation angle, node 5, rad
         47   -5.759E-03,  9.984E-01,  5.536E-02         F               0         Tower Y orientation angle, node 5, rad
         48    1.633E-01, -5.368E-02,  9.851E-01         F               0         Tower Z orientation angle, node 5, rad
         49    9.863E-01,  1.478E-02, -1.640E-01         F               0         Tower X orientation angle, node 6, rad
         50   -5.709E-03,  9.984E-01,  5.566E-02         F               0         Tower Y orientation angle, node 6, rad
         51    1.646E-01, -5.397E-02,  9.849E-01         F               0         Tower Z orientation angle, node 6, rad
         52    9.862E-01,  1.484E-02, -1.650E-01         F               0         Tower X orientation angle, node 7, rad
         53   -5.669E-03,  9.984E-01,  5.590E-02         F               0         Tower Y orientation angle, node 7, rad
         54    1.656E-01, -5.420E-02,  9.847E-01         F               0         Tower Z orientation angle, node 7, rad
         55    9.860E-01,  1.488E-02, -1.658E-01         F               0         Tower X orientation angle, node 8, rad
         56   -5.637E-03,  9.984E-01,  5.609E-02         F               0         Tower Y orientation angle, node 8, rad
         57    1.664E-01, -5.438E-02,  9.846E-01         F               0         Tower Z orientation angle, node 8, rad
         58    9.860E-01,  1.491E-02, -1.663E-01         F               0         Tower X orientation angle, node 9, rad
         59   -5.614E-03,  9.984E-01,  5.623E-02         F               0         Tower Y orientation angle, node 9, rad
         60    1.669E-01, -5.451E-02,  9.845E-01         F               0         Tower Z orientation angle, node 9, rad
         61    9.859E-01,  1.493E-02, -1.667E-01         F               0         Tower X orientation angle, node 10, rad
         62   -5.599E-03,  9.984E-01,  5.632E-02         F               0         Tower Y orientation angle, node 10, rad
         63    1.673E-01, -5.459E-02,  9.844E-01         F               0         Tower Z orientation angle, node 10, rad
         64    9.859E-01,  1.494E-02, -1.669E-01         F               0         Tower X orientation angle, node 11, rad
         65   -5.590E-03,  9.984E-01,  5.637E-02         F               0         Tower Y orientation angle, node 11, rad
         66    1.674E-01, -5.464E-02,  9.844E-01         F               0         Tower Z orientation angle, node 11, rad
         67   -6.666E-04                                 F               0         Tower X translation velocity, node 1, m/s
         68    4.312E-03                                 F               0         Tower Y translation velocity, node 1, m/s
         69    5.973E-03                                 F               0         Tower Z translation velocity, node 1, m/s
         70   -1.497E-03                                 F               0         Tower X translation velocity, node 2, m/s
         71    7.722E-03                                 F               0         Tower Y translation velocity, node 2, m/s
         72    6.285E-03                                 F               0         Tower Z translation velocity, node 2, m/s
         73   -2.429E-03                                 F               0         Tower X translation velocity, node 3, m/s
         74    1.121E-02                                 F               0         Tower Y translation velocity, node 3, m/s
         75    6.621E-03                                 F               0         Tower Z translation velocity, node 3, m/s
         76   -3.439E-03                                 F               0         Tower X translation velocity, node 4, m/s
         77    1.475E-02                                 F               0         Tower Y translation velocity, node 4, m/s
         78    6.977E-03                                 F               0         Tower Z translation velocity, node 4, m/s
         79   -4.514E-03                                 F               0         Tower X translation velocity, node 5, m/s
         80    1.834E-02                                 F               0         Tower Y translation velocity, node 5, m/s
         81    7.350E-03                                 F               0         Tower Z translation velocity, node 5, m/s
         82   -5.642E-03                                 F               0         Tower X translation velocity, node 6, m/s
         83    2.198E-02                                 F               0         Tower Y translation velocity, node 6, m/s
         84    7.736E-03                                 F               0         Tower Z translation velocity, node 6, m/s
         85   -6.809E-03                                 F               0         Tower X translation velocity, node 7, m/s
         86    2.566E-02                                 F               0         Tower Y translation velocity, node 7, m/s
         87    8.134E-03                                 F               0         Tower Z translation velocity, node 7, m/s
         88   -8.008E-03                                 F               0         Tower X translation velocity, node 8, m/s
         89    2.936E-02                                 F               0         Tower Y translation velocity, node 8, m/s
         90    8.540E-03                                 F               0         Tower Z translation velocity, node 8, m/s
         91   -9.231E-03                                 F               0         Tower X translation velocity, node 9, m/s
         92    3.309E-02                                 F               0         Tower Y translation velocity, node 9, m/s
         93    8.954E-03                                 F               0         Tower Z translation velocity, node 9, m/s
         94   -1.047E-02                                 F               0         Tower X translation velocity, node 10, m/s
         95    3.684E-02                                 F               0         Tower Y translation velocity, node 10, m/s
         96    9.372E-03                                 F               0         Tower Z translation velocity, node 10, m/s
         97   -1.172E-02                                 F               0         Tower X translation velocity, node 11, m/s
         98    4.060E-02                                 F               0         Tower Y translation velocity, node 11, m/s
         99    9.792E-03                                 F               0         Tower Z translation velocity, node 11, m/s
        100    3.679E+01                                 F               0         Hub X translation displacement, node 1, m
        101   -8.404E+00                                 F               0         Hub Y translation displacement, node 1, m
        102   -6.523E-01                                 F               0         Hub Z translation displacement, node 1, m
        103    9.630E-01,  2.057E-02, -2.688E-01         F               0         Hub X orientation angle, node 1, rad
        104   -3.637E-02, -9.781E-01, -2.051E-01         F               0         Hub Y orientation angle, node 1, rad
        105   -2.672E-01,  2.073E-01, -9.411E-01         F               0         Hub Z orientation angle, node 1, rad
        106    1.004E+00                                 F               0         Hub X rotation velocity, node 1, rad/s
        107    2.132E-02                                 F               0         Hub Y rotation velocity, node 1, rad/s
        108   -2.798E-01                                 F               0         Hub Z rotation velocity, node 1, rad/s
        109    9.636E-01,  4.958E-02, -2.626E-01         F               0         Blade root 1 X orientation angle, node 1, rad
        110   -7.786E-03, -9.770E-01, -2.130E-01         F               0         Blade root 1 Y orientation angle, node 1, rad
        111   -2.672E-01,  2.073E-01, -9.411E-01         F               0         Blade root 1 Z orientation angle, node 1, rad
        112    9.689E-01,  7.286E-04, -2.476E-01         F               0         Blade root 2 X orientation angle, node 1, rad
        113   -1.845E-01,  6.689E-01, -7.201E-01         F               0         Blade root 2 Y orientation angle, node 1, rad
        114    1.651E-01,  7.434E-01,  6.482E-01         F               0         Blade root 2 Z orientation angle, node 1, rad
        115    9.551E-01,  1.138E-02, -2.959E-01         F               0         Blade root 3 X orientation angle, node 1, rad
        116    2.780E-01,  3.100E-01,  9.092E-01         F               0         Blade root 3 Y orientation angle, node 1, rad
        117    1.021E-01, -9.507E-01,  2.929E-01         F               0         Blade root 3 Z orientation angle, node 1, rad
        118    3.473E+01                                 F               0         Blade 1 X translation displacement, node 1, m
        119   -7.255E+00                                 F               0         Blade 1 Y translation displacement, node 1, m
        120   -1.138E+01                                 F               0         Blade 1 Z translation displacement, node 1, m
        121    3.423E+01                                 F               0         Blade 1 X translation displacement, node 2, m
        122   -6.978E+00                                 F               0         Blade 1 Y translation displacement, node 2, m
        123   -1.396E+01                                 F               0         Blade 1 Z translation displacement, node 2, m
        124    2.749E+01                                 F               0         Blade 1 X translation displacement, node 3, m
        125   -3.216E+00                                 F               0         Blade 1 Y translation displacement, node 3, m
        126   -4.910E+01                                 F               0         Blade 1 Z translation displacement, node 3, m
        127    2.605E+01                                 F               0         Blade 1 X translation displacement, node 4, m
        128   -2.414E+00                                 F               0         Blade 1 Y translation displacement, node 4, m
        129   -5.658E+01                                 F               0         Blade 1 Z translation displacement, node 4, m
        130    2.461E+01                                 F               0         Blade 1 X translation displacement, node 5, m
        131   -1.612E+00                                 F               0         Blade 1 Y translation displacement, node 5, m
        132   -6.407E+01                                 F               0         Blade 1 Z translation displacement, node 5, m
        133    2.317E+01                                 F               0         Blade 1 X translation displacement, node 6, m
        134   -8.104E-01                                 F               0         Blade 1 Y translation displacement, node 6, m
        135   -7.155E+01                                 F               0         Blade 1 Z translation displacement, node 6, m
        136    2.174E+01                                 F               0         Blade 1 X translation displacement, node 7, m
        137   -8.663E-03                                 F               0         Blade 1 Y translation displacement, node 7, m
        138   -7.904E+01                                 F               0         Blade 1 Z translation displacement, node 7, m
        139    2.030E+01                                 F               0         Blade 1 X translation displacement, node 8, m
        140    7.932E-01                                 F               0         Blade 1 Y translation displacement, node 8, m
        141   -8.653E+01                                 F               0         Blade 1 Z translation displacement, node 8, m
        142    1.886E+01                                 F               0         Blade 1 X translation displacement, node 9, m
        143    1.595E+00                                 F               0         Blade 1 Y translation displacement, node 9, m
        144   -9.401E+01                                 F               0         Blade 1 Z translation displacement, node 9, m
        145    1.742E+01                                 F               0         Blade 1 X translation displacement, node 10, m
        146    2.397E+00                                 F               0         Blade 1 Y translation displacement, node 10, m
        147   -1.015E+02                                 F               0         Blade 1 Z translation displacement, node 10, m
        148    1.599E+01                                 F               0         Blade 1 X translation displacement, node 11, m
        149    3.198E+00                                 F               0         Blade 1 Y translation displacement, node 11, m
        150   -1.090E+02                                 F               0         Blade 1 Z translation displacement, node 11, m
        151    1.455E+01                                 F               0         Blade 1 X translation displacement, node 12, m
        152    4.000E+00                                 F               0         Blade 1 Y translation displacement, node 12, m
        153   -1.165E+02                                 F               0         Blade 1 Z translation displacement, node 12, m
        154    1.311E+01                                 F               0         Blade 1 X translation displacement, node 13, m
        155    4.802E+00                                 F               0         Blade 1 Y translation displacement, node 13, m
        156   -1.240E+02                                 F               0         Blade 1 Z translation displacement, node 13, m
        157    1.167E+01                                 F               0         Blade 1 X translation displacement, node 14, m
        158    5.604E+00                                 F               0         Blade 1 Y translation displacement, node 14, m
        159   -1.314E+02                                 F               0         Blade 1 Z translation displacement, node 14, m
        160    1.023E+01                                 F               0         Blade 1 X translation displacement, node 15, m
        161    6.405E+00                                 F               0         Blade 1 Y translation displacement, node 15, m
        162   -1.389E+02                                 F               0         Blade 1 Z translation displacement, node 15, m
        163    8.797E+00                                 F               0         Blade 1 X translation displacement, node 16, m
        164    7.207E+00                                 F               0         Blade 1 Y translation displacement, node 16, m
        165   -1.464E+02                                 F               0         Blade 1 Z translation displacement, node 16, m
        166    7.359E+00                                 F               0         Blade 1 X translation displacement, node 17, m
        167    8.009E+00                                 F               0         Blade 1 Y translation displacement, node 17, m
        168   -1.539E+02                                 F               0         Blade 1 Z translation displacement, node 17, m
        169    5.922E+00                                 F               0         Blade 1 X translation displacement, node 18, m
        170    8.810E+00                                 F               0         Blade 1 Y translation displacement, node 18, m
        171   -1.614E+02                                 F               0         Blade 1 Z translation displacement, node 18, m
        172    4.484E+00                                 F               0         Blade 1 X translation displacement, node 19, m
        173    9.612E+00                                 F               0         Blade 1 Y translation displacement, node 19, m
        174   -1.689E+02                                 F               0         Blade 1 Z translation displacement, node 19, m
        175    3.047E+00                                 F               0         Blade 1 X translation displacement, node 20, m
        176    1.041E+01                                 F               0         Blade 1 Y translation displacement, node 20, m
        177   -1.764E+02                                 F               0         Blade 1 Z translation displacement, node 20, m
        178    1.609E+00                                 F               0         Blade 1 X translation displacement, node 21, m
        179    1.122E+01                                 F               0         Blade 1 Y translation displacement, node 21, m
        180   -1.838E+02                                 F               0         Blade 1 Z translation displacement, node 21, m
        181    1.713E-01                                 F               0         Blade 1 X translation displacement, node 22, m
        182    1.202E+01                                 F               0         Blade 1 Y translation displacement, node 22, m
        183   -1.913E+02                                 F               0         Blade 1 Z translation displacement, node 22, m
        184   -1.266E+00                                 F               0         Blade 1 X translation displacement, node 23, m
        185    1.282E+01                                 F               0         Blade 1 Y translation displacement, node 23, m
        186   -1.988E+02                                 F               0         Blade 1 Z translation displacement, node 23, m
        187   -2.704E+00                                 F               0         Blade 1 X translation displacement, node 24, m
        188    1.362E+01                                 F               0         Blade 1 Y translation displacement, node 24, m
        189   -2.063E+02                                 F               0         Blade 1 Z translation displacement, node 24, m
        190   -4.141E+00                                 F               0         Blade 1 X translation displacement, node 25, m
        191    1.442E+01                                 F               0         Blade 1 Y translation displacement, node 25, m
        192   -2.138E+02                                 F               0         Blade 1 Z translation displacement, node 25, m
        193   -5.579E+00                                 F               0         Blade 1 X translation displacement, node 26, m
        194    1.522E+01                                 F               0         Blade 1 Y translation displacement, node 26, m
        195   -2.213E+02                                 F               0         Blade 1 Z translation displacement, node 26, m
        196   -7.017E+00                                 F               0         Blade 1 X translation displacement, node 27, m
        197    1.603E+01                                 F               0         Blade 1 Y translation displacement, node 27, m
        198   -2.288E+02                                 F               0         Blade 1 Z translation displacement, node 27, m
        199   -8.235E+00                                 F               0         Blade 1 X translation displacement, node 28, m
        200    1.671E+01                                 F               0         Blade 1 Y translation displacement, node 28, m
        201   -2.351E+02                                 F               0         Blade 1 Z translation displacement, node 28, m
        202    8.611E-01,  4.897E-01, -1.366E-01         F               0         Blade 1 X orientation angle, node 1, rad
        203    4.325E-01, -8.469E-01, -3.093E-01         F               0         Blade 1 Y orientation angle, node 1, rad
        204   -2.672E-01,  2.073E-01, -9.411E-01         F               0         Blade 1 Z orientation angle, node 1, rad
        205    8.611E-01,  4.897E-01, -1.366E-01         F               0         Blade 1 X orientation angle, node 2, rad
        206    4.325E-01, -8.469E-01, -3.093E-01         F               0         Blade 1 Y orientation angle, node 2, rad
        207   -2.672E-01,  2.073E-01, -9.411E-01         F               0         Blade 1 Z orientation angle, node 2, rad
        208    9.391E-01,  2.750E-01, -2.060E-01         F               0         Blade 1 X orientation angle, node 3, rad
        209    2.161E-01, -9.388E-01, -2.681E-01         F               0         Blade 1 Y orientation angle, node 3, rad
        210   -2.672E-01,  2.073E-01, -9.411E-01         F               0         Blade 1 Z orientation angle, node 3, rad
        211    9.474E-01,  2.351E-01, -2.172E-01         F               0         Blade 1 X orientation angle, node 4, rad
        212    1.762E-01, -9.496E-01, -2.592E-01         F               0         Blade 1 Y orientation angle, node 4, rad
        213   -2.672E-01,  2.073E-01, -9.411E-01         F               0         Blade 1 Z orientation angle, node 4, rad
        214    9.527E-01,  2.035E-01, -2.256E-01         F               0         Blade 1 X orientation angle, node 5, rad
        215    1.447E-01, -9.569E-01, -2.519E-01         F               0         Blade 1 Y orientation angle, node 5, rad
        216   -2.672E-01,  2.073E-01, -9.411E-01         F               0         Blade 1 Z orientation angle, node 5, rad
        217    9.562E-01,  1.780E-01, -2.322E-01         F               0         Blade 1 X orientation angle, node 6, rad
        218    1.194E-01, -9.619E-01, -2.458E-01         F               0         Blade 1 Y orientation angle, node 6, rad
        219   -2.672E-01,  2.073E-01, -9.411E-01         F               0         Blade 1 Z orientation angle, node 6, rad
        220    9.586E-01,  1.570E-01, -2.376E-01         F               0         Blade 1 X orientation angle, node 7, rad
        221    9.851E-02, -9.656E-01, -2.407E-01         F               0         Blade 1 Y orientation angle, node 7, rad
        222   -2.672E-01,  2.073E-01, -9.411E-01         F               0         Blade 1 Z orientation angle, node 7, rad
        223    9.602E-01,  1.394E-01, -2.419E-01         F               0         Blade 1 X orientation angle, node 8, rad
        224    8.109E-02, -9.683E-01, -2.363E-01         F               0         Blade 1 Y orientation angle, node 8, rad
        225   -2.672E-01,  2.073E-01, -9.411E-01         F               0         Blade 1 Z orientation angle, node 8, rad
        226    9.614E-01,  1.246E-01, -2.455E-01         F               0         Blade 1 X orientation angle, node 9, rad
        227    6.633E-02, -9.703E-01, -2.326E-01         F               0         Blade 1 Y orientation angle, node 9, rad
        228   -2.672E-01,  2.073E-01, -9.411E-01         F               0         Blade 1 Z orientation angle, node 9, rad
        229    9.622E-01,  1.117E-01, -2.485E-01         F               0         Blade 1 X orientation angle, node 10, rad
        230    5.358E-02, -9.719E-01, -2.293E-01         F               0         Blade 1 Y orientation angle, node 10, rad
        231   -2.672E-01,  2.073E-01, -9.411E-01         F               0         Blade 1 Z orientation angle, node 10, rad
        232    9.627E-01,  1.006E-01, -2.511E-01         F               0         Blade 1 X orientation angle, node 11, rad
        233    4.266E-02, -9.731E-01, -2.264E-01         F               0         Blade 1 Y orientation angle, node 11, rad
        234   -2.672E-01,  2.073E-01, -9.411E-01         F               0         Blade 1 Z orientation angle, node 11, rad
        235    9.631E-01,  9.096E-02, -2.534E-01         F               0         Blade 1 X orientation angle, node 12, rad
        236    3.308E-02, -9.740E-01, -2.239E-01         F               0         Blade 1 Y orientation angle, node 12, rad
        237   -2.672E-01,  2.073E-01, -9.411E-01         F               0         Blade 1 Z orientation angle, node 12, rad
        238    9.633E-01,  8.245E-02, -2.553E-01         F               0         Blade 1 X orientation angle, node 13, rad
        239    2.467E-02, -9.748E-01, -2.217E-01         F               0         Blade 1 Y orientation angle, node 13, rad
        240   -2.672E-01,  2.073E-01, -9.411E-01         F               0         Blade 1 Z orientation angle, node 13, rad
        241    9.635E-01,  7.480E-02, -2.571E-01         F               0         Blade 1 X orientation angle, node 14, rad
        242    1.710E-02, -9.754E-01, -2.197E-01         F               0         Blade 1 Y orientation angle, node 14, rad
        243   -2.672E-01,  2.073E-01, -9.411E-01         F               0         Blade 1 Z orientation angle, node 14, rad
        244    9.636E-01,  6.798E-02, -2.586E-01         F               0         Blade 1 X orientation angle, node 15, rad
        245    1.038E-02, -9.759E-01, -2.179E-01         F               0         Blade 1 Y orientation angle, node 15, rad
        246   -2.672E-01,  2.073E-01, -9.411E-01         F               0         Blade 1 Z orientation angle, node 15, rad
        247    9.636E-01,  6.185E-02, -2.599E-01         F               0         Blade 1 X orientation angle, node 16, rad
        248    4.324E-03, -9.763E-01, -2.163E-01         F               0         Blade 1 Y orientation angle, node 16, rad
        249   -2.672E-01,  2.073E-01, -9.411E-01         F               0         Blade 1 Z orientation angle, node 16, rad
        250    9.637E-01,  5.640E-02, -2.611E-01         F               0         Blade 1 X orientation angle, node 17, rad
        251   -1.058E-03, -9.767E-01, -2.148E-01         F               0         Blade 1 Y orientation angle, node 17, rad
        252   -2.672E-01,  2.073E-01, -9.411E-01         F               0         Blade 1 Z orientation angle, node 17, rad
        253    9.636E-01,  5.128E-02, -2.623E-01         F               0         Blade 1 X orientation angle, node 18, rad
        254   -6.104E-03, -9.769E-01, -2.135E-01         F               0         Blade 1 Y orientation angle, node 18, rad
        255   -2.672E-01,  2.073E-01, -9.411E-01         F               0         Blade 1 Z orientation angle, node 18, rad
        256    9.636E-01,  4.668E-02, -2.633E-01         F               0         Blade 1 X orientation angle, node 19, rad
        257   -1.065E-02, -9.772E-01, -2.122E-01         F               0         Blade 1 Y orientation angle, node 19, rad
        258   -2.672E-01,  2.073E-01, -9.411E-01         F               0         Blade 1 Z orientation angle, node 19, rad
        259    9.635E-01,  4.258E-02, -2.642E-01         F               0         Blade 1 X orientation angle, node 20, rad
        260   -1.468E-02, -9.774E-01, -2.111E-01         F               0         Blade 1 Y orientation angle, node 20, rad
        261   -2.672E-01,  2.073E-01, -9.411E-01         F               0         Blade 1 Z orientation angle, node 20, rad
        262    9.635E-01,  3.866E-02, -2.650E-01         F               0         Blade 1 X orientation angle, node 21, rad
        263   -1.855E-02, -9.775E-01, -2.100E-01         F               0         Blade 1 Y orientation angle, node 21, rad
        264   -2.672E-01,  2.073E-01, -9.411E-01         F               0         Blade 1 Z orientation angle, node 21, rad
        265    9.634E-01,  3.508E-02, -2.658E-01         F               0         Blade 1 X orientation angle, node 22, rad
        266   -2.208E-02, -9.777E-01, -2.091E-01         F               0         Blade 1 Y orientation angle, node 22, rad
        267   -2.672E-01,  2.073E-01, -9.411E-01         F               0         Blade 1 Z orientation angle, node 22, rad
        268    9.633E-01,  3.184E-02, -2.665E-01         F               0         Blade 1 X orientation angle, node 23, rad
        269   -2.527E-02, -9.778E-01, -2.082E-01         F               0         Blade 1 Y orientation angle, node 23, rad
        270   -2.672E-01,  2.073E-01, -9.411E-01         F               0         Blade 1 Z orientation angle, node 23, rad
        271    9.632E-01,  2.876E-02, -2.671E-01         F               0         Blade 1 X orientation angle, node 24, rad
        272   -2.830E-02, -9.779E-01, -2.074E-01         F               0         Blade 1 Y orientation angle, node 24, rad
        273   -2.672E-01,  2.073E-01, -9.411E-01         F               0         Blade 1 Z orientation angle, node 24, rad
        274    9.631E-01,  2.586E-02, -2.677E-01         F               0         Blade 1 X orientation angle, node 25, rad
        275   -3.116E-02, -9.779E-01, -2.066E-01         F               0         Blade 1 Y orientation angle, node 25, rad
        276   -2.672E-01,  2.073E-01, -9.411E-01         F               0         Blade 1 Z orientation angle, node 25, rad
        277    9.631E-01,  2.330E-02, -2.683E-01         F               0         Blade 1 X orientation angle, node 26, rad
        278   -3.368E-02, -9.780E-01, -2.059E-01         F               0         Blade 1 Y orientation angle, node 26, rad
        279   -2.672E-01,  2.073E-01, -9.411E-01         F               0         Blade 1 Z orientation angle, node 26, rad
        280    9.630E-01,  2.074E-02, -2.688E-01         F               0         Blade 1 X orientation angle, node 27, rad
        281   -3.620E-02, -9.781E-01, -2.052E-01         F               0         Blade 1 Y orientation angle, node 27, rad
        282   -2.672E-01,  2.073E-01, -9.411E-01         F               0         Blade 1 Z orientation angle, node 27, rad
        283    9.629E-01,  1.938E-02, -2.691E-01         F               0         Blade 1 X orientation angle, node 28, rad
        284   -3.755E-02, -9.781E-01, -2.048E-01         F               0         Blade 1 Y orientation angle, node 28, rad
        285   -2.672E-01,  2.073E-01, -9.411E-01         F               0         Blade 1 Z orientation angle, node 28, rad
        286    1.976E-01                                 F               0         Blade 1 X translation velocity, node 1, m/s
        287    5.686E+00                                 F               0         Blade 1 Y translation velocity, node 1, m/s
        288    1.193E+00                                 F               0         Blade 1 Z translation velocity, node 1, m/s
        289    2.482E-01                                 F               0         Blade 1 X translation velocity, node 2, m/s
        290    7.047E+00                                 F               0         Blade 1 Y translation velocity, node 2, m/s
        291    1.478E+00                                 F               0         Blade 1 Z translation velocity, node 2, m/s
        292    9.370E-01                                 F               0         Blade 1 X translation velocity, node 3, m/s
        293    2.555E+01                                 F               0         Blade 1 Y translation velocity, node 3, m/s
        294    5.358E+00                                 F               0         Blade 1 Z translation velocity, node 3, m/s
        295    1.084E+00                                 F               0         Blade 1 X translation velocity, node 4, m/s
        296    2.949E+01                                 F               0         Blade 1 Y translation velocity, node 4, m/s
        297    6.185E+00                                 F               0         Blade 1 Z translation velocity, node 4, m/s
        298    1.231E+00                                 F               0         Blade 1 X translation velocity, node 5, m/s
        299    3.343E+01                                 F               0         Blade 1 Y translation velocity, node 5, m/s
        300    7.012E+00                                 F               0         Blade 1 Z translation velocity, node 5, m/s
        301    1.377E+00                                 F               0         Blade 1 X translation velocity, node 6, m/s
        302    3.738E+01                                 F               0         Blade 1 Y translation velocity, node 6, m/s
        303    7.838E+00                                 F               0         Blade 1 Z translation velocity, node 6, m/s
        304    1.524E+00                                 F               0         Blade 1 X translation velocity, node 7, m/s
        305    4.132E+01                                 F               0         Blade 1 Y translation velocity, node 7, m/s
        306    8.665E+00                                 F               0         Blade 1 Z translation velocity, node 7, m/s
        307    1.671E+00                                 F               0         Blade 1 X translation velocity, node 8, m/s
