
Linearized model: Predictions were generated on 06-Feb-2024 at 08:44:08 using OpenFAST, compiled as a 64-bit application using single precision at commit v3.5.1
 linked with  NWTC Subroutine Library; ElastoDyn; InflowWind; AeroDyn; ServoDyn; HydroDyn; MAP++ (<1.20.10>, <Oct-20-2023>)

Description from the FAST input file: CCT-9 Campign 4 model. Input files to be run with OpenFAST 3.5.0. GitHub branch from Lu Wang (https://github.com/luwang00/openfast/tree/dev) compiled on March 7, 2023.

Simulation information:
   Simulation time:                  2504.9750 s
   Rotor Speed:                         0.8852 rad/s
   Azimuth:                             1.2734 rad
   Wind Speed:                         10.0000 m/s
   Number of continuous states:         0
   Number of discrete states:           0
   Number of constraint states:         0
   Number of inputs:                 1746
   Number of outputs:                   4
   Jacobians included in this file?    No

Order of inputs:
     Column   Operating Point                     Rotating Frame? Derivative Order Description
   ---------- ---------------                     --------------- ---------------- -----------
          1    1.391E+01                                 F               0         Tower X translation displacement, node 1, m
          2    8.050E-02                                 F               0         Tower Y translation displacement, node 1, m
          3   -1.832E-01                                 F               0         Tower Z translation displacement, node 1, m
          4    1.488E+01                                 F               0         Tower X translation displacement, node 2, m
          5    1.176E-01                                 F               0         Tower Y translation displacement, node 2, m
          6   -2.218E-01                                 F               0         Tower Z translation displacement, node 2, m
          7    1.588E+01                                 F               0         Tower X translation displacement, node 3, m
          8    1.554E-01                                 F               0         Tower Y translation displacement, node 3, m
          9   -2.620E-01                                 F               0         Tower Z translation displacement, node 3, m
         10    1.689E+01                                 F               0         Tower X translation displacement, node 4, m
         11    1.936E-01                                 F               0         Tower Y translation displacement, node 4, m
         12   -3.034E-01                                 F               0         Tower Z translation displacement, node 4, m
         13    1.791E+01                                 F               0         Tower X translation displacement, node 5, m
         14    2.322E-01                                 F               0         Tower Y translation displacement, node 5, m
         15   -3.459E-01                                 F               0         Tower Z translation displacement, node 5, m
         16    1.894E+01                                 F               0         Tower X translation displacement, node 6, m
         17    2.712E-01                                 F               0         Tower Y translation displacement, node 6, m
         18   -3.892E-01                                 F               0         Tower Z translation displacement, node 6, m
         19    1.998E+01                                 F               0         Tower X translation displacement, node 7, m
         20    3.105E-01                                 F               0         Tower Y translation displacement, node 7, m
         21   -4.331E-01                                 F               0         Tower Z translation displacement, node 7, m
         22    2.103E+01                                 F               0         Tower X translation displacement, node 8, m
         23    3.500E-01                                 F               0         Tower Y translation displacement, node 8, m
         24   -4.776E-01                                 F               0         Tower Z translation displacement, node 8, m
         25    2.208E+01                                 F               0         Tower X translation displacement, node 9, m
         26    3.897E-01                                 F               0         Tower Y translation displacement, node 9, m
         27   -5.223E-01                                 F               0         Tower Z translation displacement, node 9, m
         28    2.313E+01                                 F               0         Tower X translation displacement, node 10, m
         29    4.295E-01                                 F               0         Tower Y translation displacement, node 10, m
         30   -5.673E-01                                 F               0         Tower Z translation displacement, node 10, m
         31    2.419E+01                                 F               0         Tower X translation displacement, node 11, m
         32    4.693E-01                                 F               0         Tower Y translation displacement, node 11, m
         33   -6.124E-01                                 F               0         Tower Z translation displacement, node 11, m
         34    9.969E-01,  1.299E-03, -7.829E-02         F               0         Tower X orientation angle, node 1, rad
         35   -1.529E-03,  1.000E+00, -2.875E-03         F               0         Tower Y orientation angle, node 1, rad
         36    7.828E-02,  2.986E-03,  9.969E-01         F               0         Tower Z orientation angle, node 1, rad
         37    9.968E-01,  1.295E-03, -7.982E-02         F               0         Tower X orientation angle, node 2, rad
         38   -1.533E-03,  1.000E+00, -2.919E-03         F               0         Tower Y orientation angle, node 2, rad
         39    7.982E-02,  3.032E-03,  9.968E-01         F               0         Tower Z orientation angle, node 2, rad
         40    9.967E-01,  1.291E-03, -8.116E-02         F               0         Tower X orientation angle, node 3, rad
         41   -1.536E-03,  1.000E+00, -2.959E-03         F               0         Tower Y orientation angle, node 3, rad
         42    8.116E-02,  3.074E-03,  9.967E-01         F               0         Tower Z orientation angle, node 3, rad
         43    9.966E-01,  1.287E-03, -8.228E-02         F               0         Tower X orientation angle, node 4, rad
         44   -1.539E-03,  1.000E+00, -2.993E-03         F               0         Tower Y orientation angle, node 4, rad
         45    8.228E-02,  3.110E-03,  9.966E-01         F               0         Tower Z orientation angle, node 4, rad
         46    9.965E-01,  1.284E-03, -8.319E-02         F               0         Tower X orientation angle, node 5, rad
         47   -1.541E-03,  1.000E+00, -3.023E-03         F               0         Tower Y orientation angle, node 5, rad
         48    8.319E-02,  3.141E-03,  9.965E-01         F               0         Tower Z orientation angle, node 5, rad
         49    9.965E-01,  1.282E-03, -8.391E-02         F               0         Tower X orientation angle, node 6, rad
         50   -1.543E-03,  1.000E+00, -3.049E-03         F               0         Tower Y orientation angle, node 6, rad
         51    8.391E-02,  3.167E-03,  9.965E-01         F               0         Tower Z orientation angle, node 6, rad
         52    9.964E-01,  1.280E-03, -8.445E-02         F               0         Tower X orientation angle, node 7, rad
         53   -1.545E-03,  1.000E+00, -3.069E-03         F               0         Tower Y orientation angle, node 7, rad
         54    8.444E-02,  3.188E-03,  9.964E-01         F               0         Tower Z orientation angle, node 7, rad
         55    9.964E-01,  1.279E-03, -8.483E-02         F               0         Tower X orientation angle, node 8, rad
         56   -1.546E-03,  1.000E+00, -3.085E-03         F               0         Tower Y orientation angle, node 8, rad
         57    8.483E-02,  3.205E-03,  9.964E-01         F               0         Tower Z orientation angle, node 8, rad
         58    9.964E-01,  1.278E-03, -8.509E-02         F               0         Tower X orientation angle, node 9, rad
         59   -1.547E-03,  1.000E+00, -3.096E-03         F               0         Tower Y orientation angle, node 9, rad
         60    8.509E-02,  3.217E-03,  9.964E-01         F               0         Tower Z orientation angle, node 9, rad
         61    9.964E-01,  1.278E-03, -8.524E-02         F               0         Tower X orientation angle, node 10, rad
         62   -1.548E-03,  1.000E+00, -3.104E-03         F               0         Tower Y orientation angle, node 10, rad
         63    8.524E-02,  3.225E-03,  9.964E-01         F               0         Tower Z orientation angle, node 10, rad
         64    9.964E-01,  1.277E-03, -8.532E-02         F               0         Tower X orientation angle, node 11, rad
         65   -1.548E-03,  1.000E+00, -3.108E-03         F               0         Tower Y orientation angle, node 11, rad
         66    8.532E-02,  3.229E-03,  9.963E-01         F               0         Tower Z orientation angle, node 11, rad
         67    4.923E-04                                 F               0         Tower X translation velocity, node 1, m/s
         68    5.168E-03                                 F               0         Tower Y translation velocity, node 1, m/s
         69   -1.892E-04                                 F               0         Tower Z translation velocity, node 1, m/s
         70    6.449E-04                                 F               0         Tower X translation velocity, node 2, m/s
         71    8.190E-03                                 F               0         Tower Y translation velocity, node 2, m/s
         72   -2.104E-04                                 F               0         Tower Z translation velocity, node 2, m/s
         73    7.585E-04                                 F               0         Tower X translation velocity, node 3, m/s
         74    1.126E-02                                 F               0         Tower Y translation velocity, node 3, m/s
         75   -2.290E-04                                 F               0         Tower Z translation velocity, node 3, m/s
         76    8.420E-04                                 F               0         Tower X translation velocity, node 4, m/s
         77    1.437E-02                                 F               0         Tower Y translation velocity, node 4, m/s
         78   -2.455E-04                                 F               0         Tower Z translation velocity, node 4, m/s
         79    8.999E-04                                 F               0         Tower X translation velocity, node 5, m/s
         80    1.751E-02                                 F               0         Tower Y translation velocity, node 5, m/s
         81   -2.601E-04                                 F               0         Tower Z translation velocity, node 5, m/s
         82    9.366E-04                                 F               0         Tower X translation velocity, node 6, m/s
         83    2.068E-02                                 F               0         Tower Y translation velocity, node 6, m/s
         84   -2.733E-04                                 F               0         Tower Z translation velocity, node 6, m/s
         85    9.576E-04                                 F               0         Tower X translation velocity, node 7, m/s
         86    2.387E-02                                 F               0         Tower Y translation velocity, node 7, m/s
         87   -2.852E-04                                 F               0         Tower Z translation velocity, node 7, m/s
         88    9.650E-04                                 F               0         Tower X translation velocity, node 8, m/s
         89    2.707E-02                                 F               0         Tower Y translation velocity, node 8, m/s
         90   -2.961E-04                                 F               0         Tower Z translation velocity, node 8, m/s
         91    9.625E-04                                 F               0         Tower X translation velocity, node 9, m/s
         92    3.029E-02                                 F               0         Tower Y translation velocity, node 9, m/s
         93   -3.063E-04                                 F               0         Tower Z translation velocity, node 9, m/s
         94    9.532E-04                                 F               0         Tower X translation velocity, node 10, m/s
         95    3.351E-02                                 F               0         Tower Y translation velocity, node 10, m/s
         96   -3.159E-04                                 F               0         Tower Z translation velocity, node 10, m/s
         97    9.400E-04                                 F               0         Tower X translation velocity, node 11, m/s
         98    3.674E-02                                 F               0         Tower Y translation velocity, node 11, m/s
         99   -3.252E-04                                 F               0         Tower Z translation velocity, node 11, m/s
        100    2.489E+01                                 F               0         Hub X translation displacement, node 1, m
        101    4.809E-01                                 F               0         Hub Y translation displacement, node 1, m
        102    2.805E-01                                 F               0         Hub Z translation displacement, node 1, m
        103    9.820E-01,  9.328E-04, -1.890E-01         F               0         Hub X orientation angle, node 1, rad
        104    1.802E-01,  2.962E-01,  9.380E-01         F               0         Hub Y orientation angle, node 1, rad
        105    5.686E-02, -9.551E-01,  2.907E-01         F               0         Hub Z orientation angle, node 1, rad
        106    8.690E-01                                 F               0         Hub X rotation velocity, node 1, rad/s
        107    8.245E-04                                 F               0         Hub Y rotation velocity, node 1, rad/s
        108   -1.673E-01                                 F               0         Hub Z rotation velocity, node 1, rad/s
        109    9.762E-01, -7.856E-03, -2.167E-01         F               0         Blade root 1 X orientation angle, node 1, rad
        110    2.093E-01,  2.961E-01,  9.319E-01         F               0         Blade root 1 Y orientation angle, node 1, rad
        111    5.686E-02, -9.551E-01,  2.907E-01         F               0         Blade root 1 Z orientation angle, node 1, rad
        112    9.828E-01,  2.987E-02, -1.825E-01         F               0         Blade root 2 X orientation angle, node 1, rad
        113   -1.173E-02, -9.748E-01, -2.227E-01         F               0         Blade root 2 Y orientation angle, node 1, rad
        114   -1.845E-01,  2.210E-01, -9.577E-01         F               0         Blade root 2 Z orientation angle, node 1, rad
        115    9.857E-01, -1.921E-02, -1.675E-01         F               0         Blade root 3 X orientation angle, node 1, rad
        116   -1.102E-01,  6.788E-01, -7.260E-01         F               0         Blade root 3 Y orientation angle, node 1, rad
        117    1.277E-01,  7.341E-01,  6.669E-01         F               0         Blade root 3 Z orientation angle, node 1, rad
        118    2.463E+01                                 F               0         Blade 1 X translation displacement, node 1, m
        119   -4.810E+00                                 F               0         Blade 1 Y translation displacement, node 1, m
        120   -3.619E+00                                 F               0         Blade 1 Z translation displacement, node 1, m
        121    2.457E+01                                 F               0         Blade 1 X translation displacement, node 2, m
        122   -6.085E+00                                 F               0         Blade 1 Y translation displacement, node 2, m
        123   -4.558E+00                                 F               0         Blade 1 Z translation displacement, node 2, m
        124    2.370E+01                                 F               0         Blade 1 X translation displacement, node 3, m
        125   -2.342E+01                                 F               0         Blade 1 Y translation displacement, node 3, m
        126   -1.733E+01                                 F               0         Blade 1 Z translation displacement, node 3, m
        127    2.352E+01                                 F               0         Blade 1 X translation displacement, node 4, m
        128   -2.712E+01                                 F               0         Blade 1 Y translation displacement, node 4, m
        129   -2.006E+01                                 F               0         Blade 1 Z translation displacement, node 4, m
        130    2.333E+01                                 F               0         Blade 1 X translation displacement, node 5, m
        131   -3.081E+01                                 F               0         Blade 1 Y translation displacement, node 5, m
        132   -2.278E+01                                 F               0         Blade 1 Z translation displacement, node 5, m
        133    2.315E+01                                 F               0         Blade 1 X translation displacement, node 6, m
        134   -3.451E+01                                 F               0         Blade 1 Y translation displacement, node 6, m
        135   -2.550E+01                                 F               0         Blade 1 Z translation displacement, node 6, m
        136    2.296E+01                                 F               0         Blade 1 X translation displacement, node 7, m
        137   -3.820E+01                                 F               0         Blade 1 Y translation displacement, node 7, m
        138   -2.822E+01                                 F               0         Blade 1 Z translation displacement, node 7, m
        139    2.278E+01                                 F               0         Blade 1 X translation displacement, node 8, m
        140   -4.189E+01                                 F               0         Blade 1 Y translation displacement, node 8, m
        141   -3.094E+01                                 F               0         Blade 1 Z translation displacement, node 8, m
        142    2.260E+01                                 F               0         Blade 1 X translation displacement, node 9, m
        143   -4.559E+01                                 F               0         Blade 1 Y translation displacement, node 9, m
        144   -3.367E+01                                 F               0         Blade 1 Z translation displacement, node 9, m
        145    2.241E+01                                 F               0         Blade 1 X translation displacement, node 10, m
        146   -4.928E+01                                 F               0         Blade 1 Y translation displacement, node 10, m
        147   -3.639E+01                                 F               0         Blade 1 Z translation displacement, node 10, m
        148    2.223E+01                                 F               0         Blade 1 X translation displacement, node 11, m
        149   -5.298E+01                                 F               0         Blade 1 Y translation displacement, node 11, m
        150   -3.911E+01                                 F               0         Blade 1 Z translation displacement, node 11, m
        151    2.204E+01                                 F               0         Blade 1 X translation displacement, node 12, m
        152   -5.667E+01                                 F               0         Blade 1 Y translation displacement, node 12, m
        153   -4.183E+01                                 F               0         Blade 1 Z translation displacement, node 12, m
        154    2.186E+01                                 F               0         Blade 1 X translation displacement, node 13, m
        155   -6.036E+01                                 F               0         Blade 1 Y translation displacement, node 13, m
        156   -4.455E+01                                 F               0         Blade 1 Z translation displacement, node 13, m
        157    2.167E+01                                 F               0         Blade 1 X translation displacement, node 14, m
        158   -6.406E+01                                 F               0         Blade 1 Y translation displacement, node 14, m
        159   -4.728E+01                                 F               0         Blade 1 Z translation displacement, node 14, m
        160    2.149E+01                                 F               0         Blade 1 X translation displacement, node 15, m
        161   -6.775E+01                                 F               0         Blade 1 Y translation displacement, node 15, m
        162   -5.000E+01                                 F               0         Blade 1 Z translation displacement, node 15, m
        163    2.131E+01                                 F               0         Blade 1 X translation displacement, node 16, m
        164   -7.145E+01                                 F               0         Blade 1 Y translation displacement, node 16, m
        165   -5.272E+01                                 F               0         Blade 1 Z translation displacement, node 16, m
        166    2.112E+01                                 F               0         Blade 1 X translation displacement, node 17, m
        167   -7.514E+01                                 F               0         Blade 1 Y translation displacement, node 17, m
        168   -5.544E+01                                 F               0         Blade 1 Z translation displacement, node 17, m
        169    2.094E+01                                 F               0         Blade 1 X translation displacement, node 18, m
        170   -7.883E+01                                 F               0         Blade 1 Y translation displacement, node 18, m
        171   -5.816E+01                                 F               0         Blade 1 Z translation displacement, node 18, m
        172    2.075E+01                                 F               0         Blade 1 X translation displacement, node 19, m
        173   -8.253E+01                                 F               0         Blade 1 Y translation displacement, node 19, m
        174   -6.089E+01                                 F               0         Blade 1 Z translation displacement, node 19, m
        175    2.057E+01                                 F               0         Blade 1 X translation displacement, node 20, m
        176   -8.622E+01                                 F               0         Blade 1 Y translation displacement, node 20, m
        177   -6.361E+01                                 F               0         Blade 1 Z translation displacement, node 20, m
        178    2.038E+01                                 F               0         Blade 1 X translation displacement, node 21, m
        179   -8.992E+01                                 F               0         Blade 1 Y translation displacement, node 21, m
        180   -6.633E+01                                 F               0         Blade 1 Z translation displacement, node 21, m
        181    2.020E+01                                 F               0         Blade 1 X translation displacement, node 22, m
        182   -9.361E+01                                 F               0         Blade 1 Y translation displacement, node 22, m
        183   -6.905E+01                                 F               0         Blade 1 Z translation displacement, node 22, m
        184    2.001E+01                                 F               0         Blade 1 X translation displacement, node 23, m
        185   -9.730E+01                                 F               0         Blade 1 Y translation displacement, node 23, m
        186   -7.177E+01                                 F               0         Blade 1 Z translation displacement, node 23, m
        187    1.983E+01                                 F               0         Blade 1 X translation displacement, node 24, m
        188   -1.010E+02                                 F               0         Blade 1 Y translation displacement, node 24, m
        189   -7.450E+01                                 F               0         Blade 1 Z translation displacement, node 24, m
        190    1.965E+01                                 F               0         Blade 1 X translation displacement, node 25, m
        191   -1.047E+02                                 F               0         Blade 1 Y translation displacement, node 25, m
        192   -7.722E+01                                 F               0         Blade 1 Z translation displacement, node 25, m
        193    1.946E+01                                 F               0         Blade 1 X translation displacement, node 26, m
        194   -1.084E+02                                 F               0         Blade 1 Y translation displacement, node 26, m
        195   -7.994E+01                                 F               0         Blade 1 Z translation displacement, node 26, m
        196    1.928E+01                                 F               0         Blade 1 X translation displacement, node 27, m
        197   -1.121E+02                                 F               0         Blade 1 Y translation displacement, node 27, m
        198   -8.266E+01                                 F               0         Blade 1 Z translation displacement, node 27, m
        199    1.912E+01                                 F               0         Blade 1 X translation displacement, node 28, m
        200   -1.152E+02                                 F               0         Blade 1 Y translation displacement, node 28, m
        201   -8.497E+01                                 F               0         Blade 1 Z translation displacement, node 28, m
        202    7.733E-01, -1.420E-01, -6.179E-01         F               0         Blade 1 X orientation angle, node 1, rad
        203    6.314E-01,  2.600E-01,  7.306E-01         F               0         Blade 1 Y orientation angle, node 1, rad
        204    5.686E-02, -9.551E-01,  2.907E-01         F               0         Blade 1 Z orientation angle, node 1, rad
        205    7.733E-01, -1.420E-01, -6.179E-01         F               0         Blade 1 X orientation angle, node 2, rad
        206    6.314E-01,  2.600E-01,  7.306E-01         F               0         Blade 1 Y orientation angle, node 2, rad
        207    5.686E-02, -9.551E-01,  2.907E-01         F               0         Blade 1 Z orientation angle, node 2, rad
        208    9.010E-01, -7.637E-02, -4.271E-01         F               0         Blade 1 X orientation angle, node 3, rad
        209    4.301E-01,  2.862E-01,  8.562E-01         F               0         Blade 1 Y orientation angle, node 3, rad
        210    5.686E-02, -9.551E-01,  2.907E-01         F               0         Blade 1 Z orientation angle, node 3, rad
        211    9.183E-01, -6.422E-02, -3.906E-01         F               0         Blade 1 X orientation angle, node 4, rad
        212    3.917E-01,  2.892E-01,  8.735E-01         F               0         Blade 1 Y orientation angle, node 4, rad
        213    5.686E-02, -9.551E-01,  2.907E-01         F               0         Blade 1 Z orientation angle, node 4, rad
        214    9.308E-01, -5.459E-02, -3.614E-01         F               0         Blade 1 X orientation angle, node 5, rad
        215    3.611E-01,  2.912E-01,  8.859E-01         F               0         Blade 1 Y orientation angle, node 5, rad
        216    5.686E-02, -9.551E-01,  2.907E-01         F               0         Blade 1 Z orientation angle, node 5, rad
        217    9.401E-01, -4.685E-02, -3.378E-01         F               0         Blade 1 X orientation angle, node 6, rad
        218    3.362E-01,  2.925E-01,  8.952E-01         F               0         Blade 1 Y orientation angle, node 6, rad
        219    5.686E-02, -9.551E-01,  2.907E-01         F               0         Blade 1 Z orientation angle, node 6, rad
        220    9.472E-01, -4.046E-02, -3.182E-01         F               0         Blade 1 X orientation angle, node 7, rad
        221    3.157E-01,  2.935E-01,  9.024E-01         F               0         Blade 1 Y orientation angle, node 7, rad
        222    5.686E-02, -9.551E-01,  2.907E-01         F               0         Blade 1 Z orientation angle, node 7, rad
        223    9.527E-01, -3.513E-02, -3.017E-01         F               0         Blade 1 X orientation angle, node 8, rad
        224    2.984E-01,  2.942E-01,  9.080E-01         F               0         Blade 1 Y orientation angle, node 8, rad
        225    5.686E-02, -9.551E-01,  2.907E-01         F               0         Blade 1 Z orientation angle, node 8, rad
        226    9.572E-01, -3.060E-02, -2.878E-01         F               0         Blade 1 X orientation angle, node 9, rad
        227    2.837E-01,  2.947E-01,  9.125E-01         F               0         Blade 1 Y orientation angle, node 9, rad
        228    5.686E-02, -9.551E-01,  2.907E-01         F               0         Blade 1 Z orientation angle, node 9, rad
        229    9.609E-01, -2.669E-02, -2.756E-01         F               0         Blade 1 X orientation angle, node 10, rad
        230    2.710E-01,  2.950E-01,  9.162E-01         F               0         Blade 1 Y orientation angle, node 10, rad
        231    5.686E-02, -9.551E-01,  2.907E-01         F               0         Blade 1 Z orientation angle, node 10, rad
        232    9.639E-01, -2.334E-02, -2.652E-01         F               0         Blade 1 X orientation angle, node 11, rad
        233    2.601E-01,  2.953E-01,  9.193E-01         F               0         Blade 1 Y orientation angle, node 11, rad
        234    5.686E-02, -9.551E-01,  2.907E-01         F               0         Blade 1 Z orientation angle, node 11, rad
        235    9.664E-01, -2.040E-02, -2.561E-01         F               0         Blade 1 X orientation angle, node 12, rad
        236    2.505E-01,  2.955E-01,  9.219E-01         F               0         Blade 1 Y orientation angle, node 12, rad
        237    5.686E-02, -9.551E-01,  2.907E-01         F               0         Blade 1 Z orientation angle, node 12, rad
        238    9.686E-01, -1.783E-02, -2.480E-01         F               0         Blade 1 X orientation angle, node 13, rad
        239    2.421E-01,  2.957E-01,  9.241E-01         F               0         Blade 1 Y orientation angle, node 13, rad
        240    5.686E-02, -9.551E-01,  2.907E-01         F               0         Blade 1 Z orientation angle, node 13, rad
        241    9.705E-01, -1.550E-02, -2.407E-01         F               0         Blade 1 X orientation angle, node 14, rad
        242    2.344E-01,  2.958E-01,  9.260E-01         F               0         Blade 1 Y orientation angle, node 14, rad
        243    5.686E-02, -9.551E-01,  2.907E-01         F               0         Blade 1 Z orientation angle, node 14, rad
        244    9.721E-01, -1.344E-02, -2.343E-01         F               0         Blade 1 X orientation angle, node 15, rad
        245    2.277E-01,  2.959E-01,  9.277E-01         F               0         Blade 1 Y orientation angle, node 15, rad
        246    5.686E-02, -9.551E-01,  2.907E-01         F               0         Blade 1 Z orientation angle, node 15, rad
        247    9.735E-01, -1.158E-02, -2.284E-01         F               0         Blade 1 X orientation angle, node 16, rad
        248    2.215E-01,  2.960E-01,  9.291E-01         F               0         Blade 1 Y orientation angle, node 16, rad
        249    5.686E-02, -9.551E-01,  2.907E-01         F               0         Blade 1 Z orientation angle, node 16, rad
        250    9.747E-01, -9.923E-03, -2.232E-01         F               0         Blade 1 X orientation angle, node 17, rad
        251    2.161E-01,  2.961E-01,  9.304E-01         F               0         Blade 1 Y orientation angle, node 17, rad
        252    5.686E-02, -9.551E-01,  2.907E-01         F               0         Blade 1 Z orientation angle, node 17, rad
        253    9.758E-01, -8.373E-03, -2.184E-01         F               0         Blade 1 X orientation angle, node 18, rad
        254    2.110E-01,  2.961E-01,  9.316E-01         F               0         Blade 1 Y orientation angle, node 18, rad
        255    5.686E-02, -9.551E-01,  2.907E-01         F               0         Blade 1 Z orientation angle, node 18, rad
        256    9.768E-01, -6.977E-03, -2.140E-01         F               0         Blade 1 X orientation angle, node 19, rad
        257    2.064E-01,  2.962E-01,  9.326E-01         F               0         Blade 1 Y orientation angle, node 19, rad
        258    5.686E-02, -9.551E-01,  2.907E-01         F               0         Blade 1 Z orientation angle, node 19, rad
        259    9.777E-01, -5.737E-03, -2.101E-01         F               0         Blade 1 X orientation angle, node 20, rad
        260    2.023E-01,  2.962E-01,  9.335E-01         F               0         Blade 1 Y orientation angle, node 20, rad
        261    5.686E-02, -9.551E-01,  2.907E-01         F               0         Blade 1 Z orientation angle, node 20, rad
        262    9.785E-01, -4.548E-03, -2.063E-01         F               0         Blade 1 X orientation angle, node 21, rad
        263    1.984E-01,  2.962E-01,  9.343E-01         F               0         Blade 1 Y orientation angle, node 21, rad
        264    5.686E-02, -9.551E-01,  2.907E-01         F               0         Blade 1 Z orientation angle, node 21, rad
        265    9.792E-01, -3.462E-03, -2.029E-01         F               0         Blade 1 X orientation angle, node 22, rad
        266    1.948E-01,  2.962E-01,  9.350E-01         F               0         Blade 1 Y orientation angle, node 22, rad
        267    5.686E-02, -9.551E-01,  2.907E-01         F               0         Blade 1 Z orientation angle, node 22, rad
        268    9.798E-01, -2.480E-03, -1.998E-01         F               0         Blade 1 X orientation angle, node 23, rad
        269    1.915E-01,  2.962E-01,  9.357E-01         F               0         Blade 1 Y orientation angle, node 23, rad
        270    5.686E-02, -9.551E-01,  2.907E-01         F               0         Blade 1 Z orientation angle, node 23, rad
        271    9.804E-01, -1.549E-03, -1.969E-01         F               0         Blade 1 X orientation angle, node 24, rad
        272    1.885E-01,  2.962E-01,  9.363E-01         F               0         Blade 1 Y orientation angle, node 24, rad
        273    5.686E-02, -9.551E-01,  2.907E-01         F               0         Blade 1 Z orientation angle, node 24, rad
        274    9.810E-01, -6.700E-04, -1.941E-01         F               0         Blade 1 X orientation angle, node 25, rad
        275    1.856E-01,  2.962E-01,  9.369E-01         F               0         Blade 1 Y orientation angle, node 25, rad
        276    5.686E-02, -9.551E-01,  2.907E-01         F               0         Blade 1 Z orientation angle, node 25, rad
        277    9.815E-01,  1.056E-04, -1.916E-01         F               0         Blade 1 X orientation angle, node 26, rad
        278    1.830E-01,  2.962E-01,  9.374E-01         F               0         Blade 1 Y orientation angle, node 26, rad
        279    5.686E-02, -9.551E-01,  2.907E-01         F               0         Blade 1 Z orientation angle, node 26, rad
        280    9.819E-01,  8.811E-04, -1.892E-01         F               0         Blade 1 X orientation angle, node 27, rad
        281    1.804E-01,  2.962E-01,  9.379E-01         F               0         Blade 1 Y orientation angle, node 27, rad
        282    5.686E-02, -9.551E-01,  2.907E-01         F               0         Blade 1 Z orientation angle, node 27, rad
        283    9.822E-01,  1.295E-03, -1.879E-01         F               0         Blade 1 X orientation angle, node 28, rad
        284    1.790E-01,  2.962E-01,  9.382E-01         F               0         Blade 1 Y orientation angle, node 28, rad
        285    5.686E-02, -9.551E-01,  2.907E-01         F               0         Blade 1 Z orientation angle, node 28, rad
        286   -8.832E-01                                 F               0         Blade 1 X translation velocity, node 1, m/s
        287   -1.413E+00                                 F               0         Blade 1 Y translation velocity, node 1, m/s
        288   -4.599E+00                                 F               0         Blade 1 Z translation velocity, node 1, m/s
        289   -1.096E+00                                 F               0         Blade 1 X translation velocity, node 2, m/s
        290   -1.763E+00                                 F               0         Blade 1 Y translation velocity, node 2, m/s
        291   -5.707E+00                                 F               0         Blade 1 Z translation velocity, node 2, m/s
        292   -3.993E+00                                 F               0         Blade 1 X translation velocity, node 3, m/s
        293   -6.522E+00                                 F               0         Blade 1 Y translation velocity, node 3, m/s
        294   -2.077E+01                                 F               0         Blade 1 Z translation velocity, node 3, m/s
        295   -4.611E+00                                 F               0         Blade 1 X translation velocity, node 4, m/s
        296   -7.535E+00                                 F               0         Blade 1 Y translation velocity, node 4, m/s
        297   -2.398E+01                                 F               0         Blade 1 Z translation velocity, node 4, m/s
        298   -5.228E+00                                 F               0         Blade 1 X translation velocity, node 5, m/s
        299   -8.549E+00                                 F               0         Blade 1 Y translation velocity, node 5, m/s
        300   -2.719E+01                                 F               0         Blade 1 Z translation velocity, node 5, m/s
        301   -5.845E+00                                 F               0         Blade 1 X translation velocity, node 6, m/s
        302   -9.563E+00                                 F               0         Blade 1 Y translation velocity, node 6, m/s
        303   -3.040E+01                                 F               0         Blade 1 Z translation velocity, node 6, m/s
        304   -6.462E+00                                 F               0         Blade 1 X translation velocity, node 7, m/s
        305   -1.058E+01                                 F               0         Blade 1 Y translation velocity, node 7, m/s
        306   -3.361E+01                                 F               0         Blade 1 Z translation velocity, node 7, m/s
        307   -7.080E+00                                 F               0         Blade 1 X translation velocity, node 8, m/s
