
Linearized model: Predictions were generated on 06-Feb-2024 at 08:44:08 using OpenFAST, compiled as a 64-bit application using single precision at commit v3.5.1
 linked with  NWTC Subroutine Library; ElastoDyn; InflowWind; AeroDyn; ServoDyn; HydroDyn; MAP++ (<1.20.10>, <Oct-20-2023>)

Description from the FAST input file: CCT-9 Campign 4 model. Input files to be run with OpenFAST 3.5.0. GitHub branch from Lu Wang (https://github.com/luwang00/openfast/tree/dev) compiled on March 7, 2023.

Simulation information:
   Simulation time:                  2505.7750 s
   Rotor Speed:                         0.8851 rad/s
   Azimuth:                             1.9815 rad
   Wind Speed:                         10.0000 m/s
   Number of continuous states:         0
   Number of discrete states:           0
   Number of constraint states:         0
   Number of inputs:                 1746
   Number of outputs:                   4
   Jacobians included in this file?    No

Order of inputs:
     Column   Operating Point                     Rotating Frame? Derivative Order Description
   ---------- ---------------                     --------------- ---------------- -----------
          1    1.391E+01                                 F               0         Tower X translation displacement, node 1, m
          2    8.385E-02                                 F               0         Tower Y translation displacement, node 1, m
          3   -1.835E-01                                 F               0         Tower Z translation displacement, node 1, m
          4    1.488E+01                                 F               0         Tower X translation displacement, node 2, m
          5    1.229E-01                                 F               0         Tower Y translation displacement, node 2, m
          6   -2.221E-01                                 F               0         Tower Z translation displacement, node 2, m
          7    1.588E+01                                 F               0         Tower X translation displacement, node 3, m
          8    1.627E-01                                 F               0         Tower Y translation displacement, node 3, m
          9   -2.623E-01                                 F               0         Tower Z translation displacement, node 3, m
         10    1.689E+01                                 F               0         Tower X translation displacement, node 4, m
         11    2.029E-01                                 F               0         Tower Y translation displacement, node 4, m
         12   -3.038E-01                                 F               0         Tower Z translation displacement, node 4, m
         13    1.791E+01                                 F               0         Tower X translation displacement, node 5, m
         14    2.436E-01                                 F               0         Tower Y translation displacement, node 5, m
         15   -3.463E-01                                 F               0         Tower Z translation displacement, node 5, m
         16    1.894E+01                                 F               0         Tower X translation displacement, node 6, m
         17    2.847E-01                                 F               0         Tower Y translation displacement, node 6, m
         18   -3.896E-01                                 F               0         Tower Z translation displacement, node 6, m
         19    1.998E+01                                 F               0         Tower X translation displacement, node 7, m
         20    3.260E-01                                 F               0         Tower Y translation displacement, node 7, m
         21   -4.335E-01                                 F               0         Tower Z translation displacement, node 7, m
         22    2.103E+01                                 F               0         Tower X translation displacement, node 8, m
         23    3.677E-01                                 F               0         Tower Y translation displacement, node 8, m
         24   -4.780E-01                                 F               0         Tower Z translation displacement, node 8, m
         25    2.208E+01                                 F               0         Tower X translation displacement, node 9, m
         26    4.095E-01                                 F               0         Tower Y translation displacement, node 9, m
         27   -5.228E-01                                 F               0         Tower Z translation displacement, node 9, m
         28    2.313E+01                                 F               0         Tower X translation displacement, node 10, m
         29    4.514E-01                                 F               0         Tower Y translation displacement, node 10, m
         30   -5.677E-01                                 F               0         Tower Z translation displacement, node 10, m
         31    2.419E+01                                 F               0         Tower X translation displacement, node 11, m
         32    4.934E-01                                 F               0         Tower Y translation displacement, node 11, m
         33   -6.129E-01                                 F               0         Tower Z translation displacement, node 11, m
         34    9.969E-01,  1.239E-03, -7.830E-02         F               0         Tower X orientation angle, node 1, rad
         35   -1.481E-03,  1.000E+00, -3.035E-03         F               0         Tower Y orientation angle, node 1, rad
         36    7.829E-02,  3.142E-03,  9.969E-01         F               0         Tower Z orientation angle, node 1, rad
         37    9.968E-01,  1.234E-03, -7.983E-02         F               0         Tower X orientation angle, node 2, rad
         38   -1.485E-03,  1.000E+00, -3.083E-03         F               0         Tower Y orientation angle, node 2, rad
         39    7.983E-02,  3.192E-03,  9.968E-01         F               0         Tower Z orientation angle, node 2, rad
         40    9.967E-01,  1.230E-03, -8.117E-02         F               0         Tower X orientation angle, node 3, rad
         41   -1.488E-03,  1.000E+00, -3.126E-03         F               0         Tower Y orientation angle, node 3, rad
         42    8.116E-02,  3.236E-03,  9.967E-01         F               0         Tower Z orientation angle, node 3, rad
         43    9.966E-01,  1.226E-03, -8.229E-02         F               0         Tower X orientation angle, node 4, rad
         44   -1.491E-03,  1.000E+00, -3.163E-03         F               0         Tower Y orientation angle, node 4, rad
         45    8.229E-02,  3.275E-03,  9.966E-01         F               0         Tower Z orientation angle, node 4, rad
         46    9.965E-01,  1.223E-03, -8.320E-02         F               0         Tower X orientation angle, node 5, rad
         47   -1.494E-03,  1.000E+00, -3.195E-03         F               0         Tower Y orientation angle, node 5, rad
         48    8.320E-02,  3.309E-03,  9.965E-01         F               0         Tower Z orientation angle, node 5, rad
         49    9.965E-01,  1.221E-03, -8.393E-02         F               0         Tower X orientation angle, node 6, rad
         50   -1.496E-03,  1.000E+00, -3.222E-03         F               0         Tower Y orientation angle, node 6, rad
         51    8.392E-02,  3.337E-03,  9.965E-01         F               0         Tower Z orientation angle, node 6, rad
         52    9.964E-01,  1.219E-03, -8.446E-02         F               0         Tower X orientation angle, node 7, rad
         53   -1.498E-03,  1.000E+00, -3.244E-03         F               0         Tower Y orientation angle, node 7, rad
         54    8.446E-02,  3.359E-03,  9.964E-01         F               0         Tower Z orientation angle, node 7, rad
         55    9.964E-01,  1.218E-03, -8.485E-02         F               0         Tower X orientation angle, node 8, rad
         56   -1.500E-03,  1.000E+00, -3.261E-03         F               0         Tower Y orientation angle, node 8, rad
         57    8.484E-02,  3.377E-03,  9.964E-01         F               0         Tower Z orientation angle, node 8, rad
         58    9.964E-01,  1.217E-03, -8.510E-02         F               0         Tower X orientation angle, node 9, rad
         59   -1.501E-03,  1.000E+00, -3.274E-03         F               0         Tower Y orientation angle, node 9, rad
         60    8.510E-02,  3.389E-03,  9.964E-01         F               0         Tower Z orientation angle, node 9, rad
         61    9.964E-01,  1.216E-03, -8.526E-02         F               0         Tower X orientation angle, node 10, rad
         62   -1.501E-03,  1.000E+00, -3.282E-03         F               0         Tower Y orientation angle, node 10, rad
         63    8.525E-02,  3.398E-03,  9.964E-01         F               0         Tower Z orientation angle, node 10, rad
         64    9.964E-01,  1.216E-03, -8.533E-02         F               0         Tower X orientation angle, node 11, rad
         65   -1.502E-03,  1.000E+00, -3.286E-03         F               0         Tower Y orientation angle, node 11, rad
         66    8.533E-02,  3.402E-03,  9.963E-01         F               0         Tower Z orientation angle, node 11, rad
         67    1.834E-04                                 F               0         Tower X translation velocity, node 1, m/s
         68    3.154E-03                                 F               0         Tower Y translation velocity, node 1, m/s
         69   -5.733E-04                                 F               0         Tower Z translation velocity, node 1, m/s
         70    2.812E-04                                 F               0         Tower X translation velocity, node 2, m/s
         71    4.935E-03                                 F               0         Tower Y translation velocity, node 2, m/s
         72   -5.867E-04                                 F               0         Tower Z translation velocity, node 2, m/s
         73    4.383E-04                                 F               0         Tower X translation velocity, node 3, m/s
         74    6.747E-03                                 F               0         Tower Y translation velocity, node 3, m/s
         75   -6.052E-04                                 F               0         Tower Z translation velocity, node 3, m/s
         76    6.410E-04                                 F               0         Tower X translation velocity, node 4, m/s
         77    8.583E-03                                 F               0         Tower Y translation velocity, node 4, m/s
         78   -6.278E-04                                 F               0         Tower Z translation velocity, node 4, m/s
         79    8.817E-04                                 F               0         Tower X translation velocity, node 5, m/s
         80    1.044E-02                                 F               0         Tower Y translation velocity, node 5, m/s
         81   -6.540E-04                                 F               0         Tower Z translation velocity, node 5, m/s
         82    1.153E-03                                 F               0         Tower X translation velocity, node 6, m/s
         83    1.231E-02                                 F               0         Tower Y translation velocity, node 6, m/s
         84   -6.830E-04                                 F               0         Tower Z translation velocity, node 6, m/s
         85    1.448E-03                                 F               0         Tower X translation velocity, node 7, m/s
         86    1.420E-02                                 F               0         Tower Y translation velocity, node 7, m/s
         87   -7.142E-04                                 F               0         Tower Z translation velocity, node 7, m/s
         88    1.761E-03                                 F               0         Tower X translation velocity, node 8, m/s
         89    1.609E-02                                 F               0         Tower Y translation velocity, node 8, m/s
         90   -7.472E-04                                 F               0         Tower Z translation velocity, node 8, m/s
         91    2.088E-03                                 F               0         Tower X translation velocity, node 9, m/s
         92    1.799E-02                                 F               0         Tower Y translation velocity, node 9, m/s
         93   -7.816E-04                                 F               0         Tower Z translation velocity, node 9, m/s
         94    2.424E-03                                 F               0         Tower X translation velocity, node 10, m/s
         95    1.990E-02                                 F               0         Tower Y translation velocity, node 10, m/s
         96   -8.168E-04                                 F               0         Tower Z translation velocity, node 10, m/s
         97    2.765E-03                                 F               0         Tower X translation velocity, node 11, m/s
         98    2.181E-02                                 F               0         Tower Y translation velocity, node 11, m/s
         99   -8.525E-04                                 F               0         Tower Z translation velocity, node 11, m/s
        100    2.490E+01                                 F               0         Hub X translation displacement, node 1, m
        101    5.070E-01                                 F               0         Hub Y translation displacement, node 1, m
        102    2.801E-01                                 F               0         Hub Z translation displacement, node 1, m
        103    9.820E-01,  8.535E-04, -1.890E-01         F               0         Hub X orientation angle, node 1, rad
        104    1.739E-01, -3.960E-01,  9.016E-01         F               0         Hub Y orientation angle, node 1, rad
        105   -7.409E-02, -9.182E-01, -3.891E-01         F               0         Hub Z orientation angle, node 1, rad
        106    8.690E-01                                 F               0         Hub X rotation velocity, node 1, rad/s
        107    7.830E-04                                 F               0         Hub Y rotation velocity, node 1, rad/s
        108   -1.674E-01                                 F               0         Hub Z rotation velocity, node 1, rad/s
        109    9.764E-01,  1.260E-02, -2.157E-01         F               0         Blade root 1 X orientation angle, node 1, rad
        110    2.029E-01, -3.958E-01,  8.956E-01         F               0         Blade root 1 Y orientation angle, node 1, rad
        111   -7.409E-02, -9.182E-01, -3.891E-01         F               0         Blade root 1 Z orientation angle, node 1, rad
        112    9.860E-01,  1.857E-02, -1.656E-01         F               0         Blade root 2 X orientation angle, node 1, rad
        113   -1.219E-01, -5.969E-01, -7.930E-01         F               0         Blade root 2 Y orientation angle, node 1, rad
        114   -1.135E-01,  8.021E-01, -5.863E-01         F               0         Blade root 2 Z orientation angle, node 1, rad
        115    9.822E-01, -2.861E-02, -1.856E-01         F               0         Blade root 3 X orientation angle, node 1, rad
        116    6.359E-03,  9.928E-01, -1.194E-01         F               0         Blade root 3 Y orientation angle, node 1, rad
        117    1.876E-01,  1.161E-01,  9.753E-01         F               0         Blade root 3 Z orientation angle, node 1, rad
        118    2.391E+01                                 F               0         Blade 1 X translation displacement, node 1, m
        119   -4.580E+00                                 F               0         Blade 1 Y translation displacement, node 1, m
        120   -7.385E+00                                 F               0         Blade 1 Z translation displacement, node 1, m
        121    2.367E+01                                 F               0         Blade 1 X translation displacement, node 2, m
        122   -5.806E+00                                 F               0         Blade 1 Y translation displacement, node 2, m
        123   -9.232E+00                                 F               0         Blade 1 Z translation displacement, node 2, m
        124    2.043E+01                                 F               0         Blade 1 X translation displacement, node 3, m
        125   -2.247E+01                                 F               0         Blade 1 Y translation displacement, node 3, m
        126   -3.435E+01                                 F               0         Blade 1 Z translation displacement, node 3, m
        127    1.974E+01                                 F               0         Blade 1 X translation displacement, node 4, m
        128   -2.603E+01                                 F               0         Blade 1 Y translation displacement, node 4, m
        129   -3.970E+01                                 F               0         Blade 1 Z translation displacement, node 4, m
        130    1.904E+01                                 F               0         Blade 1 X translation displacement, node 5, m
        131   -2.958E+01                                 F               0         Blade 1 Y translation displacement, node 5, m
        132   -4.505E+01                                 F               0         Blade 1 Z translation displacement, node 5, m
        133    1.835E+01                                 F               0         Blade 1 X translation displacement, node 6, m
        134   -3.313E+01                                 F               0         Blade 1 Y translation displacement, node 6, m
        135   -5.040E+01                                 F               0         Blade 1 Z translation displacement, node 6, m
        136    1.766E+01                                 F               0         Blade 1 X translation displacement, node 7, m
        137   -3.668E+01                                 F               0         Blade 1 Y translation displacement, node 7, m
        138   -5.575E+01                                 F               0         Blade 1 Z translation displacement, node 7, m
        139    1.697E+01                                 F               0         Blade 1 X translation displacement, node 8, m
        140   -4.023E+01                                 F               0         Blade 1 Y translation displacement, node 8, m
        141   -6.110E+01                                 F               0         Blade 1 Z translation displacement, node 8, m
        142    1.628E+01                                 F               0         Blade 1 X translation displacement, node 9, m
        143   -4.378E+01                                 F               0         Blade 1 Y translation displacement, node 9, m
        144   -6.646E+01                                 F               0         Blade 1 Z translation displacement, node 9, m
        145    1.559E+01                                 F               0         Blade 1 X translation displacement, node 10, m
        146   -4.733E+01                                 F               0         Blade 1 Y translation displacement, node 10, m
        147   -7.181E+01                                 F               0         Blade 1 Z translation displacement, node 10, m
        148    1.490E+01                                 F               0         Blade 1 X translation displacement, node 11, m
        149   -5.089E+01                                 F               0         Blade 1 Y translation displacement, node 11, m
        150   -7.716E+01                                 F               0         Blade 1 Z translation displacement, node 11, m
        151    1.421E+01                                 F               0         Blade 1 X translation displacement, node 12, m
        152   -5.444E+01                                 F               0         Blade 1 Y translation displacement, node 12, m
        153   -8.251E+01                                 F               0         Blade 1 Z translation displacement, node 12, m
        154    1.352E+01                                 F               0         Blade 1 X translation displacement, node 13, m
        155   -5.799E+01                                 F               0         Blade 1 Y translation displacement, node 13, m
        156   -8.786E+01                                 F               0         Blade 1 Z translation displacement, node 13, m
        157    1.283E+01                                 F               0         Blade 1 X translation displacement, node 14, m
        158   -6.154E+01                                 F               0         Blade 1 Y translation displacement, node 14, m
        159   -9.321E+01                                 F               0         Blade 1 Z translation displacement, node 14, m
        160    1.214E+01                                 F               0         Blade 1 X translation displacement, node 15, m
        161   -6.509E+01                                 F               0         Blade 1 Y translation displacement, node 15, m
        162   -9.856E+01                                 F               0         Blade 1 Z translation displacement, node 15, m
        163    1.145E+01                                 F               0         Blade 1 X translation displacement, node 16, m
        164   -6.864E+01                                 F               0         Blade 1 Y translation displacement, node 16, m
        165   -1.039E+02                                 F               0         Blade 1 Z translation displacement, node 16, m
        166    1.075E+01                                 F               0         Blade 1 X translation displacement, node 17, m
        167   -7.219E+01                                 F               0         Blade 1 Y translation displacement, node 17, m
        168   -1.093E+02                                 F               0         Blade 1 Z translation displacement, node 17, m
        169    1.006E+01                                 F               0         Blade 1 X translation displacement, node 18, m
        170   -7.575E+01                                 F               0         Blade 1 Y translation displacement, node 18, m
        171   -1.146E+02                                 F               0         Blade 1 Z translation displacement, node 18, m
        172    9.373E+00                                 F               0         Blade 1 X translation displacement, node 19, m
        173   -7.930E+01                                 F               0         Blade 1 Y translation displacement, node 19, m
        174   -1.200E+02                                 F               0         Blade 1 Z translation displacement, node 19, m
        175    8.682E+00                                 F               0         Blade 1 X translation displacement, node 20, m
        176   -8.285E+01                                 F               0         Blade 1 Y translation displacement, node 20, m
        177   -1.253E+02                                 F               0         Blade 1 Z translation displacement, node 20, m
        178    7.991E+00                                 F               0         Blade 1 X translation displacement, node 21, m
        179   -8.640E+01                                 F               0         Blade 1 Y translation displacement, node 21, m
        180   -1.307E+02                                 F               0         Blade 1 Z translation displacement, node 21, m
        181    7.300E+00                                 F               0         Blade 1 X translation displacement, node 22, m
        182   -8.995E+01                                 F               0         Blade 1 Y translation displacement, node 22, m
        183   -1.360E+02                                 F               0         Blade 1 Z translation displacement, node 22, m
        184    6.609E+00                                 F               0         Blade 1 X translation displacement, node 23, m
        185   -9.350E+01                                 F               0         Blade 1 Y translation displacement, node 23, m
        186   -1.414E+02                                 F               0         Blade 1 Z translation displacement, node 23, m
        187    5.919E+00                                 F               0         Blade 1 X translation displacement, node 24, m
        188   -9.705E+01                                 F               0         Blade 1 Y translation displacement, node 24, m
        189   -1.467E+02                                 F               0         Blade 1 Z translation displacement, node 24, m
        190    5.228E+00                                 F               0         Blade 1 X translation displacement, node 25, m
        191   -1.006E+02                                 F               0         Blade 1 Y translation displacement, node 25, m
        192   -1.521E+02                                 F               0         Blade 1 Z translation displacement, node 25, m
        193    4.537E+00                                 F               0         Blade 1 X translation displacement, node 26, m
        194   -1.042E+02                                 F               0         Blade 1 Y translation displacement, node 26, m
        195   -1.574E+02                                 F               0         Blade 1 Z translation displacement, node 26, m
        196    3.846E+00                                 F               0         Blade 1 X translation displacement, node 27, m
        197   -1.077E+02                                 F               0         Blade 1 Y translation displacement, node 27, m
        198   -1.628E+02                                 F               0         Blade 1 Z translation displacement, node 27, m
        199    3.260E+00                                 F               0         Blade 1 X translation displacement, node 28, m
        200   -1.107E+02                                 F               0         Blade 1 Y translation displacement, node 28, m
        201   -1.673E+02                                 F               0         Blade 1 Z translation displacement, node 28, m
        202    7.764E-01,  1.917E-01, -6.004E-01         F               0         Blade 1 X orientation angle, node 1, rad
        203    6.259E-01, -3.465E-01,  6.987E-01         F               0         Blade 1 Y orientation angle, node 1, rad
        204   -7.409E-02, -9.182E-01, -3.891E-01         F               0         Blade 1 Z orientation angle, node 1, rad
        205    7.764E-01,  1.917E-01, -6.004E-01         F               0         Blade 1 X orientation angle, node 2, rad
        206    6.259E-01, -3.465E-01,  6.987E-01         F               0         Blade 1 Y orientation angle, node 2, rad
        207   -7.409E-02, -9.182E-01, -3.891E-01         F               0         Blade 1 Z orientation angle, node 2, rad
        208    9.026E-01,  1.041E-01, -4.176E-01         F               0         Blade 1 X orientation angle, node 3, rad
        209    4.240E-01, -3.821E-01,  8.211E-01         F               0         Blade 1 Y orientation angle, node 3, rad
        210   -7.409E-02, -9.182E-01, -3.891E-01         F               0         Blade 1 Z orientation angle, node 3, rad
        211    9.197E-01,  8.790E-02, -3.826E-01         F               0         Blade 1 X orientation angle, node 4, rad
        212    3.855E-01, -3.862E-01,  8.380E-01         F               0         Blade 1 Y orientation angle, node 4, rad
        213   -7.409E-02, -9.182E-01, -3.891E-01         F               0         Blade 1 Z orientation angle, node 4, rad
        214    9.320E-01,  7.505E-02, -3.546E-01         F               0         Blade 1 X orientation angle, node 5, rad
        215    3.548E-01, -3.889E-01,  8.502E-01         F               0         Blade 1 Y orientation angle, node 5, rad
        216   -7.409E-02, -9.182E-01, -3.891E-01         F               0         Blade 1 Z orientation angle, node 5, rad
        217    9.411E-01,  6.471E-02, -3.319E-01         F               0         Blade 1 X orientation angle, node 6, rad
        218    3.300E-01, -3.907E-01,  8.593E-01         F               0         Blade 1 Y orientation angle, node 6, rad
        219   -7.409E-02, -9.182E-01, -3.891E-01         F               0         Blade 1 Z orientation angle, node 6, rad
        220    9.481E-01,  5.617E-02, -3.131E-01         F               0         Blade 1 X orientation angle, node 7, rad
        221    3.094E-01, -3.920E-01,  8.664E-01         F               0         Blade 1 Y orientation angle, node 7, rad
        222   -7.409E-02, -9.182E-01, -3.891E-01         F               0         Blade 1 Z orientation angle, node 7, rad
        223    9.535E-01,  4.904E-02, -2.973E-01         F               0         Blade 1 X orientation angle, node 8, rad
        224    2.921E-01, -3.930E-01,  8.719E-01         F               0         Blade 1 Y orientation angle, node 8, rad
        225   -7.409E-02, -9.182E-01, -3.891E-01         F               0         Blade 1 Z orientation angle, node 8, rad
        226    9.579E-01,  4.300E-02, -2.839E-01         F               0         Blade 1 X orientation angle, node 9, rad
        227    2.774E-01, -3.937E-01,  8.764E-01         F               0         Blade 1 Y orientation angle, node 9, rad
        228   -7.409E-02, -9.182E-01, -3.891E-01         F               0         Blade 1 Z orientation angle, node 9, rad
        229    9.615E-01,  3.778E-02, -2.723E-01         F               0         Blade 1 X orientation angle, node 10, rad
        230    2.647E-01, -3.942E-01,  8.801E-01         F               0         Blade 1 Y orientation angle, node 10, rad
        231   -7.409E-02, -9.182E-01, -3.891E-01         F               0         Blade 1 Z orientation angle, node 10, rad
        232    9.644E-01,  3.330E-02, -2.623E-01         F               0         Blade 1 X orientation angle, node 11, rad
        233    2.538E-01, -3.946E-01,  8.831E-01         F               0         Blade 1 Y orientation angle, node 11, rad
        234   -7.409E-02, -9.182E-01, -3.891E-01         F               0         Blade 1 Z orientation angle, node 11, rad
        235    9.669E-01,  2.937E-02, -2.535E-01         F               0         Blade 1 X orientation angle, node 12, rad
        236    2.442E-01, -3.950E-01,  8.857E-01         F               0         Blade 1 Y orientation angle, node 12, rad
        237   -7.409E-02, -9.182E-01, -3.891E-01         F               0         Blade 1 Z orientation angle, node 12, rad
        238    9.690E-01,  2.593E-02, -2.457E-01         F               0         Blade 1 X orientation angle, node 13, rad
        239    2.357E-01, -3.952E-01,  8.878E-01         F               0         Blade 1 Y orientation angle, node 13, rad
        240   -7.409E-02, -9.182E-01, -3.891E-01         F               0         Blade 1 Z orientation angle, node 13, rad
        241    9.708E-01,  2.282E-02, -2.387E-01         F               0         Blade 1 X orientation angle, node 14, rad
        242    2.281E-01, -3.954E-01,  8.897E-01         F               0         Blade 1 Y orientation angle, node 14, rad
        243   -7.409E-02, -9.182E-01, -3.891E-01         F               0         Blade 1 Z orientation angle, node 14, rad
        244    9.724E-01,  2.006E-02, -2.325E-01         F               0         Blade 1 X orientation angle, node 15, rad
        245    2.213E-01, -3.955E-01,  8.914E-01         F               0         Blade 1 Y orientation angle, node 15, rad
        246   -7.409E-02, -9.182E-01, -3.891E-01         F               0         Blade 1 Z orientation angle, node 15, rad
        247    9.738E-01,  1.758E-02, -2.269E-01         F               0         Blade 1 X orientation angle, node 16, rad
        248    2.152E-01, -3.957E-01,  8.928E-01         F               0         Blade 1 Y orientation angle, node 16, rad
        249   -7.409E-02, -9.182E-01, -3.891E-01         F               0         Blade 1 Z orientation angle, node 16, rad
        250    9.749E-01,  1.537E-02, -2.219E-01         F               0         Blade 1 X orientation angle, node 17, rad
        251    2.098E-01, -3.957E-01,  8.941E-01         F               0         Blade 1 Y orientation angle, node 17, rad
        252   -7.409E-02, -9.182E-01, -3.891E-01         F               0         Blade 1 Z orientation angle, node 17, rad
        253    9.760E-01,  1.329E-02, -2.172E-01         F               0         Blade 1 X orientation angle, node 18, rad
        254    2.046E-01, -3.958E-01,  8.952E-01         F               0         Blade 1 Y orientation angle, node 18, rad
        255   -7.409E-02, -9.182E-01, -3.891E-01         F               0         Blade 1 Z orientation angle, node 18, rad
        256    9.770E-01,  1.143E-02, -2.130E-01         F               0         Blade 1 X orientation angle, node 19, rad
        257    2.000E-01, -3.959E-01,  8.962E-01         F               0         Blade 1 Y orientation angle, node 19, rad
        258   -7.409E-02, -9.182E-01, -3.891E-01         F               0         Blade 1 Z orientation angle, node 19, rad
        259    9.778E-01,  9.769E-03, -2.093E-01         F               0         Blade 1 X orientation angle, node 20, rad
        260    1.960E-01, -3.959E-01,  8.971E-01         F               0         Blade 1 Y orientation angle, node 20, rad
        261   -7.409E-02, -9.182E-01, -3.891E-01         F               0         Blade 1 Z orientation angle, node 20, rad
        262    9.786E-01,  8.180E-03, -2.057E-01         F               0         Blade 1 X orientation angle, node 21, rad
        263    1.920E-01, -3.960E-01,  8.980E-01         F               0         Blade 1 Y orientation angle, node 21, rad
        264   -7.409E-02, -9.182E-01, -3.891E-01         F               0         Blade 1 Z orientation angle, node 21, rad
        265    9.793E-01,  6.729E-03, -2.024E-01         F               0         Blade 1 X orientation angle, node 22, rad
        266    1.884E-01, -3.960E-01,  8.987E-01         F               0         Blade 1 Y orientation angle, node 22, rad
        267   -7.409E-02, -9.182E-01, -3.891E-01         F               0         Blade 1 Z orientation angle, node 22, rad
        268    9.799E-01,  5.415E-03, -1.994E-01         F               0         Blade 1 X orientation angle, node 23, rad
        269    1.852E-01, -3.960E-01,  8.994E-01         F               0         Blade 1 Y orientation angle, node 23, rad
        270   -7.409E-02, -9.182E-01, -3.891E-01         F               0         Blade 1 Z orientation angle, node 23, rad
        271    9.805E-01,  4.171E-03, -1.966E-01         F               0         Blade 1 X orientation angle, node 24, rad
        272    1.821E-01, -3.960E-01,  9.000E-01         F               0         Blade 1 Y orientation angle, node 24, rad
        273   -7.409E-02, -9.182E-01, -3.891E-01         F               0         Blade 1 Z orientation angle, node 24, rad
        274    9.810E-01,  2.996E-03, -1.939E-01         F               0         Blade 1 X orientation angle, node 25, rad
        275    1.792E-01, -3.960E-01,  9.006E-01         F               0         Blade 1 Y orientation angle, node 25, rad
        276   -7.409E-02, -9.182E-01, -3.891E-01         F               0         Blade 1 Z orientation angle, node 25, rad
        277    9.815E-01,  1.959E-03, -1.915E-01         F               0         Blade 1 X orientation angle, node 26, rad
        278    1.766E-01, -3.960E-01,  9.011E-01         F               0         Blade 1 Y orientation angle, node 26, rad
        279   -7.409E-02, -9.182E-01, -3.891E-01         F               0         Blade 1 Z orientation angle, node 26, rad
        280    9.819E-01,  9.226E-04, -1.892E-01         F               0         Blade 1 X orientation angle, node 27, rad
        281    1.741E-01, -3.960E-01,  9.016E-01         F               0         Blade 1 Y orientation angle, node 27, rad
        282   -7.409E-02, -9.182E-01, -3.891E-01         F               0         Blade 1 Z orientation angle, node 27, rad
        283    9.822E-01,  3.696E-04, -1.879E-01         F               0         Blade 1 X orientation angle, node 28, rad
        284    1.727E-01, -3.960E-01,  9.018E-01         F               0         Blade 1 Y orientation angle, node 28, rad
        285   -7.409E-02, -9.182E-01, -3.891E-01         F               0         Blade 1 Z orientation angle, node 28, rad
        286   -8.502E-01                                 F               0         Blade 1 X translation velocity, node 1, m/s
        287    1.966E+00                                 F               0         Blade 1 Y translation velocity, node 1, m/s
        288   -4.421E+00                                 F               0         Blade 1 Z translation velocity, node 1, m/s
        289   -1.056E+00                                 F               0         Blade 1 X translation velocity, node 2, m/s
        290    2.434E+00                                 F               0         Blade 1 Y translation velocity, node 2, m/s
        291   -5.486E+00                                 F               0         Blade 1 Z translation velocity, node 2, m/s
        292   -3.851E+00                                 F               0         Blade 1 X translation velocity, node 3, m/s
        293    8.796E+00                                 F               0         Blade 1 Y translation velocity, node 3, m/s
        294   -1.997E+01                                 F               0         Blade 1 Z translation velocity, node 3, m/s
        295   -4.447E+00                                 F               0         Blade 1 X translation velocity, node 4, m/s
        296    1.015E+01                                 F               0         Blade 1 Y translation velocity, node 4, m/s
        297   -2.306E+01                                 F               0         Blade 1 Z translation velocity, node 4, m/s
        298   -5.043E+00                                 F               0         Blade 1 X translation velocity, node 5, m/s
        299    1.151E+01                                 F               0         Blade 1 Y translation velocity, node 5, m/s
        300   -2.614E+01                                 F               0         Blade 1 Z translation velocity, node 5, m/s
        301   -5.638E+00                                 F               0         Blade 1 X translation velocity, node 6, m/s
        302    1.286E+01                                 F               0         Blade 1 Y translation velocity, node 6, m/s
        303   -2.923E+01                                 F               0         Blade 1 Z translation velocity, node 6, m/s
        304   -6.234E+00                                 F               0         Blade 1 X translation velocity, node 7, m/s
        305    1.422E+01                                 F               0         Blade 1 Y translation velocity, node 7, m/s
        306   -3.231E+01                                 F               0         Blade 1 Z translation velocity, node 7, m/s
        307   -6.830E+00                                 F               0         Blade 1 X translation velocity, node 8, m/s
