
Linearized model: Predictions were generated on 13-Feb-2024 at 11:29:37 using OpenFAST, compiled as a 64-bit application using single precision at commit v3.5.1
 linked with  NWTC Subroutine Library; ElastoDyn; InflowWind; AeroDyn; ServoDyn; HydroDyn; MAP++ (<1.20.10>, <Oct-20-2023>)

Description from the FAST input file: CCT-9 Campign 4 model. Input files to be run with OpenFAST 3.5.0. GitHub branch from Lu Wang (https://github.com/luwang00/openfast/tree/dev) compiled on March 7, 2023.

Simulation information:
   Simulation time:                  1212.1500 s
   Rotor Speed:                         0.7914 rad/s
   Azimuth:                             1.0489 rad
   Wind Speed:                         16.0000 m/s
   Number of continuous states:         0
   Number of discrete states:           0
   Number of constraint states:         0
   Number of inputs:                 1746
   Number of outputs:                   4
   Jacobians included in this file?    No

Order of inputs:
     Column   Operating Point                                                   Rotating Frame? Derivative Order Description
   ---------- ---------------                                                   --------------- ---------------- -----------
          1     1.07027158737E+001                                                     F               0         Tower X translation displacement, node 1, m
          2    -1.55973911285E+000                                                     F               0         Tower Y translation displacement, node 1, m
          3    -2.69403040409E-001                                                     F               0         Tower Z translation displacement, node 1, m
          4     1.20886592865E+001                                                     F               0         Tower X translation displacement, node 2, m
          5    -2.19327402115E+000                                                     F               0         Tower Y translation displacement, node 2, m
          6    -3.63742947578E-001                                                     F               0         Tower Z translation displacement, node 2, m
          7     1.34746026993E+001                                                     F               0         Tower X translation displacement, node 3, m
          8    -2.82680892944E+000                                                     F               0         Tower Y translation displacement, node 3, m
          9    -4.58080738783E-001                                                     F               0         Tower Z translation displacement, node 3, m
         10     1.48605470657E+001                                                     F               0         Tower X translation displacement, node 4, m
         11    -3.46034383774E+000                                                     F               0         Tower Y translation displacement, node 4, m
         12    -5.52418768406E-001                                                     F               0         Tower Z translation displacement, node 4, m
         13     1.62464904785E+001                                                     F               0         Tower X translation displacement, node 5, m
         14    -4.09387922287E+000                                                     F               0         Tower Y translation displacement, node 5, m
         15    -6.46753966808E-001                                                     F               0         Tower Z translation displacement, node 5, m
         16     1.76324329376E+001                                                     F               0         Tower X translation displacement, node 6, m
         17    -4.72741317749E+000                                                     F               0         Tower Y translation displacement, node 6, m
         18    -7.41099655628E-001                                                     F               0         Tower Z translation displacement, node 6, m
         19     1.90183792114E+001                                                     F               0         Tower X translation displacement, node 7, m
         20    -5.36094856262E+000                                                     F               0         Tower Y translation displacement, node 7, m
         21    -8.35431456566E-001                                                     F               0         Tower Z translation displacement, node 7, m
         22     2.04043216705E+001                                                     F               0         Tower X translation displacement, node 8, m
         23    -5.99448299408E+000                                                     F               0         Tower Y translation displacement, node 8, m
         24    -9.29775297642E-001                                                     F               0         Tower Z translation displacement, node 8, m
         25     2.17902660370E+001                                                     F               0         Tower X translation displacement, node 9, m
         26    -6.62801885605E+000                                                     F               0         Tower Y translation displacement, node 9, m
         27    -1.02411019802E+000                                                     F               0         Tower Z translation displacement, node 9, m
         28     2.31762084961E+001                                                     F               0         Tower X translation displacement, node 10, m
         29    -7.26155328751E+000                                                     F               0         Tower Y translation displacement, node 10, m
         30    -1.11845099926E+000                                                     F               0         Tower Z translation displacement, node 10, m
         31     2.45621528625E+001                                                     F               0         Tower X translation displacement, node 11, m
         32    -7.89508819580E+000                                                     F               0         Tower Y translation displacement, node 11, m
         33    -1.21278882027E+000                                                     F               0         Tower Z translation displacement, node 11, m
         34     9.93685424328E-001,   3.40774515644E-003,  -1.12149998546E-001         F               0         Tower X orientation angle, node 1, rad
         35     2.36905948259E-003,   9.98678624630E-001,   5.13360872865E-002         F               0         Tower Y orientation angle, node 1, rad
         36     1.12176746130E-001,  -5.12776114047E-002,   9.92364346981E-001         F               0         Tower Z orientation angle, node 1, rad
         37     9.93685424328E-001,   3.40774515644E-003,  -1.12149998546E-001         F               0         Tower X orientation angle, node 2, rad
         38     2.36905948259E-003,   9.98678624630E-001,   5.13360872865E-002         F               0         Tower Y orientation angle, node 2, rad
         39     1.12176746130E-001,  -5.12776114047E-002,   9.92364346981E-001         F               0         Tower Z orientation angle, node 2, rad
         40     9.93685424328E-001,   3.40774515644E-003,  -1.12149998546E-001         F               0         Tower X orientation angle, node 3, rad
         41     2.36905948259E-003,   9.98678624630E-001,   5.13360872865E-002         F               0         Tower Y orientation angle, node 3, rad
         42     1.12176746130E-001,  -5.12776114047E-002,   9.92364346981E-001         F               0         Tower Z orientation angle, node 3, rad
         43     9.93685424328E-001,   3.40774515644E-003,  -1.12149998546E-001         F               0         Tower X orientation angle, node 4, rad
         44     2.36905948259E-003,   9.98678624630E-001,   5.13360872865E-002         F               0         Tower Y orientation angle, node 4, rad
         45     1.12176746130E-001,  -5.12776114047E-002,   9.92364346981E-001         F               0         Tower Z orientation angle, node 4, rad
         46     9.93685424328E-001,   3.40774515644E-003,  -1.12149998546E-001         F               0         Tower X orientation angle, node 5, rad
         47     2.36905948259E-003,   9.98678624630E-001,   5.13360872865E-002         F               0         Tower Y orientation angle, node 5, rad
         48     1.12176746130E-001,  -5.12776114047E-002,   9.92364346981E-001         F               0         Tower Z orientation angle, node 5, rad
         49     9.93685424328E-001,   3.40774515644E-003,  -1.12149998546E-001         F               0         Tower X orientation angle, node 6, rad
         50     2.36905948259E-003,   9.98678624630E-001,   5.13360872865E-002         F               0         Tower Y orientation angle, node 6, rad
         51     1.12176746130E-001,  -5.12776114047E-002,   9.92364346981E-001         F               0         Tower Z orientation angle, node 6, rad
         52     9.93685424328E-001,   3.40774515644E-003,  -1.12149998546E-001         F               0         Tower X orientation angle, node 7, rad
         53     2.36905948259E-003,   9.98678624630E-001,   5.13360872865E-002         F               0         Tower Y orientation angle, node 7, rad
         54     1.12176746130E-001,  -5.12776114047E-002,   9.92364346981E-001         F               0         Tower Z orientation angle, node 7, rad
         55     9.93685424328E-001,   3.40774492361E-003,  -1.12149998546E-001         F               0         Tower X orientation angle, node 8, rad
         56     2.36905948259E-003,   9.98678624630E-001,   5.13360872865E-002         F               0         Tower Y orientation angle, node 8, rad
         57     1.12176746130E-001,  -5.12776114047E-002,   9.92364346981E-001         F               0         Tower Z orientation angle, node 8, rad
         58     9.93685424328E-001,   3.40774515644E-003,  -1.12149998546E-001         F               0         Tower X orientation angle, node 9, rad
         59     2.36905971542E-003,   9.98678624630E-001,   5.13360872865E-002         F               0         Tower Y orientation angle, node 9, rad
         60     1.12176746130E-001,  -5.12776151299E-002,   9.92364346981E-001         F               0         Tower Z orientation angle, node 9, rad
         61     9.93685424328E-001,   3.40774515644E-003,  -1.12149998546E-001         F               0         Tower X orientation angle, node 10, rad
         62     2.36905948259E-003,   9.98678624630E-001,   5.13360872865E-002         F               0         Tower Y orientation angle, node 10, rad
         63     1.12176746130E-001,  -5.12776114047E-002,   9.92364346981E-001         F               0         Tower Z orientation angle, node 10, rad
         64     9.93685424328E-001,   3.40774515644E-003,  -1.12149998546E-001         F               0         Tower X orientation angle, node 11, rad
         65     2.36905948259E-003,   9.98678624630E-001,   5.13360872865E-002         F               0         Tower Y orientation angle, node 11, rad
         66     1.12176746130E-001,  -5.12776114047E-002,   9.92364346981E-001         F               0         Tower Z orientation angle, node 11, rad
         67    -1.15766539238E-004                                                     F               0         Tower X translation velocity, node 1, m/s
         68     1.37829827145E-003                                                     F               0         Tower Y translation velocity, node 1, m/s
         69     6.03677704930E-004                                                     F               0         Tower Z translation velocity, node 1, m/s
         70    -1.35781432618E-004                                                     F               0         Tower X translation velocity, node 2, m/s
         71     1.87120400369E-003                                                     F               0         Tower Y translation velocity, node 2, m/s
         72     6.31409697235E-004                                                     F               0         Tower Z translation velocity, node 2, m/s
         73    -1.55796355102E-004                                                     F               0         Tower X translation velocity, node 3, m/s
         74     2.36410996877E-003                                                     F               0         Tower Y translation velocity, node 3, m/s
         75     6.59141689539E-004                                                     F               0         Tower Z translation velocity, node 3, m/s
         76    -1.75811263034E-004                                                     F               0         Tower X translation velocity, node 4, m/s
         77     2.85701616667E-003                                                     F               0         Tower Y translation velocity, node 4, m/s
         78     6.86873681843E-004                                                     F               0         Tower Z translation velocity, node 4, m/s
         79    -1.95826185518E-004                                                     F               0         Tower X translation velocity, node 5, m/s
         80     3.34992213175E-003                                                     F               0         Tower Y translation velocity, node 5, m/s
         81     7.14605732355E-004                                                     F               0         Tower Z translation velocity, node 5, m/s
         82    -2.15841078898E-004                                                     F               0         Tower X translation velocity, node 6, m/s
         83     3.84282786399E-003                                                     F               0         Tower Y translation velocity, node 6, m/s
         84     7.42337724660E-004                                                     F               0         Tower Z translation velocity, node 6, m/s
         85    -2.35856001382E-004                                                     F               0         Tower X translation velocity, node 7, m/s
         86     4.33573406190E-003                                                     F               0         Tower Y translation velocity, node 7, m/s
         87     7.70069716964E-004                                                     F               0         Tower Z translation velocity, node 7, m/s
         88    -2.55870923866E-004                                                     F               0         Tower X translation velocity, node 8, m/s
         89     4.82863979414E-003                                                     F               0         Tower Y translation velocity, node 8, m/s
         90     7.97801651061E-004                                                     F               0         Tower Z translation velocity, node 8, m/s
         91    -2.75885831797E-004                                                     F               0         Tower X translation velocity, node 9, m/s
         92     5.32154599205E-003                                                     F               0         Tower Y translation velocity, node 9, m/s
         93     8.25533701573E-004                                                     F               0         Tower Z translation velocity, node 9, m/s
         94    -2.95900739729E-004                                                     F               0         Tower X translation velocity, node 10, m/s
         95     5.81445172429E-003                                                     F               0         Tower Y translation velocity, node 10, m/s
         96     8.53265693877E-004                                                     F               0         Tower Z translation velocity, node 10, m/s
         97    -3.15915647661E-004                                                     F               0         Tower X translation velocity, node 11, m/s
         98     6.30735792220E-003                                                     F               0         Tower Y translation velocity, node 11, m/s
         99     8.80997744389E-004                                                     F               0         Tower Z translation velocity, node 11, m/s
        100     2.55109615326E+001                                                     F               0         Hub X translation displacement, node 1, m
        101    -8.33443164825E+000                                                     F               0         Hub Y translation displacement, node 1, m
        102    -6.14478774369E-002                                                     F               0         Hub Z translation displacement, node 1, m
        103     9.76516246796E-001,   8.74904729426E-003,  -2.15265944600E-001         F               0         Hub X orientation angle, node 1, rad
        104     1.87932223082E-001,   4.53970015049E-001,   8.70972275734E-001         F               0         Hub Y orientation angle, node 1, rad
        105     1.05344466865E-001,  -8.90973985195E-001,   4.41664874554E-001         F               0         Hub Z orientation angle, node 1, rad
        106     7.72769331932E-001                                                     F               0         Hub X rotation velocity, node 1, rad/s
        107     6.92179519683E-003                                                     F               0         Hub Y rotation velocity, node 1, rad/s
        108    -1.70350164175E-001                                                     F               0         Hub Z rotation velocity, node 1, rad/s
        109     9.40362751484E-001,  -5.52078895271E-002,  -3.35663557053E-001         F               0         Blade root 1 X orientation angle, node 1, rad
        110     3.23450893164E-001,   4.50685501099E-001,   8.32022905350E-001         F               0         Blade root 1 Y orientation angle, node 1, rad
        111     1.05344466865E-001,  -8.90973985195E-001,   4.41664874554E-001         F               0         Blade root 1 Z orientation angle, node 1, rad
        112     9.67188060284E-001,   1.49155721068E-001,  -2.05669090152E-001         F               0         Blade root 2 X orientation angle, node 1, rad
        113     1.34680032730E-001,  -9.87427651882E-001,  -8.27522054315E-002         F               0         Blade root 2 Y orientation angle, node 1, rad
        114    -2.15426310897E-001,   5.23374266922E-002,  -9.75116550922E-001         F               0         Blade root 2 Z orientation angle, node 1, rad
        115     9.92859005928E-001,  -6.79617673159E-002,  -9.80417355895E-002         F               0         Blade root 3 X orientation angle, node 1, rad
        116    -4.59670685232E-002,   5.40434896946E-001,  -8.40129256248E-001         F               0         Blade root 3 Y orientation angle, node 1, rad
        117     1.10081844032E-001,   8.38636577129E-001,   5.33451676369E-001         F               0         Blade root 3 Z orientation angle, node 1, rad
        118     2.55154800415E+001                                                     F               0         Blade 1 X translation displacement, node 1, m
        119    -1.32704277039E+001                                                     F               0         Blade 1 Y translation displacement, node 1, m
        120    -3.12428331375E+000                                                     F               0         Blade 1 Z translation displacement, node 1, m
        121     2.55165710449E+001                                                     F               0         Blade 1 X translation displacement, node 2, m
        122    -1.44597940445E+001                                                     F               0         Blade 1 Y translation displacement, node 2, m
        123    -3.86229300499E+000                                                     F               0         Blade 1 Z translation displacement, node 2, m
        124     2.55313835144E+001                                                     F               0         Blade 1 X translation displacement, node 3, m
        125    -3.06331176758E+001                                                     F               0         Blade 1 Y translation displacement, node 3, m
        126    -1.38979749680E+001                                                     F               0         Blade 1 Z translation displacement, node 3, m
        127     2.55345382690E+001                                                     F               0         Blade 1 X translation displacement, node 4, m
        128    -3.40789375305E+001                                                     F               0         Blade 1 Y translation displacement, node 4, m
        129    -1.60361461639E+001                                                     F               0         Blade 1 Z translation displacement, node 4, m
        130     2.55376949310E+001                                                     F               0         Blade 1 X translation displacement, node 5, m
        131    -3.75254173279E+001                                                     F               0         Blade 1 Y translation displacement, node 5, m
        132    -1.81747055054E+001                                                     F               0         Blade 1 Z translation displacement, node 5, m
        133     2.55408515930E+001                                                     F               0         Blade 1 X translation displacement, node 6, m
        134    -4.09712524414E+001                                                     F               0         Blade 1 Y translation displacement, node 6, m
        135    -2.03128833771E+001                                                     F               0         Blade 1 Z translation displacement, node 6, m
        136     2.55440063477E+001                                                     F               0         Blade 1 X translation displacement, node 7, m
        137    -4.44170989990E+001                                                     F               0         Blade 1 Y translation displacement, node 7, m
        138    -2.24510555267E+001                                                     F               0         Blade 1 Z translation displacement, node 7, m
        139     2.55471630096E+001                                                     F               0         Blade 1 X translation displacement, node 8, m
        140    -4.78635635376E+001                                                     F               0         Blade 1 Y translation displacement, node 8, m
        141    -2.45896244049E+001                                                     F               0         Blade 1 Z translation displacement, node 8, m
        142     2.55503196716E+001                                                     F               0         Blade 1 X translation displacement, node 9, m
        143    -5.13094100952E+001                                                     F               0         Blade 1 Y translation displacement, node 9, m
        144    -2.67277946472E+001                                                     F               0         Blade 1 Z translation displacement, node 9, m
        145     2.55534744263E+001                                                     F               0         Blade 1 X translation displacement, node 10, m
        146    -5.47552490234E+001                                                     F               0         Blade 1 Y translation displacement, node 10, m
        147    -2.88659725189E+001                                                     F               0         Blade 1 Z translation displacement, node 10, m
        148     2.55566310883E+001                                                     F               0         Blade 1 X translation displacement, node 11, m
        149    -5.82010955811E+001                                                     F               0         Blade 1 Y translation displacement, node 11, m
        150    -3.10041427612E+001                                                     F               0         Blade 1 Z translation displacement, node 11, m
        151     2.55597877502E+001                                                     F               0         Blade 1 X translation displacement, node 12, m
        152    -6.16475486755E+001                                                     F               0         Blade 1 Y translation displacement, node 12, m
        153    -3.31427040100E+001                                                     F               0         Blade 1 Z translation displacement, node 12, m
        154     2.55629425049E+001                                                     F               0         Blade 1 X translation displacement, node 13, m
        155    -6.50933990479E+001                                                     F               0         Blade 1 Y translation displacement, node 13, m
        156    -3.52808761597E+001                                                     F               0         Blade 1 Z translation displacement, node 13, m
        157     2.55660991669E+001                                                     F               0         Blade 1 X translation displacement, node 14, m
        158    -6.85392303467E+001                                                     F               0         Blade 1 Y translation displacement, node 14, m
        159    -3.74190521240E+001                                                     F               0         Blade 1 Z translation displacement, node 14, m
        160     2.55692558289E+001                                                     F               0         Blade 1 X translation displacement, node 15, m
        161    -7.19857025146E+001                                                     F               0         Blade 1 Y translation displacement, node 15, m
        162    -3.95576133728E+001                                                     F               0         Blade 1 Z translation displacement, node 15, m
        163     2.55724124908E+001                                                     F               0         Blade 1 X translation displacement, node 16, m
        164    -7.54315414429E+001                                                     F               0         Blade 1 Y translation displacement, node 16, m
        165    -4.16957931519E+001                                                     F               0         Blade 1 Z translation displacement, node 16, m
        166     2.55755691528E+001                                                     F               0         Blade 1 X translation displacement, node 17, m
        167    -7.88773956299E+001                                                     F               0         Blade 1 Y translation displacement, node 17, m
        168    -4.38339614868E+001                                                     F               0         Blade 1 Z translation displacement, node 17, m
        169     2.55787239075E+001                                                     F               0         Blade 1 X translation displacement, node 18, m
        170    -8.23232345581E+001                                                     F               0         Blade 1 Y translation displacement, node 18, m
        171    -4.59721412659E+001                                                     F               0         Blade 1 Z translation displacement, node 18, m
        172     2.55818805695E+001                                                     F               0         Blade 1 X translation displacement, node 19, m
        173    -8.57696838379E+001                                                     F               0         Blade 1 Y translation displacement, node 19, m
        174    -4.81106987000E+001                                                     F               0         Blade 1 Z translation displacement, node 19, m
        175     2.55850353241E+001                                                     F               0         Blade 1 X translation displacement, node 20, m
        176    -8.92155303955E+001                                                     F               0         Blade 1 Y translation displacement, node 20, m
        177    -5.02488670349E+001                                                     F               0         Blade 1 Z translation displacement, node 20, m
        178     2.55881919861E+001                                                     F               0         Blade 1 X translation displacement, node 21, m
        179    -9.26613769531E+001                                                     F               0         Blade 1 Y translation displacement, node 21, m
        180    -5.23870468140E+001                                                     F               0         Blade 1 Z translation displacement, node 21, m
        181     2.55913486481E+001                                                     F               0         Blade 1 X translation displacement, node 22, m
        182    -9.61078414917E+001                                                     F               0         Blade 1 Y translation displacement, node 22, m
        183    -5.45256118774E+001                                                     F               0         Blade 1 Z translation displacement, node 22, m
        184     2.55945034027E+001                                                     F               0         Blade 1 X translation displacement, node 23, m
        185    -9.95536880493E+001                                                     F               0         Blade 1 Y translation displacement, node 23, m
        186    -5.66637802124E+001                                                     F               0         Blade 1 Z translation displacement, node 23, m
        187     2.55976600647E+001                                                     F               0         Blade 1 X translation displacement, node 24, m
        188    -1.02999526978E+002                                                     F               0         Blade 1 Y translation displacement, node 24, m
        189    -5.88019561768E+001                                                     F               0         Blade 1 Z translation displacement, node 24, m
        190     2.56008148193E+001                                                     F               0         Blade 1 X translation displacement, node 25, m
        191    -1.06445365906E+002                                                     F               0         Blade 1 Y translation displacement, node 25, m
        192    -6.09401321411E+001                                                     F               0         Blade 1 Z translation displacement, node 25, m
        193     2.56039733887E+001                                                     F               0         Blade 1 X translation displacement, node 26, m
        194    -1.09891838074E+002                                                     F               0         Blade 1 Y translation displacement, node 26, m
        195    -6.30787010193E+001                                                     F               0         Blade 1 Z translation displacement, node 26, m
        196     2.56071281433E+001                                                     F               0         Blade 1 X translation displacement, node 27, m
        197    -1.13337669373E+002                                                     F               0         Blade 1 Y translation displacement, node 27, m
        198    -6.52168731689E+001                                                     F               0         Blade 1 Z translation displacement, node 27, m
        199     2.56098041534E+001                                                     F               0         Blade 1 X translation displacement, node 28, m
        200    -1.16259010315E+002                                                     F               0         Blade 1 Y translation displacement, node 28, m
        201    -6.70295715332E+001                                                     F               0         Blade 1 Z translation displacement, node 28, m
        202     6.89401388168E-001,  -2.54651129246E-001,  -6.78143441677E-001         F               0         Blade 1 X orientation angle, node 1, rad
        203     7.16678619385E-001,   3.75923037529E-001,   5.87412655354E-001         F               0         Blade 1 Y orientation angle, node 1, rad
        204     1.05344466865E-001,  -8.90973985195E-001,   4.41664874554E-001         F               0         Blade 1 Z orientation angle, node 1, rad
        205     6.89401388168E-001,  -2.54651129246E-001,  -6.78143441677E-001         F               0         Blade 1 X orientation angle, node 2, rad
        206     7.16678619385E-001,   3.75923037529E-001,   5.87412655354E-001         F               0         Blade 1 Y orientation angle, node 2, rad
        207     1.05344466865E-001,  -8.90973985195E-001,   4.41664874554E-001         F               0         Blade 1 Z orientation angle, node 2, rad
        208     8.39617192745E-001,  -1.58298879862E-001,  -5.19600331783E-001         F               0         Blade 1 X orientation angle, node 3, rad
        209     5.32865405083E-001,   4.25566434860E-001,   7.31401145458E-001         F               0         Blade 1 Y orientation angle, node 3, rad
        210     1.05344466865E-001,  -8.90973985195E-001,   4.41664874554E-001         F               0         Blade 1 Z orientation angle, node 3, rad
        211     8.61368298531E-001,  -1.40188410878E-001,  -4.88253921270E-001         F               0         Blade 1 X orientation angle, node 4, rad
        212     4.96937841177E-001,   4.31870967150E-001,   7.52688646317E-001         F               0         Blade 1 Y orientation angle, node 4, rad
        213     1.05344466865E-001,  -8.90973985195E-001,   4.41664874554E-001         F               0         Blade 1 Z orientation angle, node 4, rad
        214     8.77370774746E-001,  -1.25792577863E-001,  -4.63029950857E-001         F               0         Blade 1 X orientation angle, node 5, rad
        215     4.68105822802E-001,   4.36281502247E-001,   7.68463015556E-001         F               0         Blade 1 Y orientation angle, node 5, rad
        216     1.05344466865E-001,  -8.90973985195E-001,   4.41664874554E-001         F               0         Blade 1 Z orientation angle, node 5, rad
        217     8.89478981495E-001,  -1.14175558090E-001,  -4.42482858896E-001         F               0         Blade 1 X orientation angle, node 6, rad
        218     4.44668054581E-001,   4.39464747906E-001,   7.80474901199E-001         F               0         Blade 1 Y orientation angle, node 6, rad
        219     1.05344466865E-001,  -8.90973985195E-001,   4.41664874554E-001         F               0         Blade 1 Z orientation angle, node 6, rad
        220     8.98967683315E-001,  -1.04561515152E-001,  -4.25351589918E-001         F               0         Blade 1 X orientation angle, node 7, rad
        221     4.25158351660E-001,   4.41850900650E-001,   7.89941847324E-001         F               0         Blade 1 Y orientation angle, node 7, rad
        222     1.05344466865E-001,  -8.90973985195E-001,   4.41664874554E-001         F               0         Blade 1 Z orientation angle, node 7, rad
        223     9.06536400318E-001,  -9.65245068073E-002,  -4.10943746567E-001         F               0         Blade 1 X orientation angle, node 8, rad
        224     4.08771663904E-001,   4.43675935268E-001,   7.97532021999E-001         F               0         Blade 1 Y orientation angle, node 8, rad
        225     1.05344466865E-001,  -8.90973985195E-001,   4.41664874554E-001         F               0         Blade 1 Z orientation angle, node 8, rad
        226     9.12707507610E-001,  -8.96990224719E-002,  -3.98646533489E-001         F               0         Blade 1 X orientation angle, node 9, rad
        227     3.94800603390E-001,   4.45106089115E-001,   8.03749382496E-001         F               0         Blade 1 Y orientation angle, node 9, rad
        228     1.05344474316E-001,  -8.90973985195E-001,   4.41664904356E-001         F               0         Blade 1 Z orientation angle, node 9, rad
        229     9.17863905430E-001,  -8.37871879339E-002,  -3.87950450182E-001         F               0         Blade 1 X orientation angle, node 10, rad
        230     3.82659614086E-001,   4.46256697178E-001,   8.08966338634E-001         F               0         Blade 1 Y orientation angle, node 10, rad
        231     1.05344466865E-001,  -8.90973985195E-001,   4.41664874554E-001         F               0         Blade 1 Z orientation angle, node 10, rad
        232     9.22145903111E-001,  -7.87192881107E-002,  -3.78748238087E-001         F               0         Blade 1 X orientation angle, node 11, rad
        233     3.72222393751E-001,   4.47178512812E-001,   8.13315391541E-001         F               0         Blade 1 Y orientation angle, node 11, rad
        234     1.05344466865E-001,  -8.90973985195E-001,   4.41664904356E-001         F               0         Blade 1 Z orientation angle, node 11, rad
        235     9.25803184509E-001,  -7.42667615414E-002,  -3.70638489723E-001         F               0         Blade 1 X orientation angle, node 12, rad
        236     3.63030254841E-001,   4.47939485312E-001,   8.17043006420E-001         F               0         Blade 1 Y orientation angle, node 12, rad
        237     1.05344466865E-001,  -8.90973985195E-001,   4.41664874554E-001         F               0         Blade 1 Z orientation angle, node 12, rad
        238     9.28935945034E-001,  -7.03549757600E-002,  -3.63494396210E-001         F               0         Blade 1 X orientation angle, node 13, rad
        239     3.54937374592E-001,   4.48570519686E-001,   8.20246279240E-001         F               0         Blade 1 Y orientation angle, node 13, rad
        240     1.05344466865E-001,  -8.90973985195E-001,   4.41664874554E-001         F               0         Blade 1 Z orientation angle, node 13, rad
        241     9.31694924831E-001,  -6.68297782540E-002,  -3.57041060925E-001         F               0         Blade 1 X orientation angle, node 14, rad
        242     3.47630679607E-001,   4.49109226465E-001,   8.23075830936E-001         F               0         Blade 1 Y orientation angle, node 14, rad
        243     1.05344466865E-001,  -8.90973985195E-001,   4.41664874554E-001         F               0         Blade 1 Z orientation angle, node 14, rad
        244     9.34099137783E-001,  -6.36928081512E-002,  -3.51286232471E-001         F               0         Blade 1 X orientation angle, node 15, rad
        245     3.41117799282E-001,   4.49564874172E-001,   8.25548350811E-001         F               0         Blade 1 Y orientation angle, node 15, rad
        246     1.05344466865E-001,  -8.90973985195E-001,   4.41664904356E-001         F               0         Blade 1 Z orientation angle, node 15, rad
        247     9.36223983765E-001,  -6.08668625355E-002,  -3.46092283726E-001         F               0         Blade 1 X orientation angle, node 16, rad
