
Linearized model: Predictions were generated on 12-Jan-2024 at 09:28:28 using OpenFAST, compiled as a 64-bit application using single precision at commit v3.5.1
 linked with  NWTC Subroutine Library; ElastoDyn; InflowWind; AeroDyn; ServoDyn; HydroDyn; MAP++ (<1.20.10>, <Oct-20-2023>)

Description from the FAST input file: CCT-9 Campign 4 model. Input files to be run with OpenFAST 3.5.0. GitHub branch from Lu Wang (https://github.com/luwang00/openfast/tree/dev) compiled on March 7, 2023.

Simulation information:
   Simulation time:                   505.2000 s
   Rotor Speed:                         0.8774 rad/s
   Azimuth:                             2.1338 rad
   Wind Speed:                         10.0000 m/s
   Number of continuous states:         0
   Number of discrete states:           0
   Number of constraint states:         0
   Number of inputs:                 1746
   Number of outputs:                   4
   Jacobians included in this file?    No

Order of inputs:
     Column   Operating Point                     Rotating Frame? Derivative Order Description
   ---------- ---------------                     --------------- ---------------- -----------
          1    1.100E+01                                 F               0         Tower X translation displacement, node 1, m
          2   -1.225E+00                                 F               0         Tower Y translation displacement, node 1, m
          3   -3.204E-01                                 F               0         Tower Z translation displacement, node 1, m
          4    1.246E+01                                 F               0         Tower X translation displacement, node 2, m
          5   -1.810E+00                                 F               0         Tower Y translation displacement, node 2, m
          6   -4.219E-01                                 F               0         Tower Z translation displacement, node 2, m
          7    1.396E+01                                 F               0         Tower X translation displacement, node 3, m
          8   -2.401E+00                                 F               0         Tower Y translation displacement, node 3, m
          9   -5.266E-01                                 F               0         Tower Z translation displacement, node 3, m
         10    1.547E+01                                 F               0         Tower X translation displacement, node 4, m
         11   -2.996E+00                                 F               0         Tower Y translation displacement, node 4, m
         12   -6.338E-01                                 F               0         Tower Z translation displacement, node 4, m
         13    1.699E+01                                 F               0         Tower X translation displacement, node 5, m
         14   -3.595E+00                                 F               0         Tower Y translation displacement, node 5, m
         15   -7.431E-01                                 F               0         Tower Z translation displacement, node 5, m
         16    1.853E+01                                 F               0         Tower X translation displacement, node 6, m
         17   -4.197E+00                                 F               0         Tower Y translation displacement, node 6, m
         18   -8.541E-01                                 F               0         Tower Z translation displacement, node 6, m
         19    2.008E+01                                 F               0         Tower X translation displacement, node 7, m
         20   -4.802E+00                                 F               0         Tower Y translation displacement, node 7, m
         21   -9.664E-01                                 F               0         Tower Z translation displacement, node 7, m
         22    2.164E+01                                 F               0         Tower X translation displacement, node 8, m
         23   -5.409E+00                                 F               0         Tower Y translation displacement, node 8, m
         24   -1.080E+00                                 F               0         Tower Z translation displacement, node 8, m
         25    2.320E+01                                 F               0         Tower X translation displacement, node 9, m
         26   -6.018E+00                                 F               0         Tower Y translation displacement, node 9, m
         27   -1.194E+00                                 F               0         Tower Z translation displacement, node 9, m
         28    2.476E+01                                 F               0         Tower X translation displacement, node 10, m
         29   -6.627E+00                                 F               0         Tower Y translation displacement, node 10, m
         30   -1.308E+00                                 F               0         Tower Z translation displacement, node 10, m
         31    2.633E+01                                 F               0         Tower X translation displacement, node 11, m
         32   -7.238E+00                                 F               0         Tower Y translation displacement, node 11, m
         33   -1.423E+00                                 F               0         Tower Z translation displacement, node 11, m
         34    9.930E-01,  9.923E-03, -1.177E-01         F               0         Tower X orientation angle, node 1, rad
         35   -4.293E-03,  9.988E-01,  4.800E-02         F               0         Tower Y orientation angle, node 1, rad
         36    1.180E-01, -4.716E-02,  9.919E-01         F               0         Tower Z orientation angle, node 1, rad
         37    9.928E-01,  1.001E-02, -1.195E-01         F               0         Tower X orientation angle, node 2, rad
         38   -4.239E-03,  9.988E-01,  4.845E-02         F               0         Tower Y orientation angle, node 2, rad
         39    1.199E-01, -4.759E-02,  9.916E-01         F               0         Tower Z orientation angle, node 2, rad
         40    9.926E-01,  1.009E-02, -1.212E-01         F               0         Tower X orientation angle, node 3, rad
         41   -4.190E-03,  9.988E-01,  4.885E-02         F               0         Tower Y orientation angle, node 3, rad
         42    1.215E-01, -4.798E-02,  9.914E-01         F               0         Tower Z orientation angle, node 3, rad
         43    9.924E-01,  1.016E-02, -1.226E-01         F               0         Tower X orientation angle, node 4, rad
         44   -4.147E-03,  9.988E-01,  4.920E-02         F               0         Tower Y orientation angle, node 4, rad
         45    1.229E-01, -4.832E-02,  9.912E-01         F               0         Tower Z orientation angle, node 4, rad
         46    9.923E-01,  1.021E-02, -1.237E-01         F               0         Tower X orientation angle, node 5, rad
         47   -4.110E-03,  9.988E-01,  4.950E-02         F               0         Tower Y orientation angle, node 5, rad
         48    1.240E-01, -4.861E-02,  9.911E-01         F               0         Tower Z orientation angle, node 5, rad
         49    9.922E-01,  1.026E-02, -1.246E-01         F               0         Tower X orientation angle, node 6, rad
         50   -4.078E-03,  9.988E-01,  4.975E-02         F               0         Tower Y orientation angle, node 6, rad
         51    1.250E-01, -4.885E-02,  9.910E-01         F               0         Tower Z orientation angle, node 6, rad
         52    9.921E-01,  1.029E-02, -1.253E-01         F               0         Tower X orientation angle, node 7, rad
         53   -4.053E-03,  9.987E-01,  4.995E-02         F               0         Tower Y orientation angle, node 7, rad
         54    1.256E-01, -4.905E-02,  9.909E-01         F               0         Tower Z orientation angle, node 7, rad
         55    9.920E-01,  1.032E-02, -1.258E-01         F               0         Tower X orientation angle, node 8, rad
         56   -4.033E-03,  9.987E-01,  5.011E-02         F               0         Tower Y orientation angle, node 8, rad
         57    1.261E-01, -4.920E-02,  9.908E-01         F               0         Tower Z orientation angle, node 8, rad
         58    9.920E-01,  1.033E-02, -1.261E-01         F               0         Tower X orientation angle, node 9, rad
         59   -4.019E-03,  9.987E-01,  5.022E-02         F               0         Tower Y orientation angle, node 9, rad
         60    1.265E-01, -4.931E-02,  9.907E-01         F               0         Tower Z orientation angle, node 9, rad
         61    9.919E-01,  1.034E-02, -1.263E-01         F               0         Tower X orientation angle, node 10, rad
         62   -4.009E-03,  9.987E-01,  5.030E-02         F               0         Tower Y orientation angle, node 10, rad
         63    1.267E-01, -4.939E-02,  9.907E-01         F               0         Tower Z orientation angle, node 10, rad
         64    9.919E-01,  1.035E-02, -1.264E-01         F               0         Tower X orientation angle, node 11, rad
         65   -4.004E-03,  9.987E-01,  5.034E-02         F               0         Tower Y orientation angle, node 11, rad
         66    1.268E-01, -4.943E-02,  9.907E-01         F               0         Tower Z orientation angle, node 11, rad
         67   -4.839E-03                                 F               0         Tower X translation velocity, node 1, m/s
         68    5.129E-03                                 F               0         Tower Y translation velocity, node 1, m/s
         69    4.610E-03                                 F               0         Tower Z translation velocity, node 1, m/s
         70   -5.024E-03                                 F               0         Tower X translation velocity, node 2, m/s
         71    7.292E-03                                 F               0         Tower Y translation velocity, node 2, m/s
         72    4.735E-03                                 F               0         Tower Z translation velocity, node 2, m/s
         73   -5.132E-03                                 F               0         Tower X translation velocity, node 3, m/s
         74    9.429E-03                                 F               0         Tower Y translation velocity, node 3, m/s
         75    4.852E-03                                 F               0         Tower Z translation velocity, node 3, m/s
         76   -5.182E-03                                 F               0         Tower X translation velocity, node 4, m/s
         77    1.155E-02                                 F               0         Tower Y translation velocity, node 4, m/s
         78    4.961E-03                                 F               0         Tower Z translation velocity, node 4, m/s
         79   -5.184E-03                                 F               0         Tower X translation velocity, node 5, m/s
         80    1.364E-02                                 F               0         Tower Y translation velocity, node 5, m/s
         81    5.064E-03                                 F               0         Tower Z translation velocity, node 5, m/s
         82   -5.146E-03                                 F               0         Tower X translation velocity, node 6, m/s
         83    1.573E-02                                 F               0         Tower Y translation velocity, node 6, m/s
         84    5.161E-03                                 F               0         Tower Z translation velocity, node 6, m/s
         85   -5.079E-03                                 F               0         Tower X translation velocity, node 7, m/s
         86    1.779E-02                                 F               0         Tower Y translation velocity, node 7, m/s
         87    5.255E-03                                 F               0         Tower Z translation velocity, node 7, m/s
         88   -4.988E-03                                 F               0         Tower X translation velocity, node 8, m/s
         89    1.985E-02                                 F               0         Tower Y translation velocity, node 8, m/s
         90    5.345E-03                                 F               0         Tower Z translation velocity, node 8, m/s
         91   -4.880E-03                                 F               0         Tower X translation velocity, node 9, m/s
         92    2.189E-02                                 F               0         Tower Y translation velocity, node 9, m/s
         93    5.433E-03                                 F               0         Tower Z translation velocity, node 9, m/s
         94   -4.761E-03                                 F               0         Tower X translation velocity, node 10, m/s
         95    2.393E-02                                 F               0         Tower Y translation velocity, node 10, m/s
         96    5.519E-03                                 F               0         Tower Z translation velocity, node 10, m/s
         97   -4.635E-03                                 F               0         Tower X translation velocity, node 11, m/s
         98    2.596E-02                                 F               0         Tower Y translation velocity, node 11, m/s
         99    5.604E-03                                 F               0         Tower Z translation velocity, node 11, m/s
        100    2.741E+01                                 F               0         Hub X translation displacement, node 1, m
        101   -7.738E+00                                 F               0         Hub Y translation displacement, node 1, m
        102   -1.308E-01                                 F               0         Hub Z translation displacement, node 1, m
        103    9.732E-01,  1.546E-02, -2.293E-01         F               0         Hub X orientation angle, node 1, rad
        104    1.965E-01, -5.737E-01,  7.951E-01         F               0         Hub Y orientation angle, node 1, rad
        105   -1.193E-01, -8.189E-01, -5.614E-01         F               0         Hub Z orientation angle, node 1, rad
        106    8.538E-01                                 F               0         Hub X rotation velocity, node 1, rad/s
        107    1.357E-02                                 F               0         Hub Y rotation velocity, node 1, rad/s
        108   -2.011E-01                                 F               0         Hub Z rotation velocity, node 1, rad/s
        109    9.670E-01,  3.247E-02, -2.528E-01         F               0         Blade root 1 X orientation angle, node 1, rad
        110    2.252E-01, -5.730E-01,  7.880E-01         F               0         Blade root 1 Y orientation angle, node 1, rad
        111   -1.193E-01, -8.189E-01, -5.614E-01         F               0         Blade root 1 Z orientation angle, node 1, rad
        112    9.788E-01,  2.798E-02, -2.030E-01         F               0         Blade root 2 X orientation angle, node 1, rad
        113   -1.726E-01, -4.217E-01, -8.902E-01         F               0         Blade root 2 Y orientation angle, node 1, rad
        114   -1.105E-01,  9.063E-01, -4.079E-01         F               0         Blade root 2 Z orientation angle, node 1, rad
        115    9.727E-01, -1.410E-02, -2.318E-01         F               0         Blade root 3 X orientation angle, node 1, rad
        116    3.393E-02,  9.961E-01,  8.180E-02         F               0         Blade root 3 Y orientation angle, node 1, rad
        117    2.298E-01, -8.743E-02,  9.693E-01         F               0         Blade root 3 Z orientation angle, node 1, rad
        118    2.617E+01                                 F               0         Blade 1 X translation displacement, node 1, m
        119   -1.227E+01                                 F               0         Blade 1 Y translation displacement, node 1, m
        120   -8.751E+00                                 F               0         Blade 1 Z translation displacement, node 1, m
        121    2.587E+01                                 F               0         Blade 1 X translation displacement, node 2, m
        122   -1.337E+01                                 F               0         Blade 1 Y translation displacement, node 2, m
        123   -1.083E+01                                 F               0         Blade 1 Z translation displacement, node 2, m
        124    2.181E+01                                 F               0         Blade 1 X translation displacement, node 3, m
        125   -2.823E+01                                 F               0         Blade 1 Y translation displacement, node 3, m
        126   -3.907E+01                                 F               0         Blade 1 Z translation displacement, node 3, m
        127    2.095E+01                                 F               0         Blade 1 X translation displacement, node 4, m
        128   -3.140E+01                                 F               0         Blade 1 Y translation displacement, node 4, m
        129   -4.509E+01                                 F               0         Blade 1 Z translation displacement, node 4, m
        130    2.008E+01                                 F               0         Blade 1 X translation displacement, node 5, m
        131   -3.457E+01                                 F               0         Blade 1 Y translation displacement, node 5, m
        132   -5.111E+01                                 F               0         Blade 1 Z translation displacement, node 5, m
        133    1.921E+01                                 F               0         Blade 1 X translation displacement, node 6, m
        134   -3.773E+01                                 F               0         Blade 1 Y translation displacement, node 6, m
        135   -5.713E+01                                 F               0         Blade 1 Z translation displacement, node 6, m
        136    1.835E+01                                 F               0         Blade 1 X translation displacement, node 7, m
        137   -4.090E+01                                 F               0         Blade 1 Y translation displacement, node 7, m
        138   -6.314E+01                                 F               0         Blade 1 Z translation displacement, node 7, m
        139    1.748E+01                                 F               0         Blade 1 X translation displacement, node 8, m
        140   -4.407E+01                                 F               0         Blade 1 Y translation displacement, node 8, m
        141   -6.916E+01                                 F               0         Blade 1 Z translation displacement, node 8, m
        142    1.662E+01                                 F               0         Blade 1 X translation displacement, node 9, m
        143   -4.724E+01                                 F               0         Blade 1 Y translation displacement, node 9, m
        144   -7.518E+01                                 F               0         Blade 1 Z translation displacement, node 9, m
        145    1.575E+01                                 F               0         Blade 1 X translation displacement, node 10, m
        146   -5.040E+01                                 F               0         Blade 1 Y translation displacement, node 10, m
        147   -8.120E+01                                 F               0         Blade 1 Z translation displacement, node 10, m
        148    1.489E+01                                 F               0         Blade 1 X translation displacement, node 11, m
        149   -5.357E+01                                 F               0         Blade 1 Y translation displacement, node 11, m
        150   -8.722E+01                                 F               0         Blade 1 Z translation displacement, node 11, m
        151    1.402E+01                                 F               0         Blade 1 X translation displacement, node 12, m
        152   -5.674E+01                                 F               0         Blade 1 Y translation displacement, node 12, m
        153   -9.323E+01                                 F               0         Blade 1 Z translation displacement, node 12, m
        154    1.315E+01                                 F               0         Blade 1 X translation displacement, node 13, m
        155   -5.990E+01                                 F               0         Blade 1 Y translation displacement, node 13, m
        156   -9.925E+01                                 F               0         Blade 1 Z translation displacement, node 13, m
        157    1.229E+01                                 F               0         Blade 1 X translation displacement, node 14, m
        158   -6.307E+01                                 F               0         Blade 1 Y translation displacement, node 14, m
        159   -1.053E+02                                 F               0         Blade 1 Z translation displacement, node 14, m
        160    1.142E+01                                 F               0         Blade 1 X translation displacement, node 15, m
        161   -6.624E+01                                 F               0         Blade 1 Y translation displacement, node 15, m
        162   -1.113E+02                                 F               0         Blade 1 Z translation displacement, node 15, m
        163    1.056E+01                                 F               0         Blade 1 X translation displacement, node 16, m
        164   -6.941E+01                                 F               0         Blade 1 Y translation displacement, node 16, m
        165   -1.173E+02                                 F               0         Blade 1 Z translation displacement, node 16, m
        166    9.693E+00                                 F               0         Blade 1 X translation displacement, node 17, m
        167   -7.257E+01                                 F               0         Blade 1 Y translation displacement, node 17, m
        168   -1.233E+02                                 F               0         Blade 1 Z translation displacement, node 17, m
        169    8.827E+00                                 F               0         Blade 1 X translation displacement, node 18, m
        170   -7.574E+01                                 F               0         Blade 1 Y translation displacement, node 18, m
        171   -1.293E+02                                 F               0         Blade 1 Z translation displacement, node 18, m
        172    7.961E+00                                 F               0         Blade 1 X translation displacement, node 19, m
        173   -7.891E+01                                 F               0         Blade 1 Y translation displacement, node 19, m
        174   -1.354E+02                                 F               0         Blade 1 Z translation displacement, node 19, m
        175    7.096E+00                                 F               0         Blade 1 X translation displacement, node 20, m
        176   -8.208E+01                                 F               0         Blade 1 Y translation displacement, node 20, m
        177   -1.414E+02                                 F               0         Blade 1 Z translation displacement, node 20, m
        178    6.230E+00                                 F               0         Blade 1 X translation displacement, node 21, m
        179   -8.524E+01                                 F               0         Blade 1 Y translation displacement, node 21, m
        180   -1.474E+02                                 F               0         Blade 1 Z translation displacement, node 21, m
        181    5.365E+00                                 F               0         Blade 1 X translation displacement, node 22, m
        182   -8.841E+01                                 F               0         Blade 1 Y translation displacement, node 22, m
        183   -1.534E+02                                 F               0         Blade 1 Z translation displacement, node 22, m
        184    4.499E+00                                 F               0         Blade 1 X translation displacement, node 23, m
        185   -9.158E+01                                 F               0         Blade 1 Y translation displacement, node 23, m
        186   -1.594E+02                                 F               0         Blade 1 Z translation displacement, node 23, m
        187    3.634E+00                                 F               0         Blade 1 X translation displacement, node 24, m
        188   -9.474E+01                                 F               0         Blade 1 Y translation displacement, node 24, m
        189   -1.654E+02                                 F               0         Blade 1 Z translation displacement, node 24, m
        190    2.768E+00                                 F               0         Blade 1 X translation displacement, node 25, m
        191   -9.791E+01                                 F               0         Blade 1 Y translation displacement, node 25, m
        192   -1.715E+02                                 F               0         Blade 1 Z translation displacement, node 25, m
        193    1.902E+00                                 F               0         Blade 1 X translation displacement, node 26, m
        194   -1.011E+02                                 F               0         Blade 1 Y translation displacement, node 26, m
        195   -1.775E+02                                 F               0         Blade 1 Z translation displacement, node 26, m
        196    1.037E+00                                 F               0         Blade 1 X translation displacement, node 27, m
        197   -1.042E+02                                 F               0         Blade 1 Y translation displacement, node 27, m
        198   -1.835E+02                                 F               0         Blade 1 Z translation displacement, node 27, m
        199    3.030E-01                                 F               0         Blade 1 X translation displacement, node 28, m
        200   -1.069E+02                                 F               0         Blade 1 Y translation displacement, node 28, m
        201   -1.886E+02                                 F               0         Blade 1 Z translation displacement, node 28, m
        202    7.579E-01,  2.902E-01, -5.843E-01         F               0         Blade 1 X orientation angle, node 1, rad
        203    6.414E-01, -4.952E-01,  5.860E-01         F               0         Blade 1 Y orientation angle, node 1, rad
        204   -1.193E-01, -8.189E-01, -5.614E-01         F               0         Blade 1 Z orientation angle, node 1, rad
        205    7.579E-01,  2.902E-01, -5.843E-01         F               0         Blade 1 X orientation angle, node 2, rad
        206    6.414E-01, -4.952E-01,  5.860E-01         F               0         Blade 1 Y orientation angle, node 2, rad
        207   -1.193E-01, -8.189E-01, -5.614E-01         F               0         Blade 1 Z orientation angle, node 2, rad
        208    8.883E-01,  1.646E-01, -4.288E-01         F               0         Blade 1 X orientation angle, node 3, rad
        209    4.435E-01, -5.498E-01,  7.078E-01         F               0         Blade 1 Y orientation angle, node 3, rad
        210   -1.193E-01, -8.189E-01, -5.614E-01         F               0         Blade 1 Z orientation angle, node 3, rad
        211    9.062E-01,  1.412E-01, -3.985E-01         F               0         Blade 1 X orientation angle, node 4, rad
        212    4.056E-01, -5.563E-01,  7.253E-01         F               0         Blade 1 Y orientation angle, node 4, rad
        213   -1.193E-01, -8.189E-01, -5.614E-01         F               0         Blade 1 Z orientation angle, node 4, rad
        214    9.192E-01,  1.227E-01, -3.742E-01         F               0         Blade 1 X orientation angle, node 5, rad
        215    3.753E-01, -5.607E-01,  7.381E-01         F               0         Blade 1 Y orientation angle, node 5, rad
        216   -1.193E-01, -8.189E-01, -5.614E-01         F               0         Blade 1 Z orientation angle, node 5, rad
        217    9.288E-01,  1.078E-01, -3.545E-01         F               0         Blade 1 X orientation angle, node 6, rad
        218    3.508E-01, -5.637E-01,  7.477E-01         F               0         Blade 1 Y orientation angle, node 6, rad
        219   -1.193E-01, -8.189E-01, -5.614E-01         F               0         Blade 1 Z orientation angle, node 6, rad
        220    9.362E-01,  9.545E-02, -3.381E-01         F               0         Blade 1 X orientation angle, node 7, rad
        221    3.305E-01, -5.660E-01,  7.553E-01         F               0         Blade 1 Y orientation angle, node 7, rad
        222   -1.193E-01, -8.189E-01, -5.614E-01         F               0         Blade 1 Z orientation angle, node 7, rad
        223    9.421E-01,  8.517E-02, -3.244E-01         F               0         Blade 1 X orientation angle, node 8, rad
        224    3.134E-01, -5.676E-01,  7.613E-01         F               0         Blade 1 Y orientation angle, node 8, rad
        225   -1.193E-01, -8.189E-01, -5.614E-01         F               0         Blade 1 Z orientation angle, node 8, rad
        226    9.468E-01,  7.644E-02, -3.126E-01         F               0         Blade 1 X orientation angle, node 9, rad
        227    2.989E-01, -5.688E-01,  7.662E-01         F               0         Blade 1 Y orientation angle, node 9, rad
        228   -1.193E-01, -8.189E-01, -5.614E-01         F               0         Blade 1 Z orientation angle, node 9, rad
        229    9.507E-01,  6.889E-02, -3.024E-01         F               0         Blade 1 X orientation angle, node 10, rad
        230    2.863E-01, -5.698E-01,  7.703E-01         F               0         Blade 1 Y orientation angle, node 10, rad
        231   -1.193E-01, -8.189E-01, -5.614E-01         F               0         Blade 1 Z orientation angle, node 10, rad
        232    9.539E-01,  6.242E-02, -2.937E-01         F               0         Blade 1 X orientation angle, node 11, rad
        233    2.755E-01, -5.705E-01,  7.737E-01         F               0         Blade 1 Y orientation angle, node 11, rad
        234   -1.193E-01, -8.189E-01, -5.614E-01         F               0         Blade 1 Z orientation angle, node 11, rad
        235    9.566E-01,  5.674E-02, -2.860E-01         F               0         Blade 1 X orientation angle, node 12, rad
        236    2.660E-01, -5.711E-01,  7.765E-01         F               0         Blade 1 Y orientation angle, node 12, rad
        237   -1.193E-01, -8.189E-01, -5.614E-01         F               0         Blade 1 Z orientation angle, node 12, rad
        238    9.588E-01,  5.175E-02, -2.792E-01         F               0         Blade 1 X orientation angle, node 13, rad
        239    2.577E-01, -5.716E-01,  7.790E-01         F               0         Blade 1 Y orientation angle, node 13, rad
        240   -1.193E-01, -8.189E-01, -5.614E-01         F               0         Blade 1 Z orientation angle, node 13, rad
        241    9.608E-01,  4.726E-02, -2.731E-01         F               0         Blade 1 X orientation angle, node 14, rad
        242    2.501E-01, -5.720E-01,  7.812E-01         F               0         Blade 1 Y orientation angle, node 14, rad
        243   -1.193E-01, -8.189E-01, -5.614E-01         F               0         Blade 1 Z orientation angle, node 14, rad
        244    9.626E-01,  4.327E-02, -2.676E-01         F               0         Blade 1 X orientation angle, node 15, rad
        245    2.434E-01, -5.723E-01,  7.831E-01         F               0         Blade 1 Y orientation angle, node 15, rad
        246   -1.193E-01, -8.189E-01, -5.614E-01         F               0         Blade 1 Z orientation angle, node 15, rad
        247    9.641E-01,  3.967E-02, -2.627E-01         F               0         Blade 1 X orientation angle, node 16, rad
        248    2.374E-01, -5.726E-01,  7.847E-01         F               0         Blade 1 Y orientation angle, node 16, rad
        249   -1.193E-01, -8.189E-01, -5.614E-01         F               0         Blade 1 Z orientation angle, node 16, rad
        250    9.654E-01,  3.647E-02, -2.583E-01         F               0         Blade 1 X orientation angle, node 17, rad
        251    2.320E-01, -5.728E-01,  7.862E-01         F               0         Blade 1 Y orientation angle, node 17, rad
        252   -1.193E-01, -8.189E-01, -5.614E-01         F               0         Blade 1 Z orientation angle, node 17, rad
        253    9.666E-01,  3.347E-02, -2.542E-01         F               0         Blade 1 X orientation angle, node 18, rad
        254    2.269E-01, -5.730E-01,  7.875E-01         F               0         Blade 1 Y orientation angle, node 18, rad
        255   -1.193E-01, -8.189E-01, -5.614E-01         F               0         Blade 1 Z orientation angle, node 18, rad
        256    9.676E-01,  3.077E-02, -2.504E-01         F               0         Blade 1 X orientation angle, node 19, rad
        257    2.224E-01, -5.731E-01,  7.887E-01         F               0         Blade 1 Y orientation angle, node 19, rad
        258   -1.193E-01, -8.189E-01, -5.614E-01         F               0         Blade 1 Z orientation angle, node 19, rad
        259    9.686E-01,  2.837E-02, -2.471E-01         F               0         Blade 1 X orientation angle, node 20, rad
        260    2.183E-01, -5.732E-01,  7.898E-01         F               0         Blade 1 Y orientation angle, node 20, rad
        261   -1.193E-01, -8.189E-01, -5.614E-01         F               0         Blade 1 Z orientation angle, node 20, rad
        262    9.694E-01,  2.607E-02, -2.440E-01         F               0         Blade 1 X orientation angle, node 21, rad
        263    2.144E-01, -5.734E-01,  7.907E-01         F               0         Blade 1 Y orientation angle, node 21, rad
        264   -1.193E-01, -8.189E-01, -5.614E-01         F               0         Blade 1 Z orientation angle, node 21, rad
        265    9.702E-01,  2.397E-02, -2.411E-01         F               0         Blade 1 X orientation angle, node 22, rad
        266    2.109E-01, -5.735E-01,  7.916E-01         F               0         Blade 1 Y orientation angle, node 22, rad
        267   -1.193E-01, -8.189E-01, -5.614E-01         F               0         Blade 1 Z orientation angle, node 22, rad
        268    9.709E-01,  2.207E-02, -2.384E-01         F               0         Blade 1 X orientation angle, node 23, rad
        269    2.076E-01, -5.735E-01,  7.924E-01         F               0         Blade 1 Y orientation angle, node 23, rad
        270   -1.193E-01, -8.189E-01, -5.614E-01         F               0         Blade 1 Z orientation angle, node 23, rad
        271    9.716E-01,  2.027E-02, -2.360E-01         F               0         Blade 1 X orientation angle, node 24, rad
        272    2.046E-01, -5.736E-01,  7.932E-01         F               0         Blade 1 Y orientation angle, node 24, rad
        273   -1.193E-01, -8.189E-01, -5.614E-01         F               0         Blade 1 Z orientation angle, node 24, rad
        274    9.722E-01,  1.856E-02, -2.336E-01         F               0         Blade 1 X orientation angle, node 25, rad
        275    2.017E-01, -5.737E-01,  7.939E-01         F               0         Blade 1 Y orientation angle, node 25, rad
        276   -1.193E-01, -8.189E-01, -5.614E-01         F               0         Blade 1 Z orientation angle, node 25, rad
        277    9.727E-01,  1.706E-02, -2.315E-01         F               0         Blade 1 X orientation angle, node 26, rad
        278    1.992E-01, -5.737E-01,  7.945E-01         F               0         Blade 1 Y orientation angle, node 26, rad
        279   -1.193E-01, -8.189E-01, -5.614E-01         F               0         Blade 1 Z orientation angle, node 26, rad
        280    9.732E-01,  1.556E-02, -2.294E-01         F               0         Blade 1 X orientation angle, node 27, rad
        281    1.966E-01, -5.737E-01,  7.951E-01         F               0         Blade 1 Y orientation angle, node 27, rad
        282   -1.193E-01, -8.189E-01, -5.614E-01         F               0         Blade 1 Z orientation angle, node 27, rad
        283    9.735E-01,  1.476E-02, -2.283E-01         F               0         Blade 1 X orientation angle, node 28, rad
        284    1.953E-01, -5.738E-01,  7.954E-01         F               0         Blade 1 Y orientation angle, node 28, rad
        285   -1.193E-01, -8.189E-01, -5.614E-01         F               0         Blade 1 Z orientation angle, node 28, rad
        286   -9.590E-01                                 F               0         Blade 1 X translation velocity, node 1, m/s
        287    2.815E+00                                 F               0         Blade 1 Y translation velocity, node 1, m/s
        288   -3.859E+00                                 F               0         Blade 1 Z translation velocity, node 1, m/s
        289   -1.189E+00                                 F               0         Blade 1 X translation velocity, node 2, m/s
        290    3.487E+00                                 F               0         Blade 1 Y translation velocity, node 2, m/s
        291   -4.790E+00                                 F               0         Blade 1 Z translation velocity, node 2, m/s
        292   -4.316E+00                                 F               0         Blade 1 X translation velocity, node 3, m/s
        293    1.262E+01                                 F               0         Blade 1 Y translation velocity, node 3, m/s
        294   -1.745E+01                                 F               0         Blade 1 Z translation velocity, node 3, m/s
        295   -4.983E+00                                 F               0         Blade 1 X translation velocity, node 4, m/s
        296    1.457E+01                                 F               0         Blade 1 Y translation velocity, node 4, m/s
        297   -2.015E+01                                 F               0         Blade 1 Z translation velocity, node 4, m/s
        298   -5.649E+00                                 F               0         Blade 1 X translation velocity, node 5, m/s
        299    1.652E+01                                 F               0         Blade 1 Y translation velocity, node 5, m/s
        300   -2.285E+01                                 F               0         Blade 1 Z translation velocity, node 5, m/s
        301   -6.316E+00                                 F               0         Blade 1 X translation velocity, node 6, m/s
        302    1.846E+01                                 F               0         Blade 1 Y translation velocity, node 6, m/s
        303   -2.555E+01                                 F               0         Blade 1 Z translation velocity, node 6, m/s
        304   -6.982E+00                                 F               0         Blade 1 X translation velocity, node 7, m/s
        305    2.041E+01                                 F               0         Blade 1 Y translation velocity, node 7, m/s
        306   -2.824E+01                                 F               0         Blade 1 Z translation velocity, node 7, m/s
        307   -7.648E+00                                 F               0         Blade 1 X translation velocity, node 8, m/s
