
Linearized model: Predictions were generated on 12-Jan-2024 at 09:28:28 using OpenFAST, compiled as a 64-bit application using single precision at commit v3.5.1
 linked with  NWTC Subroutine Library; ElastoDyn; InflowWind; AeroDyn; ServoDyn; HydroDyn; MAP++ (<1.20.10>, <Oct-20-2023>)

Description from the FAST input file: CCT-9 Campign 4 model. Input files to be run with OpenFAST 3.5.0. GitHub branch from Lu Wang (https://github.com/luwang00/openfast/tree/dev) compiled on March 7, 2023.

Simulation information:
   Simulation time:                   504.2000 s
   Rotor Speed:                         0.8772 rad/s
   Azimuth:                             1.2566 rad
   Wind Speed:                         10.0000 m/s
   Number of continuous states:         0
   Number of discrete states:           0
   Number of constraint states:         0
   Number of inputs:                 1746
   Number of outputs:                   4
   Jacobians included in this file?    No

Order of inputs:
     Column   Operating Point                     Rotating Frame? Derivative Order Description
   ---------- ---------------                     --------------- ---------------- -----------
          1    1.100E+01                                 F               0         Tower X translation displacement, node 1, m
          2   -1.229E+00                                 F               0         Tower Y translation displacement, node 1, m
          3   -3.245E-01                                 F               0         Tower Z translation displacement, node 1, m
          4    1.247E+01                                 F               0         Tower X translation displacement, node 2, m
          5   -1.815E+00                                 F               0         Tower Y translation displacement, node 2, m
          6   -4.260E-01                                 F               0         Tower Z translation displacement, node 2, m
          7    1.396E+01                                 F               0         Tower X translation displacement, node 3, m
          8   -2.407E+00                                 F               0         Tower Y translation displacement, node 3, m
          9   -5.308E-01                                 F               0         Tower Z translation displacement, node 3, m
         10    1.547E+01                                 F               0         Tower X translation displacement, node 4, m
         11   -3.004E+00                                 F               0         Tower Y translation displacement, node 4, m
         12   -6.381E-01                                 F               0         Tower Z translation displacement, node 4, m
         13    1.700E+01                                 F               0         Tower X translation displacement, node 5, m
         14   -3.604E+00                                 F               0         Tower Y translation displacement, node 5, m
         15   -7.475E-01                                 F               0         Tower Z translation displacement, node 5, m
         16    1.854E+01                                 F               0         Tower X translation displacement, node 6, m
         17   -4.208E+00                                 F               0         Tower Y translation displacement, node 6, m
         18   -8.586E-01                                 F               0         Tower Z translation displacement, node 6, m
         19    2.009E+01                                 F               0         Tower X translation displacement, node 7, m
         20   -4.814E+00                                 F               0         Tower Y translation displacement, node 7, m
         21   -9.709E-01                                 F               0         Tower Z translation displacement, node 7, m
         22    2.164E+01                                 F               0         Tower X translation displacement, node 8, m
         23   -5.422E+00                                 F               0         Tower Y translation displacement, node 8, m
         24   -1.084E+00                                 F               0         Tower Z translation displacement, node 8, m
         25    2.320E+01                                 F               0         Tower X translation displacement, node 9, m
         26   -6.033E+00                                 F               0         Tower Y translation displacement, node 9, m
         27   -1.199E+00                                 F               0         Tower Z translation displacement, node 9, m
         28    2.477E+01                                 F               0         Tower X translation displacement, node 10, m
         29   -6.644E+00                                 F               0         Tower Y translation displacement, node 10, m
         30   -1.313E+00                                 F               0         Tower Z translation displacement, node 10, m
         31    2.633E+01                                 F               0         Tower X translation displacement, node 11, m
         32   -7.256E+00                                 F               0         Tower Y translation displacement, node 11, m
         33   -1.428E+00                                 F               0         Tower Z translation displacement, node 11, m
         34    9.930E-01,  9.845E-03, -1.177E-01         F               0         Tower X orientation angle, node 1, rad
         35   -4.203E-03,  9.988E-01,  4.809E-02         F               0         Tower Y orientation angle, node 1, rad
         36    1.180E-01, -4.726E-02,  9.919E-01         F               0         Tower Z orientation angle, node 1, rad
         37    9.928E-01,  9.934E-03, -1.196E-01         F               0         Tower X orientation angle, node 2, rad
         38   -4.148E-03,  9.988E-01,  4.854E-02         F               0         Tower Y orientation angle, node 2, rad
         39    1.199E-01, -4.769E-02,  9.916E-01         F               0         Tower Z orientation angle, node 2, rad
         40    9.926E-01,  1.001E-02, -1.212E-01         F               0         Tower X orientation angle, node 3, rad
         41   -4.099E-03,  9.988E-01,  4.895E-02         F               0         Tower Y orientation angle, node 3, rad
         42    1.215E-01, -4.809E-02,  9.914E-01         F               0         Tower Z orientation angle, node 3, rad
         43    9.924E-01,  1.008E-02, -1.226E-01         F               0         Tower X orientation angle, node 4, rad
         44   -4.055E-03,  9.988E-01,  4.930E-02         F               0         Tower Y orientation angle, node 4, rad
         45    1.229E-01, -4.843E-02,  9.912E-01         F               0         Tower Z orientation angle, node 4, rad
         46    9.923E-01,  1.014E-02, -1.237E-01         F               0         Tower X orientation angle, node 5, rad
         47   -4.018E-03,  9.988E-01,  4.960E-02         F               0         Tower Y orientation angle, node 5, rad
         48    1.241E-01, -4.872E-02,  9.911E-01         F               0         Tower Z orientation angle, node 5, rad
         49    9.922E-01,  1.018E-02, -1.246E-01         F               0         Tower X orientation angle, node 6, rad
         50   -3.986E-03,  9.987E-01,  4.986E-02         F               0         Tower Y orientation angle, node 6, rad
         51    1.250E-01, -4.897E-02,  9.910E-01         F               0         Tower Z orientation angle, node 6, rad
         52    9.921E-01,  1.021E-02, -1.253E-01         F               0         Tower X orientation angle, node 7, rad
         53   -3.960E-03,  9.987E-01,  5.006E-02         F               0         Tower Y orientation angle, node 7, rad
         54    1.256E-01, -4.917E-02,  9.909E-01         F               0         Tower Z orientation angle, node 7, rad
         55    9.920E-01,  1.024E-02, -1.258E-01         F               0         Tower X orientation angle, node 8, rad
         56   -3.940E-03,  9.987E-01,  5.022E-02         F               0         Tower Y orientation angle, node 8, rad
         57    1.261E-01, -4.932E-02,  9.908E-01         F               0         Tower Z orientation angle, node 8, rad
         58    9.920E-01,  1.026E-02, -1.261E-01         F               0         Tower X orientation angle, node 9, rad
         59   -3.925E-03,  9.987E-01,  5.034E-02         F               0         Tower Y orientation angle, node 9, rad
         60    1.265E-01, -4.944E-02,  9.907E-01         F               0         Tower Z orientation angle, node 9, rad
         61    9.919E-01,  1.027E-02, -1.263E-01         F               0         Tower X orientation angle, node 10, rad
         62   -3.916E-03,  9.987E-01,  5.041E-02         F               0         Tower Y orientation angle, node 10, rad
         63    1.267E-01, -4.951E-02,  9.907E-01         F               0         Tower Z orientation angle, node 10, rad
         64    9.919E-01,  1.027E-02, -1.264E-01         F               0         Tower X orientation angle, node 11, rad
         65   -3.910E-03,  9.987E-01,  5.045E-02         F               0         Tower Y orientation angle, node 11, rad
         66    1.268E-01, -4.955E-02,  9.907E-01         F               0         Tower Z orientation angle, node 11, rad
         67   -4.327E-03                                 F               0         Tower X translation velocity, node 1, m/s
         68    2.835E-03                                 F               0         Tower Y translation velocity, node 1, m/s
         69    3.394E-03                                 F               0         Tower Z translation velocity, node 1, m/s
         70   -4.454E-03                                 F               0         Tower X translation velocity, node 2, m/s
         71    3.362E-03                                 F               0         Tower Y translation velocity, node 2, m/s
         72    3.434E-03                                 F               0         Tower Z translation velocity, node 2, m/s
         73   -4.634E-03                                 F               0         Tower X translation velocity, node 3, m/s
         74    3.958E-03                                 F               0         Tower Y translation velocity, node 3, m/s
         75    3.485E-03                                 F               0         Tower Z translation velocity, node 3, m/s
         76   -4.856E-03                                 F               0         Tower X translation velocity, node 4, m/s
         77    4.611E-03                                 F               0         Tower Y translation velocity, node 4, m/s
         78    3.544E-03                                 F               0         Tower Z translation velocity, node 4, m/s
         79   -5.113E-03                                 F               0         Tower X translation velocity, node 5, m/s
         80    5.311E-03                                 F               0         Tower Y translation velocity, node 5, m/s
         81    3.611E-03                                 F               0         Tower Z translation velocity, node 5, m/s
         82   -5.400E-03                                 F               0         Tower X translation velocity, node 6, m/s
         83    6.052E-03                                 F               0         Tower Y translation velocity, node 6, m/s
         84    3.683E-03                                 F               0         Tower Z translation velocity, node 6, m/s
         85   -5.708E-03                                 F               0         Tower X translation velocity, node 7, m/s
         86    6.824E-03                                 F               0         Tower Y translation velocity, node 7, m/s
         87    3.761E-03                                 F               0         Tower Z translation velocity, node 7, m/s
         88   -6.036E-03                                 F               0         Tower X translation velocity, node 8, m/s
         89    7.624E-03                                 F               0         Tower Y translation velocity, node 8, m/s
         90    3.842E-03                                 F               0         Tower Z translation velocity, node 8, m/s
         91   -6.377E-03                                 F               0         Tower X translation velocity, node 9, m/s
         92    8.445E-03                                 F               0         Tower Y translation velocity, node 9, m/s
         93    3.926E-03                                 F               0         Tower Z translation velocity, node 9, m/s
         94   -6.728E-03                                 F               0         Tower X translation velocity, node 10, m/s
         95    9.281E-03                                 F               0         Tower Y translation velocity, node 10, m/s
         96    4.013E-03                                 F               0         Tower Z translation velocity, node 10, m/s
         97   -7.085E-03                                 F               0         Tower X translation velocity, node 11, m/s
         98    1.013E-02                                 F               0         Tower Y translation velocity, node 11, m/s
         99    4.101E-03                                 F               0         Tower Z translation velocity, node 11, m/s
        100    2.742E+01                                 F               0         Hub X translation displacement, node 1, m
        101   -7.756E+00                                 F               0         Hub Y translation displacement, node 1, m
        102   -1.357E-01                                 F               0         Hub Z translation displacement, node 1, m
        103    9.732E-01,  1.539E-02, -2.293E-01         F               0         Hub X orientation angle, node 1, rad
        104    2.173E-01,  2.629E-01,  9.400E-01         F               0         Hub Y orientation angle, node 1, rad
        105    7.475E-02, -9.647E-01,  2.525E-01         F               0         Hub Z orientation angle, node 1, rad
        106    8.536E-01                                 F               0         Hub X rotation velocity, node 1, rad/s
        107    1.347E-02                                 F               0         Hub Y rotation velocity, node 1, rad/s
        108   -2.011E-01                                 F               0         Hub Z rotation velocity, node 1, rad/s
        109    9.664E-01,  7.590E-03, -2.571E-01         F               0         Blade root 1 X orientation angle, node 1, rad
        110    2.461E-01,  2.632E-01,  9.328E-01         F               0         Blade root 1 Y orientation angle, node 1, rad
        111    7.475E-02, -9.647E-01,  2.525E-01         F               0         Blade root 1 Z orientation angle, node 1, rad
        112    9.741E-01,  4.407E-02, -2.217E-01         F               0         Blade root 2 X orientation angle, node 1, rad
        113   -1.504E-02, -9.660E-01, -2.581E-01         F               0         Blade root 2 Y orientation angle, node 1, rad
        114   -2.256E-01,  2.547E-01, -9.403E-01         F               0         Blade root 2 Z orientation angle, node 1, rad
        115    9.779E-01, -5.498E-03, -2.088E-01         F               0         Blade root 3 X orientation angle, node 1, rad
        116   -1.444E-01,  7.042E-01, -6.952E-01         F               0         Blade root 3 Y orientation angle, node 1, rad
        117    1.508E-01,  7.100E-01,  6.879E-01         F               0         Blade root 3 Z orientation angle, node 1, rad
        118    2.725E+01                                 F               0         Blade 1 X translation displacement, node 1, m
        119   -1.310E+01                                 F               0         Blade 1 Y translation displacement, node 1, m
        120   -4.247E+00                                 F               0         Blade 1 Z translation displacement, node 1, m
        121    2.721E+01                                 F               0         Blade 1 X translation displacement, node 2, m
        122   -1.439E+01                                 F               0         Blade 1 Y translation displacement, node 2, m
        123   -5.237E+00                                 F               0         Blade 1 Z translation displacement, node 2, m
        124    2.667E+01                                 F               0         Blade 1 X translation displacement, node 3, m
        125   -3.190E+01                                 F               0         Blade 1 Y translation displacement, node 3, m
        126   -1.871E+01                                 F               0         Blade 1 Z translation displacement, node 3, m
        127    2.656E+01                                 F               0         Blade 1 X translation displacement, node 4, m
        128   -3.563E+01                                 F               0         Blade 1 Y translation displacement, node 4, m
        129   -2.158E+01                                 F               0         Blade 1 Z translation displacement, node 4, m
        130    2.644E+01                                 F               0         Blade 1 X translation displacement, node 5, m
        131   -3.936E+01                                 F               0         Blade 1 Y translation displacement, node 5, m
        132   -2.445E+01                                 F               0         Blade 1 Z translation displacement, node 5, m
        133    2.633E+01                                 F               0         Blade 1 X translation displacement, node 6, m
        134   -4.309E+01                                 F               0         Blade 1 Y translation displacement, node 6, m
        135   -2.732E+01                                 F               0         Blade 1 Z translation displacement, node 6, m
        136    2.621E+01                                 F               0         Blade 1 X translation displacement, node 7, m
        137   -4.682E+01                                 F               0         Blade 1 Y translation displacement, node 7, m
        138   -3.019E+01                                 F               0         Blade 1 Z translation displacement, node 7, m
        139    2.610E+01                                 F               0         Blade 1 X translation displacement, node 8, m
        140   -5.056E+01                                 F               0         Blade 1 Y translation displacement, node 8, m
        141   -3.306E+01                                 F               0         Blade 1 Z translation displacement, node 8, m
        142    2.598E+01                                 F               0         Blade 1 X translation displacement, node 9, m
        143   -5.429E+01                                 F               0         Blade 1 Y translation displacement, node 9, m
        144   -3.593E+01                                 F               0         Blade 1 Z translation displacement, node 9, m
        145    2.587E+01                                 F               0         Blade 1 X translation displacement, node 10, m
        146   -5.802E+01                                 F               0         Blade 1 Y translation displacement, node 10, m
        147   -3.880E+01                                 F               0         Blade 1 Z translation displacement, node 10, m
        148    2.575E+01                                 F               0         Blade 1 X translation displacement, node 11, m
        149   -6.175E+01                                 F               0         Blade 1 Y translation displacement, node 11, m
        150   -4.167E+01                                 F               0         Blade 1 Z translation displacement, node 11, m
        151    2.564E+01                                 F               0         Blade 1 X translation displacement, node 12, m
        152   -6.548E+01                                 F               0         Blade 1 Y translation displacement, node 12, m
        153   -4.454E+01                                 F               0         Blade 1 Z translation displacement, node 12, m
        154    2.552E+01                                 F               0         Blade 1 X translation displacement, node 13, m
        155   -6.921E+01                                 F               0         Blade 1 Y translation displacement, node 13, m
        156   -4.741E+01                                 F               0         Blade 1 Z translation displacement, node 13, m
        157    2.540E+01                                 F               0         Blade 1 X translation displacement, node 14, m
        158   -7.294E+01                                 F               0         Blade 1 Y translation displacement, node 14, m
        159   -5.028E+01                                 F               0         Blade 1 Z translation displacement, node 14, m
        160    2.529E+01                                 F               0         Blade 1 X translation displacement, node 15, m
        161   -7.668E+01                                 F               0         Blade 1 Y translation displacement, node 15, m
        162   -5.315E+01                                 F               0         Blade 1 Z translation displacement, node 15, m
        163    2.517E+01                                 F               0         Blade 1 X translation displacement, node 16, m
        164   -8.041E+01                                 F               0         Blade 1 Y translation displacement, node 16, m
        165   -5.602E+01                                 F               0         Blade 1 Z translation displacement, node 16, m
        166    2.506E+01                                 F               0         Blade 1 X translation displacement, node 17, m
        167   -8.414E+01                                 F               0         Blade 1 Y translation displacement, node 17, m
        168   -5.889E+01                                 F               0         Blade 1 Z translation displacement, node 17, m
        169    2.494E+01                                 F               0         Blade 1 X translation displacement, node 18, m
        170   -8.787E+01                                 F               0         Blade 1 Y translation displacement, node 18, m
        171   -6.176E+01                                 F               0         Blade 1 Z translation displacement, node 18, m
        172    2.483E+01                                 F               0         Blade 1 X translation displacement, node 19, m
        173   -9.160E+01                                 F               0         Blade 1 Y translation displacement, node 19, m
        174   -6.463E+01                                 F               0         Blade 1 Z translation displacement, node 19, m
        175    2.471E+01                                 F               0         Blade 1 X translation displacement, node 20, m
        176   -9.533E+01                                 F               0         Blade 1 Y translation displacement, node 20, m
        177   -6.750E+01                                 F               0         Blade 1 Z translation displacement, node 20, m
        178    2.460E+01                                 F               0         Blade 1 X translation displacement, node 21, m
        179   -9.906E+01                                 F               0         Blade 1 Y translation displacement, node 21, m
        180   -7.037E+01                                 F               0         Blade 1 Z translation displacement, node 21, m
        181    2.448E+01                                 F               0         Blade 1 X translation displacement, node 22, m
        182   -1.028E+02                                 F               0         Blade 1 Y translation displacement, node 22, m
        183   -7.324E+01                                 F               0         Blade 1 Z translation displacement, node 22, m
        184    2.437E+01                                 F               0         Blade 1 X translation displacement, node 23, m
        185   -1.065E+02                                 F               0         Blade 1 Y translation displacement, node 23, m
        186   -7.611E+01                                 F               0         Blade 1 Z translation displacement, node 23, m
        187    2.425E+01                                 F               0         Blade 1 X translation displacement, node 24, m
        188   -1.103E+02                                 F               0         Blade 1 Y translation displacement, node 24, m
        189   -7.898E+01                                 F               0         Blade 1 Z translation displacement, node 24, m
        190    2.414E+01                                 F               0         Blade 1 X translation displacement, node 25, m
        191   -1.140E+02                                 F               0         Blade 1 Y translation displacement, node 25, m
        192   -8.185E+01                                 F               0         Blade 1 Z translation displacement, node 25, m
        193    2.402E+01                                 F               0         Blade 1 X translation displacement, node 26, m
        194   -1.177E+02                                 F               0         Blade 1 Y translation displacement, node 26, m
        195   -8.472E+01                                 F               0         Blade 1 Z translation displacement, node 26, m
        196    2.391E+01                                 F               0         Blade 1 X translation displacement, node 27, m
        197   -1.214E+02                                 F               0         Blade 1 Y translation displacement, node 27, m
        198   -8.759E+01                                 F               0         Blade 1 Z translation displacement, node 27, m
        199    2.381E+01                                 F               0         Blade 1 X translation displacement, node 28, m
        200   -1.246E+02                                 F               0         Blade 1 Y translation displacement, node 28, m
        201   -9.002E+01                                 F               0         Blade 1 Z translation displacement, node 28, m
        202    7.478E-01, -1.133E-01, -6.542E-01         F               0         Blade 1 X orientation angle, node 1, rad
        203    6.597E-01,  2.377E-01,  7.130E-01         F               0         Blade 1 Y orientation angle, node 1, rad
        204    7.475E-02, -9.647E-01,  2.525E-01         F               0         Blade 1 Z orientation angle, node 1, rad
        205    7.478E-01, -1.133E-01, -6.542E-01         F               0         Blade 1 X orientation angle, node 2, rad
        206    6.597E-01,  2.377E-01,  7.130E-01         F               0         Blade 1 Y orientation angle, node 2, rad
        207    7.475E-02, -9.647E-01,  2.525E-01         F               0         Blade 1 Z orientation angle, node 2, rad
        208    8.829E-01, -5.370E-02, -4.666E-01         F               0         Blade 1 X orientation angle, node 3, rad
        209    4.637E-01,  2.578E-01,  8.477E-01         F               0         Blade 1 Y orientation angle, node 3, rad
        210    7.475E-02, -9.647E-01,  2.525E-01         F               0         Blade 1 Z orientation angle, node 3, rad
        211    9.016E-01, -4.277E-02, -4.304E-01         F               0         Blade 1 X orientation angle, node 4, rad
        212    4.260E-01,  2.598E-01,  8.666E-01         F               0         Blade 1 Y orientation angle, node 4, rad
        213    7.475E-02, -9.647E-01,  2.525E-01         F               0         Blade 1 Z orientation angle, node 4, rad
        214    9.153E-01, -3.413E-02, -4.014E-01         F               0         Blade 1 X orientation angle, node 5, rad
        215    3.958E-01,  2.611E-01,  8.804E-01         F               0         Blade 1 Y orientation angle, node 5, rad
        216    7.475E-02, -9.647E-01,  2.525E-01         F               0         Blade 1 Z orientation angle, node 5, rad
        217    9.254E-01, -2.719E-02, -3.779E-01         F               0         Blade 1 X orientation angle, node 6, rad
        218    3.714E-01,  2.619E-01,  8.908E-01         F               0         Blade 1 Y orientation angle, node 6, rad
        219    7.475E-02, -9.647E-01,  2.525E-01         F               0         Blade 1 Z orientation angle, node 6, rad
        220    9.333E-01, -2.147E-02, -3.584E-01         F               0         Blade 1 X orientation angle, node 7, rad
        221    3.511E-01,  2.624E-01,  8.988E-01         F               0         Blade 1 Y orientation angle, node 7, rad
        222    7.475E-02, -9.647E-01,  2.525E-01         F               0         Blade 1 Z orientation angle, node 7, rad
        223    9.396E-01, -1.671E-02, -3.420E-01         F               0         Blade 1 X orientation angle, node 8, rad
        224    3.341E-01,  2.628E-01,  9.051E-01         F               0         Blade 1 Y orientation angle, node 8, rad
        225    7.475E-02, -9.647E-01,  2.525E-01         F               0         Blade 1 Z orientation angle, node 8, rad
        226    9.446E-01, -1.267E-02, -3.281E-01         F               0         Blade 1 X orientation angle, node 9, rad
        227    3.197E-01,  2.630E-01,  9.103E-01         F               0         Blade 1 Y orientation angle, node 9, rad
        228    7.475E-02, -9.647E-01,  2.525E-01         F               0         Blade 1 Z orientation angle, node 9, rad
        229    9.487E-01, -9.180E-03, -3.160E-01         F               0         Blade 1 X orientation angle, node 10, rad
        230    3.071E-01,  2.631E-01,  9.146E-01         F               0         Blade 1 Y orientation angle, node 10, rad
        231    7.475E-02, -9.647E-01,  2.525E-01         F               0         Blade 1 Z orientation angle, node 10, rad
        232    9.522E-01, -6.195E-03, -3.056E-01         F               0         Blade 1 X orientation angle, node 11, rad
        233    2.963E-01,  2.632E-01,  9.181E-01         F               0         Blade 1 Y orientation angle, node 11, rad
        234    7.475E-02, -9.647E-01,  2.525E-01         F               0         Blade 1 Z orientation angle, node 11, rad
        235    9.551E-01, -3.576E-03, -2.964E-01         F               0         Blade 1 X orientation angle, node 12, rad
        236    2.869E-01,  2.633E-01,  9.211E-01         F               0         Blade 1 Y orientation angle, node 12, rad
        237    7.475E-02, -9.647E-01,  2.525E-01         F               0         Blade 1 Z orientation angle, node 12, rad
        238    9.575E-01, -1.278E-03, -2.884E-01         F               0         Blade 1 X orientation angle, node 13, rad
        239    2.785E-01,  2.633E-01,  9.236E-01         F               0         Blade 1 Y orientation angle, node 13, rad
        240    7.475E-02, -9.647E-01,  2.525E-01         F               0         Blade 1 Z orientation angle, node 13, rad
        241    9.597E-01,  7.900E-04, -2.811E-01         F               0         Blade 1 X orientation angle, node 14, rad
        242    2.710E-01,  2.633E-01,  9.259E-01         F               0         Blade 1 Y orientation angle, node 14, rad
        243    7.475E-02, -9.647E-01,  2.525E-01         F               0         Blade 1 Z orientation angle, node 14, rad
        244    9.615E-01,  2.628E-03, -2.746E-01         F               0         Blade 1 X orientation angle, node 15, rad
        245    2.643E-01,  2.633E-01,  9.278E-01         F               0         Blade 1 Y orientation angle, node 15, rad
        246    7.475E-02, -9.647E-01,  2.525E-01         F               0         Blade 1 Z orientation angle, node 15, rad
        247    9.632E-01,  4.282E-03, -2.688E-01         F               0         Blade 1 X orientation angle, node 16, rad
        248    2.582E-01,  2.633E-01,  9.295E-01         F               0         Blade 1 Y orientation angle, node 16, rad
        249    7.475E-02, -9.647E-01,  2.525E-01         F               0         Blade 1 Z orientation angle, node 16, rad
        250    9.646E-01,  5.753E-03, -2.636E-01         F               0         Blade 1 X orientation angle, node 17, rad
        251    2.528E-01,  2.632E-01,  9.310E-01         F               0         Blade 1 Y orientation angle, node 17, rad
        252    7.475E-02, -9.647E-01,  2.525E-01         F               0         Blade 1 Z orientation angle, node 17, rad
        253    9.659E-01,  7.131E-03, -2.587E-01         F               0         Blade 1 X orientation angle, node 18, rad
        254    2.478E-01,  2.632E-01,  9.324E-01         F               0         Blade 1 Y orientation angle, node 18, rad
        255    7.475E-02, -9.647E-01,  2.525E-01         F               0         Blade 1 Z orientation angle, node 18, rad
        256    9.671E-01,  8.371E-03, -2.543E-01         F               0         Blade 1 X orientation angle, node 19, rad
        257    2.432E-01,  2.632E-01,  9.336E-01         F               0         Blade 1 Y orientation angle, node 19, rad
        258    7.475E-02, -9.647E-01,  2.525E-01         F               0         Blade 1 Z orientation angle, node 19, rad
        259    9.681E-01,  9.473E-03, -2.504E-01         F               0         Blade 1 X orientation angle, node 20, rad
        260    2.392E-01,  2.631E-01,  9.346E-01         F               0         Blade 1 Y orientation angle, node 20, rad
        261    7.475E-02, -9.647E-01,  2.525E-01         F               0         Blade 1 Z orientation angle, node 20, rad
        262    9.690E-01,  1.053E-02, -2.467E-01         F               0         Blade 1 X orientation angle, node 21, rad
        263    2.353E-01,  2.631E-01,  9.356E-01         F               0         Blade 1 Y orientation angle, node 21, rad
        264    7.475E-02, -9.647E-01,  2.525E-01         F               0         Blade 1 Z orientation angle, node 21, rad
        265    9.699E-01,  1.149E-02, -2.432E-01         F               0         Blade 1 X orientation angle, node 22, rad
        266    2.317E-01,  2.631E-01,  9.365E-01         F               0         Blade 1 Y orientation angle, node 22, rad
        267    7.475E-02, -9.647E-01,  2.525E-01         F               0         Blade 1 Z orientation angle, node 22, rad
        268    9.707E-01,  1.237E-02, -2.401E-01         F               0         Blade 1 X orientation angle, node 23, rad
        269    2.285E-01,  2.630E-01,  9.373E-01         F               0         Blade 1 Y orientation angle, node 23, rad
        270    7.475E-02, -9.647E-01,  2.525E-01         F               0         Blade 1 Z orientation angle, node 23, rad
        271    9.714E-01,  1.319E-02, -2.372E-01         F               0         Blade 1 X orientation angle, node 24, rad
        272    2.255E-01,  2.630E-01,  9.381E-01         F               0         Blade 1 Y orientation angle, node 24, rad
        273    7.475E-02, -9.647E-01,  2.525E-01         F               0         Blade 1 Z orientation angle, node 24, rad
        274    9.720E-01,  1.397E-02, -2.344E-01         F               0         Blade 1 X orientation angle, node 25, rad
        275    2.226E-01,  2.629E-01,  9.388E-01         F               0         Blade 1 Y orientation angle, node 25, rad
        276    7.475E-02, -9.647E-01,  2.525E-01         F               0         Blade 1 Z orientation angle, node 25, rad
        277    9.726E-01,  1.466E-02, -2.319E-01         F               0         Blade 1 X orientation angle, node 26, rad
        278    2.200E-01,  2.629E-01,  9.394E-01         F               0         Blade 1 Y orientation angle, node 26, rad
        279    7.475E-02, -9.647E-01,  2.525E-01         F               0         Blade 1 Z orientation angle, node 26, rad
        280    9.732E-01,  1.535E-02, -2.295E-01         F               0         Blade 1 X orientation angle, node 27, rad
        281    2.175E-01,  2.629E-01,  9.400E-01         F               0         Blade 1 Y orientation angle, node 27, rad
        282    7.475E-02, -9.647E-01,  2.525E-01         F               0         Blade 1 Z orientation angle, node 27, rad
        283    9.735E-01,  1.572E-02, -2.282E-01         F               0         Blade 1 X orientation angle, node 28, rad
        284    2.161E-01,  2.628E-01,  9.403E-01         F               0         Blade 1 Y orientation angle, node 28, rad
        285    7.475E-02, -9.647E-01,  2.525E-01         F               0         Blade 1 Z orientation angle, node 28, rad
        286   -1.063E+00                                 F               0         Blade 1 X translation velocity, node 1, m/s
        287   -1.267E+00                                 F               0         Blade 1 Y translation velocity, node 1, m/s
        288   -4.564E+00                                 F               0         Blade 1 Z translation velocity, node 1, m/s
        289   -1.317E+00                                 F               0         Blade 1 X translation velocity, node 2, m/s
        290   -1.575E+00                                 F               0         Blade 1 Y translation velocity, node 2, m/s
        291   -5.665E+00                                 F               0         Blade 1 Z translation velocity, node 2, m/s
        292   -4.777E+00                                 F               0         Blade 1 X translation velocity, node 3, m/s
        293   -5.760E+00                                 F               0         Blade 1 Y translation velocity, node 3, m/s
        294   -2.063E+01                                 F               0         Blade 1 Z translation velocity, node 3, m/s
        295   -5.514E+00                                 F               0         Blade 1 X translation velocity, node 4, m/s
        296   -6.652E+00                                 F               0         Blade 1 Y translation velocity, node 4, m/s
        297   -2.382E+01                                 F               0         Blade 1 Z translation velocity, node 4, m/s
        298   -6.251E+00                                 F               0         Blade 1 X translation velocity, node 5, m/s
        299   -7.543E+00                                 F               0         Blade 1 Y translation velocity, node 5, m/s
        300   -2.701E+01                                 F               0         Blade 1 Z translation velocity, node 5, m/s
        301   -6.988E+00                                 F               0         Blade 1 X translation velocity, node 6, m/s
        302   -8.435E+00                                 F               0         Blade 1 Y translation velocity, node 6, m/s
        303   -3.020E+01                                 F               0         Blade 1 Z translation velocity, node 6, m/s
        304   -7.725E+00                                 F               0         Blade 1 X translation velocity, node 7, m/s
        305   -9.327E+00                                 F               0         Blade 1 Y translation velocity, node 7, m/s
        306   -3.339E+01                                 F               0         Blade 1 Z translation velocity, node 7, m/s
        307   -8.462E+00                                 F               0         Blade 1 X translation velocity, node 8, m/s
