
Linearized model: Predictions were generated on 13-Feb-2024 at 12:12:09 using OpenFAST, compiled as a 64-bit application using single precision at commit v3.5.1
 linked with  NWTC Subroutine Library; ElastoDyn; InflowWind; AeroDyn; ServoDyn; HydroDyn; MAP++ (<1.20.10>, <Oct-20-2023>)

Description from the FAST input file: CCT-9 Campign 4 model. Input files to be run with OpenFAST 3.5.0. GitHub branch from Lu Wang (https://github.com/luwang00/openfast/tree/dev) compiled on March 7, 2023.

Simulation information:
   Simulation time:                   776.1750 s
   Rotor Speed:                         0.7921 rad/s
   Azimuth:                             4.5449 rad
   Wind Speed:                         24.0000 m/s
   Number of continuous states:         0
   Number of discrete states:           0
   Number of constraint states:         0
   Number of inputs:                 1746
   Number of outputs:                   4
   Jacobians included in this file?    No

Order of inputs:
     Column   Operating Point                                                   Rotating Frame? Derivative Order Description
   ---------- ---------------                                                   --------------- ---------------- -----------
          1     8.55144691467E+000                                                     F               0         Tower X translation displacement, node 1, m
          2    -1.82253348827E+000                                                     F               0         Tower Y translation displacement, node 1, m
          3    -2.21964806318E-001                                                     F               0         Tower Z translation displacement, node 1, m
          4     9.72378540039E+000                                                     F               0         Tower X translation displacement, node 2, m
          5    -2.49852633476E+000                                                     F               0         Tower Y translation displacement, node 2, m
          6    -2.96305328608E-001                                                     F               0         Tower Z translation displacement, node 2, m
          7     1.09150924683E+001                                                     F               0         Tower X translation displacement, node 3, m
          8    -3.18235707283E+000                                                     F               0         Tower Y translation displacement, node 3, m
          9    -3.72901231050E-001                                                     F               0         Tower Z translation displacement, node 3, m
         10     1.21206426620E+001                                                     F               0         Tower X translation displacement, node 4, m
         11    -3.87263751030E+000                                                     F               0         Tower Y translation displacement, node 4, m
         12    -4.51248377562E-001                                                     F               0         Tower Z translation displacement, node 4, m
         13     1.33378143311E+001                                                     F               0         Tower X translation displacement, node 5, m
         14    -4.56874799728E+000                                                     F               0         Tower Y translation displacement, node 5, m
         15    -5.31068384647E-001                                                     F               0         Tower Z translation displacement, node 5, m
         16     1.45641546249E+001                                                     F               0         Tower X translation displacement, node 6, m
         17    -5.27003145218E+000                                                     F               0         Tower Y translation displacement, node 6, m
         18    -6.12106263638E-001                                                     F               0         Tower Z translation displacement, node 6, m
         19     1.57970018387E+001                                                     F               0         Tower X translation displacement, node 7, m
         20    -5.97546863556E+000                                                     F               0         Tower Y translation displacement, node 7, m
         21    -6.94019675255E-001                                                     F               0         Tower Z translation displacement, node 7, m
         22     1.70351066589E+001                                                     F               0         Tower X translation displacement, node 8, m
         23    -6.68473005295E+000                                                     F               0         Tower Y translation displacement, node 8, m
         24    -7.76694953442E-001                                                     F               0         Tower Z translation displacement, node 8, m
         25     1.82767982483E+001                                                     F               0         Tower X translation displacement, node 9, m
         26    -7.39702463150E+000                                                     F               0         Tower Y translation displacement, node 9, m
         27    -8.59899103642E-001                                                     F               0         Tower Z translation displacement, node 9, m
         28     1.95207080841E+001                                                     F               0         Tower X translation displacement, node 10, m
         29    -8.11151313782E+000                                                     F               0         Tower Y translation displacement, node 10, m
         30    -9.43461477757E-001                                                     F               0         Tower Z translation displacement, node 10, m
         31     2.07657318115E+001                                                     F               0         Tower X translation displacement, node 11, m
         32    -8.82737350464E+000                                                     F               0         Tower Y translation displacement, node 11, m
         33    -1.02721393108E+000                                                     F               0         Tower Z translation displacement, node 11, m
         34     9.95476484299E-001,  -6.68024364859E-003,  -9.47730988264E-002         F               0         Tower X orientation angle, node 1, rad
         35     1.18029648438E-002,   9.98492956161E-001,   5.35953454673E-002         F               0         Tower Y orientation angle, node 1, rad
         36     9.42722409964E-002,  -5.44715113938E-002,   9.94055151939E-001         F               0         Tower Z orientation angle, node 1, rad
         37     9.95337486267E-001,  -6.60010287538E-003,  -9.62276384234E-002         F               0         Tower X orientation angle, node 2, rad
         38     1.18577992544E-002,   9.98461365700E-001,   5.41690923274E-002         F               0         Tower Y orientation angle, node 2, rad
         39     9.57220569253E-002,  -5.50575777888E-002,   9.93884265423E-001         F               0         Tower Z orientation angle, node 2, rad
         40     9.95214998722E-001,  -6.52973400429E-003,  -9.74911302328E-002         F               0         Tower X orientation angle, node 3, rad
         41     1.19094224647E-002,   9.98431682587E-001,   5.47018162906E-002         F               0         Tower Y orientation angle, node 3, rad
         42     9.69810485840E-002,  -5.56011311710E-002,   9.93731975555E-001         F               0         Tower Z orientation angle, node 3, rad
         43     9.95111644268E-001,  -6.47046742961E-003,  -9.85441878438E-002         F               0         Tower X orientation angle, node 4, rad
         44     1.19570726529E-002,   9.98404383659E-001,   5.51882274449E-002         F               0         Tower Y orientation angle, node 4, rad
         45     9.80298519135E-002,  -5.60967475176E-002,   9.93601202965E-001         F               0         Tower Z orientation angle, node 4, rad
         46     9.95027184486E-001,  -6.42202002928E-003,  -9.93962213397E-002         F               0         Tower X orientation angle, node 5, rad
         47     1.20003400370E-002,   9.98379528522E-001,   5.56263774633E-002         F               0         Tower Y orientation angle, node 5, rad
         48     9.88779217005E-002,  -5.65425455570E-002,   9.93491888046E-001         F               0         Tower Z orientation angle, node 5, rad
         49     9.94960665703E-001,  -6.38375570998E-003,  -1.00062333047E-001         F               0         Tower X orientation angle, node 6, rad
         50     1.20387468487E-002,   9.98357474804E-001,   5.60131855309E-002         F               0         Tower Y orientation angle, node 6, rad
         51     9.95403975248E-002,  -5.69355450571E-002,   9.93403255939E-001         F               0         Tower Z orientation angle, node 6, rad
         52     9.94911730289E-001,  -6.35545793921E-003,  -1.00549764931E-001         F               0         Tower X orientation angle, node 7, rad
         53     1.20712937787E-002,   9.98338639736E-001,   5.63399828970E-002         F               0         Tower Y orientation angle, node 7, rad
         54     1.00024648011E-001,  -5.72670772672E-002,   9.93335545063E-001         F               0         Tower Z orientation angle, node 7, rad
         55     9.94876801968E-001,  -6.33514113724E-003,  -1.00896134973E-001         F               0         Tower X orientation angle, node 8, rad
         56     1.20979379863E-002,   9.98323202133E-001,   5.66071160138E-002         F               0         Tower Y orientation angle, node 8, rad
         57     1.00368335843E-001,  -5.75377419591E-002,   9.93285238743E-001         F               0         Tower Z orientation angle, node 8, rad
         58     9.94853675365E-001,  -6.32159784436E-003,  -1.01124621928E-001         F               0         Tower X orientation angle, node 9, rad
         59     1.21182724833E-002,   9.98311400414E-001,   5.68109378219E-002         F               0         Tower Y orientation angle, node 9, rad
         60     1.00594729185E-001,  -5.77440261841E-002,   9.93250370026E-001         F               0         Tower Z orientation angle, node 9, rad
         61     9.94840204716E-001,  -6.31362386048E-003,  -1.01257726550E-001         F               0         Tower X orientation angle, node 10, rad
         62     1.21319936588E-002,   9.98303413391E-001,   5.69485723972E-002         F               0         Tower Y orientation angle, node 10, rad
         63     1.00726380944E-001,  -5.78831844032E-002,   9.93228971958E-001         F               0         Tower Z orientation angle, node 10, rad
         64     9.94833707809E-001,  -6.30974257365E-003,  -1.01321808994E-001         F               0         Tower X orientation angle, node 11, rad
         65     1.21396491304E-002,   9.98298943043E-001,   5.70254549384E-002         F               0         Tower Y orientation angle, node 11, rad
         66     1.00789636374E-001,  -5.79608567059E-002,   9.93218004704E-001         F               0         Tower Z orientation angle, node 11, rad
         67    -3.14413453452E-004                                                     F               0         Tower X translation velocity, node 1, m/s
         68    -1.94261514116E-003                                                     F               0         Tower Y translation velocity, node 1, m/s
         69    -4.35641221702E-003                                                     F               0         Tower Z translation velocity, node 1, m/s
         70    -7.34607456252E-004                                                     F               0         Tower X translation velocity, node 2, m/s
         71    -2.78736976907E-003                                                     F               0         Tower Y translation velocity, node 2, m/s
         72    -4.36279550195E-003                                                     F               0         Tower Z translation velocity, node 2, m/s
         73    -9.48291679379E-004                                                     F               0         Tower X translation velocity, node 3, m/s
         74    -3.04999435320E-003                                                     F               0         Tower Y translation velocity, node 3, m/s
         75    -4.35668416321E-003                                                     F               0         Tower Z translation velocity, node 3, m/s
         76    -1.00573489908E-003                                                     F               0         Tower X translation velocity, node 4, m/s
         77    -2.83877062611E-003                                                     F               0         Tower Y translation velocity, node 4, m/s
         78    -4.33915760368E-003                                                     F               0         Tower Z translation velocity, node 4, m/s
         79    -9.34545765631E-004                                                     F               0         Tower X translation velocity, node 5, m/s
         80    -2.20406241715E-003                                                     F               0         Tower Y translation velocity, node 5, m/s
         81    -4.31021116674E-003                                                     F               0         Tower Z translation velocity, node 5, m/s
         82    -7.60659168009E-004                                                     F               0         Tower X translation velocity, node 6, m/s
         83    -1.19782041293E-003                                                     F               0         Tower Y translation velocity, node 6, m/s
         84    -4.27007861435E-003                                                     F               0         Tower Z translation velocity, node 6, m/s
         85    -5.12929284014E-004                                                     F               0         Tower X translation velocity, node 7, m/s
         86     1.03367725387E-004                                                     F               0         Tower Y translation velocity, node 7, m/s
         87    -4.22016624361E-003                                                     F               0         Tower Z translation velocity, node 7, m/s
         88    -2.04512107302E-004                                                     F               0         Tower X translation velocity, node 8, m/s
         89     1.67354126461E-003                                                     F               0         Tower Y translation velocity, node 8, m/s
         90    -4.16053785011E-003                                                     F               0         Tower Z translation velocity, node 8, m/s
         91     1.46171703818E-004                                                     F               0         Tower X translation velocity, node 9, m/s
         92     3.45481745899E-003                                                     F               0         Tower Y translation velocity, node 9, m/s
         93    -4.09264070913E-003                                                     F               0         Tower Z translation velocity, node 9, m/s
         94     5.23683149368E-004                                                     F               0         Tower X translation velocity, node 10, m/s
         95     5.38770807907E-003                                                     F               0         Tower Y translation velocity, node 10, m/s
         96    -4.01838449761E-003                                                     F               0         Tower Z translation velocity, node 10, m/s
         97     9.15245909709E-004                                                     F               0         Tower X translation velocity, node 11, m/s
         98     7.41506181657E-003                                                     F               0         Tower Y translation velocity, node 11, m/s
         99    -3.93988937140E-003                                                     F               0         Tower Z translation velocity, node 11, m/s
        100     2.16127471924E+001                                                     F               0         Hub X translation displacement, node 1, m
        101    -9.21422767639E+000                                                     F               0         Hub Y translation displacement, node 1, m
        102     1.38784227893E-002                                                     F               0         Hub Z translation displacement, node 1, m
        103     9.78848516941E-001,  -2.16617918340E-004,  -2.04586312175E-001         F               0         Hub X orientation angle, node 1, rad
        104    -2.03392416239E-001,  -1.08911462128E-001,  -9.73020970821E-001         F               0         Hub Y orientation angle, node 1, rad
        105    -2.20710206777E-002,   9.94051456451E-001,  -1.06651879847E-001         F               0         Hub Z orientation angle, node 1, rad
        106     7.75145411491E-001                                                     F               0         Hub X rotation velocity, node 1, rad/s
        107    -1.41648211866E-004                                                     F               0         Hub Y rotation velocity, node 1, rad/s
        108    -1.62006884813E-001                                                     F               0         Hub Z rotation velocity, node 1, rad/s
        109     9.95714068413E-001,   3.14397551119E-002,   8.69774594903E-002         F               0         Blade root 1 X orientation angle, node 1, rad
        110     8.98131802678E-002,  -1.04275092483E-001,  -9.90484893322E-001         F               0         Blade root 1 Y orientation angle, node 1, rad
        111    -2.20710206777E-002,   9.94051456451E-001,  -1.06651879847E-001         F               0         Blade root 1 Z orientation angle, node 1, rad
        112     9.12616789341E-001,  -2.66179829836E-001,  -3.10288429260E-001         F               0         Blade root 2 X orientation angle, node 1, rad
        113     3.63448500633E-001,   8.75771939754E-001,   3.17692756653E-001         F               0         Blade root 2 Y orientation angle, node 1, rad
        114     1.87178507447E-001,  -4.02705609798E-001,   8.95986795425E-001         F               0         Blade root 2 Z orientation angle, node 1, rad
        115     9.01508629322E-001,   2.34118238091E-001,  -3.63965481520E-001         F               0         Blade root 3 X orientation angle, node 1, rad
        116     4.00027155876E-001,  -7.71685659885E-001,   4.94448661804E-001         F               0         Blade root 3 Y orientation angle, node 1, rad
        117    -1.65107488632E-001,  -5.91345787048E-001,  -7.89334952831E-001         F               0         Blade root 3 Z orientation angle, node 1, rad
        118     2.09113845825E+001                                                     F               0         Blade 1 X translation displacement, node 1, m
        119    -3.70718336105E+000                                                     F               0         Blade 1 Y translation displacement, node 1, m
        120    -6.08663177490E+000                                                     F               0         Blade 1 Z translation displacement, node 1, m
        121     2.07423858643E+001                                                     F               0         Blade 1 X translation displacement, node 2, m
        122    -2.38021802902E+000                                                     F               0         Blade 1 Y translation displacement, node 2, m
        123    -7.55659294128E+000                                                     F               0         Blade 1 Z translation displacement, node 2, m
        124     1.84443016052E+001                                                     F               0         Blade 1 X translation displacement, node 3, m
        125     1.56642074585E+001                                                     F               0         Blade 1 Y translation displacement, node 3, m
        126    -2.75455455780E+001                                                     F               0         Blade 1 Z translation displacement, node 3, m
        127     1.79546813965E+001                                                     F               0         Blade 1 X translation displacement, node 4, m
        128     1.95086803436E+001                                                     F               0         Blade 1 Y translation displacement, node 4, m
        129    -3.18043155670E+001                                                     F               0         Blade 1 Z translation displacement, node 4, m
        130     1.74649677277E+001                                                     F               0         Blade 1 X translation displacement, node 5, m
        131     2.33538818359E+001                                                     F               0         Blade 1 Y translation displacement, node 5, m
        132    -3.60638847351E+001                                                     F               0         Blade 1 Z translation displacement, node 5, m
        133     1.69753437042E+001                                                     F               0         Blade 1 X translation displacement, node 6, m
        134     2.71983699799E+001                                                     F               0         Blade 1 Y translation displacement, node 6, m
        135    -4.03226737976E+001                                                     F               0         Blade 1 Z translation displacement, node 6, m
        136     1.64857196808E+001                                                     F               0         Blade 1 X translation displacement, node 7, m
        137     3.10428695679E+001                                                     F               0         Blade 1 Y translation displacement, node 7, m
        138    -4.45814628601E+001                                                     F               0         Blade 1 Z translation displacement, node 7, m
        139     1.59960079193E+001                                                     F               0         Blade 1 X translation displacement, node 8, m
        140     3.48880577087E+001                                                     F               0         Blade 1 Y translation displacement, node 8, m
        141    -4.88410301208E+001                                                     F               0         Blade 1 Z translation displacement, node 8, m
        142     1.55063829422E+001                                                     F               0         Blade 1 X translation displacement, node 9, m
        143     3.87325592041E+001                                                     F               0         Blade 1 Y translation displacement, node 9, m
        144    -5.30998191833E+001                                                     F               0         Blade 1 Z translation displacement, node 9, m
        145     1.50167608261E+001                                                     F               0         Blade 1 X translation displacement, node 10, m
        146     4.25770454407E+001                                                     F               0         Blade 1 Y translation displacement, node 10, m
        147    -5.73586082458E+001                                                     F               0         Blade 1 Z translation displacement, node 10, m
        148     1.45271368027E+001                                                     F               0         Blade 1 X translation displacement, node 11, m
        149     4.64215469360E+001                                                     F               0         Blade 1 Y translation displacement, node 11, m
        150    -6.16173973083E+001                                                     F               0         Blade 1 Z translation displacement, node 11, m
        151     1.40374269485E+001                                                     F               0         Blade 1 X translation displacement, node 12, m
        152     5.02667198181E+001                                                     F               0         Blade 1 Y translation displacement, node 12, m
        153    -6.58769454956E+001                                                     F               0         Blade 1 Z translation displacement, node 12, m
        154     1.35478019714E+001                                                     F               0         Blade 1 X translation displacement, node 13, m
        155     5.41112213135E+001                                                     F               0         Blade 1 Y translation displacement, node 13, m
        156    -7.01357421875E+001                                                     F               0         Blade 1 Z translation displacement, node 13, m
        157     1.30581798553E+001                                                     F               0         Blade 1 X translation displacement, node 14, m
        158     5.79557075500E+001                                                     F               0         Blade 1 Y translation displacement, node 14, m
        159    -7.43945312500E+001                                                     F               0         Blade 1 Z translation displacement, node 14, m
        160     1.25684661865E+001                                                     F               0         Blade 1 X translation displacement, node 15, m
        161     6.18009033203E+001                                                     F               0         Blade 1 Y translation displacement, node 15, m
        162    -7.86540908813E+001                                                     F               0         Blade 1 Z translation displacement, node 15, m
        163     1.20788431168E+001                                                     F               0         Blade 1 X translation displacement, node 16, m
        164     6.56453933716E+001                                                     F               0         Blade 1 Y translation displacement, node 16, m
        165    -8.29128799438E+001                                                     F               0         Blade 1 Z translation displacement, node 16, m
        166     1.15892190933E+001                                                     F               0         Blade 1 X translation displacement, node 17, m
        167     6.94898986816E+001                                                     F               0         Blade 1 Y translation displacement, node 17, m
        168    -8.71716766357E+001                                                     F               0         Blade 1 Z translation displacement, node 17, m
        169     1.10995960236E+001                                                     F               0         Blade 1 X translation displacement, node 18, m
        170     7.33343887329E+001                                                     F               0         Blade 1 Y translation displacement, node 18, m
        171    -9.14304656982E+001                                                     F               0         Blade 1 Z translation displacement, node 18, m
        172     1.06098852158E+001                                                     F               0         Blade 1 X translation displacement, node 19, m
        173     7.71795654297E+001                                                     F               0         Blade 1 Y translation displacement, node 19, m
        174    -9.56900100708E+001                                                     F               0         Blade 1 Z translation displacement, node 19, m
        175     1.01202602386E+001                                                     F               0         Blade 1 X translation displacement, node 20, m
        176     8.10240631104E+001                                                     F               0         Blade 1 Y translation displacement, node 20, m
        177    -9.99487991333E+001                                                     F               0         Blade 1 Z translation displacement, node 20, m
        178     9.63063812256E+000                                                     F               0         Blade 1 X translation displacement, node 21, m
        179     8.48685607910E+001                                                     F               0         Blade 1 Y translation displacement, node 21, m
        180    -1.04207595825E+002                                                     F               0         Blade 1 Z translation displacement, node 21, m
        181     9.14092540741E+000                                                     F               0         Blade 1 X translation displacement, node 22, m
        182     8.87137451172E+001                                                     F               0         Blade 1 Y translation displacement, node 22, m
        183    -1.08467155457E+002                                                     F               0         Blade 1 Z translation displacement, node 22, m
        184     8.65130043030E+000                                                     F               0         Blade 1 X translation displacement, node 23, m
        185     9.25582504272E+001                                                     F               0         Blade 1 Y translation displacement, node 23, m
        186    -1.12725944519E+002                                                     F               0         Blade 1 Z translation displacement, node 23, m
        187     8.16167736053E+000                                                     F               0         Blade 1 X translation displacement, node 24, m
        188     9.64027404785E+001                                                     F               0         Blade 1 Y translation displacement, node 24, m
        189    -1.16984741211E+002                                                     F               0         Blade 1 Z translation displacement, node 24, m
        190     7.67205476761E+000                                                     F               0         Blade 1 X translation displacement, node 25, m
        191     1.00247230530E+002                                                     F               0         Blade 1 Y translation displacement, node 25, m
        192    -1.21243530273E+002                                                     F               0         Blade 1 Z translation displacement, node 25, m
        193     7.18234252930E+000                                                     F               0         Blade 1 X translation displacement, node 26, m
        194     1.04092422485E+002                                                     F               0         Blade 1 Y translation displacement, node 26, m
        195    -1.25503097534E+002                                                     F               0         Blade 1 Z translation displacement, node 26, m
        196     6.69271945953E+000                                                     F               0         Blade 1 X translation displacement, node 27, m
        197     1.07936904907E+002                                                     F               0         Blade 1 Y translation displacement, node 27, m
        198    -1.29761886597E+002                                                     F               0         Blade 1 Z translation displacement, node 27, m
        199     6.27762317657E+000                                                     F               0         Blade 1 X translation displacement, node 28, m
        200     1.11196220398E+002                                                     F               0         Blade 1 Y translation displacement, node 28, m
        201    -1.33372406006E+002                                                     F               0         Blade 1 Z translation displacement, node 28, m
        202     8.45203995705E-001,   7.55311548710E-002,   5.29079675674E-001         F               0         Blade 1 X orientation angle, node 1, rad
        203     5.33987939358E-001,  -7.84652680159E-002,  -8.41843247414E-001         F               0         Blade 1 Y orientation angle, node 1, rad
        204    -2.20710206777E-002,   9.94051456451E-001,  -1.06651879847E-001         F               0         Blade 1 Z orientation angle, node 1, rad
        205     8.45203995705E-001,   7.55311548710E-002,   5.29079675674E-001         F               0         Blade 1 X orientation angle, node 2, rad
        206     5.33987939358E-001,  -7.84652680159E-002,  -8.41843247414E-001         F               0         Blade 1 Y orientation angle, node 2, rad
        207    -2.20710206777E-002,   9.94051456451E-001,  -1.06651879847E-001         F               0         Blade 1 Z orientation angle, node 2, rad
        208     9.47681486607E-001,   5.47822341323E-002,   3.14481645823E-001         F               0         Blade 1 X orientation angle, node 3, rad
        209     3.18453550339E-001,  -9.41310822964E-002,  -9.43253219128E-001         F               0         Blade 1 Y orientation angle, node 3, rad
        210    -2.20710206777E-002,   9.94051456451E-001,  -1.06651879847E-001         F               0         Blade 1 Z orientation angle, node 3, rad
        211     9.60282802582E-001,   5.07587455213E-002,   2.74372875690E-001         F               0         Blade 1 X orientation angle, node 4, rad
        212     2.78154253960E-001,  -9.63602811098E-002,  -9.55690801144E-001         F               0         Blade 1 Y orientation angle, node 4, rad
        213    -2.20710206777E-002,   9.94051456451E-001,  -1.06651879847E-001         F               0         Blade 1 Z orientation angle, node 4, rad
        214     9.68977093697E-001,   4.75359968841E-002,   2.42535918951E-001         F               0         Blade 1 X orientation angle, node 5, rad
        215     2.46162980795E-001,  -9.79902148247E-002,  -9.64262247086E-001         F               0         Blade 1 Y orientation angle, node 5, rad
        216    -2.20710206777E-002,   9.94051456451E-001,  -1.06651879847E-001         F               0         Blade 1 Z orientation angle, node 5, rad
        217     9.75165843964E-001,   4.49199937284E-002,   2.16872662306E-001         F               0         Blade 1 X orientation angle, node 6, rad
        218     2.20373377204E-001,  -9.92166697979E-002,  -9.70356464386E-001         F               0         Blade 1 Y orientation angle, node 6, rad
        219    -2.20710206777E-002,   9.94051456451E-001,  -1.06651879847E-001         F               0         Blade 1 Z orientation angle, node 6, rad
        220     9.79741215706E-001,   4.27449010313E-002,   1.95652842522E-001         F               0         Blade 1 X orientation angle, node 7, rad
        221     1.99047803879E-001,  -1.00172989070E-001,  -9.74856555462E-001         F               0         Blade 1 Y orientation angle, node 7, rad
        222    -2.20710206777E-002,   9.94051456451E-001,  -1.06651879847E-001         F               0         Blade 1 Z orientation angle, node 7, rad
        223     9.83192622662E-001,   4.09196801484E-002,   1.77926540375E-001         F               0         Blade 1 X orientation angle, node 8, rad
        224     1.81232288480E-001,  -1.00932322443E-001,  -9.78247165680E-001         F               0         Blade 1 Y orientation angle, node 8, rad
        225    -2.20710206777E-002,   9.94051456451E-001,  -1.06651879847E-001         F               0         Blade 1 Z orientation angle, node 8, rad
        226     9.85860049725E-001,   3.93646992743E-002,   1.62881344557E-001         F               0         Blade 1 X orientation angle, node 9, rad
        227     1.66110754013E-001,  -1.01548828185E-001,  -9.80864465237E-001         F               0         Blade 1 Y orientation angle, node 9, rad
        228    -2.20710244030E-002,   9.94051456451E-001,  -1.06651835144E-001         F               0         Blade 1 Z orientation angle, node 9, rad
        229     9.87976670265E-001,   3.80142852664E-002,   1.49856731296E-001         F               0         Blade 1 X orientation angle, node 10, rad
        230     1.53019592166E-001,  -1.02062076330E-001,  -9.82938647270E-001         F               0         Blade 1 Y orientation angle, node 10, rad
        231    -2.20710206777E-002,   9.94051456451E-001,  -1.06651879847E-001         F               0         Blade 1 Z orientation angle, node 10, rad
        232     9.89648997784E-001,   3.68540063500E-002,   1.38696238399E-001         F               0         Blade 1 X orientation angle, node 11, rad
        233     1.41801744699E-001,  -1.02486744523E-001,  -9.84575390816E-001         F               0         Blade 1 Y orientation angle, node 11, rad
        234    -2.20710206777E-002,   9.94051456451E-001,  -1.06651872396E-001         F               0         Blade 1 Z orientation angle, node 11, rad
        235     9.91010725498E-001,   3.58326211572E-002,   1.28894612193E-001         F               0         Blade 1 X orientation angle, node 12, rad
        236     1.31949484348E-001,  -1.02848321199E-001,  -9.85906481743E-001         F               0         Blade 1 Y orientation angle, node 12, rad
        237    -2.20710206777E-002,   9.94051456451E-001,  -1.06651879847E-001         F               0         Blade 1 Z orientation angle, node 12, rad
        238     9.92124438286E-001,   3.49337495863E-002,   1.20286151767E-001         F               0         Blade 1 X orientation angle, node 13, rad
        239     1.23296372592E-001,  -1.03157095611E-001,  -9.86993730068E-001         F               0         Blade 1 Y orientation angle, node 13, rad
        240    -2.20710206777E-002,   9.94051456451E-001,  -1.06651879847E-001         F               0         Blade 1 Z orientation angle, node 13, rad
        241     9.93062198162E-001,   3.41224856675E-002,   1.12530693412E-001         F               0         Blade 1 X orientation angle, node 14, rad
        242     1.15500517190E-001,  -1.03428289294E-001,  -9.87908005714E-001         F               0         Blade 1 Y orientation angle, node 14, rad
        243    -2.20710206777E-002,   9.94051456451E-001,  -1.06651894748E-001         F               0         Blade 1 Z orientation angle, node 14, rad
        244     9.93844330311E-001,   3.33995893598E-002,   1.05631105602E-001         F               0         Blade 1 X orientation angle, node 15, rad
        245     1.08564876020E-001,  -1.03663928807E-001,  -9.88669514656E-001         F               0         Blade 1 Y orientation angle, node 15, rad
        246    -2.20710225403E-002,   9.94051456451E-001,  -1.06651835144E-001         F               0         Blade 1 Z orientation angle, node 15, rad
        247     9.94506835938E-001,   3.27476002276E-002,   9.94170680642E-002         F               0         Blade 1 X orientation angle, node 16, rad
