
Linearized model: Predictions were generated on 06-Feb-2024 at 08:44:08 using OpenFAST, compiled as a 64-bit application using single precision at commit v3.5.1
 linked with  NWTC Subroutine Library; ElastoDyn; InflowWind; AeroDyn; ServoDyn; HydroDyn; MAP++ (<1.20.10>, <Oct-20-2023>)

Description from the FAST input file: CCT-9 Campign 4 model. Input files to be run with OpenFAST 3.5.0. GitHub branch from Lu Wang (https://github.com/luwang00/openfast/tree/dev) compiled on March 7, 2023.

Simulation information:
   Simulation time:                  2500.8000 s
   Rotor Speed:                         0.8859 rad/s
   Azimuth:                             3.8593 rad
   Wind Speed:                         10.0000 m/s
   Number of continuous states:         0
   Number of discrete states:           0
   Number of constraint states:         0
   Number of inputs:                 1746
   Number of outputs:                   4
   Jacobians included in this file?    No

Order of inputs:
     Column   Operating Point                     Rotating Frame? Derivative Order Description
   ---------- ---------------                     --------------- ---------------- -----------
          1    1.391E+01                                 F               0         Tower X translation displacement, node 1, m
          2    4.936E-02                                 F               0         Tower Y translation displacement, node 1, m
          3   -1.874E-01                                 F               0         Tower Z translation displacement, node 1, m
          4    1.488E+01                                 F               0         Tower X translation displacement, node 2, m
          5    6.598E-02                                 F               0         Tower Y translation displacement, node 2, m
          6   -2.260E-01                                 F               0         Tower Z translation displacement, node 2, m
          7    1.588E+01                                 F               0         Tower X translation displacement, node 3, m
          8    8.289E-02                                 F               0         Tower Y translation displacement, node 3, m
          9   -2.662E-01                                 F               0         Tower Z translation displacement, node 3, m
         10    1.689E+01                                 F               0         Tower X translation displacement, node 4, m
         11    1.000E-01                                 F               0         Tower Y translation displacement, node 4, m
         12   -3.076E-01                                 F               0         Tower Z translation displacement, node 4, m
         13    1.791E+01                                 F               0         Tower X translation displacement, node 5, m
         14    1.174E-01                                 F               0         Tower Y translation displacement, node 5, m
         15   -3.500E-01                                 F               0         Tower Z translation displacement, node 5, m
         16    1.894E+01                                 F               0         Tower X translation displacement, node 6, m
         17    1.349E-01                                 F               0         Tower Y translation displacement, node 6, m
         18   -3.933E-01                                 F               0         Tower Z translation displacement, node 6, m
         19    1.998E+01                                 F               0         Tower X translation displacement, node 7, m
         20    1.525E-01                                 F               0         Tower Y translation displacement, node 7, m
         21   -4.371E-01                                 F               0         Tower Z translation displacement, node 7, m
         22    2.103E+01                                 F               0         Tower X translation displacement, node 8, m
         23    1.703E-01                                 F               0         Tower Y translation displacement, node 8, m
         24   -4.815E-01                                 F               0         Tower Z translation displacement, node 8, m
         25    2.208E+01                                 F               0         Tower X translation displacement, node 9, m
         26    1.882E-01                                 F               0         Tower Y translation displacement, node 9, m
         27   -5.262E-01                                 F               0         Tower Z translation displacement, node 9, m
         28    2.313E+01                                 F               0         Tower X translation displacement, node 10, m
         29    2.061E-01                                 F               0         Tower Y translation displacement, node 10, m
         30   -5.711E-01                                 F               0         Tower Z translation displacement, node 10, m
         31    2.418E+01                                 F               0         Tower X translation displacement, node 11, m
         32    2.240E-01                                 F               0         Tower Y translation displacement, node 11, m
         33   -6.161E-01                                 F               0         Tower Z translation displacement, node 11, m
         34    9.969E-01,  1.091E-03, -7.829E-02         F               0         Tower X orientation angle, node 1, rad
         35   -1.192E-03,  1.000E+00, -1.246E-03         F               0         Tower Y orientation angle, node 1, rad
         36    7.829E-02,  1.335E-03,  9.969E-01         F               0         Tower Z orientation angle, node 1, rad
         37    9.968E-01,  1.089E-03, -7.982E-02         F               0         Tower X orientation angle, node 2, rad
         38   -1.194E-03,  1.000E+00, -1.266E-03         F               0         Tower Y orientation angle, node 2, rad
         39    7.982E-02,  1.358E-03,  9.968E-01         F               0         Tower Z orientation angle, node 2, rad
         40    9.967E-01,  1.087E-03, -8.116E-02         F               0         Tower X orientation angle, node 3, rad
         41   -1.195E-03,  1.000E+00, -1.285E-03         F               0         Tower Y orientation angle, node 3, rad
         42    8.116E-02,  1.378E-03,  9.967E-01         F               0         Tower Z orientation angle, node 3, rad
         43    9.966E-01,  1.085E-03, -8.228E-02         F               0         Tower X orientation angle, node 4, rad
         44   -1.197E-03,  1.000E+00, -1.301E-03         F               0         Tower Y orientation angle, node 4, rad
         45    8.228E-02,  1.395E-03,  9.966E-01         F               0         Tower Z orientation angle, node 4, rad
         46    9.965E-01,  1.084E-03, -8.319E-02         F               0         Tower X orientation angle, node 5, rad
         47   -1.198E-03,  1.000E+00, -1.316E-03         F               0         Tower Y orientation angle, node 5, rad
         48    8.319E-02,  1.411E-03,  9.965E-01         F               0         Tower Z orientation angle, node 5, rad
         49    9.965E-01,  1.083E-03, -8.391E-02         F               0         Tower X orientation angle, node 6, rad
         50   -1.199E-03,  1.000E+00, -1.328E-03         F               0         Tower Y orientation angle, node 6, rad
         51    8.391E-02,  1.423E-03,  9.965E-01         F               0         Tower Z orientation angle, node 6, rad
         52    9.964E-01,  1.082E-03, -8.444E-02         F               0         Tower X orientation angle, node 7, rad
         53   -1.199E-03,  1.000E+00, -1.337E-03         F               0         Tower Y orientation angle, node 7, rad
         54    8.444E-02,  1.434E-03,  9.964E-01         F               0         Tower Z orientation angle, node 7, rad
         55    9.964E-01,  1.082E-03, -8.482E-02         F               0         Tower X orientation angle, node 8, rad
         56   -1.200E-03,  1.000E+00, -1.345E-03         F               0         Tower Y orientation angle, node 8, rad
         57    8.482E-02,  1.442E-03,  9.964E-01         F               0         Tower Z orientation angle, node 8, rad
         58    9.964E-01,  1.081E-03, -8.508E-02         F               0         Tower X orientation angle, node 9, rad
         59   -1.201E-03,  1.000E+00, -1.350E-03         F               0         Tower Y orientation angle, node 9, rad
         60    8.508E-02,  1.447E-03,  9.964E-01         F               0         Tower Z orientation angle, node 9, rad
         61    9.964E-01,  1.081E-03, -8.523E-02         F               0         Tower X orientation angle, node 10, rad
         62   -1.201E-03,  1.000E+00, -1.354E-03         F               0         Tower Y orientation angle, node 10, rad
         63    8.523E-02,  1.451E-03,  9.964E-01         F               0         Tower Z orientation angle, node 10, rad
         64    9.964E-01,  1.081E-03, -8.531E-02         F               0         Tower X orientation angle, node 11, rad
         65   -1.201E-03,  1.000E+00, -1.356E-03         F               0         Tower Y orientation angle, node 11, rad
         66    8.531E-02,  1.453E-03,  9.964E-01         F               0         Tower Z orientation angle, node 11, rad
         67   -3.226E-05                                 F               0         Tower X translation velocity, node 1, m/s
         68    8.723E-03                                 F               0         Tower Y translation velocity, node 1, m/s
         69    2.301E-03                                 F               0         Tower Z translation velocity, node 1, m/s
         70   -7.260E-05                                 F               0         Tower X translation velocity, node 2, m/s
         71    1.494E-02                                 F               0         Tower Y translation velocity, node 2, m/s
         72    2.296E-03                                 F               0         Tower Z translation velocity, node 2, m/s
         73   -6.721E-05                                 F               0         Tower X translation velocity, node 3, m/s
         74    2.134E-02                                 F               0         Tower Y translation velocity, node 3, m/s
         75    2.287E-03                                 F               0         Tower Z translation velocity, node 3, m/s
         76   -2.573E-05                                 F               0         Tower X translation velocity, node 4, m/s
         77    2.787E-02                                 F               0         Tower Y translation velocity, node 4, m/s
         78    2.274E-03                                 F               0         Tower Z translation velocity, node 4, m/s
         79    4.694E-05                                 F               0         Tower X translation velocity, node 5, m/s
         80    3.452E-02                                 F               0         Tower Y translation velocity, node 5, m/s
         81    2.259E-03                                 F               0         Tower Z translation velocity, node 5, m/s
         82    1.460E-04                                 F               0         Tower X translation velocity, node 6, m/s
         83    4.128E-02                                 F               0         Tower Y translation velocity, node 6, m/s
         84    2.241E-03                                 F               0         Tower Z translation velocity, node 6, m/s
         85    2.653E-04                                 F               0         Tower X translation velocity, node 7, m/s
         86    4.812E-02                                 F               0         Tower Y translation velocity, node 7, m/s
         87    2.221E-03                                 F               0         Tower Z translation velocity, node 7, m/s
         88    4.025E-04                                 F               0         Tower X translation velocity, node 8, m/s
         89    5.502E-02                                 F               0         Tower Y translation velocity, node 8, m/s
         90    2.200E-03                                 F               0         Tower Z translation velocity, node 8, m/s
         91    5.532E-04                                 F               0         Tower X translation velocity, node 9, m/s
         92    6.199E-02                                 F               0         Tower Y translation velocity, node 9, m/s
         93    2.177E-03                                 F               0         Tower Z translation velocity, node 9, m/s
         94    7.133E-04                                 F               0         Tower X translation velocity, node 10, m/s
         95    6.899E-02                                 F               0         Tower Y translation velocity, node 10, m/s
         96    2.153E-03                                 F               0         Tower Z translation velocity, node 10, m/s
         97    8.790E-04                                 F               0         Tower X translation velocity, node 11, m/s
         98    7.601E-02                                 F               0         Tower Y translation velocity, node 11, m/s
         99    2.128E-03                                 F               0         Tower Z translation velocity, node 11, m/s
        100    2.489E+01                                 F               0         Hub X translation displacement, node 1, m
        101    2.238E-01                                 F               0         Hub Y translation displacement, node 1, m
        102    2.766E-01                                 F               0         Hub Z translation displacement, node 1, m
        103    9.820E-01,  9.232E-04, -1.890E-01         F               0         Hub X orientation angle, node 1, rad
        104   -1.234E-01, -7.543E-01, -6.448E-01         F               0         Hub Y orientation angle, node 1, rad
        105   -1.432E-01,  6.565E-01, -7.406E-01         F               0         Hub Z orientation angle, node 1, rad
        106    8.694E-01                                 F               0         Hub X rotation velocity, node 1, rad/s
        107    8.317E-04                                 F               0         Hub Y rotation velocity, node 1, rad/s
        108   -1.673E-01                                 F               0         Hub Z rotation velocity, node 1, rad/s
        109    9.852E-01,  2.330E-02, -1.698E-01         F               0         Blade root 1 X orientation angle, node 1, rad
        110   -9.420E-02, -7.540E-01, -6.501E-01         F               0         Blade root 1 Y orientation angle, node 1, rad
        111   -1.432E-01,  6.565E-01, -7.406E-01         F               0         Blade root 1 Z orientation angle, node 1, rad
        112    9.834E-01, -2.713E-02, -1.794E-01         F               0         Blade root 2 X orientation angle, node 1, rad
        113   -3.313E-02,  9.453E-01, -3.245E-01         F               0         Blade root 2 Y orientation angle, node 1, rad
        114    1.784E-01,  3.250E-01,  9.287E-01         F               0         Blade root 2 Z orientation angle, node 1, rad
        115    9.760E-01,  6.600E-03, -2.175E-01         F               0         Blade root 3 X orientation angle, node 1, rad
        116    2.147E-01, -1.913E-01,  9.578E-01         F               0         Blade root 3 Y orientation angle, node 1, rad
        117   -3.528E-02, -9.815E-01, -1.881E-01         F               0         Blade root 3 Z orientation angle, node 1, rad
        118    2.352E+01                                 F               0         Blade 1 X translation displacement, node 1, m
        119    3.861E+00                                 F               0         Blade 1 Y translation displacement, node 1, m
        120   -9.336E+00                                 F               0         Blade 1 Z translation displacement, node 1, m
        121    2.319E+01                                 F               0         Blade 1 X translation displacement, node 2, m
        122    4.737E+00                                 F               0         Blade 1 Y translation displacement, node 2, m
        123   -1.165E+01                                 F               0         Blade 1 Z translation displacement, node 2, m
        124    1.870E+01                                 F               0         Blade 1 X translation displacement, node 3, m
        125    1.665E+01                                 F               0         Blade 1 Y translation displacement, node 3, m
        126   -4.315E+01                                 F               0         Blade 1 Z translation displacement, node 3, m
        127    1.774E+01                                 F               0         Blade 1 X translation displacement, node 4, m
        128    1.919E+01                                 F               0         Blade 1 Y translation displacement, node 4, m
        129   -4.986E+01                                 F               0         Blade 1 Z translation displacement, node 4, m
        130    1.678E+01                                 F               0         Blade 1 X translation displacement, node 5, m
        131    2.173E+01                                 F               0         Blade 1 Y translation displacement, node 5, m
        132   -5.657E+01                                 F               0         Blade 1 Z translation displacement, node 5, m
        133    1.582E+01                                 F               0         Blade 1 X translation displacement, node 6, m
        134    2.427E+01                                 F               0         Blade 1 Y translation displacement, node 6, m
        135   -6.328E+01                                 F               0         Blade 1 Z translation displacement, node 6, m
        136    1.486E+01                                 F               0         Blade 1 X translation displacement, node 7, m
        137    2.681E+01                                 F               0         Blade 1 Y translation displacement, node 7, m
        138   -6.999E+01                                 F               0         Blade 1 Z translation displacement, node 7, m
        139    1.391E+01                                 F               0         Blade 1 X translation displacement, node 8, m
        140    2.935E+01                                 F               0         Blade 1 Y translation displacement, node 8, m
        141   -7.671E+01                                 F               0         Blade 1 Z translation displacement, node 8, m
        142    1.295E+01                                 F               0         Blade 1 X translation displacement, node 9, m
        143    3.189E+01                                 F               0         Blade 1 Y translation displacement, node 9, m
        144   -8.342E+01                                 F               0         Blade 1 Z translation displacement, node 9, m
        145    1.199E+01                                 F               0         Blade 1 X translation displacement, node 10, m
        146    3.443E+01                                 F               0         Blade 1 Y translation displacement, node 10, m
        147   -9.013E+01                                 F               0         Blade 1 Z translation displacement, node 10, m
        148    1.103E+01                                 F               0         Blade 1 X translation displacement, node 11, m
        149    3.697E+01                                 F               0         Blade 1 Y translation displacement, node 11, m
        150   -9.684E+01                                 F               0         Blade 1 Z translation displacement, node 11, m
        151    1.007E+01                                 F               0         Blade 1 X translation displacement, node 12, m
        152    3.951E+01                                 F               0         Blade 1 Y translation displacement, node 12, m
        153   -1.035E+02                                 F               0         Blade 1 Z translation displacement, node 12, m
        154    9.115E+00                                 F               0         Blade 1 X translation displacement, node 13, m
        155    4.204E+01                                 F               0         Blade 1 Y translation displacement, node 13, m
        156   -1.103E+02                                 F               0         Blade 1 Z translation displacement, node 13, m
        157    8.157E+00                                 F               0         Blade 1 X translation displacement, node 14, m
        158    4.458E+01                                 F               0         Blade 1 Y translation displacement, node 14, m
        159   -1.170E+02                                 F               0         Blade 1 Z translation displacement, node 14, m
        160    7.199E+00                                 F               0         Blade 1 X translation displacement, node 15, m
        161    4.712E+01                                 F               0         Blade 1 Y translation displacement, node 15, m
        162   -1.237E+02                                 F               0         Blade 1 Z translation displacement, node 15, m
        163    6.241E+00                                 F               0         Blade 1 X translation displacement, node 16, m
        164    4.966E+01                                 F               0         Blade 1 Y translation displacement, node 16, m
        165   -1.304E+02                                 F               0         Blade 1 Z translation displacement, node 16, m
        166    5.284E+00                                 F               0         Blade 1 X translation displacement, node 17, m
        167    5.220E+01                                 F               0         Blade 1 Y translation displacement, node 17, m
        168   -1.371E+02                                 F               0         Blade 1 Z translation displacement, node 17, m
        169    4.326E+00                                 F               0         Blade 1 X translation displacement, node 18, m
        170    5.474E+01                                 F               0         Blade 1 Y translation displacement, node 18, m
        171   -1.438E+02                                 F               0         Blade 1 Z translation displacement, node 18, m
        172    3.368E+00                                 F               0         Blade 1 X translation displacement, node 19, m
        173    5.728E+01                                 F               0         Blade 1 Y translation displacement, node 19, m
        174   -1.505E+02                                 F               0         Blade 1 Z translation displacement, node 19, m
        175    2.410E+00                                 F               0         Blade 1 X translation displacement, node 20, m
        176    5.982E+01                                 F               0         Blade 1 Y translation displacement, node 20, m
        177   -1.572E+02                                 F               0         Blade 1 Z translation displacement, node 20, m
        178    1.452E+00                                 F               0         Blade 1 X translation displacement, node 21, m
        179    6.236E+01                                 F               0         Blade 1 Y translation displacement, node 21, m
        180   -1.639E+02                                 F               0         Blade 1 Z translation displacement, node 21, m
        181    4.936E-01                                 F               0         Blade 1 X translation displacement, node 22, m
        182    6.490E+01                                 F               0         Blade 1 Y translation displacement, node 22, m
        183   -1.707E+02                                 F               0         Blade 1 Z translation displacement, node 22, m
        184   -4.643E-01                                 F               0         Blade 1 X translation displacement, node 23, m
        185    6.744E+01                                 F               0         Blade 1 Y translation displacement, node 23, m
        186   -1.774E+02                                 F               0         Blade 1 Z translation displacement, node 23, m
        187   -1.422E+00                                 F               0         Blade 1 X translation displacement, node 24, m
        188    6.997E+01                                 F               0         Blade 1 Y translation displacement, node 24, m
        189   -1.841E+02                                 F               0         Blade 1 Z translation displacement, node 24, m
        190   -2.380E+00                                 F               0         Blade 1 X translation displacement, node 25, m
        191    7.251E+01                                 F               0         Blade 1 Y translation displacement, node 25, m
        192   -1.908E+02                                 F               0         Blade 1 Z translation displacement, node 25, m
        193   -3.338E+00                                 F               0         Blade 1 X translation displacement, node 26, m
        194    7.505E+01                                 F               0         Blade 1 Y translation displacement, node 26, m
        195   -1.975E+02                                 F               0         Blade 1 Z translation displacement, node 26, m
        196   -4.296E+00                                 F               0         Blade 1 X translation displacement, node 27, m
        197    7.759E+01                                 F               0         Blade 1 Y translation displacement, node 27, m
        198   -2.042E+02                                 F               0         Blade 1 Z translation displacement, node 27, m
        199   -5.108E+00                                 F               0         Blade 1 X translation displacement, node 28, m
        200    7.974E+01                                 F               0         Blade 1 Y translation displacement, node 28, m
        201   -2.099E+02                                 F               0         Blade 1 Z translation displacement, node 28, m
        202    9.198E-01,  3.646E-01,  1.454E-01         F               0         Blade 1 X orientation angle, node 1, rad
        203    3.654E-01, -6.604E-01, -6.560E-01         F               0         Blade 1 Y orientation angle, node 1, rad
        204   -1.432E-01,  6.565E-01, -7.406E-01         F               0         Blade 1 Z orientation angle, node 1, rad
        205    9.198E-01,  3.646E-01,  1.454E-01         F               0         Blade 1 X orientation angle, node 2, rad
        206    3.654E-01, -6.604E-01, -6.560E-01         F               0         Blade 1 Y orientation angle, node 2, rad
        207   -1.432E-01,  6.565E-01, -7.406E-01         F               0         Blade 1 Z orientation angle, node 2, rad
        208    9.802E-01,  1.977E-01, -1.426E-02         F               0         Blade 1 X orientation angle, node 3, rad
        209    1.370E-01, -7.280E-01, -6.718E-01         F               0         Blade 1 Y orientation angle, node 3, rad
        210   -1.432E-01,  6.565E-01, -7.406E-01         F               0         Blade 1 Z orientation angle, node 3, rad
        211    9.851E-01,  1.667E-01, -4.261E-02         F               0         Blade 1 X orientation angle, node 4, rad
        212    9.552E-02, -7.357E-01, -6.706E-01         F               0         Blade 1 Y orientation angle, node 4, rad
        213   -1.432E-01,  6.565E-01, -7.406E-01         F               0         Blade 1 Z orientation angle, node 4, rad
        214    9.877E-01,  1.423E-01, -6.482E-02         F               0         Blade 1 X orientation angle, node 5, rad
        215    6.281E-02, -7.408E-01, -6.688E-01         F               0         Blade 1 Y orientation angle, node 5, rad
        216   -1.432E-01,  6.565E-01, -7.406E-01         F               0         Blade 1 Z orientation angle, node 5, rad
        217    9.890E-01,  1.226E-01, -8.254E-02         F               0         Blade 1 X orientation angle, node 6, rad
        218    3.658E-02, -7.443E-01, -6.668E-01         F               0         Blade 1 Y orientation angle, node 6, rad
        219   -1.432E-01,  6.565E-01, -7.406E-01         F               0         Blade 1 Z orientation angle, node 6, rad
        220    9.896E-01,  1.063E-01, -9.706E-02         F               0         Blade 1 X orientation angle, node 7, rad
        221    1.500E-02, -7.468E-01, -6.649E-01         F               0         Blade 1 Y orientation angle, node 7, rad
        222   -1.432E-01,  6.565E-01, -7.406E-01         F               0         Blade 1 Z orientation angle, node 7, rad
        223    9.897E-01,  9.272E-02, -1.091E-01         F               0         Blade 1 X orientation angle, node 8, rad
        224   -2.964E-03, -7.486E-01, -6.630E-01         F               0         Blade 1 Y orientation angle, node 8, rad
        225   -1.432E-01,  6.565E-01, -7.406E-01         F               0         Blade 1 Z orientation angle, node 8, rad
        226    9.895E-01,  8.121E-02, -1.193E-01         F               0         Blade 1 X orientation angle, node 9, rad
        227   -1.816E-02, -7.500E-01, -6.612E-01         F               0         Blade 1 Y orientation angle, node 9, rad
        228   -1.432E-01,  6.565E-01, -7.406E-01         F               0         Blade 1 Z orientation angle, node 9, rad
        229    9.892E-01,  7.125E-02, -1.280E-01         F               0         Blade 1 X orientation angle, node 10, rad
        230   -3.129E-02, -7.510E-01, -6.596E-01         F               0         Blade 1 Y orientation angle, node 10, rad
        231   -1.432E-01,  6.565E-01, -7.406E-01         F               0         Blade 1 Z orientation angle, node 10, rad
        232    9.888E-01,  6.273E-02, -1.355E-01         F               0         Blade 1 X orientation angle, node 11, rad
        233   -4.251E-02, -7.517E-01, -6.581E-01         F               0         Blade 1 Y orientation angle, node 11, rad
        234   -1.432E-01,  6.565E-01, -7.406E-01         F               0         Blade 1 Z orientation angle, node 11, rad
        235    9.883E-01,  5.525E-02, -1.421E-01         F               0         Blade 1 X orientation angle, node 12, rad
        236   -5.234E-02, -7.523E-01, -6.567E-01         F               0         Blade 1 Y orientation angle, node 12, rad
        237   -1.432E-01,  6.565E-01, -7.406E-01         F               0         Blade 1 Z orientation angle, node 12, rad
        238    9.878E-01,  4.868E-02, -1.478E-01         F               0         Blade 1 X orientation angle, node 13, rad
        239   -6.096E-02, -7.528E-01, -6.555E-01         F               0         Blade 1 Y orientation angle, node 13, rad
        240   -1.432E-01,  6.565E-01, -7.406E-01         F               0         Blade 1 Z orientation angle, node 13, rad
        241    9.873E-01,  4.277E-02, -1.529E-01         F               0         Blade 1 X orientation angle, node 14, rad
        242   -6.872E-02, -7.531E-01, -6.543E-01         F               0         Blade 1 Y orientation angle, node 14, rad
        243   -1.432E-01,  6.565E-01, -7.406E-01         F               0         Blade 1 Z orientation angle, node 14, rad
        244    9.868E-01,  3.751E-02, -1.575E-01         F               0         Blade 1 X orientation angle, node 15, rad
        245   -7.561E-02, -7.534E-01, -6.532E-01         F               0         Blade 1 Y orientation angle, node 15, rad
        246   -1.432E-01,  6.565E-01, -7.406E-01         F               0         Blade 1 Z orientation angle, node 15, rad
        247    9.863E-01,  3.277E-02, -1.616E-01         F               0         Blade 1 X orientation angle, node 16, rad
        248   -8.181E-02, -7.536E-01, -6.522E-01         F               0         Blade 1 Y orientation angle, node 16, rad
        249   -1.432E-01,  6.565E-01, -7.406E-01         F               0         Blade 1 Z orientation angle, node 16, rad
        250    9.858E-01,  2.856E-02, -1.652E-01         F               0         Blade 1 X orientation angle, node 17, rad
        251   -8.732E-02, -7.538E-01, -6.513E-01         F               0         Blade 1 Y orientation angle, node 17, rad
        252   -1.432E-01,  6.565E-01, -7.406E-01         F               0         Blade 1 Z orientation angle, node 17, rad
        253    9.854E-01,  2.462E-02, -1.686E-01         F               0         Blade 1 X orientation angle, node 18, rad
        254   -9.248E-02, -7.539E-01, -6.504E-01         F               0         Blade 1 Y orientation angle, node 18, rad
        255   -1.432E-01,  6.565E-01, -7.406E-01         F               0         Blade 1 Z orientation angle, node 18, rad
        256    9.849E-01,  2.106E-02, -1.717E-01         F               0         Blade 1 X orientation angle, node 19, rad
        257   -9.712E-02, -7.540E-01, -6.496E-01         F               0         Blade 1 Y orientation angle, node 19, rad
        258   -1.432E-01,  6.565E-01, -7.406E-01         F               0         Blade 1 Z orientation angle, node 19, rad
        259    9.845E-01,  1.791E-02, -1.744E-01         F               0         Blade 1 X orientation angle, node 20, rad
        260   -1.012E-01, -7.541E-01, -6.489E-01         F               0         Blade 1 Y orientation angle, node 20, rad
        261   -1.432E-01,  6.565E-01, -7.406E-01         F               0         Blade 1 Z orientation angle, node 20, rad
        262    9.841E-01,  1.488E-02, -1.770E-01         F               0         Blade 1 X orientation angle, node 21, rad
        263   -1.052E-01, -7.542E-01, -6.482E-01         F               0         Blade 1 Y orientation angle, node 21, rad
        264   -1.432E-01,  6.565E-01, -7.406E-01         F               0         Blade 1 Z orientation angle, node 21, rad
        265    9.837E-01,  1.211E-02, -1.794E-01         F               0         Blade 1 X orientation angle, node 22, rad
        266   -1.088E-01, -7.542E-01, -6.475E-01         F               0         Blade 1 Y orientation angle, node 22, rad
        267   -1.432E-01,  6.565E-01, -7.406E-01         F               0         Blade 1 Z orientation angle, node 22, rad
        268    9.833E-01,  9.612E-03, -1.815E-01         F               0         Blade 1 X orientation angle, node 23, rad
        269   -1.121E-01, -7.543E-01, -6.469E-01         F               0         Blade 1 Y orientation angle, node 23, rad
        270   -1.432E-01,  6.565E-01, -7.406E-01         F               0         Blade 1 Z orientation angle, node 23, rad
        271    9.830E-01,  7.243E-03, -1.836E-01         F               0         Blade 1 X orientation angle, node 24, rad
        272   -1.152E-01, -7.543E-01, -6.463E-01         F               0         Blade 1 Y orientation angle, node 24, rad
        273   -1.432E-01,  6.565E-01, -7.406E-01         F               0         Blade 1 Z orientation angle, node 24, rad
        274    9.826E-01,  5.004E-03, -1.855E-01         F               0         Blade 1 X orientation angle, node 25, rad
        275   -1.181E-01, -7.543E-01, -6.458E-01         F               0         Blade 1 Y orientation angle, node 25, rad
        276   -1.432E-01,  6.565E-01, -7.406E-01         F               0         Blade 1 Z orientation angle, node 25, rad
        277    9.823E-01,  3.030E-03, -1.872E-01         F               0         Blade 1 X orientation angle, node 26, rad
        278   -1.206E-01, -7.543E-01, -6.453E-01         F               0         Blade 1 Y orientation angle, node 26, rad
        279   -1.432E-01,  6.565E-01, -7.406E-01         F               0         Blade 1 Z orientation angle, node 26, rad
        280    9.820E-01,  1.055E-03, -1.889E-01         F               0         Blade 1 X orientation angle, node 27, rad
        281   -1.232E-01, -7.543E-01, -6.448E-01         F               0         Blade 1 Y orientation angle, node 27, rad
        282   -1.432E-01,  6.565E-01, -7.406E-01         F               0         Blade 1 Z orientation angle, node 27, rad
        283    9.818E-01,  1.581E-06, -1.898E-01         F               0         Blade 1 X orientation angle, node 28, rad
        284   -1.246E-01, -7.543E-01, -6.446E-01         F               0         Blade 1 Y orientation angle, node 28, rad
        285   -1.432E-01,  6.565E-01, -7.406E-01         F               0         Blade 1 Z orientation angle, node 28, rad
        286    6.059E-01                                 F               0         Blade 1 X translation velocity, node 1, m/s
        287    3.779E+00                                 F               0         Blade 1 Y translation velocity, node 1, m/s
        288    3.165E+00                                 F               0         Blade 1 Z translation velocity, node 1, m/s
        289    7.516E-01                                 F               0         Blade 1 X translation velocity, node 2, m/s
        290    4.670E+00                                 F               0         Blade 1 Y translation velocity, node 2, m/s
        291    3.927E+00                                 F               0         Blade 1 Z translation velocity, node 2, m/s
        292    2.734E+00                                 F               0         Blade 1 X translation velocity, node 3, m/s
        293    1.679E+01                                 F               0         Blade 1 Y translation velocity, node 3, m/s
        294    1.429E+01                                 F               0         Blade 1 Z translation velocity, node 3, m/s
        295    3.156E+00                                 F               0         Blade 1 X translation velocity, node 4, m/s
        296    1.938E+01                                 F               0         Blade 1 Y translation velocity, node 4, m/s
        297    1.650E+01                                 F               0         Blade 1 Z translation velocity, node 4, m/s
        298    3.578E+00                                 F               0         Blade 1 X translation velocity, node 5, m/s
        299    2.196E+01                                 F               0         Blade 1 Y translation velocity, node 5, m/s
        300    1.871E+01                                 F               0         Blade 1 Z translation velocity, node 5, m/s
        301    4.000E+00                                 F               0         Blade 1 X translation velocity, node 6, m/s
        302    2.454E+01                                 F               0         Blade 1 Y translation velocity, node 6, m/s
        303    2.091E+01                                 F               0         Blade 1 Z translation velocity, node 6, m/s
        304    4.423E+00                                 F               0         Blade 1 X translation velocity, node 7, m/s
        305    2.713E+01                                 F               0         Blade 1 Y translation velocity, node 7, m/s
        306    2.312E+01                                 F               0         Blade 1 Z translation velocity, node 7, m/s
        307    4.845E+00                                 F               0         Blade 1 X translation velocity, node 8, m/s
