
Linearized model: Predictions were generated on 12-Jan-2024 at 09:28:28 using OpenFAST, compiled as a 64-bit application using single precision at commit v3.5.1
 linked with  NWTC Subroutine Library; ElastoDyn; InflowWind; AeroDyn; ServoDyn; HydroDyn; MAP++ (<1.20.10>, <Oct-20-2023>)

Description from the FAST input file: CCT-9 Campign 4 model. Input files to be run with OpenFAST 3.5.0. GitHub branch from Lu Wang (https://github.com/luwang00/openfast/tree/dev) compiled on March 7, 2023.

Simulation information:
   Simulation time:                   508.4000 s
   Rotor Speed:                         0.8781 rad/s
   Azimuth:                             4.9430 rad
   Wind Speed:                         10.0000 m/s
   Number of continuous states:         0
   Number of discrete states:           0
   Number of constraint states:         0
   Number of inputs:                 1746
   Number of outputs:                   4
   Jacobians included in this file?    No

Order of inputs:
     Column   Operating Point                     Rotating Frame? Derivative Order Description
   ---------- ---------------                     --------------- ---------------- -----------
          1    1.098E+01                                 F               0         Tower X translation displacement, node 1, m
          2   -1.204E+00                                 F               0         Tower Y translation displacement, node 1, m
          3   -3.046E-01                                 F               0         Tower Z translation displacement, node 1, m
          4    1.245E+01                                 F               0         Tower X translation displacement, node 2, m
          5   -1.776E+00                                 F               0         Tower Y translation displacement, node 2, m
          6   -4.055E-01                                 F               0         Tower Z translation displacement, node 2, m
          7    1.394E+01                                 F               0         Tower X translation displacement, node 3, m
          8   -2.354E+00                                 F               0         Tower Y translation displacement, node 3, m
          9   -5.095E-01                                 F               0         Tower Z translation displacement, node 3, m
         10    1.545E+01                                 F               0         Tower X translation displacement, node 4, m
         11   -2.936E+00                                 F               0         Tower Y translation displacement, node 4, m
         12   -6.160E-01                                 F               0         Tower Z translation displacement, node 4, m
         13    1.698E+01                                 F               0         Tower X translation displacement, node 5, m
         14   -3.522E+00                                 F               0         Tower Y translation displacement, node 5, m
         15   -7.247E-01                                 F               0         Tower Z translation displacement, node 5, m
         16    1.852E+01                                 F               0         Tower X translation displacement, node 6, m
         17   -4.111E+00                                 F               0         Tower Y translation displacement, node 6, m
         18   -8.350E-01                                 F               0         Tower Z translation displacement, node 6, m
         19    2.007E+01                                 F               0         Tower X translation displacement, node 7, m
         20   -4.702E+00                                 F               0         Tower Y translation displacement, node 7, m
         21   -9.466E-01                                 F               0         Tower Z translation displacement, node 7, m
         22    2.162E+01                                 F               0         Tower X translation displacement, node 8, m
         23   -5.296E+00                                 F               0         Tower Y translation displacement, node 8, m
         24   -1.059E+00                                 F               0         Tower Z translation displacement, node 8, m
         25    2.318E+01                                 F               0         Tower X translation displacement, node 9, m
         26   -5.891E+00                                 F               0         Tower Y translation displacement, node 9, m
         27   -1.173E+00                                 F               0         Tower Z translation displacement, node 9, m
         28    2.474E+01                                 F               0         Tower X translation displacement, node 10, m
         29   -6.487E+00                                 F               0         Tower Y translation displacement, node 10, m
         30   -1.287E+00                                 F               0         Tower Z translation displacement, node 10, m
         31    2.631E+01                                 F               0         Tower X translation displacement, node 11, m
         32   -7.084E+00                                 F               0         Tower Y translation displacement, node 11, m
         33   -1.401E+00                                 F               0         Tower Z translation displacement, node 11, m
         34    9.930E-01,  1.030E-02, -1.176E-01         F               0         Tower X orientation angle, node 1, rad
         35   -4.787E-03,  9.989E-01,  4.703E-02         F               0         Tower Y orientation angle, node 1, rad
         36    1.180E-01, -4.614E-02,  9.919E-01         F               0         Tower Z orientation angle, node 1, rad
         37    9.928E-01,  1.038E-02, -1.195E-01         F               0         Tower X orientation angle, node 2, rad
         38   -4.735E-03,  9.989E-01,  4.747E-02         F               0         Tower Y orientation angle, node 2, rad
         39    1.199E-01, -4.656E-02,  9.917E-01         F               0         Tower Z orientation angle, node 2, rad
         40    9.926E-01,  1.046E-02, -1.211E-01         F               0         Tower X orientation angle, node 3, rad
         41   -4.687E-03,  9.988E-01,  4.785E-02         F               0         Tower Y orientation angle, node 3, rad
         42    1.215E-01, -4.693E-02,  9.915E-01         F               0         Tower Z orientation angle, node 3, rad
         43    9.924E-01,  1.053E-02, -1.225E-01         F               0         Tower X orientation angle, node 4, rad
         44   -4.645E-03,  9.988E-01,  4.820E-02         F               0         Tower Y orientation angle, node 4, rad
         45    1.229E-01, -4.726E-02,  9.913E-01         F               0         Tower Z orientation angle, node 4, rad
         46    9.923E-01,  1.058E-02, -1.237E-01         F               0         Tower X orientation angle, node 5, rad
         47   -4.609E-03,  9.988E-01,  4.849E-02         F               0         Tower Y orientation angle, node 5, rad
         48    1.240E-01, -4.754E-02,  9.911E-01         F               0         Tower Z orientation angle, node 5, rad
         49    9.922E-01,  1.063E-02, -1.246E-01         F               0         Tower X orientation angle, node 6, rad
         50   -4.579E-03,  9.988E-01,  4.873E-02         F               0         Tower Y orientation angle, node 6, rad
         51    1.249E-01, -4.778E-02,  9.910E-01         F               0         Tower Z orientation angle, node 6, rad
         52    9.921E-01,  1.066E-02, -1.252E-01         F               0         Tower X orientation angle, node 7, rad
         53   -4.554E-03,  9.988E-01,  4.893E-02         F               0         Tower Y orientation angle, node 7, rad
         54    1.256E-01, -4.797E-02,  9.909E-01         F               0         Tower Z orientation angle, node 7, rad
         55    9.920E-01,  1.068E-02, -1.257E-01         F               0         Tower X orientation angle, node 8, rad
         56   -4.535E-03,  9.988E-01,  4.908E-02         F               0         Tower Y orientation angle, node 8, rad
         57    1.261E-01, -4.812E-02,  9.908E-01         F               0         Tower Z orientation angle, node 8, rad
         58    9.920E-01,  1.070E-02, -1.261E-01         F               0         Tower X orientation angle, node 9, rad
         59   -4.521E-03,  9.988E-01,  4.919E-02         F               0         Tower Y orientation angle, node 9, rad
         60    1.264E-01, -4.823E-02,  9.908E-01         F               0         Tower Z orientation angle, node 9, rad
         61    9.919E-01,  1.071E-02, -1.263E-01         F               0         Tower X orientation angle, node 10, rad
         62   -4.511E-03,  9.988E-01,  4.926E-02         F               0         Tower Y orientation angle, node 10, rad
         63    1.267E-01, -4.830E-02,  9.908E-01         F               0         Tower Z orientation angle, node 10, rad
         64    9.919E-01,  1.071E-02, -1.264E-01         F               0         Tower X orientation angle, node 11, rad
         65   -4.506E-03,  9.988E-01,  4.930E-02         F               0         Tower Y orientation angle, node 11, rad
         66    1.268E-01, -4.834E-02,  9.908E-01         F               0         Tower Z orientation angle, node 11, rad
         67   -4.483E-03                                 F               0         Tower X translation velocity, node 1, m/s
         68    9.497E-03                                 F               0         Tower Y translation velocity, node 1, m/s
         69    4.329E-03                                 F               0         Tower Z translation velocity, node 1, m/s
         70   -4.450E-03                                 F               0         Tower X translation velocity, node 2, m/s
         71    1.559E-02                                 F               0         Tower Y translation velocity, node 2, m/s
         72    4.610E-03                                 F               0         Tower Z translation velocity, node 2, m/s
         73   -4.507E-03                                 F               0         Tower X translation velocity, node 3, m/s
         74    2.173E-02                                 F               0         Tower Y translation velocity, node 3, m/s
         75    4.906E-03                                 F               0         Tower Z translation velocity, node 3, m/s
         76   -4.634E-03                                 F               0         Tower X translation velocity, node 4, m/s
         77    2.790E-02                                 F               0         Tower Y translation velocity, node 4, m/s
         78    5.215E-03                                 F               0         Tower Z translation velocity, node 4, m/s
         79   -4.823E-03                                 F               0         Tower X translation velocity, node 5, m/s
         80    3.411E-02                                 F               0         Tower Y translation velocity, node 5, m/s
         81    5.536E-03                                 F               0         Tower Z translation velocity, node 5, m/s
         82   -5.063E-03                                 F               0         Tower X translation velocity, node 6, m/s
         83    4.034E-02                                 F               0         Tower Y translation velocity, node 6, m/s
         84    5.866E-03                                 F               0         Tower Z translation velocity, node 6, m/s
         85   -5.342E-03                                 F               0         Tower X translation velocity, node 7, m/s
         86    4.659E-02                                 F               0         Tower Y translation velocity, node 7, m/s
         87    6.203E-03                                 F               0         Tower Z translation velocity, node 7, m/s
         88   -5.656E-03                                 F               0         Tower X translation velocity, node 8, m/s
         89    5.287E-02                                 F               0         Tower Y translation velocity, node 8, m/s
         90    6.547E-03                                 F               0         Tower Z translation velocity, node 8, m/s
         91   -5.996E-03                                 F               0         Tower X translation velocity, node 9, m/s
         92    5.915E-02                                 F               0         Tower Y translation velocity, node 9, m/s
         93    6.896E-03                                 F               0         Tower Z translation velocity, node 9, m/s
         94   -6.354E-03                                 F               0         Tower X translation velocity, node 10, m/s
         95    6.545E-02                                 F               0         Tower Y translation velocity, node 10, m/s
         96    7.249E-03                                 F               0         Tower Z translation velocity, node 10, m/s
         97   -6.722E-03                                 F               0         Tower X translation velocity, node 11, m/s
         98    7.175E-02                                 F               0         Tower Y translation velocity, node 11, m/s
         99    7.603E-03                                 F               0         Tower Z translation velocity, node 11, m/s
        100    2.739E+01                                 F               0         Hub X translation displacement, node 1, m
        101   -7.580E+00                                 F               0         Hub Y translation displacement, node 1, m
        102   -1.083E-01                                 F               0         Hub Z translation displacement, node 1, m
        103    9.732E-01,  1.571E-02, -2.293E-01         F               0         Hub X orientation angle, node 1, rad
        104   -2.247E-01,  2.740E-01, -9.351E-01         F               0         Hub Y orientation angle, node 1, rad
        105    4.813E-02,  9.616E-01,  2.702E-01         F               0         Hub Z orientation angle, node 1, rad
        106    8.541E-01                                 F               0         Hub X rotation velocity, node 1, rad/s
        107    1.375E-02                                 F               0         Hub Y rotation velocity, node 1, rad/s
        108   -2.011E-01                                 F               0         Hub Z rotation velocity, node 1, rad/s
        109    9.795E-01,  7.573E-03, -2.014E-01         F               0         Blade root 1 X orientation angle, node 1, rad
        110   -1.957E-01,  2.743E-01, -9.415E-01         F               0         Blade root 1 Y orientation angle, node 1, rad
        111    4.813E-02,  9.616E-01,  2.702E-01         F               0         Blade root 1 Z orientation angle, node 1, rad
        112    9.682E-01, -4.940E-03, -2.500E-01         F               0         Blade root 2 X orientation angle, node 1, rad
        113    1.828E-01,  6.959E-01,  6.944E-01         F               0         Blade root 2 Y orientation angle, node 1, rad
        114    1.705E-01, -7.181E-01,  6.747E-01         F               0         Blade root 2 Z orientation angle, node 1, rad
        115    9.707E-01,  4.447E-02, -2.361E-01         F               0         Blade root 3 X orientation angle, node 1, rad
        116    9.951E-02, -9.689E-01,  2.267E-01         F               0         Blade root 3 Y orientation angle, node 1, rad
        117   -2.187E-01, -2.435E-01, -9.449E-01         F               0         Blade root 3 Z orientation angle, node 1, rad
        118    2.708E+01                                 F               0         Blade 1 X translation displacement, node 1, m
        119   -2.252E+00                                 F               0         Blade 1 Y translation displacement, node 1, m
        120   -4.121E+00                                 F               0         Blade 1 Z translation displacement, node 1, m
        121    2.701E+01                                 F               0         Blade 1 X translation displacement, node 2, m
        122   -9.686E-01                                 F               0         Blade 1 Y translation displacement, node 2, m
        123   -5.088E+00                                 F               0         Blade 1 Z translation displacement, node 2, m
        124    2.598E+01                                 F               0         Blade 1 X translation displacement, node 3, m
        125    1.649E+01                                 F               0         Blade 1 Y translation displacement, node 3, m
        126   -1.824E+01                                 F               0         Blade 1 Z translation displacement, node 3, m
        127    2.576E+01                                 F               0         Blade 1 X translation displacement, node 4, m
        128    2.021E+01                                 F               0         Blade 1 Y translation displacement, node 4, m
        129   -2.104E+01                                 F               0         Blade 1 Z translation displacement, node 4, m
        130    2.554E+01                                 F               0         Blade 1 X translation displacement, node 5, m
        131    2.393E+01                                 F               0         Blade 1 Y translation displacement, node 5, m
        132   -2.384E+01                                 F               0         Blade 1 Z translation displacement, node 5, m
        133    2.533E+01                                 F               0         Blade 1 X translation displacement, node 6, m
        134    2.764E+01                                 F               0         Blade 1 Y translation displacement, node 6, m
        135   -2.664E+01                                 F               0         Blade 1 Z translation displacement, node 6, m
        136    2.511E+01                                 F               0         Blade 1 X translation displacement, node 7, m
        137    3.136E+01                                 F               0         Blade 1 Y translation displacement, node 7, m
        138   -2.944E+01                                 F               0         Blade 1 Z translation displacement, node 7, m
        139    2.489E+01                                 F               0         Blade 1 X translation displacement, node 8, m
        140    3.508E+01                                 F               0         Blade 1 Y translation displacement, node 8, m
        141   -3.224E+01                                 F               0         Blade 1 Z translation displacement, node 8, m
        142    2.467E+01                                 F               0         Blade 1 X translation displacement, node 9, m
        143    3.880E+01                                 F               0         Blade 1 Y translation displacement, node 9, m
        144   -3.505E+01                                 F               0         Blade 1 Z translation displacement, node 9, m
        145    2.445E+01                                 F               0         Blade 1 X translation displacement, node 10, m
        146    4.252E+01                                 F               0         Blade 1 Y translation displacement, node 10, m
        147   -3.785E+01                                 F               0         Blade 1 Z translation displacement, node 10, m
        148    2.424E+01                                 F               0         Blade 1 X translation displacement, node 11, m
        149    4.624E+01                                 F               0         Blade 1 Y translation displacement, node 11, m
        150   -4.065E+01                                 F               0         Blade 1 Z translation displacement, node 11, m
        151    2.402E+01                                 F               0         Blade 1 X translation displacement, node 12, m
        152    4.996E+01                                 F               0         Blade 1 Y translation displacement, node 12, m
        153   -4.345E+01                                 F               0         Blade 1 Z translation displacement, node 12, m
        154    2.380E+01                                 F               0         Blade 1 X translation displacement, node 13, m
        155    5.368E+01                                 F               0         Blade 1 Y translation displacement, node 13, m
        156   -4.625E+01                                 F               0         Blade 1 Z translation displacement, node 13, m
        157    2.358E+01                                 F               0         Blade 1 X translation displacement, node 14, m
        158    5.740E+01                                 F               0         Blade 1 Y translation displacement, node 14, m
        159   -4.905E+01                                 F               0         Blade 1 Z translation displacement, node 14, m
        160    2.336E+01                                 F               0         Blade 1 X translation displacement, node 15, m
        161    6.112E+01                                 F               0         Blade 1 Y translation displacement, node 15, m
        162   -5.185E+01                                 F               0         Blade 1 Z translation displacement, node 15, m
        163    2.315E+01                                 F               0         Blade 1 X translation displacement, node 16, m
        164    6.484E+01                                 F               0         Blade 1 Y translation displacement, node 16, m
        165   -5.466E+01                                 F               0         Blade 1 Z translation displacement, node 16, m
        166    2.293E+01                                 F               0         Blade 1 X translation displacement, node 17, m
        167    6.856E+01                                 F               0         Blade 1 Y translation displacement, node 17, m
        168   -5.746E+01                                 F               0         Blade 1 Z translation displacement, node 17, m
        169    2.271E+01                                 F               0         Blade 1 X translation displacement, node 18, m
        170    7.227E+01                                 F               0         Blade 1 Y translation displacement, node 18, m
        171   -6.026E+01                                 F               0         Blade 1 Z translation displacement, node 18, m
        172    2.249E+01                                 F               0         Blade 1 X translation displacement, node 19, m
        173    7.599E+01                                 F               0         Blade 1 Y translation displacement, node 19, m
        174   -6.306E+01                                 F               0         Blade 1 Z translation displacement, node 19, m
        175    2.227E+01                                 F               0         Blade 1 X translation displacement, node 20, m
        176    7.971E+01                                 F               0         Blade 1 Y translation displacement, node 20, m
        177   -6.586E+01                                 F               0         Blade 1 Z translation displacement, node 20, m
        178    2.205E+01                                 F               0         Blade 1 X translation displacement, node 21, m
        179    8.343E+01                                 F               0         Blade 1 Y translation displacement, node 21, m
        180   -6.866E+01                                 F               0         Blade 1 Z translation displacement, node 21, m
        181    2.184E+01                                 F               0         Blade 1 X translation displacement, node 22, m
        182    8.715E+01                                 F               0         Blade 1 Y translation displacement, node 22, m
        183   -7.147E+01                                 F               0         Blade 1 Z translation displacement, node 22, m
        184    2.162E+01                                 F               0         Blade 1 X translation displacement, node 23, m
        185    9.087E+01                                 F               0         Blade 1 Y translation displacement, node 23, m
        186   -7.427E+01                                 F               0         Blade 1 Z translation displacement, node 23, m
        187    2.140E+01                                 F               0         Blade 1 X translation displacement, node 24, m
        188    9.459E+01                                 F               0         Blade 1 Y translation displacement, node 24, m
        189   -7.707E+01                                 F               0         Blade 1 Z translation displacement, node 24, m
        190    2.118E+01                                 F               0         Blade 1 X translation displacement, node 25, m
        191    9.831E+01                                 F               0         Blade 1 Y translation displacement, node 25, m
        192   -7.987E+01                                 F               0         Blade 1 Z translation displacement, node 25, m
        193    2.096E+01                                 F               0         Blade 1 X translation displacement, node 26, m
        194    1.020E+02                                 F               0         Blade 1 Y translation displacement, node 26, m
        195   -8.267E+01                                 F               0         Blade 1 Z translation displacement, node 26, m
        196    2.075E+01                                 F               0         Blade 1 X translation displacement, node 27, m
        197    1.057E+02                                 F               0         Blade 1 Y translation displacement, node 27, m
        198   -8.547E+01                                 F               0         Blade 1 Z translation displacement, node 27, m
        199    2.056E+01                                 F               0         Blade 1 X translation displacement, node 28, m
        200    1.089E+02                                 F               0         Blade 1 Y translation displacement, node 28, m
        201   -8.785E+01                                 F               0         Blade 1 Z translation displacement, node 28, m
        202    9.610E-01, -1.184E-01,  2.501E-01         F               0         Blade 1 X orientation angle, node 1, rad
        203    2.725E-01,  2.476E-01, -9.298E-01         F               0         Blade 1 Y orientation angle, node 1, rad
        204    4.813E-02,  9.616E-01,  2.702E-01         F               0         Blade 1 Z orientation angle, node 1, rad
        205    9.610E-01, -1.184E-01,  2.501E-01         F               0         Blade 1 X orientation angle, node 2, rad
        206    2.725E-01,  2.476E-01, -9.298E-01         F               0         Blade 1 Y orientation angle, node 2, rad
        207    4.813E-02,  9.616E-01,  2.702E-01         F               0         Blade 1 Z orientation angle, node 2, rad
        208    9.982E-01, -5.630E-02,  2.260E-02         F               0         Blade 1 X orientation angle, node 3, rad
        209    3.694E-02,  2.686E-01, -9.625E-01         F               0         Blade 1 Y orientation angle, node 3, rad
        210    4.813E-02,  9.616E-01,  2.702E-01         F               0         Blade 1 Z orientation angle, node 3, rad
        211    9.988E-01, -4.491E-02, -1.807E-02         F               0         Blade 1 X orientation angle, node 4, rad
        212   -5.239E-03,  2.707E-01, -9.626E-01         F               0         Blade 1 Y orientation angle, node 4, rad
        213    4.813E-02,  9.616E-01,  2.702E-01         F               0         Blade 1 Z orientation angle, node 4, rad
        214    9.981E-01, -3.591E-02, -4.997E-02         F               0         Blade 1 X orientation angle, node 5, rad
        215   -3.835E-02,  2.721E-01, -9.615E-01         F               0         Blade 1 Y orientation angle, node 5, rad
        216    4.813E-02,  9.616E-01,  2.702E-01         F               0         Blade 1 Z orientation angle, node 5, rad
        217    9.967E-01, -2.868E-02, -7.546E-02         F               0         Blade 1 X orientation angle, node 6, rad
        218   -6.481E-02,  2.729E-01, -9.598E-01         F               0         Blade 1 Y orientation angle, node 6, rad
        219    4.813E-02,  9.616E-01,  2.702E-01         F               0         Blade 1 Z orientation angle, node 6, rad
        220    9.951E-01, -2.272E-02, -9.638E-02         F               0         Blade 1 X orientation angle, node 7, rad
        221   -8.654E-02,  2.735E-01, -9.580E-01         F               0         Blade 1 Y orientation angle, node 7, rad
        222    4.813E-02,  9.616E-01,  2.702E-01         F               0         Blade 1 Z orientation angle, node 7, rad
        223    9.934E-01, -1.775E-02, -1.138E-01         F               0         Blade 1 X orientation angle, node 8, rad
        224   -1.046E-01,  2.739E-01, -9.561E-01         F               0         Blade 1 Y orientation angle, node 8, rad
        225    4.813E-02,  9.616E-01,  2.702E-01         F               0         Blade 1 Z orientation angle, node 8, rad
        226    9.916E-01, -1.354E-02, -1.284E-01         F               0         Blade 1 X orientation angle, node 9, rad
        227   -1.198E-01,  2.741E-01, -9.542E-01         F               0         Blade 1 Y orientation angle, node 9, rad
        228    4.813E-02,  9.616E-01,  2.702E-01         F               0         Blade 1 Z orientation angle, node 9, rad
        229    9.900E-01, -9.907E-03, -1.411E-01         F               0         Blade 1 X orientation angle, node 10, rad
        230   -1.330E-01,  2.743E-01, -9.524E-01         F               0         Blade 1 Y orientation angle, node 10, rad
        231    4.813E-02,  9.616E-01,  2.702E-01         F               0         Blade 1 Z orientation angle, node 10, rad
        232    9.884E-01, -6.795E-03, -1.519E-01         F               0         Blade 1 X orientation angle, node 11, rad
        233   -1.442E-01,  2.744E-01, -9.508E-01         F               0         Blade 1 Y orientation angle, node 11, rad
        234    4.813E-02,  9.616E-01,  2.702E-01         F               0         Blade 1 Z orientation angle, node 11, rad
        235    9.869E-01, -4.065E-03, -1.613E-01         F               0         Blade 1 X orientation angle, node 12, rad
        236   -1.540E-01,  2.744E-01, -9.492E-01         F               0         Blade 1 Y orientation angle, node 12, rad
        237    4.813E-02,  9.616E-01,  2.702E-01         F               0         Blade 1 Z orientation angle, node 12, rad
        238    9.855E-01, -1.670E-03, -1.696E-01         F               0         Blade 1 X orientation angle, node 13, rad
        239   -1.626E-01,  2.744E-01, -9.478E-01         F               0         Blade 1 Y orientation angle, node 13, rad
        240    4.813E-02,  9.616E-01,  2.702E-01         F               0         Blade 1 Z orientation angle, node 13, rad
        241    9.842E-01,  4.850E-04, -1.770E-01         F               0         Blade 1 X orientation angle, node 14, rad
        242   -1.704E-01,  2.744E-01, -9.464E-01         F               0         Blade 1 Y orientation angle, node 14, rad
        243    4.813E-02,  9.616E-01,  2.702E-01         F               0         Blade 1 Z orientation angle, node 14, rad
        244    9.830E-01,  2.401E-03, -1.836E-01         F               0         Blade 1 X orientation angle, node 15, rad
        245   -1.772E-01,  2.744E-01, -9.451E-01         F               0         Blade 1 Y orientation angle, node 15, rad
        246    4.813E-02,  9.616E-01,  2.702E-01         F               0         Blade 1 Z orientation angle, node 15, rad
        247    9.819E-01,  4.125E-03, -1.896E-01         F               0         Blade 1 X orientation angle, node 16, rad
        248   -1.834E-01,  2.744E-01, -9.440E-01         F               0         Blade 1 Y orientation angle, node 16, rad
        249    4.813E-02,  9.616E-01,  2.702E-01         F               0         Blade 1 Z orientation angle, node 16, rad
        250    9.808E-01,  5.658E-03, -1.948E-01         F               0         Blade 1 X orientation angle, node 17, rad
        251   -1.889E-01,  2.744E-01, -9.429E-01         F               0         Blade 1 Y orientation angle, node 17, rad
        252    4.813E-02,  9.616E-01,  2.702E-01         F               0         Blade 1 Z orientation angle, node 17, rad
        253    9.798E-01,  7.094E-03, -1.998E-01         F               0         Blade 1 X orientation angle, node 18, rad
        254   -1.940E-01,  2.743E-01, -9.419E-01         F               0         Blade 1 Y orientation angle, node 18, rad
        255    4.813E-02,  9.616E-01,  2.702E-01         F               0         Blade 1 Z orientation angle, node 18, rad
        256    9.789E-01,  8.387E-03, -2.042E-01         F               0         Blade 1 X orientation angle, node 19, rad
        257   -1.986E-01,  2.743E-01, -9.409E-01         F               0         Blade 1 Y orientation angle, node 19, rad
        258    4.813E-02,  9.616E-01,  2.702E-01         F               0         Blade 1 Z orientation angle, node 19, rad
        259    9.781E-01,  9.536E-03, -2.081E-01         F               0         Blade 1 X orientation angle, node 20, rad
        260   -2.027E-01,  2.743E-01, -9.400E-01         F               0         Blade 1 Y orientation angle, node 20, rad
        261    4.813E-02,  9.616E-01,  2.702E-01         F               0         Blade 1 Z orientation angle, node 20, rad
        262    9.772E-01,  1.064E-02, -2.119E-01         F               0         Blade 1 X orientation angle, node 21, rad
        263   -2.067E-01,  2.742E-01, -9.392E-01         F               0         Blade 1 Y orientation angle, node 21, rad
        264    4.813E-02,  9.616E-01,  2.702E-01         F               0         Blade 1 Z orientation angle, node 21, rad
        265    9.765E-01,  1.164E-02, -2.154E-01         F               0         Blade 1 X orientation angle, node 22, rad
        266   -2.102E-01,  2.742E-01, -9.384E-01         F               0         Blade 1 Y orientation angle, node 22, rad
        267    4.813E-02,  9.616E-01,  2.702E-01         F               0         Blade 1 Z orientation angle, node 22, rad
        268    9.758E-01,  1.255E-02, -2.185E-01         F               0         Blade 1 X orientation angle, node 23, rad
        269   -2.135E-01,  2.742E-01, -9.377E-01         F               0         Blade 1 Y orientation angle, node 23, rad
        270    4.813E-02,  9.616E-01,  2.702E-01         F               0         Blade 1 Z orientation angle, node 23, rad
        271    9.751E-01,  1.341E-02, -2.214E-01         F               0         Blade 1 X orientation angle, node 24, rad
        272   -2.165E-01,  2.741E-01, -9.370E-01         F               0         Blade 1 Y orientation angle, node 24, rad
        273    4.813E-02,  9.616E-01,  2.702E-01         F               0         Blade 1 Z orientation angle, node 24, rad
        274    9.744E-01,  1.423E-02, -2.242E-01         F               0         Blade 1 X orientation angle, node 25, rad
        275   -2.194E-01,  2.741E-01, -9.363E-01         F               0         Blade 1 Y orientation angle, node 25, rad
        276    4.813E-02,  9.616E-01,  2.702E-01         F               0         Blade 1 Z orientation angle, node 25, rad
        277    9.739E-01,  1.494E-02, -2.266E-01         F               0         Blade 1 X orientation angle, node 26, rad
        278   -2.220E-01,  2.740E-01, -9.358E-01         F               0         Blade 1 Y orientation angle, node 26, rad
        279    4.813E-02,  9.616E-01,  2.702E-01         F               0         Blade 1 Z orientation angle, node 26, rad
        280    9.733E-01,  1.566E-02, -2.291E-01         F               0         Blade 1 X orientation angle, node 27, rad
        281   -2.245E-01,  2.740E-01, -9.352E-01         F               0         Blade 1 Y orientation angle, node 27, rad
        282    4.813E-02,  9.616E-01,  2.702E-01         F               0         Blade 1 Z orientation angle, node 27, rad
        283    9.730E-01,  1.604E-02, -2.304E-01         F               0         Blade 1 X orientation angle, node 28, rad
        284   -2.259E-01,  2.740E-01, -9.348E-01         F               0         Blade 1 Y orientation angle, node 28, rad
        285    4.813E-02,  9.616E-01,  2.702E-01         F               0         Blade 1 Z orientation angle, node 28, rad
        286    1.085E+00                                 F               0         Blade 1 X translation velocity, node 1, m/s
        287   -1.257E+00                                 F               0         Blade 1 Y translation velocity, node 1, m/s
        288    4.554E+00                                 F               0         Blade 1 Z translation velocity, node 1, m/s
        289    1.348E+00                                 F               0         Blade 1 X translation velocity, node 2, m/s
        290   -1.578E+00                                 F               0         Blade 1 Y translation velocity, node 2, m/s
        291    5.649E+00                                 F               0         Blade 1 Z translation velocity, node 2, m/s
        292    4.927E+00                                 F               0         Blade 1 X translation velocity, node 3, m/s
        293   -5.943E+00                                 F               0         Blade 1 Y translation velocity, node 3, m/s
        294    2.055E+01                                 F               0         Blade 1 Z translation velocity, node 3, m/s
        295    5.689E+00                                 F               0         Blade 1 X translation velocity, node 4, m/s
        296   -6.873E+00                                 F               0         Blade 1 Y translation velocity, node 4, m/s
        297    2.372E+01                                 F               0         Blade 1 Z translation velocity, node 4, m/s
        298    6.452E+00                                 F               0         Blade 1 X translation velocity, node 5, m/s
        299   -7.803E+00                                 F               0         Blade 1 Y translation velocity, node 5, m/s
        300    2.689E+01                                 F               0         Blade 1 Z translation velocity, node 5, m/s
        301    7.214E+00                                 F               0         Blade 1 X translation velocity, node 6, m/s
        302   -8.733E+00                                 F               0         Blade 1 Y translation velocity, node 6, m/s
        303    3.007E+01                                 F               0         Blade 1 Z translation velocity, node 6, m/s
        304    7.977E+00                                 F               0         Blade 1 X translation velocity, node 7, m/s
        305   -9.663E+00                                 F               0         Blade 1 Y translation velocity, node 7, m/s
        306    3.324E+01                                 F               0         Blade 1 Z translation velocity, node 7, m/s
        307    8.739E+00                                 F               0         Blade 1 X translation velocity, node 8, m/s
