
Linearized model: Predictions were generated on 12-Jan-2024 at 09:28:28 using OpenFAST, compiled as a 64-bit application using single precision at commit v3.5.1
 linked with  NWTC Subroutine Library; ElastoDyn; InflowWind; AeroDyn; ServoDyn; HydroDyn; MAP++ (<1.20.10>, <Oct-20-2023>)

Description from the FAST input file: CCT-9 Campign 4 model. Input files to be run with OpenFAST 3.5.0. GitHub branch from Lu Wang (https://github.com/luwang00/openfast/tree/dev) compiled on March 7, 2023.

Simulation information:
   Simulation time:                   503.4750 s
   Rotor Speed:                         0.8770 rad/s
   Azimuth:                             0.6207 rad
   Wind Speed:                         10.0000 m/s
   Number of continuous states:         0
   Number of discrete states:           0
   Number of constraint states:         0
   Number of inputs:                 1746
   Number of outputs:                   4
   Jacobians included in this file?    No

Order of inputs:
     Column   Operating Point                     Rotating Frame? Derivative Order Description
   ---------- ---------------                     --------------- ---------------- -----------
          1    1.100E+01                                 F               0         Tower X translation displacement, node 1, m
          2   -1.231E+00                                 F               0         Tower Y translation displacement, node 1, m
          3   -3.265E-01                                 F               0         Tower Z translation displacement, node 1, m
          4    1.247E+01                                 F               0         Tower X translation displacement, node 2, m
          5   -1.817E+00                                 F               0         Tower Y translation displacement, node 2, m
          6   -4.281E-01                                 F               0         Tower Z translation displacement, node 2, m
          7    1.397E+01                                 F               0         Tower X translation displacement, node 3, m
          8   -2.409E+00                                 F               0         Tower Y translation displacement, node 3, m
          9   -5.329E-01                                 F               0         Tower Z translation displacement, node 3, m
         10    1.548E+01                                 F               0         Tower X translation displacement, node 4, m
         11   -3.005E+00                                 F               0         Tower Y translation displacement, node 4, m
         12   -6.402E-01                                 F               0         Tower Z translation displacement, node 4, m
         13    1.700E+01                                 F               0         Tower X translation displacement, node 5, m
         14   -3.605E+00                                 F               0         Tower Y translation displacement, node 5, m
         15   -7.496E-01                                 F               0         Tower Z translation displacement, node 5, m
         16    1.854E+01                                 F               0         Tower X translation displacement, node 6, m
         17   -4.209E+00                                 F               0         Tower Y translation displacement, node 6, m
         18   -8.608E-01                                 F               0         Tower Z translation displacement, node 6, m
         19    2.009E+01                                 F               0         Tower X translation displacement, node 7, m
         20   -4.815E+00                                 F               0         Tower Y translation displacement, node 7, m
         21   -9.732E-01                                 F               0         Tower Z translation displacement, node 7, m
         22    2.165E+01                                 F               0         Tower X translation displacement, node 8, m
         23   -5.424E+00                                 F               0         Tower Y translation displacement, node 8, m
         24   -1.087E+00                                 F               0         Tower Z translation displacement, node 8, m
         25    2.321E+01                                 F               0         Tower X translation displacement, node 9, m
         26   -6.034E+00                                 F               0         Tower Y translation displacement, node 9, m
         27   -1.201E+00                                 F               0         Tower Z translation displacement, node 9, m
         28    2.477E+01                                 F               0         Tower X translation displacement, node 10, m
         29   -6.645E+00                                 F               0         Tower Y translation displacement, node 10, m
         30   -1.316E+00                                 F               0         Tower Z translation displacement, node 10, m
         31    2.634E+01                                 F               0         Tower X translation displacement, node 11, m
         32   -7.257E+00                                 F               0         Tower Y translation displacement, node 11, m
         33   -1.431E+00                                 F               0         Tower Z translation displacement, node 11, m
         34    9.930E-01,  9.801E-03, -1.177E-01         F               0         Tower X orientation angle, node 1, rad
         35   -4.159E-03,  9.988E-01,  4.808E-02         F               0         Tower Y orientation angle, node 1, rad
         36    1.180E-01, -4.726E-02,  9.919E-01         F               0         Tower Z orientation angle, node 1, rad
         37    9.928E-01,  9.890E-03, -1.196E-01         F               0         Tower X orientation angle, node 2, rad
         38   -4.105E-03,  9.988E-01,  4.853E-02         F               0         Tower Y orientation angle, node 2, rad
         39    1.199E-01, -4.769E-02,  9.916E-01         F               0         Tower Z orientation angle, node 2, rad
         40    9.926E-01,  9.969E-03, -1.212E-01         F               0         Tower X orientation angle, node 3, rad
         41   -4.056E-03,  9.988E-01,  4.894E-02         F               0         Tower Y orientation angle, node 3, rad
         42    1.216E-01, -4.808E-02,  9.914E-01         F               0         Tower Z orientation angle, node 3, rad
         43    9.924E-01,  1.004E-02, -1.226E-01         F               0         Tower X orientation angle, node 4, rad
         44   -4.012E-03,  9.988E-01,  4.929E-02         F               0         Tower Y orientation angle, node 4, rad
         45    1.229E-01, -4.842E-02,  9.912E-01         F               0         Tower Z orientation angle, node 4, rad
         46    9.923E-01,  1.009E-02, -1.237E-01         F               0         Tower X orientation angle, node 5, rad
         47   -3.975E-03,  9.988E-01,  4.959E-02         F               0         Tower Y orientation angle, node 5, rad
         48    1.241E-01, -4.872E-02,  9.911E-01         F               0         Tower Z orientation angle, node 5, rad
         49    9.922E-01,  1.014E-02, -1.246E-01         F               0         Tower X orientation angle, node 6, rad
         50   -3.943E-03,  9.987E-01,  4.985E-02         F               0         Tower Y orientation angle, node 6, rad
         51    1.250E-01, -4.896E-02,  9.909E-01         F               0         Tower Z orientation angle, node 6, rad
         52    9.921E-01,  1.017E-02, -1.253E-01         F               0         Tower X orientation angle, node 7, rad
         53   -3.917E-03,  9.987E-01,  5.005E-02         F               0         Tower Y orientation angle, node 7, rad
         54    1.257E-01, -4.916E-02,  9.909E-01         F               0         Tower Z orientation angle, node 7, rad
         55    9.920E-01,  1.020E-02, -1.258E-01         F               0         Tower X orientation angle, node 8, rad
         56   -3.897E-03,  9.987E-01,  5.021E-02         F               0         Tower Y orientation angle, node 8, rad
         57    1.262E-01, -4.931E-02,  9.908E-01         F               0         Tower Z orientation angle, node 8, rad
         58    9.920E-01,  1.021E-02, -1.262E-01         F               0         Tower X orientation angle, node 9, rad
         59   -3.883E-03,  9.987E-01,  5.032E-02         F               0         Tower Y orientation angle, node 9, rad
         60    1.265E-01, -4.943E-02,  9.907E-01         F               0         Tower Z orientation angle, node 9, rad
         61    9.919E-01,  1.022E-02, -1.264E-01         F               0         Tower X orientation angle, node 10, rad
         62   -3.873E-03,  9.987E-01,  5.040E-02         F               0         Tower Y orientation angle, node 10, rad
         63    1.267E-01, -4.950E-02,  9.907E-01         F               0         Tower Z orientation angle, node 10, rad
         64    9.919E-01,  1.023E-02, -1.265E-01         F               0         Tower X orientation angle, node 11, rad
         65   -3.868E-03,  9.987E-01,  5.044E-02         F               0         Tower Y orientation angle, node 11, rad
         66    1.268E-01, -4.954E-02,  9.907E-01         F               0         Tower Z orientation angle, node 11, rad
         67   -4.315E-03                                 F               0         Tower X translation velocity, node 1, m/s
         68    1.966E-03                                 F               0         Tower Y translation velocity, node 1, m/s
         69    2.339E-03                                 F               0         Tower Z translation velocity, node 1, m/s
         70   -4.495E-03                                 F               0         Tower X translation velocity, node 2, m/s
         71    1.468E-03                                 F               0         Tower Y translation velocity, node 2, m/s
         72    2.337E-03                                 F               0         Tower Z translation velocity, node 2, m/s
         73   -4.744E-03                                 F               0         Tower X translation velocity, node 3, m/s
         74    8.348E-04                                 F               0         Tower Y translation velocity, node 3, m/s
         75    2.337E-03                                 F               0         Tower Z translation velocity, node 3, m/s
         76   -5.047E-03                                 F               0         Tower X translation velocity, node 4, m/s
         77    9.233E-05                                 F               0         Tower Y translation velocity, node 4, m/s
         78    2.338E-03                                 F               0         Tower Z translation velocity, node 4, m/s
         79   -5.398E-03                                 F               0         Tower X translation velocity, node 5, m/s
         80   -7.462E-04                                 F               0         Tower Y translation velocity, node 5, m/s
         81    2.340E-03                                 F               0         Tower Z translation velocity, node 5, m/s
         82   -5.790E-03                                 F               0         Tower X translation velocity, node 6, m/s
         83   -1.668E-03                                 F               0         Tower Y translation velocity, node 6, m/s
         84    2.344E-03                                 F               0         Tower Z translation velocity, node 6, m/s
         85   -6.213E-03                                 F               0         Tower X translation velocity, node 7, m/s
         86   -2.654E-03                                 F               0         Tower Y translation velocity, node 7, m/s
         87    2.349E-03                                 F               0         Tower Z translation velocity, node 7, m/s
         88   -6.664E-03                                 F               0         Tower X translation velocity, node 8, m/s
         89   -3.700E-03                                 F               0         Tower Y translation velocity, node 8, m/s
         90    2.354E-03                                 F               0         Tower Z translation velocity, node 8, m/s
         91   -7.136E-03                                 F               0         Tower X translation velocity, node 9, m/s
         92   -4.790E-03                                 F               0         Tower Y translation velocity, node 9, m/s
         93    2.360E-03                                 F               0         Tower Z translation velocity, node 9, m/s
         94   -7.623E-03                                 F               0         Tower X translation velocity, node 10, m/s
         95   -5.913E-03                                 F               0         Tower Y translation velocity, node 10, m/s
         96    2.366E-03                                 F               0         Tower Z translation velocity, node 10, m/s
         97   -8.120E-03                                 F               0         Tower X translation velocity, node 11, m/s
         98   -7.056E-03                                 F               0         Tower Y translation velocity, node 11, m/s
         99    2.373E-03                                 F               0         Tower Z translation velocity, node 11, m/s
        100    2.742E+01                                 F               0         Hub X translation displacement, node 1, m
        101   -7.756E+00                                 F               0         Hub Y translation displacement, node 1, m
        102   -1.378E-01                                 F               0         Hub Z translation displacement, node 1, m
        103    9.732E-01,  1.535E-02, -2.293E-01         F               0         Hub X orientation angle, node 1, rad
        104    1.305E-01,  7.844E-01,  6.064E-01         F               0         Hub Y orientation angle, node 1, rad
        105    1.892E-01, -6.201E-01,  7.614E-01         F               0         Hub Z orientation angle, node 1, rad
        106    8.536E-01                                 F               0         Hub X rotation velocity, node 1, rad/s
        107    1.342E-02                                 F               0         Hub Y rotation velocity, node 1, rad/s
        108   -2.011E-01                                 F               0         Hub Z rotation velocity, node 1, rad/s
        109    9.689E-01, -7.926E-03, -2.472E-01         F               0         Blade root 1 X orientation angle, node 1, rad
        110    1.593E-01,  7.845E-01,  5.993E-01         F               0         Blade root 1 Y orientation angle, node 1, rad
        111    1.892E-01, -6.201E-01,  7.614E-01         F               0         Blade root 1 Z orientation angle, node 1, rad
        112    9.699E-01,  4.291E-02, -2.398E-01         F               0         Blade root 2 X orientation angle, node 1, rad
        113    1.274E-01, -9.283E-01,  3.493E-01         F               0         Blade root 2 Y orientation angle, node 1, rad
        114   -2.076E-01, -3.693E-01, -9.058E-01         F               0         Blade root 2 Z orientation angle, node 1, rad
        115    9.796E-01,  1.105E-02, -2.007E-01         F               0         Blade root 3 X orientation angle, node 1, rad
        116   -2.001E-01,  1.452E-01, -9.690E-01         F               0         Blade root 3 Y orientation angle, node 1, rad
        117    1.843E-02,  9.893E-01,  1.444E-01         F               0         Blade root 3 Z orientation angle, node 1, rad
        118    2.789E+01                                 F               0         Blade 1 X translation displacement, node 1, m
        119   -1.119E+01                                 F               0         Blade 1 Y translation displacement, node 1, m
        120   -1.429E+00                                 F               0         Blade 1 Z translation displacement, node 1, m
        121    2.801E+01                                 F               0         Blade 1 X translation displacement, node 2, m
        122   -1.202E+01                                 F               0         Blade 1 Y translation displacement, node 2, m
        123   -1.740E+00                                 F               0         Blade 1 Z translation displacement, node 2, m
        124    2.954E+01                                 F               0         Blade 1 X translation displacement, node 3, m
        125   -2.327E+01                                 F               0         Blade 1 Y translation displacement, node 3, m
        126   -5.972E+00                                 F               0         Blade 1 Z translation displacement, node 3, m
        127    2.987E+01                                 F               0         Blade 1 X translation displacement, node 4, m
        128   -2.567E+01                                 F               0         Blade 1 Y translation displacement, node 4, m
        129   -6.874E+00                                 F               0         Blade 1 Z translation displacement, node 4, m
        130    3.020E+01                                 F               0         Blade 1 X translation displacement, node 5, m
        131   -2.807E+01                                 F               0         Blade 1 Y translation displacement, node 5, m
        132   -7.775E+00                                 F               0         Blade 1 Z translation displacement, node 5, m
        133    3.053E+01                                 F               0         Blade 1 X translation displacement, node 6, m
        134   -3.047E+01                                 F               0         Blade 1 Y translation displacement, node 6, m
        135   -8.677E+00                                 F               0         Blade 1 Z translation displacement, node 6, m
        136    3.085E+01                                 F               0         Blade 1 X translation displacement, node 7, m
        137   -3.287E+01                                 F               0         Blade 1 Y translation displacement, node 7, m
        138   -9.579E+00                                 F               0         Blade 1 Z translation displacement, node 7, m
        139    3.118E+01                                 F               0         Blade 1 X translation displacement, node 8, m
        140   -3.527E+01                                 F               0         Blade 1 Y translation displacement, node 8, m
        141   -1.048E+01                                 F               0         Blade 1 Z translation displacement, node 8, m
        142    3.151E+01                                 F               0         Blade 1 X translation displacement, node 9, m
        143   -3.766E+01                                 F               0         Blade 1 Y translation displacement, node 9, m
        144   -1.138E+01                                 F               0         Blade 1 Z translation displacement, node 9, m
        145    3.183E+01                                 F               0         Blade 1 X translation displacement, node 10, m
        146   -4.006E+01                                 F               0         Blade 1 Y translation displacement, node 10, m
        147   -1.228E+01                                 F               0         Blade 1 Z translation displacement, node 10, m
        148    3.216E+01                                 F               0         Blade 1 X translation displacement, node 11, m
        149   -4.246E+01                                 F               0         Blade 1 Y translation displacement, node 11, m
        150   -1.319E+01                                 F               0         Blade 1 Z translation displacement, node 11, m
        151    3.249E+01                                 F               0         Blade 1 X translation displacement, node 12, m
        152   -4.486E+01                                 F               0         Blade 1 Y translation displacement, node 12, m
        153   -1.409E+01                                 F               0         Blade 1 Z translation displacement, node 12, m
        154    3.282E+01                                 F               0         Blade 1 X translation displacement, node 13, m
        155   -4.726E+01                                 F               0         Blade 1 Y translation displacement, node 13, m
        156   -1.499E+01                                 F               0         Blade 1 Z translation displacement, node 13, m
        157    3.314E+01                                 F               0         Blade 1 X translation displacement, node 14, m
        158   -4.965E+01                                 F               0         Blade 1 Y translation displacement, node 14, m
        159   -1.589E+01                                 F               0         Blade 1 Z translation displacement, node 14, m
        160    3.347E+01                                 F               0         Blade 1 X translation displacement, node 15, m
        161   -5.205E+01                                 F               0         Blade 1 Y translation displacement, node 15, m
        162   -1.679E+01                                 F               0         Blade 1 Z translation displacement, node 15, m
        163    3.380E+01                                 F               0         Blade 1 X translation displacement, node 16, m
        164   -5.445E+01                                 F               0         Blade 1 Y translation displacement, node 16, m
        165   -1.769E+01                                 F               0         Blade 1 Z translation displacement, node 16, m
        166    3.413E+01                                 F               0         Blade 1 X translation displacement, node 17, m
        167   -5.685E+01                                 F               0         Blade 1 Y translation displacement, node 17, m
        168   -1.860E+01                                 F               0         Blade 1 Z translation displacement, node 17, m
        169    3.445E+01                                 F               0         Blade 1 X translation displacement, node 18, m
        170   -5.925E+01                                 F               0         Blade 1 Y translation displacement, node 18, m
        171   -1.950E+01                                 F               0         Blade 1 Z translation displacement, node 18, m
        172    3.478E+01                                 F               0         Blade 1 X translation displacement, node 19, m
        173   -6.165E+01                                 F               0         Blade 1 Y translation displacement, node 19, m
        174   -2.040E+01                                 F               0         Blade 1 Z translation displacement, node 19, m
        175    3.511E+01                                 F               0         Blade 1 X translation displacement, node 20, m
        176   -6.404E+01                                 F               0         Blade 1 Y translation displacement, node 20, m
        177   -2.130E+01                                 F               0         Blade 1 Z translation displacement, node 20, m
        178    3.544E+01                                 F               0         Blade 1 X translation displacement, node 21, m
        179   -6.644E+01                                 F               0         Blade 1 Y translation displacement, node 21, m
        180   -2.220E+01                                 F               0         Blade 1 Z translation displacement, node 21, m
        181    3.576E+01                                 F               0         Blade 1 X translation displacement, node 22, m
        182   -6.884E+01                                 F               0         Blade 1 Y translation displacement, node 22, m
        183   -2.310E+01                                 F               0         Blade 1 Z translation displacement, node 22, m
        184    3.609E+01                                 F               0         Blade 1 X translation displacement, node 23, m
        185   -7.124E+01                                 F               0         Blade 1 Y translation displacement, node 23, m
        186   -2.400E+01                                 F               0         Blade 1 Z translation displacement, node 23, m
        187    3.642E+01                                 F               0         Blade 1 X translation displacement, node 24, m
        188   -7.364E+01                                 F               0         Blade 1 Y translation displacement, node 24, m
        189   -2.491E+01                                 F               0         Blade 1 Z translation displacement, node 24, m
        190    3.675E+01                                 F               0         Blade 1 X translation displacement, node 25, m
        191   -7.603E+01                                 F               0         Blade 1 Y translation displacement, node 25, m
        192   -2.581E+01                                 F               0         Blade 1 Z translation displacement, node 25, m
        193    3.707E+01                                 F               0         Blade 1 X translation displacement, node 26, m
        194   -7.843E+01                                 F               0         Blade 1 Y translation displacement, node 26, m
        195   -2.671E+01                                 F               0         Blade 1 Z translation displacement, node 26, m
        196    3.740E+01                                 F               0         Blade 1 X translation displacement, node 27, m
        197   -8.083E+01                                 F               0         Blade 1 Y translation displacement, node 27, m
        198   -2.761E+01                                 F               0         Blade 1 Z translation displacement, node 27, m
        199    3.768E+01                                 F               0         Blade 1 X translation displacement, node 28, m
        200   -8.286E+01                                 F               0         Blade 1 Y translation displacement, node 28, m
        201   -2.838E+01                                 F               0         Blade 1 Z translation displacement, node 28, m
        202    7.897E-01, -3.648E-01, -4.933E-01         F               0         Blade 1 X orientation angle, node 1, rad
        203    5.836E-01,  6.946E-01,  4.206E-01         F               0         Blade 1 Y orientation angle, node 1, rad
        204    1.892E-01, -6.201E-01,  7.614E-01         F               0         Blade 1 Z orientation angle, node 1, rad
        205    7.897E-01, -3.648E-01, -4.933E-01         F               0         Blade 1 X orientation angle, node 2, rad
        206    5.836E-01,  6.946E-01,  4.206E-01         F               0         Blade 1 Y orientation angle, node 2, rad
        207    1.892E-01, -6.201E-01,  7.614E-01         F               0         Blade 1 Z orientation angle, node 2, rad
        208    9.055E-01, -1.898E-01, -3.796E-01         F               0         Blade 1 X orientation angle, node 3, rad
        209    3.799E-01,  7.613E-01,  5.255E-01         F               0         Blade 1 Y orientation angle, node 3, rad
        210    1.892E-01, -6.201E-01,  7.614E-01         F               0         Blade 1 Z orientation angle, node 3, rad
        211    9.207E-01, -1.575E-01, -3.570E-01         F               0         Blade 1 X orientation angle, node 4, rad
        212    3.413E-01,  7.686E-01,  5.411E-01         F               0         Blade 1 Y orientation angle, node 4, rad
        213    1.892E-01, -6.201E-01,  7.614E-01         F               0         Blade 1 Z orientation angle, node 4, rad
        214    9.315E-01, -1.319E-01, -3.389E-01         F               0         Blade 1 X orientation angle, node 5, rad
        215    3.106E-01,  7.734E-01,  5.526E-01         F               0         Blade 1 Y orientation angle, node 5, rad
        216    1.892E-01, -6.201E-01,  7.614E-01         F               0         Blade 1 Z orientation angle, node 5, rad
        217    9.394E-01, -1.113E-01, -3.241E-01         F               0         Blade 1 X orientation angle, node 6, rad
        218    2.857E-01,  7.766E-01,  5.614E-01         F               0         Blade 1 Y orientation angle, node 6, rad
        219    1.892E-01, -6.201E-01,  7.614E-01         F               0         Blade 1 Z orientation angle, node 6, rad
        220    9.455E-01, -9.437E-02, -3.118E-01         F               0         Blade 1 X orientation angle, node 7, rad
        221    2.652E-01,  7.789E-01,  5.684E-01         F               0         Blade 1 Y orientation angle, node 7, rad
        222    1.892E-01, -6.201E-01,  7.614E-01         F               0         Blade 1 Z orientation angle, node 7, rad
        223    9.501E-01, -8.022E-02, -3.014E-01         F               0         Blade 1 X orientation angle, node 8, rad
        224    2.480E-01,  7.804E-01,  5.739E-01         F               0         Blade 1 Y orientation angle, node 8, rad
        225    1.892E-01, -6.201E-01,  7.614E-01         F               0         Blade 1 Z orientation angle, node 8, rad
        226    9.538E-01, -6.823E-02, -2.926E-01         F               0         Blade 1 X orientation angle, node 9, rad
        227    2.334E-01,  7.816E-01,  5.785E-01         F               0         Blade 1 Y orientation angle, node 9, rad
        228    1.892E-01, -6.201E-01,  7.614E-01         F               0         Blade 1 Z orientation angle, node 9, rad
        229    9.568E-01, -5.785E-02, -2.849E-01         F               0         Blade 1 X orientation angle, node 10, rad
        230    2.207E-01,  7.824E-01,  5.823E-01         F               0         Blade 1 Y orientation angle, node 10, rad
        231    1.892E-01, -6.201E-01,  7.614E-01         F               0         Blade 1 Z orientation angle, node 10, rad
        232    9.593E-01, -4.897E-02, -2.782E-01         F               0         Blade 1 X orientation angle, node 11, rad
        233    2.098E-01,  7.830E-01,  5.855E-01         F               0         Blade 1 Y orientation angle, node 11, rad
        234    1.892E-01, -6.201E-01,  7.614E-01         F               0         Blade 1 Z orientation angle, node 11, rad
        235    9.613E-01, -4.118E-02, -2.724E-01         F               0         Blade 1 X orientation angle, node 12, rad
        236    2.003E-01,  7.835E-01,  5.883E-01         F               0         Blade 1 Y orientation angle, node 12, rad
        237    1.892E-01, -6.201E-01,  7.614E-01         F               0         Blade 1 Z orientation angle, node 12, rad
        238    9.630E-01, -3.434E-02, -2.673E-01         F               0         Blade 1 X orientation angle, node 13, rad
        239    1.919E-01,  7.838E-01,  5.906E-01         F               0         Blade 1 Y orientation angle, node 13, rad
        240    1.892E-01, -6.201E-01,  7.614E-01         F               0         Blade 1 Z orientation angle, node 13, rad
        241    9.645E-01, -2.819E-02, -2.626E-01         F               0         Blade 1 X orientation angle, node 14, rad
        242    1.843E-01,  7.841E-01,  5.927E-01         F               0         Blade 1 Y orientation angle, node 14, rad
        243    1.892E-01, -6.201E-01,  7.614E-01         F               0         Blade 1 Z orientation angle, node 14, rad
        244    9.658E-01, -2.271E-02, -2.585E-01         F               0         Blade 1 X orientation angle, node 15, rad
        245    1.776E-01,  7.842E-01,  5.945E-01         F               0         Blade 1 Y orientation angle, node 15, rad
        246    1.892E-01, -6.201E-01,  7.614E-01         F               0         Blade 1 Z orientation angle, node 15, rad
        247    9.668E-01, -1.778E-02, -2.547E-01         F               0         Blade 1 X orientation angle, node 16, rad
        248    1.715E-01,  7.844E-01,  5.961E-01         F               0         Blade 1 Y orientation angle, node 16, rad
        249    1.892E-01, -6.201E-01,  7.614E-01         F               0         Blade 1 Z orientation angle, node 16, rad
        250    9.678E-01, -1.340E-02, -2.514E-01         F               0         Blade 1 X orientation angle, node 17, rad
        251    1.661E-01,  7.844E-01,  5.975E-01         F               0         Blade 1 Y orientation angle, node 17, rad
        252    1.892E-01, -6.201E-01,  7.614E-01         F               0         Blade 1 Z orientation angle, node 17, rad
        253    9.686E-01, -9.295E-03, -2.483E-01         F               0         Blade 1 X orientation angle, node 18, rad
        254    1.610E-01,  7.845E-01,  5.989E-01         F               0         Blade 1 Y orientation angle, node 18, rad
        255    1.892E-01, -6.201E-01,  7.614E-01         F               0         Blade 1 Z orientation angle, node 18, rad
        256    9.694E-01, -5.598E-03, -2.454E-01         F               0         Blade 1 X orientation angle, node 19, rad
        257    1.565E-01,  7.845E-01,  6.000E-01         F               0         Blade 1 Y orientation angle, node 19, rad
        258    1.892E-01, -6.201E-01,  7.614E-01         F               0         Blade 1 Z orientation angle, node 19, rad
        259    9.700E-01, -2.312E-03, -2.429E-01         F               0         Blade 1 X orientation angle, node 20, rad
        260    1.524E-01,  7.846E-01,  6.010E-01         F               0         Blade 1 Y orientation angle, node 20, rad
        261    1.892E-01, -6.201E-01,  7.614E-01         F               0         Blade 1 Z orientation angle, node 20, rad
        262    9.706E-01,  8.377E-04, -2.405E-01         F               0         Blade 1 X orientation angle, node 21, rad
        263    1.485E-01,  7.846E-01,  6.020E-01         F               0         Blade 1 Y orientation angle, node 21, rad
        264    1.892E-01, -6.201E-01,  7.614E-01         F               0         Blade 1 Z orientation angle, node 21, rad
        265    9.712E-01,  3.713E-03, -2.383E-01         F               0         Blade 1 X orientation angle, node 22, rad
        266    1.449E-01,  7.845E-01,  6.029E-01         F               0         Blade 1 Y orientation angle, node 22, rad
        267    1.892E-01, -6.201E-01,  7.614E-01         F               0         Blade 1 Z orientation angle, node 22, rad
        268    9.717E-01,  6.315E-03, -2.363E-01         F               0         Blade 1 X orientation angle, node 23, rad
        269    1.417E-01,  7.845E-01,  6.037E-01         F               0         Blade 1 Y orientation angle, node 23, rad
        270    1.892E-01, -6.201E-01,  7.614E-01         F               0         Blade 1 Z orientation angle, node 23, rad
        271    9.721E-01,  8.780E-03, -2.344E-01         F               0         Blade 1 X orientation angle, node 24, rad
        272    1.387E-01,  7.845E-01,  6.044E-01         F               0         Blade 1 Y orientation angle, node 24, rad
        273    1.892E-01, -6.201E-01,  7.614E-01         F               0         Blade 1 Z orientation angle, node 24, rad
        274    9.725E-01,  1.111E-02, -2.326E-01         F               0         Blade 1 X orientation angle, node 25, rad
        275    1.358E-01,  7.845E-01,  6.051E-01         F               0         Blade 1 Y orientation angle, node 25, rad
        276    1.892E-01, -6.201E-01,  7.614E-01         F               0         Blade 1 Z orientation angle, node 25, rad
        277    9.729E-01,  1.316E-02, -2.310E-01         F               0         Blade 1 X orientation angle, node 26, rad
        278    1.332E-01,  7.844E-01,  6.057E-01         F               0         Blade 1 Y orientation angle, node 26, rad
        279    1.892E-01, -6.201E-01,  7.614E-01         F               0         Blade 1 Z orientation angle, node 26, rad
        280    9.732E-01,  1.521E-02, -2.294E-01         F               0         Blade 1 X orientation angle, node 27, rad
        281    1.307E-01,  7.844E-01,  6.063E-01         F               0         Blade 1 Y orientation angle, node 27, rad
        282    1.892E-01, -6.201E-01,  7.614E-01         F               0         Blade 1 Z orientation angle, node 27, rad
        283    9.734E-01,  1.631E-02, -2.286E-01         F               0         Blade 1 X orientation angle, node 28, rad
        284    1.293E-01,  7.844E-01,  6.066E-01         F               0         Blade 1 Y orientation angle, node 28, rad
        285    1.892E-01, -6.201E-01,  7.614E-01         F               0         Blade 1 Z orientation angle, node 28, rad
        286   -6.426E-01                                 F               0         Blade 1 X translation velocity, node 1, m/s
        287   -3.820E+00                                 F               0         Blade 1 Y translation velocity, node 1, m/s
        288   -2.944E+00                                 F               0         Blade 1 Z translation velocity, node 1, m/s
        289   -7.954E-01                                 F               0         Blade 1 X translation velocity, node 2, m/s
        290   -4.738E+00                                 F               0         Blade 1 Y translation velocity, node 2, m/s
        291   -3.654E+00                                 F               0         Blade 1 Z translation velocity, node 2, m/s
        292   -2.873E+00                                 F               0         Blade 1 X translation velocity, node 3, m/s
        293   -1.723E+01                                 F               0         Blade 1 Y translation velocity, node 3, m/s
        294   -1.331E+01                                 F               0         Blade 1 Z translation velocity, node 3, m/s
        295   -3.316E+00                                 F               0         Blade 1 X translation velocity, node 4, m/s
        296   -1.989E+01                                 F               0         Blade 1 Y translation velocity, node 4, m/s
        297   -1.536E+01                                 F               0         Blade 1 Z translation velocity, node 4, m/s
        298   -3.759E+00                                 F               0         Blade 1 X translation velocity, node 5, m/s
        299   -2.255E+01                                 F               0         Blade 1 Y translation velocity, node 5, m/s
        300   -1.742E+01                                 F               0         Blade 1 Z translation velocity, node 5, m/s
        301   -4.201E+00                                 F               0         Blade 1 X translation velocity, node 6, m/s
        302   -2.521E+01                                 F               0         Blade 1 Y translation velocity, node 6, m/s
        303   -1.948E+01                                 F               0         Blade 1 Z translation velocity, node 6, m/s
        304   -4.644E+00                                 F               0         Blade 1 X translation velocity, node 7, m/s
        305   -2.787E+01                                 F               0         Blade 1 Y translation velocity, node 7, m/s
        306   -2.154E+01                                 F               0         Blade 1 Z translation velocity, node 7, m/s
        307   -5.087E+00                                 F               0         Blade 1 X translation velocity, node 8, m/s
