
Linearized model: Predictions were generated on 13-Feb-2024 at 11:29:37 using OpenFAST, compiled as a 64-bit application using single precision at commit v3.5.1
 linked with  NWTC Subroutine Library; ElastoDyn; InflowWind; AeroDyn; ServoDyn; HydroDyn; MAP++ (<1.20.10>, <Oct-20-2023>)

Description from the FAST input file: CCT-9 Campign 4 model. Input files to be run with OpenFAST 3.5.0. GitHub branch from Lu Wang (https://github.com/luwang00/openfast/tree/dev) compiled on March 7, 2023.

Simulation information:
   Simulation time:                  1215.9000 s
   Rotor Speed:                         0.7919 rad/s
   Azimuth:                             4.0176 rad
   Wind Speed:                         16.0000 m/s
   Number of continuous states:         0
   Number of discrete states:           0
   Number of constraint states:         0
   Number of inputs:                 1746
   Number of outputs:                   4
   Jacobians included in this file?    No

Order of inputs:
     Column   Operating Point                                                   Rotating Frame? Derivative Order Description
   ---------- ---------------                                                   --------------- ---------------- -----------
          1     1.07028760910E+001                                                     F               0         Tower X translation displacement, node 1, m
          2    -1.55923104286E+000                                                     F               0         Tower Y translation displacement, node 1, m
          3    -2.81153887510E-001                                                     F               0         Tower Z translation displacement, node 1, m
          4     1.20888872147E+001                                                     F               0         Tower X translation displacement, node 2, m
          5    -2.19286870956E+000                                                     F               0         Tower Y translation displacement, node 2, m
          6    -3.75506728888E-001                                                     F               0         Tower Z translation displacement, node 2, m
          7     1.34748983383E+001                                                     F               0         Tower X translation displacement, node 3, m
          8    -2.82650661469E+000                                                     F               0         Tower Y translation displacement, node 3, m
          9    -4.69857454300E-001                                                     F               0         Tower Z translation displacement, node 3, m
         10     1.48609094620E+001                                                     F               0         Tower X translation displacement, node 4, m
         11    -3.46014451981E+000                                                     F               0         Tower Y translation displacement, node 4, m
         12    -5.64208388329E-001                                                     F               0         Tower Z translation displacement, node 4, m
         13     1.62469215393E+001                                                     F               0         Tower X translation displacement, node 5, m
         14    -4.09378290176E+000                                                     F               0         Tower Y translation displacement, node 5, m
         15    -6.58556461334E-001                                                     F               0         Tower Z translation displacement, node 5, m
         16     1.76329307556E+001                                                     F               0         Tower X translation displacement, node 6, m
         17    -4.72741985321E+000                                                     F               0         Tower Y translation displacement, node 6, m
         18    -7.52915143967E-001                                                     F               0         Tower Z translation displacement, node 6, m
         19     1.90189418793E+001                                                     F               0         Tower X translation displacement, node 7, m
         20    -5.36105823517E+000                                                     F               0         Tower Y translation displacement, node 7, m
         21    -8.47259819508E-001                                                     F               0         Tower Z translation displacement, node 7, m
         22     2.04049530029E+001                                                     F               0         Tower X translation displacement, node 8, m
         23    -5.99469566345E+000                                                     F               0         Tower Y translation displacement, node 8, m
         24    -9.41616594791E-001                                                     F               0         Tower Z translation displacement, node 8, m
         25     2.17909641266E+001                                                     F               0         Tower X translation displacement, node 9, m
         26    -6.62833404541E+000                                                     F               0         Tower Y translation displacement, node 9, m
         27    -1.03596436977E+000                                                     F               0         Tower Z translation displacement, node 9, m
         28     2.31769752502E+001                                                     F               0         Tower X translation displacement, node 10, m
         29    -7.26197195053E+000                                                     F               0         Tower Y translation displacement, node 10, m
         30    -1.13031816483E+000                                                     F               0         Tower Z translation displacement, node 10, m
         31     2.45629863739E+001                                                     F               0         Tower X translation displacement, node 11, m
         32    -7.89560937881E+000                                                     F               0         Tower Y translation displacement, node 11, m
         33    -1.22466886044E+000                                                     F               0         Tower Z translation displacement, node 11, m
         34     9.93684828281E-001,   3.40863456950E-003,  -1.12155422568E-001         F               0         Tower X orientation angle, node 1, rad
         35     2.36939289607E-003,   9.98678207397E-001,   5.13444542885E-002         F               0         Tower Y orientation angle, node 1, rad
         36     1.12182185054E-001,  -5.12859448791E-002,   9.92363274097E-001         F               0         Tower Z orientation angle, node 1, rad
         37     9.93684828281E-001,   3.40863456950E-003,  -1.12155422568E-001         F               0         Tower X orientation angle, node 2, rad
         38     2.36939289607E-003,   9.98678207397E-001,   5.13444542885E-002         F               0         Tower Y orientation angle, node 2, rad
         39     1.12182185054E-001,  -5.12859448791E-002,   9.92363274097E-001         F               0         Tower Z orientation angle, node 2, rad
         40     9.93684828281E-001,   3.40863456950E-003,  -1.12155422568E-001         F               0         Tower X orientation angle, node 3, rad
         41     2.36939289607E-003,   9.98678207397E-001,   5.13444542885E-002         F               0         Tower Y orientation angle, node 3, rad
         42     1.12182185054E-001,  -5.12859448791E-002,   9.92363274097E-001         F               0         Tower Z orientation angle, node 3, rad
         43     9.93684828281E-001,   3.40863456950E-003,  -1.12155422568E-001         F               0         Tower X orientation angle, node 4, rad
         44     2.36939289607E-003,   9.98678207397E-001,   5.13444542885E-002         F               0         Tower Y orientation angle, node 4, rad
         45     1.12182185054E-001,  -5.12859448791E-002,   9.92363274097E-001         F               0         Tower Z orientation angle, node 4, rad
         46     9.93684828281E-001,   3.40863456950E-003,  -1.12155422568E-001         F               0         Tower X orientation angle, node 5, rad
         47     2.36939289607E-003,   9.98678207397E-001,   5.13444542885E-002         F               0         Tower Y orientation angle, node 5, rad
         48     1.12182185054E-001,  -5.12859448791E-002,   9.92363274097E-001         F               0         Tower Z orientation angle, node 5, rad
         49     9.93684828281E-001,   3.40863456950E-003,  -1.12155422568E-001         F               0         Tower X orientation angle, node 6, rad
         50     2.36939289607E-003,   9.98678207397E-001,   5.13444542885E-002         F               0         Tower Y orientation angle, node 6, rad
         51     1.12182185054E-001,  -5.12859448791E-002,   9.92363274097E-001         F               0         Tower Z orientation angle, node 6, rad
         52     9.93684828281E-001,   3.40863456950E-003,  -1.12155422568E-001         F               0         Tower X orientation angle, node 7, rad
         53     2.36939289607E-003,   9.98678207397E-001,   5.13444542885E-002         F               0         Tower Y orientation angle, node 7, rad
         54     1.12182185054E-001,  -5.12859448791E-002,   9.92363274097E-001         F               0         Tower Z orientation angle, node 7, rad
         55     9.93684828281E-001,   3.40863456950E-003,  -1.12155422568E-001         F               0         Tower X orientation angle, node 8, rad
         56     2.36939266324E-003,   9.98678207397E-001,   5.13444505632E-002         F               0         Tower Y orientation angle, node 8, rad
         57     1.12182185054E-001,  -5.12859448791E-002,   9.92363274097E-001         F               0         Tower Z orientation angle, node 8, rad
         58     9.93684828281E-001,   3.40863480233E-003,  -1.12155422568E-001         F               0         Tower X orientation angle, node 9, rad
         59     2.36939289607E-003,   9.98678207397E-001,   5.13444542885E-002         F               0         Tower Y orientation angle, node 9, rad
         60     1.12182192504E-001,  -5.12859448791E-002,   9.92363274097E-001         F               0         Tower Z orientation angle, node 9, rad
         61     9.93684828281E-001,   3.40863456950E-003,  -1.12155422568E-001         F               0         Tower X orientation angle, node 10, rad
         62     2.36939289607E-003,   9.98678207397E-001,   5.13444542885E-002         F               0         Tower Y orientation angle, node 10, rad
         63     1.12182185054E-001,  -5.12859448791E-002,   9.92363274097E-001         F               0         Tower Z orientation angle, node 10, rad
         64     9.93684828281E-001,   3.40863456950E-003,  -1.12155422568E-001         F               0         Tower X orientation angle, node 11, rad
         65     2.36939289607E-003,   9.98678207397E-001,   5.13444542885E-002         F               0         Tower Y orientation angle, node 11, rad
         66     1.12182185054E-001,  -5.12859448791E-002,   9.92363274097E-001         F               0         Tower Z orientation angle, node 11, rad
         67    -1.59579740284E-005                                                     F               0         Tower X translation velocity, node 1, m/s
         68    -1.27187860198E-003                                                     F               0         Tower Y translation velocity, node 1, m/s
         69    -6.36661518365E-003                                                     F               0         Tower Z translation velocity, node 1, m/s
         70    -3.69364970538E-005                                                     F               0         Tower X translation velocity, node 2, m/s
         71    -1.88135181088E-003                                                     F               0         Tower Y translation velocity, node 2, m/s
         72    -6.39574136585E-003                                                     F               0         Tower Z translation velocity, node 2, m/s
         73    -5.79150218982E-005                                                     F               0         Tower X translation velocity, node 3, m/s
         74    -2.49082525261E-003                                                     F               0         Tower Y translation velocity, node 3, m/s
         75    -6.42486754805E-003                                                     F               0         Tower Z translation velocity, node 3, m/s
         76    -7.88935431046E-005                                                     F               0         Tower X translation velocity, node 4, m/s
         77    -3.10029834509E-003                                                     F               0         Tower Y translation velocity, node 4, m/s
         78    -6.45399419591E-003                                                     F               0         Tower Z translation velocity, node 4, m/s
         79    -9.98720788630E-005                                                     F               0         Tower X translation velocity, node 5, m/s
         80    -3.70977190323E-003                                                     F               0         Tower Y translation velocity, node 5, m/s
         81    -6.48312084377E-003                                                     F               0         Tower Z translation velocity, node 5, m/s
         82    -1.20850585517E-004                                                     F               0         Tower X translation velocity, node 6, m/s
         83    -4.31924499571E-003                                                     F               0         Tower Y translation velocity, node 6, m/s
         84    -6.51224702597E-003                                                     F               0         Tower Z translation velocity, node 6, m/s
         85    -1.41829121276E-004                                                     F               0         Tower X translation velocity, node 7, m/s
         86    -4.92871832103E-003                                                     F               0         Tower Y translation velocity, node 7, m/s
         87    -6.54137320817E-003                                                     F               0         Tower Z translation velocity, node 7, m/s
         88    -1.62807627930E-004                                                     F               0         Tower X translation velocity, node 8, m/s
         89    -5.53819164634E-003                                                     F               0         Tower Y translation velocity, node 8, m/s
         90    -6.57049939036E-003                                                     F               0         Tower Z translation velocity, node 8, m/s
         91    -1.83786178241E-004                                                     F               0         Tower X translation velocity, node 9, m/s
         92    -6.14766497165E-003                                                     F               0         Tower Y translation velocity, node 9, m/s
         93    -6.59962650388E-003                                                     F               0         Tower Z translation velocity, node 9, m/s
         94    -2.04764684895E-004                                                     F               0         Tower X translation velocity, node 10, m/s
         95    -6.75713829696E-003                                                     F               0         Tower Y translation velocity, node 10, m/s
         96    -6.62875268608E-003                                                     F               0         Tower Z translation velocity, node 10, m/s
         97    -2.25743206101E-004                                                     F               0         Tower X translation velocity, node 11, m/s
         98    -7.36661115661E-003                                                     F               0         Tower Y translation velocity, node 11, m/s
         99    -6.65787933394E-003                                                     F               0         Tower Z translation velocity, node 11, m/s
        100     2.55118427277E+001                                                     F               0         Hub X translation displacement, node 1, m
        101    -8.33502864838E+000                                                     F               0         Hub Y translation displacement, node 1, m
        102    -7.32775703073E-002                                                     F               0         Hub Z translation displacement, node 1, m
        103     9.76515114307E-001,   8.75080283731E-003,  -2.15271234512E-001         F               0         Hub X orientation angle, node 1, rad
        104    -1.67009994388E-001,  -6.00483894348E-001,  -7.82001793385E-001         F               0         Hub Y orientation angle, node 1, rad
        105    -1.36110052466E-001,   7.99588978291E-001,  -5.84920108318E-001         F               0         Hub Z orientation angle, node 1, rad
        106     7.73350596428E-001                                                     F               0         Hub X rotation velocity, node 1, rad/s
        107     6.92860875279E-003                                                     F               0         Hub Y rotation velocity, node 1, rad/s
        108    -1.70484095812E-001                                                     F               0         Hub Z rotation velocity, node 1, rad/s
        109     9.90299046040E-001,   9.31466668844E-002,  -1.03109136224E-001         F               0         Blade root 1 X orientation angle, node 1, rad
        110    -2.79615744948E-002,  -5.93280017376E-001,  -8.04510414600E-001         F               0         Blade root 1 Y orientation angle, node 1, rad
        111    -1.36110052466E-001,   7.99588978291E-001,  -5.84920108318E-001         F               0         Blade root 1 Z orientation angle, node 1, rad
        112     9.71637725830E-001,  -1.31001442671E-001,  -1.96872487664E-001         F               0         Blade root 2 X orientation angle, node 1, rad
        113     1.03359341621E-001,   9.84063506126E-001,  -1.44692212343E-001         F               0         Blade root 2 Y orientation angle, node 1, rad
        114     2.12689921260E-001,   1.20239801705E-001,   9.69693422318E-001         F               0         Blade root 2 Z orientation angle, node 1, rad
        115     9.38469767570E-001,   6.38460740447E-002,  -3.39408516884E-001         F               0         Blade root 3 X orientation angle, node 1, rad
        116     3.36763978004E-001,  -3.87090027332E-001,   8.58342170715E-001         F               0         Blade root 3 Y orientation angle, node 1, rad
        117    -7.65798687935E-002,  -9.19828772545E-001,  -3.84773373604E-001         F               0         Blade root 3 Z orientation angle, node 1, rad
        118     2.41787052155E+001                                                     F               0         Blade 1 X translation displacement, node 1, m
        119    -3.90530538559E+000                                                     F               0         Blade 1 Y translation displacement, node 1, m
        120    -8.82339382172E+000                                                     F               0         Blade 1 Z translation displacement, node 1, m
        121     2.38574752808E+001                                                     F               0         Blade 1 X translation displacement, node 2, m
        122    -2.83792924881E+000                                                     F               0         Blade 1 Y translation displacement, node 2, m
        123    -1.09317979813E+001                                                     F               0         Blade 1 Z translation displacement, node 2, m
        124     1.94893074036E+001                                                     F               0         Blade 1 X translation displacement, node 3, m
        125     1.16765356064E+001                                                     F               0         Blade 1 Y translation displacement, node 3, m
        126    -3.96024703979E+001                                                     F               0         Blade 1 Z translation displacement, node 3, m
        127     1.85586433411E+001                                                     F               0         Blade 1 X translation displacement, node 4, m
        128     1.47689275742E+001                                                     F               0         Blade 1 Y translation displacement, node 4, m
        129    -4.57109336853E+001                                                     F               0         Blade 1 Z translation displacement, node 4, m
        130     1.76278018951E+001                                                     F               0         Blade 1 X translation displacement, node 5, m
        131     1.78619079590E+001                                                     F               0         Blade 1 Y translation displacement, node 5, m
        132    -5.18205451965E+001                                                     F               0         Blade 1 Z translation displacement, node 5, m
        133     1.66971340179E+001                                                     F               0         Blade 1 X translation displacement, node 6, m
        134     2.09543132782E+001                                                     F               0         Blade 1 Y translation displacement, node 6, m
        135    -5.79290313721E+001                                                     F               0         Blade 1 Z translation displacement, node 6, m
        136     1.57664642334E+001                                                     F               0         Blade 1 X translation displacement, node 7, m
        137     2.40467281342E+001                                                     F               0         Blade 1 Y translation displacement, node 7, m
        138    -6.40375289917E+001                                                     F               0         Blade 1 Z translation displacement, node 7, m
        139     1.48356266022E+001                                                     F               0         Blade 1 X translation displacement, node 8, m
        140     2.71396961212E+001                                                     F               0         Blade 1 Y translation displacement, node 8, m
        141    -7.01471252441E+001                                                     F               0         Blade 1 Z translation displacement, node 8, m
        142     1.39049549103E+001                                                     F               0         Blade 1 X translation displacement, node 9, m
        143     3.02321128845E+001                                                     F               0         Blade 1 Y translation displacement, node 9, m
        144    -7.62556228638E+001                                                     F               0         Blade 1 Z translation displacement, node 9, m
        145     1.29742870331E+001                                                     F               0         Blade 1 X translation displacement, node 10, m
        146     3.33245162964E+001                                                     F               0         Blade 1 Y translation displacement, node 10, m
        147    -8.23641128540E+001                                                     F               0         Blade 1 Z translation displacement, node 10, m
        148     1.20436153412E+001                                                     F               0         Blade 1 X translation displacement, node 11, m
        149     3.64169349670E+001                                                     F               0         Blade 1 Y translation displacement, node 11, m
        150    -8.84726104736E+001                                                     F               0         Blade 1 Z translation displacement, node 11, m
        151     1.11127824783E+001                                                     F               0         Blade 1 X translation displacement, node 12, m
        152     3.95098915100E+001                                                     F               0         Blade 1 Y translation displacement, node 12, m
        153    -9.45821914673E+001                                                     F               0         Blade 1 Z translation displacement, node 12, m
        154     1.01821107864E+001                                                     F               0         Blade 1 X translation displacement, node 13, m
        155     4.26023063660E+001                                                     F               0         Blade 1 Y translation displacement, node 13, m
        156    -1.00690681458E+002                                                     F               0         Blade 1 Z translation displacement, node 13, m
        157     9.25144290924E+000                                                     F               0         Blade 1 X translation displacement, node 14, m
        158     4.56947135925E+001                                                     F               0         Blade 1 Y translation displacement, node 14, m
        159    -1.06799171448E+002                                                     F               0         Blade 1 Z translation displacement, node 14, m
        160     8.32060337067E+000                                                     F               0         Blade 1 X translation displacement, node 15, m
        161     4.87876892090E+001                                                     F               0         Blade 1 Y translation displacement, node 15, m
        162    -1.12908775330E+002                                                     F               0         Blade 1 Z translation displacement, node 15, m
        163     7.38993501663E+000                                                     F               0         Blade 1 X translation displacement, node 16, m
        164     5.18800964355E+001                                                     F               0         Blade 1 Y translation displacement, node 16, m
        165    -1.19017272949E+002                                                     F               0         Blade 1 Z translation displacement, node 16, m
        166     6.45926332474E+000                                                     F               0         Blade 1 X translation displacement, node 17, m
        167     5.49725151062E+001                                                     F               0         Blade 1 Y translation displacement, node 17, m
        168    -1.25125770569E+002                                                     F               0         Blade 1 Z translation displacement, node 17, m
        169     5.52859497070E+000                                                     F               0         Blade 1 X translation displacement, node 18, m
        170     5.80649223328E+001                                                     F               0         Blade 1 Y translation displacement, node 18, m
        171    -1.31234252930E+002                                                     F               0         Blade 1 Z translation displacement, node 18, m
        172     4.59776020050E+000                                                     F               0         Blade 1 X translation displacement, node 19, m
        173     6.11578788757E+001                                                     F               0         Blade 1 Y translation displacement, node 19, m
        174    -1.37343841553E+002                                                     F               0         Blade 1 Z translation displacement, node 19, m
        175     3.66708803177E+000                                                     F               0         Blade 1 X translation displacement, node 20, m
        176     6.42502975464E+001                                                     F               0         Blade 1 Y translation displacement, node 20, m
        177    -1.43452331543E+002                                                     F               0         Blade 1 Z translation displacement, node 20, m
        178     2.73641991615E+000                                                     F               0         Blade 1 X translation displacement, node 21, m
        179     6.73427047729E+001                                                     F               0         Blade 1 Y translation displacement, node 21, m
        180    -1.49560821533E+002                                                     F               0         Blade 1 Z translation displacement, node 21, m
        181     1.80558180809E+000                                                     F               0         Blade 1 X translation displacement, node 22, m
        182     7.04356765747E+001                                                     F               0         Blade 1 Y translation displacement, node 22, m
        183    -1.55670425415E+002                                                     F               0         Blade 1 Z translation displacement, node 22, m
        184     8.74909758568E-001                                                     F               0         Blade 1 X translation displacement, node 23, m
        185     7.35280914307E+001                                                     F               0         Blade 1 Y translation displacement, node 23, m
        186    -1.61778915405E+002                                                     F               0         Blade 1 Z translation displacement, node 23, m
        187    -5.57585097849E-002                                                     F               0         Blade 1 X translation displacement, node 24, m
        188     7.66204986572E+001                                                     F               0         Blade 1 Y translation displacement, node 24, m
        189    -1.67887420654E+002                                                     F               0         Blade 1 Z translation displacement, node 24, m
        190    -9.86426830292E-001                                                     F               0         Blade 1 X translation displacement, node 25, m
        191     7.97129058838E+001                                                     F               0         Blade 1 Y translation displacement, node 25, m
        192    -1.73995910645E+002                                                     F               0         Blade 1 Z translation displacement, node 25, m
        193    -1.91726493835E+000                                                     F               0         Blade 1 X translation displacement, node 26, m
        194     8.28058776855E+001                                                     F               0         Blade 1 Y translation displacement, node 26, m
        195    -1.80105514526E+002                                                     F               0         Blade 1 Z translation displacement, node 26, m
        196    -2.84793329239E+000                                                     F               0         Blade 1 X translation displacement, node 27, m
        197     8.58982849121E+001                                                     F               0         Blade 1 Y translation displacement, node 27, m
        198    -1.86213989258E+002                                                     F               0         Blade 1 Z translation displacement, node 27, m
        199    -3.63694238663E+000                                                     F               0         Blade 1 X translation displacement, node 28, m
        200     8.85199890137E+001                                                     F               0         Blade 1 Y translation displacement, node 28, m
        201    -1.91392669678E+002                                                     F               0         Blade 1 Z translation displacement, node 28, m
        202     8.94091367722E-001,   3.53440314531E-001,   2.75101095438E-001         F               0         Blade 1 X orientation angle, node 1, rad
        203     4.26702141762E-001,  -4.85527962446E-001,  -7.63012349606E-001         F               0         Blade 1 Y orientation angle, node 1, rad
        204    -1.36110052466E-001,   7.99588978291E-001,  -5.84920108318E-001         F               0         Blade 1 Z orientation angle, node 1, rad
        205     8.94091367722E-001,   3.53440314531E-001,   2.75101095438E-001         F               0         Blade 1 X orientation angle, node 2, rad
        206     4.26702141762E-001,  -4.85527962446E-001,  -7.63012349606E-001         F               0         Blade 1 Y orientation angle, node 2, rad
        207    -1.36110052466E-001,   7.99588978291E-001,  -5.84920108318E-001         F               0         Blade 1 Z orientation angle, node 2, rad
        208     9.69748377800E-001,   2.28296130896E-001,   8.64230394363E-002         F               0         Blade 1 X orientation angle, node 3, rad
        209     2.02637895942E-001,  -5.55462300777E-001,  -8.06473553181E-001         F               0         Blade 1 Y orientation angle, node 3, rad
        210    -1.36110052466E-001,   7.99588978291E-001,  -5.84920108318E-001         F               0         Blade 1 Z orientation angle, node 3, rad
        211     9.77439761162E-001,   2.04638451338E-001,   5.22930920124E-002         F               0         Blade 1 X orientation angle, node 4, rad
        212     1.61510124803E-001,  -5.64606547356E-001,  -8.09403419495E-001         F               0         Blade 1 Y orientation angle, node 4, rad
        213    -1.36110052466E-001,   7.99588978291E-001,  -5.84920108318E-001         F               0         Blade 1 Z orientation angle, node 4, rad
        214     9.82257306576E-001,   1.85806319118E-001,   2.54284273833E-002         F               0         Blade 1 X orientation angle, node 5, rad
        215     1.29014134407E-001,  -5.71080982685E-001,  -8.10692250729E-001         F               0         Blade 1 Y orientation angle, node 5, rad
        216    -1.36110052466E-001,   7.99588978291E-001,  -5.84920108318E-001         F               0         Blade 1 Z orientation angle, node 5, rad
        217     9.85333859921E-001,   1.70592501760E-001,   3.91513714567E-003         F               0         Blade 1 X orientation angle, node 6, rad
        218     1.02913483977E-001,  -5.75808703899E-001,  -8.11081469059E-001         F               0         Blade 1 Y orientation angle, node 6, rad
        219    -1.36110052466E-001,   7.99588978291E-001,  -5.84920108318E-001         F               0         Blade 1 Z orientation angle, node 6, rad
        220     9.87344443798E-001,   1.57990708947E-001,  -1.37794399634E-002         F               0         Blade 1 X orientation angle, node 7, rad
        221     8.13940539956E-002,  -5.79393148422E-001,  -8.10973882675E-001         F               0         Blade 1 Y orientation angle, node 7, rad
        222    -1.36110052466E-001,   7.99588978291E-001,  -5.84920108318E-001         F               0         Blade 1 Z orientation angle, node 7, rad
        223     9.88659143448E-001,   1.47448450327E-001,  -2.84966919571E-002         F               0         Blade 1 X orientation angle, node 8, rad
        224     6.34599179029E-002,  -5.82165300846E-001,  -8.10590147972E-001         F               0         Blade 1 Y orientation angle, node 8, rad
        225    -1.36110052466E-001,   7.99588978291E-001,  -5.84920108318E-001         F               0         Blade 1 Z orientation angle, node 8, rad
        226     9.89517152309E-001,   1.38489991426E-001,  -4.09426055849E-002         F               0         Blade 1 X orientation angle, node 9, rad
        227     4.82683144510E-002,  -5.84361135960E-001,  -8.10056924820E-001         F               0         Blade 1 Y orientation angle, node 9, rad
        228    -1.36110052466E-001,   7.99589037895E-001,  -5.84920048714E-001         F               0         Blade 1 Z orientation angle, node 9, rad
        229     9.90070343018E-001,   1.30726784468E-001,  -5.16836941242E-002         F               0         Blade 1 X orientation angle, node 10, rad
        230     3.51390093565E-002,  -5.86146712303E-001,  -8.09442579746E-001         F               0         Blade 1 Y orientation angle, node 10, rad
        231    -1.36110052466E-001,   7.99588978291E-001,  -5.84920108318E-001         F               0         Blade 1 Z orientation angle, node 10, rad
        232     9.90405261517E-001,   1.24068886042E-001,  -6.08630068600E-002         F               0         Blade 1 X orientation angle, node 11, rad
        233     2.39049922675E-002,  -5.87592005730E-001,  -8.08804154396E-001         F               0         Blade 1 Y orientation angle, node 11, rad
        234    -1.36110052466E-001,   7.99588978291E-001,  -5.84920108318E-001         F               0         Blade 1 Z orientation angle, node 11, rad
        235     9.90594089031E-001,   1.18217259645E-001,  -6.89061507583E-002         F               0         Blade 1 X orientation angle, node 12, rad
        236     1.40510490164E-002,  -5.88797211647E-001,  -8.08158636093E-001         F               0         Blade 1 Y orientation angle, node 12, rad
        237    -1.36110052466E-001,   7.99588978291E-001,  -5.84920108318E-001         F               0         Blade 1 Z orientation angle, node 12, rad
        238     9.90678966045E-001,   1.13074593246E-001,  -7.59559571743E-002         F               0         Blade 1 X orientation angle, node 13, rad
        239     5.40605699643E-003,  -5.89806377888E-001,  -8.07526588440E-001         F               0         Blade 1 Y orientation angle, node 13, rad
        240    -1.36110052466E-001,   7.99588978291E-001,  -5.84920108318E-001         F               0         Blade 1 Z orientation angle, node 13, rad
        241     9.90690886974E-001,   1.08438827097E-001,  -8.22958499193E-002         F               0         Blade 1 X orientation angle, node 14, rad
        242    -2.37480271608E-003,  -5.90676307678E-001,  -8.06905090809E-001         F               0         Blade 1 Y orientation angle, node 14, rad
        243    -1.36110052466E-001,   7.99588978291E-001,  -5.84920108318E-001         F               0         Blade 1 Z orientation angle, node 14, rad
        244     9.90650177002E-001,   1.04312516749E-001,  -8.79270508885E-002         F               0         Blade 1 X orientation angle, node 15, rad
        245    -9.29101929069E-003,  -5.91418862343E-001,  -8.06310951710E-001         F               0         Blade 1 Y orientation angle, node 15, rad
        246    -1.36110052466E-001,   7.99589037895E-001,  -5.84920048714E-001         F               0         Blade 1 Z orientation angle, node 15, rad
        247     9.90572214127E-001,   1.00594490767E-001,  -9.29914861917E-002         F               0         Blade 1 X orientation angle, node 16, rad
