
Linearized model: Predictions were generated on 13-Feb-2024 at 11:29:37 using OpenFAST, compiled as a 64-bit application using single precision at commit v3.5.1
 linked with  NWTC Subroutine Library; ElastoDyn; InflowWind; AeroDyn; ServoDyn; HydroDyn; MAP++ (<1.20.10>, <Oct-20-2023>)

Description from the FAST input file: CCT-9 Campign 4 model. Input files to be run with OpenFAST 3.5.0. GitHub branch from Lu Wang (https://github.com/luwang00/openfast/tree/dev) compiled on March 7, 2023.

Simulation information:
   Simulation time:                  1216.1250 s
   Rotor Speed:                         0.7919 rad/s
   Azimuth:                             4.1958 rad
   Wind Speed:                         16.0000 m/s
   Number of continuous states:         0
   Number of discrete states:           0
   Number of constraint states:         0
   Number of inputs:                 1746
   Number of outputs:                   4
   Jacobians included in this file?    No

Order of inputs:
     Column   Operating Point                                                   Rotating Frame? Derivative Order Description
   ---------- ---------------                                                   --------------- ---------------- -----------
          1     1.07028741837E+001                                                     F               0         Tower X translation displacement, node 1, m
          2    -1.55954754353E+000                                                     F               0         Tower Y translation displacement, node 1, m
          3    -2.82618075609E-001                                                     F               0         Tower Z translation displacement, node 1, m
          4     1.20888814926E+001                                                     F               0         Tower X translation displacement, node 2, m
          5    -2.19333314896E+000                                                     F               0         Tower Y translation displacement, node 2, m
          6    -3.76978129148E-001                                                     F               0         Tower Z translation displacement, node 2, m
          7     1.34748888016E+001                                                     F               0         Tower X translation displacement, node 3, m
          8    -2.82711887360E+000                                                     F               0         Tower Y translation displacement, node 3, m
          9    -4.71336126328E-001                                                     F               0         Tower Z translation displacement, node 3, m
         10     1.48608961105E+001                                                     F               0         Tower X translation displacement, node 4, m
         11    -3.46090459824E+000                                                     F               0         Tower Y translation displacement, node 4, m
         12    -5.65694272518E-001                                                     F               0         Tower Z translation displacement, node 4, m
         13     1.62469043732E+001                                                     F               0         Tower X translation displacement, node 5, m
         14    -4.09469079971E+000                                                     F               0         Tower Y translation displacement, node 5, m
         15    -6.60049617290E-001                                                     F               0         Tower Z translation displacement, node 5, m
         16     1.76329097748E+001                                                     F               0         Tower X translation displacement, node 6, m
         17    -4.72847604752E+000                                                     F               0         Tower Y translation displacement, node 6, m
         18    -7.54415571690E-001                                                     F               0         Tower Z translation displacement, node 6, m
         19     1.90189189911E+001                                                     F               0         Tower X translation displacement, node 7, m
         20    -5.36226224899E+000                                                     F               0         Tower Y translation displacement, node 7, m
         21    -8.48767518997E-001                                                     F               0         Tower Z translation displacement, node 7, m
         22     2.04049243927E+001                                                     F               0         Tower X translation displacement, node 8, m
         23    -5.99604749680E+000                                                     F               0         Tower Y translation displacement, node 8, m
         24    -9.43131506443E-001                                                     F               0         Tower Z translation displacement, node 8, m
         25     2.17909336090E+001                                                     F               0         Tower X translation displacement, node 9, m
         26    -6.62983369827E+000                                                     F               0         Tower Y translation displacement, node 9, m
         27    -1.03748655319E+000                                                     F               0         Tower Z translation displacement, node 9, m
         28     2.31769409180E+001                                                     F               0         Tower X translation displacement, node 10, m
         29    -7.26361942291E+000                                                     F               0         Tower Y translation displacement, node 10, m
         30    -1.13184750080E+000                                                     F               0         Tower Z translation displacement, node 10, m
         31     2.45629482269E+001                                                     F               0         Tower X translation displacement, node 11, m
         32    -7.89740467072E+000                                                     F               0         Tower Y translation displacement, node 11, m
         33    -1.22620546818E+000                                                     F               0         Tower Z translation displacement, node 11, m
         34     9.93684828281E-001,   3.40677774511E-003,  -1.12155258656E-001         F               0         Tower X orientation angle, node 1, rad
         35     2.37257173285E-003,   9.98677611351E-001,   5.13561405241E-002         F               0         Tower Y orientation angle, node 1, rad
         36     1.12181901932E-001,  -5.12979142368E-002,   9.92362737656E-001         F               0         Tower Z orientation angle, node 1, rad
         37     9.93684828281E-001,   3.40677774511E-003,  -1.12155258656E-001         F               0         Tower X orientation angle, node 2, rad
         38     2.37257173285E-003,   9.98677611351E-001,   5.13561405241E-002         F               0         Tower Y orientation angle, node 2, rad
         39     1.12181901932E-001,  -5.12979142368E-002,   9.92362737656E-001         F               0         Tower Z orientation angle, node 2, rad
         40     9.93684828281E-001,   3.40677774511E-003,  -1.12155258656E-001         F               0         Tower X orientation angle, node 3, rad
         41     2.37257173285E-003,   9.98677611351E-001,   5.13561405241E-002         F               0         Tower Y orientation angle, node 3, rad
         42     1.12181901932E-001,  -5.12979142368E-002,   9.92362737656E-001         F               0         Tower Z orientation angle, node 3, rad
         43     9.93684828281E-001,   3.40677774511E-003,  -1.12155258656E-001         F               0         Tower X orientation angle, node 4, rad
         44     2.37257173285E-003,   9.98677611351E-001,   5.13561405241E-002         F               0         Tower Y orientation angle, node 4, rad
         45     1.12181901932E-001,  -5.12979142368E-002,   9.92362737656E-001         F               0         Tower Z orientation angle, node 4, rad
         46     9.93684828281E-001,   3.40677774511E-003,  -1.12155258656E-001         F               0         Tower X orientation angle, node 5, rad
         47     2.37257173285E-003,   9.98677611351E-001,   5.13561405241E-002         F               0         Tower Y orientation angle, node 5, rad
         48     1.12181901932E-001,  -5.12979142368E-002,   9.92362737656E-001         F               0         Tower Z orientation angle, node 5, rad
         49     9.93684828281E-001,   3.40677774511E-003,  -1.12155258656E-001         F               0         Tower X orientation angle, node 6, rad
         50     2.37257173285E-003,   9.98677611351E-001,   5.13561405241E-002         F               0         Tower Y orientation angle, node 6, rad
         51     1.12181901932E-001,  -5.12979142368E-002,   9.92362737656E-001         F               0         Tower Z orientation angle, node 6, rad
         52     9.93684828281E-001,   3.40677774511E-003,  -1.12155258656E-001         F               0         Tower X orientation angle, node 7, rad
         53     2.37257173285E-003,   9.98677611351E-001,   5.13561405241E-002         F               0         Tower Y orientation angle, node 7, rad
         54     1.12181901932E-001,  -5.12979142368E-002,   9.92362737656E-001         F               0         Tower Z orientation angle, node 7, rad
         55     9.93684828281E-001,   3.40677751228E-003,  -1.12155258656E-001         F               0         Tower X orientation angle, node 8, rad
         56     2.37257173285E-003,   9.98677611351E-001,   5.13561367989E-002         F               0         Tower Y orientation angle, node 8, rad
         57     1.12181901932E-001,  -5.12979142368E-002,   9.92362737656E-001         F               0         Tower Z orientation angle, node 8, rad
         58     9.93684828281E-001,   3.40677774511E-003,  -1.12155258656E-001         F               0         Tower X orientation angle, node 9, rad
         59     2.37257196568E-003,   9.98677611351E-001,   5.13561405241E-002         F               0         Tower Y orientation angle, node 9, rad
         60     1.12181901932E-001,  -5.12979142368E-002,   9.92362737656E-001         F               0         Tower Z orientation angle, node 9, rad
         61     9.93684828281E-001,   3.40677774511E-003,  -1.12155258656E-001         F               0         Tower X orientation angle, node 10, rad
         62     2.37257173285E-003,   9.98677611351E-001,   5.13561405241E-002         F               0         Tower Y orientation angle, node 10, rad
         63     1.12181901932E-001,  -5.12979142368E-002,   9.92362737656E-001         F               0         Tower Z orientation angle, node 10, rad
         64     9.93684828281E-001,   3.40677774511E-003,  -1.12155258656E-001         F               0         Tower X orientation angle, node 11, rad
         65     2.37257173285E-003,   9.98677611351E-001,   5.13561405241E-002         F               0         Tower Y orientation angle, node 11, rad
         66     1.12181901932E-001,  -5.12979142368E-002,   9.92362737656E-001         F               0         Tower Z orientation angle, node 11, rad
         67    -1.67196667462E-005                                                     F               0         Tower X translation velocity, node 1, m/s
         68    -1.56460760627E-003                                                     F               0         Tower Y translation velocity, node 1, m/s
         69    -6.64809951559E-003                                                     F               0         Tower Z translation velocity, node 1, m/s
         70    -3.11056646751E-005                                                     F               0         Tower X translation velocity, node 2, m/s
         71    -2.28679412976E-003                                                     F               0         Tower Y translation velocity, node 2, m/s
         72    -6.68380502611E-003                                                     F               0         Tower Z translation velocity, node 2, m/s
         73    -4.54916662420E-005                                                     F               0         Tower X translation velocity, node 3, m/s
         74    -3.00898076966E-003                                                     F               0         Tower Y translation velocity, node 3, m/s
         75    -6.71951053664E-003                                                     F               0         Tower Z translation velocity, node 3, m/s
         76    -5.98776641709E-005                                                     F               0         Tower X translation velocity, node 4, m/s
         77    -3.73116740957E-003                                                     F               0         Tower Y translation velocity, node 4, m/s
         78    -6.75521604717E-003                                                     F               0         Tower Z translation velocity, node 4, m/s
         79    -7.42636766518E-005                                                     F               0         Tower X translation velocity, node 5, m/s
         80    -4.45335404947E-003                                                     F               0         Tower Y translation velocity, node 5, m/s
         81    -6.79092155769E-003                                                     F               0         Tower Z translation velocity, node 5, m/s
         82    -8.86496636667E-005                                                     F               0         Tower X translation velocity, node 6, m/s
         83    -5.17554068938E-003                                                     F               0         Tower Y translation velocity, node 6, m/s
         84    -6.82662706822E-003                                                     F               0         Tower Z translation velocity, node 6, m/s
         85    -1.03035665234E-004                                                     F               0         Tower X translation velocity, node 7, m/s
         86    -5.89772779495E-003                                                     F               0         Tower Y translation velocity, node 7, m/s
         87    -6.86233257875E-003                                                     F               0         Tower Z translation velocity, node 7, m/s
         88    -1.17421652249E-004                                                     F               0         Tower X translation velocity, node 8, m/s
         89    -6.61991350353E-003                                                     F               0         Tower Y translation velocity, node 8, m/s
         90    -6.89803762361E-003                                                     F               0         Tower Z translation velocity, node 8, m/s
         91    -1.31807668367E-004                                                     F               0         Tower X translation velocity, node 9, m/s
         92    -7.34210107476E-003                                                     F               0         Tower Y translation velocity, node 9, m/s
         93    -6.93374359980E-003                                                     F               0         Tower Z translation velocity, node 9, m/s
         94    -1.46193662658E-004                                                     F               0         Tower X translation velocity, node 10, m/s
         95    -8.06428771466E-003                                                     F               0         Tower Y translation velocity, node 10, m/s
         96    -6.96944864467E-003                                                     F               0         Tower Z translation velocity, node 10, m/s
         97    -1.60579656949E-004                                                     F               0         Tower X translation velocity, node 11, m/s
         98    -8.78647342324E-003                                                     F               0         Tower Y translation velocity, node 11, m/s
         99    -7.00515415519E-003                                                     F               0         Tower Z translation velocity, node 11, m/s
        100     2.55118026733E+001                                                     F               0         Hub X translation displacement, node 1, m
        101    -8.33689785004E+000                                                     F               0         Hub Y translation displacement, node 1, m
        102    -7.48205557466E-002                                                     F               0         Hub Z translation displacement, node 1, m
        103     9.76515114307E-001,   8.75020679086E-003,  -2.15271010995E-001         F               0         Hub X orientation angle, node 1, rad
        104    -1.88490927219E-001,  -4.49250012636E-001,  -8.73295843601E-001         F               0         Hub Y orientation angle, node 1, rad
        105    -1.04352019727E-001,   8.93363237381E-001,  -4.37050104141E-001         F               0         Hub Z orientation angle, node 1, rad
        106     7.73356914520E-001                                                     F               0         Hub X rotation velocity, node 1, rad/s
        107     6.92867347971E-003                                                     F               0         Hub Y rotation velocity, node 1, rad/s
        108    -1.70483767986E-001                                                     F               0         Hub Z rotation velocity, node 1, rad/s
        109     9.93321299553E-001,   7.18688592315E-002,  -9.02644544840E-002         F               0         Blade root 1 X orientation angle, node 1, rad
        110    -4.92286570370E-002,  -4.43550437689E-001,  -8.94896388054E-001         F               0         Blade root 1 Y orientation angle, node 1, rad
        111    -1.04352019727E-001,   8.93363237381E-001,  -4.37050104141E-001         F               0         Blade root 1 Z orientation angle, node 1, rad
        112     9.66257154942E-001,  -1.31789252162E-001,  -2.21311226487E-001         F               0         Blade root 2 X orientation angle, node 1, rad
        113     1.41222879291E-001,   9.89601731300E-001,   2.72862054408E-002         F               0         Blade root 2 Y orientation angle, node 1, rad
        114     2.15413942933E-001,  -5.76196983457E-002,   9.74821448326E-001         F               0         Blade root 2 Z orientation angle, node 1, rad
        115     9.40828144550E-001,   8.59099105000E-002,  -3.27813744545E-001         F               0         Blade root 3 X orientation angle, node 1, rad
        116     3.20168107748E-001,  -5.42358040810E-001,   7.76749730110E-001         F               0         Blade root 3 Y orientation angle, node 1, rad
        117    -1.11061923206E-001,  -8.35743546486E-001,  -5.37771344185E-001         F               0         Blade root 3 Z orientation angle, node 1, rad
        118     2.43546047211E+001                                                     F               0         Blade 1 X translation displacement, node 1, m
        119    -3.38766527176E+000                                                     F               0         Blade 1 Y translation displacement, node 1, m
        120    -8.00573730469E+000                                                     F               0         Blade 1 Z translation displacement, node 1, m
        121     2.40757694244E+001                                                     F               0         Blade 1 X translation displacement, node 2, m
        122    -2.19510936737E+000                                                     F               0         Blade 1 Y translation displacement, node 2, m
        123    -9.91674900055E+000                                                     F               0         Blade 1 Z translation displacement, node 2, m
        124     2.02840862274E+001                                                     F               0         Blade 1 X translation displacement, node 3, m
        125     1.40215835571E+001                                                     F               0         Blade 1 Y translation displacement, node 3, m
        126    -3.59032211304E+001                                                     F               0         Blade 1 Z translation displacement, node 3, m
        127     1.94762439728E+001                                                     F               0         Blade 1 X translation displacement, node 4, m
        128     1.74766464233E+001                                                     F               0         Blade 1 Y translation displacement, node 4, m
        129    -4.14398040771E+001                                                     F               0         Blade 1 Z translation displacement, node 4, m
        130     1.86682510376E+001                                                     F               0         Blade 1 X translation displacement, node 5, m
        131     2.09323654175E+001                                                     F               0         Blade 1 Y translation displacement, node 5, m
        132    -4.69774208069E+001                                                     F               0         Blade 1 Z translation displacement, node 5, m
        133     1.78604068756E+001                                                     F               0         Blade 1 X translation displacement, node 6, m
        134     2.43874416351E+001                                                     F               0         Blade 1 Y translation displacement, node 6, m
        135    -5.25140228271E+001                                                     F               0         Blade 1 Z translation displacement, node 6, m
        136     1.70525608063E+001                                                     F               0         Blade 1 X translation displacement, node 7, m
        137     2.78425292969E+001                                                     F               0         Blade 1 Y translation displacement, node 7, m
        138    -5.80506286621E+001                                                     F               0         Blade 1 Z translation displacement, node 7, m
        139     1.62445697784E+001                                                     F               0         Blade 1 X translation displacement, node 8, m
        140     3.12982349396E+001                                                     F               0         Blade 1 Y translation displacement, node 8, m
        141    -6.35882415771E+001                                                     F               0         Blade 1 Z translation displacement, node 8, m
        142     1.54367218018E+001                                                     F               0         Blade 1 X translation displacement, node 9, m
        143     3.47533226013E+001                                                     F               0         Blade 1 Y translation displacement, node 9, m
        144    -6.91248474121E+001                                                     F               0         Blade 1 Z translation displacement, node 9, m
        145     1.46288785934E+001                                                     F               0         Blade 1 X translation displacement, node 10, m
        146     3.82084007263E+001                                                     F               0         Blade 1 Y translation displacement, node 10, m
        147    -7.46614532471E+001                                                     F               0         Blade 1 Z translation displacement, node 10, m
        148     1.38210315704E+001                                                     F               0         Blade 1 X translation displacement, node 11, m
        149     4.16634902954E+001                                                     F               0         Blade 1 Y translation displacement, node 11, m
        150    -8.01980590820E+001                                                     F               0         Blade 1 Z translation displacement, node 11, m
        151     1.30130434036E+001                                                     F               0         Blade 1 X translation displacement, node 12, m
        152     4.51191825867E+001                                                     F               0         Blade 1 Y translation displacement, node 12, m
        153    -8.57356491089E+001                                                     F               0         Blade 1 Z translation displacement, node 12, m
        154     1.22051963806E+001                                                     F               0         Blade 1 X translation displacement, node 13, m
        155     4.85742721558E+001                                                     F               0         Blade 1 Y translation displacement, node 13, m
        156    -9.12722549438E+001                                                     F               0         Blade 1 Z translation displacement, node 13, m
        157     1.13973531723E+001                                                     F               0         Blade 1 X translation displacement, node 14, m
        158     5.20293464661E+001                                                     F               0         Blade 1 Y translation displacement, node 14, m
        159    -9.68088607788E+001                                                     F               0         Blade 1 Z translation displacement, node 14, m
        160     1.05893592834E+001                                                     F               0         Blade 1 X translation displacement, node 15, m
        161     5.54850616455E+001                                                     F               0         Blade 1 Y translation displacement, node 15, m
        162    -1.02346473694E+002                                                     F               0         Blade 1 Z translation displacement, node 15, m
        163     9.78151512146E+000                                                     F               0         Blade 1 X translation displacement, node 16, m
        164     5.89401397705E+001                                                     F               0         Blade 1 Y translation displacement, node 16, m
        165    -1.07883079529E+002                                                     F               0         Blade 1 Z translation displacement, node 16, m
        166     8.97366809845E+000                                                     F               0         Blade 1 X translation displacement, node 17, m
        167     6.23952331543E+001                                                     F               0         Blade 1 Y translation displacement, node 17, m
        168    -1.13419692993E+002                                                     F               0         Blade 1 Z translation displacement, node 17, m
        169     8.16582393646E+000                                                     F               0         Blade 1 X translation displacement, node 18, m
        170     6.58503112793E+001                                                     F               0         Blade 1 Y translation displacement, node 18, m
        171    -1.18956291199E+002                                                     F               0         Blade 1 Z translation displacement, node 18, m
        172     7.35783481598E+000                                                     F               0         Blade 1 X translation displacement, node 19, m
        173     6.93060073853E+001                                                     F               0         Blade 1 Y translation displacement, node 19, m
        174    -1.24493881226E+002                                                     F               0         Blade 1 Z translation displacement, node 19, m
        175     6.54998731613E+000                                                     F               0         Blade 1 X translation displacement, node 20, m
        176     7.27610931396E+001                                                     F               0         Blade 1 Y translation displacement, node 20, m
        177    -1.30030487061E+002                                                     F               0         Blade 1 Z translation displacement, node 20, m
        178     5.74214315414E+000                                                     F               0         Blade 1 X translation displacement, node 21, m
        179     7.62161788940E+001                                                     F               0         Blade 1 Y translation displacement, node 21, m
        180    -1.35567092896E+002                                                     F               0         Blade 1 Z translation displacement, node 21, m
        181     4.93415164948E+000                                                     F               0         Blade 1 X translation displacement, node 22, m
        182     7.96718826294E+001                                                     F               0         Blade 1 Y translation displacement, node 22, m
        183    -1.41104705811E+002                                                     F               0         Blade 1 Z translation displacement, node 22, m
        184     4.12630414963E+000                                                     F               0         Blade 1 X translation displacement, node 23, m
        185     8.31269760132E+001                                                     F               0         Blade 1 Y translation displacement, node 23, m
        186    -1.46641311646E+002                                                     F               0         Blade 1 Z translation displacement, node 23, m
        187     3.31845974922E+000                                                     F               0         Blade 1 X translation displacement, node 24, m
        188     8.65820541382E+001                                                     F               0         Blade 1 Y translation displacement, node 24, m
        189    -1.52177917480E+002                                                     F               0         Blade 1 Z translation displacement, node 24, m
        190     2.51061534882E+000                                                     F               0         Blade 1 X translation displacement, node 25, m
        191     9.00371322632E+001                                                     F               0         Blade 1 Y translation displacement, node 25, m
        192    -1.57714523315E+002                                                     F               0         Blade 1 Z translation displacement, node 25, m
        193     1.70262384415E+000                                                     F               0         Blade 1 X translation displacement, node 26, m
        194     9.34928436279E+001                                                     F               0         Blade 1 Y translation displacement, node 26, m
        195    -1.63252136230E+002                                                     F               0         Blade 1 Z translation displacement, node 26, m
        196     8.94779384136E-001                                                     F               0         Blade 1 X translation displacement, node 27, m
        197     9.69479141235E+001                                                     F               0         Blade 1 Y translation displacement, node 27, m
        198    -1.68788726807E+002                                                     F               0         Blade 1 Z translation displacement, node 27, m
        199     2.09899097681E-001                                                     F               0         Blade 1 X translation displacement, node 28, m
        200     9.98770904541E+001                                                     F               0         Blade 1 Y translation displacement, node 28, m
        201    -1.73482574463E+002                                                     F               0         Blade 1 Z translation displacement, node 28, m
        202     9.06479120255E-001,   2.66225278378E-001,   3.27749520540E-001         F               0         Blade 1 X orientation angle, node 1, rad
        203     4.09153163433E-001,  -3.61975461245E-001,  -8.37596237659E-001         F               0         Blade 1 Y orientation angle, node 1, rad
        204    -1.04352019727E-001,   8.93363237381E-001,  -4.37050104141E-001         F               0         Blade 1 Z orientation angle, node 1, rad
        205     9.06479120255E-001,   2.66225278378E-001,   3.27749520540E-001         F               0         Blade 1 X orientation angle, node 2, rad
        206     4.09153163433E-001,  -3.61975461245E-001,  -8.37596237659E-001         F               0         Blade 1 Y orientation angle, node 2, rad
        207    -1.04352019727E-001,   8.93363237381E-001,  -4.37050104141E-001         F               0         Blade 1 Z orientation angle, node 2, rad
        208     9.77623939514E-001,   1.72848969698E-001,   1.19894444942E-001         F               0         Blade 1 X orientation angle, node 3, rad
        209     1.82652950287E-001,  -4.14759397507E-001,  -8.91410410404E-001         F               0         Blade 1 Y orientation angle, node 3, rad
        210    -1.04352019727E-001,   8.93363237381E-001,  -4.37050104141E-001         F               0         Blade 1 Z orientation angle, node 3, rad
        211     9.84464466572E-001,   1.55181840062E-001,   8.21482315660E-002         F               0         Blade 1 X orientation angle, node 4, rad
        212     1.41210451722E-001,  -4.21687960625E-001,  -8.95677864552E-001         F               0         Blade 1 Y orientation angle, node 4, rad
        213    -1.04352019727E-001,   8.93363237381E-001,  -4.37050104141E-001         F               0         Blade 1 Z orientation angle, node 4, rad
        214     9.88605082035E-001,   1.41115382314E-001,   5.24067133665E-002         F               0         Blade 1 X orientation angle, node 5, rad
        215     1.08492724597E-001,  -4.26601201296E-001,  -8.97909104824E-001         F               0         Blade 1 Y orientation angle, node 5, rad
        216    -1.04352019727E-001,   8.93363237381E-001,  -4.37050104141E-001         F               0         Blade 1 Z orientation angle, node 5, rad
        217     9.91135060787E-001,   1.29749745131E-001,   2.85704247653E-002         F               0         Blade 1 X orientation angle, node 6, rad
        218     8.22309106588E-002,  -4.30194288492E-001,  -8.98983299732E-001         F               0         Blade 1 Y orientation angle, node 6, rad
        219    -1.04352019727E-001,   8.93363237381E-001,  -4.37050104141E-001         F               0         Blade 1 Z orientation angle, node 6, rad
        220     9.92693066597E-001,   1.20334237814E-001,   8.95241182297E-003         F               0         Blade 1 X orientation angle, node 7, rad
        221     6.05898462236E-002,  -4.32922393084E-001,  -8.99392604828E-001         F               0         Blade 1 Y orientation angle, node 7, rad
        222    -1.04352019727E-001,   8.93363237381E-001,  -4.37050104141E-001         F               0         Blade 1 Z orientation angle, node 7, rad
        223     9.93629276752E-001,   1.12456686795E-001,  -7.37342378125E-003         F               0         Blade 1 X orientation angle, node 8, rad
        224     4.25620600581E-002,  -4.35035198927E-001,  -8.99406969547E-001         F               0         Blade 1 Y orientation angle, node 8, rad
        225    -1.04352019727E-001,   8.93363237381E-001,  -4.37050104141E-001         F               0         Blade 1 Z orientation angle, node 8, rad
        226     9.94165778160E-001,   1.05762027204E-001,  -2.11859047413E-002         F               0         Blade 1 X orientation angle, node 9, rad
        227     2.72965896875E-002,  -4.36710983515E-001,  -8.99187624454E-001         F               0         Blade 1 Y orientation angle, node 9, rad
        228    -1.04352019727E-001,   8.93363237381E-001,  -4.37050044537E-001         F               0         Blade 1 Z orientation angle, node 9, rad
        229     9.94440376759E-001,   9.99601408839E-002,  -3.31109687686E-002         F               0         Blade 1 X orientation angle, node 10, rad
        230     1.41074666753E-002,  -4.38075453043E-001,  -8.98827493191E-001         F               0         Blade 1 Y orientation angle, node 10, rad
        231    -1.04352019727E-001,   8.93363237381E-001,  -4.37050104141E-001         F               0         Blade 1 Z orientation angle, node 10, rad
        232     9.94536399841E-001,   9.49840024114E-002,  -4.33054938912E-002         F               0         Blade 1 X orientation angle, node 11, rad
        233     2.82523059286E-003,  -4.39181238413E-001,  -8.98394048214E-001         F               0         Blade 1 Y orientation angle, node 11, rad
        234    -1.04352019727E-001,   8.93363237381E-001,  -4.37050074339E-001         F               0         Blade 1 Z orientation angle, node 11, rad
        235     9.94515299797E-001,   9.06102359295E-002,  -5.22407665849E-002         F               0         Blade 1 X orientation angle, node 12, rad
        236    -7.06876814365E-003,  -4.40104454756E-001,  -8.97918760777E-001         F               0         Blade 1 Y orientation angle, node 12, rad
        237    -1.04352019727E-001,   8.93363237381E-001,  -4.37050104141E-001         F               0         Blade 1 Z orientation angle, node 12, rad
        238     9.94415760040E-001,   8.67661982775E-002,  -6.00745007396E-002         F               0         Blade 1 X orientation angle, node 13, rad
        239    -1.57471746206E-002,  -4.40878391266E-001,  -8.97428691387E-001         F               0         Blade 1 Y orientation angle, node 13, rad
        240    -1.04352019727E-001,   8.93363237381E-001,  -4.37050104141E-001         F               0         Blade 1 Z orientation angle, node 13, rad
        241     9.94261384010E-001,   8.33009034395E-002,  -6.71209618449E-002         F               0         Blade 1 X orientation angle, node 14, rad
        242    -2.35567297786E-002,  -4.41546261311E-001,  -8.96929204464E-001         F               0         Blade 1 Y orientation angle, node 14, rad
        243    -1.04352019727E-001,   8.93363237381E-001,  -4.37050104141E-001         F               0         Blade 1 Z orientation angle, node 14, rad
        244     9.94072735310E-001,   8.02163258195E-002,  -7.33810141683E-002         F               0         Blade 1 X orientation angle, node 15, rad
        245    -3.04973553866E-002,  -4.42116975784E-001,  -8.96438777447E-001         F               0         Blade 1 Y orientation angle, node 15, rad
        246    -1.04352019727E-001,   8.93363237381E-001,  -4.37050044537E-001         F               0         Blade 1 Z orientation angle, node 15, rad
        247     9.93861496449E-001,   7.74368569255E-002,  -7.90120288730E-002         F               0         Blade 1 X orientation angle, node 16, rad
