
Linearized model: Predictions were generated on 12-Jan-2024 at 09:28:28 using OpenFAST, compiled as a 64-bit application using single precision at commit v3.5.1
 linked with  NWTC Subroutine Library; ElastoDyn; InflowWind; AeroDyn; ServoDyn; HydroDyn; MAP++ (<1.20.10>, <Oct-20-2023>)

Description from the FAST input file: CCT-9 Campign 4 model. Input files to be run with OpenFAST 3.5.0. GitHub branch from Lu Wang (https://github.com/luwang00/openfast/tree/dev) compiled on March 7, 2023.

Simulation information:
   Simulation time:                   503.9500 s
   Rotor Speed:                         0.8771 rad/s
   Azimuth:                             1.0373 rad
   Wind Speed:                         10.0000 m/s
   Number of continuous states:         0
   Number of discrete states:           0
   Number of constraint states:         0
   Number of inputs:                 1746
   Number of outputs:                   4
   Jacobians included in this file?    No

Order of inputs:
     Column   Operating Point                     Rotating Frame? Derivative Order Description
   ---------- ---------------                     --------------- ---------------- -----------
          1    1.100E+01                                 F               0         Tower X translation displacement, node 1, m
          2   -1.230E+00                                 F               0         Tower Y translation displacement, node 1, m
          3   -3.253E-01                                 F               0         Tower Z translation displacement, node 1, m
          4    1.247E+01                                 F               0         Tower X translation displacement, node 2, m
          5   -1.816E+00                                 F               0         Tower Y translation displacement, node 2, m
          6   -4.268E-01                                 F               0         Tower Z translation displacement, node 2, m
          7    1.396E+01                                 F               0         Tower X translation displacement, node 3, m
          8   -2.408E+00                                 F               0         Tower Y translation displacement, node 3, m
          9   -5.316E-01                                 F               0         Tower Z translation displacement, node 3, m
         10    1.547E+01                                 F               0         Tower X translation displacement, node 4, m
         11   -3.004E+00                                 F               0         Tower Y translation displacement, node 4, m
         12   -6.389E-01                                 F               0         Tower Z translation displacement, node 4, m
         13    1.700E+01                                 F               0         Tower X translation displacement, node 5, m
         14   -3.605E+00                                 F               0         Tower Y translation displacement, node 5, m
         15   -7.483E-01                                 F               0         Tower Z translation displacement, node 5, m
         16    1.854E+01                                 F               0         Tower X translation displacement, node 6, m
         17   -4.209E+00                                 F               0         Tower Y translation displacement, node 6, m
         18   -8.594E-01                                 F               0         Tower Z translation displacement, node 6, m
         19    2.009E+01                                 F               0         Tower X translation displacement, node 7, m
         20   -4.815E+00                                 F               0         Tower Y translation displacement, node 7, m
         21   -9.718E-01                                 F               0         Tower Z translation displacement, node 7, m
         22    2.164E+01                                 F               0         Tower X translation displacement, node 8, m
         23   -5.424E+00                                 F               0         Tower Y translation displacement, node 8, m
         24   -1.085E+00                                 F               0         Tower Z translation displacement, node 8, m
         25    2.321E+01                                 F               0         Tower X translation displacement, node 9, m
         26   -6.034E+00                                 F               0         Tower Y translation displacement, node 9, m
         27   -1.200E+00                                 F               0         Tower Z translation displacement, node 9, m
         28    2.477E+01                                 F               0         Tower X translation displacement, node 10, m
         29   -6.646E+00                                 F               0         Tower Y translation displacement, node 10, m
         30   -1.314E+00                                 F               0         Tower Z translation displacement, node 10, m
         31    2.634E+01                                 F               0         Tower X translation displacement, node 11, m
         32   -7.258E+00                                 F               0         Tower Y translation displacement, node 11, m
         33   -1.429E+00                                 F               0         Tower Z translation displacement, node 11, m
         34    9.930E-01,  9.828E-03, -1.177E-01         F               0         Tower X orientation angle, node 1, rad
         35   -4.186E-03,  9.988E-01,  4.809E-02         F               0         Tower Y orientation angle, node 1, rad
         36    1.180E-01, -4.726E-02,  9.919E-01         F               0         Tower Z orientation angle, node 1, rad
         37    9.928E-01,  9.918E-03, -1.196E-01         F               0         Tower X orientation angle, node 2, rad
         38   -4.131E-03,  9.988E-01,  4.855E-02         F               0         Tower Y orientation angle, node 2, rad
         39    1.199E-01, -4.770E-02,  9.916E-01         F               0         Tower Z orientation angle, node 2, rad
         40    9.926E-01,  9.996E-03, -1.212E-01         F               0         Tower X orientation angle, node 3, rad
         41   -4.082E-03,  9.988E-01,  4.895E-02         F               0         Tower Y orientation angle, node 3, rad
         42    1.215E-01, -4.809E-02,  9.914E-01         F               0         Tower Z orientation angle, node 3, rad
         43    9.924E-01,  1.006E-02, -1.226E-01         F               0         Tower X orientation angle, node 4, rad
         44   -4.038E-03,  9.988E-01,  4.931E-02         F               0         Tower Y orientation angle, node 4, rad
         45    1.229E-01, -4.844E-02,  9.912E-01         F               0         Tower Z orientation angle, node 4, rad
         46    9.923E-01,  1.012E-02, -1.237E-01         F               0         Tower X orientation angle, node 5, rad
         47   -4.000E-03,  9.988E-01,  4.961E-02         F               0         Tower Y orientation angle, node 5, rad
         48    1.241E-01, -4.873E-02,  9.911E-01         F               0         Tower Z orientation angle, node 5, rad
         49    9.922E-01,  1.016E-02, -1.246E-01         F               0         Tower X orientation angle, node 6, rad
         50   -3.968E-03,  9.987E-01,  4.987E-02         F               0         Tower Y orientation angle, node 6, rad
         51    1.250E-01, -4.898E-02,  9.910E-01         F               0         Tower Z orientation angle, node 6, rad
         52    9.921E-01,  1.020E-02, -1.253E-01         F               0         Tower X orientation angle, node 7, rad
         53   -3.943E-03,  9.987E-01,  5.007E-02         F               0         Tower Y orientation angle, node 7, rad
         54    1.257E-01, -4.918E-02,  9.909E-01         F               0         Tower Z orientation angle, node 7, rad
         55    9.920E-01,  1.022E-02, -1.258E-01         F               0         Tower X orientation angle, node 8, rad
         56   -3.923E-03,  9.987E-01,  5.023E-02         F               0         Tower Y orientation angle, node 8, rad
         57    1.262E-01, -4.933E-02,  9.908E-01         F               0         Tower Z orientation angle, node 8, rad
         58    9.920E-01,  1.024E-02, -1.261E-01         F               0         Tower X orientation angle, node 9, rad
         59   -3.908E-03,  9.987E-01,  5.034E-02         F               0         Tower Y orientation angle, node 9, rad
         60    1.265E-01, -4.945E-02,  9.907E-01         F               0         Tower Z orientation angle, node 9, rad
         61    9.919E-01,  1.025E-02, -1.263E-01         F               0         Tower X orientation angle, node 10, rad
         62   -3.898E-03,  9.987E-01,  5.042E-02         F               0         Tower Y orientation angle, node 10, rad
         63    1.267E-01, -4.952E-02,  9.907E-01         F               0         Tower Z orientation angle, node 10, rad
         64    9.919E-01,  1.026E-02, -1.265E-01         F               0         Tower X orientation angle, node 11, rad
         65   -3.893E-03,  9.987E-01,  5.046E-02         F               0         Tower Y orientation angle, node 11, rad
         66    1.268E-01, -4.956E-02,  9.907E-01         F               0         Tower Z orientation angle, node 11, rad
         67   -4.159E-03                                 F               0         Tower X translation velocity, node 1, m/s
         68    2.581E-03                                 F               0         Tower Y translation velocity, node 1, m/s
         69    3.033E-03                                 F               0         Tower Z translation velocity, node 1, m/s
         70   -4.261E-03                                 F               0         Tower X translation velocity, node 2, m/s
         71    2.770E-03                                 F               0         Tower Y translation velocity, node 2, m/s
         72    3.054E-03                                 F               0         Tower Z translation velocity, node 2, m/s
         73   -4.459E-03                                 F               0         Tower X translation velocity, node 3, m/s
         74    2.958E-03                                 F               0         Tower Y translation velocity, node 3, m/s
         75    3.088E-03                                 F               0         Tower Z translation velocity, node 3, m/s
         76   -4.732E-03                                 F               0         Tower X translation velocity, node 4, m/s
         77    3.145E-03                                 F               0         Tower Y translation velocity, node 4, m/s
         78    3.130E-03                                 F               0         Tower Z translation velocity, node 4, m/s
         79   -5.069E-03                                 F               0         Tower X translation velocity, node 5, m/s
         80    3.331E-03                                 F               0         Tower Y translation velocity, node 5, m/s
         81    3.182E-03                                 F               0         Tower Z translation velocity, node 5, m/s
         82   -5.461E-03                                 F               0         Tower X translation velocity, node 6, m/s
         83    3.514E-03                                 F               0         Tower Y translation velocity, node 6, m/s
         84    3.240E-03                                 F               0         Tower Z translation velocity, node 6, m/s
         85   -5.894E-03                                 F               0         Tower X translation velocity, node 7, m/s
         86    3.695E-03                                 F               0         Tower Y translation velocity, node 7, m/s
         87    3.304E-03                                 F               0         Tower Z translation velocity, node 7, m/s
         88   -6.364E-03                                 F               0         Tower X translation velocity, node 8, m/s
         89    3.874E-03                                 F               0         Tower Y translation velocity, node 8, m/s
         90    3.372E-03                                 F               0         Tower Z translation velocity, node 8, m/s
         91   -6.862E-03                                 F               0         Tower X translation velocity, node 9, m/s
         92    4.052E-03                                 F               0         Tower Y translation velocity, node 9, m/s
         93    3.445E-03                                 F               0         Tower Z translation velocity, node 9, m/s
         94   -7.378E-03                                 F               0         Tower X translation velocity, node 10, m/s
         95    4.228E-03                                 F               0         Tower Y translation velocity, node 10, m/s
         96    3.519E-03                                 F               0         Tower Z translation velocity, node 10, m/s
         97   -7.906E-03                                 F               0         Tower X translation velocity, node 11, m/s
         98    4.403E-03                                 F               0         Tower Y translation velocity, node 11, m/s
         99    3.596E-03                                 F               0         Tower Z translation velocity, node 11, m/s
        100    2.742E+01                                 F               0         Hub X translation displacement, node 1, m
        101   -7.758E+00                                 F               0         Hub Y translation displacement, node 1, m
        102   -1.366E-01                                 F               0         Hub Z translation displacement, node 1, m
        103    9.732E-01,  1.538E-02, -2.293E-01         F               0         Hub X orientation angle, node 1, rad
        104    1.959E-01,  4.664E-01,  8.626E-01         F               0         Hub Y orientation angle, node 1, rad
        105    1.202E-01, -8.844E-01,  4.509E-01         F               0         Hub Z orientation angle, node 1, rad
        106    8.536E-01                                 F               0         Hub X rotation velocity, node 1, rad/s
        107    1.344E-02                                 F               0         Hub Y rotation velocity, node 1, rad/s
        108   -2.011E-01                                 F               0         Hub Z rotation velocity, node 1, rad/s
        109    9.670E-01,  1.537E-03, -2.548E-01         F               0         Blade root 1 X orientation angle, node 1, rad
        110    2.247E-01,  4.667E-01,  8.554E-01         F               0         Blade root 1 Y orientation angle, node 1, rad
        111    1.202E-01, -8.844E-01,  4.509E-01         F               0         Blade root 1 Z orientation angle, node 1, rad
        112    9.726E-01,  4.501E-02, -2.280E-01         F               0         Blade root 2 X orientation angle, node 1, rad
        113    3.504E-02, -9.983E-01, -4.760E-02         F               0         Blade root 2 Y orientation angle, node 1, rad
        114   -2.297E-01,  3.830E-02, -9.725E-01         F               0         Blade root 2 Z orientation angle, node 1, rad
        115    9.788E-01, -4.311E-04, -2.048E-01         F               0         Blade root 3 X orientation angle, node 1, rad
        116   -1.731E-01,  5.330E-01, -8.282E-01         F               0         Blade root 3 Y orientation angle, node 1, rad
        117    1.095E-01,  8.461E-01,  5.216E-01         F               0         Blade root 3 Z orientation angle, node 1, rad
        118    2.751E+01                                 F               0         Blade 1 X translation displacement, node 1, m
        119   -1.266E+01                                 F               0         Blade 1 Y translation displacement, node 1, m
        120   -3.148E+00                                 F               0         Blade 1 Z translation displacement, node 1, m
        121    2.753E+01                                 F               0         Blade 1 X translation displacement, node 2, m
        122   -1.384E+01                                 F               0         Blade 1 Y translation displacement, node 2, m
        123   -3.874E+00                                 F               0         Blade 1 Z translation displacement, node 2, m
        124    2.781E+01                                 F               0         Blade 1 X translation displacement, node 3, m
        125   -2.989E+01                                 F               0         Blade 1 Y translation displacement, node 3, m
        126   -1.374E+01                                 F               0         Blade 1 Z translation displacement, node 3, m
        127    2.787E+01                                 F               0         Blade 1 X translation displacement, node 4, m
        128   -3.331E+01                                 F               0         Blade 1 Y translation displacement, node 4, m
        129   -1.584E+01                                 F               0         Blade 1 Z translation displacement, node 4, m
        130    2.793E+01                                 F               0         Blade 1 X translation displacement, node 5, m
        131   -3.673E+01                                 F               0         Blade 1 Y translation displacement, node 5, m
        132   -1.795E+01                                 F               0         Blade 1 Z translation displacement, node 5, m
        133    2.799E+01                                 F               0         Blade 1 X translation displacement, node 6, m
        134   -4.015E+01                                 F               0         Blade 1 Y translation displacement, node 6, m
        135   -2.005E+01                                 F               0         Blade 1 Z translation displacement, node 6, m
        136    2.805E+01                                 F               0         Blade 1 X translation displacement, node 7, m
        137   -4.358E+01                                 F               0         Blade 1 Y translation displacement, node 7, m
        138   -2.215E+01                                 F               0         Blade 1 Z translation displacement, node 7, m
        139    2.812E+01                                 F               0         Blade 1 X translation displacement, node 8, m
        140   -4.700E+01                                 F               0         Blade 1 Y translation displacement, node 8, m
        141   -2.425E+01                                 F               0         Blade 1 Z translation displacement, node 8, m
        142    2.818E+01                                 F               0         Blade 1 X translation displacement, node 9, m
        143   -5.042E+01                                 F               0         Blade 1 Y translation displacement, node 9, m
        144   -2.636E+01                                 F               0         Blade 1 Z translation displacement, node 9, m
        145    2.824E+01                                 F               0         Blade 1 X translation displacement, node 10, m
        146   -5.384E+01                                 F               0         Blade 1 Y translation displacement, node 10, m
        147   -2.846E+01                                 F               0         Blade 1 Z translation displacement, node 10, m
        148    2.830E+01                                 F               0         Blade 1 X translation displacement, node 11, m
        149   -5.726E+01                                 F               0         Blade 1 Y translation displacement, node 11, m
        150   -3.056E+01                                 F               0         Blade 1 Z translation displacement, node 11, m
        151    2.836E+01                                 F               0         Blade 1 X translation displacement, node 12, m
        152   -6.068E+01                                 F               0         Blade 1 Y translation displacement, node 12, m
        153   -3.266E+01                                 F               0         Blade 1 Z translation displacement, node 12, m
        154    2.842E+01                                 F               0         Blade 1 X translation displacement, node 13, m
        155   -6.410E+01                                 F               0         Blade 1 Y translation displacement, node 13, m
        156   -3.477E+01                                 F               0         Blade 1 Z translation displacement, node 13, m
        157    2.848E+01                                 F               0         Blade 1 X translation displacement, node 14, m
        158   -6.752E+01                                 F               0         Blade 1 Y translation displacement, node 14, m
        159   -3.687E+01                                 F               0         Blade 1 Z translation displacement, node 14, m
        160    2.854E+01                                 F               0         Blade 1 X translation displacement, node 15, m
        161   -7.094E+01                                 F               0         Blade 1 Y translation displacement, node 15, m
        162   -3.897E+01                                 F               0         Blade 1 Z translation displacement, node 15, m
        163    2.860E+01                                 F               0         Blade 1 X translation displacement, node 16, m
        164   -7.436E+01                                 F               0         Blade 1 Y translation displacement, node 16, m
        165   -4.108E+01                                 F               0         Blade 1 Z translation displacement, node 16, m
        166    2.866E+01                                 F               0         Blade 1 X translation displacement, node 17, m
        167   -7.778E+01                                 F               0         Blade 1 Y translation displacement, node 17, m
        168   -4.318E+01                                 F               0         Blade 1 Z translation displacement, node 17, m
        169    2.872E+01                                 F               0         Blade 1 X translation displacement, node 18, m
        170   -8.120E+01                                 F               0         Blade 1 Y translation displacement, node 18, m
        171   -4.528E+01                                 F               0         Blade 1 Z translation displacement, node 18, m
        172    2.878E+01                                 F               0         Blade 1 X translation displacement, node 19, m
        173   -8.462E+01                                 F               0         Blade 1 Y translation displacement, node 19, m
        174   -4.738E+01                                 F               0         Blade 1 Z translation displacement, node 19, m
        175    2.884E+01                                 F               0         Blade 1 X translation displacement, node 20, m
        176   -8.805E+01                                 F               0         Blade 1 Y translation displacement, node 20, m
        177   -4.949E+01                                 F               0         Blade 1 Z translation displacement, node 20, m
        178    2.890E+01                                 F               0         Blade 1 X translation displacement, node 21, m
        179   -9.147E+01                                 F               0         Blade 1 Y translation displacement, node 21, m
        180   -5.159E+01                                 F               0         Blade 1 Z translation displacement, node 21, m
        181    2.897E+01                                 F               0         Blade 1 X translation displacement, node 22, m
        182   -9.489E+01                                 F               0         Blade 1 Y translation displacement, node 22, m
        183   -5.369E+01                                 F               0         Blade 1 Z translation displacement, node 22, m
        184    2.903E+01                                 F               0         Blade 1 X translation displacement, node 23, m
        185   -9.831E+01                                 F               0         Blade 1 Y translation displacement, node 23, m
        186   -5.579E+01                                 F               0         Blade 1 Z translation displacement, node 23, m
        187    2.909E+01                                 F               0         Blade 1 X translation displacement, node 24, m
        188   -1.017E+02                                 F               0         Blade 1 Y translation displacement, node 24, m
        189   -5.790E+01                                 F               0         Blade 1 Z translation displacement, node 24, m
        190    2.915E+01                                 F               0         Blade 1 X translation displacement, node 25, m
        191   -1.051E+02                                 F               0         Blade 1 Y translation displacement, node 25, m
        192   -6.000E+01                                 F               0         Blade 1 Z translation displacement, node 25, m
        193    2.921E+01                                 F               0         Blade 1 X translation displacement, node 26, m
        194   -1.086E+02                                 F               0         Blade 1 Y translation displacement, node 26, m
        195   -6.210E+01                                 F               0         Blade 1 Z translation displacement, node 26, m
        196    2.927E+01                                 F               0         Blade 1 X translation displacement, node 27, m
        197   -1.120E+02                                 F               0         Blade 1 Y translation displacement, node 27, m
        198   -6.420E+01                                 F               0         Blade 1 Z translation displacement, node 27, m
        199    2.932E+01                                 F               0         Blade 1 X translation displacement, node 28, m
        200   -1.149E+02                                 F               0         Blade 1 Y translation displacement, node 28, m
        201   -6.599E+01                                 F               0         Blade 1 Z translation displacement, node 28, m
        202    7.581E-01, -2.114E-01, -6.169E-01         F               0         Blade 1 X orientation angle, node 1, rad
        203    6.409E-01,  4.160E-01,  6.451E-01         F               0         Blade 1 Y orientation angle, node 1, rad
        204    1.202E-01, -8.844E-01,  4.509E-01         F               0         Blade 1 Z orientation angle, node 1, rad
        205    7.581E-01, -2.114E-01, -6.169E-01         F               0         Blade 1 X orientation angle, node 2, rad
        206    6.409E-01,  4.160E-01,  6.451E-01         F               0         Blade 1 Y orientation angle, node 2, rad
        207    1.202E-01, -8.844E-01,  4.509E-01         F               0         Blade 1 Z orientation angle, node 2, rad
        208    8.884E-01, -1.068E-01, -4.464E-01         F               0         Blade 1 X orientation angle, node 3, rad
        209    4.430E-01,  4.543E-01,  7.729E-01         F               0         Blade 1 Y orientation angle, node 3, rad
        210    1.202E-01, -8.844E-01,  4.509E-01         F               0         Blade 1 Z orientation angle, node 3, rad
        211    9.064E-01, -8.753E-02, -4.133E-01         F               0         Blade 1 X orientation angle, node 4, rad
        212    4.050E-01,  4.584E-01,  7.911E-01         F               0         Blade 1 Y orientation angle, node 4, rad
        213    1.202E-01, -8.844E-01,  4.509E-01         F               0         Blade 1 Z orientation angle, node 4, rad
        214    9.193E-01, -7.229E-02, -3.869E-01         F               0         Blade 1 X orientation angle, node 5, rad
        215    3.748E-01,  4.610E-01,  8.044E-01         F               0         Blade 1 Y orientation angle, node 5, rad
        216    1.202E-01, -8.844E-01,  4.509E-01         F               0         Blade 1 Z orientation angle, node 5, rad
        217    9.289E-01, -6.003E-02, -3.654E-01         F               0         Blade 1 X orientation angle, node 6, rad
        218    3.503E-01,  4.628E-01,  8.143E-01         F               0         Blade 1 Y orientation angle, node 6, rad
        219    1.202E-01, -8.844E-01,  4.509E-01         F               0         Blade 1 Z orientation angle, node 6, rad
        220    9.363E-01, -4.992E-02, -3.476E-01         F               0         Blade 1 X orientation angle, node 7, rad
        221    3.299E-01,  4.640E-01,  8.221E-01         F               0         Blade 1 Y orientation angle, node 7, rad
        222    1.202E-01, -8.844E-01,  4.509E-01         F               0         Blade 1 Z orientation angle, node 7, rad
        223    9.422E-01, -4.149E-02, -3.326E-01         F               0         Blade 1 X orientation angle, node 8, rad
        224    3.129E-01,  4.648E-01,  8.283E-01         F               0         Blade 1 Y orientation angle, node 8, rad
        225    1.202E-01, -8.844E-01,  4.509E-01         F               0         Blade 1 Z orientation angle, node 8, rad
        226    9.469E-01, -3.435E-02, -3.198E-01         F               0         Blade 1 X orientation angle, node 9, rad
        227    2.984E-01,  4.654E-01,  8.333E-01         F               0         Blade 1 Y orientation angle, node 9, rad
        228    1.202E-01, -8.844E-01,  4.509E-01         F               0         Blade 1 Z orientation angle, node 9, rad
        229    9.507E-01, -2.817E-02, -3.087E-01         F               0         Blade 1 X orientation angle, node 10, rad
        230    2.858E-01,  4.658E-01,  8.375E-01         F               0         Blade 1 Y orientation angle, node 10, rad
        231    1.202E-01, -8.844E-01,  4.509E-01         F               0         Blade 1 Z orientation angle, node 10, rad
        232    9.539E-01, -2.289E-02, -2.992E-01         F               0         Blade 1 X orientation angle, node 11, rad
        233    2.750E-01,  4.661E-01,  8.409E-01         F               0         Blade 1 Y orientation angle, node 11, rad
        234    1.202E-01, -8.844E-01,  4.509E-01         F               0         Blade 1 Z orientation angle, node 11, rad
        235    9.566E-01, -1.825E-02, -2.908E-01         F               0         Blade 1 X orientation angle, node 12, rad
        236    2.655E-01,  4.663E-01,  8.439E-01         F               0         Blade 1 Y orientation angle, node 12, rad
        237    1.202E-01, -8.844E-01,  4.509E-01         F               0         Blade 1 Z orientation angle, node 12, rad
        238    9.589E-01, -1.418E-02, -2.835E-01         F               0         Blade 1 X orientation angle, node 13, rad
        239    2.571E-01,  4.664E-01,  8.464E-01         F               0         Blade 1 Y orientation angle, node 13, rad
        240    1.202E-01, -8.844E-01,  4.509E-01         F               0         Blade 1 Z orientation angle, node 13, rad
        241    9.609E-01, -1.052E-02, -2.768E-01         F               0         Blade 1 X orientation angle, node 14, rad
        242    2.496E-01,  4.665E-01,  8.486E-01         F               0         Blade 1 Y orientation angle, node 14, rad
        243    1.202E-01, -8.844E-01,  4.509E-01         F               0         Blade 1 Z orientation angle, node 14, rad
        244    9.626E-01, -7.259E-03, -2.709E-01         F               0         Blade 1 X orientation angle, node 15, rad
        245    2.429E-01,  4.666E-01,  8.505E-01         F               0         Blade 1 Y orientation angle, node 15, rad
        246    1.202E-01, -8.844E-01,  4.509E-01         F               0         Blade 1 Z orientation angle, node 15, rad
        247    9.641E-01, -4.327E-03, -2.655E-01         F               0         Blade 1 X orientation angle, node 16, rad
        248    2.368E-01,  4.666E-01,  8.522E-01         F               0         Blade 1 Y orientation angle, node 16, rad
        249    1.202E-01, -8.844E-01,  4.509E-01         F               0         Blade 1 Z orientation angle, node 16, rad
        250    9.654E-01, -1.721E-03, -2.608E-01         F               0         Blade 1 X orientation angle, node 17, rad
        251    2.314E-01,  4.667E-01,  8.536E-01         F               0         Blade 1 Y orientation angle, node 17, rad
        252    1.202E-01, -8.844E-01,  4.509E-01         F               0         Blade 1 Z orientation angle, node 17, rad
        253    9.666E-01,  7.225E-04, -2.563E-01         F               0         Blade 1 X orientation angle, node 18, rad
        254    2.264E-01,  4.667E-01,  8.550E-01         F               0         Blade 1 Y orientation angle, node 18, rad
        255    1.202E-01, -8.844E-01,  4.509E-01         F               0         Blade 1 Z orientation angle, node 18, rad
        256    9.677E-01,  2.922E-03, -2.523E-01         F               0         Blade 1 X orientation angle, node 19, rad
        257    2.218E-01,  4.666E-01,  8.562E-01         F               0         Blade 1 Y orientation angle, node 19, rad
        258    1.202E-01, -8.844E-01,  4.509E-01         F               0         Blade 1 Z orientation angle, node 19, rad
        259    9.686E-01,  4.876E-03, -2.487E-01         F               0         Blade 1 X orientation angle, node 20, rad
        260    2.177E-01,  4.666E-01,  8.572E-01         F               0         Blade 1 Y orientation angle, node 20, rad
        261    1.202E-01, -8.844E-01,  4.509E-01         F               0         Blade 1 Z orientation angle, node 20, rad
        262    9.694E-01,  6.749E-03, -2.452E-01         F               0         Blade 1 X orientation angle, node 21, rad
        263    2.138E-01,  4.666E-01,  8.582E-01         F               0         Blade 1 Y orientation angle, node 21, rad
        264    1.202E-01, -8.844E-01,  4.509E-01         F               0         Blade 1 Z orientation angle, node 21, rad
        265    9.702E-01,  8.460E-03, -2.421E-01         F               0         Blade 1 X orientation angle, node 22, rad
        266    2.103E-01,  4.666E-01,  8.591E-01         F               0         Blade 1 Y orientation angle, node 22, rad
        267    1.202E-01, -8.844E-01,  4.509E-01         F               0         Blade 1 Z orientation angle, node 22, rad
        268    9.709E-01,  1.001E-02, -2.392E-01         F               0         Blade 1 X orientation angle, node 23, rad
        269    2.071E-01,  4.665E-01,  8.599E-01         F               0         Blade 1 Y orientation angle, node 23, rad
        270    1.202E-01, -8.844E-01,  4.509E-01         F               0         Blade 1 Z orientation angle, node 23, rad
        271    9.716E-01,  1.147E-02, -2.365E-01         F               0         Blade 1 X orientation angle, node 24, rad
        272    2.040E-01,  4.665E-01,  8.607E-01         F               0         Blade 1 Y orientation angle, node 24, rad
        273    1.202E-01, -8.844E-01,  4.509E-01         F               0         Blade 1 Z orientation angle, node 24, rad
        274    9.722E-01,  1.286E-02, -2.340E-01         F               0         Blade 1 X orientation angle, node 25, rad
        275    2.011E-01,  4.665E-01,  8.614E-01         F               0         Blade 1 Y orientation angle, node 25, rad
        276    1.202E-01, -8.844E-01,  4.509E-01         F               0         Blade 1 Z orientation angle, node 25, rad
        277    9.727E-01,  1.408E-02, -2.317E-01         F               0         Blade 1 X orientation angle, node 26, rad
        278    1.986E-01,  4.664E-01,  8.620E-01         F               0         Blade 1 Y orientation angle, node 26, rad
        279    1.202E-01, -8.844E-01,  4.509E-01         F               0         Blade 1 Z orientation angle, node 26, rad
        280    9.732E-01,  1.530E-02, -2.295E-01         F               0         Blade 1 X orientation angle, node 27, rad
        281    1.960E-01,  4.664E-01,  8.626E-01         F               0         Blade 1 Y orientation angle, node 27, rad
        282    1.202E-01, -8.844E-01,  4.509E-01         F               0         Blade 1 Z orientation angle, node 27, rad
        283    9.735E-01,  1.595E-02, -2.283E-01         F               0         Blade 1 X orientation angle, node 28, rad
        284    1.947E-01,  4.664E-01,  8.629E-01         F               0         Blade 1 Y orientation angle, node 28, rad
        285    1.202E-01, -8.844E-01,  4.509E-01         F               0         Blade 1 Z orientation angle, node 28, rad
        286   -9.599E-01                                 F               0         Blade 1 X translation velocity, node 1, m/s
        287   -2.262E+00                                 F               0         Blade 1 Y translation velocity, node 1, m/s
        288   -4.188E+00                                 F               0         Blade 1 Z translation velocity, node 1, m/s
        289   -1.189E+00                                 F               0         Blade 1 X translation velocity, node 2, m/s
        290   -2.808E+00                                 F               0         Blade 1 Y translation velocity, node 2, m/s
        291   -5.198E+00                                 F               0         Blade 1 Z translation velocity, node 2, m/s
        292   -4.307E+00                                 F               0         Blade 1 X translation velocity, node 3, m/s
        293   -1.023E+01                                 F               0         Blade 1 Y translation velocity, node 3, m/s
        294   -1.893E+01                                 F               0         Blade 1 Z translation velocity, node 3, m/s
        295   -4.972E+00                                 F               0         Blade 1 X translation velocity, node 4, m/s
        296   -1.182E+01                                 F               0         Blade 1 Y translation velocity, node 4, m/s
        297   -2.186E+01                                 F               0         Blade 1 Z translation velocity, node 4, m/s
        298   -5.636E+00                                 F               0         Blade 1 X translation velocity, node 5, m/s
        299   -1.340E+01                                 F               0         Blade 1 Y translation velocity, node 5, m/s
        300   -2.478E+01                                 F               0         Blade 1 Z translation velocity, node 5, m/s
        301   -6.300E+00                                 F               0         Blade 1 X translation velocity, node 6, m/s
        302   -1.498E+01                                 F               0         Blade 1 Y translation velocity, node 6, m/s
        303   -2.771E+01                                 F               0         Blade 1 Z translation velocity, node 6, m/s
        304   -6.965E+00                                 F               0         Blade 1 X translation velocity, node 7, m/s
        305   -1.656E+01                                 F               0         Blade 1 Y translation velocity, node 7, m/s
        306   -3.064E+01                                 F               0         Blade 1 Z translation velocity, node 7, m/s
        307   -7.629E+00                                 F               0         Blade 1 X translation velocity, node 8, m/s
