
Linearized model: Predictions were generated on 12-Feb-2024 at 15:30:16 using OpenFAST, compiled as a 64-bit application using single precision at commit v3.5.1
 linked with  NWTC Subroutine Library; ElastoDyn; InflowWind; AeroDyn; ServoDyn; HydroDyn; MAP++ (<1.20.10>, <Oct-20-2023>)

Description from the FAST input file: CCT-9 Campign 4 model. Input files to be run with OpenFAST 3.5.0. GitHub branch from Lu Wang (https://github.com/luwang00/openfast/tree/dev) compiled on March 7, 2023.

Simulation information:
   Simulation time:                  1004.2250 s
   Rotor Speed:                         1.0403 rad/s
   Azimuth:                             5.4418 rad
   Wind Speed:                         12.0000 m/s
   Number of continuous states:         0
   Number of discrete states:           0
   Number of constraint states:         0
   Number of inputs:                 1746
   Number of outputs:                   4
   Jacobians included in this file?    No

Order of inputs:
     Column   Operating Point                     Rotating Frame? Derivative Order Description
   ---------- ---------------                     --------------- ---------------- -----------
          1    1.514E+01                                 F               0         Tower X translation displacement, node 1, m
          2   -1.135E+00                                 F               0         Tower Y translation displacement, node 1, m
          3   -5.051E-01                                 F               0         Tower Z translation displacement, node 1, m
          4    1.707E+01                                 F               0         Tower X translation displacement, node 2, m
          5   -1.754E+00                                 F               0         Tower Y translation displacement, node 2, m
          6   -6.725E-01                                 F               0         Tower Z translation displacement, node 2, m
          7    1.903E+01                                 F               0         Tower X translation displacement, node 3, m
          8   -2.379E+00                                 F               0         Tower Y translation displacement, node 3, m
          9   -8.457E-01                                 F               0         Tower Z translation displacement, node 3, m
         10    2.102E+01                                 F               0         Tower X translation displacement, node 4, m
         11   -3.008E+00                                 F               0         Tower Y translation displacement, node 4, m
         12   -1.023E+00                                 F               0         Tower Z translation displacement, node 4, m
         13    2.304E+01                                 F               0         Tower X translation displacement, node 5, m
         14   -3.643E+00                                 F               0         Tower Y translation displacement, node 5, m
         15   -1.205E+00                                 F               0         Tower Z translation displacement, node 5, m
         16    2.507E+01                                 F               0         Tower X translation displacement, node 6, m
         17   -4.280E+00                                 F               0         Tower Y translation displacement, node 6, m
         18   -1.390E+00                                 F               0         Tower Z translation displacement, node 6, m
         19    2.711E+01                                 F               0         Tower X translation displacement, node 7, m
         20   -4.921E+00                                 F               0         Tower Y translation displacement, node 7, m
         21   -1.577E+00                                 F               0         Tower Z translation displacement, node 7, m
         22    2.917E+01                                 F               0         Tower X translation displacement, node 8, m
         23   -5.563E+00                                 F               0         Tower Y translation displacement, node 8, m
         24   -1.766E+00                                 F               0         Tower Z translation displacement, node 8, m
         25    3.123E+01                                 F               0         Tower X translation displacement, node 9, m
         26   -6.208E+00                                 F               0         Tower Y translation displacement, node 9, m
         27   -1.957E+00                                 F               0         Tower Z translation displacement, node 9, m
         28    3.330E+01                                 F               0         Tower X translation displacement, node 10, m
         29   -6.854E+00                                 F               0         Tower Y translation displacement, node 10, m
         30   -2.149E+00                                 F               0         Tower Z translation displacement, node 10, m
         31    3.538E+01                                 F               0         Tower X translation displacement, node 11, m
         32   -7.500E+00                                 F               0         Tower Y translation displacement, node 11, m
         33   -2.341E+00                                 F               0         Tower Z translation displacement, node 11, m
         34    9.879E-01,  1.352E-02, -1.546E-01         F               0         Tower X orientation angle, node 1, rad
         35   -5.628E-03,  9.987E-01,  5.139E-02         F               0         Tower Y orientation angle, node 1, rad
         36    1.551E-01, -4.989E-02,  9.866E-01         F               0         Tower Z orientation angle, node 1, rad
         37    9.875E-01,  1.366E-02, -1.572E-01         F               0         Tower X orientation angle, node 2, rad
         38   -5.549E-03,  9.986E-01,  5.188E-02         F               0         Tower Y orientation angle, node 2, rad
         39    1.577E-01, -5.036E-02,  9.862E-01         F               0         Tower Z orientation angle, node 2, rad
         40    9.871E-01,  1.377E-02, -1.595E-01         F               0         Tower X orientation angle, node 3, rad
         41   -5.477E-03,  9.986E-01,  5.233E-02         F               0         Tower Y orientation angle, node 3, rad
         42    1.600E-01, -5.078E-02,  9.858E-01         F               0         Tower Z orientation angle, node 3, rad
         43    9.868E-01,  1.388E-02, -1.615E-01         F               0         Tower X orientation angle, node 4, rad
         44   -5.414E-03,  9.986E-01,  5.272E-02         F               0         Tower Y orientation angle, node 4, rad
         45    1.620E-01, -5.115E-02,  9.855E-01         F               0         Tower Z orientation angle, node 4, rad
         46    9.865E-01,  1.396E-02, -1.631E-01         F               0         Tower X orientation angle, node 5, rad
         47   -5.359E-03,  9.986E-01,  5.305E-02         F               0         Tower Y orientation angle, node 5, rad
         48    1.636E-01, -5.146E-02,  9.852E-01         F               0         Tower Z orientation angle, node 5, rad
         49    9.863E-01,  1.403E-02, -1.645E-01         F               0         Tower X orientation angle, node 6, rad
         50   -5.312E-03,  9.986E-01,  5.333E-02         F               0         Tower Y orientation angle, node 6, rad
         51    1.650E-01, -5.173E-02,  9.849E-01         F               0         Tower Z orientation angle, node 6, rad
         52    9.861E-01,  1.408E-02, -1.655E-01         F               0         Tower X orientation angle, node 7, rad
         53   -5.275E-03,  9.986E-01,  5.356E-02         F               0         Tower Y orientation angle, node 7, rad
         54    1.660E-01, -5.194E-02,  9.848E-01         F               0         Tower Z orientation angle, node 7, rad
         55    9.860E-01,  1.413E-02, -1.663E-01         F               0         Tower X orientation angle, node 8, rad
         56   -5.245E-03,  9.985E-01,  5.373E-02         F               0         Tower Y orientation angle, node 8, rad
         57    1.668E-01, -5.210E-02,  9.846E-01         F               0         Tower Z orientation angle, node 8, rad
         58    9.859E-01,  1.415E-02, -1.668E-01         F               0         Tower X orientation angle, node 9, rad
         59   -5.224E-03,  9.985E-01,  5.386E-02         F               0         Tower Y orientation angle, node 9, rad
         60    1.673E-01, -5.222E-02,  9.845E-01         F               0         Tower Z orientation angle, node 9, rad
         61    9.858E-01,  1.417E-02, -1.671E-01         F               0         Tower X orientation angle, node 10, rad
         62   -5.210E-03,  9.985E-01,  5.394E-02         F               0         Tower Y orientation angle, node 10, rad
         63    1.677E-01, -5.230E-02,  9.845E-01         F               0         Tower Z orientation angle, node 10, rad
         64    9.858E-01,  1.418E-02, -1.673E-01         F               0         Tower X orientation angle, node 11, rad
         65   -5.202E-03,  9.985E-01,  5.399E-02         F               0         Tower Y orientation angle, node 11, rad
         66    1.678E-01, -5.235E-02,  9.844E-01         F               0         Tower Z orientation angle, node 11, rad
         67   -2.670E-03                                 F               0         Tower X translation velocity, node 1, m/s
         68   -2.457E-02                                 F               0         Tower Y translation velocity, node 1, m/s
         69    9.037E-04                                 F               0         Tower Z translation velocity, node 1, m/s
         70   -3.832E-03                                 F               0         Tower X translation velocity, node 2, m/s
         71   -4.100E-02                                 F               0         Tower Y translation velocity, node 2, m/s
         72    2.533E-04                                 F               0         Tower Z translation velocity, node 2, m/s
         73   -5.060E-03                                 F               0         Tower X translation velocity, node 3, m/s
         74   -5.767E-02                                 F               0         Tower Y translation velocity, node 3, m/s
         75   -4.037E-04                                 F               0         Tower Z translation velocity, node 3, m/s
         76   -6.331E-03                                 F               0         Tower X translation velocity, node 4, m/s
         77   -7.451E-02                                 F               0         Tower Y translation velocity, node 4, m/s
         78   -1.067E-03                                 F               0         Tower Z translation velocity, node 4, m/s
         79   -7.635E-03                                 F               0         Tower X translation velocity, node 5, m/s
         80   -9.150E-02                                 F               0         Tower Y translation velocity, node 5, m/s
         81   -1.737E-03                                 F               0         Tower Z translation velocity, node 5, m/s
         82   -8.958E-03                                 F               0         Tower X translation velocity, node 6, m/s
         83   -1.086E-01                                 F               0         Tower Y translation velocity, node 6, m/s
         84   -2.413E-03                                 F               0         Tower Z translation velocity, node 6, m/s
         85   -1.029E-02                                 F               0         Tower X translation velocity, node 7, m/s
         86   -1.259E-01                                 F               0         Tower Y translation velocity, node 7, m/s
         87   -3.095E-03                                 F               0         Tower Z translation velocity, node 7, m/s
         88   -1.163E-02                                 F               0         Tower X translation velocity, node 8, m/s
         89   -1.432E-01                                 F               0         Tower Y translation velocity, node 8, m/s
         90   -3.784E-03                                 F               0         Tower Z translation velocity, node 8, m/s
         91   -1.297E-02                                 F               0         Tower X translation velocity, node 9, m/s
         92   -1.605E-01                                 F               0         Tower Y translation velocity, node 9, m/s
         93   -4.477E-03                                 F               0         Tower Z translation velocity, node 9, m/s
         94   -1.431E-02                                 F               0         Tower X translation velocity, node 10, m/s
         95   -1.780E-01                                 F               0         Tower Y translation velocity, node 10, m/s
         96   -5.175E-03                                 F               0         Tower Z translation velocity, node 10, m/s
         97   -1.564E-02                                 F               0         Tower X translation velocity, node 11, m/s
         98   -1.954E-01                                 F               0         Tower Y translation velocity, node 11, m/s
         99   -5.876E-03                                 F               0         Tower Z translation velocity, node 11, m/s
        100    3.685E+01                                 F               0         Hub X translation displacement, node 1, m
        101   -8.065E+00                                 F               0         Hub Y translation displacement, node 1, m
        102   -6.562E-01                                 F               0         Hub Z translation displacement, node 1, m
        103    9.629E-01,  1.958E-02, -2.693E-01         F               0         Hub X orientation angle, node 1, rad
        104   -2.047E-01,  7.031E-01, -6.809E-01         F               0         Hub Y orientation angle, node 1, rad
        105    1.760E-01,  7.108E-01,  6.810E-01         F               0         Hub Z orientation angle, node 1, rad
        106    1.003E+00                                 F               0         Hub X rotation velocity, node 1, rad/s
        107    2.026E-02                                 F               0         Hub Y rotation velocity, node 1, rad/s
        108   -2.803E-01                                 F               0         Hub Z rotation velocity, node 1, rad/s
        109    9.685E-01, -1.292E-03, -2.490E-01         F               0         Blade root 1 X orientation angle, node 1, rad
        110   -1.761E-01,  7.034E-01, -6.886E-01         F               0         Blade root 1 Y orientation angle, node 1, rad
        111    1.760E-01,  7.108E-01,  6.810E-01         F               0         Blade root 1 Z orientation angle, node 1, rad
        112    9.549E-01,  1.174E-02, -2.968E-01         F               0         Blade root 2 X orientation angle, node 1, rad
        113    2.833E-01,  2.645E-01,  9.219E-01         F               0         Blade root 2 Y orientation angle, node 1, rad
        114    8.930E-02, -9.643E-01,  2.492E-01         F               0         Blade root 2 Z orientation angle, node 1, rad
        115    9.639E-01,  4.826E-02, -2.618E-01         F               0         Blade root 3 X orientation angle, node 1, rad
        116   -2.148E-02, -9.661E-01, -2.572E-01         F               0         Blade root 3 Y orientation angle, node 1, rad
        117   -2.653E-01,  2.535E-01, -9.302E-01         F               0         Blade root 3 Z orientation angle, node 1, rad
        118    3.724E+01                                 F               0         Blade 1 X translation displacement, node 1, m
        119   -4.127E+00                                 F               0         Blade 1 Y translation displacement, node 1, m
        120   -2.393E+00                                 F               0         Blade 1 Z translation displacement, node 1, m
        121    3.734E+01                                 F               0         Blade 1 X translation displacement, node 2, m
        122   -3.178E+00                                 F               0         Blade 1 Y translation displacement, node 2, m
        123   -2.812E+00                                 F               0         Blade 1 Z translation displacement, node 2, m
        124    3.864E+01                                 F               0         Blade 1 X translation displacement, node 3, m
        125    9.725E+00                                 F               0         Blade 1 Y translation displacement, node 3, m
        126   -8.502E+00                                 F               0         Blade 1 Z translation displacement, node 3, m
        127    3.891E+01                                 F               0         Blade 1 X translation displacement, node 4, m
        128    1.247E+01                                 F               0         Blade 1 Y translation displacement, node 4, m
        129   -9.715E+00                                 F               0         Blade 1 Z translation displacement, node 4, m
        130    3.919E+01                                 F               0         Blade 1 X translation displacement, node 5, m
        131    1.522E+01                                 F               0         Blade 1 Y translation displacement, node 5, m
        132   -1.093E+01                                 F               0         Blade 1 Z translation displacement, node 5, m
        133    3.947E+01                                 F               0         Blade 1 X translation displacement, node 6, m
        134    1.797E+01                                 F               0         Blade 1 Y translation displacement, node 6, m
        135   -1.214E+01                                 F               0         Blade 1 Z translation displacement, node 6, m
        136    3.974E+01                                 F               0         Blade 1 X translation displacement, node 7, m
        137    2.072E+01                                 F               0         Blade 1 Y translation displacement, node 7, m
        138   -1.335E+01                                 F               0         Blade 1 Z translation displacement, node 7, m
        139    4.002E+01                                 F               0         Blade 1 X translation displacement, node 8, m
        140    2.347E+01                                 F               0         Blade 1 Y translation displacement, node 8, m
        141   -1.456E+01                                 F               0         Blade 1 Z translation displacement, node 8, m
        142    4.030E+01                                 F               0         Blade 1 X translation displacement, node 9, m
        143    2.622E+01                                 F               0         Blade 1 Y translation displacement, node 9, m
        144   -1.578E+01                                 F               0         Blade 1 Z translation displacement, node 9, m
        145    4.057E+01                                 F               0         Blade 1 X translation displacement, node 10, m
        146    2.897E+01                                 F               0         Blade 1 Y translation displacement, node 10, m
        147   -1.699E+01                                 F               0         Blade 1 Z translation displacement, node 10, m
        148    4.085E+01                                 F               0         Blade 1 X translation displacement, node 11, m
        149    3.172E+01                                 F               0         Blade 1 Y translation displacement, node 11, m
        150   -1.820E+01                                 F               0         Blade 1 Z translation displacement, node 11, m
        151    4.113E+01                                 F               0         Blade 1 X translation displacement, node 12, m
        152    3.447E+01                                 F               0         Blade 1 Y translation displacement, node 12, m
        153   -1.941E+01                                 F               0         Blade 1 Z translation displacement, node 12, m
        154    4.140E+01                                 F               0         Blade 1 X translation displacement, node 13, m
        155    3.722E+01                                 F               0         Blade 1 Y translation displacement, node 13, m
        156   -2.063E+01                                 F               0         Blade 1 Z translation displacement, node 13, m
        157    4.168E+01                                 F               0         Blade 1 X translation displacement, node 14, m
        158    3.996E+01                                 F               0         Blade 1 Y translation displacement, node 14, m
        159   -2.184E+01                                 F               0         Blade 1 Z translation displacement, node 14, m
        160    4.196E+01                                 F               0         Blade 1 X translation displacement, node 15, m
        161    4.271E+01                                 F               0         Blade 1 Y translation displacement, node 15, m
        162   -2.305E+01                                 F               0         Blade 1 Z translation displacement, node 15, m
        163    4.223E+01                                 F               0         Blade 1 X translation displacement, node 16, m
        164    4.546E+01                                 F               0         Blade 1 Y translation displacement, node 16, m
        165   -2.426E+01                                 F               0         Blade 1 Z translation displacement, node 16, m
        166    4.251E+01                                 F               0         Blade 1 X translation displacement, node 17, m
        167    4.821E+01                                 F               0         Blade 1 Y translation displacement, node 17, m
        168   -2.548E+01                                 F               0         Blade 1 Z translation displacement, node 17, m
        169    4.278E+01                                 F               0         Blade 1 X translation displacement, node 18, m
        170    5.096E+01                                 F               0         Blade 1 Y translation displacement, node 18, m
        171   -2.669E+01                                 F               0         Blade 1 Z translation displacement, node 18, m
        172    4.306E+01                                 F               0         Blade 1 X translation displacement, node 19, m
        173    5.371E+01                                 F               0         Blade 1 Y translation displacement, node 19, m
        174   -2.790E+01                                 F               0         Blade 1 Z translation displacement, node 19, m
        175    4.334E+01                                 F               0         Blade 1 X translation displacement, node 20, m
        176    5.646E+01                                 F               0         Blade 1 Y translation displacement, node 20, m
        177   -2.911E+01                                 F               0         Blade 1 Z translation displacement, node 20, m
        178    4.361E+01                                 F               0         Blade 1 X translation displacement, node 21, m
        179    5.921E+01                                 F               0         Blade 1 Y translation displacement, node 21, m
        180   -3.033E+01                                 F               0         Blade 1 Z translation displacement, node 21, m
        181    4.389E+01                                 F               0         Blade 1 X translation displacement, node 22, m
        182    6.196E+01                                 F               0         Blade 1 Y translation displacement, node 22, m
        183   -3.154E+01                                 F               0         Blade 1 Z translation displacement, node 22, m
        184    4.417E+01                                 F               0         Blade 1 X translation displacement, node 23, m
        185    6.471E+01                                 F               0         Blade 1 Y translation displacement, node 23, m
        186   -3.275E+01                                 F               0         Blade 1 Z translation displacement, node 23, m
        187    4.444E+01                                 F               0         Blade 1 X translation displacement, node 24, m
        188    6.746E+01                                 F               0         Blade 1 Y translation displacement, node 24, m
        189   -3.396E+01                                 F               0         Blade 1 Z translation displacement, node 24, m
        190    4.472E+01                                 F               0         Blade 1 X translation displacement, node 25, m
        191    7.020E+01                                 F               0         Blade 1 Y translation displacement, node 25, m
        192   -3.518E+01                                 F               0         Blade 1 Z translation displacement, node 25, m
        193    4.500E+01                                 F               0         Blade 1 X translation displacement, node 26, m
        194    7.295E+01                                 F               0         Blade 1 Y translation displacement, node 26, m
        195   -3.639E+01                                 F               0         Blade 1 Z translation displacement, node 26, m
        196    4.527E+01                                 F               0         Blade 1 X translation displacement, node 27, m
        197    7.570E+01                                 F               0         Blade 1 Y translation displacement, node 27, m
        198   -3.760E+01                                 F               0         Blade 1 Z translation displacement, node 27, m
        199    4.551E+01                                 F               0         Blade 1 X translation displacement, node 28, m
        200    7.803E+01                                 F               0         Blade 1 Y translation displacement, node 28, m
        201   -3.863E+01                                 F               0         Blade 1 Z translation displacement, node 28, m
        202    9.422E-01, -3.219E-01,  9.244E-02         F               0         Blade 1 X orientation angle, node 1, rad
        203    2.849E-01,  6.254E-01, -7.264E-01         F               0         Blade 1 Y orientation angle, node 1, rad
        204    1.760E-01,  7.108E-01,  6.810E-01         F               0         Blade 1 Z orientation angle, node 1, rad
        205    9.422E-01, -3.219E-01,  9.244E-02         F               0         Blade 1 X orientation angle, node 2, rad
        206    2.849E-01,  6.254E-01, -7.264E-01         F               0         Blade 1 Y orientation angle, node 2, rad
        207    1.760E-01,  7.108E-01,  6.810E-01         F               0         Blade 1 Z orientation angle, node 2, rad
        208    9.829E-01, -1.645E-01, -8.236E-02         F               0         Blade 1 X orientation angle, node 3, rad
        209    5.350E-02,  6.839E-01, -7.276E-01         F               0         Blade 1 Y orientation angle, node 3, rad
        210    1.760E-01,  7.108E-01,  6.810E-01         F               0         Blade 1 Z orientation angle, node 3, rad
        211    9.843E-01, -1.355E-01, -1.130E-01         F               0         Blade 1 X orientation angle, node 4, rad
        212    1.194E-02,  6.902E-01, -7.235E-01         F               0         Blade 1 Y orientation angle, node 4, rad
        213    1.760E-01,  7.108E-01,  6.810E-01         F               0         Blade 1 Z orientation angle, node 4, rad
        214    9.842E-01, -1.125E-01, -1.369E-01         F               0         Blade 1 X orientation angle, node 5, rad
        215   -2.070E-02,  6.943E-01, -7.193E-01         F               0         Blade 1 Y orientation angle, node 5, rad
        216    1.760E-01,  7.108E-01,  6.810E-01         F               0         Blade 1 Z orientation angle, node 5, rad
        217    9.833E-01, -9.407E-02, -1.560E-01         F               0         Blade 1 X orientation angle, node 6, rad
        218   -4.680E-02,  6.971E-01, -7.155E-01         F               0         Blade 1 Y orientation angle, node 6, rad
        219    1.760E-01,  7.108E-01,  6.810E-01         F               0         Blade 1 Z orientation angle, node 6, rad
        220    9.820E-01, -7.884E-02, -1.715E-01         F               0         Blade 1 X orientation angle, node 7, rad
        221   -6.824E-02,  6.990E-01, -7.119E-01         F               0         Blade 1 Y orientation angle, node 7, rad
        222    1.760E-01,  7.108E-01,  6.810E-01         F               0         Blade 1 Z orientation angle, node 7, rad
        223    9.806E-01, -6.614E-02, -1.844E-01         F               0         Blade 1 X orientation angle, node 8, rad
        224   -8.605E-02,  7.003E-01, -7.087E-01         F               0         Blade 1 Y orientation angle, node 8, rad
        225    1.760E-01,  7.108E-01,  6.810E-01         F               0         Blade 1 Z orientation angle, node 8, rad
        226    9.792E-01, -5.538E-02, -1.953E-01         F               0         Blade 1 X orientation angle, node 9, rad
        227   -1.011E-01,  7.012E-01, -7.057E-01         F               0         Blade 1 Y orientation angle, node 9, rad
        228    1.760E-01,  7.108E-01,  6.810E-01         F               0         Blade 1 Z orientation angle, node 9, rad
        229    9.778E-01, -4.607E-02, -2.046E-01         F               0         Blade 1 X orientation angle, node 10, rad
        230   -1.141E-01,  7.019E-01, -7.031E-01         F               0         Blade 1 Y orientation angle, node 10, rad
        231    1.760E-01,  7.108E-01,  6.810E-01         F               0         Blade 1 Z orientation angle, node 10, rad
        232    9.764E-01, -3.810E-02, -2.126E-01         F               0         Blade 1 X orientation angle, node 11, rad
        233   -1.252E-01,  7.024E-01, -7.007E-01         F               0         Blade 1 Y orientation angle, node 11, rad
        234    1.760E-01,  7.108E-01,  6.810E-01         F               0         Blade 1 Z orientation angle, node 11, rad
        235    9.751E-01, -3.111E-02, -2.196E-01         F               0         Blade 1 X orientation angle, node 12, rad
        236   -1.349E-01,  7.027E-01, -6.986E-01         F               0         Blade 1 Y orientation angle, node 12, rad
        237    1.760E-01,  7.108E-01,  6.810E-01         F               0         Blade 1 Z orientation angle, node 12, rad
        238    9.739E-01, -2.498E-02, -2.256E-01         F               0         Blade 1 X orientation angle, node 13, rad
        239   -1.434E-01,  7.030E-01, -6.966E-01         F               0         Blade 1 Y orientation angle, node 13, rad
        240    1.760E-01,  7.108E-01,  6.810E-01         F               0         Blade 1 Z orientation angle, node 13, rad
        241    9.727E-01, -1.946E-02, -2.311E-01         F               0         Blade 1 X orientation angle, node 14, rad
        242   -1.510E-01,  7.031E-01, -6.948E-01         F               0         Blade 1 Y orientation angle, node 14, rad
        243    1.760E-01,  7.108E-01,  6.810E-01         F               0         Blade 1 Z orientation angle, node 14, rad
        244    9.717E-01, -1.455E-02, -2.360E-01         F               0         Blade 1 X orientation angle, node 15, rad
        245   -1.578E-01,  7.033E-01, -6.932E-01         F               0         Blade 1 Y orientation angle, node 15, rad
        246    1.760E-01,  7.108E-01,  6.810E-01         F               0         Blade 1 Z orientation angle, node 15, rad
        247    9.706E-01, -1.013E-02, -2.403E-01         F               0         Blade 1 X orientation angle, node 16, rad
        248   -1.639E-01,  7.033E-01, -6.917E-01         F               0         Blade 1 Y orientation angle, node 16, rad
        249    1.760E-01,  7.108E-01,  6.810E-01         F               0         Blade 1 Z orientation angle, node 16, rad
        250    9.697E-01, -6.203E-03, -2.442E-01         F               0         Blade 1 X orientation angle, node 17, rad
        251   -1.693E-01,  7.034E-01, -6.904E-01         F               0         Blade 1 Y orientation angle, node 17, rad
        252    1.760E-01,  7.108E-01,  6.810E-01         F               0         Blade 1 Z orientation angle, node 17, rad
        253    9.688E-01, -2.520E-03, -2.478E-01         F               0         Blade 1 X orientation angle, node 18, rad
        254   -1.744E-01,  7.034E-01, -6.891E-01         F               0         Blade 1 Y orientation angle, node 18, rad
        255    1.760E-01,  7.108E-01,  6.810E-01         F               0         Blade 1 Z orientation angle, node 18, rad
        256    9.680E-01,  7.949E-04, -2.510E-01         F               0         Blade 1 X orientation angle, node 19, rad
        257   -1.790E-01,  7.034E-01, -6.879E-01         F               0         Blade 1 Y orientation angle, node 19, rad
        258    1.760E-01,  7.108E-01,  6.810E-01         F               0         Blade 1 Z orientation angle, node 19, rad
        259    9.672E-01,  3.741E-03, -2.539E-01         F               0         Blade 1 X orientation angle, node 20, rad
        260   -1.830E-01,  7.034E-01, -6.868E-01         F               0         Blade 1 Y orientation angle, node 20, rad
        261    1.760E-01,  7.108E-01,  6.810E-01         F               0         Blade 1 Z orientation angle, node 20, rad
        262    9.665E-01,  6.565E-03, -2.567E-01         F               0         Blade 1 X orientation angle, node 21, rad
        263   -1.869E-01,  7.034E-01, -6.858E-01         F               0         Blade 1 Y orientation angle, node 21, rad
        264    1.760E-01,  7.108E-01,  6.810E-01         F               0         Blade 1 Z orientation angle, node 21, rad
        265    9.658E-01,  9.143E-03, -2.592E-01         F               0         Blade 1 X orientation angle, node 22, rad
        266   -1.904E-01,  7.033E-01, -6.849E-01         F               0         Blade 1 Y orientation angle, node 22, rad
        267    1.760E-01,  7.108E-01,  6.810E-01         F               0         Blade 1 Z orientation angle, node 22, rad
        268    9.652E-01,  1.148E-02, -2.614E-01         F               0         Blade 1 X orientation angle, node 23, rad
        269   -1.936E-01,  7.033E-01, -6.840E-01         F               0         Blade 1 Y orientation angle, node 23, rad
        270    1.760E-01,  7.108E-01,  6.810E-01         F               0         Blade 1 Z orientation angle, node 23, rad
        271    9.645E-01,  1.368E-02, -2.636E-01         F               0         Blade 1 X orientation angle, node 24, rad
        272   -1.967E-01,  7.033E-01, -6.832E-01         F               0         Blade 1 Y orientation angle, node 24, rad
        273    1.760E-01,  7.108E-01,  6.810E-01         F               0         Blade 1 Z orientation angle, node 24, rad
        274    9.640E-01,  1.577E-02, -2.656E-01         F               0         Blade 1 X orientation angle, node 25, rad
        275   -1.995E-01,  7.032E-01, -6.824E-01         F               0         Blade 1 Y orientation angle, node 25, rad
        276    1.760E-01,  7.108E-01,  6.810E-01         F               0         Blade 1 Z orientation angle, node 25, rad
        277    9.634E-01,  1.761E-02, -2.674E-01         F               0         Blade 1 X orientation angle, node 26, rad
        278   -2.021E-01,  7.032E-01, -6.817E-01         F               0         Blade 1 Y orientation angle, node 26, rad
        279    1.760E-01,  7.108E-01,  6.810E-01         F               0         Blade 1 Z orientation angle, node 26, rad
        280    9.629E-01,  1.945E-02, -2.692E-01         F               0         Blade 1 X orientation angle, node 27, rad
        281   -2.046E-01,  7.031E-01, -6.810E-01         F               0         Blade 1 Y orientation angle, node 27, rad
        282    1.760E-01,  7.108E-01,  6.810E-01         F               0         Blade 1 Z orientation angle, node 27, rad
        283    9.626E-01,  2.043E-02, -2.701E-01         F               0         Blade 1 X orientation angle, node 28, rad
        284   -2.059E-01,  7.031E-01, -6.806E-01         F               0         Blade 1 Y orientation angle, node 28, rad
        285    1.760E-01,  7.108E-01,  6.810E-01         F               0         Blade 1 Z orientation angle, node 28, rad
        286    1.164E+00                                 F               0         Blade 1 X translation velocity, node 1, m/s
        287   -4.265E+00                                 F               0         Blade 1 Y translation velocity, node 1, m/s
        288    3.922E+00                                 F               0         Blade 1 Z translation velocity, node 1, m/s
        289    1.448E+00                                 F               0         Blade 1 X translation velocity, node 2, m/s
        290   -5.243E+00                                 F               0         Blade 1 Y translation velocity, node 2, m/s
        291    4.869E+00                                 F               0         Blade 1 Z translation velocity, node 2, m/s
        292    5.315E+00                                 F               0         Blade 1 X translation velocity, node 3, m/s
        293   -1.854E+01                                 F               0         Blade 1 Y translation velocity, node 3, m/s
        294    1.775E+01                                 F               0         Blade 1 Z translation velocity, node 3, m/s
        295    6.139E+00                                 F               0         Blade 1 X translation velocity, node 4, m/s
        296   -2.137E+01                                 F               0         Blade 1 Y translation velocity, node 4, m/s
        297    2.049E+01                                 F               0         Blade 1 Z translation velocity, node 4, m/s
        298    6.963E+00                                 F               0         Blade 1 X translation velocity, node 5, m/s
        299   -2.420E+01                                 F               0         Blade 1 Y translation velocity, node 5, m/s
        300    2.323E+01                                 F               0         Blade 1 Z translation velocity, node 5, m/s
        301    7.787E+00                                 F               0         Blade 1 X translation velocity, node 6, m/s
        302   -2.704E+01                                 F               0         Blade 1 Y translation velocity, node 6, m/s
        303    2.598E+01                                 F               0         Blade 1 Z translation velocity, node 6, m/s
        304    8.611E+00                                 F               0         Blade 1 X translation velocity, node 7, m/s
        305   -2.987E+01                                 F               0         Blade 1 Y translation velocity, node 7, m/s
        306    2.872E+01                                 F               0         Blade 1 Z translation velocity, node 7, m/s
        307    9.435E+00                                 F               0         Blade 1 X translation velocity, node 8, m/s
