
Linearized model: Predictions were generated on 12-Feb-2024 at 15:30:16 using OpenFAST, compiled as a 64-bit application using single precision at commit v3.5.1
 linked with  NWTC Subroutine Library; ElastoDyn; InflowWind; AeroDyn; ServoDyn; HydroDyn; MAP++ (<1.20.10>, <Oct-20-2023>)

Description from the FAST input file: CCT-9 Campign 4 model. Input files to be run with OpenFAST 3.5.0. GitHub branch from Lu Wang (https://github.com/luwang00/openfast/tree/dev) compiled on March 7, 2023.

Simulation information:
   Simulation time:                  1002.2500 s
   Rotor Speed:                         1.0395 rad/s
   Azimuth:                             3.3879 rad
   Wind Speed:                         12.0000 m/s
   Number of continuous states:         0
   Number of discrete states:           0
   Number of constraint states:         0
   Number of inputs:                 1746
   Number of outputs:                   4
   Jacobians included in this file?    No

Order of inputs:
     Column   Operating Point                     Rotating Frame? Derivative Order Description
   ---------- ---------------                     --------------- ---------------- -----------
          1    1.514E+01                                 F               0         Tower X translation displacement, node 1, m
          2   -1.075E+00                                 F               0         Tower Y translation displacement, node 1, m
          3   -5.038E-01                                 F               0         Tower Z translation displacement, node 1, m
          4    1.708E+01                                 F               0         Tower X translation displacement, node 2, m
          5   -1.655E+00                                 F               0         Tower Y translation displacement, node 2, m
          6   -6.695E-01                                 F               0         Tower Z translation displacement, node 2, m
          7    1.904E+01                                 F               0         Tower X translation displacement, node 3, m
          8   -2.239E+00                                 F               0         Tower Y translation displacement, node 3, m
          9   -8.410E-01                                 F               0         Tower Z translation displacement, node 3, m
         10    2.104E+01                                 F               0         Tower X translation displacement, node 4, m
         11   -2.829E+00                                 F               0         Tower Y translation displacement, node 4, m
         12   -1.017E+00                                 F               0         Tower Z translation displacement, node 4, m
         13    2.305E+01                                 F               0         Tower X translation displacement, node 5, m
         14   -3.422E+00                                 F               0         Tower Y translation displacement, node 5, m
         15   -1.197E+00                                 F               0         Tower Z translation displacement, node 5, m
         16    2.508E+01                                 F               0         Tower X translation displacement, node 6, m
         17   -4.019E+00                                 F               0         Tower Y translation displacement, node 6, m
         18   -1.380E+00                                 F               0         Tower Z translation displacement, node 6, m
         19    2.713E+01                                 F               0         Tower X translation displacement, node 7, m
         20   -4.618E+00                                 F               0         Tower Y translation displacement, node 7, m
         21   -1.565E+00                                 F               0         Tower Z translation displacement, node 7, m
         22    2.919E+01                                 F               0         Tower X translation displacement, node 8, m
         23   -5.219E+00                                 F               0         Tower Y translation displacement, node 8, m
         24   -1.753E+00                                 F               0         Tower Z translation displacement, node 8, m
         25    3.125E+01                                 F               0         Tower X translation displacement, node 9, m
         26   -5.821E+00                                 F               0         Tower Y translation displacement, node 9, m
         27   -1.942E+00                                 F               0         Tower Z translation displacement, node 9, m
         28    3.333E+01                                 F               0         Tower X translation displacement, node 10, m
         29   -6.425E+00                                 F               0         Tower Y translation displacement, node 10, m
         30   -2.132E+00                                 F               0         Tower Z translation displacement, node 10, m
         31    3.540E+01                                 F               0         Tower X translation displacement, node 11, m
         32   -7.030E+00                                 F               0         Tower Y translation displacement, node 11, m
         33   -2.322E+00                                 F               0         Tower Z translation displacement, node 11, m
         34    9.879E-01,  1.383E-02, -1.548E-01         F               0         Tower X orientation angle, node 1, rad
         35   -6.421E-03,  9.988E-01,  4.829E-02         F               0         Tower Y orientation angle, node 1, rad
         36    1.553E-01, -4.671E-02,  9.868E-01         F               0         Tower Z orientation angle, node 1, rad
         37    9.874E-01,  1.396E-02, -1.574E-01         F               0         Tower X orientation angle, node 2, rad
         38   -6.349E-03,  9.988E-01,  4.875E-02         F               0         Tower Y orientation angle, node 2, rad
         39    1.579E-01, -4.714E-02,  9.863E-01         F               0         Tower Z orientation angle, node 2, rad
         40    9.871E-01,  1.407E-02, -1.597E-01         F               0         Tower X orientation angle, node 3, rad
         41   -6.283E-03,  9.988E-01,  4.916E-02         F               0         Tower Y orientation angle, node 3, rad
         42    1.602E-01, -4.752E-02,  9.859E-01         F               0         Tower Z orientation angle, node 3, rad
         43    9.867E-01,  1.416E-02, -1.617E-01         F               0         Tower X orientation angle, node 4, rad
         44   -6.224E-03,  9.988E-01,  4.952E-02         F               0         Tower Y orientation angle, node 4, rad
         45    1.622E-01, -4.785E-02,  9.856E-01         F               0         Tower Z orientation angle, node 4, rad
         46    9.865E-01,  1.424E-02, -1.633E-01         F               0         Tower X orientation angle, node 5, rad
         47   -6.174E-03,  9.987E-01,  4.982E-02         F               0         Tower Y orientation angle, node 5, rad
         48    1.638E-01, -4.814E-02,  9.853E-01         F               0         Tower Z orientation angle, node 5, rad
         49    9.863E-01,  1.431E-02, -1.646E-01         F               0         Tower X orientation angle, node 6, rad
         50   -6.131E-03,  9.987E-01,  5.008E-02         F               0         Tower Y orientation angle, node 6, rad
         51    1.651E-01, -4.838E-02,  9.851E-01         F               0         Tower Z orientation angle, node 6, rad
         52    9.861E-01,  1.436E-02, -1.657E-01         F               0         Tower X orientation angle, node 7, rad
         53   -6.096E-03,  9.987E-01,  5.029E-02         F               0         Tower Y orientation angle, node 7, rad
         54    1.662E-01, -4.858E-02,  9.849E-01         F               0         Tower Z orientation angle, node 7, rad
         55    9.859E-01,  1.440E-02, -1.664E-01         F               0         Tower X orientation angle, node 8, rad
         56   -6.069E-03,  9.987E-01,  5.045E-02         F               0         Tower Y orientation angle, node 8, rad
         57    1.669E-01, -4.873E-02,  9.848E-01         F               0         Tower Z orientation angle, node 8, rad
         58    9.859E-01,  1.443E-02, -1.670E-01         F               0         Tower X orientation angle, node 9, rad
         59   -6.049E-03,  9.987E-01,  5.056E-02         F               0         Tower Y orientation angle, node 9, rad
         60    1.675E-01, -4.884E-02,  9.847E-01         F               0         Tower Z orientation angle, node 9, rad
         61    9.858E-01,  1.444E-02, -1.673E-01         F               0         Tower X orientation angle, node 10, rad
         62   -6.036E-03,  9.987E-01,  5.064E-02         F               0         Tower Y orientation angle, node 10, rad
         63    1.678E-01, -4.891E-02,  9.846E-01         F               0         Tower Z orientation angle, node 10, rad
         64    9.858E-01,  1.445E-02, -1.675E-01         F               0         Tower X orientation angle, node 11, rad
         65   -6.029E-03,  9.987E-01,  5.068E-02         F               0         Tower Y orientation angle, node 11, rad
         66    1.680E-01, -4.895E-02,  9.846E-01         F               0         Tower Z orientation angle, node 11, rad
         67   -2.159E-03                                 F               0         Tower X translation velocity, node 1, m/s
         68   -3.485E-02                                 F               0         Tower Y translation velocity, node 1, m/s
         69   -2.269E-03                                 F               0         Tower Z translation velocity, node 1, m/s
         70   -2.922E-03                                 F               0         Tower X translation velocity, node 2, m/s
         71   -5.824E-02                                 F               0         Tower Y translation velocity, node 2, m/s
         72   -3.259E-03                                 F               0         Tower Z translation velocity, node 2, m/s
         73   -3.752E-03                                 F               0         Tower X translation velocity, node 3, m/s
         74   -8.194E-02                                 F               0         Tower Y translation velocity, node 3, m/s
         75   -4.264E-03                                 F               0         Tower Z translation velocity, node 3, m/s
         76   -4.633E-03                                 F               0         Tower X translation velocity, node 4, m/s
         77   -1.059E-01                                 F               0         Tower Y translation velocity, node 4, m/s
         78   -5.279E-03                                 F               0         Tower Z translation velocity, node 4, m/s
         79   -5.557E-03                                 F               0         Tower X translation velocity, node 5, m/s
         80   -1.301E-01                                 F               0         Tower Y translation velocity, node 5, m/s
         81   -6.304E-03                                 F               0         Tower Z translation velocity, node 5, m/s
         82   -6.515E-03                                 F               0         Tower X translation velocity, node 6, m/s
         83   -1.544E-01                                 F               0         Tower Y translation velocity, node 6, m/s
         84   -7.337E-03                                 F               0         Tower Z translation velocity, node 6, m/s
         85   -7.499E-03                                 F               0         Tower X translation velocity, node 7, m/s
         86   -1.789E-01                                 F               0         Tower Y translation velocity, node 7, m/s
         87   -8.377E-03                                 F               0         Tower Z translation velocity, node 7, m/s
         88   -8.505E-03                                 F               0         Tower X translation velocity, node 8, m/s
         89   -2.035E-01                                 F               0         Tower Y translation velocity, node 8, m/s
         90   -9.423E-03                                 F               0         Tower Z translation velocity, node 8, m/s
         91   -9.527E-03                                 F               0         Tower X translation velocity, node 9, m/s
         92   -2.282E-01                                 F               0         Tower Y translation velocity, node 9, m/s
         93   -1.047E-02                                 F               0         Tower Z translation velocity, node 9, m/s
         94   -1.056E-02                                 F               0         Tower X translation velocity, node 10, m/s
         95   -2.530E-01                                 F               0         Tower Y translation velocity, node 10, m/s
         96   -1.153E-02                                 F               0         Tower Z translation velocity, node 10, m/s
         97   -1.160E-02                                 F               0         Tower X translation velocity, node 11, m/s
         98   -2.778E-01                                 F               0         Tower Y translation velocity, node 11, m/s
         99   -1.258E-02                                 F               0         Tower Z translation velocity, node 11, m/s
        100    3.687E+01                                 F               0         Hub X translation displacement, node 1, m
        101   -7.571E+00                                 F               0         Hub Y translation displacement, node 1, m
        102   -6.344E-01                                 F               0         Hub Z translation displacement, node 1, m
        103    9.628E-01,  1.949E-02, -2.695E-01         F               0         Hub X orientation angle, node 1, rad
        104   -6.002E-02, -9.570E-01, -2.836E-01         F               0         Hub Y orientation angle, node 1, rad
        105   -2.634E-01,  2.893E-01, -9.203E-01         F               0         Hub Z orientation angle, node 1, rad
        106    1.003E+00                                 F               0         Hub X rotation velocity, node 1, rad/s
        107    2.020E-02                                 F               0         Hub Y rotation velocity, node 1, rad/s
        108   -2.806E-01                                 F               0         Hub Z rotation velocity, node 1, rad/s
        109    9.642E-01,  4.787E-02, -2.609E-01         F               0         Blade root 1 X orientation angle, node 1, rad
        110   -3.143E-02, -9.560E-01, -2.915E-01         F               0         Blade root 1 Y orientation angle, node 1, rad
        111   -2.634E-01,  2.893E-01, -9.203E-01         F               0         Blade root 1 Z orientation angle, node 1, rad
        112    9.683E-01, -2.148E-03, -2.499E-01         F               0         Blade root 2 X orientation angle, node 1, rad
        113   -1.695E-01,  7.293E-01, -6.629E-01         F               0         Blade root 2 Y orientation angle, node 1, rad
        114    1.837E-01,  6.842E-01,  7.058E-01         F               0         Blade root 2 Z orientation angle, node 1, rad
        115    9.547E-01,  1.272E-02, -2.972E-01         F               0         Blade root 3 X orientation angle, node 1, rad
        116    2.866E-01,  2.285E-01,  9.304E-01         F               0         Blade root 3 Y orientation angle, node 1, rad
        117    7.974E-02, -9.735E-01,  2.145E-01         F               0         Blade root 3 Z orientation angle, node 1, rad
        118    3.484E+01                                 F               0         Blade 1 X translation displacement, node 1, m
        119   -5.968E+00                                 F               0         Blade 1 Y translation displacement, node 1, m
        120   -1.124E+01                                 F               0         Blade 1 Z translation displacement, node 1, m
        121    3.434E+01                                 F               0         Blade 1 X translation displacement, node 2, m
        122   -5.582E+00                                 F               0         Blade 1 Y translation displacement, node 2, m
        123   -1.380E+01                                 F               0         Blade 1 Z translation displacement, node 2, m
        124    2.767E+01                                 F               0         Blade 1 X translation displacement, node 3, m
        125   -3.308E-01                                 F               0         Blade 1 Y translation displacement, node 3, m
        126   -4.856E+01                                 F               0         Blade 1 Z translation displacement, node 3, m
        127    2.624E+01                                 F               0         Blade 1 X translation displacement, node 4, m
        128    7.880E-01                                 F               0         Blade 1 Y translation displacement, node 4, m
        129   -5.596E+01                                 F               0         Blade 1 Z translation displacement, node 4, m
        130    2.482E+01                                 F               0         Blade 1 X translation displacement, node 5, m
        131    1.907E+00                                 F               0         Blade 1 Y translation displacement, node 5, m
        132   -6.337E+01                                 F               0         Blade 1 Z translation displacement, node 5, m
        133    2.340E+01                                 F               0         Blade 1 X translation displacement, node 6, m
        134    3.026E+00                                 F               0         Blade 1 Y translation displacement, node 6, m
        135   -7.077E+01                                 F               0         Blade 1 Z translation displacement, node 6, m
        136    2.197E+01                                 F               0         Blade 1 X translation displacement, node 7, m
        137    4.144E+00                                 F               0         Blade 1 Y translation displacement, node 7, m
        138   -7.818E+01                                 F               0         Blade 1 Z translation displacement, node 7, m
        139    2.055E+01                                 F               0         Blade 1 X translation displacement, node 8, m
        140    5.263E+00                                 F               0         Blade 1 Y translation displacement, node 8, m
        141   -8.559E+01                                 F               0         Blade 1 Z translation displacement, node 8, m
        142    1.913E+01                                 F               0         Blade 1 X translation displacement, node 9, m
        143    6.382E+00                                 F               0         Blade 1 Y translation displacement, node 9, m
        144   -9.299E+01                                 F               0         Blade 1 Z translation displacement, node 9, m
        145    1.770E+01                                 F               0         Blade 1 X translation displacement, node 10, m
        146    7.501E+00                                 F               0         Blade 1 Y translation displacement, node 10, m
        147   -1.004E+02                                 F               0         Blade 1 Z translation displacement, node 10, m
        148    1.628E+01                                 F               0         Blade 1 X translation displacement, node 11, m
        149    8.620E+00                                 F               0         Blade 1 Y translation displacement, node 11, m
        150   -1.078E+02                                 F               0         Blade 1 Z translation displacement, node 11, m
        151    1.486E+01                                 F               0         Blade 1 X translation displacement, node 12, m
        152    9.739E+00                                 F               0         Blade 1 Y translation displacement, node 12, m
        153   -1.152E+02                                 F               0         Blade 1 Z translation displacement, node 12, m
        154    1.343E+01                                 F               0         Blade 1 X translation displacement, node 13, m
        155    1.086E+01                                 F               0         Blade 1 Y translation displacement, node 13, m
        156   -1.226E+02                                 F               0         Blade 1 Z translation displacement, node 13, m
        157    1.201E+01                                 F               0         Blade 1 X translation displacement, node 14, m
        158    1.198E+01                                 F               0         Blade 1 Y translation displacement, node 14, m
        159   -1.300E+02                                 F               0         Blade 1 Z translation displacement, node 14, m
        160    1.059E+01                                 F               0         Blade 1 X translation displacement, node 15, m
        161    1.310E+01                                 F               0         Blade 1 Y translation displacement, node 15, m
        162   -1.374E+02                                 F               0         Blade 1 Z translation displacement, node 15, m
        163    9.164E+00                                 F               0         Blade 1 X translation displacement, node 16, m
        164    1.421E+01                                 F               0         Blade 1 Y translation displacement, node 16, m
        165   -1.448E+02                                 F               0         Blade 1 Z translation displacement, node 16, m
        166    7.741E+00                                 F               0         Blade 1 X translation displacement, node 17, m
        167    1.533E+01                                 F               0         Blade 1 Y translation displacement, node 17, m
        168   -1.522E+02                                 F               0         Blade 1 Z translation displacement, node 17, m
        169    6.318E+00                                 F               0         Blade 1 X translation displacement, node 18, m
        170    1.645E+01                                 F               0         Blade 1 Y translation displacement, node 18, m
        171   -1.596E+02                                 F               0         Blade 1 Z translation displacement, node 18, m
        172    4.894E+00                                 F               0         Blade 1 X translation displacement, node 19, m
        173    1.757E+01                                 F               0         Blade 1 Y translation displacement, node 19, m
        174   -1.671E+02                                 F               0         Blade 1 Z translation displacement, node 19, m
        175    3.471E+00                                 F               0         Blade 1 X translation displacement, node 20, m
        176    1.869E+01                                 F               0         Blade 1 Y translation displacement, node 20, m
        177   -1.745E+02                                 F               0         Blade 1 Z translation displacement, node 20, m
        178    2.048E+00                                 F               0         Blade 1 X translation displacement, node 21, m
        179    1.981E+01                                 F               0         Blade 1 Y translation displacement, node 21, m
        180   -1.819E+02                                 F               0         Blade 1 Z translation displacement, node 21, m
        181    6.247E-01                                 F               0         Blade 1 X translation displacement, node 22, m
        182    2.093E+01                                 F               0         Blade 1 Y translation displacement, node 22, m
        183   -1.893E+02                                 F               0         Blade 1 Z translation displacement, node 22, m
        184   -7.984E-01                                 F               0         Blade 1 X translation displacement, node 23, m
        185    2.205E+01                                 F               0         Blade 1 Y translation displacement, node 23, m
        186   -1.967E+02                                 F               0         Blade 1 Z translation displacement, node 23, m
        187   -2.221E+00                                 F               0         Blade 1 X translation displacement, node 24, m
        188    2.316E+01                                 F               0         Blade 1 Y translation displacement, node 24, m
        189   -2.041E+02                                 F               0         Blade 1 Z translation displacement, node 24, m
        190   -3.645E+00                                 F               0         Blade 1 X translation displacement, node 25, m
        191    2.428E+01                                 F               0         Blade 1 Y translation displacement, node 25, m
        192   -2.115E+02                                 F               0         Blade 1 Z translation displacement, node 25, m
        193   -5.068E+00                                 F               0         Blade 1 X translation displacement, node 26, m
        194    2.540E+01                                 F               0         Blade 1 Y translation displacement, node 26, m
        195   -2.189E+02                                 F               0         Blade 1 Z translation displacement, node 26, m
        196   -6.491E+00                                 F               0         Blade 1 X translation displacement, node 27, m
        197    2.652E+01                                 F               0         Blade 1 Y translation displacement, node 27, m
        198   -2.263E+02                                 F               0         Blade 1 Z translation displacement, node 27, m
        199   -7.698E+00                                 F               0         Blade 1 X translation displacement, node 28, m
        200    2.747E+01                                 F               0         Blade 1 Y translation displacement, node 28, m
        201   -2.326E+02                                 F               0         Blade 1 Z translation displacement, node 28, m
        202    8.724E-01,  4.786E-01, -9.930E-02         F               0         Blade 1 X orientation angle, node 1, rad
        203    4.117E-01, -8.290E-01, -3.784E-01         F               0         Blade 1 Y orientation angle, node 1, rad
        204   -2.634E-01,  2.893E-01, -9.203E-01         F               0         Blade 1 Z orientation angle, node 1, rad
        205    8.724E-01,  4.786E-01, -9.930E-02         F               0         Blade 1 X orientation angle, node 2, rad
        206    4.117E-01, -8.290E-01, -3.784E-01         F               0         Blade 1 Y orientation angle, node 2, rad
        207   -2.634E-01,  2.893E-01, -9.203E-01         F               0         Blade 1 Z orientation angle, node 2, rad
        208    9.451E-01,  2.685E-01, -1.862E-01         F               0         Blade 1 X orientation angle, node 3, rad
        209    1.932E-01, -9.188E-01, -3.441E-01         F               0         Blade 1 Y orientation angle, node 3, rad
        210   -2.634E-01,  2.893E-01, -9.203E-01         F               0         Blade 1 Z orientation angle, node 3, rad
        211    9.524E-01,  2.294E-01, -2.005E-01         F               0         Blade 1 X orientation angle, node 4, rad
        212    1.531E-01, -9.293E-01, -3.360E-01         F               0         Blade 1 Y orientation angle, node 4, rad
        213   -2.634E-01,  2.893E-01, -9.203E-01         F               0         Blade 1 Z orientation angle, node 4, rad
        214    9.570E-01,  1.985E-01, -2.116E-01         F               0         Blade 1 X orientation angle, node 5, rad
        215    1.215E-01, -9.364E-01, -3.291E-01         F               0         Blade 1 Y orientation angle, node 5, rad
        216   -2.634E-01,  2.893E-01, -9.203E-01         F               0         Blade 1 Z orientation angle, node 5, rad
        217    9.599E-01,  1.736E-01, -2.202E-01         F               0         Blade 1 X orientation angle, node 6, rad
        218    9.603E-02, -9.414E-01, -3.234E-01         F               0         Blade 1 Y orientation angle, node 6, rad
        219   -2.634E-01,  2.893E-01, -9.203E-01         F               0         Blade 1 Z orientation angle, node 6, rad
        220    9.618E-01,  1.530E-01, -2.272E-01         F               0         Blade 1 X orientation angle, node 7, rad
        221    7.507E-02, -9.449E-01, -3.185E-01         F               0         Blade 1 Y orientation angle, node 7, rad
        222   -2.634E-01,  2.893E-01, -9.203E-01         F               0         Blade 1 Z orientation angle, node 7, rad
        223    9.630E-01,  1.358E-01, -2.330E-01         F               0         Blade 1 X orientation angle, node 8, rad
        224    5.760E-02, -9.476E-01, -3.143E-01         F               0         Blade 1 Y orientation angle, node 8, rad
        225   -2.634E-01,  2.893E-01, -9.203E-01         F               0         Blade 1 Z orientation angle, node 8, rad
        226    9.637E-01,  1.212E-01, -2.378E-01         F               0         Blade 1 X orientation angle, node 9, rad
        227    4.280E-02, -9.495E-01, -3.107E-01         F               0         Blade 1 Y orientation angle, node 9, rad
        228   -2.634E-01,  2.893E-01, -9.203E-01         F               0         Blade 1 Z orientation angle, node 9, rad
        229    9.642E-01,  1.086E-01, -2.419E-01         F               0         Blade 1 X orientation angle, node 10, rad
        230    3.001E-02, -9.511E-01, -3.075E-01         F               0         Blade 1 Y orientation angle, node 10, rad
        231   -2.634E-01,  2.893E-01, -9.203E-01         F               0         Blade 1 Z orientation angle, node 10, rad
        232    9.645E-01,  9.784E-02, -2.453E-01         F               0         Blade 1 X orientation angle, node 11, rad
        233    1.907E-02, -9.522E-01, -3.048E-01         F               0         Blade 1 Y orientation angle, node 11, rad
        234   -2.634E-01,  2.893E-01, -9.203E-01         F               0         Blade 1 Z orientation angle, node 11, rad
        235    9.646E-01,  8.836E-02, -2.484E-01         F               0         Blade 1 X orientation angle, node 12, rad
        236    9.478E-03, -9.532E-01, -3.023E-01         F               0         Blade 1 Y orientation angle, node 12, rad
        237   -2.634E-01,  2.893E-01, -9.203E-01         F               0         Blade 1 Z orientation angle, node 12, rad
        238    9.647E-01,  8.004E-02, -2.510E-01         F               0         Blade 1 X orientation angle, node 13, rad
        239    1.060E-03, -9.539E-01, -3.001E-01         F               0         Blade 1 Y orientation angle, node 13, rad
        240   -2.634E-01,  2.893E-01, -9.203E-01         F               0         Blade 1 Z orientation angle, node 13, rad
        241    9.647E-01,  7.255E-02, -2.533E-01         F               0         Blade 1 X orientation angle, node 14, rad
        242   -6.517E-03, -9.545E-01, -2.982E-01         F               0         Blade 1 Y orientation angle, node 14, rad
        243   -2.634E-01,  2.893E-01, -9.203E-01         F               0         Blade 1 Z orientation angle, node 14, rad
        244    9.646E-01,  6.588E-02, -2.554E-01         F               0         Blade 1 X orientation angle, node 15, rad
        245   -1.325E-02, -9.550E-01, -2.964E-01         F               0         Blade 1 Y orientation angle, node 15, rad
        246   -2.634E-01,  2.893E-01, -9.203E-01         F               0         Blade 1 Z orientation angle, node 15, rad
        247    9.645E-01,  5.988E-02, -2.573E-01         F               0         Blade 1 X orientation angle, node 16, rad
        248   -1.931E-02, -9.554E-01, -2.948E-01         F               0         Blade 1 Y orientation angle, node 16, rad
        249   -2.634E-01,  2.893E-01, -9.203E-01         F               0         Blade 1 Z orientation angle, node 16, rad
        250    9.644E-01,  5.455E-02, -2.589E-01         F               0         Blade 1 X orientation angle, node 17, rad
        251   -2.470E-02, -9.557E-01, -2.933E-01         F               0         Blade 1 Y orientation angle, node 17, rad
        252   -2.634E-01,  2.893E-01, -9.203E-01         F               0         Blade 1 Z orientation angle, node 17, rad
        253    9.642E-01,  4.954E-02, -2.604E-01         F               0         Blade 1 X orientation angle, node 18, rad
        254   -2.975E-02, -9.560E-01, -2.920E-01         F               0         Blade 1 Y orientation angle, node 18, rad
        255   -2.634E-01,  2.893E-01, -9.203E-01         F               0         Blade 1 Z orientation angle, node 18, rad
        256    9.641E-01,  4.504E-02, -2.618E-01         F               0         Blade 1 X orientation angle, node 19, rad
        257   -3.429E-02, -9.562E-01, -2.907E-01         F               0         Blade 1 Y orientation angle, node 19, rad
        258   -2.634E-01,  2.893E-01, -9.203E-01         F               0         Blade 1 Z orientation angle, node 19, rad
        259    9.639E-01,  4.103E-02, -2.630E-01         F               0         Blade 1 X orientation angle, node 20, rad
        260   -3.833E-02, -9.564E-01, -2.896E-01         F               0         Blade 1 Y orientation angle, node 20, rad
        261   -2.634E-01,  2.893E-01, -9.203E-01         F               0         Blade 1 Z orientation angle, node 20, rad
        262    9.638E-01,  3.719E-02, -2.642E-01         F               0         Blade 1 X orientation angle, node 21, rad
        263   -4.220E-02, -9.565E-01, -2.886E-01         F               0         Blade 1 Y orientation angle, node 21, rad
        264   -2.634E-01,  2.893E-01, -9.203E-01         F               0         Blade 1 Z orientation angle, node 21, rad
        265    9.636E-01,  3.368E-02, -2.652E-01         F               0         Blade 1 X orientation angle, node 22, rad
        266   -4.573E-02, -9.567E-01, -2.876E-01         F               0         Blade 1 Y orientation angle, node 22, rad
        267   -2.634E-01,  2.893E-01, -9.203E-01         F               0         Blade 1 Z orientation angle, node 22, rad
        268    9.634E-01,  3.051E-02, -2.662E-01         F               0         Blade 1 X orientation angle, node 23, rad
        269   -4.892E-02, -9.568E-01, -2.867E-01         F               0         Blade 1 Y orientation angle, node 23, rad
        270   -2.634E-01,  2.893E-01, -9.203E-01         F               0         Blade 1 Z orientation angle, node 23, rad
        271    9.633E-01,  2.751E-02, -2.671E-01         F               0         Blade 1 X orientation angle, node 24, rad
        272   -5.195E-02, -9.569E-01, -2.859E-01         F               0         Blade 1 Y orientation angle, node 24, rad
        273   -2.634E-01,  2.893E-01, -9.203E-01         F               0         Blade 1 Z orientation angle, node 24, rad
        274    9.631E-01,  2.467E-02, -2.679E-01         F               0         Blade 1 X orientation angle, node 25, rad
        275   -5.481E-02, -9.569E-01, -2.851E-01         F               0         Blade 1 Y orientation angle, node 25, rad
        276   -2.634E-01,  2.893E-01, -9.203E-01         F               0         Blade 1 Z orientation angle, node 25, rad
        277    9.630E-01,  2.216E-02, -2.687E-01         F               0         Blade 1 X orientation angle, node 26, rad
        278   -5.733E-02, -9.570E-01, -2.844E-01         F               0         Blade 1 Y orientation angle, node 26, rad
        279   -2.634E-01,  2.893E-01, -9.203E-01         F               0         Blade 1 Z orientation angle, node 26, rad
        280    9.628E-01,  1.966E-02, -2.694E-01         F               0         Blade 1 X orientation angle, node 27, rad
        281   -5.985E-02, -9.570E-01, -2.837E-01         F               0         Blade 1 Y orientation angle, node 27, rad
        282   -2.634E-01,  2.893E-01, -9.203E-01         F               0         Blade 1 Z orientation angle, node 27, rad
        283    9.627E-01,  1.832E-02, -2.698E-01         F               0         Blade 1 X orientation angle, node 28, rad
        284   -6.120E-02, -9.571E-01, -2.833E-01         F               0         Blade 1 Y orientation angle, node 28, rad
        285   -2.634E-01,  2.893E-01, -9.203E-01         F               0         Blade 1 Z orientation angle, node 28, rad
        286    3.342E-01                                 F               0         Blade 1 X translation velocity, node 1, m/s
        287    5.230E+00                                 F               0         Blade 1 Y translation velocity, node 1, m/s
        288    1.622E+00                                 F               0         Blade 1 Z translation velocity, node 1, m/s
        289    4.178E-01                                 F               0         Blade 1 X translation velocity, node 2, m/s
        290    6.560E+00                                 F               0         Blade 1 Y translation velocity, node 2, m/s
        291    2.017E+00                                 F               0         Blade 1 Z translation velocity, node 2, m/s
        292    1.554E+00                                 F               0         Blade 1 X translation velocity, node 3, m/s
        293    2.465E+01                                 F               0         Blade 1 Y translation velocity, node 3, m/s
        294    7.379E+00                                 F               0         Blade 1 Z translation velocity, node 3, m/s
        295    1.796E+00                                 F               0         Blade 1 X translation velocity, node 4, m/s
        296    2.851E+01                                 F               0         Blade 1 Y translation velocity, node 4, m/s
        297    8.522E+00                                 F               0         Blade 1 Z translation velocity, node 4, m/s
        298    2.038E+00                                 F               0         Blade 1 X translation velocity, node 5, m/s
        299    3.237E+01                                 F               0         Blade 1 Y translation velocity, node 5, m/s
        300    9.664E+00                                 F               0         Blade 1 Z translation velocity, node 5, m/s
        301    2.280E+00                                 F               0         Blade 1 X translation velocity, node 6, m/s
        302    3.622E+01                                 F               0         Blade 1 Y translation velocity, node 6, m/s
        303    1.081E+01                                 F               0         Blade 1 Z translation velocity, node 6, m/s
        304    2.522E+00                                 F               0         Blade 1 X translation velocity, node 7, m/s
        305    4.008E+01                                 F               0         Blade 1 Y translation velocity, node 7, m/s
        306    1.195E+01                                 F               0         Blade 1 Z translation velocity, node 7, m/s
        307    2.764E+00                                 F               0         Blade 1 X translation velocity, node 8, m/s
