
Linearized model: Predictions were generated on 12-Jan-2024 at 09:28:28 using OpenFAST, compiled as a 64-bit application using single precision at commit v3.5.1
 linked with  NWTC Subroutine Library; ElastoDyn; InflowWind; AeroDyn; ServoDyn; HydroDyn; MAP++ (<1.20.10>, <Oct-20-2023>)

Description from the FAST input file: CCT-9 Campign 4 model. Input files to be run with OpenFAST 3.5.0. GitHub branch from Lu Wang (https://github.com/luwang00/openfast/tree/dev) compiled on March 7, 2023.

Simulation information:
   Simulation time:                   503.2250 s
   Rotor Speed:                         0.8769 rad/s
   Azimuth:                             0.4014 rad
   Wind Speed:                         10.0000 m/s
   Number of continuous states:         0
   Number of discrete states:           0
   Number of constraint states:         0
   Number of inputs:                 1746
   Number of outputs:                   4
   Jacobians included in this file?    No

Order of inputs:
     Column   Operating Point                     Rotating Frame? Derivative Order Description
   ---------- ---------------                     --------------- ---------------- -----------
          1    1.101E+01                                 F               0         Tower X translation displacement, node 1, m
          2   -1.231E+00                                 F               0         Tower Y translation displacement, node 1, m
          3   -3.271E-01                                 F               0         Tower Z translation displacement, node 1, m
          4    1.247E+01                                 F               0         Tower X translation displacement, node 2, m
          5   -1.817E+00                                 F               0         Tower Y translation displacement, node 2, m
          6   -4.286E-01                                 F               0         Tower Z translation displacement, node 2, m
          7    1.397E+01                                 F               0         Tower X translation displacement, node 3, m
          8   -2.409E+00                                 F               0         Tower Y translation displacement, node 3, m
          9   -5.334E-01                                 F               0         Tower Z translation displacement, node 3, m
         10    1.548E+01                                 F               0         Tower X translation displacement, node 4, m
         11   -3.005E+00                                 F               0         Tower Y translation displacement, node 4, m
         12   -6.407E-01                                 F               0         Tower Z translation displacement, node 4, m
         13    1.701E+01                                 F               0         Tower X translation displacement, node 5, m
         14   -3.605E+00                                 F               0         Tower Y translation displacement, node 5, m
         15   -7.501E-01                                 F               0         Tower Z translation displacement, node 5, m
         16    1.854E+01                                 F               0         Tower X translation displacement, node 6, m
         17   -4.208E+00                                 F               0         Tower Y translation displacement, node 6, m
         18   -8.613E-01                                 F               0         Tower Z translation displacement, node 6, m
         19    2.009E+01                                 F               0         Tower X translation displacement, node 7, m
         20   -4.814E+00                                 F               0         Tower Y translation displacement, node 7, m
         21   -9.737E-01                                 F               0         Tower Z translation displacement, node 7, m
         22    2.165E+01                                 F               0         Tower X translation displacement, node 8, m
         23   -5.422E+00                                 F               0         Tower Y translation displacement, node 8, m
         24   -1.087E+00                                 F               0         Tower Z translation displacement, node 8, m
         25    2.321E+01                                 F               0         Tower X translation displacement, node 9, m
         26   -6.032E+00                                 F               0         Tower Y translation displacement, node 9, m
         27   -1.201E+00                                 F               0         Tower Z translation displacement, node 9, m
         28    2.478E+01                                 F               0         Tower X translation displacement, node 10, m
         29   -6.643E+00                                 F               0         Tower Y translation displacement, node 10, m
         30   -1.316E+00                                 F               0         Tower Z translation displacement, node 10, m
         31    2.634E+01                                 F               0         Tower X translation displacement, node 11, m
         32   -7.254E+00                                 F               0         Tower Y translation displacement, node 11, m
         33   -1.431E+00                                 F               0         Tower Z translation displacement, node 11, m
         34    9.930E-01,  9.788E-03, -1.177E-01         F               0         Tower X orientation angle, node 1, rad
         35   -4.148E-03,  9.988E-01,  4.807E-02         F               0         Tower Y orientation angle, node 1, rad
         36    1.180E-01, -4.724E-02,  9.919E-01         F               0         Tower Z orientation angle, node 1, rad
         37    9.928E-01,  9.878E-03, -1.196E-01         F               0         Tower X orientation angle, node 2, rad
         38   -4.094E-03,  9.988E-01,  4.852E-02         F               0         Tower Y orientation angle, node 2, rad
         39    1.199E-01, -4.768E-02,  9.916E-01         F               0         Tower Z orientation angle, node 2, rad
         40    9.926E-01,  9.957E-03, -1.212E-01         F               0         Tower X orientation angle, node 3, rad
         41   -4.045E-03,  9.988E-01,  4.892E-02         F               0         Tower Y orientation angle, node 3, rad
         42    1.216E-01, -4.806E-02,  9.914E-01         F               0         Tower Z orientation angle, node 3, rad
         43    9.924E-01,  1.002E-02, -1.226E-01         F               0         Tower X orientation angle, node 4, rad
         44   -4.002E-03,  9.988E-01,  4.927E-02         F               0         Tower Y orientation angle, node 4, rad
         45    1.229E-01, -4.840E-02,  9.912E-01         F               0         Tower Z orientation angle, node 4, rad
         46    9.923E-01,  1.008E-02, -1.237E-01         F               0         Tower X orientation angle, node 5, rad
         47   -3.965E-03,  9.988E-01,  4.957E-02         F               0         Tower Y orientation angle, node 5, rad
         48    1.241E-01, -4.869E-02,  9.911E-01         F               0         Tower Z orientation angle, node 5, rad
         49    9.921E-01,  1.012E-02, -1.246E-01         F               0         Tower X orientation angle, node 6, rad
         50   -3.933E-03,  9.988E-01,  4.982E-02         F               0         Tower Y orientation angle, node 6, rad
         51    1.250E-01, -4.894E-02,  9.910E-01         F               0         Tower Z orientation angle, node 6, rad
         52    9.921E-01,  1.016E-02, -1.253E-01         F               0         Tower X orientation angle, node 7, rad
         53   -3.908E-03,  9.987E-01,  5.002E-02         F               0         Tower Y orientation angle, node 7, rad
         54    1.257E-01, -4.913E-02,  9.909E-01         F               0         Tower Z orientation angle, node 7, rad
         55    9.920E-01,  1.018E-02, -1.258E-01         F               0         Tower X orientation angle, node 8, rad
         56   -3.888E-03,  9.987E-01,  5.018E-02         F               0         Tower Y orientation angle, node 8, rad
         57    1.262E-01, -4.929E-02,  9.908E-01         F               0         Tower Z orientation angle, node 8, rad
         58    9.920E-01,  1.020E-02, -1.262E-01         F               0         Tower X orientation angle, node 9, rad
         59   -3.874E-03,  9.987E-01,  5.029E-02         F               0         Tower Y orientation angle, node 9, rad
         60    1.265E-01, -4.940E-02,  9.907E-01         F               0         Tower Z orientation angle, node 9, rad
         61    9.919E-01,  1.021E-02, -1.264E-01         F               0         Tower X orientation angle, node 10, rad
         62   -3.864E-03,  9.987E-01,  5.037E-02         F               0         Tower Y orientation angle, node 10, rad
         63    1.267E-01, -4.947E-02,  9.907E-01         F               0         Tower Z orientation angle, node 10, rad
         64    9.919E-01,  1.022E-02, -1.265E-01         F               0         Tower X orientation angle, node 11, rad
         65   -3.859E-03,  9.987E-01,  5.041E-02         F               0         Tower Y orientation angle, node 11, rad
         66    1.268E-01, -4.951E-02,  9.907E-01         F               0         Tower Z orientation angle, node 11, rad
         67   -4.598E-03                                 F               0         Tower X translation velocity, node 1, m/s
         68    1.337E-03                                 F               0         Tower Y translation velocity, node 1, m/s
         69    1.966E-03                                 F               0         Tower Z translation velocity, node 1, m/s
         70   -4.870E-03                                 F               0         Tower X translation velocity, node 2, m/s
         71    3.918E-04                                 F               0         Tower Y translation velocity, node 2, m/s
         72    1.954E-03                                 F               0         Tower Z translation velocity, node 2, m/s
         73   -5.151E-03                                 F               0         Tower X translation velocity, node 3, m/s
         74   -7.077E-04                                 F               0         Tower Y translation velocity, node 3, m/s
         75    1.935E-03                                 F               0         Tower Z translation velocity, node 3, m/s
         76   -5.440E-03                                 F               0         Tower X translation velocity, node 4, m/s
         77   -1.931E-03                                 F               0         Tower Y translation velocity, node 4, m/s
         78    1.911E-03                                 F               0         Tower Z translation velocity, node 4, m/s
         79   -5.734E-03                                 F               0         Tower X translation velocity, node 5, m/s
         80   -3.264E-03                                 F               0         Tower Y translation velocity, node 5, m/s
         81    1.882E-03                                 F               0         Tower Z translation velocity, node 5, m/s
         82   -6.035E-03                                 F               0         Tower X translation velocity, node 6, m/s
         83   -4.691E-03                                 F               0         Tower Y translation velocity, node 6, m/s
         84    1.850E-03                                 F               0         Tower Z translation velocity, node 6, m/s
         85   -6.340E-03                                 F               0         Tower X translation velocity, node 7, m/s
         86   -6.193E-03                                 F               0         Tower Y translation velocity, node 7, m/s
         87    1.814E-03                                 F               0         Tower Z translation velocity, node 7, m/s
         88   -6.648E-03                                 F               0         Tower X translation velocity, node 8, m/s
         89   -7.761E-03                                 F               0         Tower Y translation velocity, node 8, m/s
         90    1.775E-03                                 F               0         Tower Z translation velocity, node 8, m/s
         91   -6.960E-03                                 F               0         Tower X translation velocity, node 9, m/s
         92   -9.381E-03                                 F               0         Tower Y translation velocity, node 9, m/s
         93    1.734E-03                                 F               0         Tower Z translation velocity, node 9, m/s
         94   -7.274E-03                                 F               0         Tower X translation velocity, node 10, m/s
         95   -1.104E-02                                 F               0         Tower Y translation velocity, node 10, m/s
         96    1.692E-03                                 F               0         Tower Z translation velocity, node 10, m/s
         97   -7.589E-03                                 F               0         Tower X translation velocity, node 11, m/s
         98   -1.272E-02                                 F               0         Tower Y translation velocity, node 11, m/s
         99    1.648E-03                                 F               0         Tower Z translation velocity, node 11, m/s
        100    2.743E+01                                 F               0         Hub X translation displacement, node 1, m
        101   -7.753E+00                                 F               0         Hub Y translation displacement, node 1, m
        102   -1.381E-01                                 F               0         Hub Z translation displacement, node 1, m
        103    9.732E-01,  1.534E-02, -2.293E-01         F               0         Hub X orientation angle, node 1, rad
        104    8.625E-02,  9.005E-01,  4.262E-01         F               0         Hub Y orientation angle, node 1, rad
        105    2.131E-01, -4.346E-01,  8.751E-01         F               0         Hub Z orientation angle, node 1, rad
        106    8.536E-01                                 F               0         Hub X rotation velocity, node 1, rad/s
        107    1.342E-02                                 F               0         Hub Y rotation velocity, node 1, rad/s
        108   -2.011E-01                                 F               0         Hub Z rotation velocity, node 1, rad/s
        109    9.702E-01, -1.139E-02, -2.419E-01         F               0         Blade root 1 X orientation angle, node 1, rad
        110    1.151E-01,  9.006E-01,  4.192E-01         F               0         Blade root 1 Y orientation angle, node 1, rad
        111    2.131E-01, -4.346E-01,  8.751E-01         F               0         Blade root 1 Z orientation angle, node 1, rad
        112    9.686E-01,  3.985E-02, -2.454E-01         F               0         Blade root 2 X orientation angle, node 1, rad
        113    1.702E-01, -8.258E-01,  5.377E-01         F               0         Blade root 2 Y orientation angle, node 1, rad
        114   -1.812E-01, -5.626E-01, -8.067E-01         F               0         Blade root 2 Z orientation angle, node 1, rad
        115    9.795E-01,  1.752E-02, -2.004E-01         F               0         Blade root 3 X orientation angle, node 1, rad
        116   -1.987E-01, -7.339E-02, -9.773E-01         F               0         Blade root 3 Y orientation angle, node 1, rad
        117   -3.183E-02,  9.971E-01, -6.841E-02         F               0         Blade root 3 Z orientation angle, node 1, rad
        118    2.803E+01                                 F               0         Blade 1 X translation displacement, node 1, m
        119   -1.016E+01                                 F               0         Blade 1 Y translation displacement, node 1, m
        120   -8.000E-01                                 F               0         Blade 1 Z translation displacement, node 1, m
        121    2.817E+01                                 F               0         Blade 1 X translation displacement, node 2, m
        122   -1.074E+01                                 F               0         Blade 1 Y translation displacement, node 2, m
        123   -9.594E-01                                 F               0         Blade 1 Z translation displacement, node 2, m
        124    3.014E+01                                 F               0         Blade 1 X translation displacement, node 3, m
        125   -1.863E+01                                 F               0         Blade 1 Y translation displacement, node 3, m
        126   -3.128E+00                                 F               0         Blade 1 Z translation displacement, node 3, m
        127    3.056E+01                                 F               0         Blade 1 X translation displacement, node 4, m
        128   -2.031E+01                                 F               0         Blade 1 Y translation displacement, node 4, m
        129   -3.590E+00                                 F               0         Blade 1 Z translation displacement, node 4, m
        130    3.098E+01                                 F               0         Blade 1 X translation displacement, node 5, m
        131   -2.199E+01                                 F               0         Blade 1 Y translation displacement, node 5, m
        132   -4.052E+00                                 F               0         Blade 1 Z translation displacement, node 5, m
        133    3.140E+01                                 F               0         Blade 1 X translation displacement, node 6, m
        134   -2.367E+01                                 F               0         Blade 1 Y translation displacement, node 6, m
        135   -4.514E+00                                 F               0         Blade 1 Z translation displacement, node 6, m
        136    3.182E+01                                 F               0         Blade 1 X translation displacement, node 7, m
        137   -2.535E+01                                 F               0         Blade 1 Y translation displacement, node 7, m
        138   -4.976E+00                                 F               0         Blade 1 Z translation displacement, node 7, m
        139    3.224E+01                                 F               0         Blade 1 X translation displacement, node 8, m
        140   -2.703E+01                                 F               0         Blade 1 Y translation displacement, node 8, m
        141   -5.438E+00                                 F               0         Blade 1 Z translation displacement, node 8, m
        142    3.266E+01                                 F               0         Blade 1 X translation displacement, node 9, m
        143   -2.872E+01                                 F               0         Blade 1 Y translation displacement, node 9, m
        144   -5.900E+00                                 F               0         Blade 1 Z translation displacement, node 9, m
        145    3.308E+01                                 F               0         Blade 1 X translation displacement, node 10, m
        146   -3.040E+01                                 F               0         Blade 1 Y translation displacement, node 10, m
        147   -6.362E+00                                 F               0         Blade 1 Z translation displacement, node 10, m
        148    3.350E+01                                 F               0         Blade 1 X translation displacement, node 11, m
        149   -3.208E+01                                 F               0         Blade 1 Y translation displacement, node 11, m
        150   -6.824E+00                                 F               0         Blade 1 Z translation displacement, node 11, m
        151    3.392E+01                                 F               0         Blade 1 X translation displacement, node 12, m
        152   -3.376E+01                                 F               0         Blade 1 Y translation displacement, node 12, m
        153   -7.286E+00                                 F               0         Blade 1 Z translation displacement, node 12, m
        154    3.434E+01                                 F               0         Blade 1 X translation displacement, node 13, m
        155   -3.544E+01                                 F               0         Blade 1 Y translation displacement, node 13, m
        156   -7.748E+00                                 F               0         Blade 1 Z translation displacement, node 13, m
        157    3.476E+01                                 F               0         Blade 1 X translation displacement, node 14, m
        158   -3.712E+01                                 F               0         Blade 1 Y translation displacement, node 14, m
        159   -8.210E+00                                 F               0         Blade 1 Z translation displacement, node 14, m
        160    3.518E+01                                 F               0         Blade 1 X translation displacement, node 15, m
        161   -3.880E+01                                 F               0         Blade 1 Y translation displacement, node 15, m
        162   -8.672E+00                                 F               0         Blade 1 Z translation displacement, node 15, m
        163    3.560E+01                                 F               0         Blade 1 X translation displacement, node 16, m
        164   -4.048E+01                                 F               0         Blade 1 Y translation displacement, node 16, m
        165   -9.134E+00                                 F               0         Blade 1 Z translation displacement, node 16, m
        166    3.602E+01                                 F               0         Blade 1 X translation displacement, node 17, m
        167   -4.216E+01                                 F               0         Blade 1 Y translation displacement, node 17, m
        168   -9.596E+00                                 F               0         Blade 1 Z translation displacement, node 17, m
        169    3.644E+01                                 F               0         Blade 1 X translation displacement, node 18, m
        170   -4.384E+01                                 F               0         Blade 1 Y translation displacement, node 18, m
        171   -1.006E+01                                 F               0         Blade 1 Z translation displacement, node 18, m
        172    3.686E+01                                 F               0         Blade 1 X translation displacement, node 19, m
        173   -4.552E+01                                 F               0         Blade 1 Y translation displacement, node 19, m
        174   -1.052E+01                                 F               0         Blade 1 Z translation displacement, node 19, m
        175    3.728E+01                                 F               0         Blade 1 X translation displacement, node 20, m
        176   -4.720E+01                                 F               0         Blade 1 Y translation displacement, node 20, m
        177   -1.098E+01                                 F               0         Blade 1 Z translation displacement, node 20, m
        178    3.770E+01                                 F               0         Blade 1 X translation displacement, node 21, m
        179   -4.889E+01                                 F               0         Blade 1 Y translation displacement, node 21, m
        180   -1.144E+01                                 F               0         Blade 1 Z translation displacement, node 21, m
        181    3.812E+01                                 F               0         Blade 1 X translation displacement, node 22, m
        182   -5.057E+01                                 F               0         Blade 1 Y translation displacement, node 22, m
        183   -1.191E+01                                 F               0         Blade 1 Z translation displacement, node 22, m
        184    3.854E+01                                 F               0         Blade 1 X translation displacement, node 23, m
        185   -5.225E+01                                 F               0         Blade 1 Y translation displacement, node 23, m
        186   -1.237E+01                                 F               0         Blade 1 Z translation displacement, node 23, m
        187    3.896E+01                                 F               0         Blade 1 X translation displacement, node 24, m
        188   -5.393E+01                                 F               0         Blade 1 Y translation displacement, node 24, m
        189   -1.283E+01                                 F               0         Blade 1 Z translation displacement, node 24, m
        190    3.938E+01                                 F               0         Blade 1 X translation displacement, node 25, m
        191   -5.561E+01                                 F               0         Blade 1 Y translation displacement, node 25, m
        192   -1.329E+01                                 F               0         Blade 1 Z translation displacement, node 25, m
        193    3.980E+01                                 F               0         Blade 1 X translation displacement, node 26, m
        194   -5.729E+01                                 F               0         Blade 1 Y translation displacement, node 26, m
        195   -1.375E+01                                 F               0         Blade 1 Z translation displacement, node 26, m
        196    4.022E+01                                 F               0         Blade 1 X translation displacement, node 27, m
        197   -5.897E+01                                 F               0         Blade 1 Y translation displacement, node 27, m
        198   -1.422E+01                                 F               0         Blade 1 Z translation displacement, node 27, m
        199    4.057E+01                                 F               0         Blade 1 X translation displacement, node 28, m
        200   -6.040E+01                                 F               0         Blade 1 Y translation displacement, node 28, m
        201   -1.461E+01                                 F               0         Blade 1 Z translation displacement, node 28, m
        202    8.110E-01, -4.208E-01, -4.064E-01         F               0         Blade 1 X orientation angle, node 1, rad
        203    5.449E-01,  7.963E-01,  2.628E-01         F               0         Blade 1 Y orientation angle, node 1, rad
        204    2.131E-01, -4.346E-01,  8.751E-01         F               0         Blade 1 Z orientation angle, node 1, rad
        205    8.110E-01, -4.208E-01, -4.064E-01         F               0         Blade 1 X orientation angle, node 2, rad
        206    5.449E-01,  7.963E-01,  2.628E-01         F               0         Blade 1 Y orientation angle, node 2, rad
        207    2.131E-01, -4.346E-01,  8.751E-01         F               0         Blade 1 Z orientation angle, node 2, rad
        208    9.170E-01, -2.201E-01, -3.326E-01         F               0         Blade 1 X orientation angle, node 3, rad
        209    3.371E-01,  8.733E-01,  3.516E-01         F               0         Blade 1 Y orientation angle, node 3, rad
        210    2.131E-01, -4.346E-01,  8.751E-01         F               0         Blade 1 Z orientation angle, node 3, rad
        211    9.305E-01, -1.830E-01, -3.174E-01         F               0         Blade 1 X orientation angle, node 4, rad
        212    2.981E-01,  8.818E-01,  3.654E-01         F               0         Blade 1 Y orientation angle, node 4, rad
        213    2.131E-01, -4.346E-01,  8.751E-01         F               0         Blade 1 Z orientation angle, node 4, rad
        214    9.398E-01, -1.537E-01, -3.051E-01         F               0         Blade 1 X orientation angle, node 5, rad
        215    2.671E-01,  8.874E-01,  3.757E-01         F               0         Blade 1 Y orientation angle, node 5, rad
        216    2.131E-01, -4.346E-01,  8.751E-01         F               0         Blade 1 Z orientation angle, node 5, rad
        217    9.466E-01, -1.301E-01, -2.951E-01         F               0         Blade 1 X orientation angle, node 6, rad
        218    2.421E-01,  8.912E-01,  3.837E-01         F               0         Blade 1 Y orientation angle, node 6, rad
        219    2.131E-01, -4.346E-01,  8.751E-01         F               0         Blade 1 Z orientation angle, node 6, rad
        220    9.516E-01, -1.106E-01, -2.866E-01         F               0         Blade 1 X orientation angle, node 7, rad
        221    2.214E-01,  8.938E-01,  3.900E-01         F               0         Blade 1 Y orientation angle, node 7, rad
        222    2.131E-01, -4.346E-01,  8.751E-01         F               0         Blade 1 Z orientation angle, node 7, rad
        223    9.555E-01, -9.436E-02, -2.795E-01         F               0         Blade 1 X orientation angle, node 8, rad
        224    2.040E-01,  8.957E-01,  3.951E-01         F               0         Blade 1 Y orientation angle, node 8, rad
        225    2.131E-01, -4.346E-01,  8.751E-01         F               0         Blade 1 Z orientation angle, node 8, rad
        226    9.585E-01, -8.060E-02, -2.734E-01         F               0         Blade 1 X orientation angle, node 9, rad
        227    1.893E-01,  8.970E-01,  3.994E-01         F               0         Blade 1 Y orientation angle, node 9, rad
        228    2.131E-01, -4.346E-01,  8.751E-01         F               0         Blade 1 Z orientation angle, node 9, rad
        229    9.609E-01, -6.869E-02, -2.681E-01         F               0         Blade 1 X orientation angle, node 10, rad
        230    1.766E-01,  8.980E-01,  4.030E-01         F               0         Blade 1 Y orientation angle, node 10, rad
        231    2.131E-01, -4.346E-01,  8.751E-01         F               0         Blade 1 Z orientation angle, node 10, rad
        232    9.629E-01, -5.850E-02, -2.635E-01         F               0         Blade 1 X orientation angle, node 11, rad
        233    1.657E-01,  8.987E-01,  4.060E-01         F               0         Blade 1 Y orientation angle, node 11, rad
        234    2.131E-01, -4.346E-01,  8.751E-01         F               0         Blade 1 Z orientation angle, node 11, rad
        235    9.645E-01, -4.956E-02, -2.594E-01         F               0         Blade 1 X orientation angle, node 12, rad
        236    1.561E-01,  8.993E-01,  4.086E-01         F               0         Blade 1 Y orientation angle, node 12, rad
        237    2.131E-01, -4.346E-01,  8.751E-01         F               0         Blade 1 Z orientation angle, node 12, rad
        238    9.658E-01, -4.171E-02, -2.559E-01         F               0         Blade 1 X orientation angle, node 13, rad
        239    1.477E-01,  8.997E-01,  4.108E-01         F               0         Blade 1 Y orientation angle, node 13, rad
        240    2.131E-01, -4.346E-01,  8.751E-01         F               0         Blade 1 Z orientation angle, node 13, rad
        241    9.669E-01, -3.464E-02, -2.526E-01         F               0         Blade 1 X orientation angle, node 14, rad
        242    1.401E-01,  9.000E-01,  4.128E-01         F               0         Blade 1 Y orientation angle, node 14, rad
        243    2.131E-01, -4.346E-01,  8.751E-01         F               0         Blade 1 Z orientation angle, node 14, rad
        244    9.679E-01, -2.836E-02, -2.497E-01         F               0         Blade 1 X orientation angle, node 15, rad
        245    1.334E-01,  9.002E-01,  4.146E-01         F               0         Blade 1 Y orientation angle, node 15, rad
        246    2.131E-01, -4.346E-01,  8.751E-01         F               0         Blade 1 Z orientation angle, node 15, rad
        247    9.687E-01, -2.270E-02, -2.471E-01         F               0         Blade 1 X orientation angle, node 16, rad
        248    1.273E-01,  9.003E-01,  4.162E-01         F               0         Blade 1 Y orientation angle, node 16, rad
        249    2.131E-01, -4.346E-01,  8.751E-01         F               0         Blade 1 Z orientation angle, node 16, rad
        250    9.694E-01, -1.767E-02, -2.448E-01         F               0         Blade 1 X orientation angle, node 17, rad
        251    1.219E-01,  9.005E-01,  4.175E-01         F               0         Blade 1 Y orientation angle, node 17, rad
        252    2.131E-01, -4.346E-01,  8.751E-01         F               0         Blade 1 Z orientation angle, node 17, rad
        253    9.700E-01, -1.296E-02, -2.426E-01         F               0         Blade 1 X orientation angle, node 18, rad
        254    1.168E-01,  9.005E-01,  4.188E-01         F               0         Blade 1 Y orientation angle, node 18, rad
        255    2.131E-01, -4.346E-01,  8.751E-01         F               0         Blade 1 Z orientation angle, node 18, rad
        256    9.706E-01, -8.713E-03, -2.406E-01         F               0         Blade 1 X orientation angle, node 19, rad
        257    1.122E-01,  9.006E-01,  4.199E-01         F               0         Blade 1 Y orientation angle, node 19, rad
        258    2.131E-01, -4.346E-01,  8.751E-01         F               0         Blade 1 Z orientation angle, node 19, rad
        259    9.710E-01, -4.941E-03, -2.389E-01         F               0         Blade 1 X orientation angle, node 20, rad
        260    1.081E-01,  9.006E-01,  4.210E-01         F               0         Blade 1 Y orientation angle, node 20, rad
        261    2.131E-01, -4.346E-01,  8.751E-01         F               0         Blade 1 Z orientation angle, node 20, rad
        262    9.715E-01, -1.325E-03, -2.372E-01         F               0         Blade 1 X orientation angle, node 21, rad
        263    1.042E-01,  9.006E-01,  4.219E-01         F               0         Blade 1 Y orientation angle, node 21, rad
        264    2.131E-01, -4.346E-01,  8.751E-01         F               0         Blade 1 Z orientation angle, node 21, rad
        265    9.718E-01,  1.976E-03, -2.356E-01         F               0         Blade 1 X orientation angle, node 22, rad
        266    1.007E-01,  9.006E-01,  4.228E-01         F               0         Blade 1 Y orientation angle, node 22, rad
        267    2.131E-01, -4.346E-01,  8.751E-01         F               0         Blade 1 Z orientation angle, node 22, rad
        268    9.722E-01,  4.962E-03, -2.342E-01         F               0         Blade 1 X orientation angle, node 23, rad
        269    9.746E-02,  9.006E-01,  4.236E-01         F               0         Blade 1 Y orientation angle, node 23, rad
        270    2.131E-01, -4.346E-01,  8.751E-01         F               0         Blade 1 Z orientation angle, node 23, rad
        271    9.725E-01,  7.792E-03, -2.329E-01         F               0         Blade 1 X orientation angle, node 24, rad
        272    9.440E-02,  9.006E-01,  4.243E-01         F               0         Blade 1 Y orientation angle, node 24, rad
        273    2.131E-01, -4.346E-01,  8.751E-01         F               0         Blade 1 Z orientation angle, node 24, rad
        274    9.727E-01,  1.046E-02, -2.316E-01         F               0         Blade 1 X orientation angle, node 25, rad
        275    9.152E-02,  9.006E-01,  4.250E-01         F               0         Blade 1 Y orientation angle, node 25, rad
        276    2.131E-01, -4.346E-01,  8.751E-01         F               0         Blade 1 Z orientation angle, node 25, rad
        277    9.730E-01,  1.282E-02, -2.305E-01         F               0         Blade 1 X orientation angle, node 26, rad
        278    8.897E-02,  9.005E-01,  4.256E-01         F               0         Blade 1 Y orientation angle, node 26, rad
        279    2.131E-01, -4.346E-01,  8.751E-01         F               0         Blade 1 Z orientation angle, node 26, rad
        280    9.732E-01,  1.518E-02, -2.294E-01         F               0         Blade 1 X orientation angle, node 27, rad
        281    8.642E-02,  9.005E-01,  4.262E-01         F               0         Blade 1 Y orientation angle, node 27, rad
        282    2.131E-01, -4.346E-01,  8.751E-01         F               0         Blade 1 Z orientation angle, node 27, rad
        283    9.733E-01,  1.644E-02, -2.288E-01         F               0         Blade 1 X orientation angle, node 28, rad
        284    8.506E-02,  9.005E-01,  4.265E-01         F               0         Blade 1 Y orientation angle, node 28, rad
        285    2.131E-01, -4.346E-01,  8.751E-01         F               0         Blade 1 Z orientation angle, node 28, rad
        286   -4.269E-01                                 F               0         Blade 1 X translation velocity, node 1, m/s
        287   -4.390E+00                                 F               0         Blade 1 Y translation velocity, node 1, m/s
        288   -2.070E+00                                 F               0         Blade 1 Z translation velocity, node 1, m/s
        289   -5.279E-01                                 F               0         Blade 1 X translation velocity, node 2, m/s
        290   -5.444E+00                                 F               0         Blade 1 Y translation velocity, node 2, m/s
        291   -2.569E+00                                 F               0         Blade 1 Z translation velocity, node 2, m/s
        292   -1.901E+00                                 F               0         Blade 1 X translation velocity, node 3, m/s
        293   -1.978E+01                                 F               0         Blade 1 Y translation velocity, node 3, m/s
        294   -9.355E+00                                 F               0         Blade 1 Z translation velocity, node 3, m/s
        295   -2.194E+00                                 F               0         Blade 1 X translation velocity, node 4, m/s
        296   -2.284E+01                                 F               0         Blade 1 Y translation velocity, node 4, m/s
        297   -1.080E+01                                 F               0         Blade 1 Z translation velocity, node 4, m/s
        298   -2.486E+00                                 F               0         Blade 1 X translation velocity, node 5, m/s
        299   -2.589E+01                                 F               0         Blade 1 Y translation velocity, node 5, m/s
        300   -1.225E+01                                 F               0         Blade 1 Z translation velocity, node 5, m/s
        301   -2.779E+00                                 F               0         Blade 1 X translation velocity, node 6, m/s
        302   -2.894E+01                                 F               0         Blade 1 Y translation velocity, node 6, m/s
        303   -1.369E+01                                 F               0         Blade 1 Z translation velocity, node 6, m/s
        304   -3.071E+00                                 F               0         Blade 1 X translation velocity, node 7, m/s
        305   -3.200E+01                                 F               0         Blade 1 Y translation velocity, node 7, m/s
        306   -1.514E+01                                 F               0         Blade 1 Z translation velocity, node 7, m/s
        307   -3.364E+00                                 F               0         Blade 1 X translation velocity, node 8, m/s
