
Linearized model: Predictions were generated on 12-Jan-2024 at 09:28:28 using OpenFAST, compiled as a 64-bit application using single precision at commit v3.5.1
 linked with  NWTC Subroutine Library; ElastoDyn; InflowWind; AeroDyn; ServoDyn; HydroDyn; MAP++ (<1.20.10>, <Oct-20-2023>)

Description from the FAST input file: CCT-9 Campign 4 model. Input files to be run with OpenFAST 3.5.0. GitHub branch from Lu Wang (https://github.com/luwang00/openfast/tree/dev) compiled on March 7, 2023.

Simulation information:
   Simulation time:                   508.6500 s
   Rotor Speed:                         0.8781 rad/s
   Azimuth:                             5.1625 rad
   Wind Speed:                         10.0000 m/s
   Number of continuous states:         0
   Number of discrete states:           0
   Number of constraint states:         0
   Number of inputs:                 1746
   Number of outputs:                   4
   Jacobians included in this file?    No

Order of inputs:
     Column   Operating Point                     Rotating Frame? Derivative Order Description
   ---------- ---------------                     --------------- ---------------- -----------
          1    1.098E+01                                 F               0         Tower X translation displacement, node 1, m
          2   -1.201E+00                                 F               0         Tower Y translation displacement, node 1, m
          3   -3.036E-01                                 F               0         Tower Z translation displacement, node 1, m
          4    1.245E+01                                 F               0         Tower X translation displacement, node 2, m
          5   -1.772E+00                                 F               0         Tower Y translation displacement, node 2, m
          6   -4.043E-01                                 F               0         Tower Z translation displacement, node 2, m
          7    1.394E+01                                 F               0         Tower X translation displacement, node 3, m
          8   -2.348E+00                                 F               0         Tower Y translation displacement, node 3, m
          9   -5.083E-01                                 F               0         Tower Z translation displacement, node 3, m
         10    1.545E+01                                 F               0         Tower X translation displacement, node 4, m
         11   -2.929E+00                                 F               0         Tower Y translation displacement, node 4, m
         12   -6.148E-01                                 F               0         Tower Z translation displacement, node 4, m
         13    1.698E+01                                 F               0         Tower X translation displacement, node 5, m
         14   -3.513E+00                                 F               0         Tower Y translation displacement, node 5, m
         15   -7.233E-01                                 F               0         Tower Z translation displacement, node 5, m
         16    1.852E+01                                 F               0         Tower X translation displacement, node 6, m
         17   -4.101E+00                                 F               0         Tower Y translation displacement, node 6, m
         18   -8.336E-01                                 F               0         Tower Z translation displacement, node 6, m
         19    2.006E+01                                 F               0         Tower X translation displacement, node 7, m
         20   -4.690E+00                                 F               0         Tower Y translation displacement, node 7, m
         21   -9.451E-01                                 F               0         Tower Z translation displacement, node 7, m
         22    2.162E+01                                 F               0         Tower X translation displacement, node 8, m
         23   -5.282E+00                                 F               0         Tower Y translation displacement, node 8, m
         24   -1.058E+00                                 F               0         Tower Z translation displacement, node 8, m
         25    2.318E+01                                 F               0         Tower X translation displacement, node 9, m
         26   -5.876E+00                                 F               0         Tower Y translation displacement, node 9, m
         27   -1.171E+00                                 F               0         Tower Z translation displacement, node 9, m
         28    2.474E+01                                 F               0         Tower X translation displacement, node 10, m
         29   -6.471E+00                                 F               0         Tower Y translation displacement, node 10, m
         30   -1.285E+00                                 F               0         Tower Z translation displacement, node 10, m
         31    2.631E+01                                 F               0         Tower X translation displacement, node 11, m
         32   -7.066E+00                                 F               0         Tower Y translation displacement, node 11, m
         33   -1.399E+00                                 F               0         Tower Z translation displacement, node 11, m
         34    9.930E-01,  1.033E-02, -1.176E-01         F               0         Tower X orientation angle, node 1, rad
         35   -4.834E-03,  9.989E-01,  4.691E-02         F               0         Tower Y orientation angle, node 1, rad
         36    1.180E-01, -4.602E-02,  9.919E-01         F               0         Tower Z orientation angle, node 1, rad
         37    9.928E-01,  1.042E-02, -1.195E-01         F               0         Tower X orientation angle, node 2, rad
         38   -4.783E-03,  9.989E-01,  4.735E-02         F               0         Tower Y orientation angle, node 2, rad
         39    1.199E-01, -4.643E-02,  9.917E-01         F               0         Tower Z orientation angle, node 2, rad
         40    9.926E-01,  1.049E-02, -1.211E-01         F               0         Tower X orientation angle, node 3, rad
         41   -4.735E-03,  9.988E-01,  4.773E-02         F               0         Tower Y orientation angle, node 3, rad
         42    1.215E-01, -4.681E-02,  9.915E-01         F               0         Tower Z orientation angle, node 3, rad
         43    9.924E-01,  1.056E-02, -1.225E-01         F               0         Tower X orientation angle, node 4, rad
         44   -4.694E-03,  9.988E-01,  4.807E-02         F               0         Tower Y orientation angle, node 4, rad
         45    1.229E-01, -4.713E-02,  9.913E-01         F               0         Tower Z orientation angle, node 4, rad
         46    9.923E-01,  1.061E-02, -1.236E-01         F               0         Tower X orientation angle, node 5, rad
         47   -4.657E-03,  9.988E-01,  4.836E-02         F               0         Tower Y orientation angle, node 5, rad
         48    1.240E-01, -4.741E-02,  9.911E-01         F               0         Tower Z orientation angle, node 5, rad
         49    9.922E-01,  1.066E-02, -1.245E-01         F               0         Tower X orientation angle, node 6, rad
         50   -4.627E-03,  9.988E-01,  4.861E-02         F               0         Tower Y orientation angle, node 6, rad
         51    1.249E-01, -4.765E-02,  9.910E-01         F               0         Tower Z orientation angle, node 6, rad
         52    9.921E-01,  1.069E-02, -1.252E-01         F               0         Tower X orientation angle, node 7, rad
         53   -4.602E-03,  9.988E-01,  4.880E-02         F               0         Tower Y orientation angle, node 7, rad
         54    1.256E-01, -4.784E-02,  9.909E-01         F               0         Tower Z orientation angle, node 7, rad
         55    9.920E-01,  1.071E-02, -1.257E-01         F               0         Tower X orientation angle, node 8, rad
         56   -4.583E-03,  9.988E-01,  4.895E-02         F               0         Tower Y orientation angle, node 8, rad
         57    1.261E-01, -4.799E-02,  9.909E-01         F               0         Tower Z orientation angle, node 8, rad
         58    9.920E-01,  1.073E-02, -1.261E-01         F               0         Tower X orientation angle, node 9, rad
         59   -4.569E-03,  9.988E-01,  4.907E-02         F               0         Tower Y orientation angle, node 9, rad
         60    1.264E-01, -4.809E-02,  9.908E-01         F               0         Tower Z orientation angle, node 9, rad
         61    9.919E-01,  1.074E-02, -1.263E-01         F               0         Tower X orientation angle, node 10, rad
         62   -4.560E-03,  9.988E-01,  4.914E-02         F               0         Tower Y orientation angle, node 10, rad
         63    1.266E-01, -4.817E-02,  9.908E-01         F               0         Tower Z orientation angle, node 10, rad
         64    9.919E-01,  1.075E-02, -1.264E-01         F               0         Tower X orientation angle, node 11, rad
         65   -4.555E-03,  9.988E-01,  4.918E-02         F               0         Tower Y orientation angle, node 11, rad
         66    1.268E-01, -4.821E-02,  9.908E-01         F               0         Tower Z orientation angle, node 11, rad
         67   -4.462E-03                                 F               0         Tower X translation velocity, node 1, m/s
         68    9.650E-03                                 F               0         Tower Y translation velocity, node 1, m/s
         69    4.102E-03                                 F               0         Tower Z translation velocity, node 1, m/s
         70   -4.418E-03                                 F               0         Tower X translation velocity, node 2, m/s
         71    1.597E-02                                 F               0         Tower Y translation velocity, node 2, m/s
         72    4.391E-03                                 F               0         Tower Z translation velocity, node 2, m/s
         73   -4.473E-03                                 F               0         Tower X translation velocity, node 3, m/s
         74    2.241E-02                                 F               0         Tower Y translation velocity, node 3, m/s
         75    4.701E-03                                 F               0         Tower Z translation velocity, node 3, m/s
         76   -4.606E-03                                 F               0         Tower X translation velocity, node 4, m/s
         77    2.894E-02                                 F               0         Tower Y translation velocity, node 4, m/s
         78    5.027E-03                                 F               0         Tower Z translation velocity, node 4, m/s
         79   -4.805E-03                                 F               0         Tower X translation velocity, node 5, m/s
         80    3.556E-02                                 F               0         Tower Y translation velocity, node 5, m/s
         81    5.367E-03                                 F               0         Tower Z translation velocity, node 5, m/s
         82   -5.058E-03                                 F               0         Tower X translation velocity, node 6, m/s
         83    4.224E-02                                 F               0         Tower Y translation velocity, node 6, m/s
         84    5.720E-03                                 F               0         Tower Z translation velocity, node 6, m/s
         85   -5.352E-03                                 F               0         Tower X translation velocity, node 7, m/s
         86    4.899E-02                                 F               0         Tower Y translation velocity, node 7, m/s
         87    6.082E-03                                 F               0         Tower Z translation velocity, node 7, m/s
         88   -5.680E-03                                 F               0         Tower X translation velocity, node 8, m/s
         89    5.578E-02                                 F               0         Tower Y translation velocity, node 8, m/s
         90    6.452E-03                                 F               0         Tower Z translation velocity, node 8, m/s
         91   -6.035E-03                                 F               0         Tower X translation velocity, node 9, m/s
         92    6.260E-02                                 F               0         Tower Y translation velocity, node 9, m/s
         93    6.828E-03                                 F               0         Tower Z translation velocity, node 9, m/s
         94   -6.407E-03                                 F               0         Tower X translation velocity, node 10, m/s
         95    6.946E-02                                 F               0         Tower Y translation velocity, node 10, m/s
         96    7.209E-03                                 F               0         Tower Z translation velocity, node 10, m/s
         97   -6.789E-03                                 F               0         Tower X translation velocity, node 11, m/s
         98    7.633E-02                                 F               0         Tower Y translation velocity, node 11, m/s
         99    7.592E-03                                 F               0         Tower Z translation velocity, node 11, m/s
        100    2.739E+01                                 F               0         Hub X translation displacement, node 1, m
        101   -7.561E+00                                 F               0         Hub Y translation displacement, node 1, m
        102   -1.064E-01                                 F               0         Hub Z translation displacement, node 1, m
        103    9.732E-01,  1.573E-02, -2.292E-01         F               0         Hub X orientation angle, node 1, rad
        104   -2.088E-01,  4.767E-01, -8.539E-01         F               0         Hub Y orientation angle, node 1, rad
        105    9.585E-02,  8.789E-01,  4.672E-01         F               0         Hub Z orientation angle, node 1, rad
        106    8.541E-01                                 F               0         Hub X rotation velocity, node 1, rad/s
        107    1.377E-02                                 F               0         Hub Y rotation velocity, node 1, rad/s
        108   -2.011E-01                                 F               0         Hub Z rotation velocity, node 1, rad/s
        109    9.790E-01,  1.577E-03, -2.038E-01         F               0         Blade root 1 X orientation angle, node 1, rad
        110   -1.799E-01,  4.770E-01, -8.603E-01         F               0         Blade root 1 Y orientation angle, node 1, rad
        111    9.585E-02,  8.789E-01,  4.672E-01         F               0         Blade root 1 Z orientation angle, node 1, rad
        112    9.673E-01,  2.092E-04, -2.538E-01         F               0         Blade root 2 X orientation angle, node 1, rad
        113    2.162E-01,  5.231E-01,  8.244E-01         F               0         Blade root 2 Y orientation angle, node 1, rad
        114    1.329E-01, -8.523E-01,  5.059E-01         F               0         Blade root 2 Z orientation angle, node 1, rad
        115    9.722E-01,  4.537E-02, -2.298E-01         F               0         Blade root 3 X orientation angle, node 1, rad
        116    5.027E-02, -9.986E-01,  1.551E-02         F               0         Blade root 3 Y orientation angle, node 1, rad
        117   -2.288E-01, -2.663E-02, -9.731E-01         F               0         Blade root 3 Z orientation angle, node 1, rad
        118    2.734E+01                                 F               0         Blade 1 X translation displacement, node 1, m
        119   -2.691E+00                                 F               0         Blade 1 Y translation displacement, node 1, m
        120   -3.028E+00                                 F               0         Blade 1 Z translation displacement, node 1, m
        121    2.733E+01                                 F               0         Blade 1 X translation displacement, node 2, m
        122   -1.518E+00                                 F               0         Blade 1 Y translation displacement, node 2, m
        123   -3.731E+00                                 F               0         Blade 1 Z translation displacement, node 2, m
        124    2.717E+01                                 F               0         Blade 1 X translation displacement, node 3, m
        125    1.444E+01                                 F               0         Blade 1 Y translation displacement, node 3, m
        126   -1.330E+01                                 F               0         Blade 1 Z translation displacement, node 3, m
        127    2.714E+01                                 F               0         Blade 1 X translation displacement, node 4, m
        128    1.784E+01                                 F               0         Blade 1 Y translation displacement, node 4, m
        129   -1.534E+01                                 F               0         Blade 1 Z translation displacement, node 4, m
        130    2.711E+01                                 F               0         Blade 1 X translation displacement, node 5, m
        131    2.124E+01                                 F               0         Blade 1 Y translation displacement, node 5, m
        132   -1.738E+01                                 F               0         Blade 1 Z translation displacement, node 5, m
        133    2.707E+01                                 F               0         Blade 1 X translation displacement, node 6, m
        134    2.463E+01                                 F               0         Blade 1 Y translation displacement, node 6, m
        135   -1.942E+01                                 F               0         Blade 1 Z translation displacement, node 6, m
        136    2.704E+01                                 F               0         Blade 1 X translation displacement, node 7, m
        137    2.803E+01                                 F               0         Blade 1 Y translation displacement, node 7, m
        138   -2.146E+01                                 F               0         Blade 1 Z translation displacement, node 7, m
        139    2.701E+01                                 F               0         Blade 1 X translation displacement, node 8, m
        140    3.143E+01                                 F               0         Blade 1 Y translation displacement, node 8, m
        141   -2.350E+01                                 F               0         Blade 1 Z translation displacement, node 8, m
        142    2.697E+01                                 F               0         Blade 1 X translation displacement, node 9, m
        143    3.483E+01                                 F               0         Blade 1 Y translation displacement, node 9, m
        144   -2.554E+01                                 F               0         Blade 1 Z translation displacement, node 9, m
        145    2.694E+01                                 F               0         Blade 1 X translation displacement, node 10, m
        146    3.823E+01                                 F               0         Blade 1 Y translation displacement, node 10, m
        147   -2.758E+01                                 F               0         Blade 1 Z translation displacement, node 10, m
        148    2.691E+01                                 F               0         Blade 1 X translation displacement, node 11, m
        149    4.163E+01                                 F               0         Blade 1 Y translation displacement, node 11, m
        150   -2.962E+01                                 F               0         Blade 1 Z translation displacement, node 11, m
        151    2.687E+01                                 F               0         Blade 1 X translation displacement, node 12, m
        152    4.503E+01                                 F               0         Blade 1 Y translation displacement, node 12, m
        153   -3.166E+01                                 F               0         Blade 1 Z translation displacement, node 12, m
        154    2.684E+01                                 F               0         Blade 1 X translation displacement, node 13, m
        155    4.843E+01                                 F               0         Blade 1 Y translation displacement, node 13, m
        156   -3.370E+01                                 F               0         Blade 1 Z translation displacement, node 13, m
        157    2.680E+01                                 F               0         Blade 1 X translation displacement, node 14, m
        158    5.183E+01                                 F               0         Blade 1 Y translation displacement, node 14, m
        159   -3.574E+01                                 F               0         Blade 1 Z translation displacement, node 14, m
        160    2.677E+01                                 F               0         Blade 1 X translation displacement, node 15, m
        161    5.523E+01                                 F               0         Blade 1 Y translation displacement, node 15, m
        162   -3.778E+01                                 F               0         Blade 1 Z translation displacement, node 15, m
        163    2.674E+01                                 F               0         Blade 1 X translation displacement, node 16, m
        164    5.863E+01                                 F               0         Blade 1 Y translation displacement, node 16, m
        165   -3.982E+01                                 F               0         Blade 1 Z translation displacement, node 16, m
        166    2.670E+01                                 F               0         Blade 1 X translation displacement, node 17, m
        167    6.203E+01                                 F               0         Blade 1 Y translation displacement, node 17, m
        168   -4.185E+01                                 F               0         Blade 1 Z translation displacement, node 17, m
        169    2.667E+01                                 F               0         Blade 1 X translation displacement, node 18, m
        170    6.543E+01                                 F               0         Blade 1 Y translation displacement, node 18, m
        171   -4.389E+01                                 F               0         Blade 1 Z translation displacement, node 18, m
        172    2.664E+01                                 F               0         Blade 1 X translation displacement, node 19, m
        173    6.883E+01                                 F               0         Blade 1 Y translation displacement, node 19, m
        174   -4.593E+01                                 F               0         Blade 1 Z translation displacement, node 19, m
        175    2.660E+01                                 F               0         Blade 1 X translation displacement, node 20, m
        176    7.223E+01                                 F               0         Blade 1 Y translation displacement, node 20, m
        177   -4.797E+01                                 F               0         Blade 1 Z translation displacement, node 20, m
        178    2.657E+01                                 F               0         Blade 1 X translation displacement, node 21, m
        179    7.563E+01                                 F               0         Blade 1 Y translation displacement, node 21, m
        180   -5.001E+01                                 F               0         Blade 1 Z translation displacement, node 21, m
        181    2.654E+01                                 F               0         Blade 1 X translation displacement, node 22, m
        182    7.903E+01                                 F               0         Blade 1 Y translation displacement, node 22, m
        183   -5.205E+01                                 F               0         Blade 1 Z translation displacement, node 22, m
        184    2.650E+01                                 F               0         Blade 1 X translation displacement, node 23, m
        185    8.242E+01                                 F               0         Blade 1 Y translation displacement, node 23, m
        186   -5.409E+01                                 F               0         Blade 1 Z translation displacement, node 23, m
        187    2.647E+01                                 F               0         Blade 1 X translation displacement, node 24, m
        188    8.582E+01                                 F               0         Blade 1 Y translation displacement, node 24, m
        189   -5.613E+01                                 F               0         Blade 1 Z translation displacement, node 24, m
        190    2.644E+01                                 F               0         Blade 1 X translation displacement, node 25, m
        191    8.922E+01                                 F               0         Blade 1 Y translation displacement, node 25, m
        192   -5.817E+01                                 F               0         Blade 1 Z translation displacement, node 25, m
        193    2.640E+01                                 F               0         Blade 1 X translation displacement, node 26, m
        194    9.262E+01                                 F               0         Blade 1 Y translation displacement, node 26, m
        195   -6.021E+01                                 F               0         Blade 1 Z translation displacement, node 26, m
        196    2.637E+01                                 F               0         Blade 1 X translation displacement, node 27, m
        197    9.602E+01                                 F               0         Blade 1 Y translation displacement, node 27, m
        198   -6.225E+01                                 F               0         Blade 1 Z translation displacement, node 27, m
        199    2.634E+01                                 F               0         Blade 1 X translation displacement, node 28, m
        200    9.890E+01                                 F               0         Blade 1 Y translation displacement, node 28, m
        201   -6.398E+01                                 F               0         Blade 1 Z translation displacement, node 28, m
        202    9.533E-01, -2.161E-01,  2.109E-01         F               0         Blade 1 X orientation angle, node 1, rad
        203    2.864E-01,  4.252E-01, -8.586E-01         F               0         Blade 1 Y orientation angle, node 1, rad
        204    9.585E-02,  8.789E-01,  4.672E-01         F               0         Blade 1 Z orientation angle, node 1, rad
        205    9.533E-01, -2.161E-01,  2.109E-01         F               0         Blade 1 X orientation angle, node 2, rad
        206    2.864E-01,  4.252E-01, -8.586E-01         F               0         Blade 1 Y orientation angle, node 2, rad
        207    9.585E-02,  8.789E-01,  4.672E-01         F               0         Blade 1 Z orientation angle, node 2, rad
        208    9.940E-01, -1.092E-01,  1.419E-03         F               0         Blade 1 X orientation angle, node 3, rad
        209    5.225E-02,  4.643E-01, -8.841E-01         F               0         Blade 1 Y orientation angle, node 3, rad
        210    9.585E-02,  8.789E-01,  4.672E-01         F               0         Blade 1 Z orientation angle, node 3, rad
        211    9.953E-01, -8.946E-02, -3.591E-02         F               0         Blade 1 X orientation angle, node 4, rad
        212    1.023E-02,  4.685E-01, -8.834E-01         F               0         Blade 1 Y orientation angle, node 4, rad
        213    9.585E-02,  8.789E-01,  4.672E-01         F               0         Blade 1 Z orientation angle, node 4, rad
        214    9.951E-01, -7.388E-02, -6.518E-02         F               0         Blade 1 X orientation angle, node 5, rad
        215   -2.277E-02,  4.712E-01, -8.817E-01         F               0         Blade 1 Y orientation angle, node 5, rad
        216    9.585E-02,  8.789E-01,  4.672E-01         F               0         Blade 1 Z orientation angle, node 5, rad
        217    9.942E-01, -6.135E-02, -8.855E-02         F               0         Blade 1 X orientation angle, node 6, rad
        218   -4.916E-02,  4.730E-01, -8.797E-01         F               0         Blade 1 Y orientation angle, node 6, rad
        219    9.585E-02,  8.789E-01,  4.672E-01         F               0         Blade 1 Z orientation angle, node 6, rad
        220    9.929E-01, -5.102E-02, -1.077E-01         F               0         Blade 1 X orientation angle, node 7, rad
        221   -7.084E-02,  4.742E-01, -8.775E-01         F               0         Blade 1 Y orientation angle, node 7, rad
        222    9.585E-02,  8.789E-01,  4.672E-01         F               0         Blade 1 Z orientation angle, node 7, rad
        223    9.914E-01, -4.240E-02, -1.236E-01         F               0         Blade 1 X orientation angle, node 8, rad
        224   -8.885E-02,  4.751E-01, -8.755E-01         F               0         Blade 1 Y orientation angle, node 8, rad
        225    9.585E-02,  8.789E-01,  4.672E-01         F               0         Blade 1 Z orientation angle, node 8, rad
        226    9.899E-01, -3.510E-02, -1.371E-01         F               0         Blade 1 X orientation angle, node 9, rad
        227   -1.041E-01,  4.757E-01, -8.734E-01         F               0         Blade 1 Y orientation angle, node 9, rad
        228    9.585E-02,  8.789E-01,  4.672E-01         F               0         Blade 1 Z orientation angle, node 9, rad
        229    9.885E-01, -2.879E-02, -1.486E-01         F               0         Blade 1 X orientation angle, node 10, rad
        230   -1.172E-01,  4.761E-01, -8.716E-01         F               0         Blade 1 Y orientation angle, node 10, rad
        231    9.585E-02,  8.789E-01,  4.672E-01         F               0         Blade 1 Z orientation angle, node 10, rad
        232    9.871E-01, -2.339E-02, -1.585E-01         F               0         Blade 1 X orientation angle, node 11, rad
        233   -1.284E-01,  4.764E-01, -8.698E-01         F               0         Blade 1 Y orientation angle, node 11, rad
        234    9.585E-02,  8.789E-01,  4.672E-01         F               0         Blade 1 Z orientation angle, node 11, rad
        235    9.858E-01, -1.865E-02, -1.672E-01         F               0         Blade 1 X orientation angle, node 12, rad
        236   -1.382E-01,  4.766E-01, -8.682E-01         F               0         Blade 1 Y orientation angle, node 12, rad
        237    9.585E-02,  8.789E-01,  4.672E-01         F               0         Blade 1 Z orientation angle, node 12, rad
        238    9.845E-01, -1.449E-02, -1.747E-01         F               0         Blade 1 X orientation angle, node 13, rad
        239   -1.468E-01,  4.767E-01, -8.667E-01         F               0         Blade 1 Y orientation angle, node 13, rad
        240    9.585E-02,  8.789E-01,  4.672E-01         F               0         Blade 1 Z orientation angle, node 13, rad
        241    9.833E-01, -1.074E-02, -1.815E-01         F               0         Blade 1 X orientation angle, node 14, rad
        242   -1.545E-01,  4.768E-01, -8.653E-01         F               0         Blade 1 Y orientation angle, node 14, rad
        243    9.585E-02,  8.789E-01,  4.672E-01         F               0         Blade 1 Z orientation angle, node 14, rad
        244    9.822E-01, -7.413E-03, -1.876E-01         F               0         Blade 1 X orientation angle, node 15, rad
        245   -1.614E-01,  4.769E-01, -8.640E-01         F               0         Blade 1 Y orientation angle, node 15, rad
        246    9.585E-02,  8.789E-01,  4.672E-01         F               0         Blade 1 Z orientation angle, node 15, rad
        247    9.812E-01, -4.416E-03, -1.930E-01         F               0         Blade 1 X orientation angle, node 16, rad
        248   -1.676E-01,  4.769E-01, -8.628E-01         F               0         Blade 1 Y orientation angle, node 16, rad
        249    9.585E-02,  8.789E-01,  4.672E-01         F               0         Blade 1 Z orientation angle, node 16, rad
        250    9.802E-01, -1.752E-03, -1.978E-01         F               0         Blade 1 X orientation angle, node 17, rad
        251   -1.730E-01,  4.770E-01, -8.617E-01         F               0         Blade 1 Y orientation angle, node 17, rad
        252    9.585E-02,  8.789E-01,  4.672E-01         F               0         Blade 1 Z orientation angle, node 17, rad
        253    9.793E-01,  7.449E-04, -2.023E-01         F               0         Blade 1 X orientation angle, node 18, rad
        254   -1.782E-01,  4.770E-01, -8.607E-01         F               0         Blade 1 Y orientation angle, node 18, rad
        255    9.585E-02,  8.789E-01,  4.672E-01         F               0         Blade 1 Z orientation angle, node 18, rad
        256    9.785E-01,  2.993E-03, -2.064E-01         F               0         Blade 1 X orientation angle, node 19, rad
        257   -1.828E-01,  4.770E-01, -8.597E-01         F               0         Blade 1 Y orientation angle, node 19, rad
        258    9.585E-02,  8.789E-01,  4.672E-01         F               0         Blade 1 Z orientation angle, node 19, rad
        259    9.777E-01,  4.990E-03, -2.100E-01         F               0         Blade 1 X orientation angle, node 20, rad
        260   -1.869E-01,  4.769E-01, -8.588E-01         F               0         Blade 1 Y orientation angle, node 20, rad
        261    9.585E-02,  8.789E-01,  4.672E-01         F               0         Blade 1 Z orientation angle, node 20, rad
        262    9.769E-01,  6.905E-03, -2.134E-01         F               0         Blade 1 X orientation angle, node 21, rad
        263   -1.908E-01,  4.769E-01, -8.580E-01         F               0         Blade 1 Y orientation angle, node 21, rad
        264    9.585E-02,  8.789E-01,  4.672E-01         F               0         Blade 1 Z orientation angle, node 21, rad
        265    9.762E-01,  8.653E-03, -2.166E-01         F               0         Blade 1 X orientation angle, node 22, rad
        266   -1.944E-01,  4.769E-01, -8.572E-01         F               0         Blade 1 Y orientation angle, node 22, rad
        267    9.585E-02,  8.789E-01,  4.672E-01         F               0         Blade 1 Z orientation angle, node 22, rad
        268    9.756E-01,  1.023E-02, -2.194E-01         F               0         Blade 1 X orientation angle, node 23, rad
        269   -1.976E-01,  4.769E-01, -8.565E-01         F               0         Blade 1 Y orientation angle, node 23, rad
        270    9.585E-02,  8.789E-01,  4.672E-01         F               0         Blade 1 Z orientation angle, node 23, rad
        271    9.750E-01,  1.173E-02, -2.221E-01         F               0         Blade 1 X orientation angle, node 24, rad
        272   -2.007E-01,  4.768E-01, -8.558E-01         F               0         Blade 1 Y orientation angle, node 24, rad
        273    9.585E-02,  8.789E-01,  4.672E-01         F               0         Blade 1 Z orientation angle, node 24, rad
        274    9.744E-01,  1.315E-02, -2.246E-01         F               0         Blade 1 X orientation angle, node 25, rad
        275   -2.036E-01,  4.768E-01, -8.551E-01         F               0         Blade 1 Y orientation angle, node 25, rad
        276    9.585E-02,  8.789E-01,  4.672E-01         F               0         Blade 1 Z orientation angle, node 25, rad
        277    9.738E-01,  1.439E-02, -2.269E-01         F               0         Blade 1 X orientation angle, node 26, rad
        278   -2.061E-01,  4.767E-01, -8.545E-01         F               0         Blade 1 Y orientation angle, node 26, rad
        279    9.585E-02,  8.789E-01,  4.672E-01         F               0         Blade 1 Z orientation angle, node 26, rad
        280    9.733E-01,  1.564E-02, -2.291E-01         F               0         Blade 1 X orientation angle, node 27, rad
        281   -2.087E-01,  4.767E-01, -8.539E-01         F               0         Blade 1 Y orientation angle, node 27, rad
        282    9.585E-02,  8.789E-01,  4.672E-01         F               0         Blade 1 Z orientation angle, node 27, rad
        283    9.730E-01,  1.631E-02, -2.303E-01         F               0         Blade 1 X orientation angle, node 28, rad
        284   -2.100E-01,  4.767E-01, -8.536E-01         F               0         Blade 1 Y orientation angle, node 28, rad
        285    9.585E-02,  8.789E-01,  4.672E-01         F               0         Blade 1 Z orientation angle, node 28, rad
        286    1.008E+00                                 F               0         Blade 1 X translation velocity, node 1, m/s
        287   -2.238E+00                                 F               0         Blade 1 Y translation velocity, node 1, m/s
        288    4.159E+00                                 F               0         Blade 1 Z translation velocity, node 1, m/s
        289    1.253E+00                                 F               0         Blade 1 X translation velocity, node 2, m/s
        290   -2.796E+00                                 F               0         Blade 1 Y translation velocity, node 2, m/s
        291    5.159E+00                                 F               0         Blade 1 Z translation velocity, node 2, m/s
        292    4.578E+00                                 F               0         Blade 1 X translation velocity, node 3, m/s
        293   -1.039E+01                                 F               0         Blade 1 Y translation velocity, node 3, m/s
        294    1.876E+01                                 F               0         Blade 1 Z translation velocity, node 3, m/s
        295    5.287E+00                                 F               0         Blade 1 X translation velocity, node 4, m/s
        296   -1.201E+01                                 F               0         Blade 1 Y translation velocity, node 4, m/s
        297    2.166E+01                                 F               0         Blade 1 Z translation velocity, node 4, m/s
        298    5.996E+00                                 F               0         Blade 1 X translation velocity, node 5, m/s
        299   -1.363E+01                                 F               0         Blade 1 Y translation velocity, node 5, m/s
        300    2.456E+01                                 F               0         Blade 1 Z translation velocity, node 5, m/s
        301    6.704E+00                                 F               0         Blade 1 X translation velocity, node 6, m/s
        302   -1.524E+01                                 F               0         Blade 1 Y translation velocity, node 6, m/s
        303    2.746E+01                                 F               0         Blade 1 Z translation velocity, node 6, m/s
        304    7.413E+00                                 F               0         Blade 1 X translation velocity, node 7, m/s
        305   -1.686E+01                                 F               0         Blade 1 Y translation velocity, node 7, m/s
        306    3.035E+01                                 F               0         Blade 1 Z translation velocity, node 7, m/s
        307    8.122E+00                                 F               0         Blade 1 X translation velocity, node 8, m/s
