
Linearized model: Predictions were generated on 06-Feb-2024 at 10:15:48 using OpenFAST, compiled as a 64-bit application using single precision at commit v3.5.1
 linked with  NWTC Subroutine Library; ElastoDyn; InflowWind; AeroDyn; ServoDyn; HydroDyn; MAP++ (<1.20.10>, <Oct-20-2023>)

Description from the FAST input file: CCT-9 Campign 4 model. Input files to be run with OpenFAST 3.5.0. GitHub branch from Lu Wang (https://github.com/luwang00/openfast/tree/dev) compiled on March 7, 2023.

Simulation information:
   Simulation time:                  1001.7500 s
   Rotor Speed:                         1.0393 rad/s
   Azimuth:                             2.8682 rad
   Wind Speed:                         12.0000 m/s
   Number of continuous states:         0
   Number of discrete states:           0
   Number of constraint states:         0
   Number of inputs:                 1746
   Number of outputs:                   4
   Jacobians included in this file?    No

Order of inputs:
     Column   Operating Point                     Rotating Frame? Derivative Order Description
   ---------- ---------------                     --------------- ---------------- -----------
          1    1.515E+01                                 F               0         Tower X translation displacement, node 1, m
          2   -1.058E+00                                 F               0         Tower Y translation displacement, node 1, m
          3   -5.024E-01                                 F               0         Tower Z translation displacement, node 1, m
          4    1.708E+01                                 F               0         Tower X translation displacement, node 2, m
          5   -1.626E+00                                 F               0         Tower Y translation displacement, node 2, m
          6   -6.677E-01                                 F               0         Tower Z translation displacement, node 2, m
          7    1.904E+01                                 F               0         Tower X translation displacement, node 3, m
          8   -2.199E+00                                 F               0         Tower Y translation displacement, node 3, m
          9   -8.387E-01                                 F               0         Tower Z translation displacement, node 3, m
         10    2.104E+01                                 F               0         Tower X translation displacement, node 4, m
         11   -2.776E+00                                 F               0         Tower Y translation displacement, node 4, m
         12   -1.014E+00                                 F               0         Tower Z translation displacement, node 4, m
         13    2.305E+01                                 F               0         Tower X translation displacement, node 5, m
         14   -3.357E+00                                 F               0         Tower Y translation displacement, node 5, m
         15   -1.194E+00                                 F               0         Tower Z translation displacement, node 5, m
         16    2.509E+01                                 F               0         Tower X translation displacement, node 6, m
         17   -3.941E+00                                 F               0         Tower Y translation displacement, node 6, m
         18   -1.376E+00                                 F               0         Tower Z translation displacement, node 6, m
         19    2.713E+01                                 F               0         Tower X translation displacement, node 7, m
         20   -4.528E+00                                 F               0         Tower Y translation displacement, node 7, m
         21   -1.561E+00                                 F               0         Tower Z translation displacement, node 7, m
         22    2.919E+01                                 F               0         Tower X translation displacement, node 8, m
         23   -5.117E+00                                 F               0         Tower Y translation displacement, node 8, m
         24   -1.748E+00                                 F               0         Tower Z translation displacement, node 8, m
         25    3.126E+01                                 F               0         Tower X translation displacement, node 9, m
         26   -5.707E+00                                 F               0         Tower Y translation displacement, node 9, m
         27   -1.936E+00                                 F               0         Tower Z translation displacement, node 9, m
         28    3.333E+01                                 F               0         Tower X translation displacement, node 10, m
         29   -6.299E+00                                 F               0         Tower Y translation displacement, node 10, m
         30   -2.126E+00                                 F               0         Tower Z translation displacement, node 10, m
         31    3.541E+01                                 F               0         Tower X translation displacement, node 11, m
         32   -6.891E+00                                 F               0         Tower Y translation displacement, node 11, m
         33   -2.316E+00                                 F               0         Tower Z translation displacement, node 11, m
         34    9.878E-01,  1.398E-02, -1.548E-01         F               0         Tower X orientation angle, node 1, rad
         35   -6.712E-03,  9.989E-01,  4.738E-02         F               0         Tower Y orientation angle, node 1, rad
         36    1.553E-01, -4.577E-02,  9.868E-01         F               0         Tower Z orientation angle, node 1, rad
         37    9.874E-01,  1.410E-02, -1.574E-01         F               0         Tower X orientation angle, node 2, rad
         38   -6.642E-03,  9.988E-01,  4.783E-02         F               0         Tower Y orientation angle, node 2, rad
         39    1.579E-01, -4.618E-02,  9.864E-01         F               0         Tower Z orientation angle, node 2, rad
         40    9.871E-01,  1.421E-02, -1.597E-01         F               0         Tower X orientation angle, node 3, rad
         41   -6.578E-03,  9.988E-01,  4.823E-02         F               0         Tower Y orientation angle, node 3, rad
         42    1.602E-01, -4.655E-02,  9.860E-01         F               0         Tower Z orientation angle, node 3, rad
         43    9.867E-01,  1.431E-02, -1.617E-01         F               0         Tower X orientation angle, node 4, rad
         44   -6.521E-03,  9.988E-01,  4.857E-02         F               0         Tower Y orientation angle, node 4, rad
         45    1.622E-01, -4.688E-02,  9.856E-01         F               0         Tower Z orientation angle, node 4, rad
         46    9.865E-01,  1.438E-02, -1.633E-01         F               0         Tower X orientation angle, node 5, rad
         47   -6.472E-03,  9.988E-01,  4.887E-02         F               0         Tower Y orientation angle, node 5, rad
         48    1.638E-01, -4.715E-02,  9.854E-01         F               0         Tower Z orientation angle, node 5, rad
         49    9.862E-01,  1.445E-02, -1.647E-01         F               0         Tower X orientation angle, node 6, rad
         50   -6.430E-03,  9.988E-01,  4.912E-02         F               0         Tower Y orientation angle, node 6, rad
         51    1.652E-01, -4.739E-02,  9.851E-01         F               0         Tower Z orientation angle, node 6, rad
         52    9.861E-01,  1.450E-02, -1.657E-01         F               0         Tower X orientation angle, node 7, rad
         53   -6.396E-03,  9.988E-01,  4.932E-02         F               0         Tower Y orientation angle, node 7, rad
         54    1.662E-01, -4.758E-02,  9.849E-01         F               0         Tower Z orientation angle, node 7, rad
         55    9.859E-01,  1.453E-02, -1.665E-01         F               0         Tower X orientation angle, node 8, rad
         56   -6.370E-03,  9.988E-01,  4.948E-02         F               0         Tower Y orientation angle, node 8, rad
         57    1.670E-01, -4.772E-02,  9.848E-01         F               0         Tower Z orientation angle, node 8, rad
         58    9.858E-01,  1.456E-02, -1.670E-01         F               0         Tower X orientation angle, node 9, rad
         59   -6.351E-03,  9.987E-01,  4.959E-02         F               0         Tower Y orientation angle, node 9, rad
         60    1.675E-01, -4.783E-02,  9.847E-01         F               0         Tower Z orientation angle, node 9, rad
         61    9.858E-01,  1.458E-02, -1.673E-01         F               0         Tower X orientation angle, node 10, rad
         62   -6.338E-03,  9.987E-01,  4.967E-02         F               0         Tower Y orientation angle, node 10, rad
         63    1.679E-01, -4.790E-02,  9.846E-01         F               0         Tower Z orientation angle, node 10, rad
         64    9.858E-01,  1.459E-02, -1.675E-01         F               0         Tower X orientation angle, node 11, rad
         65   -6.331E-03,  9.987E-01,  4.971E-02         F               0         Tower Y orientation angle, node 11, rad
         66    1.680E-01, -4.794E-02,  9.846E-01         F               0         Tower Z orientation angle, node 11, rad
         67   -1.999E-03                                 F               0         Tower X translation velocity, node 1, m/s
         68   -3.576E-02                                 F               0         Tower Y translation velocity, node 1, m/s
         69   -3.054E-03                                 F               0         Tower Z translation velocity, node 1, m/s
         70   -2.649E-03                                 F               0         Tower X translation velocity, node 2, m/s
         71   -6.007E-02                                 F               0         Tower Y translation velocity, node 2, m/s
         72   -4.082E-03                                 F               0         Tower Z translation velocity, node 2, m/s
         73   -3.371E-03                                 F               0         Tower X translation velocity, node 3, m/s
         74   -8.476E-02                                 F               0         Tower Y translation velocity, node 3, m/s
         75   -5.127E-03                                 F               0         Tower Z translation velocity, node 3, m/s
         76   -4.150E-03                                 F               0         Tower X translation velocity, node 4, m/s
         77   -1.098E-01                                 F               0         Tower Y translation velocity, node 4, m/s
         78   -6.184E-03                                 F               0         Tower Z translation velocity, node 4, m/s
         79   -4.977E-03                                 F               0         Tower X translation velocity, node 5, m/s
         80   -1.350E-01                                 F               0         Tower Y translation velocity, node 5, m/s
         81   -7.253E-03                                 F               0         Tower Z translation velocity, node 5, m/s
         82   -5.846E-03                                 F               0         Tower X translation velocity, node 6, m/s
         83   -1.605E-01                                 F               0         Tower Y translation velocity, node 6, m/s
         84   -8.330E-03                                 F               0         Tower Z translation velocity, node 6, m/s
         85   -6.747E-03                                 F               0         Tower X translation velocity, node 7, m/s
         86   -1.861E-01                                 F               0         Tower Y translation velocity, node 7, m/s
         87   -9.414E-03                                 F               0         Tower Z translation velocity, node 7, m/s
         88   -7.675E-03                                 F               0         Tower X translation velocity, node 8, m/s
         89   -2.119E-01                                 F               0         Tower Y translation velocity, node 8, m/s
         90   -1.050E-02                                 F               0         Tower Z translation velocity, node 8, m/s
         91   -8.624E-03                                 F               0         Tower X translation velocity, node 9, m/s
         92   -2.378E-01                                 F               0         Tower Y translation velocity, node 9, m/s
         93   -1.160E-02                                 F               0         Tower Z translation velocity, node 9, m/s
         94   -9.587E-03                                 F               0         Tower X translation velocity, node 10, m/s
         95   -2.637E-01                                 F               0         Tower Y translation velocity, node 10, m/s
         96   -1.270E-02                                 F               0         Tower Z translation velocity, node 10, m/s
         97   -1.056E-02                                 F               0         Tower X translation velocity, node 11, m/s
         98   -2.898E-01                                 F               0         Tower Y translation velocity, node 11, m/s
         99   -1.380E-02                                 F               0         Tower Z translation velocity, node 11, m/s
        100    3.688E+01                                 F               0         Hub X translation displacement, node 1, m
        101   -7.425E+00                                 F               0         Hub Y translation displacement, node 1, m
        102   -6.271E-01                                 F               0         Hub Z translation displacement, node 1, m
        103    9.628E-01,  1.952E-02, -2.695E-01         F               0         Hub X orientation angle, node 1, rad
        104    7.903E-02, -9.741E-01,  2.118E-01         F               0         Hub Y orientation angle, node 1, rad
        105   -2.584E-01, -2.252E-01, -9.394E-01         F               0         Hub Z orientation angle, node 1, rad
        106    1.003E+00                                 F               0         Hub X rotation velocity, node 1, rad/s
        107    2.023E-02                                 F               0         Hub Y rotation velocity, node 1, rad/s
        108   -2.806E-01                                 F               0         Hub Z rotation velocity, node 1, rad/s
        109    9.600E-01,  4.841E-02, -2.757E-01         F               0         Blade root 1 X orientation angle, node 1, rad
        110    1.076E-01, -9.731E-01,  2.037E-01         F               0         Blade root 1 Y orientation angle, node 1, rad
        111   -2.584E-01, -2.252E-01, -9.394E-01         F               0         Blade root 1 Z orientation angle, node 1, rad
        112    9.702E-01,  1.085E-02, -2.421E-01         F               0         Blade root 2 X orientation angle, node 1, rad
        113   -2.346E-01,  2.925E-01, -9.270E-01         F               0         Blade root 2 Y orientation angle, node 1, rad
        114    6.076E-02,  9.562E-01,  2.863E-01         F               0         Blade root 2 Z orientation angle, node 1, rad
        115    9.569E-01, -7.256E-04, -2.904E-01         F               0         Blade root 3 X orientation angle, node 1, rad
        116    2.128E-01,  6.824E-01,  6.994E-01         F               0         Blade root 3 Y orientation angle, node 1, rad
        117    1.977E-01, -7.310E-01,  6.531E-01         F               0         Blade root 3 Z orientation angle, node 1, rad
        118    3.487E+01                                 F               0         Blade 1 X translation displacement, node 1, m
        119   -8.672E+00                                 F               0         Blade 1 Y translation displacement, node 1, m
        120   -1.134E+01                                 F               0         Blade 1 Z translation displacement, node 1, m
        121    3.438E+01                                 F               0         Blade 1 X translation displacement, node 2, m
        122   -8.973E+00                                 F               0         Blade 1 Y translation displacement, node 2, m
        123   -1.392E+01                                 F               0         Blade 1 Z translation displacement, node 2, m
        124    2.780E+01                                 F               0         Blade 1 X translation displacement, node 3, m
        125   -1.306E+01                                 F               0         Blade 1 Y translation displacement, node 3, m
        126   -4.903E+01                                 F               0         Blade 1 Z translation displacement, node 3, m
        127    2.639E+01                                 F               0         Blade 1 X translation displacement, node 4, m
        128   -1.393E+01                                 F               0         Blade 1 Y translation displacement, node 4, m
        129   -5.651E+01                                 F               0         Blade 1 Z translation displacement, node 4, m
        130    2.499E+01                                 F               0         Blade 1 X translation displacement, node 5, m
        131   -1.480E+01                                 F               0         Blade 1 Y translation displacement, node 5, m
        132   -6.399E+01                                 F               0         Blade 1 Z translation displacement, node 5, m
        133    2.359E+01                                 F               0         Blade 1 X translation displacement, node 6, m
        134   -1.567E+01                                 F               0         Blade 1 Y translation displacement, node 6, m
        135   -7.147E+01                                 F               0         Blade 1 Z translation displacement, node 6, m
        136    2.218E+01                                 F               0         Blade 1 X translation displacement, node 7, m
        137   -1.655E+01                                 F               0         Blade 1 Y translation displacement, node 7, m
        138   -7.895E+01                                 F               0         Blade 1 Z translation displacement, node 7, m
        139    2.078E+01                                 F               0         Blade 1 X translation displacement, node 8, m
        140   -1.742E+01                                 F               0         Blade 1 Y translation displacement, node 8, m
        141   -8.643E+01                                 F               0         Blade 1 Z translation displacement, node 8, m
        142    1.937E+01                                 F               0         Blade 1 X translation displacement, node 9, m
        143   -1.829E+01                                 F               0         Blade 1 Y translation displacement, node 9, m
        144   -9.391E+01                                 F               0         Blade 1 Z translation displacement, node 9, m
        145    1.797E+01                                 F               0         Blade 1 X translation displacement, node 10, m
        146   -1.916E+01                                 F               0         Blade 1 Y translation displacement, node 10, m
        147   -1.014E+02                                 F               0         Blade 1 Z translation displacement, node 10, m
        148    1.657E+01                                 F               0         Blade 1 X translation displacement, node 11, m
        149   -2.003E+01                                 F               0         Blade 1 Y translation displacement, node 11, m
        150   -1.089E+02                                 F               0         Blade 1 Z translation displacement, node 11, m
        151    1.516E+01                                 F               0         Blade 1 X translation displacement, node 12, m
        152   -2.090E+01                                 F               0         Blade 1 Y translation displacement, node 12, m
        153   -1.163E+02                                 F               0         Blade 1 Z translation displacement, node 12, m
        154    1.376E+01                                 F               0         Blade 1 X translation displacement, node 13, m
        155   -2.177E+01                                 F               0         Blade 1 Y translation displacement, node 13, m
        156   -1.238E+02                                 F               0         Blade 1 Z translation displacement, node 13, m
        157    1.236E+01                                 F               0         Blade 1 X translation displacement, node 14, m
        158   -2.264E+01                                 F               0         Blade 1 Y translation displacement, node 14, m
        159   -1.313E+02                                 F               0         Blade 1 Z translation displacement, node 14, m
        160    1.095E+01                                 F               0         Blade 1 X translation displacement, node 15, m
        161   -2.351E+01                                 F               0         Blade 1 Y translation displacement, node 15, m
        162   -1.388E+02                                 F               0         Blade 1 Z translation displacement, node 15, m
        163    9.547E+00                                 F               0         Blade 1 X translation displacement, node 16, m
        164   -2.438E+01                                 F               0         Blade 1 Y translation displacement, node 16, m
        165   -1.463E+02                                 F               0         Blade 1 Z translation displacement, node 16, m
        166    8.144E+00                                 F               0         Blade 1 X translation displacement, node 17, m
        167   -2.526E+01                                 F               0         Blade 1 Y translation displacement, node 17, m
        168   -1.537E+02                                 F               0         Blade 1 Z translation displacement, node 17, m
        169    6.740E+00                                 F               0         Blade 1 X translation displacement, node 18, m
        170   -2.613E+01                                 F               0         Blade 1 Y translation displacement, node 18, m
        171   -1.612E+02                                 F               0         Blade 1 Z translation displacement, node 18, m
        172    5.336E+00                                 F               0         Blade 1 X translation displacement, node 19, m
        173   -2.700E+01                                 F               0         Blade 1 Y translation displacement, node 19, m
        174   -1.687E+02                                 F               0         Blade 1 Z translation displacement, node 19, m
        175    3.932E+00                                 F               0         Blade 1 X translation displacement, node 20, m
        176   -2.787E+01                                 F               0         Blade 1 Y translation displacement, node 20, m
        177   -1.762E+02                                 F               0         Blade 1 Z translation displacement, node 20, m
        178    2.529E+00                                 F               0         Blade 1 X translation displacement, node 21, m
        179   -2.874E+01                                 F               0         Blade 1 Y translation displacement, node 21, m
        180   -1.837E+02                                 F               0         Blade 1 Z translation displacement, node 21, m
        181    1.125E+00                                 F               0         Blade 1 X translation displacement, node 22, m
        182   -2.961E+01                                 F               0         Blade 1 Y translation displacement, node 22, m
        183   -1.911E+02                                 F               0         Blade 1 Z translation displacement, node 22, m
        184   -2.788E-01                                 F               0         Blade 1 X translation displacement, node 23, m
        185   -3.048E+01                                 F               0         Blade 1 Y translation displacement, node 23, m
        186   -1.986E+02                                 F               0         Blade 1 Z translation displacement, node 23, m
        187   -1.683E+00                                 F               0         Blade 1 X translation displacement, node 24, m
        188   -3.135E+01                                 F               0         Blade 1 Y translation displacement, node 24, m
        189   -2.061E+02                                 F               0         Blade 1 Z translation displacement, node 24, m
        190   -3.086E+00                                 F               0         Blade 1 X translation displacement, node 25, m
        191   -3.222E+01                                 F               0         Blade 1 Y translation displacement, node 25, m
        192   -2.136E+02                                 F               0         Blade 1 Z translation displacement, node 25, m
        193   -4.490E+00                                 F               0         Blade 1 X translation displacement, node 26, m
        194   -3.309E+01                                 F               0         Blade 1 Y translation displacement, node 26, m
        195   -2.211E+02                                 F               0         Blade 1 Z translation displacement, node 26, m
        196   -5.894E+00                                 F               0         Blade 1 X translation displacement, node 27, m
        197   -3.397E+01                                 F               0         Blade 1 Y translation displacement, node 27, m
        198   -2.285E+02                                 F               0         Blade 1 Z translation displacement, node 27, m
        199   -7.084E+00                                 F               0         Blade 1 X translation displacement, node 28, m
        200   -3.470E+01                                 F               0         Blade 1 Y translation displacement, node 28, m
        201   -2.349E+02                                 F               0         Blade 1 Z translation displacement, node 28, m
        202    8.054E-01,  4.868E-01, -3.382E-01         F               0         Blade 1 X orientation angle, node 1, rad
        203    5.335E-01, -8.440E-01,  5.557E-02         F               0         Blade 1 Y orientation angle, node 1, rad
        204   -2.584E-01, -2.252E-01, -9.394E-01         F               0         Blade 1 Z orientation angle, node 1, rad
        205    8.054E-01,  4.868E-01, -3.382E-01         F               0         Blade 1 X orientation angle, node 2, rad
        206    5.335E-01, -8.440E-01,  5.557E-02         F               0         Blade 1 Y orientation angle, node 2, rad
        207   -2.584E-01, -2.252E-01, -9.394E-01         F               0         Blade 1 Z orientation angle, node 2, rad
        208    9.088E-01,  2.729E-01, -3.154E-01         F               0         Blade 1 X orientation angle, node 3, rad
        209    3.274E-01, -9.353E-01,  1.341E-01         F               0         Blade 1 Y orientation angle, node 3, rad
        210   -2.584E-01, -2.252E-01, -9.394E-01         F               0         Blade 1 Z orientation angle, node 3, rad
        211    9.219E-01,  2.332E-01, -3.095E-01         F               0         Blade 1 X orientation angle, node 4, rad
        212    2.888E-01, -9.460E-01,  1.473E-01         F               0         Blade 1 Y orientation angle, node 4, rad
        213   -2.584E-01, -2.252E-01, -9.394E-01         F               0         Blade 1 Z orientation angle, node 4, rad
        214    9.309E-01,  2.017E-01, -3.044E-01         F               0         Blade 1 X orientation angle, node 5, rad
        215    2.580E-01, -9.532E-01,  1.575E-01         F               0         Blade 1 Y orientation angle, node 5, rad
        216   -2.584E-01, -2.252E-01, -9.394E-01         F               0         Blade 1 Z orientation angle, node 5, rad
        217    9.374E-01,  1.763E-01, -3.001E-01         F               0         Blade 1 X orientation angle, node 6, rad
        218    2.333E-01, -9.582E-01,  1.655E-01         F               0         Blade 1 Y orientation angle, node 6, rad
        219   -2.584E-01, -2.252E-01, -9.394E-01         F               0         Blade 1 Z orientation angle, node 6, rad
        220    9.423E-01,  1.554E-01, -2.965E-01         F               0         Blade 1 X orientation angle, node 7, rad
        221    2.128E-01, -9.618E-01,  1.721E-01         F               0         Blade 1 Y orientation angle, node 7, rad
        222   -2.584E-01, -2.252E-01, -9.394E-01         F               0         Blade 1 Z orientation angle, node 7, rad
        223    9.460E-01,  1.379E-01, -2.933E-01         F               0         Blade 1 X orientation angle, node 8, rad
        224    1.956E-01, -9.645E-01,  1.774E-01         F               0         Blade 1 Y orientation angle, node 8, rad
        225   -2.584E-01, -2.252E-01, -9.394E-01         F               0         Blade 1 Z orientation angle, node 8, rad
        226    9.489E-01,  1.231E-01, -2.905E-01         F               0         Blade 1 X orientation angle, node 9, rad
        227    1.811E-01, -9.665E-01,  1.819E-01         F               0         Blade 1 Y orientation angle, node 9, rad
        228   -2.584E-01, -2.252E-01, -9.394E-01         F               0         Blade 1 Z orientation angle, node 9, rad
        229    9.512E-01,  1.103E-01, -2.881E-01         F               0         Blade 1 X orientation angle, node 10, rad
        230    1.685E-01, -9.681E-01,  1.857E-01         F               0         Blade 1 Y orientation angle, node 10, rad
        231   -2.584E-01, -2.252E-01, -9.394E-01         F               0         Blade 1 Z orientation angle, node 10, rad
        232    9.531E-01,  9.927E-02, -2.860E-01         F               0         Blade 1 X orientation angle, node 11, rad
        233    1.577E-01, -9.692E-01,  1.890E-01         F               0         Blade 1 Y orientation angle, node 11, rad
        234   -2.584E-01, -2.252E-01, -9.394E-01         F               0         Blade 1 Z orientation angle, node 11, rad
        235    9.546E-01,  8.962E-02, -2.841E-01         F               0         Blade 1 X orientation angle, node 12, rad
        236    1.482E-01, -9.702E-01,  1.918E-01         F               0         Blade 1 Y orientation angle, node 12, rad
        237   -2.584E-01, -2.252E-01, -9.394E-01         F               0         Blade 1 Z orientation angle, node 12, rad
        238    9.559E-01,  8.115E-02, -2.824E-01         F               0         Blade 1 X orientation angle, node 13, rad
        239    1.398E-01, -9.709E-01,  1.943E-01         F               0         Blade 1 Y orientation angle, node 13, rad
        240   -2.584E-01, -2.252E-01, -9.394E-01         F               0         Blade 1 Z orientation angle, node 13, rad
        241    9.569E-01,  7.353E-02, -2.809E-01         F               0         Blade 1 X orientation angle, node 14, rad
        242    1.323E-01, -9.715E-01,  1.965E-01         F               0         Blade 1 Y orientation angle, node 14, rad
        243   -2.584E-01, -2.252E-01, -9.394E-01         F               0         Blade 1 Z orientation angle, node 14, rad
        244    9.578E-01,  6.674E-02, -2.795E-01         F               0         Blade 1 X orientation angle, node 15, rad
        245    1.256E-01, -9.720E-01,  1.985E-01         F               0         Blade 1 Y orientation angle, node 15, rad
        246   -2.584E-01, -2.252E-01, -9.394E-01         F               0         Blade 1 Z orientation angle, node 15, rad
        247    9.586E-01,  6.063E-02, -2.782E-01         F               0         Blade 1 X orientation angle, node 16, rad
        248    1.196E-01, -9.724E-01,  2.002E-01         F               0         Blade 1 Y orientation angle, node 16, rad
        249   -2.584E-01, -2.252E-01, -9.394E-01         F               0         Blade 1 Z orientation angle, node 16, rad
        250    9.593E-01,  5.520E-02, -2.771E-01         F               0         Blade 1 X orientation angle, node 17, rad
        251    1.143E-01, -9.727E-01,  2.018E-01         F               0         Blade 1 Y orientation angle, node 17, rad
        252   -2.584E-01, -2.252E-01, -9.394E-01         F               0         Blade 1 Z orientation angle, node 17, rad
        253    9.598E-01,  5.011E-02, -2.760E-01         F               0         Blade 1 X orientation angle, node 18, rad
        254    1.092E-01, -9.730E-01,  2.032E-01         F               0         Blade 1 Y orientation angle, node 18, rad
        255   -2.584E-01, -2.252E-01, -9.394E-01         F               0         Blade 1 Z orientation angle, node 18, rad
        256    9.603E-01,  4.552E-02, -2.751E-01         F               0         Blade 1 X orientation angle, node 19, rad
        257    1.047E-01, -9.732E-01,  2.045E-01         F               0         Blade 1 Y orientation angle, node 19, rad
        258   -2.584E-01, -2.252E-01, -9.394E-01         F               0         Blade 1 Z orientation angle, node 19, rad
        259    9.608E-01,  4.144E-02, -2.742E-01         F               0         Blade 1 X orientation angle, node 20, rad
        260    1.007E-01, -9.734E-01,  2.057E-01         F               0         Blade 1 Y orientation angle, node 20, rad
        261   -2.584E-01, -2.252E-01, -9.394E-01         F               0         Blade 1 Z orientation angle, node 20, rad
        262    9.612E-01,  3.754E-02, -2.734E-01         F               0         Blade 1 X orientation angle, node 21, rad
        263    9.683E-02, -9.736E-01,  2.068E-01         F               0         Blade 1 Y orientation angle, node 21, rad
        264   -2.584E-01, -2.252E-01, -9.394E-01         F               0         Blade 1 Z orientation angle, node 21, rad
        265    9.615E-01,  3.397E-02, -2.726E-01         F               0         Blade 1 X orientation angle, node 22, rad
        266    9.331E-02, -9.737E-01,  2.078E-01         F               0         Blade 1 Y orientation angle, node 22, rad
        267   -2.584E-01, -2.252E-01, -9.394E-01         F               0         Blade 1 Z orientation angle, node 22, rad
        268    9.618E-01,  3.074E-02, -2.719E-01         F               0         Blade 1 X orientation angle, node 23, rad
        269    9.012E-02, -9.738E-01,  2.087E-01         F               0         Blade 1 Y orientation angle, node 23, rad
        270   -2.584E-01, -2.252E-01, -9.394E-01         F               0         Blade 1 Z orientation angle, node 23, rad
        271    9.621E-01,  2.768E-02, -2.713E-01         F               0         Blade 1 X orientation angle, node 24, rad
        272    8.710E-02, -9.739E-01,  2.095E-01         F               0         Blade 1 Y orientation angle, node 24, rad
        273   -2.584E-01, -2.252E-01, -9.394E-01         F               0         Blade 1 Z orientation angle, node 24, rad
        274    9.624E-01,  2.479E-02, -2.707E-01         F               0         Blade 1 X orientation angle, node 25, rad
        275    8.424E-02, -9.740E-01,  2.103E-01         F               0         Blade 1 Y orientation angle, node 25, rad
        276   -2.584E-01, -2.252E-01, -9.394E-01         F               0         Blade 1 Z orientation angle, node 25, rad
        277    9.626E-01,  2.224E-02, -2.701E-01         F               0         Blade 1 X orientation angle, node 26, rad
        278    8.172E-02, -9.741E-01,  2.110E-01         F               0         Blade 1 Y orientation angle, node 26, rad
        279   -2.584E-01, -2.252E-01, -9.394E-01         F               0         Blade 1 Z orientation angle, node 26, rad
        280    9.628E-01,  1.969E-02, -2.696E-01         F               0         Blade 1 X orientation angle, node 27, rad
        281    7.920E-02, -9.741E-01,  2.117E-01         F               0         Blade 1 Y orientation angle, node 27, rad
        282   -2.584E-01, -2.252E-01, -9.394E-01         F               0         Blade 1 Z orientation angle, node 27, rad
        283    9.629E-01,  1.833E-02, -2.693E-01         F               0         Blade 1 X orientation angle, node 28, rad
        284    7.786E-02, -9.741E-01,  2.121E-01         F               0         Blade 1 Y orientation angle, node 28, rad
        285   -2.584E-01, -2.252E-01, -9.394E-01         F               0         Blade 1 Z orientation angle, node 28, rad
        286   -4.667E-01                                 F               0         Blade 1 X translation velocity, node 1, m/s
        287    5.315E+00                                 F               0         Blade 1 Y translation velocity, node 1, m/s
        288   -1.237E+00                                 F               0         Blade 1 Z translation velocity, node 1, m/s
        289   -5.765E-01                                 F               0         Blade 1 X translation velocity, node 2, m/s
        290    6.669E+00                                 F               0         Blade 1 Y translation velocity, node 2, m/s
        291   -1.532E+00                                 F               0         Blade 1 Z translation velocity, node 2, m/s
        292   -2.069E+00                                 F               0         Blade 1 X translation velocity, node 3, m/s
        293    2.508E+01                                 F               0         Blade 1 Y translation velocity, node 3, m/s
        294   -5.536E+00                                 F               0         Blade 1 Z translation velocity, node 3, m/s
        295   -2.386E+00                                 F               0         Blade 1 X translation velocity, node 4, m/s
        296    2.901E+01                                 F               0         Blade 1 Y translation velocity, node 4, m/s
        297   -6.389E+00                                 F               0         Blade 1 Z translation velocity, node 4, m/s
        298   -2.704E+00                                 F               0         Blade 1 X translation velocity, node 5, m/s
        299    3.293E+01                                 F               0         Blade 1 Y translation velocity, node 5, m/s
        300   -7.242E+00                                 F               0         Blade 1 Z translation velocity, node 5, m/s
        301   -3.022E+00                                 F               0         Blade 1 X translation velocity, node 6, m/s
        302    3.685E+01                                 F               0         Blade 1 Y translation velocity, node 6, m/s
        303   -8.095E+00                                 F               0         Blade 1 Z translation velocity, node 6, m/s
        304   -3.340E+00                                 F               0         Blade 1 X translation velocity, node 7, m/s
        305    4.078E+01                                 F               0         Blade 1 Y translation velocity, node 7, m/s
        306   -8.949E+00                                 F               0         Blade 1 Z translation velocity, node 7, m/s
        307   -3.658E+00                                 F               0         Blade 1 X translation velocity, node 8, m/s
