
Linearized model: Predictions were generated on 12-Jan-2024 at 09:28:28 using OpenFAST, compiled as a 64-bit application using single precision at commit v3.5.1
 linked with  NWTC Subroutine Library; ElastoDyn; InflowWind; AeroDyn; ServoDyn; HydroDyn; MAP++ (<1.20.10>, <Oct-20-2023>)

Description from the FAST input file: CCT-9 Campign 4 model. Input files to be run with OpenFAST 3.5.0. GitHub branch from Lu Wang (https://github.com/luwang00/openfast/tree/dev) compiled on March 7, 2023.

Simulation information:
   Simulation time:                   506.4250 s
   Rotor Speed:                         0.8778 rad/s
   Azimuth:                             3.2089 rad
   Wind Speed:                         10.0000 m/s
   Number of continuous states:         0
   Number of discrete states:           0
   Number of constraint states:         0
   Number of inputs:                 1746
   Number of outputs:                   4
   Jacobians included in this file?    No

Order of inputs:
     Column   Operating Point                     Rotating Frame? Derivative Order Description
   ---------- ---------------                     --------------- ---------------- -----------
          1    1.099E+01                                 F               0         Tower X translation displacement, node 1, m
          2   -1.218E+00                                 F               0         Tower Y translation displacement, node 1, m
          3   -3.144E-01                                 F               0         Tower Z translation displacement, node 1, m
          4    1.246E+01                                 F               0         Tower X translation displacement, node 2, m
          5   -1.800E+00                                 F               0         Tower Y translation displacement, node 2, m
          6   -4.156E-01                                 F               0         Tower Z translation displacement, node 2, m
          7    1.395E+01                                 F               0         Tower X translation displacement, node 3, m
          8   -2.387E+00                                 F               0         Tower Y translation displacement, node 3, m
          9   -5.202E-01                                 F               0         Tower Z translation displacement, node 3, m
         10    1.546E+01                                 F               0         Tower X translation displacement, node 4, m
         11   -2.978E+00                                 F               0         Tower Y translation displacement, node 4, m
         12   -6.272E-01                                 F               0         Tower Z translation displacement, node 4, m
         13    1.699E+01                                 F               0         Tower X translation displacement, node 5, m
         14   -3.574E+00                                 F               0         Tower Y translation displacement, node 5, m
         15   -7.363E-01                                 F               0         Tower Z translation displacement, node 5, m
         16    1.853E+01                                 F               0         Tower X translation displacement, node 6, m
         17   -4.173E+00                                 F               0         Tower Y translation displacement, node 6, m
         18   -8.471E-01                                 F               0         Tower Z translation displacement, node 6, m
         19    2.008E+01                                 F               0         Tower X translation displacement, node 7, m
         20   -4.774E+00                                 F               0         Tower Y translation displacement, node 7, m
         21   -9.592E-01                                 F               0         Tower Z translation displacement, node 7, m
         22    2.163E+01                                 F               0         Tower X translation displacement, node 8, m
         23   -5.378E+00                                 F               0         Tower Y translation displacement, node 8, m
         24   -1.072E+00                                 F               0         Tower Z translation displacement, node 8, m
         25    2.319E+01                                 F               0         Tower X translation displacement, node 9, m
         26   -5.983E+00                                 F               0         Tower Y translation displacement, node 9, m
         27   -1.186E+00                                 F               0         Tower Z translation displacement, node 9, m
         28    2.476E+01                                 F               0         Tower X translation displacement, node 10, m
         29   -6.590E+00                                 F               0         Tower Y translation displacement, node 10, m
         30   -1.301E+00                                 F               0         Tower Z translation displacement, node 10, m
         31    2.632E+01                                 F               0         Tower X translation displacement, node 11, m
         32   -7.197E+00                                 F               0         Tower Y translation displacement, node 11, m
         33   -1.415E+00                                 F               0         Tower Z translation displacement, node 11, m
         34    9.930E-01,  1.005E-02, -1.177E-01         F               0         Tower X orientation angle, node 1, rad
         35   -4.453E-03,  9.989E-01,  4.773E-02         F               0         Tower Y orientation angle, node 1, rad
         36    1.180E-01, -4.688E-02,  9.919E-01         F               0         Tower Z orientation angle, node 1, rad
         37    9.928E-01,  1.014E-02, -1.195E-01         F               0         Tower X orientation angle, node 2, rad
         38   -4.399E-03,  9.988E-01,  4.818E-02         F               0         Tower Y orientation angle, node 2, rad
         39    1.199E-01, -4.731E-02,  9.917E-01         F               0         Tower Z orientation angle, node 2, rad
         40    9.926E-01,  1.022E-02, -1.212E-01         F               0         Tower X orientation angle, node 3, rad
         41   -4.350E-03,  9.988E-01,  4.859E-02         F               0         Tower Y orientation angle, node 3, rad
         42    1.215E-01, -4.770E-02,  9.914E-01         F               0         Tower Z orientation angle, node 3, rad
         43    9.924E-01,  1.028E-02, -1.225E-01         F               0         Tower X orientation angle, node 4, rad
         44   -4.306E-03,  9.988E-01,  4.894E-02         F               0         Tower Y orientation angle, node 4, rad
         45    1.229E-01, -4.804E-02,  9.913E-01         F               0         Tower Z orientation angle, node 4, rad
         46    9.923E-01,  1.034E-02, -1.237E-01         F               0         Tower X orientation angle, node 5, rad
         47   -4.269E-03,  9.988E-01,  4.924E-02         F               0         Tower Y orientation angle, node 5, rad
         48    1.240E-01, -4.833E-02,  9.911E-01         F               0         Tower Z orientation angle, node 5, rad
         49    9.922E-01,  1.038E-02, -1.246E-01         F               0         Tower X orientation angle, node 6, rad
         50   -4.237E-03,  9.988E-01,  4.949E-02         F               0         Tower Y orientation angle, node 6, rad
         51    1.249E-01, -4.858E-02,  9.910E-01         F               0         Tower Z orientation angle, node 6, rad
         52    9.921E-01,  1.042E-02, -1.253E-01         F               0         Tower X orientation angle, node 7, rad
         53   -4.212E-03,  9.988E-01,  4.970E-02         F               0         Tower Y orientation angle, node 7, rad
         54    1.256E-01, -4.877E-02,  9.909E-01         F               0         Tower Z orientation angle, node 7, rad
         55    9.920E-01,  1.044E-02, -1.258E-01         F               0         Tower X orientation angle, node 8, rad
         56   -4.192E-03,  9.987E-01,  4.985E-02         F               0         Tower Y orientation angle, node 8, rad
         57    1.261E-01, -4.893E-02,  9.908E-01         F               0         Tower Z orientation angle, node 8, rad
         58    9.920E-01,  1.046E-02, -1.261E-01         F               0         Tower X orientation angle, node 9, rad
         59   -4.177E-03,  9.987E-01,  4.997E-02         F               0         Tower Y orientation angle, node 9, rad
         60    1.265E-01, -4.904E-02,  9.908E-01         F               0         Tower Z orientation angle, node 9, rad
         61    9.919E-01,  1.047E-02, -1.263E-01         F               0         Tower X orientation angle, node 10, rad
         62   -4.168E-03,  9.987E-01,  5.004E-02         F               0         Tower Y orientation angle, node 10, rad
         63    1.267E-01, -4.911E-02,  9.907E-01         F               0         Tower Z orientation angle, node 10, rad
         64    9.919E-01,  1.047E-02, -1.264E-01         F               0         Tower X orientation angle, node 11, rad
         65   -4.162E-03,  9.987E-01,  5.009E-02         F               0         Tower Y orientation angle, node 11, rad
         66    1.268E-01, -4.916E-02,  9.907E-01         F               0         Tower Z orientation angle, node 11, rad
         67   -4.139E-03                                 F               0         Tower X translation velocity, node 1, m/s
         68    5.999E-03                                 F               0         Tower Y translation velocity, node 1, m/s
         69    5.137E-03                                 F               0         Tower Z translation velocity, node 1, m/s
         70   -4.078E-03                                 F               0         Tower X translation velocity, node 2, m/s
         71    9.522E-03                                 F               0         Tower Y translation velocity, node 2, m/s
         72    5.297E-03                                 F               0         Tower Z translation velocity, node 2, m/s
         73   -4.108E-03                                 F               0         Tower X translation velocity, node 3, m/s
         74    1.316E-02                                 F               0         Tower Y translation velocity, node 3, m/s
         75    5.476E-03                                 F               0         Tower Z translation velocity, node 3, m/s
         76   -4.211E-03                                 F               0         Tower X translation velocity, node 4, m/s
         77    1.690E-02                                 F               0         Tower Y translation velocity, node 4, m/s
         78    5.669E-03                                 F               0         Tower Z translation velocity, node 4, m/s
         79   -4.378E-03                                 F               0         Tower X translation velocity, node 5, m/s
         80    2.073E-02                                 F               0         Tower Y translation velocity, node 5, m/s
         81    5.876E-03                                 F               0         Tower Z translation velocity, node 5, m/s
         82   -4.601E-03                                 F               0         Tower X translation velocity, node 6, m/s
         83    2.462E-02                                 F               0         Tower Y translation velocity, node 6, m/s
         84    6.094E-03                                 F               0         Tower Z translation velocity, node 6, m/s
         85   -4.869E-03                                 F               0         Tower X translation velocity, node 7, m/s
         86    2.857E-02                                 F               0         Tower Y translation velocity, node 7, m/s
         87    6.322E-03                                 F               0         Tower Z translation velocity, node 7, m/s
         88   -5.175E-03                                 F               0         Tower X translation velocity, node 8, m/s
         89    3.257E-02                                 F               0         Tower Y translation velocity, node 8, m/s
         90    6.558E-03                                 F               0         Tower Z translation velocity, node 8, m/s
         91   -5.513E-03                                 F               0         Tower X translation velocity, node 9, m/s
         92    3.661E-02                                 F               0         Tower Y translation velocity, node 9, m/s
         93    6.801E-03                                 F               0         Tower Z translation velocity, node 9, m/s
         94   -5.872E-03                                 F               0         Tower X translation velocity, node 10, m/s
         95    4.068E-02                                 F               0         Tower Y translation velocity, node 10, m/s
         96    7.049E-03                                 F               0         Tower Z translation velocity, node 10, m/s
         97   -6.245E-03                                 F               0         Tower X translation velocity, node 11, m/s
         98    4.477E-02                                 F               0         Tower Y translation velocity, node 11, m/s
         99    7.299E-03                                 F               0         Tower Z translation velocity, node 11, m/s
        100    2.740E+01                                 F               0         Hub X translation displacement, node 1, m
        101   -7.696E+00                                 F               0         Hub Y translation displacement, node 1, m
        102   -1.230E-01                                 F               0         Hub Z translation displacement, node 1, m
        103    9.732E-01,  1.555E-02, -2.293E-01         F               0         Hub X orientation angle, node 1, rad
        104   -1.130E-02, -9.933E-01, -1.154E-01         F               0         Hub Y orientation angle, node 1, rad
        105   -2.295E-01,  1.149E-01, -9.665E-01         F               0         Hub Z orientation angle, node 1, rad
        106    8.540E-01                                 F               0         Hub X rotation velocity, node 1, rad/s
        107    1.362E-02                                 F               0         Hub Y rotation velocity, node 1, rad/s
        108   -2.011E-01                                 F               0         Hub Z rotation velocity, node 1, rad/s
        109    9.731E-01,  4.501E-02, -2.257E-01         F               0         Blade root 1 X orientation angle, node 1, rad
        110    1.757E-02, -9.924E-01, -1.221E-01         F               0         Blade root 1 Y orientation angle, node 1, rad
        111   -2.295E-01,  1.149E-01, -9.665E-01         F               0         Blade root 1 Z orientation angle, node 1, rad
        112    9.785E-01, -2.137E-03, -2.060E-01         F               0         Blade root 2 X orientation angle, node 1, rad
        113   -1.642E-01,  5.963E-01, -7.858E-01         F               0         Blade root 2 Y orientation angle, node 1, rad
        114    1.245E-01,  8.028E-01,  5.832E-01         F               0         Blade root 2 Z orientation angle, node 1, rad
        115    9.667E-01,  3.765E-03, -2.557E-01         F               0         Blade root 3 X orientation angle, node 1, rad
        116    2.332E-01,  3.974E-01,  8.875E-01         F               0         Blade root 3 Y orientation angle, node 1, rad
        117    1.050E-01, -9.176E-01,  3.833E-01         F               0         Blade root 3 Z orientation angle, node 1, rad
        118    2.555E+01                                 F               0         Blade 1 X translation displacement, node 1, m
        119   -7.059E+00                                 F               0         Blade 1 Y translation displacement, node 1, m
        120   -1.099E+01                                 F               0         Blade 1 Z translation displacement, node 1, m
        121    2.511E+01                                 F               0         Blade 1 X translation displacement, node 2, m
        122   -6.906E+00                                 F               0         Blade 1 Y translation displacement, node 2, m
        123   -1.360E+01                                 F               0         Blade 1 Z translation displacement, node 2, m
        124    1.904E+01                                 F               0         Blade 1 X translation displacement, node 3, m
        125   -4.821E+00                                 F               0         Blade 1 Y translation displacement, node 3, m
        126   -4.920E+01                                 F               0         Blade 1 Z translation displacement, node 3, m
        127    1.775E+01                                 F               0         Blade 1 X translation displacement, node 4, m
        128   -4.377E+00                                 F               0         Blade 1 Y translation displacement, node 4, m
        129   -5.679E+01                                 F               0         Blade 1 Z translation displacement, node 4, m
        130    1.646E+01                                 F               0         Blade 1 X translation displacement, node 5, m
        131   -3.932E+00                                 F               0         Blade 1 Y translation displacement, node 5, m
        132   -6.437E+01                                 F               0         Blade 1 Z translation displacement, node 5, m
        133    1.517E+01                                 F               0         Blade 1 X translation displacement, node 6, m
        134   -3.488E+00                                 F               0         Blade 1 Y translation displacement, node 6, m
        135   -7.196E+01                                 F               0         Blade 1 Z translation displacement, node 6, m
        136    1.388E+01                                 F               0         Blade 1 X translation displacement, node 7, m
        137   -3.044E+00                                 F               0         Blade 1 Y translation displacement, node 7, m
        138   -7.954E+01                                 F               0         Blade 1 Z translation displacement, node 7, m
        139    1.258E+01                                 F               0         Blade 1 X translation displacement, node 8, m
        140   -2.599E+00                                 F               0         Blade 1 Y translation displacement, node 8, m
        141   -8.713E+01                                 F               0         Blade 1 Z translation displacement, node 8, m
        142    1.129E+01                                 F               0         Blade 1 X translation displacement, node 9, m
        143   -2.155E+00                                 F               0         Blade 1 Y translation displacement, node 9, m
        144   -9.471E+01                                 F               0         Blade 1 Z translation displacement, node 9, m
        145    1.000E+01                                 F               0         Blade 1 X translation displacement, node 10, m
        146   -1.711E+00                                 F               0         Blade 1 Y translation displacement, node 10, m
        147   -1.023E+02                                 F               0         Blade 1 Z translation displacement, node 10, m
        148    8.708E+00                                 F               0         Blade 1 X translation displacement, node 11, m
        149   -1.267E+00                                 F               0         Blade 1 Y translation displacement, node 11, m
        150   -1.099E+02                                 F               0         Blade 1 Z translation displacement, node 11, m
        151    7.415E+00                                 F               0         Blade 1 X translation displacement, node 12, m
        152   -8.222E-01                                 F               0         Blade 1 Y translation displacement, node 12, m
        153   -1.175E+02                                 F               0         Blade 1 Z translation displacement, node 12, m
        154    6.124E+00                                 F               0         Blade 1 X translation displacement, node 13, m
        155   -3.779E-01                                 F               0         Blade 1 Y translation displacement, node 13, m
        156   -1.250E+02                                 F               0         Blade 1 Z translation displacement, node 13, m
        157    4.832E+00                                 F               0         Blade 1 X translation displacement, node 14, m
        158    6.634E-02                                 F               0         Blade 1 Y translation displacement, node 14, m
        159   -1.326E+02                                 F               0         Blade 1 Z translation displacement, node 14, m
        160    3.539E+00                                 F               0         Blade 1 X translation displacement, node 15, m
        161    5.107E-01                                 F               0         Blade 1 Y translation displacement, node 15, m
        162   -1.402E+02                                 F               0         Blade 1 Z translation displacement, node 15, m
        163    2.248E+00                                 F               0         Blade 1 X translation displacement, node 16, m
        164    9.549E-01                                 F               0         Blade 1 Y translation displacement, node 16, m
        165   -1.478E+02                                 F               0         Blade 1 Z translation displacement, node 16, m
        166    9.556E-01                                 F               0         Blade 1 X translation displacement, node 17, m
        167    1.399E+00                                 F               0         Blade 1 Y translation displacement, node 17, m
        168   -1.554E+02                                 F               0         Blade 1 Z translation displacement, node 17, m
        169   -3.363E-01                                 F               0         Blade 1 X translation displacement, node 18, m
        170    1.843E+00                                 F               0         Blade 1 Y translation displacement, node 18, m
        171   -1.630E+02                                 F               0         Blade 1 Z translation displacement, node 18, m
        172   -1.628E+00                                 F               0         Blade 1 X translation displacement, node 19, m
        173    2.288E+00                                 F               0         Blade 1 Y translation displacement, node 19, m
        174   -1.706E+02                                 F               0         Blade 1 Z translation displacement, node 19, m
        175   -2.920E+00                                 F               0         Blade 1 X translation displacement, node 20, m
        176    2.732E+00                                 F               0         Blade 1 Y translation displacement, node 20, m
        177   -1.781E+02                                 F               0         Blade 1 Z translation displacement, node 20, m
        178   -4.212E+00                                 F               0         Blade 1 X translation displacement, node 21, m
        179    3.176E+00                                 F               0         Blade 1 Y translation displacement, node 21, m
        180   -1.857E+02                                 F               0         Blade 1 Z translation displacement, node 21, m
        181   -5.504E+00                                 F               0         Blade 1 X translation displacement, node 22, m
        182    3.621E+00                                 F               0         Blade 1 Y translation displacement, node 22, m
        183   -1.933E+02                                 F               0         Blade 1 Z translation displacement, node 22, m
        184   -6.796E+00                                 F               0         Blade 1 X translation displacement, node 23, m
        185    4.065E+00                                 F               0         Blade 1 Y translation displacement, node 23, m
        186   -2.009E+02                                 F               0         Blade 1 Z translation displacement, node 23, m
        187   -8.088E+00                                 F               0         Blade 1 X translation displacement, node 24, m
        188    4.509E+00                                 F               0         Blade 1 Y translation displacement, node 24, m
        189   -2.085E+02                                 F               0         Blade 1 Z translation displacement, node 24, m
        190   -9.380E+00                                 F               0         Blade 1 X translation displacement, node 25, m
        191    4.953E+00                                 F               0         Blade 1 Y translation displacement, node 25, m
        192   -2.161E+02                                 F               0         Blade 1 Z translation displacement, node 25, m
        193   -1.067E+01                                 F               0         Blade 1 X translation displacement, node 26, m
        194    5.398E+00                                 F               0         Blade 1 Y translation displacement, node 26, m
        195   -2.236E+02                                 F               0         Blade 1 Z translation displacement, node 26, m
        196   -1.196E+01                                 F               0         Blade 1 X translation displacement, node 27, m
        197    5.842E+00                                 F               0         Blade 1 Y translation displacement, node 27, m
        198   -2.312E+02                                 F               0         Blade 1 Z translation displacement, node 27, m
        199   -1.306E+01                                 F               0         Blade 1 X translation displacement, node 28, m
        200    6.219E+00                                 F               0         Blade 1 Y translation displacement, node 28, m
        201   -2.377E+02                                 F               0         Blade 1 Z translation displacement, node 28, m
        202    8.581E-01,  4.926E-01, -1.452E-01         F               0         Blade 1 X orientation angle, node 1, rad
        203    4.594E-01, -8.626E-01, -2.116E-01         F               0         Blade 1 Y orientation angle, node 1, rad
        204   -2.295E-01,  1.149E-01, -9.665E-01         F               0         Blade 1 Z orientation angle, node 1, rad
        205    8.581E-01,  4.926E-01, -1.452E-01         F               0         Blade 1 X orientation angle, node 2, rad
        206    4.594E-01, -8.626E-01, -2.116E-01         F               0         Blade 1 Y orientation angle, node 2, rad
        207   -2.295E-01,  1.149E-01, -9.665E-01         F               0         Blade 1 Z orientation angle, node 2, rad
        208    9.425E-01,  2.741E-01, -1.912E-01         F               0         Blade 1 X orientation angle, node 3, rad
        209    2.429E-01, -9.548E-01, -1.712E-01         F               0         Blade 1 Y orientation angle, node 3, rad
        210   -2.295E-01,  1.149E-01, -9.665E-01         F               0         Blade 1 Z orientation angle, node 3, rad
        211    9.519E-01,  2.335E-01, -1.983E-01         F               0         Blade 1 X orientation angle, node 4, rad
        212    2.029E-01, -9.655E-01, -1.629E-01         F               0         Blade 1 Y orientation angle, node 4, rad
        213   -2.295E-01,  1.149E-01, -9.665E-01         F               0         Blade 1 Z orientation angle, node 4, rad
        214    9.581E-01,  2.014E-01, -2.036E-01         F               0         Blade 1 X orientation angle, node 5, rad
        215    1.713E-01, -9.728E-01, -1.563E-01         F               0         Blade 1 Y orientation angle, node 5, rad
        216   -2.295E-01,  1.149E-01, -9.665E-01         F               0         Blade 1 Z orientation angle, node 5, rad
        217    9.623E-01,  1.755E-01, -2.077E-01         F               0         Blade 1 X orientation angle, node 6, rad
        218    1.458E-01, -9.778E-01, -1.508E-01         F               0         Blade 1 Y orientation angle, node 6, rad
        219   -2.295E-01,  1.149E-01, -9.665E-01         F               0         Blade 1 Z orientation angle, node 6, rad
        220    9.653E-01,  1.542E-01, -2.109E-01         F               0         Blade 1 X orientation angle, node 7, rad
        221    1.248E-01, -9.813E-01, -1.463E-01         F               0         Blade 1 Y orientation angle, node 7, rad
        222   -2.295E-01,  1.149E-01, -9.665E-01         F               0         Blade 1 Z orientation angle, node 7, rad
        223    9.674E-01,  1.363E-01, -2.135E-01         F               0         Blade 1 X orientation angle, node 8, rad
        224    1.072E-01, -9.840E-01, -1.424E-01         F               0         Blade 1 Y orientation angle, node 8, rad
        225   -2.295E-01,  1.149E-01, -9.665E-01         F               0         Blade 1 Z orientation angle, node 8, rad
        226    9.689E-01,  1.212E-01, -2.157E-01         F               0         Blade 1 X orientation angle, node 9, rad
        227    9.235E-02, -9.860E-01, -1.391E-01         F               0         Blade 1 Y orientation angle, node 9, rad
        228   -2.295E-01,  1.149E-01, -9.665E-01         F               0         Blade 1 Z orientation angle, node 9, rad
        229    9.701E-01,  1.081E-01, -2.175E-01         F               0         Blade 1 X orientation angle, node 10, rad
        230    7.949E-02, -9.875E-01, -1.362E-01         F               0         Blade 1 Y orientation angle, node 10, rad
        231   -2.295E-01,  1.149E-01, -9.665E-01         F               0         Blade 1 Z orientation angle, node 10, rad
        232    9.709E-01,  9.689E-02, -2.190E-01         F               0         Blade 1 X orientation angle, node 11, rad
        233    6.848E-02, -9.886E-01, -1.338E-01         F               0         Blade 1 Y orientation angle, node 11, rad
        234   -2.295E-01,  1.149E-01, -9.665E-01         F               0         Blade 1 Z orientation angle, node 11, rad
        235    9.715E-01,  8.705E-02, -2.204E-01         F               0         Blade 1 X orientation angle, node 12, rad
        236    5.882E-02, -9.896E-01, -1.316E-01         F               0         Blade 1 Y orientation angle, node 12, rad
        237   -2.295E-01,  1.149E-01, -9.665E-01         F               0         Blade 1 Z orientation angle, node 12, rad
        238    9.720E-01,  7.841E-02, -2.215E-01         F               0         Blade 1 X orientation angle, node 13, rad
        239    5.034E-02, -9.903E-01, -1.297E-01         F               0         Blade 1 Y orientation angle, node 13, rad
        240   -2.295E-01,  1.149E-01, -9.665E-01         F               0         Blade 1 Z orientation angle, node 13, rad
        241    9.724E-01,  7.063E-02, -2.225E-01         F               0         Blade 1 X orientation angle, node 14, rad
        242    4.270E-02, -9.909E-01, -1.279E-01         F               0         Blade 1 Y orientation angle, node 14, rad
        243   -2.295E-01,  1.149E-01, -9.665E-01         F               0         Blade 1 Z orientation angle, node 14, rad
        244    9.726E-01,  6.371E-02, -2.234E-01         F               0         Blade 1 X orientation angle, node 15, rad
        245    3.591E-02, -9.913E-01, -1.264E-01         F               0         Blade 1 Y orientation angle, node 15, rad
        246   -2.295E-01,  1.149E-01, -9.665E-01         F               0         Blade 1 Z orientation angle, node 15, rad
        247    9.728E-01,  5.748E-02, -2.242E-01         F               0         Blade 1 X orientation angle, node 16, rad
        248    2.980E-02, -9.917E-01, -1.249E-01         F               0         Blade 1 Y orientation angle, node 16, rad
        249   -2.295E-01,  1.149E-01, -9.665E-01         F               0         Blade 1 Z orientation angle, node 16, rad
        250    9.730E-01,  5.194E-02, -2.249E-01         F               0         Blade 1 X orientation angle, node 17, rad
        251    2.437E-02, -9.920E-01, -1.237E-01         F               0         Blade 1 Y orientation angle, node 17, rad
        252   -2.295E-01,  1.149E-01, -9.665E-01         F               0         Blade 1 Z orientation angle, node 17, rad
        253    9.731E-01,  4.675E-02, -2.255E-01         F               0         Blade 1 X orientation angle, node 18, rad
        254    1.927E-02, -9.923E-01, -1.225E-01         F               0         Blade 1 Y orientation angle, node 18, rad
        255   -2.295E-01,  1.149E-01, -9.665E-01         F               0         Blade 1 Z orientation angle, node 18, rad
        256    9.732E-01,  4.207E-02, -2.261E-01         F               0         Blade 1 X orientation angle, node 19, rad
        257    1.469E-02, -9.925E-01, -1.214E-01         F               0         Blade 1 Y orientation angle, node 19, rad
        258   -2.295E-01,  1.149E-01, -9.665E-01         F               0         Blade 1 Z orientation angle, node 19, rad
        259    9.732E-01,  3.791E-02, -2.266E-01         F               0         Blade 1 X orientation angle, node 20, rad
        260    1.061E-02, -9.927E-01, -1.205E-01         F               0         Blade 1 Y orientation angle, node 20, rad
        261   -2.295E-01,  1.149E-01, -9.665E-01         F               0         Blade 1 Z orientation angle, node 20, rad
        262    9.733E-01,  3.393E-02, -2.271E-01         F               0         Blade 1 X orientation angle, node 21, rad
        263    6.703E-03, -9.928E-01, -1.196E-01         F               0         Blade 1 Y orientation angle, node 21, rad
        264   -2.295E-01,  1.149E-01, -9.665E-01         F               0         Blade 1 Z orientation angle, node 21, rad
        265    9.733E-01,  3.029E-02, -2.275E-01         F               0         Blade 1 X orientation angle, node 22, rad
        266    3.135E-03, -9.929E-01, -1.188E-01         F               0         Blade 1 Y orientation angle, node 22, rad
        267   -2.295E-01,  1.149E-01, -9.665E-01         F               0         Blade 1 Z orientation angle, node 22, rad
        268    9.733E-01,  2.699E-02, -2.279E-01         F               0         Blade 1 X orientation angle, node 23, rad
        269   -9.215E-05, -9.930E-01, -1.180E-01         F               0         Blade 1 Y orientation angle, node 23, rad
        270   -2.295E-01,  1.149E-01, -9.665E-01         F               0         Blade 1 Z orientation angle, node 23, rad
        271    9.733E-01,  2.387E-02, -2.283E-01         F               0         Blade 1 X orientation angle, node 24, rad
        272   -3.150E-03, -9.931E-01, -1.173E-01         F               0         Blade 1 Y orientation angle, node 24, rad
        273   -2.295E-01,  1.149E-01, -9.665E-01         F               0         Blade 1 Z orientation angle, node 24, rad
        274    9.733E-01,  2.093E-02, -2.286E-01         F               0         Blade 1 X orientation angle, node 25, rad
        275   -6.038E-03, -9.932E-01, -1.166E-01         F               0         Blade 1 Y orientation angle, node 25, rad
        276   -2.295E-01,  1.149E-01, -9.665E-01         F               0         Blade 1 Z orientation angle, node 25, rad
        277    9.733E-01,  1.833E-02, -2.289E-01         F               0         Blade 1 X orientation angle, node 26, rad
        278   -8.586E-03, -9.932E-01, -1.160E-01         F               0         Blade 1 Y orientation angle, node 26, rad
        279   -2.295E-01,  1.149E-01, -9.665E-01         F               0         Blade 1 Z orientation angle, node 26, rad
        280    9.732E-01,  1.573E-02, -2.292E-01         F               0         Blade 1 X orientation angle, node 27, rad
        281   -1.113E-02, -9.933E-01, -1.154E-01         F               0         Blade 1 Y orientation angle, node 27, rad
        282   -2.295E-01,  1.149E-01, -9.665E-01         F               0         Blade 1 Z orientation angle, node 27, rad
        283    9.732E-01,  1.434E-02, -2.294E-01         F               0         Blade 1 X orientation angle, node 28, rad
        284   -1.249E-02, -9.933E-01, -1.151E-01         F               0         Blade 1 Y orientation angle, node 28, rad
        285   -2.295E-01,  1.149E-01, -9.665E-01         F               0         Blade 1 Z orientation angle, node 28, rad
        286    4.857E-02                                 F               0         Blade 1 X translation velocity, node 1, m/s
        287    4.875E+00                                 F               0         Blade 1 Y translation velocity, node 1, m/s
        288    5.679E-01                                 F               0         Blade 1 Z translation velocity, node 1, m/s
        289    6.184E-02                                 F               0         Blade 1 X translation velocity, node 2, m/s
        290    6.038E+00                                 F               0         Blade 1 Y translation velocity, node 2, m/s
        291    7.030E-01                                 F               0         Blade 1 Z translation velocity, node 2, m/s
        292    2.423E-01                                 F               0         Blade 1 X translation velocity, node 3, m/s
        293    2.186E+01                                 F               0         Blade 1 Y translation velocity, node 3, m/s
        294    2.541E+00                                 F               0         Blade 1 Z translation velocity, node 3, m/s
        295    2.808E-01                                 F               0         Blade 1 X translation velocity, node 4, m/s
        296    2.523E+01                                 F               0         Blade 1 Y translation velocity, node 4, m/s
        297    2.932E+00                                 F               0         Blade 1 Z translation velocity, node 4, m/s
        298    3.193E-01                                 F               0         Blade 1 X translation velocity, node 5, m/s
        299    2.860E+01                                 F               0         Blade 1 Y translation velocity, node 5, m/s
        300    3.324E+00                                 F               0         Blade 1 Z translation velocity, node 5, m/s
        301    3.577E-01                                 F               0         Blade 1 X translation velocity, node 6, m/s
        302    3.197E+01                                 F               0         Blade 1 Y translation velocity, node 6, m/s
        303    3.715E+00                                 F               0         Blade 1 Z translation velocity, node 6, m/s
        304    3.962E-01                                 F               0         Blade 1 X translation velocity, node 7, m/s
        305    3.534E+01                                 F               0         Blade 1 Y translation velocity, node 7, m/s
        306    4.107E+00                                 F               0         Blade 1 Z translation velocity, node 7, m/s
        307    4.346E-01                                 F               0         Blade 1 X translation velocity, node 8, m/s
