
Linearized model: Predictions were generated on 13-Feb-2024 at 12:12:09 using OpenFAST, compiled as a 64-bit application using single precision at commit v3.5.1
 linked with  NWTC Subroutine Library; ElastoDyn; InflowWind; AeroDyn; ServoDyn; HydroDyn; MAP++ (<1.20.10>, <Oct-20-2023>)

Description from the FAST input file: CCT-9 Campign 4 model. Input files to be run with OpenFAST 3.5.0. GitHub branch from Lu Wang (https://github.com/luwang00/openfast/tree/dev) compiled on March 7, 2023.

Simulation information:
   Simulation time:                   775.0750 s
   Rotor Speed:                         0.7917 rad/s
   Azimuth:                             3.6740 rad
   Wind Speed:                         24.0000 m/s
   Number of continuous states:         0
   Number of discrete states:           0
   Number of constraint states:         0
   Number of inputs:                 1746
   Number of outputs:                   4
   Jacobians included in this file?    No

Order of inputs:
     Column   Operating Point                                                   Rotating Frame? Derivative Order Description
   ---------- ---------------                                                   --------------- ---------------- -----------
          1     8.55777263641E+000                                                     F               0         Tower X translation displacement, node 1, m
          2    -1.82445335388E+000                                                     F               0         Tower Y translation displacement, node 1, m
          3    -2.18330055475E-001                                                     F               0         Tower Z translation displacement, node 1, m
          4     9.73215007782E+000                                                     F               0         Tower X translation displacement, node 2, m
          5    -2.50069618225E+000                                                     F               0         Tower Y translation displacement, node 2, m
          6    -2.92878985405E-001                                                     F               0         Tower Z translation displacement, node 2, m
          7     1.09241905212E+001                                                     F               0         Tower X translation displacement, node 3, m
          8    -3.18469166756E+000                                                     F               0         Tower Y translation displacement, node 3, m
          9    -3.69555264711E-001                                                     F               0         Tower Z translation displacement, node 3, m
         10     1.21294231415E+001                                                     F               0         Tower X translation displacement, node 4, m
         11    -3.87506675720E+000                                                     F               0         Tower Y translation displacement, node 4, m
         12    -4.47876423597E-001                                                     F               0         Tower Z translation displacement, node 4, m
         13     1.33453454971E+001                                                     F               0         Tower X translation displacement, node 5, m
         14    -4.57120752335E+000                                                     F               0         Tower Y translation displacement, node 5, m
         15    -5.27574419975E-001                                                     F               0         Tower Z translation displacement, node 5, m
         16     1.45696287155E+001                                                     F               0         Tower X translation displacement, node 6, m
         17    -5.27246475220E+000                                                     F               0         Tower Y translation displacement, node 6, m
         18    -6.08405470848E-001                                                     F               0         Tower Z translation displacement, node 6, m
         19     1.57997837067E+001                                                     F               0         Tower X translation displacement, node 7, m
         20    -5.97782993317E+000                                                     F               0         Tower Y translation displacement, node 7, m
         21    -6.90044701099E-001                                                     F               0         Tower Z translation displacement, node 7, m
         22     1.70346240997E+001                                                     F               0         Tower X translation displacement, node 8, m
         23    -6.68697643280E+000                                                     F               0         Tower Y translation displacement, node 8, m
         24    -7.72384524345E-001                                                     F               0         Tower Z translation displacement, node 8, m
         25     1.82726039886E+001                                                     F               0         Tower X translation displacement, node 9, m
         26    -7.39912223816E+000                                                     F               0         Tower Y translation displacement, node 9, m
         27    -8.55205118656E-001                                                     F               0         Tower Z translation displacement, node 9, m
         28     1.95124816895E+001                                                     F               0         Tower X translation displacement, node 10, m
         29    -8.11343669891E+000                                                     F               0         Tower Y translation displacement, node 10, m
         30    -9.38349485397E-001                                                     F               0         Tower Z translation displacement, node 10, m
         31     2.07532768250E+001                                                     F               0         Tower X translation displacement, node 11, m
         32    -8.82910823822E+000                                                     F               0         Tower Y translation displacement, node 11, m
         33    -1.02166259289E+000                                                     F               0         Tower Z translation displacement, node 11, m
         34     9.95456874371E-001,  -6.67266407982E-003,  -9.49792861938E-002         F               0         Tower X orientation angle, node 1, rad
         35     1.18086924776E-002,   9.98491764069E-001,   5.36163672805E-002         F               0         Tower Y orientation angle, node 1, rad
         36     9.44782719016E-002,  -5.44943623245E-002,   9.94034290314E-001         F               0         Tower Z orientation angle, node 1, rad
         37     9.95327055454E-001,  -6.59790262580E-003,  -9.63356867433E-002         F               0         Tower X orientation angle, node 2, rad
         38     1.18630751967E-002,   9.98460471630E-001,   5.41844405234E-002         F               0         Tower Y orientation angle, node 2, rad
         39     9.58298742771E-002,  -5.50740733743E-002,   9.93873000145E-001         F               0         Tower Z orientation angle, node 2, rad
         40     9.95213150978E-001,  -6.53250562027E-003,  -9.75095853209E-002         F               0         Tower X orientation angle, node 3, rad
         41     1.19142197073E-002,   9.98431086540E-001,   5.47118633986E-002         F               0         Tower Y orientation angle, node 3, rad
         42     9.69991981983E-002,  -5.56117184460E-002,   9.93729591370E-001         F               0         Tower Z orientation angle, node 3, rad
         43     9.95117664337E-001,  -6.47773314267E-003,  -9.84825938940E-002         F               0         Tower X orientation angle, node 4, rad
         44     1.19613837451E-002,   9.98404026031E-001,   5.51934055984E-002         F               0         Tower Y orientation angle, node 4, rad
         45     9.79678928852E-002,  -5.61019256711E-002,   9.93606984615E-001         F               0         Tower Z orientation angle, node 4, rad
         46     9.95040297508E-001,  -6.43328065053E-003,  -9.92641896009E-002         F               0         Tower X orientation angle, node 5, rad
         47     1.20041752234E-002,   9.98379468918E-001,   5.56271374226E-002         F               0         Tower Y orientation angle, node 5, rad
         48     9.87454652786E-002,  -5.65428286791E-002,   9.93505001068E-001         F               0         Tower Z orientation angle, node 5, rad
         49     9.94979977608E-001,  -6.39849249274E-003,  -9.98695716262E-002         F               0         Tower X orientation angle, node 6, rad
         50     1.20421322063E-002,   9.98357594013E-001,   5.60100190341E-002         F               0         Tower Y orientation angle, node 6, rad
         51     9.93471592665E-002,  -5.69314882159E-002,   9.93422865868E-001         F               0         Tower Z orientation angle, node 6, rad
         52     9.94936108589E-001,  -6.37308508158E-003,  -1.00306913257E-001         F               0         Tower X orientation angle, node 7, rad
         53     1.20742786676E-002,   9.98338997364E-001,   5.63334748149E-002         F               0         Tower Y orientation angle, node 7, rad
         54     9.97812822461E-002,  -5.72593398392E-002,   9.93360519409E-001         F               0         Tower Z orientation angle, node 7, rad
         55     9.94905352592E-001,  -6.35510077700E-003,  -1.00613117218E-001         F               0         Tower X orientation angle, node 8, rad
         56     1.21005829424E-002,   9.98323738575E-001,   5.65978549421E-002         F               0         Tower Y orientation angle, node 8, rad
         57     1.00084774196E-001,  -5.75269833207E-002,   9.93314504623E-001         F               0         Tower Z orientation angle, node 8, rad
         58     9.94885325432E-001,  -6.34332047775E-003,  -1.00811399519E-001         F               0         Tower X orientation angle, node 9, rad
         59     1.21206501499E-002,   9.98311996460E-001,   5.67995682359E-002         F               0         Tower Y orientation angle, node 9, rad
         60     1.00280933082E-001,  -5.77309578657E-002,   9.93282854557E-001         F               0         Tower Z orientation angle, node 9, rad
         61     9.94873940945E-001,  -6.33653486148E-003,  -1.00924208760E-001         F               0         Tower X orientation angle, node 10, rad
         62     1.21341869235E-002,   9.98304128647E-001,   5.69357722998E-002         F               0         Tower Y orientation angle, node 10, rad
         63     1.00392274559E-001,  -5.78685477376E-002,   9.93263602257E-001         F               0         Tower Z orientation angle, node 10, rad
         64     9.94868636131E-001,  -6.33332924917E-003,  -1.00976780057E-001         F               0         Tower X orientation angle, node 11, rad
         65     1.21417380869E-002,   9.98299658298E-001,   5.70118576288E-002         F               0         Tower Y orientation angle, node 11, rad
         66     1.00444011390E-001,  -5.79453408718E-002,   9.93253886700E-001         F               0         Tower Z orientation angle, node 11, rad
         67    -3.29805514775E-003                                                     F               0         Tower X translation velocity, node 1, m/s
         68     4.98878024518E-003                                                     F               0         Tower Y translation velocity, node 1, m/s
         69    -2.83384090289E-003                                                     F               0         Tower Z translation velocity, node 1, m/s
         70    -4.31419629604E-003                                                     F               0         Tower X translation velocity, node 2, m/s
         71     6.15414138883E-003                                                     F               0         Tower Y translation velocity, node 2, m/s
         72    -2.67267203890E-003                                                     F               0         Tower Z translation velocity, node 2, m/s
         73    -4.46735415608E-003                                                     F               0         Tower X translation velocity, node 3, m/s
         74     6.64283335209E-003                                                     F               0         Tower Y translation velocity, node 3, m/s
         75    -2.63057043776E-003                                                     F               0         Tower Z translation velocity, node 3, m/s
         76    -3.99997737259E-003                                                     F               0         Tower X translation velocity, node 4, m/s
         77     6.57189171761E-003                                                     F               0         Tower Y translation velocity, node 4, m/s
         78    -2.68042273819E-003                                                     F               0         Tower Z translation velocity, node 4, m/s
         79    -3.05406888947E-003                                                     F               0         Tower X translation velocity, node 5, m/s
         80     5.99257322028E-003                                                     F               0         Tower Y translation velocity, node 5, m/s
         81    -2.80694616958E-003                                                     F               0         Tower Z translation velocity, node 5, m/s
         82    -1.75861595199E-003                                                     F               0         Tower X translation velocity, node 6, m/s
         83     4.95967641473E-003                                                     F               0         Tower Y translation velocity, node 6, m/s
         84    -2.99514387734E-003                                                     F               0         Tower Z translation velocity, node 6, m/s
         85    -2.38977372646E-004                                                     F               0         Tower X translation velocity, node 7, m/s
         86     3.56102921069E-003                                                     F               0         Tower Y translation velocity, node 7, m/s
         87    -3.22779291309E-003                                                     F               0         Tower Z translation velocity, node 7, m/s
         88     1.43871328328E-003                                                     F               0         Tower X translation velocity, node 8, m/s
         89     1.82401214261E-003                                                     F               0         Tower Y translation velocity, node 8, m/s
         90    -3.49690276198E-003                                                     F               0         Tower Z translation velocity, node 8, m/s
         91     3.20275081322E-003                                                     F               0         Tower X translation velocity, node 9, m/s
         92    -1.82277130079E-004                                                     F               0         Tower Y translation velocity, node 9, m/s
         93    -3.79121024162E-003                                                     F               0         Tower Z translation velocity, node 9, m/s
         94     5.00347604975E-003                                                     F               0         Tower X translation velocity, node 10, m/s
         95    -2.38414574414E-003                                                     F               0         Tower Y translation velocity, node 10, m/s
         96    -4.10124799237E-003                                                     F               0         Tower Z translation velocity, node 10, m/s
         97     6.80873775855E-003                                                     F               0         Tower X translation velocity, node 11, m/s
         98    -4.70858067274E-003                                                     F               0         Tower Y translation velocity, node 11, m/s
         99    -4.41927928478E-003                                                     F               0         Tower Z translation velocity, node 11, m/s
        100     2.15972023010E+001                                                     F               0         Hub X translation displacement, node 1, m
        101    -9.21558666229E+000                                                     F               0         Hub Y translation displacement, node 1, m
        102     1.59851610661E-002                                                     F               0         Hub Z translation displacement, node 1, m
        103     9.78919386864E-001,  -2.41696805460E-004,  -2.04246923327E-001         F               0         Hub X orientation angle, node 1, rad
        104    -1.13953702152E-001,  -8.30539882183E-001,  -5.45177102089E-001         F               0         Hub Y orientation angle, node 1, rad
        105    -1.69503450394E-001,   5.56959092617E-001,  -8.13059151173E-001         F               0         Hub Z orientation angle, node 1, rad
        106     7.75240123272E-001                                                     F               0         Hub X rotation velocity, node 1, rad/s
        107    -4.36827140220E-005                                                     F               0         Hub Y rotation velocity, node 1, rad/s
        108    -1.61719307303E-001                                                     F               0         Hub Z rotation velocity, node 1, rad/s
        109     9.69793200493E-001,   2.41103202105E-001,  -3.70190404356E-002         F               0         Blade root 1 X orientation angle, node 1, rad
        110     1.75413072109E-001,  -7.94774055481E-001,  -5.81002950668E-001         F               0         Blade root 1 Y orientation angle, node 1, rad
        111    -1.69503450394E-001,   5.56959092617E-001,  -8.13059151173E-001         F               0         Blade root 1 Z orientation angle, node 1, rad
        112     9.62779819965E-001,  -2.61054873466E-001,  -7.00388029218E-002         F               0         Blade root 2 X orientation angle, node 1, rad
        113     1.98507890105E-001,   8.58810424805E-001,  -4.72270339727E-001         F               0         Blade root 2 Y orientation angle, node 1, rad
        114     1.83438524604E-001,   4.40789073706E-001,   8.78666758537E-001         F               0         Blade root 2 Z orientation angle, node 1, rad
        115     8.77470135689E-001,   1.92578546703E-002,  -4.79244440794E-001         F               0         Blade root 3 X orientation angle, node 1, rad
        116     4.79428738356E-001,  -6.42470568419E-002,   8.75225901604E-001         F               0         Blade root 3 Y orientation angle, node 1, rad
        117    -1.39350723475E-002,  -9.97748196125E-001,  -6.56076446176E-002         F               0         Blade root 3 Z orientation angle, node 1, rad
        118     2.00790634155E+001                                                     F               0         Blade 1 X translation displacement, node 1, m
        119    -6.13003301620E+000                                                     F               0         Blade 1 Y translation displacement, node 1, m
        120    -9.99802112579E+000                                                     F               0         Blade 1 Z translation displacement, node 1, m
        121     1.97132568359E+001                                                     F               0         Blade 1 X translation displacement, node 2, m
        122    -5.38654518127E+000                                                     F               0         Blade 1 Y translation displacement, node 2, m
        123    -1.24109697342E+001                                                     F               0         Blade 1 Z translation displacement, node 2, m
        124     1.47389192581E+001                                                     F               0         Blade 1 X translation displacement, node 3, m
        125     4.72360324860E+000                                                     F               0         Blade 1 Y translation displacement, node 3, m
        126    -4.52229118347E+001                                                     F               0         Blade 1 Z translation displacement, node 3, m
        127     1.36791067123E+001                                                     F               0         Blade 1 X translation displacement, node 4, m
        128     6.87763023376E+000                                                     F               0         Blade 1 Y translation displacement, node 4, m
        129    -5.22136993408E+001                                                     F               0         Blade 1 Z translation displacement, node 4, m
        130     1.26190929413E+001                                                     F               0         Blade 1 X translation displacement, node 5, m
        131     9.03206634521E+000                                                     F               0         Blade 1 Y translation displacement, node 5, m
        132    -5.92057991028E+001                                                     F               0         Blade 1 Z translation displacement, node 5, m
        133     1.15592765808E+001                                                     F               0         Blade 1 X translation displacement, node 6, m
        134     1.11861019135E+001                                                     F               0         Blade 1 Y translation displacement, node 6, m
        135    -6.61966171265E+001                                                     F               0         Blade 1 Z translation displacement, node 6, m
        136     1.04994564056E+001                                                     F               0         Blade 1 X translation displacement, node 7, m
        137     1.33401451111E+001                                                     F               0         Blade 1 Y translation displacement, node 7, m
        138    -7.31874389648E+001                                                     F               0         Blade 1 Z translation displacement, node 7, m
        139     9.43944644928E+000                                                     F               0         Blade 1 X translation displacement, node 8, m
        140     1.54945726395E+001                                                     F               0         Blade 1 Y translation displacement, node 8, m
        141    -8.01795272827E+001                                                     F               0         Blade 1 Z translation displacement, node 8, m
        142     8.37962532043E+000                                                     F               0         Blade 1 X translation displacement, node 9, m
        143     1.76486167908E+001                                                     F               0         Blade 1 Y translation displacement, node 9, m
        144    -8.71703491211E+001                                                     F               0         Blade 1 Z translation displacement, node 9, m
        145     7.31980943680E+000                                                     F               0         Blade 1 X translation displacement, node 10, m
        146     1.98026523590E+001                                                     F               0         Blade 1 Y translation displacement, node 10, m
        147    -9.41611709595E+001                                                     F               0         Blade 1 Z translation displacement, node 10, m
        148     6.25998878479E+000                                                     F               0         Blade 1 X translation displacement, node 11, m
        149     2.19566955566E+001                                                     F               0         Blade 1 Y translation displacement, node 11, m
        150    -1.01151992798E+002                                                     F               0         Blade 1 Z translation displacement, node 11, m
        151     5.19998311996E+000                                                     F               0         Blade 1 X translation displacement, node 12, m
        152     2.41111164093E+001                                                     F               0         Blade 1 Y translation displacement, node 12, m
        153    -1.08144058228E+002                                                     F               0         Blade 1 Z translation displacement, node 12, m
        154     4.14016246796E+000                                                     F               0         Blade 1 X translation displacement, node 13, m
        155     2.62651596069E+001                                                     F               0         Blade 1 Y translation displacement, node 13, m
        156    -1.15134880066E+002                                                     F               0         Blade 1 Z translation displacement, node 13, m
        157     3.08034610748E+000                                                     F               0         Blade 1 X translation displacement, node 14, m
        158     2.84191951752E+001                                                     F               0         Blade 1 Y translation displacement, node 14, m
        159    -1.22125694275E+002                                                     F               0         Blade 1 Z translation displacement, node 14, m
        160     2.02033329010E+000                                                     F               0         Blade 1 X translation displacement, node 15, m
        161     3.05736274719E+001                                                     F               0         Blade 1 Y translation displacement, node 15, m
        162    -1.29117782593E+002                                                     F               0         Blade 1 Z translation displacement, node 15, m
        163     9.60516393185E-001                                                     F               0         Blade 1 X translation displacement, node 16, m
        164     3.27276649475E+001                                                     F               0         Blade 1 Y translation displacement, node 16, m
        165    -1.36108612061E+002                                                     F               0         Blade 1 Z translation displacement, node 16, m
        166    -9.93048250675E-002                                                     F               0         Blade 1 X translation displacement, node 17, m
        167     3.48817100525E+001                                                     F               0         Blade 1 Y translation displacement, node 17, m
        168    -1.43099441528E+002                                                     F               0         Blade 1 Z translation displacement, node 17, m
        169    -1.15912210941E+000                                                     F               0         Blade 1 X translation displacement, node 18, m
        170     3.70357475281E+001                                                     F               0         Blade 1 Y translation displacement, node 18, m
        171    -1.50090255737E+002                                                     F               0         Blade 1 Z translation displacement, node 18, m
        172    -2.21912837029E+000                                                     F               0         Blade 1 X translation displacement, node 19, m
        173     3.91901664734E+001                                                     F               0         Blade 1 Y translation displacement, node 19, m
        174    -1.57082321167E+002                                                     F               0         Blade 1 Z translation displacement, node 19, m
        175    -3.27894973755E+000                                                     F               0         Blade 1 X translation displacement, node 20, m
        176     4.13442115784E+001                                                     F               0         Blade 1 Y translation displacement, node 20, m
        177    -1.64073135376E+002                                                     F               0         Blade 1 Z translation displacement, node 20, m
        178    -4.33876705170E+000                                                     F               0         Blade 1 X translation displacement, node 21, m
        179     4.34982528687E+001                                                     F               0         Blade 1 Y translation displacement, node 21, m
        180    -1.71063964844E+002                                                     F               0         Blade 1 Z translation displacement, node 21, m
        181    -5.39877748489E+000                                                     F               0         Blade 1 X translation displacement, node 22, m
        182     4.56526794434E+001                                                     F               0         Blade 1 Y translation displacement, node 22, m
        183    -1.78056045532E+002                                                     F               0         Blade 1 Z translation displacement, node 22, m
        184    -6.45859861374E+000                                                     F               0         Blade 1 X translation displacement, node 23, m
        185     4.78067245483E+001                                                     F               0         Blade 1 Y translation displacement, node 23, m
        186    -1.85046875000E+002                                                     F               0         Blade 1 Z translation displacement, node 23, m
        187    -7.51841592789E+000                                                     F               0         Blade 1 X translation displacement, node 24, m
        188     4.99607620239E+001                                                     F               0         Blade 1 Y translation displacement, node 24, m
        189    -1.92037689209E+002                                                     F               0         Blade 1 Z translation displacement, node 24, m
        190    -8.57823276520E+000                                                     F               0         Blade 1 X translation displacement, node 25, m
        191     5.21147994995E+001                                                     F               0         Blade 1 Y translation displacement, node 25, m
        192    -1.99028518677E+002                                                     F               0         Blade 1 Z translation displacement, node 25, m
        193    -9.63824367523E+000                                                     F               0         Blade 1 X translation displacement, node 26, m
        194     5.42692298889E+001                                                     F               0         Blade 1 Y translation displacement, node 26, m
        195    -2.06020614624E+002                                                     F               0         Blade 1 Z translation displacement, node 26, m
        196    -1.06980600357E+001                                                     F               0         Blade 1 X translation displacement, node 27, m
        197     5.64232635498E+001                                                     F               0         Blade 1 Y translation displacement, node 27, m
        198    -2.13011413574E+002                                                     F               0         Blade 1 Z translation displacement, node 27, m
        199    -1.15965604782E+001                                                     F               0         Blade 1 X translation displacement, node 28, m
        200     5.82494316101E+001                                                     F               0         Blade 1 Y translation displacement, node 28, m
        201    -2.18938125610E+002                                                     F               0         Blade 1 Z translation displacement, node 28, m
        202     7.83100605011E-001,   5.77001273632E-001,   2.31997728348E-001         F               0         Blade 1 X orientation angle, node 1, rad
        203     5.98349392414E-001,  -5.97382664680E-001,  -5.33958733082E-001         F               0         Blade 1 Y orientation angle, node 1, rad
        204    -1.69503450394E-001,   5.56959092617E-001,  -8.13059151173E-001         F               0         Blade 1 Z orientation angle, node 1, rad
        205     7.83100605011E-001,   5.77001273632E-001,   2.31997728348E-001         F               0         Blade 1 X orientation angle, node 2, rad
        206     5.98349392414E-001,  -5.97382664680E-001,  -5.33958733082E-001         F               0         Blade 1 Y orientation angle, node 2, rad
        207    -1.69503450394E-001,   5.56959092617E-001,  -8.13059151173E-001         F               0         Blade 1 Z orientation angle, node 2, rad
        208     9.02601718903E-001,   4.18976962566E-001,   9.88352671266E-002         F               0         Blade 1 X orientation angle, node 3, rad
        209     3.95700246096E-001,  -7.17115640640E-001,  -5.73730289936E-001         F               0         Blade 1 Y orientation angle, node 3, rad
        210    -1.69503450394E-001,   5.56959092617E-001,  -8.13059151173E-001         F               0         Blade 1 Z orientation angle, node 3, rad
        211     9.18504953384E-001,   3.88323485851E-001,   7.45216980577E-002         F               0         Blade 1 X orientation angle, node 4, rad
        212     3.57235491276E-001,  -7.34167158604E-001,  -5.77391862869E-001         F               0         Blade 1 Y orientation angle, node 4, rad
        213    -1.69503450394E-001,   5.56959092617E-001,  -8.13059151173E-001         F               0         Blade 1 Z orientation angle, node 4, rad
        214     9.29844200611E-001,   3.63768577576E-001,   5.53371943533E-002         F               0         Blade 1 X orientation angle, node 5, rad
        215     3.26585918665E-001,  -7.46638476849E-001,  -5.79545199871E-001         F               0         Blade 1 Y orientation angle, node 5, rad
        216    -1.69503450394E-001,   5.56959092617E-001,  -8.13059151173E-001         F               0         Blade 1 Z orientation angle, node 5, rad
        217     9.38179969788E-001,   3.43835294247E-001,   3.99447642267E-002         F               0         Blade 1 X orientation angle, node 6, rad
        218     3.01806032658E-001,  -7.56025016308E-001,  -5.80809175968E-001         F               0         Blade 1 Y orientation angle, node 6, rad
        219    -1.69503450394E-001,   5.56959092617E-001,  -8.13059151173E-001         F               0         Blade 1 Z orientation angle, node 6, rad
        220     9.44540619850E-001,   3.27260881662E-001,   2.72649768740E-002         F               0         Blade 1 X orientation angle, node 7, rad
        221     2.81267911196E-001,  -7.63345837593E-001,  -5.81542313099E-001         F               0         Blade 1 Y orientation angle, node 7, rad
        222    -1.69503450394E-001,   5.56959092617E-001,  -8.13059151173E-001         F               0         Blade 1 Z orientation angle, node 7, rad
        223     9.49490129948E-001,   3.13351929188E-001,   1.67052429169E-002         F               0         Blade 1 X orientation angle, node 8, rad
        224     2.64077782631E-001,  -7.69160032272E-001,  -5.81941425800E-001         F               0         Blade 1 Y orientation angle, node 8, rad
        225    -1.69503450394E-001,   5.56959092617E-001,  -8.13059151173E-001         F               0         Blade 1 Z orientation angle, node 8, rad
        226     9.53433930874E-001,   3.01501989365E-001,   7.76565819979E-003         F               0         Blade 1 X orientation angle, node 9, rad
        227     2.49464079738E-001,  -7.73881793022E-001,  -5.82129418850E-001         F               0         Blade 1 Y orientation angle, node 9, rad
        228    -1.69503465295E-001,   5.56959152222E-001,  -8.13059091568E-001         F               0         Blade 1 Z orientation angle, node 9, rad
        229     9.56658959389E-001,   2.91210591793E-001,   4.35356851085E-005         F               0         Blade 1 X orientation angle, node 10, rad
        230     2.36795678735E-001,  -7.77812898159E-001,  -5.82181096077E-001         F               0         Blade 1 Y orientation angle, node 10, rad
        231    -1.69503450394E-001,   5.56959092617E-001,  -8.13059151173E-001         F               0         Blade 1 Z orientation angle, node 10, rad
        232     9.59283709526E-001,   2.82368034124E-001,  -6.56095892191E-003         F               0         Blade 1 X orientation angle, node 11, rad
        233     2.25927725434E-001,  -7.81066477299E-001,  -5.82144141197E-001         F               0         Blade 1 Y orientation angle, node 11, rad
        234    -1.69503450394E-001,   5.56959092617E-001,  -8.13059091568E-001         F               0         Blade 1 Z orientation angle, node 11, rad
        235     9.61483836174E-001,   2.74583846331E-001,  -1.23519301414E-002         F               0         Blade 1 X orientation angle, node 12, rad
        236     2.16373383999E-001,  -7.83836901188E-001,  -5.82050085068E-001         F               0         Blade 1 Y orientation angle, node 12, rad
        237    -1.69503450394E-001,   5.56959092617E-001,  -8.13059151173E-001         F               0         Blade 1 Z orientation angle, node 12, rad
        238     9.63335394859E-001,   2.67733216286E-001,  -1.74307432026E-002         F               0         Blade 1 X orientation angle, node 13, rad
        239     2.07974717021E-001,  -7.86203205585E-001,  -5.81920146942E-001         F               0         Blade 1 Y orientation angle, node 13, rad
        240    -1.69503450394E-001,   5.56959092617E-001,  -8.13059151173E-001         F               0         Blade 1 Z orientation angle, node 13, rad
        241     9.64939117432E-001,   2.61550188065E-001,  -2.20005493611E-002         F               0         Blade 1 X orientation angle, node 14, rad
        242     2.00402364135E-001,  -7.88281738758E-001,  -5.81765294075E-001         F               0         Blade 1 Y orientation angle, node 14, rad
        243    -1.69503450394E-001,   5.56959092617E-001,  -8.13059151173E-001         F               0         Blade 1 Z orientation angle, node 14, rad
        244     9.66314673424E-001,   2.56040632725E-001,  -2.60614547879E-002         F               0         Blade 1 X orientation angle, node 15, rad
        245     1.93660989404E-001,  -7.90088415146E-001,  -5.81597566605E-001         F               0         Blade 1 Y orientation angle, node 15, rad
        246    -1.69503450394E-001,   5.56959152222E-001,  -8.13059091568E-001         F               0         Blade 1 Z orientation angle, node 15, rad
        247     9.67512369156E-001,   2.51071333885E-001,  -2.97152120620E-002         F               0         Blade 1 X orientation angle, node 16, rad
