
Linearized model: Predictions were generated on 12-Feb-2024 at 15:30:16 using OpenFAST, compiled as a 64-bit application using single precision at commit v3.5.1
 linked with  NWTC Subroutine Library; ElastoDyn; InflowWind; AeroDyn; ServoDyn; HydroDyn; MAP++ (<1.20.10>, <Oct-20-2023>)

Description from the FAST input file: CCT-9 Campign 4 model. Input files to be run with OpenFAST 3.5.0. GitHub branch from Lu Wang (https://github.com/luwang00/openfast/tree/dev) compiled on March 7, 2023.

Simulation information:
   Simulation time:                  1007.4750 s
   Rotor Speed:                         1.0420 rad/s
   Azimuth:                             2.5420 rad
   Wind Speed:                         12.0000 m/s
   Number of continuous states:         0
   Number of discrete states:           0
   Number of constraint states:         0
   Number of inputs:                 1746
   Number of outputs:                   4
   Jacobians included in this file?    No

Order of inputs:
     Column   Operating Point                     Rotating Frame? Derivative Order Description
   ---------- ---------------                     --------------- ---------------- -----------
          1    1.513E+01                                 F               0         Tower X translation displacement, node 1, m
          2   -1.174E+00                                 F               0         Tower Y translation displacement, node 1, m
          3   -4.933E-01                                 F               0         Tower Z translation displacement, node 1, m
          4    1.706E+01                                 F               0         Tower X translation displacement, node 2, m
          5   -1.820E+00                                 F               0         Tower Y translation displacement, node 2, m
          6   -6.615E-01                                 F               0         Tower Z translation displacement, node 2, m
          7    1.902E+01                                 F               0         Tower X translation displacement, node 3, m
          8   -2.472E+00                                 F               0         Tower Y translation displacement, node 3, m
          9   -8.355E-01                                 F               0         Tower Z translation displacement, node 3, m
         10    2.101E+01                                 F               0         Tower X translation displacement, node 4, m
         11   -3.130E+00                                 F               0         Tower Y translation displacement, node 4, m
         12   -1.014E+00                                 F               0         Tower Z translation displacement, node 4, m
         13    2.302E+01                                 F               0         Tower X translation displacement, node 5, m
         14   -3.792E+00                                 F               0         Tower Y translation displacement, node 5, m
         15   -1.197E+00                                 F               0         Tower Z translation displacement, node 5, m
         16    2.504E+01                                 F               0         Tower X translation displacement, node 6, m
         17   -4.458E+00                                 F               0         Tower Y translation displacement, node 6, m
         18   -1.382E+00                                 F               0         Tower Z translation displacement, node 6, m
         19    2.708E+01                                 F               0         Tower X translation displacement, node 7, m
         20   -5.128E+00                                 F               0         Tower Y translation displacement, node 7, m
         21   -1.570E+00                                 F               0         Tower Z translation displacement, node 7, m
         22    2.914E+01                                 F               0         Tower X translation displacement, node 8, m
         23   -5.799E+00                                 F               0         Tower Y translation displacement, node 8, m
         24   -1.760E+00                                 F               0         Tower Z translation displacement, node 8, m
         25    3.120E+01                                 F               0         Tower X translation displacement, node 9, m
         26   -6.473E+00                                 F               0         Tower Y translation displacement, node 9, m
         27   -1.952E+00                                 F               0         Tower Z translation displacement, node 9, m
         28    3.326E+01                                 F               0         Tower X translation displacement, node 10, m
         29   -7.148E+00                                 F               0         Tower Y translation displacement, node 10, m
         30   -2.145E+00                                 F               0         Tower Z translation displacement, node 10, m
         31    3.533E+01                                 F               0         Tower X translation displacement, node 11, m
         32   -7.824E+00                                 F               0         Tower Y translation displacement, node 11, m
         33   -2.338E+00                                 F               0         Tower Z translation displacement, node 11, m
         34    9.879E-01,  1.399E-02, -1.543E-01         F               0         Tower X orientation angle, node 1, rad
         35   -5.772E-03,  9.985E-01,  5.360E-02         F               0         Tower Y orientation angle, node 1, rad
         36    1.548E-01, -5.206E-02,  9.866E-01         F               0         Tower Z orientation angle, node 1, rad
         37    9.875E-01,  1.413E-02, -1.569E-01         F               0         Tower X orientation angle, node 2, rad
         38   -5.687E-03,  9.985E-01,  5.413E-02         F               0         Tower Y orientation angle, node 2, rad
         39    1.574E-01, -5.257E-02,  9.861E-01         F               0         Tower Z orientation angle, node 2, rad
         40    9.871E-01,  1.425E-02, -1.592E-01         F               0         Tower X orientation angle, node 3, rad
         41   -5.610E-03,  9.985E-01,  5.462E-02         F               0         Tower Y orientation angle, node 3, rad
         42    1.597E-01, -5.302E-02,  9.857E-01         F               0         Tower Z orientation angle, node 3, rad
         43    9.868E-01,  1.436E-02, -1.611E-01         F               0         Tower X orientation angle, node 4, rad
         44   -5.541E-03,  9.985E-01,  5.504E-02         F               0         Tower Y orientation angle, node 4, rad
         45    1.617E-01, -5.342E-02,  9.854E-01         F               0         Tower Z orientation angle, node 4, rad
         46    9.866E-01,  1.445E-02, -1.628E-01         F               0         Tower X orientation angle, node 5, rad
         47   -5.482E-03,  9.984E-01,  5.540E-02         F               0         Tower Y orientation angle, node 5, rad
         48    1.633E-01, -5.376E-02,  9.851E-01         F               0         Tower Z orientation angle, node 5, rad
         49    9.863E-01,  1.452E-02, -1.641E-01         F               0         Tower X orientation angle, node 6, rad
         50   -5.432E-03,  9.984E-01,  5.570E-02         F               0         Tower Y orientation angle, node 6, rad
         51    1.647E-01, -5.405E-02,  9.849E-01         F               0         Tower Z orientation angle, node 6, rad
         52    9.862E-01,  1.458E-02, -1.651E-01         F               0         Tower X orientation angle, node 7, rad
         53   -5.391E-03,  9.984E-01,  5.594E-02         F               0         Tower Y orientation angle, node 7, rad
         54    1.657E-01, -5.428E-02,  9.847E-01         F               0         Tower Z orientation angle, node 7, rad
         55    9.860E-01,  1.462E-02, -1.659E-01         F               0         Tower X orientation angle, node 8, rad
         56   -5.359E-03,  9.984E-01,  5.613E-02         F               0         Tower Y orientation angle, node 8, rad
         57    1.665E-01, -5.446E-02,  9.845E-01         F               0         Tower Z orientation angle, node 8, rad
         58    9.859E-01,  1.465E-02, -1.664E-01         F               0         Tower X orientation angle, node 9, rad
         59   -5.336E-03,  9.984E-01,  5.627E-02         F               0         Tower Y orientation angle, node 9, rad
         60    1.670E-01, -5.459E-02,  9.844E-01         F               0         Tower Z orientation angle, node 9, rad
         61    9.859E-01,  1.467E-02, -1.668E-01         F               0         Tower X orientation angle, node 10, rad
         62   -5.321E-03,  9.984E-01,  5.636E-02         F               0         Tower Y orientation angle, node 10, rad
         63    1.673E-01, -5.467E-02,  9.844E-01         F               0         Tower Z orientation angle, node 10, rad
         64    9.859E-01,  1.468E-02, -1.670E-01         F               0         Tower X orientation angle, node 11, rad
         65   -5.313E-03,  9.984E-01,  5.641E-02         F               0         Tower Y orientation angle, node 11, rad
         66    1.675E-01, -5.472E-02,  9.843E-01         F               0         Tower Z orientation angle, node 11, rad
         67   -1.276E-03                                 F               0         Tower X translation velocity, node 1, m/s
         68   -2.742E-04                                 F               0         Tower Y translation velocity, node 1, m/s
         69    5.769E-03                                 F               0         Tower Z translation velocity, node 1, m/s
         70   -2.233E-03                                 F               0         Tower X translation velocity, node 2, m/s
         71   -3.457E-04                                 F               0         Tower Y translation velocity, node 2, m/s
         72    5.917E-03                                 F               0         Tower Z translation velocity, node 2, m/s
         73   -3.196E-03                                 F               0         Tower X translation velocity, node 3, m/s
         74   -4.439E-04                                 F               0         Tower Y translation velocity, node 3, m/s
         75    6.066E-03                                 F               0         Tower Z translation velocity, node 3, m/s
         76   -4.170E-03                                 F               0         Tower X translation velocity, node 4, m/s
         77   -5.628E-04                                 F               0         Tower Y translation velocity, node 4, m/s
         78    6.219E-03                                 F               0         Tower Z translation velocity, node 4, m/s
         79   -5.161E-03                                 F               0         Tower X translation velocity, node 5, m/s
         80   -6.996E-04                                 F               0         Tower Y translation velocity, node 5, m/s
         81    6.375E-03                                 F               0         Tower Z translation velocity, node 5, m/s
         82   -6.172E-03                                 F               0         Tower X translation velocity, node 6, m/s
         83   -8.514E-04                                 F               0         Tower Y translation velocity, node 6, m/s
         84    6.535E-03                                 F               0         Tower Z translation velocity, node 6, m/s
         85   -7.203E-03                                 F               0         Tower X translation velocity, node 7, m/s
         86   -1.014E-03                                 F               0         Tower Y translation velocity, node 7, m/s
         87    6.699E-03                                 F               0         Tower Z translation velocity, node 7, m/s
         88   -8.256E-03                                 F               0         Tower X translation velocity, node 8, m/s
         89   -1.188E-03                                 F               0         Tower Y translation velocity, node 8, m/s
         90    6.867E-03                                 F               0         Tower Z translation velocity, node 8, m/s
         91   -9.330E-03                                 F               0         Tower X translation velocity, node 9, m/s
         92   -1.368E-03                                 F               0         Tower Y translation velocity, node 9, m/s
         93    7.039E-03                                 F               0         Tower Z translation velocity, node 9, m/s
         94   -1.042E-02                                 F               0         Tower X translation velocity, node 10, m/s
         95   -1.554E-03                                 F               0         Tower Y translation velocity, node 10, m/s
         96    7.214E-03                                 F               0         Tower Z translation velocity, node 10, m/s
         97   -1.152E-02                                 F               0         Tower X translation velocity, node 11, m/s
         98   -1.742E-03                                 F               0         Tower Y translation velocity, node 11, m/s
         99    7.391E-03                                 F               0         Tower Z translation velocity, node 11, m/s
        100    3.680E+01                                 F               0         Hub X translation displacement, node 1, m
        101   -8.412E+00                                 F               0         Hub Y translation displacement, node 1, m
        102   -6.576E-01                                 F               0         Hub Z translation displacement, node 1, m
        103    9.629E-01,  2.032E-02, -2.689E-01         F               0         Hub X orientation angle, node 1, rad
        104    1.566E-01, -8.541E-01,  4.960E-01         F               0         Hub Y orientation angle, node 1, rad
        105   -2.196E-01, -5.198E-01, -8.256E-01         F               0         Hub Z orientation angle, node 1, rad
        106    1.003E+00                                 F               0         Hub X rotation velocity, node 1, rad/s
        107    2.106E-02                                 F               0         Hub Y rotation velocity, node 1, rad/s
        108   -2.799E-01                                 F               0         Hub Z rotation velocity, node 1, rad/s
        109    9.579E-01,  4.565E-02, -2.835E-01         F               0         Blade root 1 X orientation angle, node 1, rad
        110    1.851E-01, -8.531E-01,  4.878E-01         F               0         Blade root 1 Y orientation angle, node 1, rad
        111   -2.196E-01, -5.198E-01, -8.256E-01         F               0         Blade root 1 Z orientation angle, node 1, rad
        112    9.705E-01,  2.099E-02, -2.402E-01         F               0         Blade root 2 X orientation angle, node 1, rad
        113   -2.398E-01, -2.247E-02, -9.706E-01         F               0         Blade root 2 Y orientation angle, node 1, rad
        114   -2.577E-02,  9.995E-01, -1.677E-02         F               0         Blade root 2 Z orientation angle, node 1, rad
        115    9.592E-01, -5.713E-03, -2.827E-01         F               0         Blade root 3 X orientation angle, node 1, rad
        116    1.404E-01,  8.774E-01,  4.588E-01         F               0         Blade root 3 Y orientation angle, node 1, rad
        117    2.454E-01, -4.798E-01,  8.424E-01         F               0         Blade root 3 Z orientation angle, node 1, rad
        118    3.500E+01                                 F               0         Blade 1 X translation displacement, node 1, m
        119   -1.129E+01                                 F               0         Blade 1 Y translation displacement, node 1, m
        120   -1.074E+01                                 F               0         Blade 1 Z translation displacement, node 1, m
        121    3.457E+01                                 F               0         Blade 1 X translation displacement, node 2, m
        122   -1.199E+01                                 F               0         Blade 1 Y translation displacement, node 2, m
        123   -1.317E+01                                 F               0         Blade 1 Z translation displacement, node 2, m
        124    2.869E+01                                 F               0         Blade 1 X translation displacement, node 3, m
        125   -2.142E+01                                 F               0         Blade 1 Y translation displacement, node 3, m
        126   -4.621E+01                                 F               0         Blade 1 Z translation displacement, node 3, m
        127    2.743E+01                                 F               0         Blade 1 X translation displacement, node 4, m
        128   -2.343E+01                                 F               0         Blade 1 Y translation displacement, node 4, m
        129   -5.325E+01                                 F               0         Blade 1 Z translation displacement, node 4, m
        130    2.618E+01                                 F               0         Blade 1 X translation displacement, node 5, m
        131   -2.544E+01                                 F               0         Blade 1 Y translation displacement, node 5, m
        132   -6.029E+01                                 F               0         Blade 1 Z translation displacement, node 5, m
        133    2.493E+01                                 F               0         Blade 1 X translation displacement, node 6, m
        134   -2.745E+01                                 F               0         Blade 1 Y translation displacement, node 6, m
        135   -6.733E+01                                 F               0         Blade 1 Z translation displacement, node 6, m
        136    2.367E+01                                 F               0         Blade 1 X translation displacement, node 7, m
        137   -2.946E+01                                 F               0         Blade 1 Y translation displacement, node 7, m
        138   -7.437E+01                                 F               0         Blade 1 Z translation displacement, node 7, m
        139    2.242E+01                                 F               0         Blade 1 X translation displacement, node 8, m
        140   -3.147E+01                                 F               0         Blade 1 Y translation displacement, node 8, m
        141   -8.141E+01                                 F               0         Blade 1 Z translation displacement, node 8, m
        142    2.116E+01                                 F               0         Blade 1 X translation displacement, node 9, m
        143   -3.348E+01                                 F               0         Blade 1 Y translation displacement, node 9, m
        144   -8.845E+01                                 F               0         Blade 1 Z translation displacement, node 9, m
        145    1.991E+01                                 F               0         Blade 1 X translation displacement, node 10, m
        146   -3.549E+01                                 F               0         Blade 1 Y translation displacement, node 10, m
        147   -9.549E+01                                 F               0         Blade 1 Z translation displacement, node 10, m
        148    1.866E+01                                 F               0         Blade 1 X translation displacement, node 11, m
        149   -3.750E+01                                 F               0         Blade 1 Y translation displacement, node 11, m
        150   -1.025E+02                                 F               0         Blade 1 Z translation displacement, node 11, m
        151    1.740E+01                                 F               0         Blade 1 X translation displacement, node 12, m
        152   -3.951E+01                                 F               0         Blade 1 Y translation displacement, node 12, m
        153   -1.096E+02                                 F               0         Blade 1 Z translation displacement, node 12, m
        154    1.615E+01                                 F               0         Blade 1 X translation displacement, node 13, m
        155   -4.152E+01                                 F               0         Blade 1 Y translation displacement, node 13, m
        156   -1.166E+02                                 F               0         Blade 1 Z translation displacement, node 13, m
        157    1.490E+01                                 F               0         Blade 1 X translation displacement, node 14, m
        158   -4.353E+01                                 F               0         Blade 1 Y translation displacement, node 14, m
        159   -1.236E+02                                 F               0         Blade 1 Z translation displacement, node 14, m
        160    1.364E+01                                 F               0         Blade 1 X translation displacement, node 15, m
        161   -4.554E+01                                 F               0         Blade 1 Y translation displacement, node 15, m
        162   -1.307E+02                                 F               0         Blade 1 Z translation displacement, node 15, m
        163    1.239E+01                                 F               0         Blade 1 X translation displacement, node 16, m
        164   -4.755E+01                                 F               0         Blade 1 Y translation displacement, node 16, m
        165   -1.377E+02                                 F               0         Blade 1 Z translation displacement, node 16, m
        166    1.113E+01                                 F               0         Blade 1 X translation displacement, node 17, m
        167   -4.956E+01                                 F               0         Blade 1 Y translation displacement, node 17, m
        168   -1.448E+02                                 F               0         Blade 1 Z translation displacement, node 17, m
        169    9.881E+00                                 F               0         Blade 1 X translation displacement, node 18, m
        170   -5.157E+01                                 F               0         Blade 1 Y translation displacement, node 18, m
        171   -1.518E+02                                 F               0         Blade 1 Z translation displacement, node 18, m
        172    8.627E+00                                 F               0         Blade 1 X translation displacement, node 19, m
        173   -5.358E+01                                 F               0         Blade 1 Y translation displacement, node 19, m
        174   -1.588E+02                                 F               0         Blade 1 Z translation displacement, node 19, m
        175    7.374E+00                                 F               0         Blade 1 X translation displacement, node 20, m
        176   -5.559E+01                                 F               0         Blade 1 Y translation displacement, node 20, m
        177   -1.659E+02                                 F               0         Blade 1 Z translation displacement, node 20, m
        178    6.120E+00                                 F               0         Blade 1 X translation displacement, node 21, m
        179   -5.760E+01                                 F               0         Blade 1 Y translation displacement, node 21, m
        180   -1.729E+02                                 F               0         Blade 1 Z translation displacement, node 21, m
        181    4.866E+00                                 F               0         Blade 1 X translation displacement, node 22, m
        182   -5.962E+01                                 F               0         Blade 1 Y translation displacement, node 22, m
        183   -1.800E+02                                 F               0         Blade 1 Z translation displacement, node 22, m
        184    3.613E+00                                 F               0         Blade 1 X translation displacement, node 23, m
        185   -6.163E+01                                 F               0         Blade 1 Y translation displacement, node 23, m
        186   -1.870E+02                                 F               0         Blade 1 Z translation displacement, node 23, m
        187    2.359E+00                                 F               0         Blade 1 X translation displacement, node 24, m
        188   -6.364E+01                                 F               0         Blade 1 Y translation displacement, node 24, m
        189   -1.940E+02                                 F               0         Blade 1 Z translation displacement, node 24, m
        190    1.105E+00                                 F               0         Blade 1 X translation displacement, node 25, m
        191   -6.565E+01                                 F               0         Blade 1 Y translation displacement, node 25, m
        192   -2.011E+02                                 F               0         Blade 1 Z translation displacement, node 25, m
        193   -1.484E-01                                 F               0         Blade 1 X translation displacement, node 26, m
        194   -6.766E+01                                 F               0         Blade 1 Y translation displacement, node 26, m
        195   -2.081E+02                                 F               0         Blade 1 Z translation displacement, node 26, m
        196   -1.402E+00                                 F               0         Blade 1 X translation displacement, node 27, m
        197   -6.967E+01                                 F               0         Blade 1 Y translation displacement, node 27, m
        198   -2.152E+02                                 F               0         Blade 1 Z translation displacement, node 27, m
        199   -2.465E+00                                 F               0         Blade 1 X translation displacement, node 28, m
        200   -7.137E+01                                 F               0         Blade 1 Y translation displacement, node 28, m
        201   -2.211E+02                                 F               0         Blade 1 Z translation displacement, node 28, m
        202    7.681E-01,  4.296E-01, -4.748E-01         F               0         Blade 1 X orientation angle, node 1, rad
        203    6.015E-01, -7.384E-01,  3.049E-01         F               0         Blade 1 Y orientation angle, node 1, rad
        204   -2.196E-01, -5.198E-01, -8.256E-01         F               0         Blade 1 Z orientation angle, node 1, rad
        205    7.681E-01,  4.296E-01, -4.748E-01         F               0         Blade 1 X orientation angle, node 2, rad
        206    6.015E-01, -7.384E-01,  3.049E-01         F               0         Blade 1 Y orientation angle, node 2, rad
        207   -2.196E-01, -5.198E-01, -8.256E-01         F               0         Blade 1 Z orientation angle, node 2, rad
        208    8.888E-01,  2.424E-01, -3.890E-01         F               0         Blade 1 X orientation angle, node 3, rad
        209    4.023E-01, -8.192E-01,  4.087E-01         F               0         Blade 1 Y orientation angle, node 3, rad
        210   -2.196E-01, -5.198E-01, -8.256E-01         F               0         Blade 1 Z orientation angle, node 3, rad
        211    9.050E-01,  2.076E-01, -3.714E-01         F               0         Blade 1 X orientation angle, node 4, rad
        212    3.644E-01, -8.287E-01,  4.248E-01         F               0         Blade 1 Y orientation angle, node 4, rad
        213   -2.196E-01, -5.198E-01, -8.256E-01         F               0         Blade 1 Z orientation angle, node 4, rad
        214    9.166E-01,  1.800E-01, -3.571E-01         F               0         Blade 1 X orientation angle, node 5, rad
        215    3.342E-01, -8.351E-01,  4.369E-01         F               0         Blade 1 Y orientation angle, node 5, rad
        216   -2.196E-01, -5.198E-01, -8.256E-01         F               0         Blade 1 Z orientation angle, node 5, rad
        217    9.251E-01,  1.578E-01, -3.454E-01         F               0         Blade 1 X orientation angle, node 6, rad
        218    3.098E-01, -8.396E-01,  4.462E-01         F               0         Blade 1 Y orientation angle, node 6, rad
        219   -2.196E-01, -5.198E-01, -8.256E-01         F               0         Blade 1 Z orientation angle, node 6, rad
        220    9.316E-01,  1.394E-01, -3.356E-01         F               0         Blade 1 X orientation angle, node 7, rad
        221    2.895E-01, -8.429E-01,  4.536E-01         F               0         Blade 1 Y orientation angle, node 7, rad
        222   -2.196E-01, -5.198E-01, -8.256E-01         F               0         Blade 1 Z orientation angle, node 7, rad
        223    9.367E-01,  1.241E-01, -3.273E-01         F               0         Blade 1 X orientation angle, node 8, rad
        224    2.726E-01, -8.453E-01,  4.596E-01         F               0         Blade 1 Y orientation angle, node 8, rad
        225   -2.196E-01, -5.198E-01, -8.256E-01         F               0         Blade 1 Z orientation angle, node 8, rad
        226    9.408E-01,  1.111E-01, -3.202E-01         F               0         Blade 1 X orientation angle, node 9, rad
        227    2.582E-01, -8.471E-01,  4.646E-01         F               0         Blade 1 Y orientation angle, node 9, rad
        228   -2.196E-01, -5.198E-01, -8.256E-01         F               0         Blade 1 Z orientation angle, node 9, rad
        229    9.442E-01,  9.986E-02, -3.140E-01         F               0         Blade 1 X orientation angle, node 10, rad
        230    2.457E-01, -8.485E-01,  4.688E-01         F               0         Blade 1 Y orientation angle, node 10, rad
        231   -2.196E-01, -5.198E-01, -8.256E-01         F               0         Blade 1 Z orientation angle, node 10, rad
        232    9.469E-01,  9.023E-02, -3.087E-01         F               0         Blade 1 X orientation angle, node 11, rad
        233    2.349E-01, -8.495E-01,  4.723E-01         F               0         Blade 1 Y orientation angle, node 11, rad
        234   -2.196E-01, -5.198E-01, -8.256E-01         F               0         Blade 1 Z orientation angle, node 11, rad
        235    9.492E-01,  8.178E-02, -3.040E-01         F               0         Blade 1 X orientation angle, node 12, rad
        236    2.255E-01, -8.504E-01,  4.754E-01         F               0         Blade 1 Y orientation angle, node 12, rad
        237   -2.196E-01, -5.198E-01, -8.256E-01         F               0         Blade 1 Z orientation angle, node 12, rad
        238    9.511E-01,  7.435E-02, -2.998E-01         F               0         Blade 1 X orientation angle, node 13, rad
        239    2.172E-01, -8.511E-01,  4.780E-01         F               0         Blade 1 Y orientation angle, node 13, rad
        240   -2.196E-01, -5.198E-01, -8.256E-01         F               0         Blade 1 Z orientation angle, node 13, rad
        241    9.528E-01,  6.766E-02, -2.960E-01         F               0         Blade 1 X orientation angle, node 14, rad
        242    2.097E-01, -8.516E-01,  4.803E-01         F               0         Blade 1 Y orientation angle, node 14, rad
        243   -2.196E-01, -5.198E-01, -8.256E-01         F               0         Blade 1 Z orientation angle, node 14, rad
        244    9.542E-01,  6.172E-02, -2.927E-01         F               0         Blade 1 X orientation angle, node 15, rad
        245    2.031E-01, -8.521E-01,  4.824E-01         F               0         Blade 1 Y orientation angle, node 15, rad
        246   -2.196E-01, -5.198E-01, -8.256E-01         F               0         Blade 1 Z orientation angle, node 15, rad
        247    9.555E-01,  5.636E-02, -2.896E-01         F               0         Blade 1 X orientation angle, node 16, rad
        248    1.971E-01, -8.525E-01,  4.842E-01         F               0         Blade 1 Y orientation angle, node 16, rad
        249   -2.196E-01, -5.198E-01, -8.256E-01         F               0         Blade 1 Z orientation angle, node 16, rad
        250    9.566E-01,  5.160E-02, -2.869E-01         F               0         Blade 1 X orientation angle, node 17, rad
        251    1.917E-01, -8.528E-01,  4.858E-01         F               0         Blade 1 Y orientation angle, node 17, rad
        252   -2.196E-01, -5.198E-01, -8.256E-01         F               0         Blade 1 Z orientation angle, node 17, rad
        253    9.576E-01,  4.714E-02, -2.844E-01         F               0         Blade 1 X orientation angle, node 18, rad
        254    1.867E-01, -8.530E-01,  4.873E-01         F               0         Blade 1 Y orientation angle, node 18, rad
        255   -2.196E-01, -5.198E-01, -8.256E-01         F               0         Blade 1 Z orientation angle, node 18, rad
        256    9.584E-01,  4.311E-02, -2.821E-01         F               0         Blade 1 X orientation angle, node 19, rad
        257    1.822E-01, -8.532E-01,  4.887E-01         F               0         Blade 1 Y orientation angle, node 19, rad
        258   -2.196E-01, -5.198E-01, -8.256E-01         F               0         Blade 1 Z orientation angle, node 19, rad
        259    9.592E-01,  3.954E-02, -2.800E-01         F               0         Blade 1 X orientation angle, node 20, rad
        260    1.782E-01, -8.534E-01,  4.899E-01         F               0         Blade 1 Y orientation angle, node 20, rad
        261   -2.196E-01, -5.198E-01, -8.256E-01         F               0         Blade 1 Z orientation angle, node 20, rad
        262    9.599E-01,  3.611E-02, -2.781E-01         F               0         Blade 1 X orientation angle, node 21, rad
        263    1.743E-01, -8.536E-01,  4.910E-01         F               0         Blade 1 Y orientation angle, node 21, rad
        264   -2.196E-01, -5.198E-01, -8.256E-01         F               0         Blade 1 Z orientation angle, node 21, rad
        265    9.605E-01,  3.299E-02, -2.763E-01         F               0         Blade 1 X orientation angle, node 22, rad
        266    1.708E-01, -8.537E-01,  4.920E-01         F               0         Blade 1 Y orientation angle, node 22, rad
        267   -2.196E-01, -5.198E-01, -8.256E-01         F               0         Blade 1 Z orientation angle, node 22, rad
        268    9.611E-01,  3.015E-02, -2.746E-01         F               0         Blade 1 X orientation angle, node 23, rad
        269    1.676E-01, -8.538E-01,  4.929E-01         F               0         Blade 1 Y orientation angle, node 23, rad
        270   -2.196E-01, -5.198E-01, -8.256E-01         F               0         Blade 1 Z orientation angle, node 23, rad
        271    9.616E-01,  2.747E-02, -2.731E-01         F               0         Blade 1 X orientation angle, node 24, rad
        272    1.646E-01, -8.539E-01,  4.938E-01         F               0         Blade 1 Y orientation angle, node 24, rad
        273   -2.196E-01, -5.198E-01, -8.256E-01         F               0         Blade 1 Z orientation angle, node 24, rad
        274    9.621E-01,  2.494E-02, -2.716E-01         F               0         Blade 1 X orientation angle, node 25, rad
        275    1.618E-01, -8.540E-01,  4.946E-01         F               0         Blade 1 Y orientation angle, node 25, rad
        276   -2.196E-01, -5.198E-01, -8.256E-01         F               0         Blade 1 Z orientation angle, node 25, rad
        277    9.625E-01,  2.270E-02, -2.703E-01         F               0         Blade 1 X orientation angle, node 26, rad
        278    1.592E-01, -8.540E-01,  4.953E-01         F               0         Blade 1 Y orientation angle, node 26, rad
        279   -2.196E-01, -5.198E-01, -8.256E-01         F               0         Blade 1 Z orientation angle, node 26, rad
        280    9.629E-01,  2.047E-02, -2.690E-01         F               0         Blade 1 X orientation angle, node 27, rad
        281    1.567E-01, -8.541E-01,  4.960E-01         F               0         Blade 1 Y orientation angle, node 27, rad
        282   -2.196E-01, -5.198E-01, -8.256E-01         F               0         Blade 1 Z orientation angle, node 27, rad
        283    9.631E-01,  1.927E-02, -2.683E-01         F               0         Blade 1 X orientation angle, node 28, rad
        284    1.554E-01, -8.541E-01,  4.964E-01         F               0         Blade 1 Y orientation angle, node 28, rad
        285   -2.196E-01, -5.198E-01, -8.256E-01         F               0         Blade 1 Z orientation angle, node 28, rad
        286   -9.147E-01                                 F               0         Blade 1 X translation velocity, node 1, m/s
        287    4.925E+00                                 F               0         Blade 1 Y translation velocity, node 1, m/s
        288   -2.858E+00                                 F               0         Blade 1 Z translation velocity, node 1, m/s
        289   -1.132E+00                                 F               0         Blade 1 X translation velocity, node 2, m/s
        290    6.113E+00                                 F               0         Blade 1 Y translation velocity, node 2, m/s
        291   -3.548E+00                                 F               0         Blade 1 Z translation velocity, node 2, m/s
        292   -4.089E+00                                 F               0         Blade 1 X translation velocity, node 3, m/s
        293    2.227E+01                                 F               0         Blade 1 Y translation velocity, node 3, m/s
        294   -1.293E+01                                 F               0         Blade 1 Z translation velocity, node 3, m/s
        295   -4.718E+00                                 F               0         Blade 1 X translation velocity, node 4, m/s
        296    2.571E+01                                 F               0         Blade 1 Y translation velocity, node 4, m/s
        297   -1.493E+01                                 F               0         Blade 1 Z translation velocity, node 4, m/s
        298   -5.349E+00                                 F               0         Blade 1 X translation velocity, node 5, m/s
        299    2.915E+01                                 F               0         Blade 1 Y translation velocity, node 5, m/s
        300   -1.693E+01                                 F               0         Blade 1 Z translation velocity, node 5, m/s
        301   -5.978E+00                                 F               0         Blade 1 X translation velocity, node 6, m/s
        302    3.259E+01                                 F               0         Blade 1 Y translation velocity, node 6, m/s
        303   -1.893E+01                                 F               0         Blade 1 Z translation velocity, node 6, m/s
        304   -6.608E+00                                 F               0         Blade 1 X translation velocity, node 7, m/s
        305    3.604E+01                                 F               0         Blade 1 Y translation velocity, node 7, m/s
        306   -2.093E+01                                 F               0         Blade 1 Z translation velocity, node 7, m/s
        307   -7.238E+00                                 F               0         Blade 1 X translation velocity, node 8, m/s
