
Linearized model: Predictions were generated on 13-Feb-2024 at 11:29:37 using OpenFAST, compiled as a 64-bit application using single precision at commit v3.5.1
 linked with  NWTC Subroutine Library; ElastoDyn; InflowWind; AeroDyn; ServoDyn; HydroDyn; MAP++ (<1.20.10>, <Oct-20-2023>)

Description from the FAST input file: CCT-9 Campign 4 model. Input files to be run with OpenFAST 3.5.0. GitHub branch from Lu Wang (https://github.com/luwang00/openfast/tree/dev) compiled on March 7, 2023.

Simulation information:
   Simulation time:                  1216.3500 s
   Rotor Speed:                         0.7919 rad/s
   Azimuth:                             4.3739 rad
   Wind Speed:                         16.0000 m/s
   Number of continuous states:         0
   Number of discrete states:           0
   Number of constraint states:         0
   Number of inputs:                 1746
   Number of outputs:                   4
   Jacobians included in this file?    No

Order of inputs:
     Column   Operating Point                                                   Rotating Frame? Derivative Order Description
   ---------- ---------------                                                   --------------- ---------------- -----------
          1     1.07028665543E+001                                                     F               0         Tower X translation displacement, node 1, m
          2    -1.55992341042E+000                                                     F               0         Tower Y translation displacement, node 1, m
          3    -2.84144103527E-001                                                     F               0         Tower Z translation displacement, node 1, m
          4     1.20888700485E+001                                                     F               0         Tower X translation displacement, node 2, m
          5    -2.19387984276E+000                                                     F               0         Tower Y translation displacement, node 2, m
          6    -3.78512561321E-001                                                     F               0         Tower Z translation displacement, node 2, m
          7     1.34748735428E+001                                                     F               0         Tower X translation displacement, node 3, m
          8    -2.82783651352E+000                                                     F               0         Tower Y translation displacement, node 3, m
          9    -4.72878932953E-001                                                     F               0         Tower Z translation displacement, node 3, m
         10     1.48608770370E+001                                                     F               0         Tower X translation displacement, node 4, m
         11    -3.46179318428E+000                                                     F               0         Tower Y translation displacement, node 4, m
         12    -5.67245483398E-001                                                     F               0         Tower Z translation displacement, node 4, m
         13     1.62468814850E+001                                                     F               0         Tower X translation displacement, node 5, m
         14    -4.09575033188E+000                                                     F               0         Tower Y translation displacement, node 5, m
         15    -6.61609232426E-001                                                     F               0         Tower Z translation displacement, node 5, m
         16     1.76328830719E+001                                                     F               0         Tower X translation displacement, node 6, m
         17    -4.72970628738E+000                                                     F               0         Tower Y translation displacement, node 6, m
         18    -7.55983531475E-001                                                     F               0         Tower Z translation displacement, node 6, m
         19     1.90188884735E+001                                                     F               0         Tower X translation displacement, node 7, m
         20    -5.36366367340E+000                                                     F               0         Tower Y translation displacement, node 7, m
         21    -8.50343883038E-001                                                     F               0         Tower Z translation displacement, node 7, m
         22     2.04048900604E+001                                                     F               0         Tower X translation displacement, node 8, m
         23    -5.99761962891E+000                                                     F               0         Tower Y translation displacement, node 8, m
         24    -9.44716274738E-001                                                     F               0         Tower Z translation displacement, node 8, m
         25     2.17908954620E+001                                                     F               0         Tower X translation displacement, node 9, m
         26    -6.63157701492E+000                                                     F               0         Tower Y translation displacement, node 9, m
         27    -1.03907966614E+000                                                     F               0         Tower Z translation displacement, node 9, m
         28     2.31768989563E+001                                                     F               0         Tower X translation displacement, node 10, m
         29    -7.26553344727E+000                                                     F               0         Tower Y translation displacement, node 10, m
         30    -1.13344907761E+000                                                     F               0         Tower Z translation displacement, node 10, m
         31     2.45629024506E+001                                                     F               0         Tower X translation displacement, node 11, m
         32    -7.89948987961E+000                                                     F               0         Tower Y translation displacement, node 11, m
         33    -1.22781550884E+000                                                     F               0         Tower Z translation displacement, node 11, m
         34     9.93684887886E-001,   3.40514816344E-003,  -1.12155057490E-001         F               0         Tower X orientation angle, node 1, rad
         35     2.37573264167E-003,   9.98676896095E-001,   5.13697043061E-002         F               0         Tower Y orientation angle, node 1, rad
         36     1.12181589007E-001,  -5.13117499650E-002,   9.92362022400E-001         F               0         Tower Z orientation angle, node 1, rad
         37     9.93684887886E-001,   3.40514816344E-003,  -1.12155057490E-001         F               0         Tower X orientation angle, node 2, rad
         38     2.37573264167E-003,   9.98676896095E-001,   5.13697043061E-002         F               0         Tower Y orientation angle, node 2, rad
         39     1.12181589007E-001,  -5.13117499650E-002,   9.92362022400E-001         F               0         Tower Z orientation angle, node 2, rad
         40     9.93684887886E-001,   3.40514816344E-003,  -1.12155057490E-001         F               0         Tower X orientation angle, node 3, rad
         41     2.37573264167E-003,   9.98676896095E-001,   5.13697043061E-002         F               0         Tower Y orientation angle, node 3, rad
         42     1.12181589007E-001,  -5.13117499650E-002,   9.92362022400E-001         F               0         Tower Z orientation angle, node 3, rad
         43     9.93684887886E-001,   3.40514816344E-003,  -1.12155057490E-001         F               0         Tower X orientation angle, node 4, rad
         44     2.37573264167E-003,   9.98676896095E-001,   5.13697043061E-002         F               0         Tower Y orientation angle, node 4, rad
         45     1.12181589007E-001,  -5.13117499650E-002,   9.92362022400E-001         F               0         Tower Z orientation angle, node 4, rad
         46     9.93684887886E-001,   3.40514816344E-003,  -1.12155057490E-001         F               0         Tower X orientation angle, node 5, rad
         47     2.37573264167E-003,   9.98676896095E-001,   5.13697043061E-002         F               0         Tower Y orientation angle, node 5, rad
         48     1.12181589007E-001,  -5.13117499650E-002,   9.92362022400E-001         F               0         Tower Z orientation angle, node 5, rad
         49     9.93684887886E-001,   3.40514816344E-003,  -1.12155057490E-001         F               0         Tower X orientation angle, node 6, rad
         50     2.37573264167E-003,   9.98676896095E-001,   5.13697043061E-002         F               0         Tower Y orientation angle, node 6, rad
         51     1.12181589007E-001,  -5.13117499650E-002,   9.92362022400E-001         F               0         Tower Z orientation angle, node 6, rad
         52     9.93684887886E-001,   3.40514816344E-003,  -1.12155057490E-001         F               0         Tower X orientation angle, node 7, rad
         53     2.37573264167E-003,   9.98676896095E-001,   5.13697043061E-002         F               0         Tower Y orientation angle, node 7, rad
         54     1.12181589007E-001,  -5.13117499650E-002,   9.92362022400E-001         F               0         Tower Z orientation angle, node 7, rad
         55     9.93684887886E-001,   3.40514816344E-003,  -1.12155057490E-001         F               0         Tower X orientation angle, node 8, rad
         56     2.37573240884E-003,   9.98676896095E-001,   5.13697043061E-002         F               0         Tower Y orientation angle, node 8, rad
         57     1.12181589007E-001,  -5.13117499650E-002,   9.92362022400E-001         F               0         Tower Z orientation angle, node 8, rad
         58     9.93684887886E-001,   3.40514839627E-003,  -1.12155064940E-001         F               0         Tower X orientation angle, node 9, rad
         59     2.37573264167E-003,   9.98676896095E-001,   5.13697043061E-002         F               0         Tower Y orientation angle, node 9, rad
         60     1.12181589007E-001,  -5.13117499650E-002,   9.92362022400E-001         F               0         Tower Z orientation angle, node 9, rad
         61     9.93684887886E-001,   3.40514816344E-003,  -1.12155057490E-001         F               0         Tower X orientation angle, node 10, rad
         62     2.37573264167E-003,   9.98676896095E-001,   5.13697043061E-002         F               0         Tower Y orientation angle, node 10, rad
         63     1.12181589007E-001,  -5.13117499650E-002,   9.92362022400E-001         F               0         Tower Z orientation angle, node 10, rad
         64     9.93684887886E-001,   3.40514816344E-003,  -1.12155057490E-001         F               0         Tower X orientation angle, node 11, rad
         65     2.37573264167E-003,   9.98676896095E-001,   5.13697043061E-002         F               0         Tower Y orientation angle, node 11, rad
         66     1.12181589007E-001,  -5.13117499650E-002,   9.92362022400E-001         F               0         Tower Z orientation angle, node 11, rad
         67    -5.36752449989E-005                                                     F               0         Tower X translation velocity, node 1, m/s
         68    -1.78773002699E-003                                                     F               0         Tower Y translation velocity, node 1, m/s
         69    -6.91506126896E-003                                                     F               0         Tower Z translation velocity, node 1, m/s
         70    -7.44239951018E-005                                                     F               0         Tower X translation velocity, node 2, m/s
         71    -2.59803188965E-003                                                     F               0         Tower Y translation velocity, node 2, m/s
         72    -6.95461407304E-003                                                     F               0         Tower Z translation velocity, node 2, m/s
         73    -9.51727561187E-005                                                     F               0         Tower X translation velocity, node 3, m/s
         74    -3.40833398513E-003                                                     F               0         Tower Y translation velocity, node 3, m/s
         75    -6.99416641146E-003                                                     F               0         Tower Z translation velocity, node 3, m/s
         76    -1.15921517136E-004                                                     F               0         Tower X translation velocity, node 4, m/s
         77    -4.21863561496E-003                                                     F               0         Tower Y translation velocity, node 4, m/s
         78    -7.03371874988E-003                                                     F               0         Tower Z translation velocity, node 4, m/s
         79    -1.36670278152E-004                                                     F               0         Tower X translation velocity, node 5, m/s
         80    -5.02893840894E-003                                                     F               0         Tower Y translation velocity, node 5, m/s
         81    -7.07327108830E-003                                                     F               0         Tower Z translation velocity, node 5, m/s
         82    -1.57419010065E-004                                                     F               0         Tower X translation velocity, node 6, m/s
         83    -5.83923934028E-003                                                     F               0         Tower Y translation velocity, node 6, m/s
         84    -7.11282342672E-003                                                     F               0         Tower Z translation velocity, node 6, m/s
         85    -1.78167785634E-004                                                     F               0         Tower X translation velocity, node 7, m/s
         86    -6.64954213426E-003                                                     F               0         Tower Y translation velocity, node 7, m/s
         87    -7.15237623081E-003                                                     F               0         Tower Z translation velocity, node 7, m/s
         88    -1.98916532099E-004                                                     F               0         Tower X translation velocity, node 8, m/s
         89    -7.45984353125E-003                                                     F               0         Tower Y translation velocity, node 8, m/s
         90    -7.19192856923E-003                                                     F               0         Tower Z translation velocity, node 8, m/s
         91    -2.19665307668E-004                                                     F               0         Tower X translation velocity, node 9, m/s
         92    -8.27014632523E-003                                                     F               0         Tower Y translation velocity, node 9, m/s
         93    -7.23148137331E-003                                                     F               0         Tower Z translation velocity, node 9, m/s
         94    -2.40414054133E-004                                                     F               0         Tower X translation velocity, node 10, m/s
         95    -9.08044818789E-003                                                     F               0         Tower Y translation velocity, node 10, m/s
         96    -7.27103371173E-003                                                     F               0         Tower Z translation velocity, node 10, m/s
         97    -2.61162815150E-004                                                     F               0         Tower X translation velocity, node 11, m/s
         98    -9.89074911922E-003                                                     F               0         Tower Y translation velocity, node 11, m/s
         99    -7.31058605015E-003                                                     F               0         Tower Z translation velocity, node 11, m/s
        100     2.55117530823E+001                                                     F               0         Hub X translation displacement, node 1, m
        101    -8.33907413483E+000                                                     F               0         Hub Y translation displacement, node 1, m
        102    -7.64380320907E-002                                                     F               0         Hub Z translation displacement, node 1, m
        103     9.76515233517E-001,   8.75003263354E-003,  -2.15270742774E-001         F               0         Hub X orientation angle, node 1, rad
        104    -2.04002290964E-001,  -2.83791005611E-001,  -9.36934232712E-001         F               0         Hub Y orientation angle, node 1, rad
        105    -6.92901089787E-002,   9.58846211433E-001,  -2.75341212749E-001         F               0         Hub Z orientation angle, node 1, rad
        106     7.73339986801E-001                                                     F               0         Hub X rotation velocity, node 1, rad/s
        107     6.92772259936E-003                                                     F               0         Hub Y rotation velocity, node 1, rad/s
        108    -1.70476704836E-001                                                     F               0         Hub Z rotation velocity, node 1, rad/s
        109     9.95503664017E-001,   4.85900603235E-002,  -8.13106074929E-002         F               0         Blade root 1 X orientation angle, node 1, rad
        110    -6.45855218172E-002,  -2.79737204313E-001,  -9.57901775837E-001         F               0         Blade root 1 Y orientation angle, node 1, rad
        111    -6.92901089787E-002,   9.58846211433E-001,  -2.75341212749E-001         F               0         Blade root 1 Z orientation angle, node 1, rad
        112     9.60893988609E-001,  -1.28128886223E-001,  -2.45490700006E-001         F               0         Blade root 2 X orientation angle, node 1, rad
        113     1.78964108229E-001,   9.63840901852E-001,   1.97439938784E-001         F               0         Blade root 2 Y orientation angle, node 1, rad
        114     2.11316227913E-001,  -2.33652889729E-001,   9.49079453945E-001         F               0         Blade root 2 Z orientation angle, node 1, rad
        115     9.44009006023E-001,   1.05527833104E-001,  -3.12587320805E-001         F               0         Blade root 3 X orientation angle, node 1, rad
        116     2.97784358263E-001,  -6.80410504341E-001,   6.69601380825E-001         F               0         Blade root 3 Y orientation angle, node 1, rad
        117    -1.42026111484E-001,  -7.25193321705E-001,  -6.73738241196E-001         F               0         Blade root 3 Z orientation angle, node 1, rad
        118     2.45487976074E+001                                                     F               0         Blade 1 X translation displacement, node 1, m
        119    -3.02706551552E+000                                                     F               0         Blade 1 Y translation displacement, node 1, m
        120    -7.11148738861E+000                                                     F               0         Blade 1 Z translation displacement, node 1, m
        121     2.43167667389E+001                                                     F               0         Blade 1 X translation displacement, node 2, m
        122    -1.74709606171E+000                                                     F               0         Blade 1 Y translation displacement, node 2, m
        123    -8.80663299561E+000                                                     F               0         Blade 1 Z translation displacement, node 2, m
        124     2.11615409851E+001                                                     F               0         Blade 1 X translation displacement, node 3, m
        125     1.56582708359E+001                                                     F               0         Blade 1 Y translation displacement, node 3, m
        126    -3.18577022552E+001                                                     F               0         Blade 1 Z translation displacement, node 3, m
        127     2.04893016815E+001                                                     F               0         Blade 1 X translation displacement, node 4, m
        128     1.93665866852E+001                                                     F               0         Blade 1 Y translation displacement, node 4, m
        129    -3.67688751221E+001                                                     F               0         Blade 1 Z translation displacement, node 4, m
        130     1.98169345856E+001                                                     F               0         Blade 1 X translation displacement, node 5, m
        131     2.30756092072E+001                                                     F               0         Blade 1 Y translation displacement, node 5, m
        132    -4.16809692383E+001                                                     F               0         Blade 1 Z translation displacement, node 5, m
        133     1.91446933746E+001                                                     F               0         Blade 1 X translation displacement, node 6, m
        134     2.67839393616E+001                                                     F               0         Blade 1 Y translation displacement, node 6, m
        135    -4.65921630859E+001                                                     F               0         Blade 1 Z translation displacement, node 6, m
        136     1.84724483490E+001                                                     F               0         Blade 1 X translation displacement, node 7, m
        137     3.04922828674E+001                                                     F               0         Blade 1 Y translation displacement, node 7, m
        138    -5.15033607483E+001                                                     F               0         Blade 1 Z translation displacement, node 7, m
        139     1.78000831604E+001                                                     F               0         Blade 1 X translation displacement, node 8, m
        140     3.42012901306E+001                                                     F               0         Blade 1 Y translation displacement, node 8, m
        141    -5.64154510498E+001                                                     F               0         Blade 1 Z translation displacement, node 8, m
        142     1.71278381348E+001                                                     F               0         Blade 1 X translation displacement, node 9, m
        143     3.79096336365E+001                                                     F               0         Blade 1 Y translation displacement, node 9, m
        144    -6.13266448975E+001                                                     F               0         Blade 1 Z translation displacement, node 9, m
        145     1.64555969238E+001                                                     F               0         Blade 1 X translation displacement, node 10, m
        146     4.16179656982E+001                                                     F               0         Blade 1 Y translation displacement, node 10, m
        147    -6.62378387451E+001                                                     F               0         Blade 1 Z translation displacement, node 10, m
        148     1.57833518982E+001                                                     F               0         Blade 1 X translation displacement, node 11, m
        149     4.53263130188E+001                                                     F               0         Blade 1 Y translation displacement, node 11, m
        150    -7.11490402222E+001                                                     F               0         Blade 1 Z translation displacement, node 11, m
        151     1.51109905243E+001                                                     F               0         Blade 1 X translation displacement, node 12, m
        152     4.90353050232E+001                                                     F               0         Blade 1 Y translation displacement, node 12, m
        153    -7.60611114502E+001                                                     F               0         Blade 1 Z translation displacement, node 12, m
        154     1.44387454987E+001                                                     F               0         Blade 1 X translation displacement, node 13, m
        155     5.27436485291E+001                                                     F               0         Blade 1 Y translation displacement, node 13, m
        156    -8.09723052979E+001                                                     F               0         Blade 1 Z translation displacement, node 13, m
        157     1.37665033340E+001                                                     F               0         Blade 1 X translation displacement, node 14, m
        158     5.64519805908E+001                                                     F               0         Blade 1 Y translation displacement, node 14, m
        159    -8.58834991455E+001                                                     F               0         Blade 1 Z translation displacement, node 14, m
        160     1.30941362381E+001                                                     F               0         Blade 1 X translation displacement, node 15, m
        161     6.01609954834E+001                                                     F               0         Blade 1 Y translation displacement, node 15, m
        162    -9.07955932617E+001                                                     F               0         Blade 1 Z translation displacement, node 15, m
        163     1.24218940735E+001                                                     F               0         Blade 1 X translation displacement, node 16, m
        164     6.38693313599E+001                                                     F               0         Blade 1 Y translation displacement, node 16, m
        165    -9.57067871094E+001                                                     F               0         Blade 1 Z translation displacement, node 16, m
        166     1.17496500015E+001                                                     F               0         Blade 1 X translation displacement, node 17, m
        167     6.75776824951E+001                                                     F               0         Blade 1 Y translation displacement, node 17, m
        168    -1.00617988586E+002                                                     F               0         Blade 1 Z translation displacement, node 17, m
        169     1.10774068832E+001                                                     F               0         Blade 1 X translation displacement, node 18, m
        170     7.12860107422E+001                                                     F               0         Blade 1 Y translation displacement, node 18, m
        171    -1.05529182434E+002                                                     F               0         Blade 1 Z translation displacement, node 18, m
        172     1.04050445557E+001                                                     F               0         Blade 1 X translation displacement, node 19, m
        173     7.49950103760E+001                                                     F               0         Blade 1 Y translation displacement, node 19, m
        174    -1.10441253662E+002                                                     F               0         Blade 1 Z translation displacement, node 19, m
        175     9.73279857635E+000                                                     F               0         Blade 1 X translation displacement, node 20, m
        176     7.87033538818E+001                                                     F               0         Blade 1 Y translation displacement, node 20, m
        177    -1.15352447510E+002                                                     F               0         Blade 1 Z translation displacement, node 20, m
        178     9.06055736542E+000                                                     F               0         Blade 1 X translation displacement, node 21, m
        179     8.24116897583E+001                                                     F               0         Blade 1 Y translation displacement, node 21, m
        180    -1.20263648987E+002                                                     F               0         Blade 1 Z translation displacement, node 21, m
        181     8.38819122314E+000                                                     F               0         Blade 1 X translation displacement, node 22, m
        182     8.61206970215E+001                                                     F               0         Blade 1 Y translation displacement, node 22, m
        183    -1.25175735474E+002                                                     F               0         Blade 1 Z translation displacement, node 22, m
        184     7.71594619751E+000                                                     F               0         Blade 1 X translation displacement, node 23, m
        185     8.98290481567E+001                                                     F               0         Blade 1 Y translation displacement, node 23, m
        186    -1.30086929321E+002                                                     F               0         Blade 1 Z translation displacement, node 23, m
        187     7.04370403290E+000                                                     F               0         Blade 1 X translation displacement, node 24, m
        188     9.35373764038E+001                                                     F               0         Blade 1 Y translation displacement, node 24, m
        189    -1.34998123169E+002                                                     F               0         Blade 1 Z translation displacement, node 24, m
        190     6.37146139145E+000                                                     F               0         Blade 1 X translation displacement, node 25, m
        191     9.72457122803E+001                                                     F               0         Blade 1 Y translation displacement, node 25, m
        192    -1.39909317017E+002                                                     F               0         Blade 1 Z translation displacement, node 25, m
        193     5.69909620285E+000                                                     F               0         Blade 1 X translation displacement, node 26, m
        194     1.00954727173E+002                                                     F               0         Blade 1 Y translation displacement, node 26, m
        195    -1.44821411133E+002                                                     F               0         Blade 1 Z translation displacement, node 26, m
        196     5.02685356140E+000                                                     F               0         Blade 1 X translation displacement, node 27, m
        197     1.04663055420E+002                                                     F               0         Blade 1 Y translation displacement, node 27, m
        198    -1.49732604980E+002                                                     F               0         Blade 1 Z translation displacement, node 27, m
        199     4.45693492889E+000                                                     F               0         Blade 1 X translation displacement, node 28, m
        200     1.07806938171E+002                                                     F               0         Blade 1 Y translation displacement, node 28, m
        201    -1.53896240234E+002                                                     F               0         Blade 1 Z translation displacement, node 28, m
        202     9.15424287319E-001,   1.70807138085E-001,   3.64449352026E-001         F               0         Blade 1 X orientation angle, node 1, rad
        203     3.96481126547E-001,  -2.26801291108E-001,  -8.89586329460E-001         F               0         Blade 1 Y orientation angle, node 1, rad
        204    -6.92901089787E-002,   9.58846211433E-001,  -2.75341212749E-001         F               0         Blade 1 Z orientation angle, node 1, rad
        205     9.15424287319E-001,   1.70807138085E-001,   3.64449352026E-001         F               0         Blade 1 X orientation angle, node 2, rad
        206     3.96481126547E-001,  -2.26801291108E-001,  -8.89586329460E-001         F               0         Blade 1 Y orientation angle, node 2, rad
        207    -6.92901089787E-002,   9.58846211433E-001,  -2.75341212749E-001         F               0         Blade 1 Z orientation angle, node 2, rad
        208     9.83310878277E-001,   1.12186804414E-001,   1.43226563931E-001         F               0         Blade 1 X orientation angle, node 3, rad
        209     1.68221905828E-001,  -2.60821819305E-001,  -9.50617372990E-001         F               0         Blade 1 Y orientation angle, node 3, rad
        210    -6.92901089787E-002,   9.58846211433E-001,  -2.75341212749E-001         F               0         Blade 1 Z orientation angle, node 3, rad
        211     9.89537000656E-001,   1.01073704660E-001,   1.02959573269E-001         F               0         Blade 1 X orientation angle, node 4, rad
        212     1.26552149653E-001,  -2.65326231718E-001,  -9.55817222595E-001         F               0         Blade 1 Y orientation angle, node 4, rad
        213    -6.92901089787E-002,   9.58846211433E-001,  -2.75341212749E-001         F               0         Blade 1 Z orientation angle, node 4, rad
        214     9.93188798428E-001,   9.22211930156E-002,   7.12126791477E-002         F               0         Blade 1 X orientation angle, node 5, rad
        215     9.36743021011E-002,  -2.68531471491E-001,  -9.58705365658E-001         F               0         Blade 1 Y orientation angle, node 5, rad
        216    -6.92901089787E-002,   9.58846211433E-001,  -2.75341212749E-001         F               0         Blade 1 Z orientation angle, node 5, rad
        217     9.95324134827E-001,   8.50657075644E-002,   4.57570962608E-002         F               0         Blade 1 X orientation angle, node 6, rad
        218     6.72961100936E-002,  -2.70883232355E-001,  -9.60256993771E-001         F               0         Blade 1 Y orientation angle, node 6, rad
        219    -6.92901089787E-002,   9.58846211433E-001,  -2.75341212749E-001         F               0         Blade 1 Z orientation angle, node 6, rad
        220     9.96555328369E-001,   7.91361778975E-002,   2.47983150184E-002         F               0         Blade 1 X orientation angle, node 7, rad
        221     4.55672219396E-002,  -2.72674471140E-001,  -9.61026668549E-001         F               0         Blade 1 Y orientation angle, node 7, rad
        222    -6.92901089787E-002,   9.58846211433E-001,  -2.75341212749E-001         F               0         Blade 1 Z orientation angle, node 7, rad
        223     9.97218191624E-001,   7.41739794612E-002,   7.35118426383E-003         F               0         Blade 1 X orientation angle, node 8, rad
        224     2.74718087167E-002,  -2.74065911770E-001,  -9.61318433285E-001         F               0         Blade 1 Y orientation angle, node 8, rad
        225    -6.92901089787E-002,   9.58846211433E-001,  -2.75341212749E-001         F               0         Blade 1 Z orientation angle, node 8, rad
        226     9.97522532940E-001,   6.99560493231E-002,  -7.41388928145E-003         F               0         Blade 1 X orientation angle, node 9, rad
        227     1.21529996395E-002,  -2.75172710419E-001,  -9.61318016052E-001         F               0         Blade 1 Y orientation angle, node 9, rad
        228    -6.92901089787E-002,   9.58846271038E-001,  -2.75341153145E-001         F               0         Blade 1 Z orientation angle, node 9, rad
        229     9.97595965862E-001,   6.62999749184E-002,  -2.01642662287E-002         F               0         Blade 1 X orientation angle, node 10, rad
        230    -1.07931660023E-003,  -2.76076465845E-001,  -9.61135089397E-001         F               0         Blade 1 Y orientation angle, node 10, rad
        231    -6.92901089787E-002,   9.58846211433E-001,  -2.75341212749E-001         F               0         Blade 1 Z orientation angle, node 10, rad
        232     9.97519552708E-001,   6.31637871265E-002,  -3.10664679855E-002         F               0         Blade 1 X orientation angle, node 11, rad
        233    -1.23963737860E-002,  -2.76810824871E-001,  -9.60844457150E-001         F               0         Blade 1 Y orientation angle, node 11, rad
        234    -6.92901089787E-002,   9.58846211433E-001,  -2.75341212749E-001         F               0         Blade 1 Z orientation angle, node 11, rad
        235     9.97346818447E-001,   6.04068860412E-002,  -4.06236164272E-002         F               0         Blade 1 X orientation angle, node 12, rad
        236    -2.23192963749E-002,  -2.77425497770E-001,  -9.60487842560E-001         F               0         Blade 1 Y orientation angle, node 12, rad
        237    -6.92901089787E-002,   9.58846211433E-001,  -2.75341212749E-001         F               0         Blade 1 Z orientation angle, node 12, rad
        238     9.97114121914E-001,   5.79836219549E-002,  -4.90038022399E-002         F               0         Blade 1 X orientation angle, node 13, rad
        239    -3.10218315572E-002,  -2.77942091227E-001,  -9.60096776485E-001         F               0         Blade 1 Y orientation angle, node 13, rad
        240    -6.92901089787E-002,   9.58846211433E-001,  -2.75341212749E-001         F               0         Blade 1 Z orientation angle, node 13, rad
        241     9.96839702129E-001,   5.57989031076E-002,  -5.65427951515E-002         F               0         Blade 1 X orientation angle, node 14, rad
        242    -3.88521105051E-002,  -2.78388917446E-001,  -9.59682285786E-001         F               0         Blade 1 Y orientation angle, node 14, rad
        243    -6.92901089787E-002,   9.58846211433E-001,  -2.75341212749E-001         F               0         Blade 1 Z orientation angle, node 14, rad
        244     9.96544182301E-001,   5.38540408015E-002,  -6.32412061095E-002         F               0         Blade 1 X orientation angle, node 15, rad
        245    -4.58103604615E-002,  -2.78771609068E-001,  -9.59264218807E-001         F               0         Blade 1 Y orientation angle, node 15, rad
        246    -6.92901089787E-002,   9.58846271038E-001,  -2.75341153145E-001         F               0         Blade 1 Z orientation angle, node 15, rad
        247     9.96236681938E-001,   5.21014146507E-002,  -6.92671537399E-002         F               0         Blade 1 X orientation angle, node 16, rad
