
Linearized model: Predictions were generated on 06-Feb-2024 at 08:44:08 using OpenFAST, compiled as a 64-bit application using single precision at commit v3.5.1
 linked with  NWTC Subroutine Library; ElastoDyn; InflowWind; AeroDyn; ServoDyn; HydroDyn; MAP++ (<1.20.10>, <Oct-20-2023>)

Description from the FAST input file: CCT-9 Campign 4 model. Input files to be run with OpenFAST 3.5.0. GitHub branch from Lu Wang (https://github.com/luwang00/openfast/tree/dev) compiled on March 7, 2023.

Simulation information:
   Simulation time:                  2504.2000 s
   Rotor Speed:                         0.8853 rad/s
   Azimuth:                             0.5873 rad
   Wind Speed:                         10.0000 m/s
   Number of continuous states:         0
   Number of discrete states:           0
   Number of constraint states:         0
   Number of inputs:                 1746
   Number of outputs:                   4
   Jacobians included in this file?    No

Order of inputs:
     Column   Operating Point                     Rotating Frame? Derivative Order Description
   ---------- ---------------                     --------------- ---------------- -----------
          1    1.391E+01                                 F               0         Tower X translation displacement, node 1, m
          2    7.575E-02                                 F               0         Tower Y translation displacement, node 1, m
          3   -1.832E-01                                 F               0         Tower Z translation displacement, node 1, m
          4    1.488E+01                                 F               0         Tower X translation displacement, node 2, m
          5    1.101E-01                                 F               0         Tower Y translation displacement, node 2, m
          6   -2.218E-01                                 F               0         Tower Z translation displacement, node 2, m
          7    1.588E+01                                 F               0         Tower X translation displacement, node 3, m
          8    1.450E-01                                 F               0         Tower Y translation displacement, node 3, m
          9   -2.620E-01                                 F               0         Tower Z translation displacement, node 3, m
         10    1.689E+01                                 F               0         Tower X translation displacement, node 4, m
         11    1.805E-01                                 F               0         Tower Y translation displacement, node 4, m
         12   -3.034E-01                                 F               0         Tower Z translation displacement, node 4, m
         13    1.791E+01                                 F               0         Tower X translation displacement, node 5, m
         14    2.163E-01                                 F               0         Tower Y translation displacement, node 5, m
         15   -3.459E-01                                 F               0         Tower Z translation displacement, node 5, m
         16    1.894E+01                                 F               0         Tower X translation displacement, node 6, m
         17    2.525E-01                                 F               0         Tower Y translation displacement, node 6, m
         18   -3.892E-01                                 F               0         Tower Z translation displacement, node 6, m
         19    1.998E+01                                 F               0         Tower X translation displacement, node 7, m
         20    2.889E-01                                 F               0         Tower Y translation displacement, node 7, m
         21   -4.331E-01                                 F               0         Tower Z translation displacement, node 7, m
         22    2.103E+01                                 F               0         Tower X translation displacement, node 8, m
         23    3.256E-01                                 F               0         Tower Y translation displacement, node 8, m
         24   -4.775E-01                                 F               0         Tower Z translation displacement, node 8, m
         25    2.208E+01                                 F               0         Tower X translation displacement, node 9, m
         26    3.625E-01                                 F               0         Tower Y translation displacement, node 9, m
         27   -5.222E-01                                 F               0         Tower Z translation displacement, node 9, m
         28    2.313E+01                                 F               0         Tower X translation displacement, node 10, m
         29    3.995E-01                                 F               0         Tower Y translation displacement, node 10, m
         30   -5.672E-01                                 F               0         Tower Z translation displacement, node 10, m
         31    2.419E+01                                 F               0         Tower X translation displacement, node 11, m
         32    4.366E-01                                 F               0         Tower Y translation displacement, node 11, m
         33   -6.123E-01                                 F               0         Tower Z translation displacement, node 11, m
         34    9.969E-01,  1.328E-03, -7.828E-02         F               0         Tower X orientation angle, node 1, rad
         35   -1.540E-03,  1.000E+00, -2.648E-03         F               0         Tower Y orientation angle, node 1, rad
         36    7.828E-02,  2.761E-03,  9.969E-01         F               0         Tower Z orientation angle, node 1, rad
         37    9.968E-01,  1.323E-03, -7.982E-02         F               0         Tower X orientation angle, node 2, rad
         38   -1.543E-03,  1.000E+00, -2.692E-03         F               0         Tower Y orientation angle, node 2, rad
         39    7.981E-02,  2.806E-03,  9.968E-01         F               0         Tower Z orientation angle, node 2, rad
         40    9.967E-01,  1.319E-03, -8.116E-02         F               0         Tower X orientation angle, node 3, rad
         41   -1.546E-03,  1.000E+00, -2.731E-03         F               0         Tower Y orientation angle, node 3, rad
         42    8.115E-02,  2.847E-03,  9.967E-01         F               0         Tower Z orientation angle, node 3, rad
         43    9.966E-01,  1.316E-03, -8.228E-02         F               0         Tower X orientation angle, node 4, rad
         44   -1.549E-03,  1.000E+00, -2.765E-03         F               0         Tower Y orientation angle, node 4, rad
         45    8.228E-02,  2.883E-03,  9.966E-01         F               0         Tower Z orientation angle, node 4, rad
         46    9.965E-01,  1.314E-03, -8.319E-02         F               0         Tower X orientation angle, node 5, rad
         47   -1.551E-03,  1.000E+00, -2.795E-03         F               0         Tower Y orientation angle, node 5, rad
         48    8.319E-02,  2.914E-03,  9.965E-01         F               0         Tower Z orientation angle, node 5, rad
         49    9.965E-01,  1.311E-03, -8.392E-02         F               0         Tower X orientation angle, node 6, rad
         50   -1.554E-03,  1.000E+00, -2.820E-03         F               0         Tower Y orientation angle, node 6, rad
         51    8.391E-02,  2.940E-03,  9.965E-01         F               0         Tower Z orientation angle, node 6, rad
         52    9.964E-01,  1.310E-03, -8.445E-02         F               0         Tower X orientation angle, node 7, rad
         53   -1.555E-03,  1.000E+00, -2.840E-03         F               0         Tower Y orientation angle, node 7, rad
         54    8.445E-02,  2.961E-03,  9.964E-01         F               0         Tower Z orientation angle, node 7, rad
         55    9.964E-01,  1.309E-03, -8.484E-02         F               0         Tower X orientation angle, node 8, rad
         56   -1.557E-03,  1.000E+00, -2.856E-03         F               0         Tower Y orientation angle, node 8, rad
         57    8.483E-02,  2.978E-03,  9.964E-01         F               0         Tower Z orientation angle, node 8, rad
         58    9.964E-01,  1.308E-03, -8.510E-02         F               0         Tower X orientation angle, node 9, rad
         59   -1.558E-03,  1.000E+00, -2.868E-03         F               0         Tower Y orientation angle, node 9, rad
         60    8.509E-02,  2.990E-03,  9.964E-01         F               0         Tower Z orientation angle, node 9, rad
         61    9.964E-01,  1.307E-03, -8.525E-02         F               0         Tower X orientation angle, node 10, rad
         62   -1.558E-03,  1.000E+00, -2.875E-03         F               0         Tower Y orientation angle, node 10, rad
         63    8.525E-02,  2.998E-03,  9.964E-01         F               0         Tower Z orientation angle, node 10, rad
         64    9.964E-01,  1.307E-03, -8.533E-02         F               0         Tower X orientation angle, node 11, rad
         65   -1.559E-03,  1.000E+00, -2.879E-03         F               0         Tower Y orientation angle, node 11, rad
         66    8.532E-02,  3.002E-03,  9.963E-01         F               0         Tower Z orientation angle, node 11, rad
         67    2.528E-04                                 F               0         Tower X translation velocity, node 1, m/s
         68    6.891E-03                                 F               0         Tower Y translation velocity, node 1, m/s
         69    2.087E-04                                 F               0         Tower Z translation velocity, node 1, m/s
         70    3.174E-04                                 F               0         Tower X translation velocity, node 2, m/s
         71    1.097E-02                                 F               0         Tower Y translation velocity, node 2, m/s
         72    1.922E-04                                 F               0         Tower Z translation velocity, node 2, m/s
         73    3.603E-04                                 F               0         Tower X translation velocity, node 3, m/s
         74    1.503E-02                                 F               0         Tower Y translation velocity, node 3, m/s
         75    1.772E-04                                 F               0         Tower Z translation velocity, node 3, m/s
         76    3.868E-04                                 F               0         Tower X translation velocity, node 4, m/s
         77    1.908E-02                                 F               0         Tower Y translation velocity, node 4, m/s
         78    1.634E-04                                 F               0         Tower Z translation velocity, node 4, m/s
         79    3.997E-04                                 F               0         Tower X translation velocity, node 5, m/s
         80    2.312E-02                                 F               0         Tower Y translation velocity, node 5, m/s
         81    1.505E-04                                 F               0         Tower Z translation velocity, node 5, m/s
         82    4.019E-04                                 F               0         Tower X translation velocity, node 6, m/s
         83    2.715E-02                                 F               0         Tower Y translation velocity, node 6, m/s
         84    1.385E-04                                 F               0         Tower Z translation velocity, node 6, m/s
         85    3.962E-04                                 F               0         Tower X translation velocity, node 7, m/s
         86    3.117E-02                                 F               0         Tower Y translation velocity, node 7, m/s
         87    1.271E-04                                 F               0         Tower Z translation velocity, node 7, m/s
         88    3.842E-04                                 F               0         Tower X translation velocity, node 8, m/s
         89    3.518E-02                                 F               0         Tower Y translation velocity, node 8, m/s
         90    1.161E-04                                 F               0         Tower Z translation velocity, node 8, m/s
         91    3.677E-04                                 F               0         Tower X translation velocity, node 9, m/s
         92    3.918E-02                                 F               0         Tower Y translation velocity, node 9, m/s
         93    1.056E-04                                 F               0         Tower Z translation velocity, node 9, m/s
         94    3.483E-04                                 F               0         Tower X translation velocity, node 10, m/s
         95    4.318E-02                                 F               0         Tower Y translation velocity, node 10, m/s
         96    9.521E-05                                 F               0         Tower Z translation velocity, node 10, m/s
         97    3.275E-04                                 F               0         Tower X translation velocity, node 11, m/s
         98    4.717E-02                                 F               0         Tower Y translation velocity, node 11, m/s
         99    8.497E-05                                 F               0         Tower Z translation velocity, node 11, m/s
        100    2.489E+01                                 F               0         Hub X translation displacement, node 1, m
        101    4.460E-01                                 F               0         Hub Y translation displacement, node 1, m
        102    2.806E-01                                 F               0         Hub Z translation displacement, node 1, m
        103    9.820E-01,  9.863E-04, -1.890E-01         F               0         Hub X orientation angle, node 1, rad
        104    1.034E-01,  8.341E-01,  5.418E-01         F               0         Hub Y orientation angle, node 1, rad
        105    1.582E-01, -5.515E-01,  8.190E-01         F               0         Hub Z orientation angle, node 1, rad
        106    8.690E-01                                 F               0         Hub X rotation velocity, node 1, rad/s
        107    8.714E-04                                 F               0         Hub Y rotation velocity, node 1, rad/s
        108   -1.673E-01                                 F               0         Hub Z rotation velocity, node 1, rad/s
        109    9.785E-01, -2.376E-02, -2.050E-01         F               0         Blade root 1 X orientation angle, node 1, rad
        110    1.325E-01,  8.338E-01,  5.359E-01         F               0         Blade root 1 Y orientation angle, node 1, rad
        111    1.582E-01, -5.515E-01,  8.190E-01         F               0         Blade root 1 Z orientation angle, node 1, rad
        112    9.790E-01,  2.753E-02, -2.019E-01         F               0         Blade root 2 X orientation angle, node 1, rad
        113    1.144E-01, -8.943E-01,  4.326E-01         F               0         Blade root 2 Y orientation angle, node 1, rad
        114   -1.687E-01, -4.466E-01, -8.787E-01         F               0         Blade root 2 Z orientation angle, node 1, rad
        115    9.871E-01, -8.114E-04, -1.598E-01         F               0         Blade root 3 X orientation angle, node 1, rad
        116   -1.595E-01,  6.058E-02, -9.853E-01         F               0         Blade root 3 Y orientation angle, node 1, rad
        117    1.048E-02,  9.982E-01,  5.967E-02         F               0         Blade root 3 Z orientation angle, node 1, rad
        118    2.519E+01                                 F               0         Blade 1 X translation displacement, node 1, m
        119   -2.610E+00                                 F               0         Blade 1 Y translation displacement, node 1, m
        120   -6.918E-01                                 F               0         Blade 1 Z translation displacement, node 1, m
        121    2.526E+01                                 F               0         Blade 1 X translation displacement, node 2, m
        122   -3.346E+00                                 F               0         Blade 1 Y translation displacement, node 2, m
        123   -9.260E-01                                 F               0         Blade 1 Z translation displacement, node 2, m
        124    2.624E+01                                 F               0         Blade 1 X translation displacement, node 3, m
        125   -1.336E+01                                 F               0         Blade 1 Y translation displacement, node 3, m
        126   -4.112E+00                                 F               0         Blade 1 Z translation displacement, node 3, m
        127    2.645E+01                                 F               0         Blade 1 X translation displacement, node 4, m
        128   -1.549E+01                                 F               0         Blade 1 Y translation displacement, node 4, m
        129   -4.791E+00                                 F               0         Blade 1 Z translation displacement, node 4, m
        130    2.665E+01                                 F               0         Blade 1 X translation displacement, node 5, m
        131   -1.762E+01                                 F               0         Blade 1 Y translation displacement, node 5, m
        132   -5.470E+00                                 F               0         Blade 1 Z translation displacement, node 5, m
        133    2.686E+01                                 F               0         Blade 1 X translation displacement, node 6, m
        134   -1.976E+01                                 F               0         Blade 1 Y translation displacement, node 6, m
        135   -6.149E+00                                 F               0         Blade 1 Z translation displacement, node 6, m
        136    2.707E+01                                 F               0         Blade 1 X translation displacement, node 7, m
        137   -2.189E+01                                 F               0         Blade 1 Y translation displacement, node 7, m
        138   -6.827E+00                                 F               0         Blade 1 Z translation displacement, node 7, m
        139    2.728E+01                                 F               0         Blade 1 X translation displacement, node 8, m
        140   -2.402E+01                                 F               0         Blade 1 Y translation displacement, node 8, m
        141   -7.506E+00                                 F               0         Blade 1 Z translation displacement, node 8, m
        142    2.748E+01                                 F               0         Blade 1 X translation displacement, node 9, m
        143   -2.616E+01                                 F               0         Blade 1 Y translation displacement, node 9, m
        144   -8.185E+00                                 F               0         Blade 1 Z translation displacement, node 9, m
        145    2.769E+01                                 F               0         Blade 1 X translation displacement, node 10, m
        146   -2.829E+01                                 F               0         Blade 1 Y translation displacement, node 10, m
        147   -8.864E+00                                 F               0         Blade 1 Z translation displacement, node 10, m
        148    2.790E+01                                 F               0         Blade 1 X translation displacement, node 11, m
        149   -3.042E+01                                 F               0         Blade 1 Y translation displacement, node 11, m
        150   -9.543E+00                                 F               0         Blade 1 Z translation displacement, node 11, m
        151    2.811E+01                                 F               0         Blade 1 X translation displacement, node 12, m
        152   -3.256E+01                                 F               0         Blade 1 Y translation displacement, node 12, m
        153   -1.022E+01                                 F               0         Blade 1 Z translation displacement, node 12, m
        154    2.831E+01                                 F               0         Blade 1 X translation displacement, node 13, m
        155   -3.469E+01                                 F               0         Blade 1 Y translation displacement, node 13, m
        156   -1.090E+01                                 F               0         Blade 1 Z translation displacement, node 13, m
        157    2.852E+01                                 F               0         Blade 1 X translation displacement, node 14, m
        158   -3.682E+01                                 F               0         Blade 1 Y translation displacement, node 14, m
        159   -1.158E+01                                 F               0         Blade 1 Z translation displacement, node 14, m
        160    2.873E+01                                 F               0         Blade 1 X translation displacement, node 15, m
        161   -3.896E+01                                 F               0         Blade 1 Y translation displacement, node 15, m
        162   -1.226E+01                                 F               0         Blade 1 Z translation displacement, node 15, m
        163    2.894E+01                                 F               0         Blade 1 X translation displacement, node 16, m
        164   -4.109E+01                                 F               0         Blade 1 Y translation displacement, node 16, m
        165   -1.294E+01                                 F               0         Blade 1 Z translation displacement, node 16, m
        166    2.914E+01                                 F               0         Blade 1 X translation displacement, node 17, m
        167   -4.322E+01                                 F               0         Blade 1 Y translation displacement, node 17, m
        168   -1.362E+01                                 F               0         Blade 1 Z translation displacement, node 17, m
        169    2.935E+01                                 F               0         Blade 1 X translation displacement, node 18, m
        170   -4.536E+01                                 F               0         Blade 1 Y translation displacement, node 18, m
        171   -1.429E+01                                 F               0         Blade 1 Z translation displacement, node 18, m
        172    2.956E+01                                 F               0         Blade 1 X translation displacement, node 19, m
        173   -4.749E+01                                 F               0         Blade 1 Y translation displacement, node 19, m
        174   -1.497E+01                                 F               0         Blade 1 Z translation displacement, node 19, m
        175    2.977E+01                                 F               0         Blade 1 X translation displacement, node 20, m
        176   -4.962E+01                                 F               0         Blade 1 Y translation displacement, node 20, m
        177   -1.565E+01                                 F               0         Blade 1 Z translation displacement, node 20, m
        178    2.997E+01                                 F               0         Blade 1 X translation displacement, node 21, m
        179   -5.176E+01                                 F               0         Blade 1 Y translation displacement, node 21, m
        180   -1.633E+01                                 F               0         Blade 1 Z translation displacement, node 21, m
        181    3.018E+01                                 F               0         Blade 1 X translation displacement, node 22, m
        182   -5.389E+01                                 F               0         Blade 1 Y translation displacement, node 22, m
        183   -1.701E+01                                 F               0         Blade 1 Z translation displacement, node 22, m
        184    3.039E+01                                 F               0         Blade 1 X translation displacement, node 23, m
        185   -5.602E+01                                 F               0         Blade 1 Y translation displacement, node 23, m
        186   -1.769E+01                                 F               0         Blade 1 Z translation displacement, node 23, m
        187    3.060E+01                                 F               0         Blade 1 X translation displacement, node 24, m
        188   -5.816E+01                                 F               0         Blade 1 Y translation displacement, node 24, m
        189   -1.837E+01                                 F               0         Blade 1 Z translation displacement, node 24, m
        190    3.080E+01                                 F               0         Blade 1 X translation displacement, node 25, m
        191   -6.029E+01                                 F               0         Blade 1 Y translation displacement, node 25, m
        192   -1.905E+01                                 F               0         Blade 1 Z translation displacement, node 25, m
        193    3.101E+01                                 F               0         Blade 1 X translation displacement, node 26, m
        194   -6.242E+01                                 F               0         Blade 1 Y translation displacement, node 26, m
        195   -1.973E+01                                 F               0         Blade 1 Z translation displacement, node 26, m
        196    3.122E+01                                 F               0         Blade 1 X translation displacement, node 27, m
        197   -6.455E+01                                 F               0         Blade 1 Y translation displacement, node 27, m
        198   -2.040E+01                                 F               0         Blade 1 Z translation displacement, node 27, m
        199    3.139E+01                                 F               0         Blade 1 X translation displacement, node 28, m
        200   -6.636E+01                                 F               0         Blade 1 Y translation displacement, node 28, m
        201   -2.098E+01                                 F               0         Blade 1 Z translation displacement, node 28, m
        202    8.104E-01, -4.014E-01, -4.268E-01         F               0         Blade 1 X orientation angle, node 1, rad
        203    5.641E-01,  7.312E-01,  3.835E-01         F               0         Blade 1 Y orientation angle, node 1, rad
        204    1.582E-01, -5.515E-01,  8.190E-01         F               0         Blade 1 Z orientation angle, node 1, rad
        205    8.104E-01, -4.014E-01, -4.268E-01         F               0         Blade 1 X orientation angle, node 2, rad
        206    5.641E-01,  7.312E-01,  3.835E-01         F               0         Blade 1 Y orientation angle, node 2, rad
        207    1.582E-01, -5.515E-01,  8.190E-01         F               0         Blade 1 Z orientation angle, node 2, rad
        208    9.210E-01, -2.166E-01, -3.238E-01         F               0         Blade 1 X orientation angle, node 3, rad
        209    3.560E-01,  8.055E-01,  4.737E-01         F               0         Blade 1 Y orientation angle, node 3, rad
        210    1.582E-01, -5.515E-01,  8.190E-01         F               0         Blade 1 Z orientation angle, node 3, rad
        211    9.352E-01, -1.824E-01, -3.035E-01         F               0         Blade 1 X orientation angle, node 4, rad
        212    3.168E-01,  8.140E-01,  4.870E-01         F               0         Blade 1 Y orientation angle, node 4, rad
        213    1.582E-01, -5.515E-01,  8.190E-01         F               0         Blade 1 Z orientation angle, node 4, rad
        214    9.452E-01, -1.553E-01, -2.872E-01         F               0         Blade 1 X orientation angle, node 5, rad
        215    2.856E-01,  8.196E-01,  4.967E-01         F               0         Blade 1 Y orientation angle, node 5, rad
        216    1.582E-01, -5.515E-01,  8.190E-01         F               0         Blade 1 Z orientation angle, node 5, rad
        217    9.524E-01, -1.335E-01, -2.739E-01         F               0         Blade 1 X orientation angle, node 6, rad
        218    2.604E-01,  8.234E-01,  5.042E-01         F               0         Blade 1 Y orientation angle, node 6, rad
        219    1.582E-01, -5.515E-01,  8.190E-01         F               0         Blade 1 Z orientation angle, node 6, rad
        220    9.579E-01, -1.155E-01, -2.628E-01         F               0         Blade 1 X orientation angle, node 7, rad
        221    2.396E-01,  8.261E-01,  5.100E-01         F               0         Blade 1 Y orientation angle, node 7, rad
        222    1.582E-01, -5.515E-01,  8.190E-01         F               0         Blade 1 Z orientation angle, node 7, rad
        223    9.621E-01, -1.005E-01, -2.535E-01         F               0         Blade 1 X orientation angle, node 8, rad
        224    2.222E-01,  8.281E-01,  5.147E-01         F               0         Blade 1 Y orientation angle, node 8, rad
        225    1.582E-01, -5.515E-01,  8.190E-01         F               0         Blade 1 Z orientation angle, node 8, rad
        226    9.654E-01, -8.780E-02, -2.456E-01         F               0         Blade 1 X orientation angle, node 9, rad
        227    2.074E-01,  8.295E-01,  5.186E-01         F               0         Blade 1 Y orientation angle, node 9, rad
        228    1.582E-01, -5.515E-01,  8.190E-01         F               0         Blade 1 Z orientation angle, node 9, rad
        229    9.681E-01, -7.679E-02, -2.387E-01         F               0         Blade 1 X orientation angle, node 10, rad
        230    1.945E-01,  8.306E-01,  5.218E-01         F               0         Blade 1 Y orientation angle, node 10, rad
        231    1.582E-01, -5.515E-01,  8.190E-01         F               0         Blade 1 Z orientation angle, node 10, rad
        232    9.702E-01, -6.737E-02, -2.328E-01         F               0         Blade 1 X orientation angle, node 11, rad
        233    1.836E-01,  8.314E-01,  5.245E-01         F               0         Blade 1 Y orientation angle, node 11, rad
        234    1.582E-01, -5.515E-01,  8.190E-01         F               0         Blade 1 Z orientation angle, node 11, rad
        235    9.720E-01, -5.909E-02, -2.275E-01         F               0         Blade 1 X orientation angle, node 12, rad
        236    1.739E-01,  8.320E-01,  5.267E-01         F               0         Blade 1 Y orientation angle, node 12, rad
        237    1.582E-01, -5.515E-01,  8.190E-01         F               0         Blade 1 Z orientation angle, node 12, rad
        238    9.735E-01, -5.183E-02, -2.229E-01         F               0         Blade 1 X orientation angle, node 13, rad
        239    1.654E-01,  8.325E-01,  5.287E-01         F               0         Blade 1 Y orientation angle, node 13, rad
        240    1.582E-01, -5.515E-01,  8.190E-01         F               0         Blade 1 Z orientation angle, node 13, rad
        241    9.747E-01, -4.529E-02, -2.188E-01         F               0         Blade 1 X orientation angle, node 14, rad
        242    1.578E-01,  8.329E-01,  5.304E-01         F               0         Blade 1 Y orientation angle, node 14, rad
        243    1.582E-01, -5.515E-01,  8.190E-01         F               0         Blade 1 Z orientation angle, node 14, rad
        244    9.758E-01, -3.947E-02, -2.151E-01         F               0         Blade 1 X orientation angle, node 15, rad
        245    1.509E-01,  8.332E-01,  5.320E-01         F               0         Blade 1 Y orientation angle, node 15, rad
        246    1.582E-01, -5.515E-01,  8.190E-01         F               0         Blade 1 Z orientation angle, node 15, rad
        247    9.767E-01, -3.424E-02, -2.117E-01         F               0         Blade 1 X orientation angle, node 16, rad
        248    1.448E-01,  8.334E-01,  5.333E-01         F               0         Blade 1 Y orientation angle, node 16, rad
        249    1.582E-01, -5.515E-01,  8.190E-01         F               0         Blade 1 Z orientation angle, node 16, rad
        250    9.775E-01, -2.958E-02, -2.087E-01         F               0         Blade 1 X orientation angle, node 17, rad
        251    1.394E-01,  8.336E-01,  5.345E-01         F               0         Blade 1 Y orientation angle, node 17, rad
        252    1.582E-01, -5.515E-01,  8.190E-01         F               0         Blade 1 Z orientation angle, node 17, rad
        253    9.782E-01, -2.522E-02, -2.059E-01         F               0         Blade 1 X orientation angle, node 18, rad
        254    1.342E-01,  8.338E-01,  5.356E-01         F               0         Blade 1 Y orientation angle, node 18, rad
        255    1.582E-01, -5.515E-01,  8.190E-01         F               0         Blade 1 Z orientation angle, node 18, rad
        256    9.789E-01, -2.129E-02, -2.034E-01         F               0         Blade 1 X orientation angle, node 19, rad
        257    1.296E-01,  8.339E-01,  5.365E-01         F               0         Blade 1 Y orientation angle, node 19, rad
        258    1.582E-01, -5.515E-01,  8.190E-01         F               0         Blade 1 Z orientation angle, node 19, rad
        259    9.794E-01, -1.779E-02, -2.012E-01         F               0         Blade 1 X orientation angle, node 20, rad
        260    1.255E-01,  8.340E-01,  5.374E-01         F               0         Blade 1 Y orientation angle, node 20, rad
        261    1.582E-01, -5.515E-01,  8.190E-01         F               0         Blade 1 Z orientation angle, node 20, rad
        262    9.799E-01, -1.445E-02, -1.990E-01         F               0         Blade 1 X orientation angle, node 21, rad
        263    1.216E-01,  8.340E-01,  5.382E-01         F               0         Blade 1 Y orientation angle, node 21, rad
        264    1.582E-01, -5.515E-01,  8.190E-01         F               0         Blade 1 Z orientation angle, node 21, rad
        265    9.803E-01, -1.139E-02, -1.970E-01         F               0         Blade 1 X orientation angle, node 22, rad
        266    1.180E-01,  8.341E-01,  5.389E-01         F               0         Blade 1 Y orientation angle, node 22, rad
        267    1.582E-01, -5.515E-01,  8.190E-01         F               0         Blade 1 Z orientation angle, node 22, rad
        268    9.807E-01, -8.622E-03, -1.952E-01         F               0         Blade 1 X orientation angle, node 23, rad
        269    1.147E-01,  8.341E-01,  5.395E-01         F               0         Blade 1 Y orientation angle, node 23, rad
        270    1.582E-01, -5.515E-01,  8.190E-01         F               0         Blade 1 Z orientation angle, node 23, rad
        271    9.811E-01, -6.002E-03, -1.935E-01         F               0         Blade 1 X orientation angle, node 24, rad
        272    1.117E-01,  8.341E-01,  5.402E-01         F               0         Blade 1 Y orientation angle, node 24, rad
        273    1.582E-01, -5.515E-01,  8.190E-01         F               0         Blade 1 Z orientation angle, node 24, rad
        274    9.814E-01, -3.527E-03, -1.919E-01         F               0         Blade 1 X orientation angle, node 25, rad
        275    1.087E-01,  8.341E-01,  5.407E-01         F               0         Blade 1 Y orientation angle, node 25, rad
        276    1.582E-01, -5.515E-01,  8.190E-01         F               0         Blade 1 Z orientation angle, node 25, rad
        277    9.817E-01, -1.343E-03, -1.905E-01         F               0         Blade 1 X orientation angle, node 26, rad
        278    1.062E-01,  8.341E-01,  5.412E-01         F               0         Blade 1 Y orientation angle, node 26, rad
        279    1.582E-01, -5.515E-01,  8.190E-01         F               0         Blade 1 Z orientation angle, node 26, rad
        280    9.820E-01,  8.407E-04, -1.891E-01         F               0         Blade 1 X orientation angle, node 27, rad
        281    1.036E-01,  8.341E-01,  5.417E-01         F               0         Blade 1 Y orientation angle, node 27, rad
        282    1.582E-01, -5.515E-01,  8.190E-01         F               0         Blade 1 Z orientation angle, node 27, rad
        283    9.821E-01,  2.005E-03, -1.883E-01         F               0         Blade 1 X orientation angle, node 28, rad
        284    1.022E-01,  8.341E-01,  5.420E-01         F               0         Blade 1 Y orientation angle, node 28, rad
        285    1.582E-01, -5.515E-01,  8.190E-01         F               0         Blade 1 Z orientation angle, node 28, rad
        286   -5.070E-01                                 F               0         Blade 1 X translation velocity, node 1, m/s
        287   -4.039E+00                                 F               0         Blade 1 Y translation velocity, node 1, m/s
        288   -2.656E+00                                 F               0         Blade 1 Z translation velocity, node 1, m/s
        289   -6.292E-01                                 F               0         Blade 1 X translation velocity, node 2, m/s
        290   -5.025E+00                                 F               0         Blade 1 Y translation velocity, node 2, m/s
        291   -3.296E+00                                 F               0         Blade 1 Z translation velocity, node 2, m/s
        292   -2.292E+00                                 F               0         Blade 1 X translation velocity, node 3, m/s
        293   -1.842E+01                                 F               0         Blade 1 Y translation velocity, node 3, m/s
        294   -1.200E+01                                 F               0         Blade 1 Z translation velocity, node 3, m/s
        295   -2.646E+00                                 F               0         Blade 1 X translation velocity, node 4, m/s
        296   -2.128E+01                                 F               0         Blade 1 Y translation velocity, node 4, m/s
        297   -1.385E+01                                 F               0         Blade 1 Z translation velocity, node 4, m/s
        298   -3.000E+00                                 F               0         Blade 1 X translation velocity, node 5, m/s
        299   -2.413E+01                                 F               0         Blade 1 Y translation velocity, node 5, m/s
        300   -1.571E+01                                 F               0         Blade 1 Z translation velocity, node 5, m/s
        301   -3.354E+00                                 F               0         Blade 1 X translation velocity, node 6, m/s
        302   -2.699E+01                                 F               0         Blade 1 Y translation velocity, node 6, m/s
        303   -1.756E+01                                 F               0         Blade 1 Z translation velocity, node 6, m/s
        304   -3.708E+00                                 F               0         Blade 1 X translation velocity, node 7, m/s
        305   -2.984E+01                                 F               0         Blade 1 Y translation velocity, node 7, m/s
        306   -1.942E+01                                 F               0         Blade 1 Z translation velocity, node 7, m/s
        307   -4.062E+00                                 F               0         Blade 1 X translation velocity, node 8, m/s
