
Linearized model: Predictions were generated on 13-Feb-2024 at 11:29:37 using OpenFAST, compiled as a 64-bit application using single precision at commit v3.5.1
 linked with  NWTC Subroutine Library; ElastoDyn; InflowWind; AeroDyn; ServoDyn; HydroDyn; MAP++ (<1.20.10>, <Oct-20-2023>)

Description from the FAST input file: CCT-9 Campign 4 model. Input files to be run with OpenFAST 3.5.0. GitHub branch from Lu Wang (https://github.com/luwang00/openfast/tree/dev) compiled on March 7, 2023.

Simulation information:
   Simulation time:                  1211.2750 s
   Rotor Speed:                         0.7916 rad/s
   Azimuth:                             0.3563 rad
   Wind Speed:                         16.0000 m/s
   Number of continuous states:         0
   Number of discrete states:           0
   Number of constraint states:         0
   Number of inputs:                 1746
   Number of outputs:                   4
   Jacobians included in this file?    No

Order of inputs:
     Column   Operating Point                                                   Rotating Frame? Derivative Order Description
   ---------- ---------------                                                   --------------- ---------------- -----------
          1     1.07025680542E+001                                                     F               0         Tower X translation displacement, node 1, m
          2    -1.56073248386E+000                                                     F               0         Tower Y translation displacement, node 1, m
          3    -2.70731449127E-001                                                     F               0         Tower Z translation displacement, node 1, m
          4     1.20884361267E+001                                                     F               0         Tower X translation displacement, node 2, m
          5    -2.19463491440E+000                                                     F               0         Tower Y translation displacement, node 2, m
          6    -3.65081787109E-001                                                     F               0         Tower Z translation displacement, node 2, m
          7     1.34743041992E+001                                                     F               0         Tower X translation displacement, node 3, m
          8    -2.82853746414E+000                                                     F               0         Tower Y translation displacement, node 3, m
          9    -4.59430038929E-001                                                     F               0         Tower Z translation displacement, node 3, m
         10     1.48601713181E+001                                                     F               0         Tower X translation displacement, node 4, m
         11    -3.46244001389E+000                                                     F               0         Tower Y translation displacement, node 4, m
         12    -5.53778469563E-001                                                     F               0         Tower Z translation displacement, node 4, m
         13     1.62460403442E+001                                                     F               0         Tower X translation displacement, node 5, m
         14    -4.09634304047E+000                                                     F               0         Tower Y translation displacement, node 5, m
         15    -6.48124098778E-001                                                     F               0         Tower Z translation displacement, node 5, m
         16     1.76319065094E+001                                                     F               0         Tower X translation displacement, node 6, m
         17    -4.73024463654E+000                                                     F               0         Tower Y translation displacement, node 6, m
         18    -7.42480278015E-001                                                     F               0         Tower Z translation displacement, node 6, m
         19     1.90177764893E+001                                                     F               0         Tower X translation displacement, node 7, m
         20    -5.36414766312E+000                                                     F               0         Tower Y translation displacement, node 7, m
         21    -8.36822509766E-001                                                     F               0         Tower Z translation displacement, node 7, m
         22     2.04036426544E+001                                                     F               0         Tower X translation displacement, node 8, m
         23    -5.99804973602E+000                                                     F               0         Tower Y translation displacement, node 8, m
         24    -9.31176781654E-001                                                     F               0         Tower Z translation displacement, node 8, m
         25     2.17895126343E+001                                                     F               0         Tower X translation displacement, node 9, m
         26    -6.63195276260E+000                                                     F               0         Tower Y translation displacement, node 9, m
         27    -1.02552211285E+000                                                     F               0         Tower Z translation displacement, node 9, m
         28     2.31753787994E+001                                                     F               0         Tower X translation displacement, node 10, m
         29    -7.26585531235E+000                                                     F               0         Tower Y translation displacement, node 10, m
         30    -1.11987328529E+000                                                     F               0         Tower Z translation displacement, node 10, m
         31     2.45612468719E+001                                                     F               0         Tower X translation displacement, node 11, m
         32    -7.89975786209E+000                                                     F               0         Tower Y translation displacement, node 11, m
         33    -1.21422159672E+000                                                     F               0         Tower Z translation displacement, node 11, m
         34     9.93686139584E-001,   3.40240821242E-003,  -1.12144201994E-001         F               0         Tower X orientation angle, node 1, rad
         35     2.37739807926E-003,   9.98677134514E-001,   5.13650700450E-002         F               0         Tower Y orientation angle, node 1, rad
         36     1.12170614302E-001,  -5.13073690236E-002,   9.92363512516E-001         F               0         Tower Z orientation angle, node 1, rad
         37     9.93686139584E-001,   3.40240821242E-003,  -1.12144201994E-001         F               0         Tower X orientation angle, node 2, rad
         38     2.37739807926E-003,   9.98677134514E-001,   5.13650700450E-002         F               0         Tower Y orientation angle, node 2, rad
         39     1.12170614302E-001,  -5.13073690236E-002,   9.92363512516E-001         F               0         Tower Z orientation angle, node 2, rad
         40     9.93686139584E-001,   3.40240821242E-003,  -1.12144201994E-001         F               0         Tower X orientation angle, node 3, rad
         41     2.37739807926E-003,   9.98677134514E-001,   5.13650700450E-002         F               0         Tower Y orientation angle, node 3, rad
         42     1.12170614302E-001,  -5.13073690236E-002,   9.92363512516E-001         F               0         Tower Z orientation angle, node 3, rad
         43     9.93686139584E-001,   3.40240821242E-003,  -1.12144201994E-001         F               0         Tower X orientation angle, node 4, rad
         44     2.37739807926E-003,   9.98677134514E-001,   5.13650700450E-002         F               0         Tower Y orientation angle, node 4, rad
         45     1.12170614302E-001,  -5.13073690236E-002,   9.92363512516E-001         F               0         Tower Z orientation angle, node 4, rad
         46     9.93686139584E-001,   3.40240821242E-003,  -1.12144201994E-001         F               0         Tower X orientation angle, node 5, rad
         47     2.37739807926E-003,   9.98677134514E-001,   5.13650700450E-002         F               0         Tower Y orientation angle, node 5, rad
         48     1.12170614302E-001,  -5.13073690236E-002,   9.92363512516E-001         F               0         Tower Z orientation angle, node 5, rad
         49     9.93686139584E-001,   3.40240821242E-003,  -1.12144201994E-001         F               0         Tower X orientation angle, node 6, rad
         50     2.37739807926E-003,   9.98677134514E-001,   5.13650700450E-002         F               0         Tower Y orientation angle, node 6, rad
         51     1.12170614302E-001,  -5.13073690236E-002,   9.92363512516E-001         F               0         Tower Z orientation angle, node 6, rad
         52     9.93686139584E-001,   3.40240821242E-003,  -1.12144201994E-001         F               0         Tower X orientation angle, node 7, rad
         53     2.37739807926E-003,   9.98677134514E-001,   5.13650700450E-002         F               0         Tower Y orientation angle, node 7, rad
         54     1.12170614302E-001,  -5.13073690236E-002,   9.92363512516E-001         F               0         Tower Z orientation angle, node 7, rad
         55     9.93686139584E-001,   3.40240821242E-003,  -1.12144201994E-001         F               0         Tower X orientation angle, node 8, rad
         56     2.37739784643E-003,   9.98677134514E-001,   5.13650663197E-002         F               0         Tower Y orientation angle, node 8, rad
         57     1.12170614302E-001,  -5.13073652983E-002,   9.92363512516E-001         F               0         Tower Z orientation angle, node 8, rad
         58     9.93686139584E-001,   3.40240844525E-003,  -1.12144201994E-001         F               0         Tower X orientation angle, node 9, rad
         59     2.37739807926E-003,   9.98677134514E-001,   5.13650700450E-002         F               0         Tower Y orientation angle, node 9, rad
         60     1.12170614302E-001,  -5.13073690236E-002,   9.92363512516E-001         F               0         Tower Z orientation angle, node 9, rad
         61     9.93686139584E-001,   3.40240821242E-003,  -1.12144201994E-001         F               0         Tower X orientation angle, node 10, rad
         62     2.37739807926E-003,   9.98677134514E-001,   5.13650700450E-002         F               0         Tower Y orientation angle, node 10, rad
         63     1.12170614302E-001,  -5.13073690236E-002,   9.92363512516E-001         F               0         Tower Z orientation angle, node 10, rad
         64     9.93686139584E-001,   3.40240821242E-003,  -1.12144201994E-001         F               0         Tower X orientation angle, node 11, rad
         65     2.37739807926E-003,   9.98677134514E-001,   5.13650700450E-002         F               0         Tower Y orientation angle, node 11, rad
         66     1.12170614302E-001,  -5.13073690236E-002,   9.92363512516E-001         F               0         Tower Z orientation angle, node 11, rad
         67     2.81716638710E-004                                                     F               0         Tower X translation velocity, node 1, m/s
         68     9.63773287367E-004                                                     F               0         Tower Y translation velocity, node 1, m/s
         69     2.47513386421E-003                                                     F               0         Tower Z translation velocity, node 1, m/s
         70     4.16302762460E-004                                                     F               0         Tower X translation velocity, node 2, m/s
         71     1.34265702218E-003                                                     F               0         Tower Y translation velocity, node 2, m/s
         72     2.47951038182E-003                                                     F               0         Tower Z translation velocity, node 2, m/s
         73     5.50888886210E-004                                                     F               0         Tower X translation velocity, node 3, m/s
         74     1.72154081520E-003                                                     F               0         Tower Y translation velocity, node 3, m/s
         75     2.48388666660E-003                                                     F               0         Tower Z translation velocity, node 3, m/s
         76     6.85475068167E-004                                                     F               0         Tower X translation velocity, node 4, m/s
         77     2.10042460822E-003                                                     F               0         Tower Y translation velocity, node 4, m/s
         78     2.48826295137E-003                                                     F               0         Tower Z translation velocity, node 4, m/s
         79     8.20061250124E-004                                                     F               0         Tower X translation velocity, node 5, m/s
         80     2.47930875048E-003                                                     F               0         Tower Y translation velocity, node 5, m/s
         81     2.49263923615E-003                                                     F               0         Tower Z translation velocity, node 5, m/s
         82     9.54647315666E-004                                                     F               0         Tower X translation velocity, node 6, m/s
         83     2.85819219425E-003                                                     F               0         Tower Y translation velocity, node 6, m/s
         84     2.49701575376E-003                                                     F               0         Tower Z translation velocity, node 6, m/s
         85     1.08923355583E-003                                                     F               0         Tower X translation velocity, node 7, m/s
         86     3.23707656935E-003                                                     F               0         Tower Y translation velocity, node 7, m/s
         87     2.50139203854E-003                                                     F               0         Tower Z translation velocity, node 7, m/s
         88     1.22381956317E-003                                                     F               0         Tower X translation velocity, node 8, m/s
         89     3.61595954746E-003                                                     F               0         Tower Y translation velocity, node 8, m/s
         90     2.50576832332E-003                                                     F               0         Tower Z translation velocity, node 8, m/s
         91     1.35840580333E-003                                                     F               0         Tower X translation velocity, node 9, m/s
         92     3.99484392256E-003                                                     F               0         Tower Y translation velocity, node 9, m/s
         93     2.51014484093E-003                                                     F               0         Tower Z translation velocity, node 9, m/s
         94     1.49299204350E-003                                                     F               0         Tower X translation velocity, node 10, m/s
         95     4.37372783199E-003                                                     F               0         Tower Y translation velocity, node 10, m/s
         96     2.51452112570E-003                                                     F               0         Tower Z translation velocity, node 10, m/s
         97     1.62757805083E-003                                                     F               0         Tower X translation velocity, node 11, m/s
         98     4.75261127576E-003                                                     F               0         Tower Y translation velocity, node 11, m/s
         99     2.51889741048E-003                                                     F               0         Tower Z translation velocity, node 11, m/s
        100     2.55100002289E+001                                                     F               0         Hub X translation displacement, node 1, m
        101    -8.33927726746E+000                                                     F               0         Hub Y translation displacement, node 1, m
        102    -6.29498809576E-002                                                     F               0         Hub Z translation displacement, node 1, m
        103     9.76517558098E-001,   8.74685030431E-003,  -2.15260103345E-001         F               0         Hub X orientation angle, node 1, rad
        104     7.73732513189E-002,   9.18273508549E-001,   3.88313233852E-001         F               0         Hub Y orientation angle, node 1, rad
        105     2.01064154506E-001,  -3.95850062370E-001,   8.96033465862E-001         F               0         Hub Z orientation angle, node 1, rad
        106     7.72984862328E-001                                                     F               0         Hub X rotation velocity, node 1, rad/s
        107     6.93489797413E-003                                                     F               0         Hub Y rotation velocity, node 1, rad/s
        108    -1.70398429036E-001                                                     F               0         Hub Z rotation velocity, node 1, rad/s
        109     9.55918669701E-001,  -1.20534315705E-001,  -2.67751723528E-001         F               0         Blade root 1 X orientation angle, node 1, rad
        110     2.13992312551E-001,   9.10370349884E-001,   3.54165345430E-001         F               0         Blade root 1 Y orientation angle, node 1, rad
        111     2.01064154506E-001,  -3.95850062370E-001,   8.96033465862E-001         F               0         Blade root 1 Z orientation angle, node 1, rad
        112     9.47749078274E-001,   1.21488586068E-001,  -2.94978231192E-001         F               0         Blade root 2 X orientation angle, node 1, rad
        113     2.71481543779E-001,  -7.92745590210E-001,   5.45758366585E-001         F               0         Blade root 2 Y orientation angle, node 1, rad
        114    -1.67539283633E-001,  -5.97323119640E-001,  -7.84305810928E-001         F               0         Blade root 2 Z orientation angle, node 1, rad
        115     9.96745705605E-001,   2.50252708793E-002,  -7.66269862652E-002         F               0         Blade root 3 X orientation angle, node 1, rad
        116    -7.33078569174E-002,  -1.13932922482E-001,  -9.90780115128E-001         F               0         Blade root 3 Y orientation angle, node 1, rad
        117    -3.35248783231E-002,   9.93173182011E-001,  -1.11727602780E-001         F               0         Blade root 3 Z orientation angle, node 1, rad
        118     2.60448074341E+001                                                     F               0         Blade 1 X translation displacement, node 1, m
        119    -1.05322866440E+001                                                     F               0         Blade 1 Y translation displacement, node 1, m
        120    -6.08583450317E-001                                                     F               0         Blade 1 Z translation displacement, node 1, m
        121     2.61736736298E+001                                                     F               0         Blade 1 X translation displacement, node 2, m
        122    -1.10607089996E+001                                                     F               0         Blade 1 Y translation displacement, node 2, m
        123    -7.40053892136E-001                                                     F               0         Blade 1 Z translation displacement, node 2, m
        124     2.79260292053E+001                                                     F               0         Blade 1 X translation displacement, node 3, m
        125    -1.82463397980E+001                                                     F               0         Blade 1 Y translation displacement, node 3, m
        126    -2.52785348892E+000                                                     F               0         Blade 1 Z translation displacement, node 3, m
        127     2.82993774414E+001                                                     F               0         Blade 1 X translation displacement, node 4, m
        128    -1.97772827148E+001                                                     F               0         Blade 1 Y translation displacement, node 4, m
        129    -2.90876317024E+000                                                     F               0         Blade 1 Z translation displacement, node 4, m
        130     2.86728000641E+001                                                     F               0         Blade 1 X translation displacement, node 5, m
        131    -2.13085136414E+001                                                     F               0         Blade 1 Y translation displacement, node 5, m
        132    -3.28972935677E+000                                                     F               0         Blade 1 Z translation displacement, node 5, m
        133     2.90461502075E+001                                                     F               0         Blade 1 X translation displacement, node 6, m
        134    -2.28394622803E+001                                                     F               0         Blade 1 Y translation displacement, node 6, m
        135    -3.67064023018E+000                                                     F               0         Blade 1 Z translation displacement, node 6, m
        136     2.94195022583E+001                                                     F               0         Blade 1 X translation displacement, node 7, m
        137    -2.43704147339E+001                                                     F               0         Blade 1 Y translation displacement, node 7, m
        138    -4.05153894424E+000                                                     F               0         Blade 1 Z translation displacement, node 7, m
        139     2.97929210663E+001                                                     F               0         Blade 1 X translation displacement, node 8, m
        140    -2.59016399384E+001                                                     F               0         Blade 1 Y translation displacement, node 8, m
        141    -4.43251943588E+000                                                     F               0         Blade 1 Z translation displacement, node 8, m
        142     3.01662731171E+001                                                     F               0         Blade 1 X translation displacement, node 9, m
        143    -2.74325923920E+001                                                     F               0         Blade 1 Y translation displacement, node 9, m
        144    -4.81341600418E+000                                                     F               0         Blade 1 Z translation displacement, node 9, m
        145     3.05396251678E+001                                                     F               0         Blade 1 X translation displacement, node 10, m
        146    -2.89635410309E+001                                                     F               0         Blade 1 Y translation displacement, node 10, m
        147    -5.19432687759E+000                                                     F               0         Blade 1 Z translation displacement, node 10, m
        148     3.09129772186E+001                                                     F               0         Blade 1 X translation displacement, node 11, m
        149    -3.04944934845E+001                                                     F               0         Blade 1 Y translation displacement, node 11, m
        150    -5.57522392273E+000                                                     F               0         Blade 1 Z translation displacement, node 11, m
        151     3.12863960266E+001                                                     F               0         Blade 1 X translation displacement, node 12, m
        152    -3.20257148743E+001                                                     F               0         Blade 1 Y translation displacement, node 12, m
        153    -5.95620298386E+000                                                     F               0         Blade 1 Z translation displacement, node 12, m
        154     3.16597480774E+001                                                     F               0         Blade 1 X translation displacement, node 13, m
        155    -3.35566673279E+001                                                     F               0         Blade 1 Y translation displacement, node 13, m
        156    -6.33710002899E+000                                                     F               0         Blade 1 Z translation displacement, node 13, m
        157     3.20331001282E+001                                                     F               0         Blade 1 X translation displacement, node 14, m
        158    -3.50876159668E+001                                                     F               0         Blade 1 Y translation displacement, node 14, m
        159    -6.71801090240E+000                                                     F               0         Blade 1 Z translation displacement, node 14, m
        160     3.24065170288E+001                                                     F               0         Blade 1 X translation displacement, node 15, m
        161    -3.66188430786E+001                                                     F               0         Blade 1 Y translation displacement, node 15, m
        162    -7.09898185730E+000                                                     F               0         Blade 1 Z translation displacement, node 15, m
        163     3.27798690796E+001                                                     F               0         Blade 1 X translation displacement, node 16, m
        164    -3.81497955322E+001                                                     F               0         Blade 1 Y translation displacement, node 16, m
        165    -7.47989034653E+000                                                     F               0         Blade 1 Z translation displacement, node 16, m
        166     3.31532249451E+001                                                     F               0         Blade 1 X translation displacement, node 17, m
        167    -3.96807479858E+001                                                     F               0         Blade 1 Y translation displacement, node 17, m
        168    -7.86078548431E+000                                                     F               0         Blade 1 Z translation displacement, node 17, m
        169     3.35265769958E+001                                                     F               0         Blade 1 X translation displacement, node 18, m
        170    -4.12116966248E+001                                                     F               0         Blade 1 Y translation displacement, node 18, m
        171    -8.24169349670E+000                                                     F               0         Blade 1 Z translation displacement, node 18, m
        172     3.38999938965E+001                                                     F               0         Blade 1 X translation displacement, node 19, m
        173    -4.27429199219E+001                                                     F               0         Blade 1 Y translation displacement, node 19, m
        174    -8.62267017365E+000                                                     F               0         Blade 1 Z translation displacement, node 19, m
        175     3.42733459473E+001                                                     F               0         Blade 1 X translation displacement, node 20, m
        176    -4.42738723755E+001                                                     F               0         Blade 1 Y translation displacement, node 20, m
        177    -9.00356483459E+000                                                     F               0         Blade 1 Z translation displacement, node 20, m
        178     3.46466979980E+001                                                     F               0         Blade 1 X translation displacement, node 21, m
        179    -4.58048210144E+001                                                     F               0         Blade 1 Y translation displacement, node 21, m
        180    -9.38447380066E+000                                                     F               0         Blade 1 Z translation displacement, node 21, m
        181     3.50201148987E+001                                                     F               0         Blade 1 X translation displacement, node 22, m
        182    -4.73360481262E+001                                                     F               0         Blade 1 Y translation displacement, node 22, m
        183    -9.76545143127E+000                                                     F               0         Blade 1 Z translation displacement, node 22, m
        184     3.53934669495E+001                                                     F               0         Blade 1 X translation displacement, node 23, m
        185    -4.88670005798E+001                                                     F               0         Blade 1 Y translation displacement, node 23, m
        186    -1.01463451385E+001                                                     F               0         Blade 1 Z translation displacement, node 23, m
        187     3.57668190002E+001                                                     F               0         Blade 1 X translation displacement, node 24, m
        188    -5.03979492188E+001                                                     F               0         Blade 1 Y translation displacement, node 24, m
        189    -1.05272541046E+001                                                     F               0         Blade 1 Z translation displacement, node 24, m
        190     3.61401710510E+001                                                     F               0         Blade 1 X translation displacement, node 25, m
        191    -5.19288978577E+001                                                     F               0         Blade 1 Y translation displacement, node 25, m
        192    -1.09081630707E+001                                                     F               0         Blade 1 Z translation displacement, node 25, m
        193     3.65135917664E+001                                                     F               0         Blade 1 X translation displacement, node 26, m
        194    -5.34601287842E+001                                                     F               0         Blade 1 Y translation displacement, node 26, m
        195    -1.12891407013E+001                                                     F               0         Blade 1 Z translation displacement, node 26, m
        196     3.68869400024E+001                                                     F               0         Blade 1 X translation displacement, node 27, m
        197    -5.49910736084E+001                                                     F               0         Blade 1 Y translation displacement, node 27, m
        198    -1.16700487137E+001                                                     F               0         Blade 1 Z translation displacement, node 27, m
        199     3.72034645081E+001                                                     F               0         Blade 1 X translation displacement, node 28, m
        200    -5.62889938354E+001                                                     F               0         Blade 1 Y translation displacement, node 28, m
        201    -1.19929552078E+001                                                     F               0         Blade 1 Z translation displacement, node 28, m
        202     7.53160059452E-001,  -5.22411286831E-001,  -3.99795383215E-001         F               0         Blade 1 X orientation angle, node 1, rad
        203     6.26357018948E-001,   7.55241155624E-001,   1.93100273609E-001         F               0         Blade 1 Y orientation angle, node 1, rad
        204     2.01064154506E-001,  -3.95850062370E-001,   8.96033465862E-001         F               0         Blade 1 Z orientation angle, node 1, rad
        205     7.53160059452E-001,  -5.22411286831E-001,  -3.99795383215E-001         F               0         Blade 1 X orientation angle, node 2, rad
        206     6.26357018948E-001,   7.55241155624E-001,   1.93100273609E-001         F               0         Blade 1 Y orientation angle, node 2, rad
        207     2.01064154506E-001,  -3.95850062370E-001,   8.96033465862E-001         F               0         Blade 1 Z orientation angle, node 2, rad
        208     8.80152285099E-001,  -3.28528642654E-001,  -3.42638075352E-001         F               0         Blade 1 X orientation angle, node 3, rad
        209     4.30005967617E-001,   8.57538104057E-001,   2.82353013754E-001         F               0         Blade 1 Y orientation angle, node 3, rad
        210     2.01064154506E-001,  -3.95850062370E-001,   8.96033465862E-001         F               0         Blade 1 Z orientation angle, node 3, rad
        211     8.97524058819E-001,  -2.92026609182E-001,  -3.30410301685E-001         F               0         Blade 1 X orientation angle, node 4, rad
        212     3.92458558083E-001,   8.70645284653E-001,   2.96568870544E-001         F               0         Blade 1 Y orientation angle, node 4, rad
        213     2.01064154506E-001,  -3.95850062370E-001,   8.96033465862E-001         F               0         Blade 1 Z orientation angle, node 4, rad
        214     9.10042703152E-001,  -2.62999653816E-001,  -3.20395857096E-001         F               0         Blade 1 X orientation angle, node 5, rad
        215     3.62485229969E-001,   8.79848778248E-001,   3.07360649109E-001         F               0         Blade 1 Y orientation angle, node 5, rad
        216     2.01064154506E-001,  -3.95850062370E-001,   8.96033465862E-001         F               0         Blade 1 Z orientation angle, node 5, rad
        217     9.19337689877E-001,  -2.39568337798E-001,  -3.12130093575E-001         F               0         Blade 1 X orientation angle, node 6, rad
        218     3.38217973709E-001,   8.86515498161E-001,   3.15751284361E-001         F               0         Blade 1 Y orientation angle, node 6, rad
        219     2.01064154506E-001,  -3.95850062370E-001,   8.96033465862E-001         F               0         Blade 1 Z orientation angle, node 6, rad
        220     9.26497101784E-001,  -2.20172092319E-001,  -3.05167734623E-001         F               0         Blade 1 X orientation angle, node 7, rad
        221     3.18082243204E-001,   8.91530692577E-001,   3.22485208511E-001         F               0         Blade 1 Y orientation angle, node 7, rad
        222     2.01064154506E-001,  -3.95850062370E-001,   8.96033465862E-001         F               0         Blade 1 Z orientation angle, node 7, rad
        223     9.32117819786E-001,  -2.03954160213E-001,  -2.99264222383E-001         F               0         Blade 1 X orientation angle, node 8, rad
        224     3.01213502884E-001,   8.95380020142E-001,   3.27971011400E-001         F               0         Blade 1 Y orientation angle, node 8, rad
        225     2.01064154506E-001,  -3.95850062370E-001,   8.96033465862E-001         F               0         Blade 1 Z orientation angle, node 8, rad
        226     9.36634004116E-001,  -1.90178602934E-001,  -2.94191837311E-001         F               0         Blade 1 X orientation angle, node 9, rad
        227     2.86862254143E-001,   8.98406803608E-001,   3.32528531551E-001         F               0         Blade 1 Y orientation angle, node 9, rad
        228     2.01064154506E-001,  -3.95850062370E-001,   8.96033465862E-001         F               0         Blade 1 Z orientation angle, node 9, rad
        229     9.40356552601E-001,  -1.78245306015E-001,  -2.89755284786E-001         F               0         Blade 1 X orientation angle, node 10, rad
        230     2.74413406849E-001,   9.00850355625E-001,   3.36401462555E-001         F               0         Blade 1 Y orientation angle, node 10, rad
        231     2.01064154506E-001,  -3.95850062370E-001,   8.96033465862E-001         F               0         Blade 1 Z orientation angle, node 10, rad
        232     9.43409144878E-001,  -1.68014228344E-001,  -2.85920351744E-001         F               0         Blade 1 X orientation angle, node 11, rad
        233     2.63727962971E-001,   9.02814447880E-001,   3.39666903019E-001         F               0         Blade 1 Y orientation angle, node 11, rad
        234     2.01064154506E-001,  -3.95850062370E-001,   8.96033465862E-001         F               0         Blade 1 Z orientation angle, node 11, rad
        235     9.45986032486E-001,  -1.59024521708E-001,  -2.82527148724E-001         F               0         Blade 1 X orientation angle, node 12, rad
        236     2.54329681396E-001,   9.04441237450E-001,   3.42494517565E-001         F               0         Blade 1 Y orientation angle, node 12, rad
        237     2.01064154506E-001,  -3.95850062370E-001,   8.96033465862E-001         F               0         Blade 1 Z orientation angle, node 12, rad
        238     9.48169469833E-001,  -1.51125833392E-001,  -2.79527574778E-001         F               0         Blade 1 X orientation angle, node 13, rad
        239     2.46064811945E-001,   9.05794501305E-001,   3.44946950674E-001         F               0         Blade 1 Y orientation angle, node 13, rad
        240     2.01064154506E-001,  -3.95850062370E-001,   8.96033465862E-001         F               0         Blade 1 Z orientation angle, node 13, rad
        241     9.50072765350E-001,  -1.44007146358E-001,  -2.76809781790E-001         F               0         Blade 1 X orientation angle, node 14, rad
        242     2.38610386848E-001,   9.06953513622E-001,   3.47131699324E-001         F               0         Blade 1 Y orientation angle, node 14, rad
        243     2.01064169407E-001,  -3.95850062370E-001,   8.96033465862E-001         F               0         Blade 1 Z orientation angle, node 14, rad
        244     9.51715409756E-001,  -1.37671962380E-001,  -2.74379611015E-001         F               0         Blade 1 X orientation angle, node 15, rad
        245     2.31971859932E-001,   9.07936751842E-001,   3.49055707455E-001         F               0         Blade 1 Y orientation angle, node 15, rad
        246     2.01064154506E-001,  -3.95850062370E-001,   8.96033465862E-001         F               0         Blade 1 Z orientation angle, node 15, rad
        247     9.53154146671E-001,  -1.31964549422E-001,  -2.72181034088E-001         F               0         Blade 1 X orientation angle, node 16, rad
