
Linearized model: Predictions were generated on 12-Feb-2024 at 15:30:16 using OpenFAST, compiled as a 64-bit application using single precision at commit v3.5.1
 linked with  NWTC Subroutine Library; ElastoDyn; InflowWind; AeroDyn; ServoDyn; HydroDyn; MAP++ (<1.20.10>, <Oct-20-2023>)

Description from the FAST input file: CCT-9 Campign 4 model. Input files to be run with OpenFAST 3.5.0. GitHub branch from Lu Wang (https://github.com/luwang00/openfast/tree/dev) compiled on March 7, 2023.

Simulation information:
   Simulation time:                  1007.2250 s
   Rotor Speed:                         1.0419 rad/s
   Azimuth:                             2.2815 rad
   Wind Speed:                         12.0000 m/s
   Number of continuous states:         0
   Number of discrete states:           0
   Number of constraint states:         0
   Number of inputs:                 1746
   Number of outputs:                   4
   Jacobians included in this file?    No

Order of inputs:
     Column   Operating Point                     Rotating Frame? Derivative Order Description
   ---------- ---------------                     --------------- ---------------- -----------
          1    1.513E+01                                 F               0         Tower X translation displacement, node 1, m
          2   -1.173E+00                                 F               0         Tower Y translation displacement, node 1, m
          3   -4.947E-01                                 F               0         Tower Z translation displacement, node 1, m
          4    1.706E+01                                 F               0         Tower X translation displacement, node 2, m
          5   -1.819E+00                                 F               0         Tower Y translation displacement, node 2, m
          6   -6.629E-01                                 F               0         Tower Z translation displacement, node 2, m
          7    1.902E+01                                 F               0         Tower X translation displacement, node 3, m
          8   -2.471E+00                                 F               0         Tower Y translation displacement, node 3, m
          9   -8.370E-01                                 F               0         Tower Z translation displacement, node 3, m
         10    2.101E+01                                 F               0         Tower X translation displacement, node 4, m
         11   -3.129E+00                                 F               0         Tower Y translation displacement, node 4, m
         12   -1.016E+00                                 F               0         Tower Z translation displacement, node 4, m
         13    2.302E+01                                 F               0         Tower X translation displacement, node 5, m
         14   -3.791E+00                                 F               0         Tower Y translation displacement, node 5, m
         15   -1.198E+00                                 F               0         Tower Z translation displacement, node 5, m
         16    2.504E+01                                 F               0         Tower X translation displacement, node 6, m
         17   -4.457E+00                                 F               0         Tower Y translation displacement, node 6, m
         18   -1.384E+00                                 F               0         Tower Z translation displacement, node 6, m
         19    2.709E+01                                 F               0         Tower X translation displacement, node 7, m
         20   -5.126E+00                                 F               0         Tower Y translation displacement, node 7, m
         21   -1.572E+00                                 F               0         Tower Z translation displacement, node 7, m
         22    2.914E+01                                 F               0         Tower X translation displacement, node 8, m
         23   -5.797E+00                                 F               0         Tower Y translation displacement, node 8, m
         24   -1.762E+00                                 F               0         Tower Z translation displacement, node 8, m
         25    3.120E+01                                 F               0         Tower X translation displacement, node 9, m
         26   -6.470E+00                                 F               0         Tower Y translation displacement, node 9, m
         27   -1.954E+00                                 F               0         Tower Z translation displacement, node 9, m
         28    3.326E+01                                 F               0         Tower X translation displacement, node 10, m
         29   -7.145E+00                                 F               0         Tower Y translation displacement, node 10, m
         30   -2.146E+00                                 F               0         Tower Z translation displacement, node 10, m
         31    3.533E+01                                 F               0         Tower X translation displacement, node 11, m
         32   -7.821E+00                                 F               0         Tower Y translation displacement, node 11, m
         33   -2.340E+00                                 F               0         Tower Z translation displacement, node 11, m
         34    9.879E-01,  1.391E-02, -1.543E-01         F               0         Tower X orientation angle, node 1, rad
         35   -5.696E-03,  9.985E-01,  5.357E-02         F               0         Tower Y orientation angle, node 1, rad
         36    1.548E-01, -5.204E-02,  9.866E-01         F               0         Tower Z orientation angle, node 1, rad
         37    9.875E-01,  1.405E-02, -1.569E-01         F               0         Tower X orientation angle, node 2, rad
         38   -5.611E-03,  9.985E-01,  5.410E-02         F               0         Tower Y orientation angle, node 2, rad
         39    1.574E-01, -5.255E-02,  9.861E-01         F               0         Tower Z orientation angle, node 2, rad
         40    9.871E-01,  1.417E-02, -1.592E-01         F               0         Tower X orientation angle, node 3, rad
         41   -5.534E-03,  9.985E-01,  5.458E-02         F               0         Tower Y orientation angle, node 3, rad
         42    1.597E-01, -5.300E-02,  9.857E-01         F               0         Tower Z orientation angle, node 3, rad
         43    9.868E-01,  1.428E-02, -1.612E-01         F               0         Tower X orientation angle, node 4, rad
         44   -5.466E-03,  9.985E-01,  5.500E-02         F               0         Tower Y orientation angle, node 4, rad
         45    1.617E-01, -5.340E-02,  9.854E-01         F               0         Tower Z orientation angle, node 4, rad
         46    9.866E-01,  1.437E-02, -1.628E-01         F               0         Tower X orientation angle, node 5, rad
         47   -5.406E-03,  9.985E-01,  5.536E-02         F               0         Tower Y orientation angle, node 5, rad
         48    1.633E-01, -5.374E-02,  9.851E-01         F               0         Tower Z orientation angle, node 5, rad
         49    9.863E-01,  1.444E-02, -1.641E-01         F               0         Tower X orientation angle, node 6, rad
         50   -5.356E-03,  9.984E-01,  5.566E-02         F               0         Tower Y orientation angle, node 6, rad
         51    1.647E-01, -5.402E-02,  9.849E-01         F               0         Tower Z orientation angle, node 6, rad
         52    9.862E-01,  1.450E-02, -1.652E-01         F               0         Tower X orientation angle, node 7, rad
         53   -5.316E-03,  9.984E-01,  5.591E-02         F               0         Tower Y orientation angle, node 7, rad
         54    1.657E-01, -5.425E-02,  9.847E-01         F               0         Tower Z orientation angle, node 7, rad
         55    9.860E-01,  1.454E-02, -1.659E-01         F               0         Tower X orientation angle, node 8, rad
         56   -5.284E-03,  9.984E-01,  5.609E-02         F               0         Tower Y orientation angle, node 8, rad
         57    1.665E-01, -5.443E-02,  9.845E-01         F               0         Tower Z orientation angle, node 8, rad
         58    9.859E-01,  1.457E-02, -1.665E-01         F               0         Tower X orientation angle, node 9, rad
         59   -5.261E-03,  9.984E-01,  5.623E-02         F               0         Tower Y orientation angle, node 9, rad
         60    1.670E-01, -5.456E-02,  9.844E-01         F               0         Tower Z orientation angle, node 9, rad
         61    9.859E-01,  1.459E-02, -1.668E-01         F               0         Tower X orientation angle, node 10, rad
         62   -5.246E-03,  9.984E-01,  5.632E-02         F               0         Tower Y orientation angle, node 10, rad
         63    1.674E-01, -5.465E-02,  9.844E-01         F               0         Tower Z orientation angle, node 10, rad
         64    9.859E-01,  1.460E-02, -1.670E-01         F               0         Tower X orientation angle, node 11, rad
         65   -5.237E-03,  9.984E-01,  5.637E-02         F               0         Tower Y orientation angle, node 11, rad
         66    1.675E-01, -5.470E-02,  9.843E-01         F               0         Tower Z orientation angle, node 11, rad
         67   -1.549E-03                                 F               0         Tower X translation velocity, node 1, m/s
         68   -1.902E-03                                 F               0         Tower Y translation velocity, node 1, m/s
         69    5.601E-03                                 F               0         Tower Z translation velocity, node 1, m/s
         70   -2.565E-03                                 F               0         Tower X translation velocity, node 2, m/s
         71   -3.187E-03                                 F               0         Tower Y translation velocity, node 2, m/s
         72    5.694E-03                                 F               0         Tower Z translation velocity, node 2, m/s
         73   -3.545E-03                                 F               0         Tower X translation velocity, node 3, m/s
         74   -4.517E-03                                 F               0         Tower Y translation velocity, node 3, m/s
         75    5.780E-03                                 F               0         Tower Z translation velocity, node 3, m/s
         76   -4.507E-03                                 F               0         Tower X translation velocity, node 4, m/s
         77   -5.883E-03                                 F               0         Tower Y translation velocity, node 4, m/s
         78    5.863E-03                                 F               0         Tower Z translation velocity, node 4, m/s
         79   -5.462E-03                                 F               0         Tower X translation velocity, node 5, m/s
         80   -7.282E-03                                 F               0         Tower Y translation velocity, node 5, m/s
         81    5.945E-03                                 F               0         Tower Z translation velocity, node 5, m/s
         82   -6.417E-03                                 F               0         Tower X translation velocity, node 6, m/s
         83   -8.709E-03                                 F               0         Tower Y translation velocity, node 6, m/s
         84    6.026E-03                                 F               0         Tower Z translation velocity, node 6, m/s
         85   -7.380E-03                                 F               0         Tower X translation velocity, node 7, m/s
         86   -1.016E-02                                 F               0         Tower Y translation velocity, node 7, m/s
         87    6.108E-03                                 F               0         Tower Z translation velocity, node 7, m/s
         88   -8.354E-03                                 F               0         Tower X translation velocity, node 8, m/s
         89   -1.163E-02                                 F               0         Tower Y translation velocity, node 8, m/s
         90    6.191E-03                                 F               0         Tower Z translation velocity, node 8, m/s
         91   -9.343E-03                                 F               0         Tower X translation velocity, node 9, m/s
         92   -1.311E-02                                 F               0         Tower Y translation velocity, node 9, m/s
         93    6.276E-03                                 F               0         Tower Z translation velocity, node 9, m/s
         94   -1.034E-02                                 F               0         Tower X translation velocity, node 10, m/s
         95   -1.461E-02                                 F               0         Tower Y translation velocity, node 10, m/s
         96    6.364E-03                                 F               0         Tower Z translation velocity, node 10, m/s
         97   -1.136E-02                                 F               0         Tower X translation velocity, node 11, m/s
         98   -1.611E-02                                 F               0         Tower Y translation velocity, node 11, m/s
         99    6.452E-03                                 F               0         Tower Z translation velocity, node 11, m/s
        100    3.680E+01                                 F               0         Hub X translation displacement, node 1, m
        101   -8.408E+00                                 F               0         Hub Y translation displacement, node 1, m
        102   -6.591E-01                                 F               0         Hub Z translation displacement, node 1, m
        103    9.629E-01,  2.024E-02, -2.690E-01         F               0         Hub X orientation angle, node 1, rad
        104    2.078E-01, -6.914E-01,  6.920E-01         F               0         Hub Y orientation angle, node 1, rad
        105   -1.720E-01, -7.222E-01, -6.700E-01         F               0         Hub Z orientation angle, node 1, rad
        106    1.003E+00                                 F               0         Hub X rotation velocity, node 1, rad/s
        107    2.098E-02                                 F               0         Hub Y rotation velocity, node 1, rad/s
        108   -2.799E-01                                 F               0         Hub Z rotation velocity, node 1, rad/s
        109    9.564E-01,  4.074E-02, -2.894E-01         F               0         Blade root 1 X orientation angle, node 1, rad
        110    2.363E-01, -6.905E-01,  6.837E-01         F               0         Blade root 1 Y orientation angle, node 1, rad
        111   -1.720E-01, -7.222E-01, -6.700E-01         F               0         Blade root 1 Z orientation angle, node 1, rad
        112    9.700E-01,  2.853E-02, -2.414E-01         F               0         Blade root 2 X orientation angle, node 1, rad
        113   -2.241E-01, -2.790E-01, -9.338E-01         F               0         Blade root 2 Y orientation angle, node 1, rad
        114   -9.398E-02,  9.599E-01, -2.643E-01         F               0         Blade root 2 Z orientation angle, node 1, rad
        115    9.612E-01, -8.582E-03, -2.758E-01         F               0         Blade root 3 X orientation angle, node 1, rad
        116    7.356E-02,  9.713E-01,  2.262E-01         F               0         Blade root 3 Y orientation angle, node 1, rad
        117    2.659E-01, -2.377E-01,  9.342E-01         F               0         Blade root 3 Z orientation angle, node 1, rad
        118    3.527E+01                                 F               0         Blade 1 X translation displacement, node 1, m
        119   -1.241E+01                                 F               0         Blade 1 Y translation displacement, node 1, m
        120   -9.880E+00                                 F               0         Blade 1 Z translation displacement, node 1, m
        121    3.490E+01                                 F               0         Blade 1 X translation displacement, node 2, m
        122   -1.337E+01                                 F               0         Blade 1 Y translation displacement, node 2, m
        123   -1.210E+01                                 F               0         Blade 1 Z translation displacement, node 2, m
        124    2.988E+01                                 F               0         Blade 1 X translation displacement, node 3, m
        125   -2.648E+01                                 F               0         Blade 1 Y translation displacement, node 3, m
        126   -4.232E+01                                 F               0         Blade 1 Z translation displacement, node 3, m
        127    2.881E+01                                 F               0         Blade 1 X translation displacement, node 4, m
        128   -2.928E+01                                 F               0         Blade 1 Y translation displacement, node 4, m
        129   -4.875E+01                                 F               0         Blade 1 Z translation displacement, node 4, m
        130    2.774E+01                                 F               0         Blade 1 X translation displacement, node 5, m
        131   -3.207E+01                                 F               0         Blade 1 Y translation displacement, node 5, m
        132   -5.519E+01                                 F               0         Blade 1 Z translation displacement, node 5, m
        133    2.667E+01                                 F               0         Blade 1 X translation displacement, node 6, m
        134   -3.486E+01                                 F               0         Blade 1 Y translation displacement, node 6, m
        135   -6.163E+01                                 F               0         Blade 1 Z translation displacement, node 6, m
        136    2.560E+01                                 F               0         Blade 1 X translation displacement, node 7, m
        137   -3.766E+01                                 F               0         Blade 1 Y translation displacement, node 7, m
        138   -6.807E+01                                 F               0         Blade 1 Z translation displacement, node 7, m
        139    2.454E+01                                 F               0         Blade 1 X translation displacement, node 8, m
        140   -4.045E+01                                 F               0         Blade 1 Y translation displacement, node 8, m
        141   -7.451E+01                                 F               0         Blade 1 Z translation displacement, node 8, m
        142    2.347E+01                                 F               0         Blade 1 X translation displacement, node 9, m
        143   -4.324E+01                                 F               0         Blade 1 Y translation displacement, node 9, m
        144   -8.094E+01                                 F               0         Blade 1 Z translation displacement, node 9, m
        145    2.240E+01                                 F               0         Blade 1 X translation displacement, node 10, m
        146   -4.604E+01                                 F               0         Blade 1 Y translation displacement, node 10, m
        147   -8.738E+01                                 F               0         Blade 1 Z translation displacement, node 10, m
        148    2.133E+01                                 F               0         Blade 1 X translation displacement, node 11, m
        149   -4.883E+01                                 F               0         Blade 1 Y translation displacement, node 11, m
        150   -9.382E+01                                 F               0         Blade 1 Z translation displacement, node 11, m
        151    2.026E+01                                 F               0         Blade 1 X translation displacement, node 12, m
        152   -5.162E+01                                 F               0         Blade 1 Y translation displacement, node 12, m
        153   -1.003E+02                                 F               0         Blade 1 Z translation displacement, node 12, m
        154    1.919E+01                                 F               0         Blade 1 X translation displacement, node 13, m
        155   -5.442E+01                                 F               0         Blade 1 Y translation displacement, node 13, m
        156   -1.067E+02                                 F               0         Blade 1 Z translation displacement, node 13, m
        157    1.812E+01                                 F               0         Blade 1 X translation displacement, node 14, m
        158   -5.721E+01                                 F               0         Blade 1 Y translation displacement, node 14, m
        159   -1.131E+02                                 F               0         Blade 1 Z translation displacement, node 14, m
        160    1.705E+01                                 F               0         Blade 1 X translation displacement, node 15, m
        161   -6.000E+01                                 F               0         Blade 1 Y translation displacement, node 15, m
        162   -1.196E+02                                 F               0         Blade 1 Z translation displacement, node 15, m
        163    1.598E+01                                 F               0         Blade 1 X translation displacement, node 16, m
        164   -6.279E+01                                 F               0         Blade 1 Y translation displacement, node 16, m
        165   -1.260E+02                                 F               0         Blade 1 Z translation displacement, node 16, m
        166    1.491E+01                                 F               0         Blade 1 X translation displacement, node 17, m
        167   -6.559E+01                                 F               0         Blade 1 Y translation displacement, node 17, m
        168   -1.324E+02                                 F               0         Blade 1 Z translation displacement, node 17, m
        169    1.384E+01                                 F               0         Blade 1 X translation displacement, node 18, m
        170   -6.838E+01                                 F               0         Blade 1 Y translation displacement, node 18, m
        171   -1.389E+02                                 F               0         Blade 1 Z translation displacement, node 18, m
        172    1.277E+01                                 F               0         Blade 1 X translation displacement, node 19, m
        173   -7.117E+01                                 F               0         Blade 1 Y translation displacement, node 19, m
        174   -1.453E+02                                 F               0         Blade 1 Z translation displacement, node 19, m
        175    1.170E+01                                 F               0         Blade 1 X translation displacement, node 20, m
        176   -7.397E+01                                 F               0         Blade 1 Y translation displacement, node 20, m
        177   -1.518E+02                                 F               0         Blade 1 Z translation displacement, node 20, m
        178    1.063E+01                                 F               0         Blade 1 X translation displacement, node 21, m
        179   -7.676E+01                                 F               0         Blade 1 Y translation displacement, node 21, m
        180   -1.582E+02                                 F               0         Blade 1 Z translation displacement, node 21, m
        181    9.564E+00                                 F               0         Blade 1 X translation displacement, node 22, m
        182   -7.955E+01                                 F               0         Blade 1 Y translation displacement, node 22, m
        183   -1.646E+02                                 F               0         Blade 1 Z translation displacement, node 22, m
        184    8.495E+00                                 F               0         Blade 1 X translation displacement, node 23, m
        185   -8.235E+01                                 F               0         Blade 1 Y translation displacement, node 23, m
        186   -1.711E+02                                 F               0         Blade 1 Z translation displacement, node 23, m
        187    7.426E+00                                 F               0         Blade 1 X translation displacement, node 24, m
        188   -8.514E+01                                 F               0         Blade 1 Y translation displacement, node 24, m
        189   -1.775E+02                                 F               0         Blade 1 Z translation displacement, node 24, m
        190    6.356E+00                                 F               0         Blade 1 X translation displacement, node 25, m
        191   -8.793E+01                                 F               0         Blade 1 Y translation displacement, node 25, m
        192   -1.839E+02                                 F               0         Blade 1 Z translation displacement, node 25, m
        193    5.287E+00                                 F               0         Blade 1 X translation displacement, node 26, m
        194   -9.073E+01                                 F               0         Blade 1 Y translation displacement, node 26, m
        195   -1.904E+02                                 F               0         Blade 1 Z translation displacement, node 26, m
        196    4.218E+00                                 F               0         Blade 1 X translation displacement, node 27, m
        197   -9.352E+01                                 F               0         Blade 1 Y translation displacement, node 27, m
        198   -1.968E+02                                 F               0         Blade 1 Z translation displacement, node 27, m
        199    3.311E+00                                 F               0         Blade 1 X translation displacement, node 28, m
        200   -9.589E+01                                 F               0         Blade 1 Y translation displacement, node 28, m
        201   -2.023E+02                                 F               0         Blade 1 Z translation displacement, node 28, m
        202    7.434E-01,  3.511E-01, -5.693E-01         F               0         Blade 1 X orientation angle, node 1, rad
        203    6.464E-01, -5.959E-01,  4.765E-01         F               0         Blade 1 Y orientation angle, node 1, rad
        204   -1.720E-01, -7.222E-01, -6.700E-01         F               0         Blade 1 Z orientation angle, node 1, rad
        205    7.434E-01,  3.511E-01, -5.693E-01         F               0         Blade 1 X orientation angle, node 2, rad
        206    6.464E-01, -5.959E-01,  4.765E-01         F               0         Blade 1 Y orientation angle, node 2, rad
        207   -1.720E-01, -7.222E-01, -6.700E-01         F               0         Blade 1 Z orientation angle, node 2, rad
        208    8.754E-01,  1.999E-01, -4.401E-01         F               0         Blade 1 X orientation angle, node 3, rad
        209    4.518E-01, -6.622E-01,  5.978E-01         F               0         Blade 1 Y orientation angle, node 3, rad
        210   -1.720E-01, -7.222E-01, -6.700E-01         F               0         Blade 1 Z orientation angle, node 3, rad
        211    8.937E-01,  1.717E-01, -4.145E-01         F               0         Blade 1 X orientation angle, node 4, rad
        212    4.144E-01, -6.700E-01,  6.159E-01         F               0         Blade 1 Y orientation angle, node 4, rad
        213   -1.720E-01, -7.222E-01, -6.700E-01         F               0         Blade 1 Z orientation angle, node 4, rad
        214    9.069E-01,  1.494E-01, -3.939E-01         F               0         Blade 1 X orientation angle, node 5, rad
        215    3.846E-01, -6.754E-01,  6.293E-01         F               0         Blade 1 Y orientation angle, node 5, rad
        216   -1.720E-01, -7.222E-01, -6.700E-01         F               0         Blade 1 Z orientation angle, node 5, rad
        217    9.168E-01,  1.315E-01, -3.770E-01         F               0         Blade 1 X orientation angle, node 6, rad
        218    3.604E-01, -6.791E-01,  6.395E-01         F               0         Blade 1 Y orientation angle, node 6, rad
        219   -1.720E-01, -7.222E-01, -6.700E-01         F               0         Blade 1 Z orientation angle, node 6, rad
        220    9.245E-01,  1.166E-01, -3.630E-01         F               0         Blade 1 X orientation angle, node 7, rad
        221    3.403E-01, -6.818E-01,  6.476E-01         F               0         Blade 1 Y orientation angle, node 7, rad
        222   -1.720E-01, -7.222E-01, -6.700E-01         F               0         Blade 1 Z orientation angle, node 7, rad
        223    9.305E-01,  1.042E-01, -3.512E-01         F               0         Blade 1 X orientation angle, node 8, rad
        224    3.234E-01, -6.838E-01,  6.541E-01         F               0         Blade 1 Y orientation angle, node 8, rad
        225   -1.720E-01, -7.222E-01, -6.700E-01         F               0         Blade 1 Z orientation angle, node 8, rad
        226    9.354E-01,  9.371E-02, -3.411E-01         F               0         Blade 1 X orientation angle, node 9, rad
        227    3.091E-01, -6.853E-01,  6.594E-01         F               0         Blade 1 Y orientation angle, node 9, rad
        228   -1.720E-01, -7.222E-01, -6.700E-01         F               0         Blade 1 Z orientation angle, node 9, rad
        229    9.394E-01,  8.461E-02, -3.323E-01         F               0         Blade 1 X orientation angle, node 10, rad
        230    2.967E-01, -6.865E-01,  6.639E-01         F               0         Blade 1 Y orientation angle, node 10, rad
        231   -1.720E-01, -7.222E-01, -6.700E-01         F               0         Blade 1 Z orientation angle, node 10, rad
        232    9.427E-01,  7.682E-02, -3.248E-01         F               0         Blade 1 X orientation angle, node 11, rad
        233    2.860E-01, -6.874E-01,  6.676E-01         F               0         Blade 1 Y orientation angle, node 11, rad
        234   -1.720E-01, -7.222E-01, -6.700E-01         F               0         Blade 1 Z orientation angle, node 11, rad
        235    9.455E-01,  6.998E-02, -3.181E-01         F               0         Blade 1 X orientation angle, node 12, rad
        236    2.766E-01, -6.881E-01,  6.708E-01         F               0         Blade 1 Y orientation angle, node 12, rad
        237   -1.720E-01, -7.222E-01, -6.700E-01         F               0         Blade 1 Z orientation angle, node 12, rad
        238    9.479E-01,  6.397E-02, -3.122E-01         F               0         Blade 1 X orientation angle, node 13, rad
        239    2.683E-01, -6.887E-01,  6.735E-01         F               0         Blade 1 Y orientation angle, node 13, rad
        240   -1.720E-01, -7.222E-01, -6.700E-01         F               0         Blade 1 Z orientation angle, node 13, rad
        241    9.499E-01,  5.856E-02, -3.069E-01         F               0         Blade 1 X orientation angle, node 14, rad
        242    2.609E-01, -6.892E-01,  6.760E-01         F               0         Blade 1 Y orientation angle, node 14, rad
        243   -1.720E-01, -7.222E-01, -6.700E-01         F               0         Blade 1 Z orientation angle, node 14, rad
        244    9.517E-01,  5.375E-02, -3.022E-01         F               0         Blade 1 X orientation angle, node 15, rad
        245    2.543E-01, -6.896E-01,  6.781E-01         F               0         Blade 1 Y orientation angle, node 15, rad
        246   -1.720E-01, -7.222E-01, -6.700E-01         F               0         Blade 1 Z orientation angle, node 15, rad
        247    9.533E-01,  4.941E-02, -2.979E-01         F               0         Blade 1 X orientation angle, node 16, rad
        248    2.483E-01, -6.899E-01,  6.800E-01         F               0         Blade 1 Y orientation angle, node 16, rad
        249   -1.720E-01, -7.222E-01, -6.700E-01         F               0         Blade 1 Z orientation angle, node 16, rad
        250    9.547E-01,  4.556E-02, -2.941E-01         F               0         Blade 1 X orientation angle, node 17, rad
        251    2.429E-01, -6.902E-01,  6.816E-01         F               0         Blade 1 Y orientation angle, node 17, rad
        252   -1.720E-01, -7.222E-01, -6.700E-01         F               0         Blade 1 Z orientation angle, node 17, rad
        253    9.559E-01,  4.194E-02, -2.906E-01         F               0         Blade 1 X orientation angle, node 18, rad
        254    2.379E-01, -6.904E-01,  6.832E-01         F               0         Blade 1 Y orientation angle, node 18, rad
        255   -1.720E-01, -7.222E-01, -6.700E-01         F               0         Blade 1 Z orientation angle, node 18, rad
        256    9.570E-01,  3.869E-02, -2.873E-01         F               0         Blade 1 X orientation angle, node 19, rad
        257    2.334E-01, -6.906E-01,  6.845E-01         F               0         Blade 1 Y orientation angle, node 19, rad
        258   -1.720E-01, -7.222E-01, -6.700E-01         F               0         Blade 1 Z orientation angle, node 19, rad
        259    9.580E-01,  3.580E-02, -2.845E-01         F               0         Blade 1 X orientation angle, node 20, rad
        260    2.294E-01, -6.908E-01,  6.857E-01         F               0         Blade 1 Y orientation angle, node 20, rad
        261   -1.720E-01, -7.222E-01, -6.700E-01         F               0         Blade 1 Z orientation angle, node 20, rad
        262    9.589E-01,  3.302E-02, -2.817E-01         F               0         Blade 1 X orientation angle, node 21, rad
        263    2.256E-01, -6.909E-01,  6.869E-01         F               0         Blade 1 Y orientation angle, node 21, rad
        264   -1.720E-01, -7.222E-01, -6.700E-01         F               0         Blade 1 Z orientation angle, node 21, rad
        265    9.598E-01,  3.049E-02, -2.792E-01         F               0         Blade 1 X orientation angle, node 22, rad
        266    2.221E-01, -6.910E-01,  6.879E-01         F               0         Blade 1 Y orientation angle, node 22, rad
        267   -1.720E-01, -7.222E-01, -6.700E-01         F               0         Blade 1 Z orientation angle, node 22, rad
        268    9.605E-01,  2.820E-02, -2.769E-01         F               0         Blade 1 X orientation angle, node 23, rad
        269    2.189E-01, -6.911E-01,  6.888E-01         F               0         Blade 1 Y orientation angle, node 23, rad
        270   -1.720E-01, -7.222E-01, -6.700E-01         F               0         Blade 1 Z orientation angle, node 23, rad
        271    9.612E-01,  2.603E-02, -2.747E-01         F               0         Blade 1 X orientation angle, node 24, rad
        272    2.159E-01, -6.912E-01,  6.897E-01         F               0         Blade 1 Y orientation angle, node 24, rad
        273   -1.720E-01, -7.222E-01, -6.700E-01         F               0         Blade 1 Z orientation angle, node 24, rad
        274    9.618E-01,  2.398E-02, -2.727E-01         F               0         Blade 1 X orientation angle, node 25, rad
        275    2.130E-01, -6.913E-01,  6.905E-01         F               0         Blade 1 Y orientation angle, node 25, rad
        276   -1.720E-01, -7.222E-01, -6.700E-01         F               0         Blade 1 Z orientation angle, node 25, rad
        277    9.624E-01,  2.217E-02, -2.709E-01         F               0         Blade 1 X orientation angle, node 26, rad
        278    2.105E-01, -6.913E-01,  6.912E-01         F               0         Blade 1 Y orientation angle, node 26, rad
        279   -1.720E-01, -7.222E-01, -6.700E-01         F               0         Blade 1 Z orientation angle, node 26, rad
        280    9.629E-01,  2.036E-02, -2.691E-01         F               0         Blade 1 X orientation angle, node 27, rad
        281    2.080E-01, -6.914E-01,  6.919E-01         F               0         Blade 1 Y orientation angle, node 27, rad
        282   -1.720E-01, -7.222E-01, -6.700E-01         F               0         Blade 1 Z orientation angle, node 27, rad
        283    9.632E-01,  1.939E-02, -2.681E-01         F               0         Blade 1 X orientation angle, node 28, rad
        284    2.066E-01, -6.914E-01,  6.923E-01         F               0         Blade 1 Y orientation angle, node 28, rad
        285   -1.720E-01, -7.222E-01, -6.700E-01         F               0         Blade 1 Z orientation angle, node 28, rad
        286   -1.210E+00                                 F               0         Blade 1 X translation velocity, node 1, m/s
        287    3.970E+00                                 F               0         Blade 1 Y translation velocity, node 1, m/s
        288   -3.989E+00                                 F               0         Blade 1 Z translation velocity, node 1, m/s
        289   -1.499E+00                                 F               0         Blade 1 X translation velocity, node 2, m/s
        290    4.932E+00                                 F               0         Blade 1 Y translation velocity, node 2, m/s
        291   -4.952E+00                                 F               0         Blade 1 Z translation velocity, node 2, m/s
        292   -5.424E+00                                 F               0         Blade 1 X translation velocity, node 3, m/s
        293    1.801E+01                                 F               0         Blade 1 Y translation velocity, node 3, m/s
        294   -1.804E+01                                 F               0         Blade 1 Z translation velocity, node 3, m/s
        295   -6.260E+00                                 F               0         Blade 1 X translation velocity, node 4, m/s
        296    2.080E+01                                 F               0         Blade 1 Y translation velocity, node 4, m/s
        297   -2.083E+01                                 F               0         Blade 1 Z translation velocity, node 4, m/s
        298   -7.096E+00                                 F               0         Blade 1 X translation velocity, node 5, m/s
        299    2.358E+01                                 F               0         Blade 1 Y translation velocity, node 5, m/s
        300   -2.362E+01                                 F               0         Blade 1 Z translation velocity, node 5, m/s
        301   -7.932E+00                                 F               0         Blade 1 X translation velocity, node 6, m/s
        302    2.637E+01                                 F               0         Blade 1 Y translation velocity, node 6, m/s
        303   -2.641E+01                                 F               0         Blade 1 Z translation velocity, node 6, m/s
        304   -8.769E+00                                 F               0         Blade 1 X translation velocity, node 7, m/s
        305    2.915E+01                                 F               0         Blade 1 Y translation velocity, node 7, m/s
        306   -2.920E+01                                 F               0         Blade 1 Z translation velocity, node 7, m/s
        307   -9.605E+00                                 F               0         Blade 1 X translation velocity, node 8, m/s
