
Linearized model: Predictions were generated on 13-Feb-2024 at 12:12:09 using OpenFAST, compiled as a 64-bit application using single precision at commit v3.5.1
 linked with  NWTC Subroutine Library; ElastoDyn; InflowWind; AeroDyn; ServoDyn; HydroDyn; MAP++ (<1.20.10>, <Oct-20-2023>)

Description from the FAST input file: CCT-9 Campign 4 model. Input files to be run with OpenFAST 3.5.0. GitHub branch from Lu Wang (https://github.com/luwang00/openfast/tree/dev) compiled on March 7, 2023.

Simulation information:
   Simulation time:                   775.9500 s
   Rotor Speed:                         0.7919 rad/s
   Azimuth:                             4.3667 rad
   Wind Speed:                         24.0000 m/s
   Number of continuous states:         0
   Number of discrete states:           0
   Number of constraint states:         0
   Number of inputs:                 1746
   Number of outputs:                   4
   Jacobians included in this file?    No

Order of inputs:
     Column   Operating Point                                                   Rotating Frame? Derivative Order Description
   ---------- ---------------                                                   --------------- ---------------- -----------
          1     8.55203342438E+000                                                     F               0         Tower X translation displacement, node 1, m
          2    -1.82220911980E+000                                                     F               0         Tower Y translation displacement, node 1, m
          3    -2.21051916480E-001                                                     F               0         Tower Z translation displacement, node 1, m
          4     9.72458362579E+000                                                     F               0         Tower X translation displacement, node 2, m
          5    -2.49804520607E+000                                                     F               0         Tower Y translation displacement, node 2, m
          6    -2.95404016972E-001                                                     F               0         Tower Z translation displacement, node 2, m
          7     1.09159173965E+001                                                     F               0         Tower X translation displacement, node 3, m
          8    -3.18182969093E+000                                                     F               0         Tower Y translation displacement, node 3, m
          9    -3.72000008821E-001                                                     F               0         Tower Z translation displacement, node 3, m
         10     1.21213684082E+001                                                     F               0         Tower X translation displacement, node 4, m
         11    -3.87215375900E+000                                                     F               0         Tower Y translation displacement, node 4, m
         12    -4.50339764357E-001                                                     F               0         Tower Z translation displacement, node 4, m
         13     1.33383474350E+001                                                     F               0         Tower X translation displacement, node 5, m
         14    -4.56838750839E+000                                                     F               0         Tower Y translation displacement, node 5, m
         15    -5.30147731304E-001                                                     F               0         Tower Z translation displacement, node 5, m
         16     1.45644330978E+001                                                     F               0         Tower X translation displacement, node 6, m
         17    -5.26986455917E+000                                                     F               0         Tower Y translation displacement, node 6, m
         18    -6.11171245575E-001                                                     F               0         Tower Z translation displacement, node 6, m
         19     1.57969923019E+001                                                     F               0         Tower X translation displacement, node 7, m
         20    -5.97555065155E+000                                                     F               0         Tower Y translation displacement, node 7, m
         21    -6.93069994450E-001                                                     F               0         Tower Z translation displacement, node 7, m
         22     1.70347900391E+001                                                     F               0         Tower X translation displacement, node 8, m
         23    -6.68511104584E+000                                                     F               0         Tower Y translation displacement, node 8, m
         24    -7.75731801987E-001                                                     F               0         Tower Z translation displacement, node 8, m
         25     1.82761745453E+001                                                     F               0         Tower X translation displacement, node 9, m
         26    -7.39774370193E+000                                                     F               0         Tower Y translation displacement, node 9, m
         27    -8.58924329281E-001                                                     F               0         Tower Z translation displacement, node 9, m
         28     1.95197811127E+001                                                     F               0         Tower X translation displacement, node 10, m
         29    -8.11259841919E+000                                                     F               0         Tower Y translation displacement, node 10, m
         30    -9.42477285862E-001                                                     F               0         Tower Z translation displacement, node 10, m
         31     2.07645072937E+001                                                     F               0         Tower X translation displacement, node 11, m
         32    -8.82884311676E+000                                                     F               0         Tower Y translation displacement, node 11, m
         33    -1.02622210979E+000                                                     F               0         Tower Z translation displacement, node 11, m
         34     9.95474278927E-001,  -6.68158475310E-003,  -9.47964042425E-002         F               0         Tower X orientation angle, node 1, rad
         35     1.18040274829E-002,   9.98493850231E-001,   5.35788722336E-002         F               0         Tower Y orientation angle, node 1, rad
         36     9.42956358194E-002,  -5.44553659856E-002,   9.94053781033E-001         F               0         Tower Z orientation angle, node 1, rad
         37     9.95336592197E-001,  -6.60224724561E-003,  -9.62366834283E-002         F               0         Tower X orientation angle, node 2, rad
         38     1.18596702814E-002,   9.98461782932E-001,   5.41609749198E-002         F               0         Tower Y orientation angle, node 2, rad
         39     9.57310646772E-002,  -5.50497323275E-002,   9.93883848190E-001         F               0         Tower Z orientation angle, node 2, rad
         40     9.95215237141E-001,  -6.53253402561E-003,  -9.74884927273E-002         F               0         Tower X orientation angle, node 3, rad
         41     1.19120376185E-002,   9.98431682587E-001,   5.47013543546E-002         F               0         Tower Y orientation angle, node 3, rad
         42     9.69782620668E-002,  -5.56009076536E-002,   9.93732213974E-001         F               0         Tower Z orientation angle, node 3, rad
         43     9.95112776756E-001,  -6.47376291454E-003,  -9.85326766968E-002         F               0         Tower X orientation angle, node 4, rad
         44     1.19603602216E-002,   9.98403966427E-001,   5.51946423948E-002         F               0         Tower Y orientation angle, node 4, rad
         45     9.80181023479E-002,  -5.61033785343E-002,   9.93601977825E-001         F               0         Tower Z orientation angle, node 4, rad
         46     9.95028972626E-001,  -6.42566289753E-003,  -9.93784591556E-002         F               0         Tower X orientation angle, node 5, rad
         47     1.20042245835E-002,   9.98378813267E-001,   5.56388758123E-002         F               0         Tower Y orientation angle, node 5, rad
         48     9.88598316908E-002,  -5.65552525222E-002,   9.93492960930E-001         F               0         Tower Z orientation angle, node 5, rad
         49     9.94962871075E-001,  -6.38761697337E-003,  -1.00040592253E-001         F               0         Tower X orientation angle, node 6, rad
         50     1.20431520045E-002,   9.98356401920E-001,   5.60309588909E-002         F               0         Tower Y orientation angle, node 6, rad
         51     9.95182618499E-002,  -5.69535270333E-002,   9.93404448032E-001         F               0         Tower Z orientation angle, node 6, rad
         52     9.94914114475E-001,  -6.35942583904E-003,  -1.00526027381E-001         F               0         Tower X orientation angle, node 7, rad
         53     1.20761310682E-002,   9.98337328434E-001,   5.63621297479E-002         F               0         Tower Y orientation angle, node 7, rad
         54     1.00000455976E-001,  -5.72894401848E-002,   9.93336737156E-001         F               0         Tower Z orientation angle, node 7, rad
         55     9.94879245758E-001,  -6.33914163336E-003,  -1.00871719420E-001         F               0         Tower X orientation angle, node 8, rad
         56     1.21031254530E-002,   9.98321712017E-001,   5.66327758133E-002         F               0         Tower Y orientation angle, node 8, rad
         57     1.00343421102E-001,  -5.75636364520E-002,   9.93286252022E-001         F               0         Tower Z orientation angle, node 8, rad
         58     9.94856119156E-001,  -6.32558576763E-003,  -1.01100355387E-001         F               0         Tower X orientation angle, node 9, rad
         59     1.21237244457E-002,   9.98309731483E-001,   5.68392463028E-002         F               0         Tower Y orientation angle, node 9, rad
         60     1.00569926202E-001,  -5.77725842595E-002,   9.93251264095E-001         F               0         Tower Z orientation angle, node 9, rad
         61     9.94842588902E-001,  -6.31757872179E-003,  -1.01233989000E-001         F               0         Tower X orientation angle, node 10, rad
         62     1.21376235038E-002,   9.98301625252E-001,   5.69786466658E-002         F               0         Tower Y orientation angle, node 10, rad
         63     1.00702084601E-001,  -5.79135268927E-002,   9.93229627609E-001         F               0         Tower Z orientation angle, node 10, rad
         64     9.94836032391E-001,  -6.31366530433E-003,  -1.01298600435E-001         F               0         Tower X orientation angle, node 11, rad
         65     1.21453776956E-002,   9.98297095299E-001,   5.70565164089E-002         F               0         Tower Y orientation angle, node 11, rad
         66     1.00765861571E-001,  -5.79921901226E-002,   9.93218600750E-001         F               0         Tower Z orientation angle, node 11, rad
         67    -4.62526548654E-003                                                     F               0         Tower X translation velocity, node 1, m/s
         68    -8.00300796982E-004                                                     F               0         Tower Y translation velocity, node 1, m/s
         69    -3.77957220189E-003                                                     F               0         Tower Z translation velocity, node 1, m/s
         70    -6.17862865329E-003                                                     F               0         Tower X translation velocity, node 2, m/s
         71    -1.30657153204E-003                                                     F               0         Tower Y translation velocity, node 2, m/s
         72    -3.65926721133E-003                                                     F               0         Tower Z translation velocity, node 2, m/s
         73    -6.65809633210E-003                                                     F               0         Tower X translation velocity, node 3, m/s
         74    -1.43061135896E-003                                                     F               0         Tower Y translation velocity, node 3, m/s
         75    -3.61964432523E-003                                                     F               0         Tower Z translation velocity, node 3, m/s
         76    -6.31248764694E-003                                                     F               0         Tower X translation velocity, node 4, m/s
         77    -1.24543556012E-003                                                     F               0         Tower Y translation velocity, node 4, m/s
         78    -3.64314555191E-003                                                     F               0         Tower Z translation velocity, node 4, m/s
         79    -5.27495192364E-003                                                     F               0         Tower X translation velocity, node 5, m/s
         80    -7.85722630098E-004                                                     F               0         Tower Y translation velocity, node 5, m/s
         81    -3.71990585700E-003                                                     F               0         Tower Z translation velocity, node 5, m/s
         82    -3.67223680951E-003                                                     F               0         Tower X translation velocity, node 6, m/s
         83    -8.68364732014E-005                                                     F               0         Tower Y translation velocity, node 6, m/s
         84    -3.84003017098E-003                                                     F               0         Tower Z translation velocity, node 6, m/s
         85    -1.65244692471E-003                                                     F               0         Tower X translation velocity, node 7, m/s
         86     8.00648587756E-004                                                     F               0         Tower Y translation velocity, node 7, m/s
         87    -3.99179849774E-003                                                     F               0         Tower Z translation velocity, node 7, m/s
         88     7.20460026059E-004                                                     F               0         Tower X translation velocity, node 8, m/s
         89     1.85904849786E-003                                                     F               0         Tower Y translation velocity, node 8, m/s
         90    -4.16988274083E-003                                                     F               0         Tower Z translation velocity, node 8, m/s
         91     3.34872188978E-003                                                     F               0         Tower X translation velocity, node 9, m/s
         92     3.05074686185E-003                                                     F               0         Tower Y translation velocity, node 9, m/s
         93    -4.36649704352E-003                                                     F               0         Tower Z translation velocity, node 9, m/s
         94     6.14631688222E-003                                                     F               0         Tower X translation velocity, node 10, m/s
         95     4.33768425137E-003                                                     F               0         Tower Y translation velocity, node 10, m/s
         96    -4.57499781623E-003                                                     F               0         Tower Z translation velocity, node 10, m/s
         97     9.03844553977E-003                                                     F               0         Tower X translation velocity, node 11, m/s
         98     5.68381929770E-003                                                     F               0         Tower Y translation velocity, node 11, m/s
         99    -4.78978082538E-003                                                     F               0         Tower Z translation velocity, node 11, m/s
        100     2.16113109589E+001                                                     F               0         Hub X translation displacement, node 1, m
        101    -9.21590137482E+000                                                     F               0         Hub Y translation displacement, node 1, m
        102     1.46241579205E-002                                                     F               0         Hub Z translation displacement, node 1, m
        103     9.78853344917E-001,  -2.17243956286E-004,  -2.04563289881E-001         F               0         Hub X orientation angle, node 1, rad
        104    -1.96239531040E-001,  -2.83355265856E-001,  -9.38722431660E-001         F               0         Hub Y orientation angle, node 1, rad
        105    -5.77601566911E-002,   9.59015011787E-001,  -2.77405887842E-001         F               0         Hub Z orientation angle, node 1, rad
        106     7.75036871433E-001                                                     F               0         Hub X rotation velocity, node 1, rad/s
        107     6.30556751275E-005                                                     F               0         Hub Y rotation velocity, node 1, rad/s
        108    -1.61953583360E-001                                                     F               0         Hub Z rotation velocity, node 1, rad/s
        109     9.93640244007E-001,   8.21282267570E-002,   7.70329087973E-002         F               0         Blade root 1 X orientation angle, node 1, rad
        110     9.66585651040E-002,  -2.71192222834E-001,  -9.57659602165E-001         F               0         Blade root 1 Y orientation angle, node 1, rad
        111    -5.77601566911E-002,   9.59015011787E-001,  -2.77405887842E-001         F               0         Blade root 1 Z orientation angle, node 1, rad
        112     9.22641754150E-001,  -2.82707959414E-001,  -2.62313663960E-001         F               0         Blade root 2 X orientation angle, node 1, rad
        113     3.30453425646E-001,   9.30197060108E-001,   1.59793525934E-001         F               0         Blade root 2 Y orientation angle, node 1, rad
        114     1.98828488588E-001,  -2.34114617109E-001,   9.51660454273E-001         F               0         Blade root 2 Z orientation angle, node 1, rad
        115     8.93571555614E-001,   1.99956119061E-001,  -4.01929676533E-001         F               0         Blade root 3 X orientation angle, node 1, rad
        116     4.26180303097E-001,  -6.59194231033E-001,   6.19542837143E-001         F               0         Blade root 3 Y orientation angle, node 1, rad
        117    -1.41068339348E-001,  -7.24900364876E-001,  -6.74254536629E-001         F               0         Blade root 3 Z orientation angle, node 1, rad
        118     2.07122325897E+001                                                     F               0         Blade 1 X translation displacement, node 1, m
        119    -3.90295815468E+000                                                     F               0         Blade 1 Y translation displacement, node 1, m
        120    -7.03186321259E+000                                                     F               0         Blade 1 Z translation displacement, node 1, m
        121     2.04955921173E+001                                                     F               0         Blade 1 X translation displacement, node 2, m
        122    -2.62276339531E+000                                                     F               0         Blade 1 Y translation displacement, node 2, m
        123    -8.72976493835E+000                                                     F               0         Blade 1 Z translation displacement, node 2, m
        124     1.75496635437E+001                                                     F               0         Blade 1 X translation displacement, node 3, m
        125     1.47856664658E+001                                                     F               0         Blade 1 Y translation displacement, node 3, m
        126    -3.18183135986E+001                                                     F               0         Blade 1 Z translation displacement, node 3, m
        127     1.69220161438E+001                                                     F               0         Blade 1 X translation displacement, node 4, m
        128     1.84946365356E+001                                                     F               0         Blade 1 Y translation displacement, node 4, m
        129    -3.67374725342E+001                                                     F               0         Blade 1 Z translation displacement, node 4, m
        130     1.62942485809E+001                                                     F               0         Blade 1 X translation displacement, node 5, m
        131     2.22043094635E+001                                                     F               0         Blade 1 Y translation displacement, node 5, m
        132    -4.16575508118E+001                                                     F               0         Blade 1 Z translation displacement, node 5, m
        133     1.56665983200E+001                                                     F               0         Blade 1 X translation displacement, node 6, m
        134     2.59132938385E+001                                                     F               0         Blade 1 Y translation displacement, node 6, m
        135    -4.65767326355E+001                                                     F               0         Blade 1 Z translation displacement, node 6, m
        136     1.50389461517E+001                                                     F               0         Blade 1 X translation displacement, node 7, m
        137     2.96222896576E+001                                                     F               0         Blade 1 Y translation displacement, node 7, m
        138    -5.14959144592E+001                                                     F               0         Blade 1 Z translation displacement, node 7, m
        139     1.44111814499E+001                                                     F               0         Blade 1 X translation displacement, node 8, m
        140     3.33319511414E+001                                                     F               0         Blade 1 Y translation displacement, node 8, m
        141    -5.64159889221E+001                                                     F               0         Blade 1 Z translation displacement, node 8, m
        142     1.37835292816E+001                                                     F               0         Blade 1 X translation displacement, node 9, m
        143     3.70409469604E+001                                                     F               0         Blade 1 Y translation displacement, node 9, m
        144    -6.13351707458E+001                                                     F               0         Blade 1 Z translation displacement, node 9, m
        145     1.31558790207E+001                                                     F               0         Blade 1 X translation displacement, node 10, m
        146     4.07499313354E+001                                                     F               0         Blade 1 Y translation displacement, node 10, m
        147    -6.62543487549E+001                                                     F               0         Blade 1 Z translation displacement, node 10, m
        148     1.25282268524E+001                                                     F               0         Blade 1 X translation displacement, node 11, m
        149     4.44589271545E+001                                                     F               0         Blade 1 Y translation displacement, node 11, m
        150    -7.11735305786E+001                                                     F               0         Blade 1 Z translation displacement, node 11, m
        151     1.19004650116E+001                                                     F               0         Blade 1 X translation displacement, node 12, m
        152     4.81685752869E+001                                                     F               0         Blade 1 Y translation displacement, node 12, m
        153    -7.60935897827E+001                                                     F               0         Blade 1 Z translation displacement, node 12, m
        154     1.12728118896E+001                                                     F               0         Blade 1 X translation displacement, node 13, m
        155     5.18775749207E+001                                                     F               0         Blade 1 Y translation displacement, node 13, m
        156    -8.10127716064E+001                                                     F               0         Blade 1 Z translation displacement, node 13, m
        157     1.06451625824E+001                                                     F               0         Blade 1 X translation displacement, node 14, m
        158     5.55865554810E+001                                                     F               0         Blade 1 Y translation displacement, node 14, m
        159    -8.59319534302E+001                                                     F               0         Blade 1 Z translation displacement, node 14, m
        160     1.00173950195E+001                                                     F               0         Blade 1 X translation displacement, node 15, m
        161     5.92962226868E+001                                                     F               0         Blade 1 Y translation displacement, node 15, m
        162    -9.08520278931E+001                                                     F               0         Blade 1 Z translation displacement, node 15, m
        163     9.38974571228E+000                                                     F               0         Blade 1 X translation displacement, node 16, m
        164     6.30052108765E+001                                                     F               0         Blade 1 Y translation displacement, node 16, m
        165    -9.57712097168E+001                                                     F               0         Blade 1 Z translation displacement, node 16, m
        166     8.76209259033E+000                                                     F               0         Blade 1 X translation displacement, node 17, m
        167     6.67142105103E+001                                                     F               0         Blade 1 Y translation displacement, node 17, m
        168    -1.00690399170E+002                                                     F               0         Blade 1 Z translation displacement, node 17, m
        169     8.13444232941E+000                                                     F               0         Blade 1 X translation displacement, node 18, m
        170     7.04232025146E+001                                                     F               0         Blade 1 Y translation displacement, node 18, m
        171    -1.05609580994E+002                                                     F               0         Blade 1 Z translation displacement, node 18, m
        172     7.50667953491E+000                                                     F               0         Blade 1 X translation displacement, node 19, m
        173     7.41328430176E+001                                                     F               0         Blade 1 Y translation displacement, node 19, m
        174    -1.10529632568E+002                                                     F               0         Blade 1 Z translation displacement, node 19, m
        175     6.87902641296E+000                                                     F               0         Blade 1 X translation displacement, node 20, m
        176     7.78418426514E+001                                                     F               0         Blade 1 Y translation displacement, node 20, m
        177    -1.15448814392E+002                                                     F               0         Blade 1 Z translation displacement, node 20, m
        178     6.25137615204E+000                                                     F               0         Blade 1 X translation displacement, node 21, m
        179     8.15508346558E+001                                                     F               0         Blade 1 Y translation displacement, node 21, m
        180    -1.20367996216E+002                                                     F               0         Blade 1 Z translation displacement, node 21, m
        181     5.62361097336E+000                                                     F               0         Blade 1 X translation displacement, node 22, m
        182     8.52604980469E+001                                                     F               0         Blade 1 Y translation displacement, node 22, m
        183    -1.25288070679E+002                                                     F               0         Blade 1 Z translation displacement, node 22, m
        184     4.99595785141E+000                                                     F               0         Blade 1 X translation displacement, node 23, m
        185     8.89694976807E+001                                                     F               0         Blade 1 Y translation displacement, node 23, m
        186    -1.30207260132E+002                                                     F               0         Blade 1 Z translation displacement, node 23, m
        187     4.36830759048E+000                                                     F               0         Blade 1 X translation displacement, node 24, m
        188     9.26784820557E+001                                                     F               0         Blade 1 Y translation displacement, node 24, m
        189    -1.35126434326E+002                                                     F               0         Blade 1 Z translation displacement, node 24, m
        190     3.74065709114E+000                                                     F               0         Blade 1 X translation displacement, node 25, m
        191     9.63874664307E+001                                                     F               0         Blade 1 Y translation displacement, node 25, m
        192    -1.40045608521E+002                                                     F               0         Blade 1 Z translation displacement, node 25, m
        193     3.11289215088E+000                                                     F               0         Blade 1 X translation displacement, node 26, m
        194     1.00097129822E+002                                                     F               0         Blade 1 Y translation displacement, node 26, m
        195    -1.44965698242E+002                                                     F               0         Blade 1 Z translation displacement, node 26, m
        196     2.48524165154E+000                                                     F               0         Blade 1 X translation displacement, node 27, m
        197     1.03806114197E+002                                                     F               0         Blade 1 Y translation displacement, node 27, m
        198    -1.49884872437E+002                                                     F               0         Blade 1 Z translation displacement, node 27, m
        199     1.95312738419E+000                                                     F               0         Blade 1 X translation displacement, node 28, m
        200     1.06950546265E+002                                                     F               0         Blade 1 Y translation displacement, node 28, m
        201    -1.54055267334E+002                                                     F               0         Blade 1 Z translation displacement, node 28, m
        202     8.40236783028E-001,   1.96758612990E-001,   5.05260586739E-001         F               0         Blade 1 X orientation angle, node 1, rad
        203     5.39134442806E-001,  -2.03902691603E-001,  -8.17164421082E-001         F               0         Blade 1 Y orientation angle, node 1, rad
        204    -5.77601566911E-002,   9.59015011787E-001,  -2.77405887842E-001         F               0         Blade 1 Z orientation angle, node 1, rad
        205     8.40236783028E-001,   1.96758612990E-001,   5.05260586739E-001         F               0         Blade 1 X orientation angle, node 2, rad
        206     5.39134442806E-001,  -2.03902691603E-001,  -8.17164421082E-001         F               0         Blade 1 Y orientation angle, node 2, rad
        207    -5.77601566911E-002,   9.59015011787E-001,  -2.77405887842E-001         F               0         Blade 1 Z orientation angle, node 2, rad
        208     9.44075584412E-001,   1.42826020718E-001,   2.97190308571E-001         F               0         Blade 1 X orientation angle, node 3, rad
        209     3.24630737305E-001,  -2.44726359844E-001,  -9.13632273674E-001         F               0         Blade 1 Y orientation angle, node 3, rad
        210    -5.77601566911E-002,   9.59015011787E-001,  -2.77405887842E-001         F               0         Blade 1 Z orientation angle, node 3, rad
        211     9.56940948963E-001,   1.32365211844E-001,   2.58347660303E-001         F               0         Blade 1 X orientation angle, node 4, rad
        212     2.84478157759E-001,  -2.50538855791E-001,  -9.25366103649E-001         F               0         Blade 1 Y orientation angle, node 4, rad
        213    -5.77601566911E-002,   9.59015011787E-001,  -2.77405887842E-001         F               0         Blade 1 Z orientation angle, node 4, rad
        214     9.65846717358E-001,   1.23985782266E-001,   2.27524951100E-001         F               0         Blade 1 X orientation angle, node 5, rad
        215     2.52594232559E-001,  -2.54789680243E-001,  -9.33422923088E-001         F               0         Blade 1 Y orientation angle, node 5, rad
        216    -5.77601566911E-002,   9.59015011787E-001,  -2.77405887842E-001         F               0         Blade 1 Z orientation angle, node 5, rad
        217     9.72207188606E-001,   1.17183625698E-001,   2.02685013413E-001         F               0         Blade 1 X orientation angle, node 6, rad
        218     2.26885393262E-001,  -2.57988870144E-001,  -9.39129769802E-001         F               0         Blade 1 Y orientation angle, node 6, rad
        219    -5.77601566911E-002,   9.59015011787E-001,  -2.77405887842E-001         F               0         Blade 1 Z orientation angle, node 6, rad
        220     9.76925313473E-001,   1.11527740955E-001,   1.82149767876E-001         F               0         Blade 1 X orientation angle, node 7, rad
        221     2.05622807145E-001,  -2.60483831167E-001,  -9.43327844143E-001         F               0         Blade 1 Y orientation angle, node 7, rad
        222    -5.77601566911E-002,   9.59015011787E-001,  -2.77405887842E-001         F               0         Blade 1 Z orientation angle, node 7, rad
        223     9.80496525764E-001,   1.06781475246E-001,   1.64997965097E-001         F               0         Blade 1 X orientation angle, node 8, rad
        224     1.87857329845E-001,  -2.62465178967E-001,  -9.46478545666E-001         F               0         Blade 1 Y orientation angle, node 8, rad
        225    -5.77601566911E-002,   9.59015011787E-001,  -2.77405887842E-001         F               0         Blade 1 Z orientation angle, node 8, rad
        226     9.83265995979E-001,   1.02737858891E-001,   1.50442212820E-001         F               0         Blade 1 X orientation angle, node 9, rad
        227     1.72776415944E-001,  -2.64074176550E-001,  -9.48900997639E-001         F               0         Blade 1 Y orientation angle, node 9, rad
        228    -5.77601604164E-002,   9.59015011787E-001,  -2.77405828238E-001         F               0         Blade 1 Z orientation angle, node 9, rad
        229     9.85471248627E-001,   9.92261171341E-002,   1.37842640281E-001         F               0         Blade 1 X orientation angle, node 10, rad
        230     1.59719064832E-001,  -2.65413701534E-001,  -9.50812995434E-001         F               0         Blade 1 Y orientation angle, node 10, rad
        231    -5.77601566911E-002,   9.59015011787E-001,  -2.77405887842E-001         F               0         Blade 1 Z orientation angle, node 10, rad
        232     9.87219750881E-001,   9.62087735534E-002,   1.27047374845E-001         F               0         Blade 1 X orientation angle, node 11, rad
        233     1.48529216647E-001,  -2.66522288322E-001,  -9.52315568924E-001         F               0         Blade 1 Y orientation angle, node 11, rad
        234    -5.77601566911E-002,   9.59015011787E-001,  -2.77405858040E-001         F               0         Blade 1 Z orientation angle, node 11, rad
        235     9.88648474216E-001,   9.35525894165E-002,   1.17567248642E-001         F               0         Blade 1 X orientation angle, node 12, rad
        236     1.38700798154E-001,  -2.67466217279E-001,  -9.53532338142E-001         F               0         Blade 1 Y orientation angle, node 12, rad
        237    -5.77601566911E-002,   9.59015011787E-001,  -2.77405887842E-001         F               0         Blade 1 Z orientation angle, node 12, rad
        238     9.89821255207E-001,   9.12149772048E-002,   1.09241731465E-001         F               0         Blade 1 X orientation angle, node 13, rad
        239     1.30068033934E-001,  -2.68272429705E-001,  -9.54522013664E-001         F               0         Blade 1 Y orientation angle, node 13, rad
        240    -5.77601566911E-002,   9.59015011787E-001,  -2.77405887842E-001         F               0         Blade 1 Z orientation angle, node 13, rad
        241     9.90812242031E-001,   8.91051813960E-002,   1.01741641760E-001         F               0         Blade 1 X orientation angle, node 14, rad
        242     1.22290059924E-001,  -2.68980532885E-001,  -9.55350518227E-001         F               0         Blade 1 Y orientation angle, node 14, rad
        243    -5.77601566911E-002,   9.59014952183E-001,  -2.77405887842E-001         F               0         Blade 1 Z orientation angle, node 14, rad
        244     9.91641819477E-001,   8.72251763940E-002,   9.50696170330E-002         F               0         Blade 1 X orientation angle, node 15, rad
        245     1.15369960666E-001,  -2.69595980644E-001,  -9.56037521362E-001         F               0         Blade 1 Y orientation angle, node 15, rad
        246    -5.77601566911E-002,   9.59015011787E-001,  -2.77405828238E-001         F               0         Blade 1 Z orientation angle, node 15, rad
        247     9.92347121239E-001,   8.55295509100E-002,   8.90608206391E-002         F               0         Blade 1 X orientation angle, node 16, rad
