
Linearized model: Predictions were generated on 13-Feb-2024 at 12:12:09 using OpenFAST, compiled as a 64-bit application using single precision at commit v3.5.1
 linked with  NWTC Subroutine Library; ElastoDyn; InflowWind; AeroDyn; ServoDyn; HydroDyn; MAP++ (<1.20.10>, <Oct-20-2023>)

Description from the FAST input file: CCT-9 Campign 4 model. Input files to be run with OpenFAST 3.5.0. GitHub branch from Lu Wang (https://github.com/luwang00/openfast/tree/dev) compiled on March 7, 2023.

Simulation information:
   Simulation time:                   777.9500 s
   Rotor Speed:                         0.7913 rad/s
   Azimuth:                             5.9507 rad
   Wind Speed:                         24.0000 m/s
   Number of continuous states:         0
   Number of discrete states:           0
   Number of constraint states:         0
   Number of inputs:                 1746
   Number of outputs:                   4
   Jacobians included in this file?    No

Order of inputs:
     Column   Operating Point                                                   Rotating Frame? Derivative Order Description
   ---------- ---------------                                                   --------------- ---------------- -----------
          1     8.55891132355E+000                                                     F               0         Tower X translation displacement, node 1, m
          2    -1.81784892082E+000                                                     F               0         Tower Y translation displacement, node 1, m
          3    -2.30906352401E-001                                                     F               0         Tower Z translation displacement, node 1, m
          4     9.73246955872E+000                                                     F               0         Tower X translation displacement, node 2, m
          5    -2.49297046661E+000                                                     F               0         Tower Y translation displacement, node 2, m
          6    -3.05315256119E-001                                                     F               0         Tower Z translation displacement, node 2, m
          7     1.09239454269E+001                                                     F               0         Tower X translation displacement, node 3, m
          8    -3.17594170570E+000                                                     F               0         Tower Y translation displacement, node 3, m
          9    -3.81879687309E-001                                                     F               0         Tower Z translation displacement, node 3, m
         10     1.21288156509E+001                                                     F               0         Tower X translation displacement, node 4, m
         11    -3.86536931992E+000                                                     F               0         Tower Y translation displacement, node 4, m
         12    -4.60112184286E-001                                                     F               0         Tower Z translation displacement, node 4, m
         13     1.33445549011E+001                                                     F               0         Tower X translation displacement, node 5, m
         14    -4.56062984467E+000                                                     F               0         Tower Y translation displacement, node 5, m
         15    -5.39742112160E-001                                                     F               0         Tower Z translation displacement, node 5, m
         16     1.45688076019E+001                                                     F               0         Tower X translation displacement, node 6, m
         17    -5.26106405258E+000                                                     F               0         Tower Y translation displacement, node 6, m
         18    -6.20523095131E-001                                                     F               0         Tower Z translation displacement, node 6, m
         19     1.57990503311E+001                                                     F               0         Tower X translation displacement, node 7, m
         20    -5.96565008163E+000                                                     F               0         Tower Y translation displacement, node 7, m
         21    -7.02126324177E-001                                                     F               0         Tower Z translation displacement, node 7, m
         22     1.70340824127E+001                                                     F               0         Tower X translation displacement, node 8, m
         23    -6.67405653000E+000                                                     F               0         Tower Y translation displacement, node 8, m
         24    -7.84442782402E-001                                                     F               0         Tower Z translation displacement, node 8, m
         25     1.82723388672E+001                                                     F               0         Tower X translation displacement, node 9, m
         26    -7.38549232483E+000                                                     F               0         Tower Y translation displacement, node 9, m
         27    -8.67249846458E-001                                                     F               0         Tower Z translation displacement, node 9, m
         28     1.95125465393E+001                                                     F               0         Tower X translation displacement, node 10, m
         29    -8.09911823273E+000                                                     F               0         Tower Y translation displacement, node 10, m
         30    -9.50387597084E-001                                                     F               0         Tower Z translation displacement, node 10, m
         31     2.07537078857E+001                                                     F               0         Tower X translation displacement, node 11, m
         32    -8.81411457062E+000                                                     F               0         Tower Y translation displacement, node 11, m
         33    -1.03369832039E+000                                                     F               0         Tower Z translation displacement, node 11, m
         34     9.95464503765E-001,  -6.63951644674E-003,  -9.49018448591E-002         F               0         Tower X orientation angle, node 1, rad
         35     1.17627019063E-002,   9.98497128487E-001,   5.35270310938E-002         F               0         Tower Y orientation angle, node 1, rad
         36     9.44038257003E-002,  -5.44005595148E-002,   9.94046509266E-001         F               0         Tower Z orientation angle, node 1, rad
         37     9.95332896709E-001,  -6.56381668523E-003,  -9.62775573134E-002         F               0         Tower X orientation angle, node 2, rad
         38     1.18177356198E-002,   9.98465478420E-001,   5.41022978723E-002         F               0         Tower Y orientation angle, node 2, rad
         39     9.57746952772E-002,  -5.49875795841E-002,   9.93883073330E-001         F               0         Tower Z orientation angle, node 2, rad
         40     9.95217382908E-001,  -6.49754609913E-003,  -9.74689349532E-002         F               0         Tower X orientation angle, node 3, rad
         41     1.18694845587E-002,   9.98435795307E-001,   5.46362251043E-002         F               0         Tower Y orientation angle, node 3, rad
         42     9.69614684582E-002,  -5.55318258703E-002,   9.93737757206E-001         F               0         Tower Z orientation angle, node 3, rad
         43     9.95120406151E-001,  -6.44198106602E-003,  -9.84573960304E-002         F               0         Tower X orientation angle, node 4, rad
         44     1.19171943516E-002,   9.98408436775E-001,   5.51234930754E-002         F               0         Tower Y orientation angle, node 4, rad
         45     9.79455858469E-002,  -5.60278519988E-002,   9.93613362312E-001         F               0         Tower Z orientation angle, node 4, rad
         46     9.95041728020E-001,  -6.39682309702E-003,  -9.92524176836E-002         F               0         Tower X orientation angle, node 5, rad
         47     1.19604673237E-002,   9.98383581638E-001,   5.55621832609E-002         F               0         Tower Y orientation angle, node 5, rad
         48     9.87365618348E-002,  -5.64737953246E-002,   9.93509829044E-001         F               0         Tower Z orientation angle, node 5, rad
         49     9.94980216026E-001,  -6.36142166331E-003,  -9.98692214489E-002         F               0         Tower X orientation angle, node 6, rad
         50     1.19988396764E-002,   9.98361527920E-001,   5.59492670000E-002         F               0         Tower Y orientation angle, node 6, rad
         51     9.93496701121E-002,  -5.68667277694E-002,   9.93426322937E-001         F               0         Tower Z orientation angle, node 6, rad
         52     9.94935452938E-001,  -6.33550528437E-003,  -1.00315853953E-001         F               0         Tower X orientation angle, node 7, rad
         53     1.20313251391E-002,   9.98342752457E-001,   5.62761165202E-002         F               0         Tower Y orientation angle, node 7, rad
         54     9.97930690646E-002,  -5.71980401874E-002,   9.93362843990E-001         F               0         Tower Z orientation angle, node 7, rad
         55     9.94903922081E-001,  -6.31711166352E-003,  -1.00629404187E-001         F               0         Tower X orientation angle, node 8, rad
         56     1.20578985661E-002,   9.98327314854E-001,   5.65431751311E-002         F               0         Tower Y orientation angle, node 8, rad
         57     1.00103892386E-001,  -5.74684031308E-002,   9.93315935135E-001         F               0         Tower Z orientation angle, node 8, rad
         58     9.94883358479E-001,  -6.30502356216E-003,  -1.00833140314E-001         F               0         Tower X orientation angle, node 9, rad
         59     1.20781669393E-002,   9.98315513134E-001,   5.67468628287E-002         F               0         Tower Y orientation angle, node 9, rad
         60     1.00305497646E-001,  -5.76743930578E-002,   9.93283689022E-001         F               0         Tower Z orientation angle, node 9, rad
         61     9.94871616364E-001,  -6.29803072661E-003,  -1.00949570537E-001         F               0         Tower X orientation angle, node 10, rad
         62     1.20918359607E-002,   9.98307526112E-001,   5.68843707442E-002         F               0         Tower Y orientation angle, node 10, rad
         63     1.00420460105E-001,  -5.78133091331E-002,   9.93263959885E-001         F               0         Tower Z orientation angle, node 10, rad
         64     9.94866073132E-001,  -6.29470823333E-003,  -1.01004168391E-001         F               0         Tower X orientation angle, node 11, rad
         65     1.20994606987E-002,   9.98303055763E-001,   5.69611787796E-002         F               0         Tower Y orientation angle, node 11, rad
         66     1.00474223495E-001,  -5.78908398747E-002,   9.93254065514E-001         F               0         Tower Z orientation angle, node 11, rad
         67    -5.54352533072E-003                                                     F               0         Tower X translation velocity, node 1, m/s
         68     6.96049490944E-003                                                     F               0         Tower Y translation velocity, node 1, m/s
         69    -4.24660695717E-003                                                     F               0         Tower Z translation velocity, node 1, m/s
         70    -7.80302239582E-003                                                     F               0         Tower X translation velocity, node 2, m/s
         71     8.73795524240E-003                                                     F               0         Tower Y translation velocity, node 2, m/s
         72    -3.93316661939E-003                                                     F               0         Tower Z translation velocity, node 2, m/s
         73    -8.96308571100E-003                                                     F               0         Tower X translation velocity, node 3, m/s
         74     9.97173879296E-003                                                     F               0         Tower Y translation velocity, node 3, m/s
         75    -3.75199294649E-003                                                     F               0         Tower Z translation velocity, node 3, m/s
         76    -9.12595074624E-003                                                     F               0         Tower X translation velocity, node 4, m/s
         77     1.07524264604E-002                                                     F               0         Tower Y translation velocity, node 4, m/s
         78    -3.69219668210E-003                                                     F               0         Tower Z translation velocity, node 4, m/s
         79    -8.30224435776E-003                                                     F               0         Tower X translation velocity, node 5, m/s
         80     1.11183747649E-002                                                     F               0         Tower Y translation velocity, node 5, m/s
         81    -3.75308375806E-003                                                     F               0         Tower Z translation velocity, node 5, m/s
         82    -6.52426155284E-003                                                     F               0         Tower X translation velocity, node 6, m/s
         83     1.11114475876E-002                                                     F               0         Tower Y translation velocity, node 6, m/s
         84    -3.93084995449E-003                                                     F               0         Tower Z translation velocity, node 6, m/s
         85    -3.92076652497E-003                                                     F               0         Tower X translation velocity, node 7, m/s
         86     1.08017465100E-002                                                     F               0         Tower Y translation velocity, node 7, m/s
         87    -4.20957757160E-003                                                     F               0         Tower Z translation velocity, node 7, m/s
         88    -5.04234631080E-004                                                     F               0         Tower X translation velocity, node 8, m/s
         89     1.02101536468E-002                                                     F               0         Tower Y translation velocity, node 8, m/s
         90    -4.58745751530E-003                                                     F               0         Tower Z translation velocity, node 8, m/s
         91     3.60075291246E-003                                                     F               0         Tower X translation velocity, node 9, m/s
         92     9.39284358174E-003                                                     F               0         Tower Y translation velocity, node 9, m/s
         93    -5.04890596494E-003                                                     F               0         Tower Z translation velocity, node 9, m/s
         94     8.23632534593E-003                                                     F               0         Tower X translation velocity, node 10, m/s
         95     8.41071456671E-003                                                     F               0         Tower Y translation velocity, node 10, m/s
         96    -5.57435303926E-003                                                     F               0         Tower Z translation velocity, node 10, m/s
         97     1.32255014032E-002                                                     F               0         Tower X translation velocity, node 11, m/s
         98     7.32487067580E-003                                                     F               0         Tower Y translation velocity, node 11, m/s
         99    -6.14201137796E-003                                                     F               0         Tower Z translation velocity, node 11, m/s
        100     2.15978965759E+001                                                     F               0         Hub X translation displacement, node 1, m
        101    -9.20058155060E+000                                                     F               0         Hub Y translation displacement, node 1, m
        102     4.24622371793E-003                                                     F               0         Hub Z translation displacement, node 1, m
        103     9.78913664818E-001,  -2.08984289202E-004,  -2.04274177551E-001         F               0         Hub X orientation angle, node 1, rad
        104    -5.51234334707E-002,   9.62631583214E-001,  -2.65144914389E-001         F               0         Hub Y orientation angle, node 1, rad
        105     1.96696192026E-001,   2.70814269781E-001,   9.42321717739E-001         F               0         Hub Z orientation angle, node 1, rad
        106     7.74741470814E-001                                                     F               0         Hub X rotation velocity, node 1, rad/s
        107     2.46533687459E-004                                                     F               0         Hub Y rotation velocity, node 1, rad/s
        108    -1.61635652184E-001                                                     F               0         Hub Z rotation velocity, node 1, rad/s
        109     9.52692568302E-001,  -2.79919296503E-001,  -1.18414819241E-001         F               0         Blade root 1 X orientation angle, node 1, rad
        110     2.31705605984E-001,   9.21034634113E-001,  -3.13061803579E-001         F               0         Blade root 1 Y orientation angle, node 1, rad
        111     1.96696192026E-001,   2.70814269781E-001,   9.42321717739E-001         F               0         Blade root 1 Z orientation angle, node 1, rad
        112     8.79167973995E-001,   7.15098977089E-002,  -4.71115738153E-001         F               0         Blade root 2 X orientation angle, node 1, rad
        113     4.73816812038E-001,  -2.36196100712E-001,   8.48356664181E-001         F               0         Blade root 2 Y orientation angle, node 1, rad
        114    -5.06098009646E-002,  -9.69070553780E-001,  -2.41538628936E-001         F               0         Blade root 2 Z orientation angle, node 1, rad
        115     9.78164255619E-001,   2.07809492946E-001,   3.15047195181E-003         F               0         Blade root 3 X orientation angle, node 1, rad
        116     1.47829219699E-001,  -6.85020744801E-001,  -7.13367462158E-001         F               0         Blade root 3 Y orientation angle, node 1, rad
        117    -1.46086394787E-001,   6.98256254196E-001,  -7.00783073902E-001         F               0         Blade root 3 Z orientation angle, node 1, rad
        118     2.21085052490E+001                                                     F               0         Blade 1 X translation displacement, node 1, m
        119    -7.70027065277E+000                                                     F               0         Blade 1 Y translation displacement, node 1, m
        120    -2.84950256348E-001                                                     F               0         Blade 1 Z translation displacement, node 1, m
        121     2.22315406799E+001                                                     F               0         Blade 1 X translation displacement, node 2, m
        122    -7.33875894547E+000                                                     F               0         Blade 1 Y translation displacement, node 2, m
        123    -3.54630261660E-001                                                     F               0         Blade 1 Z translation displacement, node 2, m
        124     2.39046077728E+001                                                     F               0         Blade 1 X translation displacement, node 3, m
        125    -2.42282795906E+000                                                     F               0         Blade 1 Y translation displacement, node 3, m
        126    -1.30218613148E+000                                                     F               0         Blade 1 Z translation displacement, node 3, m
        127     2.42610626221E+001                                                     F               0         Blade 1 X translation displacement, node 4, m
        128    -1.37546026707E+000                                                     F               0         Blade 1 Y translation displacement, node 4, m
        129    -1.50407660007E+000                                                     F               0         Blade 1 Z translation displacement, node 4, m
        130     2.46175880432E+001                                                     F               0         Blade 1 X translation displacement, node 5, m
        131    -3.27892482281E-001                                                     F               0         Blade 1 Y translation displacement, node 5, m
        132    -1.70599019527E+000                                                     F               0         Blade 1 Z translation displacement, node 5, m
        133     2.49740467072E+001                                                     F               0         Blade 1 X translation displacement, node 6, m
        134     7.19479560852E-001                                                     F               0         Blade 1 Y translation displacement, node 6, m
        135    -1.90788137913E+000                                                     F               0         Blade 1 Z translation displacement, node 6, m
        136     2.53305053711E+001                                                     F               0         Blade 1 X translation displacement, node 7, m
        137     1.76685547829E+000                                                     F               0         Blade 1 Y translation displacement, node 7, m
        138    -2.10975980759E+000                                                     F               0         Blade 1 Z translation displacement, node 7, m
        139     2.56870288849E+001                                                     F               0         Blade 1 X translation displacement, node 8, m
        140     2.81441879272E+000                                                     F               0         Blade 1 Y translation displacement, node 8, m
        141    -2.31168794632E+000                                                     F               0         Blade 1 Z translation displacement, node 8, m
        142     2.60434875488E+001                                                     F               0         Blade 1 X translation displacement, node 9, m
        143     3.86179518700E+000                                                     F               0         Blade 1 Y translation displacement, node 9, m
        144    -2.51356458664E+000                                                     F               0         Blade 1 Z translation displacement, node 9, m
        145     2.63999462128E+001                                                     F               0         Blade 1 X translation displacement, node 10, m
        146     4.90916728973E+000                                                     F               0         Blade 1 Y translation displacement, node 10, m
        147    -2.71545600891E+000                                                     F               0         Blade 1 Z translation displacement, node 10, m
        148     2.67564048767E+001                                                     F               0         Blade 1 X translation displacement, node 11, m
        149     5.95654392242E+000                                                     F               0         Blade 1 Y translation displacement, node 11, m
        150    -2.91733264923E+000                                                     F               0         Blade 1 Z translation displacement, node 11, m
        151     2.71129264832E+001                                                     F               0         Blade 1 X translation displacement, node 12, m
        152     7.00410270691E+000                                                     F               0         Blade 1 Y translation displacement, node 12, m
        153    -3.11925983429E+000                                                     F               0         Blade 1 Z translation displacement, node 12, m
        154     2.74693851471E+001                                                     F               0         Blade 1 X translation displacement, node 13, m
        155     8.05147933960E+000                                                     F               0         Blade 1 Y translation displacement, node 13, m
        156    -3.32113671303E+000                                                     F               0         Blade 1 Z translation displacement, node 13, m
        157     2.78258438110E+001                                                     F               0         Blade 1 X translation displacement, node 14, m
        158     9.09885120392E+000                                                     F               0         Blade 1 Y translation displacement, node 14, m
        159    -3.52302789688E+000                                                     F               0         Blade 1 Z translation displacement, node 14, m
        160     2.81823673248E+001                                                     F               0         Blade 1 X translation displacement, node 15, m
        161     1.01464176178E+001                                                     F               0         Blade 1 Y translation displacement, node 15, m
        162    -3.72494626045E+000                                                     F               0         Blade 1 Z translation displacement, node 15, m
        163     2.85388259888E+001                                                     F               0         Blade 1 X translation displacement, node 16, m
        164     1.11937904358E+001                                                     F               0         Blade 1 Y translation displacement, node 16, m
        165    -3.92683506012E+000                                                     F               0         Blade 1 Z translation displacement, node 16, m
        166     2.88952865601E+001                                                     F               0         Blade 1 X translation displacement, node 17, m
        167     1.22411680222E+001                                                     F               0         Blade 1 Y translation displacement, node 17, m
        168    -4.12870931625E+000                                                     F               0         Blade 1 Z translation displacement, node 17, m
        169     2.92517452240E+001                                                     F               0         Blade 1 X translation displacement, node 18, m
        170     1.32885408401E+001                                                     F               0         Blade 1 Y translation displacement, node 18, m
        171    -4.33059835434E+000                                                     F               0         Blade 1 Z translation displacement, node 18, m
        172     2.96082668304E+001                                                     F               0         Blade 1 X translation displacement, node 19, m
        173     1.43361005783E+001                                                     F               0         Blade 1 Y translation displacement, node 19, m
        174    -4.53252267838E+000                                                     F               0         Blade 1 Z translation displacement, node 19, m
        175     2.99647254944E+001                                                     F               0         Blade 1 X translation displacement, node 20, m
        176     1.53834772110E+001                                                     F               0         Blade 1 Y translation displacement, node 20, m
        177    -4.73439693451E+000                                                     F               0         Blade 1 Z translation displacement, node 20, m
        178     3.03211841583E+001                                                     F               0         Blade 1 X translation displacement, node 21, m
        179     1.64308509827E+001                                                     F               0         Blade 1 Y translation displacement, node 21, m
        180    -4.93628597260E+000                                                     F               0         Blade 1 Z translation displacement, node 21, m
        181     3.06777076721E+001                                                     F               0         Blade 1 X translation displacement, node 22, m
        182     1.74784145355E+001                                                     F               0         Blade 1 Y translation displacement, node 22, m
        183    -5.13821125031E+000                                                     F               0         Blade 1 Z translation displacement, node 22, m
        184     3.10341663361E+001                                                     F               0         Blade 1 X translation displacement, node 23, m
        185     1.85257911682E+001                                                     F               0         Blade 1 Y translation displacement, node 23, m
        186    -5.34008550644E+000                                                     F               0         Blade 1 Z translation displacement, node 23, m
        187     3.13906250000E+001                                                     F               0         Blade 1 X translation displacement, node 24, m
        188     1.95731639862E+001                                                     F               0         Blade 1 Y translation displacement, node 24, m
        189    -5.54197454453E+000                                                     F               0         Blade 1 Z translation displacement, node 24, m
        190     3.17470836639E+001                                                     F               0         Blade 1 X translation displacement, node 25, m
        191     2.06205368042E+001                                                     F               0         Blade 1 Y translation displacement, node 25, m
        192    -5.74386310577E+000                                                     F               0         Blade 1 Z translation displacement, node 25, m
        193     3.21036071777E+001                                                     F               0         Blade 1 X translation displacement, node 26, m
        194     2.16681022644E+001                                                     F               0         Blade 1 Y translation displacement, node 26, m
        195    -5.94578886032E+000                                                     F               0         Blade 1 Z translation displacement, node 26, m
        196     3.24600639343E+001                                                     F               0         Blade 1 X translation displacement, node 27, m
        197     2.27154731750E+001                                                     F               0         Blade 1 Y translation displacement, node 27, m
        198    -6.14767742157E+000                                                     F               0         Blade 1 Z translation displacement, node 27, m
        199     3.27622642517E+001                                                     F               0         Blade 1 X translation displacement, node 28, m
        200     2.36034240723E+001                                                     F               0         Blade 1 Y translation displacement, node 28, m
        201    -6.31881332397E+000                                                     F               0         Blade 1 Z translation displacement, node 28, m
        202     7.42211461067E-001,  -6.69122815132E-001,   3.73734869063E-002         F               0         Blade 1 X orientation angle, node 1, rad
        203     6.40650272369E-001,   6.92050755024E-001,  -3.32615375519E-001         F               0         Blade 1 Y orientation angle, node 1, rad
        204     1.96696192026E-001,   2.70814269781E-001,   9.42321717739E-001         F               0         Blade 1 Z orientation angle, node 1, rad
        205     7.42211461067E-001,  -6.69122815132E-001,   3.73734869063E-002         F               0         Blade 1 X orientation angle, node 2, rad
        206     6.40650272369E-001,   6.92050755024E-001,  -3.32615375519E-001         F               0         Blade 1 Y orientation angle, node 2, rad
        207     1.96696192026E-001,   2.70814269781E-001,   9.42321717739E-001         F               0         Blade 1 Z orientation angle, node 2, rad
        208     8.72903227806E-001,  -4.86036658287E-001,  -4.25237752497E-002         F               0         Blade 1 X orientation angle, node 3, rad
        209     4.46486860514E-001,   8.30919981003E-001,  -3.31996232271E-001         F               0         Blade 1 Y orientation angle, node 3, rad
        210     1.96696192026E-001,   2.70814269781E-001,   9.42321717739E-001         F               0         Blade 1 Z orientation angle, node 3, rad
        211     8.90977382660E-001,  -4.50518071651E-001,  -5.65041974187E-002         F               0         Blade 1 X orientation angle, node 4, rad
        212     4.09230828285E-001,   8.50701510906E-001,  -3.29904586077E-001         F               0         Blade 1 Y orientation angle, node 4, rad
        213     1.96696192026E-001,   2.70814269781E-001,   9.42321717739E-001         F               0         Blade 1 Z orientation angle, node 4, rad
        214     9.04055655003E-001,  -4.22065228224E-001,  -6.74111768603E-002         F               0         Blade 1 X orientation angle, node 5, rad
        215     3.79465341568E-001,   8.65170836449E-001,  -3.27849805355E-001         F               0         Blade 1 Y orientation angle, node 5, rad
        216     1.96696192026E-001,   2.70814269781E-001,   9.42321717739E-001         F               0         Blade 1 Z orientation angle, node 5, rad
        217     9.13803219795E-001,  -3.98967295885E-001,  -7.60839655995E-002         F               0         Blade 1 X orientation angle, node 6, rad
        218     3.55350911617E-001,   8.76062035561E-001,  -3.25946301222E-001         F               0         Blade 1 Y orientation angle, node 6, rad
        219     1.96696192026E-001,   2.70814269781E-001,   9.42321717739E-001         F               0         Blade 1 Z orientation angle, node 6, rad
        220     9.21337723732E-001,  -3.79761159420E-001,  -8.31763446331E-002         F               0         Blade 1 X orientation angle, node 7, rad
        221     3.35331857204E-001,   8.84557008743E-001,  -3.24208974838E-001         F               0         Blade 1 Y orientation angle, node 7, rad
        222     1.96696192026E-001,   2.70814269781E-001,   9.42321717739E-001         F               0         Blade 1 Z orientation angle, node 7, rad
        223     9.27272319794E-001,  -3.63643497229E-001,  -8.90471711755E-002         F               0         Blade 1 X orientation angle, node 8, rad
        224     3.18553924561E-001,   8.91304135323E-001,  -3.22645872831E-001         F               0         Blade 1 Y orientation angle, node 8, rad
        225     1.96696192026E-001,   2.70814269781E-001,   9.42321717739E-001         F               0         Blade 1 Z orientation angle, node 8, rad
        226     9.32055413723E-001,  -3.49911689758E-001,  -9.39919576049E-002         F               0         Blade 1 X orientation angle, node 9, rad
        227     3.04275035858E-001,   8.96783947945E-001,  -3.21240216494E-001         F               0         Blade 1 Y orientation angle, node 9, rad
        228     1.96696177125E-001,   2.70814269781E-001,   9.42321717739E-001         F               0         Blade 1 Z orientation angle, node 9, rad
        229     9.36009347439E-001,  -3.37985873222E-001,  -9.82446521521E-002         F               0         Blade 1 X orientation angle, node 10, rad
        230     2.91885375977E-001,   9.01346325874E-001,  -3.19965243340E-001         F               0         Blade 1 Y orientation angle, node 10, rad
        231     1.96696192026E-001,   2.70814269781E-001,   9.42321717739E-001         F               0         Blade 1 Z orientation angle, node 10, rad
        232     9.39260423183E-001,  -3.27738910913E-001,  -1.01868145168E-001         F               0         Blade 1 X orientation angle, node 11, rad
        233     2.81248152256E-001,   9.05122578144E-001,  -3.18830132484E-001         F               0         Blade 1 Y orientation angle, node 11, rad
        234     1.96696192026E-001,   2.70814269781E-001,   9.42321717739E-001         F               0         Blade 1 Z orientation angle, node 11, rad
        235     9.42011833191E-001,  -3.18718343973E-001,  -1.05034895241E-001         F               0         Blade 1 X orientation angle, node 12, rad
        236     2.71890252829E-001,   9.08338189125E-001,  -3.17800939083E-001         F               0         Blade 1 Y orientation angle, node 12, rad
        237     1.96696192026E-001,   2.70814269781E-001,   9.42321717739E-001         F               0         Blade 1 Z orientation angle, node 12, rad
        238     9.44348633289E-001,  -3.10779541731E-001,  -1.07804194093E-001         F               0         Blade 1 X orientation angle, node 13, rad
        239     2.63659417629E-001,   9.11084890366E-001,  -3.16872239113E-001         F               0         Blade 1 Y orientation angle, node 13, rad
        240     1.96696192026E-001,   2.70814269781E-001,   9.42321717739E-001         F               0         Blade 1 Z orientation angle, node 13, rad
        241     9.46390271187E-001,  -3.03614407778E-001,  -1.10289558768E-001         F               0         Blade 1 X orientation angle, node 14, rad
        242     2.56234467030E-001,   9.13497626781E-001,  -3.16015779972E-001         F               0         Blade 1 Y orientation angle, node 14, rad
        243     1.96696192026E-001,   2.70814269781E-001,   9.42321717739E-001         F               0         Blade 1 Z orientation angle, node 14, rad
        244     9.48156058788E-001,  -2.97229617834E-001,  -1.12493053079E-001         F               0         Blade 1 X orientation angle, node 15, rad
        245     2.49621212482E-001,   9.15594995022E-001,  -3.15238118172E-001         F               0         Blade 1 Y orientation angle, node 15, rad
        246     1.96696177125E-001,   2.70814269781E-001,   9.42321717739E-001         F               0         Blade 1 Z orientation angle, node 15, rad
        247     9.49705719948E-001,  -2.91470944881E-001,  -1.14471524954E-001         F               0         Blade 1 X orientation angle, node 16, rad
