
Linearized model: Predictions were generated on 12-Jan-2024 at 09:28:28 using OpenFAST, compiled as a 64-bit application using single precision at commit v3.5.1
 linked with  NWTC Subroutine Library; ElastoDyn; InflowWind; AeroDyn; ServoDyn; HydroDyn; MAP++ (<1.20.10>, <Oct-20-2023>)

Description from the FAST input file: CCT-9 Campign 4 model. Input files to be run with OpenFAST 3.5.0. GitHub branch from Lu Wang (https://github.com/luwang00/openfast/tree/dev) compiled on March 7, 2023.

Simulation information:
   Simulation time:                   504.4500 s
   Rotor Speed:                         0.8772 rad/s
   Azimuth:                             1.4759 rad
   Wind Speed:                         10.0000 m/s
   Number of continuous states:         0
   Number of discrete states:           0
   Number of constraint states:         0
   Number of inputs:                 1746
   Number of outputs:                   4
   Jacobians included in this file?    No

Order of inputs:
     Column   Operating Point                     Rotating Frame? Derivative Order Description
   ---------- ---------------                     --------------- ---------------- -----------
          1    1.100E+01                                 F               0         Tower X translation displacement, node 1, m
          2   -1.228E+00                                 F               0         Tower Y translation displacement, node 1, m
          3   -3.236E-01                                 F               0         Tower Z translation displacement, node 1, m
          4    1.247E+01                                 F               0         Tower X translation displacement, node 2, m
          5   -1.814E+00                                 F               0         Tower Y translation displacement, node 2, m
          6   -4.251E-01                                 F               0         Tower Z translation displacement, node 2, m
          7    1.396E+01                                 F               0         Tower X translation displacement, node 3, m
          8   -2.406E+00                                 F               0         Tower Y translation displacement, node 3, m
          9   -5.299E-01                                 F               0         Tower Z translation displacement, node 3, m
         10    1.547E+01                                 F               0         Tower X translation displacement, node 4, m
         11   -3.002E+00                                 F               0         Tower Y translation displacement, node 4, m
         12   -6.371E-01                                 F               0         Tower Z translation displacement, node 4, m
         13    1.700E+01                                 F               0         Tower X translation displacement, node 5, m
         14   -3.602E+00                                 F               0         Tower Y translation displacement, node 5, m
         15   -7.465E-01                                 F               0         Tower Z translation displacement, node 5, m
         16    1.854E+01                                 F               0         Tower X translation displacement, node 6, m
         17   -4.206E+00                                 F               0         Tower Y translation displacement, node 6, m
         18   -8.576E-01                                 F               0         Tower Z translation displacement, node 6, m
         19    2.009E+01                                 F               0         Tower X translation displacement, node 7, m
         20   -4.812E+00                                 F               0         Tower Y translation displacement, node 7, m
         21   -9.700E-01                                 F               0         Tower Z translation displacement, node 7, m
         22    2.164E+01                                 F               0         Tower X translation displacement, node 8, m
         23   -5.420E+00                                 F               0         Tower Y translation displacement, node 8, m
         24   -1.083E+00                                 F               0         Tower Z translation displacement, node 8, m
         25    2.320E+01                                 F               0         Tower X translation displacement, node 9, m
         26   -6.030E+00                                 F               0         Tower Y translation displacement, node 9, m
         27   -1.198E+00                                 F               0         Tower Z translation displacement, node 9, m
         28    2.477E+01                                 F               0         Tower X translation displacement, node 10, m
         29   -6.641E+00                                 F               0         Tower Y translation displacement, node 10, m
         30   -1.312E+00                                 F               0         Tower Z translation displacement, node 10, m
         31    2.633E+01                                 F               0         Tower X translation displacement, node 11, m
         32   -7.253E+00                                 F               0         Tower Y translation displacement, node 11, m
         33   -1.427E+00                                 F               0         Tower Z translation displacement, node 11, m
         34    9.930E-01,  9.862E-03, -1.177E-01         F               0         Tower X orientation angle, node 1, rad
         35   -4.222E-03,  9.988E-01,  4.808E-02         F               0         Tower Y orientation angle, node 1, rad
         36    1.180E-01, -4.725E-02,  9.919E-01         F               0         Tower Z orientation angle, node 1, rad
         37    9.928E-01,  9.951E-03, -1.196E-01         F               0         Tower X orientation angle, node 2, rad
         38   -4.168E-03,  9.988E-01,  4.853E-02         F               0         Tower Y orientation angle, node 2, rad
         39    1.199E-01, -4.768E-02,  9.916E-01         F               0         Tower Z orientation angle, node 2, rad
         40    9.926E-01,  1.003E-02, -1.212E-01         F               0         Tower X orientation angle, node 3, rad
         41   -4.118E-03,  9.988E-01,  4.893E-02         F               0         Tower Y orientation angle, node 3, rad
         42    1.215E-01, -4.807E-02,  9.914E-01         F               0         Tower Z orientation angle, node 3, rad
         43    9.924E-01,  1.010E-02, -1.226E-01         F               0         Tower X orientation angle, node 4, rad
         44   -4.075E-03,  9.988E-01,  4.929E-02         F               0         Tower Y orientation angle, node 4, rad
         45    1.229E-01, -4.841E-02,  9.912E-01         F               0         Tower Z orientation angle, node 4, rad
         46    9.923E-01,  1.015E-02, -1.237E-01         F               0         Tower X orientation angle, node 5, rad
         47   -4.037E-03,  9.988E-01,  4.959E-02         F               0         Tower Y orientation angle, node 5, rad
         48    1.240E-01, -4.871E-02,  9.911E-01         F               0         Tower Z orientation angle, node 5, rad
         49    9.922E-01,  1.020E-02, -1.246E-01         F               0         Tower X orientation angle, node 6, rad
         50   -4.006E-03,  9.987E-01,  4.984E-02         F               0         Tower Y orientation angle, node 6, rad
         51    1.250E-01, -4.895E-02,  9.910E-01         F               0         Tower Z orientation angle, node 6, rad
         52    9.921E-01,  1.023E-02, -1.253E-01         F               0         Tower X orientation angle, node 7, rad
         53   -3.980E-03,  9.987E-01,  5.004E-02         F               0         Tower Y orientation angle, node 7, rad
         54    1.256E-01, -4.915E-02,  9.909E-01         F               0         Tower Z orientation angle, node 7, rad
         55    9.920E-01,  1.026E-02, -1.258E-01         F               0         Tower X orientation angle, node 8, rad
         56   -3.960E-03,  9.987E-01,  5.020E-02         F               0         Tower Y orientation angle, node 8, rad
         57    1.261E-01, -4.930E-02,  9.908E-01         F               0         Tower Z orientation angle, node 8, rad
         58    9.920E-01,  1.027E-02, -1.261E-01         F               0         Tower X orientation angle, node 9, rad
         59   -3.945E-03,  9.987E-01,  5.032E-02         F               0         Tower Y orientation angle, node 9, rad
         60    1.265E-01, -4.942E-02,  9.907E-01         F               0         Tower Z orientation angle, node 9, rad
         61    9.919E-01,  1.028E-02, -1.263E-01         F               0         Tower X orientation angle, node 10, rad
         62   -3.936E-03,  9.987E-01,  5.039E-02         F               0         Tower Y orientation angle, node 10, rad
         63    1.267E-01, -4.949E-02,  9.907E-01         F               0         Tower Z orientation angle, node 10, rad
         64    9.919E-01,  1.029E-02, -1.264E-01         F               0         Tower X orientation angle, node 11, rad
         65   -3.931E-03,  9.987E-01,  5.044E-02         F               0         Tower Y orientation angle, node 11, rad
         66    1.268E-01, -4.953E-02,  9.907E-01         F               0         Tower Z orientation angle, node 11, rad
         67   -4.585E-03                                 F               0         Tower X translation velocity, node 1, m/s
         68    3.209E-03                                 F               0         Tower Y translation velocity, node 1, m/s
         69    3.745E-03                                 F               0         Tower Z translation velocity, node 1, m/s
         70   -4.760E-03                                 F               0         Tower X translation velocity, node 2, m/s
         71    4.100E-03                                 F               0         Tower Y translation velocity, node 2, m/s
         72    3.808E-03                                 F               0         Tower Z translation velocity, node 2, m/s
         73   -4.926E-03                                 F               0         Tower X translation velocity, node 3, m/s
         74    5.096E-03                                 F               0         Tower Y translation velocity, node 3, m/s
         75    3.877E-03                                 F               0         Tower Z translation velocity, node 3, m/s
         76   -5.085E-03                                 F               0         Tower X translation velocity, node 4, m/s
         77    6.175E-03                                 F               0         Tower Y translation velocity, node 4, m/s
         78    3.949E-03                                 F               0         Tower Z translation velocity, node 4, m/s
         79   -5.237E-03                                 F               0         Tower X translation velocity, node 5, m/s
         80    7.327E-03                                 F               0         Tower Y translation velocity, node 5, m/s
         81    4.024E-03                                 F               0         Tower Z translation velocity, node 5, m/s
         82   -5.382E-03                                 F               0         Tower X translation velocity, node 6, m/s
         83    8.540E-03                                 F               0         Tower Y translation velocity, node 6, m/s
         84    4.102E-03                                 F               0         Tower Z translation velocity, node 6, m/s
         85   -5.522E-03                                 F               0         Tower X translation velocity, node 7, m/s
         86    9.801E-03                                 F               0         Tower Y translation velocity, node 7, m/s
         87    4.182E-03                                 F               0         Tower Z translation velocity, node 7, m/s
         88   -5.657E-03                                 F               0         Tower X translation velocity, node 8, m/s
         89    1.110E-02                                 F               0         Tower Y translation velocity, node 8, m/s
         90    4.264E-03                                 F               0         Tower Z translation velocity, node 8, m/s
         91   -5.788E-03                                 F               0         Tower X translation velocity, node 9, m/s
         92    1.244E-02                                 F               0         Tower Y translation velocity, node 9, m/s
         93    4.347E-03                                 F               0         Tower Z translation velocity, node 9, m/s
         94   -5.915E-03                                 F               0         Tower X translation velocity, node 10, m/s
         95    1.380E-02                                 F               0         Tower Y translation velocity, node 10, m/s
         96    4.432E-03                                 F               0         Tower Z translation velocity, node 10, m/s
         97   -6.041E-03                                 F               0         Tower X translation velocity, node 11, m/s
         98    1.517E-02                                 F               0         Tower Y translation velocity, node 11, m/s
         99    4.516E-03                                 F               0         Tower Z translation velocity, node 11, m/s
        100    2.742E+01                                 F               0         Hub X translation displacement, node 1, m
        101   -7.753E+00                                 F               0         Hub Y translation displacement, node 1, m
        102   -1.347E-01                                 F               0         Hub Z translation displacement, node 1, m
        103    9.732E-01,  1.541E-02, -2.293E-01         F               0         Hub X orientation angle, node 1, rad
        104    2.284E-01,  4.671E-02,  9.725E-01         F               0         Hub Y orientation angle, node 1, rad
        105    2.570E-02, -9.988E-01,  4.194E-02         F               0         Hub Z orientation angle, node 1, rad
        106    8.537E-01                                 F               0         Hub X rotation velocity, node 1, rad/s
        107    1.350E-02                                 F               0         Hub Y rotation velocity, node 1, rad/s
        108   -2.011E-01                                 F               0         Hub Z rotation velocity, node 1, rad/s
        109    9.660E-01,  1.402E-02, -2.580E-01         F               0         Blade root 1 X orientation angle, node 1, rad
        110    2.571E-01,  4.715E-02,  9.652E-01         F               0         Blade root 1 Y orientation angle, node 1, rad
        111    2.570E-02, -9.988E-01,  4.194E-02         F               0         Blade root 1 Z orientation angle, node 1, rad
        112    9.755E-01,  4.176E-02, -2.158E-01         F               0         Blade root 2 X orientation angle, node 1, rad
        113   -6.302E-02, -8.875E-01, -4.565E-01         F               0         Blade root 2 Y orientation angle, node 1, rad
        114   -2.106E-01,  4.589E-01, -8.631E-01         F               0         Blade root 2 Z orientation angle, node 1, rad
        115    9.769E-01, -9.565E-03, -2.137E-01         F               0         Blade root 3 X orientation angle, node 1, rad
        116   -1.075E-01,  8.417E-01, -5.291E-01         F               0         Blade root 3 Y orientation angle, node 1, rad
        117    1.849E-01,  5.398E-01,  8.212E-01         F               0         Blade root 3 Z orientation angle, node 1, rad
        118    2.698E+01                                 F               0         Blade 1 X translation displacement, node 1, m
        119   -1.329E+01                                 F               0         Blade 1 Y translation displacement, node 1, m
        120   -5.412E+00                                 F               0         Blade 1 Z translation displacement, node 1, m
        121    2.687E+01                                 F               0         Blade 1 X translation displacement, node 2, m
        122   -1.462E+01                                 F               0         Blade 1 Y translation displacement, node 2, m
        123   -6.684E+00                                 F               0         Blade 1 Z translation displacement, node 2, m
        124    2.544E+01                                 F               0         Blade 1 X translation displacement, node 3, m
        125   -3.275E+01                                 F               0         Blade 1 Y translation displacement, node 3, m
        126   -2.398E+01                                 F               0         Blade 1 Z translation displacement, node 3, m
        127    2.514E+01                                 F               0         Blade 1 X translation displacement, node 4, m
        128   -3.661E+01                                 F               0         Blade 1 Y translation displacement, node 4, m
        129   -2.766E+01                                 F               0         Blade 1 Z translation displacement, node 4, m
        130    2.483E+01                                 F               0         Blade 1 X translation displacement, node 5, m
        131   -4.048E+01                                 F               0         Blade 1 Y translation displacement, node 5, m
        132   -3.134E+01                                 F               0         Blade 1 Z translation displacement, node 5, m
        133    2.453E+01                                 F               0         Blade 1 X translation displacement, node 6, m
        134   -4.434E+01                                 F               0         Blade 1 Y translation displacement, node 6, m
        135   -3.503E+01                                 F               0         Blade 1 Z translation displacement, node 6, m
        136    2.422E+01                                 F               0         Blade 1 X translation displacement, node 7, m
        137   -4.820E+01                                 F               0         Blade 1 Y translation displacement, node 7, m
        138   -3.871E+01                                 F               0         Blade 1 Z translation displacement, node 7, m
        139    2.392E+01                                 F               0         Blade 1 X translation displacement, node 8, m
        140   -5.207E+01                                 F               0         Blade 1 Y translation displacement, node 8, m
        141   -4.240E+01                                 F               0         Blade 1 Z translation displacement, node 8, m
        142    2.361E+01                                 F               0         Blade 1 X translation displacement, node 9, m
        143   -5.593E+01                                 F               0         Blade 1 Y translation displacement, node 9, m
        144   -4.608E+01                                 F               0         Blade 1 Z translation displacement, node 9, m
        145    2.331E+01                                 F               0         Blade 1 X translation displacement, node 10, m
        146   -5.979E+01                                 F               0         Blade 1 Y translation displacement, node 10, m
        147   -4.977E+01                                 F               0         Blade 1 Z translation displacement, node 10, m
        148    2.300E+01                                 F               0         Blade 1 X translation displacement, node 11, m
        149   -6.365E+01                                 F               0         Blade 1 Y translation displacement, node 11, m
        150   -5.345E+01                                 F               0         Blade 1 Z translation displacement, node 11, m
        151    2.270E+01                                 F               0         Blade 1 X translation displacement, node 12, m
        152   -6.752E+01                                 F               0         Blade 1 Y translation displacement, node 12, m
        153   -5.713E+01                                 F               0         Blade 1 Z translation displacement, node 12, m
        154    2.239E+01                                 F               0         Blade 1 X translation displacement, node 13, m
        155   -7.138E+01                                 F               0         Blade 1 Y translation displacement, node 13, m
        156   -6.082E+01                                 F               0         Blade 1 Z translation displacement, node 13, m
        157    2.209E+01                                 F               0         Blade 1 X translation displacement, node 14, m
        158   -7.524E+01                                 F               0         Blade 1 Y translation displacement, node 14, m
        159   -6.450E+01                                 F               0         Blade 1 Z translation displacement, node 14, m
        160    2.178E+01                                 F               0         Blade 1 X translation displacement, node 15, m
        161   -7.911E+01                                 F               0         Blade 1 Y translation displacement, node 15, m
        162   -6.819E+01                                 F               0         Blade 1 Z translation displacement, node 15, m
        163    2.148E+01                                 F               0         Blade 1 X translation displacement, node 16, m
        164   -8.297E+01                                 F               0         Blade 1 Y translation displacement, node 16, m
        165   -7.187E+01                                 F               0         Blade 1 Z translation displacement, node 16, m
        166    2.117E+01                                 F               0         Blade 1 X translation displacement, node 17, m
        167   -8.683E+01                                 F               0         Blade 1 Y translation displacement, node 17, m
        168   -7.556E+01                                 F               0         Blade 1 Z translation displacement, node 17, m
        169    2.087E+01                                 F               0         Blade 1 X translation displacement, node 18, m
        170   -9.070E+01                                 F               0         Blade 1 Y translation displacement, node 18, m
        171   -7.924E+01                                 F               0         Blade 1 Z translation displacement, node 18, m
        172    2.056E+01                                 F               0         Blade 1 X translation displacement, node 19, m
        173   -9.456E+01                                 F               0         Blade 1 Y translation displacement, node 19, m
        174   -8.292E+01                                 F               0         Blade 1 Z translation displacement, node 19, m
        175    2.026E+01                                 F               0         Blade 1 X translation displacement, node 20, m
        176   -9.842E+01                                 F               0         Blade 1 Y translation displacement, node 20, m
        177   -8.661E+01                                 F               0         Blade 1 Z translation displacement, node 20, m
        178    1.995E+01                                 F               0         Blade 1 X translation displacement, node 21, m
        179   -1.023E+02                                 F               0         Blade 1 Y translation displacement, node 21, m
        180   -9.029E+01                                 F               0         Blade 1 Z translation displacement, node 21, m
        181    1.965E+01                                 F               0         Blade 1 X translation displacement, node 22, m
        182   -1.061E+02                                 F               0         Blade 1 Y translation displacement, node 22, m
        183   -9.398E+01                                 F               0         Blade 1 Z translation displacement, node 22, m
        184    1.934E+01                                 F               0         Blade 1 X translation displacement, node 23, m
        185   -1.100E+02                                 F               0         Blade 1 Y translation displacement, node 23, m
        186   -9.766E+01                                 F               0         Blade 1 Z translation displacement, node 23, m
        187    1.904E+01                                 F               0         Blade 1 X translation displacement, node 24, m
        188   -1.139E+02                                 F               0         Blade 1 Y translation displacement, node 24, m
        189   -1.013E+02                                 F               0         Blade 1 Z translation displacement, node 24, m
        190    1.873E+01                                 F               0         Blade 1 X translation displacement, node 25, m
        191   -1.177E+02                                 F               0         Blade 1 Y translation displacement, node 25, m
        192   -1.050E+02                                 F               0         Blade 1 Z translation displacement, node 25, m
        193    1.843E+01                                 F               0         Blade 1 X translation displacement, node 26, m
        194   -1.216E+02                                 F               0         Blade 1 Y translation displacement, node 26, m
        195   -1.087E+02                                 F               0         Blade 1 Z translation displacement, node 26, m
        196    1.812E+01                                 F               0         Blade 1 X translation displacement, node 27, m
        197   -1.255E+02                                 F               0         Blade 1 Y translation displacement, node 27, m
        198   -1.124E+02                                 F               0         Blade 1 Z translation displacement, node 27, m
        199    1.787E+01                                 F               0         Blade 1 X translation displacement, node 28, m
        200   -1.287E+02                                 F               0         Blade 1 Y translation displacement, node 28, m
        201   -1.155E+02                                 F               0         Blade 1 Z translation displacement, node 28, m
        202    7.425E-01, -9.025E-03, -6.698E-01         F               0         Blade 1 X orientation angle, node 1, rad
        203    6.694E-01,  4.835E-02,  7.414E-01         F               0         Blade 1 Y orientation angle, node 1, rad
        204    2.570E-02, -9.988E-01,  4.194E-02         F               0         Blade 1 Z orientation angle, node 1, rad
        205    7.425E-01, -9.025E-03, -6.698E-01         F               0         Blade 1 X orientation angle, node 2, rad
        206    6.694E-01,  4.835E-02,  7.414E-01         F               0         Blade 1 Y orientation angle, node 2, rad
        207    2.570E-02, -9.988E-01,  4.194E-02         F               0         Blade 1 Z orientation angle, node 2, rad
        208    8.800E-01,  2.692E-03, -4.750E-01         F               0         Blade 1 X orientation angle, node 3, rad
        209    4.743E-01,  4.911E-02,  8.790E-01         F               0         Blade 1 Y orientation angle, node 3, rad
        210    2.570E-02, -9.988E-01,  4.194E-02         F               0         Blade 1 Z orientation angle, node 3, rad
        211    8.992E-01,  4.764E-03, -4.375E-01         F               0         Blade 1 X orientation angle, node 4, rad
        212    4.367E-01,  4.896E-02,  8.983E-01         F               0         Blade 1 Y orientation angle, node 4, rad
        213    2.570E-02, -9.988E-01,  4.194E-02         F               0         Blade 1 Z orientation angle, node 4, rad
        214    9.132E-01,  6.384E-03, -4.075E-01         F               0         Blade 1 X orientation angle, node 5, rad
        215    4.067E-01,  4.877E-02,  9.123E-01         F               0         Blade 1 Y orientation angle, node 5, rad
        216    2.570E-02, -9.988E-01,  4.194E-02         F               0         Blade 1 Z orientation angle, node 5, rad
        217    9.237E-01,  7.676E-03, -3.831E-01         F               0         Blade 1 X orientation angle, node 6, rad
        218    3.823E-01,  4.858E-02,  9.227E-01         F               0         Blade 1 Y orientation angle, node 6, rad
        219    2.570E-02, -9.988E-01,  4.194E-02         F               0         Blade 1 Z orientation angle, node 6, rad
        220    9.318E-01,  8.734E-03, -3.629E-01         F               0         Blade 1 X orientation angle, node 7, rad
        221    3.621E-01,  4.841E-02,  9.309E-01         F               0         Blade 1 Y orientation angle, node 7, rad
        222    2.570E-02, -9.988E-01,  4.194E-02         F               0         Blade 1 Z orientation angle, node 7, rad
        223    9.382E-01,  9.611E-03, -3.459E-01         F               0         Blade 1 X orientation angle, node 8, rad
        224    3.451E-01,  4.824E-02,  9.373E-01         F               0         Blade 1 Y orientation angle, node 8, rad
        225    2.570E-02, -9.988E-01,  4.194E-02         F               0         Blade 1 Z orientation angle, node 8, rad
        226    9.434E-01,  1.035E-02, -3.315E-01         F               0         Blade 1 X orientation angle, node 9, rad
        227    3.307E-01,  4.809E-02,  9.425E-01         F               0         Blade 1 Y orientation angle, node 9, rad
        228    2.570E-02, -9.988E-01,  4.194E-02         F               0         Blade 1 Z orientation angle, node 9, rad
        229    9.477E-01,  1.099E-02, -3.190E-01         F               0         Blade 1 X orientation angle, node 10, rad
        230    3.181E-01,  4.794E-02,  9.468E-01         F               0         Blade 1 Y orientation angle, node 10, rad
        231    2.570E-02, -9.988E-01,  4.194E-02         F               0         Blade 1 Z orientation angle, node 10, rad
        232    9.512E-01,  1.153E-02, -3.082E-01         F               0         Blade 1 X orientation angle, node 11, rad
        233    3.074E-01,  4.782E-02,  9.504E-01         F               0         Blade 1 Y orientation angle, node 11, rad
        234    2.570E-02, -9.988E-01,  4.194E-02         F               0         Blade 1 Z orientation angle, node 11, rad
        235    9.543E-01,  1.201E-02, -2.987E-01         F               0         Blade 1 X orientation angle, node 12, rad
        236    2.979E-01,  4.770E-02,  9.534E-01         F               0         Blade 1 Y orientation angle, node 12, rad
        237    2.570E-02, -9.988E-01,  4.194E-02         F               0         Blade 1 Z orientation angle, node 12, rad
        238    9.568E-01,  1.242E-02, -2.904E-01         F               0         Blade 1 X orientation angle, node 13, rad
        239    2.895E-01,  4.759E-02,  9.560E-01         F               0         Blade 1 Y orientation angle, node 13, rad
        240    2.570E-02, -9.988E-01,  4.194E-02         F               0         Blade 1 Z orientation angle, node 13, rad
        241    9.591E-01,  1.279E-02, -2.829E-01         F               0         Blade 1 X orientation angle, node 14, rad
        242    2.820E-01,  4.749E-02,  9.582E-01         F               0         Blade 1 Y orientation angle, node 14, rad
        243    2.570E-02, -9.988E-01,  4.194E-02         F               0         Blade 1 Z orientation angle, node 14, rad
        244    9.610E-01,  1.313E-02, -2.762E-01         F               0         Blade 1 X orientation angle, node 15, rad
        245    2.753E-01,  4.740E-02,  9.602E-01         F               0         Blade 1 Y orientation angle, node 15, rad
        246    2.570E-02, -9.988E-01,  4.194E-02         F               0         Blade 1 Z orientation angle, node 15, rad
        247    9.627E-01,  1.342E-02, -2.702E-01         F               0         Blade 1 X orientation angle, node 16, rad
        248    2.693E-01,  4.732E-02,  9.619E-01         F               0         Blade 1 Y orientation angle, node 16, rad
        249    2.570E-02, -9.988E-01,  4.194E-02         F               0         Blade 1 Z orientation angle, node 16, rad
        250    9.642E-01,  1.369E-02, -2.648E-01         F               0         Blade 1 X orientation angle, node 17, rad
        251    2.639E-01,  4.724E-02,  9.634E-01         F               0         Blade 1 Y orientation angle, node 17, rad
        252    2.570E-02, -9.988E-01,  4.194E-02         F               0         Blade 1 Z orientation angle, node 17, rad
        253    9.656E-01,  1.394E-02, -2.597E-01         F               0         Blade 1 X orientation angle, node 18, rad
        254    2.588E-01,  4.717E-02,  9.648E-01         F               0         Blade 1 Y orientation angle, node 18, rad
        255    2.570E-02, -9.988E-01,  4.194E-02         F               0         Blade 1 Z orientation angle, node 18, rad
        256    9.668E-01,  1.416E-02, -2.552E-01         F               0         Blade 1 X orientation angle, node 19, rad
        257    2.543E-01,  4.711E-02,  9.660E-01         F               0         Blade 1 Y orientation angle, node 19, rad
        258    2.570E-02, -9.988E-01,  4.194E-02         F               0         Blade 1 Z orientation angle, node 19, rad
        259    9.678E-01,  1.435E-02, -2.511E-01         F               0         Blade 1 X orientation angle, node 20, rad
        260    2.502E-01,  4.705E-02,  9.670E-01         F               0         Blade 1 Y orientation angle, node 20, rad
        261    2.570E-02, -9.988E-01,  4.194E-02         F               0         Blade 1 Z orientation angle, node 20, rad
        262    9.688E-01,  1.454E-02, -2.472E-01         F               0         Blade 1 X orientation angle, node 21, rad
        263    2.463E-01,  4.699E-02,  9.680E-01         F               0         Blade 1 Y orientation angle, node 21, rad
        264    2.570E-02, -9.988E-01,  4.194E-02         F               0         Blade 1 Z orientation angle, node 21, rad
        265    9.697E-01,  1.472E-02, -2.437E-01         F               0         Blade 1 X orientation angle, node 22, rad
        266    2.428E-01,  4.693E-02,  9.689E-01         F               0         Blade 1 Y orientation angle, node 22, rad
        267    2.570E-02, -9.988E-01,  4.194E-02         F               0         Blade 1 Z orientation angle, node 22, rad
        268    9.705E-01,  1.487E-02, -2.405E-01         F               0         Blade 1 X orientation angle, node 23, rad
        269    2.396E-01,  4.689E-02,  9.697E-01         F               0         Blade 1 Y orientation angle, node 23, rad
        270    2.570E-02, -9.988E-01,  4.194E-02         F               0         Blade 1 Z orientation angle, node 23, rad
        271    9.713E-01,  1.502E-02, -2.374E-01         F               0         Blade 1 X orientation angle, node 24, rad
        272    2.365E-01,  4.684E-02,  9.705E-01         F               0         Blade 1 Y orientation angle, node 24, rad
        273    2.570E-02, -9.988E-01,  4.194E-02         F               0         Blade 1 Z orientation angle, node 24, rad
        274    9.720E-01,  1.516E-02, -2.346E-01         F               0         Blade 1 X orientation angle, node 25, rad
        275    2.336E-01,  4.679E-02,  9.712E-01         F               0         Blade 1 Y orientation angle, node 25, rad
        276    2.570E-02, -9.988E-01,  4.194E-02         F               0         Blade 1 Z orientation angle, node 25, rad
        277    9.726E-01,  1.528E-02, -2.320E-01         F               0         Blade 1 X orientation angle, node 26, rad
        278    2.311E-01,  4.675E-02,  9.718E-01         F               0         Blade 1 Y orientation angle, node 26, rad
        279    2.570E-02, -9.988E-01,  4.194E-02         F               0         Blade 1 Z orientation angle, node 26, rad
        280    9.732E-01,  1.540E-02, -2.295E-01         F               0         Blade 1 X orientation angle, node 27, rad
        281    2.285E-01,  4.671E-02,  9.724E-01         F               0         Blade 1 Y orientation angle, node 27, rad
        282    2.570E-02, -9.988E-01,  4.194E-02         F               0         Blade 1 Z orientation angle, node 27, rad
        283    9.735E-01,  1.547E-02, -2.281E-01         F               0         Blade 1 X orientation angle, node 28, rad
        284    2.272E-01,  4.669E-02,  9.727E-01         F               0         Blade 1 Y orientation angle, node 28, rad
        285    2.570E-02, -9.988E-01,  4.194E-02         F               0         Blade 1 Z orientation angle, node 28, rad
        286   -1.116E+00                                 F               0         Blade 1 X translation velocity, node 1, m/s
        287   -2.117E-01                                 F               0         Blade 1 Y translation velocity, node 1, m/s
        288   -4.721E+00                                 F               0         Blade 1 Z translation velocity, node 1, m/s
        289   -1.383E+00                                 F               0         Blade 1 X translation velocity, node 2, m/s
        290   -2.664E-01                                 F               0         Blade 1 Y translation velocity, node 2, m/s
        291   -5.860E+00                                 F               0         Blade 1 Z translation velocity, node 2, m/s
        292   -5.018E+00                                 F               0         Blade 1 X translation velocity, node 3, m/s
        293   -1.010E+00                                 F               0         Blade 1 Y translation velocity, node 3, m/s
        294   -2.134E+01                                 F               0         Blade 1 Z translation velocity, node 3, m/s
        295   -5.793E+00                                 F               0         Blade 1 X translation velocity, node 4, m/s
        296   -1.169E+00                                 F               0         Blade 1 Y translation velocity, node 4, m/s
        297   -2.464E+01                                 F               0         Blade 1 Z translation velocity, node 4, m/s
        298   -6.567E+00                                 F               0         Blade 1 X translation velocity, node 5, m/s
        299   -1.327E+00                                 F               0         Blade 1 Y translation velocity, node 5, m/s
        300   -2.794E+01                                 F               0         Blade 1 Z translation velocity, node 5, m/s
        301   -7.342E+00                                 F               0         Blade 1 X translation velocity, node 6, m/s
        302   -1.485E+00                                 F               0         Blade 1 Y translation velocity, node 6, m/s
        303   -3.124E+01                                 F               0         Blade 1 Z translation velocity, node 6, m/s
        304   -8.116E+00                                 F               0         Blade 1 X translation velocity, node 7, m/s
        305   -1.644E+00                                 F               0         Blade 1 Y translation velocity, node 7, m/s
        306   -3.454E+01                                 F               0         Blade 1 Z translation velocity, node 7, m/s
        307   -8.891E+00                                 F               0         Blade 1 X translation velocity, node 8, m/s
