
Linearized model: Predictions were generated on 07-Feb-2024 at 11:38:03 using OpenFAST, compiled as a 64-bit application using single precision at commit v3.5.1
 linked with  NWTC Subroutine Library; ElastoDyn; InflowWind; AeroDyn; ServoDyn; HydroDyn; MAP++ (<1.20.10>, <Oct-20-2023>)

Description from the FAST input file: CCT-9 Campign 4 model. Input files to be run with OpenFAST 3.5.0. GitHub branch from Lu Wang (https://github.com/luwang00/openfast/tree/dev) compiled on March 7, 2023.

Simulation information:
   Simulation time:                  1006.7250 s
   Rotor Speed:                         1.0415 rad/s
   Azimuth:                             1.7607 rad
   Wind Speed:                         12.0000 m/s
   Number of continuous states:         0
   Number of discrete states:           0
   Number of constraint states:         0
   Number of inputs:                 1746
   Number of outputs:                   4
   Jacobians included in this file?    No

Order of inputs:
     Column   Operating Point                     Rotating Frame? Derivative Order Description
   ---------- ---------------                     --------------- ---------------- -----------
          1    1.513E+01                                 F               0         Tower X translation displacement, node 1, m
          2   -1.171E+00                                 F               0         Tower Y translation displacement, node 1, m
          3   -4.974E-01                                 F               0         Tower Z translation displacement, node 1, m
          4    1.706E+01                                 F               0         Tower X translation displacement, node 2, m
          5   -1.816E+00                                 F               0         Tower Y translation displacement, node 2, m
          6   -6.656E-01                                 F               0         Tower Z translation displacement, node 2, m
          7    1.902E+01                                 F               0         Tower X translation displacement, node 3, m
          8   -2.466E+00                                 F               0         Tower Y translation displacement, node 3, m
          9   -8.397E-01                                 F               0         Tower Z translation displacement, node 3, m
         10    2.101E+01                                 F               0         Tower X translation displacement, node 4, m
         11   -3.123E+00                                 F               0         Tower Y translation displacement, node 4, m
         12   -1.018E+00                                 F               0         Tower Z translation displacement, node 4, m
         13    2.302E+01                                 F               0         Tower X translation displacement, node 5, m
         14   -3.783E+00                                 F               0         Tower Y translation displacement, node 5, m
         15   -1.201E+00                                 F               0         Tower Z translation displacement, node 5, m
         16    2.505E+01                                 F               0         Tower X translation displacement, node 6, m
         17   -4.448E+00                                 F               0         Tower Y translation displacement, node 6, m
         18   -1.386E+00                                 F               0         Tower Z translation displacement, node 6, m
         19    2.709E+01                                 F               0         Tower X translation displacement, node 7, m
         20   -5.115E+00                                 F               0         Tower Y translation displacement, node 7, m
         21   -1.575E+00                                 F               0         Tower Z translation displacement, node 7, m
         22    2.914E+01                                 F               0         Tower X translation displacement, node 8, m
         23   -5.785E+00                                 F               0         Tower Y translation displacement, node 8, m
         24   -1.765E+00                                 F               0         Tower Z translation displacement, node 8, m
         25    3.120E+01                                 F               0         Tower X translation displacement, node 9, m
         26   -6.457E+00                                 F               0         Tower Y translation displacement, node 9, m
         27   -1.956E+00                                 F               0         Tower Z translation displacement, node 9, m
         28    3.327E+01                                 F               0         Tower X translation displacement, node 10, m
         29   -7.130E+00                                 F               0         Tower Y translation displacement, node 10, m
         30   -2.149E+00                                 F               0         Tower Z translation displacement, node 10, m
         31    3.534E+01                                 F               0         Tower X translation displacement, node 11, m
         32   -7.804E+00                                 F               0         Tower Y translation displacement, node 11, m
         33   -2.342E+00                                 F               0         Tower Z translation displacement, node 11, m
         34    9.879E-01,  1.378E-02, -1.544E-01         F               0         Tower X orientation angle, node 1, rad
         35   -5.575E-03,  9.986E-01,  5.344E-02         F               0         Tower Y orientation angle, node 1, rad
         36    1.549E-01, -5.193E-02,  9.866E-01         F               0         Tower Z orientation angle, node 1, rad
         37    9.875E-01,  1.391E-02, -1.570E-01         F               0         Tower X orientation angle, node 2, rad
         38   -5.491E-03,  9.985E-01,  5.397E-02         F               0         Tower Y orientation angle, node 2, rad
         39    1.575E-01, -5.243E-02,  9.861E-01         F               0         Tower Z orientation angle, node 2, rad
         40    9.871E-01,  1.404E-02, -1.593E-01         F               0         Tower X orientation angle, node 3, rad
         41   -5.414E-03,  9.985E-01,  5.445E-02         F               0         Tower Y orientation angle, node 3, rad
         42    1.598E-01, -5.288E-02,  9.857E-01         F               0         Tower Z orientation angle, node 3, rad
         43    9.868E-01,  1.414E-02, -1.612E-01         F               0         Tower X orientation angle, node 4, rad
         44   -5.346E-03,  9.985E-01,  5.486E-02         F               0         Tower Y orientation angle, node 4, rad
         45    1.618E-01, -5.328E-02,  9.854E-01         F               0         Tower Z orientation angle, node 4, rad
         46    9.865E-01,  1.423E-02, -1.629E-01         F               0         Tower X orientation angle, node 5, rad
         47   -5.287E-03,  9.985E-01,  5.522E-02         F               0         Tower Y orientation angle, node 5, rad
         48    1.634E-01, -5.362E-02,  9.851E-01         F               0         Tower Z orientation angle, node 5, rad
         49    9.863E-01,  1.430E-02, -1.642E-01         F               0         Tower X orientation angle, node 6, rad
         50   -5.238E-03,  9.984E-01,  5.552E-02         F               0         Tower Y orientation angle, node 6, rad
         51    1.647E-01, -5.390E-02,  9.849E-01         F               0         Tower Z orientation angle, node 6, rad
         52    9.862E-01,  1.436E-02, -1.652E-01         F               0         Tower X orientation angle, node 7, rad
         53   -5.197E-03,  9.984E-01,  5.576E-02         F               0         Tower Y orientation angle, node 7, rad
         54    1.658E-01, -5.413E-02,  9.847E-01         F               0         Tower Z orientation angle, node 7, rad
         55    9.860E-01,  1.440E-02, -1.660E-01         F               0         Tower X orientation angle, node 8, rad
         56   -5.166E-03,  9.984E-01,  5.595E-02         F               0         Tower Y orientation angle, node 8, rad
         57    1.665E-01, -5.431E-02,  9.845E-01         F               0         Tower Z orientation angle, node 8, rad
         58    9.859E-01,  1.443E-02, -1.665E-01         F               0         Tower X orientation angle, node 9, rad
         59   -5.143E-03,  9.984E-01,  5.609E-02         F               0         Tower Y orientation angle, node 9, rad
         60    1.671E-01, -5.444E-02,  9.844E-01         F               0         Tower Z orientation angle, node 9, rad
         61    9.859E-01,  1.445E-02, -1.669E-01         F               0         Tower X orientation angle, node 10, rad
         62   -5.128E-03,  9.984E-01,  5.618E-02         F               0         Tower Y orientation angle, node 10, rad
         63    1.674E-01, -5.453E-02,  9.844E-01         F               0         Tower Z orientation angle, node 10, rad
         64    9.858E-01,  1.446E-02, -1.670E-01         F               0         Tower X orientation angle, node 11, rad
         65   -5.119E-03,  9.984E-01,  5.623E-02         F               0         Tower Y orientation angle, node 11, rad
         66    1.676E-01, -5.457E-02,  9.843E-01         F               0         Tower Z orientation angle, node 11, rad
         67   -1.734E-03                                 F               0         Tower X translation velocity, node 1, m/s
         68   -5.244E-03                                 F               0         Tower Y translation velocity, node 1, m/s
         69    5.072E-03                                 F               0         Tower Z translation velocity, node 1, m/s
         70   -2.791E-03                                 F               0         Tower X translation velocity, node 2, m/s
         71   -8.985E-03                                 F               0         Tower Y translation velocity, node 2, m/s
         72    5.041E-03                                 F               0         Tower Z translation velocity, node 2, m/s
         73   -3.844E-03                                 F               0         Tower X translation velocity, node 3, m/s
         74   -1.281E-02                                 F               0         Tower Y translation velocity, node 3, m/s
         75    5.006E-03                                 F               0         Tower Z translation velocity, node 3, m/s
         76   -4.898E-03                                 F               0         Tower X translation velocity, node 4, m/s
         77   -1.670E-02                                 F               0         Tower Y translation velocity, node 4, m/s
         78    4.968E-03                                 F               0         Tower Z translation velocity, node 4, m/s
         79   -5.955E-03                                 F               0         Tower X translation velocity, node 5, m/s
         80   -2.066E-02                                 F               0         Tower Y translation velocity, node 5, m/s
         81    4.928E-03                                 F               0         Tower Z translation velocity, node 5, m/s
         82   -7.019E-03                                 F               0         Tower X translation velocity, node 6, m/s
         83   -2.467E-02                                 F               0         Tower Y translation velocity, node 6, m/s
         84    4.887E-03                                 F               0         Tower Z translation velocity, node 6, m/s
         85   -8.090E-03                                 F               0         Tower X translation velocity, node 7, m/s
         86   -2.872E-02                                 F               0         Tower Y translation velocity, node 7, m/s
         87    4.844E-03                                 F               0         Tower Z translation velocity, node 7, m/s
         88   -9.171E-03                                 F               0         Tower X translation velocity, node 8, m/s
         89   -3.281E-02                                 F               0         Tower Y translation velocity, node 8, m/s
         90    4.801E-03                                 F               0         Tower Z translation velocity, node 8, m/s
         91   -1.026E-02                                 F               0         Tower X translation velocity, node 9, m/s
         92   -3.694E-02                                 F               0         Tower Y translation velocity, node 9, m/s
         93    4.758E-03                                 F               0         Tower Z translation velocity, node 9, m/s
         94   -1.136E-02                                 F               0         Tower X translation velocity, node 10, m/s
         95   -4.108E-02                                 F               0         Tower Y translation velocity, node 10, m/s
         96    4.715E-03                                 F               0         Tower Z translation velocity, node 10, m/s
         97   -1.246E-02                                 F               0         Tower X translation velocity, node 11, m/s
         98   -4.524E-02                                 F               0         Tower Y translation velocity, node 11, m/s
         99    4.672E-03                                 F               0         Tower Z translation velocity, node 11, m/s
        100    3.681E+01                                 F               0         Hub X translation displacement, node 1, m
        101   -8.389E+00                                 F               0         Hub Y translation displacement, node 1, m
        102   -6.613E-01                                 F               0         Hub Z translation displacement, node 1, m
        103    9.629E-01,  2.009E-02, -2.690E-01         F               0         Hub X orientation angle, node 1, rad
        104    2.658E-01, -2.402E-01,  9.336E-01         F               0         Hub Y orientation angle, node 1, rad
        105   -4.587E-02, -9.705E-01, -2.367E-01         F               0         Hub Z orientation angle, node 1, rad
        106    1.003E+00                                 F               0         Hub X rotation velocity, node 1, rad/s
        107    2.082E-02                                 F               0         Hub Y rotation velocity, node 1, rad/s
        108   -2.800E-01                                 F               0         Hub Z rotation velocity, node 1, rad/s
        109    9.546E-01,  2.720E-02, -2.966E-01         F               0         Blade root 1 X orientation angle, node 1, rad
        110    2.943E-01, -2.395E-01,  9.252E-01         F               0         Blade root 1 Y orientation angle, node 1, rad
        111   -4.587E-02, -9.705E-01, -2.367E-01         F               0         Blade root 1 Z orientation angle, node 1, rad
        112    9.676E-01,  4.145E-02, -2.490E-01         F               0         Blade root 2 X orientation angle, node 1, rad
        113   -1.440E-01, -7.195E-01, -6.794E-01         F               0         Blade root 2 Y orientation angle, node 1, rad
        114   -2.073E-01,  6.933E-01, -6.902E-01         F               0         Blade root 2 Z orientation angle, node 1, rad
        115    9.653E-01, -8.419E-03, -2.611E-01         F               0         Blade root 3 X orientation angle, node 1, rad
        116   -6.458E-02,  9.608E-01, -2.697E-01         F               0         Blade root 3 Y orientation angle, node 1, rad
        117    2.532E-01,  2.772E-01,  9.269E-01         F               0         Blade root 3 Z orientation angle, node 1, rad
        118    3.598E+01                                 F               0         Blade 1 X translation displacement, node 1, m
        119   -1.377E+01                                 F               0         Blade 1 Y translation displacement, node 1, m
        120   -7.482E+00                                 F               0         Blade 1 Z translation displacement, node 1, m
        121    3.577E+01                                 F               0         Blade 1 X translation displacement, node 2, m
        122   -1.506E+01                                 F               0         Blade 1 Y translation displacement, node 2, m
        123   -9.126E+00                                 F               0         Blade 1 Z translation displacement, node 2, m
        124    3.304E+01                                 F               0         Blade 1 X translation displacement, node 3, m
        125   -3.268E+01                                 F               0         Blade 1 Y translation displacement, node 3, m
        126   -3.147E+01                                 F               0         Blade 1 Z translation displacement, node 3, m
        127    3.246E+01                                 F               0         Blade 1 X translation displacement, node 4, m
        128   -3.643E+01                                 F               0         Blade 1 Y translation displacement, node 4, m
        129   -3.624E+01                                 F               0         Blade 1 Z translation displacement, node 4, m
        130    3.188E+01                                 F               0         Blade 1 X translation displacement, node 5, m
        131   -4.019E+01                                 F               0         Blade 1 Y translation displacement, node 5, m
        132   -4.100E+01                                 F               0         Blade 1 Z translation displacement, node 5, m
        133    3.130E+01                                 F               0         Blade 1 X translation displacement, node 6, m
        134   -4.394E+01                                 F               0         Blade 1 Y translation displacement, node 6, m
        135   -4.576E+01                                 F               0         Blade 1 Z translation displacement, node 6, m
        136    3.072E+01                                 F               0         Blade 1 X translation displacement, node 7, m
        137   -4.769E+01                                 F               0         Blade 1 Y translation displacement, node 7, m
        138   -5.052E+01                                 F               0         Blade 1 Z translation displacement, node 7, m
        139    3.014E+01                                 F               0         Blade 1 X translation displacement, node 8, m
        140   -5.145E+01                                 F               0         Blade 1 Y translation displacement, node 8, m
        141   -5.528E+01                                 F               0         Blade 1 Z translation displacement, node 8, m
        142    2.955E+01                                 F               0         Blade 1 X translation displacement, node 9, m
        143   -5.520E+01                                 F               0         Blade 1 Y translation displacement, node 9, m
        144   -6.005E+01                                 F               0         Blade 1 Z translation displacement, node 9, m
        145    2.897E+01                                 F               0         Blade 1 X translation displacement, node 10, m
        146   -5.895E+01                                 F               0         Blade 1 Y translation displacement, node 10, m
        147   -6.481E+01                                 F               0         Blade 1 Z translation displacement, node 10, m
        148    2.839E+01                                 F               0         Blade 1 X translation displacement, node 11, m
        149   -6.271E+01                                 F               0         Blade 1 Y translation displacement, node 11, m
        150   -6.957E+01                                 F               0         Blade 1 Z translation displacement, node 11, m
        151    2.781E+01                                 F               0         Blade 1 X translation displacement, node 12, m
        152   -6.646E+01                                 F               0         Blade 1 Y translation displacement, node 12, m
        153   -7.433E+01                                 F               0         Blade 1 Z translation displacement, node 12, m
        154    2.723E+01                                 F               0         Blade 1 X translation displacement, node 13, m
        155   -7.021E+01                                 F               0         Blade 1 Y translation displacement, node 13, m
        156   -7.909E+01                                 F               0         Blade 1 Z translation displacement, node 13, m
        157    2.665E+01                                 F               0         Blade 1 X translation displacement, node 14, m
        158   -7.397E+01                                 F               0         Blade 1 Y translation displacement, node 14, m
        159   -8.386E+01                                 F               0         Blade 1 Z translation displacement, node 14, m
        160    2.606E+01                                 F               0         Blade 1 X translation displacement, node 15, m
        161   -7.772E+01                                 F               0         Blade 1 Y translation displacement, node 15, m
        162   -8.862E+01                                 F               0         Blade 1 Z translation displacement, node 15, m
        163    2.548E+01                                 F               0         Blade 1 X translation displacement, node 16, m
        164   -8.148E+01                                 F               0         Blade 1 Y translation displacement, node 16, m
        165   -9.338E+01                                 F               0         Blade 1 Z translation displacement, node 16, m
        166    2.490E+01                                 F               0         Blade 1 X translation displacement, node 17, m
        167   -8.523E+01                                 F               0         Blade 1 Y translation displacement, node 17, m
        168   -9.814E+01                                 F               0         Blade 1 Z translation displacement, node 17, m
        169    2.432E+01                                 F               0         Blade 1 X translation displacement, node 18, m
        170   -8.898E+01                                 F               0         Blade 1 Y translation displacement, node 18, m
        171   -1.029E+02                                 F               0         Blade 1 Z translation displacement, node 18, m
        172    2.374E+01                                 F               0         Blade 1 X translation displacement, node 19, m
        173   -9.274E+01                                 F               0         Blade 1 Y translation displacement, node 19, m
        174   -1.077E+02                                 F               0         Blade 1 Z translation displacement, node 19, m
        175    2.316E+01                                 F               0         Blade 1 X translation displacement, node 20, m
        176   -9.649E+01                                 F               0         Blade 1 Y translation displacement, node 20, m
        177   -1.124E+02                                 F               0         Blade 1 Z translation displacement, node 20, m
        178    2.257E+01                                 F               0         Blade 1 X translation displacement, node 21, m
        179   -1.002E+02                                 F               0         Blade 1 Y translation displacement, node 21, m
        180   -1.172E+02                                 F               0         Blade 1 Z translation displacement, node 21, m
        181    2.199E+01                                 F               0         Blade 1 X translation displacement, node 22, m
        182   -1.040E+02                                 F               0         Blade 1 Y translation displacement, node 22, m
        183   -1.220E+02                                 F               0         Blade 1 Z translation displacement, node 22, m
        184    2.141E+01                                 F               0         Blade 1 X translation displacement, node 23, m
        185   -1.078E+02                                 F               0         Blade 1 Y translation displacement, node 23, m
        186   -1.267E+02                                 F               0         Blade 1 Z translation displacement, node 23, m
        187    2.083E+01                                 F               0         Blade 1 X translation displacement, node 24, m
        188   -1.115E+02                                 F               0         Blade 1 Y translation displacement, node 24, m
        189   -1.315E+02                                 F               0         Blade 1 Z translation displacement, node 24, m
        190    2.025E+01                                 F               0         Blade 1 X translation displacement, node 25, m
        191   -1.153E+02                                 F               0         Blade 1 Y translation displacement, node 25, m
        192   -1.362E+02                                 F               0         Blade 1 Z translation displacement, node 25, m
        193    1.966E+01                                 F               0         Blade 1 X translation displacement, node 26, m
        194   -1.190E+02                                 F               0         Blade 1 Y translation displacement, node 26, m
        195   -1.410E+02                                 F               0         Blade 1 Z translation displacement, node 26, m
        196    1.908E+01                                 F               0         Blade 1 X translation displacement, node 27, m
        197   -1.228E+02                                 F               0         Blade 1 Y translation displacement, node 27, m
        198   -1.458E+02                                 F               0         Blade 1 Z translation displacement, node 27, m
        199    1.859E+01                                 F               0         Blade 1 X translation displacement, node 28, m
        200   -1.259E+02                                 F               0         Blade 1 Y translation displacement, node 28, m
        201   -1.498E+02                                 F               0         Blade 1 Z translation displacement, node 28, m
        202    7.154E-01,  1.334E-01, -6.859E-01         F               0         Blade 1 X orientation angle, node 1, rad
        203    6.972E-01, -2.008E-01,  6.882E-01         F               0         Blade 1 Y orientation angle, node 1, rad
        204   -4.587E-02, -9.705E-01, -2.367E-01         F               0         Blade 1 Z orientation angle, node 1, rad
        205    7.154E-01,  1.334E-01, -6.859E-01         F               0         Blade 1 X orientation angle, node 2, rad
        206    6.972E-01, -2.008E-01,  6.882E-01         F               0         Blade 1 Y orientation angle, node 2, rad
        207   -4.587E-02, -9.705E-01, -2.367E-01         F               0         Blade 1 Z orientation angle, node 2, rad
        208    8.603E-01,  8.205E-02, -5.032E-01         F               0         Blade 1 X orientation angle, node 3, rad
        209    5.078E-01, -2.267E-01,  8.311E-01         F               0         Blade 1 Y orientation angle, node 3, rad
        210   -4.587E-02, -9.705E-01, -2.367E-01         F               0         Blade 1 Z orientation angle, node 3, rad
        211    8.809E-01,  7.241E-02, -4.677E-01         F               0         Blade 1 X orientation angle, node 4, rad
        212    4.710E-01, -2.299E-01,  8.516E-01         F               0         Blade 1 Y orientation angle, node 4, rad
        213   -4.587E-02, -9.705E-01, -2.367E-01         F               0         Blade 1 Z orientation angle, node 4, rad
        214    8.961E-01,  6.475E-02, -4.392E-01         F               0         Blade 1 X orientation angle, node 5, rad
        215    4.416E-01, -2.322E-01,  8.667E-01         F               0         Blade 1 Y orientation angle, node 5, rad
        216   -4.587E-02, -9.705E-01, -2.367E-01         F               0         Blade 1 Z orientation angle, node 5, rad
        217    9.075E-01,  5.856E-02, -4.160E-01         F               0         Blade 1 X orientation angle, node 6, rad
        218    4.176E-01, -2.339E-01,  8.780E-01         F               0         Blade 1 Y orientation angle, node 6, rad
        219   -4.587E-02, -9.705E-01, -2.367E-01         F               0         Blade 1 Z orientation angle, node 6, rad
        220    9.164E-01,  5.345E-02, -3.968E-01         F               0         Blade 1 X orientation angle, node 7, rad
        221    3.977E-01, -2.351E-01,  8.869E-01         F               0         Blade 1 Y orientation angle, node 7, rad
        222   -4.587E-02, -9.705E-01, -2.367E-01         F               0         Blade 1 Z orientation angle, node 7, rad
        223    9.234E-01,  4.917E-02, -3.806E-01         F               0         Blade 1 X orientation angle, node 8, rad
        224    3.810E-01, -2.360E-01,  8.939E-01         F               0         Blade 1 Y orientation angle, node 8, rad
        225   -4.587E-02, -9.705E-01, -2.367E-01         F               0         Blade 1 Z orientation angle, node 8, rad
        226    9.292E-01,  4.554E-02, -3.669E-01         F               0         Blade 1 X orientation angle, node 9, rad
        227    3.668E-01, -2.367E-01,  8.997E-01         F               0         Blade 1 Y orientation angle, node 9, rad
        228   -4.587E-02, -9.705E-01, -2.367E-01         F               0         Blade 1 Z orientation angle, node 9, rad
        229    9.339E-01,  4.240E-02, -3.549E-01         F               0         Blade 1 X orientation angle, node 10, rad
        230    3.545E-01, -2.373E-01,  9.045E-01         F               0         Blade 1 Y orientation angle, node 10, rad
        231   -4.587E-02, -9.705E-01, -2.367E-01         F               0         Blade 1 Z orientation angle, node 10, rad
        232    9.379E-01,  3.970E-02, -3.446E-01         F               0         Blade 1 X orientation angle, node 11, rad
        233    3.438E-01, -2.378E-01,  9.084E-01         F               0         Blade 1 Y orientation angle, node 11, rad
        234   -4.587E-02, -9.705E-01, -2.367E-01         F               0         Blade 1 Z orientation angle, node 11, rad
        235    9.413E-01,  3.734E-02, -3.356E-01         F               0         Blade 1 X orientation angle, node 12, rad
        236    3.345E-01, -2.382E-01,  9.118E-01         F               0         Blade 1 Y orientation angle, node 12, rad
        237   -4.587E-02, -9.705E-01, -2.367E-01         F               0         Blade 1 Z orientation angle, node 12, rad
        238    9.442E-01,  3.526E-02, -3.276E-01         F               0         Blade 1 X orientation angle, node 13, rad
        239    3.263E-01, -2.385E-01,  9.147E-01         F               0         Blade 1 Y orientation angle, node 13, rad
        240   -4.587E-02, -9.705E-01, -2.367E-01         F               0         Blade 1 Z orientation angle, node 13, rad
        241    9.467E-01,  3.338E-02, -3.204E-01         F               0         Blade 1 X orientation angle, node 14, rad
        242    3.188E-01, -2.388E-01,  9.172E-01         F               0         Blade 1 Y orientation angle, node 14, rad
        243   -4.587E-02, -9.705E-01, -2.367E-01         F               0         Blade 1 Z orientation angle, node 14, rad
        244    9.489E-01,  3.171E-02, -3.140E-01         F               0         Blade 1 X orientation angle, node 15, rad
        245    3.122E-01, -2.390E-01,  9.195E-01         F               0         Blade 1 Y orientation angle, node 15, rad
        246   -4.587E-02, -9.705E-01, -2.367E-01         F               0         Blade 1 Z orientation angle, node 15, rad
        247    9.508E-01,  3.021E-02, -3.082E-01         F               0         Blade 1 X orientation angle, node 16, rad
        248    3.063E-01, -2.392E-01,  9.214E-01         F               0         Blade 1 Y orientation angle, node 16, rad
        249   -4.587E-02, -9.705E-01, -2.367E-01         F               0         Blade 1 Z orientation angle, node 16, rad
        250    9.525E-01,  2.888E-02, -3.030E-01         F               0         Blade 1 X orientation angle, node 17, rad
        251    3.009E-01, -2.393E-01,  9.231E-01         F               0         Blade 1 Y orientation angle, node 17, rad
        252   -4.587E-02, -9.705E-01, -2.367E-01         F               0         Blade 1 Z orientation angle, node 17, rad
        253    9.541E-01,  2.762E-02, -2.982E-01         F               0         Blade 1 X orientation angle, node 18, rad
        254    2.959E-01, -2.395E-01,  9.247E-01         F               0         Blade 1 Y orientation angle, node 18, rad
        255   -4.587E-02, -9.705E-01, -2.367E-01         F               0         Blade 1 Z orientation angle, node 18, rad
        256    9.555E-01,  2.649E-02, -2.938E-01         F               0         Blade 1 X orientation angle, node 19, rad
        257    2.914E-01, -2.396E-01,  9.261E-01         F               0         Blade 1 Y orientation angle, node 19, rad
        258   -4.587E-02, -9.705E-01, -2.367E-01         F               0         Blade 1 Z orientation angle, node 19, rad
        259    9.567E-01,  2.549E-02, -2.900E-01         F               0         Blade 1 X orientation angle, node 20, rad
        260    2.874E-01, -2.397E-01,  9.273E-01         F               0         Blade 1 Y orientation angle, node 20, rad
        261   -4.587E-02, -9.705E-01, -2.367E-01         F               0         Blade 1 Z orientation angle, node 20, rad
        262    9.578E-01,  2.453E-02, -2.862E-01         F               0         Blade 1 X orientation angle, node 21, rad
        263    2.836E-01, -2.398E-01,  9.285E-01         F               0         Blade 1 Y orientation angle, node 21, rad
        264   -4.587E-02, -9.705E-01, -2.367E-01         F               0         Blade 1 Z orientation angle, node 21, rad
        265    9.589E-01,  2.365E-02, -2.828E-01         F               0         Blade 1 X orientation angle, node 22, rad
        266    2.801E-01, -2.399E-01,  9.295E-01         F               0         Blade 1 Y orientation angle, node 22, rad
        267   -4.587E-02, -9.705E-01, -2.367E-01         F               0         Blade 1 Z orientation angle, node 22, rad
        268    9.598E-01,  2.285E-02, -2.797E-01         F               0         Blade 1 X orientation angle, node 23, rad
        269    2.769E-01, -2.400E-01,  9.304E-01         F               0         Blade 1 Y orientation angle, node 23, rad
        270   -4.587E-02, -9.705E-01, -2.367E-01         F               0         Blade 1 Z orientation angle, node 23, rad
        271    9.607E-01,  2.210E-02, -2.768E-01         F               0         Blade 1 X orientation angle, node 24, rad
        272    2.739E-01, -2.401E-01,  9.313E-01         F               0         Blade 1 Y orientation angle, node 24, rad
        273   -4.587E-02, -9.705E-01, -2.367E-01         F               0         Blade 1 Z orientation angle, node 24, rad
        274    9.615E-01,  2.139E-02, -2.741E-01         F               0         Blade 1 X orientation angle, node 25, rad
        275    2.710E-01, -2.401E-01,  9.321E-01         F               0         Blade 1 Y orientation angle, node 25, rad
        276   -4.587E-02, -9.705E-01, -2.367E-01         F               0         Blade 1 Z orientation angle, node 25, rad
        277    9.622E-01,  2.076E-02, -2.716E-01         F               0         Blade 1 X orientation angle, node 26, rad
        278    2.685E-01, -2.402E-01,  9.329E-01         F               0         Blade 1 Y orientation angle, node 26, rad
        279   -4.587E-02, -9.705E-01, -2.367E-01         F               0         Blade 1 Z orientation angle, node 26, rad
        280    9.629E-01,  2.013E-02, -2.692E-01         F               0         Blade 1 X orientation angle, node 27, rad
        281    2.660E-01, -2.402E-01,  9.336E-01         F               0         Blade 1 Y orientation angle, node 27, rad
        282   -4.587E-02, -9.705E-01, -2.367E-01         F               0         Blade 1 Z orientation angle, node 27, rad
        283    9.633E-01,  1.979E-02, -2.679E-01         F               0         Blade 1 X orientation angle, node 28, rad
        284    2.647E-01, -2.403E-01,  9.339E-01         F               0         Blade 1 Y orientation angle, node 28, rad
        285   -4.587E-02, -9.705E-01, -2.367E-01         F               0         Blade 1 Z orientation angle, node 28, rad
        286   -1.546E+00                                 F               0         Blade 1 X translation velocity, node 1, m/s
        287    1.336E+00                                 F               0         Blade 1 Y translation velocity, node 1, m/s
        288   -5.385E+00                                 F               0         Blade 1 Z translation velocity, node 1, m/s
        289   -1.915E+00                                 F               0         Blade 1 X translation velocity, node 2, m/s
        290    1.670E+00                                 F               0         Blade 1 Y translation velocity, node 2, m/s
        291   -6.684E+00                                 F               0         Blade 1 Z translation velocity, node 2, m/s
        292   -6.937E+00                                 F               0         Blade 1 X translation velocity, node 3, m/s
        293    6.213E+00                                 F               0         Blade 1 Y translation velocity, node 3, m/s
        294   -2.434E+01                                 F               0         Blade 1 Z translation velocity, node 3, m/s
        295   -8.007E+00                                 F               0         Blade 1 X translation velocity, node 4, m/s
        296    7.181E+00                                 F               0         Blade 1 Y translation velocity, node 4, m/s
        297   -2.810E+01                                 F               0         Blade 1 Z translation velocity, node 4, m/s
        298   -9.077E+00                                 F               0         Blade 1 X translation velocity, node 5, m/s
        299    8.149E+00                                 F               0         Blade 1 Y translation velocity, node 5, m/s
        300   -3.187E+01                                 F               0         Blade 1 Z translation velocity, node 5, m/s
        301   -1.015E+01                                 F               0         Blade 1 X translation velocity, node 6, m/s
        302    9.117E+00                                 F               0         Blade 1 Y translation velocity, node 6, m/s
        303   -3.563E+01                                 F               0         Blade 1 Z translation velocity, node 6, m/s
        304   -1.122E+01                                 F               0         Blade 1 X translation velocity, node 7, m/s
        305    1.009E+01                                 F               0         Blade 1 Y translation velocity, node 7, m/s
        306   -3.939E+01                                 F               0         Blade 1 Z translation velocity, node 7, m/s
        307   -1.229E+01                                 F               0         Blade 1 X translation velocity, node 8, m/s
