
Linearized model: Predictions were generated on 13-Feb-2024 at 11:29:37 using OpenFAST, compiled as a 64-bit application using single precision at commit v3.5.1
 linked with  NWTC Subroutine Library; ElastoDyn; InflowWind; AeroDyn; ServoDyn; HydroDyn; MAP++ (<1.20.10>, <Oct-20-2023>)

Description from the FAST input file: CCT-9 Campign 4 model. Input files to be run with OpenFAST 3.5.0. GitHub branch from Lu Wang (https://github.com/luwang00/openfast/tree/dev) compiled on March 7, 2023.

Simulation information:
   Simulation time:                  1213.0500 s
   Rotor Speed:                         0.7916 rad/s
   Azimuth:                             1.7612 rad
   Wind Speed:                         16.0000 m/s
   Number of continuous states:         0
   Number of discrete states:           0
   Number of constraint states:         0
   Number of inputs:                 1746
   Number of outputs:                   4
   Jacobians included in this file?    No

Order of inputs:
     Column   Operating Point                                                   Rotating Frame? Derivative Order Description
   ---------- ---------------                                                   --------------- ---------------- -----------
          1     1.07026338577E+001                                                     F               0         Tower X translation displacement, node 1, m
          2    -1.55838739872E+000                                                     F               0         Tower Y translation displacement, node 1, m
          3    -2.69647777081E-001                                                     F               0         Tower Z translation displacement, node 1, m
          4     1.20885572433E+001                                                     F               0         Tower X translation displacement, node 2, m
          5    -2.19145512581E+000                                                     F               0         Tower Y translation displacement, node 2, m
          6    -3.63961279392E-001                                                     F               0         Tower Z translation displacement, node 2, m
          7     1.34744806290E+001                                                     F               0         Tower X translation displacement, node 3, m
          8    -2.82452273369E+000                                                     F               0         Tower Y translation displacement, node 3, m
          9    -4.58272695541E-001                                                     F               0         Tower Z translation displacement, node 3, m
         10     1.48604040146E+001                                                     F               0         Tower X translation displacement, node 4, m
         11    -3.45759034157E+000                                                     F               0         Tower Y translation displacement, node 4, m
         12    -5.52584290504E-001                                                     F               0         Tower Z translation displacement, node 4, m
         13     1.62463283539E+001                                                     F               0         Tower X translation displacement, node 5, m
         14    -4.09065818787E+000                                                     F               0         Tower Y translation displacement, node 5, m
         15    -6.46893143654E-001                                                     F               0         Tower Z translation displacement, node 5, m
         16     1.76322517395E+001                                                     F               0         Tower X translation displacement, node 6, m
         17    -4.72372531891E+000                                                     F               0         Tower Y translation displacement, node 6, m
         18    -7.41212427616E-001                                                     F               0         Tower Z translation displacement, node 6, m
         19     1.90181770325E+001                                                     F               0         Tower X translation displacement, node 7, m
         20    -5.35679388046E+000                                                     F               0         Tower Y translation displacement, node 7, m
         21    -8.35517823696E-001                                                     F               0         Tower Z translation displacement, node 7, m
         22     2.04040985107E+001                                                     F               0         Tower X translation displacement, node 8, m
         23    -5.98986053467E+000                                                     F               0         Tower Y translation displacement, node 8, m
         24    -9.29835259914E-001                                                     F               0         Tower Z translation displacement, node 8, m
         25     2.17900238037E+001                                                     F               0         Tower X translation displacement, node 9, m
         26    -6.62292909622E+000                                                     F               0         Tower Y translation displacement, node 9, m
         27    -1.02414369583E+000                                                     F               0         Tower Z translation displacement, node 9, m
         28     2.31759471893E+001                                                     F               0         Tower X translation displacement, node 10, m
         29    -7.25599670410E+000                                                     F               0         Tower Y translation displacement, node 10, m
         30    -1.11845815182E+000                                                     F               0         Tower Z translation displacement, node 10, m
         31     2.45618705750E+001                                                     F               0         Tower X translation displacement, node 11, m
         32    -7.88906383514E+000                                                     F               0         Tower Y translation displacement, node 11, m
         33    -1.21276962757E+000                                                     F               0         Tower Z translation displacement, node 11, m
         34     9.93685662746E-001,   3.40888951905E-003,  -1.12148232758E-001         F               0         Tower X orientation angle, node 1, rad
         35     2.36358447000E-003,   9.98680531979E-001,   5.12986406684E-002         F               0         Tower Y orientation angle, node 1, rad
         36     1.12175129354E-001,  -5.12397959828E-002,   9.92366492748E-001         F               0         Tower Z orientation angle, node 1, rad
         37     9.93685662746E-001,   3.40888951905E-003,  -1.12148232758E-001         F               0         Tower X orientation angle, node 2, rad
         38     2.36358447000E-003,   9.98680531979E-001,   5.12986406684E-002         F               0         Tower Y orientation angle, node 2, rad
         39     1.12175129354E-001,  -5.12397959828E-002,   9.92366492748E-001         F               0         Tower Z orientation angle, node 2, rad
         40     9.93685662746E-001,   3.40888951905E-003,  -1.12148232758E-001         F               0         Tower X orientation angle, node 3, rad
         41     2.36358447000E-003,   9.98680531979E-001,   5.12986406684E-002         F               0         Tower Y orientation angle, node 3, rad
         42     1.12175129354E-001,  -5.12397959828E-002,   9.92366492748E-001         F               0         Tower Z orientation angle, node 3, rad
         43     9.93685662746E-001,   3.40888951905E-003,  -1.12148232758E-001         F               0         Tower X orientation angle, node 4, rad
         44     2.36358447000E-003,   9.98680531979E-001,   5.12986406684E-002         F               0         Tower Y orientation angle, node 4, rad
         45     1.12175129354E-001,  -5.12397959828E-002,   9.92366492748E-001         F               0         Tower Z orientation angle, node 4, rad
         46     9.93685662746E-001,   3.40888951905E-003,  -1.12148232758E-001         F               0         Tower X orientation angle, node 5, rad
         47     2.36358447000E-003,   9.98680531979E-001,   5.12986406684E-002         F               0         Tower Y orientation angle, node 5, rad
         48     1.12175129354E-001,  -5.12397959828E-002,   9.92366492748E-001         F               0         Tower Z orientation angle, node 5, rad
         49     9.93685662746E-001,   3.40888951905E-003,  -1.12148232758E-001         F               0         Tower X orientation angle, node 6, rad
         50     2.36358447000E-003,   9.98680531979E-001,   5.12986406684E-002         F               0         Tower Y orientation angle, node 6, rad
         51     1.12175129354E-001,  -5.12397959828E-002,   9.92366492748E-001         F               0         Tower Z orientation angle, node 6, rad
         52     9.93685662746E-001,   3.40888951905E-003,  -1.12148232758E-001         F               0         Tower X orientation angle, node 7, rad
         53     2.36358447000E-003,   9.98680531979E-001,   5.12986406684E-002         F               0         Tower Y orientation angle, node 7, rad
         54     1.12175129354E-001,  -5.12397959828E-002,   9.92366492748E-001         F               0         Tower Z orientation angle, node 7, rad
         55     9.93685662746E-001,   3.40888951905E-003,  -1.12148225307E-001         F               0         Tower X orientation angle, node 8, rad
         56     2.36358447000E-003,   9.98680531979E-001,   5.12986406684E-002         F               0         Tower Y orientation angle, node 8, rad
         57     1.12175129354E-001,  -5.12397922575E-002,   9.92366492748E-001         F               0         Tower Z orientation angle, node 8, rad
         58     9.93685662746E-001,   3.40888975188E-003,  -1.12148232758E-001         F               0         Tower X orientation angle, node 9, rad
         59     2.36358470283E-003,   9.98680531979E-001,   5.12986406684E-002         F               0         Tower Y orientation angle, node 9, rad
         60     1.12175129354E-001,  -5.12397959828E-002,   9.92366492748E-001         F               0         Tower Z orientation angle, node 9, rad
         61     9.93685662746E-001,   3.40888951905E-003,  -1.12148232758E-001         F               0         Tower X orientation angle, node 10, rad
         62     2.36358447000E-003,   9.98680531979E-001,   5.12986406684E-002         F               0         Tower Y orientation angle, node 10, rad
         63     1.12175129354E-001,  -5.12397959828E-002,   9.92366492748E-001         F               0         Tower Z orientation angle, node 10, rad
         64     9.93685662746E-001,   3.40888951905E-003,  -1.12148232758E-001         F               0         Tower X orientation angle, node 11, rad
         65     2.36358447000E-003,   9.98680531979E-001,   5.12986406684E-002         F               0         Tower Y orientation angle, node 11, rad
         66     1.12175129354E-001,  -5.12397959828E-002,   9.92366492748E-001         F               0         Tower Z orientation angle, node 11, rad
         67     2.69194279099E-004                                                     F               0         Tower X translation velocity, node 1, m/s
         68     1.29485526122E-003                                                     F               0         Tower Y translation velocity, node 1, m/s
         69    -1.15345104132E-003                                                     F               0         Tower Z translation velocity, node 1, m/s
         70     3.62873193808E-004                                                     F               0         Tower X translation velocity, node 2, m/s
         71     1.72679498792E-003                                                     F               0         Tower Y translation velocity, node 2, m/s
         72    -1.14173768088E-003                                                     F               0         Tower Z translation velocity, node 2, m/s
         73     4.56552166725E-004                                                     F               0         Tower X translation velocity, node 3, m/s
         74     2.15873471461E-003                                                     F               0         Tower Y translation velocity, node 3, m/s
         75    -1.13002420403E-003                                                     F               0         Tower Z translation velocity, node 3, m/s
         76     5.50231023226E-004                                                     F               0         Tower X translation velocity, node 4, m/s
         77     2.59067444131E-003                                                     F               0         Tower Y translation velocity, node 4, m/s
         78    -1.11831072718E-003                                                     F               0         Tower Z translation velocity, node 4, m/s
         79     6.43910025246E-004                                                     F               0         Tower X translation velocity, node 5, m/s
         80     3.02261440083E-003                                                     F               0         Tower Y translation velocity, node 5, m/s
         81    -1.10659725033E-003                                                     F               0         Tower Z translation velocity, node 5, m/s
         82     7.37588910852E-004                                                     F               0         Tower X translation velocity, node 6, m/s
         83     3.45455366187E-003                                                     F               0         Tower Y translation velocity, node 6, m/s
         84    -1.09488377348E-003                                                     F               0         Tower Z translation velocity, node 6, m/s
         85     8.31267912872E-004                                                     F               0         Tower X translation velocity, node 7, m/s
         86     3.88649362139E-003                                                     F               0         Tower Y translation velocity, node 7, m/s
         87    -1.08317029662E-003                                                     F               0         Tower Z translation velocity, node 7, m/s
         88     9.24946740270E-004                                                     F               0         Tower X translation velocity, node 8, m/s
         89     4.31843288243E-003                                                     F               0         Tower Y translation velocity, node 8, m/s
         90    -1.07145693619E-003                                                     F               0         Tower Z translation velocity, node 8, m/s
         91     1.01862580050E-003                                                     F               0         Tower X translation velocity, node 9, m/s
         92     4.75037284195E-003                                                     F               0         Tower Y translation velocity, node 9, m/s
         93    -1.05974334292E-003                                                     F               0         Tower Z translation velocity, node 9, m/s
         94     1.11230474431E-003                                                     F               0         Tower X translation velocity, node 10, m/s
         95     5.18231280148E-003                                                     F               0         Tower Y translation velocity, node 10, m/s
         96    -1.04802986607E-003                                                     F               0         Tower Z translation velocity, node 10, m/s
         97     1.20598368812E-003                                                     F               0         Tower X translation velocity, node 11, m/s
         98     5.61425276101E-003                                                     F               0         Tower Y translation velocity, node 11, m/s
         99    -1.03631638922E-003                                                     F               0         Tower Z translation velocity, node 11, m/s
        100     2.55106639862E+001                                                     F               0         Hub X translation displacement, node 1, m
        101    -8.32812309265E+000                                                     F               0         Hub Y translation displacement, node 1, m
        102    -6.14310167730E-002                                                     F               0         Hub Z translation displacement, node 1, m
        103     9.76516604424E-001,   8.74623283744E-003,  -2.15264409781E-001         F               0         Hub X orientation angle, node 1, rad
        104     2.11088553071E-001,  -2.38692373037E-001,   9.47875320911E-001         F               0         Hub Y orientation angle, node 1, rad
        105    -4.30916361511E-002,  -9.71055865288E-001,  -2.34933301806E-001         F               0         Hub Z orientation angle, node 1, rad
        106     7.72988021374E-001                                                     F               0         Hub X rotation velocity, node 1, rad/s
        107     6.93152239546E-003                                                     F               0         Hub Y rotation velocity, node 1, rad/s
        108    -1.70410975814E-001                                                     F               0         Hub Z rotation velocity, node 1, rad/s
        109     9.37105476856E-001,   4.22411300242E-002,  -3.46480906010E-001         F               0         Blade root 1 X orientation angle, node 1, rad
        110     3.46376150846E-001,  -2.35087707639E-001,   9.08161520958E-001         F               0         Blade root 1 Y orientation angle, node 1, rad
        111    -4.30916361511E-002,  -9.71055865288E-001,  -2.34933301806E-001         F               0         Blade root 1 Z orientation angle, node 1, rad
        112     9.86903250217E-001,   1.10183738172E-001,  -1.17819733918E-001         F               0         Blade root 2 X orientation angle, node 1, rad
        113    -4.05455706641E-003,  -7.13204860687E-001,  -7.00943946838E-001         F               0         Blade root 2 Y orientation angle, node 1, rad
        114    -1.61262229085E-001,   6.92241609097E-001,  -7.03417420387E-001         F               0         Blade root 2 Z orientation angle, node 1, rad
        115     9.76402521133E-001,  -1.26447156072E-001,  -1.75069242716E-001         F               0         Blade root 3 X orientation angle, node 1, rad
        116     6.98399767280E-002,   9.51984107494E-001,  -2.98074901104E-001         F               0         Blade root 3 Y orientation angle, node 1, rad
        117     2.04353868961E-001,   2.78814256191E-001,   9.38350737095E-001         F               0         Blade root 3 Z orientation angle, node 1, rad
        118     2.46928482056E+001                                                     F               0         Blade 1 X translation displacement, node 1, m
        119    -1.37077722549E+001                                                     F               0         Blade 1 Y translation displacement, node 1, m
        120    -6.87262010574E+000                                                     F               0         Blade 1 Z translation displacement, node 1, m
        121     2.44957885742E+001                                                     F               0         Blade 1 X translation displacement, node 2, m
        122    -1.50040407181E+001                                                     F               0         Blade 1 Y translation displacement, node 2, m
        123    -8.51382541656E+000                                                     F               0         Blade 1 Z translation displacement, node 2, m
        124     2.18161296844E+001                                                     F               0         Blade 1 X translation displacement, node 3, m
        125    -3.26310424805E+001                                                     F               0         Blade 1 Y translation displacement, node 3, m
        126    -3.08313922882E+001                                                     F               0         Blade 1 Z translation displacement, node 3, m
        127     2.12452106476E+001                                                     F               0         Blade 1 X translation displacement, node 4, m
        128    -3.63865776062E+001                                                     F               0         Blade 1 Y translation displacement, node 4, m
        129    -3.55862922668E+001                                                     F               0         Blade 1 Z translation displacement, node 4, m
        130     2.06741847992E+001                                                     F               0         Blade 1 X translation displacement, node 5, m
        131    -4.01428298950E+001                                                     F               0         Blade 1 Y translation displacement, node 5, m
        132    -4.03420791626E+001                                                     F               0         Blade 1 Z translation displacement, node 5, m
        133     2.01032657623E+001                                                     F               0         Blade 1 X translation displacement, node 6, m
        134    -4.38983802795E+001                                                     F               0         Blade 1 Y translation displacement, node 6, m
        135    -4.50969963074E+001                                                     F               0         Blade 1 Z translation displacement, node 6, m
        136     1.95323448181E+001                                                     F               0         Blade 1 X translation displacement, node 7, m
        137    -4.76539459229E+001                                                     F               0         Blade 1 Y translation displacement, node 7, m
        138    -4.98519134521E+001                                                     F               0         Blade 1 Z translation displacement, node 7, m
        139     1.89613208771E+001                                                     F               0         Blade 1 X translation displacement, node 8, m
        140    -5.14101829529E+001                                                     F               0         Blade 1 Y translation displacement, node 8, m
        141    -5.46076965332E+001                                                     F               0         Blade 1 Z translation displacement, node 8, m
        142     1.83903980255E+001                                                     F               0         Blade 1 X translation displacement, node 9, m
        143    -5.51657447815E+001                                                     F               0         Blade 1 Y translation displacement, node 9, m
        144    -5.93626174927E+001                                                     F               0         Blade 1 Z translation displacement, node 9, m
        145     1.78194789886E+001                                                     F               0         Blade 1 X translation displacement, node 10, m
        146    -5.89212989807E+001                                                     F               0         Blade 1 Y translation displacement, node 10, m
        147    -6.41175308228E+001                                                     F               0         Blade 1 Z translation displacement, node 10, m
        148     1.72485561371E+001                                                     F               0         Blade 1 X translation displacement, node 11, m
        149    -6.26768646240E+001                                                     F               0         Blade 1 Y translation displacement, node 11, m
        150    -6.88724517822E+001                                                     F               0         Blade 1 Z translation displacement, node 11, m
        151     1.66775360107E+001                                                     F               0         Blade 1 X translation displacement, node 12, m
        152    -6.64330902100E+001                                                     F               0         Blade 1 Y translation displacement, node 12, m
        153    -7.36282196045E+001                                                     F               0         Blade 1 Z translation displacement, node 12, m
        154     1.61066131592E+001                                                     F               0         Blade 1 X translation displacement, node 13, m
        155    -7.01886520386E+001                                                     F               0         Blade 1 Y translation displacement, node 13, m
        156    -7.83831405640E+001                                                     F               0         Blade 1 Z translation displacement, node 13, m
        157     1.55356941223E+001                                                     F               0         Blade 1 X translation displacement, node 14, m
        158    -7.39442062378E+001                                                     F               0         Blade 1 Y translation displacement, node 14, m
        159    -8.31380538940E+001                                                     F               0         Blade 1 Z translation displacement, node 14, m
        160     1.49646682739E+001                                                     F               0         Blade 1 X translation displacement, node 15, m
        161    -7.77004470825E+001                                                     F               0         Blade 1 Y translation displacement, node 15, m
        162    -8.78938369751E+001                                                     F               0         Blade 1 Z translation displacement, node 15, m
        163     1.43937482834E+001                                                     F               0         Blade 1 X translation displacement, node 16, m
        164    -8.14560012817E+001                                                     F               0         Blade 1 Y translation displacement, node 16, m
        165    -9.26487579346E+001                                                     F               0         Blade 1 Z translation displacement, node 16, m
        166     1.38228263855E+001                                                     F               0         Blade 1 X translation displacement, node 17, m
        167    -8.52115783691E+001                                                     F               0         Blade 1 Y translation displacement, node 17, m
        168    -9.74036788940E+001                                                     F               0         Blade 1 Z translation displacement, node 17, m
        169     1.32519063950E+001                                                     F               0         Blade 1 X translation displacement, node 18, m
        170    -8.89671325684E+001                                                     F               0         Blade 1 Y translation displacement, node 18, m
        171    -1.02158599854E+002                                                     F               0         Blade 1 Z translation displacement, node 18, m
        172     1.26808843613E+001                                                     F               0         Blade 1 X translation displacement, node 19, m
        173    -9.27233505249E+001                                                     F               0         Blade 1 Y translation displacement, node 19, m
        174    -1.06914360046E+002                                                     F               0         Blade 1 Z translation displacement, node 19, m
        175     1.21099615097E+001                                                     F               0         Blade 1 X translation displacement, node 20, m
        176    -9.64789199829E+001                                                     F               0         Blade 1 Y translation displacement, node 20, m
        177    -1.11669281006E+002                                                     F               0         Blade 1 Z translation displacement, node 20, m
        178     1.15390424728E+001                                                     F               0         Blade 1 X translation displacement, node 21, m
        179    -1.00234474182E+002                                                     F               0         Blade 1 Y translation displacement, node 21, m
        180    -1.16424201965E+002                                                     F               0         Blade 1 Z translation displacement, node 21, m
        181     1.09680175781E+001                                                     F               0         Blade 1 X translation displacement, node 22, m
        182    -1.03990715027E+002                                                     F               0         Blade 1 Y translation displacement, node 22, m
        183    -1.21179985046E+002                                                     F               0         Blade 1 Z translation displacement, node 22, m
        184     1.03970947266E+001                                                     F               0         Blade 1 X translation displacement, node 23, m
        185    -1.07746276855E+002                                                     F               0         Blade 1 Y translation displacement, node 23, m
        186    -1.25934898376E+002                                                     F               0         Blade 1 Z translation displacement, node 23, m
        187     9.82617568970E+000                                                     F               0         Blade 1 X translation displacement, node 24, m
        188    -1.11501838684E+002                                                     F               0         Blade 1 Y translation displacement, node 24, m
        189    -1.30689819336E+002                                                     F               0         Blade 1 Z translation displacement, node 24, m
        190     9.25525474548E+000                                                     F               0         Blade 1 X translation displacement, node 25, m
        191    -1.15257392883E+002                                                     F               0         Blade 1 Y translation displacement, node 25, m
        192    -1.35444732666E+002                                                     F               0         Blade 1 Z translation displacement, node 25, m
        193     8.68423080444E+000                                                     F               0         Blade 1 X translation displacement, node 26, m
        194    -1.19013633728E+002                                                     F               0         Blade 1 Y translation displacement, node 26, m
        195    -1.40200531006E+002                                                     F               0         Blade 1 Z translation displacement, node 26, m
        196     8.11331081390E+000                                                     F               0         Blade 1 X translation displacement, node 27, m
        197    -1.22769180298E+002                                                     F               0         Blade 1 Y translation displacement, node 27, m
        198    -1.44955429077E+002                                                     F               0         Blade 1 Z translation displacement, node 27, m
        199     7.62929201126E+000                                                     F               0         Blade 1 X translation displacement, node 28, m
        200    -1.25953094482E+002                                                     F               0         Blade 1 Y translation displacement, node 28, m
        201    -1.48986572266E+002                                                     F               0         Blade 1 Z translation displacement, node 28, m
        202     6.76048338413E-001,   1.44796088338E-001,  -7.22490668297E-001         F               0         Blade 1 X orientation angle, node 1, rad
        203     7.35596179962E-001,  -1.89959570765E-001,   6.50241196156E-001         F               0         Blade 1 Y orientation angle, node 1, rad
        204    -4.30916361511E-002,  -9.71055865288E-001,  -2.34933301806E-001         F               0         Blade 1 Z orientation angle, node 1, rad
        205     6.76048338413E-001,   1.44796088338E-001,  -7.22490668297E-001         F               0         Blade 1 X orientation angle, node 2, rad
        206     7.35596179962E-001,  -1.89959570765E-001,   6.50241196156E-001         F               0         Blade 1 Y orientation angle, node 2, rad
        207    -4.30916361511E-002,  -9.71055865288E-001,  -2.34933301806E-001         F               0         Blade 1 Z orientation angle, node 2, rad
        208     8.31128180027E-001,   9.56486389041E-002,  -5.47793090343E-001         F               0         Blade 1 X orientation angle, node 3, rad
        209     5.54408729076E-001,  -2.18864992261E-001,   8.02950203419E-001         F               0         Blade 1 Y orientation angle, node 3, rad
        210    -4.30916361511E-002,  -9.71055865288E-001,  -2.34933301806E-001         F               0         Blade 1 Z orientation angle, node 3, rad
        211     8.53796541691E-001,   8.63218903542E-002,  -5.13400435448E-001         F               0         Blade 1 X orientation angle, node 4, rad
        212     5.18820405006E-001,  -2.22708493471E-001,   8.25364351273E-001         F               0         Blade 1 Y orientation angle, node 4, rad
        213    -4.30916361511E-002,  -9.71055865288E-001,  -2.34933301806E-001         F               0         Blade 1 Z orientation angle, node 4, rad
        214     8.70528697968E-001,   7.88904950023E-002,  -4.85753089190E-001         F               0         Blade 1 X orientation angle, node 5, rad
        215     4.90227401257E-001,  -2.25448071957E-001,   8.41932475567E-001         F               0         Blade 1 Y orientation angle, node 5, rad
        216    -4.30916361511E-002,  -9.71055865288E-001,  -2.34933301806E-001         F               0         Blade 1 Z orientation angle, node 5, rad
        217     8.83226096630E-001,   7.28825181723E-002,  -4.63249146938E-001         F               0         Blade 1 X orientation angle, node 6, rad
        218     4.66963350773E-001,  -2.27461382747E-001,   8.54521274567E-001         F               0         Blade 1 Y orientation angle, node 6, rad
        219    -4.30916361511E-002,  -9.71055865288E-001,  -2.34933301806E-001         F               0         Blade 1 Z orientation angle, node 6, rad
        220     8.93202662468E-001,   6.79031312466E-002,  -4.44497644901E-001         F               0         Blade 1 X orientation angle, node 7, rad
        221     4.47584748268E-001,  -2.28997185826E-001,   8.64423632622E-001         F               0         Blade 1 Y orientation angle, node 7, rad
        222    -4.30916361511E-002,  -9.71055865288E-001,  -2.34933301806E-001         F               0         Blade 1 Z orientation angle, node 7, rad
        223     9.01179373264E-001,   6.37355521321E-002,  -4.28734749556E-001         F               0         Blade 1 X orientation angle, node 8, rad
        224     4.31299000978E-001,  -2.30191931129E-001,   8.72349023819E-001         F               0         Blade 1 Y orientation angle, node 8, rad
        225    -4.30916361511E-002,  -9.71055865288E-001,  -2.34933301806E-001         F               0         Blade 1 Z orientation angle, node 8, rad
        226     9.07697141171E-001,   6.01926632226E-002,  -4.15286391973E-001         F               0         Blade 1 X orientation angle, node 9, rad
        227     4.17407542467E-001,  -2.31143593788E-001,   8.78830790520E-001         F               0         Blade 1 Y orientation angle, node 9, rad
        228    -4.30916249752E-002,  -9.71055865288E-001,  -2.34933242202E-001         F               0         Blade 1 Z orientation angle, node 9, rad
        229     9.13153827190E-001,   5.71214668453E-002,  -4.03592973948E-001         F               0         Blade 1 X orientation angle, node 10, rad
        230     4.05331045389E-001,  -2.31921717525E-001,   8.84261906147E-001         F               0         Blade 1 Y orientation angle, node 10, rad
        231    -4.30916361511E-002,  -9.71055865288E-001,  -2.34933301806E-001         F               0         Blade 1 Z orientation angle, node 10, rad
        232     9.17693257332E-001,   5.44867776334E-002,  -3.93535554409E-001         F               0         Blade 1 X orientation angle, node 11, rad
        233     3.94945770502E-001,  -2.32554793358E-001,   8.88783514500E-001         F               0         Blade 1 Y orientation angle, node 11, rad
        234    -4.30916324258E-002,  -9.71055865288E-001,  -2.34933286905E-001         F               0         Blade 1 Z orientation angle, node 11, rad
        235     9.21576857567E-001,   5.21705783904E-002,  -3.84674280882E-001         F               0         Blade 1 X orientation angle, node 12, rad
        236     3.85796815157E-001,  -2.33085334301E-001,   8.92654478550E-001         F               0         Blade 1 Y orientation angle, node 12, rad
        237    -4.30916361511E-002,  -9.71055865288E-001,  -2.34933301806E-001         F               0         Blade 1 Z orientation angle, node 12, rad
        238     9.24908459187E-001,   5.01345656812E-002,  -3.76869857311E-001         F               0         Blade 1 X orientation angle, node 13, rad
        239     3.77739965916E-001,  -2.33531728387E-001,   8.95977377892E-001         F               0         Blade 1 Y orientation angle, node 13, rad
        240    -4.30916361511E-002,  -9.71055865288E-001,  -2.34933301806E-001         F               0         Blade 1 Z orientation angle, node 13, rad
        241     9.27846670151E-001,   4.82988841832E-002,  -3.69821310043E-001         F               0         Blade 1 X orientation angle, node 14, rad
        242     3.70464175940E-001,  -2.33918294311E-001,   8.98909628391E-001         F               0         Blade 1 Y orientation angle, node 14, rad
        243    -4.30916398764E-002,  -9.71055865288E-001,  -2.34933316708E-001         F               0         Blade 1 Z orientation angle, node 14, rad
        244     9.30410325527E-001,   4.66646514833E-002,  -3.63536775112E-001         F               0         Blade 1 X orientation angle, node 15, rad
        245     3.63977611065E-001,  -2.34249711037E-001,   9.01469588280E-001         F               0         Blade 1 Y orientation angle, node 15, rad
        246    -4.30916249752E-002,  -9.71055865288E-001,  -2.34933242202E-001         F               0         Blade 1 Z orientation angle, node 15, rad
        247     9.32678878307E-001,   4.51919138432E-002,  -3.57865542173E-001         F               0         Blade 1 X orientation angle, node 16, rad
