
Linearized model: Predictions were generated on 13-Feb-2024 at 11:29:37 using OpenFAST, compiled as a 64-bit application using single precision at commit v3.5.1
 linked with  NWTC Subroutine Library; ElastoDyn; InflowWind; AeroDyn; ServoDyn; HydroDyn; MAP++ (<1.20.10>, <Oct-20-2023>)

Description from the FAST input file: CCT-9 Campign 4 model. Input files to be run with OpenFAST 3.5.0. GitHub branch from Lu Wang (https://github.com/luwang00/openfast/tree/dev) compiled on March 7, 2023.

Simulation information:
   Simulation time:                  1216.5750 s
   Rotor Speed:                         0.7918 rad/s
   Azimuth:                             4.5521 rad
   Wind Speed:                         16.0000 m/s
   Number of continuous states:         0
   Number of discrete states:           0
   Number of constraint states:         0
   Number of inputs:                 1746
   Number of outputs:                   4
   Jacobians included in this file?    No

Order of inputs:
     Column   Operating Point                                                   Rotating Frame? Derivative Order Description
   ---------- ---------------                                                   --------------- ---------------- -----------
          1     1.07028474808E+001                                                     F               0         Tower X translation displacement, node 1, m
          2    -1.56033742428E+000                                                     F               0         Tower Y translation displacement, node 1, m
          3    -2.85727590322E-001                                                     F               0         Tower Z translation displacement, node 1, m
          4     1.20888433456E+001                                                     F               0         Tower X translation displacement, node 2, m
          5    -2.19448065758E+000                                                     F               0         Tower Y translation displacement, node 2, m
          6    -3.80104929209E-001                                                     F               0         Tower Z translation displacement, node 2, m
          7     1.34748401642E+001                                                     F               0         Tower X translation displacement, node 3, m
          8    -2.82862401009E+000                                                     F               0         Tower Y translation displacement, node 3, m
          9    -4.74480181932E-001                                                     F               0         Tower Z translation displacement, node 3, m
         10     1.48608369827E+001                                                     F               0         Tower X translation displacement, node 4, m
         11    -3.46276736259E+000                                                     F               0         Tower Y translation displacement, node 4, m
         12    -5.68855643272E-001                                                     F               0         Tower Z translation displacement, node 4, m
         13     1.62468338013E+001                                                     F               0         Tower X translation displacement, node 5, m
         14    -4.09691095352E+000                                                     F               0         Tower Y translation displacement, node 5, m
         15    -6.63228273392E-001                                                     F               0         Tower Z translation displacement, node 5, m
         16     1.76328296661E+001                                                     F               0         Tower X translation displacement, node 6, m
         17    -4.73105382919E+000                                                     F               0         Tower Y translation displacement, node 6, m
         18    -7.57611453533E-001                                                     F               0         Tower Z translation displacement, node 6, m
         19     1.90188274384E+001                                                     F               0         Tower X translation displacement, node 7, m
         20    -5.36519765854E+000                                                     F               0         Tower Y translation displacement, node 7, m
         21    -8.51980686188E-001                                                     F               0         Tower Z translation displacement, node 7, m
         22     2.04048233032E+001                                                     F               0         Tower X translation displacement, node 8, m
         23    -5.99934053421E+000                                                     F               0         Tower Y translation displacement, node 8, m
         24    -9.46361958981E-001                                                     F               0         Tower Z translation displacement, node 8, m
         25     2.17908210754E+001                                                     F               0         Tower X translation displacement, node 9, m
         26    -6.63348436356E+000                                                     F               0         Tower Y translation displacement, node 9, m
         27    -1.04073429108E+000                                                     F               0         Tower Z translation displacement, node 9, m
         28     2.31768169403E+001                                                     F               0         Tower X translation displacement, node 10, m
         29    -7.26762771606E+000                                                     F               0         Tower Y translation displacement, node 10, m
         30    -1.13511252403E+000                                                     F               0         Tower Z translation displacement, node 10, m
         31     2.45628147125E+001                                                     F               0         Tower X translation displacement, node 11, m
         32    -7.90177059174E+000                                                     F               0         Tower Y translation displacement, node 11, m
         33    -1.22948777676E+000                                                     F               0         Tower Z translation displacement, node 11, m
         34     9.93684947491E-001,   3.40407970361E-003,  -1.12154595554E-001         F               0         Tower X orientation angle, node 1, rad
         35     2.37846607342E-003,   9.98676121235E-001,   5.13845980167E-002         F               0         Tower Y orientation angle, node 1, rad
         36     1.12181037664E-001,  -5.13268560171E-002,   9.92361307144E-001         F               0         Tower Z orientation angle, node 1, rad
         37     9.93684947491E-001,   3.40407970361E-003,  -1.12154595554E-001         F               0         Tower X orientation angle, node 2, rad
         38     2.37846607342E-003,   9.98676121235E-001,   5.13845980167E-002         F               0         Tower Y orientation angle, node 2, rad
         39     1.12181037664E-001,  -5.13268560171E-002,   9.92361307144E-001         F               0         Tower Z orientation angle, node 2, rad
         40     9.93684947491E-001,   3.40407970361E-003,  -1.12154595554E-001         F               0         Tower X orientation angle, node 3, rad
         41     2.37846607342E-003,   9.98676121235E-001,   5.13845980167E-002         F               0         Tower Y orientation angle, node 3, rad
         42     1.12181037664E-001,  -5.13268560171E-002,   9.92361307144E-001         F               0         Tower Z orientation angle, node 3, rad
         43     9.93684947491E-001,   3.40407970361E-003,  -1.12154595554E-001         F               0         Tower X orientation angle, node 4, rad
         44     2.37846607342E-003,   9.98676121235E-001,   5.13845980167E-002         F               0         Tower Y orientation angle, node 4, rad
         45     1.12181037664E-001,  -5.13268560171E-002,   9.92361307144E-001         F               0         Tower Z orientation angle, node 4, rad
         46     9.93684947491E-001,   3.40407970361E-003,  -1.12154595554E-001         F               0         Tower X orientation angle, node 5, rad
         47     2.37846607342E-003,   9.98676121235E-001,   5.13845980167E-002         F               0         Tower Y orientation angle, node 5, rad
         48     1.12181037664E-001,  -5.13268560171E-002,   9.92361307144E-001         F               0         Tower Z orientation angle, node 5, rad
         49     9.93684947491E-001,   3.40407970361E-003,  -1.12154595554E-001         F               0         Tower X orientation angle, node 6, rad
         50     2.37846607342E-003,   9.98676121235E-001,   5.13845980167E-002         F               0         Tower Y orientation angle, node 6, rad
         51     1.12181037664E-001,  -5.13268560171E-002,   9.92361307144E-001         F               0         Tower Z orientation angle, node 6, rad
         52     9.93684947491E-001,   3.40407970361E-003,  -1.12154595554E-001         F               0         Tower X orientation angle, node 7, rad
         53     2.37846607342E-003,   9.98676121235E-001,   5.13845980167E-002         F               0         Tower Y orientation angle, node 7, rad
         54     1.12181037664E-001,  -5.13268560171E-002,   9.92361307144E-001         F               0         Tower Z orientation angle, node 7, rad
         55     9.93684947491E-001,   3.40407947078E-003,  -1.12154595554E-001         F               0         Tower X orientation angle, node 8, rad
         56     2.37846607342E-003,   9.98676121235E-001,   5.13845980167E-002         F               0         Tower Y orientation angle, node 8, rad
         57     1.12181030214E-001,  -5.13268560171E-002,   9.92361307144E-001         F               0         Tower Z orientation angle, node 8, rad
         58     9.93684947491E-001,   3.40407970361E-003,  -1.12154603004E-001         F               0         Tower X orientation angle, node 9, rad
         59     2.37846630625E-003,   9.98676121235E-001,   5.13846017420E-002         F               0         Tower Y orientation angle, node 9, rad
         60     1.12181037664E-001,  -5.13268597424E-002,   9.92361307144E-001         F               0         Tower Z orientation angle, node 9, rad
         61     9.93684947491E-001,   3.40407970361E-003,  -1.12154595554E-001         F               0         Tower X orientation angle, node 10, rad
         62     2.37846607342E-003,   9.98676121235E-001,   5.13845980167E-002         F               0         Tower Y orientation angle, node 10, rad
         63     1.12181037664E-001,  -5.13268560171E-002,   9.92361307144E-001         F               0         Tower Z orientation angle, node 10, rad
         64     9.93684947491E-001,   3.40407970361E-003,  -1.12154595554E-001         F               0         Tower X orientation angle, node 11, rad
         65     2.37846607342E-003,   9.98676121235E-001,   5.13845980167E-002         F               0         Tower Y orientation angle, node 11, rad
         66     1.12181037664E-001,  -5.13268560171E-002,   9.92361307144E-001         F               0         Tower Z orientation angle, node 11, rad
         67    -1.15296657896E-004                                                     F               0         Tower X translation velocity, node 1, m/s
         68    -1.89475226216E-003                                                     F               0         Tower Y translation velocity, node 1, m/s
         69    -7.15692620724E-003                                                     F               0         Tower Z translation velocity, node 1, m/s
         70    -1.54042267241E-004                                                     F               0         Tower X translation velocity, node 2, m/s
         71    -2.75179697201E-003                                                     F               0         Tower Y translation velocity, node 2, m/s
         72    -7.19687435776E-003                                                     F               0         Tower Z translation velocity, node 2, m/s
         73    -1.92787876585E-004                                                     F               0         Tower X translation velocity, node 3, m/s
         74    -3.60884168185E-003                                                     F               0         Tower Y translation velocity, node 3, m/s
         75    -7.23682250828E-003                                                     F               0         Tower Z translation velocity, node 3, m/s
         76    -2.31533500482E-004                                                     F               0         Tower X translation velocity, node 4, m/s
         77    -4.46588685736E-003                                                     F               0         Tower Y translation velocity, node 4, m/s
         78    -7.27677019313E-003                                                     F               0         Tower Z translation velocity, node 4, m/s
         79    -2.70279095275E-004                                                     F               0         Tower X translation velocity, node 5, m/s
         80    -5.32293180004E-003                                                     F               0         Tower Y translation velocity, node 5, m/s
         81    -7.31671834365E-003                                                     F               0         Tower Z translation velocity, node 5, m/s
         82    -3.09024704620E-004                                                     F               0         Tower X translation velocity, node 6, m/s
         83    -6.17997627705E-003                                                     F               0         Tower Y translation velocity, node 6, m/s
         84    -7.35666649416E-003                                                     F               0         Tower Z translation velocity, node 6, m/s
         85    -3.47770343069E-004                                                     F               0         Tower X translation velocity, node 7, m/s
         86    -7.03702168539E-003                                                     F               0         Tower Y translation velocity, node 7, m/s
         87    -7.39661464468E-003                                                     F               0         Tower Z translation velocity, node 7, m/s
         88    -3.86515894206E-004                                                     F               0         Tower X translation velocity, node 8, m/s
         89    -7.89406523108E-003                                                     F               0         Tower Y translation velocity, node 8, m/s
         90    -7.43656232953E-003                                                     F               0         Tower Z translation velocity, node 8, m/s
         91    -4.25261561759E-004                                                     F               0         Tower X translation velocity, node 9, m/s
         92    -8.75111110508E-003                                                     F               0         Tower Y translation velocity, node 9, m/s
         93    -7.47651048005E-003                                                     F               0         Tower Z translation velocity, node 9, m/s
         94    -4.64007171104E-004                                                     F               0         Tower X translation velocity, node 10, m/s
         95    -9.60815604776E-003                                                     F               0         Tower Y translation velocity, node 10, m/s
         96    -7.51645863056E-003                                                     F               0         Tower Z translation velocity, node 10, m/s
         97    -5.02752780449E-004                                                     F               0         Tower X translation velocity, node 11, m/s
         98    -1.04652009904E-002                                                     F               0         Tower Y translation velocity, node 11, m/s
         99    -7.55640678108E-003                                                     F               0         Tower Z translation velocity, node 11, m/s
        100     2.55116615295E+001                                                     F               0         Hub X translation displacement, node 1, m
        101    -8.34146118164E+000                                                     F               0         Hub Y translation displacement, node 1, m
        102    -7.81209692359E-002                                                     F               0         Hub Z translation displacement, node 1, m
        103     9.76515293121E-001,   8.75054951757E-003,  -2.15270206332E-001         F               0         Hub X orientation angle, node 1, rad
        104    -2.13052883744E-001,  -1.09350956976E-001,  -9.70902085304E-001         F               0         Hub Y orientation angle, node 1, rad
        105    -3.20359282196E-002,   9.93964672089E-001,  -1.04918554425E-001         F               0         Hub Z orientation angle, node 1, rad
        106     7.73309230804E-001                                                     F               0         Hub X rotation velocity, node 1, rad/s
        107     6.92620361224E-003                                                     F               0         Hub Y rotation velocity, node 1, rad/s
        108    -1.70465737581E-001                                                     F               0         Hub Z rotation velocity, node 1, rad/s
        109     9.96777176857E-001,   2.40483060479E-002,  -7.65309333801E-002         F               0         Blade root 1 X orientation angle, node 1, rad
        110    -7.35459327698E-002,  -1.07032157481E-001,  -9.91531729698E-001         F               0         Blade root 1 Y orientation angle, node 1, rad
        111    -3.20359282196E-002,   9.93964672089E-001,  -1.04918554425E-001         F               0         Blade root 1 Z orientation angle, node 1, rad
        112     9.55718278885E-001,  -1.20136305690E-001,  -2.68644481897E-001         F               0         Blade root 2 X orientation angle, node 1, rad
        113     2.15386718512E-001,   9.07599449158E-001,   3.60377311707E-001         F               0         Blade root 2 Y orientation angle, node 1, rad
        114     2.00527176261E-001,  -4.02281641960E-001,   8.93285155296E-001         F               0         Blade root 2 Z orientation angle, node 1, rad
        115     9.47911560535E-001,   1.22078530490E-001,  -2.94211626053E-001         F               0         Blade root 3 X orientation angle, node 1, rad
        116     2.70322650671E-001,  -7.96873867512E-001,   5.40294051170E-001         F               0         Blade root 3 Y orientation angle, node 1, rad
        117    -1.68491244316E-001,  -5.91683030128E-001,  -7.88366556168E-001         F               0         Blade root 3 Z orientation angle, node 1, rad
        118     2.47550945282E+001                                                     F               0         Blade 1 X translation displacement, node 1, m
        119    -2.83489727974E+000                                                     F               0         Blade 1 Y translation displacement, node 1, m
        120    -6.16902875900E+000                                                     F               0         Blade 1 Z translation displacement, node 1, m
        121     2.45727939606E+001                                                     F               0         Blade 1 X translation displacement, node 2, m
        122    -1.50804781914E+000                                                     F               0         Blade 1 Y translation displacement, node 2, m
        123    -7.63667583466E+000                                                     F               0         Blade 1 Z translation displacement, node 2, m
        124     2.20938205719E+001                                                     F               0         Blade 1 X translation displacement, node 3, m
        125     1.65348033905E+001                                                     F               0         Blade 1 Y translation displacement, node 3, m
        126    -2.75941638947E+001                                                     F               0         Blade 1 Z translation displacement, node 3, m
        127     2.15656623840E+001                                                     F               0         Blade 1 X translation displacement, node 4, m
        128     2.03789386749E+001                                                     F               0         Blade 1 Y translation displacement, node 4, m
        129    -3.18462314606E+001                                                     F               0         Blade 1 Z translation displacement, node 4, m
        130     2.10374011993E+001                                                     F               0         Blade 1 X translation displacement, node 5, m
        131     2.42238063812E+001                                                     F               0         Blade 1 Y translation displacement, node 5, m
        132    -3.60990943909E+001                                                     F               0         Blade 1 Z translation displacement, node 5, m
        133     2.05092391968E+001                                                     F               0         Blade 1 X translation displacement, node 6, m
        134     2.80679588318E+001                                                     F               0         Blade 1 Y translation displacement, node 6, m
        135    -4.03511810303E+001                                                     F               0         Blade 1 Z translation displacement, node 6, m
        136     1.99810752869E+001                                                     F               0         Blade 1 X translation displacement, node 7, m
        137     3.19121227264E+001                                                     F               0         Blade 1 Y translation displacement, node 7, m
        138    -4.46032676697E+001                                                     F               0         Blade 1 Z translation displacement, node 7, m
        139     1.94528179169E+001                                                     F               0         Blade 1 X translation displacement, node 8, m
        140     3.57569770813E+001                                                     F               0         Blade 1 Y translation displacement, node 8, m
        141    -4.88561286926E+001                                                     F               0         Blade 1 Z translation displacement, node 8, m
        142     1.89246540070E+001                                                     F               0         Blade 1 X translation displacement, node 9, m
        143     3.96011390686E+001                                                     F               0         Blade 1 Y translation displacement, node 9, m
        144    -5.31082115173E+001                                                     F               0         Blade 1 Z translation displacement, node 9, m
        145     1.83964920044E+001                                                     F               0         Blade 1 X translation displacement, node 10, m
        146     4.34452934265E+001                                                     F               0         Blade 1 Y translation displacement, node 10, m
        147    -5.73602981567E+001                                                     F               0         Blade 1 Z translation displacement, node 10, m
        148     1.78683280945E+001                                                     F               0         Blade 1 X translation displacement, node 11, m
        149     4.72894592285E+001                                                     F               0         Blade 1 Y translation displacement, node 11, m
        150    -6.16123847961E+001                                                     F               0         Blade 1 Z translation displacement, node 11, m
        151     1.73400726318E+001                                                     F               0         Blade 1 X translation displacement, node 12, m
        152     5.11342964172E+001                                                     F               0         Blade 1 Y translation displacement, node 12, m
        153    -6.58652343750E+001                                                     F               0         Blade 1 Z translation displacement, node 12, m
        154     1.68119087219E+001                                                     F               0         Blade 1 X translation displacement, node 13, m
        155     5.49784622192E+001                                                     F               0         Blade 1 Y translation displacement, node 13, m
        156    -7.01173171997E+001                                                     F               0         Blade 1 Z translation displacement, node 13, m
        157     1.62837467194E+001                                                     F               0         Blade 1 X translation displacement, node 14, m
        158     5.88226127625E+001                                                     F               0         Blade 1 Y translation displacement, node 14, m
        159    -7.43694000244E+001                                                     F               0         Blade 1 Z translation displacement, node 14, m
        160     1.57554864883E+001                                                     F               0         Blade 1 X translation displacement, node 15, m
        161     6.26674728394E+001                                                     F               0         Blade 1 Y translation displacement, node 15, m
        162    -7.86222610474E+001                                                     F               0         Blade 1 Z translation displacement, node 15, m
        163     1.52273244858E+001                                                     F               0         Blade 1 X translation displacement, node 16, m
        164     6.65116271973E+001                                                     F               0         Blade 1 Y translation displacement, node 16, m
        165    -8.28743515015E+001                                                     F               0         Blade 1 Z translation displacement, node 16, m
        166     1.46991605759E+001                                                     F               0         Blade 1 X translation displacement, node 17, m
        167     7.03557968140E+001                                                     F               0         Blade 1 Y translation displacement, node 17, m
        168    -8.71264419556E+001                                                     F               0         Blade 1 Z translation displacement, node 17, m
        169     1.41709985733E+001                                                     F               0         Blade 1 X translation displacement, node 18, m
        170     7.41999511719E+001                                                     F               0         Blade 1 Y translation displacement, node 18, m
        171    -9.13785247803E+001                                                     F               0         Blade 1 Z translation displacement, node 18, m
        172     1.36427421570E+001                                                     F               0         Blade 1 X translation displacement, node 19, m
        173     7.80447921753E+001                                                     F               0         Blade 1 Y translation displacement, node 19, m
        174    -9.56313705444E+001                                                     F               0         Blade 1 Z translation displacement, node 19, m
        175     1.31145772934E+001                                                     F               0         Blade 1 X translation displacement, node 20, m
        176     8.18889617920E+001                                                     F               0         Blade 1 Y translation displacement, node 20, m
        177    -9.98834533691E+001                                                     F               0         Blade 1 Z translation displacement, node 20, m
        178     1.25864162445E+001                                                     F               0         Blade 1 X translation displacement, node 21, m
        179     8.57331161499E+001                                                     F               0         Blade 1 Y translation displacement, node 21, m
        180    -1.04135543823E+002                                                     F               0         Blade 1 Z translation displacement, node 21, m
        181     1.20581569672E+001                                                     F               0         Blade 1 X translation displacement, node 22, m
        182     8.95779724121E+001                                                     F               0         Blade 1 Y translation displacement, node 22, m
        183    -1.08388404846E+002                                                     F               0         Blade 1 Z translation displacement, node 22, m
        184     1.15299930573E+001                                                     F               0         Blade 1 X translation displacement, node 23, m
        185     9.34221343994E+001                                                     F               0         Blade 1 Y translation displacement, node 23, m
        186    -1.12640487671E+002                                                     F               0         Blade 1 Z translation displacement, node 23, m
        187     1.10018310547E+001                                                     F               0         Blade 1 X translation displacement, node 24, m
        188     9.72662887573E+001                                                     F               0         Blade 1 Y translation displacement, node 24, m
        189    -1.16892570496E+002                                                     F               0         Blade 1 Z translation displacement, node 24, m
        190     1.04736690521E+001                                                     F               0         Blade 1 X translation displacement, node 25, m
        191     1.01110443115E+002                                                     F               0         Blade 1 Y translation displacement, node 25, m
        192    -1.21144660950E+002                                                     F               0         Blade 1 Z translation displacement, node 25, m
        193     9.94541072845E+000                                                     F               0         Blade 1 X translation displacement, node 26, m
        194     1.04955307007E+002                                                     F               0         Blade 1 Y translation displacement, node 26, m
        195    -1.25397521973E+002                                                     F               0         Blade 1 Z translation displacement, node 26, m
        196     9.41724777222E+000                                                     F               0         Blade 1 X translation displacement, node 27, m
        197     1.08799453735E+002                                                     F               0         Blade 1 Y translation displacement, node 27, m
        198    -1.29649597168E+002                                                     F               0         Blade 1 Z translation displacement, node 27, m
        199     8.96947860718E+000                                                     F               0         Blade 1 X translation displacement, node 28, m
        200     1.12058479309E+002                                                     F               0         Blade 1 Y translation displacement, node 28, m
        201    -1.33254455566E+002                                                     F               0         Blade 1 Z translation displacement, node 28, m
        202     9.20643687248E-001,   7.02102035284E-002,   3.84038776159E-001         F               0         Blade 1 X orientation angle, node 1, rad
        203     3.89087319374E-001,  -8.42895582318E-002,  -9.17336523533E-001         F               0         Blade 1 Y orientation angle, node 1, rad
        204    -3.20359282196E-002,   9.93964672089E-001,  -1.04918554425E-001         F               0         Blade 1 Z orientation angle, node 1, rad
        205     9.20643687248E-001,   7.02102035284E-002,   3.84038776159E-001         F               0         Blade 1 X orientation angle, node 2, rad
        206     3.89087319374E-001,  -8.42895582318E-002,  -9.17336523533E-001         F               0         Blade 1 Y orientation angle, node 2, rad
        207    -3.20359282196E-002,   9.93964672089E-001,  -1.04918554425E-001         F               0         Blade 1 Z orientation angle, node 2, rad
        208     9.86629188061E-001,   4.82324846089E-002,   1.55680820346E-001         F               0         Blade 1 X orientation angle, node 3, rad
        209     1.59801721573E-001,  -9.85283255577E-002,  -9.82219696045E-001         F               0         Blade 1 Y orientation angle, node 3, rad
        210    -3.20359282196E-002,   9.93964672089E-001,  -1.04918554425E-001         F               0         Blade 1 Z orientation angle, node 3, rad
        211     9.92496788502E-001,   4.40291687846E-002,   1.14068321884E-001         F               0         Blade 1 X orientation angle, node 4, rad
        212     1.17999359965E-001,  -1.00477039814E-001,  -9.87917244434E-001         F               0         Blade 1 Y orientation angle, node 4, rad
        213    -3.20359282196E-002,   9.93964672089E-001,  -1.04918554425E-001         F               0         Blade 1 Z orientation angle, node 4, rad
        214     9.95863378048E-001,   4.06736284494E-002,   8.12510401011E-002         F               0         Blade 1 X orientation angle, node 5, rad
        215     8.50280821323E-002,  -1.01881593466E-001,  -9.91156101227E-001         F               0         Blade 1 Y orientation angle, node 5, rad
        216    -3.20359282196E-002,   9.93964672089E-001,  -1.04918554425E-001         F               0         Blade 1 Z orientation angle, node 5, rad
        217     9.97768461704E-001,   3.79568152130E-002,   5.49311414361E-002         F               0         Blade 1 X orientation angle, node 6, rad
        218     5.85819892585E-002,  -1.02924644947E-001,  -9.92962598801E-001         F               0         Blade 1 Y orientation angle, node 6, rad
        219    -3.20359282196E-002,   9.93964672089E-001,  -1.04918554425E-001         F               0         Blade 1 Z orientation angle, node 6, rad
        220     9.98808979988E-001,   3.57024930418E-002,   3.32567095757E-002         F               0         Blade 1 X orientation angle, node 7, rad
        221     3.68018485606E-002,  -1.03728175163E-001,  -9.93924617767E-001         F               0         Blade 1 Y orientation angle, node 7, rad
        222    -3.20359282196E-002,   9.93964672089E-001,  -1.04918554425E-001         F               0         Blade 1 Z orientation angle, node 7, rad
        223     9.99312400818E-001,   3.38139012456E-002,   1.52110746130E-002         F               0         Blade 1 X orientation angle, node 8, rad
        224     1.86669770628E-002,  -1.04359105229E-001,  -9.94364500046E-001         F               0         Blade 1 Y orientation angle, node 8, rad
        225    -3.20359282196E-002,   9.93964672089E-001,  -1.04918554425E-001         F               0         Blade 1 Z orientation angle, node 8, rad
        226     9.99481201172E-001,   3.22071351111E-002,  -6.24581953161E-005         F               0         Blade 1 X orientation angle, node 9, rad
        227     3.31704318523E-003,  -1.04866072536E-001,  -9.94480848312E-001         F               0         Blade 1 Y orientation angle, node 9, rad
        228    -3.20359282196E-002,   9.93964672089E-001,  -1.04918502271E-001         F               0         Blade 1 Z orientation angle, node 9, rad
        229     9.99437272549E-001,   3.08133475482E-002,  -1.32533572614E-002         F               0         Blade 1 X orientation angle, node 10, rad
        230    -9.94047708809E-003,  -1.05284094810E-001,  -9.94392514229E-001         F               0         Blade 1 Y orientation angle, node 10, rad
        231    -3.20359282196E-002,   9.93964672089E-001,  -1.04918554425E-001         F               0         Blade 1 Z orientation angle, node 10, rad
        232     9.99260187149E-001,   2.96169798821E-002,  -2.45332885534E-002         F               0         Blade 1 X orientation angle, node 11, rad
        233    -2.12778523564E-002,  -1.05626866221E-001,  -9.94178175926E-001         F               0         Blade 1 Y orientation angle, node 11, rad
        234    -3.20359282196E-002,   9.93964672089E-001,  -1.04918539524E-001         F               0         Blade 1 Z orientation angle, node 11, rad
        235     9.98999059200E-001,   2.85647157580E-002,  -3.44223715365E-002         F               0         Blade 1 X orientation angle, node 12, rad
        236    -3.12176514417E-002,  -1.05916291475E-001,  -9.93884921074E-001         F               0         Blade 1 Y orientation angle, node 12, rad
        237    -3.20359282196E-002,   9.93964672089E-001,  -1.04918554425E-001         F               0         Blade 1 Z orientation angle, node 12, rad
        238     9.98688638210E-001,   2.76393461972E-002,  -4.30942326784E-002         F               0         Blade 1 X orientation angle, node 13, rad
        239    -3.99342663586E-002,  -1.06161527336E-001,  -9.93546664715E-001         F               0         Blade 1 Y orientation angle, node 13, rad
        240    -3.20359282196E-002,   9.93964672089E-001,  -1.04918554425E-001         F               0         Blade 1 Z orientation angle, node 13, rad
        241     9.98344182968E-001,   2.68047098070E-002,  -5.08961230516E-002         F               0         Blade 1 X orientation angle, node 14, rad
        242    -4.77766357362E-002,  -1.06375336647E-001,  -9.93177592754E-001         F               0         Blade 1 Y orientation angle, node 14, rad
        243    -3.20359282196E-002,   9.93964672089E-001,  -1.04918561876E-001         F               0         Blade 1 Z orientation angle, node 14, rad
        244     9.97986316681E-001,   2.60614249855E-002,  -5.78285083175E-002         F               0         Blade 1 X orientation angle, node 15, rad
        245    -5.47451712191E-002,  -1.06559820473E-001,  -9.92798030376E-001         F               0         Blade 1 Y orientation angle, node 15, rad
        246    -3.20359282196E-002,   9.93964672089E-001,  -1.04918502271E-001         F               0         Blade 1 Z orientation angle, node 15, rad
        247     9.97622609138E-001,   2.53913775086E-002,  -6.40652626753E-002         F               0         Blade 1 X orientation angle, node 16, rad
