
Linearized model: Predictions were generated on 12-Feb-2024 at 15:30:16 using OpenFAST, compiled as a 64-bit application using single precision at commit v3.5.1
 linked with  NWTC Subroutine Library; ElastoDyn; InflowWind; AeroDyn; ServoDyn; HydroDyn; MAP++ (<1.20.10>, <Oct-20-2023>)

Description from the FAST input file: CCT-9 Campign 4 model. Input files to be run with OpenFAST 3.5.0. GitHub branch from Lu Wang (https://github.com/luwang00/openfast/tree/dev) compiled on March 7, 2023.

Simulation information:
   Simulation time:                  1006.2250 s
   Rotor Speed:                         1.0412 rad/s
   Azimuth:                             1.2400 rad
   Wind Speed:                         12.0000 m/s
   Number of continuous states:         0
   Number of discrete states:           0
   Number of constraint states:         0
   Number of inputs:                 1746
   Number of outputs:                   4
   Jacobians included in this file?    No

Order of inputs:
     Column   Operating Point                     Rotating Frame? Derivative Order Description
   ---------- ---------------                     --------------- ---------------- -----------
          1    1.513E+01                                 F               0         Tower X translation displacement, node 1, m
          2   -1.168E+00                                 F               0         Tower Y translation displacement, node 1, m
          3   -4.997E-01                                 F               0         Tower Z translation displacement, node 1, m
          4    1.706E+01                                 F               0         Tower X translation displacement, node 2, m
          5   -1.809E+00                                 F               0         Tower Y translation displacement, node 2, m
          6   -6.679E-01                                 F               0         Tower Z translation displacement, node 2, m
          7    1.902E+01                                 F               0         Tower X translation displacement, node 3, m
          8   -2.458E+00                                 F               0         Tower Y translation displacement, node 3, m
          9   -8.419E-01                                 F               0         Tower Z translation displacement, node 3, m
         10    2.101E+01                                 F               0         Tower X translation displacement, node 4, m
         11   -3.111E+00                                 F               0         Tower Y translation displacement, node 4, m
         12   -1.020E+00                                 F               0         Tower Z translation displacement, node 4, m
         13    2.302E+01                                 F               0         Tower X translation displacement, node 5, m
         14   -3.769E+00                                 F               0         Tower Y translation displacement, node 5, m
         15   -1.203E+00                                 F               0         Tower Z translation displacement, node 5, m
         16    2.505E+01                                 F               0         Tower X translation displacement, node 6, m
         17   -4.431E+00                                 F               0         Tower Y translation displacement, node 6, m
         18   -1.389E+00                                 F               0         Tower Z translation displacement, node 6, m
         19    2.709E+01                                 F               0         Tower X translation displacement, node 7, m
         20   -5.095E+00                                 F               0         Tower Y translation displacement, node 7, m
         21   -1.577E+00                                 F               0         Tower Z translation displacement, node 7, m
         22    2.915E+01                                 F               0         Tower X translation displacement, node 8, m
         23   -5.762E+00                                 F               0         Tower Y translation displacement, node 8, m
         24   -1.767E+00                                 F               0         Tower Z translation displacement, node 8, m
         25    3.121E+01                                 F               0         Tower X translation displacement, node 9, m
         26   -6.431E+00                                 F               0         Tower Y translation displacement, node 9, m
         27   -1.958E+00                                 F               0         Tower Z translation displacement, node 9, m
         28    3.328E+01                                 F               0         Tower X translation displacement, node 10, m
         29   -7.102E+00                                 F               0         Tower Y translation displacement, node 10, m
         30   -2.151E+00                                 F               0         Tower Z translation displacement, node 10, m
         31    3.535E+01                                 F               0         Tower X translation displacement, node 11, m
         32   -7.773E+00                                 F               0         Tower Y translation displacement, node 11, m
         33   -2.344E+00                                 F               0         Tower Z translation displacement, node 11, m
         34    9.879E-01,  1.367E-02, -1.544E-01         F               0         Tower X orientation angle, node 1, rad
         35   -5.498E-03,  9.986E-01,  5.322E-02         F               0         Tower Y orientation angle, node 1, rad
         36    1.549E-01, -5.172E-02,  9.866E-01         F               0         Tower Z orientation angle, node 1, rad
         37    9.875E-01,  1.381E-02, -1.570E-01         F               0         Tower X orientation angle, node 2, rad
         38   -5.415E-03,  9.985E-01,  5.374E-02         F               0         Tower Y orientation angle, node 2, rad
         39    1.575E-01, -5.222E-02,  9.861E-01         F               0         Tower Z orientation angle, node 2, rad
         40    9.871E-01,  1.393E-02, -1.593E-01         F               0         Tower X orientation angle, node 3, rad
         41   -5.339E-03,  9.985E-01,  5.422E-02         F               0         Tower Y orientation angle, node 3, rad
         42    1.598E-01, -5.267E-02,  9.857E-01         F               0         Tower Z orientation angle, node 3, rad
         43    9.868E-01,  1.403E-02, -1.613E-01         F               0         Tower X orientation angle, node 4, rad
         44   -5.271E-03,  9.985E-01,  5.463E-02         F               0         Tower Y orientation angle, node 4, rad
         45    1.618E-01, -5.306E-02,  9.854E-01         F               0         Tower Z orientation angle, node 4, rad
         46    9.865E-01,  1.412E-02, -1.629E-01         F               0         Tower X orientation angle, node 5, rad
         47   -5.213E-03,  9.985E-01,  5.498E-02         F               0         Tower Y orientation angle, node 5, rad
         48    1.634E-01, -5.340E-02,  9.851E-01         F               0         Tower Z orientation angle, node 5, rad
         49    9.863E-01,  1.419E-02, -1.642E-01         F               0         Tower X orientation angle, node 6, rad
         50   -5.163E-03,  9.985E-01,  5.528E-02         F               0         Tower Y orientation angle, node 6, rad
         51    1.648E-01, -5.368E-02,  9.849E-01         F               0         Tower Z orientation angle, node 6, rad
         52    9.861E-01,  1.425E-02, -1.653E-01         F               0         Tower X orientation angle, node 7, rad
         53   -5.123E-03,  9.984E-01,  5.552E-02         F               0         Tower Y orientation angle, node 7, rad
         54    1.658E-01, -5.390E-02,  9.847E-01         F               0         Tower Z orientation angle, node 7, rad
         55    9.860E-01,  1.429E-02, -1.660E-01         F               0         Tower X orientation angle, node 8, rad
         56   -5.092E-03,  9.984E-01,  5.571E-02         F               0         Tower Y orientation angle, node 8, rad
         57    1.666E-01, -5.408E-02,  9.845E-01         F               0         Tower Z orientation angle, node 8, rad
         58    9.859E-01,  1.432E-02, -1.666E-01         F               0         Tower X orientation angle, node 9, rad
         59   -5.069E-03,  9.984E-01,  5.584E-02         F               0         Tower Y orientation angle, node 9, rad
         60    1.671E-01, -5.421E-02,  9.844E-01         F               0         Tower Z orientation angle, node 9, rad
         61    9.859E-01,  1.434E-02, -1.669E-01         F               0         Tower X orientation angle, node 10, rad
         62   -5.054E-03,  9.984E-01,  5.593E-02         F               0         Tower Y orientation angle, node 10, rad
         63    1.675E-01, -5.430E-02,  9.844E-01         F               0         Tower Z orientation angle, node 10, rad
         64    9.858E-01,  1.435E-02, -1.671E-01         F               0         Tower X orientation angle, node 11, rad
         65   -5.046E-03,  9.984E-01,  5.598E-02         F               0         Tower Y orientation angle, node 11, rad
         66    1.676E-01, -5.434E-02,  9.844E-01         F               0         Tower Z orientation angle, node 11, rad
         67   -1.738E-03                                 F               0         Tower X translation velocity, node 1, m/s
         68   -8.712E-03                                 F               0         Tower Y translation velocity, node 1, m/s
         69    4.355E-03                                 F               0         Tower Z translation velocity, node 1, m/s
         70   -2.793E-03                                 F               0         Tower X translation velocity, node 2, m/s
         71   -1.495E-02                                 F               0         Tower Y translation velocity, node 2, m/s
         72    4.193E-03                                 F               0         Tower Z translation velocity, node 2, m/s
         73   -3.936E-03                                 F               0         Tower X translation velocity, node 3, m/s
         74   -2.133E-02                                 F               0         Tower Y translation velocity, node 3, m/s
         75    4.038E-03                                 F               0         Tower Z translation velocity, node 3, m/s
         76   -5.144E-03                                 F               0         Tower X translation velocity, node 4, m/s
         77   -2.783E-02                                 F               0         Tower Y translation velocity, node 4, m/s
         78    3.886E-03                                 F               0         Tower Z translation velocity, node 4, m/s
         79   -6.404E-03                                 F               0         Tower X translation velocity, node 5, m/s
         80   -3.444E-02                                 F               0         Tower Y translation velocity, node 5, m/s
         81    3.737E-03                                 F               0         Tower Z translation velocity, node 5, m/s
         82   -7.704E-03                                 F               0         Tower X translation velocity, node 6, m/s
         83   -4.114E-02                                 F               0         Tower Y translation velocity, node 6, m/s
         84    3.589E-03                                 F               0         Tower Z translation velocity, node 6, m/s
         85   -9.032E-03                                 F               0         Tower X translation velocity, node 7, m/s
         86   -4.791E-02                                 F               0         Tower Y translation velocity, node 7, m/s
         87    3.442E-03                                 F               0         Tower Z translation velocity, node 7, m/s
         88   -1.038E-02                                 F               0         Tower X translation velocity, node 8, m/s
         89   -5.474E-02                                 F               0         Tower Y translation velocity, node 8, m/s
         90    3.296E-03                                 F               0         Tower Z translation velocity, node 8, m/s
         91   -1.175E-02                                 F               0         Tower X translation velocity, node 9, m/s
         92   -6.163E-02                                 F               0         Tower Y translation velocity, node 9, m/s
         93    3.148E-03                                 F               0         Tower Z translation velocity, node 9, m/s
         94   -1.312E-02                                 F               0         Tower X translation velocity, node 10, m/s
         95   -6.854E-02                                 F               0         Tower Y translation velocity, node 10, m/s
         96    3.000E-03                                 F               0         Tower Z translation velocity, node 10, m/s
         97   -1.450E-02                                 F               0         Tower X translation velocity, node 11, m/s
         98   -7.548E-02                                 F               0         Tower Y translation velocity, node 11, m/s
         99    2.852E-03                                 F               0         Tower Z translation velocity, node 11, m/s
        100    3.682E+01                                 F               0         Hub X translation displacement, node 1, m
        101   -8.355E+00                                 F               0         Hub Y translation displacement, node 1, m
        102   -6.625E-01                                 F               0         Hub Z translation displacement, node 1, m
        103    9.629E-01,  1.995E-02, -2.691E-01         F               0         Hub X orientation angle, node 1, rad
        104    2.535E-01,  2.746E-01,  9.275E-01         F               0         Hub Y orientation angle, node 1, rad
        105    9.240E-02, -9.613E-01,  2.594E-01         F               0         Hub Z orientation angle, node 1, rad
        106    1.003E+00                                 F               0         Hub X rotation velocity, node 1, rad/s
        107    2.065E-02                                 F               0         Hub Y rotation velocity, node 1, rad/s
        108   -2.800E-01                                 F               0         Hub Z rotation velocity, node 1, rad/s
        109    9.550E-01,  1.180E-02, -2.965E-01         F               0         Blade root 1 X orientation angle, node 1, rad
        110    2.820E-01,  2.751E-01,  9.191E-01         F               0         Blade root 1 Y orientation angle, node 1, rad
        111    9.240E-02, -9.613E-01,  2.594E-01         F               0         Blade root 1 Z orientation angle, node 1, rad
        112    9.639E-01,  4.872E-02, -2.619E-01         F               0         Blade root 2 X orientation angle, node 1, rad
        113   -1.814E-02, -9.688E-01, -2.470E-01         F               0         Blade root 2 Y orientation angle, node 1, rad
        114   -2.657E-01,  2.429E-01, -9.330E-01         F               0         Blade root 2 Z orientation angle, node 1, rad
        115    9.686E-01, -6.814E-04, -2.485E-01         F               0         Blade root 3 X orientation angle, node 1, rad
        116   -1.781E-01,  6.955E-01, -6.961E-01         F               0         Blade root 3 Y orientation angle, node 1, rad
        117    1.733E-01,  7.185E-01,  6.736E-01         F               0         Blade root 3 Z orientation angle, node 1, rad
        118    3.675E+01                                 F               0         Blade 1 X translation displacement, node 1, m
        119   -1.368E+01                                 F               0         Blade 1 Y translation displacement, node 1, m
        120   -4.735E+00                                 F               0         Blade 1 Z translation displacement, node 1, m
        121    3.673E+01                                 F               0         Blade 1 X translation displacement, node 2, m
        122   -1.496E+01                                 F               0         Blade 1 Y translation displacement, node 2, m
        123   -5.717E+00                                 F               0         Blade 1 Z translation displacement, node 2, m
        124    3.651E+01                                 F               0         Blade 1 X translation displacement, node 3, m
        125   -3.241E+01                                 F               0         Blade 1 Y translation displacement, node 3, m
        126   -1.906E+01                                 F               0         Blade 1 Z translation displacement, node 3, m
        127    3.647E+01                                 F               0         Blade 1 X translation displacement, node 4, m
        128   -3.613E+01                                 F               0         Blade 1 Y translation displacement, node 4, m
        129   -2.190E+01                                 F               0         Blade 1 Z translation displacement, node 4, m
        130    3.642E+01                                 F               0         Blade 1 X translation displacement, node 5, m
        131   -3.985E+01                                 F               0         Blade 1 Y translation displacement, node 5, m
        132   -2.475E+01                                 F               0         Blade 1 Z translation displacement, node 5, m
        133    3.637E+01                                 F               0         Blade 1 X translation displacement, node 6, m
        134   -4.357E+01                                 F               0         Blade 1 Y translation displacement, node 6, m
        135   -2.759E+01                                 F               0         Blade 1 Z translation displacement, node 6, m
        136    3.632E+01                                 F               0         Blade 1 X translation displacement, node 7, m
        137   -4.729E+01                                 F               0         Blade 1 Y translation displacement, node 7, m
        138   -3.043E+01                                 F               0         Blade 1 Z translation displacement, node 7, m
        139    3.628E+01                                 F               0         Blade 1 X translation displacement, node 8, m
        140   -5.101E+01                                 F               0         Blade 1 Y translation displacement, node 8, m
        141   -3.328E+01                                 F               0         Blade 1 Z translation displacement, node 8, m
        142    3.623E+01                                 F               0         Blade 1 X translation displacement, node 9, m
        143   -5.472E+01                                 F               0         Blade 1 Y translation displacement, node 9, m
        144   -3.612E+01                                 F               0         Blade 1 Z translation displacement, node 9, m
        145    3.618E+01                                 F               0         Blade 1 X translation displacement, node 10, m
        146   -5.844E+01                                 F               0         Blade 1 Y translation displacement, node 10, m
        147   -3.897E+01                                 F               0         Blade 1 Z translation displacement, node 10, m
        148    3.614E+01                                 F               0         Blade 1 X translation displacement, node 11, m
        149   -6.216E+01                                 F               0         Blade 1 Y translation displacement, node 11, m
        150   -4.181E+01                                 F               0         Blade 1 Z translation displacement, node 11, m
        151    3.609E+01                                 F               0         Blade 1 X translation displacement, node 12, m
        152   -6.588E+01                                 F               0         Blade 1 Y translation displacement, node 12, m
        153   -4.465E+01                                 F               0         Blade 1 Z translation displacement, node 12, m
        154    3.604E+01                                 F               0         Blade 1 X translation displacement, node 13, m
        155   -6.960E+01                                 F               0         Blade 1 Y translation displacement, node 13, m
        156   -4.750E+01                                 F               0         Blade 1 Z translation displacement, node 13, m
        157    3.600E+01                                 F               0         Blade 1 X translation displacement, node 14, m
        158   -7.331E+01                                 F               0         Blade 1 Y translation displacement, node 14, m
        159   -5.034E+01                                 F               0         Blade 1 Z translation displacement, node 14, m
        160    3.595E+01                                 F               0         Blade 1 X translation displacement, node 15, m
        161   -7.703E+01                                 F               0         Blade 1 Y translation displacement, node 15, m
        162   -5.318E+01                                 F               0         Blade 1 Z translation displacement, node 15, m
        163    3.590E+01                                 F               0         Blade 1 X translation displacement, node 16, m
        164   -8.075E+01                                 F               0         Blade 1 Y translation displacement, node 16, m
        165   -5.603E+01                                 F               0         Blade 1 Z translation displacement, node 16, m
        166    3.586E+01                                 F               0         Blade 1 X translation displacement, node 17, m
        167   -8.447E+01                                 F               0         Blade 1 Y translation displacement, node 17, m
        168   -5.887E+01                                 F               0         Blade 1 Z translation displacement, node 17, m
        169    3.581E+01                                 F               0         Blade 1 X translation displacement, node 18, m
        170   -8.819E+01                                 F               0         Blade 1 Y translation displacement, node 18, m
        171   -6.171E+01                                 F               0         Blade 1 Z translation displacement, node 18, m
        172    3.576E+01                                 F               0         Blade 1 X translation displacement, node 19, m
        173   -9.191E+01                                 F               0         Blade 1 Y translation displacement, node 19, m
        174   -6.456E+01                                 F               0         Blade 1 Z translation displacement, node 19, m
        175    3.571E+01                                 F               0         Blade 1 X translation displacement, node 20, m
        176   -9.562E+01                                 F               0         Blade 1 Y translation displacement, node 20, m
        177   -6.740E+01                                 F               0         Blade 1 Z translation displacement, node 20, m
        178    3.567E+01                                 F               0         Blade 1 X translation displacement, node 21, m
        179   -9.934E+01                                 F               0         Blade 1 Y translation displacement, node 21, m
        180   -7.024E+01                                 F               0         Blade 1 Z translation displacement, node 21, m
        181    3.562E+01                                 F               0         Blade 1 X translation displacement, node 22, m
        182   -1.031E+02                                 F               0         Blade 1 Y translation displacement, node 22, m
        183   -7.309E+01                                 F               0         Blade 1 Z translation displacement, node 22, m
        184    3.557E+01                                 F               0         Blade 1 X translation displacement, node 23, m
        185   -1.068E+02                                 F               0         Blade 1 Y translation displacement, node 23, m
        186   -7.593E+01                                 F               0         Blade 1 Z translation displacement, node 23, m
        187    3.553E+01                                 F               0         Blade 1 X translation displacement, node 24, m
        188   -1.105E+02                                 F               0         Blade 1 Y translation displacement, node 24, m
        189   -7.877E+01                                 F               0         Blade 1 Z translation displacement, node 24, m
        190    3.548E+01                                 F               0         Blade 1 X translation displacement, node 25, m
        191   -1.142E+02                                 F               0         Blade 1 Y translation displacement, node 25, m
        192   -8.162E+01                                 F               0         Blade 1 Z translation displacement, node 25, m
        193    3.543E+01                                 F               0         Blade 1 X translation displacement, node 26, m
        194   -1.179E+02                                 F               0         Blade 1 Y translation displacement, node 26, m
        195   -8.446E+01                                 F               0         Blade 1 Z translation displacement, node 26, m
        196    3.539E+01                                 F               0         Blade 1 X translation displacement, node 27, m
        197   -1.217E+02                                 F               0         Blade 1 Y translation displacement, node 27, m
        198   -8.730E+01                                 F               0         Blade 1 Z translation displacement, node 27, m
        199    3.535E+01                                 F               0         Blade 1 X translation displacement, node 28, m
        200   -1.248E+02                                 F               0         Blade 1 Y translation displacement, node 28, m
        201   -8.971E+01                                 F               0         Blade 1 Z translation displacement, node 28, m
        202    7.213E-01, -1.149E-01, -6.830E-01         F               0         Blade 1 X orientation angle, node 1, rad
        203    6.864E-01,  2.502E-01,  6.828E-01         F               0         Blade 1 Y orientation angle, node 1, rad
        204    9.240E-02, -9.613E-01,  2.594E-01         F               0         Blade 1 Z orientation angle, node 1, rad
        205    7.213E-01, -1.149E-01, -6.830E-01         F               0         Blade 1 X orientation angle, node 2, rad
        206    6.864E-01,  2.502E-01,  6.828E-01         F               0         Blade 1 Y orientation angle, node 2, rad
        207    9.240E-02, -9.613E-01,  2.594E-01         F               0         Blade 1 Z orientation angle, node 2, rad
        208    8.635E-01, -5.237E-02, -5.017E-01         F               0         Blade 1 X orientation angle, node 3, rad
        209    4.959E-01,  2.703E-01,  8.252E-01         F               0         Blade 1 Y orientation angle, node 3, rad
        210    9.240E-02, -9.613E-01,  2.594E-01         F               0         Blade 1 Z orientation angle, node 3, rad
        211    8.836E-01, -4.091E-02, -4.664E-01         F               0         Blade 1 X orientation angle, node 4, rad
        212    4.590E-01,  2.723E-01,  8.457E-01         F               0         Blade 1 Y orientation angle, node 4, rad
        213    9.240E-02, -9.613E-01,  2.594E-01         F               0         Blade 1 Z orientation angle, node 4, rad
        214    8.984E-01, -3.186E-02, -4.381E-01         F               0         Blade 1 X orientation angle, node 5, rad
        215    4.294E-01,  2.735E-01,  8.607E-01         F               0         Blade 1 Y orientation angle, node 5, rad
        216    9.240E-02, -9.613E-01,  2.594E-01         F               0         Blade 1 Z orientation angle, node 5, rad
        217    9.094E-01, -2.459E-02, -4.151E-01         F               0         Blade 1 X orientation angle, node 6, rad
        218    4.055E-01,  2.742E-01,  8.720E-01         F               0         Blade 1 Y orientation angle, node 6, rad
        219    9.240E-02, -9.613E-01,  2.594E-01         F               0         Blade 1 Z orientation angle, node 6, rad
        220    9.181E-01, -1.860E-02, -3.960E-01         F               0         Blade 1 X orientation angle, node 7, rad
        221    3.855E-01,  2.747E-01,  8.809E-01         F               0         Blade 1 Y orientation angle, node 7, rad
        222    9.240E-02, -9.613E-01,  2.594E-01         F               0         Blade 1 Z orientation angle, node 7, rad
        223    9.249E-01, -1.361E-02, -3.800E-01         F               0         Blade 1 X orientation angle, node 8, rad
        224    3.688E-01,  2.750E-01,  8.879E-01         F               0         Blade 1 Y orientation angle, node 8, rad
        225    9.240E-02, -9.613E-01,  2.594E-01         F               0         Blade 1 Z orientation angle, node 8, rad
        226    9.305E-01, -9.389E-03, -3.663E-01         F               0         Blade 1 X orientation angle, node 9, rad
        227    3.545E-01,  2.752E-01,  8.936E-01         F               0         Blade 1 Y orientation angle, node 9, rad
        228    9.240E-02, -9.613E-01,  2.594E-01         F               0         Blade 1 Z orientation angle, node 9, rad
        229    9.351E-01, -5.738E-03, -3.544E-01         F               0         Blade 1 X orientation angle, node 10, rad
        230    3.422E-01,  2.753E-01,  8.984E-01         F               0         Blade 1 Y orientation angle, node 10, rad
        231    9.240E-02, -9.613E-01,  2.594E-01         F               0         Blade 1 Z orientation angle, node 10, rad
        232    9.389E-01, -2.615E-03, -3.442E-01         F               0         Blade 1 X orientation angle, node 11, rad
        233    3.315E-01,  2.753E-01,  9.024E-01         F               0         Blade 1 Y orientation angle, node 11, rad
        234    9.240E-02, -9.613E-01,  2.594E-01         F               0         Blade 1 Z orientation angle, node 11, rad
        235    9.422E-01,  1.238E-04, -3.352E-01         F               0         Blade 1 X orientation angle, node 12, rad
        236    3.222E-01,  2.753E-01,  9.058E-01         F               0         Blade 1 Y orientation angle, node 12, rad
        237    9.240E-02, -9.613E-01,  2.594E-01         F               0         Blade 1 Z orientation angle, node 12, rad
        238    9.449E-01,  2.526E-03, -3.273E-01         F               0         Blade 1 X orientation angle, node 13, rad
        239    3.140E-01,  2.753E-01,  9.086E-01         F               0         Blade 1 Y orientation angle, node 13, rad
        240    9.240E-02, -9.613E-01,  2.594E-01         F               0         Blade 1 Z orientation angle, node 13, rad
        241    9.474E-01,  4.689E-03, -3.201E-01         F               0         Blade 1 X orientation angle, node 14, rad
        242    3.065E-01,  2.753E-01,  9.112E-01         F               0         Blade 1 Y orientation angle, node 14, rad
        243    9.240E-02, -9.613E-01,  2.594E-01         F               0         Blade 1 Z orientation angle, node 14, rad
        244    9.495E-01,  6.610E-03, -3.137E-01         F               0         Blade 1 X orientation angle, node 15, rad
        245    2.999E-01,  2.753E-01,  9.134E-01         F               0         Blade 1 Y orientation angle, node 15, rad
        246    9.240E-02, -9.613E-01,  2.594E-01         F               0         Blade 1 Z orientation angle, node 15, rad
        247    9.514E-01,  8.340E-03, -3.080E-01         F               0         Blade 1 X orientation angle, node 16, rad
        248    2.939E-01,  2.752E-01,  9.154E-01         F               0         Blade 1 Y orientation angle, node 16, rad
        249    9.240E-02, -9.613E-01,  2.594E-01         F               0         Blade 1 Z orientation angle, node 16, rad
        250    9.530E-01,  9.877E-03, -3.029E-01         F               0         Blade 1 X orientation angle, node 17, rad
        251    2.886E-01,  2.752E-01,  9.171E-01         F               0         Blade 1 Y orientation angle, node 17, rad
        252    9.240E-02, -9.613E-01,  2.594E-01         F               0         Blade 1 Z orientation angle, node 17, rad
        253    9.545E-01,  1.132E-02, -2.981E-01         F               0         Blade 1 X orientation angle, node 18, rad
        254    2.836E-01,  2.751E-01,  9.186E-01         F               0         Blade 1 Y orientation angle, node 18, rad
        255    9.240E-02, -9.613E-01,  2.594E-01         F               0         Blade 1 Z orientation angle, node 18, rad
        256    9.558E-01,  1.261E-02, -2.937E-01         F               0         Blade 1 X orientation angle, node 19, rad
        257    2.791E-01,  2.750E-01,  9.200E-01         F               0         Blade 1 Y orientation angle, node 19, rad
        258    9.240E-02, -9.613E-01,  2.594E-01         F               0         Blade 1 Z orientation angle, node 19, rad
        259    9.570E-01,  1.377E-02, -2.899E-01         F               0         Blade 1 X orientation angle, node 20, rad
        260    2.751E-01,  2.750E-01,  9.212E-01         F               0         Blade 1 Y orientation angle, node 20, rad
        261    9.240E-02, -9.613E-01,  2.594E-01         F               0         Blade 1 Z orientation angle, node 20, rad
        262    9.581E-01,  1.487E-02, -2.862E-01         F               0         Blade 1 X orientation angle, node 21, rad
        263    2.713E-01,  2.749E-01,  9.224E-01         F               0         Blade 1 Y orientation angle, node 21, rad
        264    9.240E-02, -9.613E-01,  2.594E-01         F               0         Blade 1 Z orientation angle, node 21, rad
        265    9.590E-01,  1.588E-02, -2.828E-01         F               0         Blade 1 X orientation angle, node 22, rad
        266    2.678E-01,  2.749E-01,  9.234E-01         F               0         Blade 1 Y orientation angle, node 22, rad
        267    9.240E-02, -9.613E-01,  2.594E-01         F               0         Blade 1 Z orientation angle, node 22, rad
        268    9.599E-01,  1.679E-02, -2.797E-01         F               0         Blade 1 X orientation angle, node 23, rad
        269    2.646E-01,  2.748E-01,  9.244E-01         F               0         Blade 1 Y orientation angle, node 23, rad
        270    9.240E-02, -9.613E-01,  2.594E-01         F               0         Blade 1 Z orientation angle, node 23, rad
        271    9.608E-01,  1.765E-02, -2.768E-01         F               0         Blade 1 X orientation angle, node 24, rad
        272    2.616E-01,  2.748E-01,  9.253E-01         F               0         Blade 1 Y orientation angle, node 24, rad
        273    9.240E-02, -9.613E-01,  2.594E-01         F               0         Blade 1 Z orientation angle, node 24, rad
        274    9.615E-01,  1.847E-02, -2.741E-01         F               0         Blade 1 X orientation angle, node 25, rad
        275    2.587E-01,  2.747E-01,  9.261E-01         F               0         Blade 1 Y orientation angle, node 25, rad
        276    9.240E-02, -9.613E-01,  2.594E-01         F               0         Blade 1 Z orientation angle, node 25, rad
        277    9.622E-01,  1.919E-02, -2.717E-01         F               0         Blade 1 X orientation angle, node 26, rad
        278    2.562E-01,  2.747E-01,  9.268E-01         F               0         Blade 1 Y orientation angle, node 26, rad
        279    9.240E-02, -9.613E-01,  2.594E-01         F               0         Blade 1 Z orientation angle, node 26, rad
        280    9.629E-01,  1.990E-02, -2.692E-01         F               0         Blade 1 X orientation angle, node 27, rad
        281    2.537E-01,  2.746E-01,  9.275E-01         F               0         Blade 1 Y orientation angle, node 27, rad
        282    9.240E-02, -9.613E-01,  2.594E-01         F               0         Blade 1 Z orientation angle, node 27, rad
        283    9.632E-01,  2.029E-02, -2.679E-01         F               0         Blade 1 X orientation angle, node 28, rad
        284    2.523E-01,  2.746E-01,  9.279E-01         F               0         Blade 1 Y orientation angle, node 28, rad
        285    9.240E-02, -9.613E-01,  2.594E-01         F               0         Blade 1 Z orientation angle, node 28, rad
        286   -1.477E+00                                 F               0         Blade 1 X translation velocity, node 1, m/s
        287   -1.667E+00                                 F               0         Blade 1 Y translation velocity, node 1, m/s
        288   -5.352E+00                                 F               0         Blade 1 Z translation velocity, node 1, m/s
        289   -1.829E+00                                 F               0         Blade 1 X translation velocity, node 2, m/s
        290   -2.049E+00                                 F               0         Blade 1 Y translation velocity, node 2, m/s
        291   -6.642E+00                                 F               0         Blade 1 Z translation velocity, node 2, m/s
        292   -6.619E+00                                 F               0         Blade 1 X translation velocity, node 3, m/s
        293   -7.242E+00                                 F               0         Blade 1 Y translation velocity, node 3, m/s
        294   -2.418E+01                                 F               0         Blade 1 Z translation velocity, node 3, m/s
        295   -7.639E+00                                 F               0         Blade 1 X translation velocity, node 4, m/s
        296   -8.348E+00                                 F               0         Blade 1 Y translation velocity, node 4, m/s
        297   -2.792E+01                                 F               0         Blade 1 Z translation velocity, node 4, m/s
        298   -8.660E+00                                 F               0         Blade 1 X translation velocity, node 5, m/s
        299   -9.455E+00                                 F               0         Blade 1 Y translation velocity, node 5, m/s
        300   -3.166E+01                                 F               0         Blade 1 Z translation velocity, node 5, m/s
        301   -9.680E+00                                 F               0         Blade 1 X translation velocity, node 6, m/s
        302   -1.056E+01                                 F               0         Blade 1 Y translation velocity, node 6, m/s
        303   -3.540E+01                                 F               0         Blade 1 Z translation velocity, node 6, m/s
        304   -1.070E+01                                 F               0         Blade 1 X translation velocity, node 7, m/s
        305   -1.167E+01                                 F               0         Blade 1 Y translation velocity, node 7, m/s
        306   -3.913E+01                                 F               0         Blade 1 Z translation velocity, node 7, m/s
        307   -1.172E+01                                 F               0         Blade 1 X translation velocity, node 8, m/s
