
Linearized model: Predictions were generated on 06-Feb-2024 at 10:15:48 using OpenFAST, compiled as a 64-bit application using single precision at commit v3.5.1
 linked with  NWTC Subroutine Library; ElastoDyn; InflowWind; AeroDyn; ServoDyn; HydroDyn; MAP++ (<1.20.10>, <Oct-20-2023>)

Description from the FAST input file: CCT-9 Campign 4 model. Input files to be run with OpenFAST 3.5.0. GitHub branch from Lu Wang (https://github.com/luwang00/openfast/tree/dev) compiled on March 7, 2023.

Simulation information:
   Simulation time:                  1000.2500 s
   Rotor Speed:                         1.0388 rad/s
   Azimuth:                             1.3097 rad
   Wind Speed:                         12.0000 m/s
   Number of continuous states:         0
   Number of discrete states:           0
   Number of constraint states:         0
   Number of inputs:                 1746
   Number of outputs:                   4
   Jacobians included in this file?    No

Order of inputs:
     Column   Operating Point                     Rotating Frame? Derivative Order Description
   ---------- ---------------                     --------------- ---------------- -----------
          1    1.515E+01                                 F               0         Tower X translation displacement, node 1, m
          2   -1.004E+00                                 F               0         Tower Y translation displacement, node 1, m
          3   -4.961E-01                                 F               0         Tower Z translation displacement, node 1, m
          4    1.708E+01                                 F               0         Tower X translation displacement, node 2, m
          5   -1.535E+00                                 F               0         Tower Y translation displacement, node 2, m
          6   -6.598E-01                                 F               0         Tower Z translation displacement, node 2, m
          7    1.905E+01                                 F               0         Tower X translation displacement, node 3, m
          8   -2.071E+00                                 F               0         Tower Y translation displacement, node 3, m
          9   -8.292E-01                                 F               0         Tower Z translation displacement, node 3, m
         10    2.104E+01                                 F               0         Tower X translation displacement, node 4, m
         11   -2.610E+00                                 F               0         Tower Y translation displacement, node 4, m
         12   -1.003E+00                                 F               0         Tower Z translation displacement, node 4, m
         13    2.306E+01                                 F               0         Tower X translation displacement, node 5, m
         14   -3.153E+00                                 F               0         Tower Y translation displacement, node 5, m
         15   -1.181E+00                                 F               0         Tower Z translation displacement, node 5, m
         16    2.509E+01                                 F               0         Tower X translation displacement, node 6, m
         17   -3.698E+00                                 F               0         Tower Y translation displacement, node 6, m
         18   -1.362E+00                                 F               0         Tower Z translation displacement, node 6, m
         19    2.714E+01                                 F               0         Tower X translation displacement, node 7, m
         20   -4.246E+00                                 F               0         Tower Y translation displacement, node 7, m
         21   -1.545E+00                                 F               0         Tower Z translation displacement, node 7, m
         22    2.920E+01                                 F               0         Tower X translation displacement, node 8, m
         23   -4.795E+00                                 F               0         Tower Y translation displacement, node 8, m
         24   -1.730E+00                                 F               0         Tower Z translation displacement, node 8, m
         25    3.127E+01                                 F               0         Tower X translation displacement, node 9, m
         26   -5.346E+00                                 F               0         Tower Y translation displacement, node 9, m
         27   -1.917E+00                                 F               0         Tower Z translation displacement, node 9, m
         28    3.334E+01                                 F               0         Tower X translation displacement, node 10, m
         29   -5.898E+00                                 F               0         Tower Y translation displacement, node 10, m
         30   -2.104E+00                                 F               0         Tower Z translation displacement, node 10, m
         31    3.542E+01                                 F               0         Tower X translation displacement, node 11, m
         32   -6.450E+00                                 F               0         Tower Y translation displacement, node 11, m
         33   -2.293E+00                                 F               0         Tower Z translation displacement, node 11, m
         34    9.878E-01,  1.458E-02, -1.549E-01         F               0         Tower X orientation angle, node 1, rad
         35   -7.756E-03,  9.990E-01,  4.455E-02         F               0         Tower Y orientation angle, node 1, rad
         36    1.554E-01, -4.280E-02,  9.869E-01         F               0         Tower Z orientation angle, node 1, rad
         37    9.874E-01,  1.469E-02, -1.575E-01         F               0         Tower X orientation angle, node 2, rad
         38   -7.693E-03,  9.990E-01,  4.494E-02         F               0         Tower Y orientation angle, node 2, rad
         39    1.580E-01, -4.317E-02,  9.865E-01         F               0         Tower Z orientation angle, node 2, rad
         40    9.870E-01,  1.479E-02, -1.598E-01         F               0         Tower X orientation angle, node 3, rad
         41   -7.635E-03,  9.989E-01,  4.530E-02         F               0         Tower Y orientation angle, node 3, rad
         42    1.603E-01, -4.350E-02,  9.861E-01         F               0         Tower Z orientation angle, node 3, rad
         43    9.867E-01,  1.488E-02, -1.617E-01         F               0         Tower X orientation angle, node 4, rad
         44   -7.584E-03,  9.989E-01,  4.561E-02         F               0         Tower Y orientation angle, node 4, rad
         45    1.622E-01, -4.378E-02,  9.858E-01         F               0         Tower Z orientation angle, node 4, rad
         46    9.864E-01,  1.495E-02, -1.634E-01         F               0         Tower X orientation angle, node 5, rad
         47   -7.540E-03,  9.989E-01,  4.588E-02         F               0         Tower Y orientation angle, node 5, rad
         48    1.639E-01, -4.403E-02,  9.855E-01         F               0         Tower Z orientation angle, node 5, rad
         49    9.862E-01,  1.501E-02, -1.647E-01         F               0         Tower X orientation angle, node 6, rad
         50   -7.503E-03,  9.989E-01,  4.611E-02         F               0         Tower Y orientation angle, node 6, rad
         51    1.652E-01, -4.424E-02,  9.853E-01         F               0         Tower Z orientation angle, node 6, rad
         52    9.861E-01,  1.506E-02, -1.657E-01         F               0         Tower X orientation angle, node 7, rad
         53   -7.473E-03,  9.989E-01,  4.629E-02         F               0         Tower Y orientation angle, node 7, rad
         54    1.663E-01, -4.440E-02,  9.851E-01         F               0         Tower Z orientation angle, node 7, rad
         55    9.859E-01,  1.509E-02, -1.665E-01         F               0         Tower X orientation angle, node 8, rad
         56   -7.449E-03,  9.989E-01,  4.642E-02         F               0         Tower Y orientation angle, node 8, rad
         57    1.670E-01, -4.453E-02,  9.849E-01         F               0         Tower Z orientation angle, node 8, rad
         58    9.858E-01,  1.512E-02, -1.671E-01         F               0         Tower X orientation angle, node 9, rad
         59   -7.432E-03,  9.989E-01,  4.653E-02         F               0         Tower Y orientation angle, node 9, rad
         60    1.676E-01, -4.463E-02,  9.848E-01         F               0         Tower Z orientation angle, node 9, rad
         61    9.858E-01,  1.513E-02, -1.674E-01         F               0         Tower X orientation angle, node 10, rad
         62   -7.421E-03,  9.989E-01,  4.659E-02         F               0         Tower Y orientation angle, node 10, rad
         63    1.679E-01, -4.469E-02,  9.848E-01         F               0         Tower Z orientation angle, node 10, rad
         64    9.857E-01,  1.514E-02, -1.676E-01         F               0         Tower X orientation angle, node 11, rad
         65   -7.414E-03,  9.989E-01,  4.663E-02         F               0         Tower Y orientation angle, node 11, rad
         66    1.681E-01, -4.472E-02,  9.848E-01         F               0         Tower Z orientation angle, node 11, rad
         67   -1.929E-03                                 F               0         Tower X translation velocity, node 1, m/s
         68   -3.693E-02                                 F               0         Tower Y translation velocity, node 1, m/s
         69   -5.412E-03                                 F               0         Tower Z translation velocity, node 1, m/s
         70   -2.367E-03                                 F               0         Tower X translation velocity, node 2, m/s
         71   -6.269E-02                                 F               0         Tower Y translation velocity, node 2, m/s
         72   -6.463E-03                                 F               0         Tower Z translation velocity, node 2, m/s
         73   -2.853E-03                                 F               0         Tower X translation velocity, node 3, m/s
         74   -8.888E-02                                 F               0         Tower Y translation velocity, node 3, m/s
         75   -7.536E-03                                 F               0         Tower Z translation velocity, node 3, m/s
         76   -3.374E-03                                 F               0         Tower X translation velocity, node 4, m/s
         77   -1.154E-01                                 F               0         Tower Y translation velocity, node 4, m/s
         78   -8.625E-03                                 F               0         Tower Z translation velocity, node 4, m/s
         79   -3.921E-03                                 F               0         Tower X translation velocity, node 5, m/s
         80   -1.422E-01                                 F               0         Tower Y translation velocity, node 5, m/s
         81   -9.731E-03                                 F               0         Tower Z translation velocity, node 5, m/s
         82   -4.488E-03                                 F               0         Tower X translation velocity, node 6, m/s
         83   -1.693E-01                                 F               0         Tower Y translation velocity, node 6, m/s
         84   -1.085E-02                                 F               0         Tower Z translation velocity, node 6, m/s
         85   -5.068E-03                                 F               0         Tower X translation velocity, node 7, m/s
         86   -1.966E-01                                 F               0         Tower Y translation velocity, node 7, m/s
         87   -1.198E-02                                 F               0         Tower Z translation velocity, node 7, m/s
         88   -5.657E-03                                 F               0         Tower X translation velocity, node 8, m/s
         89   -2.241E-01                                 F               0         Tower Y translation velocity, node 8, m/s
         90   -1.312E-02                                 F               0         Tower Z translation velocity, node 8, m/s
         91   -6.251E-03                                 F               0         Tower X translation velocity, node 9, m/s
         92   -2.517E-01                                 F               0         Tower Y translation velocity, node 9, m/s
         93   -1.427E-02                                 F               0         Tower Z translation velocity, node 9, m/s
         94   -6.847E-03                                 F               0         Tower X translation velocity, node 10, m/s
         95   -2.794E-01                                 F               0         Tower Y translation velocity, node 10, m/s
         96   -1.542E-02                                 F               0         Tower Z translation velocity, node 10, m/s
         97   -7.444E-03                                 F               0         Tower X translation velocity, node 11, m/s
         98   -3.071E-01                                 F               0         Tower Y translation velocity, node 11, m/s
         99   -1.658E-02                                 F               0         Tower Z translation velocity, node 11, m/s
        100    3.689E+01                                 F               0         Hub X translation displacement, node 1, m
        101   -6.965E+00                                 F               0         Hub Y translation displacement, node 1, m
        102   -6.023E-01                                 F               0         Hub Z translation displacement, node 1, m
        103    9.628E-01,  1.973E-02, -2.696E-01         F               0         Hub X orientation angle, node 1, rad
        104    2.591E-01,  2.164E-01,  9.413E-01         F               0         Hub Y orientation angle, node 1, rad
        105    7.691E-02, -9.761E-01,  2.032E-01         F               0         Hub Z orientation angle, node 1, rad
        106    1.002E+00                                 F               0         Hub X rotation velocity, node 1, rad/s
        107    2.048E-02                                 F               0         Hub Y rotation velocity, node 1, rad/s
        108   -2.807E-01                                 F               0         Hub Z rotation velocity, node 1, rad/s
        109    9.547E-01,  1.330E-02, -2.974E-01         F               0         Blade root 1 X orientation angle, node 1, rad
        110    2.876E-01,  2.169E-01,  9.329E-01         F               0         Blade root 1 Y orientation angle, node 1, rad
        111    7.691E-02, -9.761E-01,  2.032E-01         F               0         Blade root 1 Z orientation angle, node 1, rad
        112    9.642E-01,  4.801E-02, -2.607E-01         F               0         Blade root 2 X orientation angle, node 1, rad
        113   -3.437E-02, -9.525E-01, -3.025E-01         F               0         Blade root 2 Y orientation angle, node 1, rad
        114   -2.629E-01,  3.006E-01, -9.168E-01         F               0         Blade root 2 Z orientation angle, node 1, rad
        115    9.682E-01, -2.145E-03, -2.503E-01         F               0         Blade root 3 X orientation angle, node 1, rad
        116   -1.675E-01,  7.374E-01, -6.544E-01         F               0         Blade root 3 Y orientation angle, node 1, rad
        117    1.860E-01,  6.755E-01,  7.136E-01         F               0         Blade root 3 Z orientation angle, node 1, rad
        118    3.674E+01                                 F               0         Blade 1 X translation displacement, node 1, m
        119   -1.237E+01                                 F               0         Blade 1 Y translation displacement, node 1, m
        120   -4.986E+00                                 F               0         Blade 1 Z translation displacement, node 1, m
        121    3.670E+01                                 F               0         Blade 1 X translation displacement, node 2, m
        122   -1.368E+01                                 F               0         Blade 1 Y translation displacement, node 2, m
        123   -6.042E+00                                 F               0         Blade 1 Z translation displacement, node 2, m
        124    3.620E+01                                 F               0         Blade 1 X translation displacement, node 3, m
        125   -3.139E+01                                 F               0         Blade 1 Y translation displacement, node 3, m
        126   -2.041E+01                                 F               0         Blade 1 Z translation displacement, node 3, m
        127    3.609E+01                                 F               0         Blade 1 X translation displacement, node 4, m
        128   -3.517E+01                                 F               0         Blade 1 Y translation displacement, node 4, m
        129   -2.347E+01                                 F               0         Blade 1 Z translation displacement, node 4, m
        130    3.599E+01                                 F               0         Blade 1 X translation displacement, node 5, m
        131   -3.894E+01                                 F               0         Blade 1 Y translation displacement, node 5, m
        132   -2.653E+01                                 F               0         Blade 1 Z translation displacement, node 5, m
        133    3.588E+01                                 F               0         Blade 1 X translation displacement, node 6, m
        134   -4.272E+01                                 F               0         Blade 1 Y translation displacement, node 6, m
        135   -2.959E+01                                 F               0         Blade 1 Z translation displacement, node 6, m
        136    3.577E+01                                 F               0         Blade 1 X translation displacement, node 7, m
        137   -4.650E+01                                 F               0         Blade 1 Y translation displacement, node 7, m
        138   -3.265E+01                                 F               0         Blade 1 Z translation displacement, node 7, m
        139    3.567E+01                                 F               0         Blade 1 X translation displacement, node 8, m
        140   -5.027E+01                                 F               0         Blade 1 Y translation displacement, node 8, m
        141   -3.571E+01                                 F               0         Blade 1 Z translation displacement, node 8, m
        142    3.556E+01                                 F               0         Blade 1 X translation displacement, node 9, m
        143   -5.405E+01                                 F               0         Blade 1 Y translation displacement, node 9, m
        144   -3.877E+01                                 F               0         Blade 1 Z translation displacement, node 9, m
        145    3.545E+01                                 F               0         Blade 1 X translation displacement, node 10, m
        146   -5.782E+01                                 F               0         Blade 1 Y translation displacement, node 10, m
        147   -4.183E+01                                 F               0         Blade 1 Z translation displacement, node 10, m
        148    3.534E+01                                 F               0         Blade 1 X translation displacement, node 11, m
        149   -6.160E+01                                 F               0         Blade 1 Y translation displacement, node 11, m
        150   -4.489E+01                                 F               0         Blade 1 Z translation displacement, node 11, m
        151    3.524E+01                                 F               0         Blade 1 X translation displacement, node 12, m
        152   -6.537E+01                                 F               0         Blade 1 Y translation displacement, node 12, m
        153   -4.795E+01                                 F               0         Blade 1 Z translation displacement, node 12, m
        154    3.513E+01                                 F               0         Blade 1 X translation displacement, node 13, m
        155   -6.915E+01                                 F               0         Blade 1 Y translation displacement, node 13, m
        156   -5.101E+01                                 F               0         Blade 1 Z translation displacement, node 13, m
        157    3.502E+01                                 F               0         Blade 1 X translation displacement, node 14, m
        158   -7.292E+01                                 F               0         Blade 1 Y translation displacement, node 14, m
        159   -5.407E+01                                 F               0         Blade 1 Z translation displacement, node 14, m
        160    3.492E+01                                 F               0         Blade 1 X translation displacement, node 15, m
        161   -7.670E+01                                 F               0         Blade 1 Y translation displacement, node 15, m
        162   -5.713E+01                                 F               0         Blade 1 Z translation displacement, node 15, m
        163    3.481E+01                                 F               0         Blade 1 X translation displacement, node 16, m
        164   -8.047E+01                                 F               0         Blade 1 Y translation displacement, node 16, m
        165   -6.019E+01                                 F               0         Blade 1 Z translation displacement, node 16, m
        166    3.470E+01                                 F               0         Blade 1 X translation displacement, node 17, m
        167   -8.425E+01                                 F               0         Blade 1 Y translation displacement, node 17, m
        168   -6.325E+01                                 F               0         Blade 1 Z translation displacement, node 17, m
        169    3.460E+01                                 F               0         Blade 1 X translation displacement, node 18, m
        170   -8.802E+01                                 F               0         Blade 1 Y translation displacement, node 18, m
        171   -6.631E+01                                 F               0         Blade 1 Z translation displacement, node 18, m
        172    3.449E+01                                 F               0         Blade 1 X translation displacement, node 19, m
        173   -9.180E+01                                 F               0         Blade 1 Y translation displacement, node 19, m
        174   -6.937E+01                                 F               0         Blade 1 Z translation displacement, node 19, m
        175    3.438E+01                                 F               0         Blade 1 X translation displacement, node 20, m
        176   -9.557E+01                                 F               0         Blade 1 Y translation displacement, node 20, m
        177   -7.243E+01                                 F               0         Blade 1 Z translation displacement, node 20, m
        178    3.428E+01                                 F               0         Blade 1 X translation displacement, node 21, m
        179   -9.935E+01                                 F               0         Blade 1 Y translation displacement, node 21, m
        180   -7.549E+01                                 F               0         Blade 1 Z translation displacement, node 21, m
        181    3.417E+01                                 F               0         Blade 1 X translation displacement, node 22, m
        182   -1.031E+02                                 F               0         Blade 1 Y translation displacement, node 22, m
        183   -7.856E+01                                 F               0         Blade 1 Z translation displacement, node 22, m
        184    3.406E+01                                 F               0         Blade 1 X translation displacement, node 23, m
        185   -1.069E+02                                 F               0         Blade 1 Y translation displacement, node 23, m
        186   -8.162E+01                                 F               0         Blade 1 Z translation displacement, node 23, m
        187    3.396E+01                                 F               0         Blade 1 X translation displacement, node 24, m
        188   -1.107E+02                                 F               0         Blade 1 Y translation displacement, node 24, m
        189   -8.468E+01                                 F               0         Blade 1 Z translation displacement, node 24, m
        190    3.385E+01                                 F               0         Blade 1 X translation displacement, node 25, m
        191   -1.145E+02                                 F               0         Blade 1 Y translation displacement, node 25, m
        192   -8.774E+01                                 F               0         Blade 1 Z translation displacement, node 25, m
        193    3.374E+01                                 F               0         Blade 1 X translation displacement, node 26, m
        194   -1.182E+02                                 F               0         Blade 1 Y translation displacement, node 26, m
        195   -9.080E+01                                 F               0         Blade 1 Z translation displacement, node 26, m
        196    3.364E+01                                 F               0         Blade 1 X translation displacement, node 27, m
        197   -1.220E+02                                 F               0         Blade 1 Y translation displacement, node 27, m
        198   -9.386E+01                                 F               0         Blade 1 Z translation displacement, node 27, m
        199    3.355E+01                                 F               0         Blade 1 X translation displacement, node 28, m
        200   -1.252E+02                                 F               0         Blade 1 Y translation displacement, node 28, m
        201   -9.645E+01                                 F               0         Blade 1 Z translation displacement, node 28, m
        202    7.185E-01, -8.707E-02, -6.901E-01         F               0         Blade 1 X orientation angle, node 1, rad
        203    6.913E-01,  1.991E-01,  6.946E-01         F               0         Blade 1 Y orientation angle, node 1, rad
        204    7.691E-02, -9.761E-01,  2.032E-01         F               0         Blade 1 Z orientation angle, node 1, rad
        205    7.185E-01, -8.707E-02, -6.901E-01         F               0         Blade 1 X orientation angle, node 2, rad
        206    6.913E-01,  1.991E-01,  6.946E-01         F               0         Blade 1 Y orientation angle, node 2, rad
        207    7.691E-02, -9.761E-01,  2.032E-01         F               0         Blade 1 Z orientation angle, node 2, rad
        208    8.618E-01, -3.740E-02, -5.058E-01         F               0         Blade 1 X orientation angle, node 3, rad
        209    5.013E-01,  2.141E-01,  8.384E-01         F               0         Blade 1 Y orientation angle, node 3, rad
        210    7.691E-02, -9.761E-01,  2.032E-01         F               0         Blade 1 Z orientation angle, node 3, rad
        211    8.822E-01, -2.833E-02, -4.699E-01         F               0         Blade 1 X orientation angle, node 4, rad
        212    4.645E-01,  2.154E-01,  8.590E-01         F               0         Blade 1 Y orientation angle, node 4, rad
        213    7.691E-02, -9.761E-01,  2.032E-01         F               0         Blade 1 Z orientation angle, node 4, rad
        214    8.972E-01, -2.117E-02, -4.412E-01         F               0         Blade 1 X orientation angle, node 5, rad
        215    4.350E-01,  2.163E-01,  8.741E-01         F               0         Blade 1 Y orientation angle, node 5, rad
        216    7.691E-02, -9.761E-01,  2.032E-01         F               0         Blade 1 Z orientation angle, node 5, rad
        217    9.084E-01, -1.542E-02, -4.179E-01         F               0         Blade 1 X orientation angle, node 6, rad
        218    4.110E-01,  2.168E-01,  8.855E-01         F               0         Blade 1 Y orientation angle, node 6, rad
        219    7.691E-02, -9.761E-01,  2.032E-01         F               0         Blade 1 Z orientation angle, node 6, rad
        220    9.171E-01, -1.069E-02, -3.984E-01         F               0         Blade 1 X orientation angle, node 7, rad
        221    3.911E-01,  2.170E-01,  8.944E-01         F               0         Blade 1 Y orientation angle, node 7, rad
        222    7.691E-02, -9.761E-01,  2.032E-01         F               0         Blade 1 Z orientation angle, node 7, rad
        223    9.241E-01, -6.750E-03, -3.821E-01         F               0         Blade 1 X orientation angle, node 8, rad
        224    3.744E-01,  2.172E-01,  9.015E-01         F               0         Blade 1 Y orientation angle, node 8, rad
        225    7.691E-02, -9.761E-01,  2.032E-01         F               0         Blade 1 Z orientation angle, node 8, rad
        226    9.297E-01, -3.414E-03, -3.683E-01         F               0         Blade 1 X orientation angle, node 9, rad
        227    3.601E-01,  2.173E-01,  9.072E-01         F               0         Blade 1 Y orientation angle, node 9, rad
        228    7.691E-02, -9.761E-01,  2.032E-01         F               0         Blade 1 Z orientation angle, node 9, rad
        229    9.344E-01, -5.314E-04, -3.562E-01         F               0         Blade 1 X orientation angle, node 10, rad
        230    3.478E-01,  2.173E-01,  9.120E-01         F               0         Blade 1 Y orientation angle, node 10, rad
        231    7.691E-02, -9.761E-01,  2.032E-01         F               0         Blade 1 Z orientation angle, node 10, rad
        232    9.383E-01,  1.934E-03, -3.458E-01         F               0         Blade 1 X orientation angle, node 11, rad
        233    3.372E-01,  2.173E-01,  9.160E-01         F               0         Blade 1 Y orientation angle, node 11, rad
        234    7.691E-02, -9.761E-01,  2.032E-01         F               0         Blade 1 Z orientation angle, node 11, rad
        235    9.416E-01,  4.095E-03, -3.367E-01         F               0         Blade 1 X orientation angle, node 12, rad
        236    3.278E-01,  2.173E-01,  9.194E-01         F               0         Blade 1 Y orientation angle, node 12, rad
        237    7.691E-02, -9.761E-01,  2.032E-01         F               0         Blade 1 Z orientation angle, node 12, rad
        238    9.444E-01,  5.991E-03, -3.286E-01         F               0         Blade 1 X orientation angle, node 13, rad
        239    3.196E-01,  2.172E-01,  9.223E-01         F               0         Blade 1 Y orientation angle, node 13, rad
        240    7.691E-02, -9.761E-01,  2.032E-01         F               0         Blade 1 Z orientation angle, node 13, rad
        241    9.469E-01,  7.697E-03, -3.214E-01         F               0         Blade 1 X orientation angle, node 14, rad
        242    3.122E-01,  2.172E-01,  9.249E-01         F               0         Blade 1 Y orientation angle, node 14, rad
        243    7.691E-02, -9.761E-01,  2.032E-01         F               0         Blade 1 Z orientation angle, node 14, rad
        244    9.491E-01,  9.213E-03, -3.149E-01         F               0         Blade 1 X orientation angle, node 15, rad
        245    3.055E-01,  2.171E-01,  9.271E-01         F               0         Blade 1 Y orientation angle, node 15, rad
        246    7.691E-02, -9.761E-01,  2.032E-01         F               0         Blade 1 Z orientation angle, node 15, rad
        247    9.510E-01,  1.058E-02, -3.091E-01         F               0         Blade 1 X orientation angle, node 16, rad
        248    2.996E-01,  2.170E-01,  9.291E-01         F               0         Blade 1 Y orientation angle, node 16, rad
        249    7.691E-02, -9.761E-01,  2.032E-01         F               0         Blade 1 Z orientation angle, node 16, rad
        250    9.526E-01,  1.179E-02, -3.039E-01         F               0         Blade 1 X orientation angle, node 17, rad
        251    2.942E-01,  2.170E-01,  9.308E-01         F               0         Blade 1 Y orientation angle, node 17, rad
        252    7.691E-02, -9.761E-01,  2.032E-01         F               0         Blade 1 Z orientation angle, node 17, rad
        253    9.542E-01,  1.292E-02, -2.990E-01         F               0         Blade 1 X orientation angle, node 18, rad
        254    2.893E-01,  2.169E-01,  9.324E-01         F               0         Blade 1 Y orientation angle, node 18, rad
        255    7.691E-02, -9.761E-01,  2.032E-01         F               0         Blade 1 Z orientation angle, node 18, rad
        256    9.555E-01,  1.395E-02, -2.946E-01         F               0         Blade 1 X orientation angle, node 19, rad
        257    2.848E-01,  2.169E-01,  9.338E-01         F               0         Blade 1 Y orientation angle, node 19, rad
        258    7.691E-02, -9.761E-01,  2.032E-01         F               0         Blade 1 Z orientation angle, node 19, rad
        259    9.567E-01,  1.485E-02, -2.907E-01         F               0         Blade 1 X orientation angle, node 20, rad
        260    2.808E-01,  2.168E-01,  9.350E-01         F               0         Blade 1 Y orientation angle, node 20, rad
        261    7.691E-02, -9.761E-01,  2.032E-01         F               0         Blade 1 Z orientation angle, node 20, rad
        262    9.578E-01,  1.573E-02, -2.870E-01         F               0         Blade 1 X orientation angle, node 21, rad
        263    2.769E-01,  2.167E-01,  9.361E-01         F               0         Blade 1 Y orientation angle, node 21, rad
        264    7.691E-02, -9.761E-01,  2.032E-01         F               0         Blade 1 Z orientation angle, node 21, rad
        265    9.588E-01,  1.652E-02, -2.835E-01         F               0         Blade 1 X orientation angle, node 22, rad
        266    2.734E-01,  2.167E-01,  9.372E-01         F               0         Blade 1 Y orientation angle, node 22, rad
        267    7.691E-02, -9.761E-01,  2.032E-01         F               0         Blade 1 Z orientation angle, node 22, rad
        268    9.597E-01,  1.724E-02, -2.804E-01         F               0         Blade 1 X orientation angle, node 23, rad
        269    2.702E-01,  2.166E-01,  9.381E-01         F               0         Blade 1 Y orientation angle, node 23, rad
        270    7.691E-02, -9.761E-01,  2.032E-01         F               0         Blade 1 Z orientation angle, node 23, rad
        271    9.606E-01,  1.792E-02, -2.775E-01         F               0         Blade 1 X orientation angle, node 24, rad
        272    2.672E-01,  2.166E-01,  9.390E-01         F               0         Blade 1 Y orientation angle, node 24, rad
        273    7.691E-02, -9.761E-01,  2.032E-01         F               0         Blade 1 Z orientation angle, node 24, rad
        274    9.614E-01,  1.856E-02, -2.747E-01         F               0         Blade 1 X orientation angle, node 25, rad
        275    2.643E-01,  2.165E-01,  9.398E-01         F               0         Blade 1 Y orientation angle, node 25, rad
        276    7.691E-02, -9.761E-01,  2.032E-01         F               0         Blade 1 Z orientation angle, node 25, rad
        277    9.620E-01,  1.913E-02, -2.722E-01         F               0         Blade 1 X orientation angle, node 26, rad
        278    2.618E-01,  2.165E-01,  9.405E-01         F               0         Blade 1 Y orientation angle, node 26, rad
        279    7.691E-02, -9.761E-01,  2.032E-01         F               0         Blade 1 Z orientation angle, node 26, rad
        280    9.627E-01,  1.969E-02, -2.698E-01         F               0         Blade 1 X orientation angle, node 27, rad
        281    2.593E-01,  2.164E-01,  9.412E-01         F               0         Blade 1 Y orientation angle, node 27, rad
        282    7.691E-02, -9.761E-01,  2.032E-01         F               0         Blade 1 Z orientation angle, node 27, rad
        283    9.631E-01,  2.000E-02, -2.684E-01         F               0         Blade 1 X orientation angle, node 28, rad
        284    2.580E-01,  2.164E-01,  9.416E-01         F               0         Blade 1 Y orientation angle, node 28, rad
        285    7.691E-02, -9.761E-01,  2.032E-01         F               0         Blade 1 Z orientation angle, node 28, rad
        286   -1.503E+00                                 F               0         Blade 1 X translation velocity, node 1, m/s
        287   -1.570E+00                                 F               0         Blade 1 Y translation velocity, node 1, m/s
        288   -5.447E+00                                 F               0         Blade 1 Z translation velocity, node 1, m/s
        289   -1.863E+00                                 F               0         Blade 1 X translation velocity, node 2, m/s
        290   -1.871E+00                                 F               0         Blade 1 Y translation velocity, node 2, m/s
        291   -6.755E+00                                 F               0         Blade 1 Z translation velocity, node 2, m/s
        292   -6.761E+00                                 F               0         Blade 1 X translation velocity, node 3, m/s
        293   -5.960E+00                                 F               0         Blade 1 Y translation velocity, node 3, m/s
        294   -2.454E+01                                 F               0         Blade 1 Z translation velocity, node 3, m/s
        295   -7.805E+00                                 F               0         Blade 1 X translation velocity, node 4, m/s
        296   -6.831E+00                                 F               0         Blade 1 Y translation velocity, node 4, m/s
        297   -2.833E+01                                 F               0         Blade 1 Z translation velocity, node 4, m/s
        298   -8.848E+00                                 F               0         Blade 1 X translation velocity, node 5, m/s
        299   -7.703E+00                                 F               0         Blade 1 Y translation velocity, node 5, m/s
        300   -3.212E+01                                 F               0         Blade 1 Z translation velocity, node 5, m/s
        301   -9.892E+00                                 F               0         Blade 1 X translation velocity, node 6, m/s
        302   -8.574E+00                                 F               0         Blade 1 Y translation velocity, node 6, m/s
        303   -3.591E+01                                 F               0         Blade 1 Z translation velocity, node 6, m/s
        304   -1.094E+01                                 F               0         Blade 1 X translation velocity, node 7, m/s
        305   -9.445E+00                                 F               0         Blade 1 Y translation velocity, node 7, m/s
        306   -3.970E+01                                 F               0         Blade 1 Z translation velocity, node 7, m/s
        307   -1.198E+01                                 F               0         Blade 1 X translation velocity, node 8, m/s
