
Linearized model: Predictions were generated on 13-Feb-2024 at 11:29:37 using OpenFAST, compiled as a 64-bit application using single precision at commit v3.5.1
 linked with  NWTC Subroutine Library; ElastoDyn; InflowWind; AeroDyn; ServoDyn; HydroDyn; MAP++ (<1.20.10>, <Oct-20-2023>)

Description from the FAST input file: CCT-9 Campign 4 model. Input files to be run with OpenFAST 3.5.0. GitHub branch from Lu Wang (https://github.com/luwang00/openfast/tree/dev) compiled on March 7, 2023.

Simulation information:
   Simulation time:                  1217.2250 s
   Rotor Speed:                         0.7917 rad/s
   Azimuth:                             5.0668 rad
   Wind Speed:                         16.0000 m/s
   Number of continuous states:         0
   Number of discrete states:           0
   Number of constraint states:         0
   Number of inputs:                 1746
   Number of outputs:                   4
   Jacobians included in this file?    No

Order of inputs:
     Column   Operating Point                                                   Rotating Frame? Derivative Order Description
   ---------- ---------------                                                   --------------- ---------------- -----------
          1     1.07026729584E+001                                                     F               0         Tower X translation displacement, node 1, m
          2    -1.56148648262E+000                                                     F               0         Tower Y translation displacement, node 1, m
          3    -2.90547847748E-001                                                     F               0         Tower Z translation displacement, node 1, m
          4     1.20886058807E+001                                                     F               0         Tower X translation displacement, node 2, m
          5    -2.19616389275E+000                                                     F               0         Tower Y translation displacement, node 2, m
          6    -3.84945631027E-001                                                     F               0         Tower Z translation displacement, node 2, m
          7     1.34745397568E+001                                                     F               0         Tower X translation displacement, node 3, m
          8    -2.83084130287E+000                                                     F               0         Tower Y translation displacement, node 3, m
          9    -4.79341298342E-001                                                     F               0         Tower Z translation displacement, node 3, m
         10     1.48604726791E+001                                                     F               0         Tower X translation displacement, node 4, m
         11    -3.46551871300E+000                                                     F               0         Tower Y translation displacement, node 4, m
         12    -5.73737204075E-001                                                     F               0         Tower Z translation displacement, node 4, m
         13     1.62464065552E+001                                                     F               0         Tower X translation displacement, node 5, m
         14    -4.10019636154E+000                                                     F               0         Tower Y translation displacement, node 5, m
         15    -6.68130278587E-001                                                     F               0         Tower Z translation displacement, node 5, m
         16     1.76323375702E+001                                                     F               0         Tower X translation displacement, node 6, m
         17    -4.73487329483E+000                                                     F               0         Tower Y translation displacement, node 6, m
         18    -7.62533903122E-001                                                     F               0         Tower Z translation displacement, node 6, m
         19     1.90182723999E+001                                                     F               0         Tower X translation displacement, node 7, m
         20    -5.36955118179E+000                                                     F               0         Tower Y translation displacement, node 7, m
         21    -8.56923580170E-001                                                     F               0         Tower Z translation displacement, node 7, m
         22     2.04042034149E+001                                                     F               0         Tower X translation displacement, node 8, m
         23    -6.00422811508E+000                                                     F               0         Tower Y translation displacement, node 8, m
         24    -9.51325297356E-001                                                     F               0         Tower Z translation displacement, node 8, m
         25     2.17901382446E+001                                                     F               0         Tower X translation displacement, node 9, m
         26    -6.63890600204E+000                                                     F               0         Tower Y translation displacement, node 9, m
         27    -1.04571795464E+000                                                     F               0         Tower Z translation displacement, node 9, m
         28     2.31760711670E+001                                                     F               0         Tower X translation displacement, node 10, m
         29    -7.27358341217E+000                                                     F               0         Tower Y translation displacement, node 10, m
         30    -1.14011669159E+000                                                     F               0         Tower Z translation displacement, node 10, m
         31     2.45620040894E+001                                                     F               0         Tower X translation displacement, node 11, m
         32    -7.90826082230E+000                                                     F               0         Tower Y translation displacement, node 11, m
         33    -1.23451244831E+000                                                     F               0         Tower Z translation displacement, node 11, m
         34     9.93685483932E-001,   3.40469321236E-003,  -1.12149506807E-001         F               0         Tower X orientation angle, node 1, rad
         35     2.38244980574E-003,   9.98673856258E-001,   5.14276362956E-002         F               0         Tower Y orientation angle, node 1, rad
         36     1.12175881863E-001,  -5.13700880110E-002,   9.92359638214E-001         F               0         Tower Z orientation angle, node 1, rad
         37     9.93685483932E-001,   3.40469321236E-003,  -1.12149506807E-001         F               0         Tower X orientation angle, node 2, rad
         38     2.38244980574E-003,   9.98673856258E-001,   5.14276362956E-002         F               0         Tower Y orientation angle, node 2, rad
         39     1.12175881863E-001,  -5.13700880110E-002,   9.92359638214E-001         F               0         Tower Z orientation angle, node 2, rad
         40     9.93685483932E-001,   3.40469321236E-003,  -1.12149506807E-001         F               0         Tower X orientation angle, node 3, rad
         41     2.38244980574E-003,   9.98673856258E-001,   5.14276362956E-002         F               0         Tower Y orientation angle, node 3, rad
         42     1.12175881863E-001,  -5.13700880110E-002,   9.92359638214E-001         F               0         Tower Z orientation angle, node 3, rad
         43     9.93685483932E-001,   3.40469321236E-003,  -1.12149506807E-001         F               0         Tower X orientation angle, node 4, rad
         44     2.38244980574E-003,   9.98673856258E-001,   5.14276362956E-002         F               0         Tower Y orientation angle, node 4, rad
         45     1.12175881863E-001,  -5.13700880110E-002,   9.92359638214E-001         F               0         Tower Z orientation angle, node 4, rad
         46     9.93685483932E-001,   3.40469321236E-003,  -1.12149506807E-001         F               0         Tower X orientation angle, node 5, rad
         47     2.38244980574E-003,   9.98673856258E-001,   5.14276362956E-002         F               0         Tower Y orientation angle, node 5, rad
         48     1.12175881863E-001,  -5.13700880110E-002,   9.92359638214E-001         F               0         Tower Z orientation angle, node 5, rad
         49     9.93685483932E-001,   3.40469321236E-003,  -1.12149506807E-001         F               0         Tower X orientation angle, node 6, rad
         50     2.38244980574E-003,   9.98673856258E-001,   5.14276362956E-002         F               0         Tower Y orientation angle, node 6, rad
         51     1.12175881863E-001,  -5.13700880110E-002,   9.92359638214E-001         F               0         Tower Z orientation angle, node 6, rad
         52     9.93685483932E-001,   3.40469321236E-003,  -1.12149506807E-001         F               0         Tower X orientation angle, node 7, rad
         53     2.38244980574E-003,   9.98673856258E-001,   5.14276362956E-002         F               0         Tower Y orientation angle, node 7, rad
         54     1.12175881863E-001,  -5.13700880110E-002,   9.92359638214E-001         F               0         Tower Z orientation angle, node 7, rad
         55     9.93685483932E-001,   3.40469321236E-003,  -1.12149506807E-001         F               0         Tower X orientation angle, node 8, rad
         56     2.38244980574E-003,   9.98673856258E-001,   5.14276362956E-002         F               0         Tower Y orientation angle, node 8, rad
         57     1.12175881863E-001,  -5.13700842857E-002,   9.92359638214E-001         F               0         Tower Z orientation angle, node 8, rad
         58     9.93685483932E-001,   3.40469344519E-003,  -1.12149514258E-001         F               0         Tower X orientation angle, node 9, rad
         59     2.38245003857E-003,   9.98673856258E-001,   5.14276362956E-002         F               0         Tower Y orientation angle, node 9, rad
         60     1.12175881863E-001,  -5.13700880110E-002,   9.92359638214E-001         F               0         Tower Z orientation angle, node 9, rad
         61     9.93685483932E-001,   3.40469321236E-003,  -1.12149506807E-001         F               0         Tower X orientation angle, node 10, rad
         62     2.38244980574E-003,   9.98673856258E-001,   5.14276362956E-002         F               0         Tower Y orientation angle, node 10, rad
         63     1.12175881863E-001,  -5.13700880110E-002,   9.92359638214E-001         F               0         Tower Z orientation angle, node 10, rad
         64     9.93685483932E-001,   3.40469321236E-003,  -1.12149506807E-001         F               0         Tower X orientation angle, node 11, rad
         65     2.38244980574E-003,   9.98673856258E-001,   5.14276362956E-002         F               0         Tower Y orientation angle, node 11, rad
         66     1.12175881863E-001,  -5.13700880110E-002,   9.92359638214E-001         F               0         Tower Z orientation angle, node 11, rad
         67    -4.73520718515E-004                                                     F               0         Tower X translation velocity, node 1, m/s
         68    -1.50568166282E-003                                                     F               0         Tower Y translation velocity, node 1, m/s
         69    -7.59508321062E-003                                                     F               0         Tower Z translation velocity, node 1, m/s
         70    -6.51356705930E-004                                                     F               0         Tower X translation velocity, node 2, m/s
         71    -2.24583083764E-003                                                     F               0         Tower Y translation velocity, node 2, m/s
         72    -7.61329475790E-003                                                     F               0         Tower Z translation velocity, node 2, m/s
         73    -8.29192751553E-004                                                     F               0         Tower X translation velocity, node 3, m/s
         74    -2.98598036170E-003                                                     F               0         Tower Y translation velocity, node 3, m/s
         75    -7.63150677085E-003                                                     F               0         Tower Z translation velocity, node 3, m/s
         76    -1.00702873897E-003                                                     F               0         Tower X translation velocity, node 4, m/s
         77    -3.72612965293E-003                                                     F               0         Tower Y translation velocity, node 4, m/s
         78    -7.64971831813E-003                                                     F               0         Tower Z translation velocity, node 4, m/s
         79    -1.18486490101E-003                                                     F               0         Tower X translation velocity, node 5, m/s
         80    -4.46627894416E-003                                                     F               0         Tower Y translation velocity, node 5, m/s
         81    -7.66793033108E-003                                                     F               0         Tower Z translation velocity, node 5, m/s
         82    -1.36270083021E-003                                                     F               0         Tower X translation velocity, node 6, m/s
         83    -5.20642800257E-003                                                     F               0         Tower Y translation velocity, node 6, m/s
         84    -7.68614234403E-003                                                     F               0         Tower Z translation velocity, node 6, m/s
         85    -1.54053699225E-003                                                     F               0         Tower X translation velocity, node 7, m/s
         86    -5.94657799229E-003                                                     F               0         Tower Y translation velocity, node 7, m/s
         87    -7.70435389131E-003                                                     F               0         Tower Z translation velocity, node 7, m/s
         88    -1.71837280504E-003                                                     F               0         Tower X translation velocity, node 8, m/s
         89    -6.68672658503E-003                                                     F               0         Tower Y translation velocity, node 8, m/s
         90    -7.72256543860E-003                                                     F               0         Tower Z translation velocity, node 8, m/s
         91    -1.89620896708E-003                                                     F               0         Tower X translation velocity, node 9, m/s
         92    -7.42687704042E-003                                                     F               0         Tower Y translation velocity, node 9, m/s
         93    -7.74077745155E-003                                                     F               0         Tower Z translation velocity, node 9, m/s
         94    -2.07404489629E-003                                                     F               0         Tower X translation velocity, node 10, m/s
         95    -8.16702563316E-003                                                     F               0         Tower Y translation velocity, node 10, m/s
         96    -7.75898946449E-003                                                     F               0         Tower Z translation velocity, node 10, m/s
         97    -2.25188070908E-003                                                     F               0         Tower X translation velocity, node 11, m/s
         98    -8.90717469156E-003                                                     F               0         Tower Y translation velocity, node 11, m/s
         99    -7.77720101178E-003                                                     F               0         Tower Z translation velocity, node 11, m/s
        100     2.55108032227E+001                                                     F               0         Hub X translation displacement, node 1, m
        101    -8.34829711914E+000                                                     F               0         Hub Y translation displacement, node 1, m
        102    -8.32135528326E-002                                                     F               0         Hub Z translation displacement, node 1, m
        103     9.76516425610E-001,   8.75567831099E-003,  -2.15264976025E-001         F               0         Hub X orientation angle, node 1, rad
        104    -2.01217994094E-001,   3.94112974405E-001,  -8.96764338017E-001         F               0         Hub Y orientation angle, node 1, rad
        105     7.69869387150E-002,   9.19020295143E-001,   3.86619597673E-001         F               0         Hub Z orientation angle, node 1, rad
        106     7.73152470589E-001                                                     F               0         Hub X rotation velocity, node 1, rad/s
        107     6.91721495241E-003                                                     F               0         Hub Y rotation velocity, node 1, rad/s
        108    -1.70421615243E-001                                                     F               0         Hub Z rotation velocity, node 1, rad/s
        109     9.95113193989E-001,  -4.67800162733E-002,  -8.69561135769E-002         F               0         Blade root 1 X orientation angle, node 1, rad
        110    -6.18283599615E-002,   3.91424745321E-001,  -9.18130695820E-001         F               0         Blade root 1 Y orientation angle, node 1, rad
        111     7.69869387150E-002,   9.19020295143E-001,   3.86619597673E-001         F               0         Blade root 1 Z orientation angle, node 1, rad
        112     9.43268179893E-001,  -7.55832791328E-002,  -3.23314547539E-001         F               0         Blade root 2 X orientation angle, node 1, rad
        113     3.03005963564E-001,   5.94113886356E-001,   7.45128214359E-001         F               0         Blade root 2 Y orientation angle, node 1, rad
        114     1.35766431689E-001,  -8.00822019577E-001,   5.83310902119E-001         F               0         Blade root 2 Z orientation angle, node 1, rad
        115     9.62028801441E-001,   1.48369058967E-001,  -2.29100793600E-001         F               0         Blade root 3 X orientation angle, node 1, rad
        116     1.70986995101E-001,  -9.81843054295E-001,   8.21441486478E-002         F               0         Blade root 3 Y orientation angle, node 1, rad
        117    -2.12753370404E-001,  -1.18198290467E-001,  -9.69930469990E-001         F               0         Blade root 3 Z orientation angle, node 1, rad
        118     2.53582229614E+001                                                     F               0         Blade 1 X translation displacement, node 1, m
        119    -3.25692510605E+000                                                     F               0         Blade 1 Y translation displacement, node 1, m
        120    -3.45099973679E+000                                                     F               0         Blade 1 Z translation displacement, node 1, m
        121     2.53214588165E+001                                                     F               0         Blade 1 X translation displacement, node 2, m
        122    -2.03011941910E+000                                                     F               0         Blade 1 Y translation displacement, node 2, m
        123    -4.26248979568E+000                                                     F               0         Blade 1 Z translation displacement, node 2, m
        124     2.48215141296E+001                                                     F               0         Blade 1 X translation displacement, node 3, m
        125     1.46523113251E+001                                                     F               0         Blade 1 Y translation displacement, node 3, m
        126    -1.52973766327E+001                                                     F               0         Blade 1 Z translation displacement, node 3, m
        127     2.47149963379E+001                                                     F               0         Blade 1 X translation displacement, node 4, m
        128     1.82066001892E+001                                                     F               0         Blade 1 Y translation displacement, node 4, m
        129    -1.76484317780E+001                                                     F               0         Blade 1 Z translation displacement, node 4, m
        130     2.46084613800E+001                                                     F               0         Blade 1 X translation displacement, node 5, m
        131     2.17615680695E+001                                                     F               0         Blade 1 Y translation displacement, node 5, m
        132    -1.99999198914E+001                                                     F               0         Blade 1 Z translation displacement, node 5, m
        133     2.45019435883E+001                                                     F               0         Blade 1 X translation displacement, node 6, m
        134     2.53158721924E+001                                                     F               0         Blade 1 Y translation displacement, node 6, m
        135    -2.23509864807E+001                                                     F               0         Blade 1 Z translation displacement, node 6, m
        136     2.43954277039E+001                                                     F               0         Blade 1 X translation displacement, node 7, m
        137     2.88701877594E+001                                                     F               0         Blade 1 Y translation displacement, node 7, m
        138    -2.47020454407E+001                                                     F               0         Blade 1 Z translation displacement, node 7, m
        139     2.42888908386E+001                                                     F               0         Blade 1 X translation displacement, node 8, m
        140     3.24251403809E+001                                                     F               0         Blade 1 Y translation displacement, node 8, m
        141    -2.70535392761E+001                                                     F               0         Blade 1 Z translation displacement, node 8, m
        142     2.41823730469E+001                                                     F               0         Blade 1 X translation displacement, node 9, m
        143     3.59794578552E+001                                                     F               0         Blade 1 Y translation displacement, node 9, m
        144    -2.94045982361E+001                                                     F               0         Blade 1 Z translation displacement, node 9, m
        145     2.40758571625E+001                                                     F               0         Blade 1 X translation displacement, node 10, m
        146     3.95337638855E+001                                                     F               0         Blade 1 Y translation displacement, node 10, m
        147    -3.17556648254E+001                                                     F               0         Blade 1 Z translation displacement, node 10, m
        148     2.39693393707E+001                                                     F               0         Blade 1 X translation displacement, node 11, m
        149     4.30880813599E+001                                                     F               0         Blade 1 Y translation displacement, node 11, m
        150    -3.41067237854E+001                                                     F               0         Blade 1 Z translation displacement, node 11, m
        151     2.38628044128E+001                                                     F               0         Blade 1 X translation displacement, node 12, m
        152     4.66430206299E+001                                                     F               0         Blade 1 Y translation displacement, node 12, m
        153    -3.64582061768E+001                                                     F               0         Blade 1 Z translation displacement, node 12, m
        154     2.37562885284E+001                                                     F               0         Blade 1 X translation displacement, node 13, m
        155     5.01973381042E+001                                                     F               0         Blade 1 Y translation displacement, node 13, m
        156    -3.88092651367E+001                                                     F               0         Blade 1 Z translation displacement, node 13, m
        157     2.36497707367E+001                                                     F               0         Blade 1 X translation displacement, node 14, m
        158     5.37516441345E+001                                                     F               0         Blade 1 Y translation displacement, node 14, m
        159    -4.11603317261E+001                                                     F               0         Blade 1 Z translation displacement, node 14, m
        160     2.35432338715E+001                                                     F               0         Blade 1 X translation displacement, node 15, m
        161     5.73066024780E+001                                                     F               0         Blade 1 Y translation displacement, node 15, m
        162    -4.35118217468E+001                                                     F               0         Blade 1 Z translation displacement, node 15, m
        163     2.34367179871E+001                                                     F               0         Blade 1 X translation displacement, node 16, m
        164     6.08609123230E+001                                                     F               0         Blade 1 Y translation displacement, node 16, m
        165    -4.58628845215E+001                                                     F               0         Blade 1 Z translation displacement, node 16, m
        166     2.33302021027E+001                                                     F               0         Blade 1 X translation displacement, node 17, m
        167     6.44152374268E+001                                                     F               0         Blade 1 Y translation displacement, node 17, m
        168    -4.82139434814E+001                                                     F               0         Blade 1 Z translation displacement, node 17, m
        169     2.32236843109E+001                                                     F               0         Blade 1 X translation displacement, node 18, m
        170     6.79695434570E+001                                                     F               0         Blade 1 Y translation displacement, node 18, m
        171    -5.05650100708E+001                                                     F               0         Blade 1 Z translation displacement, node 18, m
        172     2.31171493530E+001                                                     F               0         Blade 1 X translation displacement, node 19, m
        173     7.15244827271E+001                                                     F               0         Blade 1 Y translation displacement, node 19, m
        174    -5.29164924622E+001                                                     F               0         Blade 1 Z translation displacement, node 19, m
        175     2.30106315613E+001                                                     F               0         Blade 1 X translation displacement, node 20, m
        176     7.50787963867E+001                                                     F               0         Blade 1 Y translation displacement, node 20, m
        177    -5.52675476074E+001                                                     F               0         Blade 1 Z translation displacement, node 20, m
        178     2.29041156769E+001                                                     F               0         Blade 1 X translation displacement, node 21, m
        179     7.86331100464E+001                                                     F               0         Blade 1 Y translation displacement, node 21, m
        180    -5.76186141968E+001                                                     F               0         Blade 1 Z translation displacement, node 21, m
        181     2.27975788116E+001                                                     F               0         Blade 1 X translation displacement, node 22, m
        182     8.21880645752E+001                                                     F               0         Blade 1 Y translation displacement, node 22, m
        183    -5.99701080322E+001                                                     F               0         Blade 1 Z translation displacement, node 22, m
        184     2.26910610199E+001                                                     F               0         Blade 1 X translation displacement, node 23, m
        185     8.57423782349E+001                                                     F               0         Blade 1 Y translation displacement, node 23, m
        186    -6.23211631775E+001                                                     F               0         Blade 1 Z translation displacement, node 23, m
        187     2.25845451355E+001                                                     F               0         Blade 1 X translation displacement, node 24, m
        188     8.92966918945E+001                                                     F               0         Blade 1 Y translation displacement, node 24, m
        189    -6.46722259521E+001                                                     F               0         Blade 1 Z translation displacement, node 24, m
        190     2.24780273438E+001                                                     F               0         Blade 1 X translation displacement, node 25, m
        191     9.28509979248E+001                                                     F               0         Blade 1 Y translation displacement, node 25, m
        192    -6.70232925415E+001                                                     F               0         Blade 1 Z translation displacement, node 25, m
        193     2.23714923859E+001                                                     F               0         Blade 1 X translation displacement, node 26, m
        194     9.64059524536E+001                                                     F               0         Blade 1 Y translation displacement, node 26, m
        195    -6.93747863770E+001                                                     F               0         Blade 1 Z translation displacement, node 26, m
        196     2.22649745941E+001                                                     F               0         Blade 1 X translation displacement, node 27, m
        197     9.99602584839E+001                                                     F               0         Blade 1 Y translation displacement, node 27, m
        198    -7.17258453369E+001                                                     F               0         Blade 1 Z translation displacement, node 27, m
        199     2.21746711731E+001                                                     F               0         Blade 1 X translation displacement, node 28, m
        200     1.02973556519E+002                                                     F               0         Blade 1 Y translation displacement, node 28, m
        201    -7.37190322876E+001                                                     F               0         Blade 1 Z translation displacement, node 28, m
        202     9.13819432259E-001,  -2.20126971602E-001,   3.41288954020E-001         F               0         Blade 1 X orientation angle, node 1, rad
        203     3.98756861687E-001,   3.27025711536E-001,  -8.56765508652E-001         F               0         Blade 1 Y orientation angle, node 1, rad
        204     7.69869387150E-002,   9.19020295143E-001,   3.86619597673E-001         F               0         Blade 1 Z orientation angle, node 1, rad
        205     9.13819432259E-001,  -2.20126971602E-001,   3.41288954020E-001         F               0         Blade 1 X orientation angle, node 2, rad
        206     3.98756861687E-001,   3.27025711536E-001,  -8.56765508652E-001         F               0         Blade 1 Y orientation angle, node 2, rad
        207     7.69869387150E-002,   9.19020295143E-001,   3.86619597673E-001         F               0         Blade 1 Z orientation angle, node 2, rad
        208     9.82291162014E-001,  -1.36347457767E-001,   1.28504842520E-001         F               0         Blade 1 X orientation angle, node 3, rad
        209     1.70813158154E-001,   3.69879812002E-001,  -9.13242459297E-001         F               0         Blade 1 Y orientation angle, node 3, rad
        210     7.69869387150E-002,   9.19020295143E-001,   3.86619597673E-001         F               0         Blade 1 Z orientation angle, node 3, rad
        211     9.88627552986E-001,  -1.20607897639E-001,   8.98291096091E-002         F               0         Blade 1 X orientation angle, node 4, rad
        212     1.29184141755E-001,   3.75307112932E-001,  -9.17854011059E-001         F               0         Blade 1 Y orientation angle, node 4, rad
        213     7.69869387150E-002,   9.19020295143E-001,   3.86619597673E-001         F               0         Blade 1 Z orientation angle, node 4, rad
        214     9.92367148399E-001,  -1.08098216355E-001,   5.93481063843E-002         F               0         Blade 1 X orientation angle, node 5, rad
        215     9.63350012898E-002,   3.79099577665E-001,  -9.20327723026E-001         F               0         Blade 1 Y orientation angle, node 5, rad
        216     7.69869387150E-002,   9.19020295143E-001,   3.86619597673E-001         F               0         Blade 1 Z orientation angle, node 5, rad
        217     9.94573354721E-001,  -9.80042219162E-002,   3.49147021770E-002         F               0         Blade 1 X orientation angle, node 6, rad
        218     6.99776709080E-002,   3.81833583117E-001,  -9.21578109264E-001         F               0         Blade 1 Y orientation angle, node 6, rad
        219     7.69869387150E-002,   9.19020295143E-001,   3.86619597673E-001         F               0         Blade 1 Z orientation angle, node 6, rad
        220     9.95863199234E-001,  -8.96512418985E-002,   1.48022761568E-002         F               0         Blade 1 X orientation angle, node 7, rad
        221     4.82645221055E-002,   3.83880645037E-001,  -9.22120451927E-001         F               0         Blade 1 Y orientation angle, node 7, rad
        222     7.69869387150E-002,   9.19020295143E-001,   3.86619597673E-001         F               0         Blade 1 Z orientation angle, node 7, rad
        223     9.96575176716E-001,  -8.26688781381E-002,  -1.93704338744E-003         F               0         Blade 1 X orientation angle, node 8, rad
        224     3.01812272519E-002,   3.85444641113E-001,  -9.22237217426E-001         F               0         Blade 1 Y orientation angle, node 8, rad
        225     7.69869387150E-002,   9.19020295143E-001,   3.86619597673E-001         F               0         Blade 1 Z orientation angle, node 8, rad
        226     9.96921181679E-001,  -7.67393559217E-002,  -1.61008033901E-002         F               0         Blade 1 X orientation angle, node 9, rad
        227     1.48719754070E-002,   3.86668860912E-001,  -9.22098696232E-001         F               0         Blade 1 Y orientation angle, node 9, rad
        228     7.69869387150E-002,   9.19020295143E-001,   3.86619627476E-001         F               0         Blade 1 Z orientation angle, node 9, rad
        229     9.97030735016E-001,  -7.16037899256E-002,  -2.83302068710E-002         F               0         Blade 1 X orientation angle, node 10, rad
        230     1.64739356842E-003,   3.87652695179E-001,  -9.21804010868E-001         F               0         Blade 1 Y orientation angle, node 10, rad
        231     7.69869387150E-002,   9.19020295143E-001,   3.86619597673E-001         F               0         Blade 1 Z orientation angle, node 10, rad
        232     9.96985256672E-001,  -6.72014951706E-002,  -3.87856960297E-002         F               0         Blade 1 X orientation angle, node 11, rad
        233    -9.66342538595E-003,   3.88440042734E-001,  -9.21423316002E-001         F               0         Blade 1 Y orientation angle, node 11, rad
        234     7.69869387150E-002,   9.19020295143E-001,   3.86619597673E-001         F               0         Blade 1 Z orientation angle, node 11, rad
        235     9.96839821339E-001,  -6.33338838816E-002,  -4.79502901435E-002         F               0         Blade 1 X orientation angle, node 12, rad
        236    -1.95811688900E-002,   3.89089345932E-001,  -9.20991897583E-001         F               0         Blade 1 Y orientation angle, node 12, rad
        237     7.69869387150E-002,   9.19020295143E-001,   3.86619597673E-001         F               0         Blade 1 Z orientation angle, node 12, rad
        238     9.96630966663E-001,  -5.99360689521E-002,  -5.59855364263E-002         F               0         Blade 1 X orientation angle, node 13, rad
        239    -2.82793845981E-002,   3.89627218246E-001,  -9.20538365841E-001         F               0         Blade 1 Y orientation angle, node 13, rad
        240     7.69869387150E-002,   9.19020295143E-001,   3.86619597673E-001         F               0         Blade 1 Z orientation angle, node 13, rad
        241     9.96378123760E-001,  -5.68741299212E-002,  -6.32136240602E-002         F               0         Blade 1 X orientation angle, node 14, rad
        242    -3.61059531569E-002,   3.90085935593E-001,  -9.20070290565E-001         F               0         Blade 1 Y orientation angle, node 14, rad
        243     7.69869387150E-002,   9.19020295143E-001,   3.86619597673E-001         F               0         Blade 1 Z orientation angle, node 14, rad
        244     9.96101796627E-001,  -5.41494488716E-002,  -6.96353316307E-002         F               0         Blade 1 X orientation angle, node 15, rad
        245    -4.30610440671E-002,   3.90473514795E-001,  -9.19606506824E-001         F               0         Blade 1 Y orientation angle, node 15, rad
        246     7.69869387150E-002,   9.19020295143E-001,   3.86619627476E-001         F               0         Blade 1 Z orientation angle, node 15, rad
        247     9.95811581612E-001,  -5.16949817538E-002,  -7.54119828343E-002         F               0         Blade 1 X orientation angle, node 16, rad
