
Linearized model: Predictions were generated on 13-Feb-2024 at 11:29:37 using OpenFAST, compiled as a 64-bit application using single precision at commit v3.5.1
 linked with  NWTC Subroutine Library; ElastoDyn; InflowWind; AeroDyn; ServoDyn; HydroDyn; MAP++ (<1.20.10>, <Oct-20-2023>)

Description from the FAST input file: CCT-9 Campign 4 model. Input files to be run with OpenFAST 3.5.0. GitHub branch from Lu Wang (https://github.com/luwang00/openfast/tree/dev) compiled on March 7, 2023.

Simulation information:
   Simulation time:                  1217.0000 s
   Rotor Speed:                         0.7918 rad/s
   Azimuth:                             4.8886 rad
   Wind Speed:                         16.0000 m/s
   Number of continuous states:         0
   Number of discrete states:           0
   Number of constraint states:         0
   Number of inputs:                 1746
   Number of outputs:                   4
   Jacobians included in this file?    No

Order of inputs:
     Column   Operating Point                                                   Rotating Frame? Derivative Order Description
   ---------- ---------------                                                   --------------- ---------------- -----------
          1     1.07027606964E+001                                                     F               0         Tower X translation displacement, node 1, m
          2    -1.56112170219E+000                                                     F               0         Tower Y translation displacement, node 1, m
          3    -2.88848429918E-001                                                     F               0         Tower Z translation displacement, node 1, m
          4     1.20887260437E+001                                                     F               0         Tower X translation displacement, node 2, m
          5    -2.19562411308E+000                                                     F               0         Tower Y translation displacement, node 2, m
          6    -3.83240848780E-001                                                     F               0         Tower Z translation displacement, node 2, m
          7     1.34746913910E+001                                                     F               0         Tower X translation displacement, node 3, m
          8    -2.83012652397E+000                                                     F               0         Tower Y translation displacement, node 3, m
          9    -4.77631181479E-001                                                     F               0         Tower Z translation displacement, node 3, m
         10     1.48606576920E+001                                                     F               0         Tower X translation displacement, node 4, m
         11    -3.46462893486E+000                                                     F               0         Tower Y translation displacement, node 4, m
         12    -5.72021722794E-001                                                     F               0         Tower Z translation displacement, node 4, m
         13     1.62466239929E+001                                                     F               0         Tower X translation displacement, node 5, m
         14    -4.09913158417E+000                                                     F               0         Tower Y translation displacement, node 5, m
         15    -6.66409432888E-001                                                     F               0         Tower Z translation displacement, node 5, m
         16     1.76325874329E+001                                                     F               0         Tower X translation displacement, node 6, m
         17    -4.73363351822E+000                                                     F               0         Tower Y translation displacement, node 6, m
         18    -7.60807693005E-001                                                     F               0         Tower Z translation displacement, node 6, m
         19     1.90185546875E+001                                                     F               0         Tower X translation displacement, node 7, m
         20    -5.36813640594E+000                                                     F               0         Tower Y translation displacement, node 7, m
         21    -8.55191946030E-001                                                     F               0         Tower Z translation displacement, node 7, m
         22     2.04045200348E+001                                                     F               0         Tower X translation displacement, node 8, m
         23    -6.00263834000E+000                                                     F               0         Tower Y translation displacement, node 8, m
         24    -9.49588298798E-001                                                     F               0         Tower Z translation displacement, node 8, m
         25     2.17904872894E+001                                                     F               0         Tower X translation displacement, node 9, m
         26    -6.63714170456E+000                                                     F               0         Tower Y translation displacement, node 9, m
         27    -1.04397571087E+000                                                     F               0         Tower Z translation displacement, node 9, m
         28     2.31764526367E+001                                                     F               0         Tower X translation displacement, node 10, m
         29    -7.27164411545E+000                                                     F               0         Tower Y translation displacement, node 10, m
         30    -1.13836908340E+000                                                     F               0         Tower Z translation displacement, node 10, m
         31     2.45624179840E+001                                                     F               0         Tower X translation displacement, node 11, m
         32    -7.90614604950E+000                                                     F               0         Tower Y translation displacement, node 11, m
         33    -1.23275935650E+000                                                     F               0         Tower Z translation displacement, node 11, m
         34     9.93685185909E-001,   3.40402475558E-003,  -1.12152159214E-001         F               0         Tower X orientation angle, node 1, rad
         35     2.38165981136E-003,   9.98674631119E-001,   5.14134839177E-002         F               0         Tower Y orientation angle, node 1, rad
         36     1.12178526819E-001,  -5.13559244573E-002,   9.92360115051E-001         F               0         Tower Z orientation angle, node 1, rad
         37     9.93685185909E-001,   3.40402475558E-003,  -1.12152159214E-001         F               0         Tower X orientation angle, node 2, rad
         38     2.38165981136E-003,   9.98674631119E-001,   5.14134839177E-002         F               0         Tower Y orientation angle, node 2, rad
         39     1.12178526819E-001,  -5.13559244573E-002,   9.92360115051E-001         F               0         Tower Z orientation angle, node 2, rad
         40     9.93685185909E-001,   3.40402475558E-003,  -1.12152159214E-001         F               0         Tower X orientation angle, node 3, rad
         41     2.38165981136E-003,   9.98674631119E-001,   5.14134839177E-002         F               0         Tower Y orientation angle, node 3, rad
         42     1.12178526819E-001,  -5.13559244573E-002,   9.92360115051E-001         F               0         Tower Z orientation angle, node 3, rad
         43     9.93685185909E-001,   3.40402475558E-003,  -1.12152159214E-001         F               0         Tower X orientation angle, node 4, rad
         44     2.38165981136E-003,   9.98674631119E-001,   5.14134839177E-002         F               0         Tower Y orientation angle, node 4, rad
         45     1.12178526819E-001,  -5.13559244573E-002,   9.92360115051E-001         F               0         Tower Z orientation angle, node 4, rad
         46     9.93685185909E-001,   3.40402475558E-003,  -1.12152159214E-001         F               0         Tower X orientation angle, node 5, rad
         47     2.38165981136E-003,   9.98674631119E-001,   5.14134839177E-002         F               0         Tower Y orientation angle, node 5, rad
         48     1.12178526819E-001,  -5.13559244573E-002,   9.92360115051E-001         F               0         Tower Z orientation angle, node 5, rad
         49     9.93685185909E-001,   3.40402475558E-003,  -1.12152159214E-001         F               0         Tower X orientation angle, node 6, rad
         50     2.38165981136E-003,   9.98674631119E-001,   5.14134839177E-002         F               0         Tower Y orientation angle, node 6, rad
         51     1.12178526819E-001,  -5.13559244573E-002,   9.92360115051E-001         F               0         Tower Z orientation angle, node 6, rad
         52     9.93685185909E-001,   3.40402475558E-003,  -1.12152159214E-001         F               0         Tower X orientation angle, node 7, rad
         53     2.38165981136E-003,   9.98674631119E-001,   5.14134839177E-002         F               0         Tower Y orientation angle, node 7, rad
         54     1.12178526819E-001,  -5.13559244573E-002,   9.92360115051E-001         F               0         Tower Z orientation angle, node 7, rad
         55     9.93685185909E-001,   3.40402452275E-003,  -1.12152159214E-001         F               0         Tower X orientation angle, node 8, rad
         56     2.38165957853E-003,   9.98674631119E-001,   5.14134801924E-002         F               0         Tower Y orientation angle, node 8, rad
         57     1.12178526819E-001,  -5.13559244573E-002,   9.92360115051E-001         F               0         Tower Z orientation angle, node 8, rad
         58     9.93685185909E-001,   3.40402498841E-003,  -1.12152166665E-001         F               0         Tower X orientation angle, node 9, rad
         59     2.38165981136E-003,   9.98674631119E-001,   5.14134839177E-002         F               0         Tower Y orientation angle, node 9, rad
         60     1.12178534269E-001,  -5.13559281826E-002,   9.92360115051E-001         F               0         Tower Z orientation angle, node 9, rad
         61     9.93685185909E-001,   3.40402475558E-003,  -1.12152159214E-001         F               0         Tower X orientation angle, node 10, rad
         62     2.38165981136E-003,   9.98674631119E-001,   5.14134839177E-002         F               0         Tower Y orientation angle, node 10, rad
         63     1.12178526819E-001,  -5.13559244573E-002,   9.92360115051E-001         F               0         Tower Z orientation angle, node 10, rad
         64     9.93685185909E-001,   3.40402475558E-003,  -1.12152159214E-001         F               0         Tower X orientation angle, node 11, rad
         65     2.38165981136E-003,   9.98674631119E-001,   5.14134839177E-002         F               0         Tower Y orientation angle, node 11, rad
         66     1.12178526819E-001,  -5.13559244573E-002,   9.92360115051E-001         F               0         Tower Z orientation angle, node 11, rad
         67    -3.06368427118E-004                                                     F               0         Tower X translation velocity, node 1, m/s
         68    -1.73329375684E-003                                                     F               0         Tower Y translation velocity, node 1, m/s
         69    -7.50009994954E-003                                                     F               0         Tower Z translation velocity, node 1, m/s
         70    -4.18392039137E-004                                                     F               0         Tower X translation velocity, node 2, m/s
         71    -2.54794047214E-003                                                     F               0         Tower Y translation velocity, node 2, m/s
         72    -7.52959540114E-003                                                     F               0         Tower Z translation velocity, node 2, m/s
         73    -5.30415680259E-004                                                     F               0         Tower X translation velocity, node 3, m/s
         74    -3.36258742027E-003                                                     F               0         Tower Y translation velocity, node 3, m/s
         75    -7.55909131840E-003                                                     F               0         Tower Z translation velocity, node 3, m/s
         76    -6.42439292278E-004                                                     F               0         Tower X translation velocity, node 4, m/s
         77    -4.17723460123E-003                                                     F               0         Tower Y translation velocity, node 4, m/s
         78    -7.58858677000E-003                                                     F               0         Tower Z translation velocity, node 4, m/s
         79    -7.54462962504E-004                                                     F               0         Tower X translation velocity, node 5, m/s
         80    -4.99188201502E-003                                                     F               0         Tower Y translation velocity, node 5, m/s
         81    -7.61808268726E-003                                                     F               0         Tower Z translation velocity, node 5, m/s
         82    -8.66486516315E-004                                                     F               0         Tower X translation velocity, node 6, m/s
         83    -5.80652756616E-003                                                     F               0         Tower Y translation velocity, node 6, m/s
         84    -7.64757860452E-003                                                     F               0         Tower Z translation velocity, node 6, m/s
         85    -9.78510244749E-004                                                     F               0         Tower X translation velocity, node 7, m/s
         86    -6.62117544562E-003                                                     F               0         Tower Y translation velocity, node 7, m/s
         87    -7.67707405612E-003                                                     F               0         Tower Z translation velocity, node 7, m/s
         88    -1.09053379856E-003                                                     F               0         Tower X translation velocity, node 8, m/s
         89    -7.43582146242E-003                                                     F               0         Tower Y translation velocity, node 8, m/s
         90    -7.70656904206E-003                                                     F               0         Tower Z translation velocity, node 8, m/s
         91    -1.20255758520E-003                                                     F               0         Tower X translation velocity, node 9, m/s
         92    -8.25046934187E-003                                                     F               0         Tower Y translation velocity, node 9, m/s
         93    -7.73606542498E-003                                                     F               0         Tower Z translation velocity, node 9, m/s
         94    -1.31458113901E-003                                                     F               0         Tower X translation velocity, node 10, m/s
         95    -9.06511582434E-003                                                     F               0         Tower Y translation velocity, node 10, m/s
         96    -7.76556087658E-003                                                     F               0         Tower Z translation velocity, node 10, m/s
         97    -1.42660469282E-003                                                     F               0         Tower X translation velocity, node 11, m/s
         98    -9.87976323813E-003                                                     F               0         Tower Y translation velocity, node 11, m/s
         99    -7.79505679384E-003                                                     F               0         Tower Z translation velocity, node 11, m/s
        100     2.55112419128E+001                                                     F               0         Hub X translation displacement, node 1, m
        101    -8.34606456757E+000                                                     F               0         Hub Y translation displacement, node 1, m
        102    -8.14284980297E-002                                                     F               0         Hub Z translation displacement, node 1, m
        103     9.76515829563E-001,   8.75353347510E-003,  -2.15267658234E-001         F               0         Hub X orientation angle, node 1, rad
        104    -2.11678341031E-001,   2.25015521049E-001,  -9.51083719730E-001         F               0         Hub Y orientation angle, node 1, rad
        105     4.01132218540E-002,   9.74315881729E-001,   2.21584156156E-001         F               0         Hub Z orientation angle, node 1, rad
        106     7.73223698139E-001                                                     F               0         Hub X rotation velocity, node 1, rad/s
        107     6.92153628916E-003                                                     F               0         Hub Y rotation velocity, node 1, rad/s
        108    -1.70439437032E-001                                                     F               0         Hub Z rotation velocity, node 1, rad/s
        109     9.96584296227E-001,  -2.29914430529E-002,  -7.93164968491E-002         F               0         Blade root 1 X orientation angle, node 1, rad
        110    -7.21847787499E-002,   2.24008932710E-001,  -9.71910178661E-001         F               0         Blade root 1 Y orientation angle, node 1, rad
        111     4.01132218540E-002,   9.74315881729E-001,   2.21584156156E-001         F               0         Blade root 1 Z orientation angle, node 1, rad
        112     9.47024583817E-001,  -9.42180901766E-002,  -3.07029932737E-001         F               0         Blade root 2 X orientation angle, node 1, rad
        113     2.76568025351E-001,   7.25232362747E-001,   6.30514144897E-001         F               0         Blade root 2 Y orientation angle, node 1, rad
        114     1.63262203336E-001,  -6.82027101517E-001,   7.12870597839E-001         F               0         Blade root 2 Z orientation angle, node 1, rad
        115     9.56799626350E-001,   1.43208935857E-001,  -2.53033012152E-001         F               0         Blade root 3 X orientation angle, node 1, rad
        116     2.07780972123E-001,  -9.45546627045E-001,   2.50536590815E-001         F               0         Blade root 3 Y orientation angle, node 1, rad
        117    -2.03375428915E-001,  -2.92288780212E-001,  -9.34454739094E-001         F               0         Blade root 3 Z orientation angle, node 1, rad
        118     2.51543807983E+001                                                     F               0         Blade 1 X translation displacement, node 1, m
        119    -2.94835472107E+000                                                     F               0         Blade 1 Y translation displacement, node 1, m
        120    -4.36351108551E+000                                                     F               0         Blade 1 Z translation displacement, node 1, m
        121     2.50683937073E+001                                                     F               0         Blade 1 X translation displacement, node 2, m
        122    -1.64773476124E+000                                                     F               0         Blade 1 Y translation displacement, node 2, m
        123    -5.39530801773E+000                                                     F               0         Blade 1 Z translation displacement, node 2, m
        124     2.38991012573E+001                                                     F               0         Blade 1 X translation displacement, node 3, m
        125     1.60384426117E+001                                                     F               0         Blade 1 Y translation displacement, node 3, m
        126    -1.94259853363E+001                                                     F               0         Blade 1 Z translation displacement, node 3, m
        127     2.36499767303E+001                                                     F               0         Blade 1 X translation displacement, node 4, m
        128     1.98065872192E+001                                                     F               0         Blade 1 Y translation displacement, node 4, m
        129    -2.24153118134E+001                                                     F               0         Blade 1 Z translation displacement, node 4, m
        130     2.34008045197E+001                                                     F               0         Blade 1 X translation displacement, node 5, m
        131     2.35754489899E+001                                                     F               0         Blade 1 Y translation displacement, node 5, m
        132    -2.54051914215E+001                                                     F               0         Blade 1 Z translation displacement, node 5, m
        133     2.31516799927E+001                                                     F               0         Blade 1 X translation displacement, node 6, m
        134     2.73436088562E+001                                                     F               0         Blade 1 Y translation displacement, node 6, m
        135    -2.83945312500E+001                                                     F               0         Blade 1 Z translation displacement, node 6, m
        136     2.29025535583E+001                                                     F               0         Blade 1 X translation displacement, node 7, m
        137     3.11117820740E+001                                                     F               0         Blade 1 Y translation displacement, node 7, m
        138    -3.13838653564E+001                                                     F               0         Blade 1 Z translation displacement, node 7, m
        139     2.26533813477E+001                                                     F               0         Blade 1 X translation displacement, node 8, m
        140     3.48806266785E+001                                                     F               0         Blade 1 Y translation displacement, node 8, m
        141    -3.43737487793E+001                                                     F               0         Blade 1 Z translation displacement, node 8, m
        142     2.24042549133E+001                                                     F               0         Blade 1 X translation displacement, node 9, m
        143     3.86487998962E+001                                                     F               0         Blade 1 Y translation displacement, node 9, m
        144    -3.73630828857E+001                                                     F               0         Blade 1 Z translation displacement, node 9, m
        145     2.21551303864E+001                                                     F               0         Blade 1 X translation displacement, node 10, m
        146     4.24169616699E+001                                                     F               0         Blade 1 Y translation displacement, node 10, m
        147    -4.03524246216E+001                                                     F               0         Blade 1 Z translation displacement, node 10, m
        148     2.19060039520E+001                                                     F               0         Blade 1 X translation displacement, node 11, m
        149     4.61851348877E+001                                                     F               0         Blade 1 Y translation displacement, node 11, m
        150    -4.33417587280E+001                                                     F               0         Blade 1 Z translation displacement, node 11, m
        151     2.16568336487E+001                                                     F               0         Blade 1 X translation displacement, node 12, m
        152     4.99539680481E+001                                                     F               0         Blade 1 Y translation displacement, node 12, m
        153    -4.63316307068E+001                                                     F               0         Blade 1 Z translation displacement, node 12, m
        154     2.14077072144E+001                                                     F               0         Blade 1 X translation displacement, node 13, m
        155     5.37221412659E+001                                                     F               0         Blade 1 Y translation displacement, node 13, m
        156    -4.93209648132E+001                                                     F               0         Blade 1 Z translation displacement, node 13, m
        157     2.11585826874E+001                                                     F               0         Blade 1 X translation displacement, node 14, m
        158     5.74903030396E+001                                                     F               0         Blade 1 Y translation displacement, node 14, m
        159    -5.23103027344E+001                                                     F               0         Blade 1 Z translation displacement, node 14, m
        160     2.09094104767E+001                                                     F               0         Blade 1 X translation displacement, node 15, m
        161     6.12591552734E+001                                                     F               0         Blade 1 Y translation displacement, node 15, m
        162    -5.53001823425E+001                                                     F               0         Blade 1 Z translation displacement, node 15, m
        163     2.06602840424E+001                                                     F               0         Blade 1 X translation displacement, node 16, m
        164     6.50273208618E+001                                                     F               0         Blade 1 Y translation displacement, node 16, m
        165    -5.82895240784E+001                                                     F               0         Blade 1 Z translation displacement, node 16, m
        166     2.04111595154E+001                                                     F               0         Blade 1 X translation displacement, node 17, m
        167     6.87955017090E+001                                                     F               0         Blade 1 Y translation displacement, node 17, m
        168    -6.12788581848E+001                                                     F               0         Blade 1 Z translation displacement, node 17, m
        169     2.01620330811E+001                                                     F               0         Blade 1 X translation displacement, node 18, m
        170     7.25636596680E+001                                                     F               0         Blade 1 Y translation displacement, node 18, m
        171    -6.42681961060E+001                                                     F               0         Blade 1 Z translation displacement, node 18, m
        172     1.99128627777E+001                                                     F               0         Blade 1 X translation displacement, node 19, m
        173     7.63324966431E+001                                                     F               0         Blade 1 Y translation displacement, node 19, m
        174    -6.72580642700E+001                                                     F               0         Blade 1 Z translation displacement, node 19, m
        175     1.96637344360E+001                                                     F               0         Blade 1 X translation displacement, node 20, m
        176     8.01006698608E+001                                                     F               0         Blade 1 Y translation displacement, node 20, m
        177    -7.02473983765E+001                                                     F               0         Blade 1 Z translation displacement, node 20, m
        178     1.94146099091E+001                                                     F               0         Blade 1 X translation displacement, node 21, m
        179     8.38688354492E+001                                                     F               0         Blade 1 Y translation displacement, node 21, m
        180    -7.32367401123E+001                                                     F               0         Blade 1 Z translation displacement, node 21, m
        181     1.91654396057E+001                                                     F               0         Blade 1 X translation displacement, node 22, m
        182     8.76376800537E+001                                                     F               0         Blade 1 Y translation displacement, node 22, m
        183    -7.62266235352E+001                                                     F               0         Blade 1 Z translation displacement, node 22, m
        184     1.89163112640E+001                                                     F               0         Blade 1 X translation displacement, node 23, m
        185     9.14058532715E+001                                                     F               0         Blade 1 Y translation displacement, node 23, m
        186    -7.92159576416E+001                                                     F               0         Blade 1 Z translation displacement, node 23, m
        187     1.86671867371E+001                                                     F               0         Blade 1 X translation displacement, node 24, m
        188     9.51740188599E+001                                                     F               0         Blade 1 Y translation displacement, node 24, m
        189    -8.22052917480E+001                                                     F               0         Blade 1 Z translation displacement, node 24, m
        190     1.84180603027E+001                                                     F               0         Blade 1 X translation displacement, node 25, m
        191     9.89421844482E+001                                                     F               0         Blade 1 Y translation displacement, node 25, m
        192    -8.51946334839E+001                                                     F               0         Blade 1 Z translation displacement, node 25, m
        193     1.81688899994E+001                                                     F               0         Blade 1 X translation displacement, node 26, m
        194     1.02711036682E+002                                                     F               0         Blade 1 Y translation displacement, node 26, m
        195    -8.81845169067E+001                                                     F               0         Blade 1 Z translation displacement, node 26, m
        196     1.79197635651E+001                                                     F               0         Blade 1 X translation displacement, node 27, m
        197     1.06479194641E+002                                                     F               0         Blade 1 Y translation displacement, node 27, m
        198    -9.11738510132E+001                                                     F               0         Blade 1 Z translation displacement, node 27, m
        199     1.77085590363E+001                                                     F               0         Blade 1 X translation displacement, node 28, m
        200     1.09673797607E+002                                                     F               0         Blade 1 Y translation displacement, node 28, m
        201    -9.37081527710E+001                                                     F               0         Blade 1 Z translation displacement, node 28, m
        202     9.19851362705E-001,  -1.22612319887E-001,   3.72612059116E-001         F               0         Blade 1 X orientation angle, node 1, rad
        203     3.90210777521E-001,   1.88877820969E-001,  -9.01144146919E-001         F               0         Blade 1 Y orientation angle, node 1, rad
        204     4.01132218540E-002,   9.74315881729E-001,   2.21584156156E-001         F               0         Blade 1 Z orientation angle, node 1, rad
        205     9.19851362705E-001,  -1.22612319887E-001,   3.72612059116E-001         F               0         Blade 1 X orientation angle, node 2, rad
        206     3.90210777521E-001,   1.88877820969E-001,  -9.01144146919E-001         F               0         Blade 1 Y orientation angle, node 2, rad
        207     4.01132218540E-002,   9.74315881729E-001,   2.21584156156E-001         F               0         Blade 1 Z orientation angle, node 2, rad
        208     9.86125707626E-001,  -7.43533223867E-002,   1.48417398334E-001         F               0         Blade 1 X orientation angle, node 3, rad
        209     1.61080941558E-001,   2.12556332350E-001,  -9.63780462742E-001         F               0         Blade 1 Y orientation angle, node 3, rad
        210     4.01132218540E-002,   9.74315881729E-001,   2.21584156156E-001         F               0         Blade 1 Z orientation angle, node 3, rad
        211     9.92047727108E-001,  -6.53119459748E-002,   1.07589974999E-001         F               0         Blade 1 X orientation angle, node 4, rad
        212     1.19298711419E-001,   2.15506285429E-001,  -9.69187736511E-001         F               0         Blade 1 Y orientation angle, node 4, rad
        213     4.01132218540E-002,   9.74315881729E-001,   2.21584156156E-001         F               0         Blade 1 Z orientation angle, node 4, rad
        214     9.95457708836E-001,  -5.81308901310E-002,   7.53972306848E-002         F               0         Blade 1 X orientation angle, node 5, rad
        215     8.63416045904E-002,   2.17553243041E-001,  -9.72222030163E-001         F               0         Blade 1 Y orientation angle, node 5, rad
        216     4.01132218540E-002,   9.74315881729E-001,   2.21584156156E-001         F               0         Blade 1 Z orientation angle, node 5, rad
        217     9.97397720814E-001,  -5.23396395147E-002,   4.95816357434E-002         F               0         Blade 1 X orientation angle, node 6, rad
        218     5.99058084190E-002,   2.19018667936E-001,  -9.73879933357E-001         F               0         Blade 1 Y orientation angle, node 6, rad
        219     4.01132218540E-002,   9.74315881729E-001,   2.21584156156E-001         F               0         Blade 1 Z orientation angle, node 6, rad
        220     9.98467206955E-001,  -4.75493185222E-002,   2.83247623593E-002         F               0         Blade 1 X orientation angle, node 7, rad
        221     3.81334386766E-002,   2.20108330250E-001,  -9.74729776382E-001         F               0         Blade 1 Y orientation angle, node 7, rad
        222     4.01132218540E-002,   9.74315881729E-001,   2.21584156156E-001         F               0         Blade 1 Z orientation angle, node 7, rad
        223     9.98994886875E-001,  -4.35464270413E-002,   1.06283323839E-002         F               0         Blade 1 X orientation angle, node 8, rad
        224     2.00045518577E-002,   2.20935106277E-001,  -9.75083351135E-001         F               0         Blade 1 Y orientation angle, node 8, rad
        225     4.01132218540E-002,   9.74315881729E-001,   2.21584156156E-001         F               0         Blade 1 Z orientation angle, node 8, rad
        226     9.99184250832E-001,  -4.01481017470E-002,  -4.34853555635E-003         F               0         Blade 1 X orientation angle, node 9, rad
        227     4.65933838859E-003,   2.21577882767E-001,  -9.75131571293E-001         F               0         Blade 1 Y orientation angle, node 9, rad
        228     4.01132218540E-002,   9.74315822124E-001,   2.21584200859E-001         F               0         Blade 1 Z orientation angle, node 9, rad
        229     9.99158203602E-001,  -3.72055396438E-002,  -1.72824058682E-002         F               0         Blade 1 X orientation angle, node 10, rad
        230    -8.59436299652E-003,   2.22090885043E-001,  -9.74988102913E-001         F               0         Blade 1 Y orientation angle, node 10, rad
        231     4.01132218540E-002,   9.74315881729E-001,   2.21584156156E-001         F               0         Blade 1 Z orientation angle, node 10, rad
        232     9.98996376991E-001,  -3.46836559474E-002,  -2.83419452608E-002         F               0         Blade 1 X orientation angle, node 11, rad
        233    -1.99286583811E-002,   2.22498670220E-001,  -9.74729299545E-001         F               0         Blade 1 Y orientation angle, node 11, rad
        234     4.01132218540E-002,   9.74315881729E-001,   2.21584171057E-001         F               0         Blade 1 Z orientation angle, node 11, rad
        235     9.98748719692E-001,  -3.24684754014E-002,  -3.80373559892E-002         F               0         Blade 1 X orientation angle, node 12, rad
        236    -2.98659000546E-002,   2.22832694650E-001,  -9.74399089813E-001         F               0         Blade 1 Y orientation angle, node 12, rad
        237     4.01132218540E-002,   9.74315881729E-001,   2.21584156156E-001         F               0         Blade 1 Z orientation angle, node 12, rad
        238     9.98450040817E-001,  -3.05226836354E-002,  -4.65390421450E-002         F               0         Blade 1 X orientation angle, node 13, rad
        239    -3.85803803802E-002,   2.23107546568E-001,  -9.74030077457E-001         F               0         Blade 1 Y orientation angle, node 13, rad
        240     4.01132218540E-002,   9.74315881729E-001,   2.21584156156E-001         F               0         Blade 1 Z orientation angle, node 13, rad
        241     9.98116254807E-001,  -2.87694782019E-002,  -5.41875399649E-002         F               0         Blade 1 X orientation angle, node 14, rad
        242    -4.64209206402E-002,   2.23340377212E-001,  -9.73634541035E-001         F               0         Blade 1 Y orientation angle, node 14, rad
        243     4.01132218540E-002,   9.74315881729E-001,   2.21584156156E-001         F               0         Blade 1 Z orientation angle, node 14, rad
        244     9.97767865658E-001,  -2.72095762193E-002,  -6.09834119678E-002         F               0         Blade 1 X orientation angle, node 15, rad
        245    -5.33878915012E-002,   2.23535835743E-001,  -9.73232507706E-001         F               0         Blade 1 Y orientation angle, node 15, rad
        246     4.01132218540E-002,   9.74315822124E-001,   2.21584200859E-001         F               0         Blade 1 Z orientation angle, node 15, rad
        247     9.97412681580E-001,  -2.58045345545E-002,  -6.70971721411E-002         F               0         Blade 1 X orientation angle, node 16, rad
