
Linearized model: Predictions were generated on 30-Jan-2024 at 18:20:32 using OpenFAST, compiled as a 64-bit application using single precision at commit v3.5.1
 linked with  NWTC Subroutine Library; ElastoDyn; InflowWind; AeroDyn; ServoDyn; HydroDyn; MAP++ (<1.20.10>, <Oct-20-2023>)

Description from the FAST input file: CCT-9 Campign 4 model. Input files to be run with OpenFAST 3.5.0. GitHub branch from Lu Wang (https://github.com/luwang00/openfast/tree/dev) compiled on March 7, 2023.

Simulation information:
   Simulation time:                   505.2000 s
   Rotor Speed:                         0.8795 rad/s
   Azimuth:                             3.4501 rad
   Wind Speed:                         10.0000 m/s
   Number of continuous states:         0
   Number of discrete states:           0
   Number of constraint states:         0
   Number of inputs:                 1746
   Number of outputs:                   4
   Jacobians included in this file?    No

Order of inputs:
     Column   Operating Point                     Rotating Frame? Derivative Order Description
   ---------- ---------------                     --------------- ---------------- -----------
          1    1.097E+01                                 F               0         Tower X translation displacement, node 1, m
          2   -1.119E+00                                 F               0         Tower Y translation displacement, node 1, m
          3   -3.000E-01                                 F               0         Tower Z translation displacement, node 1, m
          4    1.239E+01                                 F               0         Tower X translation displacement, node 2, m
          5   -1.635E+00                                 F               0         Tower Y translation displacement, node 2, m
          6   -3.925E-01                                 F               0         Tower Z translation displacement, node 2, m
          7    1.381E+01                                 F               0         Tower X translation displacement, node 3, m
          8   -2.150E+00                                 F               0         Tower Y translation displacement, node 3, m
          9   -4.850E-01                                 F               0         Tower Z translation displacement, node 3, m
         10    1.523E+01                                 F               0         Tower X translation displacement, node 4, m
         11   -2.665E+00                                 F               0         Tower Y translation displacement, node 4, m
         12   -5.775E-01                                 F               0         Tower Z translation displacement, node 4, m
         13    1.665E+01                                 F               0         Tower X translation displacement, node 5, m
         14   -3.180E+00                                 F               0         Tower Y translation displacement, node 5, m
         15   -6.700E-01                                 F               0         Tower Z translation displacement, node 5, m
         16    1.807E+01                                 F               0         Tower X translation displacement, node 6, m
         17   -3.695E+00                                 F               0         Tower Y translation displacement, node 6, m
         18   -7.626E-01                                 F               0         Tower Z translation displacement, node 6, m
         19    1.949E+01                                 F               0         Tower X translation displacement, node 7, m
         20   -4.211E+00                                 F               0         Tower Y translation displacement, node 7, m
         21   -8.551E-01                                 F               0         Tower Z translation displacement, node 7, m
         22    2.090E+01                                 F               0         Tower X translation displacement, node 8, m
         23   -4.726E+00                                 F               0         Tower Y translation displacement, node 8, m
         24   -9.476E-01                                 F               0         Tower Z translation displacement, node 8, m
         25    2.232E+01                                 F               0         Tower X translation displacement, node 9, m
         26   -5.241E+00                                 F               0         Tower Y translation displacement, node 9, m
         27   -1.040E+00                                 F               0         Tower Z translation displacement, node 9, m
         28    2.374E+01                                 F               0         Tower X translation displacement, node 10, m
         29   -5.756E+00                                 F               0         Tower Y translation displacement, node 10, m
         30   -1.133E+00                                 F               0         Tower Z translation displacement, node 10, m
         31    2.516E+01                                 F               0         Tower X translation displacement, node 11, m
         32   -6.272E+00                                 F               0         Tower Y translation displacement, node 11, m
         33   -1.225E+00                                 F               0         Tower Z translation displacement, node 11, m
         34    9.934E-01,  9.806E-03, -1.145E-01         F               0         Tower X orientation angle, node 1, rad
         35   -4.958E-03,  9.991E-01,  4.255E-02         F               0         Tower Y orientation angle, node 1, rad
         36    1.148E-01, -4.170E-02,  9.925E-01         F               0         Tower Z orientation angle, node 1, rad
         37    9.934E-01,  9.806E-03, -1.145E-01         F               0         Tower X orientation angle, node 2, rad
         38   -4.958E-03,  9.991E-01,  4.255E-02         F               0         Tower Y orientation angle, node 2, rad
         39    1.148E-01, -4.170E-02,  9.925E-01         F               0         Tower Z orientation angle, node 2, rad
         40    9.934E-01,  9.806E-03, -1.145E-01         F               0         Tower X orientation angle, node 3, rad
         41   -4.958E-03,  9.991E-01,  4.255E-02         F               0         Tower Y orientation angle, node 3, rad
         42    1.148E-01, -4.170E-02,  9.925E-01         F               0         Tower Z orientation angle, node 3, rad
         43    9.934E-01,  9.806E-03, -1.145E-01         F               0         Tower X orientation angle, node 4, rad
         44   -4.958E-03,  9.991E-01,  4.255E-02         F               0         Tower Y orientation angle, node 4, rad
         45    1.148E-01, -4.170E-02,  9.925E-01         F               0         Tower Z orientation angle, node 4, rad
         46    9.934E-01,  9.806E-03, -1.145E-01         F               0         Tower X orientation angle, node 5, rad
         47   -4.958E-03,  9.991E-01,  4.255E-02         F               0         Tower Y orientation angle, node 5, rad
         48    1.148E-01, -4.170E-02,  9.925E-01         F               0         Tower Z orientation angle, node 5, rad
         49    9.934E-01,  9.806E-03, -1.145E-01         F               0         Tower X orientation angle, node 6, rad
         50   -4.958E-03,  9.991E-01,  4.255E-02         F               0         Tower Y orientation angle, node 6, rad
         51    1.148E-01, -4.170E-02,  9.925E-01         F               0         Tower Z orientation angle, node 6, rad
         52    9.934E-01,  9.806E-03, -1.145E-01         F               0         Tower X orientation angle, node 7, rad
         53   -4.958E-03,  9.991E-01,  4.255E-02         F               0         Tower Y orientation angle, node 7, rad
         54    1.148E-01, -4.170E-02,  9.925E-01         F               0         Tower Z orientation angle, node 7, rad
         55    9.934E-01,  9.806E-03, -1.145E-01         F               0         Tower X orientation angle, node 8, rad
         56   -4.958E-03,  9.991E-01,  4.255E-02         F               0         Tower Y orientation angle, node 8, rad
         57    1.148E-01, -4.170E-02,  9.925E-01         F               0         Tower Z orientation angle, node 8, rad
         58    9.934E-01,  9.806E-03, -1.145E-01         F               0         Tower X orientation angle, node 9, rad
         59   -4.958E-03,  9.991E-01,  4.255E-02         F               0         Tower Y orientation angle, node 9, rad
         60    1.148E-01, -4.170E-02,  9.925E-01         F               0         Tower Z orientation angle, node 9, rad
         61    9.934E-01,  9.806E-03, -1.145E-01         F               0         Tower X orientation angle, node 10, rad
         62   -4.958E-03,  9.991E-01,  4.255E-02         F               0         Tower Y orientation angle, node 10, rad
         63    1.148E-01, -4.170E-02,  9.925E-01         F               0         Tower Z orientation angle, node 10, rad
         64    9.934E-01,  9.806E-03, -1.145E-01         F               0         Tower X orientation angle, node 11, rad
         65   -4.958E-03,  9.991E-01,  4.255E-02         F               0         Tower Y orientation angle, node 11, rad
         66    1.148E-01, -4.170E-02,  9.925E-01         F               0         Tower Z orientation angle, node 11, rad
         67   -3.724E-03                                 F               0         Tower X translation velocity, node 1, m/s
         68   -3.916E-03                                 F               0         Tower Y translation velocity, node 1, m/s
         69    4.264E-03                                 F               0         Tower Z translation velocity, node 1, m/s
         70   -3.432E-03                                 F               0         Tower X translation velocity, node 2, m/s
         71   -6.808E-03                                 F               0         Tower Y translation velocity, node 2, m/s
         72    4.108E-03                                 F               0         Tower Z translation velocity, node 2, m/s
         73   -3.140E-03                                 F               0         Tower X translation velocity, node 3, m/s
         74   -9.701E-03                                 F               0         Tower Y translation velocity, node 3, m/s
         75    3.953E-03                                 F               0         Tower Z translation velocity, node 3, m/s
         76   -2.848E-03                                 F               0         Tower X translation velocity, node 4, m/s
         77   -1.259E-02                                 F               0         Tower Y translation velocity, node 4, m/s
         78    3.798E-03                                 F               0         Tower Z translation velocity, node 4, m/s
         79   -2.557E-03                                 F               0         Tower X translation velocity, node 5, m/s
         80   -1.548E-02                                 F               0         Tower Y translation velocity, node 5, m/s
         81    3.642E-03                                 F               0         Tower Z translation velocity, node 5, m/s
         82   -2.265E-03                                 F               0         Tower X translation velocity, node 6, m/s
         83   -1.838E-02                                 F               0         Tower Y translation velocity, node 6, m/s
         84    3.487E-03                                 F               0         Tower Z translation velocity, node 6, m/s
         85   -1.973E-03                                 F               0         Tower X translation velocity, node 7, m/s
         86   -2.127E-02                                 F               0         Tower Y translation velocity, node 7, m/s
         87    3.332E-03                                 F               0         Tower Z translation velocity, node 7, m/s
         88   -1.681E-03                                 F               0         Tower X translation velocity, node 8, m/s
         89   -2.416E-02                                 F               0         Tower Y translation velocity, node 8, m/s
         90    3.177E-03                                 F               0         Tower Z translation velocity, node 8, m/s
         91   -1.389E-03                                 F               0         Tower X translation velocity, node 9, m/s
         92   -2.705E-02                                 F               0         Tower Y translation velocity, node 9, m/s
         93    3.021E-03                                 F               0         Tower Z translation velocity, node 9, m/s
         94   -1.097E-03                                 F               0         Tower X translation velocity, node 10, m/s
         95   -2.995E-02                                 F               0         Tower Y translation velocity, node 10, m/s
         96    2.866E-03                                 F               0         Tower Z translation velocity, node 10, m/s
         97   -8.055E-04                                 F               0         Tower X translation velocity, node 11, m/s
         98   -3.284E-02                                 F               0         Tower Y translation velocity, node 11, m/s
         99    2.711E-03                                 F               0         Tower Z translation velocity, node 11, m/s
        100    2.613E+01                                 F               0         Hub X translation displacement, node 1, m
        101   -6.705E+00                                 F               0         Hub Y translation displacement, node 1, m
        102   -4.729E-02                                 F               0         Hub Z translation displacement, node 1, m
        103    9.759E-01,  1.411E-02, -2.176E-01         F               0         Hub X orientation angle, node 1, rad
        104   -6.147E-02, -9.396E-01, -3.366E-01         F               0         Hub Y orientation angle, node 1, rad
        105   -2.092E-01,  3.419E-01, -9.162E-01         F               0         Hub Z orientation angle, node 1, rad
        106    8.585E-01                                 F               0         Hub X rotation velocity, node 1, rad/s
        107    1.244E-02                                 F               0         Hub Y rotation velocity, node 1, rad/s
        108   -1.915E-01                                 F               0         Hub Z rotation velocity, node 1, rad/s
        109    9.773E-01,  4.198E-02, -2.075E-01         F               0         Blade root 1 X orientation angle, node 1, rad
        110   -3.249E-02, -9.388E-01, -3.429E-01         F               0         Blade root 1 Y orientation angle, node 1, rad
        111   -2.092E-01,  3.419E-01, -9.162E-01         F               0         Blade root 1 Z orientation angle, node 1, rad
        112    9.800E-01, -8.616E-03, -1.990E-01         F               0         Blade root 2 X orientation angle, node 1, rad
        113   -1.214E-01,  7.660E-01, -6.313E-01         F               0         Blade root 2 Y orientation angle, node 1, rad
        114    1.578E-01,  6.428E-01,  7.496E-01         F               0         Blade root 2 Z orientation angle, node 1, rad
        115    9.692E-01,  8.951E-03, -2.461E-01         F               0         Blade root 3 X orientation angle, node 1, rad
        116    2.408E-01,  1.741E-01,  9.548E-01         F               0         Blade root 3 Y orientation angle, node 1, rad
        117    5.138E-02, -9.847E-01,  1.666E-01         F               0         Blade root 3 Z orientation angle, node 1, rad
        118    2.439E+01                                 F               0         Blade 1 X translation displacement, node 1, m
        119   -4.811E+00                                 F               0         Blade 1 Y translation displacement, node 1, m
        120   -1.063E+01                                 F               0         Blade 1 Z translation displacement, node 1, m
        121    2.398E+01                                 F               0         Blade 1 X translation displacement, node 2, m
        122   -4.355E+00                                 F               0         Blade 1 Y translation displacement, node 2, m
        123   -1.318E+01                                 F               0         Blade 1 Z translation displacement, node 2, m
        124    1.828E+01                                 F               0         Blade 1 X translation displacement, node 3, m
        125    1.851E+00                                 F               0         Blade 1 Y translation displacement, node 3, m
        126   -4.787E+01                                 F               0         Blade 1 Z translation displacement, node 3, m
        127    1.707E+01                                 F               0         Blade 1 X translation displacement, node 4, m
        128    3.173E+00                                 F               0         Blade 1 Y translation displacement, node 4, m
        129   -5.526E+01                                 F               0         Blade 1 Z translation displacement, node 4, m
        130    1.585E+01                                 F               0         Blade 1 X translation displacement, node 5, m
        131    4.496E+00                                 F               0         Blade 1 Y translation displacement, node 5, m
        132   -6.265E+01                                 F               0         Blade 1 Z translation displacement, node 5, m
        133    1.464E+01                                 F               0         Blade 1 X translation displacement, node 6, m
        134    5.818E+00                                 F               0         Blade 1 Y translation displacement, node 6, m
        135   -7.004E+01                                 F               0         Blade 1 Z translation displacement, node 6, m
        136    1.343E+01                                 F               0         Blade 1 X translation displacement, node 7, m
        137    7.140E+00                                 F               0         Blade 1 Y translation displacement, node 7, m
        138   -7.743E+01                                 F               0         Blade 1 Z translation displacement, node 7, m
        139    1.221E+01                                 F               0         Blade 1 X translation displacement, node 8, m
        140    8.462E+00                                 F               0         Blade 1 Y translation displacement, node 8, m
        141   -8.482E+01                                 F               0         Blade 1 Z translation displacement, node 8, m
        142    1.100E+01                                 F               0         Blade 1 X translation displacement, node 9, m
        143    9.784E+00                                 F               0         Blade 1 Y translation displacement, node 9, m
        144   -9.221E+01                                 F               0         Blade 1 Z translation displacement, node 9, m
        145    9.785E+00                                 F               0         Blade 1 X translation displacement, node 10, m
        146    1.111E+01                                 F               0         Blade 1 Y translation displacement, node 10, m
        147   -9.960E+01                                 F               0         Blade 1 Z translation displacement, node 10, m
        148    8.571E+00                                 F               0         Blade 1 X translation displacement, node 11, m
        149    1.243E+01                                 F               0         Blade 1 Y translation displacement, node 11, m
        150   -1.070E+02                                 F               0         Blade 1 Z translation displacement, node 11, m
        151    7.358E+00                                 F               0         Blade 1 X translation displacement, node 12, m
        152    1.375E+01                                 F               0         Blade 1 Y translation displacement, node 12, m
        153   -1.144E+02                                 F               0         Blade 1 Z translation displacement, node 12, m
        154    6.144E+00                                 F               0         Blade 1 X translation displacement, node 13, m
        155    1.507E+01                                 F               0         Blade 1 Y translation displacement, node 13, m
        156   -1.218E+02                                 F               0         Blade 1 Z translation displacement, node 13, m
        157    4.931E+00                                 F               0         Blade 1 X translation displacement, node 14, m
        158    1.640E+01                                 F               0         Blade 1 Y translation displacement, node 14, m
        159   -1.292E+02                                 F               0         Blade 1 Z translation displacement, node 14, m
        160    3.717E+00                                 F               0         Blade 1 X translation displacement, node 15, m
        161    1.772E+01                                 F               0         Blade 1 Y translation displacement, node 15, m
        162   -1.365E+02                                 F               0         Blade 1 Z translation displacement, node 15, m
        163    2.503E+00                                 F               0         Blade 1 X translation displacement, node 16, m
        164    1.904E+01                                 F               0         Blade 1 Y translation displacement, node 16, m
        165   -1.439E+02                                 F               0         Blade 1 Z translation displacement, node 16, m
        166    1.290E+00                                 F               0         Blade 1 X translation displacement, node 17, m
        167    2.036E+01                                 F               0         Blade 1 Y translation displacement, node 17, m
        168   -1.513E+02                                 F               0         Blade 1 Z translation displacement, node 17, m
        169    7.650E-02                                 F               0         Blade 1 X translation displacement, node 18, m
        170    2.168E+01                                 F               0         Blade 1 Y translation displacement, node 18, m
        171   -1.587E+02                                 F               0         Blade 1 Z translation displacement, node 18, m
        172   -1.137E+00                                 F               0         Blade 1 X translation displacement, node 19, m
        173    2.301E+01                                 F               0         Blade 1 Y translation displacement, node 19, m
        174   -1.661E+02                                 F               0         Blade 1 Z translation displacement, node 19, m
        175   -2.351E+00                                 F               0         Blade 1 X translation displacement, node 20, m
        176    2.433E+01                                 F               0         Blade 1 Y translation displacement, node 20, m
        177   -1.735E+02                                 F               0         Blade 1 Z translation displacement, node 20, m
        178   -3.564E+00                                 F               0         Blade 1 X translation displacement, node 21, m
        179    2.565E+01                                 F               0         Blade 1 Y translation displacement, node 21, m
        180   -1.809E+02                                 F               0         Blade 1 Z translation displacement, node 21, m
        181   -4.778E+00                                 F               0         Blade 1 X translation displacement, node 22, m
        182    2.697E+01                                 F               0         Blade 1 Y translation displacement, node 22, m
        183   -1.883E+02                                 F               0         Blade 1 Z translation displacement, node 22, m
        184   -5.991E+00                                 F               0         Blade 1 X translation displacement, node 23, m
        185    2.830E+01                                 F               0         Blade 1 Y translation displacement, node 23, m
        186   -1.957E+02                                 F               0         Blade 1 Z translation displacement, node 23, m
        187   -7.205E+00                                 F               0         Blade 1 X translation displacement, node 24, m
        188    2.962E+01                                 F               0         Blade 1 Y translation displacement, node 24, m
        189   -2.031E+02                                 F               0         Blade 1 Z translation displacement, node 24, m
        190   -8.418E+00                                 F               0         Blade 1 X translation displacement, node 25, m
        191    3.094E+01                                 F               0         Blade 1 Y translation displacement, node 25, m
        192   -2.104E+02                                 F               0         Blade 1 Z translation displacement, node 25, m
        193   -9.632E+00                                 F               0         Blade 1 X translation displacement, node 26, m
        194    3.226E+01                                 F               0         Blade 1 Y translation displacement, node 26, m
        195   -2.178E+02                                 F               0         Blade 1 Z translation displacement, node 26, m
        196   -1.085E+01                                 F               0         Blade 1 X translation displacement, node 27, m
        197    3.358E+01                                 F               0         Blade 1 Y translation displacement, node 27, m
        198   -2.252E+02                                 F               0         Blade 1 Z translation displacement, node 27, m
        199   -1.187E+01                                 F               0         Blade 1 X translation displacement, node 28, m
        200    3.471E+01                                 F               0         Blade 1 Y translation displacement, node 28, m
        201   -2.315E+02                                 F               0         Blade 1 Z translation displacement, node 28, m
        202    8.846E-01,  4.655E-01, -2.834E-02         F               0         Blade 1 X orientation angle, node 1, rad
        203    4.168E-01, -8.164E-01, -3.998E-01         F               0         Blade 1 Y orientation angle, node 1, rad
        204   -2.092E-01,  3.419E-01, -9.162E-01         F               0         Blade 1 Z orientation angle, node 1, rad
        205    8.846E-01,  4.655E-01, -2.834E-02         F               0         Blade 1 X orientation angle, node 2, rad
        206    4.168E-01, -8.164E-01, -3.998E-01         F               0         Blade 1 Y orientation angle, node 2, rad
        207   -2.092E-01,  3.419E-01, -9.162E-01         F               0         Blade 1 Z orientation angle, node 2, rad
        208    9.582E-01,  2.587E-01, -1.223E-01         F               0         Blade 1 X orientation angle, node 3, rad
        209    1.952E-01, -9.034E-01, -3.817E-01         F               0         Blade 1 Y orientation angle, node 3, rad
        210   -2.092E-01,  3.419E-01, -9.162E-01         F               0         Blade 1 Z orientation angle, node 3, rad
        211    9.656E-01,  2.203E-01, -1.383E-01         F               0         Blade 1 X orientation angle, node 4, rad
        212    1.546E-01, -9.136E-01, -3.762E-01         F               0         Blade 1 Y orientation angle, node 4, rad
        213   -2.092E-01,  3.419E-01, -9.162E-01         F               0         Blade 1 Z orientation angle, node 4, rad
        214    9.702E-01,  1.899E-01, -1.507E-01         F               0         Blade 1 X orientation angle, node 5, rad
        215    1.225E-01, -9.204E-01, -3.714E-01         F               0         Blade 1 Y orientation angle, node 5, rad
        216   -2.092E-01,  3.419E-01, -9.162E-01         F               0         Blade 1 Z orientation angle, node 5, rad
        217    9.731E-01,  1.655E-01, -1.605E-01         F               0         Blade 1 X orientation angle, node 6, rad
        218    9.672E-02, -9.251E-01, -3.673E-01         F               0         Blade 1 Y orientation angle, node 6, rad
        219   -2.092E-01,  3.419E-01, -9.162E-01         F               0         Blade 1 Z orientation angle, node 6, rad
        220    9.749E-01,  1.452E-01, -1.685E-01         F               0         Blade 1 X orientation angle, node 7, rad
        221    7.547E-02, -9.285E-01, -3.637E-01         F               0         Blade 1 Y orientation angle, node 7, rad
        222   -2.092E-01,  3.419E-01, -9.162E-01         F               0         Blade 1 Z orientation angle, node 7, rad
        223    9.762E-01,  1.284E-01, -1.750E-01         F               0         Blade 1 X orientation angle, node 8, rad
        224    5.776E-02, -9.309E-01, -3.606E-01         F               0         Blade 1 Y orientation angle, node 8, rad
        225   -2.092E-01,  3.419E-01, -9.162E-01         F               0         Blade 1 Z orientation angle, node 8, rad
        226    9.769E-01,  1.140E-01, -1.806E-01         F               0         Blade 1 X orientation angle, node 9, rad
        227    4.276E-02, -9.328E-01, -3.578E-01         F               0         Blade 1 Y orientation angle, node 9, rad
        228   -2.092E-01,  3.419E-01, -9.162E-01         F               0         Blade 1 Z orientation angle, node 9, rad
        229    9.774E-01,  1.017E-01, -1.853E-01         F               0         Blade 1 X orientation angle, node 10, rad
        230    2.980E-02, -9.342E-01, -3.554E-01         F               0         Blade 1 Y orientation angle, node 10, rad
        231   -2.092E-01,  3.419E-01, -9.162E-01         F               0         Blade 1 Z orientation angle, node 10, rad
        232    9.777E-01,  9.106E-02, -1.893E-01         F               0         Blade 1 X orientation angle, node 11, rad
        233    1.871E-02, -9.353E-01, -3.533E-01         F               0         Blade 1 Y orientation angle, node 11, rad
        234   -2.092E-01,  3.419E-01, -9.162E-01         F               0         Blade 1 Z orientation angle, node 11, rad
        235    9.778E-01,  8.175E-02, -1.928E-01         F               0         Blade 1 X orientation angle, node 12, rad
        236    8.979E-03, -9.362E-01, -3.514E-01         F               0         Blade 1 Y orientation angle, node 12, rad
        237   -2.092E-01,  3.419E-01, -9.162E-01         F               0         Blade 1 Z orientation angle, node 12, rad
        238    9.779E-01,  7.358E-02, -1.959E-01         F               0         Blade 1 X orientation angle, node 13, rad
        239    4.454E-04, -9.369E-01, -3.497E-01         F               0         Blade 1 Y orientation angle, node 13, rad
        240   -2.092E-01,  3.419E-01, -9.162E-01         F               0         Blade 1 Z orientation angle, node 13, rad
        241    9.778E-01,  6.621E-02, -1.986E-01         F               0         Blade 1 X orientation angle, node 14, rad
        242   -7.235E-03, -9.374E-01, -3.481E-01         F               0         Blade 1 Y orientation angle, node 14, rad
        243   -2.092E-01,  3.419E-01, -9.162E-01         F               0         Blade 1 Z orientation angle, node 14, rad
        244    9.778E-01,  5.967E-02, -2.010E-01         F               0         Blade 1 X orientation angle, node 15, rad
        245   -1.406E-02, -9.379E-01, -3.467E-01         F               0         Blade 1 Y orientation angle, node 15, rad
        246   -2.092E-01,  3.419E-01, -9.162E-01         F               0         Blade 1 Z orientation angle, node 15, rad
        247    9.777E-01,  5.377E-02, -2.032E-01         F               0         Blade 1 X orientation angle, node 16, rad
        248   -2.020E-02, -9.382E-01, -3.455E-01         F               0         Blade 1 Y orientation angle, node 16, rad
        249   -2.092E-01,  3.419E-01, -9.162E-01         F               0         Blade 1 Z orientation angle, node 16, rad
        250    9.775E-01,  4.853E-02, -2.051E-01         F               0         Blade 1 X orientation angle, node 17, rad
        251   -2.566E-02, -9.385E-01, -3.443E-01         F               0         Blade 1 Y orientation angle, node 17, rad
        252   -2.092E-01,  3.419E-01, -9.162E-01         F               0         Blade 1 Z orientation angle, node 17, rad
        253    9.774E-01,  4.362E-02, -2.069E-01         F               0         Blade 1 X orientation angle, node 18, rad
        254   -3.078E-02, -9.387E-01, -3.433E-01         F               0         Blade 1 Y orientation angle, node 18, rad
        255   -2.092E-01,  3.419E-01, -9.162E-01         F               0         Blade 1 Z orientation angle, node 18, rad
        256    9.772E-01,  3.920E-02, -2.086E-01         F               0         Blade 1 X orientation angle, node 19, rad
        257   -3.539E-02, -9.389E-01, -3.423E-01         F               0         Blade 1 Y orientation angle, node 19, rad
        258   -2.092E-01,  3.419E-01, -9.162E-01         F               0         Blade 1 Z orientation angle, node 19, rad
        259    9.771E-01,  3.526E-02, -2.100E-01         F               0         Blade 1 X orientation angle, node 20, rad
        260   -3.948E-02, -9.391E-01, -3.414E-01         F               0         Blade 1 Y orientation angle, node 20, rad
        261   -2.092E-01,  3.419E-01, -9.162E-01         F               0         Blade 1 Z orientation angle, node 20, rad
        262    9.769E-01,  3.149E-02, -2.114E-01         F               0         Blade 1 X orientation angle, node 21, rad
        263   -4.340E-02, -9.392E-01, -3.406E-01         F               0         Blade 1 Y orientation angle, node 21, rad
        264   -2.092E-01,  3.419E-01, -9.162E-01         F               0         Blade 1 Z orientation angle, node 21, rad
        265    9.767E-01,  2.805E-02, -2.126E-01         F               0         Blade 1 X orientation angle, node 22, rad
        266   -4.698E-02, -9.393E-01, -3.398E-01         F               0         Blade 1 Y orientation angle, node 22, rad
        267   -2.092E-01,  3.419E-01, -9.162E-01         F               0         Blade 1 Z orientation angle, node 22, rad
        268    9.766E-01,  2.493E-02, -2.137E-01         F               0         Blade 1 X orientation angle, node 23, rad
        269   -5.022E-02, -9.394E-01, -3.391E-01         F               0         Blade 1 Y orientation angle, node 23, rad
        270   -2.092E-01,  3.419E-01, -9.162E-01         F               0         Blade 1 Z orientation angle, node 23, rad
        271    9.764E-01,  2.198E-02, -2.148E-01         F               0         Blade 1 X orientation angle, node 24, rad
        272   -5.329E-02, -9.395E-01, -3.384E-01         F               0         Blade 1 Y orientation angle, node 24, rad
        273   -2.092E-01,  3.419E-01, -9.162E-01         F               0         Blade 1 Z orientation angle, node 24, rad
        274    9.763E-01,  1.920E-02, -2.158E-01         F               0         Blade 1 X orientation angle, node 25, rad
        275   -5.619E-02, -9.396E-01, -3.378E-01         F               0         Blade 1 Y orientation angle, node 25, rad
        276   -2.092E-01,  3.419E-01, -9.162E-01         F               0         Blade 1 Z orientation angle, node 25, rad
        277    9.761E-01,  1.674E-02, -2.167E-01         F               0         Blade 1 X orientation angle, node 26, rad
        278   -5.874E-02, -9.396E-01, -3.372E-01         F               0         Blade 1 Y orientation angle, node 26, rad
        279   -2.092E-01,  3.419E-01, -9.162E-01         F               0         Blade 1 Z orientation angle, node 26, rad
        280    9.759E-01,  1.428E-02, -2.176E-01         F               0         Blade 1 X orientation angle, node 27, rad
        281   -6.130E-02, -9.396E-01, -3.366E-01         F               0         Blade 1 Y orientation angle, node 27, rad
        282   -2.092E-01,  3.419E-01, -9.162E-01         F               0         Blade 1 Z orientation angle, node 27, rad
        283    9.759E-01,  1.296E-02, -2.180E-01         F               0         Blade 1 X orientation angle, node 28, rad
        284   -6.266E-02, -9.397E-01, -3.363E-01         F               0         Blade 1 Y orientation angle, node 28, rad
        285   -2.092E-01,  3.419E-01, -9.162E-01         F               0         Blade 1 Z orientation angle, node 28, rad
        286    2.989E-01                                 F               0         Blade 1 X translation velocity, node 1, m/s
        287    4.545E+00                                 F               0         Blade 1 Y translation velocity, node 1, m/s
        288    1.643E+00                                 F               0         Blade 1 Z translation velocity, node 1, m/s
        289    3.710E-01                                 F               0         Blade 1 X translation velocity, node 2, m/s
        290    5.649E+00                                 F               0         Blade 1 Y translation velocity, node 2, m/s
        291    2.039E+00                                 F               0         Blade 1 Z translation velocity, node 2, m/s
        292    1.352E+00                                 F               0         Blade 1 X translation velocity, node 3, m/s
        293    2.065E+01                                 F               0         Blade 1 Y translation velocity, node 3, m/s
        294    7.414E+00                                 F               0         Blade 1 Z translation velocity, node 3, m/s
        295    1.561E+00                                 F               0         Blade 1 X translation velocity, node 4, m/s
        296    2.385E+01                                 F               0         Blade 1 Y translation velocity, node 4, m/s
        297    8.559E+00                                 F               0         Blade 1 Z translation velocity, node 4, m/s
        298    1.770E+00                                 F               0         Blade 1 X translation velocity, node 5, m/s
        299    2.705E+01                                 F               0         Blade 1 Y translation velocity, node 5, m/s
        300    9.704E+00                                 F               0         Blade 1 Z translation velocity, node 5, m/s
        301    1.980E+00                                 F               0         Blade 1 X translation velocity, node 6, m/s
        302    3.025E+01                                 F               0         Blade 1 Y translation velocity, node 6, m/s
        303    1.085E+01                                 F               0         Blade 1 Z translation velocity, node 6, m/s
        304    2.189E+00                                 F               0         Blade 1 X translation velocity, node 7, m/s
        305    3.344E+01                                 F               0         Blade 1 Y translation velocity, node 7, m/s
        306    1.199E+01                                 F               0         Blade 1 Z translation velocity, node 7, m/s
        307    2.398E+00                                 F               0         Blade 1 X translation velocity, node 8, m/s
