
Linearized model: Predictions were generated on 12-Feb-2024 at 18:31:58 using OpenFAST, compiled as a 64-bit application using single precision at commit v3.5.1
 linked with  NWTC Subroutine Library; ElastoDyn; InflowWind; AeroDyn; ServoDyn; HydroDyn; MAP++ (<1.20.10>, <Oct-20-2023>)

Description from the FAST input file: CCT-9 Campign 4 model. Input files to be run with OpenFAST 3.5.0. GitHub branch from Lu Wang (https://github.com/luwang00/openfast/tree/dev) compiled on March 7, 2023.

Simulation information:
   Simulation time:                  1004.9750 s
   Rotor Speed:                         1.0470 rad/s
   Azimuth:                             4.8730 rad
   Wind Speed:                         12.0000 m/s
   Number of continuous states:         0
   Number of discrete states:           0
   Number of constraint states:         0
   Number of inputs:                 1746
   Number of outputs:                   4
   Jacobians included in this file?    No

Order of inputs:
     Column   Operating Point                     Rotating Frame? Derivative Order Description
   ---------- ---------------                     --------------- ---------------- -----------
          1    1.518E+01                                 F               0         Tower X translation displacement, node 1, m
          2   -1.057E+00                                 F               0         Tower Y translation displacement, node 1, m
          3   -4.723E-01                                 F               0         Tower Z translation displacement, node 1, m
          4    1.704E+01                                 F               0         Tower X translation displacement, node 2, m
          5   -1.614E+00                                 F               0         Tower Y translation displacement, node 2, m
          6   -6.262E-01                                 F               0         Tower Z translation displacement, node 2, m
          7    1.890E+01                                 F               0         Tower X translation displacement, node 3, m
          8   -2.171E+00                                 F               0         Tower Y translation displacement, node 3, m
          9   -7.800E-01                                 F               0         Tower Z translation displacement, node 3, m
         10    2.077E+01                                 F               0         Tower X translation displacement, node 4, m
         11   -2.728E+00                                 F               0         Tower Y translation displacement, node 4, m
         12   -9.338E-01                                 F               0         Tower Z translation displacement, node 4, m
         13    2.263E+01                                 F               0         Tower X translation displacement, node 5, m
         14   -3.285E+00                                 F               0         Tower Y translation displacement, node 5, m
         15   -1.088E+00                                 F               0         Tower Z translation displacement, node 5, m
         16    2.449E+01                                 F               0         Tower X translation displacement, node 6, m
         17   -3.842E+00                                 F               0         Tower Y translation displacement, node 6, m
         18   -1.241E+00                                 F               0         Tower Z translation displacement, node 6, m
         19    2.635E+01                                 F               0         Tower X translation displacement, node 7, m
         20   -4.399E+00                                 F               0         Tower Y translation displacement, node 7, m
         21   -1.395E+00                                 F               0         Tower Z translation displacement, node 7, m
         22    2.821E+01                                 F               0         Tower X translation displacement, node 8, m
         23   -4.956E+00                                 F               0         Tower Y translation displacement, node 8, m
         24   -1.549E+00                                 F               0         Tower Z translation displacement, node 8, m
         25    3.008E+01                                 F               0         Tower X translation displacement, node 9, m
         26   -5.513E+00                                 F               0         Tower Y translation displacement, node 9, m
         27   -1.703E+00                                 F               0         Tower Z translation displacement, node 9, m
         28    3.194E+01                                 F               0         Tower X translation displacement, node 10, m
         29   -6.070E+00                                 F               0         Tower Y translation displacement, node 10, m
         30   -1.857E+00                                 F               0         Tower Z translation displacement, node 10, m
         31    3.380E+01                                 F               0         Tower X translation displacement, node 11, m
         32   -6.627E+00                                 F               0         Tower Y translation displacement, node 11, m
         33   -2.011E+00                                 F               0         Tower Z translation displacement, node 11, m
         34    9.885E-01,  1.496E-02, -1.502E-01         F               0         Tower X orientation angle, node 1, rad
         35   -8.004E-03,  9.989E-01,  4.682E-02         F               0         Tower Y orientation angle, node 1, rad
         36    1.507E-01, -4.509E-02,  9.876E-01         F               0         Tower Z orientation angle, node 1, rad
         37    9.885E-01,  1.496E-02, -1.502E-01         F               0         Tower X orientation angle, node 2, rad
         38   -8.004E-03,  9.989E-01,  4.682E-02         F               0         Tower Y orientation angle, node 2, rad
         39    1.507E-01, -4.509E-02,  9.876E-01         F               0         Tower Z orientation angle, node 2, rad
         40    9.885E-01,  1.496E-02, -1.502E-01         F               0         Tower X orientation angle, node 3, rad
         41   -8.004E-03,  9.989E-01,  4.682E-02         F               0         Tower Y orientation angle, node 3, rad
         42    1.507E-01, -4.509E-02,  9.876E-01         F               0         Tower Z orientation angle, node 3, rad
         43    9.885E-01,  1.496E-02, -1.502E-01         F               0         Tower X orientation angle, node 4, rad
         44   -8.004E-03,  9.989E-01,  4.682E-02         F               0         Tower Y orientation angle, node 4, rad
         45    1.507E-01, -4.509E-02,  9.876E-01         F               0         Tower Z orientation angle, node 4, rad
         46    9.885E-01,  1.496E-02, -1.502E-01         F               0         Tower X orientation angle, node 5, rad
         47   -8.004E-03,  9.989E-01,  4.682E-02         F               0         Tower Y orientation angle, node 5, rad
         48    1.507E-01, -4.509E-02,  9.876E-01         F               0         Tower Z orientation angle, node 5, rad
         49    9.885E-01,  1.496E-02, -1.502E-01         F               0         Tower X orientation angle, node 6, rad
         50   -8.004E-03,  9.989E-01,  4.682E-02         F               0         Tower Y orientation angle, node 6, rad
         51    1.507E-01, -4.509E-02,  9.876E-01         F               0         Tower Z orientation angle, node 6, rad
         52    9.885E-01,  1.496E-02, -1.502E-01         F               0         Tower X orientation angle, node 7, rad
         53   -8.004E-03,  9.989E-01,  4.682E-02         F               0         Tower Y orientation angle, node 7, rad
         54    1.507E-01, -4.509E-02,  9.876E-01         F               0         Tower Z orientation angle, node 7, rad
         55    9.885E-01,  1.496E-02, -1.502E-01         F               0         Tower X orientation angle, node 8, rad
         56   -8.004E-03,  9.989E-01,  4.682E-02         F               0         Tower Y orientation angle, node 8, rad
         57    1.507E-01, -4.509E-02,  9.876E-01         F               0         Tower Z orientation angle, node 8, rad
         58    9.885E-01,  1.496E-02, -1.502E-01         F               0         Tower X orientation angle, node 9, rad
         59   -8.004E-03,  9.989E-01,  4.682E-02         F               0         Tower Y orientation angle, node 9, rad
         60    1.507E-01, -4.509E-02,  9.876E-01         F               0         Tower Z orientation angle, node 9, rad
         61    9.885E-01,  1.496E-02, -1.502E-01         F               0         Tower X orientation angle, node 10, rad
         62   -8.004E-03,  9.989E-01,  4.682E-02         F               0         Tower Y orientation angle, node 10, rad
         63    1.507E-01, -4.509E-02,  9.876E-01         F               0         Tower Z orientation angle, node 10, rad
         64    9.885E-01,  1.496E-02, -1.502E-01         F               0         Tower X orientation angle, node 11, rad
         65   -8.004E-03,  9.989E-01,  4.682E-02         F               0         Tower Y orientation angle, node 11, rad
         66    1.507E-01, -4.509E-02,  9.876E-01         F               0         Tower Z orientation angle, node 11, rad
         67   -4.435E-04                                 F               0         Tower X translation velocity, node 1, m/s
         68    4.669E-03                                 F               0         Tower Y translation velocity, node 1, m/s
         69    3.943E-03                                 F               0         Tower Z translation velocity, node 1, m/s
         70   -8.174E-04                                 F               0         Tower X translation velocity, node 2, m/s
         71    7.841E-03                                 F               0         Tower Y translation velocity, node 2, m/s
         72    4.145E-03                                 F               0         Tower Z translation velocity, node 2, m/s
         73   -1.191E-03                                 F               0         Tower X translation velocity, node 3, m/s
         74    1.101E-02                                 F               0         Tower Y translation velocity, node 3, m/s
         75    4.347E-03                                 F               0         Tower Z translation velocity, node 3, m/s
         76   -1.565E-03                                 F               0         Tower X translation velocity, node 4, m/s
         77    1.419E-02                                 F               0         Tower Y translation velocity, node 4, m/s
         78    4.549E-03                                 F               0         Tower Z translation velocity, node 4, m/s
         79   -1.939E-03                                 F               0         Tower X translation velocity, node 5, m/s
         80    1.736E-02                                 F               0         Tower Y translation velocity, node 5, m/s
         81    4.751E-03                                 F               0         Tower Z translation velocity, node 5, m/s
         82   -2.313E-03                                 F               0         Tower X translation velocity, node 6, m/s
         83    2.053E-02                                 F               0         Tower Y translation velocity, node 6, m/s
         84    4.952E-03                                 F               0         Tower Z translation velocity, node 6, m/s
         85   -2.687E-03                                 F               0         Tower X translation velocity, node 7, m/s
         86    2.370E-02                                 F               0         Tower Y translation velocity, node 7, m/s
         87    5.154E-03                                 F               0         Tower Z translation velocity, node 7, m/s
         88   -3.061E-03                                 F               0         Tower X translation velocity, node 8, m/s
         89    2.687E-02                                 F               0         Tower Y translation velocity, node 8, m/s
         90    5.356E-03                                 F               0         Tower Z translation velocity, node 8, m/s
         91   -3.435E-03                                 F               0         Tower X translation velocity, node 9, m/s
         92    3.005E-02                                 F               0         Tower Y translation velocity, node 9, m/s
         93    5.558E-03                                 F               0         Tower Z translation velocity, node 9, m/s
         94   -3.809E-03                                 F               0         Tower X translation velocity, node 10, m/s
         95    3.322E-02                                 F               0         Tower Y translation velocity, node 10, m/s
         96    5.760E-03                                 F               0         Tower Z translation velocity, node 10, m/s
         97   -4.183E-03                                 F               0         Tower X translation velocity, node 11, m/s
         98    3.639E-02                                 F               0         Tower Y translation velocity, node 11, m/s
         99    5.962E-03                                 F               0         Tower Z translation velocity, node 11, m/s
        100    3.511E+01                                 F               0         Hub X translation displacement, node 1, m
        101   -7.143E+00                                 F               0         Hub Y translation displacement, node 1, m
        102   -4.863E-01                                 F               0         Hub Z translation displacement, node 1, m
        103    9.674E-01,  1.959E-02, -2.526E-01         F               0         Hub X orientation angle, node 1, rad
        104   -2.512E-01,  2.024E-01, -9.465E-01         F               0         Hub Y orientation angle, node 1, rad
        105    3.258E-02,  9.791E-01,  2.007E-01         F               0         Hub Z orientation angle, node 1, rad
        106    1.013E+00                                 F               0         Hub X rotation velocity, node 1, rad/s
        107    2.047E-02                                 F               0         Hub Y rotation velocity, node 1, rad/s
        108   -2.643E-01                                 F               0         Hub Z rotation velocity, node 1, rad/s
        109    9.744E-01,  1.358E-02, -2.244E-01         F               0         Blade root 1 X orientation angle, node 1, rad
        110   -2.224E-01,  2.029E-01, -9.536E-01         F               0         Blade root 1 Y orientation angle, node 1, rad
        111    3.258E-02,  9.791E-01,  2.007E-01         F               0         Blade root 1 Z orientation angle, node 1, rad
        112    9.624E-01, -2.570E-03, -2.717E-01         F               0         Blade root 2 X orientation angle, node 1, rad
        113    1.825E-01,  7.470E-01,  6.393E-01         F               0         Blade root 2 Y orientation angle, node 1, rad
        114    2.013E-01, -6.649E-01,  7.193E-01         F               0         Blade root 2 Z orientation angle, node 1, rad
        115    9.641E-01,  4.774E-02, -2.613E-01         F               0         Blade root 3 X orientation angle, node 1, rad
        116    1.261E-01, -9.481E-01,  2.918E-01         F               0         Blade root 3 Y orientation angle, node 1, rad
        117   -2.339E-01, -3.143E-01, -9.201E-01         F               0         Blade root 3 Z orientation angle, node 1, rad
        118    3.471E+01                                 F               0         Blade 1 X translation displacement, node 1, m
        119   -1.719E+00                                 F               0         Blade 1 Y translation displacement, node 1, m
        120   -4.884E+00                                 F               0         Blade 1 Z translation displacement, node 1, m
        121    3.461E+01                                 F               0         Blade 1 X translation displacement, node 2, m
        122   -4.116E-01                                 F               0         Blade 1 Y translation displacement, node 2, m
        123   -5.943E+00                                 F               0         Blade 1 Z translation displacement, node 2, m
        124    3.331E+01                                 F               0         Blade 1 X translation displacement, node 3, m
        125    1.736E+01                                 F               0         Blade 1 Y translation displacement, node 3, m
        126   -2.035E+01                                 F               0         Blade 1 Z translation displacement, node 3, m
        127    3.303E+01                                 F               0         Blade 1 X translation displacement, node 4, m
        128    2.115E+01                                 F               0         Blade 1 Y translation displacement, node 4, m
        129   -2.342E+01                                 F               0         Blade 1 Z translation displacement, node 4, m
        130    3.275E+01                                 F               0         Blade 1 X translation displacement, node 5, m
        131    2.494E+01                                 F               0         Blade 1 Y translation displacement, node 5, m
        132   -2.649E+01                                 F               0         Blade 1 Z translation displacement, node 5, m
        133    3.247E+01                                 F               0         Blade 1 X translation displacement, node 6, m
        134    2.872E+01                                 F               0         Blade 1 Y translation displacement, node 6, m
        135   -2.956E+01                                 F               0         Blade 1 Z translation displacement, node 6, m
        136    3.219E+01                                 F               0         Blade 1 X translation displacement, node 7, m
        137    3.251E+01                                 F               0         Blade 1 Y translation displacement, node 7, m
        138   -3.263E+01                                 F               0         Blade 1 Z translation displacement, node 7, m
        139    3.191E+01                                 F               0         Blade 1 X translation displacement, node 8, m
        140    3.630E+01                                 F               0         Blade 1 Y translation displacement, node 8, m
        141   -3.570E+01                                 F               0         Blade 1 Z translation displacement, node 8, m
        142    3.164E+01                                 F               0         Blade 1 X translation displacement, node 9, m
        143    4.008E+01                                 F               0         Blade 1 Y translation displacement, node 9, m
        144   -3.877E+01                                 F               0         Blade 1 Z translation displacement, node 9, m
        145    3.136E+01                                 F               0         Blade 1 X translation displacement, node 10, m
        146    4.387E+01                                 F               0         Blade 1 Y translation displacement, node 10, m
        147   -4.184E+01                                 F               0         Blade 1 Z translation displacement, node 10, m
        148    3.108E+01                                 F               0         Blade 1 X translation displacement, node 11, m
        149    4.766E+01                                 F               0         Blade 1 Y translation displacement, node 11, m
        150   -4.491E+01                                 F               0         Blade 1 Z translation displacement, node 11, m
        151    3.080E+01                                 F               0         Blade 1 X translation displacement, node 12, m
        152    5.144E+01                                 F               0         Blade 1 Y translation displacement, node 12, m
        153   -4.798E+01                                 F               0         Blade 1 Z translation displacement, node 12, m
        154    3.052E+01                                 F               0         Blade 1 X translation displacement, node 13, m
        155    5.523E+01                                 F               0         Blade 1 Y translation displacement, node 13, m
        156   -5.105E+01                                 F               0         Blade 1 Z translation displacement, node 13, m
        157    3.024E+01                                 F               0         Blade 1 X translation displacement, node 14, m
        158    5.902E+01                                 F               0         Blade 1 Y translation displacement, node 14, m
        159   -5.412E+01                                 F               0         Blade 1 Z translation displacement, node 14, m
        160    2.997E+01                                 F               0         Blade 1 X translation displacement, node 15, m
        161    6.280E+01                                 F               0         Blade 1 Y translation displacement, node 15, m
        162   -5.719E+01                                 F               0         Blade 1 Z translation displacement, node 15, m
        163    2.969E+01                                 F               0         Blade 1 X translation displacement, node 16, m
        164    6.659E+01                                 F               0         Blade 1 Y translation displacement, node 16, m
        165   -6.026E+01                                 F               0         Blade 1 Z translation displacement, node 16, m
        166    2.941E+01                                 F               0         Blade 1 X translation displacement, node 17, m
        167    7.038E+01                                 F               0         Blade 1 Y translation displacement, node 17, m
        168   -6.333E+01                                 F               0         Blade 1 Z translation displacement, node 17, m
        169    2.913E+01                                 F               0         Blade 1 X translation displacement, node 18, m
        170    7.416E+01                                 F               0         Blade 1 Y translation displacement, node 18, m
        171   -6.640E+01                                 F               0         Blade 1 Z translation displacement, node 18, m
        172    2.885E+01                                 F               0         Blade 1 X translation displacement, node 19, m
        173    7.795E+01                                 F               0         Blade 1 Y translation displacement, node 19, m
        174   -6.947E+01                                 F               0         Blade 1 Z translation displacement, node 19, m
        175    2.858E+01                                 F               0         Blade 1 X translation displacement, node 20, m
        176    8.174E+01                                 F               0         Blade 1 Y translation displacement, node 20, m
        177   -7.254E+01                                 F               0         Blade 1 Z translation displacement, node 20, m
        178    2.830E+01                                 F               0         Blade 1 X translation displacement, node 21, m
        179    8.553E+01                                 F               0         Blade 1 Y translation displacement, node 21, m
        180   -7.561E+01                                 F               0         Blade 1 Z translation displacement, node 21, m
        181    2.802E+01                                 F               0         Blade 1 X translation displacement, node 22, m
        182    8.931E+01                                 F               0         Blade 1 Y translation displacement, node 22, m
        183   -7.869E+01                                 F               0         Blade 1 Z translation displacement, node 22, m
        184    2.774E+01                                 F               0         Blade 1 X translation displacement, node 23, m
        185    9.310E+01                                 F               0         Blade 1 Y translation displacement, node 23, m
        186   -8.176E+01                                 F               0         Blade 1 Z translation displacement, node 23, m
        187    2.746E+01                                 F               0         Blade 1 X translation displacement, node 24, m
        188    9.689E+01                                 F               0         Blade 1 Y translation displacement, node 24, m
        189   -8.483E+01                                 F               0         Blade 1 Z translation displacement, node 24, m
        190    2.718E+01                                 F               0         Blade 1 X translation displacement, node 25, m
        191    1.007E+02                                 F               0         Blade 1 Y translation displacement, node 25, m
        192   -8.790E+01                                 F               0         Blade 1 Z translation displacement, node 25, m
        193    2.691E+01                                 F               0         Blade 1 X translation displacement, node 26, m
        194    1.045E+02                                 F               0         Blade 1 Y translation displacement, node 26, m
        195   -9.097E+01                                 F               0         Blade 1 Z translation displacement, node 26, m
        196    2.663E+01                                 F               0         Blade 1 X translation displacement, node 27, m
        197    1.082E+02                                 F               0         Blade 1 Y translation displacement, node 27, m
        198   -9.404E+01                                 F               0         Blade 1 Z translation displacement, node 27, m
        199    2.639E+01                                 F               0         Blade 1 X translation displacement, node 28, m
        200    1.115E+02                                 F               0         Blade 1 Y translation displacement, node 28, m
        201   -9.664E+01                                 F               0         Blade 1 Z translation displacement, node 28, m
        202    9.686E-01, -8.045E-02,  2.352E-01         F               0         Blade 1 X orientation angle, node 1, rad
        203    2.464E-01,  1.868E-01, -9.510E-01         F               0         Blade 1 Y orientation angle, node 1, rad
        204    3.258E-02,  9.791E-01,  2.007E-01         F               0         Blade 1 Z orientation angle, node 1, rad
        205    9.686E-01, -8.045E-02,  2.352E-01         F               0         Blade 1 X orientation angle, node 2, rad
        206    2.464E-01,  1.868E-01, -9.510E-01         F               0         Blade 1 Y orientation angle, node 2, rad
        207    3.258E-02,  9.791E-01,  2.007E-01         F               0         Blade 1 Z orientation angle, node 2, rad
        208    9.994E-01, -3.389E-02,  3.060E-03         F               0         Blade 1 X orientation angle, node 3, rad
        209    9.798E-03,  2.005E-01, -9.796E-01         F               0         Blade 1 Y orientation angle, node 3, rad
        210    3.258E-02,  9.791E-01,  2.007E-01         F               0         Blade 1 Z orientation angle, node 3, rad
        211    9.989E-01, -2.539E-02, -3.831E-02         F               0         Blade 1 X orientation angle, node 4, rad
        212   -3.241E-02,  2.018E-01, -9.789E-01         F               0         Blade 1 Y orientation angle, node 4, rad
        213    3.258E-02,  9.791E-01,  2.007E-01         F               0         Blade 1 Z orientation angle, node 4, rad
        214    9.973E-01, -1.869E-02, -7.074E-02         F               0         Blade 1 X orientation angle, node 5, rad
        215   -6.551E-02,  2.025E-01, -9.771E-01         F               0         Blade 1 Y orientation angle, node 5, rad
        216    3.258E-02,  9.791E-01,  2.007E-01         F               0         Blade 1 Z orientation angle, node 5, rad
        217    9.952E-01, -1.331E-02, -9.664E-02         F               0         Blade 1 X orientation angle, node 6, rad
        218   -9.195E-02,  2.029E-01, -9.749E-01         F               0         Blade 1 Y orientation angle, node 6, rad
        219    3.258E-02,  9.791E-01,  2.007E-01         F               0         Blade 1 Z orientation angle, node 6, rad
        220    9.930E-01, -8.877E-03, -1.179E-01         F               0         Blade 1 X orientation angle, node 7, rad
        221   -1.136E-01,  2.032E-01, -9.725E-01         F               0         Blade 1 Y orientation angle, node 7, rad
        222    3.258E-02,  9.791E-01,  2.007E-01         F               0         Blade 1 Z orientation angle, node 7, rad
        223    9.908E-01, -5.188E-03, -1.355E-01         F               0         Blade 1 X orientation angle, node 8, rad
        224   -1.316E-01,  2.033E-01, -9.702E-01         F               0         Blade 1 Y orientation angle, node 8, rad
        225    3.258E-02,  9.791E-01,  2.007E-01         F               0         Blade 1 Z orientation angle, node 8, rad
        226    9.886E-01, -2.065E-03, -1.504E-01         F               0         Blade 1 X orientation angle, node 9, rad
        227   -1.468E-01,  2.034E-01, -9.680E-01         F               0         Blade 1 Y orientation angle, node 9, rad
        228    3.258E-02,  9.791E-01,  2.007E-01         F               0         Blade 1 Z orientation angle, node 9, rad
        229    9.866E-01,  6.326E-04, -1.632E-01         F               0         Blade 1 X orientation angle, node 10, rad
        230   -1.599E-01,  2.034E-01, -9.660E-01         F               0         Blade 1 Y orientation angle, node 10, rad
        231    3.258E-02,  9.791E-01,  2.007E-01         F               0         Blade 1 Z orientation angle, node 10, rad
        232    9.847E-01,  2.940E-03, -1.742E-01         F               0         Blade 1 X orientation angle, node 11, rad
        233   -1.711E-01,  2.033E-01, -9.640E-01         F               0         Blade 1 Y orientation angle, node 11, rad
        234    3.258E-02,  9.791E-01,  2.007E-01         F               0         Blade 1 Z orientation angle, node 11, rad
        235    9.830E-01,  4.962E-03, -1.838E-01         F               0         Blade 1 X orientation angle, node 12, rad
        236   -1.809E-01,  2.033E-01, -9.623E-01         F               0         Blade 1 Y orientation angle, node 12, rad
        237    3.258E-02,  9.791E-01,  2.007E-01         F               0         Blade 1 Z orientation angle, node 12, rad
        238    9.813E-01,  6.736E-03, -1.921E-01         F               0         Blade 1 X orientation angle, node 13, rad
        239   -1.895E-01,  2.033E-01, -9.606E-01         F               0         Blade 1 Y orientation angle, node 13, rad
        240    3.258E-02,  9.791E-01,  2.007E-01         F               0         Blade 1 Z orientation angle, node 13, rad
        241    9.798E-01,  8.332E-03, -1.997E-01         F               0         Blade 1 X orientation angle, node 14, rad
        242   -1.972E-01,  2.032E-01, -9.591E-01         F               0         Blade 1 Y orientation angle, node 14, rad
        243    3.258E-02,  9.791E-01,  2.007E-01         F               0         Blade 1 Z orientation angle, node 14, rad
        244    9.784E-01,  9.751E-03, -2.064E-01         F               0         Blade 1 X orientation angle, node 15, rad
        245   -2.040E-01,  2.031E-01, -9.577E-01         F               0         Blade 1 Y orientation angle, node 15, rad
        246    3.258E-02,  9.791E-01,  2.007E-01         F               0         Blade 1 Z orientation angle, node 15, rad
        247    9.771E-01,  1.103E-02, -2.124E-01         F               0         Blade 1 X orientation angle, node 16, rad
        248   -2.102E-01,  2.031E-01, -9.563E-01         F               0         Blade 1 Y orientation angle, node 16, rad
        249    3.258E-02,  9.791E-01,  2.007E-01         F               0         Blade 1 Z orientation angle, node 16, rad
        250    9.759E-01,  1.216E-02, -2.177E-01         F               0         Blade 1 X orientation angle, node 17, rad
        251   -2.156E-01,  2.030E-01, -9.551E-01         F               0         Blade 1 Y orientation angle, node 17, rad
        252    3.258E-02,  9.791E-01,  2.007E-01         F               0         Blade 1 Z orientation angle, node 17, rad
        253    9.748E-01,  1.322E-02, -2.227E-01         F               0         Blade 1 X orientation angle, node 18, rad
        254   -2.207E-01,  2.029E-01, -9.540E-01         F               0         Blade 1 Y orientation angle, node 18, rad
        255    3.258E-02,  9.791E-01,  2.007E-01         F               0         Blade 1 Z orientation angle, node 18, rad
        256    9.737E-01,  1.418E-02, -2.272E-01         F               0         Blade 1 X orientation angle, node 19, rad
        257   -2.253E-01,  2.029E-01, -9.529E-01         F               0         Blade 1 Y orientation angle, node 19, rad
        258    3.258E-02,  9.791E-01,  2.007E-01         F               0         Blade 1 Z orientation angle, node 19, rad
        259    9.728E-01,  1.503E-02, -2.312E-01         F               0         Blade 1 X orientation angle, node 20, rad
        260   -2.294E-01,  2.028E-01, -9.520E-01         F               0         Blade 1 Y orientation angle, node 20, rad
        261    3.258E-02,  9.791E-01,  2.007E-01         F               0         Blade 1 Z orientation angle, node 20, rad
        262    9.719E-01,  1.584E-02, -2.350E-01         F               0         Blade 1 X orientation angle, node 21, rad
        263   -2.333E-01,  2.027E-01, -9.510E-01         F               0         Blade 1 Y orientation angle, node 21, rad
        264    3.258E-02,  9.791E-01,  2.007E-01         F               0         Blade 1 Z orientation angle, node 21, rad
        265    9.710E-01,  1.659E-02, -2.385E-01         F               0         Blade 1 X orientation angle, node 22, rad
        266   -2.369E-01,  2.027E-01, -9.502E-01         F               0         Blade 1 Y orientation angle, node 22, rad
        267    3.258E-02,  9.791E-01,  2.007E-01         F               0         Blade 1 Z orientation angle, node 22, rad
        268    9.702E-01,  1.726E-02, -2.417E-01         F               0         Blade 1 X orientation angle, node 23, rad
        269   -2.401E-01,  2.026E-01, -9.494E-01         F               0         Blade 1 Y orientation angle, node 23, rad
        270    3.258E-02,  9.791E-01,  2.007E-01         F               0         Blade 1 Z orientation angle, node 23, rad
        271    9.694E-01,  1.789E-02, -2.446E-01         F               0         Blade 1 X orientation angle, node 24, rad
        272   -2.431E-01,  2.026E-01, -9.486E-01         F               0         Blade 1 Y orientation angle, node 24, rad
        273    3.258E-02,  9.791E-01,  2.007E-01         F               0         Blade 1 Z orientation angle, node 24, rad
        274    9.687E-01,  1.850E-02, -2.475E-01         F               0         Blade 1 X orientation angle, node 25, rad
        275   -2.460E-01,  2.025E-01, -9.479E-01         F               0         Blade 1 Y orientation angle, node 25, rad
        276    3.258E-02,  9.791E-01,  2.007E-01         F               0         Blade 1 Z orientation angle, node 25, rad
        277    9.681E-01,  1.903E-02, -2.499E-01         F               0         Blade 1 X orientation angle, node 26, rad
        278   -2.485E-01,  2.025E-01, -9.472E-01         F               0         Blade 1 Y orientation angle, node 26, rad
        279    3.258E-02,  9.791E-01,  2.007E-01         F               0         Blade 1 Z orientation angle, node 26, rad
        280    9.674E-01,  1.956E-02, -2.524E-01         F               0         Blade 1 X orientation angle, node 27, rad
        281   -2.511E-01,  2.024E-01, -9.466E-01         F               0         Blade 1 Y orientation angle, node 27, rad
        282    3.258E-02,  9.791E-01,  2.007E-01         F               0         Blade 1 Z orientation angle, node 27, rad
        283    9.671E-01,  1.984E-02, -2.537E-01         F               0         Blade 1 X orientation angle, node 28, rad
        284   -2.524E-01,  2.024E-01, -9.462E-01         F               0         Blade 1 Y orientation angle, node 28, rad
        285    3.258E-02,  9.791E-01,  2.007E-01         F               0         Blade 1 Z orientation angle, node 28, rad
        286    1.452E+00                                 F               0         Blade 1 X translation velocity, node 1, m/s
        287   -1.137E+00                                 F               0         Blade 1 Y translation velocity, node 1, m/s
        288    5.495E+00                                 F               0         Blade 1 Z translation velocity, node 1, m/s
        289    1.803E+00                                 F               0         Blade 1 X translation velocity, node 2, m/s
        290   -1.420E+00                                 F               0         Blade 1 Y translation velocity, node 2, m/s
        291    6.817E+00                                 F               0         Blade 1 Z translation velocity, node 2, m/s
        292    6.574E+00                                 F               0         Blade 1 X translation velocity, node 3, m/s
        293   -5.266E+00                                 F               0         Blade 1 Y translation velocity, node 3, m/s
        294    2.480E+01                                 F               0         Blade 1 Z translation velocity, node 3, m/s
        295    7.591E+00                                 F               0         Blade 1 X translation velocity, node 4, m/s
        296   -6.085E+00                                 F               0         Blade 1 Y translation velocity, node 4, m/s
        297    2.863E+01                                 F               0         Blade 1 Z translation velocity, node 4, m/s
        298    8.607E+00                                 F               0         Blade 1 X translation velocity, node 5, m/s
        299   -6.905E+00                                 F               0         Blade 1 Y translation velocity, node 5, m/s
        300    3.247E+01                                 F               0         Blade 1 Z translation velocity, node 5, m/s
        301    9.624E+00                                 F               0         Blade 1 X translation velocity, node 6, m/s
        302   -7.724E+00                                 F               0         Blade 1 Y translation velocity, node 6, m/s
        303    3.630E+01                                 F               0         Blade 1 Z translation velocity, node 6, m/s
        304    1.064E+01                                 F               0         Blade 1 X translation velocity, node 7, m/s
        305   -8.544E+00                                 F               0         Blade 1 Y translation velocity, node 7, m/s
        306    4.013E+01                                 F               0         Blade 1 Z translation velocity, node 7, m/s
        307    1.166E+01                                 F               0         Blade 1 X translation velocity, node 8, m/s
