
Linearized model: Predictions were generated on 30-Jan-2024 at 18:20:32 using OpenFAST, compiled as a 64-bit application using single precision at commit v3.5.1
 linked with  NWTC Subroutine Library; ElastoDyn; InflowWind; AeroDyn; ServoDyn; HydroDyn; MAP++ (<1.20.10>, <Oct-20-2023>)

Description from the FAST input file: CCT-9 Campign 4 model. Input files to be run with OpenFAST 3.5.0. GitHub branch from Lu Wang (https://github.com/luwang00/openfast/tree/dev) compiled on March 7, 2023.

Simulation information:
   Simulation time:                   501.0000 s
   Rotor Speed:                         0.8796 rad/s
   Azimuth:                             6.0397 rad
   Wind Speed:                         10.0000 m/s
   Number of continuous states:         0
   Number of discrete states:           0
   Number of constraint states:         0
   Number of inputs:                 1746
   Number of outputs:                   4
   Jacobians included in this file?    No

Order of inputs:
     Column   Operating Point                     Rotating Frame? Derivative Order Description
   ---------- ---------------                     --------------- ---------------- -----------
          1    1.099E+01                                 F               0         Tower X translation displacement, node 1, m
          2   -1.125E+00                                 F               0         Tower Y translation displacement, node 1, m
          3   -3.099E-01                                 F               0         Tower Z translation displacement, node 1, m
          4    1.240E+01                                 F               0         Tower X translation displacement, node 2, m
          5   -1.639E+00                                 F               0         Tower Y translation displacement, node 2, m
          6   -4.022E-01                                 F               0         Tower Z translation displacement, node 2, m
          7    1.382E+01                                 F               0         Tower X translation displacement, node 3, m
          8   -2.153E+00                                 F               0         Tower Y translation displacement, node 3, m
          9   -4.945E-01                                 F               0         Tower Z translation displacement, node 3, m
         10    1.524E+01                                 F               0         Tower X translation displacement, node 4, m
         11   -2.667E+00                                 F               0         Tower Y translation displacement, node 4, m
         12   -5.868E-01                                 F               0         Tower Z translation displacement, node 4, m
         13    1.666E+01                                 F               0         Tower X translation displacement, node 5, m
         14   -3.181E+00                                 F               0         Tower Y translation displacement, node 5, m
         15   -6.791E-01                                 F               0         Tower Z translation displacement, node 5, m
         16    1.807E+01                                 F               0         Tower X translation displacement, node 6, m
         17   -3.695E+00                                 F               0         Tower Y translation displacement, node 6, m
         18   -7.715E-01                                 F               0         Tower Z translation displacement, node 6, m
         19    1.949E+01                                 F               0         Tower X translation displacement, node 7, m
         20   -4.209E+00                                 F               0         Tower Y translation displacement, node 7, m
         21   -8.638E-01                                 F               0         Tower Z translation displacement, node 7, m
         22    2.091E+01                                 F               0         Tower X translation displacement, node 8, m
         23   -4.723E+00                                 F               0         Tower Y translation displacement, node 8, m
         24   -9.561E-01                                 F               0         Tower Z translation displacement, node 8, m
         25    2.233E+01                                 F               0         Tower X translation displacement, node 9, m
         26   -5.237E+00                                 F               0         Tower Y translation displacement, node 9, m
         27   -1.048E+00                                 F               0         Tower Z translation displacement, node 9, m
         28    2.374E+01                                 F               0         Tower X translation displacement, node 10, m
         29   -5.751E+00                                 F               0         Tower Y translation displacement, node 10, m
         30   -1.141E+00                                 F               0         Tower Z translation displacement, node 10, m
         31    2.516E+01                                 F               0         Tower X translation displacement, node 11, m
         32   -6.265E+00                                 F               0         Tower Y translation displacement, node 11, m
         33   -1.233E+00                                 F               0         Tower Z translation displacement, node 11, m
         34    9.934E-01,  9.938E-03, -1.144E-01         F               0         Tower X orientation angle, node 1, rad
         35   -5.105E-03,  9.991E-01,  4.247E-02         F               0         Tower Y orientation angle, node 1, rad
         36    1.147E-01, -4.160E-02,  9.925E-01         F               0         Tower Z orientation angle, node 1, rad
         37    9.934E-01,  9.938E-03, -1.144E-01         F               0         Tower X orientation angle, node 2, rad
         38   -5.105E-03,  9.991E-01,  4.247E-02         F               0         Tower Y orientation angle, node 2, rad
         39    1.147E-01, -4.160E-02,  9.925E-01         F               0         Tower Z orientation angle, node 2, rad
         40    9.934E-01,  9.938E-03, -1.144E-01         F               0         Tower X orientation angle, node 3, rad
         41   -5.105E-03,  9.991E-01,  4.247E-02         F               0         Tower Y orientation angle, node 3, rad
         42    1.147E-01, -4.160E-02,  9.925E-01         F               0         Tower Z orientation angle, node 3, rad
         43    9.934E-01,  9.938E-03, -1.144E-01         F               0         Tower X orientation angle, node 4, rad
         44   -5.105E-03,  9.991E-01,  4.247E-02         F               0         Tower Y orientation angle, node 4, rad
         45    1.147E-01, -4.160E-02,  9.925E-01         F               0         Tower Z orientation angle, node 4, rad
         46    9.934E-01,  9.938E-03, -1.144E-01         F               0         Tower X orientation angle, node 5, rad
         47   -5.105E-03,  9.991E-01,  4.247E-02         F               0         Tower Y orientation angle, node 5, rad
         48    1.147E-01, -4.160E-02,  9.925E-01         F               0         Tower Z orientation angle, node 5, rad
         49    9.934E-01,  9.938E-03, -1.144E-01         F               0         Tower X orientation angle, node 6, rad
         50   -5.105E-03,  9.991E-01,  4.247E-02         F               0         Tower Y orientation angle, node 6, rad
         51    1.147E-01, -4.160E-02,  9.925E-01         F               0         Tower Z orientation angle, node 6, rad
         52    9.934E-01,  9.938E-03, -1.144E-01         F               0         Tower X orientation angle, node 7, rad
         53   -5.105E-03,  9.991E-01,  4.247E-02         F               0         Tower Y orientation angle, node 7, rad
         54    1.147E-01, -4.160E-02,  9.925E-01         F               0         Tower Z orientation angle, node 7, rad
         55    9.934E-01,  9.938E-03, -1.144E-01         F               0         Tower X orientation angle, node 8, rad
         56   -5.105E-03,  9.991E-01,  4.247E-02         F               0         Tower Y orientation angle, node 8, rad
         57    1.147E-01, -4.160E-02,  9.925E-01         F               0         Tower Z orientation angle, node 8, rad
         58    9.934E-01,  9.938E-03, -1.144E-01         F               0         Tower X orientation angle, node 9, rad
         59   -5.105E-03,  9.991E-01,  4.247E-02         F               0         Tower Y orientation angle, node 9, rad
         60    1.147E-01, -4.160E-02,  9.925E-01         F               0         Tower Z orientation angle, node 9, rad
         61    9.934E-01,  9.938E-03, -1.144E-01         F               0         Tower X orientation angle, node 10, rad
         62   -5.105E-03,  9.991E-01,  4.247E-02         F               0         Tower Y orientation angle, node 10, rad
         63    1.147E-01, -4.160E-02,  9.925E-01         F               0         Tower Z orientation angle, node 10, rad
         64    9.934E-01,  9.938E-03, -1.144E-01         F               0         Tower X orientation angle, node 11, rad
         65   -5.105E-03,  9.991E-01,  4.247E-02         F               0         Tower Y orientation angle, node 11, rad
         66    1.147E-01, -4.160E-02,  9.925E-01         F               0         Tower Z orientation angle, node 11, rad
         67   -2.680E-03                                 F               0         Tower X translation velocity, node 1, m/s
         68    5.102E-03                                 F               0         Tower Y translation velocity, node 1, m/s
         69   -4.854E-04                                 F               0         Tower Z translation velocity, node 1, m/s
         70   -2.473E-03                                 F               0         Tower X translation velocity, node 2, m/s
         71    6.900E-03                                 F               0         Tower Y translation velocity, node 2, m/s
         72   -4.340E-04                                 F               0         Tower Z translation velocity, node 2, m/s
         73   -2.266E-03                                 F               0         Tower X translation velocity, node 3, m/s
         74    8.698E-03                                 F               0         Tower Y translation velocity, node 3, m/s
         75   -3.826E-04                                 F               0         Tower Z translation velocity, node 3, m/s
         76   -2.058E-03                                 F               0         Tower X translation velocity, node 4, m/s
         77    1.050E-02                                 F               0         Tower Y translation velocity, node 4, m/s
         78   -3.312E-04                                 F               0         Tower Z translation velocity, node 4, m/s
         79   -1.851E-03                                 F               0         Tower X translation velocity, node 5, m/s
         80    1.229E-02                                 F               0         Tower Y translation velocity, node 5, m/s
         81   -2.798E-04                                 F               0         Tower Z translation velocity, node 5, m/s
         82   -1.644E-03                                 F               0         Tower X translation velocity, node 6, m/s
         83    1.409E-02                                 F               0         Tower Y translation velocity, node 6, m/s
         84   -2.285E-04                                 F               0         Tower Z translation velocity, node 6, m/s
         85   -1.437E-03                                 F               0         Tower X translation velocity, node 7, m/s
         86    1.589E-02                                 F               0         Tower Y translation velocity, node 7, m/s
         87   -1.771E-04                                 F               0         Tower Z translation velocity, node 7, m/s
         88   -1.230E-03                                 F               0         Tower X translation velocity, node 8, m/s
         89    1.769E-02                                 F               0         Tower Y translation velocity, node 8, m/s
         90   -1.257E-04                                 F               0         Tower Z translation velocity, node 8, m/s
         91   -1.022E-03                                 F               0         Tower X translation velocity, node 9, m/s
         92    1.948E-02                                 F               0         Tower Y translation velocity, node 9, m/s
         93   -7.426E-05                                 F               0         Tower Z translation velocity, node 9, m/s
         94   -8.151E-04                                 F               0         Tower X translation velocity, node 10, m/s
         95    2.128E-02                                 F               0         Tower Y translation velocity, node 10, m/s
         96   -2.287E-05                                 F               0         Tower Z translation velocity, node 10, m/s
         97   -6.078E-04                                 F               0         Tower X translation velocity, node 11, m/s
         98    2.308E-02                                 F               0         Tower Y translation velocity, node 11, m/s
         99    2.853E-05                                 F               0         Tower Z translation velocity, node 11, m/s
        100    2.613E+01                                 F               0         Hub X translation displacement, node 1, m
        101   -6.699E+00                                 F               0         Hub Y translation displacement, node 1, m
        102   -5.624E-02                                 F               0         Hub Z translation displacement, node 1, m
        103    9.760E-01,  1.423E-02, -2.175E-01         F               0         Hub X orientation angle, node 1, rad
        104   -5.750E-02,  9.793E-01, -1.939E-01         F               0         Hub Y orientation angle, node 1, rad
        105    2.103E-01,  2.017E-01,  9.566E-01         F               0         Hub Z orientation angle, node 1, rad
        106    8.583E-01                                 F               0         Hub X rotation velocity, node 1, rad/s
        107    1.254E-02                                 F               0         Hub Y rotation velocity, node 1, rad/s
        108   -1.913E-01                                 F               0         Hub Z rotation velocity, node 1, rad/s
        109    9.772E-01, -1.483E-02, -2.117E-01         F               0         Blade root 1 X orientation angle, node 1, rad
        110   -2.852E-02,  9.793E-01, -2.003E-01         F               0         Blade root 1 Y orientation angle, node 1, rad
        111    2.103E-01,  2.017E-01,  9.566E-01         F               0         Blade root 1 Z orientation angle, node 1, rad
        112    9.693E-01,  2.357E-02, -2.449E-01         F               0         Blade root 2 X orientation angle, node 1, rad
        113    2.397E-01, -3.144E-01,  9.185E-01         F               0         Blade root 2 Y orientation angle, node 1, rad
        114   -5.533E-02, -9.490E-01, -3.104E-01         F               0         Blade root 2 Z orientation angle, node 1, rad
        115    9.801E-01,  3.394E-02, -1.957E-01         F               0         Blade root 3 X orientation angle, node 1, rad
        116   -1.243E-01, -6.637E-01, -7.376E-01         F               0         Blade root 3 Y orientation angle, node 1, rad
        117   -1.549E-01,  7.473E-01, -6.462E-01         F               0         Blade root 3 Z orientation angle, node 1, rad
        118    2.672E+01                                 F               0         Blade 1 X translation displacement, node 1, m
        119   -5.581E+00                                 F               0         Blade 1 Y translation displacement, node 1, m
        120   -2.663E-01                                 F               0         Blade 1 Z translation displacement, node 1, m
        121    2.686E+01                                 F               0         Blade 1 X translation displacement, node 2, m
        122   -5.312E+00                                 F               0         Blade 1 Y translation displacement, node 2, m
        123   -3.169E-01                                 F               0         Blade 1 Z translation displacement, node 2, m
        124    2.878E+01                                 F               0         Blade 1 X translation displacement, node 3, m
        125   -1.649E+00                                 F               0         Blade 1 Y translation displacement, node 3, m
        126   -1.005E+00                                 F               0         Blade 1 Z translation displacement, node 3, m
        127    2.919E+01                                 F               0         Blade 1 X translation displacement, node 4, m
        128   -8.692E-01                                 F               0         Blade 1 Y translation displacement, node 4, m
        129   -1.152E+00                                 F               0         Blade 1 Z translation displacement, node 4, m
        130    2.960E+01                                 F               0         Blade 1 X translation displacement, node 5, m
        131   -8.884E-02                                 F               0         Blade 1 Y translation displacement, node 5, m
        132   -1.299E+00                                 F               0         Blade 1 Z translation displacement, node 5, m
        133    3.000E+01                                 F               0         Blade 1 X translation displacement, node 6, m
        134    6.914E-01                                 F               0         Blade 1 Y translation displacement, node 6, m
        135   -1.445E+00                                 F               0         Blade 1 Z translation displacement, node 6, m
        136    3.041E+01                                 F               0         Blade 1 X translation displacement, node 7, m
        137    1.472E+00                                 F               0         Blade 1 Y translation displacement, node 7, m
        138   -1.592E+00                                 F               0         Blade 1 Z translation displacement, node 7, m
        139    3.082E+01                                 F               0         Blade 1 X translation displacement, node 8, m
        140    2.252E+00                                 F               0         Blade 1 Y translation displacement, node 8, m
        141   -1.739E+00                                 F               0         Blade 1 Z translation displacement, node 8, m
        142    3.123E+01                                 F               0         Blade 1 X translation displacement, node 9, m
        143    3.032E+00                                 F               0         Blade 1 Y translation displacement, node 9, m
        144   -1.885E+00                                 F               0         Blade 1 Z translation displacement, node 9, m
        145    3.164E+01                                 F               0         Blade 1 X translation displacement, node 10, m
        146    3.813E+00                                 F               0         Blade 1 Y translation displacement, node 10, m
        147   -2.032E+00                                 F               0         Blade 1 Z translation displacement, node 10, m
        148    3.205E+01                                 F               0         Blade 1 X translation displacement, node 11, m
        149    4.593E+00                                 F               0         Blade 1 Y translation displacement, node 11, m
        150   -2.178E+00                                 F               0         Blade 1 Z translation displacement, node 11, m
        151    3.246E+01                                 F               0         Blade 1 X translation displacement, node 12, m
        152    5.373E+00                                 F               0         Blade 1 Y translation displacement, node 12, m
        153   -2.325E+00                                 F               0         Blade 1 Z translation displacement, node 12, m
        154    3.287E+01                                 F               0         Blade 1 X translation displacement, node 13, m
        155    6.154E+00                                 F               0         Blade 1 Y translation displacement, node 13, m
        156   -2.472E+00                                 F               0         Blade 1 Z translation displacement, node 13, m
        157    3.328E+01                                 F               0         Blade 1 X translation displacement, node 14, m
        158    6.934E+00                                 F               0         Blade 1 Y translation displacement, node 14, m
        159   -2.618E+00                                 F               0         Blade 1 Z translation displacement, node 14, m
        160    3.368E+01                                 F               0         Blade 1 X translation displacement, node 15, m
        161    7.714E+00                                 F               0         Blade 1 Y translation displacement, node 15, m
        162   -2.765E+00                                 F               0         Blade 1 Z translation displacement, node 15, m
        163    3.409E+01                                 F               0         Blade 1 X translation displacement, node 16, m
        164    8.494E+00                                 F               0         Blade 1 Y translation displacement, node 16, m
        165   -2.912E+00                                 F               0         Blade 1 Z translation displacement, node 16, m
        166    3.450E+01                                 F               0         Blade 1 X translation displacement, node 17, m
        167    9.275E+00                                 F               0         Blade 1 Y translation displacement, node 17, m
        168   -3.058E+00                                 F               0         Blade 1 Z translation displacement, node 17, m
        169    3.491E+01                                 F               0         Blade 1 X translation displacement, node 18, m
        170    1.005E+01                                 F               0         Blade 1 Y translation displacement, node 18, m
        171   -3.205E+00                                 F               0         Blade 1 Z translation displacement, node 18, m
        172    3.532E+01                                 F               0         Blade 1 X translation displacement, node 19, m
        173    1.084E+01                                 F               0         Blade 1 Y translation displacement, node 19, m
        174   -3.352E+00                                 F               0         Blade 1 Z translation displacement, node 19, m
        175    3.573E+01                                 F               0         Blade 1 X translation displacement, node 20, m
        176    1.162E+01                                 F               0         Blade 1 Y translation displacement, node 20, m
        177   -3.498E+00                                 F               0         Blade 1 Z translation displacement, node 20, m
        178    3.614E+01                                 F               0         Blade 1 X translation displacement, node 21, m
        179    1.240E+01                                 F               0         Blade 1 Y translation displacement, node 21, m
        180   -3.645E+00                                 F               0         Blade 1 Z translation displacement, node 21, m
        181    3.655E+01                                 F               0         Blade 1 X translation displacement, node 22, m
        182    1.318E+01                                 F               0         Blade 1 Y translation displacement, node 22, m
        183   -3.792E+00                                 F               0         Blade 1 Z translation displacement, node 22, m
        184    3.696E+01                                 F               0         Blade 1 X translation displacement, node 23, m
        185    1.396E+01                                 F               0         Blade 1 Y translation displacement, node 23, m
        186   -3.938E+00                                 F               0         Blade 1 Z translation displacement, node 23, m
        187    3.737E+01                                 F               0         Blade 1 X translation displacement, node 24, m
        188    1.474E+01                                 F               0         Blade 1 Y translation displacement, node 24, m
        189   -4.085E+00                                 F               0         Blade 1 Z translation displacement, node 24, m
        190    3.777E+01                                 F               0         Blade 1 X translation displacement, node 25, m
        191    1.552E+01                                 F               0         Blade 1 Y translation displacement, node 25, m
        192   -4.232E+00                                 F               0         Blade 1 Z translation displacement, node 25, m
        193    3.818E+01                                 F               0         Blade 1 X translation displacement, node 26, m
        194    1.630E+01                                 F               0         Blade 1 Y translation displacement, node 26, m
        195   -4.378E+00                                 F               0         Blade 1 Z translation displacement, node 26, m
        196    3.859E+01                                 F               0         Blade 1 X translation displacement, node 27, m
        197    1.708E+01                                 F               0         Blade 1 Y translation displacement, node 27, m
        198   -4.525E+00                                 F               0         Blade 1 Z translation displacement, node 27, m
        199    3.894E+01                                 F               0         Blade 1 X translation displacement, node 28, m
        200    1.774E+01                                 F               0         Blade 1 Y translation displacement, node 28, m
        201   -4.649E+00                                 F               0         Blade 1 Z translation displacement, node 28, m
        202    8.827E-01, -4.598E-01, -9.705E-02         F               0         Blade 1 X orientation angle, node 1, rad
        203    4.202E-01,  8.648E-01, -2.748E-01         F               0         Blade 1 Y orientation angle, node 1, rad
        204    2.103E-01,  2.017E-01,  9.566E-01         F               0         Blade 1 Z orientation angle, node 1, rad
        205    8.827E-01, -4.598E-01, -9.705E-02         F               0         Blade 1 X orientation angle, node 2, rad
        206    4.202E-01,  8.648E-01, -2.748E-01         F               0         Blade 1 Y orientation angle, node 2, rad
        207    2.103E-01,  2.017E-01,  9.566E-01         F               0         Blade 1 Z orientation angle, node 2, rad
        208    9.572E-01, -2.417E-01, -1.594E-01         F               0         Blade 1 X orientation angle, node 3, rad
        209    1.991E-01,  9.491E-01, -2.439E-01         F               0         Blade 1 Y orientation angle, node 3, rad
        210    2.103E-01,  2.017E-01,  9.566E-01         F               0         Blade 1 Z orientation angle, node 3, rad
        211    9.647E-01, -2.014E-01, -1.696E-01         F               0         Blade 1 X orientation angle, node 4, rad
        212    1.585E-01,  9.585E-01, -2.370E-01         F               0         Blade 1 Y orientation angle, node 4, rad
        213    2.103E-01,  2.017E-01,  9.566E-01         F               0         Blade 1 Z orientation angle, node 4, rad
        214    9.694E-01, -1.695E-01, -1.773E-01         F               0         Blade 1 X orientation angle, node 5, rad
        215    1.264E-01,  9.647E-01, -2.312E-01         F               0         Blade 1 Y orientation angle, node 5, rad
        216    2.103E-01,  2.017E-01,  9.566E-01         F               0         Blade 1 Z orientation angle, node 5, rad
        217    9.725E-01, -1.439E-01, -1.834E-01         F               0         Blade 1 X orientation angle, node 6, rad
        218    1.006E-01,  9.688E-01, -2.264E-01         F               0         Blade 1 Y orientation angle, node 6, rad
        219    2.103E-01,  2.017E-01,  9.566E-01         F               0         Blade 1 Z orientation angle, node 6, rad
        220    9.744E-01, -1.227E-01, -1.883E-01         F               0         Blade 1 X orientation angle, node 7, rad
        221    7.940E-02,  9.717E-01, -2.224E-01         F               0         Blade 1 Y orientation angle, node 7, rad
        222    2.103E-01,  2.017E-01,  9.566E-01         F               0         Blade 1 Z orientation angle, node 7, rad
        223    9.757E-01, -1.051E-01, -1.923E-01         F               0         Blade 1 X orientation angle, node 8, rad
        224    6.170E-02,  9.738E-01, -2.189E-01         F               0         Blade 1 Y orientation angle, node 8, rad
        225    2.103E-01,  2.017E-01,  9.566E-01         F               0         Blade 1 Z orientation angle, node 8, rad
        226    9.765E-01, -9.009E-02, -1.956E-01         F               0         Blade 1 X orientation angle, node 9, rad
        227    4.671E-02,  9.753E-01, -2.160E-01         F               0         Blade 1 Y orientation angle, node 9, rad
        228    2.103E-01,  2.017E-01,  9.566E-01         F               0         Blade 1 Z orientation angle, node 9, rad
        229    9.771E-01, -7.714E-02, -1.985E-01         F               0         Blade 1 X orientation angle, node 10, rad
        230    3.375E-02,  9.764E-01, -2.133E-01         F               0         Blade 1 Y orientation angle, node 10, rad
        231    2.103E-01,  2.017E-01,  9.566E-01         F               0         Blade 1 Z orientation angle, node 10, rad
        232    9.774E-01, -6.606E-02, -2.009E-01         F               0         Blade 1 X orientation angle, node 11, rad
        233    2.266E-02,  9.772E-01, -2.111E-01         F               0         Blade 1 Y orientation angle, node 11, rad
        234    2.103E-01,  2.017E-01,  9.566E-01         F               0         Blade 1 Z orientation angle, node 11, rad
        235    9.776E-01, -5.634E-02, -2.030E-01         F               0         Blade 1 X orientation angle, node 12, rad
        236    1.294E-02,  9.778E-01, -2.091E-01         F               0         Blade 1 Y orientation angle, node 12, rad
        237    2.103E-01,  2.017E-01,  9.566E-01         F               0         Blade 1 Z orientation angle, node 12, rad
        238    9.776E-01, -4.780E-02, -2.048E-01         F               0         Blade 1 X orientation angle, node 13, rad
        239    4.409E-03,  9.783E-01, -2.073E-01         F               0         Blade 1 Y orientation angle, node 13, rad
        240    2.103E-01,  2.017E-01,  9.566E-01         F               0         Blade 1 Z orientation angle, node 13, rad
        241    9.776E-01, -4.012E-02, -2.064E-01         F               0         Blade 1 X orientation angle, node 14, rad
        242   -3.270E-03,  9.786E-01, -2.057E-01         F               0         Blade 1 Y orientation angle, node 14, rad
        243    2.103E-01,  2.017E-01,  9.566E-01         F               0         Blade 1 Z orientation angle, node 14, rad
        244    9.776E-01, -3.328E-02, -2.079E-01         F               0         Blade 1 X orientation angle, node 15, rad
        245   -1.009E-02,  9.789E-01, -2.042E-01         F               0         Blade 1 Y orientation angle, node 15, rad
        246    2.103E-01,  2.017E-01,  9.566E-01         F               0         Blade 1 Z orientation angle, node 15, rad
        247    9.775E-01, -2.713E-02, -2.091E-01         F               0         Blade 1 X orientation angle, node 16, rad
        248   -1.624E-02,  9.791E-01, -2.029E-01         F               0         Blade 1 Y orientation angle, node 16, rad
        249    2.103E-01,  2.017E-01,  9.566E-01         F               0         Blade 1 Z orientation angle, node 16, rad
        250    9.774E-01, -2.166E-02, -2.103E-01         F               0         Blade 1 X orientation angle, node 17, rad
        251   -2.170E-02,  9.792E-01, -2.017E-01         F               0         Blade 1 Y orientation angle, node 17, rad
        252    2.103E-01,  2.017E-01,  9.566E-01         F               0         Blade 1 Z orientation angle, node 17, rad
        253    9.773E-01, -1.654E-02, -2.113E-01         F               0         Blade 1 X orientation angle, node 18, rad
        254   -2.681E-02,  9.793E-01, -2.006E-01         F               0         Blade 1 Y orientation angle, node 18, rad
        255    2.103E-01,  2.017E-01,  9.566E-01         F               0         Blade 1 Z orientation angle, node 18, rad
        256    9.771E-01, -1.192E-02, -2.123E-01         F               0         Blade 1 X orientation angle, node 19, rad
        257   -3.142E-02,  9.794E-01, -1.996E-01         F               0         Blade 1 Y orientation angle, node 19, rad
        258    2.103E-01,  2.017E-01,  9.566E-01         F               0         Blade 1 Z orientation angle, node 19, rad
        259    9.770E-01, -7.819E-03, -2.131E-01         F               0         Blade 1 X orientation angle, node 20, rad
        260   -3.551E-02,  9.794E-01, -1.988E-01         F               0         Blade 1 Y orientation angle, node 20, rad
        261    2.103E-01,  2.017E-01,  9.566E-01         F               0         Blade 1 Z orientation angle, node 20, rad
        262    9.769E-01, -3.887E-03, -2.139E-01         F               0         Blade 1 X orientation angle, node 21, rad
        263   -3.943E-02,  9.794E-01, -1.979E-01         F               0         Blade 1 Y orientation angle, node 21, rad
        264    2.103E-01,  2.017E-01,  9.566E-01         F               0         Blade 1 Z orientation angle, node 21, rad
        265    9.767E-01, -2.973E-04, -2.146E-01         F               0         Blade 1 X orientation angle, node 22, rad
        266   -4.301E-02,  9.794E-01, -1.971E-01         F               0         Blade 1 Y orientation angle, node 22, rad
        267    2.103E-01,  2.017E-01,  9.566E-01         F               0         Blade 1 Z orientation angle, node 22, rad
        268    9.766E-01,  2.951E-03, -2.153E-01         F               0         Blade 1 X orientation angle, node 23, rad
        269   -4.625E-02,  9.794E-01, -1.964E-01         F               0         Blade 1 Y orientation angle, node 23, rad
        270    2.103E-01,  2.017E-01,  9.566E-01         F               0         Blade 1 Z orientation angle, node 23, rad
        271    9.764E-01,  6.028E-03, -2.159E-01         F               0         Blade 1 X orientation angle, node 24, rad
        272   -4.932E-02,  9.794E-01, -1.957E-01         F               0         Blade 1 Y orientation angle, node 24, rad
        273    2.103E-01,  2.017E-01,  9.566E-01         F               0         Blade 1 Z orientation angle, node 24, rad
        274    9.763E-01,  8.934E-03, -2.165E-01         F               0         Blade 1 X orientation angle, node 25, rad
        275   -5.222E-02,  9.794E-01, -1.951E-01         F               0         Blade 1 Y orientation angle, node 25, rad
        276    2.103E-01,  2.017E-01,  9.566E-01         F               0         Blade 1 Z orientation angle, node 25, rad
        277    9.761E-01,  1.150E-02, -2.170E-01         F               0         Blade 1 X orientation angle, node 26, rad
        278   -5.477E-02,  9.794E-01, -1.945E-01         F               0         Blade 1 Y orientation angle, node 26, rad
        279    2.103E-01,  2.017E-01,  9.566E-01         F               0         Blade 1 Z orientation angle, node 26, rad
        280    9.760E-01,  1.406E-02, -2.175E-01         F               0         Blade 1 X orientation angle, node 27, rad
        281   -5.733E-02,  9.793E-01, -1.939E-01         F               0         Blade 1 Y orientation angle, node 27, rad
        282    2.103E-01,  2.017E-01,  9.566E-01         F               0         Blade 1 Z orientation angle, node 27, rad
        283    9.759E-01,  1.543E-02, -2.177E-01         F               0         Blade 1 X orientation angle, node 28, rad
        284   -5.869E-02,  9.793E-01, -1.936E-01         F               0         Blade 1 Y orientation angle, node 28, rad
        285    2.103E-01,  2.017E-01,  9.566E-01         F               0         Blade 1 Z orientation angle, node 28, rad
        286    2.798E-01                                 F               0         Blade 1 X translation velocity, node 1, m/s
        287   -4.747E+00                                 F               0         Blade 1 Y translation velocity, node 1, m/s
        288    9.449E-01                                 F               0         Blade 1 Z translation velocity, node 1, m/s
        289    3.473E-01                                 F               0         Blade 1 X translation velocity, node 2, m/s
        290   -5.897E+00                                 F               0         Blade 1 Y translation velocity, node 2, m/s
        291    1.173E+00                                 F               0         Blade 1 Z translation velocity, node 2, m/s
        292    1.266E+00                                 F               0         Blade 1 X translation velocity, node 3, m/s
        293   -2.153E+01                                 F               0         Blade 1 Y translation velocity, node 3, m/s
        294    4.268E+00                                 F               0         Blade 1 Z translation velocity, node 3, m/s
        295    1.461E+00                                 F               0         Blade 1 X translation velocity, node 4, m/s
        296   -2.486E+01                                 F               0         Blade 1 Y translation velocity, node 4, m/s
        297    4.927E+00                                 F               0         Blade 1 Z translation velocity, node 4, m/s
        298    1.657E+00                                 F               0         Blade 1 X translation velocity, node 5, m/s
        299   -2.819E+01                                 F               0         Blade 1 Y translation velocity, node 5, m/s
        300    5.587E+00                                 F               0         Blade 1 Z translation velocity, node 5, m/s
        301    1.853E+00                                 F               0         Blade 1 X translation velocity, node 6, m/s
        302   -3.152E+01                                 F               0         Blade 1 Y translation velocity, node 6, m/s
        303    6.247E+00                                 F               0         Blade 1 Z translation velocity, node 6, m/s
        304    2.048E+00                                 F               0         Blade 1 X translation velocity, node 7, m/s
        305   -3.486E+01                                 F               0         Blade 1 Y translation velocity, node 7, m/s
        306    6.906E+00                                 F               0         Blade 1 Z translation velocity, node 7, m/s
        307    2.244E+00                                 F               0         Blade 1 X translation velocity, node 8, m/s
