
Linearized model: Predictions were generated on 12-Feb-2024 at 18:31:58 using OpenFAST, compiled as a 64-bit application using single precision at commit v3.5.1
 linked with  NWTC Subroutine Library; ElastoDyn; InflowWind; AeroDyn; ServoDyn; HydroDyn; MAP++ (<1.20.10>, <Oct-20-2023>)

Description from the FAST input file: CCT-9 Campign 4 model. Input files to be run with OpenFAST 3.5.0. GitHub branch from Lu Wang (https://github.com/luwang00/openfast/tree/dev) compiled on March 7, 2023.

Simulation information:
   Simulation time:                  1002.5000 s
   Rotor Speed:                         1.0463 rad/s
   Azimuth:                             2.2823 rad
   Wind Speed:                         12.0000 m/s
   Number of continuous states:         0
   Number of discrete states:           0
   Number of constraint states:         0
   Number of inputs:                 1746
   Number of outputs:                   4
   Jacobians included in this file?    No

Order of inputs:
     Column   Operating Point                     Rotating Frame? Derivative Order Description
   ---------- ---------------                     --------------- ---------------- -----------
          1    1.518E+01                                 F               0         Tower X translation displacement, node 1, m
          2   -1.059E+00                                 F               0         Tower Y translation displacement, node 1, m
          3   -4.786E-01                                 F               0         Tower Z translation displacement, node 1, m
          4    1.704E+01                                 F               0         Tower X translation displacement, node 2, m
          5   -1.617E+00                                 F               0         Tower Y translation displacement, node 2, m
          6   -6.326E-01                                 F               0         Tower Z translation displacement, node 2, m
          7    1.891E+01                                 F               0         Tower X translation displacement, node 3, m
          8   -2.175E+00                                 F               0         Tower Y translation displacement, node 3, m
          9   -7.866E-01                                 F               0         Tower Z translation displacement, node 3, m
         10    2.077E+01                                 F               0         Tower X translation displacement, node 4, m
         11   -2.733E+00                                 F               0         Tower Y translation displacement, node 4, m
         12   -9.407E-01                                 F               0         Tower Z translation displacement, node 4, m
         13    2.263E+01                                 F               0         Tower X translation displacement, node 5, m
         14   -3.292E+00                                 F               0         Tower Y translation displacement, node 5, m
         15   -1.095E+00                                 F               0         Tower Z translation displacement, node 5, m
         16    2.450E+01                                 F               0         Tower X translation displacement, node 6, m
         17   -3.850E+00                                 F               0         Tower Y translation displacement, node 6, m
         18   -1.249E+00                                 F               0         Tower Z translation displacement, node 6, m
         19    2.636E+01                                 F               0         Tower X translation displacement, node 7, m
         20   -4.408E+00                                 F               0         Tower Y translation displacement, node 7, m
         21   -1.403E+00                                 F               0         Tower Z translation displacement, node 7, m
         22    2.822E+01                                 F               0         Tower X translation displacement, node 8, m
         23   -4.966E+00                                 F               0         Tower Y translation displacement, node 8, m
         24   -1.557E+00                                 F               0         Tower Z translation displacement, node 8, m
         25    3.008E+01                                 F               0         Tower X translation displacement, node 9, m
         26   -5.525E+00                                 F               0         Tower Y translation displacement, node 9, m
         27   -1.711E+00                                 F               0         Tower Z translation displacement, node 9, m
         28    3.195E+01                                 F               0         Tower X translation displacement, node 10, m
         29   -6.083E+00                                 F               0         Tower Y translation displacement, node 10, m
         30   -1.865E+00                                 F               0         Tower Z translation displacement, node 10, m
         31    3.381E+01                                 F               0         Tower X translation displacement, node 11, m
         32   -6.641E+00                                 F               0         Tower Y translation displacement, node 11, m
         33   -2.019E+00                                 F               0         Tower Z translation displacement, node 11, m
         34    9.885E-01,  1.467E-02, -1.503E-01         F               0         Tower X orientation angle, node 1, rad
         35   -7.699E-03,  9.989E-01,  4.688E-02         F               0         Tower Y orientation angle, node 1, rad
         36    1.508E-01, -4.518E-02,  9.875E-01         F               0         Tower Z orientation angle, node 1, rad
         37    9.885E-01,  1.467E-02, -1.503E-01         F               0         Tower X orientation angle, node 2, rad
         38   -7.699E-03,  9.989E-01,  4.688E-02         F               0         Tower Y orientation angle, node 2, rad
         39    1.508E-01, -4.518E-02,  9.875E-01         F               0         Tower Z orientation angle, node 2, rad
         40    9.885E-01,  1.467E-02, -1.503E-01         F               0         Tower X orientation angle, node 3, rad
         41   -7.699E-03,  9.989E-01,  4.688E-02         F               0         Tower Y orientation angle, node 3, rad
         42    1.508E-01, -4.518E-02,  9.875E-01         F               0         Tower Z orientation angle, node 3, rad
         43    9.885E-01,  1.467E-02, -1.503E-01         F               0         Tower X orientation angle, node 4, rad
         44   -7.699E-03,  9.989E-01,  4.688E-02         F               0         Tower Y orientation angle, node 4, rad
         45    1.508E-01, -4.518E-02,  9.875E-01         F               0         Tower Z orientation angle, node 4, rad
         46    9.885E-01,  1.467E-02, -1.503E-01         F               0         Tower X orientation angle, node 5, rad
         47   -7.699E-03,  9.989E-01,  4.688E-02         F               0         Tower Y orientation angle, node 5, rad
         48    1.508E-01, -4.518E-02,  9.875E-01         F               0         Tower Z orientation angle, node 5, rad
         49    9.885E-01,  1.467E-02, -1.503E-01         F               0         Tower X orientation angle, node 6, rad
         50   -7.699E-03,  9.989E-01,  4.688E-02         F               0         Tower Y orientation angle, node 6, rad
         51    1.508E-01, -4.518E-02,  9.875E-01         F               0         Tower Z orientation angle, node 6, rad
         52    9.885E-01,  1.467E-02, -1.503E-01         F               0         Tower X orientation angle, node 7, rad
         53   -7.699E-03,  9.989E-01,  4.688E-02         F               0         Tower Y orientation angle, node 7, rad
         54    1.508E-01, -4.518E-02,  9.875E-01         F               0         Tower Z orientation angle, node 7, rad
         55    9.885E-01,  1.467E-02, -1.503E-01         F               0         Tower X orientation angle, node 8, rad
         56   -7.699E-03,  9.989E-01,  4.688E-02         F               0         Tower Y orientation angle, node 8, rad
         57    1.508E-01, -4.518E-02,  9.875E-01         F               0         Tower Z orientation angle, node 8, rad
         58    9.885E-01,  1.467E-02, -1.503E-01         F               0         Tower X orientation angle, node 9, rad
         59   -7.699E-03,  9.989E-01,  4.688E-02         F               0         Tower Y orientation angle, node 9, rad
         60    1.508E-01, -4.518E-02,  9.875E-01         F               0         Tower Z orientation angle, node 9, rad
         61    9.885E-01,  1.467E-02, -1.503E-01         F               0         Tower X orientation angle, node 10, rad
         62   -7.699E-03,  9.989E-01,  4.688E-02         F               0         Tower Y orientation angle, node 10, rad
         63    1.508E-01, -4.518E-02,  9.875E-01         F               0         Tower Z orientation angle, node 10, rad
         64    9.885E-01,  1.467E-02, -1.503E-01         F               0         Tower X orientation angle, node 11, rad
         65   -7.699E-03,  9.989E-01,  4.688E-02         F               0         Tower Y orientation angle, node 11, rad
         66    1.508E-01, -4.518E-02,  9.875E-01         F               0         Tower Z orientation angle, node 11, rad
         67   -5.066E-04                                 F               0         Tower X translation velocity, node 1, m/s
         68   -2.169E-03                                 F               0         Tower Y translation velocity, node 1, m/s
         69    7.360E-04                                 F               0         Tower Z translation velocity, node 1, m/s
         70   -8.690E-04                                 F               0         Tower X translation velocity, node 2, m/s
         71   -3.826E-03                                 F               0         Tower Y translation velocity, node 2, m/s
         72    7.155E-04                                 F               0         Tower Z translation velocity, node 2, m/s
         73   -1.231E-03                                 F               0         Tower X translation velocity, node 3, m/s
         74   -5.483E-03                                 F               0         Tower Y translation velocity, node 3, m/s
         75    6.951E-04                                 F               0         Tower Z translation velocity, node 3, m/s
         76   -1.594E-03                                 F               0         Tower X translation velocity, node 4, m/s
         77   -7.140E-03                                 F               0         Tower Y translation velocity, node 4, m/s
         78    6.746E-04                                 F               0         Tower Z translation velocity, node 4, m/s
         79   -1.956E-03                                 F               0         Tower X translation velocity, node 5, m/s
         80   -8.796E-03                                 F               0         Tower Y translation velocity, node 5, m/s
         81    6.541E-04                                 F               0         Tower Z translation velocity, node 5, m/s
         82   -2.318E-03                                 F               0         Tower X translation velocity, node 6, m/s
         83   -1.045E-02                                 F               0         Tower Y translation velocity, node 6, m/s
         84    6.336E-04                                 F               0         Tower Z translation velocity, node 6, m/s
         85   -2.681E-03                                 F               0         Tower X translation velocity, node 7, m/s
         86   -1.211E-02                                 F               0         Tower Y translation velocity, node 7, m/s
         87    6.131E-04                                 F               0         Tower Z translation velocity, node 7, m/s
         88   -3.043E-03                                 F               0         Tower X translation velocity, node 8, m/s
         89   -1.377E-02                                 F               0         Tower Y translation velocity, node 8, m/s
         90    5.926E-04                                 F               0         Tower Z translation velocity, node 8, m/s
         91   -3.405E-03                                 F               0         Tower X translation velocity, node 9, m/s
         92   -1.542E-02                                 F               0         Tower Y translation velocity, node 9, m/s
         93    5.722E-04                                 F               0         Tower Z translation velocity, node 9, m/s
         94   -3.768E-03                                 F               0         Tower X translation velocity, node 10, m/s
         95   -1.708E-02                                 F               0         Tower Y translation velocity, node 10, m/s
         96    5.517E-04                                 F               0         Tower Z translation velocity, node 10, m/s
         97   -4.130E-03                                 F               0         Tower X translation velocity, node 11, m/s
         98   -1.874E-02                                 F               0         Tower Y translation velocity, node 11, m/s
         99    5.312E-04                                 F               0         Tower Z translation velocity, node 11, m/s
        100    3.512E+01                                 F               0         Hub X translation displacement, node 1, m
        101   -7.154E+00                                 F               0         Hub Y translation displacement, node 1, m
        102   -4.937E-01                                 F               0         Hub Z translation displacement, node 1, m
        103    9.674E-01,  1.931E-02, -2.527E-01         F               0         Hub X orientation angle, node 1, rad
        104    1.969E-01, -6.851E-01,  7.013E-01         F               0         Hub Y orientation angle, node 1, rad
        105   -1.596E-01, -7.282E-01, -6.666E-01         F               0         Hub Z orientation angle, node 1, rad
        106    1.012E+00                                 F               0         Hub X rotation velocity, node 1, rad/s
        107    2.018E-02                                 F               0         Hub Y rotation velocity, node 1, rad/s
        108   -2.643E-01                                 F               0         Hub Z rotation velocity, node 1, rad/s
        109    9.611E-01,  3.963E-02, -2.734E-01         F               0         Blade root 1 X orientation angle, node 1, rad
        110    2.255E-01, -6.843E-01,  6.935E-01         F               0         Blade root 1 Y orientation angle, node 1, rad
        111   -1.596E-01, -7.282E-01, -6.666E-01         F               0         Blade root 1 Z orientation angle, node 1, rad
        112    9.740E-01,  2.785E-02, -2.250E-01         F               0         Blade root 2 X orientation angle, node 1, rad
        113   -2.078E-01, -2.873E-01, -9.350E-01         F               0         Blade root 2 Y orientation angle, node 1, rad
        114   -9.070E-02,  9.574E-01, -2.741E-01         F               0         Blade root 2 Z orientation angle, node 1, rad
        115    9.658E-01, -9.565E-03, -2.593E-01         F               0         Blade root 3 X orientation angle, node 1, rad
        116    6.844E-02,  9.733E-01,  2.190E-01         F               0         Blade root 3 Y orientation angle, node 1, rad
        117    2.503E-01, -2.293E-01,  9.406E-01         F               0         Blade root 3 Z orientation angle, node 1, rad
        118    3.365E+01                                 F               0         Blade 1 X translation displacement, node 1, m
        119   -1.119E+01                                 F               0         Blade 1 Y translation displacement, node 1, m
        120   -9.696E+00                                 F               0         Blade 1 Z translation displacement, node 1, m
        121    3.330E+01                                 F               0         Blade 1 X translation displacement, node 2, m
        122   -1.216E+01                                 F               0         Blade 1 Y translation displacement, node 2, m
        123   -1.191E+01                                 F               0         Blade 1 Z translation displacement, node 2, m
        124    2.851E+01                                 F               0         Blade 1 X translation displacement, node 3, m
        125   -2.538E+01                                 F               0         Blade 1 Y translation displacement, node 3, m
        126   -4.207E+01                                 F               0         Blade 1 Z translation displacement, node 3, m
        127    2.749E+01                                 F               0         Blade 1 X translation displacement, node 4, m
        128   -2.819E+01                                 F               0         Blade 1 Y translation displacement, node 4, m
        129   -4.849E+01                                 F               0         Blade 1 Z translation displacement, node 4, m
        130    2.647E+01                                 F               0         Blade 1 X translation displacement, node 5, m
        131   -3.101E+01                                 F               0         Blade 1 Y translation displacement, node 5, m
        132   -5.492E+01                                 F               0         Blade 1 Z translation displacement, node 5, m
        133    2.544E+01                                 F               0         Blade 1 X translation displacement, node 6, m
        134   -3.383E+01                                 F               0         Blade 1 Y translation displacement, node 6, m
        135   -6.134E+01                                 F               0         Blade 1 Z translation displacement, node 6, m
        136    2.442E+01                                 F               0         Blade 1 X translation displacement, node 7, m
        137   -3.664E+01                                 F               0         Blade 1 Y translation displacement, node 7, m
        138   -6.777E+01                                 F               0         Blade 1 Z translation displacement, node 7, m
        139    2.340E+01                                 F               0         Blade 1 X translation displacement, node 8, m
        140   -3.946E+01                                 F               0         Blade 1 Y translation displacement, node 8, m
        141   -7.419E+01                                 F               0         Blade 1 Z translation displacement, node 8, m
        142    2.238E+01                                 F               0         Blade 1 X translation displacement, node 9, m
        143   -4.228E+01                                 F               0         Blade 1 Y translation displacement, node 9, m
        144   -8.061E+01                                 F               0         Blade 1 Z translation displacement, node 9, m
        145    2.136E+01                                 F               0         Blade 1 X translation displacement, node 10, m
        146   -4.509E+01                                 F               0         Blade 1 Y translation displacement, node 10, m
        147   -8.704E+01                                 F               0         Blade 1 Z translation displacement, node 10, m
        148    2.034E+01                                 F               0         Blade 1 X translation displacement, node 11, m
        149   -4.791E+01                                 F               0         Blade 1 Y translation displacement, node 11, m
        150   -9.346E+01                                 F               0         Blade 1 Z translation displacement, node 11, m
        151    1.932E+01                                 F               0         Blade 1 X translation displacement, node 12, m
        152   -5.072E+01                                 F               0         Blade 1 Y translation displacement, node 12, m
        153   -9.989E+01                                 F               0         Blade 1 Z translation displacement, node 12, m
        154    1.829E+01                                 F               0         Blade 1 X translation displacement, node 13, m
        155   -5.354E+01                                 F               0         Blade 1 Y translation displacement, node 13, m
        156   -1.063E+02                                 F               0         Blade 1 Z translation displacement, node 13, m
        157    1.727E+01                                 F               0         Blade 1 X translation displacement, node 14, m
        158   -5.636E+01                                 F               0         Blade 1 Y translation displacement, node 14, m
        159   -1.127E+02                                 F               0         Blade 1 Z translation displacement, node 14, m
        160    1.625E+01                                 F               0         Blade 1 X translation displacement, node 15, m
        161   -5.917E+01                                 F               0         Blade 1 Y translation displacement, node 15, m
        162   -1.192E+02                                 F               0         Blade 1 Z translation displacement, node 15, m
        163    1.523E+01                                 F               0         Blade 1 X translation displacement, node 16, m
        164   -6.199E+01                                 F               0         Blade 1 Y translation displacement, node 16, m
        165   -1.256E+02                                 F               0         Blade 1 Z translation displacement, node 16, m
        166    1.421E+01                                 F               0         Blade 1 X translation displacement, node 17, m
        167   -6.481E+01                                 F               0         Blade 1 Y translation displacement, node 17, m
        168   -1.320E+02                                 F               0         Blade 1 Z translation displacement, node 17, m
        169    1.319E+01                                 F               0         Blade 1 X translation displacement, node 18, m
        170   -6.762E+01                                 F               0         Blade 1 Y translation displacement, node 18, m
        171   -1.384E+02                                 F               0         Blade 1 Z translation displacement, node 18, m
        172    1.216E+01                                 F               0         Blade 1 X translation displacement, node 19, m
        173   -7.044E+01                                 F               0         Blade 1 Y translation displacement, node 19, m
        174   -1.449E+02                                 F               0         Blade 1 Z translation displacement, node 19, m
        175    1.114E+01                                 F               0         Blade 1 X translation displacement, node 20, m
        176   -7.325E+01                                 F               0         Blade 1 Y translation displacement, node 20, m
        177   -1.513E+02                                 F               0         Blade 1 Z translation displacement, node 20, m
        178    1.012E+01                                 F               0         Blade 1 X translation displacement, node 21, m
        179   -7.607E+01                                 F               0         Blade 1 Y translation displacement, node 21, m
        180   -1.577E+02                                 F               0         Blade 1 Z translation displacement, node 21, m
        181    9.101E+00                                 F               0         Blade 1 X translation displacement, node 22, m
        182   -7.889E+01                                 F               0         Blade 1 Y translation displacement, node 22, m
        183   -1.641E+02                                 F               0         Blade 1 Z translation displacement, node 22, m
        184    8.079E+00                                 F               0         Blade 1 X translation displacement, node 23, m
        185   -8.170E+01                                 F               0         Blade 1 Y translation displacement, node 23, m
        186   -1.706E+02                                 F               0         Blade 1 Z translation displacement, node 23, m
        187    7.058E+00                                 F               0         Blade 1 X translation displacement, node 24, m
        188   -8.452E+01                                 F               0         Blade 1 Y translation displacement, node 24, m
        189   -1.770E+02                                 F               0         Blade 1 Z translation displacement, node 24, m
        190    6.036E+00                                 F               0         Blade 1 X translation displacement, node 25, m
        191   -8.734E+01                                 F               0         Blade 1 Y translation displacement, node 25, m
        192   -1.834E+02                                 F               0         Blade 1 Z translation displacement, node 25, m
        193    5.015E+00                                 F               0         Blade 1 X translation displacement, node 26, m
        194   -9.015E+01                                 F               0         Blade 1 Y translation displacement, node 26, m
        195   -1.898E+02                                 F               0         Blade 1 Z translation displacement, node 26, m
        196    3.994E+00                                 F               0         Blade 1 X translation displacement, node 27, m
        197   -9.297E+01                                 F               0         Blade 1 Y translation displacement, node 27, m
        198   -1.963E+02                                 F               0         Blade 1 Z translation displacement, node 27, m
        199    3.128E+00                                 F               0         Blade 1 X translation displacement, node 28, m
        200   -9.536E+01                                 F               0         Blade 1 Y translation displacement, node 28, m
        201   -2.017E+02                                 F               0         Blade 1 Z translation displacement, node 28, m
        202    7.525E-01,  3.473E-01, -5.595E-01         F               0         Blade 1 X orientation angle, node 1, rad
        203    6.389E-01, -5.909E-01,  4.925E-01         F               0         Blade 1 Y orientation angle, node 1, rad
        204   -1.596E-01, -7.282E-01, -6.666E-01         F               0         Blade 1 Z orientation angle, node 1, rad
        205    7.525E-01,  3.473E-01, -5.595E-01         F               0         Blade 1 X orientation angle, node 2, rad
        206    6.389E-01, -5.909E-01,  4.925E-01         F               0         Blade 1 Y orientation angle, node 2, rad
        207   -1.596E-01, -7.282E-01, -6.666E-01         F               0         Blade 1 Z orientation angle, node 2, rad
        208    8.825E-01,  1.974E-01, -4.268E-01         F               0         Blade 1 X orientation angle, node 3, rad
        209    4.424E-01, -6.564E-01,  6.111E-01         F               0         Blade 1 Y orientation angle, node 3, rad
        210   -1.596E-01, -7.282E-01, -6.666E-01         F               0         Blade 1 Z orientation angle, node 3, rad
        211    9.004E-01,  1.695E-01, -4.007E-01         F               0         Blade 1 X orientation angle, node 4, rad
        212    4.047E-01, -6.641E-01,  6.286E-01         F               0         Blade 1 Y orientation angle, node 4, rad
        213   -1.596E-01, -7.282E-01, -6.666E-01         F               0         Blade 1 Z orientation angle, node 4, rad
        214    9.133E-01,  1.474E-01, -3.796E-01         F               0         Blade 1 X orientation angle, node 5, rad
        215    3.746E-01, -6.694E-01,  6.415E-01         F               0         Blade 1 Y orientation angle, node 5, rad
        216   -1.596E-01, -7.282E-01, -6.666E-01         F               0         Blade 1 Z orientation angle, node 5, rad
        217    9.230E-01,  1.295E-01, -3.625E-01         F               0         Blade 1 X orientation angle, node 6, rad
        218    3.503E-01, -6.731E-01,  6.514E-01         F               0         Blade 1 Y orientation angle, node 6, rad
        219   -1.596E-01, -7.282E-01, -6.666E-01         F               0         Blade 1 Z orientation angle, node 6, rad
        220    9.304E-01,  1.148E-01, -3.482E-01         F               0         Blade 1 X orientation angle, node 7, rad
        221    3.301E-01, -6.757E-01,  6.591E-01         F               0         Blade 1 Y orientation angle, node 7, rad
        222   -1.596E-01, -7.282E-01, -6.666E-01         F               0         Blade 1 Z orientation angle, node 7, rad
        223    9.362E-01,  1.025E-01, -3.361E-01         F               0         Blade 1 X orientation angle, node 8, rad
        224    3.131E-01, -6.777E-01,  6.653E-01         F               0         Blade 1 Y orientation angle, node 8, rad
        225   -1.596E-01, -7.282E-01, -6.666E-01         F               0         Blade 1 Z orientation angle, node 8, rad
        226    9.409E-01,  9.213E-02, -3.259E-01         F               0         Blade 1 X orientation angle, node 9, rad
        227    2.987E-01, -6.792E-01,  6.704E-01         F               0         Blade 1 Y orientation angle, node 9, rad
        228   -1.596E-01, -7.282E-01, -6.666E-01         F               0         Blade 1 Z orientation angle, node 9, rad
        229    9.448E-01,  8.311E-02, -3.170E-01         F               0         Blade 1 X orientation angle, node 10, rad
        230    2.862E-01, -6.804E-01,  6.747E-01         F               0         Blade 1 Y orientation angle, node 10, rad
        231   -1.596E-01, -7.282E-01, -6.666E-01         F               0         Blade 1 Z orientation angle, node 10, rad
        232    9.480E-01,  7.539E-02, -3.093E-01         F               0         Blade 1 X orientation angle, node 11, rad
        233    2.755E-01, -6.813E-01,  6.782E-01         F               0         Blade 1 Y orientation angle, node 11, rad
        234   -1.596E-01, -7.282E-01, -6.666E-01         F               0         Blade 1 Z orientation angle, node 11, rad
        235    9.507E-01,  6.861E-02, -3.025E-01         F               0         Blade 1 X orientation angle, node 12, rad
        236    2.660E-01, -6.820E-01,  6.813E-01         F               0         Blade 1 Y orientation angle, node 12, rad
        237   -1.596E-01, -7.282E-01, -6.666E-01         F               0         Blade 1 Z orientation angle, node 12, rad
        238    9.530E-01,  6.265E-02, -2.966E-01         F               0         Blade 1 X orientation angle, node 13, rad
        239    2.577E-01, -6.825E-01,  6.839E-01         F               0         Blade 1 Y orientation angle, node 13, rad
        240   -1.596E-01, -7.282E-01, -6.666E-01         F               0         Blade 1 Z orientation angle, node 13, rad
        241    9.550E-01,  5.729E-02, -2.912E-01         F               0         Blade 1 X orientation angle, node 14, rad
        242    2.502E-01, -6.830E-01,  6.862E-01         F               0         Blade 1 Y orientation angle, node 14, rad
        243   -1.596E-01, -7.282E-01, -6.666E-01         F               0         Blade 1 Z orientation angle, node 14, rad
        244    9.567E-01,  5.252E-02, -2.864E-01         F               0         Blade 1 X orientation angle, node 15, rad
        245    2.435E-01, -6.834E-01,  6.882E-01         F               0         Blade 1 Y orientation angle, node 15, rad
        246   -1.596E-01, -7.282E-01, -6.666E-01         F               0         Blade 1 Z orientation angle, node 15, rad
        247    9.582E-01,  4.823E-02, -2.821E-01         F               0         Blade 1 X orientation angle, node 16, rad
        248    2.375E-01, -6.837E-01,  6.900E-01         F               0         Blade 1 Y orientation angle, node 16, rad
        249   -1.596E-01, -7.282E-01, -6.666E-01         F               0         Blade 1 Z orientation angle, node 16, rad
        250    9.595E-01,  4.441E-02, -2.782E-01         F               0         Blade 1 X orientation angle, node 17, rad
        251    2.322E-01, -6.840E-01,  6.916E-01         F               0         Blade 1 Y orientation angle, node 17, rad
        252   -1.596E-01, -7.282E-01, -6.666E-01         F               0         Blade 1 Z orientation angle, node 17, rad
        253    9.607E-01,  4.083E-02, -2.746E-01         F               0         Blade 1 X orientation angle, node 18, rad
        254    2.271E-01, -6.842E-01,  6.930E-01         F               0         Blade 1 Y orientation angle, node 18, rad
        255   -1.596E-01, -7.282E-01, -6.666E-01         F               0         Blade 1 Z orientation angle, node 18, rad
        256    9.618E-01,  3.760E-02, -2.713E-01         F               0         Blade 1 X orientation angle, node 19, rad
        257    2.226E-01, -6.844E-01,  6.943E-01         F               0         Blade 1 Y orientation angle, node 19, rad
        258   -1.596E-01, -7.282E-01, -6.666E-01         F               0         Blade 1 Z orientation angle, node 19, rad
        259    9.627E-01,  3.473E-02, -2.684E-01         F               0         Blade 1 X orientation angle, node 20, rad
        260    2.186E-01, -6.845E-01,  6.954E-01         F               0         Blade 1 Y orientation angle, node 20, rad
        261   -1.596E-01, -7.282E-01, -6.666E-01         F               0         Blade 1 Z orientation angle, node 20, rad
        262    9.636E-01,  3.199E-02, -2.656E-01         F               0         Blade 1 X orientation angle, node 21, rad
        263    2.147E-01, -6.847E-01,  6.965E-01         F               0         Blade 1 Y orientation angle, node 21, rad
        264   -1.596E-01, -7.282E-01, -6.666E-01         F               0         Blade 1 Z orientation angle, node 21, rad
        265    9.643E-01,  2.948E-02, -2.630E-01         F               0         Blade 1 X orientation angle, node 22, rad
        266    2.112E-01, -6.848E-01,  6.975E-01         F               0         Blade 1 Y orientation angle, node 22, rad
        267   -1.596E-01, -7.282E-01, -6.666E-01         F               0         Blade 1 Z orientation angle, node 22, rad
        268    9.650E-01,  2.720E-02, -2.607E-01         F               0         Blade 1 X orientation angle, node 23, rad
        269    2.080E-01, -6.849E-01,  6.984E-01         F               0         Blade 1 Y orientation angle, node 23, rad
        270   -1.596E-01, -7.282E-01, -6.666E-01         F               0         Blade 1 Z orientation angle, node 23, rad
        271    9.657E-01,  2.505E-02, -2.585E-01         F               0         Blade 1 X orientation angle, node 24, rad
        272    2.050E-01, -6.850E-01,  6.992E-01         F               0         Blade 1 Y orientation angle, node 24, rad
        273   -1.596E-01, -7.282E-01, -6.666E-01         F               0         Blade 1 Z orientation angle, node 24, rad
        274    9.663E-01,  2.302E-02, -2.565E-01         F               0         Blade 1 X orientation angle, node 25, rad
        275    2.021E-01, -6.850E-01,  6.999E-01         F               0         Blade 1 Y orientation angle, node 25, rad
        276   -1.596E-01, -7.282E-01, -6.666E-01         F               0         Blade 1 Z orientation angle, node 25, rad
        277    9.668E-01,  2.123E-02, -2.546E-01         F               0         Blade 1 X orientation angle, node 26, rad
        278    1.996E-01, -6.851E-01,  7.006E-01         F               0         Blade 1 Y orientation angle, node 26, rad
        279   -1.596E-01, -7.282E-01, -6.666E-01         F               0         Blade 1 Z orientation angle, node 26, rad
        280    9.673E-01,  1.943E-02, -2.528E-01         F               0         Blade 1 X orientation angle, node 27, rad
        281    1.970E-01, -6.851E-01,  7.013E-01         F               0         Blade 1 Y orientation angle, node 27, rad
        282   -1.596E-01, -7.282E-01, -6.666E-01         F               0         Blade 1 Z orientation angle, node 27, rad
        283    9.676E-01,  1.848E-02, -2.518E-01         F               0         Blade 1 X orientation angle, node 28, rad
        284    1.957E-01, -6.852E-01,  7.016E-01         F               0         Blade 1 Y orientation angle, node 28, rad
        285   -1.596E-01, -7.282E-01, -6.666E-01         F               0         Blade 1 Z orientation angle, node 28, rad
        286   -1.145E+00                                 F               0         Blade 1 X translation velocity, node 1, m/s
        287    3.951E+00                                 F               0         Blade 1 Y translation velocity, node 1, m/s
        288   -4.066E+00                                 F               0         Blade 1 Z translation velocity, node 1, m/s
        289   -1.420E+00                                 F               0         Blade 1 X translation velocity, node 2, m/s
        290    4.908E+00                                 F               0         Blade 1 Y translation velocity, node 2, m/s
        291   -5.045E+00                                 F               0         Blade 1 Z translation velocity, node 2, m/s
        292   -5.158E+00                                 F               0         Blade 1 X translation velocity, node 3, m/s
        293    1.792E+01                                 F               0         Blade 1 Y translation velocity, node 3, m/s
        294   -1.837E+01                                 F               0         Blade 1 Z translation velocity, node 3, m/s
        295   -5.954E+00                                 F               0         Blade 1 X translation velocity, node 4, m/s
        296    2.070E+01                                 F               0         Blade 1 Y translation velocity, node 4, m/s
        297   -2.121E+01                                 F               0         Blade 1 Z translation velocity, node 4, m/s
        298   -6.751E+00                                 F               0         Blade 1 X translation velocity, node 5, m/s
        299    2.347E+01                                 F               0         Blade 1 Y translation velocity, node 5, m/s
        300   -2.405E+01                                 F               0         Blade 1 Z translation velocity, node 5, m/s
        301   -7.547E+00                                 F               0         Blade 1 X translation velocity, node 6, m/s
        302    2.624E+01                                 F               0         Blade 1 Y translation velocity, node 6, m/s
        303   -2.688E+01                                 F               0         Blade 1 Z translation velocity, node 6, m/s
        304   -8.343E+00                                 F               0         Blade 1 X translation velocity, node 7, m/s
        305    2.902E+01                                 F               0         Blade 1 Y translation velocity, node 7, m/s
        306   -2.972E+01                                 F               0         Blade 1 Z translation velocity, node 7, m/s
        307   -9.140E+00                                 F               0         Blade 1 X translation velocity, node 8, m/s
