
Linearized model: Predictions were generated on 30-Jan-2024 at 18:20:32 using OpenFAST, compiled as a 64-bit application using single precision at commit v3.5.1
 linked with  NWTC Subroutine Library; ElastoDyn; InflowWind; AeroDyn; ServoDyn; HydroDyn; MAP++ (<1.20.10>, <Oct-20-2023>)

Description from the FAST input file: CCT-9 Campign 4 model. Input files to be run with OpenFAST 3.5.0. GitHub branch from Lu Wang (https://github.com/luwang00/openfast/tree/dev) compiled on March 7, 2023.

Simulation information:
   Simulation time:                   500.0000 s
   Rotor Speed:                         0.8798 rad/s
   Azimuth:                             5.1600 rad
   Wind Speed:                         10.0000 m/s
   Number of continuous states:         0
   Number of discrete states:           0
   Number of constraint states:         0
   Number of inputs:                 1746
   Number of outputs:                   4
   Jacobians included in this file?    No

Order of inputs:
     Column   Operating Point                     Rotating Frame? Derivative Order Description
   ---------- ---------------                     --------------- ---------------- -----------
          1    1.099E+01                                 F               0         Tower X translation displacement, node 1, m
          2   -1.130E+00                                 F               0         Tower Y translation displacement, node 1, m
          3   -3.087E-01                                 F               0         Tower Z translation displacement, node 1, m
          4    1.241E+01                                 F               0         Tower X translation displacement, node 2, m
          5   -1.647E+00                                 F               0         Tower Y translation displacement, node 2, m
          6   -4.011E-01                                 F               0         Tower Z translation displacement, node 2, m
          7    1.382E+01                                 F               0         Tower X translation displacement, node 3, m
          8   -2.163E+00                                 F               0         Tower Y translation displacement, node 3, m
          9   -4.935E-01                                 F               0         Tower Z translation displacement, node 3, m
         10    1.524E+01                                 F               0         Tower X translation displacement, node 4, m
         11   -2.679E+00                                 F               0         Tower Y translation displacement, node 4, m
         12   -5.859E-01                                 F               0         Tower Z translation displacement, node 4, m
         13    1.666E+01                                 F               0         Tower X translation displacement, node 5, m
         14   -3.195E+00                                 F               0         Tower Y translation displacement, node 5, m
         15   -6.783E-01                                 F               0         Tower Z translation displacement, node 5, m
         16    1.808E+01                                 F               0         Tower X translation displacement, node 6, m
         17   -3.711E+00                                 F               0         Tower Y translation displacement, node 6, m
         18   -7.707E-01                                 F               0         Tower Z translation displacement, node 6, m
         19    1.949E+01                                 F               0         Tower X translation displacement, node 7, m
         20   -4.227E+00                                 F               0         Tower Y translation displacement, node 7, m
         21   -8.630E-01                                 F               0         Tower Z translation displacement, node 7, m
         22    2.091E+01                                 F               0         Tower X translation displacement, node 8, m
         23   -4.743E+00                                 F               0         Tower Y translation displacement, node 8, m
         24   -9.554E-01                                 F               0         Tower Z translation displacement, node 8, m
         25    2.233E+01                                 F               0         Tower X translation displacement, node 9, m
         26   -5.259E+00                                 F               0         Tower Y translation displacement, node 9, m
         27   -1.048E+00                                 F               0         Tower Z translation displacement, node 9, m
         28    2.374E+01                                 F               0         Tower X translation displacement, node 10, m
         29   -5.775E+00                                 F               0         Tower Y translation displacement, node 10, m
         30   -1.140E+00                                 F               0         Tower Z translation displacement, node 10, m
         31    2.516E+01                                 F               0         Tower X translation displacement, node 11, m
         32   -6.291E+00                                 F               0         Tower Y translation displacement, node 11, m
         33   -1.233E+00                                 F               0         Tower Z translation displacement, node 11, m
         34    9.934E-01,  9.934E-03, -1.144E-01         F               0         Tower X orientation angle, node 1, rad
         35   -5.082E-03,  9.991E-01,  4.264E-02         F               0         Tower Y orientation angle, node 1, rad
         36    1.147E-01, -4.177E-02,  9.925E-01         F               0         Tower Z orientation angle, node 1, rad
         37    9.934E-01,  9.934E-03, -1.144E-01         F               0         Tower X orientation angle, node 2, rad
         38   -5.082E-03,  9.991E-01,  4.264E-02         F               0         Tower Y orientation angle, node 2, rad
         39    1.147E-01, -4.177E-02,  9.925E-01         F               0         Tower Z orientation angle, node 2, rad
         40    9.934E-01,  9.934E-03, -1.144E-01         F               0         Tower X orientation angle, node 3, rad
         41   -5.082E-03,  9.991E-01,  4.264E-02         F               0         Tower Y orientation angle, node 3, rad
         42    1.147E-01, -4.177E-02,  9.925E-01         F               0         Tower Z orientation angle, node 3, rad
         43    9.934E-01,  9.934E-03, -1.144E-01         F               0         Tower X orientation angle, node 4, rad
         44   -5.082E-03,  9.991E-01,  4.264E-02         F               0         Tower Y orientation angle, node 4, rad
         45    1.147E-01, -4.177E-02,  9.925E-01         F               0         Tower Z orientation angle, node 4, rad
         46    9.934E-01,  9.934E-03, -1.144E-01         F               0         Tower X orientation angle, node 5, rad
         47   -5.082E-03,  9.991E-01,  4.264E-02         F               0         Tower Y orientation angle, node 5, rad
         48    1.147E-01, -4.177E-02,  9.925E-01         F               0         Tower Z orientation angle, node 5, rad
         49    9.934E-01,  9.934E-03, -1.144E-01         F               0         Tower X orientation angle, node 6, rad
         50   -5.082E-03,  9.991E-01,  4.264E-02         F               0         Tower Y orientation angle, node 6, rad
         51    1.147E-01, -4.177E-02,  9.925E-01         F               0         Tower Z orientation angle, node 6, rad
         52    9.934E-01,  9.934E-03, -1.144E-01         F               0         Tower X orientation angle, node 7, rad
         53   -5.082E-03,  9.991E-01,  4.264E-02         F               0         Tower Y orientation angle, node 7, rad
         54    1.147E-01, -4.177E-02,  9.925E-01         F               0         Tower Z orientation angle, node 7, rad
         55    9.934E-01,  9.934E-03, -1.144E-01         F               0         Tower X orientation angle, node 8, rad
         56   -5.082E-03,  9.991E-01,  4.264E-02         F               0         Tower Y orientation angle, node 8, rad
         57    1.147E-01, -4.177E-02,  9.925E-01         F               0         Tower Z orientation angle, node 8, rad
         58    9.934E-01,  9.934E-03, -1.144E-01         F               0         Tower X orientation angle, node 9, rad
         59   -5.082E-03,  9.991E-01,  4.264E-02         F               0         Tower Y orientation angle, node 9, rad
         60    1.147E-01, -4.177E-02,  9.925E-01         F               0         Tower Z orientation angle, node 9, rad
         61    9.934E-01,  9.934E-03, -1.144E-01         F               0         Tower X orientation angle, node 10, rad
         62   -5.082E-03,  9.991E-01,  4.264E-02         F               0         Tower Y orientation angle, node 10, rad
         63    1.147E-01, -4.177E-02,  9.925E-01         F               0         Tower Z orientation angle, node 10, rad
         64    9.934E-01,  9.934E-03, -1.144E-01         F               0         Tower X orientation angle, node 11, rad
         65   -5.082E-03,  9.991E-01,  4.264E-02         F               0         Tower Y orientation angle, node 11, rad
         66    1.147E-01, -4.177E-02,  9.925E-01         F               0         Tower Z orientation angle, node 11, rad
         67   -2.327E-03                                 F               0         Tower X translation velocity, node 1, m/s
         68    5.995E-03                                 F               0         Tower Y translation velocity, node 1, m/s
         69   -1.779E-03                                 F               0         Tower Z translation velocity, node 1, m/s
         70   -2.143E-03                                 F               0         Tower X translation velocity, node 2, m/s
         71    8.446E-03                                 F               0         Tower Y translation velocity, node 2, m/s
         72   -1.697E-03                                 F               0         Tower Z translation velocity, node 2, m/s
         73   -1.959E-03                                 F               0         Tower X translation velocity, node 3, m/s
         74    1.090E-02                                 F               0         Tower Y translation velocity, node 3, m/s
         75   -1.615E-03                                 F               0         Tower Z translation velocity, node 3, m/s
         76   -1.775E-03                                 F               0         Tower X translation velocity, node 4, m/s
         77    1.335E-02                                 F               0         Tower Y translation velocity, node 4, m/s
         78   -1.533E-03                                 F               0         Tower Z translation velocity, node 4, m/s
         79   -1.591E-03                                 F               0         Tower X translation velocity, node 5, m/s
         80    1.580E-02                                 F               0         Tower Y translation velocity, node 5, m/s
         81   -1.451E-03                                 F               0         Tower Z translation velocity, node 5, m/s
         82   -1.407E-03                                 F               0         Tower X translation velocity, node 6, m/s
         83    1.825E-02                                 F               0         Tower Y translation velocity, node 6, m/s
         84   -1.370E-03                                 F               0         Tower Z translation velocity, node 6, m/s
         85   -1.223E-03                                 F               0         Tower X translation velocity, node 7, m/s
         86    2.070E-02                                 F               0         Tower Y translation velocity, node 7, m/s
         87   -1.288E-03                                 F               0         Tower Z translation velocity, node 7, m/s
         88   -1.038E-03                                 F               0         Tower X translation velocity, node 8, m/s
         89    2.315E-02                                 F               0         Tower Y translation velocity, node 8, m/s
         90   -1.206E-03                                 F               0         Tower Z translation velocity, node 8, m/s
         91   -8.543E-04                                 F               0         Tower X translation velocity, node 9, m/s
         92    2.561E-02                                 F               0         Tower Y translation velocity, node 9, m/s
         93   -1.124E-03                                 F               0         Tower Z translation velocity, node 9, m/s
         94   -6.702E-04                                 F               0         Tower X translation velocity, node 10, m/s
         95    2.806E-02                                 F               0         Tower Y translation velocity, node 10, m/s
         96   -1.042E-03                                 F               0         Tower Z translation velocity, node 10, m/s
         97   -4.860E-04                                 F               0         Tower X translation velocity, node 11, m/s
         98    3.051E-02                                 F               0         Tower Y translation velocity, node 11, m/s
         99   -9.600E-04                                 F               0         Tower Z translation velocity, node 11, m/s
        100    2.613E+01                                 F               0         Hub X translation displacement, node 1, m
        101   -6.727E+00                                 F               0         Hub Y translation displacement, node 1, m
        102   -5.597E-02                                 F               0         Hub Z translation displacement, node 1, m
        103    9.760E-01,  1.425E-02, -2.175E-01         F               0         Hub X orientation angle, node 1, rad
        104   -1.986E-01,  4.689E-01, -8.606E-01         F               0         Hub Y orientation angle, node 1, rad
        105    8.973E-02,  8.831E-01,  4.605E-01         F               0         Hub Z orientation angle, node 1, rad
        106    8.584E-01                                 F               0         Hub X rotation velocity, node 1, rad/s
        107    1.255E-02                                 F               0         Hub Y rotation velocity, node 1, rad/s
        108   -1.913E-01                                 F               0         Hub Z rotation velocity, node 1, rad/s
        109    9.814E-01,  3.290E-04, -1.919E-01         F               0         Blade root 1 X orientation angle, node 1, rad
        110   -1.696E-01,  4.691E-01, -8.667E-01         F               0         Blade root 1 Y orientation angle, node 1, rad
        111    8.973E-02,  8.831E-01,  4.605E-01         F               0         Blade root 1 Z orientation angle, node 1, rad
        112    9.703E-01, -1.494E-03, -2.420E-01         F               0         Blade root 2 X orientation angle, node 1, rad
        113    2.059E-01,  5.305E-01,  8.223E-01         F               0         Blade root 2 Y orientation angle, node 1, rad
        114    1.272E-01, -8.477E-01,  5.151E-01         F               0         Blade root 2 Z orientation angle, node 1, rad
        115    9.749E-01,  4.388E-02, -2.183E-01         F               0         Blade root 3 X orientation angle, node 1, rad
        116    5.056E-02, -9.984E-01,  2.507E-02         F               0         Blade root 3 Y orientation angle, node 1, rad
        117   -2.169E-01, -3.548E-02, -9.756E-01         F               0         Blade root 3 Z orientation angle, node 1, rad
        118    2.605E+01                                 F               0         Blade 1 X translation displacement, node 1, m
        119   -1.834E+00                                 F               0         Blade 1 Y translation displacement, node 1, m
        120   -3.015E+00                                 F               0         Blade 1 Z translation displacement, node 1, m
        121    2.603E+01                                 F               0         Blade 1 X translation displacement, node 2, m
        122   -6.552E-01                                 F               0         Blade 1 Y translation displacement, node 2, m
        123   -3.728E+00                                 F               0         Blade 1 Z translation displacement, node 2, m
        124    2.576E+01                                 F               0         Blade 1 X translation displacement, node 3, m
        125    1.538E+01                                 F               0         Blade 1 Y translation displacement, node 3, m
        126   -1.342E+01                                 F               0         Blade 1 Z translation displacement, node 3, m
        127    2.570E+01                                 F               0         Blade 1 X translation displacement, node 4, m
        128    1.879E+01                                 F               0         Blade 1 Y translation displacement, node 4, m
        129   -1.549E+01                                 F               0         Blade 1 Z translation displacement, node 4, m
        130    2.565E+01                                 F               0         Blade 1 X translation displacement, node 5, m
        131    2.221E+01                                 F               0         Blade 1 Y translation displacement, node 5, m
        132   -1.755E+01                                 F               0         Blade 1 Z translation displacement, node 5, m
        133    2.559E+01                                 F               0         Blade 1 X translation displacement, node 6, m
        134    2.562E+01                                 F               0         Blade 1 Y translation displacement, node 6, m
        135   -1.962E+01                                 F               0         Blade 1 Z translation displacement, node 6, m
        136    2.553E+01                                 F               0         Blade 1 X translation displacement, node 7, m
        137    2.904E+01                                 F               0         Blade 1 Y translation displacement, node 7, m
        138   -2.168E+01                                 F               0         Blade 1 Z translation displacement, node 7, m
        139    2.548E+01                                 F               0         Blade 1 X translation displacement, node 8, m
        140    3.245E+01                                 F               0         Blade 1 Y translation displacement, node 8, m
        141   -2.375E+01                                 F               0         Blade 1 Z translation displacement, node 8, m
        142    2.542E+01                                 F               0         Blade 1 X translation displacement, node 9, m
        143    3.587E+01                                 F               0         Blade 1 Y translation displacement, node 9, m
        144   -2.582E+01                                 F               0         Blade 1 Z translation displacement, node 9, m
        145    2.536E+01                                 F               0         Blade 1 X translation displacement, node 10, m
        146    3.929E+01                                 F               0         Blade 1 Y translation displacement, node 10, m
        147   -2.788E+01                                 F               0         Blade 1 Z translation displacement, node 10, m
        148    2.530E+01                                 F               0         Blade 1 X translation displacement, node 11, m
        149    4.270E+01                                 F               0         Blade 1 Y translation displacement, node 11, m
        150   -2.995E+01                                 F               0         Blade 1 Z translation displacement, node 11, m
        151    2.525E+01                                 F               0         Blade 1 X translation displacement, node 12, m
        152    4.612E+01                                 F               0         Blade 1 Y translation displacement, node 12, m
        153   -3.201E+01                                 F               0         Blade 1 Z translation displacement, node 12, m
        154    2.519E+01                                 F               0         Blade 1 X translation displacement, node 13, m
        155    4.953E+01                                 F               0         Blade 1 Y translation displacement, node 13, m
        156   -3.408E+01                                 F               0         Blade 1 Z translation displacement, node 13, m
        157    2.513E+01                                 F               0         Blade 1 X translation displacement, node 14, m
        158    5.295E+01                                 F               0         Blade 1 Y translation displacement, node 14, m
        159   -3.614E+01                                 F               0         Blade 1 Z translation displacement, node 14, m
        160    2.507E+01                                 F               0         Blade 1 X translation displacement, node 15, m
        161    5.636E+01                                 F               0         Blade 1 Y translation displacement, node 15, m
        162   -3.821E+01                                 F               0         Blade 1 Z translation displacement, node 15, m
        163    2.502E+01                                 F               0         Blade 1 X translation displacement, node 16, m
        164    5.978E+01                                 F               0         Blade 1 Y translation displacement, node 16, m
        165   -4.027E+01                                 F               0         Blade 1 Z translation displacement, node 16, m
        166    2.496E+01                                 F               0         Blade 1 X translation displacement, node 17, m
        167    6.320E+01                                 F               0         Blade 1 Y translation displacement, node 17, m
        168   -4.234E+01                                 F               0         Blade 1 Z translation displacement, node 17, m
        169    2.490E+01                                 F               0         Blade 1 X translation displacement, node 18, m
        170    6.661E+01                                 F               0         Blade 1 Y translation displacement, node 18, m
        171   -4.441E+01                                 F               0         Blade 1 Z translation displacement, node 18, m
        172    2.485E+01                                 F               0         Blade 1 X translation displacement, node 19, m
        173    7.003E+01                                 F               0         Blade 1 Y translation displacement, node 19, m
        174   -4.647E+01                                 F               0         Blade 1 Z translation displacement, node 19, m
        175    2.479E+01                                 F               0         Blade 1 X translation displacement, node 20, m
        176    7.344E+01                                 F               0         Blade 1 Y translation displacement, node 20, m
        177   -4.854E+01                                 F               0         Blade 1 Z translation displacement, node 20, m
        178    2.473E+01                                 F               0         Blade 1 X translation displacement, node 21, m
        179    7.686E+01                                 F               0         Blade 1 Y translation displacement, node 21, m
        180   -5.060E+01                                 F               0         Blade 1 Z translation displacement, node 21, m
        181    2.467E+01                                 F               0         Blade 1 X translation displacement, node 22, m
        182    8.027E+01                                 F               0         Blade 1 Y translation displacement, node 22, m
        183   -5.267E+01                                 F               0         Blade 1 Z translation displacement, node 22, m
        184    2.462E+01                                 F               0         Blade 1 X translation displacement, node 23, m
        185    8.369E+01                                 F               0         Blade 1 Y translation displacement, node 23, m
        186   -5.473E+01                                 F               0         Blade 1 Z translation displacement, node 23, m
        187    2.456E+01                                 F               0         Blade 1 X translation displacement, node 24, m
        188    8.710E+01                                 F               0         Blade 1 Y translation displacement, node 24, m
        189   -5.680E+01                                 F               0         Blade 1 Z translation displacement, node 24, m
        190    2.450E+01                                 F               0         Blade 1 X translation displacement, node 25, m
        191    9.052E+01                                 F               0         Blade 1 Y translation displacement, node 25, m
        192   -5.886E+01                                 F               0         Blade 1 Z translation displacement, node 25, m
        193    2.444E+01                                 F               0         Blade 1 X translation displacement, node 26, m
        194    9.394E+01                                 F               0         Blade 1 Y translation displacement, node 26, m
        195   -6.093E+01                                 F               0         Blade 1 Z translation displacement, node 26, m
        196    2.439E+01                                 F               0         Blade 1 X translation displacement, node 27, m
        197    9.735E+01                                 F               0         Blade 1 Y translation displacement, node 27, m
        198   -6.300E+01                                 F               0         Blade 1 Z translation displacement, node 27, m
        199    2.434E+01                                 F               0         Blade 1 X translation displacement, node 28, m
        200    1.002E+02                                 F               0         Blade 1 Y translation displacement, node 28, m
        201   -6.475E+01                                 F               0         Blade 1 Z translation displacement, node 28, m
        202    9.508E-01, -2.136E-01,  2.245E-01         F               0         Blade 1 X orientation angle, node 1, rad
        203    2.966E-01,  4.177E-01, -8.588E-01         F               0         Blade 1 Y orientation angle, node 1, rad
        204    8.973E-02,  8.831E-01,  4.605E-01         F               0         Blade 1 Z orientation angle, node 1, rad
        205    9.508E-01, -2.136E-01,  2.245E-01         F               0         Blade 1 X orientation angle, node 2, rad
        206    2.966E-01,  4.177E-01, -8.588E-01         F               0         Blade 1 Y orientation angle, node 2, rad
        207    8.973E-02,  8.831E-01,  4.605E-01         F               0         Blade 1 Z orientation angle, node 2, rad
        208    9.940E-01, -1.086E-01,  1.452E-02         F               0         Blade 1 X orientation angle, node 3, rad
        209    6.281E-02,  4.564E-01, -8.876E-01         F               0         Blade 1 Y orientation angle, node 3, rad
        210    8.973E-02,  8.831E-01,  4.605E-01         F               0         Blade 1 Z orientation angle, node 3, rad
        211    9.957E-01, -8.919E-02, -2.297E-02         F               0         Blade 1 X orientation angle, node 4, rad
        212    2.078E-02,  4.606E-01, -8.874E-01         F               0         Blade 1 Y orientation angle, node 4, rad
        213    8.973E-02,  8.831E-01,  4.605E-01         F               0         Blade 1 Z orientation angle, node 4, rad
        214    9.959E-01, -7.387E-02, -5.238E-02         F               0         Blade 1 X orientation angle, node 5, rad
        215   -1.224E-02,  4.633E-01, -8.861E-01         F               0         Blade 1 Y orientation angle, node 5, rad
        216    8.973E-02,  8.831E-01,  4.605E-01         F               0         Blade 1 Z orientation angle, node 5, rad
        217    9.952E-01, -6.156E-02, -7.587E-02         F               0         Blade 1 X orientation angle, node 6, rad
        218   -3.865E-02,  4.651E-01, -8.844E-01         F               0         Blade 1 Y orientation angle, node 6, rad
        219    8.973E-02,  8.831E-01,  4.605E-01         F               0         Blade 1 Z orientation angle, node 6, rad
        220    9.941E-01, -5.140E-02, -9.514E-02         F               0         Blade 1 X orientation angle, node 7, rad
        221   -6.036E-02,  4.663E-01, -8.826E-01         F               0         Blade 1 Y orientation angle, node 7, rad
        222    8.973E-02,  8.831E-01,  4.605E-01         F               0         Blade 1 Z orientation angle, node 7, rad
        223    9.929E-01, -4.292E-02, -1.111E-01         F               0         Blade 1 X orientation angle, node 8, rad
        224   -7.839E-02,  4.672E-01, -8.807E-01         F               0         Blade 1 Y orientation angle, node 8, rad
        225    8.973E-02,  8.831E-01,  4.605E-01         F               0         Blade 1 Z orientation angle, node 8, rad
        226    9.916E-01, -3.574E-02, -1.247E-01         F               0         Blade 1 X orientation angle, node 9, rad
        227   -9.363E-02,  4.678E-01, -8.789E-01         F               0         Blade 1 Y orientation angle, node 9, rad
        228    8.973E-02,  8.831E-01,  4.605E-01         F               0         Blade 1 Z orientation angle, node 9, rad
        229    9.902E-01, -2.954E-02, -1.363E-01         F               0         Blade 1 X orientation angle, node 10, rad
        230   -1.068E-01,  4.682E-01, -8.771E-01         F               0         Blade 1 Y orientation angle, node 10, rad
        231    8.973E-02,  8.831E-01,  4.605E-01         F               0         Blade 1 Z orientation angle, node 10, rad
        232    9.890E-01, -2.422E-02, -1.462E-01         F               0         Blade 1 X orientation angle, node 11, rad
        233   -1.180E-01,  4.685E-01, -8.755E-01         F               0         Blade 1 Y orientation angle, node 11, rad
        234    8.973E-02,  8.831E-01,  4.605E-01         F               0         Blade 1 Z orientation angle, node 11, rad
        235    9.877E-01, -1.956E-02, -1.549E-01         F               0         Blade 1 X orientation angle, node 12, rad
        236   -1.278E-01,  4.687E-01, -8.740E-01         F               0         Blade 1 Y orientation angle, node 12, rad
        237    8.973E-02,  8.831E-01,  4.605E-01         F               0         Blade 1 Z orientation angle, node 12, rad
        238    9.866E-01, -1.547E-02, -1.626E-01         F               0         Blade 1 X orientation angle, node 13, rad
        239   -1.364E-01,  4.689E-01, -8.727E-01         F               0         Blade 1 Y orientation angle, node 13, rad
        240    8.973E-02,  8.831E-01,  4.605E-01         F               0         Blade 1 Z orientation angle, node 13, rad
        241    9.855E-01, -1.179E-02, -1.694E-01         F               0         Blade 1 X orientation angle, node 14, rad
        242   -1.442E-01,  4.690E-01, -8.714E-01         F               0         Blade 1 Y orientation angle, node 14, rad
        243    8.973E-02,  8.831E-01,  4.605E-01         F               0         Blade 1 Z orientation angle, node 14, rad
        244    9.844E-01, -8.513E-03, -1.755E-01         F               0         Blade 1 X orientation angle, node 15, rad
        245   -1.511E-01,  4.691E-01, -8.702E-01         F               0         Blade 1 Y orientation angle, node 15, rad
        246    8.973E-02,  8.831E-01,  4.605E-01         F               0         Blade 1 Z orientation angle, node 15, rad
        247    9.835E-01, -5.566E-03, -1.810E-01         F               0         Blade 1 X orientation angle, node 16, rad
        248   -1.573E-01,  4.691E-01, -8.690E-01         F               0         Blade 1 Y orientation angle, node 16, rad
        249    8.973E-02,  8.831E-01,  4.605E-01         F               0         Blade 1 Z orientation angle, node 16, rad
        250    9.826E-01, -2.946E-03, -1.858E-01         F               0         Blade 1 X orientation angle, node 17, rad
        251   -1.627E-01,  4.691E-01, -8.680E-01         F               0         Blade 1 Y orientation angle, node 17, rad
        252    8.973E-02,  8.831E-01,  4.605E-01         F               0         Blade 1 Z orientation angle, node 17, rad
        253    9.817E-01, -4.898E-04, -1.904E-01         F               0         Blade 1 X orientation angle, node 18, rad
        254   -1.679E-01,  4.691E-01, -8.670E-01         F               0         Blade 1 Y orientation angle, node 18, rad
        255    8.973E-02,  8.831E-01,  4.605E-01         F               0         Blade 1 Z orientation angle, node 18, rad
        256    9.809E-01,  1.721E-03, -1.944E-01         F               0         Blade 1 X orientation angle, node 19, rad
        257   -1.725E-01,  4.691E-01, -8.661E-01         F               0         Blade 1 Y orientation angle, node 19, rad
        258    8.973E-02,  8.831E-01,  4.605E-01         F               0         Blade 1 Z orientation angle, node 19, rad
        259    9.802E-01,  3.686E-03, -1.981E-01         F               0         Blade 1 X orientation angle, node 20, rad
        260   -1.766E-01,  4.691E-01, -8.653E-01         F               0         Blade 1 Y orientation angle, node 20, rad
        261    8.973E-02,  8.831E-01,  4.605E-01         F               0         Blade 1 Z orientation angle, node 20, rad
        262    9.795E-01,  5.569E-03, -2.015E-01         F               0         Blade 1 X orientation angle, node 21, rad
        263   -1.805E-01,  4.691E-01, -8.645E-01         F               0         Blade 1 Y orientation angle, node 21, rad
        264    8.973E-02,  8.831E-01,  4.605E-01         F               0         Blade 1 Z orientation angle, node 21, rad
        265    9.788E-01,  7.288E-03, -2.047E-01         F               0         Blade 1 X orientation angle, node 22, rad
        266   -1.841E-01,  4.691E-01, -8.638E-01         F               0         Blade 1 Y orientation angle, node 22, rad
        267    8.973E-02,  8.831E-01,  4.605E-01         F               0         Blade 1 Z orientation angle, node 22, rad
        268    9.782E-01,  8.844E-03, -2.076E-01         F               0         Blade 1 X orientation angle, node 23, rad
        269   -1.874E-01,  4.690E-01, -8.631E-01         F               0         Blade 1 Y orientation angle, node 23, rad
        270    8.973E-02,  8.831E-01,  4.605E-01         F               0         Blade 1 Z orientation angle, node 23, rad
        271    9.776E-01,  1.032E-02, -2.103E-01         F               0         Blade 1 X orientation angle, node 24, rad
        272   -1.905E-01,  4.690E-01, -8.624E-01         F               0         Blade 1 Y orientation angle, node 24, rad
        273    8.973E-02,  8.831E-01,  4.605E-01         F               0         Blade 1 Z orientation angle, node 24, rad
        274    9.770E-01,  1.171E-02, -2.128E-01         F               0         Blade 1 X orientation angle, node 25, rad
        275   -1.934E-01,  4.690E-01, -8.618E-01         F               0         Blade 1 Y orientation angle, node 25, rad
        276    8.973E-02,  8.831E-01,  4.605E-01         F               0         Blade 1 Z orientation angle, node 25, rad
        277    9.765E-01,  1.294E-02, -2.151E-01         F               0         Blade 1 X orientation angle, node 26, rad
        278   -1.959E-01,  4.690E-01, -8.612E-01         F               0         Blade 1 Y orientation angle, node 26, rad
        279    8.973E-02,  8.831E-01,  4.605E-01         F               0         Blade 1 Z orientation angle, node 26, rad
        280    9.760E-01,  1.416E-02, -2.173E-01         F               0         Blade 1 X orientation angle, node 27, rad
        281   -1.985E-01,  4.689E-01, -8.607E-01         F               0         Blade 1 Y orientation angle, node 27, rad
        282    8.973E-02,  8.831E-01,  4.605E-01         F               0         Blade 1 Z orientation angle, node 27, rad
        283    9.757E-01,  1.482E-02, -2.185E-01         F               0         Blade 1 X orientation angle, node 28, rad
        284   -1.998E-01,  4.689E-01, -8.604E-01         F               0         Blade 1 Y orientation angle, node 28, rad
        285    8.973E-02,  8.831E-01,  4.605E-01         F               0         Blade 1 Z orientation angle, node 28, rad
        286    9.677E-01                                 F               0         Blade 1 X translation velocity, node 1, m/s
        287   -2.253E+00                                 F               0         Blade 1 Y translation velocity, node 1, m/s
        288    4.193E+00                                 F               0         Blade 1 Z translation velocity, node 1, m/s
        289    1.201E+00                                 F               0         Blade 1 X translation velocity, node 2, m/s
        290   -2.804E+00                                 F               0         Blade 1 Y translation velocity, node 2, m/s
        291    5.204E+00                                 F               0         Blade 1 Z translation velocity, node 2, m/s
        292    4.373E+00                                 F               0         Blade 1 X translation velocity, node 3, m/s
        293   -1.029E+01                                 F               0         Blade 1 Y translation velocity, node 3, m/s
        294    1.894E+01                                 F               0         Blade 1 Z translation velocity, node 3, m/s
        295    5.049E+00                                 F               0         Blade 1 X translation velocity, node 4, m/s
        296   -1.189E+01                                 F               0         Blade 1 Y translation velocity, node 4, m/s
        297    2.187E+01                                 F               0         Blade 1 Z translation velocity, node 4, m/s
        298    5.725E+00                                 F               0         Blade 1 X translation velocity, node 5, m/s
        299   -1.348E+01                                 F               0         Blade 1 Y translation velocity, node 5, m/s
        300    2.480E+01                                 F               0         Blade 1 Z translation velocity, node 5, m/s
        301    6.401E+00                                 F               0         Blade 1 X translation velocity, node 6, m/s
        302   -1.508E+01                                 F               0         Blade 1 Y translation velocity, node 6, m/s
        303    2.773E+01                                 F               0         Blade 1 Z translation velocity, node 6, m/s
        304    7.076E+00                                 F               0         Blade 1 X translation velocity, node 7, m/s
        305   -1.667E+01                                 F               0         Blade 1 Y translation velocity, node 7, m/s
        306    3.066E+01                                 F               0         Blade 1 Z translation velocity, node 7, m/s
        307    7.752E+00                                 F               0         Blade 1 X translation velocity, node 8, m/s
