
Linearized model: Predictions were generated on 30-Jan-2024 at 18:20:32 using OpenFAST, compiled as a 64-bit application using single precision at commit v3.5.1
 linked with  NWTC Subroutine Library; ElastoDyn; InflowWind; AeroDyn; ServoDyn; HydroDyn; MAP++ (<1.20.10>, <Oct-20-2023>)

Description from the FAST input file: CCT-9 Campign 4 model. Input files to be run with OpenFAST 3.5.0. GitHub branch from Lu Wang (https://github.com/luwang00/openfast/tree/dev) compiled on March 7, 2023.

Simulation information:
   Simulation time:                   504.9500 s
   Rotor Speed:                         0.8795 rad/s
   Azimuth:                             3.2302 rad
   Wind Speed:                         10.0000 m/s
   Number of continuous states:         0
   Number of discrete states:           0
   Number of constraint states:         0
   Number of inputs:                 1746
   Number of outputs:                   4
   Jacobians included in this file?    No

Order of inputs:
     Column   Operating Point                     Rotating Frame? Derivative Order Description
   ---------- ---------------                     --------------- ---------------- -----------
          1    1.098E+01                                 F               0         Tower X translation displacement, node 1, m
          2   -1.118E+00                                 F               0         Tower Y translation displacement, node 1, m
          3   -3.010E-01                                 F               0         Tower Z translation displacement, node 1, m
          4    1.239E+01                                 F               0         Tower X translation displacement, node 2, m
          5   -1.633E+00                                 F               0         Tower Y translation displacement, node 2, m
          6   -3.935E-01                                 F               0         Tower Z translation displacement, node 2, m
          7    1.381E+01                                 F               0         Tower X translation displacement, node 3, m
          8   -2.148E+00                                 F               0         Tower Y translation displacement, node 3, m
          9   -4.860E-01                                 F               0         Tower Z translation displacement, node 3, m
         10    1.523E+01                                 F               0         Tower X translation displacement, node 4, m
         11   -2.662E+00                                 F               0         Tower Y translation displacement, node 4, m
         12   -5.785E-01                                 F               0         Tower Z translation displacement, node 4, m
         13    1.665E+01                                 F               0         Tower X translation displacement, node 5, m
         14   -3.177E+00                                 F               0         Tower Y translation displacement, node 5, m
         15   -6.710E-01                                 F               0         Tower Z translation displacement, node 5, m
         16    1.807E+01                                 F               0         Tower X translation displacement, node 6, m
         17   -3.691E+00                                 F               0         Tower Y translation displacement, node 6, m
         18   -7.634E-01                                 F               0         Tower Z translation displacement, node 6, m
         19    1.949E+01                                 F               0         Tower X translation displacement, node 7, m
         20   -4.206E+00                                 F               0         Tower Y translation displacement, node 7, m
         21   -8.559E-01                                 F               0         Tower Z translation displacement, node 7, m
         22    2.090E+01                                 F               0         Tower X translation displacement, node 8, m
         23   -4.720E+00                                 F               0         Tower Y translation displacement, node 8, m
         24   -9.484E-01                                 F               0         Tower Z translation displacement, node 8, m
         25    2.232E+01                                 F               0         Tower X translation displacement, node 9, m
         26   -5.235E+00                                 F               0         Tower Y translation displacement, node 9, m
         27   -1.041E+00                                 F               0         Tower Z translation displacement, node 9, m
         28    2.374E+01                                 F               0         Tower X translation displacement, node 10, m
         29   -5.749E+00                                 F               0         Tower Y translation displacement, node 10, m
         30   -1.133E+00                                 F               0         Tower Z translation displacement, node 10, m
         31    2.516E+01                                 F               0         Tower X translation displacement, node 11, m
         32   -6.264E+00                                 F               0         Tower Y translation displacement, node 11, m
         33   -1.226E+00                                 F               0         Tower Z translation displacement, node 11, m
         34    9.934E-01,  9.818E-03, -1.145E-01         F               0         Tower X orientation angle, node 1, rad
         35   -4.977E-03,  9.991E-01,  4.250E-02         F               0         Tower Y orientation angle, node 1, rad
         36    1.148E-01, -4.165E-02,  9.925E-01         F               0         Tower Z orientation angle, node 1, rad
         37    9.934E-01,  9.818E-03, -1.145E-01         F               0         Tower X orientation angle, node 2, rad
         38   -4.977E-03,  9.991E-01,  4.250E-02         F               0         Tower Y orientation angle, node 2, rad
         39    1.148E-01, -4.165E-02,  9.925E-01         F               0         Tower Z orientation angle, node 2, rad
         40    9.934E-01,  9.818E-03, -1.145E-01         F               0         Tower X orientation angle, node 3, rad
         41   -4.977E-03,  9.991E-01,  4.250E-02         F               0         Tower Y orientation angle, node 3, rad
         42    1.148E-01, -4.165E-02,  9.925E-01         F               0         Tower Z orientation angle, node 3, rad
         43    9.934E-01,  9.818E-03, -1.145E-01         F               0         Tower X orientation angle, node 4, rad
         44   -4.977E-03,  9.991E-01,  4.250E-02         F               0         Tower Y orientation angle, node 4, rad
         45    1.148E-01, -4.165E-02,  9.925E-01         F               0         Tower Z orientation angle, node 4, rad
         46    9.934E-01,  9.818E-03, -1.145E-01         F               0         Tower X orientation angle, node 5, rad
         47   -4.977E-03,  9.991E-01,  4.250E-02         F               0         Tower Y orientation angle, node 5, rad
         48    1.148E-01, -4.165E-02,  9.925E-01         F               0         Tower Z orientation angle, node 5, rad
         49    9.934E-01,  9.818E-03, -1.145E-01         F               0         Tower X orientation angle, node 6, rad
         50   -4.977E-03,  9.991E-01,  4.250E-02         F               0         Tower Y orientation angle, node 6, rad
         51    1.148E-01, -4.165E-02,  9.925E-01         F               0         Tower Z orientation angle, node 6, rad
         52    9.934E-01,  9.818E-03, -1.145E-01         F               0         Tower X orientation angle, node 7, rad
         53   -4.977E-03,  9.991E-01,  4.250E-02         F               0         Tower Y orientation angle, node 7, rad
         54    1.148E-01, -4.165E-02,  9.925E-01         F               0         Tower Z orientation angle, node 7, rad
         55    9.934E-01,  9.818E-03, -1.145E-01         F               0         Tower X orientation angle, node 8, rad
         56   -4.977E-03,  9.991E-01,  4.250E-02         F               0         Tower Y orientation angle, node 8, rad
         57    1.148E-01, -4.165E-02,  9.925E-01         F               0         Tower Z orientation angle, node 8, rad
         58    9.934E-01,  9.818E-03, -1.145E-01         F               0         Tower X orientation angle, node 9, rad
         59   -4.977E-03,  9.991E-01,  4.250E-02         F               0         Tower Y orientation angle, node 9, rad
         60    1.148E-01, -4.165E-02,  9.925E-01         F               0         Tower Z orientation angle, node 9, rad
         61    9.934E-01,  9.818E-03, -1.145E-01         F               0         Tower X orientation angle, node 10, rad
         62   -4.977E-03,  9.991E-01,  4.250E-02         F               0         Tower Y orientation angle, node 10, rad
         63    1.148E-01, -4.165E-02,  9.925E-01         F               0         Tower Z orientation angle, node 10, rad
         64    9.934E-01,  9.818E-03, -1.145E-01         F               0         Tower X orientation angle, node 11, rad
         65   -4.977E-03,  9.991E-01,  4.250E-02         F               0         Tower Y orientation angle, node 11, rad
         66    1.148E-01, -4.165E-02,  9.925E-01         F               0         Tower Z orientation angle, node 11, rad
         67   -3.621E-03                                 F               0         Tower X translation velocity, node 1, m/s
         68   -3.302E-03                                 F               0         Tower Y translation velocity, node 1, m/s
         69    4.195E-03                                 F               0         Tower Z translation velocity, node 1, m/s
         70   -3.313E-03                                 F               0         Tower X translation velocity, node 2, m/s
         71   -5.900E-03                                 F               0         Tower Y translation velocity, node 2, m/s
         72    4.050E-03                                 F               0         Tower Z translation velocity, node 2, m/s
         73   -3.004E-03                                 F               0         Tower X translation velocity, node 3, m/s
         74   -8.497E-03                                 F               0         Tower Y translation velocity, node 3, m/s
         75    3.905E-03                                 F               0         Tower Z translation velocity, node 3, m/s
         76   -2.696E-03                                 F               0         Tower X translation velocity, node 4, m/s
         77   -1.109E-02                                 F               0         Tower Y translation velocity, node 4, m/s
         78    3.761E-03                                 F               0         Tower Z translation velocity, node 4, m/s
         79   -2.387E-03                                 F               0         Tower X translation velocity, node 5, m/s
         80   -1.369E-02                                 F               0         Tower Y translation velocity, node 5, m/s
         81    3.616E-03                                 F               0         Tower Z translation velocity, node 5, m/s
         82   -2.079E-03                                 F               0         Tower X translation velocity, node 6, m/s
         83   -1.629E-02                                 F               0         Tower Y translation velocity, node 6, m/s
         84    3.471E-03                                 F               0         Tower Z translation velocity, node 6, m/s
         85   -1.770E-03                                 F               0         Tower X translation velocity, node 7, m/s
         86   -1.889E-02                                 F               0         Tower Y translation velocity, node 7, m/s
         87    3.327E-03                                 F               0         Tower Z translation velocity, node 7, m/s
         88   -1.462E-03                                 F               0         Tower X translation velocity, node 8, m/s
         89   -2.148E-02                                 F               0         Tower Y translation velocity, node 8, m/s
         90    3.182E-03                                 F               0         Tower Z translation velocity, node 8, m/s
         91   -1.154E-03                                 F               0         Tower X translation velocity, node 9, m/s
         92   -2.408E-02                                 F               0         Tower Y translation velocity, node 9, m/s
         93    3.037E-03                                 F               0         Tower Z translation velocity, node 9, m/s
         94   -8.451E-04                                 F               0         Tower X translation velocity, node 10, m/s
         95   -2.668E-02                                 F               0         Tower Y translation velocity, node 10, m/s
         96    2.893E-03                                 F               0         Tower Z translation velocity, node 10, m/s
         97   -5.366E-04                                 F               0         Tower X translation velocity, node 11, m/s
         98   -2.928E-02                                 F               0         Tower Y translation velocity, node 11, m/s
         99    2.748E-03                                 F               0         Tower Z translation velocity, node 11, m/s
        100    2.613E+01                                 F               0         Hub X translation displacement, node 1, m
        101   -6.697E+00                                 F               0         Hub Y translation displacement, node 1, m
        102   -4.802E-02                                 F               0         Hub Z translation displacement, node 1, m
        103    9.759E-01,  1.412E-02, -2.176E-01         F               0         Hub X orientation angle, node 1, rad
        104   -1.433E-02, -9.916E-01, -1.286E-01         F               0         Hub Y orientation angle, node 1, rad
        105   -2.176E-01,  1.286E-01, -9.675E-01         F               0         Hub Z orientation angle, node 1, rad
        106    8.585E-01                                 F               0         Hub X rotation velocity, node 1, rad/s
        107    1.244E-02                                 F               0         Hub Y rotation velocity, node 1, rad/s
        108   -1.914E-01                                 F               0         Hub Z rotation velocity, node 1, rad/s
        109    9.759E-01,  4.353E-02, -2.137E-01         F               0         Blade root 1 X orientation angle, node 1, rad
        110    1.462E-02, -9.907E-01, -1.350E-01         F               0         Blade root 1 Y orientation angle, node 1, rad
        111   -2.176E-01,  1.286E-01, -9.675E-01         F               0         Blade root 1 Z orientation angle, node 1, rad
        112    9.809E-01, -3.902E-03, -1.946E-01         F               0         Blade root 2 X orientation angle, node 1, rad
        113   -1.522E-01,  6.074E-01, -7.797E-01         F               0         Blade root 2 Y orientation angle, node 1, rad
        114    1.212E-01,  7.944E-01,  5.951E-01         F               0         Blade root 2 Z orientation angle, node 1, rad
        115    9.697E-01,  2.708E-03, -2.443E-01         F               0         Blade root 3 X orientation angle, node 1, rad
        116    2.245E-01,  3.846E-01,  8.954E-01         F               0         Blade root 3 Y orientation angle, node 1, rad
        117    9.639E-02, -9.231E-01,  3.724E-01         F               0         Blade root 3 Z orientation angle, node 1, rad
        118    2.435E+01                                 F               0         Blade 1 X translation displacement, node 1, m
        119   -5.984E+00                                 F               0         Blade 1 Y translation displacement, node 1, m
        120   -1.092E+01                                 F               0         Blade 1 Z translation displacement, node 1, m
        121    2.392E+01                                 F               0         Blade 1 X translation displacement, node 2, m
        122   -5.813E+00                                 F               0         Blade 1 Y translation displacement, node 2, m
        123   -1.354E+01                                 F               0         Blade 1 Z translation displacement, node 2, m
        124    1.807E+01                                 F               0         Blade 1 X translation displacement, node 3, m
        125   -3.478E+00                                 F               0         Blade 1 Y translation displacement, node 3, m
        126   -4.915E+01                                 F               0         Blade 1 Z translation displacement, node 3, m
        127    1.682E+01                                 F               0         Blade 1 X translation displacement, node 4, m
        128   -2.980E+00                                 F               0         Blade 1 Y translation displacement, node 4, m
        129   -5.674E+01                                 F               0         Blade 1 Z translation displacement, node 4, m
        130    1.558E+01                                 F               0         Blade 1 X translation displacement, node 5, m
        131   -2.482E+00                                 F               0         Blade 1 Y translation displacement, node 5, m
        132   -6.433E+01                                 F               0         Blade 1 Z translation displacement, node 5, m
        133    1.433E+01                                 F               0         Blade 1 X translation displacement, node 6, m
        134   -1.985E+00                                 F               0         Blade 1 Y translation displacement, node 6, m
        135   -7.192E+01                                 F               0         Blade 1 Z translation displacement, node 6, m
        136    1.309E+01                                 F               0         Blade 1 X translation displacement, node 7, m
        137   -1.487E+00                                 F               0         Blade 1 Y translation displacement, node 7, m
        138   -7.951E+01                                 F               0         Blade 1 Z translation displacement, node 7, m
        139    1.184E+01                                 F               0         Blade 1 X translation displacement, node 8, m
        140   -9.898E-01                                 F               0         Blade 1 Y translation displacement, node 8, m
        141   -8.710E+01                                 F               0         Blade 1 Z translation displacement, node 8, m
        142    1.059E+01                                 F               0         Blade 1 X translation displacement, node 9, m
        143   -4.923E-01                                 F               0         Blade 1 Y translation displacement, node 9, m
        144   -9.468E+01                                 F               0         Blade 1 Z translation displacement, node 9, m
        145    9.349E+00                                 F               0         Blade 1 X translation displacement, node 10, m
        146    5.232E-03                                 F               0         Blade 1 Y translation displacement, node 10, m
        147   -1.023E+02                                 F               0         Blade 1 Z translation displacement, node 10, m
        148    8.103E+00                                 F               0         Blade 1 X translation displacement, node 11, m
        149    5.027E-01                                 F               0         Blade 1 Y translation displacement, node 11, m
        150   -1.099E+02                                 F               0         Blade 1 Z translation displacement, node 11, m
        151    6.857E+00                                 F               0         Blade 1 X translation displacement, node 12, m
        152    1.000E+00                                 F               0         Blade 1 Y translation displacement, node 12, m
        153   -1.175E+02                                 F               0         Blade 1 Z translation displacement, node 12, m
        154    5.611E+00                                 F               0         Blade 1 X translation displacement, node 13, m
        155    1.498E+00                                 F               0         Blade 1 Y translation displacement, node 13, m
        156   -1.250E+02                                 F               0         Blade 1 Z translation displacement, node 13, m
        157    4.365E+00                                 F               0         Blade 1 X translation displacement, node 14, m
        158    1.995E+00                                 F               0         Blade 1 Y translation displacement, node 14, m
        159   -1.326E+02                                 F               0         Blade 1 Z translation displacement, node 14, m
        160    3.119E+00                                 F               0         Blade 1 X translation displacement, node 15, m
        161    2.493E+00                                 F               0         Blade 1 Y translation displacement, node 15, m
        162   -1.402E+02                                 F               0         Blade 1 Z translation displacement, node 15, m
        163    1.874E+00                                 F               0         Blade 1 X translation displacement, node 16, m
        164    2.990E+00                                 F               0         Blade 1 Y translation displacement, node 16, m
        165   -1.478E+02                                 F               0         Blade 1 Z translation displacement, node 16, m
        166    6.278E-01                                 F               0         Blade 1 X translation displacement, node 17, m
        167    3.488E+00                                 F               0         Blade 1 Y translation displacement, node 17, m
        168   -1.554E+02                                 F               0         Blade 1 Z translation displacement, node 17, m
        169   -6.180E-01                                 F               0         Blade 1 X translation displacement, node 18, m
        170    3.985E+00                                 F               0         Blade 1 Y translation displacement, node 18, m
        171   -1.630E+02                                 F               0         Blade 1 Z translation displacement, node 18, m
        172   -1.864E+00                                 F               0         Blade 1 X translation displacement, node 19, m
        173    4.483E+00                                 F               0         Blade 1 Y translation displacement, node 19, m
        174   -1.706E+02                                 F               0         Blade 1 Z translation displacement, node 19, m
        175   -3.110E+00                                 F               0         Blade 1 X translation displacement, node 20, m
        176    4.981E+00                                 F               0         Blade 1 Y translation displacement, node 20, m
        177   -1.782E+02                                 F               0         Blade 1 Z translation displacement, node 20, m
        178   -4.356E+00                                 F               0         Blade 1 X translation displacement, node 21, m
        179    5.478E+00                                 F               0         Blade 1 Y translation displacement, node 21, m
        180   -1.857E+02                                 F               0         Blade 1 Z translation displacement, node 21, m
        181   -5.602E+00                                 F               0         Blade 1 X translation displacement, node 22, m
        182    5.976E+00                                 F               0         Blade 1 Y translation displacement, node 22, m
        183   -1.933E+02                                 F               0         Blade 1 Z translation displacement, node 22, m
        184   -6.848E+00                                 F               0         Blade 1 X translation displacement, node 23, m
        185    6.473E+00                                 F               0         Blade 1 Y translation displacement, node 23, m
        186   -2.009E+02                                 F               0         Blade 1 Z translation displacement, node 23, m
        187   -8.093E+00                                 F               0         Blade 1 X translation displacement, node 24, m
        188    6.971E+00                                 F               0         Blade 1 Y translation displacement, node 24, m
        189   -2.085E+02                                 F               0         Blade 1 Z translation displacement, node 24, m
        190   -9.339E+00                                 F               0         Blade 1 X translation displacement, node 25, m
        191    7.468E+00                                 F               0         Blade 1 Y translation displacement, node 25, m
        192   -2.161E+02                                 F               0         Blade 1 Z translation displacement, node 25, m
        193   -1.059E+01                                 F               0         Blade 1 X translation displacement, node 26, m
        194    7.966E+00                                 F               0         Blade 1 Y translation displacement, node 26, m
        195   -2.237E+02                                 F               0         Blade 1 Z translation displacement, node 26, m
        196   -1.183E+01                                 F               0         Blade 1 X translation displacement, node 27, m
        197    8.463E+00                                 F               0         Blade 1 Y translation displacement, node 27, m
        198   -2.313E+02                                 F               0         Blade 1 Z translation displacement, node 27, m
        199   -1.289E+01                                 F               0         Blade 1 X translation displacement, node 28, m
        200    8.885E+00                                 F               0         Blade 1 Y translation displacement, node 28, m
        201   -2.377E+02                                 F               0         Blade 1 Z translation displacement, node 28, m
        202    8.619E-01,  4.905E-01, -1.286E-01         F               0         Blade 1 X orientation angle, node 1, rad
        203    4.581E-01, -8.619E-01, -2.176E-01         F               0         Blade 1 Y orientation angle, node 1, rad
        204   -2.176E-01,  1.286E-01, -9.675E-01         F               0         Blade 1 Z orientation angle, node 1, rad
        205    8.619E-01,  4.905E-01, -1.286E-01         F               0         Blade 1 X orientation angle, node 2, rad
        206    4.581E-01, -8.619E-01, -2.176E-01         F               0         Blade 1 Y orientation angle, node 2, rad
        207   -2.176E-01,  1.286E-01, -9.675E-01         F               0         Blade 1 Z orientation angle, node 2, rad
        208    9.459E-01,  2.723E-01, -1.765E-01         F               0         Blade 1 X orientation angle, node 3, rad
        209    2.407E-01, -9.536E-01, -1.809E-01         F               0         Blade 1 Y orientation angle, node 3, rad
        210   -2.176E-01,  1.286E-01, -9.675E-01         F               0         Blade 1 Z orientation angle, node 3, rad
        211    9.552E-01,  2.318E-01, -1.840E-01         F               0         Blade 1 X orientation angle, node 4, rad
        212    2.006E-01, -9.642E-01, -1.733E-01         F               0         Blade 1 Y orientation angle, node 4, rad
        213   -2.176E-01,  1.286E-01, -9.675E-01         F               0         Blade 1 Z orientation angle, node 4, rad
        214    9.613E-01,  1.997E-01, -1.897E-01         F               0         Blade 1 X orientation angle, node 5, rad
        215    1.688E-01, -9.714E-01, -1.671E-01         F               0         Blade 1 Y orientation angle, node 5, rad
        216   -2.176E-01,  1.286E-01, -9.675E-01         F               0         Blade 1 Z orientation angle, node 5, rad
        217    9.655E-01,  1.738E-01, -1.940E-01         F               0         Blade 1 X orientation angle, node 6, rad
        218    1.432E-01, -9.763E-01, -1.620E-01         F               0         Blade 1 Y orientation angle, node 6, rad
        219   -2.176E-01,  1.286E-01, -9.675E-01         F               0         Blade 1 Z orientation angle, node 6, rad
        220    9.684E-01,  1.525E-01, -1.975E-01         F               0         Blade 1 X orientation angle, node 7, rad
        221    1.221E-01, -9.799E-01, -1.578E-01         F               0         Blade 1 Y orientation angle, node 7, rad
        222   -2.176E-01,  1.286E-01, -9.675E-01         F               0         Blade 1 Z orientation angle, node 7, rad
        223    9.704E-01,  1.347E-01, -2.003E-01         F               0         Blade 1 X orientation angle, node 8, rad
        224    1.045E-01, -9.825E-01, -1.541E-01         F               0         Blade 1 Y orientation angle, node 8, rad
        225   -2.176E-01,  1.286E-01, -9.675E-01         F               0         Blade 1 Z orientation angle, node 8, rad
        226    9.719E-01,  1.196E-01, -2.027E-01         F               0         Blade 1 X orientation angle, node 9, rad
        227    8.962E-02, -9.845E-01, -1.510E-01         F               0         Blade 1 Y orientation angle, node 9, rad
        228   -2.176E-01,  1.286E-01, -9.675E-01         F               0         Blade 1 Z orientation angle, node 9, rad
        229    9.730E-01,  1.065E-01, -2.047E-01         F               0         Blade 1 X orientation angle, node 10, rad
        230    7.672E-02, -9.860E-01, -1.483E-01         F               0         Blade 1 Y orientation angle, node 10, rad
        231   -2.176E-01,  1.286E-01, -9.675E-01         F               0         Blade 1 Z orientation angle, node 10, rad
        232    9.738E-01,  9.532E-02, -2.063E-01         F               0         Blade 1 X orientation angle, node 11, rad
        233    6.568E-02, -9.871E-01, -1.460E-01         F               0         Blade 1 Y orientation angle, node 11, rad
        234   -2.176E-01,  1.286E-01, -9.675E-01         F               0         Blade 1 Z orientation angle, node 11, rad
        235    9.744E-01,  8.550E-02, -2.078E-01         F               0         Blade 1 X orientation angle, node 12, rad
        236    5.599E-02, -9.880E-01, -1.440E-01         F               0         Blade 1 Y orientation angle, node 12, rad
        237   -2.176E-01,  1.286E-01, -9.675E-01         F               0         Blade 1 Z orientation angle, node 12, rad
        238    9.749E-01,  7.687E-02, -2.090E-01         F               0         Blade 1 X orientation angle, node 13, rad
        239    4.748E-02, -9.887E-01, -1.421E-01         F               0         Blade 1 Y orientation angle, node 13, rad
        240   -2.176E-01,  1.286E-01, -9.675E-01         F               0         Blade 1 Z orientation angle, node 13, rad
        241    9.752E-01,  6.910E-02, -2.101E-01         F               0         Blade 1 X orientation angle, node 14, rad
        242    3.983E-02, -9.893E-01, -1.405E-01         F               0         Blade 1 Y orientation angle, node 14, rad
        243   -2.176E-01,  1.286E-01, -9.675E-01         F               0         Blade 1 Z orientation angle, node 14, rad
        244    9.755E-01,  6.219E-02, -2.111E-01         F               0         Blade 1 X orientation angle, node 15, rad
        245    3.302E-02, -9.897E-01, -1.390E-01         F               0         Blade 1 Y orientation angle, node 15, rad
        246   -2.176E-01,  1.286E-01, -9.675E-01         F               0         Blade 1 Z orientation angle, node 15, rad
        247    9.757E-01,  5.597E-02, -2.120E-01         F               0         Blade 1 X orientation angle, node 16, rad
        248    2.689E-02, -9.901E-01, -1.377E-01         F               0         Blade 1 Y orientation angle, node 16, rad
        249   -2.176E-01,  1.286E-01, -9.675E-01         F               0         Blade 1 Z orientation angle, node 16, rad
        250    9.758E-01,  5.044E-02, -2.128E-01         F               0         Blade 1 X orientation angle, node 17, rad
        251    2.144E-02, -9.904E-01, -1.365E-01         F               0         Blade 1 Y orientation angle, node 17, rad
        252   -2.176E-01,  1.286E-01, -9.675E-01         F               0         Blade 1 Z orientation angle, node 17, rad
        253    9.759E-01,  4.526E-02, -2.135E-01         F               0         Blade 1 X orientation angle, node 18, rad
        254    1.633E-02, -9.907E-01, -1.354E-01         F               0         Blade 1 Y orientation angle, node 18, rad
        255   -2.176E-01,  1.286E-01, -9.675E-01         F               0         Blade 1 Z orientation angle, node 18, rad
        256    9.760E-01,  4.059E-02, -2.141E-01         F               0         Blade 1 X orientation angle, node 19, rad
        257    1.173E-02, -9.909E-01, -1.344E-01         F               0         Blade 1 Y orientation angle, node 19, rad
        258   -2.176E-01,  1.286E-01, -9.675E-01         F               0         Blade 1 Z orientation angle, node 19, rad
        259    9.760E-01,  3.644E-02, -2.147E-01         F               0         Blade 1 X orientation angle, node 20, rad
        260    7.641E-03, -9.910E-01, -1.335E-01         F               0         Blade 1 Y orientation angle, node 20, rad
        261   -2.176E-01,  1.286E-01, -9.675E-01         F               0         Blade 1 Z orientation angle, node 20, rad
        262    9.760E-01,  3.246E-02, -2.152E-01         F               0         Blade 1 X orientation angle, node 21, rad
        263    3.723E-03, -9.912E-01, -1.326E-01         F               0         Blade 1 Y orientation angle, node 21, rad
        264   -2.176E-01,  1.286E-01, -9.675E-01         F               0         Blade 1 Z orientation angle, node 21, rad
        265    9.760E-01,  2.883E-02, -2.157E-01         F               0         Blade 1 X orientation angle, node 22, rad
        266    1.456E-04, -9.913E-01, -1.318E-01         F               0         Blade 1 Y orientation angle, node 22, rad
        267   -2.176E-01,  1.286E-01, -9.675E-01         F               0         Blade 1 Z orientation angle, node 22, rad
        268    9.760E-01,  2.554E-02, -2.161E-01         F               0         Blade 1 X orientation angle, node 23, rad
        269   -3.091E-03, -9.914E-01, -1.311E-01         F               0         Blade 1 Y orientation angle, node 23, rad
        270   -2.176E-01,  1.286E-01, -9.675E-01         F               0         Blade 1 Z orientation angle, node 23, rad
        271    9.760E-01,  2.242E-02, -2.165E-01         F               0         Blade 1 X orientation angle, node 24, rad
        272   -6.157E-03, -9.914E-01, -1.304E-01         F               0         Blade 1 Y orientation angle, node 24, rad
        273   -2.176E-01,  1.286E-01, -9.675E-01         F               0         Blade 1 Z orientation angle, node 24, rad
        274    9.760E-01,  1.948E-02, -2.169E-01         F               0         Blade 1 X orientation angle, node 25, rad
        275   -9.053E-03, -9.915E-01, -1.298E-01         F               0         Blade 1 Y orientation angle, node 25, rad
        276   -2.176E-01,  1.286E-01, -9.675E-01         F               0         Blade 1 Z orientation angle, node 25, rad
        277    9.760E-01,  1.689E-02, -2.173E-01         F               0         Blade 1 X orientation angle, node 26, rad
        278   -1.161E-02, -9.915E-01, -1.292E-01         F               0         Blade 1 Y orientation angle, node 26, rad
        279   -2.176E-01,  1.286E-01, -9.675E-01         F               0         Blade 1 Z orientation angle, node 26, rad
        280    9.759E-01,  1.429E-02, -2.176E-01         F               0         Blade 1 X orientation angle, node 27, rad
        281   -1.416E-02, -9.916E-01, -1.287E-01         F               0         Blade 1 Y orientation angle, node 27, rad
        282   -2.176E-01,  1.286E-01, -9.675E-01         F               0         Blade 1 Z orientation angle, node 27, rad
        283    9.759E-01,  1.291E-02, -2.178E-01         F               0         Blade 1 X orientation angle, node 28, rad
        284   -1.553E-02, -9.916E-01, -1.283E-01         F               0         Blade 1 Y orientation angle, node 28, rad
        285   -2.176E-01,  1.286E-01, -9.675E-01         F               0         Blade 1 Z orientation angle, node 28, rad
        286    6.942E-02                                 F               0         Blade 1 X translation velocity, node 1, m/s
        287    4.802E+00                                 F               0         Blade 1 Y translation velocity, node 1, m/s
        288    6.298E-01                                 F               0         Blade 1 Z translation velocity, node 1, m/s
        289    8.622E-02                                 F               0         Blade 1 X translation velocity, node 2, m/s
        290    5.966E+00                                 F               0         Blade 1 Y translation velocity, node 2, m/s
        291    7.808E-01                                 F               0         Blade 1 Z translation velocity, node 2, m/s
        292    3.147E-01                                 F               0         Blade 1 X translation velocity, node 3, m/s
        293    2.180E+01                                 F               0         Blade 1 Y translation velocity, node 3, m/s
        294    2.835E+00                                 F               0         Blade 1 Z translation velocity, node 3, m/s
        295    3.634E-01                                 F               0         Blade 1 X translation velocity, node 4, m/s
        296    2.517E+01                                 F               0         Blade 1 Y translation velocity, node 4, m/s
        297    3.272E+00                                 F               0         Blade 1 Z translation velocity, node 4, m/s
        298    4.121E-01                                 F               0         Blade 1 X translation velocity, node 5, m/s
        299    2.855E+01                                 F               0         Blade 1 Y translation velocity, node 5, m/s
        300    3.710E+00                                 F               0         Blade 1 Z translation velocity, node 5, m/s
        301    4.608E-01                                 F               0         Blade 1 X translation velocity, node 6, m/s
        302    3.192E+01                                 F               0         Blade 1 Y translation velocity, node 6, m/s
        303    4.148E+00                                 F               0         Blade 1 Z translation velocity, node 6, m/s
        304    5.094E-01                                 F               0         Blade 1 X translation velocity, node 7, m/s
        305    3.530E+01                                 F               0         Blade 1 Y translation velocity, node 7, m/s
        306    4.585E+00                                 F               0         Blade 1 Z translation velocity, node 7, m/s
        307    5.581E-01                                 F               0         Blade 1 X translation velocity, node 8, m/s
