
Linearized model: Predictions were generated on 30-Jan-2024 at 18:20:32 using OpenFAST, compiled as a 64-bit application using single precision at commit v3.5.1
 linked with  NWTC Subroutine Library; ElastoDyn; InflowWind; AeroDyn; ServoDyn; HydroDyn; MAP++ (<1.20.10>, <Oct-20-2023>)

Description from the FAST input file: CCT-9 Campign 4 model. Input files to be run with OpenFAST 3.5.0. GitHub branch from Lu Wang (https://github.com/luwang00/openfast/tree/dev) compiled on March 7, 2023.

Simulation information:
   Simulation time:                   501.9750 s
   Rotor Speed:                         0.8794 rad/s
   Azimuth:                             0.6140 rad
   Wind Speed:                         10.0000 m/s
   Number of continuous states:         0
   Number of discrete states:           0
   Number of constraint states:         0
   Number of inputs:                 1746
   Number of outputs:                   4
   Jacobians included in this file?    No

Order of inputs:
     Column   Operating Point                     Rotating Frame? Derivative Order Description
   ---------- ---------------                     --------------- ---------------- -----------
          1    1.098E+01                                 F               0         Tower X translation displacement, node 1, m
          2   -1.120E+00                                 F               0         Tower Y translation displacement, node 1, m
          3   -3.096E-01                                 F               0         Tower Z translation displacement, node 1, m
          4    1.240E+01                                 F               0         Tower X translation displacement, node 2, m
          5   -1.633E+00                                 F               0         Tower Y translation displacement, node 2, m
          6   -4.019E-01                                 F               0         Tower Z translation displacement, node 2, m
          7    1.382E+01                                 F               0         Tower X translation displacement, node 3, m
          8   -2.146E+00                                 F               0         Tower Y translation displacement, node 3, m
          9   -4.942E-01                                 F               0         Tower Z translation displacement, node 3, m
         10    1.524E+01                                 F               0         Tower X translation displacement, node 4, m
         11   -2.658E+00                                 F               0         Tower Y translation displacement, node 4, m
         12   -5.865E-01                                 F               0         Tower Z translation displacement, node 4, m
         13    1.665E+01                                 F               0         Tower X translation displacement, node 5, m
         14   -3.171E+00                                 F               0         Tower Y translation displacement, node 5, m
         15   -6.788E-01                                 F               0         Tower Z translation displacement, node 5, m
         16    1.807E+01                                 F               0         Tower X translation displacement, node 6, m
         17   -3.683E+00                                 F               0         Tower Y translation displacement, node 6, m
         18   -7.711E-01                                 F               0         Tower Z translation displacement, node 6, m
         19    1.949E+01                                 F               0         Tower X translation displacement, node 7, m
         20   -4.196E+00                                 F               0         Tower Y translation displacement, node 7, m
         21   -8.634E-01                                 F               0         Tower Z translation displacement, node 7, m
         22    2.091E+01                                 F               0         Tower X translation displacement, node 8, m
         23   -4.709E+00                                 F               0         Tower Y translation displacement, node 8, m
         24   -9.557E-01                                 F               0         Tower Z translation displacement, node 8, m
         25    2.232E+01                                 F               0         Tower X translation displacement, node 9, m
         26   -5.221E+00                                 F               0         Tower Y translation displacement, node 9, m
         27   -1.048E+00                                 F               0         Tower Z translation displacement, node 9, m
         28    2.374E+01                                 F               0         Tower X translation displacement, node 10, m
         29   -5.734E+00                                 F               0         Tower Y translation displacement, node 10, m
         30   -1.140E+00                                 F               0         Tower Z translation displacement, node 10, m
         31    2.516E+01                                 F               0         Tower X translation displacement, node 11, m
         32   -6.246E+00                                 F               0         Tower Y translation displacement, node 11, m
         33   -1.233E+00                                 F               0         Tower Z translation displacement, node 11, m
         34    9.934E-01,  9.926E-03, -1.144E-01         F               0         Tower X orientation angle, node 1, rad
         35   -5.106E-03,  9.991E-01,  4.235E-02         F               0         Tower Y orientation angle, node 1, rad
         36    1.147E-01, -4.149E-02,  9.925E-01         F               0         Tower Z orientation angle, node 1, rad
         37    9.934E-01,  9.926E-03, -1.144E-01         F               0         Tower X orientation angle, node 2, rad
         38   -5.106E-03,  9.991E-01,  4.235E-02         F               0         Tower Y orientation angle, node 2, rad
         39    1.147E-01, -4.149E-02,  9.925E-01         F               0         Tower Z orientation angle, node 2, rad
         40    9.934E-01,  9.926E-03, -1.144E-01         F               0         Tower X orientation angle, node 3, rad
         41   -5.106E-03,  9.991E-01,  4.235E-02         F               0         Tower Y orientation angle, node 3, rad
         42    1.147E-01, -4.149E-02,  9.925E-01         F               0         Tower Z orientation angle, node 3, rad
         43    9.934E-01,  9.926E-03, -1.144E-01         F               0         Tower X orientation angle, node 4, rad
         44   -5.106E-03,  9.991E-01,  4.235E-02         F               0         Tower Y orientation angle, node 4, rad
         45    1.147E-01, -4.149E-02,  9.925E-01         F               0         Tower Z orientation angle, node 4, rad
         46    9.934E-01,  9.926E-03, -1.144E-01         F               0         Tower X orientation angle, node 5, rad
         47   -5.106E-03,  9.991E-01,  4.235E-02         F               0         Tower Y orientation angle, node 5, rad
         48    1.147E-01, -4.149E-02,  9.925E-01         F               0         Tower Z orientation angle, node 5, rad
         49    9.934E-01,  9.926E-03, -1.144E-01         F               0         Tower X orientation angle, node 6, rad
         50   -5.106E-03,  9.991E-01,  4.235E-02         F               0         Tower Y orientation angle, node 6, rad
         51    1.147E-01, -4.149E-02,  9.925E-01         F               0         Tower Z orientation angle, node 6, rad
         52    9.934E-01,  9.926E-03, -1.144E-01         F               0         Tower X orientation angle, node 7, rad
         53   -5.106E-03,  9.991E-01,  4.235E-02         F               0         Tower Y orientation angle, node 7, rad
         54    1.147E-01, -4.149E-02,  9.925E-01         F               0         Tower Z orientation angle, node 7, rad
         55    9.934E-01,  9.926E-03, -1.144E-01         F               0         Tower X orientation angle, node 8, rad
         56   -5.106E-03,  9.991E-01,  4.235E-02         F               0         Tower Y orientation angle, node 8, rad
         57    1.147E-01, -4.149E-02,  9.925E-01         F               0         Tower Z orientation angle, node 8, rad
         58    9.934E-01,  9.926E-03, -1.144E-01         F               0         Tower X orientation angle, node 9, rad
         59   -5.106E-03,  9.991E-01,  4.235E-02         F               0         Tower Y orientation angle, node 9, rad
         60    1.147E-01, -4.149E-02,  9.925E-01         F               0         Tower Z orientation angle, node 9, rad
         61    9.934E-01,  9.926E-03, -1.144E-01         F               0         Tower X orientation angle, node 10, rad
         62   -5.106E-03,  9.991E-01,  4.235E-02         F               0         Tower Y orientation angle, node 10, rad
         63    1.147E-01, -4.149E-02,  9.925E-01         F               0         Tower Z orientation angle, node 10, rad
         64    9.934E-01,  9.926E-03, -1.144E-01         F               0         Tower X orientation angle, node 11, rad
         65   -5.106E-03,  9.991E-01,  4.235E-02         F               0         Tower Y orientation angle, node 11, rad
         66    1.147E-01, -4.149E-02,  9.925E-01         F               0         Tower Z orientation angle, node 11, rad
         67   -2.902E-03                                 F               0         Tower X translation velocity, node 1, m/s
         68    3.917E-03                                 F               0         Tower Y translation velocity, node 1, m/s
         69    9.756E-04                                 F               0         Tower Z translation velocity, node 1, m/s
         70   -2.645E-03                                 F               0         Tower X translation velocity, node 2, m/s
         71    4.942E-03                                 F               0         Tower Y translation velocity, node 2, m/s
         72    9.887E-04                                 F               0         Tower Z translation velocity, node 2, m/s
         73   -2.387E-03                                 F               0         Tower X translation velocity, node 3, m/s
         74    5.967E-03                                 F               0         Tower Y translation velocity, node 3, m/s
         75    1.002E-03                                 F               0         Tower Z translation velocity, node 3, m/s
         76   -2.130E-03                                 F               0         Tower X translation velocity, node 4, m/s
         77    6.992E-03                                 F               0         Tower Y translation velocity, node 4, m/s
         78    1.015E-03                                 F               0         Tower Z translation velocity, node 4, m/s
         79   -1.872E-03                                 F               0         Tower X translation velocity, node 5, m/s
         80    8.018E-03                                 F               0         Tower Y translation velocity, node 5, m/s
         81    1.028E-03                                 F               0         Tower Z translation velocity, node 5, m/s
         82   -1.615E-03                                 F               0         Tower X translation velocity, node 6, m/s
         83    9.043E-03                                 F               0         Tower Y translation velocity, node 6, m/s
         84    1.041E-03                                 F               0         Tower Z translation velocity, node 6, m/s
         85   -1.357E-03                                 F               0         Tower X translation velocity, node 7, m/s
         86    1.007E-02                                 F               0         Tower Y translation velocity, node 7, m/s
         87    1.054E-03                                 F               0         Tower Z translation velocity, node 7, m/s
         88   -1.100E-03                                 F               0         Tower X translation velocity, node 8, m/s
         89    1.109E-02                                 F               0         Tower Y translation velocity, node 8, m/s
         90    1.067E-03                                 F               0         Tower Z translation velocity, node 8, m/s
         91   -8.422E-04                                 F               0         Tower X translation velocity, node 9, m/s
         92    1.212E-02                                 F               0         Tower Y translation velocity, node 9, m/s
         93    1.080E-03                                 F               0         Tower Z translation velocity, node 9, m/s
         94   -5.847E-04                                 F               0         Tower X translation velocity, node 10, m/s
         95    1.314E-02                                 F               0         Tower Y translation velocity, node 10, m/s
         96    1.093E-03                                 F               0         Tower Z translation velocity, node 10, m/s
         97   -3.272E-04                                 F               0         Tower X translation velocity, node 11, m/s
         98    1.417E-02                                 F               0         Tower Y translation velocity, node 11, m/s
         99    1.107E-03                                 F               0         Tower Z translation velocity, node 11, m/s
        100    2.613E+01                                 F               0         Hub X translation displacement, node 1, m
        101   -6.679E+00                                 F               0         Hub Y translation displacement, node 1, m
        102   -5.545E-02                                 F               0         Hub Z translation displacement, node 1, m
        103    9.759E-01,  1.421E-02, -2.175E-01         F               0         Hub X orientation angle, node 1, rad
        104    1.214E-01,  7.934E-01,  5.964E-01         F               0         Hub Y orientation angle, node 1, rad
        105    1.811E-01, -6.085E-01,  7.726E-01         F               0         Hub Z orientation angle, node 1, rad
        106    8.582E-01                                 F               0         Hub X rotation velocity, node 1, rad/s
        107    1.252E-02                                 F               0         Hub Y rotation velocity, node 1, rad/s
        108   -1.913E-01                                 F               0         Hub Z rotation velocity, node 1, rad/s
        109    9.719E-01, -9.336E-03, -2.351E-01         F               0         Blade root 1 X orientation angle, node 1, rad
        110    1.503E-01,  7.935E-01,  5.897E-01         F               0         Blade root 1 Y orientation angle, node 1, rad
        111    1.811E-01, -6.085E-01,  7.726E-01         F               0         Blade root 1 Z orientation angle, node 1, rad
        112    9.727E-01,  4.160E-02, -2.284E-01         F               0         Blade root 2 X orientation angle, node 1, rad
        113    1.250E-01, -9.229E-01,  3.643E-01         F               0         Blade root 2 Y orientation angle, node 1, rad
        114   -1.957E-01, -3.829E-01, -9.028E-01         F               0         Blade root 2 Z orientation angle, node 1, rad
        115    9.820E-01,  1.034E-02, -1.887E-01         F               0         Blade root 3 X orientation angle, node 1, rad
        116   -1.885E-01,  1.306E-01, -9.734E-01         F               0         Blade root 3 Y orientation angle, node 1, rad
        117    1.459E-02,  9.914E-01,  1.302E-01         F               0         Blade root 3 Z orientation angle, node 1, rad
        118    2.656E+01                                 F               0         Blade 1 X translation displacement, node 1, m
        119   -1.005E+01                                 F               0         Blade 1 Y translation displacement, node 1, m
        120   -1.285E+00                                 F               0         Blade 1 Z translation displacement, node 1, m
        121    2.666E+01                                 F               0         Blade 1 X translation displacement, node 2, m
        122   -1.086E+01                                 F               0         Blade 1 Y translation displacement, node 2, m
        123   -1.581E+00                                 F               0         Blade 1 Z translation displacement, node 2, m
        124    2.805E+01                                 F               0         Blade 1 X translation displacement, node 3, m
        125   -2.191E+01                                 F               0         Blade 1 Y translation displacement, node 3, m
        126   -5.609E+00                                 F               0         Blade 1 Z translation displacement, node 3, m
        127    2.834E+01                                 F               0         Blade 1 X translation displacement, node 4, m
        128   -2.426E+01                                 F               0         Blade 1 Y translation displacement, node 4, m
        129   -6.467E+00                                 F               0         Blade 1 Z translation displacement, node 4, m
        130    2.864E+01                                 F               0         Blade 1 X translation displacement, node 5, m
        131   -2.662E+01                                 F               0         Blade 1 Y translation displacement, node 5, m
        132   -7.325E+00                                 F               0         Blade 1 Z translation displacement, node 5, m
        133    2.894E+01                                 F               0         Blade 1 X translation displacement, node 6, m
        134   -2.897E+01                                 F               0         Blade 1 Y translation displacement, node 6, m
        135   -8.184E+00                                 F               0         Blade 1 Z translation displacement, node 6, m
        136    2.923E+01                                 F               0         Blade 1 X translation displacement, node 7, m
        137   -3.132E+01                                 F               0         Blade 1 Y translation displacement, node 7, m
        138   -9.042E+00                                 F               0         Blade 1 Z translation displacement, node 7, m
        139    2.953E+01                                 F               0         Blade 1 X translation displacement, node 8, m
        140   -3.368E+01                                 F               0         Blade 1 Y translation displacement, node 8, m
        141   -9.900E+00                                 F               0         Blade 1 Z translation displacement, node 8, m
        142    2.982E+01                                 F               0         Blade 1 X translation displacement, node 9, m
        143   -3.603E+01                                 F               0         Blade 1 Y translation displacement, node 9, m
        144   -1.076E+01                                 F               0         Blade 1 Z translation displacement, node 9, m
        145    3.012E+01                                 F               0         Blade 1 X translation displacement, node 10, m
        146   -3.838E+01                                 F               0         Blade 1 Y translation displacement, node 10, m
        147   -1.162E+01                                 F               0         Blade 1 Z translation displacement, node 10, m
        148    3.042E+01                                 F               0         Blade 1 X translation displacement, node 11, m
        149   -4.074E+01                                 F               0         Blade 1 Y translation displacement, node 11, m
        150   -1.247E+01                                 F               0         Blade 1 Z translation displacement, node 11, m
        151    3.071E+01                                 F               0         Blade 1 X translation displacement, node 12, m
        152   -4.309E+01                                 F               0         Blade 1 Y translation displacement, node 12, m
        153   -1.333E+01                                 F               0         Blade 1 Z translation displacement, node 12, m
        154    3.101E+01                                 F               0         Blade 1 X translation displacement, node 13, m
        155   -4.544E+01                                 F               0         Blade 1 Y translation displacement, node 13, m
        156   -1.419E+01                                 F               0         Blade 1 Z translation displacement, node 13, m
        157    3.130E+01                                 F               0         Blade 1 X translation displacement, node 14, m
        158   -4.780E+01                                 F               0         Blade 1 Y translation displacement, node 14, m
        159   -1.505E+01                                 F               0         Blade 1 Z translation displacement, node 14, m
        160    3.160E+01                                 F               0         Blade 1 X translation displacement, node 15, m
        161   -5.015E+01                                 F               0         Blade 1 Y translation displacement, node 15, m
        162   -1.591E+01                                 F               0         Blade 1 Z translation displacement, node 15, m
        163    3.190E+01                                 F               0         Blade 1 X translation displacement, node 16, m
        164   -5.250E+01                                 F               0         Blade 1 Y translation displacement, node 16, m
        165   -1.677E+01                                 F               0         Blade 1 Z translation displacement, node 16, m
        166    3.219E+01                                 F               0         Blade 1 X translation displacement, node 17, m
        167   -5.486E+01                                 F               0         Blade 1 Y translation displacement, node 17, m
        168   -1.762E+01                                 F               0         Blade 1 Z translation displacement, node 17, m
        169    3.249E+01                                 F               0         Blade 1 X translation displacement, node 18, m
        170   -5.721E+01                                 F               0         Blade 1 Y translation displacement, node 18, m
        171   -1.848E+01                                 F               0         Blade 1 Z translation displacement, node 18, m
        172    3.278E+01                                 F               0         Blade 1 X translation displacement, node 19, m
        173   -5.956E+01                                 F               0         Blade 1 Y translation displacement, node 19, m
        174   -1.934E+01                                 F               0         Blade 1 Z translation displacement, node 19, m
        175    3.308E+01                                 F               0         Blade 1 X translation displacement, node 20, m
        176   -6.192E+01                                 F               0         Blade 1 Y translation displacement, node 20, m
        177   -2.020E+01                                 F               0         Blade 1 Z translation displacement, node 20, m
        178    3.338E+01                                 F               0         Blade 1 X translation displacement, node 21, m
        179   -6.427E+01                                 F               0         Blade 1 Y translation displacement, node 21, m
        180   -2.106E+01                                 F               0         Blade 1 Z translation displacement, node 21, m
        181    3.367E+01                                 F               0         Blade 1 X translation displacement, node 22, m
        182   -6.662E+01                                 F               0         Blade 1 Y translation displacement, node 22, m
        183   -2.192E+01                                 F               0         Blade 1 Z translation displacement, node 22, m
        184    3.397E+01                                 F               0         Blade 1 X translation displacement, node 23, m
        185   -6.898E+01                                 F               0         Blade 1 Y translation displacement, node 23, m
        186   -2.277E+01                                 F               0         Blade 1 Z translation displacement, node 23, m
        187    3.426E+01                                 F               0         Blade 1 X translation displacement, node 24, m
        188   -7.133E+01                                 F               0         Blade 1 Y translation displacement, node 24, m
        189   -2.363E+01                                 F               0         Blade 1 Z translation displacement, node 24, m
        190    3.456E+01                                 F               0         Blade 1 X translation displacement, node 25, m
        191   -7.368E+01                                 F               0         Blade 1 Y translation displacement, node 25, m
        192   -2.449E+01                                 F               0         Blade 1 Z translation displacement, node 25, m
        193    3.486E+01                                 F               0         Blade 1 X translation displacement, node 26, m
        194   -7.604E+01                                 F               0         Blade 1 Y translation displacement, node 26, m
        195   -2.535E+01                                 F               0         Blade 1 Z translation displacement, node 26, m
        196    3.515E+01                                 F               0         Blade 1 X translation displacement, node 27, m
        197   -7.839E+01                                 F               0         Blade 1 Y translation displacement, node 27, m
        198   -2.621E+01                                 F               0         Blade 1 Z translation displacement, node 27, m
        199    3.540E+01                                 F               0         Blade 1 X translation displacement, node 28, m
        200   -8.039E+01                                 F               0         Blade 1 Y translation displacement, node 28, m
        201   -2.693E+01                                 F               0         Blade 1 Z translation displacement, node 28, m
        202    7.965E-01, -3.702E-01, -4.782E-01         F               0         Blade 1 X orientation angle, node 1, rad
        203    5.770E-01,  7.019E-01,  4.176E-01         F               0         Blade 1 Y orientation angle, node 1, rad
        204    1.811E-01, -6.085E-01,  7.726E-01         F               0         Blade 1 Z orientation angle, node 1, rad
        205    7.965E-01, -3.702E-01, -4.782E-01         F               0         Blade 1 X orientation angle, node 2, rad
        206    5.770E-01,  7.019E-01,  4.176E-01         F               0         Blade 1 Y orientation angle, node 2, rad
        207    1.811E-01, -6.085E-01,  7.726E-01         F               0         Blade 1 Z orientation angle, node 2, rad
        208    9.105E-01, -1.932E-01, -3.656E-01         F               0         Blade 1 X orientation angle, node 3, rad
        209    3.718E-01,  7.697E-01,  5.190E-01         F               0         Blade 1 Y orientation angle, node 3, rad
        210    1.811E-01, -6.085E-01,  7.726E-01         F               0         Blade 1 Z orientation angle, node 3, rad
        211    9.254E-01, -1.606E-01, -3.433E-01         F               0         Blade 1 X orientation angle, node 4, rad
        212    3.330E-01,  7.771E-01,  5.340E-01         F               0         Blade 1 Y orientation angle, node 4, rad
        213    1.811E-01, -6.085E-01,  7.726E-01         F               0         Blade 1 Z orientation angle, node 4, rad
        214    9.359E-01, -1.347E-01, -3.254E-01         F               0         Blade 1 X orientation angle, node 5, rad
        215    3.021E-01,  7.820E-01,  5.451E-01         F               0         Blade 1 Y orientation angle, node 5, rad
        216    1.811E-01, -6.085E-01,  7.726E-01         F               0         Blade 1 Z orientation angle, node 5, rad
        217    9.436E-01, -1.139E-01, -3.109E-01         F               0         Blade 1 X orientation angle, node 6, rad
        218    2.772E-01,  7.853E-01,  5.535E-01         F               0         Blade 1 Y orientation angle, node 6, rad
        219    1.811E-01, -6.085E-01,  7.726E-01         F               0         Blade 1 Z orientation angle, node 6, rad
        220    9.494E-01, -9.677E-02, -2.987E-01         F               0         Blade 1 X orientation angle, node 7, rad
        221    2.565E-01,  7.876E-01,  5.602E-01         F               0         Blade 1 Y orientation angle, node 7, rad
        222    1.811E-01, -6.085E-01,  7.726E-01         F               0         Blade 1 Z orientation angle, node 7, rad
        223    9.539E-01, -8.245E-02, -2.885E-01         F               0         Blade 1 X orientation angle, node 8, rad
        224    2.393E-01,  7.893E-01,  5.655E-01         F               0         Blade 1 Y orientation angle, node 8, rad
        225    1.811E-01, -6.085E-01,  7.726E-01         F               0         Blade 1 Z orientation angle, node 8, rad
        226    9.575E-01, -7.032E-02, -2.798E-01         F               0         Blade 1 X orientation angle, node 9, rad
        227    2.246E-01,  7.904E-01,  5.699E-01         F               0         Blade 1 Y orientation angle, node 9, rad
        228    1.811E-01, -6.085E-01,  7.726E-01         F               0         Blade 1 Z orientation angle, node 9, rad
        229    9.604E-01, -5.983E-02, -2.722E-01         F               0         Blade 1 X orientation angle, node 10, rad
        230    2.119E-01,  7.913E-01,  5.735E-01         F               0         Blade 1 Y orientation angle, node 10, rad
        231    1.811E-01, -6.085E-01,  7.726E-01         F               0         Blade 1 Z orientation angle, node 10, rad
        232    9.627E-01, -5.085E-02, -2.657E-01         F               0         Blade 1 X orientation angle, node 11, rad
        233    2.009E-01,  7.919E-01,  5.766E-01         F               0         Blade 1 Y orientation angle, node 11, rad
        234    1.811E-01, -6.085E-01,  7.726E-01         F               0         Blade 1 Z orientation angle, node 11, rad
        235    9.647E-01, -4.297E-02, -2.599E-01         F               0         Blade 1 X orientation angle, node 12, rad
        236    1.914E-01,  7.924E-01,  5.792E-01         F               0         Blade 1 Y orientation angle, node 12, rad
        237    1.811E-01, -6.085E-01,  7.726E-01         F               0         Blade 1 Z orientation angle, node 12, rad
        238    9.663E-01, -3.605E-02, -2.549E-01         F               0         Blade 1 X orientation angle, node 13, rad
        239    1.829E-01,  7.927E-01,  5.815E-01         F               0         Blade 1 Y orientation angle, node 13, rad
        240    1.811E-01, -6.085E-01,  7.726E-01         F               0         Blade 1 Z orientation angle, node 13, rad
        241    9.677E-01, -2.983E-02, -2.503E-01         F               0         Blade 1 X orientation angle, node 14, rad
        242    1.753E-01,  7.930E-01,  5.834E-01         F               0         Blade 1 Y orientation angle, node 14, rad
        243    1.811E-01, -6.085E-01,  7.726E-01         F               0         Blade 1 Z orientation angle, node 14, rad
        244    9.689E-01, -2.429E-02, -2.462E-01         F               0         Blade 1 X orientation angle, node 15, rad
        245    1.686E-01,  7.932E-01,  5.852E-01         F               0         Blade 1 Y orientation angle, node 15, rad
        246    1.811E-01, -6.085E-01,  7.726E-01         F               0         Blade 1 Z orientation angle, node 15, rad
        247    9.700E-01, -1.931E-02, -2.425E-01         F               0         Blade 1 X orientation angle, node 16, rad
        248    1.625E-01,  7.933E-01,  5.867E-01         F               0         Blade 1 Y orientation angle, node 16, rad
        249    1.811E-01, -6.085E-01,  7.726E-01         F               0         Blade 1 Z orientation angle, node 16, rad
        250    9.708E-01, -1.488E-02, -2.392E-01         F               0         Blade 1 X orientation angle, node 17, rad
        251    1.571E-01,  7.934E-01,  5.881E-01         F               0         Blade 1 Y orientation angle, node 17, rad
        252    1.811E-01, -6.085E-01,  7.726E-01         F               0         Blade 1 Z orientation angle, node 17, rad
        253    9.717E-01, -1.072E-02, -2.362E-01         F               0         Blade 1 X orientation angle, node 18, rad
        254    1.520E-01,  7.935E-01,  5.893E-01         F               0         Blade 1 Y orientation angle, node 18, rad
        255    1.811E-01, -6.085E-01,  7.726E-01         F               0         Blade 1 Z orientation angle, node 18, rad
        256    9.724E-01, -6.981E-03, -2.334E-01         F               0         Blade 1 X orientation angle, node 19, rad
        257    1.474E-01,  7.935E-01,  5.904E-01         F               0         Blade 1 Y orientation angle, node 19, rad
        258    1.811E-01, -6.085E-01,  7.726E-01         F               0         Blade 1 Z orientation angle, node 19, rad
        259    9.730E-01, -3.657E-03, -2.309E-01         F               0         Blade 1 X orientation angle, node 20, rad
        260    1.433E-01,  7.936E-01,  5.914E-01         F               0         Blade 1 Y orientation angle, node 20, rad
        261    1.811E-01, -6.085E-01,  7.726E-01         F               0         Blade 1 Z orientation angle, node 20, rad
        262    9.735E-01, -4.717E-04, -2.285E-01         F               0         Blade 1 X orientation angle, node 21, rad
        263    1.394E-01,  7.936E-01,  5.923E-01         F               0         Blade 1 Y orientation angle, node 21, rad
        264    1.811E-01, -6.085E-01,  7.726E-01         F               0         Blade 1 Z orientation angle, node 21, rad
        265    9.740E-01,  2.437E-03, -2.264E-01         F               0         Blade 1 X orientation angle, node 22, rad
        266    1.359E-01,  7.936E-01,  5.931E-01         F               0         Blade 1 Y orientation angle, node 22, rad
        267    1.811E-01, -6.085E-01,  7.726E-01         F               0         Blade 1 Z orientation angle, node 22, rad
        268    9.745E-01,  5.068E-03, -2.244E-01         F               0         Blade 1 X orientation angle, node 23, rad
        269    1.326E-01,  7.935E-01,  5.939E-01         F               0         Blade 1 Y orientation angle, node 23, rad
        270    1.811E-01, -6.085E-01,  7.726E-01         F               0         Blade 1 Z orientation angle, node 23, rad
        271    9.749E-01,  7.561E-03, -2.225E-01         F               0         Blade 1 X orientation angle, node 24, rad
        272    1.296E-01,  7.935E-01,  5.946E-01         F               0         Blade 1 Y orientation angle, node 24, rad
        273    1.811E-01, -6.085E-01,  7.726E-01         F               0         Blade 1 Z orientation angle, node 24, rad
        274    9.753E-01,  9.916E-03, -2.208E-01         F               0         Blade 1 X orientation angle, node 25, rad
        275    1.267E-01,  7.935E-01,  5.952E-01         F               0         Blade 1 Y orientation angle, node 25, rad
        276    1.811E-01, -6.085E-01,  7.726E-01         F               0         Blade 1 Z orientation angle, node 25, rad
        277    9.756E-01,  1.199E-02, -2.192E-01         F               0         Blade 1 X orientation angle, node 26, rad
        278    1.241E-01,  7.935E-01,  5.958E-01         F               0         Blade 1 Y orientation angle, node 26, rad
        279    1.811E-01, -6.085E-01,  7.726E-01         F               0         Blade 1 Z orientation angle, node 26, rad
        280    9.759E-01,  1.407E-02, -2.176E-01         F               0         Blade 1 X orientation angle, node 27, rad
        281    1.216E-01,  7.934E-01,  5.964E-01         F               0         Blade 1 Y orientation angle, node 27, rad
        282    1.811E-01, -6.085E-01,  7.726E-01         F               0         Blade 1 Z orientation angle, node 27, rad
        283    9.761E-01,  1.518E-02, -2.168E-01         F               0         Blade 1 X orientation angle, node 28, rad
        284    1.202E-01,  7.934E-01,  5.967E-01         F               0         Blade 1 Y orientation angle, node 28, rad
        285    1.811E-01, -6.085E-01,  7.726E-01         F               0         Blade 1 Z orientation angle, node 28, rad
        286   -5.915E-01                                 F               0         Blade 1 X translation velocity, node 1, m/s
        287   -3.850E+00                                 F               0         Blade 1 Y translation velocity, node 1, m/s
        288   -2.904E+00                                 F               0         Blade 1 Z translation velocity, node 1, m/s
        289   -7.340E-01                                 F               0         Blade 1 X translation velocity, node 2, m/s
        290   -4.782E+00                                 F               0         Blade 1 Y translation velocity, node 2, m/s
        291   -3.604E+00                                 F               0         Blade 1 Z translation velocity, node 2, m/s
        292   -2.672E+00                                 F               0         Blade 1 X translation velocity, node 3, m/s
        293   -1.745E+01                                 F               0         Blade 1 Y translation velocity, node 3, m/s
        294   -1.312E+01                                 F               0         Blade 1 Z translation velocity, node 3, m/s
        295   -3.084E+00                                 F               0         Blade 1 X translation velocity, node 4, m/s
        296   -2.014E+01                                 F               0         Blade 1 Y translation velocity, node 4, m/s
        297   -1.515E+01                                 F               0         Blade 1 Z translation velocity, node 4, m/s
        298   -3.497E+00                                 F               0         Blade 1 X translation velocity, node 5, m/s
        299   -2.284E+01                                 F               0         Blade 1 Y translation velocity, node 5, m/s
        300   -1.718E+01                                 F               0         Blade 1 Z translation velocity, node 5, m/s
        301   -3.910E+00                                 F               0         Blade 1 X translation velocity, node 6, m/s
        302   -2.554E+01                                 F               0         Blade 1 Y translation velocity, node 6, m/s
        303   -1.921E+01                                 F               0         Blade 1 Z translation velocity, node 6, m/s
        304   -4.323E+00                                 F               0         Blade 1 X translation velocity, node 7, m/s
        305   -2.824E+01                                 F               0         Blade 1 Y translation velocity, node 7, m/s
        306   -2.124E+01                                 F               0         Blade 1 Z translation velocity, node 7, m/s
        307   -4.736E+00                                 F               0         Blade 1 X translation velocity, node 8, m/s
