
Linearized model: Predictions were generated on 30-Jan-2024 at 18:20:32 using OpenFAST, compiled as a 64-bit application using single precision at commit v3.5.1
 linked with  NWTC Subroutine Library; ElastoDyn; InflowWind; AeroDyn; ServoDyn; HydroDyn; MAP++ (<1.20.10>, <Oct-20-2023>)

Description from the FAST input file: CCT-9 Campign 4 model. Input files to be run with OpenFAST 3.5.0. GitHub branch from Lu Wang (https://github.com/luwang00/openfast/tree/dev) compiled on March 7, 2023.

Simulation information:
   Simulation time:                   505.9250 s
   Rotor Speed:                         0.8795 rad/s
   Azimuth:                             4.0877 rad
   Wind Speed:                         10.0000 m/s
   Number of continuous states:         0
   Number of discrete states:           0
   Number of constraint states:         0
   Number of inputs:                 1746
   Number of outputs:                   4
   Jacobians included in this file?    No

Order of inputs:
     Column   Operating Point                     Rotating Frame? Derivative Order Description
   ---------- ---------------                     --------------- ---------------- -----------
          1    1.097E+01                                 F               0         Tower X translation displacement, node 1, m
          2   -1.123E+00                                 F               0         Tower Y translation displacement, node 1, m
          3   -2.969E-01                                 F               0         Tower Z translation displacement, node 1, m
          4    1.239E+01                                 F               0         Tower X translation displacement, node 2, m
          5   -1.640E+00                                 F               0         Tower Y translation displacement, node 2, m
          6   -3.895E-01                                 F               0         Tower Z translation displacement, node 2, m
          7    1.381E+01                                 F               0         Tower X translation displacement, node 3, m
          8   -2.158E+00                                 F               0         Tower Y translation displacement, node 3, m
          9   -4.821E-01                                 F               0         Tower Z translation displacement, node 3, m
         10    1.523E+01                                 F               0         Tower X translation displacement, node 4, m
         11   -2.675E+00                                 F               0         Tower Y translation displacement, node 4, m
         12   -5.748E-01                                 F               0         Tower Z translation displacement, node 4, m
         13    1.665E+01                                 F               0         Tower X translation displacement, node 5, m
         14   -3.193E+00                                 F               0         Tower Y translation displacement, node 5, m
         15   -6.674E-01                                 F               0         Tower Z translation displacement, node 5, m
         16    1.806E+01                                 F               0         Tower X translation displacement, node 6, m
         17   -3.711E+00                                 F               0         Tower Y translation displacement, node 6, m
         18   -7.601E-01                                 F               0         Tower Z translation displacement, node 6, m
         19    1.948E+01                                 F               0         Tower X translation displacement, node 7, m
         20   -4.228E+00                                 F               0         Tower Y translation displacement, node 7, m
         21   -8.527E-01                                 F               0         Tower Z translation displacement, node 7, m
         22    2.090E+01                                 F               0         Tower X translation displacement, node 8, m
         23   -4.746E+00                                 F               0         Tower Y translation displacement, node 8, m
         24   -9.453E-01                                 F               0         Tower Z translation displacement, node 8, m
         25    2.232E+01                                 F               0         Tower X translation displacement, node 9, m
         26   -5.263E+00                                 F               0         Tower Y translation displacement, node 9, m
         27   -1.038E+00                                 F               0         Tower Z translation displacement, node 9, m
         28    2.374E+01                                 F               0         Tower X translation displacement, node 10, m
         29   -5.781E+00                                 F               0         Tower Y translation displacement, node 10, m
         30   -1.131E+00                                 F               0         Tower Z translation displacement, node 10, m
         31    2.516E+01                                 F               0         Tower X translation displacement, node 11, m
         32   -6.298E+00                                 F               0         Tower Y translation displacement, node 11, m
         33   -1.223E+00                                 F               0         Tower Z translation displacement, node 11, m
         34    9.934E-01,  9.769E-03, -1.145E-01         F               0         Tower X orientation angle, node 1, rad
         35   -4.898E-03,  9.991E-01,  4.273E-02         F               0         Tower Y orientation angle, node 1, rad
         36    1.148E-01, -4.189E-02,  9.925E-01         F               0         Tower Z orientation angle, node 1, rad
         37    9.934E-01,  9.769E-03, -1.145E-01         F               0         Tower X orientation angle, node 2, rad
         38   -4.898E-03,  9.991E-01,  4.273E-02         F               0         Tower Y orientation angle, node 2, rad
         39    1.148E-01, -4.189E-02,  9.925E-01         F               0         Tower Z orientation angle, node 2, rad
         40    9.934E-01,  9.769E-03, -1.145E-01         F               0         Tower X orientation angle, node 3, rad
         41   -4.898E-03,  9.991E-01,  4.273E-02         F               0         Tower Y orientation angle, node 3, rad
         42    1.148E-01, -4.189E-02,  9.925E-01         F               0         Tower Z orientation angle, node 3, rad
         43    9.934E-01,  9.769E-03, -1.145E-01         F               0         Tower X orientation angle, node 4, rad
         44   -4.898E-03,  9.991E-01,  4.273E-02         F               0         Tower Y orientation angle, node 4, rad
         45    1.148E-01, -4.189E-02,  9.925E-01         F               0         Tower Z orientation angle, node 4, rad
         46    9.934E-01,  9.769E-03, -1.145E-01         F               0         Tower X orientation angle, node 5, rad
         47   -4.898E-03,  9.991E-01,  4.273E-02         F               0         Tower Y orientation angle, node 5, rad
         48    1.148E-01, -4.189E-02,  9.925E-01         F               0         Tower Z orientation angle, node 5, rad
         49    9.934E-01,  9.769E-03, -1.145E-01         F               0         Tower X orientation angle, node 6, rad
         50   -4.898E-03,  9.991E-01,  4.273E-02         F               0         Tower Y orientation angle, node 6, rad
         51    1.148E-01, -4.189E-02,  9.925E-01         F               0         Tower Z orientation angle, node 6, rad
         52    9.934E-01,  9.769E-03, -1.145E-01         F               0         Tower X orientation angle, node 7, rad
         53   -4.898E-03,  9.991E-01,  4.273E-02         F               0         Tower Y orientation angle, node 7, rad
         54    1.148E-01, -4.189E-02,  9.925E-01         F               0         Tower Z orientation angle, node 7, rad
         55    9.934E-01,  9.769E-03, -1.145E-01         F               0         Tower X orientation angle, node 8, rad
         56   -4.898E-03,  9.991E-01,  4.273E-02         F               0         Tower Y orientation angle, node 8, rad
         57    1.148E-01, -4.189E-02,  9.925E-01         F               0         Tower Z orientation angle, node 8, rad
         58    9.934E-01,  9.769E-03, -1.145E-01         F               0         Tower X orientation angle, node 9, rad
         59   -4.898E-03,  9.991E-01,  4.273E-02         F               0         Tower Y orientation angle, node 9, rad
         60    1.148E-01, -4.189E-02,  9.925E-01         F               0         Tower Z orientation angle, node 9, rad
         61    9.934E-01,  9.769E-03, -1.145E-01         F               0         Tower X orientation angle, node 10, rad
         62   -4.898E-03,  9.991E-01,  4.273E-02         F               0         Tower Y orientation angle, node 10, rad
         63    1.148E-01, -4.189E-02,  9.925E-01         F               0         Tower Z orientation angle, node 10, rad
         64    9.934E-01,  9.769E-03, -1.145E-01         F               0         Tower X orientation angle, node 11, rad
         65   -4.898E-03,  9.991E-01,  4.273E-02         F               0         Tower Y orientation angle, node 11, rad
         66    1.148E-01, -4.189E-02,  9.925E-01         F               0         Tower Z orientation angle, node 11, rad
         67   -4.035E-03                                 F               0         Tower X translation velocity, node 1, m/s
         68   -5.407E-03                                 F               0         Tower Y translation velocity, node 1, m/s
         69    4.275E-03                                 F               0         Tower Z translation velocity, node 1, m/s
         70   -3.800E-03                                 F               0         Tower X translation velocity, node 2, m/s
         71   -9.030E-03                                 F               0         Tower Y translation velocity, node 2, m/s
         72    4.095E-03                                 F               0         Tower Z translation velocity, node 2, m/s
         73   -3.564E-03                                 F               0         Tower X translation velocity, node 3, m/s
         74   -1.265E-02                                 F               0         Tower Y translation velocity, node 3, m/s
         75    3.914E-03                                 F               0         Tower Z translation velocity, node 3, m/s
         76   -3.329E-03                                 F               0         Tower X translation velocity, node 4, m/s
         77   -1.628E-02                                 F               0         Tower Y translation velocity, node 4, m/s
         78    3.734E-03                                 F               0         Tower Z translation velocity, node 4, m/s
         79   -3.093E-03                                 F               0         Tower X translation velocity, node 5, m/s
         80   -1.990E-02                                 F               0         Tower Y translation velocity, node 5, m/s
         81    3.554E-03                                 F               0         Tower Z translation velocity, node 5, m/s
         82   -2.858E-03                                 F               0         Tower X translation velocity, node 6, m/s
         83   -2.352E-02                                 F               0         Tower Y translation velocity, node 6, m/s
         84    3.374E-03                                 F               0         Tower Z translation velocity, node 6, m/s
         85   -2.622E-03                                 F               0         Tower X translation velocity, node 7, m/s
         86   -2.714E-02                                 F               0         Tower Y translation velocity, node 7, m/s
         87    3.194E-03                                 F               0         Tower Z translation velocity, node 7, m/s
         88   -2.387E-03                                 F               0         Tower X translation velocity, node 8, m/s
         89   -3.077E-02                                 F               0         Tower Y translation velocity, node 8, m/s
         90    3.014E-03                                 F               0         Tower Z translation velocity, node 8, m/s
         91   -2.151E-03                                 F               0         Tower X translation velocity, node 9, m/s
         92   -3.439E-02                                 F               0         Tower Y translation velocity, node 9, m/s
         93    2.833E-03                                 F               0         Tower Z translation velocity, node 9, m/s
         94   -1.916E-03                                 F               0         Tower X translation velocity, node 10, m/s
         95   -3.801E-02                                 F               0         Tower Y translation velocity, node 10, m/s
         96    2.653E-03                                 F               0         Tower Z translation velocity, node 10, m/s
         97   -1.680E-03                                 F               0         Tower X translation velocity, node 11, m/s
         98   -4.163E-02                                 F               0         Tower Y translation velocity, node 11, m/s
         99    2.473E-03                                 F               0         Tower Z translation velocity, node 11, m/s
        100    2.613E+01                                 F               0         Hub X translation displacement, node 1, m
        101   -6.733E+00                                 F               0         Hub Y translation displacement, node 1, m
        102   -4.528E-02                                 F               0         Hub Z translation displacement, node 1, m
        103    9.759E-01,  1.409E-02, -2.176E-01         F               0         Hub X orientation angle, node 1, rad
        104   -1.740E-01, -5.513E-01, -8.159E-01         F               0         Hub Y orientation angle, node 1, rad
        105   -1.315E-01,  8.342E-01, -5.356E-01         F               0         Hub Z orientation angle, node 1, rad
        106    8.586E-01                                 F               0         Hub X rotation velocity, node 1, rad/s
        107    1.242E-02                                 F               0         Hub Y rotation velocity, node 1, rad/s
        108   -1.915E-01                                 F               0         Hub Z rotation velocity, node 1, rad/s
        109    9.807E-01,  3.044E-02, -1.933E-01         F               0         Blade root 1 X orientation angle, node 1, rad
        110   -1.450E-01, -5.507E-01, -8.220E-01         F               0         Blade root 1 Y orientation angle, node 1, rad
        111   -1.315E-01,  8.342E-01, -5.356E-01         F               0         Blade root 1 Z orientation angle, node 1, rad
        112    9.763E-01, -1.552E-02, -2.159E-01         F               0         Blade root 2 X orientation angle, node 1, rad
        113    2.087E-03,  9.981E-01, -6.232E-02         F               0         Blade root 2 Y orientation angle, node 1, rad
        114    2.164E-01,  6.039E-02,  9.744E-01         F               0         Blade root 2 Z orientation angle, node 1, rad
        115    9.695E-01,  2.734E-02, -2.434E-01         F               0         Blade root 3 X orientation angle, node 1, rad
        116    2.297E-01, -4.461E-01,  8.650E-01         F               0         Blade root 3 Y orientation angle, node 1, rad
        117   -8.494E-02, -8.946E-01, -4.388E-01         F               0         Blade root 3 Z orientation angle, node 1, rad
        118    2.482E+01                                 F               0         Blade 1 X translation displacement, node 1, m
        119   -2.111E+00                                 F               0         Blade 1 Y translation displacement, node 1, m
        120   -8.522E+00                                 F               0         Blade 1 Z translation displacement, node 1, m
        121    2.451E+01                                 F               0         Blade 1 X translation displacement, node 2, m
        122   -9.979E-01                                 F               0         Blade 1 Y translation displacement, node 2, m
        123   -1.056E+01                                 F               0         Blade 1 Z translation displacement, node 2, m
        124    2.022E+01                                 F               0         Blade 1 X translation displacement, node 3, m
        125    1.414E+01                                 F               0         Blade 1 Y translation displacement, node 3, m
        126   -3.834E+01                                 F               0         Blade 1 Z translation displacement, node 3, m
        127    1.931E+01                                 F               0         Blade 1 X translation displacement, node 4, m
        128    1.737E+01                                 F               0         Blade 1 Y translation displacement, node 4, m
        129   -4.426E+01                                 F               0         Blade 1 Z translation displacement, node 4, m
        130    1.840E+01                                 F               0         Blade 1 X translation displacement, node 5, m
        131    2.060E+01                                 F               0         Blade 1 Y translation displacement, node 5, m
        132   -5.018E+01                                 F               0         Blade 1 Z translation displacement, node 5, m
        133    1.749E+01                                 F               0         Blade 1 X translation displacement, node 6, m
        134    2.382E+01                                 F               0         Blade 1 Y translation displacement, node 6, m
        135   -5.610E+01                                 F               0         Blade 1 Z translation displacement, node 6, m
        136    1.657E+01                                 F               0         Blade 1 X translation displacement, node 7, m
        137    2.705E+01                                 F               0         Blade 1 Y translation displacement, node 7, m
        138   -6.201E+01                                 F               0         Blade 1 Z translation displacement, node 7, m
        139    1.566E+01                                 F               0         Blade 1 X translation displacement, node 8, m
        140    3.028E+01                                 F               0         Blade 1 Y translation displacement, node 8, m
        141   -6.793E+01                                 F               0         Blade 1 Z translation displacement, node 8, m
        142    1.475E+01                                 F               0         Blade 1 X translation displacement, node 9, m
        143    3.350E+01                                 F               0         Blade 1 Y translation displacement, node 9, m
        144   -7.385E+01                                 F               0         Blade 1 Z translation displacement, node 9, m
        145    1.383E+01                                 F               0         Blade 1 X translation displacement, node 10, m
        146    3.673E+01                                 F               0         Blade 1 Y translation displacement, node 10, m
        147   -7.977E+01                                 F               0         Blade 1 Z translation displacement, node 10, m
        148    1.292E+01                                 F               0         Blade 1 X translation displacement, node 11, m
        149    3.995E+01                                 F               0         Blade 1 Y translation displacement, node 11, m
        150   -8.569E+01                                 F               0         Blade 1 Z translation displacement, node 11, m
        151    1.201E+01                                 F               0         Blade 1 X translation displacement, node 12, m
        152    4.318E+01                                 F               0         Blade 1 Y translation displacement, node 12, m
        153   -9.160E+01                                 F               0         Blade 1 Z translation displacement, node 12, m
        154    1.110E+01                                 F               0         Blade 1 X translation displacement, node 13, m
        155    4.641E+01                                 F               0         Blade 1 Y translation displacement, node 13, m
        156   -9.752E+01                                 F               0         Blade 1 Z translation displacement, node 13, m
        157    1.018E+01                                 F               0         Blade 1 X translation displacement, node 14, m
        158    4.963E+01                                 F               0         Blade 1 Y translation displacement, node 14, m
        159   -1.034E+02                                 F               0         Blade 1 Z translation displacement, node 14, m
        160    9.270E+00                                 F               0         Blade 1 X translation displacement, node 15, m
        161    5.286E+01                                 F               0         Blade 1 Y translation displacement, node 15, m
        162   -1.094E+02                                 F               0         Blade 1 Z translation displacement, node 15, m
        163    8.357E+00                                 F               0         Blade 1 X translation displacement, node 16, m
        164    5.609E+01                                 F               0         Blade 1 Y translation displacement, node 16, m
        165   -1.153E+02                                 F               0         Blade 1 Z translation displacement, node 16, m
        166    7.445E+00                                 F               0         Blade 1 X translation displacement, node 17, m
        167    5.931E+01                                 F               0         Blade 1 Y translation displacement, node 17, m
        168   -1.212E+02                                 F               0         Blade 1 Z translation displacement, node 17, m
        169    6.532E+00                                 F               0         Blade 1 X translation displacement, node 18, m
        170    6.254E+01                                 F               0         Blade 1 Y translation displacement, node 18, m
        171   -1.271E+02                                 F               0         Blade 1 Z translation displacement, node 18, m
        172    5.619E+00                                 F               0         Blade 1 X translation displacement, node 19, m
        173    6.576E+01                                 F               0         Blade 1 Y translation displacement, node 19, m
        174   -1.330E+02                                 F               0         Blade 1 Z translation displacement, node 19, m
        175    4.706E+00                                 F               0         Blade 1 X translation displacement, node 20, m
        176    6.899E+01                                 F               0         Blade 1 Y translation displacement, node 20, m
        177   -1.389E+02                                 F               0         Blade 1 Z translation displacement, node 20, m
        178    3.793E+00                                 F               0         Blade 1 X translation displacement, node 21, m
        179    7.222E+01                                 F               0         Blade 1 Y translation displacement, node 21, m
        180   -1.449E+02                                 F               0         Blade 1 Z translation displacement, node 21, m
        181    2.880E+00                                 F               0         Blade 1 X translation displacement, node 22, m
        182    7.544E+01                                 F               0         Blade 1 Y translation displacement, node 22, m
        183   -1.508E+02                                 F               0         Blade 1 Z translation displacement, node 22, m
        184    1.967E+00                                 F               0         Blade 1 X translation displacement, node 23, m
        185    7.867E+01                                 F               0         Blade 1 Y translation displacement, node 23, m
        186   -1.567E+02                                 F               0         Blade 1 Z translation displacement, node 23, m
        187    1.055E+00                                 F               0         Blade 1 X translation displacement, node 24, m
        188    8.190E+01                                 F               0         Blade 1 Y translation displacement, node 24, m
        189   -1.626E+02                                 F               0         Blade 1 Z translation displacement, node 24, m
        190    1.419E-01                                 F               0         Blade 1 X translation displacement, node 25, m
        191    8.512E+01                                 F               0         Blade 1 Y translation displacement, node 25, m
        192   -1.685E+02                                 F               0         Blade 1 Z translation displacement, node 25, m
        193   -7.711E-01                                 F               0         Blade 1 X translation displacement, node 26, m
        194    8.835E+01                                 F               0         Blade 1 Y translation displacement, node 26, m
        195   -1.745E+02                                 F               0         Blade 1 Z translation displacement, node 26, m
        196   -1.684E+00                                 F               0         Blade 1 X translation displacement, node 27, m
        197    9.158E+01                                 F               0         Blade 1 Y translation displacement, node 27, m
        198   -1.804E+02                                 F               0         Blade 1 Z translation displacement, node 27, m
        199   -2.458E+00                                 F               0         Blade 1 X translation displacement, node 28, m
        200    9.431E+01                                 F               0         Blade 1 Y translation displacement, node 28, m
        201   -1.854E+02                                 F               0         Blade 1 Z translation displacement, node 28, m
        202    9.389E-01,  2.782E-01,  2.028E-01         F               0         Blade 1 X orientation angle, node 1, rad
        203    3.182E-01, -4.762E-01, -8.197E-01         F               0         Blade 1 Y orientation angle, node 1, rad
        204   -1.315E-01,  8.342E-01, -5.356E-01         F               0         Blade 1 Z orientation angle, node 1, rad
        205    9.389E-01,  2.782E-01,  2.028E-01         F               0         Blade 1 X orientation angle, node 2, rad
        206    3.182E-01, -4.762E-01, -8.197E-01         F               0         Blade 1 Y orientation angle, node 2, rad
        207   -1.315E-01,  8.342E-01, -5.356E-01         F               0         Blade 1 Z orientation angle, node 2, rad
        208    9.875E-01,  1.574E-01,  2.730E-03         F               0         Blade 1 X orientation angle, node 3, rad
        209    8.659E-02, -5.286E-01, -8.445E-01         F               0         Blade 1 Y orientation angle, node 3, rad
        210   -1.315E-01,  8.342E-01, -5.356E-01         F               0         Blade 1 Z orientation angle, node 3, rad
        211    9.903E-01,  1.350E-01, -3.293E-02         F               0         Blade 1 X orientation angle, node 4, rad
        212    4.482E-02, -5.348E-01, -8.438E-01         F               0         Blade 1 Y orientation angle, node 4, rad
        213   -1.315E-01,  8.342E-01, -5.356E-01         F               0         Blade 1 Z orientation angle, node 4, rad
        214    9.912E-01,  1.172E-01, -6.089E-02         F               0         Blade 1 X orientation angle, node 5, rad
        215    1.196E-02, -5.389E-01, -8.423E-01         F               0         Blade 1 Y orientation angle, node 5, rad
        216   -1.315E-01,  8.342E-01, -5.356E-01         F               0         Blade 1 Z orientation angle, node 5, rad
        217    9.912E-01,  1.028E-01, -8.321E-02         F               0         Blade 1 X orientation angle, node 6, rad
        218   -1.434E-02, -5.419E-01, -8.404E-01         F               0         Blade 1 Y orientation angle, node 6, rad
        219   -1.315E-01,  8.342E-01, -5.356E-01         F               0         Blade 1 Z orientation angle, node 6, rad
        220    9.907E-01,  9.097E-02, -1.015E-01         F               0         Blade 1 X orientation angle, node 7, rad
        221   -3.596E-02, -5.440E-01, -8.383E-01         F               0         Blade 1 Y orientation angle, node 7, rad
        222   -1.315E-01,  8.342E-01, -5.356E-01         F               0         Blade 1 Z orientation angle, node 7, rad
        223    9.898E-01,  8.109E-02, -1.167E-01         F               0         Blade 1 X orientation angle, node 8, rad
        224   -5.393E-02, -5.455E-01, -8.364E-01         F               0         Blade 1 Y orientation angle, node 8, rad
        225   -1.315E-01,  8.342E-01, -5.356E-01         F               0         Blade 1 Z orientation angle, node 8, rad
        226    9.889E-01,  7.270E-02, -1.296E-01         F               0         Blade 1 X orientation angle, node 9, rad
        227   -6.913E-02, -5.467E-01, -8.345E-01         F               0         Blade 1 Y orientation angle, node 9, rad
        228   -1.315E-01,  8.342E-01, -5.356E-01         F               0         Blade 1 Z orientation angle, node 9, rad
        229    9.879E-01,  6.544E-02, -1.406E-01         F               0         Blade 1 X orientation angle, node 10, rad
        230   -8.224E-02, -5.476E-01, -8.327E-01         F               0         Blade 1 Y orientation angle, node 10, rad
        231   -1.315E-01,  8.342E-01, -5.356E-01         F               0         Blade 1 Z orientation angle, node 10, rad
        232    9.869E-01,  5.922E-02, -1.500E-01         F               0         Blade 1 X orientation angle, node 11, rad
        233   -9.344E-02, -5.483E-01, -8.310E-01         F               0         Blade 1 Y orientation angle, node 11, rad
        234   -1.315E-01,  8.342E-01, -5.356E-01         F               0         Blade 1 Z orientation angle, node 11, rad
        235    9.859E-01,  5.376E-02, -1.583E-01         F               0         Blade 1 X orientation angle, node 12, rad
        236   -1.033E-01, -5.489E-01, -8.295E-01         F               0         Blade 1 Y orientation angle, node 12, rad
        237   -1.315E-01,  8.342E-01, -5.356E-01         F               0         Blade 1 Z orientation angle, node 12, rad
        238    9.850E-01,  4.897E-02, -1.655E-01         F               0         Blade 1 X orientation angle, node 13, rad
        239   -1.119E-01, -5.493E-01, -8.281E-01         F               0         Blade 1 Y orientation angle, node 13, rad
        240   -1.315E-01,  8.342E-01, -5.356E-01         F               0         Blade 1 Z orientation angle, node 13, rad
        241    9.841E-01,  4.466E-02, -1.720E-01         F               0         Blade 1 X orientation angle, node 14, rad
        242   -1.196E-01, -5.497E-01, -8.268E-01         F               0         Blade 1 Y orientation angle, node 14, rad
        243   -1.315E-01,  8.342E-01, -5.356E-01         F               0         Blade 1 Z orientation angle, node 14, rad
        244    9.832E-01,  4.082E-02, -1.778E-01         F               0         Blade 1 X orientation angle, node 15, rad
        245   -1.265E-01, -5.500E-01, -8.255E-01         F               0         Blade 1 Y orientation angle, node 15, rad
        246   -1.315E-01,  8.342E-01, -5.356E-01         F               0         Blade 1 Z orientation angle, node 15, rad
        247    9.824E-01,  3.736E-02, -1.830E-01         F               0         Blade 1 X orientation angle, node 16, rad
        248   -1.326E-01, -5.503E-01, -8.244E-01         F               0         Blade 1 Y orientation angle, node 16, rad
        249   -1.315E-01,  8.342E-01, -5.356E-01         F               0         Blade 1 Z orientation angle, node 16, rad
        250    9.816E-01,  3.429E-02, -1.876E-01         F               0         Blade 1 X orientation angle, node 17, rad
        251   -1.381E-01, -5.505E-01, -8.234E-01         F               0         Blade 1 Y orientation angle, node 17, rad
        252   -1.315E-01,  8.342E-01, -5.356E-01         F               0         Blade 1 Z orientation angle, node 17, rad
        253    9.809E-01,  3.140E-02, -1.919E-01         F               0         Blade 1 X orientation angle, node 18, rad
        254   -1.433E-01, -5.506E-01, -8.224E-01         F               0         Blade 1 Y orientation angle, node 18, rad
        255   -1.315E-01,  8.342E-01, -5.356E-01         F               0         Blade 1 Z orientation angle, node 18, rad
        256    9.802E-01,  2.881E-02, -1.958E-01         F               0         Blade 1 X orientation angle, node 19, rad
        257   -1.479E-01, -5.508E-01, -8.215E-01         F               0         Blade 1 Y orientation angle, node 19, rad
        258   -1.315E-01,  8.342E-01, -5.356E-01         F               0         Blade 1 Z orientation angle, node 19, rad
        259    9.796E-01,  2.650E-02, -1.992E-01         F               0         Blade 1 X orientation angle, node 20, rad
        260   -1.520E-01, -5.509E-01, -8.206E-01         F               0         Blade 1 Y orientation angle, node 20, rad
        261   -1.315E-01,  8.342E-01, -5.356E-01         F               0         Blade 1 Z orientation angle, node 20, rad
        262    9.790E-01,  2.429E-02, -2.025E-01         F               0         Blade 1 X orientation angle, node 21, rad
        263   -1.559E-01, -5.510E-01, -8.198E-01         F               0         Blade 1 Y orientation angle, node 21, rad
        264   -1.315E-01,  8.342E-01, -5.356E-01         F               0         Blade 1 Z orientation angle, node 21, rad
        265    9.784E-01,  2.227E-02, -2.055E-01         F               0         Blade 1 X orientation angle, node 22, rad
        266   -1.595E-01, -5.511E-01, -8.191E-01         F               0         Blade 1 Y orientation angle, node 22, rad
        267   -1.315E-01,  8.342E-01, -5.356E-01         F               0         Blade 1 Z orientation angle, node 22, rad
        268    9.779E-01,  2.044E-02, -2.082E-01         F               0         Blade 1 X orientation angle, node 23, rad
        269   -1.627E-01, -5.511E-01, -8.184E-01         F               0         Blade 1 Y orientation angle, node 23, rad
        270   -1.315E-01,  8.342E-01, -5.356E-01         F               0         Blade 1 Z orientation angle, node 23, rad
        271    9.774E-01,  1.871E-02, -2.108E-01         F               0         Blade 1 X orientation angle, node 24, rad
        272   -1.658E-01, -5.512E-01, -8.177E-01         F               0         Blade 1 Y orientation angle, node 24, rad
        273   -1.315E-01,  8.342E-01, -5.356E-01         F               0         Blade 1 Z orientation angle, node 24, rad
        274    9.769E-01,  1.708E-02, -2.132E-01         F               0         Blade 1 X orientation angle, node 25, rad
        275   -1.687E-01, -5.513E-01, -8.171E-01         F               0         Blade 1 Y orientation angle, node 25, rad
        276   -1.315E-01,  8.342E-01, -5.356E-01         F               0         Blade 1 Z orientation angle, node 25, rad
        277    9.764E-01,  1.563E-02, -2.154E-01         F               0         Blade 1 X orientation angle, node 26, rad
        278   -1.713E-01, -5.513E-01, -8.165E-01         F               0         Blade 1 Y orientation angle, node 26, rad
        279   -1.315E-01,  8.342E-01, -5.356E-01         F               0         Blade 1 Z orientation angle, node 26, rad
        280    9.760E-01,  1.419E-02, -2.175E-01         F               0         Blade 1 X orientation angle, node 27, rad
        281   -1.738E-01, -5.513E-01, -8.160E-01         F               0         Blade 1 Y orientation angle, node 27, rad
        282   -1.315E-01,  8.342E-01, -5.356E-01         F               0         Blade 1 Z orientation angle, node 27, rad
        283    9.757E-01,  1.342E-02, -2.186E-01         F               0         Blade 1 X orientation angle, node 28, rad
        284   -1.752E-01, -5.514E-01, -8.157E-01         F               0         Blade 1 Y orientation angle, node 28, rad
        285   -1.315E-01,  8.342E-01, -5.356E-01         F               0         Blade 1 Z orientation angle, node 28, rad
        286    8.465E-01                                 F               0         Blade 1 X translation velocity, node 1, m/s
        287    2.644E+00                                 F               0         Blade 1 Y translation velocity, node 1, m/s
        288    3.979E+00                                 F               0         Blade 1 Z translation velocity, node 1, m/s
        289    1.051E+00                                 F               0         Blade 1 X translation velocity, node 2, m/s
        290    3.291E+00                                 F               0         Blade 1 Y translation velocity, node 2, m/s
        291    4.938E+00                                 F               0         Blade 1 Z translation velocity, node 2, m/s
        292    3.829E+00                                 F               0         Blade 1 X translation velocity, node 3, m/s
        293    1.210E+01                                 F               0         Blade 1 Y translation velocity, node 3, m/s
        294    1.797E+01                                 F               0         Blade 1 Z translation velocity, node 3, m/s
        295    4.421E+00                                 F               0         Blade 1 X translation velocity, node 4, m/s
        296    1.397E+01                                 F               0         Blade 1 Y translation velocity, node 4, m/s
        297    2.074E+01                                 F               0         Blade 1 Z translation velocity, node 4, m/s
        298    5.014E+00                                 F               0         Blade 1 X translation velocity, node 5, m/s
        299    1.585E+01                                 F               0         Blade 1 Y translation velocity, node 5, m/s
        300    2.352E+01                                 F               0         Blade 1 Z translation velocity, node 5, m/s
        301    5.606E+00                                 F               0         Blade 1 X translation velocity, node 6, m/s
        302    1.772E+01                                 F               0         Blade 1 Y translation velocity, node 6, m/s
        303    2.630E+01                                 F               0         Blade 1 Z translation velocity, node 6, m/s
        304    6.198E+00                                 F               0         Blade 1 X translation velocity, node 7, m/s
        305    1.960E+01                                 F               0         Blade 1 Y translation velocity, node 7, m/s
        306    2.907E+01                                 F               0         Blade 1 Z translation velocity, node 7, m/s
        307    6.790E+00                                 F               0         Blade 1 X translation velocity, node 8, m/s
