
Linearized model: Predictions were generated on 30-Jan-2024 at 18:20:32 using OpenFAST, compiled as a 64-bit application using single precision at commit v3.5.1
 linked with  NWTC Subroutine Library; ElastoDyn; InflowWind; AeroDyn; ServoDyn; HydroDyn; MAP++ (<1.20.10>, <Oct-20-2023>)

Description from the FAST input file: CCT-9 Campign 4 model. Input files to be run with OpenFAST 3.5.0. GitHub branch from Lu Wang (https://github.com/luwang00/openfast/tree/dev) compiled on March 7, 2023.

Simulation information:
   Simulation time:                   500.2500 s
   Rotor Speed:                         0.8797 rad/s
   Azimuth:                             5.3799 rad
   Wind Speed:                         10.0000 m/s
   Number of continuous states:         0
   Number of discrete states:           0
   Number of constraint states:         0
   Number of inputs:                 1746
   Number of outputs:                   4
   Jacobians included in this file?    No

Order of inputs:
     Column   Operating Point                     Rotating Frame? Derivative Order Description
   ---------- ---------------                     --------------- ---------------- -----------
          1    1.099E+01                                 F               0         Tower X translation displacement, node 1, m
          2   -1.129E+00                                 F               0         Tower Y translation displacement, node 1, m
          3   -3.091E-01                                 F               0         Tower Z translation displacement, node 1, m
          4    1.241E+01                                 F               0         Tower X translation displacement, node 2, m
          5   -1.644E+00                                 F               0         Tower Y translation displacement, node 2, m
          6   -4.015E-01                                 F               0         Tower Z translation displacement, node 2, m
          7    1.382E+01                                 F               0         Tower X translation displacement, node 3, m
          8   -2.160E+00                                 F               0         Tower Y translation displacement, node 3, m
          9   -4.939E-01                                 F               0         Tower Z translation displacement, node 3, m
         10    1.524E+01                                 F               0         Tower X translation displacement, node 4, m
         11   -2.676E+00                                 F               0         Tower Y translation displacement, node 4, m
         12   -5.862E-01                                 F               0         Tower Z translation displacement, node 4, m
         13    1.666E+01                                 F               0         Tower X translation displacement, node 5, m
         14   -3.191E+00                                 F               0         Tower Y translation displacement, node 5, m
         15   -6.786E-01                                 F               0         Tower Z translation displacement, node 5, m
         16    1.807E+01                                 F               0         Tower X translation displacement, node 6, m
         17   -3.707E+00                                 F               0         Tower Y translation displacement, node 6, m
         18   -7.710E-01                                 F               0         Tower Z translation displacement, node 6, m
         19    1.949E+01                                 F               0         Tower X translation displacement, node 7, m
         20   -4.222E+00                                 F               0         Tower Y translation displacement, node 7, m
         21   -8.633E-01                                 F               0         Tower Z translation displacement, node 7, m
         22    2.091E+01                                 F               0         Tower X translation displacement, node 8, m
         23   -4.738E+00                                 F               0         Tower Y translation displacement, node 8, m
         24   -9.557E-01                                 F               0         Tower Z translation displacement, node 8, m
         25    2.233E+01                                 F               0         Tower X translation displacement, node 9, m
         26   -5.253E+00                                 F               0         Tower Y translation displacement, node 9, m
         27   -1.048E+00                                 F               0         Tower Z translation displacement, node 9, m
         28    2.374E+01                                 F               0         Tower X translation displacement, node 10, m
         29   -5.769E+00                                 F               0         Tower Y translation displacement, node 10, m
         30   -1.140E+00                                 F               0         Tower Z translation displacement, node 10, m
         31    2.516E+01                                 F               0         Tower X translation displacement, node 11, m
         32   -6.284E+00                                 F               0         Tower Y translation displacement, node 11, m
         33   -1.233E+00                                 F               0         Tower Z translation displacement, node 11, m
         34    9.934E-01,  9.937E-03, -1.144E-01         F               0         Tower X orientation angle, node 1, rad
         35   -5.090E-03,  9.991E-01,  4.259E-02         F               0         Tower Y orientation angle, node 1, rad
         36    1.147E-01, -4.173E-02,  9.925E-01         F               0         Tower Z orientation angle, node 1, rad
         37    9.934E-01,  9.937E-03, -1.144E-01         F               0         Tower X orientation angle, node 2, rad
         38   -5.090E-03,  9.991E-01,  4.259E-02         F               0         Tower Y orientation angle, node 2, rad
         39    1.147E-01, -4.173E-02,  9.925E-01         F               0         Tower Z orientation angle, node 2, rad
         40    9.934E-01,  9.937E-03, -1.144E-01         F               0         Tower X orientation angle, node 3, rad
         41   -5.090E-03,  9.991E-01,  4.259E-02         F               0         Tower Y orientation angle, node 3, rad
         42    1.147E-01, -4.173E-02,  9.925E-01         F               0         Tower Z orientation angle, node 3, rad
         43    9.934E-01,  9.937E-03, -1.144E-01         F               0         Tower X orientation angle, node 4, rad
         44   -5.090E-03,  9.991E-01,  4.259E-02         F               0         Tower Y orientation angle, node 4, rad
         45    1.147E-01, -4.173E-02,  9.925E-01         F               0         Tower Z orientation angle, node 4, rad
         46    9.934E-01,  9.937E-03, -1.144E-01         F               0         Tower X orientation angle, node 5, rad
         47   -5.090E-03,  9.991E-01,  4.259E-02         F               0         Tower Y orientation angle, node 5, rad
         48    1.147E-01, -4.173E-02,  9.925E-01         F               0         Tower Z orientation angle, node 5, rad
         49    9.934E-01,  9.937E-03, -1.144E-01         F               0         Tower X orientation angle, node 6, rad
         50   -5.090E-03,  9.991E-01,  4.259E-02         F               0         Tower Y orientation angle, node 6, rad
         51    1.147E-01, -4.173E-02,  9.925E-01         F               0         Tower Z orientation angle, node 6, rad
         52    9.934E-01,  9.937E-03, -1.144E-01         F               0         Tower X orientation angle, node 7, rad
         53   -5.090E-03,  9.991E-01,  4.259E-02         F               0         Tower Y orientation angle, node 7, rad
         54    1.147E-01, -4.173E-02,  9.925E-01         F               0         Tower Z orientation angle, node 7, rad
         55    9.934E-01,  9.937E-03, -1.144E-01         F               0         Tower X orientation angle, node 8, rad
         56   -5.090E-03,  9.991E-01,  4.259E-02         F               0         Tower Y orientation angle, node 8, rad
         57    1.147E-01, -4.173E-02,  9.925E-01         F               0         Tower Z orientation angle, node 8, rad
         58    9.934E-01,  9.937E-03, -1.144E-01         F               0         Tower X orientation angle, node 9, rad
         59   -5.090E-03,  9.991E-01,  4.259E-02         F               0         Tower Y orientation angle, node 9, rad
         60    1.147E-01, -4.173E-02,  9.925E-01         F               0         Tower Z orientation angle, node 9, rad
         61    9.934E-01,  9.937E-03, -1.144E-01         F               0         Tower X orientation angle, node 10, rad
         62   -5.090E-03,  9.991E-01,  4.259E-02         F               0         Tower Y orientation angle, node 10, rad
         63    1.147E-01, -4.173E-02,  9.925E-01         F               0         Tower Z orientation angle, node 10, rad
         64    9.934E-01,  9.937E-03, -1.144E-01         F               0         Tower X orientation angle, node 11, rad
         65   -5.090E-03,  9.991E-01,  4.259E-02         F               0         Tower Y orientation angle, node 11, rad
         66    1.147E-01, -4.173E-02,  9.925E-01         F               0         Tower Z orientation angle, node 11, rad
         67   -2.437E-03                                 F               0         Tower X translation velocity, node 1, m/s
         68    5.768E-03                                 F               0         Tower Y translation velocity, node 1, m/s
         69   -1.484E-03                                 F               0         Tower Z translation velocity, node 1, m/s
         70   -2.254E-03                                 F               0         Tower X translation velocity, node 2, m/s
         71    8.057E-03                                 F               0         Tower Y translation velocity, node 2, m/s
         72   -1.409E-03                                 F               0         Tower Z translation velocity, node 2, m/s
         73   -2.071E-03                                 F               0         Tower X translation velocity, node 3, m/s
         74    1.035E-02                                 F               0         Tower Y translation velocity, node 3, m/s
         75   -1.334E-03                                 F               0         Tower Z translation velocity, node 3, m/s
         76   -1.889E-03                                 F               0         Tower X translation velocity, node 4, m/s
         77    1.264E-02                                 F               0         Tower Y translation velocity, node 4, m/s
         78   -1.258E-03                                 F               0         Tower Z translation velocity, node 4, m/s
         79   -1.706E-03                                 F               0         Tower X translation velocity, node 5, m/s
         80    1.493E-02                                 F               0         Tower Y translation velocity, node 5, m/s
         81   -1.183E-03                                 F               0         Tower Z translation velocity, node 5, m/s
         82   -1.524E-03                                 F               0         Tower X translation velocity, node 6, m/s
         83    1.721E-02                                 F               0         Tower Y translation velocity, node 6, m/s
         84   -1.108E-03                                 F               0         Tower Z translation velocity, node 6, m/s
         85   -1.341E-03                                 F               0         Tower X translation velocity, node 7, m/s
         86    1.950E-02                                 F               0         Tower Y translation velocity, node 7, m/s
         87   -1.033E-03                                 F               0         Tower Z translation velocity, node 7, m/s
         88   -1.158E-03                                 F               0         Tower X translation velocity, node 8, m/s
         89    2.179E-02                                 F               0         Tower Y translation velocity, node 8, m/s
         90   -9.578E-04                                 F               0         Tower Z translation velocity, node 8, m/s
         91   -9.758E-04                                 F               0         Tower X translation velocity, node 9, m/s
         92    2.408E-02                                 F               0         Tower Y translation velocity, node 9, m/s
         93   -8.826E-04                                 F               0         Tower Z translation velocity, node 9, m/s
         94   -7.932E-04                                 F               0         Tower X translation velocity, node 10, m/s
         95    2.637E-02                                 F               0         Tower Y translation velocity, node 10, m/s
         96   -8.075E-04                                 F               0         Tower Z translation velocity, node 10, m/s
         97   -6.106E-04                                 F               0         Tower X translation velocity, node 11, m/s
         98    2.866E-02                                 F               0         Tower Y translation velocity, node 11, m/s
         99   -7.324E-04                                 F               0         Tower Z translation velocity, node 11, m/s
        100    2.613E+01                                 F               0         Hub X translation displacement, node 1, m
        101   -6.719E+00                                 F               0         Hub Y translation displacement, node 1, m
        102   -5.613E-02                                 F               0         Hub Z translation displacement, node 1, m
        103    9.760E-01,  1.424E-02, -2.175E-01         F               0         Hub X orientation angle, node 1, rad
        104   -1.743E-01,  6.503E-01, -7.395E-01         F               0         Hub Y orientation angle, node 1, rad
        105    1.309E-01,  7.596E-01,  6.371E-01         F               0         Hub Z orientation angle, node 1, rad
        106    8.584E-01                                 F               0         Hub X rotation velocity, node 1, rad/s
        107    1.255E-02                                 F               0         Hub Y rotation velocity, node 1, rad/s
        108   -1.913E-01                                 F               0         Hub Z rotation velocity, node 1, rad/s
        109    9.807E-01, -5.053E-03, -1.955E-01         F               0         Blade root 1 X orientation angle, node 1, rad
        110   -1.453E-01,  6.504E-01, -7.456E-01         F               0         Blade root 1 Y orientation angle, node 1, rad
        111    1.309E-01,  7.596E-01,  6.371E-01         F               0         Blade root 1 Z orientation angle, node 1, rad
        112    9.696E-01,  4.368E-03, -2.447E-01         F               0         Blade root 2 X orientation angle, node 1, rad
        113    2.294E-01,  3.330E-01,  9.146E-01         F               0         Blade root 2 Y orientation angle, node 1, rad
        114    8.549E-02, -9.429E-01,  3.218E-01         F               0         Blade root 2 Z orientation angle, node 1, rad
        115    9.763E-01,  4.340E-02, -2.120E-01         F               0         Blade root 3 X orientation angle, node 1, rad
        116    2.746E-03, -9.821E-01, -1.884E-01         F               0         Blade root 3 Y orientation angle, node 1, rad
        117   -2.164E-01,  1.833E-01, -9.589E-01         F               0         Blade root 3 Z orientation angle, node 1, rad
        118    2.628E+01                                 F               0         Blade 1 X translation displacement, node 1, m
        119   -2.511E+00                                 F               0         Blade 1 Y translation displacement, node 1, m
        120   -2.036E+00                                 F               0         Blade 1 Z translation displacement, node 1, m
        121    2.631E+01                                 F               0         Blade 1 X translation displacement, node 2, m
        122   -1.497E+00                                 F               0         Blade 1 Y translation displacement, node 2, m
        123   -2.513E+00                                 F               0         Blade 1 Z translation displacement, node 2, m
        124    2.679E+01                                 F               0         Blade 1 X translation displacement, node 3, m
        125    1.229E+01                                 F               0         Blade 1 Y translation displacement, node 3, m
        126   -9.001E+00                                 F               0         Blade 1 Z translation displacement, node 3, m
        127    2.689E+01                                 F               0         Blade 1 X translation displacement, node 4, m
        128    1.523E+01                                 F               0         Blade 1 Y translation displacement, node 4, m
        129   -1.038E+01                                 F               0         Blade 1 Z translation displacement, node 4, m
        130    2.700E+01                                 F               0         Blade 1 X translation displacement, node 5, m
        131    1.817E+01                                 F               0         Blade 1 Y translation displacement, node 5, m
        132   -1.177E+01                                 F               0         Blade 1 Z translation displacement, node 5, m
        133    2.710E+01                                 F               0         Blade 1 X translation displacement, node 6, m
        134    2.110E+01                                 F               0         Blade 1 Y translation displacement, node 6, m
        135   -1.315E+01                                 F               0         Blade 1 Z translation displacement, node 6, m
        136    2.720E+01                                 F               0         Blade 1 X translation displacement, node 7, m
        137    2.404E+01                                 F               0         Blade 1 Y translation displacement, node 7, m
        138   -1.453E+01                                 F               0         Blade 1 Z translation displacement, node 7, m
        139    2.730E+01                                 F               0         Blade 1 X translation displacement, node 8, m
        140    2.698E+01                                 F               0         Blade 1 Y translation displacement, node 8, m
        141   -1.591E+01                                 F               0         Blade 1 Z translation displacement, node 8, m
        142    2.740E+01                                 F               0         Blade 1 X translation displacement, node 9, m
        143    2.992E+01                                 F               0         Blade 1 Y translation displacement, node 9, m
        144   -1.730E+01                                 F               0         Blade 1 Z translation displacement, node 9, m
        145    2.751E+01                                 F               0         Blade 1 X translation displacement, node 10, m
        146    3.286E+01                                 F               0         Blade 1 Y translation displacement, node 10, m
        147   -1.868E+01                                 F               0         Blade 1 Z translation displacement, node 10, m
        148    2.761E+01                                 F               0         Blade 1 X translation displacement, node 11, m
        149    3.579E+01                                 F               0         Blade 1 Y translation displacement, node 11, m
        150   -2.006E+01                                 F               0         Blade 1 Z translation displacement, node 11, m
        151    2.771E+01                                 F               0         Blade 1 X translation displacement, node 12, m
        152    3.873E+01                                 F               0         Blade 1 Y translation displacement, node 12, m
        153   -2.144E+01                                 F               0         Blade 1 Z translation displacement, node 12, m
        154    2.781E+01                                 F               0         Blade 1 X translation displacement, node 13, m
        155    4.167E+01                                 F               0         Blade 1 Y translation displacement, node 13, m
        156   -2.283E+01                                 F               0         Blade 1 Z translation displacement, node 13, m
        157    2.791E+01                                 F               0         Blade 1 X translation displacement, node 14, m
        158    4.461E+01                                 F               0         Blade 1 Y translation displacement, node 14, m
        159   -2.421E+01                                 F               0         Blade 1 Z translation displacement, node 14, m
        160    2.802E+01                                 F               0         Blade 1 X translation displacement, node 15, m
        161    4.755E+01                                 F               0         Blade 1 Y translation displacement, node 15, m
        162   -2.559E+01                                 F               0         Blade 1 Z translation displacement, node 15, m
        163    2.812E+01                                 F               0         Blade 1 X translation displacement, node 16, m
        164    5.048E+01                                 F               0         Blade 1 Y translation displacement, node 16, m
        165   -2.697E+01                                 F               0         Blade 1 Z translation displacement, node 16, m
        166    2.822E+01                                 F               0         Blade 1 X translation displacement, node 17, m
        167    5.342E+01                                 F               0         Blade 1 Y translation displacement, node 17, m
        168   -2.835E+01                                 F               0         Blade 1 Z translation displacement, node 17, m
        169    2.832E+01                                 F               0         Blade 1 X translation displacement, node 18, m
        170    5.636E+01                                 F               0         Blade 1 Y translation displacement, node 18, m
        171   -2.974E+01                                 F               0         Blade 1 Z translation displacement, node 18, m
        172    2.842E+01                                 F               0         Blade 1 X translation displacement, node 19, m
        173    5.930E+01                                 F               0         Blade 1 Y translation displacement, node 19, m
        174   -3.112E+01                                 F               0         Blade 1 Z translation displacement, node 19, m
        175    2.853E+01                                 F               0         Blade 1 X translation displacement, node 20, m
        176    6.223E+01                                 F               0         Blade 1 Y translation displacement, node 20, m
        177   -3.250E+01                                 F               0         Blade 1 Z translation displacement, node 20, m
        178    2.863E+01                                 F               0         Blade 1 X translation displacement, node 21, m
        179    6.517E+01                                 F               0         Blade 1 Y translation displacement, node 21, m
        180   -3.388E+01                                 F               0         Blade 1 Z translation displacement, node 21, m
        181    2.873E+01                                 F               0         Blade 1 X translation displacement, node 22, m
        182    6.811E+01                                 F               0         Blade 1 Y translation displacement, node 22, m
        183   -3.527E+01                                 F               0         Blade 1 Z translation displacement, node 22, m
        184    2.883E+01                                 F               0         Blade 1 X translation displacement, node 23, m
        185    7.105E+01                                 F               0         Blade 1 Y translation displacement, node 23, m
        186   -3.665E+01                                 F               0         Blade 1 Z translation displacement, node 23, m
        187    2.893E+01                                 F               0         Blade 1 X translation displacement, node 24, m
        188    7.399E+01                                 F               0         Blade 1 Y translation displacement, node 24, m
        189   -3.803E+01                                 F               0         Blade 1 Z translation displacement, node 24, m
        190    2.904E+01                                 F               0         Blade 1 X translation displacement, node 25, m
        191    7.692E+01                                 F               0         Blade 1 Y translation displacement, node 25, m
        192   -3.941E+01                                 F               0         Blade 1 Z translation displacement, node 25, m
        193    2.914E+01                                 F               0         Blade 1 X translation displacement, node 26, m
        194    7.986E+01                                 F               0         Blade 1 Y translation displacement, node 26, m
        195   -4.080E+01                                 F               0         Blade 1 Z translation displacement, node 26, m
        196    2.924E+01                                 F               0         Blade 1 X translation displacement, node 27, m
        197    8.280E+01                                 F               0         Blade 1 Y translation displacement, node 27, m
        198   -4.218E+01                                 F               0         Blade 1 Z translation displacement, node 27, m
        199    2.933E+01                                 F               0         Blade 1 X translation displacement, node 28, m
        200    8.529E+01                                 F               0         Blade 1 Y translation displacement, node 28, m
        201   -4.335E+01                                 F               0         Blade 1 Z translation displacement, node 28, m
        202    9.390E-01, -3.011E-01,  1.660E-01         F               0         Blade 1 X orientation angle, node 1, rad
        203    3.179E-01,  5.765E-01, -7.527E-01         F               0         Blade 1 Y orientation angle, node 1, rad
        204    1.309E-01,  7.596E-01,  6.371E-01         F               0         Blade 1 Z orientation angle, node 1, rad
        205    9.390E-01, -3.011E-01,  1.660E-01         F               0         Blade 1 X orientation angle, node 2, rad
        206    3.179E-01,  5.765E-01, -7.527E-01         F               0         Blade 1 Y orientation angle, node 2, rad
        207    1.309E-01,  7.596E-01,  6.371E-01         F               0         Blade 1 Z orientation angle, node 2, rad
        208    9.876E-01, -1.559E-01, -1.709E-02         F               0         Blade 1 X orientation angle, node 3, rad
        209    8.632E-02,  6.315E-01, -7.706E-01         F               0         Blade 1 Y orientation angle, node 3, rad
        210    1.309E-01,  7.596E-01,  6.371E-01         F               0         Blade 1 Z orientation angle, node 3, rad
        211    9.904E-01, -1.291E-01, -4.961E-02         F               0         Blade 1 X orientation angle, node 4, rad
        212    4.454E-02,  6.375E-01, -7.692E-01         F               0         Blade 1 Y orientation angle, node 4, rad
        213    1.309E-01,  7.596E-01,  6.371E-01         F               0         Blade 1 Z orientation angle, node 4, rad
        214    9.913E-01, -1.079E-01, -7.509E-02         F               0         Blade 1 X orientation angle, node 5, rad
        215    1.168E-02,  6.414E-01, -7.671E-01         F               0         Blade 1 Y orientation angle, node 5, rad
        216    1.309E-01,  7.596E-01,  6.371E-01         F               0         Blade 1 Z orientation angle, node 5, rad
        217    9.913E-01, -9.080E-02, -9.541E-02         F               0         Blade 1 X orientation angle, node 6, rad
        218   -1.462E-02,  6.440E-01, -7.649E-01         F               0         Blade 1 Y orientation angle, node 6, rad
        219    1.309E-01,  7.596E-01,  6.371E-01         F               0         Blade 1 Z orientation angle, node 6, rad
        220    9.907E-01, -7.673E-02, -1.121E-01         F               0         Blade 1 X orientation angle, node 7, rad
        221   -3.624E-02,  6.459E-01, -7.626E-01         F               0         Blade 1 Y orientation angle, node 7, rad
        222    1.309E-01,  7.596E-01,  6.371E-01         F               0         Blade 1 Z orientation angle, node 7, rad
        223    9.899E-01, -6.500E-02, -1.259E-01         F               0         Blade 1 X orientation angle, node 8, rad
        224   -5.422E-02,  6.472E-01, -7.604E-01         F               0         Blade 1 Y orientation angle, node 8, rad
        225    1.309E-01,  7.596E-01,  6.371E-01         F               0         Blade 1 Z orientation angle, node 8, rad
        226    9.890E-01, -5.505E-02, -1.376E-01         F               0         Blade 1 X orientation angle, node 9, rad
        227   -6.942E-02,  6.481E-01, -7.584E-01         F               0         Blade 1 Y orientation angle, node 9, rad
        228    1.309E-01,  7.596E-01,  6.371E-01         F               0         Blade 1 Z orientation angle, node 9, rad
        229    9.880E-01, -4.645E-02, -1.476E-01         F               0         Blade 1 X orientation angle, node 10, rad
        230   -8.253E-02,  6.488E-01, -7.565E-01         F               0         Blade 1 Y orientation angle, node 10, rad
        231    1.309E-01,  7.596E-01,  6.371E-01         F               0         Blade 1 Z orientation angle, node 10, rad
        232    9.870E-01, -3.908E-02, -1.562E-01         F               0         Blade 1 X orientation angle, node 11, rad
        233   -9.373E-02,  6.492E-01, -7.548E-01         F               0         Blade 1 Y orientation angle, node 11, rad
        234    1.309E-01,  7.596E-01,  6.371E-01         F               0         Blade 1 Z orientation angle, node 11, rad
        235    9.860E-01, -3.262E-02, -1.637E-01         F               0         Blade 1 X orientation angle, node 12, rad
        236   -1.035E-01,  6.496E-01, -7.532E-01         F               0         Blade 1 Y orientation angle, node 12, rad
        237    1.309E-01,  7.596E-01,  6.371E-01         F               0         Blade 1 Z orientation angle, node 12, rad
        238    9.850E-01, -2.695E-02, -1.702E-01         F               0         Blade 1 X orientation angle, node 13, rad
        239   -1.121E-01,  6.499E-01, -7.517E-01         F               0         Blade 1 Y orientation angle, node 13, rad
        240    1.309E-01,  7.596E-01,  6.371E-01         F               0         Blade 1 Z orientation angle, node 13, rad
        241    9.841E-01, -2.185E-02, -1.761E-01         F               0         Blade 1 X orientation angle, node 14, rad
        242   -1.199E-01,  6.500E-01, -7.504E-01         F               0         Blade 1 Y orientation angle, node 14, rad
        243    1.309E-01,  7.596E-01,  6.371E-01         F               0         Blade 1 Z orientation angle, node 14, rad
        244    9.833E-01, -1.731E-02, -1.814E-01         F               0         Blade 1 X orientation angle, node 15, rad
        245   -1.267E-01,  6.502E-01, -7.491E-01         F               0         Blade 1 Y orientation angle, node 15, rad
        246    1.309E-01,  7.596E-01,  6.371E-01         F               0         Blade 1 Z orientation angle, node 15, rad
        247    9.824E-01, -1.323E-02, -1.861E-01         F               0         Blade 1 X orientation angle, node 16, rad
        248   -1.329E-01,  6.503E-01, -7.480E-01         F               0         Blade 1 Y orientation angle, node 16, rad
        249    1.309E-01,  7.596E-01,  6.371E-01         F               0         Blade 1 Z orientation angle, node 16, rad
        250    9.817E-01, -9.593E-03, -1.903E-01         F               0         Blade 1 X orientation angle, node 17, rad
        251   -1.384E-01,  6.503E-01, -7.469E-01         F               0         Blade 1 Y orientation angle, node 17, rad
        252    1.309E-01,  7.596E-01,  6.371E-01         F               0         Blade 1 Z orientation angle, node 17, rad
        253    9.809E-01, -6.188E-03, -1.942E-01         F               0         Blade 1 X orientation angle, node 18, rad
        254   -1.435E-01,  6.504E-01, -7.459E-01         F               0         Blade 1 Y orientation angle, node 18, rad
        255    1.309E-01,  7.596E-01,  6.371E-01         F               0         Blade 1 Z orientation angle, node 18, rad
        256    9.803E-01, -3.123E-03, -1.977E-01         F               0         Blade 1 X orientation angle, node 19, rad
        257   -1.482E-01,  6.504E-01, -7.450E-01         F               0         Blade 1 Y orientation angle, node 19, rad
        258    1.309E-01,  7.596E-01,  6.371E-01         F               0         Blade 1 Z orientation angle, node 19, rad
        259    9.796E-01, -3.987E-04, -2.008E-01         F               0         Blade 1 X orientation angle, node 20, rad
        260   -1.523E-01,  6.504E-01, -7.442E-01         F               0         Blade 1 Y orientation angle, node 20, rad
        261    1.309E-01,  7.596E-01,  6.371E-01         F               0         Blade 1 Z orientation angle, node 20, rad
        262    9.790E-01,  2.212E-03, -2.038E-01         F               0         Blade 1 X orientation angle, node 21, rad
        263   -1.562E-01,  6.504E-01, -7.434E-01         F               0         Blade 1 Y orientation angle, node 21, rad
        264    1.309E-01,  7.596E-01,  6.371E-01         F               0         Blade 1 Z orientation angle, node 21, rad
        265    9.784E-01,  4.596E-03, -2.065E-01         F               0         Blade 1 X orientation angle, node 22, rad
        266   -1.598E-01,  6.504E-01, -7.426E-01         F               0         Blade 1 Y orientation angle, node 22, rad
        267    1.309E-01,  7.596E-01,  6.371E-01         F               0         Blade 1 Z orientation angle, node 22, rad
        268    9.779E-01,  6.753E-03, -2.090E-01         F               0         Blade 1 X orientation angle, node 23, rad
        269   -1.630E-01,  6.504E-01, -7.419E-01         F               0         Blade 1 Y orientation angle, node 23, rad
        270    1.309E-01,  7.596E-01,  6.371E-01         F               0         Blade 1 Z orientation angle, node 23, rad
        271    9.774E-01,  8.796E-03, -2.113E-01         F               0         Blade 1 X orientation angle, node 24, rad
        272   -1.661E-01,  6.504E-01, -7.413E-01         F               0         Blade 1 Y orientation angle, node 24, rad
        273    1.309E-01,  7.596E-01,  6.371E-01         F               0         Blade 1 Z orientation angle, node 24, rad
        274    9.769E-01,  1.073E-02, -2.135E-01         F               0         Blade 1 X orientation angle, node 25, rad
        275   -1.690E-01,  6.503E-01, -7.406E-01         F               0         Blade 1 Y orientation angle, node 25, rad
        276    1.309E-01,  7.596E-01,  6.371E-01         F               0         Blade 1 Z orientation angle, node 25, rad
        277    9.764E-01,  1.243E-02, -2.154E-01         F               0         Blade 1 X orientation angle, node 26, rad
        278   -1.716E-01,  6.503E-01, -7.401E-01         F               0         Blade 1 Y orientation angle, node 26, rad
        279    1.309E-01,  7.596E-01,  6.371E-01         F               0         Blade 1 Z orientation angle, node 26, rad
        280    9.760E-01,  1.413E-02, -2.174E-01         F               0         Blade 1 X orientation angle, node 27, rad
        281   -1.741E-01,  6.503E-01, -7.395E-01         F               0         Blade 1 Y orientation angle, node 27, rad
        282    1.309E-01,  7.596E-01,  6.371E-01         F               0         Blade 1 Z orientation angle, node 27, rad
        283    9.757E-01,  1.504E-02, -2.184E-01         F               0         Blade 1 X orientation angle, node 28, rad
        284   -1.755E-01,  6.502E-01, -7.392E-01         F               0         Blade 1 Y orientation angle, node 28, rad
        285    1.309E-01,  7.596E-01,  6.371E-01         F               0         Blade 1 Z orientation angle, node 28, rad
        286    8.489E-01                                 F               0         Blade 1 X translation velocity, node 1, m/s
        287   -3.138E+00                                 F               0         Blade 1 Y translation velocity, node 1, m/s
        288    3.603E+00                                 F               0         Blade 1 Z translation velocity, node 1, m/s
        289    1.054E+00                                 F               0         Blade 1 X translation velocity, node 2, m/s
        290   -3.902E+00                                 F               0         Blade 1 Y translation velocity, node 2, m/s
        291    4.471E+00                                 F               0         Blade 1 Z translation velocity, node 2, m/s
        292    3.837E+00                                 F               0         Blade 1 X translation velocity, node 3, m/s
        293   -1.428E+01                                 F               0         Blade 1 Y translation velocity, node 3, m/s
        294    1.628E+01                                 F               0         Blade 1 Z translation velocity, node 3, m/s
        295    4.430E+00                                 F               0         Blade 1 X translation velocity, node 4, m/s
        296   -1.650E+01                                 F               0         Blade 1 Y translation velocity, node 4, m/s
        297    1.879E+01                                 F               0         Blade 1 Z translation velocity, node 4, m/s
        298    5.023E+00                                 F               0         Blade 1 X translation velocity, node 5, m/s
        299   -1.871E+01                                 F               0         Blade 1 Y translation velocity, node 5, m/s
        300    2.131E+01                                 F               0         Blade 1 Z translation velocity, node 5, m/s
        301    5.616E+00                                 F               0         Blade 1 X translation velocity, node 6, m/s
        302   -2.092E+01                                 F               0         Blade 1 Y translation velocity, node 6, m/s
        303    2.382E+01                                 F               0         Blade 1 Z translation velocity, node 6, m/s
        304    6.209E+00                                 F               0         Blade 1 X translation velocity, node 7, m/s
        305   -2.313E+01                                 F               0         Blade 1 Y translation velocity, node 7, m/s
        306    2.634E+01                                 F               0         Blade 1 Z translation velocity, node 7, m/s
        307    6.802E+00                                 F               0         Blade 1 X translation velocity, node 8, m/s
