
Linearized model: Predictions were generated on 30-Jan-2024 at 18:20:32 using OpenFAST, compiled as a 64-bit application using single precision at commit v3.5.1
 linked with  NWTC Subroutine Library; ElastoDyn; InflowWind; AeroDyn; ServoDyn; HydroDyn; MAP++ (<1.20.10>, <Oct-20-2023>)

Description from the FAST input file: CCT-9 Campign 4 model. Input files to be run with OpenFAST 3.5.0. GitHub branch from Lu Wang (https://github.com/luwang00/openfast/tree/dev) compiled on March 7, 2023.

Simulation information:
   Simulation time:                   502.4750 s
   Rotor Speed:                         0.8794 rad/s
   Azimuth:                             1.0537 rad
   Wind Speed:                         10.0000 m/s
   Number of continuous states:         0
   Number of discrete states:           0
   Number of constraint states:         0
   Number of inputs:                 1746
   Number of outputs:                   4
   Jacobians included in this file?    No

Order of inputs:
     Column   Operating Point                     Rotating Frame? Derivative Order Description
   ---------- ---------------                     --------------- ---------------- -----------
          1    1.098E+01                                 F               0         Tower X translation displacement, node 1, m
          2   -1.119E+00                                 F               0         Tower Y translation displacement, node 1, m
          3   -3.090E-01                                 F               0         Tower Z translation displacement, node 1, m
          4    1.240E+01                                 F               0         Tower X translation displacement, node 2, m
          5   -1.631E+00                                 F               0         Tower Y translation displacement, node 2, m
          6   -4.012E-01                                 F               0         Tower Z translation displacement, node 2, m
          7    1.382E+01                                 F               0         Tower X translation displacement, node 3, m
          8   -2.143E+00                                 F               0         Tower Y translation displacement, node 3, m
          9   -4.935E-01                                 F               0         Tower Z translation displacement, node 3, m
         10    1.524E+01                                 F               0         Tower X translation displacement, node 4, m
         11   -2.655E+00                                 F               0         Tower Y translation displacement, node 4, m
         12   -5.858E-01                                 F               0         Tower Z translation displacement, node 4, m
         13    1.665E+01                                 F               0         Tower X translation displacement, node 5, m
         14   -3.167E+00                                 F               0         Tower Y translation displacement, node 5, m
         15   -6.781E-01                                 F               0         Tower Z translation displacement, node 5, m
         16    1.807E+01                                 F               0         Tower X translation displacement, node 6, m
         17   -3.680E+00                                 F               0         Tower Y translation displacement, node 6, m
         18   -7.704E-01                                 F               0         Tower Z translation displacement, node 6, m
         19    1.949E+01                                 F               0         Tower X translation displacement, node 7, m
         20   -4.192E+00                                 F               0         Tower Y translation displacement, node 7, m
         21   -8.627E-01                                 F               0         Tower Z translation displacement, node 7, m
         22    2.091E+01                                 F               0         Tower X translation displacement, node 8, m
         23   -4.704E+00                                 F               0         Tower Y translation displacement, node 8, m
         24   -9.550E-01                                 F               0         Tower Z translation displacement, node 8, m
         25    2.232E+01                                 F               0         Tower X translation displacement, node 9, m
         26   -5.216E+00                                 F               0         Tower Y translation displacement, node 9, m
         27   -1.047E+00                                 F               0         Tower Z translation displacement, node 9, m
         28    2.374E+01                                 F               0         Tower X translation displacement, node 10, m
         29   -5.728E+00                                 F               0         Tower Y translation displacement, node 10, m
         30   -1.140E+00                                 F               0         Tower Z translation displacement, node 10, m
         31    2.516E+01                                 F               0         Tower X translation displacement, node 11, m
         32   -6.241E+00                                 F               0         Tower Y translation displacement, node 11, m
         33   -1.232E+00                                 F               0         Tower Z translation displacement, node 11, m
         34    9.934E-01,  9.915E-03, -1.144E-01         F               0         Tower X orientation angle, node 1, rad
         35   -5.097E-03,  9.991E-01,  4.232E-02         F               0         Tower Y orientation angle, node 1, rad
         36    1.147E-01, -4.146E-02,  9.925E-01         F               0         Tower Z orientation angle, node 1, rad
         37    9.934E-01,  9.915E-03, -1.144E-01         F               0         Tower X orientation angle, node 2, rad
         38   -5.097E-03,  9.991E-01,  4.232E-02         F               0         Tower Y orientation angle, node 2, rad
         39    1.147E-01, -4.146E-02,  9.925E-01         F               0         Tower Z orientation angle, node 2, rad
         40    9.934E-01,  9.915E-03, -1.144E-01         F               0         Tower X orientation angle, node 3, rad
         41   -5.097E-03,  9.991E-01,  4.232E-02         F               0         Tower Y orientation angle, node 3, rad
         42    1.147E-01, -4.146E-02,  9.925E-01         F               0         Tower Z orientation angle, node 3, rad
         43    9.934E-01,  9.915E-03, -1.144E-01         F               0         Tower X orientation angle, node 4, rad
         44   -5.097E-03,  9.991E-01,  4.232E-02         F               0         Tower Y orientation angle, node 4, rad
         45    1.147E-01, -4.146E-02,  9.925E-01         F               0         Tower Z orientation angle, node 4, rad
         46    9.934E-01,  9.915E-03, -1.144E-01         F               0         Tower X orientation angle, node 5, rad
         47   -5.097E-03,  9.991E-01,  4.232E-02         F               0         Tower Y orientation angle, node 5, rad
         48    1.147E-01, -4.146E-02,  9.925E-01         F               0         Tower Z orientation angle, node 5, rad
         49    9.934E-01,  9.915E-03, -1.144E-01         F               0         Tower X orientation angle, node 6, rad
         50   -5.097E-03,  9.991E-01,  4.232E-02         F               0         Tower Y orientation angle, node 6, rad
         51    1.147E-01, -4.146E-02,  9.925E-01         F               0         Tower Z orientation angle, node 6, rad
         52    9.934E-01,  9.915E-03, -1.144E-01         F               0         Tower X orientation angle, node 7, rad
         53   -5.097E-03,  9.991E-01,  4.232E-02         F               0         Tower Y orientation angle, node 7, rad
         54    1.147E-01, -4.146E-02,  9.925E-01         F               0         Tower Z orientation angle, node 7, rad
         55    9.934E-01,  9.915E-03, -1.144E-01         F               0         Tower X orientation angle, node 8, rad
         56   -5.097E-03,  9.991E-01,  4.232E-02         F               0         Tower Y orientation angle, node 8, rad
         57    1.147E-01, -4.146E-02,  9.925E-01         F               0         Tower Z orientation angle, node 8, rad
         58    9.934E-01,  9.915E-03, -1.144E-01         F               0         Tower X orientation angle, node 9, rad
         59   -5.097E-03,  9.991E-01,  4.232E-02         F               0         Tower Y orientation angle, node 9, rad
         60    1.147E-01, -4.146E-02,  9.925E-01         F               0         Tower Z orientation angle, node 9, rad
         61    9.934E-01,  9.915E-03, -1.144E-01         F               0         Tower X orientation angle, node 10, rad
         62   -5.097E-03,  9.991E-01,  4.232E-02         F               0         Tower Y orientation angle, node 10, rad
         63    1.147E-01, -4.146E-02,  9.925E-01         F               0         Tower Z orientation angle, node 10, rad
         64    9.934E-01,  9.915E-03, -1.144E-01         F               0         Tower X orientation angle, node 11, rad
         65   -5.097E-03,  9.991E-01,  4.232E-02         F               0         Tower Y orientation angle, node 11, rad
         66    1.147E-01, -4.146E-02,  9.925E-01         F               0         Tower Z orientation angle, node 11, rad
         67   -2.989E-03                                 F               0         Tower X translation velocity, node 1, m/s
         68    3.059E-03                                 F               0         Tower Y translation velocity, node 1, m/s
         69    1.729E-03                                 F               0         Tower Z translation velocity, node 1, m/s
         70   -2.704E-03                                 F               0         Tower X translation velocity, node 2, m/s
         71    3.595E-03                                 F               0         Tower Y translation velocity, node 2, m/s
         72    1.719E-03                                 F               0         Tower Z translation velocity, node 2, m/s
         73   -2.418E-03                                 F               0         Tower X translation velocity, node 3, m/s
         74    4.130E-03                                 F               0         Tower Y translation velocity, node 3, m/s
         75    1.708E-03                                 F               0         Tower Z translation velocity, node 3, m/s
         76   -2.133E-03                                 F               0         Tower X translation velocity, node 4, m/s
         77    4.666E-03                                 F               0         Tower Y translation velocity, node 4, m/s
         78    1.698E-03                                 F               0         Tower Z translation velocity, node 4, m/s
         79   -1.847E-03                                 F               0         Tower X translation velocity, node 5, m/s
         80    5.202E-03                                 F               0         Tower Y translation velocity, node 5, m/s
         81    1.687E-03                                 F               0         Tower Z translation velocity, node 5, m/s
         82   -1.561E-03                                 F               0         Tower X translation velocity, node 6, m/s
         83    5.738E-03                                 F               0         Tower Y translation velocity, node 6, m/s
         84    1.676E-03                                 F               0         Tower Z translation velocity, node 6, m/s
         85   -1.276E-03                                 F               0         Tower X translation velocity, node 7, m/s
         86    6.274E-03                                 F               0         Tower Y translation velocity, node 7, m/s
         87    1.666E-03                                 F               0         Tower Z translation velocity, node 7, m/s
         88   -9.902E-04                                 F               0         Tower X translation velocity, node 8, m/s
         89    6.809E-03                                 F               0         Tower Y translation velocity, node 8, m/s
         90    1.655E-03                                 F               0         Tower Z translation velocity, node 8, m/s
         91   -7.046E-04                                 F               0         Tower X translation velocity, node 9, m/s
         92    7.345E-03                                 F               0         Tower Y translation velocity, node 9, m/s
         93    1.644E-03                                 F               0         Tower Z translation velocity, node 9, m/s
         94   -4.190E-04                                 F               0         Tower X translation velocity, node 10, m/s
         95    7.881E-03                                 F               0         Tower Y translation velocity, node 10, m/s
         96    1.634E-03                                 F               0         Tower Z translation velocity, node 10, m/s
         97   -1.334E-04                                 F               0         Tower X translation velocity, node 11, m/s
         98    8.417E-03                                 F               0         Tower Y translation velocity, node 11, m/s
         99    1.623E-03                                 F               0         Tower Z translation velocity, node 11, m/s
        100    2.613E+01                                 F               0         Hub X translation displacement, node 1, m
        101   -6.673E+00                                 F               0         Hub Y translation displacement, node 1, m
        102   -5.464E-02                                 F               0         Hub Z translation displacement, node 1, m
        103    9.759E-01,  1.419E-02, -2.175E-01         F               0         Hub X orientation angle, node 1, rad
        104    1.869E-01,  4.590E-01,  8.686E-01         F               0         Hub Y orientation angle, node 1, rad
        105    1.122E-01, -8.883E-01,  4.453E-01         F               0         Hub Z orientation angle, node 1, rad
        106    8.582E-01                                 F               0         Hub X rotation velocity, node 1, rad/s
        107    1.251E-02                                 F               0         Hub Y rotation velocity, node 1, rad/s
        108   -1.913E-01                                 F               0         Hub Z rotation velocity, node 1, rad/s
        109    9.700E-01,  5.716E-04, -2.432E-01         F               0         Blade root 1 X orientation angle, node 1, rad
        110    2.158E-01,  4.592E-01,  8.617E-01         F               0         Blade root 1 Y orientation angle, node 1, rad
        111    1.122E-01, -8.883E-01,  4.453E-01         F               0         Blade root 1 Z orientation angle, node 1, rad
        112    9.754E-01,  4.382E-02, -2.160E-01         F               0         Blade root 2 X orientation angle, node 1, rad
        113    3.263E-02, -9.979E-01, -5.508E-02         F               0         Blade root 2 Y orientation angle, node 1, rad
        114   -2.180E-01,  4.668E-02, -9.748E-01         F               0         Blade root 2 Z orientation angle, node 1, rad
        115    9.812E-01, -1.827E-03, -1.931E-01         F               0         Blade root 3 X orientation angle, node 1, rad
        116   -1.616E-01,  5.400E-01, -8.260E-01         F               0         Blade root 3 Y orientation angle, node 1, rad
        117    1.058E-01,  8.417E-01,  5.296E-01         F               0         Blade root 3 Z orientation angle, node 1, rad
        118    2.617E+01                                 F               0         Blade 1 X translation displacement, node 1, m
        119   -1.159E+01                                 F               0         Blade 1 Y translation displacement, node 1, m
        120   -3.097E+00                                 F               0         Blade 1 Z translation displacement, node 1, m
        121    2.618E+01                                 F               0         Blade 1 X translation displacement, node 2, m
        122   -1.278E+01                                 F               0         Blade 1 Y translation displacement, node 2, m
        123   -3.831E+00                                 F               0         Blade 1 Z translation displacement, node 2, m
        124    2.632E+01                                 F               0         Blade 1 X translation displacement, node 3, m
        125   -2.891E+01                                 F               0         Blade 1 Y translation displacement, node 3, m
        126   -1.380E+01                                 F               0         Blade 1 Z translation displacement, node 3, m
        127    2.635E+01                                 F               0         Blade 1 X translation displacement, node 4, m
        128   -3.234E+01                                 F               0         Blade 1 Y translation displacement, node 4, m
        129   -1.592E+01                                 F               0         Blade 1 Z translation displacement, node 4, m
        130    2.638E+01                                 F               0         Blade 1 X translation displacement, node 5, m
        131   -3.578E+01                                 F               0         Blade 1 Y translation displacement, node 5, m
        132   -1.805E+01                                 F               0         Blade 1 Z translation displacement, node 5, m
        133    2.641E+01                                 F               0         Blade 1 X translation displacement, node 6, m
        134   -3.921E+01                                 F               0         Blade 1 Y translation displacement, node 6, m
        135   -2.017E+01                                 F               0         Blade 1 Z translation displacement, node 6, m
        136    2.644E+01                                 F               0         Blade 1 X translation displacement, node 7, m
        137   -4.265E+01                                 F               0         Blade 1 Y translation displacement, node 7, m
        138   -2.230E+01                                 F               0         Blade 1 Z translation displacement, node 7, m
        139    2.647E+01                                 F               0         Blade 1 X translation displacement, node 8, m
        140   -4.609E+01                                 F               0         Blade 1 Y translation displacement, node 8, m
        141   -2.442E+01                                 F               0         Blade 1 Z translation displacement, node 8, m
        142    2.650E+01                                 F               0         Blade 1 X translation displacement, node 9, m
        143   -4.952E+01                                 F               0         Blade 1 Y translation displacement, node 9, m
        144   -2.655E+01                                 F               0         Blade 1 Z translation displacement, node 9, m
        145    2.653E+01                                 F               0         Blade 1 X translation displacement, node 10, m
        146   -5.296E+01                                 F               0         Blade 1 Y translation displacement, node 10, m
        147   -2.867E+01                                 F               0         Blade 1 Z translation displacement, node 10, m
        148    2.656E+01                                 F               0         Blade 1 X translation displacement, node 11, m
        149   -5.639E+01                                 F               0         Blade 1 Y translation displacement, node 11, m
        150   -3.079E+01                                 F               0         Blade 1 Z translation displacement, node 11, m
        151    2.659E+01                                 F               0         Blade 1 X translation displacement, node 12, m
        152   -5.983E+01                                 F               0         Blade 1 Y translation displacement, node 12, m
        153   -3.292E+01                                 F               0         Blade 1 Z translation displacement, node 12, m
        154    2.662E+01                                 F               0         Blade 1 X translation displacement, node 13, m
        155   -6.326E+01                                 F               0         Blade 1 Y translation displacement, node 13, m
        156   -3.504E+01                                 F               0         Blade 1 Z translation displacement, node 13, m
        157    2.665E+01                                 F               0         Blade 1 X translation displacement, node 14, m
        158   -6.670E+01                                 F               0         Blade 1 Y translation displacement, node 14, m
        159   -3.717E+01                                 F               0         Blade 1 Z translation displacement, node 14, m
        160    2.668E+01                                 F               0         Blade 1 X translation displacement, node 15, m
        161   -7.014E+01                                 F               0         Blade 1 Y translation displacement, node 15, m
        162   -3.929E+01                                 F               0         Blade 1 Z translation displacement, node 15, m
        163    2.671E+01                                 F               0         Blade 1 X translation displacement, node 16, m
        164   -7.357E+01                                 F               0         Blade 1 Y translation displacement, node 16, m
        165   -4.142E+01                                 F               0         Blade 1 Z translation displacement, node 16, m
        166    2.674E+01                                 F               0         Blade 1 X translation displacement, node 17, m
        167   -7.701E+01                                 F               0         Blade 1 Y translation displacement, node 17, m
        168   -4.354E+01                                 F               0         Blade 1 Z translation displacement, node 17, m
        169    2.677E+01                                 F               0         Blade 1 X translation displacement, node 18, m
        170   -8.044E+01                                 F               0         Blade 1 Y translation displacement, node 18, m
        171   -4.566E+01                                 F               0         Blade 1 Z translation displacement, node 18, m
        172    2.680E+01                                 F               0         Blade 1 X translation displacement, node 19, m
        173   -8.388E+01                                 F               0         Blade 1 Y translation displacement, node 19, m
        174   -4.779E+01                                 F               0         Blade 1 Z translation displacement, node 19, m
        175    2.683E+01                                 F               0         Blade 1 X translation displacement, node 20, m
        176   -8.731E+01                                 F               0         Blade 1 Y translation displacement, node 20, m
        177   -4.991E+01                                 F               0         Blade 1 Z translation displacement, node 20, m
        178    2.686E+01                                 F               0         Blade 1 X translation displacement, node 21, m
        179   -9.075E+01                                 F               0         Blade 1 Y translation displacement, node 21, m
        180   -5.204E+01                                 F               0         Blade 1 Z translation displacement, node 21, m
        181    2.688E+01                                 F               0         Blade 1 X translation displacement, node 22, m
        182   -9.419E+01                                 F               0         Blade 1 Y translation displacement, node 22, m
        183   -5.416E+01                                 F               0         Blade 1 Z translation displacement, node 22, m
        184    2.691E+01                                 F               0         Blade 1 X translation displacement, node 23, m
        185   -9.762E+01                                 F               0         Blade 1 Y translation displacement, node 23, m
        186   -5.629E+01                                 F               0         Blade 1 Z translation displacement, node 23, m
        187    2.694E+01                                 F               0         Blade 1 X translation displacement, node 24, m
        188   -1.011E+02                                 F               0         Blade 1 Y translation displacement, node 24, m
        189   -5.841E+01                                 F               0         Blade 1 Z translation displacement, node 24, m
        190    2.697E+01                                 F               0         Blade 1 X translation displacement, node 25, m
        191   -1.045E+02                                 F               0         Blade 1 Y translation displacement, node 25, m
        192   -6.053E+01                                 F               0         Blade 1 Z translation displacement, node 25, m
        193    2.700E+01                                 F               0         Blade 1 X translation displacement, node 26, m
        194   -1.079E+02                                 F               0         Blade 1 Y translation displacement, node 26, m
        195   -6.266E+01                                 F               0         Blade 1 Z translation displacement, node 26, m
        196    2.703E+01                                 F               0         Blade 1 X translation displacement, node 27, m
        197   -1.114E+02                                 F               0         Blade 1 Y translation displacement, node 27, m
        198   -6.478E+01                                 F               0         Blade 1 Z translation displacement, node 27, m
        199    2.706E+01                                 F               0         Blade 1 X translation displacement, node 28, m
        200   -1.143E+02                                 F               0         Blade 1 Y translation displacement, node 28, m
        201   -6.658E+01                                 F               0         Blade 1 Z translation displacement, node 28, m
        202    7.648E-01, -2.089E-01, -6.094E-01         F               0         Blade 1 X orientation angle, node 1, rad
        203    6.344E-01,  4.089E-01,  6.560E-01         F               0         Blade 1 Y orientation angle, node 1, rad
        204    1.122E-01, -8.883E-01,  4.453E-01         F               0         Blade 1 Z orientation angle, node 1, rad
        205    7.648E-01, -2.089E-01, -6.094E-01         F               0         Blade 1 X orientation angle, node 2, rad
        206    6.344E-01,  4.089E-01,  6.560E-01         F               0         Blade 1 Y orientation angle, node 2, rad
        207    1.122E-01, -8.883E-01,  4.453E-01         F               0         Blade 1 Z orientation angle, node 2, rad
        208    8.934E-01, -1.060E-01, -4.366E-01         F               0         Blade 1 X orientation angle, node 3, rad
        209    4.350E-01,  4.468E-01,  7.817E-01         F               0         Blade 1 Y orientation angle, node 3, rad
        210    1.122E-01, -8.883E-01,  4.453E-01         F               0         Blade 1 Z orientation angle, node 3, rad
        211    9.110E-01, -8.706E-02, -4.032E-01         F               0         Blade 1 X orientation angle, node 4, rad
        212    3.969E-01,  4.509E-01,  7.995E-01         F               0         Blade 1 Y orientation angle, node 4, rad
        213    1.122E-01, -8.883E-01,  4.453E-01         F               0         Blade 1 Z orientation angle, node 4, rad
        214    9.236E-01, -7.206E-02, -3.764E-01         F               0         Blade 1 X orientation angle, node 5, rad
        215    3.665E-01,  4.535E-01,  8.124E-01         F               0         Blade 1 Y orientation angle, node 5, rad
        216    1.122E-01, -8.883E-01,  4.453E-01         F               0         Blade 1 Z orientation angle, node 5, rad
        217    9.330E-01, -6.001E-02, -3.548E-01         F               0         Blade 1 X orientation angle, node 6, rad
        218    3.419E-01,  4.553E-01,  8.221E-01         F               0         Blade 1 Y orientation angle, node 6, rad
        219    1.122E-01, -8.883E-01,  4.453E-01         F               0         Blade 1 Z orientation angle, node 6, rad
        220    9.403E-01, -5.006E-02, -3.367E-01         F               0         Blade 1 X orientation angle, node 7, rad
        221    3.214E-01,  4.565E-01,  8.297E-01         F               0         Blade 1 Y orientation angle, node 7, rad
        222    1.122E-01, -8.883E-01,  4.453E-01         F               0         Blade 1 Z orientation angle, node 7, rad
        223    9.459E-01, -4.177E-02, -3.216E-01         F               0         Blade 1 X orientation angle, node 8, rad
        224    3.043E-01,  4.573E-01,  8.356E-01         F               0         Blade 1 Y orientation angle, node 8, rad
        225    1.122E-01, -8.883E-01,  4.453E-01         F               0         Blade 1 Z orientation angle, node 8, rad
        226    9.505E-01, -3.474E-02, -3.088E-01         F               0         Blade 1 X orientation angle, node 9, rad
        227    2.897E-01,  4.579E-01,  8.405E-01         F               0         Blade 1 Y orientation angle, node 9, rad
        228    1.122E-01, -8.883E-01,  4.453E-01         F               0         Blade 1 Z orientation angle, node 9, rad
        229    9.543E-01, -2.866E-02, -2.976E-01         F               0         Blade 1 X orientation angle, node 10, rad
        230    2.771E-01,  4.583E-01,  8.445E-01         F               0         Blade 1 Y orientation angle, node 10, rad
        231    1.122E-01, -8.883E-01,  4.453E-01         F               0         Blade 1 Z orientation angle, node 10, rad
        232    9.573E-01, -2.346E-02, -2.880E-01         F               0         Blade 1 X orientation angle, node 11, rad
        233    2.663E-01,  4.586E-01,  8.478E-01         F               0         Blade 1 Y orientation angle, node 11, rad
        234    1.122E-01, -8.883E-01,  4.453E-01         F               0         Blade 1 Z orientation angle, node 11, rad
        235    9.600E-01, -1.890E-02, -2.795E-01         F               0         Blade 1 X orientation angle, node 12, rad
        236    2.567E-01,  4.588E-01,  8.506E-01         F               0         Blade 1 Y orientation angle, node 12, rad
        237    1.122E-01, -8.883E-01,  4.453E-01         F               0         Blade 1 Z orientation angle, node 12, rad
        238    9.622E-01, -1.489E-02, -2.721E-01         F               0         Blade 1 X orientation angle, node 13, rad
        239    2.483E-01,  4.590E-01,  8.530E-01         F               0         Blade 1 Y orientation angle, node 13, rad
        240    1.122E-01, -8.883E-01,  4.453E-01         F               0         Blade 1 Z orientation angle, node 13, rad
        241    9.641E-01, -1.129E-02, -2.654E-01         F               0         Blade 1 X orientation angle, node 14, rad
        242    2.408E-01,  4.591E-01,  8.552E-01         F               0         Blade 1 Y orientation angle, node 14, rad
        243    1.122E-01, -8.883E-01,  4.453E-01         F               0         Blade 1 Z orientation angle, node 14, rad
        244    9.657E-01, -8.084E-03, -2.594E-01         F               0         Blade 1 X orientation angle, node 15, rad
        245    2.340E-01,  4.591E-01,  8.570E-01         F               0         Blade 1 Y orientation angle, node 15, rad
        246    1.122E-01, -8.883E-01,  4.453E-01         F               0         Blade 1 Z orientation angle, node 15, rad
        247    9.672E-01, -5.199E-03, -2.540E-01         F               0         Blade 1 X orientation angle, node 16, rad
        248    2.280E-01,  4.592E-01,  8.586E-01         F               0         Blade 1 Y orientation angle, node 16, rad
        249    1.122E-01, -8.883E-01,  4.453E-01         F               0         Blade 1 Z orientation angle, node 16, rad
        250    9.684E-01, -2.634E-03, -2.492E-01         F               0         Blade 1 X orientation angle, node 17, rad
        251    2.226E-01,  4.592E-01,  8.600E-01         F               0         Blade 1 Y orientation angle, node 17, rad
        252    1.122E-01, -8.883E-01,  4.453E-01         F               0         Blade 1 Z orientation angle, node 17, rad
        253    9.696E-01, -2.299E-04, -2.447E-01         F               0         Blade 1 X orientation angle, node 18, rad
        254    2.175E-01,  4.592E-01,  8.613E-01         F               0         Blade 1 Y orientation angle, node 18, rad
        255    1.122E-01, -8.883E-01,  4.453E-01         F               0         Blade 1 Z orientation angle, node 18, rad
        256    9.706E-01,  1.934E-03, -2.407E-01         F               0         Blade 1 X orientation angle, node 19, rad
        257    2.129E-01,  4.592E-01,  8.624E-01         F               0         Blade 1 Y orientation angle, node 19, rad
        258    1.122E-01, -8.883E-01,  4.453E-01         F               0         Blade 1 Z orientation angle, node 19, rad
        259    9.715E-01,  3.858E-03, -2.370E-01         F               0         Blade 1 X orientation angle, node 20, rad
        260    2.089E-01,  4.592E-01,  8.634E-01         F               0         Blade 1 Y orientation angle, node 20, rad
        261    1.122E-01, -8.883E-01,  4.453E-01         F               0         Blade 1 Z orientation angle, node 20, rad
        262    9.723E-01,  5.701E-03, -2.336E-01         F               0         Blade 1 X orientation angle, node 21, rad
        263    2.050E-01,  4.592E-01,  8.644E-01         F               0         Blade 1 Y orientation angle, node 21, rad
        264    1.122E-01, -8.883E-01,  4.453E-01         F               0         Blade 1 Z orientation angle, node 21, rad
        265    9.731E-01,  7.384E-03, -2.304E-01         F               0         Blade 1 X orientation angle, node 22, rad
        266    2.014E-01,  4.591E-01,  8.652E-01         F               0         Blade 1 Y orientation angle, node 22, rad
        267    1.122E-01, -8.883E-01,  4.453E-01         F               0         Blade 1 Z orientation angle, node 22, rad
        268    9.737E-01,  8.906E-03, -2.275E-01         F               0         Blade 1 X orientation angle, node 23, rad
        269    1.982E-01,  4.591E-01,  8.660E-01         F               0         Blade 1 Y orientation angle, node 23, rad
        270    1.122E-01, -8.883E-01,  4.453E-01         F               0         Blade 1 Z orientation angle, node 23, rad
        271    9.743E-01,  1.035E-02, -2.248E-01         F               0         Blade 1 X orientation angle, node 24, rad
        272    1.951E-01,  4.591E-01,  8.667E-01         F               0         Blade 1 Y orientation angle, node 24, rad
        273    1.122E-01, -8.883E-01,  4.453E-01         F               0         Blade 1 Z orientation angle, node 24, rad
        274    9.749E-01,  1.171E-02, -2.222E-01         F               0         Blade 1 X orientation angle, node 25, rad
        275    1.922E-01,  4.591E-01,  8.674E-01         F               0         Blade 1 Y orientation angle, node 25, rad
        276    1.122E-01, -8.883E-01,  4.453E-01         F               0         Blade 1 Z orientation angle, node 25, rad
        277    9.754E-01,  1.291E-02, -2.200E-01         F               0         Blade 1 X orientation angle, node 26, rad
        278    1.897E-01,  4.590E-01,  8.679E-01         F               0         Blade 1 Y orientation angle, node 26, rad
        279    1.122E-01, -8.883E-01,  4.453E-01         F               0         Blade 1 Z orientation angle, node 26, rad
        280    9.759E-01,  1.411E-02, -2.177E-01         F               0         Blade 1 X orientation angle, node 27, rad
        281    1.871E-01,  4.590E-01,  8.685E-01         F               0         Blade 1 Y orientation angle, node 27, rad
        282    1.122E-01, -8.883E-01,  4.453E-01         F               0         Blade 1 Z orientation angle, node 27, rad
        283    9.762E-01,  1.475E-02, -2.165E-01         F               0         Blade 1 X orientation angle, node 28, rad
        284    1.857E-01,  4.590E-01,  8.688E-01         F               0         Blade 1 Y orientation angle, node 28, rad
        285    1.122E-01, -8.883E-01,  4.453E-01         F               0         Blade 1 Z orientation angle, node 28, rad
        286   -9.107E-01                                 F               0         Blade 1 X translation velocity, node 1, m/s
        287   -2.227E+00                                 F               0         Blade 1 Y translation velocity, node 1, m/s
        288   -4.229E+00                                 F               0         Blade 1 Z translation velocity, node 1, m/s
        289   -1.130E+00                                 F               0         Blade 1 X translation velocity, node 2, m/s
        290   -2.766E+00                                 F               0         Blade 1 Y translation velocity, node 2, m/s
        291   -5.249E+00                                 F               0         Blade 1 Z translation velocity, node 2, m/s
        292   -4.114E+00                                 F               0         Blade 1 X translation velocity, node 3, m/s
        293   -1.009E+01                                 F               0         Blade 1 Y translation velocity, node 3, m/s
        294   -1.911E+01                                 F               0         Blade 1 Z translation velocity, node 3, m/s
        295   -4.750E+00                                 F               0         Blade 1 X translation velocity, node 4, m/s
        296   -1.165E+01                                 F               0         Blade 1 Y translation velocity, node 4, m/s
        297   -2.207E+01                                 F               0         Blade 1 Z translation velocity, node 4, m/s
        298   -5.386E+00                                 F               0         Blade 1 X translation velocity, node 5, m/s
        299   -1.321E+01                                 F               0         Blade 1 Y translation velocity, node 5, m/s
        300   -2.502E+01                                 F               0         Blade 1 Z translation velocity, node 5, m/s
        301   -6.022E+00                                 F               0         Blade 1 X translation velocity, node 6, m/s
        302   -1.477E+01                                 F               0         Blade 1 Y translation velocity, node 6, m/s
        303   -2.797E+01                                 F               0         Blade 1 Z translation velocity, node 6, m/s
        304   -6.657E+00                                 F               0         Blade 1 X translation velocity, node 7, m/s
        305   -1.634E+01                                 F               0         Blade 1 Y translation velocity, node 7, m/s
        306   -3.093E+01                                 F               0         Blade 1 Z translation velocity, node 7, m/s
        307   -7.293E+00                                 F               0         Blade 1 X translation velocity, node 8, m/s
