
Linearized model: Predictions were generated on 30-Jan-2024 at 18:20:32 using OpenFAST, compiled as a 64-bit application using single precision at commit v3.5.1
 linked with  NWTC Subroutine Library; ElastoDyn; InflowWind; AeroDyn; ServoDyn; HydroDyn; MAP++ (<1.20.10>, <Oct-20-2023>)

Description from the FAST input file: CCT-9 Campign 4 model. Input files to be run with OpenFAST 3.5.0. GitHub branch from Lu Wang (https://github.com/luwang00/openfast/tree/dev) compiled on March 7, 2023.

Simulation information:
   Simulation time:                   503.9500 s
   Rotor Speed:                         0.8794 rad/s
   Azimuth:                             2.3508 rad
   Wind Speed:                         10.0000 m/s
   Number of continuous states:         0
   Number of discrete states:           0
   Number of constraint states:         0
   Number of inputs:                 1746
   Number of outputs:                   4
   Jacobians included in this file?    No

Order of inputs:
     Column   Operating Point                     Rotating Frame? Derivative Order Description
   ---------- ---------------                     --------------- ---------------- -----------
          1    1.098E+01                                 F               0         Tower X translation displacement, node 1, m
          2   -1.117E+00                                 F               0         Tower Y translation displacement, node 1, m
          3   -3.050E-01                                 F               0         Tower Z translation displacement, node 1, m
          4    1.240E+01                                 F               0         Tower X translation displacement, node 2, m
          5   -1.629E+00                                 F               0         Tower Y translation displacement, node 2, m
          6   -3.973E-01                                 F               0         Tower Z translation displacement, node 2, m
          7    1.381E+01                                 F               0         Tower X translation displacement, node 3, m
          8   -2.142E+00                                 F               0         Tower Y translation displacement, node 3, m
          9   -4.897E-01                                 F               0         Tower Z translation displacement, node 3, m
         10    1.523E+01                                 F               0         Tower X translation displacement, node 4, m
         11   -2.655E+00                                 F               0         Tower Y translation displacement, node 4, m
         12   -5.820E-01                                 F               0         Tower Z translation displacement, node 4, m
         13    1.665E+01                                 F               0         Tower X translation displacement, node 5, m
         14   -3.167E+00                                 F               0         Tower Y translation displacement, node 5, m
         15   -6.744E-01                                 F               0         Tower Z translation displacement, node 5, m
         16    1.807E+01                                 F               0         Tower X translation displacement, node 6, m
         17   -3.680E+00                                 F               0         Tower Y translation displacement, node 6, m
         18   -7.668E-01                                 F               0         Tower Z translation displacement, node 6, m
         19    1.949E+01                                 F               0         Tower X translation displacement, node 7, m
         20   -4.192E+00                                 F               0         Tower Y translation displacement, node 7, m
         21   -8.591E-01                                 F               0         Tower Z translation displacement, node 7, m
         22    2.091E+01                                 F               0         Tower X translation displacement, node 8, m
         23   -4.705E+00                                 F               0         Tower Y translation displacement, node 8, m
         24   -9.515E-01                                 F               0         Tower Z translation displacement, node 8, m
         25    2.232E+01                                 F               0         Tower X translation displacement, node 9, m
         26   -5.218E+00                                 F               0         Tower Y translation displacement, node 9, m
         27   -1.044E+00                                 F               0         Tower Z translation displacement, node 9, m
         28    2.374E+01                                 F               0         Tower X translation displacement, node 10, m
         29   -5.730E+00                                 F               0         Tower Y translation displacement, node 10, m
         30   -1.136E+00                                 F               0         Tower Z translation displacement, node 10, m
         31    2.516E+01                                 F               0         Tower X translation displacement, node 11, m
         32   -6.243E+00                                 F               0         Tower Y translation displacement, node 11, m
         33   -1.229E+00                                 F               0         Tower Z translation displacement, node 11, m
         34    9.934E-01,  9.863E-03, -1.145E-01         F               0         Tower X orientation angle, node 1, rad
         35   -5.040E-03,  9.991E-01,  4.235E-02         F               0         Tower Y orientation angle, node 1, rad
         36    1.148E-01, -4.149E-02,  9.925E-01         F               0         Tower Z orientation angle, node 1, rad
         37    9.934E-01,  9.863E-03, -1.145E-01         F               0         Tower X orientation angle, node 2, rad
         38   -5.040E-03,  9.991E-01,  4.235E-02         F               0         Tower Y orientation angle, node 2, rad
         39    1.148E-01, -4.149E-02,  9.925E-01         F               0         Tower Z orientation angle, node 2, rad
         40    9.934E-01,  9.863E-03, -1.145E-01         F               0         Tower X orientation angle, node 3, rad
         41   -5.040E-03,  9.991E-01,  4.235E-02         F               0         Tower Y orientation angle, node 3, rad
         42    1.148E-01, -4.149E-02,  9.925E-01         F               0         Tower Z orientation angle, node 3, rad
         43    9.934E-01,  9.863E-03, -1.145E-01         F               0         Tower X orientation angle, node 4, rad
         44   -5.040E-03,  9.991E-01,  4.235E-02         F               0         Tower Y orientation angle, node 4, rad
         45    1.148E-01, -4.149E-02,  9.925E-01         F               0         Tower Z orientation angle, node 4, rad
         46    9.934E-01,  9.863E-03, -1.145E-01         F               0         Tower X orientation angle, node 5, rad
         47   -5.040E-03,  9.991E-01,  4.235E-02         F               0         Tower Y orientation angle, node 5, rad
         48    1.148E-01, -4.149E-02,  9.925E-01         F               0         Tower Z orientation angle, node 5, rad
         49    9.934E-01,  9.863E-03, -1.145E-01         F               0         Tower X orientation angle, node 6, rad
         50   -5.040E-03,  9.991E-01,  4.235E-02         F               0         Tower Y orientation angle, node 6, rad
         51    1.148E-01, -4.149E-02,  9.925E-01         F               0         Tower Z orientation angle, node 6, rad
         52    9.934E-01,  9.863E-03, -1.145E-01         F               0         Tower X orientation angle, node 7, rad
         53   -5.040E-03,  9.991E-01,  4.235E-02         F               0         Tower Y orientation angle, node 7, rad
         54    1.148E-01, -4.149E-02,  9.925E-01         F               0         Tower Z orientation angle, node 7, rad
         55    9.934E-01,  9.863E-03, -1.145E-01         F               0         Tower X orientation angle, node 8, rad
         56   -5.040E-03,  9.991E-01,  4.235E-02         F               0         Tower Y orientation angle, node 8, rad
         57    1.148E-01, -4.149E-02,  9.925E-01         F               0         Tower Z orientation angle, node 8, rad
         58    9.934E-01,  9.863E-03, -1.145E-01         F               0         Tower X orientation angle, node 9, rad
         59   -5.040E-03,  9.991E-01,  4.235E-02         F               0         Tower Y orientation angle, node 9, rad
         60    1.148E-01, -4.149E-02,  9.925E-01         F               0         Tower Z orientation angle, node 9, rad
         61    9.934E-01,  9.863E-03, -1.145E-01         F               0         Tower X orientation angle, node 10, rad
         62   -5.040E-03,  9.991E-01,  4.235E-02         F               0         Tower Y orientation angle, node 10, rad
         63    1.148E-01, -4.149E-02,  9.925E-01         F               0         Tower Z orientation angle, node 10, rad
         64    9.934E-01,  9.863E-03, -1.145E-01         F               0         Tower X orientation angle, node 11, rad
         65   -5.040E-03,  9.991E-01,  4.235E-02         F               0         Tower Y orientation angle, node 11, rad
         66    1.148E-01, -4.149E-02,  9.925E-01         F               0         Tower Z orientation angle, node 11, rad
         67   -3.253E-03                                 F               0         Tower X translation velocity, node 1, m/s
         68   -5.574E-04                                 F               0         Tower Y translation velocity, node 1, m/s
         69    3.561E-03                                 F               0         Tower Z translation velocity, node 1, m/s
         70   -2.898E-03                                 F               0         Tower X translation velocity, node 2, m/s
         71   -1.845E-03                                 F               0         Tower Y translation velocity, node 2, m/s
         72    3.466E-03                                 F               0         Tower Z translation velocity, node 2, m/s
         73   -2.544E-03                                 F               0         Tower X translation velocity, node 3, m/s
         74   -3.132E-03                                 F               0         Tower Y translation velocity, node 3, m/s
         75    3.372E-03                                 F               0         Tower Z translation velocity, node 3, m/s
         76   -2.190E-03                                 F               0         Tower X translation velocity, node 4, m/s
         77   -4.419E-03                                 F               0         Tower Y translation velocity, node 4, m/s
         78    3.277E-03                                 F               0         Tower Z translation velocity, node 4, m/s
         79   -1.835E-03                                 F               0         Tower X translation velocity, node 5, m/s
         80   -5.706E-03                                 F               0         Tower Y translation velocity, node 5, m/s
         81    3.182E-03                                 F               0         Tower Z translation velocity, node 5, m/s
         82   -1.481E-03                                 F               0         Tower X translation velocity, node 6, m/s
         83   -6.993E-03                                 F               0         Tower Y translation velocity, node 6, m/s
         84    3.087E-03                                 F               0         Tower Z translation velocity, node 6, m/s
         85   -1.126E-03                                 F               0         Tower X translation velocity, node 7, m/s
         86   -8.280E-03                                 F               0         Tower Y translation velocity, node 7, m/s
         87    2.992E-03                                 F               0         Tower Z translation velocity, node 7, m/s
         88   -7.721E-04                                 F               0         Tower X translation velocity, node 8, m/s
         89   -9.568E-03                                 F               0         Tower Y translation velocity, node 8, m/s
         90    2.898E-03                                 F               0         Tower Z translation velocity, node 8, m/s
         91   -4.178E-04                                 F               0         Tower X translation velocity, node 9, m/s
         92   -1.085E-02                                 F               0         Tower Y translation velocity, node 9, m/s
         93    2.803E-03                                 F               0         Tower Z translation velocity, node 9, m/s
         94   -6.344E-05                                 F               0         Tower X translation velocity, node 10, m/s
         95   -1.214E-02                                 F               0         Tower Y translation velocity, node 10, m/s
         96    2.708E-03                                 F               0         Tower Z translation velocity, node 10, m/s
         97    2.909E-04                                 F               0         Tower X translation velocity, node 11, m/s
         98   -1.343E-02                                 F               0         Tower Y translation velocity, node 11, m/s
         99    2.613E-03                                 F               0         Tower Z translation velocity, node 11, m/s
        100    2.613E+01                                 F               0         Hub X translation displacement, node 1, m
        101   -6.675E+00                                 F               0         Hub Y translation displacement, node 1, m
        102   -5.099E-02                                 F               0         Hub Z translation displacement, node 1, m
        103    9.759E-01,  1.415E-02, -2.176E-01         F               0         Hub X orientation angle, node 1, rad
        104    1.585E-01, -7.312E-01,  6.635E-01         F               0         Hub Y orientation angle, node 1, rad
        105   -1.497E-01, -6.820E-01, -7.159E-01         F               0         Hub Z orientation angle, node 1, rad
        106    8.583E-01                                 F               0         Hub X rotation velocity, node 1, rad/s
        107    1.247E-02                                 F               0         Hub Y rotation velocity, node 1, rad/s
        108   -1.914E-01                                 F               0         Hub Z rotation velocity, node 1, rad/s
        109    9.708E-01,  3.583E-02, -2.372E-01         F               0         Blade root 1 X orientation angle, node 1, rad
        110    1.874E-01, -7.305E-01,  6.567E-01         F               0         Blade root 1 Y orientation angle, node 1, rad
        111   -1.497E-01, -6.820E-01, -7.159E-01         F               0         Blade root 1 Z orientation angle, node 1, rad
        112    9.817E-01,  2.082E-02, -1.893E-01         F               0         Blade root 2 X orientation angle, node 1, rad
        113   -1.799E-01, -2.245E-01, -9.577E-01         F               0         Blade root 2 Y orientation angle, node 1, rad
        114   -6.242E-02,  9.743E-01, -2.167E-01         F               0         Blade root 2 Z orientation angle, node 1, rad
        115    9.740E-01, -1.423E-02, -2.260E-01         F               0         Blade root 3 X orientation angle, node 1, rad
        116    7.933E-02,  9.562E-01,  2.816E-01         F               0         Blade root 3 Y orientation angle, node 1, rad
        117    2.121E-01, -2.923E-01,  9.325E-01         F               0         Blade root 3 Z orientation angle, node 1, rad
        118    2.472E+01                                 F               0         Blade 1 X translation displacement, node 1, m
        119   -1.045E+01                                 F               0         Blade 1 Y translation displacement, node 1, m
        120   -9.527E+00                                 F               0         Blade 1 Z translation displacement, node 1, m
        121    2.438E+01                                 F               0         Blade 1 X translation displacement, node 2, m
        122   -1.136E+01                                 F               0         Blade 1 Y translation displacement, node 2, m
        123   -1.181E+01                                 F               0         Blade 1 Z translation displacement, node 2, m
        124    1.977E+01                                 F               0         Blade 1 X translation displacement, node 3, m
        125   -2.374E+01                                 F               0         Blade 1 Y translation displacement, node 3, m
        126   -4.286E+01                                 F               0         Blade 1 Z translation displacement, node 3, m
        127    1.879E+01                                 F               0         Blade 1 X translation displacement, node 4, m
        128   -2.638E+01                                 F               0         Blade 1 Y translation displacement, node 4, m
        129   -4.947E+01                                 F               0         Blade 1 Z translation displacement, node 4, m
        130    1.780E+01                                 F               0         Blade 1 X translation displacement, node 5, m
        131   -2.902E+01                                 F               0         Blade 1 Y translation displacement, node 5, m
        132   -5.609E+01                                 F               0         Blade 1 Z translation displacement, node 5, m
        133    1.682E+01                                 F               0         Blade 1 X translation displacement, node 6, m
        134   -3.166E+01                                 F               0         Blade 1 Y translation displacement, node 6, m
        135   -6.270E+01                                 F               0         Blade 1 Z translation displacement, node 6, m
        136    1.584E+01                                 F               0         Blade 1 X translation displacement, node 7, m
        137   -3.429E+01                                 F               0         Blade 1 Y translation displacement, node 7, m
        138   -6.932E+01                                 F               0         Blade 1 Z translation displacement, node 7, m
        139    1.485E+01                                 F               0         Blade 1 X translation displacement, node 8, m
        140   -3.693E+01                                 F               0         Blade 1 Y translation displacement, node 8, m
        141   -7.593E+01                                 F               0         Blade 1 Z translation displacement, node 8, m
        142    1.387E+01                                 F               0         Blade 1 X translation displacement, node 9, m
        143   -3.957E+01                                 F               0         Blade 1 Y translation displacement, node 9, m
        144   -8.255E+01                                 F               0         Blade 1 Z translation displacement, node 9, m
        145    1.289E+01                                 F               0         Blade 1 X translation displacement, node 10, m
        146   -4.221E+01                                 F               0         Blade 1 Y translation displacement, node 10, m
        147   -8.916E+01                                 F               0         Blade 1 Z translation displacement, node 10, m
        148    1.190E+01                                 F               0         Blade 1 X translation displacement, node 11, m
        149   -4.485E+01                                 F               0         Blade 1 Y translation displacement, node 11, m
        150   -9.578E+01                                 F               0         Blade 1 Z translation displacement, node 11, m
        151    1.092E+01                                 F               0         Blade 1 X translation displacement, node 12, m
        152   -4.748E+01                                 F               0         Blade 1 Y translation displacement, node 12, m
        153   -1.024E+02                                 F               0         Blade 1 Z translation displacement, node 12, m
        154    9.935E+00                                 F               0         Blade 1 X translation displacement, node 13, m
        155   -5.012E+01                                 F               0         Blade 1 Y translation displacement, node 13, m
        156   -1.090E+02                                 F               0         Blade 1 Z translation displacement, node 13, m
        157    8.952E+00                                 F               0         Blade 1 X translation displacement, node 14, m
        158   -5.276E+01                                 F               0         Blade 1 Y translation displacement, node 14, m
        159   -1.156E+02                                 F               0         Blade 1 Z translation displacement, node 14, m
        160    7.969E+00                                 F               0         Blade 1 X translation displacement, node 15, m
        161   -5.540E+01                                 F               0         Blade 1 Y translation displacement, node 15, m
        162   -1.222E+02                                 F               0         Blade 1 Z translation displacement, node 15, m
        163    6.985E+00                                 F               0         Blade 1 X translation displacement, node 16, m
        164   -5.804E+01                                 F               0         Blade 1 Y translation displacement, node 16, m
        165   -1.289E+02                                 F               0         Blade 1 Z translation displacement, node 16, m
        166    6.002E+00                                 F               0         Blade 1 X translation displacement, node 17, m
        167   -6.067E+01                                 F               0         Blade 1 Y translation displacement, node 17, m
        168   -1.355E+02                                 F               0         Blade 1 Z translation displacement, node 17, m
        169    5.019E+00                                 F               0         Blade 1 X translation displacement, node 18, m
        170   -6.331E+01                                 F               0         Blade 1 Y translation displacement, node 18, m
        171   -1.421E+02                                 F               0         Blade 1 Z translation displacement, node 18, m
        172    4.035E+00                                 F               0         Blade 1 X translation displacement, node 19, m
        173   -6.595E+01                                 F               0         Blade 1 Y translation displacement, node 19, m
        174   -1.487E+02                                 F               0         Blade 1 Z translation displacement, node 19, m
        175    3.052E+00                                 F               0         Blade 1 X translation displacement, node 20, m
        176   -6.859E+01                                 F               0         Blade 1 Y translation displacement, node 20, m
        177   -1.553E+02                                 F               0         Blade 1 Z translation displacement, node 20, m
        178    2.069E+00                                 F               0         Blade 1 X translation displacement, node 21, m
        179   -7.122E+01                                 F               0         Blade 1 Y translation displacement, node 21, m
        180   -1.619E+02                                 F               0         Blade 1 Z translation displacement, node 21, m
        181    1.085E+00                                 F               0         Blade 1 X translation displacement, node 22, m
        182   -7.386E+01                                 F               0         Blade 1 Y translation displacement, node 22, m
        183   -1.685E+02                                 F               0         Blade 1 Z translation displacement, node 22, m
        184    1.020E-01                                 F               0         Blade 1 X translation displacement, node 23, m
        185   -7.650E+01                                 F               0         Blade 1 Y translation displacement, node 23, m
        186   -1.752E+02                                 F               0         Blade 1 Z translation displacement, node 23, m
        187   -8.812E-01                                 F               0         Blade 1 X translation displacement, node 24, m
        188   -7.914E+01                                 F               0         Blade 1 Y translation displacement, node 24, m
        189   -1.818E+02                                 F               0         Blade 1 Z translation displacement, node 24, m
        190   -1.865E+00                                 F               0         Blade 1 X translation displacement, node 25, m
        191   -8.177E+01                                 F               0         Blade 1 Y translation displacement, node 25, m
        192   -1.884E+02                                 F               0         Blade 1 Z translation displacement, node 25, m
        193   -2.848E+00                                 F               0         Blade 1 X translation displacement, node 26, m
        194   -8.441E+01                                 F               0         Blade 1 Y translation displacement, node 26, m
        195   -1.950E+02                                 F               0         Blade 1 Z translation displacement, node 26, m
        196   -3.831E+00                                 F               0         Blade 1 X translation displacement, node 27, m
        197   -8.705E+01                                 F               0         Blade 1 Y translation displacement, node 27, m
        198   -2.016E+02                                 F               0         Blade 1 Z translation displacement, node 27, m
        199   -4.665E+00                                 F               0         Blade 1 X translation displacement, node 28, m
        200   -8.929E+01                                 F               0         Blade 1 Y translation displacement, node 28, m
        201   -2.072E+02                                 F               0         Blade 1 Z translation displacement, node 28, m
        202    7.785E-01,  3.650E-01, -5.106E-01         F               0         Blade 1 X orientation angle, node 1, rad
        203    6.095E-01, -6.338E-01,  4.763E-01         F               0         Blade 1 Y orientation angle, node 1, rad
        204   -1.497E-01, -6.820E-01, -7.159E-01         F               0         Blade 1 Z orientation angle, node 1, rad
        205    7.785E-01,  3.650E-01, -5.106E-01         F               0         Blade 1 X orientation angle, node 2, rad
        206    6.095E-01, -6.338E-01,  4.763E-01         F               0         Blade 1 Y orientation angle, node 2, rad
        207   -1.497E-01, -6.820E-01, -7.159E-01         F               0         Blade 1 Z orientation angle, node 2, rad
        208    9.008E-01,  2.044E-01, -3.831E-01         F               0         Blade 1 X orientation angle, node 3, rad
        209    4.076E-01, -7.022E-01,  5.837E-01         F               0         Blade 1 Y orientation angle, node 3, rad
        210   -1.497E-01, -6.820E-01, -7.159E-01         F               0         Blade 1 Z orientation angle, node 3, rad
        211    9.172E-01,  1.746E-01, -3.581E-01         F               0         Blade 1 X orientation angle, node 4, rad
        212    3.692E-01, -7.102E-01,  5.994E-01         F               0         Blade 1 Y orientation angle, node 4, rad
        213   -1.497E-01, -6.820E-01, -7.159E-01         F               0         Blade 1 Z orientation angle, node 4, rad
        214    9.289E-01,  1.509E-01, -3.381E-01         F               0         Blade 1 X orientation angle, node 5, rad
        215    3.386E-01, -7.156E-01,  6.109E-01         F               0         Blade 1 Y orientation angle, node 5, rad
        216   -1.497E-01, -6.820E-01, -7.159E-01         F               0         Blade 1 Z orientation angle, node 5, rad
        217    9.376E-01,  1.319E-01, -3.217E-01         F               0         Blade 1 X orientation angle, node 6, rad
        218    3.138E-01, -7.194E-01,  6.197E-01         F               0         Blade 1 Y orientation angle, node 6, rad
        219   -1.497E-01, -6.820E-01, -7.159E-01         F               0         Blade 1 Z orientation angle, node 6, rad
        220    9.442E-01,  1.162E-01, -3.081E-01         F               0         Blade 1 X orientation angle, node 7, rad
        221    2.933E-01, -7.221E-01,  6.266E-01         F               0         Blade 1 Y orientation angle, node 7, rad
        222   -1.497E-01, -6.820E-01, -7.159E-01         F               0         Blade 1 Z orientation angle, node 7, rad
        223    9.494E-01,  1.030E-01, -2.967E-01         F               0         Blade 1 X orientation angle, node 8, rad
        224    2.761E-01, -7.241E-01,  6.321E-01         F               0         Blade 1 Y orientation angle, node 8, rad
        225   -1.497E-01, -6.820E-01, -7.159E-01         F               0         Blade 1 Z orientation angle, node 8, rad
        226    9.535E-01,  9.189E-02, -2.870E-01         F               0         Blade 1 X orientation angle, node 9, rad
        227    2.615E-01, -7.256E-01,  6.365E-01         F               0         Blade 1 Y orientation angle, node 9, rad
        228   -1.497E-01, -6.820E-01, -7.159E-01         F               0         Blade 1 Z orientation angle, node 9, rad
        229    9.569E-01,  8.226E-02, -2.785E-01         F               0         Blade 1 X orientation angle, node 10, rad
        230    2.488E-01, -7.267E-01,  6.403E-01         F               0         Blade 1 Y orientation angle, node 10, rad
        231   -1.497E-01, -6.820E-01, -7.159E-01         F               0         Blade 1 Z orientation angle, node 10, rad
        232    9.597E-01,  7.401E-02, -2.712E-01         F               0         Blade 1 X orientation angle, node 11, rad
        233    2.380E-01, -7.276E-01,  6.434E-01         F               0         Blade 1 Y orientation angle, node 11, rad
        234   -1.497E-01, -6.820E-01, -7.159E-01         F               0         Blade 1 Z orientation angle, node 11, rad
        235    9.620E-01,  6.677E-02, -2.648E-01         F               0         Blade 1 X orientation angle, node 12, rad
        236    2.284E-01, -7.283E-01,  6.461E-01         F               0         Blade 1 Y orientation angle, node 12, rad
        237   -1.497E-01, -6.820E-01, -7.159E-01         F               0         Blade 1 Z orientation angle, node 12, rad
        238    9.639E-01,  6.041E-02, -2.592E-01         F               0         Blade 1 X orientation angle, node 13, rad
        239    2.200E-01, -7.289E-01,  6.484E-01         F               0         Blade 1 Y orientation angle, node 13, rad
        240   -1.497E-01, -6.820E-01, -7.159E-01         F               0         Blade 1 Z orientation angle, node 13, rad
        241    9.656E-01,  5.469E-02, -2.541E-01         F               0         Blade 1 X orientation angle, node 14, rad
        242    2.124E-01, -7.293E-01,  6.504E-01         F               0         Blade 1 Y orientation angle, node 14, rad
        243   -1.497E-01, -6.820E-01, -7.159E-01         F               0         Blade 1 Z orientation angle, node 14, rad
        244    9.671E-01,  4.959E-02, -2.495E-01         F               0         Blade 1 X orientation angle, node 15, rad
        245    2.057E-01, -7.297E-01,  6.521E-01         F               0         Blade 1 Y orientation angle, node 15, rad
        246   -1.497E-01, -6.820E-01, -7.159E-01         F               0         Blade 1 Z orientation angle, node 15, rad
        247    9.684E-01,  4.501E-02, -2.454E-01         F               0         Blade 1 X orientation angle, node 16, rad
        248    1.996E-01, -7.300E-01,  6.537E-01         F               0         Blade 1 Y orientation angle, node 16, rad
        249   -1.497E-01, -6.820E-01, -7.159E-01         F               0         Blade 1 Z orientation angle, node 16, rad
        250    9.695E-01,  4.093E-02, -2.418E-01         F               0         Blade 1 X orientation angle, node 17, rad
        251    1.942E-01, -7.302E-01,  6.551E-01         F               0         Blade 1 Y orientation angle, node 17, rad
        252   -1.497E-01, -6.820E-01, -7.159E-01         F               0         Blade 1 Z orientation angle, node 17, rad
        253    9.705E-01,  3.711E-02, -2.383E-01         F               0         Blade 1 X orientation angle, node 18, rad
        254    1.891E-01, -7.304E-01,  6.563E-01         F               0         Blade 1 Y orientation angle, node 18, rad
        255   -1.497E-01, -6.820E-01, -7.159E-01         F               0         Blade 1 Z orientation angle, node 18, rad
        256    9.714E-01,  3.366E-02, -2.352E-01         F               0         Blade 1 X orientation angle, node 19, rad
        257    1.845E-01, -7.306E-01,  6.574E-01         F               0         Blade 1 Y orientation angle, node 19, rad
        258   -1.497E-01, -6.820E-01, -7.159E-01         F               0         Blade 1 Z orientation angle, node 19, rad
        259    9.721E-01,  3.060E-02, -2.325E-01         F               0         Blade 1 X orientation angle, node 20, rad
        260    1.805E-01, -7.307E-01,  6.584E-01         F               0         Blade 1 Y orientation angle, node 20, rad
        261   -1.497E-01, -6.820E-01, -7.159E-01         F               0         Blade 1 Z orientation angle, node 20, rad
        262    9.728E-01,  2.767E-02, -2.298E-01         F               0         Blade 1 X orientation angle, node 21, rad
        263    1.765E-01, -7.308E-01,  6.593E-01         F               0         Blade 1 Y orientation angle, node 21, rad
        264   -1.497E-01, -6.820E-01, -7.159E-01         F               0         Blade 1 Z orientation angle, node 21, rad
        265    9.735E-01,  2.499E-02, -2.274E-01         F               0         Blade 1 X orientation angle, node 22, rad
        266    1.730E-01, -7.309E-01,  6.602E-01         F               0         Blade 1 Y orientation angle, node 22, rad
        267   -1.497E-01, -6.820E-01, -7.159E-01         F               0         Blade 1 Z orientation angle, node 22, rad
        268    9.740E-01,  2.257E-02, -2.252E-01         F               0         Blade 1 X orientation angle, node 23, rad
        269    1.698E-01, -7.310E-01,  6.609E-01         F               0         Blade 1 Y orientation angle, node 23, rad
        270   -1.497E-01, -6.820E-01, -7.159E-01         F               0         Blade 1 Z orientation angle, node 23, rad
        271    9.746E-01,  2.027E-02, -2.231E-01         F               0         Blade 1 X orientation angle, node 24, rad
        272    1.667E-01, -7.311E-01,  6.616E-01         F               0         Blade 1 Y orientation angle, node 24, rad
        273   -1.497E-01, -6.820E-01, -7.159E-01         F               0         Blade 1 Z orientation angle, node 24, rad
        274    9.751E-01,  1.810E-02, -2.212E-01         F               0         Blade 1 X orientation angle, node 25, rad
        275    1.638E-01, -7.311E-01,  6.623E-01         F               0         Blade 1 Y orientation angle, node 25, rad
        276   -1.497E-01, -6.820E-01, -7.159E-01         F               0         Blade 1 Z orientation angle, node 25, rad
        277    9.755E-01,  1.619E-02, -2.194E-01         F               0         Blade 1 X orientation angle, node 26, rad
        278    1.612E-01, -7.312E-01,  6.629E-01         F               0         Blade 1 Y orientation angle, node 26, rad
        279   -1.497E-01, -6.820E-01, -7.159E-01         F               0         Blade 1 Z orientation angle, node 26, rad
        280    9.759E-01,  1.427E-02, -2.177E-01         F               0         Blade 1 X orientation angle, node 27, rad
        281    1.587E-01, -7.312E-01,  6.634E-01         F               0         Blade 1 Y orientation angle, node 27, rad
        282   -1.497E-01, -6.820E-01, -7.159E-01         F               0         Blade 1 Z orientation angle, node 27, rad
        283    9.761E-01,  1.325E-02, -2.168E-01         F               0         Blade 1 X orientation angle, node 28, rad
        284    1.573E-01, -7.312E-01,  6.637E-01         F               0         Blade 1 Y orientation angle, node 28, rad
        285   -1.497E-01, -6.820E-01, -7.159E-01         F               0         Blade 1 Z orientation angle, node 28, rad
        286   -7.720E-01                                 F               0         Blade 1 X translation velocity, node 1, m/s
        287    3.549E+00                                 F               0         Blade 1 Y translation velocity, node 1, m/s
        288   -3.230E+00                                 F               0         Blade 1 Z translation velocity, node 1, m/s
        289   -9.582E-01                                 F               0         Blade 1 X translation velocity, node 2, m/s
        290    4.407E+00                                 F               0         Blade 1 Y translation velocity, node 2, m/s
        291   -4.009E+00                                 F               0         Blade 1 Z translation velocity, node 2, m/s
        292   -3.490E+00                                 F               0         Blade 1 X translation velocity, node 3, m/s
        293    1.608E+01                                 F               0         Blade 1 Y translation velocity, node 3, m/s
        294   -1.460E+01                                 F               0         Blade 1 Z translation velocity, node 3, m/s
        295   -4.029E+00                                 F               0         Blade 1 X translation velocity, node 4, m/s
        296    1.857E+01                                 F               0         Blade 1 Y translation velocity, node 4, m/s
        297   -1.686E+01                                 F               0         Blade 1 Z translation velocity, node 4, m/s
        298   -4.568E+00                                 F               0         Blade 1 X translation velocity, node 5, m/s
        299    2.106E+01                                 F               0         Blade 1 Y translation velocity, node 5, m/s
        300   -1.911E+01                                 F               0         Blade 1 Z translation velocity, node 5, m/s
        301   -5.108E+00                                 F               0         Blade 1 X translation velocity, node 6, m/s
        302    2.354E+01                                 F               0         Blade 1 Y translation velocity, node 6, m/s
        303   -2.137E+01                                 F               0         Blade 1 Z translation velocity, node 6, m/s
        304   -5.647E+00                                 F               0         Blade 1 X translation velocity, node 7, m/s
        305    2.603E+01                                 F               0         Blade 1 Y translation velocity, node 7, m/s
        306   -2.363E+01                                 F               0         Blade 1 Z translation velocity, node 7, m/s
        307   -6.187E+00                                 F               0         Blade 1 X translation velocity, node 8, m/s
