
Linearized model: Predictions were generated on 30-Jan-2024 at 18:20:32 using OpenFAST, compiled as a 64-bit application using single precision at commit v3.5.1
 linked with  NWTC Subroutine Library; ElastoDyn; InflowWind; AeroDyn; ServoDyn; HydroDyn; MAP++ (<1.20.10>, <Oct-20-2023>)

Description from the FAST input file: CCT-9 Campign 4 model. Input files to be run with OpenFAST 3.5.0. GitHub branch from Lu Wang (https://github.com/luwang00/openfast/tree/dev) compiled on March 7, 2023.

Simulation information:
   Simulation time:                   501.5000 s
   Rotor Speed:                         0.8795 rad/s
   Azimuth:                             0.1963 rad
   Wind Speed:                         10.0000 m/s
   Number of continuous states:         0
   Number of discrete states:           0
   Number of constraint states:         0
   Number of inputs:                 1746
   Number of outputs:                   4
   Jacobians included in this file?    No

Order of inputs:
     Column   Operating Point                     Rotating Frame? Derivative Order Description
   ---------- ---------------                     --------------- ---------------- -----------
          1    1.099E+01                                 F               0         Tower X translation displacement, node 1, m
          2   -1.122E+00                                 F               0         Tower Y translation displacement, node 1, m
          3   -3.099E-01                                 F               0         Tower Z translation displacement, node 1, m
          4    1.240E+01                                 F               0         Tower X translation displacement, node 2, m
          5   -1.636E+00                                 F               0         Tower Y translation displacement, node 2, m
          6   -4.022E-01                                 F               0         Tower Z translation displacement, node 2, m
          7    1.382E+01                                 F               0         Tower X translation displacement, node 3, m
          8   -2.149E+00                                 F               0         Tower Y translation displacement, node 3, m
          9   -4.945E-01                                 F               0         Tower Z translation displacement, node 3, m
         10    1.524E+01                                 F               0         Tower X translation displacement, node 4, m
         11   -2.662E+00                                 F               0         Tower Y translation displacement, node 4, m
         12   -5.868E-01                                 F               0         Tower Z translation displacement, node 4, m
         13    1.666E+01                                 F               0         Tower X translation displacement, node 5, m
         14   -3.175E+00                                 F               0         Tower Y translation displacement, node 5, m
         15   -6.791E-01                                 F               0         Tower Z translation displacement, node 5, m
         16    1.807E+01                                 F               0         Tower X translation displacement, node 6, m
         17   -3.688E+00                                 F               0         Tower Y translation displacement, node 6, m
         18   -7.714E-01                                 F               0         Tower Z translation displacement, node 6, m
         19    1.949E+01                                 F               0         Tower X translation displacement, node 7, m
         20   -4.202E+00                                 F               0         Tower Y translation displacement, node 7, m
         21   -8.637E-01                                 F               0         Tower Z translation displacement, node 7, m
         22    2.091E+01                                 F               0         Tower X translation displacement, node 8, m
         23   -4.715E+00                                 F               0         Tower Y translation displacement, node 8, m
         24   -9.560E-01                                 F               0         Tower Z translation displacement, node 8, m
         25    2.232E+01                                 F               0         Tower X translation displacement, node 9, m
         26   -5.228E+00                                 F               0         Tower Y translation displacement, node 9, m
         27   -1.048E+00                                 F               0         Tower Z translation displacement, node 9, m
         28    2.374E+01                                 F               0         Tower X translation displacement, node 10, m
         29   -5.741E+00                                 F               0         Tower Y translation displacement, node 10, m
         30   -1.141E+00                                 F               0         Tower Z translation displacement, node 10, m
         31    2.516E+01                                 F               0         Tower X translation displacement, node 11, m
         32   -6.254E+00                                 F               0         Tower Y translation displacement, node 11, m
         33   -1.233E+00                                 F               0         Tower Z translation displacement, node 11, m
         34    9.934E-01,  9.934E-03, -1.144E-01         F               0         Tower X orientation angle, node 1, rad
         35   -5.108E-03,  9.991E-01,  4.240E-02         F               0         Tower Y orientation angle, node 1, rad
         36    1.147E-01, -4.154E-02,  9.925E-01         F               0         Tower Z orientation angle, node 1, rad
         37    9.934E-01,  9.934E-03, -1.144E-01         F               0         Tower X orientation angle, node 2, rad
         38   -5.108E-03,  9.991E-01,  4.240E-02         F               0         Tower Y orientation angle, node 2, rad
         39    1.147E-01, -4.154E-02,  9.925E-01         F               0         Tower Z orientation angle, node 2, rad
         40    9.934E-01,  9.934E-03, -1.144E-01         F               0         Tower X orientation angle, node 3, rad
         41   -5.108E-03,  9.991E-01,  4.240E-02         F               0         Tower Y orientation angle, node 3, rad
         42    1.147E-01, -4.154E-02,  9.925E-01         F               0         Tower Z orientation angle, node 3, rad
         43    9.934E-01,  9.934E-03, -1.144E-01         F               0         Tower X orientation angle, node 4, rad
         44   -5.108E-03,  9.991E-01,  4.240E-02         F               0         Tower Y orientation angle, node 4, rad
         45    1.147E-01, -4.154E-02,  9.925E-01         F               0         Tower Z orientation angle, node 4, rad
         46    9.934E-01,  9.934E-03, -1.144E-01         F               0         Tower X orientation angle, node 5, rad
         47   -5.108E-03,  9.991E-01,  4.240E-02         F               0         Tower Y orientation angle, node 5, rad
         48    1.147E-01, -4.154E-02,  9.925E-01         F               0         Tower Z orientation angle, node 5, rad
         49    9.934E-01,  9.934E-03, -1.144E-01         F               0         Tower X orientation angle, node 6, rad
         50   -5.108E-03,  9.991E-01,  4.240E-02         F               0         Tower Y orientation angle, node 6, rad
         51    1.147E-01, -4.154E-02,  9.925E-01         F               0         Tower Z orientation angle, node 6, rad
         52    9.934E-01,  9.934E-03, -1.144E-01         F               0         Tower X orientation angle, node 7, rad
         53   -5.108E-03,  9.991E-01,  4.240E-02         F               0         Tower Y orientation angle, node 7, rad
         54    1.147E-01, -4.154E-02,  9.925E-01         F               0         Tower Z orientation angle, node 7, rad
         55    9.934E-01,  9.934E-03, -1.144E-01         F               0         Tower X orientation angle, node 8, rad
         56   -5.108E-03,  9.991E-01,  4.240E-02         F               0         Tower Y orientation angle, node 8, rad
         57    1.147E-01, -4.154E-02,  9.925E-01         F               0         Tower Z orientation angle, node 8, rad
         58    9.934E-01,  9.934E-03, -1.144E-01         F               0         Tower X orientation angle, node 9, rad
         59   -5.108E-03,  9.991E-01,  4.240E-02         F               0         Tower Y orientation angle, node 9, rad
         60    1.147E-01, -4.154E-02,  9.925E-01         F               0         Tower Z orientation angle, node 9, rad
         61    9.934E-01,  9.934E-03, -1.144E-01         F               0         Tower X orientation angle, node 10, rad
         62   -5.108E-03,  9.991E-01,  4.240E-02         F               0         Tower Y orientation angle, node 10, rad
         63    1.147E-01, -4.154E-02,  9.925E-01         F               0         Tower Z orientation angle, node 10, rad
         64    9.934E-01,  9.934E-03, -1.144E-01         F               0         Tower X orientation angle, node 11, rad
         65   -5.108E-03,  9.991E-01,  4.240E-02         F               0         Tower Y orientation angle, node 11, rad
         66    1.147E-01, -4.154E-02,  9.925E-01         F               0         Tower Z orientation angle, node 11, rad
         67   -2.800E-03                                 F               0         Tower X translation velocity, node 1, m/s
         68    4.564E-03                                 F               0         Tower Y translation velocity, node 1, m/s
         69    2.517E-04                                 F               0         Tower Z translation velocity, node 1, m/s
         70   -2.567E-03                                 F               0         Tower X translation velocity, node 2, m/s
         71    5.992E-03                                 F               0         Tower Y translation velocity, node 2, m/s
         72    2.844E-04                                 F               0         Tower Z translation velocity, node 2, m/s
         73   -2.333E-03                                 F               0         Tower X translation velocity, node 3, m/s
         74    7.420E-03                                 F               0         Tower Y translation velocity, node 3, m/s
         75    3.172E-04                                 F               0         Tower Z translation velocity, node 3, m/s
         76   -2.099E-03                                 F               0         Tower X translation velocity, node 4, m/s
         77    8.849E-03                                 F               0         Tower Y translation velocity, node 4, m/s
         78    3.499E-04                                 F               0         Tower Z translation velocity, node 4, m/s
         79   -1.865E-03                                 F               0         Tower X translation velocity, node 5, m/s
         80    1.028E-02                                 F               0         Tower Y translation velocity, node 5, m/s
         81    3.826E-04                                 F               0         Tower Z translation velocity, node 5, m/s
         82   -1.631E-03                                 F               0         Tower X translation velocity, node 6, m/s
         83    1.171E-02                                 F               0         Tower Y translation velocity, node 6, m/s
         84    4.154E-04                                 F               0         Tower Z translation velocity, node 6, m/s
         85   -1.397E-03                                 F               0         Tower X translation velocity, node 7, m/s
         86    1.313E-02                                 F               0         Tower Y translation velocity, node 7, m/s
         87    4.481E-04                                 F               0         Tower Z translation velocity, node 7, m/s
         88   -1.163E-03                                 F               0         Tower X translation velocity, node 8, m/s
         89    1.456E-02                                 F               0         Tower Y translation velocity, node 8, m/s
         90    4.808E-04                                 F               0         Tower Z translation velocity, node 8, m/s
         91   -9.293E-04                                 F               0         Tower X translation velocity, node 9, m/s
         92    1.599E-02                                 F               0         Tower Y translation velocity, node 9, m/s
         93    5.136E-04                                 F               0         Tower Z translation velocity, node 9, m/s
         94   -6.954E-04                                 F               0         Tower X translation velocity, node 10, m/s
         95    1.742E-02                                 F               0         Tower Y translation velocity, node 10, m/s
         96    5.463E-04                                 F               0         Tower Z translation velocity, node 10, m/s
         97   -4.616E-04                                 F               0         Tower X translation velocity, node 11, m/s
         98    1.885E-02                                 F               0         Tower Y translation velocity, node 11, m/s
         99    5.791E-04                                 F               0         Tower Z translation velocity, node 11, m/s
        100    2.613E+01                                 F               0         Hub X translation displacement, node 1, m
        101   -6.688E+00                                 F               0         Hub Y translation displacement, node 1, m
        102   -5.597E-02                                 F               0         Hub Z translation displacement, node 1, m
        103    9.760E-01,  1.422E-02, -2.175E-01         F               0         Hub X orientation angle, node 1, rad
        104    3.749E-02,  9.721E-01,  2.317E-01         F               0         Hub Y orientation angle, node 1, rad
        105    2.147E-01, -2.343E-01,  9.481E-01         F               0         Hub Z orientation angle, node 1, rad
        106    8.582E-01                                 F               0         Hub X rotation velocity, node 1, rad/s
        107    1.253E-02                                 F               0         Hub Y rotation velocity, node 1, rad/s
        108   -1.913E-01                                 F               0         Hub Z rotation velocity, node 1, rad/s
        109    9.744E-01, -1.462E-02, -2.243E-01         F               0         Blade root 1 X orientation angle, node 1, rad
        110    6.642E-02,  9.721E-01,  2.252E-01         F               0         Blade root 1 Y orientation angle, node 1, rad
        111    2.147E-01, -2.343E-01,  9.481E-01         F               0         Blade root 1 Z orientation angle, node 1, rad
        112    9.706E-01,  3.465E-02, -2.383E-01         F               0         Blade root 2 X orientation angle, node 1, rad
        113    1.961E-01, -6.882E-01,  6.985E-01         F               0         Blade root 2 Y orientation angle, node 1, rad
        114   -1.398E-01, -7.247E-01, -6.748E-01         F               0         Blade root 2 Z orientation angle, node 1, rad
        115    9.816E-01,  2.261E-02, -1.896E-01         F               0         Blade root 3 X orientation angle, node 1, rad
        116   -1.757E-01, -2.826E-01, -9.430E-01         F               0         Blade root 3 Y orientation angle, node 1, rad
        117   -7.491E-02,  9.590E-01, -2.734E-01         F               0         Blade root 3 Z orientation angle, node 1, rad
        118    2.674E+01                                 F               0         Blade 1 X translation displacement, node 1, m
        119   -7.986E+00                                 F               0         Blade 1 Y translation displacement, node 1, m
        120   -3.129E-01                                 F               0         Blade 1 Z translation displacement, node 1, m
        121    2.689E+01                                 F               0         Blade 1 X translation displacement, node 2, m
        122   -8.299E+00                                 F               0         Blade 1 Y translation displacement, node 2, m
        123   -3.748E-01                                 F               0         Blade 1 Z translation displacement, node 2, m
        124    2.889E+01                                 F               0         Blade 1 X translation displacement, node 3, m
        125   -1.255E+01                                 F               0         Blade 1 Y translation displacement, node 3, m
        126   -1.217E+00                                 F               0         Blade 1 Z translation displacement, node 3, m
        127    2.932E+01                                 F               0         Blade 1 X translation displacement, node 4, m
        128   -1.346E+01                                 F               0         Blade 1 Y translation displacement, node 4, m
        129   -1.396E+00                                 F               0         Blade 1 Z translation displacement, node 4, m
        130    2.974E+01                                 F               0         Blade 1 X translation displacement, node 5, m
        131   -1.436E+01                                 F               0         Blade 1 Y translation displacement, node 5, m
        132   -1.575E+00                                 F               0         Blade 1 Z translation displacement, node 5, m
        133    3.017E+01                                 F               0         Blade 1 X translation displacement, node 6, m
        134   -1.527E+01                                 F               0         Blade 1 Y translation displacement, node 6, m
        135   -1.755E+00                                 F               0         Blade 1 Z translation displacement, node 6, m
        136    3.059E+01                                 F               0         Blade 1 X translation displacement, node 7, m
        137   -1.618E+01                                 F               0         Blade 1 Y translation displacement, node 7, m
        138   -1.934E+00                                 F               0         Blade 1 Z translation displacement, node 7, m
        139    3.102E+01                                 F               0         Blade 1 X translation displacement, node 8, m
        140   -1.708E+01                                 F               0         Blade 1 Y translation displacement, node 8, m
        141   -2.113E+00                                 F               0         Blade 1 Z translation displacement, node 8, m
        142    3.145E+01                                 F               0         Blade 1 X translation displacement, node 9, m
        143   -1.799E+01                                 F               0         Blade 1 Y translation displacement, node 9, m
        144   -2.293E+00                                 F               0         Blade 1 Z translation displacement, node 9, m
        145    3.187E+01                                 F               0         Blade 1 X translation displacement, node 10, m
        146   -1.890E+01                                 F               0         Blade 1 Y translation displacement, node 10, m
        147   -2.472E+00                                 F               0         Blade 1 Z translation displacement, node 10, m
        148    3.230E+01                                 F               0         Blade 1 X translation displacement, node 11, m
        149   -1.980E+01                                 F               0         Blade 1 Y translation displacement, node 11, m
        150   -2.652E+00                                 F               0         Blade 1 Z translation displacement, node 11, m
        151    3.273E+01                                 F               0         Blade 1 X translation displacement, node 12, m
        152   -2.071E+01                                 F               0         Blade 1 Y translation displacement, node 12, m
        153   -2.831E+00                                 F               0         Blade 1 Z translation displacement, node 12, m
        154    3.315E+01                                 F               0         Blade 1 X translation displacement, node 13, m
        155   -2.161E+01                                 F               0         Blade 1 Y translation displacement, node 13, m
        156   -3.010E+00                                 F               0         Blade 1 Z translation displacement, node 13, m
        157    3.358E+01                                 F               0         Blade 1 X translation displacement, node 14, m
        158   -2.252E+01                                 F               0         Blade 1 Y translation displacement, node 14, m
        159   -3.190E+00                                 F               0         Blade 1 Z translation displacement, node 14, m
        160    3.400E+01                                 F               0         Blade 1 X translation displacement, node 15, m
        161   -2.343E+01                                 F               0         Blade 1 Y translation displacement, node 15, m
        162   -3.369E+00                                 F               0         Blade 1 Z translation displacement, node 15, m
        163    3.443E+01                                 F               0         Blade 1 X translation displacement, node 16, m
        164   -2.433E+01                                 F               0         Blade 1 Y translation displacement, node 16, m
        165   -3.548E+00                                 F               0         Blade 1 Z translation displacement, node 16, m
        166    3.486E+01                                 F               0         Blade 1 X translation displacement, node 17, m
        167   -2.524E+01                                 F               0         Blade 1 Y translation displacement, node 17, m
        168   -3.728E+00                                 F               0         Blade 1 Z translation displacement, node 17, m
        169    3.528E+01                                 F               0         Blade 1 X translation displacement, node 18, m
        170   -2.615E+01                                 F               0         Blade 1 Y translation displacement, node 18, m
        171   -3.907E+00                                 F               0         Blade 1 Z translation displacement, node 18, m
        172    3.571E+01                                 F               0         Blade 1 X translation displacement, node 19, m
        173   -2.705E+01                                 F               0         Blade 1 Y translation displacement, node 19, m
        174   -4.086E+00                                 F               0         Blade 1 Z translation displacement, node 19, m
        175    3.614E+01                                 F               0         Blade 1 X translation displacement, node 20, m
        176   -2.796E+01                                 F               0         Blade 1 Y translation displacement, node 20, m
        177   -4.266E+00                                 F               0         Blade 1 Z translation displacement, node 20, m
        178    3.656E+01                                 F               0         Blade 1 X translation displacement, node 21, m
        179   -2.886E+01                                 F               0         Blade 1 Y translation displacement, node 21, m
        180   -4.445E+00                                 F               0         Blade 1 Z translation displacement, node 21, m
        181    3.699E+01                                 F               0         Blade 1 X translation displacement, node 22, m
        182   -2.977E+01                                 F               0         Blade 1 Y translation displacement, node 22, m
        183   -4.625E+00                                 F               0         Blade 1 Z translation displacement, node 22, m
        184    3.741E+01                                 F               0         Blade 1 X translation displacement, node 23, m
        185   -3.068E+01                                 F               0         Blade 1 Y translation displacement, node 23, m
        186   -4.804E+00                                 F               0         Blade 1 Z translation displacement, node 23, m
        187    3.784E+01                                 F               0         Blade 1 X translation displacement, node 24, m
        188   -3.158E+01                                 F               0         Blade 1 Y translation displacement, node 24, m
        189   -4.983E+00                                 F               0         Blade 1 Z translation displacement, node 24, m
        190    3.827E+01                                 F               0         Blade 1 X translation displacement, node 25, m
        191   -3.249E+01                                 F               0         Blade 1 Y translation displacement, node 25, m
        192   -5.163E+00                                 F               0         Blade 1 Z translation displacement, node 25, m
        193    3.869E+01                                 F               0         Blade 1 X translation displacement, node 26, m
        194   -3.340E+01                                 F               0         Blade 1 Y translation displacement, node 26, m
        195   -5.342E+00                                 F               0         Blade 1 Z translation displacement, node 26, m
        196    3.912E+01                                 F               0         Blade 1 X translation displacement, node 27, m
        197   -3.430E+01                                 F               0         Blade 1 Y translation displacement, node 27, m
        198   -5.521E+00                                 F               0         Blade 1 Z translation displacement, node 27, m
        199    3.948E+01                                 F               0         Blade 1 X translation displacement, node 28, m
        200   -3.507E+01                                 F               0         Blade 1 Y translation displacement, node 28, m
        201   -5.673E+00                                 F               0         Blade 1 Z translation displacement, node 28, m
        202    8.369E-01, -4.563E-01, -3.023E-01         F               0         Blade 1 X orientation angle, node 1, rad
        203    5.035E-01,  8.584E-01,  9.812E-02         F               0         Blade 1 Y orientation angle, node 1, rad
        204    2.147E-01, -2.343E-01,  9.481E-01         F               0         Blade 1 Z orientation angle, node 1, rad
        205    8.369E-01, -4.563E-01, -3.023E-01         F               0         Blade 1 X orientation angle, node 2, rad
        206    5.035E-01,  8.584E-01,  9.812E-02         F               0         Blade 1 Y orientation angle, node 2, rad
        207    2.147E-01, -2.343E-01,  9.481E-01         F               0         Blade 1 Z orientation angle, node 2, rad
        208    9.324E-01, -2.398E-01, -2.704E-01         F               0         Blade 1 X orientation angle, node 3, rad
        209    2.908E-01,  9.421E-01,  1.670E-01         F               0         Blade 1 Y orientation angle, node 3, rad
        210    2.147E-01, -2.343E-01,  9.481E-01         F               0         Blade 1 Z orientation angle, node 3, rad
        211    9.438E-01, -1.998E-01, -2.631E-01         F               0         Blade 1 X orientation angle, node 4, rad
        212    2.511E-01,  9.514E-01,  1.782E-01         F               0         Blade 1 Y orientation angle, node 4, rad
        213    2.147E-01, -2.343E-01,  9.481E-01         F               0         Blade 1 Z orientation angle, node 4, rad
        214    9.516E-01, -1.682E-01, -2.571E-01         F               0         Blade 1 X orientation angle, node 5, rad
        215    2.197E-01,  9.575E-01,  1.869E-01         F               0         Blade 1 Y orientation angle, node 5, rad
        216    2.147E-01, -2.343E-01,  9.481E-01         F               0         Blade 1 Z orientation angle, node 5, rad
        217    9.571E-01, -1.427E-01, -2.520E-01         F               0         Blade 1 X orientation angle, node 6, rad
        218    1.944E-01,  9.616E-01,  1.936E-01         F               0         Blade 1 Y orientation angle, node 6, rad
        219    2.147E-01, -2.343E-01,  9.481E-01         F               0         Blade 1 Z orientation angle, node 6, rad
        220    9.611E-01, -1.217E-01, -2.478E-01         F               0         Blade 1 X orientation angle, node 7, rad
        221    1.735E-01,  9.645E-01,  1.991E-01         F               0         Blade 1 Y orientation angle, node 7, rad
        222    2.147E-01, -2.343E-01,  9.481E-01         F               0         Blade 1 Z orientation angle, node 7, rad
        223    9.641E-01, -1.042E-01, -2.441E-01         F               0         Blade 1 X orientation angle, node 8, rad
        224    1.560E-01,  9.666E-01,  2.035E-01         F               0         Blade 1 Y orientation angle, node 8, rad
        225    2.147E-01, -2.343E-01,  9.481E-01         F               0         Blade 1 Z orientation angle, node 8, rad
        226    9.664E-01, -8.932E-02, -2.410E-01         F               0         Blade 1 X orientation angle, node 9, rad
        227    1.412E-01,  9.680E-01,  2.073E-01         F               0         Blade 1 Y orientation angle, node 9, rad
        228    2.147E-01, -2.343E-01,  9.481E-01         F               0         Blade 1 Z orientation angle, node 9, rad
        229    9.682E-01, -7.647E-02, -2.382E-01         F               0         Blade 1 X orientation angle, node 10, rad
        230    1.283E-01,  9.691E-01,  2.104E-01         F               0         Blade 1 Y orientation angle, node 10, rad
        231    2.147E-01, -2.343E-01,  9.481E-01         F               0         Blade 1 Z orientation angle, node 10, rad
        232    9.696E-01, -6.548E-02, -2.358E-01         F               0         Blade 1 X orientation angle, node 11, rad
        233    1.173E-01,  9.700E-01,  2.131E-01         F               0         Blade 1 Y orientation angle, node 11, rad
        234    2.147E-01, -2.343E-01,  9.481E-01         F               0         Blade 1 Z orientation angle, node 11, rad
        235    9.707E-01, -5.582E-02, -2.336E-01         F               0         Blade 1 X orientation angle, node 12, rad
        236    1.077E-01,  9.706E-01,  2.155E-01         F               0         Blade 1 Y orientation angle, node 12, rad
        237    2.147E-01, -2.343E-01,  9.481E-01         F               0         Blade 1 Z orientation angle, node 12, rad
        238    9.716E-01, -4.735E-02, -2.318E-01         F               0         Blade 1 X orientation angle, node 13, rad
        239    9.920E-02,  9.710E-01,  2.175E-01         F               0         Blade 1 Y orientation angle, node 13, rad
        240    2.147E-01, -2.343E-01,  9.481E-01         F               0         Blade 1 Z orientation angle, node 13, rad
        241    9.724E-01, -3.972E-02, -2.300E-01         F               0         Blade 1 X orientation angle, node 14, rad
        242    9.157E-02,  9.713E-01,  2.193E-01         F               0         Blade 1 Y orientation angle, node 14, rad
        243    2.147E-01, -2.343E-01,  9.481E-01         F               0         Blade 1 Z orientation angle, node 14, rad
        244    9.730E-01, -3.294E-02, -2.285E-01         F               0         Blade 1 X orientation angle, node 15, rad
        245    8.478E-02,  9.716E-01,  2.209E-01         F               0         Blade 1 Y orientation angle, node 15, rad
        246    2.147E-01, -2.343E-01,  9.481E-01         F               0         Blade 1 Z orientation angle, node 15, rad
        247    9.735E-01, -2.684E-02, -2.271E-01         F               0         Blade 1 X orientation angle, node 16, rad
        248    7.866E-02,  9.718E-01,  2.223E-01         F               0         Blade 1 Y orientation angle, node 16, rad
        249    2.147E-01, -2.343E-01,  9.481E-01         F               0         Blade 1 Z orientation angle, node 16, rad
        250    9.739E-01, -2.141E-02, -2.259E-01         F               0         Blade 1 X orientation angle, node 17, rad
        251    7.322E-02,  9.719E-01,  2.236E-01         F               0         Blade 1 Y orientation angle, node 17, rad
        252    2.147E-01, -2.343E-01,  9.481E-01         F               0         Blade 1 Z orientation angle, node 17, rad
        253    9.743E-01, -1.632E-02, -2.247E-01         F               0         Blade 1 X orientation angle, node 18, rad
        254    6.812E-02,  9.720E-01,  2.248E-01         F               0         Blade 1 Y orientation angle, node 18, rad
        255    2.147E-01, -2.343E-01,  9.481E-01         F               0         Blade 1 Z orientation angle, node 18, rad
        256    9.746E-01, -1.174E-02, -2.236E-01         F               0         Blade 1 X orientation angle, node 19, rad
        257    6.353E-02,  9.721E-01,  2.258E-01         F               0         Blade 1 Y orientation angle, node 19, rad
        258    2.147E-01, -2.343E-01,  9.481E-01         F               0         Blade 1 Z orientation angle, node 19, rad
        259    9.749E-01, -7.666E-03, -2.227E-01         F               0         Blade 1 X orientation angle, node 20, rad
        260    5.945E-02,  9.721E-01,  2.268E-01         F               0         Blade 1 Y orientation angle, node 20, rad
        261    2.147E-01, -2.343E-01,  9.481E-01         F               0         Blade 1 Z orientation angle, node 20, rad
        262    9.751E-01, -3.764E-03, -2.218E-01         F               0         Blade 1 X orientation angle, node 21, rad
        263    5.553E-02,  9.722E-01,  2.277E-01         F               0         Blade 1 Y orientation angle, node 21, rad
        264    2.147E-01, -2.343E-01,  9.481E-01         F               0         Blade 1 Z orientation angle, node 21, rad
        265    9.753E-01, -2.005E-04, -2.209E-01         F               0         Blade 1 X orientation angle, node 22, rad
        266    5.196E-02,  9.722E-01,  2.285E-01         F               0         Blade 1 Y orientation angle, node 22, rad
        267    2.147E-01, -2.343E-01,  9.481E-01         F               0         Blade 1 Z orientation angle, node 22, rad
        268    9.755E-01,  3.023E-03, -2.202E-01         F               0         Blade 1 X orientation angle, node 23, rad
        269    4.872E-02,  9.722E-01,  2.292E-01         F               0         Blade 1 Y orientation angle, node 23, rad
        270    2.147E-01, -2.343E-01,  9.481E-01         F               0         Blade 1 Z orientation angle, node 23, rad
        271    9.756E-01,  6.077E-03, -2.195E-01         F               0         Blade 1 X orientation angle, node 24, rad
        272    4.566E-02,  9.721E-01,  2.299E-01         F               0         Blade 1 Y orientation angle, node 24, rad
        273    2.147E-01, -2.343E-01,  9.481E-01         F               0         Blade 1 Z orientation angle, node 24, rad
        274    9.757E-01,  8.962E-03, -2.188E-01         F               0         Blade 1 X orientation angle, node 25, rad
        275    4.277E-02,  9.721E-01,  2.306E-01         F               0         Blade 1 Y orientation angle, node 25, rad
        276    2.147E-01, -2.343E-01,  9.481E-01         F               0         Blade 1 Z orientation angle, node 25, rad
        277    9.758E-01,  1.151E-02, -2.182E-01         F               0         Blade 1 X orientation angle, node 26, rad
        278    4.021E-02,  9.721E-01,  2.311E-01         F               0         Blade 1 Y orientation angle, node 26, rad
        279    2.147E-01, -2.343E-01,  9.481E-01         F               0         Blade 1 Z orientation angle, node 26, rad
        280    9.759E-01,  1.405E-02, -2.176E-01         F               0         Blade 1 X orientation angle, node 27, rad
        281    3.766E-02,  9.721E-01,  2.317E-01         F               0         Blade 1 Y orientation angle, node 27, rad
        282    2.147E-01, -2.343E-01,  9.481E-01         F               0         Blade 1 Z orientation angle, node 27, rad
        283    9.760E-01,  1.541E-02, -2.172E-01         F               0         Blade 1 X orientation angle, node 28, rad
        284    3.629E-02,  9.720E-01,  2.320E-01         F               0         Blade 1 Y orientation angle, node 28, rad
        285    2.147E-01, -2.343E-01,  9.481E-01         F               0         Blade 1 Z orientation angle, node 28, rad
        286   -1.828E-01                                 F               0         Blade 1 X translation velocity, node 1, m/s
        287   -4.716E+00                                 F               0         Blade 1 Y translation velocity, node 1, m/s
        288   -1.128E+00                                 F               0         Blade 1 Z translation velocity, node 1, m/s
        289   -2.268E-01                                 F               0         Blade 1 X translation velocity, node 2, m/s
        290   -5.857E+00                                 F               0         Blade 1 Y translation velocity, node 2, m/s
        291   -1.400E+00                                 F               0         Blade 1 Z translation velocity, node 2, m/s
        292   -8.250E-01                                 F               0         Blade 1 X translation velocity, node 3, m/s
        293   -2.137E+01                                 F               0         Blade 1 Y translation velocity, node 3, m/s
        294   -5.099E+00                                 F               0         Blade 1 Z translation velocity, node 3, m/s
        295   -9.524E-01                                 F               0         Blade 1 X translation velocity, node 4, m/s
        296   -2.468E+01                                 F               0         Blade 1 Y translation velocity, node 4, m/s
        297   -5.888E+00                                 F               0         Blade 1 Z translation velocity, node 4, m/s
        298   -1.080E+00                                 F               0         Blade 1 X translation velocity, node 5, m/s
        299   -2.799E+01                                 F               0         Blade 1 Y translation velocity, node 5, m/s
        300   -6.676E+00                                 F               0         Blade 1 Z translation velocity, node 5, m/s
        301   -1.207E+00                                 F               0         Blade 1 X translation velocity, node 6, m/s
        302   -3.129E+01                                 F               0         Blade 1 Y translation velocity, node 6, m/s
        303   -7.464E+00                                 F               0         Blade 1 Z translation velocity, node 6, m/s
        304   -1.335E+00                                 F               0         Blade 1 X translation velocity, node 7, m/s
        305   -3.460E+01                                 F               0         Blade 1 Y translation velocity, node 7, m/s
        306   -8.252E+00                                 F               0         Blade 1 Z translation velocity, node 7, m/s
        307   -1.462E+00                                 F               0         Blade 1 X translation velocity, node 8, m/s
