
Linearized model: Predictions were generated on 30-Jan-2024 at 18:20:32 using OpenFAST, compiled as a 64-bit application using single precision at commit v3.5.1
 linked with  NWTC Subroutine Library; ElastoDyn; InflowWind; AeroDyn; ServoDyn; HydroDyn; MAP++ (<1.20.10>, <Oct-20-2023>)

Description from the FAST input file: CCT-9 Campign 4 model. Input files to be run with OpenFAST 3.5.0. GitHub branch from Lu Wang (https://github.com/luwang00/openfast/tree/dev) compiled on March 7, 2023.

Simulation information:
   Simulation time:                   503.4750 s
   Rotor Speed:                         0.8794 rad/s
   Azimuth:                             1.9330 rad
   Wind Speed:                         10.0000 m/s
   Number of continuous states:         0
   Number of discrete states:           0
   Number of constraint states:         0
   Number of inputs:                 1746
   Number of outputs:                   4
   Jacobians included in this file?    No

Order of inputs:
     Column   Operating Point                     Rotating Frame? Derivative Order Description
   ---------- ---------------                     --------------- ---------------- -----------
          1    1.098E+01                                 F               0         Tower X translation displacement, node 1, m
          2   -1.117E+00                                 F               0         Tower Y translation displacement, node 1, m
          3   -3.065E-01                                 F               0         Tower Z translation displacement, node 1, m
          4    1.240E+01                                 F               0         Tower X translation displacement, node 2, m
          5   -1.629E+00                                 F               0         Tower Y translation displacement, node 2, m
          6   -3.989E-01                                 F               0         Tower Z translation displacement, node 2, m
          7    1.382E+01                                 F               0         Tower X translation displacement, node 3, m
          8   -2.141E+00                                 F               0         Tower Y translation displacement, node 3, m
          9   -4.912E-01                                 F               0         Tower Z translation displacement, node 3, m
         10    1.523E+01                                 F               0         Tower X translation displacement, node 4, m
         11   -2.653E+00                                 F               0         Tower Y translation displacement, node 4, m
         12   -5.835E-01                                 F               0         Tower Z translation displacement, node 4, m
         13    1.665E+01                                 F               0         Tower X translation displacement, node 5, m
         14   -3.165E+00                                 F               0         Tower Y translation displacement, node 5, m
         15   -6.758E-01                                 F               0         Tower Z translation displacement, node 5, m
         16    1.807E+01                                 F               0         Tower X translation displacement, node 6, m
         17   -3.678E+00                                 F               0         Tower Y translation displacement, node 6, m
         18   -7.682E-01                                 F               0         Tower Z translation displacement, node 6, m
         19    1.949E+01                                 F               0         Tower X translation displacement, node 7, m
         20   -4.190E+00                                 F               0         Tower Y translation displacement, node 7, m
         21   -8.605E-01                                 F               0         Tower Z translation displacement, node 7, m
         22    2.091E+01                                 F               0         Tower X translation displacement, node 8, m
         23   -4.702E+00                                 F               0         Tower Y translation displacement, node 8, m
         24   -9.528E-01                                 F               0         Tower Z translation displacement, node 8, m
         25    2.232E+01                                 F               0         Tower X translation displacement, node 9, m
         26   -5.214E+00                                 F               0         Tower Y translation displacement, node 9, m
         27   -1.045E+00                                 F               0         Tower Z translation displacement, node 9, m
         28    2.374E+01                                 F               0         Tower X translation displacement, node 10, m
         29   -5.726E+00                                 F               0         Tower Y translation displacement, node 10, m
         30   -1.137E+00                                 F               0         Tower Z translation displacement, node 10, m
         31    2.516E+01                                 F               0         Tower X translation displacement, node 11, m
         32   -6.239E+00                                 F               0         Tower Y translation displacement, node 11, m
         33   -1.230E+00                                 F               0         Tower Z translation displacement, node 11, m
         34    9.934E-01,  9.882E-03, -1.144E-01         F               0         Tower X orientation angle, node 1, rad
         35   -5.063E-03,  9.991E-01,  4.232E-02         F               0         Tower Y orientation angle, node 1, rad
         36    1.148E-01, -4.146E-02,  9.925E-01         F               0         Tower Z orientation angle, node 1, rad
         37    9.934E-01,  9.882E-03, -1.144E-01         F               0         Tower X orientation angle, node 2, rad
         38   -5.063E-03,  9.991E-01,  4.232E-02         F               0         Tower Y orientation angle, node 2, rad
         39    1.148E-01, -4.146E-02,  9.925E-01         F               0         Tower Z orientation angle, node 2, rad
         40    9.934E-01,  9.882E-03, -1.144E-01         F               0         Tower X orientation angle, node 3, rad
         41   -5.063E-03,  9.991E-01,  4.232E-02         F               0         Tower Y orientation angle, node 3, rad
         42    1.148E-01, -4.146E-02,  9.925E-01         F               0         Tower Z orientation angle, node 3, rad
         43    9.934E-01,  9.882E-03, -1.144E-01         F               0         Tower X orientation angle, node 4, rad
         44   -5.063E-03,  9.991E-01,  4.232E-02         F               0         Tower Y orientation angle, node 4, rad
         45    1.148E-01, -4.146E-02,  9.925E-01         F               0         Tower Z orientation angle, node 4, rad
         46    9.934E-01,  9.882E-03, -1.144E-01         F               0         Tower X orientation angle, node 5, rad
         47   -5.063E-03,  9.991E-01,  4.232E-02         F               0         Tower Y orientation angle, node 5, rad
         48    1.148E-01, -4.146E-02,  9.925E-01         F               0         Tower Z orientation angle, node 5, rad
         49    9.934E-01,  9.882E-03, -1.144E-01         F               0         Tower X orientation angle, node 6, rad
         50   -5.063E-03,  9.991E-01,  4.232E-02         F               0         Tower Y orientation angle, node 6, rad
         51    1.148E-01, -4.146E-02,  9.925E-01         F               0         Tower Z orientation angle, node 6, rad
         52    9.934E-01,  9.882E-03, -1.144E-01         F               0         Tower X orientation angle, node 7, rad
         53   -5.063E-03,  9.991E-01,  4.232E-02         F               0         Tower Y orientation angle, node 7, rad
         54    1.148E-01, -4.146E-02,  9.925E-01         F               0         Tower Z orientation angle, node 7, rad
         55    9.934E-01,  9.882E-03, -1.144E-01         F               0         Tower X orientation angle, node 8, rad
         56   -5.063E-03,  9.991E-01,  4.232E-02         F               0         Tower Y orientation angle, node 8, rad
         57    1.148E-01, -4.146E-02,  9.925E-01         F               0         Tower Z orientation angle, node 8, rad
         58    9.934E-01,  9.882E-03, -1.144E-01         F               0         Tower X orientation angle, node 9, rad
         59   -5.063E-03,  9.991E-01,  4.232E-02         F               0         Tower Y orientation angle, node 9, rad
         60    1.148E-01, -4.146E-02,  9.925E-01         F               0         Tower Z orientation angle, node 9, rad
         61    9.934E-01,  9.882E-03, -1.144E-01         F               0         Tower X orientation angle, node 10, rad
         62   -5.063E-03,  9.991E-01,  4.232E-02         F               0         Tower Y orientation angle, node 10, rad
         63    1.148E-01, -4.146E-02,  9.925E-01         F               0         Tower Z orientation angle, node 10, rad
         64    9.934E-01,  9.882E-03, -1.144E-01         F               0         Tower X orientation angle, node 11, rad
         65   -5.063E-03,  9.991E-01,  4.232E-02         F               0         Tower Y orientation angle, node 11, rad
         66    1.148E-01, -4.146E-02,  9.925E-01         F               0         Tower Z orientation angle, node 11, rad
         67   -3.137E-03                                 F               0         Tower X translation velocity, node 1, m/s
         68    7.515E-04                                 F               0         Tower Y translation velocity, node 1, m/s
         69    3.068E-03                                 F               0         Tower Z translation velocity, node 1, m/s
         70   -2.790E-03                                 F               0         Tower X translation velocity, node 2, m/s
         71    9.940E-05                                 F               0         Tower Y translation velocity, node 2, m/s
         72    3.000E-03                                 F               0         Tower Z translation velocity, node 2, m/s
         73   -2.443E-03                                 F               0         Tower X translation velocity, node 3, m/s
         74   -5.527E-04                                 F               0         Tower Y translation velocity, node 3, m/s
         75    2.933E-03                                 F               0         Tower Z translation velocity, node 3, m/s
         76   -2.096E-03                                 F               0         Tower X translation velocity, node 4, m/s
         77   -1.205E-03                                 F               0         Tower Y translation velocity, node 4, m/s
         78    2.865E-03                                 F               0         Tower Z translation velocity, node 4, m/s
         79   -1.749E-03                                 F               0         Tower X translation velocity, node 5, m/s
         80   -1.857E-03                                 F               0         Tower Y translation velocity, node 5, m/s
         81    2.798E-03                                 F               0         Tower Z translation velocity, node 5, m/s
         82   -1.402E-03                                 F               0         Tower X translation velocity, node 6, m/s
         83   -2.509E-03                                 F               0         Tower Y translation velocity, node 6, m/s
         84    2.731E-03                                 F               0         Tower Z translation velocity, node 6, m/s
         85   -1.055E-03                                 F               0         Tower X translation velocity, node 7, m/s
         86   -3.161E-03                                 F               0         Tower Y translation velocity, node 7, m/s
         87    2.663E-03                                 F               0         Tower Z translation velocity, node 7, m/s
         88   -7.081E-04                                 F               0         Tower X translation velocity, node 8, m/s
         89   -3.813E-03                                 F               0         Tower Y translation velocity, node 8, m/s
         90    2.596E-03                                 F               0         Tower Z translation velocity, node 8, m/s
         91   -3.610E-04                                 F               0         Tower X translation velocity, node 9, m/s
         92   -4.465E-03                                 F               0         Tower Y translation velocity, node 9, m/s
         93    2.529E-03                                 F               0         Tower Z translation velocity, node 9, m/s
         94   -1.394E-05                                 F               0         Tower X translation velocity, node 10, m/s
         95   -5.117E-03                                 F               0         Tower Y translation velocity, node 10, m/s
         96    2.461E-03                                 F               0         Tower Z translation velocity, node 10, m/s
         97    3.331E-04                                 F               0         Tower X translation velocity, node 11, m/s
         98   -5.769E-03                                 F               0         Tower Y translation velocity, node 11, m/s
         99    2.394E-03                                 F               0         Tower Z translation velocity, node 11, m/s
        100    2.613E+01                                 F               0         Hub X translation displacement, node 1, m
        101   -6.671E+00                                 F               0         Hub Y translation displacement, node 1, m
        102   -5.232E-02                                 F               0         Hub Z translation displacement, node 1, m
        103    9.759E-01,  1.416E-02, -2.176E-01         F               0         Hub X orientation angle, node 1, rad
        104    2.056E-01, -3.916E-01,  8.968E-01         F               0         Hub Y orientation angle, node 1, rad
        105   -7.251E-02, -9.200E-01, -3.851E-01         F               0         Hub Z orientation angle, node 1, rad
        106    8.583E-01                                 F               0         Hub X rotation velocity, node 1, rad/s
        107    1.248E-02                                 F               0         Hub Y rotation velocity, node 1, rad/s
        108   -1.914E-01                                 F               0         Hub Z rotation velocity, node 1, rad/s
        109    9.694E-01,  2.577E-02, -2.441E-01         F               0         Blade root 1 X orientation angle, node 1, rad
        110    2.345E-01, -3.911E-01,  8.900E-01         F               0         Blade root 1 Y orientation angle, node 1, rad
        111   -7.251E-02, -9.200E-01, -3.851E-01         F               0         Blade root 1 Z orientation angle, node 1, rad
        112    9.804E-01,  3.198E-02, -1.943E-01         F               0         Blade root 2 X orientation angle, node 1, rad
        113   -1.366E-01, -6.002E-01, -7.881E-01         F               0         Blade root 2 Y orientation angle, node 1, rad
        114   -1.418E-01,  7.992E-01, -5.841E-01         F               0         Blade root 2 Z orientation angle, node 1, rad
        115    9.767E-01, -1.529E-02, -2.141E-01         F               0         Blade root 3 X orientation angle, node 1, rad
        116   -1.104E-02,  9.926E-01, -1.213E-01         F               0         Blade root 3 Y orientation angle, node 1, rad
        117    2.143E-01,  1.208E-01,  9.693E-01         F               0         Blade root 3 Z orientation angle, node 1, rad
        118    2.515E+01                                 F               0         Blade 1 X translation displacement, node 1, m
        119   -1.177E+01                                 F               0         Blade 1 Y translation displacement, node 1, m
        120   -7.696E+00                                 F               0         Blade 1 Z translation displacement, node 1, m
        121    2.491E+01                                 F               0         Blade 1 X translation displacement, node 2, m
        122   -1.300E+01                                 F               0         Blade 1 Y translation displacement, node 2, m
        123   -9.537E+00                                 F               0         Blade 1 Z translation displacement, node 2, m
        124    2.170E+01                                 F               0         Blade 1 X translation displacement, node 3, m
        125   -2.970E+01                                 F               0         Blade 1 Y translation displacement, node 3, m
        126   -3.458E+01                                 F               0         Blade 1 Z translation displacement, node 3, m
        127    2.102E+01                                 F               0         Blade 1 X translation displacement, node 4, m
        128   -3.325E+01                                 F               0         Blade 1 Y translation displacement, node 4, m
        129   -3.992E+01                                 F               0         Blade 1 Z translation displacement, node 4, m
        130    2.033E+01                                 F               0         Blade 1 X translation displacement, node 5, m
        131   -3.681E+01                                 F               0         Blade 1 Y translation displacement, node 5, m
        132   -4.525E+01                                 F               0         Blade 1 Z translation displacement, node 5, m
        133    1.965E+01                                 F               0         Blade 1 X translation displacement, node 6, m
        134   -4.037E+01                                 F               0         Blade 1 Y translation displacement, node 6, m
        135   -5.059E+01                                 F               0         Blade 1 Z translation displacement, node 6, m
        136    1.896E+01                                 F               0         Blade 1 X translation displacement, node 7, m
        137   -4.393E+01                                 F               0         Blade 1 Y translation displacement, node 7, m
        138   -5.593E+01                                 F               0         Blade 1 Z translation displacement, node 7, m
        139    1.828E+01                                 F               0         Blade 1 X translation displacement, node 8, m
        140   -4.749E+01                                 F               0         Blade 1 Y translation displacement, node 8, m
        141   -6.126E+01                                 F               0         Blade 1 Z translation displacement, node 8, m
        142    1.759E+01                                 F               0         Blade 1 X translation displacement, node 9, m
        143   -5.105E+01                                 F               0         Blade 1 Y translation displacement, node 9, m
        144   -6.660E+01                                 F               0         Blade 1 Z translation displacement, node 9, m
        145    1.691E+01                                 F               0         Blade 1 X translation displacement, node 10, m
        146   -5.460E+01                                 F               0         Blade 1 Y translation displacement, node 10, m
        147   -7.193E+01                                 F               0         Blade 1 Z translation displacement, node 10, m
        148    1.622E+01                                 F               0         Blade 1 X translation displacement, node 11, m
        149   -5.816E+01                                 F               0         Blade 1 Y translation displacement, node 11, m
        150   -7.727E+01                                 F               0         Blade 1 Z translation displacement, node 11, m
        151    1.554E+01                                 F               0         Blade 1 X translation displacement, node 12, m
        152   -6.172E+01                                 F               0         Blade 1 Y translation displacement, node 12, m
        153   -8.261E+01                                 F               0         Blade 1 Z translation displacement, node 12, m
        154    1.485E+01                                 F               0         Blade 1 X translation displacement, node 13, m
        155   -6.528E+01                                 F               0         Blade 1 Y translation displacement, node 13, m
        156   -8.794E+01                                 F               0         Blade 1 Z translation displacement, node 13, m
        157    1.417E+01                                 F               0         Blade 1 X translation displacement, node 14, m
        158   -6.884E+01                                 F               0         Blade 1 Y translation displacement, node 14, m
        159   -9.328E+01                                 F               0         Blade 1 Z translation displacement, node 14, m
        160    1.348E+01                                 F               0         Blade 1 X translation displacement, node 15, m
        161   -7.240E+01                                 F               0         Blade 1 Y translation displacement, node 15, m
        162   -9.862E+01                                 F               0         Blade 1 Z translation displacement, node 15, m
        163    1.280E+01                                 F               0         Blade 1 X translation displacement, node 16, m
        164   -7.595E+01                                 F               0         Blade 1 Y translation displacement, node 16, m
        165   -1.040E+02                                 F               0         Blade 1 Z translation displacement, node 16, m
        166    1.211E+01                                 F               0         Blade 1 X translation displacement, node 17, m
        167   -7.951E+01                                 F               0         Blade 1 Y translation displacement, node 17, m
        168   -1.093E+02                                 F               0         Blade 1 Z translation displacement, node 17, m
        169    1.143E+01                                 F               0         Blade 1 X translation displacement, node 18, m
        170   -8.307E+01                                 F               0         Blade 1 Y translation displacement, node 18, m
        171   -1.146E+02                                 F               0         Blade 1 Z translation displacement, node 18, m
        172    1.074E+01                                 F               0         Blade 1 X translation displacement, node 19, m
        173   -8.663E+01                                 F               0         Blade 1 Y translation displacement, node 19, m
        174   -1.200E+02                                 F               0         Blade 1 Z translation displacement, node 19, m
        175    1.006E+01                                 F               0         Blade 1 X translation displacement, node 20, m
        176   -9.019E+01                                 F               0         Blade 1 Y translation displacement, node 20, m
        177   -1.253E+02                                 F               0         Blade 1 Z translation displacement, node 20, m
        178    9.376E+00                                 F               0         Blade 1 X translation displacement, node 21, m
        179   -9.375E+01                                 F               0         Blade 1 Y translation displacement, node 21, m
        180   -1.306E+02                                 F               0         Blade 1 Z translation displacement, node 21, m
        181    8.691E+00                                 F               0         Blade 1 X translation displacement, node 22, m
        182   -9.730E+01                                 F               0         Blade 1 Y translation displacement, node 22, m
        183   -1.360E+02                                 F               0         Blade 1 Z translation displacement, node 22, m
        184    8.006E+00                                 F               0         Blade 1 X translation displacement, node 23, m
        185   -1.009E+02                                 F               0         Blade 1 Y translation displacement, node 23, m
        186   -1.413E+02                                 F               0         Blade 1 Z translation displacement, node 23, m
        187    7.321E+00                                 F               0         Blade 1 X translation displacement, node 24, m
        188   -1.044E+02                                 F               0         Blade 1 Y translation displacement, node 24, m
        189   -1.466E+02                                 F               0         Blade 1 Z translation displacement, node 24, m
        190    6.637E+00                                 F               0         Blade 1 X translation displacement, node 25, m
        191   -1.080E+02                                 F               0         Blade 1 Y translation displacement, node 25, m
        192   -1.520E+02                                 F               0         Blade 1 Z translation displacement, node 25, m
        193    5.952E+00                                 F               0         Blade 1 X translation displacement, node 26, m
        194   -1.115E+02                                 F               0         Blade 1 Y translation displacement, node 26, m
        195   -1.573E+02                                 F               0         Blade 1 Z translation displacement, node 26, m
        196    5.267E+00                                 F               0         Blade 1 X translation displacement, node 27, m
        197   -1.151E+02                                 F               0         Blade 1 Y translation displacement, node 27, m
        198   -1.626E+02                                 F               0         Blade 1 Z translation displacement, node 27, m
        199    4.687E+00                                 F               0         Blade 1 X translation displacement, node 28, m
        200   -1.181E+02                                 F               0         Blade 1 Y translation displacement, node 28, m
        201   -1.672E+02                                 F               0         Blade 1 Z translation displacement, node 28, m
        202    7.558E-01,  2.013E-01, -6.231E-01         F               0         Blade 1 X orientation angle, node 1, rad
        203    6.507E-01, -3.363E-01,  6.808E-01         F               0         Blade 1 Y orientation angle, node 1, rad
        204   -7.251E-02, -9.200E-01, -3.851E-01         F               0         Blade 1 Z orientation angle, node 1, rad
        205    7.558E-01,  2.013E-01, -6.231E-01         F               0         Blade 1 X orientation angle, node 2, rad
        206    6.507E-01, -3.363E-01,  6.808E-01         F               0         Blade 1 Y orientation angle, node 2, rad
        207   -7.251E-02, -9.200E-01, -3.851E-01         F               0         Blade 1 Z orientation angle, node 2, rad
        208    8.885E-01,  1.158E-01, -4.440E-01         F               0         Blade 1 X orientation angle, node 3, rad
        209    4.531E-01, -3.744E-01,  8.090E-01         F               0         Blade 1 Y orientation angle, node 3, rad
        210   -7.251E-02, -9.200E-01, -3.851E-01         F               0         Blade 1 Z orientation angle, node 3, rad
        211    9.069E-01,  9.992E-02, -4.094E-01         F               0         Blade 1 X orientation angle, node 4, rad
        212    4.151E-01, -3.790E-01,  8.271E-01         F               0         Blade 1 Y orientation angle, node 4, rad
        213   -7.251E-02, -9.200E-01, -3.851E-01         F               0         Blade 1 Z orientation angle, node 4, rad
        214    9.201E-01,  8.730E-02, -3.818E-01         F               0         Blade 1 X orientation angle, node 5, rad
        215    3.849E-01, -3.821E-01,  8.402E-01         F               0         Blade 1 Y orientation angle, node 5, rad
        216   -7.251E-02, -9.200E-01, -3.851E-01         F               0         Blade 1 Z orientation angle, node 5, rad
        217    9.300E-01,  7.713E-02, -3.593E-01         F               0         Blade 1 X orientation angle, node 6, rad
        218    3.603E-01, -3.842E-01,  8.500E-01         F               0         Blade 1 Y orientation angle, node 6, rad
        219   -7.251E-02, -9.200E-01, -3.851E-01         F               0         Blade 1 Z orientation angle, node 6, rad
        220    9.376E-01,  6.873E-02, -3.407E-01         F               0         Blade 1 X orientation angle, node 7, rad
        221    3.399E-01, -3.858E-01,  8.577E-01         F               0         Blade 1 Y orientation angle, node 7, rad
        222   -7.251E-02, -9.200E-01, -3.851E-01         F               0         Blade 1 Z orientation angle, node 7, rad
        223    9.437E-01,  6.172E-02, -3.251E-01         F               0         Blade 1 X orientation angle, node 8, rad
        224    3.229E-01, -3.870E-01,  8.637E-01         F               0         Blade 1 Y orientation angle, node 8, rad
        225   -7.251E-02, -9.200E-01, -3.851E-01         F               0         Blade 1 Z orientation angle, node 8, rad
        226    9.485E-01,  5.577E-02, -3.118E-01         F               0         Blade 1 X orientation angle, node 9, rad
        227    3.083E-01, -3.879E-01,  8.686E-01         F               0         Blade 1 Y orientation angle, node 9, rad
        228   -7.251E-02, -9.200E-01, -3.851E-01         F               0         Blade 1 Z orientation angle, node 9, rad
        229    9.525E-01,  5.062E-02, -3.002E-01         F               0         Blade 1 X orientation angle, node 10, rad
        230    2.957E-01, -3.886E-01,  8.727E-01         F               0         Blade 1 Y orientation angle, node 10, rad
        231   -7.251E-02, -9.200E-01, -3.851E-01         F               0         Blade 1 Z orientation angle, node 10, rad
        232    9.558E-01,  4.620E-02, -2.903E-01         F               0         Blade 1 X orientation angle, node 11, rad
        233    2.849E-01, -3.892E-01,  8.760E-01         F               0         Blade 1 Y orientation angle, node 11, rad
        234   -7.251E-02, -9.200E-01, -3.851E-01         F               0         Blade 1 Z orientation angle, node 11, rad
        235    9.586E-01,  4.233E-02, -2.816E-01         F               0         Blade 1 X orientation angle, node 12, rad
        236    2.754E-01, -3.896E-01,  8.788E-01         F               0         Blade 1 Y orientation angle, node 12, rad
        237   -7.251E-02, -9.200E-01, -3.851E-01         F               0         Blade 1 Z orientation angle, node 12, rad
        238    9.610E-01,  3.893E-02, -2.739E-01         F               0         Blade 1 X orientation angle, node 13, rad
        239    2.670E-01, -3.900E-01,  8.813E-01         F               0         Blade 1 Y orientation angle, node 13, rad
        240   -7.251E-02, -9.200E-01, -3.851E-01         F               0         Blade 1 Z orientation angle, node 13, rad
        241    9.630E-01,  3.587E-02, -2.670E-01         F               0         Blade 1 X orientation angle, node 14, rad
        242    2.594E-01, -3.903E-01,  8.834E-01         F               0         Blade 1 Y orientation angle, node 14, rad
        243   -7.251E-02, -9.200E-01, -3.851E-01         F               0         Blade 1 Z orientation angle, node 14, rad
        244    9.648E-01,  3.314E-02, -2.608E-01         F               0         Blade 1 X orientation angle, node 15, rad
        245    2.527E-01, -3.905E-01,  8.852E-01         F               0         Blade 1 Y orientation angle, node 15, rad
        246   -7.251E-02, -9.200E-01, -3.851E-01         F               0         Blade 1 Z orientation angle, node 15, rad
        247    9.664E-01,  3.069E-02, -2.552E-01         F               0         Blade 1 X orientation angle, node 16, rad
        248    2.466E-01, -3.907E-01,  8.869E-01         F               0         Blade 1 Y orientation angle, node 16, rad
        249   -7.251E-02, -9.200E-01, -3.851E-01         F               0         Blade 1 Z orientation angle, node 16, rad
        250    9.678E-01,  2.850E-02, -2.503E-01         F               0         Blade 1 X orientation angle, node 17, rad
        251    2.412E-01, -3.909E-01,  8.883E-01         F               0         Blade 1 Y orientation angle, node 17, rad
        252   -7.251E-02, -9.200E-01, -3.851E-01         F               0         Blade 1 Z orientation angle, node 17, rad
        253    9.690E-01,  2.646E-02, -2.456E-01         F               0         Blade 1 X orientation angle, node 18, rad
        254    2.362E-01, -3.910E-01,  8.896E-01         F               0         Blade 1 Y orientation angle, node 18, rad
        255   -7.251E-02, -9.200E-01, -3.851E-01         F               0         Blade 1 Z orientation angle, node 18, rad
        256    9.701E-01,  2.461E-02, -2.414E-01         F               0         Blade 1 X orientation angle, node 19, rad
        257    2.316E-01, -3.911E-01,  8.907E-01         F               0         Blade 1 Y orientation angle, node 19, rad
        258   -7.251E-02, -9.200E-01, -3.851E-01         F               0         Blade 1 Z orientation angle, node 19, rad
        259    9.711E-01,  2.297E-02, -2.377E-01         F               0         Blade 1 X orientation angle, node 20, rad
        260    2.275E-01, -3.912E-01,  8.917E-01         F               0         Blade 1 Y orientation angle, node 20, rad
        261   -7.251E-02, -9.200E-01, -3.851E-01         F               0         Blade 1 Z orientation angle, node 20, rad
        262    9.720E-01,  2.140E-02, -2.341E-01         F               0         Blade 1 X orientation angle, node 21, rad
        263    2.236E-01, -3.913E-01,  8.927E-01         F               0         Blade 1 Y orientation angle, node 21, rad
        264   -7.251E-02, -9.200E-01, -3.851E-01         F               0         Blade 1 Z orientation angle, node 21, rad
        265    9.728E-01,  1.997E-02, -2.309E-01         F               0         Blade 1 X orientation angle, node 22, rad
        266    2.201E-01, -3.914E-01,  8.935E-01         F               0         Blade 1 Y orientation angle, node 22, rad
        267   -7.251E-02, -9.200E-01, -3.851E-01         F               0         Blade 1 Z orientation angle, node 22, rad
        268    9.735E-01,  1.867E-02, -2.279E-01         F               0         Blade 1 X orientation angle, node 23, rad
        269    2.168E-01, -3.915E-01,  8.943E-01         F               0         Blade 1 Y orientation angle, node 23, rad
        270   -7.251E-02, -9.200E-01, -3.851E-01         F               0         Blade 1 Z orientation angle, node 23, rad
        271    9.742E-01,  1.744E-02, -2.251E-01         F               0         Blade 1 X orientation angle, node 24, rad
        272    2.138E-01, -3.915E-01,  8.950E-01         F               0         Blade 1 Y orientation angle, node 24, rad
        273   -7.251E-02, -9.200E-01, -3.851E-01         F               0         Blade 1 Z orientation angle, node 24, rad
        274    9.748E-01,  1.628E-02, -2.224E-01         F               0         Blade 1 X orientation angle, node 25, rad
        275    2.109E-01, -3.916E-01,  8.957E-01         F               0         Blade 1 Y orientation angle, node 25, rad
        276   -7.251E-02, -9.200E-01, -3.851E-01         F               0         Blade 1 Z orientation angle, node 25, rad
        277    9.754E-01,  1.525E-02, -2.201E-01         F               0         Blade 1 X orientation angle, node 26, rad
        278    2.083E-01, -3.916E-01,  8.962E-01         F               0         Blade 1 Y orientation angle, node 26, rad
        279   -7.251E-02, -9.200E-01, -3.851E-01         F               0         Blade 1 Z orientation angle, node 26, rad
        280    9.759E-01,  1.423E-02, -2.177E-01         F               0         Blade 1 X orientation angle, node 27, rad
        281    2.058E-01, -3.916E-01,  8.968E-01         F               0         Blade 1 Y orientation angle, node 27, rad
        282   -7.251E-02, -9.200E-01, -3.851E-01         F               0         Blade 1 Z orientation angle, node 27, rad
        283    9.762E-01,  1.368E-02, -2.165E-01         F               0         Blade 1 X orientation angle, node 28, rad
        284    2.044E-01, -3.917E-01,  8.971E-01         F               0         Blade 1 Y orientation angle, node 28, rad
        285   -7.251E-02, -9.200E-01, -3.851E-01         F               0         Blade 1 Z orientation angle, node 28, rad
        286   -1.001E+00                                 F               0         Blade 1 X translation velocity, node 1, m/s
        287    1.902E+00                                 F               0         Blade 1 Y translation velocity, node 1, m/s
        288   -4.367E+00                                 F               0         Blade 1 Z translation velocity, node 1, m/s
        289   -1.243E+00                                 F               0         Blade 1 X translation velocity, node 2, m/s
        290    2.362E+00                                 F               0         Blade 1 Y translation velocity, node 2, m/s
        291   -5.420E+00                                 F               0         Blade 1 Z translation velocity, node 2, m/s
        292   -4.526E+00                                 F               0         Blade 1 X translation velocity, node 3, m/s
        293    8.614E+00                                 F               0         Blade 1 Y translation velocity, node 3, m/s
        294   -1.974E+01                                 F               0         Blade 1 Z translation velocity, node 3, m/s
        295   -5.225E+00                                 F               0         Blade 1 X translation velocity, node 4, m/s
        296    9.946E+00                                 F               0         Blade 1 Y translation velocity, node 4, m/s
        297   -2.279E+01                                 F               0         Blade 1 Z translation velocity, node 4, m/s
        298   -5.925E+00                                 F               0         Blade 1 X translation velocity, node 5, m/s
        299    1.128E+01                                 F               0         Blade 1 Y translation velocity, node 5, m/s
        300   -2.584E+01                                 F               0         Blade 1 Z translation velocity, node 5, m/s
        301   -6.625E+00                                 F               0         Blade 1 X translation velocity, node 6, m/s
        302    1.261E+01                                 F               0         Blade 1 Y translation velocity, node 6, m/s
        303   -2.889E+01                                 F               0         Blade 1 Z translation velocity, node 6, m/s
        304   -7.324E+00                                 F               0         Blade 1 X translation velocity, node 7, m/s
        305    1.394E+01                                 F               0         Blade 1 Y translation velocity, node 7, m/s
        306   -3.194E+01                                 F               0         Blade 1 Z translation velocity, node 7, m/s
        307   -8.024E+00                                 F               0         Blade 1 X translation velocity, node 8, m/s
