
Linearized model: Predictions were generated on 12-Feb-2024 at 18:31:58 using OpenFAST, compiled as a 64-bit application using single precision at commit v3.5.1
 linked with  NWTC Subroutine Library; ElastoDyn; InflowWind; AeroDyn; ServoDyn; HydroDyn; MAP++ (<1.20.10>, <Oct-20-2023>)

Description from the FAST input file: CCT-9 Campign 4 model. Input files to be run with OpenFAST 3.5.0. GitHub branch from Lu Wang (https://github.com/luwang00/openfast/tree/dev) compiled on March 7, 2023.

Simulation information:
   Simulation time:                  1000.7500 s
   Rotor Speed:                         1.0459 rad/s
   Azimuth:                             0.4517 rad
   Wind Speed:                         12.0000 m/s
   Number of continuous states:         0
   Number of discrete states:           0
   Number of constraint states:         0
   Number of inputs:                 1746
   Number of outputs:                   4
   Jacobians included in this file?    No

Order of inputs:
     Column   Operating Point                     Rotating Frame? Derivative Order Description
   ---------- ---------------                     --------------- ---------------- -----------
          1    1.518E+01                                 F               0         Tower X translation displacement, node 1, m
          2   -1.051E+00                                 F               0         Tower Y translation displacement, node 1, m
          3   -4.770E-01                                 F               0         Tower Z translation displacement, node 1, m
          4    1.705E+01                                 F               0         Tower X translation displacement, node 2, m
          5   -1.603E+00                                 F               0         Tower Y translation displacement, node 2, m
          6   -6.309E-01                                 F               0         Tower Z translation displacement, node 2, m
          7    1.891E+01                                 F               0         Tower X translation displacement, node 3, m
          8   -2.156E+00                                 F               0         Tower Y translation displacement, node 3, m
          9   -7.847E-01                                 F               0         Tower Z translation displacement, node 3, m
         10    2.077E+01                                 F               0         Tower X translation displacement, node 4, m
         11   -2.708E+00                                 F               0         Tower Y translation displacement, node 4, m
         12   -9.386E-01                                 F               0         Tower Z translation displacement, node 4, m
         13    2.264E+01                                 F               0         Tower X translation displacement, node 5, m
         14   -3.261E+00                                 F               0         Tower Y translation displacement, node 5, m
         15   -1.092E+00                                 F               0         Tower Z translation displacement, node 5, m
         16    2.450E+01                                 F               0         Tower X translation displacement, node 6, m
         17   -3.813E+00                                 F               0         Tower Y translation displacement, node 6, m
         18   -1.246E+00                                 F               0         Tower Z translation displacement, node 6, m
         19    2.636E+01                                 F               0         Tower X translation displacement, node 7, m
         20   -4.366E+00                                 F               0         Tower Y translation displacement, node 7, m
         21   -1.400E+00                                 F               0         Tower Z translation displacement, node 7, m
         22    2.823E+01                                 F               0         Tower X translation displacement, node 8, m
         23   -4.918E+00                                 F               0         Tower Y translation displacement, node 8, m
         24   -1.554E+00                                 F               0         Tower Z translation displacement, node 8, m
         25    3.009E+01                                 F               0         Tower X translation displacement, node 9, m
         26   -5.471E+00                                 F               0         Tower Y translation displacement, node 9, m
         27   -1.708E+00                                 F               0         Tower Z translation displacement, node 9, m
         28    3.196E+01                                 F               0         Tower X translation displacement, node 10, m
         29   -6.023E+00                                 F               0         Tower Y translation displacement, node 10, m
         30   -1.862E+00                                 F               0         Tower Z translation displacement, node 10, m
         31    3.382E+01                                 F               0         Tower X translation displacement, node 11, m
         32   -6.575E+00                                 F               0         Tower Y translation displacement, node 11, m
         33   -2.016E+00                                 F               0         Tower Z translation displacement, node 11, m
         34    9.885E-01,  1.462E-02, -1.503E-01         F               0         Tower X orientation angle, node 1, rad
         35   -7.711E-03,  9.989E-01,  4.641E-02         F               0         Tower Y orientation angle, node 1, rad
         36    1.508E-01, -4.472E-02,  9.875E-01         F               0         Tower Z orientation angle, node 1, rad
         37    9.885E-01,  1.462E-02, -1.503E-01         F               0         Tower X orientation angle, node 2, rad
         38   -7.711E-03,  9.989E-01,  4.641E-02         F               0         Tower Y orientation angle, node 2, rad
         39    1.508E-01, -4.472E-02,  9.875E-01         F               0         Tower Z orientation angle, node 2, rad
         40    9.885E-01,  1.462E-02, -1.503E-01         F               0         Tower X orientation angle, node 3, rad
         41   -7.711E-03,  9.989E-01,  4.641E-02         F               0         Tower Y orientation angle, node 3, rad
         42    1.508E-01, -4.472E-02,  9.875E-01         F               0         Tower Z orientation angle, node 3, rad
         43    9.885E-01,  1.462E-02, -1.503E-01         F               0         Tower X orientation angle, node 4, rad
         44   -7.711E-03,  9.989E-01,  4.641E-02         F               0         Tower Y orientation angle, node 4, rad
         45    1.508E-01, -4.472E-02,  9.875E-01         F               0         Tower Z orientation angle, node 4, rad
         46    9.885E-01,  1.462E-02, -1.503E-01         F               0         Tower X orientation angle, node 5, rad
         47   -7.711E-03,  9.989E-01,  4.641E-02         F               0         Tower Y orientation angle, node 5, rad
         48    1.508E-01, -4.472E-02,  9.875E-01         F               0         Tower Z orientation angle, node 5, rad
         49    9.885E-01,  1.462E-02, -1.503E-01         F               0         Tower X orientation angle, node 6, rad
         50   -7.711E-03,  9.989E-01,  4.641E-02         F               0         Tower Y orientation angle, node 6, rad
         51    1.508E-01, -4.472E-02,  9.875E-01         F               0         Tower Z orientation angle, node 6, rad
         52    9.885E-01,  1.462E-02, -1.503E-01         F               0         Tower X orientation angle, node 7, rad
         53   -7.711E-03,  9.989E-01,  4.641E-02         F               0         Tower Y orientation angle, node 7, rad
         54    1.508E-01, -4.472E-02,  9.875E-01         F               0         Tower Z orientation angle, node 7, rad
         55    9.885E-01,  1.462E-02, -1.503E-01         F               0         Tower X orientation angle, node 8, rad
         56   -7.711E-03,  9.989E-01,  4.641E-02         F               0         Tower Y orientation angle, node 8, rad
         57    1.508E-01, -4.472E-02,  9.875E-01         F               0         Tower Z orientation angle, node 8, rad
         58    9.885E-01,  1.462E-02, -1.503E-01         F               0         Tower X orientation angle, node 9, rad
         59   -7.711E-03,  9.989E-01,  4.641E-02         F               0         Tower Y orientation angle, node 9, rad
         60    1.508E-01, -4.472E-02,  9.875E-01         F               0         Tower Z orientation angle, node 9, rad
         61    9.885E-01,  1.462E-02, -1.503E-01         F               0         Tower X orientation angle, node 10, rad
         62   -7.711E-03,  9.989E-01,  4.641E-02         F               0         Tower Y orientation angle, node 10, rad
         63    1.508E-01, -4.472E-02,  9.875E-01         F               0         Tower Z orientation angle, node 10, rad
         64    9.885E-01,  1.462E-02, -1.503E-01         F               0         Tower X orientation angle, node 11, rad
         65   -7.711E-03,  9.989E-01,  4.641E-02         F               0         Tower Y orientation angle, node 11, rad
         66    1.508E-01, -4.472E-02,  9.875E-01         F               0         Tower Z orientation angle, node 11, rad
         67   -1.133E-03                                 F               0         Tower X translation velocity, node 1, m/s
         68   -7.228E-03                                 F               0         Tower Y translation velocity, node 1, m/s
         69   -2.574E-03                                 F               0         Tower Z translation velocity, node 1, m/s
         70   -1.647E-03                                 F               0         Tower X translation velocity, node 2, m/s
         71   -1.231E-02                                 F               0         Tower Y translation velocity, node 2, m/s
         72   -2.725E-03                                 F               0         Tower Z translation velocity, node 2, m/s
         73   -2.161E-03                                 F               0         Tower X translation velocity, node 3, m/s
         74   -1.739E-02                                 F               0         Tower Y translation velocity, node 3, m/s
         75   -2.877E-03                                 F               0         Tower Z translation velocity, node 3, m/s
         76   -2.675E-03                                 F               0         Tower X translation velocity, node 4, m/s
         77   -2.248E-02                                 F               0         Tower Y translation velocity, node 4, m/s
         78   -3.029E-03                                 F               0         Tower Z translation velocity, node 4, m/s
         79   -3.189E-03                                 F               0         Tower X translation velocity, node 5, m/s
         80   -2.756E-02                                 F               0         Tower Y translation velocity, node 5, m/s
         81   -3.180E-03                                 F               0         Tower Z translation velocity, node 5, m/s
         82   -3.703E-03                                 F               0         Tower X translation velocity, node 6, m/s
         83   -3.264E-02                                 F               0         Tower Y translation velocity, node 6, m/s
         84   -3.332E-03                                 F               0         Tower Z translation velocity, node 6, m/s
         85   -4.217E-03                                 F               0         Tower X translation velocity, node 7, m/s
         86   -3.773E-02                                 F               0         Tower Y translation velocity, node 7, m/s
         87   -3.484E-03                                 F               0         Tower Z translation velocity, node 7, m/s
         88   -4.731E-03                                 F               0         Tower X translation velocity, node 8, m/s
         89   -4.281E-02                                 F               0         Tower Y translation velocity, node 8, m/s
         90   -3.635E-03                                 F               0         Tower Z translation velocity, node 8, m/s
         91   -5.245E-03                                 F               0         Tower X translation velocity, node 9, m/s
         92   -4.789E-02                                 F               0         Tower Y translation velocity, node 9, m/s
         93   -3.787E-03                                 F               0         Tower Z translation velocity, node 9, m/s
         94   -5.759E-03                                 F               0         Tower X translation velocity, node 10, m/s
         95   -5.298E-02                                 F               0         Tower Y translation velocity, node 10, m/s
         96   -3.938E-03                                 F               0         Tower Z translation velocity, node 10, m/s
         97   -6.273E-03                                 F               0         Tower X translation velocity, node 11, m/s
         98   -5.806E-02                                 F               0         Tower Y translation velocity, node 11, m/s
         99   -4.090E-03                                 F               0         Tower Z translation velocity, node 11, m/s
        100    3.513E+01                                 F               0         Hub X translation displacement, node 1, m
        101   -7.084E+00                                 F               0         Hub Y translation displacement, node 1, m
        102   -4.898E-01                                 F               0         Hub Z translation displacement, node 1, m
        103    9.673E-01,  1.921E-02, -2.527E-01         F               0         Hub X orientation angle, node 1, rad
        104    1.036E-01,  8.800E-01,  4.636E-01         F               0         Hub Y orientation angle, node 1, rad
        105    2.313E-01, -4.746E-01,  8.492E-01         F               0         Hub Z orientation angle, node 1, rad
        106    1.012E+00                                 F               0         Hub X rotation velocity, node 1, rad/s
        107    2.005E-02                                 F               0         Hub Y rotation velocity, node 1, rad/s
        108   -2.644E-01                                 F               0         Hub Z rotation velocity, node 1, rad/s
        109    9.638E-01, -6.904E-03, -2.664E-01         F               0         Blade root 1 X orientation angle, node 1, rad
        110    1.323E-01,  8.802E-01,  4.559E-01         F               0         Blade root 1 Y orientation angle, node 1, rad
        111    2.313E-01, -4.746E-01,  8.492E-01         F               0         Blade root 1 Z orientation angle, node 1, rad
        112    9.625E-01,  4.445E-02, -2.676E-01         F               0         Blade root 2 X orientation angle, node 1, rad
        113    1.771E-01, -8.501E-01,  4.960E-01         F               0         Blade root 2 Y orientation angle, node 1, rad
        114   -2.054E-01, -5.248E-01, -8.261E-01         F               0         Blade root 2 Z orientation angle, node 1, rad
        115    9.744E-01,  2.006E-02, -2.239E-01         F               0         Blade root 3 X orientation angle, node 1, rad
        116   -2.233E-01, -2.835E-02, -9.743E-01         F               0         Blade root 3 Y orientation angle, node 1, rad
        117   -2.589E-02,  9.994E-01, -2.315E-02         F               0         Blade root 3 Z orientation angle, node 1, rad
        118    3.583E+01                                 F               0         Blade 1 X translation displacement, node 1, m
        119   -9.714E+00                                 F               0         Blade 1 Y translation displacement, node 1, m
        120   -1.295E+00                                 F               0         Blade 1 Z translation displacement, node 1, m
        121    3.600E+01                                 F               0         Blade 1 X translation displacement, node 2, m
        122   -1.035E+01                                 F               0         Blade 1 Y translation displacement, node 2, m
        123   -1.489E+00                                 F               0         Blade 1 Z translation displacement, node 2, m
        124    3.830E+01                                 F               0         Blade 1 X translation displacement, node 3, m
        125   -1.896E+01                                 F               0         Blade 1 Y translation displacement, node 3, m
        126   -4.126E+00                                 F               0         Blade 1 Z translation displacement, node 3, m
        127    3.879E+01                                 F               0         Blade 1 X translation displacement, node 4, m
        128   -2.080E+01                                 F               0         Blade 1 Y translation displacement, node 4, m
        129   -4.688E+00                                 F               0         Blade 1 Z translation displacement, node 4, m
        130    3.928E+01                                 F               0         Blade 1 X translation displacement, node 5, m
        131   -2.263E+01                                 F               0         Blade 1 Y translation displacement, node 5, m
        132   -5.250E+00                                 F               0         Blade 1 Z translation displacement, node 5, m
        133    3.977E+01                                 F               0         Blade 1 X translation displacement, node 6, m
        134   -2.447E+01                                 F               0         Blade 1 Y translation displacement, node 6, m
        135   -5.811E+00                                 F               0         Blade 1 Z translation displacement, node 6, m
        136    4.026E+01                                 F               0         Blade 1 X translation displacement, node 7, m
        137   -2.631E+01                                 F               0         Blade 1 Y translation displacement, node 7, m
        138   -6.373E+00                                 F               0         Blade 1 Z translation displacement, node 7, m
        139    4.075E+01                                 F               0         Blade 1 X translation displacement, node 8, m
        140   -2.814E+01                                 F               0         Blade 1 Y translation displacement, node 8, m
        141   -6.935E+00                                 F               0         Blade 1 Z translation displacement, node 8, m
        142    4.124E+01                                 F               0         Blade 1 X translation displacement, node 9, m
        143   -2.998E+01                                 F               0         Blade 1 Y translation displacement, node 9, m
        144   -7.497E+00                                 F               0         Blade 1 Z translation displacement, node 9, m
        145    4.173E+01                                 F               0         Blade 1 X translation displacement, node 10, m
        146   -3.181E+01                                 F               0         Blade 1 Y translation displacement, node 10, m
        147   -8.059E+00                                 F               0         Blade 1 Z translation displacement, node 10, m
        148    4.222E+01                                 F               0         Blade 1 X translation displacement, node 11, m
        149   -3.365E+01                                 F               0         Blade 1 Y translation displacement, node 11, m
        150   -8.621E+00                                 F               0         Blade 1 Z translation displacement, node 11, m
        151    4.271E+01                                 F               0         Blade 1 X translation displacement, node 12, m
        152   -3.549E+01                                 F               0         Blade 1 Y translation displacement, node 12, m
        153   -9.183E+00                                 F               0         Blade 1 Z translation displacement, node 12, m
        154    4.320E+01                                 F               0         Blade 1 X translation displacement, node 13, m
        155   -3.732E+01                                 F               0         Blade 1 Y translation displacement, node 13, m
        156   -9.745E+00                                 F               0         Blade 1 Z translation displacement, node 13, m
        157    4.369E+01                                 F               0         Blade 1 X translation displacement, node 14, m
        158   -3.916E+01                                 F               0         Blade 1 Y translation displacement, node 14, m
        159   -1.031E+01                                 F               0         Blade 1 Z translation displacement, node 14, m
        160    4.418E+01                                 F               0         Blade 1 X translation displacement, node 15, m
        161   -4.099E+01                                 F               0         Blade 1 Y translation displacement, node 15, m
        162   -1.087E+01                                 F               0         Blade 1 Z translation displacement, node 15, m
        163    4.467E+01                                 F               0         Blade 1 X translation displacement, node 16, m
        164   -4.283E+01                                 F               0         Blade 1 Y translation displacement, node 16, m
        165   -1.143E+01                                 F               0         Blade 1 Z translation displacement, node 16, m
        166    4.516E+01                                 F               0         Blade 1 X translation displacement, node 17, m
        167   -4.466E+01                                 F               0         Blade 1 Y translation displacement, node 17, m
        168   -1.199E+01                                 F               0         Blade 1 Z translation displacement, node 17, m
        169    4.566E+01                                 F               0         Blade 1 X translation displacement, node 18, m
        170   -4.650E+01                                 F               0         Blade 1 Y translation displacement, node 18, m
        171   -1.255E+01                                 F               0         Blade 1 Z translation displacement, node 18, m
        172    4.615E+01                                 F               0         Blade 1 X translation displacement, node 19, m
        173   -4.834E+01                                 F               0         Blade 1 Y translation displacement, node 19, m
        174   -1.312E+01                                 F               0         Blade 1 Z translation displacement, node 19, m
        175    4.664E+01                                 F               0         Blade 1 X translation displacement, node 20, m
        176   -5.017E+01                                 F               0         Blade 1 Y translation displacement, node 20, m
        177   -1.368E+01                                 F               0         Blade 1 Z translation displacement, node 20, m
        178    4.713E+01                                 F               0         Blade 1 X translation displacement, node 21, m
        179   -5.201E+01                                 F               0         Blade 1 Y translation displacement, node 21, m
        180   -1.424E+01                                 F               0         Blade 1 Z translation displacement, node 21, m
        181    4.762E+01                                 F               0         Blade 1 X translation displacement, node 22, m
        182   -5.384E+01                                 F               0         Blade 1 Y translation displacement, node 22, m
        183   -1.480E+01                                 F               0         Blade 1 Z translation displacement, node 22, m
        184    4.811E+01                                 F               0         Blade 1 X translation displacement, node 23, m
        185   -5.568E+01                                 F               0         Blade 1 Y translation displacement, node 23, m
        186   -1.536E+01                                 F               0         Blade 1 Z translation displacement, node 23, m
        187    4.860E+01                                 F               0         Blade 1 X translation displacement, node 24, m
        188   -5.751E+01                                 F               0         Blade 1 Y translation displacement, node 24, m
        189   -1.593E+01                                 F               0         Blade 1 Z translation displacement, node 24, m
        190    4.909E+01                                 F               0         Blade 1 X translation displacement, node 25, m
        191   -5.935E+01                                 F               0         Blade 1 Y translation displacement, node 25, m
        192   -1.649E+01                                 F               0         Blade 1 Z translation displacement, node 25, m
        193    4.958E+01                                 F               0         Blade 1 X translation displacement, node 26, m
        194   -6.119E+01                                 F               0         Blade 1 Y translation displacement, node 26, m
        195   -1.705E+01                                 F               0         Blade 1 Z translation displacement, node 26, m
        196    5.007E+01                                 F               0         Blade 1 X translation displacement, node 27, m
        197   -6.302E+01                                 F               0         Blade 1 Y translation displacement, node 27, m
        198   -1.761E+01                                 F               0         Blade 1 Z translation displacement, node 27, m
        199    5.048E+01                                 F               0         Blade 1 X translation displacement, node 28, m
        200   -6.458E+01                                 F               0         Blade 1 Y translation displacement, node 28, m
        201   -1.809E+01                                 F               0         Blade 1 Z translation displacement, node 28, m
        202    7.975E-01, -4.075E-01, -4.450E-01         F               0         Blade 1 X orientation angle, node 1, rad
        203    5.573E-01,  7.802E-01,  2.843E-01         F               0         Blade 1 Y orientation angle, node 1, rad
        204    2.313E-01, -4.746E-01,  8.492E-01         F               0         Blade 1 Z orientation angle, node 1, rad
        205    7.975E-01, -4.075E-01, -4.450E-01         F               0         Blade 1 X orientation angle, node 2, rad
        206    5.573E-01,  7.802E-01,  2.843E-01         F               0         Blade 1 Y orientation angle, node 2, rad
        207    2.313E-01, -4.746E-01,  8.492E-01         F               0         Blade 1 Z orientation angle, node 2, rad
        208    9.068E-01, -2.110E-01, -3.649E-01         F               0         Blade 1 X orientation angle, node 3, rad
        209    3.524E-01,  8.545E-01,  3.816E-01         F               0         Blade 1 Y orientation angle, node 3, rad
        210    2.313E-01, -4.746E-01,  8.492E-01         F               0         Blade 1 Z orientation angle, node 3, rad
        211    9.209E-01, -1.747E-01, -3.485E-01         F               0         Blade 1 X orientation angle, node 4, rad
        212    3.138E-01,  8.627E-01,  3.967E-01         F               0         Blade 1 Y orientation angle, node 4, rad
        213    2.313E-01, -4.746E-01,  8.492E-01         F               0         Blade 1 Z orientation angle, node 4, rad
        214    9.308E-01, -1.460E-01, -3.351E-01         F               0         Blade 1 X orientation angle, node 5, rad
        215    2.831E-01,  8.680E-01,  4.080E-01         F               0         Blade 1 Y orientation angle, node 5, rad
        216    2.313E-01, -4.746E-01,  8.492E-01         F               0         Blade 1 Z orientation angle, node 5, rad
        217    9.380E-01, -1.229E-01, -3.242E-01         F               0         Blade 1 X orientation angle, node 6, rad
        218    2.583E-01,  8.716E-01,  4.168E-01         F               0         Blade 1 Y orientation angle, node 6, rad
        219    2.313E-01, -4.746E-01,  8.492E-01         F               0         Blade 1 Z orientation angle, node 6, rad
        220    9.434E-01, -1.039E-01, -3.150E-01         F               0         Blade 1 X orientation angle, node 7, rad
        221    2.378E-01,  8.740E-01,  4.237E-01         F               0         Blade 1 Y orientation angle, node 7, rad
        222    2.313E-01, -4.746E-01,  8.492E-01         F               0         Blade 1 Z orientation angle, node 7, rad
        223    9.475E-01, -8.802E-02, -3.073E-01         F               0         Blade 1 X orientation angle, node 8, rad
        224    2.206E-01,  8.758E-01,  4.294E-01         F               0         Blade 1 Y orientation angle, node 8, rad
        225    2.313E-01, -4.746E-01,  8.492E-01         F               0         Blade 1 Z orientation angle, node 8, rad
        226    9.508E-01, -7.456E-02, -3.006E-01         F               0         Blade 1 X orientation angle, node 9, rad
        227    2.060E-01,  8.770E-01,  4.341E-01         F               0         Blade 1 Y orientation angle, node 9, rad
        228    2.313E-01, -4.746E-01,  8.492E-01         F               0         Blade 1 Z orientation angle, node 9, rad
        229    9.535E-01, -6.292E-02, -2.949E-01         F               0         Blade 1 X orientation angle, node 10, rad
        230    1.934E-01,  8.779E-01,  4.380E-01         F               0         Blade 1 Y orientation angle, node 10, rad
        231    2.313E-01, -4.746E-01,  8.492E-01         F               0         Blade 1 Z orientation angle, node 10, rad
        232    9.556E-01, -5.296E-02, -2.899E-01         F               0         Blade 1 X orientation angle, node 11, rad
        233    1.826E-01,  8.786E-01,  4.413E-01         F               0         Blade 1 Y orientation angle, node 11, rad
        234    2.313E-01, -4.746E-01,  8.492E-01         F               0         Blade 1 Z orientation angle, node 11, rad
        235    9.574E-01, -4.422E-02, -2.855E-01         F               0         Blade 1 X orientation angle, node 12, rad
        236    1.730E-01,  8.791E-01,  4.442E-01         F               0         Blade 1 Y orientation angle, node 12, rad
        237    2.313E-01, -4.746E-01,  8.492E-01         F               0         Blade 1 Z orientation angle, node 12, rad
        238    9.588E-01, -3.654E-02, -2.816E-01         F               0         Blade 1 X orientation angle, node 13, rad
        239    1.647E-01,  8.794E-01,  4.467E-01         F               0         Blade 1 Y orientation angle, node 13, rad
        240    2.313E-01, -4.746E-01,  8.492E-01         F               0         Blade 1 Z orientation angle, node 13, rad
        241    9.601E-01, -2.963E-02, -2.781E-01         F               0         Blade 1 X orientation angle, node 14, rad
        242    1.571E-01,  8.797E-01,  4.489E-01         F               0         Blade 1 Y orientation angle, node 14, rad
        243    2.313E-01, -4.746E-01,  8.492E-01         F               0         Blade 1 Z orientation angle, node 14, rad
        244    9.612E-01, -2.349E-02, -2.749E-01         F               0         Blade 1 X orientation angle, node 15, rad
        245    1.504E-01,  8.799E-01,  4.508E-01         F               0         Blade 1 Y orientation angle, node 15, rad
        246    2.313E-01, -4.746E-01,  8.492E-01         F               0         Blade 1 Z orientation angle, node 15, rad
        247    9.621E-01, -1.796E-02, -2.721E-01         F               0         Blade 1 X orientation angle, node 16, rad
        248    1.444E-01,  8.800E-01,  4.525E-01         F               0         Blade 1 Y orientation angle, node 16, rad
        249    2.313E-01, -4.746E-01,  8.492E-01         F               0         Blade 1 Z orientation angle, node 16, rad
        250    9.629E-01, -1.305E-02, -2.696E-01         F               0         Blade 1 X orientation angle, node 17, rad
        251    1.390E-01,  8.801E-01,  4.540E-01         F               0         Blade 1 Y orientation angle, node 17, rad
        252    2.313E-01, -4.746E-01,  8.492E-01         F               0         Blade 1 Z orientation angle, node 17, rad
        253    9.636E-01, -8.441E-03, -2.672E-01         F               0         Blade 1 X orientation angle, node 18, rad
        254    1.340E-01,  8.801E-01,  4.554E-01         F               0         Blade 1 Y orientation angle, node 18, rad
        255    2.313E-01, -4.746E-01,  8.492E-01         F               0         Blade 1 Z orientation angle, node 18, rad
        256    9.642E-01, -4.293E-03, -2.650E-01         F               0         Blade 1 X orientation angle, node 19, rad
        257    1.294E-01,  8.802E-01,  4.567E-01         F               0         Blade 1 Y orientation angle, node 19, rad
        258    2.313E-01, -4.746E-01,  8.492E-01         F               0         Blade 1 Z orientation angle, node 19, rad
        259    9.648E-01, -6.061E-04, -2.631E-01         F               0         Blade 1 X orientation angle, node 20, rad
        260    1.254E-01,  8.802E-01,  4.578E-01         F               0         Blade 1 Y orientation angle, node 20, rad
        261    2.313E-01, -4.746E-01,  8.492E-01         F               0         Blade 1 Z orientation angle, node 20, rad
        262    9.653E-01,  2.927E-03, -2.613E-01         F               0         Blade 1 X orientation angle, node 21, rad
        263    1.215E-01,  8.802E-01,  4.588E-01         F               0         Blade 1 Y orientation angle, node 21, rad
        264    2.313E-01, -4.746E-01,  8.492E-01         F               0         Blade 1 Z orientation angle, node 21, rad
        265    9.657E-01,  6.153E-03, -2.596E-01         F               0         Blade 1 X orientation angle, node 22, rad
        266    1.180E-01,  8.802E-01,  4.598E-01         F               0         Blade 1 Y orientation angle, node 22, rad
        267    2.313E-01, -4.746E-01,  8.492E-01         F               0         Blade 1 Z orientation angle, node 22, rad
        268    9.661E-01,  9.072E-03, -2.581E-01         F               0         Blade 1 X orientation angle, node 23, rad
        269    1.148E-01,  8.801E-01,  4.606E-01         F               0         Blade 1 Y orientation angle, node 23, rad
        270    2.313E-01, -4.746E-01,  8.492E-01         F               0         Blade 1 Z orientation angle, node 23, rad
        271    9.664E-01,  1.184E-02, -2.566E-01         F               0         Blade 1 X orientation angle, node 24, rad
        272    1.117E-01,  8.801E-01,  4.615E-01         F               0         Blade 1 Y orientation angle, node 24, rad
        273    2.313E-01, -4.746E-01,  8.492E-01         F               0         Blade 1 Z orientation angle, node 24, rad
        274    9.668E-01,  1.445E-02, -2.552E-01         F               0         Blade 1 X orientation angle, node 25, rad
        275    1.089E-01,  8.801E-01,  4.622E-01         F               0         Blade 1 Y orientation angle, node 25, rad
        276    2.313E-01, -4.746E-01,  8.492E-01         F               0         Blade 1 Z orientation angle, node 25, rad
        277    9.671E-01,  1.675E-02, -2.540E-01         F               0         Blade 1 X orientation angle, node 26, rad
        278    1.063E-01,  8.800E-01,  4.629E-01         F               0         Blade 1 Y orientation angle, node 26, rad
        279    2.313E-01, -4.746E-01,  8.492E-01         F               0         Blade 1 Z orientation angle, node 26, rad
        280    9.673E-01,  1.906E-02, -2.528E-01         F               0         Blade 1 X orientation angle, node 27, rad
        281    1.038E-01,  8.800E-01,  4.635E-01         F               0         Blade 1 Y orientation angle, node 27, rad
        282    2.313E-01, -4.746E-01,  8.492E-01         F               0         Blade 1 Z orientation angle, node 27, rad
        283    9.675E-01,  2.028E-02, -2.522E-01         F               0         Blade 1 X orientation angle, node 28, rad
        284    1.025E-01,  8.799E-01,  4.639E-01         F               0         Blade 1 Y orientation angle, node 28, rad
        285    2.313E-01, -4.746E-01,  8.492E-01         F               0         Blade 1 Z orientation angle, node 28, rad
        286   -6.075E-01                                 F               0         Blade 1 X translation velocity, node 1, m/s
        287   -5.162E+00                                 F               0         Blade 1 Y translation velocity, node 1, m/s
        288   -2.692E+00                                 F               0         Blade 1 Z translation velocity, node 1, m/s
        289   -7.523E-01                                 F               0         Blade 1 X translation velocity, node 2, m/s
        290   -6.391E+00                                 F               0         Blade 1 Y translation velocity, node 2, m/s
        291   -3.339E+00                                 F               0         Blade 1 Z translation velocity, node 2, m/s
        292   -2.721E+00                                 F               0         Blade 1 X translation velocity, node 3, m/s
        293   -2.310E+01                                 F               0         Blade 1 Y translation velocity, node 3, m/s
        294   -1.214E+01                                 F               0         Blade 1 Z translation velocity, node 3, m/s
        295   -3.140E+00                                 F               0         Blade 1 X translation velocity, node 4, m/s
        296   -2.667E+01                                 F               0         Blade 1 Y translation velocity, node 4, m/s
        297   -1.402E+01                                 F               0         Blade 1 Z translation velocity, node 4, m/s
        298   -3.560E+00                                 F               0         Blade 1 X translation velocity, node 5, m/s
        299   -3.023E+01                                 F               0         Blade 1 Y translation velocity, node 5, m/s
        300   -1.590E+01                                 F               0         Blade 1 Z translation velocity, node 5, m/s
        301   -3.979E+00                                 F               0         Blade 1 X translation velocity, node 6, m/s
        302   -3.379E+01                                 F               0         Blade 1 Y translation velocity, node 6, m/s
        303   -1.777E+01                                 F               0         Blade 1 Z translation velocity, node 6, m/s
        304   -4.399E+00                                 F               0         Blade 1 X translation velocity, node 7, m/s
        305   -3.735E+01                                 F               0         Blade 1 Y translation velocity, node 7, m/s
        306   -1.965E+01                                 F               0         Blade 1 Z translation velocity, node 7, m/s
        307   -4.818E+00                                 F               0         Blade 1 X translation velocity, node 8, m/s
