
Linearized model: Predictions were generated on 12-Feb-2024 at 18:31:58 using OpenFAST, compiled as a 64-bit application using single precision at commit v3.5.1
 linked with  NWTC Subroutine Library; ElastoDyn; InflowWind; AeroDyn; ServoDyn; HydroDyn; MAP++ (<1.20.10>, <Oct-20-2023>)

Description from the FAST input file: CCT-9 Campign 4 model. Input files to be run with OpenFAST 3.5.0. GitHub branch from Lu Wang (https://github.com/luwang00/openfast/tree/dev) compiled on March 7, 2023.

Simulation information:
   Simulation time:                  1008.7000 s
   Rotor Speed:                         1.0474 rad/s
   Azimuth:                             2.4903 rad
   Wind Speed:                         12.0000 m/s
   Number of continuous states:         0
   Number of discrete states:           0
   Number of constraint states:         0
   Number of inputs:                 1746
   Number of outputs:                   4
   Jacobians included in this file?    No

Order of inputs:
     Column   Operating Point                     Rotating Frame? Derivative Order Description
   ---------- ---------------                     --------------- ---------------- -----------
          1    1.518E+01                                 F               0         Tower X translation displacement, node 1, m
          2   -1.016E+00                                 F               0         Tower Y translation displacement, node 1, m
          3   -4.532E-01                                 F               0         Tower Z translation displacement, node 1, m
          4    1.704E+01                                 F               0         Tower X translation displacement, node 2, m
          5   -1.547E+00                                 F               0         Tower Y translation displacement, node 2, m
          6   -6.057E-01                                 F               0         Tower Z translation displacement, node 2, m
          7    1.890E+01                                 F               0         Tower X translation displacement, node 3, m
          8   -2.079E+00                                 F               0         Tower Y translation displacement, node 3, m
          9   -7.583E-01                                 F               0         Tower Z translation displacement, node 3, m
         10    2.076E+01                                 F               0         Tower X translation displacement, node 4, m
         11   -2.611E+00                                 F               0         Tower Y translation displacement, node 4, m
         12   -9.108E-01                                 F               0         Tower Z translation displacement, node 4, m
         13    2.262E+01                                 F               0         Tower X translation displacement, node 5, m
         14   -3.142E+00                                 F               0         Tower Y translation displacement, node 5, m
         15   -1.063E+00                                 F               0         Tower Z translation displacement, node 5, m
         16    2.449E+01                                 F               0         Tower X translation displacement, node 6, m
         17   -3.674E+00                                 F               0         Tower Y translation displacement, node 6, m
         18   -1.216E+00                                 F               0         Tower Z translation displacement, node 6, m
         19    2.635E+01                                 F               0         Tower X translation displacement, node 7, m
         20   -4.206E+00                                 F               0         Tower Y translation displacement, node 7, m
         21   -1.368E+00                                 F               0         Tower Z translation displacement, node 7, m
         22    2.821E+01                                 F               0         Tower X translation displacement, node 8, m
         23   -4.737E+00                                 F               0         Tower Y translation displacement, node 8, m
         24   -1.521E+00                                 F               0         Tower Z translation displacement, node 8, m
         25    3.007E+01                                 F               0         Tower X translation displacement, node 9, m
         26   -5.269E+00                                 F               0         Tower Y translation displacement, node 9, m
         27   -1.674E+00                                 F               0         Tower Z translation displacement, node 9, m
         28    3.193E+01                                 F               0         Tower X translation displacement, node 10, m
         29   -5.801E+00                                 F               0         Tower Y translation displacement, node 10, m
         30   -1.826E+00                                 F               0         Tower Z translation displacement, node 10, m
         31    3.379E+01                                 F               0         Tower X translation displacement, node 11, m
         32   -6.332E+00                                 F               0         Tower Y translation displacement, node 11, m
         33   -1.979E+00                                 F               0         Tower Z translation displacement, node 11, m
         34    9.885E-01,  1.564E-02, -1.501E-01         F               0         Tower X orientation angle, node 1, rad
         35   -8.989E-03,  9.990E-01,  4.489E-02         F               0         Tower Y orientation angle, node 1, rad
         36    1.506E-01, -4.303E-02,  9.877E-01         F               0         Tower Z orientation angle, node 1, rad
         37    9.885E-01,  1.564E-02, -1.501E-01         F               0         Tower X orientation angle, node 2, rad
         38   -8.989E-03,  9.990E-01,  4.489E-02         F               0         Tower Y orientation angle, node 2, rad
         39    1.506E-01, -4.303E-02,  9.877E-01         F               0         Tower Z orientation angle, node 2, rad
         40    9.885E-01,  1.564E-02, -1.501E-01         F               0         Tower X orientation angle, node 3, rad
         41   -8.989E-03,  9.990E-01,  4.489E-02         F               0         Tower Y orientation angle, node 3, rad
         42    1.506E-01, -4.303E-02,  9.877E-01         F               0         Tower Z orientation angle, node 3, rad
         43    9.885E-01,  1.564E-02, -1.501E-01         F               0         Tower X orientation angle, node 4, rad
         44   -8.989E-03,  9.990E-01,  4.489E-02         F               0         Tower Y orientation angle, node 4, rad
         45    1.506E-01, -4.303E-02,  9.877E-01         F               0         Tower Z orientation angle, node 4, rad
         46    9.885E-01,  1.564E-02, -1.501E-01         F               0         Tower X orientation angle, node 5, rad
         47   -8.989E-03,  9.990E-01,  4.489E-02         F               0         Tower Y orientation angle, node 5, rad
         48    1.506E-01, -4.303E-02,  9.877E-01         F               0         Tower Z orientation angle, node 5, rad
         49    9.885E-01,  1.564E-02, -1.501E-01         F               0         Tower X orientation angle, node 6, rad
         50   -8.989E-03,  9.990E-01,  4.489E-02         F               0         Tower Y orientation angle, node 6, rad
         51    1.506E-01, -4.303E-02,  9.877E-01         F               0         Tower Z orientation angle, node 6, rad
         52    9.885E-01,  1.564E-02, -1.501E-01         F               0         Tower X orientation angle, node 7, rad
         53   -8.989E-03,  9.990E-01,  4.489E-02         F               0         Tower Y orientation angle, node 7, rad
         54    1.506E-01, -4.303E-02,  9.877E-01         F               0         Tower Z orientation angle, node 7, rad
         55    9.885E-01,  1.564E-02, -1.501E-01         F               0         Tower X orientation angle, node 8, rad
         56   -8.989E-03,  9.990E-01,  4.489E-02         F               0         Tower Y orientation angle, node 8, rad
         57    1.506E-01, -4.303E-02,  9.877E-01         F               0         Tower Z orientation angle, node 8, rad
         58    9.885E-01,  1.564E-02, -1.501E-01         F               0         Tower X orientation angle, node 9, rad
         59   -8.989E-03,  9.990E-01,  4.489E-02         F               0         Tower Y orientation angle, node 9, rad
         60    1.506E-01, -4.303E-02,  9.877E-01         F               0         Tower Z orientation angle, node 9, rad
         61    9.885E-01,  1.564E-02, -1.501E-01         F               0         Tower X orientation angle, node 10, rad
         62   -8.989E-03,  9.990E-01,  4.489E-02         F               0         Tower Y orientation angle, node 10, rad
         63    1.506E-01, -4.303E-02,  9.877E-01         F               0         Tower Z orientation angle, node 10, rad
         64    9.885E-01,  1.564E-02, -1.501E-01         F               0         Tower X orientation angle, node 11, rad
         65   -8.989E-03,  9.990E-01,  4.489E-02         F               0         Tower Y orientation angle, node 11, rad
         66    1.506E-01, -4.303E-02,  9.877E-01         F               0         Tower Z orientation angle, node 11, rad
         67    8.019E-04                                 F               0         Tower X translation velocity, node 1, m/s
         68    1.516E-02                                 F               0         Tower Y translation velocity, node 1, m/s
         69    5.460E-03                                 F               0         Tower Z translation velocity, node 1, m/s
         70    8.852E-04                                 F               0         Tower X translation velocity, node 2, m/s
         71    2.472E-02                                 F               0         Tower Y translation velocity, node 2, m/s
         72    5.863E-03                                 F               0         Tower Z translation velocity, node 2, m/s
         73    9.685E-04                                 F               0         Tower X translation velocity, node 3, m/s
         74    3.428E-02                                 F               0         Tower Y translation velocity, node 3, m/s
         75    6.267E-03                                 F               0         Tower Z translation velocity, node 3, m/s
         76    1.052E-03                                 F               0         Tower X translation velocity, node 4, m/s
         77    4.383E-02                                 F               0         Tower Y translation velocity, node 4, m/s
         78    6.671E-03                                 F               0         Tower Z translation velocity, node 4, m/s
         79    1.135E-03                                 F               0         Tower X translation velocity, node 5, m/s
         80    5.339E-02                                 F               0         Tower Y translation velocity, node 5, m/s
         81    7.075E-03                                 F               0         Tower Z translation velocity, node 5, m/s
         82    1.218E-03                                 F               0         Tower X translation velocity, node 6, m/s
         83    6.295E-02                                 F               0         Tower Y translation velocity, node 6, m/s
         84    7.478E-03                                 F               0         Tower Z translation velocity, node 6, m/s
         85    1.302E-03                                 F               0         Tower X translation velocity, node 7, m/s
         86    7.251E-02                                 F               0         Tower Y translation velocity, node 7, m/s
         87    7.882E-03                                 F               0         Tower Z translation velocity, node 7, m/s
         88    1.385E-03                                 F               0         Tower X translation velocity, node 8, m/s
         89    8.207E-02                                 F               0         Tower Y translation velocity, node 8, m/s
         90    8.286E-03                                 F               0         Tower Z translation velocity, node 8, m/s
         91    1.468E-03                                 F               0         Tower X translation velocity, node 9, m/s
         92    9.163E-02                                 F               0         Tower Y translation velocity, node 9, m/s
         93    8.690E-03                                 F               0         Tower Z translation velocity, node 9, m/s
         94    1.552E-03                                 F               0         Tower X translation velocity, node 10, m/s
         95    1.012E-01                                 F               0         Tower Y translation velocity, node 10, m/s
         96    9.093E-03                                 F               0         Tower Z translation velocity, node 10, m/s
         97    1.635E-03                                 F               0         Tower X translation velocity, node 11, m/s
         98    1.107E-01                                 F               0         Tower Y translation velocity, node 11, m/s
         99    9.497E-03                                 F               0         Tower Z translation velocity, node 11, m/s
        100    3.510E+01                                 F               0         Hub X translation displacement, node 1, m
        101   -6.839E+00                                 F               0         Hub Y translation displacement, node 1, m
        102   -4.546E-01                                 F               0         Hub Z translation displacement, node 1, m
        103    9.674E-01,  2.005E-02, -2.525E-01         F               0         Hub X orientation angle, node 1, rad
        104    1.606E-01, -8.194E-01,  5.503E-01         F               0         Hub Y orientation angle, node 1, rad
        105   -1.959E-01, -5.729E-01, -7.959E-01         F               0         Hub Z orientation angle, node 1, rad
        106    1.012E+00                                 F               0         Hub X rotation velocity, node 1, rad/s
        107    2.100E-02                                 F               0         Hub Y rotation velocity, node 1, rad/s
        108   -2.642E-01                                 F               0         Hub Z rotation velocity, node 1, rad/s
        109    9.622E-01,  4.435E-02, -2.687E-01         F               0         Blade root 1 X orientation angle, node 1, rad
        110    1.892E-01, -8.184E-01,  5.425E-01         F               0         Blade root 1 Y orientation angle, node 1, rad
        111   -1.959E-01, -5.729E-01, -7.959E-01         F               0         Blade root 1 Z orientation angle, node 1, rad
        112    9.744E-01,  2.261E-02, -2.238E-01         F               0         Blade root 2 X orientation angle, node 1, rad
        113   -2.211E-01, -8.578E-02, -9.715E-01         F               0         Blade root 2 Y orientation angle, node 1, rad
        114   -4.116E-02,  9.961E-01, -7.858E-02         F               0         Blade root 2 Z orientation angle, node 1, rad
        115    9.643E-01, -6.829E-03, -2.647E-01         F               0         Blade root 3 X orientation angle, node 1, rad
        116    1.180E-01,  9.060E-01,  4.065E-01         F               0         Blade root 3 Y orientation angle, node 1, rad
        117    2.370E-01, -4.232E-01,  8.745E-01         F               0         Blade root 3 Z orientation angle, node 1, rad
        118    3.343E+01                                 F               0         Blade 1 X translation displacement, node 1, m
        119   -1.001E+01                                 F               0         Blade 1 Y translation displacement, node 1, m
        120   -1.037E+01                                 F               0         Blade 1 Z translation displacement, node 1, m
        121    3.303E+01                                 F               0         Blade 1 X translation displacement, node 2, m
        122   -1.078E+01                                 F               0         Blade 1 Y translation displacement, node 2, m
        123   -1.276E+01                                 F               0         Blade 1 Z translation displacement, node 2, m
        124    2.758E+01                                 F               0         Blade 1 X translation displacement, node 3, m
        125   -2.118E+01                                 F               0         Blade 1 Y translation displacement, node 3, m
        126   -4.526E+01                                 F               0         Blade 1 Z translation displacement, node 3, m
        127    2.642E+01                                 F               0         Blade 1 X translation displacement, node 4, m
        128   -2.339E+01                                 F               0         Blade 1 Y translation displacement, node 4, m
        129   -5.219E+01                                 F               0         Blade 1 Z translation displacement, node 4, m
        130    2.526E+01                                 F               0         Blade 1 X translation displacement, node 5, m
        131   -2.561E+01                                 F               0         Blade 1 Y translation displacement, node 5, m
        132   -5.911E+01                                 F               0         Blade 1 Z translation displacement, node 5, m
        133    2.409E+01                                 F               0         Blade 1 X translation displacement, node 6, m
        134   -2.782E+01                                 F               0         Blade 1 Y translation displacement, node 6, m
        135   -6.604E+01                                 F               0         Blade 1 Z translation displacement, node 6, m
        136    2.293E+01                                 F               0         Blade 1 X translation displacement, node 7, m
        137   -3.004E+01                                 F               0         Blade 1 Y translation displacement, node 7, m
        138   -7.296E+01                                 F               0         Blade 1 Z translation displacement, node 7, m
        139    2.177E+01                                 F               0         Blade 1 X translation displacement, node 8, m
        140   -3.225E+01                                 F               0         Blade 1 Y translation displacement, node 8, m
        141   -7.989E+01                                 F               0         Blade 1 Z translation displacement, node 8, m
        142    2.061E+01                                 F               0         Blade 1 X translation displacement, node 9, m
        143   -3.447E+01                                 F               0         Blade 1 Y translation displacement, node 9, m
        144   -8.681E+01                                 F               0         Blade 1 Z translation displacement, node 9, m
        145    1.945E+01                                 F               0         Blade 1 X translation displacement, node 10, m
        146   -3.669E+01                                 F               0         Blade 1 Y translation displacement, node 10, m
        147   -9.374E+01                                 F               0         Blade 1 Z translation displacement, node 10, m
        148    1.828E+01                                 F               0         Blade 1 X translation displacement, node 11, m
        149   -3.890E+01                                 F               0         Blade 1 Y translation displacement, node 11, m
        150   -1.007E+02                                 F               0         Blade 1 Z translation displacement, node 11, m
        151    1.712E+01                                 F               0         Blade 1 X translation displacement, node 12, m
        152   -4.112E+01                                 F               0         Blade 1 Y translation displacement, node 12, m
        153   -1.076E+02                                 F               0         Blade 1 Z translation displacement, node 12, m
        154    1.596E+01                                 F               0         Blade 1 X translation displacement, node 13, m
        155   -4.333E+01                                 F               0         Blade 1 Y translation displacement, node 13, m
        156   -1.145E+02                                 F               0         Blade 1 Z translation displacement, node 13, m
        157    1.480E+01                                 F               0         Blade 1 X translation displacement, node 14, m
        158   -4.555E+01                                 F               0         Blade 1 Y translation displacement, node 14, m
        159   -1.214E+02                                 F               0         Blade 1 Z translation displacement, node 14, m
        160    1.364E+01                                 F               0         Blade 1 X translation displacement, node 15, m
        161   -4.776E+01                                 F               0         Blade 1 Y translation displacement, node 15, m
        162   -1.284E+02                                 F               0         Blade 1 Z translation displacement, node 15, m
        163    1.247E+01                                 F               0         Blade 1 X translation displacement, node 16, m
        164   -4.998E+01                                 F               0         Blade 1 Y translation displacement, node 16, m
        165   -1.353E+02                                 F               0         Blade 1 Z translation displacement, node 16, m
        166    1.131E+01                                 F               0         Blade 1 X translation displacement, node 17, m
        167   -5.220E+01                                 F               0         Blade 1 Y translation displacement, node 17, m
        168   -1.422E+02                                 F               0         Blade 1 Z translation displacement, node 17, m
        169    1.015E+01                                 F               0         Blade 1 X translation displacement, node 18, m
        170   -5.441E+01                                 F               0         Blade 1 Y translation displacement, node 18, m
        171   -1.491E+02                                 F               0         Blade 1 Z translation displacement, node 18, m
        172    8.989E+00                                 F               0         Blade 1 X translation displacement, node 19, m
        173   -5.663E+01                                 F               0         Blade 1 Y translation displacement, node 19, m
        174   -1.561E+02                                 F               0         Blade 1 Z translation displacement, node 19, m
        175    7.827E+00                                 F               0         Blade 1 X translation displacement, node 20, m
        176   -5.884E+01                                 F               0         Blade 1 Y translation displacement, node 20, m
        177   -1.630E+02                                 F               0         Blade 1 Z translation displacement, node 20, m
        178    6.666E+00                                 F               0         Blade 1 X translation displacement, node 21, m
        179   -6.106E+01                                 F               0         Blade 1 Y translation displacement, node 21, m
        180   -1.699E+02                                 F               0         Blade 1 Z translation displacement, node 21, m
        181    5.504E+00                                 F               0         Blade 1 X translation displacement, node 22, m
        182   -6.327E+01                                 F               0         Blade 1 Y translation displacement, node 22, m
        183   -1.768E+02                                 F               0         Blade 1 Z translation displacement, node 22, m
        184    4.342E+00                                 F               0         Blade 1 X translation displacement, node 23, m
        185   -6.549E+01                                 F               0         Blade 1 Y translation displacement, node 23, m
        186   -1.838E+02                                 F               0         Blade 1 Z translation displacement, node 23, m
        187    3.180E+00                                 F               0         Blade 1 X translation displacement, node 24, m
        188   -6.771E+01                                 F               0         Blade 1 Y translation displacement, node 24, m
        189   -1.907E+02                                 F               0         Blade 1 Z translation displacement, node 24, m
        190    2.018E+00                                 F               0         Blade 1 X translation displacement, node 25, m
        191   -6.992E+01                                 F               0         Blade 1 Y translation displacement, node 25, m
        192   -1.976E+02                                 F               0         Blade 1 Z translation displacement, node 25, m
        193    8.562E-01                                 F               0         Blade 1 X translation displacement, node 26, m
        194   -7.214E+01                                 F               0         Blade 1 Y translation displacement, node 26, m
        195   -2.045E+02                                 F               0         Blade 1 Z translation displacement, node 26, m
        196   -3.056E-01                                 F               0         Blade 1 X translation displacement, node 27, m
        197   -7.435E+01                                 F               0         Blade 1 Y translation displacement, node 27, m
        198   -2.115E+02                                 F               0         Blade 1 Z translation displacement, node 27, m
        199   -1.291E+00                                 F               0         Blade 1 X translation displacement, node 28, m
        200   -7.623E+01                                 F               0         Blade 1 Y translation displacement, node 28, m
        201   -2.173E+02                                 F               0         Blade 1 Z translation displacement, node 28, m
        202    7.700E-01,  4.127E-01, -4.865E-01         F               0         Blade 1 X orientation angle, node 1, rad
        203    6.072E-01, -7.082E-01,  3.603E-01         F               0         Blade 1 Y orientation angle, node 1, rad
        204   -1.959E-01, -5.729E-01, -7.959E-01         F               0         Blade 1 Z orientation angle, node 1, rad
        205    7.700E-01,  4.127E-01, -4.865E-01         F               0         Blade 1 X orientation angle, node 2, rad
        206    6.072E-01, -7.082E-01,  3.603E-01         F               0         Blade 1 Y orientation angle, node 2, rad
        207   -1.959E-01, -5.729E-01, -7.959E-01         F               0         Blade 1 Z orientation angle, node 2, rad
        208    8.920E-01,  2.331E-01, -3.873E-01         F               0         Blade 1 X orientation angle, node 3, rad
        209    4.074E-01, -7.858E-01,  4.653E-01         F               0         Blade 1 Y orientation angle, node 3, rad
        210   -1.959E-01, -5.729E-01, -7.959E-01         F               0         Blade 1 Z orientation angle, node 3, rad
        211    9.084E-01,  1.997E-01, -3.673E-01         F               0         Blade 1 X orientation angle, node 4, rad
        212    3.694E-01, -7.949E-01,  4.813E-01         F               0         Blade 1 Y orientation angle, node 4, rad
        213   -1.959E-01, -5.729E-01, -7.959E-01         F               0         Blade 1 Z orientation angle, node 4, rad
        214    9.202E-01,  1.732E-01, -3.511E-01         F               0         Blade 1 X orientation angle, node 5, rad
        215    3.390E-01, -8.011E-01,  4.932E-01         F               0         Blade 1 Y orientation angle, node 5, rad
        216   -1.959E-01, -5.729E-01, -7.959E-01         F               0         Blade 1 Z orientation angle, node 5, rad
        217    9.288E-01,  1.519E-01, -3.379E-01         F               0         Blade 1 X orientation angle, node 6, rad
        218    3.145E-01, -8.054E-01,  5.023E-01         F               0         Blade 1 Y orientation angle, node 6, rad
        219   -1.959E-01, -5.729E-01, -7.959E-01         F               0         Blade 1 Z orientation angle, node 6, rad
        220    9.355E-01,  1.343E-01, -3.269E-01         F               0         Blade 1 X orientation angle, node 7, rad
        221    2.942E-01, -8.086E-01,  5.096E-01         F               0         Blade 1 Y orientation angle, node 7, rad
        222   -1.959E-01, -5.729E-01, -7.959E-01         F               0         Blade 1 Z orientation angle, node 7, rad
        223    9.407E-01,  1.196E-01, -3.176E-01         F               0         Blade 1 X orientation angle, node 8, rad
        224    2.771E-01, -8.109E-01,  5.154E-01         F               0         Blade 1 Y orientation angle, node 8, rad
        225   -1.959E-01, -5.729E-01, -7.959E-01         F               0         Blade 1 Z orientation angle, node 8, rad
        226    9.448E-01,  1.072E-01, -3.096E-01         F               0         Blade 1 X orientation angle, node 9, rad
        227    2.627E-01, -8.126E-01,  5.203E-01         F               0         Blade 1 Y orientation angle, node 9, rad
        228   -1.959E-01, -5.729E-01, -7.959E-01         F               0         Blade 1 Z orientation angle, node 9, rad
        229    9.482E-01,  9.637E-02, -3.027E-01         F               0         Blade 1 X orientation angle, node 10, rad
        230    2.501E-01, -8.140E-01,  5.243E-01         F               0         Blade 1 Y orientation angle, node 10, rad
        231   -1.959E-01, -5.729E-01, -7.959E-01         F               0         Blade 1 Z orientation angle, node 10, rad
        232    9.510E-01,  8.713E-02, -2.967E-01         F               0         Blade 1 X orientation angle, node 11, rad
        233    2.393E-01, -8.150E-01,  5.277E-01         F               0         Blade 1 Y orientation angle, node 11, rad
        234   -1.959E-01, -5.729E-01, -7.959E-01         F               0         Blade 1 Z orientation angle, node 11, rad
        235    9.533E-01,  7.901E-02, -2.915E-01         F               0         Blade 1 X orientation angle, node 12, rad
        236    2.299E-01, -8.158E-01,  5.306E-01         F               0         Blade 1 Y orientation angle, node 12, rad
        237   -1.959E-01, -5.729E-01, -7.959E-01         F               0         Blade 1 Z orientation angle, node 12, rad
        238    9.553E-01,  7.189E-02, -2.868E-01         F               0         Blade 1 X orientation angle, node 13, rad
        239    2.215E-01, -8.165E-01,  5.332E-01         F               0         Blade 1 Y orientation angle, node 13, rad
        240   -1.959E-01, -5.729E-01, -7.959E-01         F               0         Blade 1 Z orientation angle, node 13, rad
        241    9.570E-01,  6.548E-02, -2.826E-01         F               0         Blade 1 X orientation angle, node 14, rad
        242    2.140E-01, -8.170E-01,  5.354E-01         F               0         Blade 1 Y orientation angle, node 14, rad
        243   -1.959E-01, -5.729E-01, -7.959E-01         F               0         Blade 1 Z orientation angle, node 14, rad
        244    9.585E-01,  5.977E-02, -2.789E-01         F               0         Blade 1 X orientation angle, node 15, rad
        245    2.073E-01, -8.175E-01,  5.374E-01         F               0         Blade 1 Y orientation angle, node 15, rad
        246   -1.959E-01, -5.729E-01, -7.959E-01         F               0         Blade 1 Z orientation angle, node 15, rad
        247    9.597E-01,  5.463E-02, -2.755E-01         F               0         Blade 1 X orientation angle, node 16, rad
        248    2.013E-01, -8.178E-01,  5.391E-01         F               0         Blade 1 Y orientation angle, node 16, rad
        249   -1.959E-01, -5.729E-01, -7.959E-01         F               0         Blade 1 Z orientation angle, node 16, rad
        250    9.609E-01,  5.006E-02, -2.725E-01         F               0         Blade 1 X orientation angle, node 17, rad
        251    1.960E-01, -8.181E-01,  5.406E-01         F               0         Blade 1 Y orientation angle, node 17, rad
        252   -1.959E-01, -5.729E-01, -7.959E-01         F               0         Blade 1 Z orientation angle, node 17, rad
        253    9.619E-01,  4.578E-02, -2.697E-01         F               0         Blade 1 X orientation angle, node 18, rad
        254    1.909E-01, -8.184E-01,  5.421E-01         F               0         Blade 1 Y orientation angle, node 18, rad
        255   -1.959E-01, -5.729E-01, -7.959E-01         F               0         Blade 1 Z orientation angle, node 18, rad
        256    9.628E-01,  4.192E-02, -2.671E-01         F               0         Blade 1 X orientation angle, node 19, rad
        257    1.864E-01, -8.186E-01,  5.433E-01         F               0         Blade 1 Y orientation angle, node 19, rad
        258   -1.959E-01, -5.729E-01, -7.959E-01         F               0         Blade 1 Z orientation angle, node 19, rad
        259    9.635E-01,  3.849E-02, -2.648E-01         F               0         Blade 1 X orientation angle, node 20, rad
        260    1.823E-01, -8.187E-01,  5.444E-01         F               0         Blade 1 Y orientation angle, node 20, rad
        261   -1.959E-01, -5.729E-01, -7.959E-01         F               0         Blade 1 Z orientation angle, node 20, rad
        262    9.643E-01,  3.521E-02, -2.626E-01         F               0         Blade 1 X orientation angle, node 21, rad
        263    1.785E-01, -8.189E-01,  5.455E-01         F               0         Blade 1 Y orientation angle, node 21, rad
        264   -1.959E-01, -5.729E-01, -7.959E-01         F               0         Blade 1 Z orientation angle, node 21, rad
        265    9.649E-01,  3.221E-02, -2.606E-01         F               0         Blade 1 X orientation angle, node 22, rad
        266    1.749E-01, -8.190E-01,  5.464E-01         F               0         Blade 1 Y orientation angle, node 22, rad
        267   -1.959E-01, -5.729E-01, -7.959E-01         F               0         Blade 1 Z orientation angle, node 22, rad
        268    9.655E-01,  2.949E-02, -2.588E-01         F               0         Blade 1 X orientation angle, node 23, rad
        269    1.717E-01, -8.191E-01,  5.473E-01         F               0         Blade 1 Y orientation angle, node 23, rad
        270   -1.959E-01, -5.729E-01, -7.959E-01         F               0         Blade 1 Z orientation angle, node 23, rad
        271    9.660E-01,  2.692E-02, -2.571E-01         F               0         Blade 1 X orientation angle, node 24, rad
        272    1.687E-01, -8.192E-01,  5.481E-01         F               0         Blade 1 Y orientation angle, node 24, rad
        273   -1.959E-01, -5.729E-01, -7.959E-01         F               0         Blade 1 Z orientation angle, node 24, rad
        274    9.665E-01,  2.449E-02, -2.555E-01         F               0         Blade 1 X orientation angle, node 25, rad
        275    1.658E-01, -8.193E-01,  5.489E-01         F               0         Blade 1 Y orientation angle, node 25, rad
        276   -1.959E-01, -5.729E-01, -7.959E-01         F               0         Blade 1 Z orientation angle, node 25, rad
        277    9.669E-01,  2.234E-02, -2.540E-01         F               0         Blade 1 X orientation angle, node 26, rad
        278    1.633E-01, -8.193E-01,  5.495E-01         F               0         Blade 1 Y orientation angle, node 26, rad
        279   -1.959E-01, -5.729E-01, -7.959E-01         F               0         Blade 1 Z orientation angle, node 26, rad
        280    9.674E-01,  2.020E-02, -2.526E-01         F               0         Blade 1 X orientation angle, node 27, rad
        281    1.608E-01, -8.194E-01,  5.502E-01         F               0         Blade 1 Y orientation angle, node 27, rad
        282   -1.959E-01, -5.729E-01, -7.959E-01         F               0         Blade 1 Z orientation angle, node 27, rad
        283    9.676E-01,  1.905E-02, -2.518E-01         F               0         Blade 1 X orientation angle, node 28, rad
        284    1.594E-01, -8.194E-01,  5.506E-01         F               0         Blade 1 Y orientation angle, node 28, rad
        285   -1.959E-01, -5.729E-01, -7.959E-01         F               0         Blade 1 Z orientation angle, node 28, rad
        286   -9.294E-01                                 F               0         Blade 1 X translation velocity, node 1, m/s
        287    4.866E+00                                 F               0         Blade 1 Y translation velocity, node 1, m/s
        288   -3.181E+00                                 F               0         Blade 1 Z translation velocity, node 1, m/s
        289   -1.154E+00                                 F               0         Blade 1 X translation velocity, node 2, m/s
        290    6.011E+00                                 F               0         Blade 1 Y translation velocity, node 2, m/s
        291   -3.949E+00                                 F               0         Blade 1 Z translation velocity, node 2, m/s
        292   -4.205E+00                                 F               0         Blade 1 X translation velocity, node 3, m/s
        293    2.158E+01                                 F               0         Blade 1 Y translation velocity, node 3, m/s
        294   -1.440E+01                                 F               0         Blade 1 Z translation velocity, node 3, m/s
        295   -4.855E+00                                 F               0         Blade 1 X translation velocity, node 4, m/s
        296    2.489E+01                                 F               0         Blade 1 Y translation velocity, node 4, m/s
        297   -1.663E+01                                 F               0         Blade 1 Z translation velocity, node 4, m/s
        298   -5.505E+00                                 F               0         Blade 1 X translation velocity, node 5, m/s
        299    2.821E+01                                 F               0         Blade 1 Y translation velocity, node 5, m/s
        300   -1.886E+01                                 F               0         Blade 1 Z translation velocity, node 5, m/s
        301   -6.155E+00                                 F               0         Blade 1 X translation velocity, node 6, m/s
        302    3.153E+01                                 F               0         Blade 1 Y translation velocity, node 6, m/s
        303   -2.109E+01                                 F               0         Blade 1 Z translation velocity, node 6, m/s
        304   -6.805E+00                                 F               0         Blade 1 X translation velocity, node 7, m/s
        305    3.485E+01                                 F               0         Blade 1 Y translation velocity, node 7, m/s
        306   -2.331E+01                                 F               0         Blade 1 Z translation velocity, node 7, m/s
        307   -7.455E+00                                 F               0         Blade 1 X translation velocity, node 8, m/s
