
Linearized model: Predictions were generated on 30-Jan-2024 at 18:20:32 using OpenFAST, compiled as a 64-bit application using single precision at commit v3.5.1
 linked with  NWTC Subroutine Library; ElastoDyn; InflowWind; AeroDyn; ServoDyn; HydroDyn; MAP++ (<1.20.10>, <Oct-20-2023>)

Description from the FAST input file: CCT-9 Campign 4 model. Input files to be run with OpenFAST 3.5.0. GitHub branch from Lu Wang (https://github.com/luwang00/openfast/tree/dev) compiled on March 7, 2023.

Simulation information:
   Simulation time:                   507.9000 s
   Rotor Speed:                         0.8793 rad/s
   Azimuth:                             5.8245 rad
   Wind Speed:                         10.0000 m/s
   Number of continuous states:         0
   Number of discrete states:           0
   Number of constraint states:         0
   Number of inputs:                 1746
   Number of outputs:                   4
   Jacobians included in this file?    No

Order of inputs:
     Column   Operating Point                     Rotating Frame? Derivative Order Description
   ---------- ---------------                     --------------- ---------------- -----------
          1    1.096E+01                                 F               0         Tower X translation displacement, node 1, m
          2   -1.135E+00                                 F               0         Tower Y translation displacement, node 1, m
          3   -2.892E-01                                 F               0         Tower Z translation displacement, node 1, m
          4    1.238E+01                                 F               0         Tower X translation displacement, node 2, m
          5   -1.661E+00                                 F               0         Tower Y translation displacement, node 2, m
          6   -3.822E-01                                 F               0         Tower Z translation displacement, node 2, m
          7    1.380E+01                                 F               0         Tower X translation displacement, node 3, m
          8   -2.187E+00                                 F               0         Tower Y translation displacement, node 3, m
          9   -4.752E-01                                 F               0         Tower Z translation displacement, node 3, m
         10    1.522E+01                                 F               0         Tower X translation displacement, node 4, m
         11   -2.712E+00                                 F               0         Tower Y translation displacement, node 4, m
         12   -5.683E-01                                 F               0         Tower Z translation displacement, node 4, m
         13    1.664E+01                                 F               0         Tower X translation displacement, node 5, m
         14   -3.238E+00                                 F               0         Tower Y translation displacement, node 5, m
         15   -6.613E-01                                 F               0         Tower Z translation displacement, node 5, m
         16    1.806E+01                                 F               0         Tower X translation displacement, node 6, m
         17   -3.764E+00                                 F               0         Tower Y translation displacement, node 6, m
         18   -7.543E-01                                 F               0         Tower Z translation displacement, node 6, m
         19    1.948E+01                                 F               0         Tower X translation displacement, node 7, m
         20   -4.289E+00                                 F               0         Tower Y translation displacement, node 7, m
         21   -8.473E-01                                 F               0         Tower Z translation displacement, node 7, m
         22    2.090E+01                                 F               0         Tower X translation displacement, node 8, m
         23   -4.815E+00                                 F               0         Tower Y translation displacement, node 8, m
         24   -9.404E-01                                 F               0         Tower Z translation displacement, node 8, m
         25    2.231E+01                                 F               0         Tower X translation displacement, node 9, m
         26   -5.341E+00                                 F               0         Tower Y translation displacement, node 9, m
         27   -1.033E+00                                 F               0         Tower Z translation displacement, node 9, m
         28    2.373E+01                                 F               0         Tower X translation displacement, node 10, m
         29   -5.866E+00                                 F               0         Tower Y translation displacement, node 10, m
         30   -1.126E+00                                 F               0         Tower Z translation displacement, node 10, m
         31    2.515E+01                                 F               0         Tower X translation displacement, node 11, m
         32   -6.392E+00                                 F               0         Tower Y translation displacement, node 11, m
         33   -1.219E+00                                 F               0         Tower Z translation displacement, node 11, m
         34    9.934E-01,  9.655E-03, -1.145E-01         F               0         Tower X orientation angle, node 1, rad
         35   -4.708E-03,  9.990E-01,  4.338E-02         F               0         Tower Y orientation angle, node 1, rad
         36    1.149E-01, -4.255E-02,  9.925E-01         F               0         Tower Z orientation angle, node 1, rad
         37    9.934E-01,  9.655E-03, -1.145E-01         F               0         Tower X orientation angle, node 2, rad
         38   -4.708E-03,  9.990E-01,  4.338E-02         F               0         Tower Y orientation angle, node 2, rad
         39    1.149E-01, -4.255E-02,  9.925E-01         F               0         Tower Z orientation angle, node 2, rad
         40    9.934E-01,  9.655E-03, -1.145E-01         F               0         Tower X orientation angle, node 3, rad
         41   -4.708E-03,  9.990E-01,  4.338E-02         F               0         Tower Y orientation angle, node 3, rad
         42    1.149E-01, -4.255E-02,  9.925E-01         F               0         Tower Z orientation angle, node 3, rad
         43    9.934E-01,  9.655E-03, -1.145E-01         F               0         Tower X orientation angle, node 4, rad
         44   -4.708E-03,  9.990E-01,  4.338E-02         F               0         Tower Y orientation angle, node 4, rad
         45    1.149E-01, -4.255E-02,  9.925E-01         F               0         Tower Z orientation angle, node 4, rad
         46    9.934E-01,  9.655E-03, -1.145E-01         F               0         Tower X orientation angle, node 5, rad
         47   -4.708E-03,  9.990E-01,  4.338E-02         F               0         Tower Y orientation angle, node 5, rad
         48    1.149E-01, -4.255E-02,  9.925E-01         F               0         Tower Z orientation angle, node 5, rad
         49    9.934E-01,  9.655E-03, -1.145E-01         F               0         Tower X orientation angle, node 6, rad
         50   -4.708E-03,  9.990E-01,  4.338E-02         F               0         Tower Y orientation angle, node 6, rad
         51    1.149E-01, -4.255E-02,  9.925E-01         F               0         Tower Z orientation angle, node 6, rad
         52    9.934E-01,  9.655E-03, -1.145E-01         F               0         Tower X orientation angle, node 7, rad
         53   -4.708E-03,  9.990E-01,  4.338E-02         F               0         Tower Y orientation angle, node 7, rad
         54    1.149E-01, -4.255E-02,  9.925E-01         F               0         Tower Z orientation angle, node 7, rad
         55    9.934E-01,  9.655E-03, -1.145E-01         F               0         Tower X orientation angle, node 8, rad
         56   -4.708E-03,  9.990E-01,  4.338E-02         F               0         Tower Y orientation angle, node 8, rad
         57    1.149E-01, -4.255E-02,  9.925E-01         F               0         Tower Z orientation angle, node 8, rad
         58    9.934E-01,  9.655E-03, -1.145E-01         F               0         Tower X orientation angle, node 9, rad
         59   -4.708E-03,  9.990E-01,  4.338E-02         F               0         Tower Y orientation angle, node 9, rad
         60    1.149E-01, -4.255E-02,  9.925E-01         F               0         Tower Z orientation angle, node 9, rad
         61    9.934E-01,  9.655E-03, -1.145E-01         F               0         Tower X orientation angle, node 10, rad
         62   -4.708E-03,  9.990E-01,  4.338E-02         F               0         Tower Y orientation angle, node 10, rad
         63    1.149E-01, -4.255E-02,  9.925E-01         F               0         Tower Z orientation angle, node 10, rad
         64    9.934E-01,  9.655E-03, -1.145E-01         F               0         Tower X orientation angle, node 11, rad
         65   -4.708E-03,  9.990E-01,  4.338E-02         F               0         Tower Y orientation angle, node 11, rad
         66    1.149E-01, -4.255E-02,  9.925E-01         F               0         Tower Z orientation angle, node 11, rad
         67   -4.774E-03                                 F               0         Tower X translation velocity, node 1, m/s
         68   -6.866E-03                                 F               0         Tower Y translation velocity, node 1, m/s
         69    3.284E-03                                 F               0         Tower Z translation velocity, node 1, m/s
         70   -4.712E-03                                 F               0         Tower X translation velocity, node 2, m/s
         71   -1.135E-02                                 F               0         Tower Y translation velocity, node 2, m/s
         72    3.084E-03                                 F               0         Tower Z translation velocity, node 2, m/s
         73   -4.650E-03                                 F               0         Tower X translation velocity, node 3, m/s
         74   -1.583E-02                                 F               0         Tower Y translation velocity, node 3, m/s
         75    2.885E-03                                 F               0         Tower Z translation velocity, node 3, m/s
         76   -4.587E-03                                 F               0         Tower X translation velocity, node 4, m/s
         77   -2.031E-02                                 F               0         Tower Y translation velocity, node 4, m/s
         78    2.686E-03                                 F               0         Tower Z translation velocity, node 4, m/s
         79   -4.525E-03                                 F               0         Tower X translation velocity, node 5, m/s
         80   -2.479E-02                                 F               0         Tower Y translation velocity, node 5, m/s
         81    2.487E-03                                 F               0         Tower Z translation velocity, node 5, m/s
         82   -4.463E-03                                 F               0         Tower X translation velocity, node 6, m/s
         83   -2.926E-02                                 F               0         Tower Y translation velocity, node 6, m/s
         84    2.287E-03                                 F               0         Tower Z translation velocity, node 6, m/s
         85   -4.401E-03                                 F               0         Tower X translation velocity, node 7, m/s
         86   -3.374E-02                                 F               0         Tower Y translation velocity, node 7, m/s
         87    2.088E-03                                 F               0         Tower Z translation velocity, node 7, m/s
         88   -4.338E-03                                 F               0         Tower X translation velocity, node 8, m/s
         89   -3.822E-02                                 F               0         Tower Y translation velocity, node 8, m/s
         90    1.889E-03                                 F               0         Tower Z translation velocity, node 8, m/s
         91   -4.276E-03                                 F               0         Tower X translation velocity, node 9, m/s
         92   -4.270E-02                                 F               0         Tower Y translation velocity, node 9, m/s
         93    1.690E-03                                 F               0         Tower Z translation velocity, node 9, m/s
         94   -4.214E-03                                 F               0         Tower X translation velocity, node 10, m/s
         95   -4.718E-02                                 F               0         Tower Y translation velocity, node 10, m/s
         96    1.490E-03                                 F               0         Tower Z translation velocity, node 10, m/s
         97   -4.152E-03                                 F               0         Tower X translation velocity, node 11, m/s
         98   -5.166E-02                                 F               0         Tower Y translation velocity, node 11, m/s
         99    1.291E-03                                 F               0         Tower Z translation velocity, node 11, m/s
        100    2.613E+01                                 F               0         Hub X translation displacement, node 1, m
        101   -6.830E+00                                 F               0         Hub Y translation displacement, node 1, m
        102   -4.140E-02                                 F               0         Hub Z translation displacement, node 1, m
        103    9.759E-01,  1.405E-02, -2.177E-01         F               0         Hub X orientation angle, node 1, rad
        104   -1.008E-01,  9.141E-01, -3.928E-01         F               0         Hub Y orientation angle, node 1, rad
        105    1.934E-01,  4.053E-01,  8.935E-01         F               0         Hub Z orientation angle, node 1, rad
        106    8.584E-01                                 F               0         Hub X rotation velocity, node 1, rad/s
        107    1.236E-02                                 F               0         Hub Y rotation velocity, node 1, rad/s
        108   -1.915E-01                                 F               0         Hub Z rotation velocity, node 1, rad/s
        109    9.785E-01, -1.307E-02, -2.059E-01         F               0         Blade root 1 X orientation angle, node 1, rad
        110   -7.177E-02,  9.141E-01, -3.991E-01         F               0         Blade root 1 Y orientation angle, node 1, rad
        111    1.934E-01,  4.053E-01,  8.935E-01         F               0         Blade root 1 Z orientation angle, node 1, rad
        112    9.690E-01,  1.719E-02, -2.463E-01         F               0         Blade root 2 X orientation angle, node 1, rad
        113    2.468E-01, -1.056E-01,  9.633E-01         F               0         Blade root 2 Y orientation angle, node 1, rad
        114   -9.448E-03, -9.943E-01, -1.065E-01         F               0         Blade root 2 Z orientation angle, node 1, rad
        115    9.790E-01,  3.801E-02, -2.004E-01         F               0         Blade root 3 X orientation angle, node 1, rad
        116   -8.813E-02, -8.073E-01, -5.836E-01         F               0         Blade root 3 Y orientation angle, node 1, rad
        117   -1.840E-01,  5.890E-01, -7.869E-01         F               0         Blade root 3 Z orientation angle, node 1, rad
        118    2.662E+01                                 F               0         Blade 1 X translation displacement, node 1, m
        119   -4.585E+00                                 F               0         Blade 1 Y translation displacement, node 1, m
        120   -6.012E-01                                 F               0         Blade 1 Z translation displacement, node 1, m
        121    2.674E+01                                 F               0         Blade 1 X translation displacement, node 2, m
        122   -4.044E+00                                 F               0         Blade 1 Y translation displacement, node 2, m
        123   -7.360E-01                                 F               0         Blade 1 Z translation displacement, node 2, m
        124    2.835E+01                                 F               0         Blade 1 X translation displacement, node 3, m
        125    3.313E+00                                 F               0         Blade 1 Y translation displacement, node 3, m
        126   -2.570E+00                                 F               0         Blade 1 Z translation displacement, node 3, m
        127    2.869E+01                                 F               0         Blade 1 X translation displacement, node 4, m
        128    4.881E+00                                 F               0         Blade 1 Y translation displacement, node 4, m
        129   -2.961E+00                                 F               0         Blade 1 Z translation displacement, node 4, m
        130    2.904E+01                                 F               0         Blade 1 X translation displacement, node 5, m
        131    6.449E+00                                 F               0         Blade 1 Y translation displacement, node 5, m
        132   -3.352E+00                                 F               0         Blade 1 Z translation displacement, node 5, m
        133    2.938E+01                                 F               0         Blade 1 X translation displacement, node 6, m
        134    8.016E+00                                 F               0         Blade 1 Y translation displacement, node 6, m
        135   -3.743E+00                                 F               0         Blade 1 Z translation displacement, node 6, m
        136    2.973E+01                                 F               0         Blade 1 X translation displacement, node 7, m
        137    9.584E+00                                 F               0         Blade 1 Y translation displacement, node 7, m
        138   -4.133E+00                                 F               0         Blade 1 Z translation displacement, node 7, m
        139    3.007E+01                                 F               0         Blade 1 X translation displacement, node 8, m
        140    1.115E+01                                 F               0         Blade 1 Y translation displacement, node 8, m
        141   -4.524E+00                                 F               0         Blade 1 Z translation displacement, node 8, m
        142    3.041E+01                                 F               0         Blade 1 X translation displacement, node 9, m
        143    1.272E+01                                 F               0         Blade 1 Y translation displacement, node 9, m
        144   -4.915E+00                                 F               0         Blade 1 Z translation displacement, node 9, m
        145    3.076E+01                                 F               0         Blade 1 X translation displacement, node 10, m
        146    1.429E+01                                 F               0         Blade 1 Y translation displacement, node 10, m
        147   -5.306E+00                                 F               0         Blade 1 Z translation displacement, node 10, m
        148    3.110E+01                                 F               0         Blade 1 X translation displacement, node 11, m
        149    1.585E+01                                 F               0         Blade 1 Y translation displacement, node 11, m
        150   -5.696E+00                                 F               0         Blade 1 Z translation displacement, node 11, m
        151    3.145E+01                                 F               0         Blade 1 X translation displacement, node 12, m
        152    1.742E+01                                 F               0         Blade 1 Y translation displacement, node 12, m
        153   -6.087E+00                                 F               0         Blade 1 Z translation displacement, node 12, m
        154    3.179E+01                                 F               0         Blade 1 X translation displacement, node 13, m
        155    1.899E+01                                 F               0         Blade 1 Y translation displacement, node 13, m
        156   -6.478E+00                                 F               0         Blade 1 Z translation displacement, node 13, m
        157    3.213E+01                                 F               0         Blade 1 X translation displacement, node 14, m
        158    2.056E+01                                 F               0         Blade 1 Y translation displacement, node 14, m
        159   -6.869E+00                                 F               0         Blade 1 Z translation displacement, node 14, m
        160    3.248E+01                                 F               0         Blade 1 X translation displacement, node 15, m
        161    2.212E+01                                 F               0         Blade 1 Y translation displacement, node 15, m
        162   -7.260E+00                                 F               0         Blade 1 Z translation displacement, node 15, m
        163    3.282E+01                                 F               0         Blade 1 X translation displacement, node 16, m
        164    2.369E+01                                 F               0         Blade 1 Y translation displacement, node 16, m
        165   -7.650E+00                                 F               0         Blade 1 Z translation displacement, node 16, m
        166    3.316E+01                                 F               0         Blade 1 X translation displacement, node 17, m
        167    2.526E+01                                 F               0         Blade 1 Y translation displacement, node 17, m
        168   -8.041E+00                                 F               0         Blade 1 Z translation displacement, node 17, m
        169    3.351E+01                                 F               0         Blade 1 X translation displacement, node 18, m
        170    2.683E+01                                 F               0         Blade 1 Y translation displacement, node 18, m
        171   -8.432E+00                                 F               0         Blade 1 Z translation displacement, node 18, m
        172    3.385E+01                                 F               0         Blade 1 X translation displacement, node 19, m
        173    2.840E+01                                 F               0         Blade 1 Y translation displacement, node 19, m
        174   -8.823E+00                                 F               0         Blade 1 Z translation displacement, node 19, m
        175    3.420E+01                                 F               0         Blade 1 X translation displacement, node 20, m
        176    2.996E+01                                 F               0         Blade 1 Y translation displacement, node 20, m
        177   -9.214E+00                                 F               0         Blade 1 Z translation displacement, node 20, m
        178    3.454E+01                                 F               0         Blade 1 X translation displacement, node 21, m
        179    3.153E+01                                 F               0         Blade 1 Y translation displacement, node 21, m
        180   -9.604E+00                                 F               0         Blade 1 Z translation displacement, node 21, m
        181    3.488E+01                                 F               0         Blade 1 X translation displacement, node 22, m
        182    3.310E+01                                 F               0         Blade 1 Y translation displacement, node 22, m
        183   -9.995E+00                                 F               0         Blade 1 Z translation displacement, node 22, m
        184    3.523E+01                                 F               0         Blade 1 X translation displacement, node 23, m
        185    3.467E+01                                 F               0         Blade 1 Y translation displacement, node 23, m
        186   -1.039E+01                                 F               0         Blade 1 Z translation displacement, node 23, m
        187    3.557E+01                                 F               0         Blade 1 X translation displacement, node 24, m
        188    3.623E+01                                 F               0         Blade 1 Y translation displacement, node 24, m
        189   -1.078E+01                                 F               0         Blade 1 Z translation displacement, node 24, m
        190    3.592E+01                                 F               0         Blade 1 X translation displacement, node 25, m
        191    3.780E+01                                 F               0         Blade 1 Y translation displacement, node 25, m
        192   -1.117E+01                                 F               0         Blade 1 Z translation displacement, node 25, m
        193    3.626E+01                                 F               0         Blade 1 X translation displacement, node 26, m
        194    3.937E+01                                 F               0         Blade 1 Y translation displacement, node 26, m
        195   -1.156E+01                                 F               0         Blade 1 Z translation displacement, node 26, m
        196    3.660E+01                                 F               0         Blade 1 X translation displacement, node 27, m
        197    4.094E+01                                 F               0         Blade 1 Y translation displacement, node 27, m
        198   -1.195E+01                                 F               0         Blade 1 Z translation displacement, node 27, m
        199    3.690E+01                                 F               0         Blade 1 X translation displacement, node 28, m
        200    4.226E+01                                 F               0         Blade 1 Y translation displacement, node 28, m
        201   -1.228E+01                                 F               0         Blade 1 Z translation displacement, node 28, m
        202    9.036E-01, -4.285E-01, -1.251E-03         F               0         Blade 1 X orientation angle, node 1, rad
        203    3.823E-01,  8.076E-01, -4.491E-01         F               0         Blade 1 Y orientation angle, node 1, rad
        204    1.934E-01,  4.053E-01,  8.935E-01         F               0         Blade 1 Z orientation angle, node 1, rad
        205    9.036E-01, -4.285E-01, -1.251E-03         F               0         Blade 1 X orientation angle, node 2, rad
        206    3.823E-01,  8.076E-01, -4.491E-01         F               0         Blade 1 Y orientation angle, node 2, rad
        207    1.934E-01,  4.053E-01,  8.935E-01         F               0         Blade 1 Z orientation angle, node 2, rad
        208    9.684E-01, -2.249E-01, -1.077E-01         F               0         Blade 1 X orientation angle, node 3, rad
        209    1.573E-01,  8.861E-01, -4.360E-01         F               0         Blade 1 Y orientation angle, node 3, rad
        210    1.934E-01,  4.053E-01,  8.935E-01         F               0         Blade 1 Z orientation angle, node 3, rad
        211    9.742E-01, -1.872E-01, -1.260E-01         F               0         Blade 1 X orientation angle, node 4, rad
        212    1.162E-01,  8.948E-01, -4.311E-01         F               0         Blade 1 Y orientation angle, node 4, rad
        213    1.934E-01,  4.053E-01,  8.935E-01         F               0         Blade 1 Z orientation angle, node 4, rad
        214    9.775E-01, -1.575E-01, -1.402E-01         F               0         Blade 1 X orientation angle, node 5, rad
        215    8.388E-02,  9.005E-01, -4.267E-01         F               0         Blade 1 Y orientation angle, node 5, rad
        216    1.934E-01,  4.053E-01,  8.935E-01         F               0         Blade 1 Z orientation angle, node 5, rad
        217    9.794E-01, -1.335E-01, -1.515E-01         F               0         Blade 1 X orientation angle, node 6, rad
        218    5.793E-02,  9.044E-01, -4.228E-01         F               0         Blade 1 Y orientation angle, node 6, rad
        219    1.934E-01,  4.053E-01,  8.935E-01         F               0         Blade 1 Z orientation angle, node 6, rad
        220    9.804E-01, -1.138E-01, -1.606E-01         F               0         Blade 1 X orientation angle, node 7, rad
        221    3.655E-02,  9.071E-01, -4.194E-01         F               0         Blade 1 Y orientation angle, node 7, rad
        222    1.934E-01,  4.053E-01,  8.935E-01         F               0         Blade 1 Z orientation angle, node 7, rad
        223    9.809E-01, -9.729E-02, -1.682E-01         F               0         Blade 1 X orientation angle, node 8, rad
        224    1.874E-02,  9.090E-01, -4.164E-01         F               0         Blade 1 Y orientation angle, node 8, rad
        225    1.934E-01,  4.053E-01,  8.935E-01         F               0         Blade 1 Z orientation angle, node 8, rad
        226    9.811E-01, -8.332E-02, -1.746E-01         F               0         Blade 1 X orientation angle, node 9, rad
        227    3.677E-03,  9.104E-01, -4.138E-01         F               0         Blade 1 Y orientation angle, node 9, rad
        228    1.934E-01,  4.053E-01,  8.935E-01         F               0         Blade 1 Z orientation angle, node 9, rad
        229    9.811E-01, -7.124E-02, -1.801E-01         F               0         Blade 1 X orientation angle, node 10, rad
        230   -9.337E-03,  9.114E-01, -4.114E-01         F               0         Blade 1 Y orientation angle, node 10, rad
        231    1.934E-01,  4.053E-01,  8.935E-01         F               0         Blade 1 Z orientation angle, node 10, rad
        232    9.809E-01, -6.090E-02, -1.847E-01         F               0         Blade 1 X orientation angle, node 11, rad
        233   -2.047E-02,  9.122E-01, -4.093E-01         F               0         Blade 1 Y orientation angle, node 11, rad
        234    1.934E-01,  4.053E-01,  8.935E-01         F               0         Blade 1 Z orientation angle, node 11, rad
        235    9.806E-01, -5.182E-02, -1.888E-01         F               0         Blade 1 X orientation angle, node 12, rad
        236   -3.022E-02,  9.127E-01, -4.075E-01         F               0         Blade 1 Y orientation angle, node 12, rad
        237    1.934E-01,  4.053E-01,  8.935E-01         F               0         Blade 1 Z orientation angle, node 12, rad
        238    9.803E-01, -4.385E-02, -1.923E-01         F               0         Blade 1 X orientation angle, node 13, rad
        239   -3.878E-02,  9.131E-01, -4.058E-01         F               0         Blade 1 Y orientation angle, node 13, rad
        240    1.934E-01,  4.053E-01,  8.935E-01         F               0         Blade 1 Z orientation angle, node 13, rad
        241    9.800E-01, -3.668E-02, -1.955E-01         F               0         Blade 1 X orientation angle, node 14, rad
        242   -4.648E-02,  9.134E-01, -4.043E-01         F               0         Blade 1 Y orientation angle, node 14, rad
        243    1.934E-01,  4.053E-01,  8.935E-01         F               0         Blade 1 Z orientation angle, node 14, rad
        244    9.797E-01, -3.030E-02, -1.983E-01         F               0         Blade 1 X orientation angle, node 15, rad
        245   -5.332E-02,  9.137E-01, -4.029E-01         F               0         Blade 1 Y orientation angle, node 15, rad
        246    1.934E-01,  4.053E-01,  8.935E-01         F               0         Blade 1 Z orientation angle, node 15, rad
        247    9.793E-01, -2.456E-02, -2.009E-01         F               0         Blade 1 X orientation angle, node 16, rad
        248   -5.947E-02,  9.139E-01, -4.017E-01         F               0         Blade 1 Y orientation angle, node 16, rad
        249    1.934E-01,  4.053E-01,  8.935E-01         F               0         Blade 1 Z orientation angle, node 16, rad
        250    9.790E-01, -1.946E-02, -2.031E-01         F               0         Blade 1 X orientation angle, node 17, rad
        251   -6.494E-02,  9.140E-01, -4.005E-01         F               0         Blade 1 Y orientation angle, node 17, rad
        252    1.934E-01,  4.053E-01,  8.935E-01         F               0         Blade 1 Z orientation angle, node 17, rad
        253    9.786E-01, -1.467E-02, -2.052E-01         F               0         Blade 1 X orientation angle, node 18, rad
        254   -7.007E-02,  9.141E-01, -3.995E-01         F               0         Blade 1 Y orientation angle, node 18, rad
        255    1.934E-01,  4.053E-01,  8.935E-01         F               0         Blade 1 Z orientation angle, node 18, rad
        256    9.783E-01, -1.036E-02, -2.071E-01         F               0         Blade 1 X orientation angle, node 19, rad
        257   -7.468E-02,  9.141E-01, -3.985E-01         F               0         Blade 1 Y orientation angle, node 19, rad
        258    1.934E-01,  4.053E-01,  8.935E-01         F               0         Blade 1 Z orientation angle, node 19, rad
        259    9.779E-01, -6.533E-03, -2.088E-01         F               0         Blade 1 X orientation angle, node 20, rad
        260   -7.877E-02,  9.142E-01, -3.976E-01         F               0         Blade 1 Y orientation angle, node 20, rad
        261    1.934E-01,  4.053E-01,  8.935E-01         F               0         Blade 1 Z orientation angle, node 20, rad
        262    9.776E-01, -2.863E-03, -2.104E-01         F               0         Blade 1 X orientation angle, node 21, rad
        263   -8.270E-02,  9.142E-01, -3.968E-01         F               0         Blade 1 Y orientation angle, node 21, rad
        264    1.934E-01,  4.053E-01,  8.935E-01         F               0         Blade 1 Z orientation angle, node 21, rad
        265    9.773E-01,  4.877E-04, -2.118E-01         F               0         Blade 1 X orientation angle, node 22, rad
        266   -8.628E-02,  9.142E-01, -3.960E-01         F               0         Blade 1 Y orientation angle, node 22, rad
        267    1.934E-01,  4.053E-01,  8.935E-01         F               0         Blade 1 Z orientation angle, node 22, rad
        268    9.770E-01,  3.519E-03, -2.131E-01         F               0         Blade 1 X orientation angle, node 23, rad
        269   -8.952E-02,  9.142E-01, -3.953E-01         F               0         Blade 1 Y orientation angle, node 23, rad
        270    1.934E-01,  4.053E-01,  8.935E-01         F               0         Blade 1 Z orientation angle, node 23, rad
        271    9.767E-01,  6.391E-03, -2.144E-01         F               0         Blade 1 X orientation angle, node 24, rad
        272   -9.259E-02,  9.142E-01, -3.946E-01         F               0         Blade 1 Y orientation angle, node 24, rad
        273    1.934E-01,  4.053E-01,  8.935E-01         F               0         Blade 1 Z orientation angle, node 24, rad
        274    9.765E-01,  9.104E-03, -2.155E-01         F               0         Blade 1 X orientation angle, node 25, rad
        275   -9.549E-02,  9.141E-01, -3.940E-01         F               0         Blade 1 Y orientation angle, node 25, rad
        276    1.934E-01,  4.053E-01,  8.935E-01         F               0         Blade 1 Z orientation angle, node 25, rad
        277    9.762E-01,  1.150E-02, -2.166E-01         F               0         Blade 1 X orientation angle, node 26, rad
        278   -9.804E-02,  9.141E-01, -3.934E-01         F               0         Blade 1 Y orientation angle, node 26, rad
        279    1.934E-01,  4.053E-01,  8.935E-01         F               0         Blade 1 Z orientation angle, node 26, rad
        280    9.759E-01,  1.389E-02, -2.176E-01         F               0         Blade 1 X orientation angle, node 27, rad
        281   -1.006E-01,  9.141E-01, -3.929E-01         F               0         Blade 1 Y orientation angle, node 27, rad
        282    1.934E-01,  4.053E-01,  8.935E-01         F               0         Blade 1 Z orientation angle, node 27, rad
        283    9.758E-01,  1.517E-02, -2.181E-01         F               0         Blade 1 X orientation angle, node 28, rad
        284   -1.020E-01,  9.141E-01, -3.926E-01         F               0         Blade 1 Y orientation angle, node 28, rad
        285    1.934E-01,  4.053E-01,  8.935E-01         F               0         Blade 1 Z orientation angle, node 28, rad
        286    4.870E-01                                 F               0         Blade 1 X translation velocity, node 1, m/s
        287   -4.508E+00                                 F               0         Blade 1 Y translation velocity, node 1, m/s
        288    1.916E+00                                 F               0         Blade 1 Z translation velocity, node 1, m/s
        289    6.053E-01                                 F               0         Blade 1 X translation velocity, node 2, m/s
        290   -5.582E+00                                 F               0         Blade 1 Y translation velocity, node 2, m/s
        291    2.377E+00                                 F               0         Blade 1 Z translation velocity, node 2, m/s
        292    2.214E+00                                 F               0         Blade 1 X translation velocity, node 3, m/s
        293   -2.018E+01                                 F               0         Blade 1 Y translation velocity, node 3, m/s
        294    8.649E+00                                 F               0         Blade 1 Z translation velocity, node 3, m/s
        295    2.557E+00                                 F               0         Blade 1 X translation velocity, node 4, m/s
        296   -2.329E+01                                 F               0         Blade 1 Y translation velocity, node 4, m/s
        297    9.986E+00                                 F               0         Blade 1 Z translation velocity, node 4, m/s
        298    2.900E+00                                 F               0         Blade 1 X translation velocity, node 5, m/s
        299   -2.640E+01                                 F               0         Blade 1 Y translation velocity, node 5, m/s
        300    1.132E+01                                 F               0         Blade 1 Z translation velocity, node 5, m/s
        301    3.243E+00                                 F               0         Blade 1 X translation velocity, node 6, m/s
        302   -2.951E+01                                 F               0         Blade 1 Y translation velocity, node 6, m/s
        303    1.266E+01                                 F               0         Blade 1 Z translation velocity, node 6, m/s
        304    3.586E+00                                 F               0         Blade 1 X translation velocity, node 7, m/s
        305   -3.262E+01                                 F               0         Blade 1 Y translation velocity, node 7, m/s
        306    1.400E+01                                 F               0         Blade 1 Z translation velocity, node 7, m/s
        307    3.929E+00                                 F               0         Blade 1 X translation velocity, node 8, m/s
