
Linearized model: Predictions were generated on 12-Feb-2024 at 18:31:58 using OpenFAST, compiled as a 64-bit application using single precision at commit v3.5.1
 linked with  NWTC Subroutine Library; ElastoDyn; InflowWind; AeroDyn; ServoDyn; HydroDyn; MAP++ (<1.20.10>, <Oct-20-2023>)

Description from the FAST input file: CCT-9 Campign 4 model. Input files to be run with OpenFAST 3.5.0. GitHub branch from Lu Wang (https://github.com/luwang00/openfast/tree/dev) compiled on March 7, 2023.

Simulation information:
   Simulation time:                  1008.2000 s
   Rotor Speed:                         1.0473 rad/s
   Azimuth:                             1.9666 rad
   Wind Speed:                         12.0000 m/s
   Number of continuous states:         0
   Number of discrete states:           0
   Number of constraint states:         0
   Number of inputs:                 1746
   Number of outputs:                   4
   Jacobians included in this file?    No

Order of inputs:
     Column   Operating Point                     Rotating Frame? Derivative Order Description
   ---------- ---------------                     --------------- ---------------- -----------
          1    1.518E+01                                 F               0         Tower X translation displacement, node 1, m
          2   -1.023E+00                                 F               0         Tower Y translation displacement, node 1, m
          3   -4.560E-01                                 F               0         Tower Z translation displacement, node 1, m
          4    1.704E+01                                 F               0         Tower X translation displacement, node 2, m
          5   -1.559E+00                                 F               0         Tower Y translation displacement, node 2, m
          6   -6.087E-01                                 F               0         Tower Z translation displacement, node 2, m
          7    1.890E+01                                 F               0         Tower X translation displacement, node 3, m
          8   -2.096E+00                                 F               0         Tower Y translation displacement, node 3, m
          9   -7.615E-01                                 F               0         Tower Z translation displacement, node 3, m
         10    2.076E+01                                 F               0         Tower X translation displacement, node 4, m
         11   -2.632E+00                                 F               0         Tower Y translation displacement, node 4, m
         12   -9.142E-01                                 F               0         Tower Z translation displacement, node 4, m
         13    2.262E+01                                 F               0         Tower X translation displacement, node 5, m
         14   -3.168E+00                                 F               0         Tower Y translation displacement, node 5, m
         15   -1.067E+00                                 F               0         Tower Z translation displacement, node 5, m
         16    2.449E+01                                 F               0         Tower X translation displacement, node 6, m
         17   -3.704E+00                                 F               0         Tower Y translation displacement, node 6, m
         18   -1.220E+00                                 F               0         Tower Z translation displacement, node 6, m
         19    2.635E+01                                 F               0         Tower X translation displacement, node 7, m
         20   -4.240E+00                                 F               0         Tower Y translation displacement, node 7, m
         21   -1.372E+00                                 F               0         Tower Z translation displacement, node 7, m
         22    2.821E+01                                 F               0         Tower X translation displacement, node 8, m
         23   -4.777E+00                                 F               0         Tower Y translation displacement, node 8, m
         24   -1.525E+00                                 F               0         Tower Z translation displacement, node 8, m
         25    3.007E+01                                 F               0         Tower X translation displacement, node 9, m
         26   -5.313E+00                                 F               0         Tower Y translation displacement, node 9, m
         27   -1.678E+00                                 F               0         Tower Z translation displacement, node 9, m
         28    3.193E+01                                 F               0         Tower X translation displacement, node 10, m
         29   -5.849E+00                                 F               0         Tower Y translation displacement, node 10, m
         30   -1.831E+00                                 F               0         Tower Z translation displacement, node 10, m
         31    3.379E+01                                 F               0         Tower X translation displacement, node 11, m
         32   -6.385E+00                                 F               0         Tower Y translation displacement, node 11, m
         33   -1.983E+00                                 F               0         Tower Z translation displacement, node 11, m
         34    9.886E-01,  1.554E-02, -1.501E-01         F               0         Tower X orientation angle, node 1, rad
         35   -8.836E-03,  9.989E-01,  4.524E-02         F               0         Tower Y orientation angle, node 1, rad
         36    1.506E-01, -4.340E-02,  9.876E-01         F               0         Tower Z orientation angle, node 1, rad
         37    9.886E-01,  1.554E-02, -1.501E-01         F               0         Tower X orientation angle, node 2, rad
         38   -8.836E-03,  9.989E-01,  4.524E-02         F               0         Tower Y orientation angle, node 2, rad
         39    1.506E-01, -4.340E-02,  9.876E-01         F               0         Tower Z orientation angle, node 2, rad
         40    9.886E-01,  1.554E-02, -1.501E-01         F               0         Tower X orientation angle, node 3, rad
         41   -8.836E-03,  9.989E-01,  4.524E-02         F               0         Tower Y orientation angle, node 3, rad
         42    1.506E-01, -4.340E-02,  9.876E-01         F               0         Tower Z orientation angle, node 3, rad
         43    9.886E-01,  1.554E-02, -1.501E-01         F               0         Tower X orientation angle, node 4, rad
         44   -8.836E-03,  9.989E-01,  4.524E-02         F               0         Tower Y orientation angle, node 4, rad
         45    1.506E-01, -4.340E-02,  9.876E-01         F               0         Tower Z orientation angle, node 4, rad
         46    9.886E-01,  1.554E-02, -1.501E-01         F               0         Tower X orientation angle, node 5, rad
         47   -8.836E-03,  9.989E-01,  4.524E-02         F               0         Tower Y orientation angle, node 5, rad
         48    1.506E-01, -4.340E-02,  9.876E-01         F               0         Tower Z orientation angle, node 5, rad
         49    9.886E-01,  1.554E-02, -1.501E-01         F               0         Tower X orientation angle, node 6, rad
         50   -8.836E-03,  9.989E-01,  4.524E-02         F               0         Tower Y orientation angle, node 6, rad
         51    1.506E-01, -4.340E-02,  9.876E-01         F               0         Tower Z orientation angle, node 6, rad
         52    9.886E-01,  1.554E-02, -1.501E-01         F               0         Tower X orientation angle, node 7, rad
         53   -8.836E-03,  9.989E-01,  4.524E-02         F               0         Tower Y orientation angle, node 7, rad
         54    1.506E-01, -4.340E-02,  9.876E-01         F               0         Tower Z orientation angle, node 7, rad
         55    9.886E-01,  1.554E-02, -1.501E-01         F               0         Tower X orientation angle, node 8, rad
         56   -8.836E-03,  9.989E-01,  4.524E-02         F               0         Tower Y orientation angle, node 8, rad
         57    1.506E-01, -4.340E-02,  9.876E-01         F               0         Tower Z orientation angle, node 8, rad
         58    9.886E-01,  1.554E-02, -1.501E-01         F               0         Tower X orientation angle, node 9, rad
         59   -8.836E-03,  9.989E-01,  4.524E-02         F               0         Tower Y orientation angle, node 9, rad
         60    1.506E-01, -4.340E-02,  9.876E-01         F               0         Tower Z orientation angle, node 9, rad
         61    9.886E-01,  1.554E-02, -1.501E-01         F               0         Tower X orientation angle, node 10, rad
         62   -8.836E-03,  9.989E-01,  4.524E-02         F               0         Tower Y orientation angle, node 10, rad
         63    1.506E-01, -4.340E-02,  9.876E-01         F               0         Tower Z orientation angle, node 10, rad
         64    9.886E-01,  1.554E-02, -1.501E-01         F               0         Tower X orientation angle, node 11, rad
         65   -8.836E-03,  9.989E-01,  4.524E-02         F               0         Tower Y orientation angle, node 11, rad
         66    1.506E-01, -4.340E-02,  9.876E-01         F               0         Tower Z orientation angle, node 11, rad
         67    6.704E-04                                 F               0         Tower X translation velocity, node 1, m/s
         68    1.495E-02                                 F               0         Tower Y translation velocity, node 1, m/s
         69    5.664E-03                                 F               0         Tower Z translation velocity, node 1, m/s
         70    6.987E-04                                 F               0         Tower X translation velocity, node 2, m/s
         71    2.420E-02                                 F               0         Tower Y translation velocity, node 2, m/s
         72    6.066E-03                                 F               0         Tower Z translation velocity, node 2, m/s
         73    7.270E-04                                 F               0         Tower X translation velocity, node 3, m/s
         74    3.345E-02                                 F               0         Tower Y translation velocity, node 3, m/s
         75    6.468E-03                                 F               0         Tower Z translation velocity, node 3, m/s
         76    7.554E-04                                 F               0         Tower X translation velocity, node 4, m/s
         77    4.271E-02                                 F               0         Tower Y translation velocity, node 4, m/s
         78    6.871E-03                                 F               0         Tower Z translation velocity, node 4, m/s
         79    7.837E-04                                 F               0         Tower X translation velocity, node 5, m/s
         80    5.196E-02                                 F               0         Tower Y translation velocity, node 5, m/s
         81    7.273E-03                                 F               0         Tower Z translation velocity, node 5, m/s
         82    8.120E-04                                 F               0         Tower X translation velocity, node 6, m/s
         83    6.121E-02                                 F               0         Tower Y translation velocity, node 6, m/s
         84    7.675E-03                                 F               0         Tower Z translation velocity, node 6, m/s
         85    8.404E-04                                 F               0         Tower X translation velocity, node 7, m/s
         86    7.046E-02                                 F               0         Tower Y translation velocity, node 7, m/s
         87    8.077E-03                                 F               0         Tower Z translation velocity, node 7, m/s
         88    8.687E-04                                 F               0         Tower X translation velocity, node 8, m/s
         89    7.972E-02                                 F               0         Tower Y translation velocity, node 8, m/s
         90    8.480E-03                                 F               0         Tower Z translation velocity, node 8, m/s
         91    8.970E-04                                 F               0         Tower X translation velocity, node 9, m/s
         92    8.897E-02                                 F               0         Tower Y translation velocity, node 9, m/s
         93    8.882E-03                                 F               0         Tower Z translation velocity, node 9, m/s
         94    9.254E-04                                 F               0         Tower X translation velocity, node 10, m/s
         95    9.822E-02                                 F               0         Tower Y translation velocity, node 10, m/s
         96    9.284E-03                                 F               0         Tower Z translation velocity, node 10, m/s
         97    9.537E-04                                 F               0         Tower X translation velocity, node 11, m/s
         98    1.075E-01                                 F               0         Tower Y translation velocity, node 11, m/s
         99    9.687E-03                                 F               0         Tower Z translation velocity, node 11, m/s
        100    3.510E+01                                 F               0         Hub X translation displacement, node 1, m
        101   -6.894E+00                                 F               0         Hub Y translation displacement, node 1, m
        102   -4.595E-01                                 F               0         Hub Z translation displacement, node 1, m
        103    9.674E-01,  1.999E-02, -2.525E-01         F               0         Hub X orientation angle, node 1, rad
        104    2.370E-01, -4.235E-01,  8.744E-01         F               0         Hub Y orientation angle, node 1, rad
        105   -8.945E-02, -9.057E-01, -4.144E-01         F               0         Hub Z orientation angle, node 1, rad
        106    1.012E+00                                 F               0         Hub X rotation velocity, node 1, rad/s
        107    2.093E-02                                 F               0         Hub Y rotation velocity, node 1, rad/s
        108   -2.642E-01                                 F               0         Hub Z rotation velocity, node 1, rad/s
        109    9.599E-01,  3.255E-02, -2.783E-01         F               0         Blade root 1 X orientation angle, node 1, rad
        110    2.656E-01, -4.227E-01,  8.665E-01         F               0         Blade root 1 Y orientation angle, node 1, rad
        111   -8.945E-02, -9.057E-01, -4.144E-01         F               0         Blade root 1 Z orientation angle, node 1, rad
        112    9.728E-01,  3.697E-02, -2.288E-01         F               0         Blade root 2 X orientation angle, node 1, rad
        113   -1.672E-01, -5.718E-01, -8.032E-01         F               0         Blade root 2 Y orientation angle, node 1, rad
        114   -1.605E-01,  8.196E-01, -5.500E-01         F               0         Blade root 2 Z orientation angle, node 1, rad
        115    9.682E-01, -9.565E-03, -2.501E-01         F               0         Blade root 3 X orientation angle, node 1, rad
        116   -1.230E-02,  9.962E-01, -8.575E-02         F               0         Blade root 3 Y orientation angle, node 1, rad
        117    2.499E-01,  8.609E-02,  9.644E-01         F               0         Blade root 3 Z orientation angle, node 1, rad
        118    3.402E+01                                 F               0         Blade 1 X translation displacement, node 1, m
        119   -1.191E+01                                 F               0         Blade 1 Y translation displacement, node 1, m
        120   -8.265E+00                                 F               0         Blade 1 Z translation displacement, node 1, m
        121    3.376E+01                                 F               0         Blade 1 X translation displacement, node 2, m
        122   -1.312E+01                                 F               0         Blade 1 Y translation displacement, node 2, m
        123   -1.015E+01                                 F               0         Blade 1 Z translation displacement, node 2, m
        124    3.024E+01                                 F               0         Blade 1 X translation displacement, node 3, m
        125   -2.956E+01                                 F               0         Blade 1 Y translation displacement, node 3, m
        126   -3.572E+01                                 F               0         Blade 1 Z translation displacement, node 3, m
        127    2.949E+01                                 F               0         Blade 1 X translation displacement, node 4, m
        128   -3.306E+01                                 F               0         Blade 1 Y translation displacement, node 4, m
        129   -4.117E+01                                 F               0         Blade 1 Z translation displacement, node 4, m
        130    2.874E+01                                 F               0         Blade 1 X translation displacement, node 5, m
        131   -3.657E+01                                 F               0         Blade 1 Y translation displacement, node 5, m
        132   -4.662E+01                                 F               0         Blade 1 Z translation displacement, node 5, m
        133    2.799E+01                                 F               0         Blade 1 X translation displacement, node 6, m
        134   -4.007E+01                                 F               0         Blade 1 Y translation displacement, node 6, m
        135   -5.207E+01                                 F               0         Blade 1 Z translation displacement, node 6, m
        136    2.724E+01                                 F               0         Blade 1 X translation displacement, node 7, m
        137   -4.357E+01                                 F               0         Blade 1 Y translation displacement, node 7, m
        138   -5.752E+01                                 F               0         Blade 1 Z translation displacement, node 7, m
        139    2.649E+01                                 F               0         Blade 1 X translation displacement, node 8, m
        140   -4.708E+01                                 F               0         Blade 1 Y translation displacement, node 8, m
        141   -6.297E+01                                 F               0         Blade 1 Z translation displacement, node 8, m
        142    2.574E+01                                 F               0         Blade 1 X translation displacement, node 9, m
        143   -5.058E+01                                 F               0         Blade 1 Y translation displacement, node 9, m
        144   -6.842E+01                                 F               0         Blade 1 Z translation displacement, node 9, m
        145    2.499E+01                                 F               0         Blade 1 X translation displacement, node 10, m
        146   -5.408E+01                                 F               0         Blade 1 Y translation displacement, node 10, m
        147   -7.387E+01                                 F               0         Blade 1 Z translation displacement, node 10, m
        148    2.424E+01                                 F               0         Blade 1 X translation displacement, node 11, m
        149   -5.758E+01                                 F               0         Blade 1 Y translation displacement, node 11, m
        150   -7.932E+01                                 F               0         Blade 1 Z translation displacement, node 11, m
        151    2.349E+01                                 F               0         Blade 1 X translation displacement, node 12, m
        152   -6.109E+01                                 F               0         Blade 1 Y translation displacement, node 12, m
        153   -8.477E+01                                 F               0         Blade 1 Z translation displacement, node 12, m
        154    2.274E+01                                 F               0         Blade 1 X translation displacement, node 13, m
        155   -6.459E+01                                 F               0         Blade 1 Y translation displacement, node 13, m
        156   -9.021E+01                                 F               0         Blade 1 Z translation displacement, node 13, m
        157    2.199E+01                                 F               0         Blade 1 X translation displacement, node 14, m
        158   -6.809E+01                                 F               0         Blade 1 Y translation displacement, node 14, m
        159   -9.566E+01                                 F               0         Blade 1 Z translation displacement, node 14, m
        160    2.124E+01                                 F               0         Blade 1 X translation displacement, node 15, m
        161   -7.160E+01                                 F               0         Blade 1 Y translation displacement, node 15, m
        162   -1.011E+02                                 F               0         Blade 1 Z translation displacement, node 15, m
        163    2.049E+01                                 F               0         Blade 1 X translation displacement, node 16, m
        164   -7.510E+01                                 F               0         Blade 1 Y translation displacement, node 16, m
        165   -1.066E+02                                 F               0         Blade 1 Z translation displacement, node 16, m
        166    1.974E+01                                 F               0         Blade 1 X translation displacement, node 17, m
        167   -7.860E+01                                 F               0         Blade 1 Y translation displacement, node 17, m
        168   -1.120E+02                                 F               0         Blade 1 Z translation displacement, node 17, m
        169    1.899E+01                                 F               0         Blade 1 X translation displacement, node 18, m
        170   -8.210E+01                                 F               0         Blade 1 Y translation displacement, node 18, m
        171   -1.175E+02                                 F               0         Blade 1 Z translation displacement, node 18, m
        172    1.824E+01                                 F               0         Blade 1 X translation displacement, node 19, m
        173   -8.561E+01                                 F               0         Blade 1 Y translation displacement, node 19, m
        174   -1.229E+02                                 F               0         Blade 1 Z translation displacement, node 19, m
        175    1.749E+01                                 F               0         Blade 1 X translation displacement, node 20, m
        176   -8.911E+01                                 F               0         Blade 1 Y translation displacement, node 20, m
        177   -1.284E+02                                 F               0         Blade 1 Z translation displacement, node 20, m
        178    1.674E+01                                 F               0         Blade 1 X translation displacement, node 21, m
        179   -9.261E+01                                 F               0         Blade 1 Y translation displacement, node 21, m
        180   -1.338E+02                                 F               0         Blade 1 Z translation displacement, node 21, m
        181    1.599E+01                                 F               0         Blade 1 X translation displacement, node 22, m
        182   -9.612E+01                                 F               0         Blade 1 Y translation displacement, node 22, m
        183   -1.393E+02                                 F               0         Blade 1 Z translation displacement, node 22, m
        184    1.524E+01                                 F               0         Blade 1 X translation displacement, node 23, m
        185   -9.962E+01                                 F               0         Blade 1 Y translation displacement, node 23, m
        186   -1.447E+02                                 F               0         Blade 1 Z translation displacement, node 23, m
        187    1.449E+01                                 F               0         Blade 1 X translation displacement, node 24, m
        188   -1.031E+02                                 F               0         Blade 1 Y translation displacement, node 24, m
        189   -1.502E+02                                 F               0         Blade 1 Z translation displacement, node 24, m
        190    1.374E+01                                 F               0         Blade 1 X translation displacement, node 25, m
        191   -1.066E+02                                 F               0         Blade 1 Y translation displacement, node 25, m
        192   -1.556E+02                                 F               0         Blade 1 Z translation displacement, node 25, m
        193    1.299E+01                                 F               0         Blade 1 X translation displacement, node 26, m
        194   -1.101E+02                                 F               0         Blade 1 Y translation displacement, node 26, m
        195   -1.611E+02                                 F               0         Blade 1 Z translation displacement, node 26, m
        196    1.224E+01                                 F               0         Blade 1 X translation displacement, node 27, m
        197   -1.136E+02                                 F               0         Blade 1 Y translation displacement, node 27, m
        198   -1.665E+02                                 F               0         Blade 1 Z translation displacement, node 27, m
        199    1.160E+01                                 F               0         Blade 1 X translation displacement, node 28, m
        200   -1.166E+02                                 F               0         Blade 1 Y translation displacement, node 28, m
        201   -1.711E+02                                 F               0         Blade 1 Z translation displacement, node 28, m
        202    7.332E-01,  2.217E-01, -6.428E-01         F               0         Blade 1 X orientation angle, node 1, rad
        203    6.741E-01, -3.614E-01,  6.442E-01         F               0         Blade 1 Y orientation angle, node 1, rad
        204   -8.945E-02, -9.057E-01, -4.144E-01         F               0         Blade 1 Z orientation angle, node 1, rad
        205    7.332E-01,  2.217E-01, -6.428E-01         F               0         Blade 1 X orientation angle, node 2, rad
        206    6.741E-01, -3.614E-01,  6.442E-01         F               0         Blade 1 Y orientation angle, node 2, rad
        207   -8.945E-02, -9.057E-01, -4.144E-01         F               0         Blade 1 Z orientation angle, node 2, rad
        208    8.721E-01,  1.298E-01, -4.718E-01         F               0         Blade 1 X orientation angle, node 3, rad
        209    4.811E-01, -4.036E-01,  7.782E-01         F               0         Blade 1 Y orientation angle, node 3, rad
        210   -8.945E-02, -9.057E-01, -4.144E-01         F               0         Blade 1 Z orientation angle, node 3, rad
        211    8.916E-01,  1.126E-01, -4.386E-01         F               0         Blade 1 X orientation angle, node 4, rad
        212    4.439E-01, -4.087E-01,  7.975E-01         F               0         Blade 1 Y orientation angle, node 4, rad
        213   -8.945E-02, -9.057E-01, -4.144E-01         F               0         Blade 1 Z orientation angle, node 4, rad
        214    9.058E-01,  9.899E-02, -4.119E-01         F               0         Blade 1 X orientation angle, node 5, rad
        215    4.140E-01, -4.122E-01,  8.116E-01         F               0         Blade 1 Y orientation angle, node 5, rad
        216   -8.945E-02, -9.057E-01, -4.144E-01         F               0         Blade 1 Z orientation angle, node 5, rad
        217    9.165E-01,  8.802E-02, -3.902E-01         F               0         Blade 1 X orientation angle, node 6, rad
        218    3.899E-01, -4.147E-01,  8.222E-01         F               0         Blade 1 Y orientation angle, node 6, rad
        219   -8.945E-02, -9.057E-01, -4.144E-01         F               0         Blade 1 Z orientation angle, node 6, rad
        220    9.248E-01,  7.895E-02, -3.722E-01         F               0         Blade 1 X orientation angle, node 7, rad
        221    3.698E-01, -4.165E-01,  8.305E-01         F               0         Blade 1 Y orientation angle, node 7, rad
        222   -8.945E-02, -9.057E-01, -4.144E-01         F               0         Blade 1 Z orientation angle, node 7, rad
        223    9.314E-01,  7.138E-02, -3.570E-01         F               0         Blade 1 X orientation angle, node 8, rad
        224    3.529E-01, -4.179E-01,  8.371E-01         F               0         Blade 1 Y orientation angle, node 8, rad
        225   -8.945E-02, -9.057E-01, -4.144E-01         F               0         Blade 1 Z orientation angle, node 8, rad
        226    9.367E-01,  6.495E-02, -3.441E-01         F               0         Blade 1 X orientation angle, node 9, rad
        227    3.386E-01, -4.189E-01,  8.425E-01         F               0         Blade 1 Y orientation angle, node 9, rad
        228   -8.945E-02, -9.057E-01, -4.144E-01         F               0         Blade 1 Z orientation angle, node 9, rad
        229    9.411E-01,  5.939E-02, -3.329E-01         F               0         Blade 1 X orientation angle, node 10, rad
        230    3.261E-01, -4.198E-01,  8.470E-01         F               0         Blade 1 Y orientation angle, node 10, rad
        231   -8.945E-02, -9.057E-01, -4.144E-01         F               0         Blade 1 Z orientation angle, node 10, rad
        232    9.447E-01,  5.463E-02, -3.233E-01         F               0         Blade 1 X orientation angle, node 11, rad
        233    3.154E-01, -4.204E-01,  8.507E-01         F               0         Blade 1 Y orientation angle, node 11, rad
        234   -8.945E-02, -9.057E-01, -4.144E-01         F               0         Blade 1 Z orientation angle, node 11, rad
        235    9.478E-01,  5.044E-02, -3.148E-01         F               0         Blade 1 X orientation angle, node 12, rad
        236    3.060E-01, -4.209E-01,  8.539E-01         F               0         Blade 1 Y orientation angle, node 12, rad
        237   -8.945E-02, -9.057E-01, -4.144E-01         F               0         Blade 1 Z orientation angle, node 12, rad
        238    9.504E-01,  4.677E-02, -3.074E-01         F               0         Blade 1 X orientation angle, node 13, rad
        239    2.977E-01, -4.214E-01,  8.566E-01         F               0         Blade 1 Y orientation angle, node 13, rad
        240   -8.945E-02, -9.057E-01, -4.144E-01         F               0         Blade 1 Z orientation angle, node 13, rad
        241    9.528E-01,  4.345E-02, -3.006E-01         F               0         Blade 1 X orientation angle, node 14, rad
        242    2.903E-01, -4.217E-01,  8.590E-01         F               0         Blade 1 Y orientation angle, node 14, rad
        243   -8.945E-02, -9.057E-01, -4.144E-01         F               0         Blade 1 Z orientation angle, node 14, rad
        244    9.548E-01,  4.051E-02, -2.946E-01         F               0         Blade 1 X orientation angle, node 15, rad
        245    2.836E-01, -4.220E-01,  8.611E-01         F               0         Blade 1 Y orientation angle, node 15, rad
        246   -8.945E-02, -9.057E-01, -4.144E-01         F               0         Blade 1 Z orientation angle, node 15, rad
        247    9.565E-01,  3.786E-02, -2.892E-01         F               0         Blade 1 X orientation angle, node 16, rad
        248    2.776E-01, -4.223E-01,  8.629E-01         F               0         Blade 1 Y orientation angle, node 16, rad
        249   -8.945E-02, -9.057E-01, -4.144E-01         F               0         Blade 1 Z orientation angle, node 16, rad
        250    9.581E-01,  3.550E-02, -2.844E-01         F               0         Blade 1 X orientation angle, node 17, rad
        251    2.723E-01, -4.225E-01,  8.645E-01         F               0         Blade 1 Y orientation angle, node 17, rad
        252   -8.945E-02, -9.057E-01, -4.144E-01         F               0         Blade 1 Z orientation angle, node 17, rad
        253    9.595E-01,  3.329E-02, -2.798E-01         F               0         Blade 1 X orientation angle, node 18, rad
        254    2.672E-01, -4.226E-01,  8.660E-01         F               0         Blade 1 Y orientation angle, node 18, rad
        255   -8.945E-02, -9.057E-01, -4.144E-01         F               0         Blade 1 Z orientation angle, node 18, rad
        256    9.607E-01,  3.129E-02, -2.758E-01         F               0         Blade 1 X orientation angle, node 19, rad
        257    2.627E-01, -4.228E-01,  8.673E-01         F               0         Blade 1 Y orientation angle, node 19, rad
        258   -8.945E-02, -9.057E-01, -4.144E-01         F               0         Blade 1 Z orientation angle, node 19, rad
        259    9.618E-01,  2.952E-02, -2.721E-01         F               0         Blade 1 X orientation angle, node 20, rad
        260    2.587E-01, -4.229E-01,  8.685E-01         F               0         Blade 1 Y orientation angle, node 20, rad
        261   -8.945E-02, -9.057E-01, -4.144E-01         F               0         Blade 1 Z orientation angle, node 20, rad
        262    9.628E-01,  2.782E-02, -2.686E-01         F               0         Blade 1 X orientation angle, node 21, rad
        263    2.548E-01, -4.230E-01,  8.695E-01         F               0         Blade 1 Y orientation angle, node 21, rad
        264   -8.945E-02, -9.057E-01, -4.144E-01         F               0         Blade 1 Z orientation angle, node 21, rad
        265    9.638E-01,  2.627E-02, -2.654E-01         F               0         Blade 1 X orientation angle, node 22, rad
        266    2.513E-01, -4.231E-01,  8.705E-01         F               0         Blade 1 Y orientation angle, node 22, rad
        267   -8.945E-02, -9.057E-01, -4.144E-01         F               0         Blade 1 Z orientation angle, node 22, rad
        268    9.646E-01,  2.487E-02, -2.626E-01         F               0         Blade 1 X orientation angle, node 23, rad
        269    2.481E-01, -4.232E-01,  8.714E-01         F               0         Blade 1 Y orientation angle, node 23, rad
        270   -8.945E-02, -9.057E-01, -4.144E-01         F               0         Blade 1 Z orientation angle, node 23, rad
        271    9.654E-01,  2.354E-02, -2.598E-01         F               0         Blade 1 X orientation angle, node 24, rad
        272    2.451E-01, -4.233E-01,  8.722E-01         F               0         Blade 1 Y orientation angle, node 24, rad
        273   -8.945E-02, -9.057E-01, -4.144E-01         F               0         Blade 1 Z orientation angle, node 24, rad
        274    9.661E-01,  2.228E-02, -2.572E-01         F               0         Blade 1 X orientation angle, node 25, rad
        275    2.422E-01, -4.234E-01,  8.730E-01         F               0         Blade 1 Y orientation angle, node 25, rad
        276   -8.945E-02, -9.057E-01, -4.144E-01         F               0         Blade 1 Z orientation angle, node 25, rad
        277    9.667E-01,  2.118E-02, -2.549E-01         F               0         Blade 1 X orientation angle, node 26, rad
        278    2.397E-01, -4.234E-01,  8.737E-01         F               0         Blade 1 Y orientation angle, node 26, rad
        279   -8.945E-02, -9.057E-01, -4.144E-01         F               0         Blade 1 Z orientation angle, node 26, rad
        280    9.673E-01,  2.007E-02, -2.527E-01         F               0         Blade 1 X orientation angle, node 27, rad
        281    2.371E-01, -4.235E-01,  8.743E-01         F               0         Blade 1 Y orientation angle, node 27, rad
        282   -8.945E-02, -9.057E-01, -4.144E-01         F               0         Blade 1 Z orientation angle, node 27, rad
        283    9.677E-01,  1.948E-02, -2.514E-01         F               0         Blade 1 X orientation angle, node 28, rad
        284    2.358E-01, -4.235E-01,  8.747E-01         F               0         Blade 1 Y orientation angle, node 28, rad
        285   -8.945E-02, -9.057E-01, -4.144E-01         F               0         Blade 1 Z orientation angle, node 28, rad
        286   -1.373E+00                                 F               0         Blade 1 X translation velocity, node 1, m/s
        287    2.567E+00                                 F               0         Blade 1 Y translation velocity, node 1, m/s
        288   -5.059E+00                                 F               0         Blade 1 Z translation velocity, node 1, m/s
        289   -1.704E+00                                 F               0         Blade 1 X translation velocity, node 2, m/s
        290    3.159E+00                                 F               0         Blade 1 Y translation velocity, node 2, m/s
        291   -6.281E+00                                 F               0         Blade 1 Z translation velocity, node 2, m/s
        292   -6.204E+00                                 F               0         Blade 1 X translation velocity, node 3, m/s
        293    1.120E+01                                 F               0         Blade 1 Y translation velocity, node 3, m/s
        294   -2.289E+01                                 F               0         Blade 1 Z translation velocity, node 3, m/s
        295   -7.163E+00                                 F               0         Blade 1 X translation velocity, node 4, m/s
        296    1.292E+01                                 F               0         Blade 1 Y translation velocity, node 4, m/s
        297   -2.643E+01                                 F               0         Blade 1 Z translation velocity, node 4, m/s
        298   -8.122E+00                                 F               0         Blade 1 X translation velocity, node 5, m/s
        299    1.463E+01                                 F               0         Blade 1 Y translation velocity, node 5, m/s
        300   -2.997E+01                                 F               0         Blade 1 Z translation velocity, node 5, m/s
        301   -9.081E+00                                 F               0         Blade 1 X translation velocity, node 6, m/s
        302    1.635E+01                                 F               0         Blade 1 Y translation velocity, node 6, m/s
        303   -3.351E+01                                 F               0         Blade 1 Z translation velocity, node 6, m/s
        304   -1.004E+01                                 F               0         Blade 1 X translation velocity, node 7, m/s
        305    1.806E+01                                 F               0         Blade 1 Y translation velocity, node 7, m/s
        306   -3.705E+01                                 F               0         Blade 1 Z translation velocity, node 7, m/s
        307   -1.100E+01                                 F               0         Blade 1 X translation velocity, node 8, m/s
