
Linearized model: Predictions were generated on 12-Feb-2024 at 18:31:58 using OpenFAST, compiled as a 64-bit application using single precision at commit v3.5.1
 linked with  NWTC Subroutine Library; ElastoDyn; InflowWind; AeroDyn; ServoDyn; HydroDyn; MAP++ (<1.20.10>, <Oct-20-2023>)

Description from the FAST input file: CCT-9 Campign 4 model. Input files to be run with OpenFAST 3.5.0. GitHub branch from Lu Wang (https://github.com/luwang00/openfast/tree/dev) compiled on March 7, 2023.

Simulation information:
   Simulation time:                  1006.9750 s
   Rotor Speed:                         1.0471 rad/s
   Azimuth:                             0.6838 rad
   Wind Speed:                         12.0000 m/s
   Number of continuous states:         0
   Number of discrete states:           0
   Number of constraint states:         0
   Number of inputs:                 1746
   Number of outputs:                   4
   Jacobians included in this file?    No

Order of inputs:
     Column   Operating Point                     Rotating Frame? Derivative Order Description
   ---------- ---------------                     --------------- ---------------- -----------
          1    1.518E+01                                 F               0         Tower X translation displacement, node 1, m
          2   -1.040E+00                                 F               0         Tower Y translation displacement, node 1, m
          3   -4.628E-01                                 F               0         Tower Z translation displacement, node 1, m
          4    1.704E+01                                 F               0         Tower X translation displacement, node 2, m
          5   -1.586E+00                                 F               0         Tower Y translation displacement, node 2, m
          6   -6.161E-01                                 F               0         Tower Z translation displacement, node 2, m
          7    1.890E+01                                 F               0         Tower X translation displacement, node 3, m
          8   -2.133E+00                                 F               0         Tower Y translation displacement, node 3, m
          9   -7.693E-01                                 F               0         Tower Z translation displacement, node 3, m
         10    2.076E+01                                 F               0         Tower X translation displacement, node 4, m
         11   -2.679E+00                                 F               0         Tower Y translation displacement, node 4, m
         12   -9.225E-01                                 F               0         Tower Z translation displacement, node 4, m
         13    2.262E+01                                 F               0         Tower X translation displacement, node 5, m
         14   -3.226E+00                                 F               0         Tower Y translation displacement, node 5, m
         15   -1.076E+00                                 F               0         Tower Z translation displacement, node 5, m
         16    2.449E+01                                 F               0         Tower X translation displacement, node 6, m
         17   -3.772E+00                                 F               0         Tower Y translation displacement, node 6, m
         18   -1.229E+00                                 F               0         Tower Z translation displacement, node 6, m
         19    2.635E+01                                 F               0         Tower X translation displacement, node 7, m
         20   -4.318E+00                                 F               0         Tower Y translation displacement, node 7, m
         21   -1.382E+00                                 F               0         Tower Z translation displacement, node 7, m
         22    2.821E+01                                 F               0         Tower X translation displacement, node 8, m
         23   -4.865E+00                                 F               0         Tower Y translation displacement, node 8, m
         24   -1.535E+00                                 F               0         Tower Z translation displacement, node 8, m
         25    3.007E+01                                 F               0         Tower X translation displacement, node 9, m
         26   -5.411E+00                                 F               0         Tower Y translation displacement, node 9, m
         27   -1.689E+00                                 F               0         Tower Z translation displacement, node 9, m
         28    3.193E+01                                 F               0         Tower X translation displacement, node 10, m
         29   -5.958E+00                                 F               0         Tower Y translation displacement, node 10, m
         30   -1.842E+00                                 F               0         Tower Z translation displacement, node 10, m
         31    3.379E+01                                 F               0         Tower X translation displacement, node 11, m
         32   -6.504E+00                                 F               0         Tower Y translation displacement, node 11, m
         33   -1.995E+00                                 F               0         Tower Z translation displacement, node 11, m
         34    9.886E-01,  1.531E-02, -1.501E-01         F               0         Tower X orientation angle, node 1, rad
         35   -8.479E-03,  9.989E-01,  4.603E-02         F               0         Tower Y orientation angle, node 1, rad
         36    1.506E-01, -4.423E-02,  9.876E-01         F               0         Tower Z orientation angle, node 1, rad
         37    9.886E-01,  1.531E-02, -1.501E-01         F               0         Tower X orientation angle, node 2, rad
         38   -8.479E-03,  9.989E-01,  4.603E-02         F               0         Tower Y orientation angle, node 2, rad
         39    1.506E-01, -4.423E-02,  9.876E-01         F               0         Tower Z orientation angle, node 2, rad
         40    9.886E-01,  1.531E-02, -1.501E-01         F               0         Tower X orientation angle, node 3, rad
         41   -8.479E-03,  9.989E-01,  4.603E-02         F               0         Tower Y orientation angle, node 3, rad
         42    1.506E-01, -4.423E-02,  9.876E-01         F               0         Tower Z orientation angle, node 3, rad
         43    9.886E-01,  1.531E-02, -1.501E-01         F               0         Tower X orientation angle, node 4, rad
         44   -8.479E-03,  9.989E-01,  4.603E-02         F               0         Tower Y orientation angle, node 4, rad
         45    1.506E-01, -4.423E-02,  9.876E-01         F               0         Tower Z orientation angle, node 4, rad
         46    9.886E-01,  1.531E-02, -1.501E-01         F               0         Tower X orientation angle, node 5, rad
         47   -8.479E-03,  9.989E-01,  4.603E-02         F               0         Tower Y orientation angle, node 5, rad
         48    1.506E-01, -4.423E-02,  9.876E-01         F               0         Tower Z orientation angle, node 5, rad
         49    9.886E-01,  1.531E-02, -1.501E-01         F               0         Tower X orientation angle, node 6, rad
         50   -8.479E-03,  9.989E-01,  4.603E-02         F               0         Tower Y orientation angle, node 6, rad
         51    1.506E-01, -4.423E-02,  9.876E-01         F               0         Tower Z orientation angle, node 6, rad
         52    9.886E-01,  1.531E-02, -1.501E-01         F               0         Tower X orientation angle, node 7, rad
         53   -8.479E-03,  9.989E-01,  4.603E-02         F               0         Tower Y orientation angle, node 7, rad
         54    1.506E-01, -4.423E-02,  9.876E-01         F               0         Tower Z orientation angle, node 7, rad
         55    9.886E-01,  1.531E-02, -1.501E-01         F               0         Tower X orientation angle, node 8, rad
         56   -8.479E-03,  9.989E-01,  4.603E-02         F               0         Tower Y orientation angle, node 8, rad
         57    1.506E-01, -4.423E-02,  9.876E-01         F               0         Tower Z orientation angle, node 8, rad
         58    9.886E-01,  1.531E-02, -1.501E-01         F               0         Tower X orientation angle, node 9, rad
         59   -8.479E-03,  9.989E-01,  4.603E-02         F               0         Tower Y orientation angle, node 9, rad
         60    1.506E-01, -4.423E-02,  9.876E-01         F               0         Tower Z orientation angle, node 9, rad
         61    9.886E-01,  1.531E-02, -1.501E-01         F               0         Tower X orientation angle, node 10, rad
         62   -8.479E-03,  9.989E-01,  4.603E-02         F               0         Tower Y orientation angle, node 10, rad
         63    1.506E-01, -4.423E-02,  9.876E-01         F               0         Tower Z orientation angle, node 10, rad
         64    9.886E-01,  1.531E-02, -1.501E-01         F               0         Tower X orientation angle, node 11, rad
         65   -8.479E-03,  9.989E-01,  4.603E-02         F               0         Tower Y orientation angle, node 11, rad
         66    1.506E-01, -4.423E-02,  9.876E-01         F               0         Tower Z orientation angle, node 11, rad
         67    9.898E-05                                 F               0         Tower X translation velocity, node 1, m/s
         68    1.263E-02                                 F               0         Tower Y translation velocity, node 1, m/s
         69    5.442E-03                                 F               0         Tower Z translation velocity, node 1, m/s
         70   -8.278E-05                                 F               0         Tower X translation velocity, node 2, m/s
         71    2.030E-02                                 F               0         Tower Y translation velocity, node 2, m/s
         72    5.813E-03                                 F               0         Tower Z translation velocity, node 2, m/s
         73   -2.645E-04                                 F               0         Tower X translation velocity, node 3, m/s
         74    2.797E-02                                 F               0         Tower Y translation velocity, node 3, m/s
         75    6.185E-03                                 F               0         Tower Z translation velocity, node 3, m/s
         76   -4.463E-04                                 F               0         Tower X translation velocity, node 4, m/s
         77    3.564E-02                                 F               0         Tower Y translation velocity, node 4, m/s
         78    6.556E-03                                 F               0         Tower Z translation velocity, node 4, m/s
         79   -6.280E-04                                 F               0         Tower X translation velocity, node 5, m/s
         80    4.331E-02                                 F               0         Tower Y translation velocity, node 5, m/s
         81    6.927E-03                                 F               0         Tower Z translation velocity, node 5, m/s
         82   -8.098E-04                                 F               0         Tower X translation velocity, node 6, m/s
         83    5.099E-02                                 F               0         Tower Y translation velocity, node 6, m/s
         84    7.299E-03                                 F               0         Tower Z translation velocity, node 6, m/s
         85   -9.916E-04                                 F               0         Tower X translation velocity, node 7, m/s
         86    5.866E-02                                 F               0         Tower Y translation velocity, node 7, m/s
         87    7.670E-03                                 F               0         Tower Z translation velocity, node 7, m/s
         88   -1.173E-03                                 F               0         Tower X translation velocity, node 8, m/s
         89    6.633E-02                                 F               0         Tower Y translation velocity, node 8, m/s
         90    8.041E-03                                 F               0         Tower Z translation velocity, node 8, m/s
         91   -1.355E-03                                 F               0         Tower X translation velocity, node 9, m/s
         92    7.400E-02                                 F               0         Tower Y translation velocity, node 9, m/s
         93    8.413E-03                                 F               0         Tower Z translation velocity, node 9, m/s
         94   -1.537E-03                                 F               0         Tower X translation velocity, node 10, m/s
         95    8.168E-02                                 F               0         Tower Y translation velocity, node 10, m/s
         96    8.784E-03                                 F               0         Tower Z translation velocity, node 10, m/s
         97   -1.719E-03                                 F               0         Tower X translation velocity, node 11, m/s
         98    8.935E-02                                 F               0         Tower Y translation velocity, node 11, m/s
         99    9.155E-03                                 F               0         Tower Z translation velocity, node 11, m/s
        100    3.510E+01                                 F               0         Hub X translation displacement, node 1, m
        101   -7.017E+00                                 F               0         Hub Y translation displacement, node 1, m
        102   -4.713E-01                                 F               0         Hub Z translation displacement, node 1, m
        103    9.674E-01,  1.985E-02, -2.525E-01         F               0         Hub X orientation angle, node 1, rad
        104    1.534E-01,  7.475E-01,  6.463E-01         F               0         Hub Y orientation angle, node 1, rad
        105    2.016E-01, -6.639E-01,  7.201E-01         F               0         Hub Z orientation angle, node 1, rad
        106    1.012E+00                                 F               0         Hub X rotation velocity, node 1, rad/s
        107    2.076E-02                                 F               0         Hub Y rotation velocity, node 1, rad/s
        108   -2.642E-01                                 F               0         Hub Z rotation velocity, node 1, rad/s
        109    9.624E-01, -2.338E-03, -2.716E-01         F               0         Blade root 1 X orientation angle, node 1, rad
        110    1.820E-01,  7.478E-01,  6.385E-01         F               0         Blade root 1 Y orientation angle, node 1, rad
        111    2.016E-01, -6.639E-01,  7.201E-01         F               0         Blade root 1 Z orientation angle, node 1, rad
        112    9.641E-01,  4.798E-02, -2.613E-01         F               0         Blade root 2 X orientation angle, node 1, rad
        113    1.266E-01, -9.477E-01,  2.929E-01         F               0         Blade root 2 Y orientation angle, node 1, rad
        114   -2.336E-01, -3.154E-01, -9.198E-01         F               0         Blade root 2 Z orientation angle, node 1, rad
        115    9.744E-01,  1.387E-02, -2.243E-01         F               0         Blade root 3 X orientation angle, node 1, rad
        116   -2.225E-01,  2.017E-01, -9.538E-01         F               0         Blade root 3 Y orientation angle, node 1, rad
        117    3.202E-02,  9.793E-01,  1.996E-01         F               0         Blade root 3 Z orientation angle, node 1, rad
        118    3.564E+01                                 F               0         Blade 1 X translation displacement, node 1, m
        119   -1.069E+01                                 F               0         Blade 1 Y translation displacement, node 1, m
        120   -1.992E+00                                 F               0         Blade 1 Z translation displacement, node 1, m
        121    3.577E+01                                 F               0         Blade 1 X translation displacement, node 2, m
        122   -1.158E+01                                 F               0         Blade 1 Y translation displacement, node 2, m
        123   -2.358E+00                                 F               0         Blade 1 Z translation displacement, node 2, m
        124    3.753E+01                                 F               0         Blade 1 X translation displacement, node 3, m
        125   -2.363E+01                                 F               0         Blade 1 Y translation displacement, node 3, m
        126   -7.339E+00                                 F               0         Blade 1 Z translation displacement, node 3, m
        127    3.790E+01                                 F               0         Blade 1 X translation displacement, node 4, m
        128   -2.620E+01                                 F               0         Blade 1 Y translation displacement, node 4, m
        129   -8.400E+00                                 F               0         Blade 1 Z translation displacement, node 4, m
        130    3.828E+01                                 F               0         Blade 1 X translation displacement, node 5, m
        131   -2.877E+01                                 F               0         Blade 1 Y translation displacement, node 5, m
        132   -9.462E+00                                 F               0         Blade 1 Z translation displacement, node 5, m
        133    3.865E+01                                 F               0         Blade 1 X translation displacement, node 6, m
        134   -3.134E+01                                 F               0         Blade 1 Y translation displacement, node 6, m
        135   -1.052E+01                                 F               0         Blade 1 Z translation displacement, node 6, m
        136    3.903E+01                                 F               0         Blade 1 X translation displacement, node 7, m
        137   -3.390E+01                                 F               0         Blade 1 Y translation displacement, node 7, m
        138   -1.158E+01                                 F               0         Blade 1 Z translation displacement, node 7, m
        139    3.940E+01                                 F               0         Blade 1 X translation displacement, node 8, m
        140   -3.647E+01                                 F               0         Blade 1 Y translation displacement, node 8, m
        141   -1.265E+01                                 F               0         Blade 1 Z translation displacement, node 8, m
        142    3.978E+01                                 F               0         Blade 1 X translation displacement, node 9, m
        143   -3.904E+01                                 F               0         Blade 1 Y translation displacement, node 9, m
        144   -1.371E+01                                 F               0         Blade 1 Z translation displacement, node 9, m
        145    4.016E+01                                 F               0         Blade 1 X translation displacement, node 10, m
        146   -4.161E+01                                 F               0         Blade 1 Y translation displacement, node 10, m
        147   -1.477E+01                                 F               0         Blade 1 Z translation displacement, node 10, m
        148    4.053E+01                                 F               0         Blade 1 X translation displacement, node 11, m
        149   -4.418E+01                                 F               0         Blade 1 Y translation displacement, node 11, m
        150   -1.583E+01                                 F               0         Blade 1 Z translation displacement, node 11, m
        151    4.091E+01                                 F               0         Blade 1 X translation displacement, node 12, m
        152   -4.674E+01                                 F               0         Blade 1 Y translation displacement, node 12, m
        153   -1.689E+01                                 F               0         Blade 1 Z translation displacement, node 12, m
        154    4.128E+01                                 F               0         Blade 1 X translation displacement, node 13, m
        155   -4.931E+01                                 F               0         Blade 1 Y translation displacement, node 13, m
        156   -1.795E+01                                 F               0         Blade 1 Z translation displacement, node 13, m
        157    4.166E+01                                 F               0         Blade 1 X translation displacement, node 14, m
        158   -5.188E+01                                 F               0         Blade 1 Y translation displacement, node 14, m
        159   -1.901E+01                                 F               0         Blade 1 Z translation displacement, node 14, m
        160    4.203E+01                                 F               0         Blade 1 X translation displacement, node 15, m
        161   -5.445E+01                                 F               0         Blade 1 Y translation displacement, node 15, m
        162   -2.008E+01                                 F               0         Blade 1 Z translation displacement, node 15, m
        163    4.241E+01                                 F               0         Blade 1 X translation displacement, node 16, m
        164   -5.702E+01                                 F               0         Blade 1 Y translation displacement, node 16, m
        165   -2.114E+01                                 F               0         Blade 1 Z translation displacement, node 16, m
        166    4.278E+01                                 F               0         Blade 1 X translation displacement, node 17, m
        167   -5.958E+01                                 F               0         Blade 1 Y translation displacement, node 17, m
        168   -2.220E+01                                 F               0         Blade 1 Z translation displacement, node 17, m
        169    4.316E+01                                 F               0         Blade 1 X translation displacement, node 18, m
        170   -6.215E+01                                 F               0         Blade 1 Y translation displacement, node 18, m
        171   -2.326E+01                                 F               0         Blade 1 Z translation displacement, node 18, m
        172    4.353E+01                                 F               0         Blade 1 X translation displacement, node 19, m
        173   -6.472E+01                                 F               0         Blade 1 Y translation displacement, node 19, m
        174   -2.432E+01                                 F               0         Blade 1 Z translation displacement, node 19, m
        175    4.391E+01                                 F               0         Blade 1 X translation displacement, node 20, m
        176   -6.729E+01                                 F               0         Blade 1 Y translation displacement, node 20, m
        177   -2.538E+01                                 F               0         Blade 1 Z translation displacement, node 20, m
        178    4.428E+01                                 F               0         Blade 1 X translation displacement, node 21, m
        179   -6.985E+01                                 F               0         Blade 1 Y translation displacement, node 21, m
        180   -2.644E+01                                 F               0         Blade 1 Z translation displacement, node 21, m
        181    4.466E+01                                 F               0         Blade 1 X translation displacement, node 22, m
        182   -7.242E+01                                 F               0         Blade 1 Y translation displacement, node 22, m
        183   -2.750E+01                                 F               0         Blade 1 Z translation displacement, node 22, m
        184    4.504E+01                                 F               0         Blade 1 X translation displacement, node 23, m
        185   -7.499E+01                                 F               0         Blade 1 Y translation displacement, node 23, m
        186   -2.857E+01                                 F               0         Blade 1 Z translation displacement, node 23, m
        187    4.541E+01                                 F               0         Blade 1 X translation displacement, node 24, m
        188   -7.756E+01                                 F               0         Blade 1 Y translation displacement, node 24, m
        189   -2.963E+01                                 F               0         Blade 1 Z translation displacement, node 24, m
        190    4.579E+01                                 F               0         Blade 1 X translation displacement, node 25, m
        191   -8.013E+01                                 F               0         Blade 1 Y translation displacement, node 25, m
        192   -3.069E+01                                 F               0         Blade 1 Z translation displacement, node 25, m
        193    4.616E+01                                 F               0         Blade 1 X translation displacement, node 26, m
        194   -8.269E+01                                 F               0         Blade 1 Y translation displacement, node 26, m
        195   -3.175E+01                                 F               0         Blade 1 Z translation displacement, node 26, m
        196    4.654E+01                                 F               0         Blade 1 X translation displacement, node 27, m
        197   -8.526E+01                                 F               0         Blade 1 Y translation displacement, node 27, m
        198   -3.281E+01                                 F               0         Blade 1 Z translation displacement, node 27, m
        199    4.686E+01                                 F               0         Blade 1 X translation displacement, node 28, m
        200   -8.744E+01                                 F               0         Blade 1 Y translation displacement, node 28, m
        201   -3.371E+01                                 F               0         Blade 1 Z translation displacement, node 28, m
        202    7.735E-01, -3.431E-01, -5.329E-01         F               0         Blade 1 X orientation angle, node 1, rad
        203    6.008E-01,  6.644E-01,  4.444E-01         F               0         Blade 1 Y orientation angle, node 1, rad
        204    2.016E-01, -6.639E-01,  7.201E-01         F               0         Blade 1 Z orientation angle, node 1, rad
        205    7.735E-01, -3.431E-01, -5.329E-01         F               0         Blade 1 X orientation angle, node 2, rad
        206    6.008E-01,  6.644E-01,  4.444E-01         F               0         Blade 1 Y orientation angle, node 2, rad
        207    2.016E-01, -6.639E-01,  7.201E-01         F               0         Blade 1 Z orientation angle, node 2, rad
        208    8.939E-01, -1.758E-01, -4.124E-01         F               0         Blade 1 X orientation angle, node 3, rad
        209    4.004E-01,  7.268E-01,  5.580E-01         F               0         Blade 1 Y orientation angle, node 3, rad
        210    2.016E-01, -6.639E-01,  7.201E-01         F               0         Blade 1 Z orientation angle, node 3, rad
        211    9.100E-01, -1.450E-01, -3.884E-01         F               0         Blade 1 X orientation angle, node 4, rad
        212    3.623E-01,  7.336E-01,  5.750E-01         F               0         Blade 1 Y orientation angle, node 4, rad
        213    2.016E-01, -6.639E-01,  7.201E-01         F               0         Blade 1 Z orientation angle, node 4, rad
        214    9.215E-01, -1.206E-01, -3.691E-01         F               0         Blade 1 X orientation angle, node 5, rad
        215    3.319E-01,  7.380E-01,  5.875E-01         F               0         Blade 1 Y orientation angle, node 5, rad
        216    2.016E-01, -6.639E-01,  7.201E-01         F               0         Blade 1 Z orientation angle, node 5, rad
        217    9.300E-01, -1.010E-01, -3.534E-01         F               0         Blade 1 X orientation angle, node 6, rad
        218    3.074E-01,  7.409E-01,  5.971E-01         F               0         Blade 1 Y orientation angle, node 6, rad
        219    2.016E-01, -6.639E-01,  7.201E-01         F               0         Blade 1 Z orientation angle, node 6, rad
        220    9.365E-01, -8.477E-02, -3.403E-01         F               0         Blade 1 X orientation angle, node 7, rad
        221    2.870E-01,  7.430E-01,  6.047E-01         F               0         Blade 1 Y orientation angle, node 7, rad
        222    2.016E-01, -6.639E-01,  7.201E-01         F               0         Blade 1 Z orientation angle, node 7, rad
        223    9.415E-01, -7.127E-02, -3.293E-01         F               0         Blade 1 X orientation angle, node 8, rad
        224    2.699E-01,  7.444E-01,  6.107E-01         F               0         Blade 1 Y orientation angle, node 8, rad
        225    2.016E-01, -6.639E-01,  7.201E-01         F               0         Blade 1 Z orientation angle, node 8, rad
        226    9.456E-01, -5.983E-02, -3.199E-01         F               0         Blade 1 X orientation angle, node 9, rad
        227    2.555E-01,  7.454E-01,  6.157E-01         F               0         Blade 1 Y orientation angle, node 9, rad
        228    2.016E-01, -6.639E-01,  7.201E-01         F               0         Blade 1 Z orientation angle, node 9, rad
        229    9.489E-01, -4.994E-02, -3.117E-01         F               0         Blade 1 X orientation angle, node 10, rad
        230    2.429E-01,  7.461E-01,  6.199E-01         F               0         Blade 1 Y orientation angle, node 10, rad
        231    2.016E-01, -6.639E-01,  7.201E-01         F               0         Blade 1 Z orientation angle, node 10, rad
        232    9.516E-01, -4.147E-02, -3.046E-01         F               0         Blade 1 X orientation angle, node 11, rad
        233    2.321E-01,  7.466E-01,  6.234E-01         F               0         Blade 1 Y orientation angle, node 11, rad
        234    2.016E-01, -6.639E-01,  7.201E-01         F               0         Blade 1 Z orientation angle, node 11, rad
        235    9.538E-01, -3.404E-02, -2.984E-01         F               0         Blade 1 X orientation angle, node 12, rad
        236    2.226E-01,  7.470E-01,  6.264E-01         F               0         Blade 1 Y orientation angle, node 12, rad
        237    2.016E-01, -6.639E-01,  7.201E-01         F               0         Blade 1 Z orientation angle, node 12, rad
        238    9.557E-01, -2.752E-02, -2.929E-01         F               0         Blade 1 X orientation angle, node 13, rad
        239    2.143E-01,  7.473E-01,  6.290E-01         F               0         Blade 1 Y orientation angle, node 13, rad
        240    2.016E-01, -6.639E-01,  7.201E-01         F               0         Blade 1 Z orientation angle, node 13, rad
        241    9.574E-01, -2.165E-02, -2.880E-01         F               0         Blade 1 X orientation angle, node 14, rad
        242    2.068E-01,  7.475E-01,  6.313E-01         F               0         Blade 1 Y orientation angle, node 14, rad
        243    2.016E-01, -6.639E-01,  7.201E-01         F               0         Blade 1 Z orientation angle, node 14, rad
        244    9.588E-01, -1.643E-02, -2.836E-01         F               0         Blade 1 X orientation angle, node 15, rad
        245    2.001E-01,  7.476E-01,  6.333E-01         F               0         Blade 1 Y orientation angle, node 15, rad
        246    2.016E-01, -6.639E-01,  7.201E-01         F               0         Blade 1 Z orientation angle, node 15, rad
        247    9.601E-01, -1.174E-02, -2.796E-01         F               0         Blade 1 X orientation angle, node 16, rad
        248    1.941E-01,  7.477E-01,  6.350E-01         F               0         Blade 1 Y orientation angle, node 16, rad
        249    2.016E-01, -6.639E-01,  7.201E-01         F               0         Blade 1 Z orientation angle, node 16, rad
        250    9.611E-01, -7.559E-03, -2.760E-01         F               0         Blade 1 X orientation angle, node 17, rad
        251    1.887E-01,  7.478E-01,  6.366E-01         F               0         Blade 1 Y orientation angle, node 17, rad
        252    2.016E-01, -6.639E-01,  7.201E-01         F               0         Blade 1 Z orientation angle, node 17, rad
        253    9.621E-01, -3.644E-03, -2.727E-01         F               0         Blade 1 X orientation angle, node 18, rad
        254    1.837E-01,  7.478E-01,  6.380E-01         F               0         Blade 1 Y orientation angle, node 18, rad
        255    2.016E-01, -6.639E-01,  7.201E-01         F               0         Blade 1 Z orientation angle, node 18, rad
        256    9.629E-01, -1.197E-04, -2.697E-01         F               0         Blade 1 X orientation angle, node 19, rad
        257    1.791E-01,  7.478E-01,  6.393E-01         F               0         Blade 1 Y orientation angle, node 19, rad
        258    2.016E-01, -6.639E-01,  7.201E-01         F               0         Blade 1 Z orientation angle, node 19, rad
        259    9.637E-01,  3.013E-03, -2.670E-01         F               0         Blade 1 X orientation angle, node 20, rad
        260    1.751E-01,  7.478E-01,  6.404E-01         F               0         Blade 1 Y orientation angle, node 20, rad
        261    2.016E-01, -6.639E-01,  7.201E-01         F               0         Blade 1 Z orientation angle, node 20, rad
        262    9.644E-01,  6.014E-03, -2.644E-01         F               0         Blade 1 X orientation angle, node 21, rad
        263    1.712E-01,  7.478E-01,  6.415E-01         F               0         Blade 1 Y orientation angle, node 21, rad
        264    2.016E-01, -6.639E-01,  7.201E-01         F               0         Blade 1 Z orientation angle, node 21, rad
        265    9.650E-01,  8.755E-03, -2.621E-01         F               0         Blade 1 X orientation angle, node 22, rad
        266    1.677E-01,  7.477E-01,  6.425E-01         F               0         Blade 1 Y orientation angle, node 22, rad
        267    2.016E-01, -6.639E-01,  7.201E-01         F               0         Blade 1 Z orientation angle, node 22, rad
        268    9.656E-01,  1.123E-02, -2.599E-01         F               0         Blade 1 X orientation angle, node 23, rad
        269    1.645E-01,  7.477E-01,  6.433E-01         F               0         Blade 1 Y orientation angle, node 23, rad
        270    2.016E-01, -6.639E-01,  7.201E-01         F               0         Blade 1 Z orientation angle, node 23, rad
        271    9.661E-01,  1.358E-02, -2.579E-01         F               0         Blade 1 X orientation angle, node 24, rad
        272    1.615E-01,  7.477E-01,  6.441E-01         F               0         Blade 1 Y orientation angle, node 24, rad
        273    2.016E-01, -6.639E-01,  7.201E-01         F               0         Blade 1 Z orientation angle, node 24, rad
        274    9.665E-01,  1.580E-02, -2.560E-01         F               0         Blade 1 X orientation angle, node 25, rad
        275    1.586E-01,  7.476E-01,  6.449E-01         F               0         Blade 1 Y orientation angle, node 25, rad
        276    2.016E-01, -6.639E-01,  7.201E-01         F               0         Blade 1 Z orientation angle, node 25, rad
        277    9.670E-01,  1.776E-02, -2.543E-01         F               0         Blade 1 X orientation angle, node 26, rad
        278    1.561E-01,  7.476E-01,  6.456E-01         F               0         Blade 1 Y orientation angle, node 26, rad
        279    2.016E-01, -6.639E-01,  7.201E-01         F               0         Blade 1 Z orientation angle, node 26, rad
        280    9.674E-01,  1.972E-02, -2.526E-01         F               0         Blade 1 X orientation angle, node 27, rad
        281    1.535E-01,  7.475E-01,  6.462E-01         F               0         Blade 1 Y orientation angle, node 27, rad
        282    2.016E-01, -6.639E-01,  7.201E-01         F               0         Blade 1 Z orientation angle, node 27, rad
        283    9.676E-01,  2.076E-02, -2.517E-01         F               0         Blade 1 X orientation angle, node 28, rad
        284    1.522E-01,  7.475E-01,  6.466E-01         F               0         Blade 1 Y orientation angle, node 28, rad
        285    2.016E-01, -6.639E-01,  7.201E-01         F               0         Blade 1 Z orientation angle, node 28, rad
        286   -8.907E-01                                 F               0         Blade 1 X translation velocity, node 1, m/s
        287   -4.241E+00                                 F               0         Blade 1 Y translation velocity, node 1, m/s
        288   -3.738E+00                                 F               0         Blade 1 Z translation velocity, node 1, m/s
        289   -1.105E+00                                 F               0         Blade 1 X translation velocity, node 2, m/s
        290   -5.285E+00                                 F               0         Blade 1 Y translation velocity, node 2, m/s
        291   -4.640E+00                                 F               0         Blade 1 Z translation velocity, node 2, m/s
        292   -4.017E+00                                 F               0         Blade 1 X translation velocity, node 3, m/s
        293   -1.949E+01                                 F               0         Blade 1 Y translation velocity, node 3, m/s
        294   -1.692E+01                                 F               0         Blade 1 Z translation velocity, node 3, m/s
        295   -4.638E+00                                 F               0         Blade 1 X translation velocity, node 4, m/s
        296   -2.251E+01                                 F               0         Blade 1 Y translation velocity, node 4, m/s
        297   -1.953E+01                                 F               0         Blade 1 Z translation velocity, node 4, m/s
        298   -5.259E+00                                 F               0         Blade 1 X translation velocity, node 5, m/s
        299   -2.554E+01                                 F               0         Blade 1 Y translation velocity, node 5, m/s
        300   -2.215E+01                                 F               0         Blade 1 Z translation velocity, node 5, m/s
        301   -5.879E+00                                 F               0         Blade 1 X translation velocity, node 6, m/s
        302   -2.856E+01                                 F               0         Blade 1 Y translation velocity, node 6, m/s
        303   -2.476E+01                                 F               0         Blade 1 Z translation velocity, node 6, m/s
        304   -6.500E+00                                 F               0         Blade 1 X translation velocity, node 7, m/s
        305   -3.159E+01                                 F               0         Blade 1 Y translation velocity, node 7, m/s
        306   -2.738E+01                                 F               0         Blade 1 Z translation velocity, node 7, m/s
        307   -7.120E+00                                 F               0         Blade 1 X translation velocity, node 8, m/s
