
Linearized model: Predictions were generated on 12-Feb-2024 at 18:31:58 using OpenFAST, compiled as a 64-bit application using single precision at commit v3.5.1
 linked with  NWTC Subroutine Library; ElastoDyn; InflowWind; AeroDyn; ServoDyn; HydroDyn; MAP++ (<1.20.10>, <Oct-20-2023>)

Description from the FAST input file: CCT-9 Campign 4 model. Input files to be run with OpenFAST 3.5.0. GitHub branch from Lu Wang (https://github.com/luwang00/openfast/tree/dev) compiled on March 7, 2023.

Simulation information:
   Simulation time:                  1004.2250 s
   Rotor Speed:                         1.0469 rad/s
   Azimuth:                             4.0878 rad
   Wind Speed:                         12.0000 m/s
   Number of continuous states:         0
   Number of discrete states:           0
   Number of constraint states:         0
   Number of inputs:                 1746
   Number of outputs:                   4
   Jacobians included in this file?    No

Order of inputs:
     Column   Operating Point                     Rotating Frame? Derivative Order Description
   ---------- ---------------                     --------------- ---------------- -----------
          1    1.518E+01                                 F               0         Tower X translation displacement, node 1, m
          2   -1.059E+00                                 F               0         Tower Y translation displacement, node 1, m
          3   -4.750E-01                                 F               0         Tower Z translation displacement, node 1, m
          4    1.704E+01                                 F               0         Tower X translation displacement, node 2, m
          5   -1.618E+00                                 F               0         Tower Y translation displacement, node 2, m
          6   -6.290E-01                                 F               0         Tower Z translation displacement, node 2, m
          7    1.890E+01                                 F               0         Tower X translation displacement, node 3, m
          8   -2.177E+00                                 F               0         Tower Y translation displacement, node 3, m
          9   -7.829E-01                                 F               0         Tower Z translation displacement, node 3, m
         10    2.077E+01                                 F               0         Tower X translation displacement, node 4, m
         11   -2.735E+00                                 F               0         Tower Y translation displacement, node 4, m
         12   -9.368E-01                                 F               0         Tower Z translation displacement, node 4, m
         13    2.263E+01                                 F               0         Tower X translation displacement, node 5, m
         14   -3.294E+00                                 F               0         Tower Y translation displacement, node 5, m
         15   -1.091E+00                                 F               0         Tower Z translation displacement, node 5, m
         16    2.449E+01                                 F               0         Tower X translation displacement, node 6, m
         17   -3.853E+00                                 F               0         Tower Y translation displacement, node 6, m
         18   -1.245E+00                                 F               0         Tower Z translation displacement, node 6, m
         19    2.635E+01                                 F               0         Tower X translation displacement, node 7, m
         20   -4.411E+00                                 F               0         Tower Y translation displacement, node 7, m
         21   -1.399E+00                                 F               0         Tower Z translation displacement, node 7, m
         22    2.822E+01                                 F               0         Tower X translation displacement, node 8, m
         23   -4.970E+00                                 F               0         Tower Y translation displacement, node 8, m
         24   -1.553E+00                                 F               0         Tower Z translation displacement, node 8, m
         25    3.008E+01                                 F               0         Tower X translation displacement, node 9, m
         26   -5.528E+00                                 F               0         Tower Y translation displacement, node 9, m
         27   -1.707E+00                                 F               0         Tower Z translation displacement, node 9, m
         28    3.194E+01                                 F               0         Tower X translation displacement, node 10, m
         29   -6.087E+00                                 F               0         Tower Y translation displacement, node 10, m
         30   -1.860E+00                                 F               0         Tower Z translation displacement, node 10, m
         31    3.380E+01                                 F               0         Tower X translation displacement, node 11, m
         32   -6.646E+00                                 F               0         Tower Y translation displacement, node 11, m
         33   -2.014E+00                                 F               0         Tower Z translation displacement, node 11, m
         34    9.885E-01,  1.485E-02, -1.502E-01         F               0         Tower X orientation angle, node 1, rad
         35   -7.874E-03,  9.989E-01,  4.694E-02         F               0         Tower Y orientation angle, node 1, rad
         36    1.507E-01, -4.522E-02,  9.875E-01         F               0         Tower Z orientation angle, node 1, rad
         37    9.885E-01,  1.485E-02, -1.502E-01         F               0         Tower X orientation angle, node 2, rad
         38   -7.874E-03,  9.989E-01,  4.694E-02         F               0         Tower Y orientation angle, node 2, rad
         39    1.507E-01, -4.522E-02,  9.875E-01         F               0         Tower Z orientation angle, node 2, rad
         40    9.885E-01,  1.485E-02, -1.502E-01         F               0         Tower X orientation angle, node 3, rad
         41   -7.874E-03,  9.989E-01,  4.694E-02         F               0         Tower Y orientation angle, node 3, rad
         42    1.507E-01, -4.522E-02,  9.875E-01         F               0         Tower Z orientation angle, node 3, rad
         43    9.885E-01,  1.485E-02, -1.502E-01         F               0         Tower X orientation angle, node 4, rad
         44   -7.874E-03,  9.989E-01,  4.694E-02         F               0         Tower Y orientation angle, node 4, rad
         45    1.507E-01, -4.522E-02,  9.875E-01         F               0         Tower Z orientation angle, node 4, rad
         46    9.885E-01,  1.485E-02, -1.502E-01         F               0         Tower X orientation angle, node 5, rad
         47   -7.874E-03,  9.989E-01,  4.694E-02         F               0         Tower Y orientation angle, node 5, rad
         48    1.507E-01, -4.522E-02,  9.875E-01         F               0         Tower Z orientation angle, node 5, rad
         49    9.885E-01,  1.485E-02, -1.502E-01         F               0         Tower X orientation angle, node 6, rad
         50   -7.874E-03,  9.989E-01,  4.694E-02         F               0         Tower Y orientation angle, node 6, rad
         51    1.507E-01, -4.522E-02,  9.875E-01         F               0         Tower Z orientation angle, node 6, rad
         52    9.885E-01,  1.485E-02, -1.502E-01         F               0         Tower X orientation angle, node 7, rad
         53   -7.874E-03,  9.989E-01,  4.694E-02         F               0         Tower Y orientation angle, node 7, rad
         54    1.507E-01, -4.522E-02,  9.875E-01         F               0         Tower Z orientation angle, node 7, rad
         55    9.885E-01,  1.485E-02, -1.502E-01         F               0         Tower X orientation angle, node 8, rad
         56   -7.874E-03,  9.989E-01,  4.694E-02         F               0         Tower Y orientation angle, node 8, rad
         57    1.507E-01, -4.522E-02,  9.875E-01         F               0         Tower Z orientation angle, node 8, rad
         58    9.885E-01,  1.485E-02, -1.502E-01         F               0         Tower X orientation angle, node 9, rad
         59   -7.874E-03,  9.989E-01,  4.694E-02         F               0         Tower Y orientation angle, node 9, rad
         60    1.507E-01, -4.522E-02,  9.875E-01         F               0         Tower Z orientation angle, node 9, rad
         61    9.885E-01,  1.485E-02, -1.502E-01         F               0         Tower X orientation angle, node 10, rad
         62   -7.874E-03,  9.989E-01,  4.694E-02         F               0         Tower Y orientation angle, node 10, rad
         63    1.507E-01, -4.522E-02,  9.875E-01         F               0         Tower Z orientation angle, node 10, rad
         64    9.885E-01,  1.485E-02, -1.502E-01         F               0         Tower X orientation angle, node 11, rad
         65   -7.874E-03,  9.989E-01,  4.694E-02         F               0         Tower Y orientation angle, node 11, rad
         66    1.507E-01, -4.522E-02,  9.875E-01         F               0         Tower Z orientation angle, node 11, rad
         67   -3.968E-04                                 F               0         Tower X translation velocity, node 1, m/s
         68    1.989E-03                                 F               0         Tower Y translation velocity, node 1, m/s
         69    3.199E-03                                 F               0         Tower Z translation velocity, node 1, m/s
         70   -7.504E-04                                 F               0         Tower X translation velocity, node 2, m/s
         71    3.498E-03                                 F               0         Tower Y translation velocity, node 2, m/s
         72    3.322E-03                                 F               0         Tower Z translation velocity, node 2, m/s
         73   -1.104E-03                                 F               0         Tower X translation velocity, node 3, m/s
         74    5.008E-03                                 F               0         Tower Y translation velocity, node 3, m/s
         75    3.445E-03                                 F               0         Tower Z translation velocity, node 3, m/s
         76   -1.458E-03                                 F               0         Tower X translation velocity, node 4, m/s
         77    6.517E-03                                 F               0         Tower Y translation velocity, node 4, m/s
         78    3.568E-03                                 F               0         Tower Z translation velocity, node 4, m/s
         79   -1.811E-03                                 F               0         Tower X translation velocity, node 5, m/s
         80    8.026E-03                                 F               0         Tower Y translation velocity, node 5, m/s
         81    3.692E-03                                 F               0         Tower Z translation velocity, node 5, m/s
         82   -2.165E-03                                 F               0         Tower X translation velocity, node 6, m/s
         83    9.535E-03                                 F               0         Tower Y translation velocity, node 6, m/s
         84    3.815E-03                                 F               0         Tower Z translation velocity, node 6, m/s
         85   -2.519E-03                                 F               0         Tower X translation velocity, node 7, m/s
         86    1.104E-02                                 F               0         Tower Y translation velocity, node 7, m/s
         87    3.938E-03                                 F               0         Tower Z translation velocity, node 7, m/s
         88   -2.872E-03                                 F               0         Tower X translation velocity, node 8, m/s
         89    1.255E-02                                 F               0         Tower Y translation velocity, node 8, m/s
         90    4.061E-03                                 F               0         Tower Z translation velocity, node 8, m/s
         91   -3.226E-03                                 F               0         Tower X translation velocity, node 9, m/s
         92    1.406E-02                                 F               0         Tower Y translation velocity, node 9, m/s
         93    4.184E-03                                 F               0         Tower Z translation velocity, node 9, m/s
         94   -3.580E-03                                 F               0         Tower X translation velocity, node 10, m/s
         95    1.557E-02                                 F               0         Tower Y translation velocity, node 10, m/s
         96    4.307E-03                                 F               0         Tower Z translation velocity, node 10, m/s
         97   -3.933E-03                                 F               0         Tower X translation velocity, node 11, m/s
         98    1.708E-02                                 F               0         Tower Y translation velocity, node 11, m/s
         99    4.430E-03                                 F               0         Tower Z translation velocity, node 11, m/s
        100    3.511E+01                                 F               0         Hub X translation displacement, node 1, m
        101   -7.161E+00                                 F               0         Hub Y translation displacement, node 1, m
        102   -4.899E-01                                 F               0         Hub Z translation displacement, node 1, m
        103    9.674E-01,  1.950E-02, -2.526E-01         F               0         Hub X orientation angle, node 1, rad
        104   -2.008E-01, -5.489E-01, -8.114E-01         F               0         Hub Y orientation angle, node 1, rad
        105   -1.545E-01,  8.357E-01, -5.271E-01         F               0         Hub Z orientation angle, node 1, rad
        106    1.013E+00                                 F               0         Hub X rotation velocity, node 1, rad/s
        107    2.037E-02                                 F               0         Hub Y rotation velocity, node 1, rad/s
        108   -2.643E-01                                 F               0         Hub Z rotation velocity, node 1, rad/s
        109    9.729E-01,  3.577E-02, -2.284E-01         F               0         Blade root 1 X orientation angle, node 1, rad
        110   -1.720E-01, -5.481E-01, -8.185E-01         F               0         Blade root 1 Y orientation angle, node 1, rad
        111   -1.545E-01,  8.357E-01, -5.271E-01         F               0         Blade root 1 Z orientation angle, node 1, rad
        112    9.679E-01, -1.012E-02, -2.510E-01         F               0         Blade root 2 X orientation angle, node 1, rad
        113   -4.660E-03,  9.983E-01, -5.824E-02         F               0         Blade root 2 Y orientation angle, node 1, rad
        114    2.511E-01,  5.754E-02,  9.662E-01         F               0         Blade root 2 Z orientation angle, node 1, rad
        115    9.600E-01,  3.281E-02, -2.781E-01         F               0         Blade root 3 X orientation angle, node 1, rad
        116    2.628E-01, -4.485E-01,  8.543E-01         F               0         Blade root 3 Y orientation angle, node 1, rad
        117   -9.667E-02, -8.932E-01, -4.392E-01         F               0         Blade root 3 Z orientation angle, node 1, rad
        118    3.367E+01                                 F               0         Blade 1 X translation displacement, node 1, m
        119   -2.532E+00                                 F               0         Blade 1 Y translation displacement, node 1, m
        120   -8.920E+00                                 F               0         Blade 1 Z translation displacement, node 1, m
        121    3.333E+01                                 F               0         Blade 1 X translation displacement, node 2, m
        122   -1.416E+00                                 F               0         Blade 1 Y translation displacement, node 2, m
        123   -1.095E+01                                 F               0         Blade 1 Z translation displacement, node 2, m
        124    2.863E+01                                 F               0         Blade 1 X translation displacement, node 3, m
        125    1.375E+01                                 F               0         Blade 1 Y translation displacement, node 3, m
        126   -3.857E+01                                 F               0         Blade 1 Z translation displacement, node 3, m
        127    2.763E+01                                 F               0         Blade 1 X translation displacement, node 4, m
        128    1.698E+01                                 F               0         Blade 1 Y translation displacement, node 4, m
        129   -4.446E+01                                 F               0         Blade 1 Z translation displacement, node 4, m
        130    2.662E+01                                 F               0         Blade 1 X translation displacement, node 5, m
        131    2.022E+01                                 F               0         Blade 1 Y translation displacement, node 5, m
        132   -5.034E+01                                 F               0         Blade 1 Z translation displacement, node 5, m
        133    2.562E+01                                 F               0         Blade 1 X translation displacement, node 6, m
        134    2.345E+01                                 F               0         Blade 1 Y translation displacement, node 6, m
        135   -5.623E+01                                 F               0         Blade 1 Z translation displacement, node 6, m
        136    2.462E+01                                 F               0         Blade 1 X translation displacement, node 7, m
        137    2.668E+01                                 F               0         Blade 1 Y translation displacement, node 7, m
        138   -6.211E+01                                 F               0         Blade 1 Z translation displacement, node 7, m
        139    2.362E+01                                 F               0         Blade 1 X translation displacement, node 8, m
        140    2.991E+01                                 F               0         Blade 1 Y translation displacement, node 8, m
        141   -6.800E+01                                 F               0         Blade 1 Z translation displacement, node 8, m
        142    2.262E+01                                 F               0         Blade 1 X translation displacement, node 9, m
        143    3.315E+01                                 F               0         Blade 1 Y translation displacement, node 9, m
        144   -7.388E+01                                 F               0         Blade 1 Z translation displacement, node 9, m
        145    2.162E+01                                 F               0         Blade 1 X translation displacement, node 10, m
        146    3.638E+01                                 F               0         Blade 1 Y translation displacement, node 10, m
        147   -7.977E+01                                 F               0         Blade 1 Z translation displacement, node 10, m
        148    2.061E+01                                 F               0         Blade 1 X translation displacement, node 11, m
        149    3.961E+01                                 F               0         Blade 1 Y translation displacement, node 11, m
        150   -8.565E+01                                 F               0         Blade 1 Z translation displacement, node 11, m
        151    1.961E+01                                 F               0         Blade 1 X translation displacement, node 12, m
        152    4.284E+01                                 F               0         Blade 1 Y translation displacement, node 12, m
        153   -9.154E+01                                 F               0         Blade 1 Z translation displacement, node 12, m
        154    1.861E+01                                 F               0         Blade 1 X translation displacement, node 13, m
        155    4.607E+01                                 F               0         Blade 1 Y translation displacement, node 13, m
        156   -9.742E+01                                 F               0         Blade 1 Z translation displacement, node 13, m
        157    1.761E+01                                 F               0         Blade 1 X translation displacement, node 14, m
        158    4.931E+01                                 F               0         Blade 1 Y translation displacement, node 14, m
        159   -1.033E+02                                 F               0         Blade 1 Z translation displacement, node 14, m
        160    1.661E+01                                 F               0         Blade 1 X translation displacement, node 15, m
        161    5.254E+01                                 F               0         Blade 1 Y translation displacement, node 15, m
        162   -1.092E+02                                 F               0         Blade 1 Z translation displacement, node 15, m
        163    1.560E+01                                 F               0         Blade 1 X translation displacement, node 16, m
        164    5.577E+01                                 F               0         Blade 1 Y translation displacement, node 16, m
        165   -1.151E+02                                 F               0         Blade 1 Z translation displacement, node 16, m
        166    1.460E+01                                 F               0         Blade 1 X translation displacement, node 17, m
        167    5.900E+01                                 F               0         Blade 1 Y translation displacement, node 17, m
        168   -1.210E+02                                 F               0         Blade 1 Z translation displacement, node 17, m
        169    1.360E+01                                 F               0         Blade 1 X translation displacement, node 18, m
        170    6.223E+01                                 F               0         Blade 1 Y translation displacement, node 18, m
        171   -1.268E+02                                 F               0         Blade 1 Z translation displacement, node 18, m
        172    1.260E+01                                 F               0         Blade 1 X translation displacement, node 19, m
        173    6.547E+01                                 F               0         Blade 1 Y translation displacement, node 19, m
        174   -1.327E+02                                 F               0         Blade 1 Z translation displacement, node 19, m
        175    1.160E+01                                 F               0         Blade 1 X translation displacement, node 20, m
        176    6.870E+01                                 F               0         Blade 1 Y translation displacement, node 20, m
        177   -1.386E+02                                 F               0         Blade 1 Z translation displacement, node 20, m
        178    1.060E+01                                 F               0         Blade 1 X translation displacement, node 21, m
        179    7.193E+01                                 F               0         Blade 1 Y translation displacement, node 21, m
        180   -1.445E+02                                 F               0         Blade 1 Z translation displacement, node 21, m
        181    9.594E+00                                 F               0         Blade 1 X translation displacement, node 22, m
        182    7.516E+01                                 F               0         Blade 1 Y translation displacement, node 22, m
        183   -1.504E+02                                 F               0         Blade 1 Z translation displacement, node 22, m
        184    8.592E+00                                 F               0         Blade 1 X translation displacement, node 23, m
        185    7.839E+01                                 F               0         Blade 1 Y translation displacement, node 23, m
        186   -1.563E+02                                 F               0         Blade 1 Z translation displacement, node 23, m
        187    7.591E+00                                 F               0         Blade 1 X translation displacement, node 24, m
        188    8.163E+01                                 F               0         Blade 1 Y translation displacement, node 24, m
        189   -1.622E+02                                 F               0         Blade 1 Z translation displacement, node 24, m
        190    6.589E+00                                 F               0         Blade 1 X translation displacement, node 25, m
        191    8.486E+01                                 F               0         Blade 1 Y translation displacement, node 25, m
        192   -1.680E+02                                 F               0         Blade 1 Z translation displacement, node 25, m
        193    5.587E+00                                 F               0         Blade 1 X translation displacement, node 26, m
        194    8.809E+01                                 F               0         Blade 1 Y translation displacement, node 26, m
        195   -1.739E+02                                 F               0         Blade 1 Z translation displacement, node 26, m
        196    4.586E+00                                 F               0         Blade 1 X translation displacement, node 27, m
        197    9.132E+01                                 F               0         Blade 1 Y translation displacement, node 27, m
        198   -1.798E+02                                 F               0         Blade 1 Z translation displacement, node 27, m
        199    3.736E+00                                 F               0         Blade 1 X translation displacement, node 28, m
        200    9.406E+01                                 F               0         Blade 1 Y translation displacement, node 28, m
        201   -1.848E+02                                 F               0         Blade 1 Z translation displacement, node 28, m
        202    9.443E-01,  2.818E-01,  1.700E-01         F               0         Blade 1 X orientation angle, node 1, rad
        203    2.906E-01, -4.715E-01, -8.326E-01         F               0         Blade 1 Y orientation angle, node 1, rad
        204   -1.545E-01,  8.357E-01, -5.271E-01         F               0         Blade 1 Z orientation angle, node 1, rad
        205    9.443E-01,  2.818E-01,  1.700E-01         F               0         Blade 1 X orientation angle, node 2, rad
        206    2.906E-01, -4.715E-01, -8.326E-01         F               0         Blade 1 Y orientation angle, node 2, rad
        207   -1.545E-01,  8.357E-01, -5.271E-01         F               0         Blade 1 Z orientation angle, node 2, rad
        208    9.863E-01,  1.620E-01, -3.221E-02         F               0         Blade 1 X orientation angle, node 3, rad
        209    5.847E-02, -5.248E-01, -8.492E-01         F               0         Blade 1 Y orientation angle, node 3, rad
        210   -1.545E-01,  8.357E-01, -5.271E-01         F               0         Blade 1 Z orientation angle, node 3, rad
        211    9.879E-01,  1.397E-01, -6.804E-02         F               0         Blade 1 X orientation angle, node 4, rad
        212    1.677E-02, -5.312E-01, -8.471E-01         F               0         Blade 1 Y orientation angle, node 4, rad
        213   -1.545E-01,  8.357E-01, -5.271E-01         F               0         Blade 1 Z orientation angle, node 4, rad
        214    9.879E-01,  1.220E-01, -9.609E-02         F               0         Blade 1 X orientation angle, node 5, rad
        215   -1.599E-02, -5.355E-01, -8.444E-01         F               0         Blade 1 Y orientation angle, node 5, rad
        216   -1.545E-01,  8.357E-01, -5.271E-01         F               0         Blade 1 Z orientation angle, node 5, rad
        217    9.871E-01,  1.078E-01, -1.185E-01         F               0         Blade 1 X orientation angle, node 6, rad
        218   -4.219E-02, -5.386E-01, -8.415E-01         F               0         Blade 1 Y orientation angle, node 6, rad
        219   -1.545E-01,  8.357E-01, -5.271E-01         F               0         Blade 1 Z orientation angle, node 6, rad
        220    9.859E-01,  9.598E-02, -1.368E-01         F               0         Blade 1 X orientation angle, node 7, rad
        221   -6.371E-02, -5.408E-01, -8.387E-01         F               0         Blade 1 Y orientation angle, node 7, rad
        222   -1.545E-01,  8.357E-01, -5.271E-01         F               0         Blade 1 Z orientation angle, node 7, rad
        223    9.846E-01,  8.615E-02, -1.520E-01         F               0         Blade 1 X orientation angle, node 8, rad
        224   -8.160E-02, -5.425E-01, -8.361E-01         F               0         Blade 1 Y orientation angle, node 8, rad
        225   -1.545E-01,  8.357E-01, -5.271E-01         F               0         Blade 1 Z orientation angle, node 8, rad
        226    9.833E-01,  7.781E-02, -1.648E-01         F               0         Blade 1 X orientation angle, node 9, rad
        227   -9.671E-02, -5.437E-01, -8.337E-01         F               0         Blade 1 Y orientation angle, node 9, rad
        228   -1.545E-01,  8.357E-01, -5.271E-01         F               0         Blade 1 Z orientation angle, node 9, rad
        229    9.819E-01,  7.059E-02, -1.758E-01         F               0         Blade 1 X orientation angle, node 10, rad
        230   -1.097E-01, -5.447E-01, -8.314E-01         F               0         Blade 1 Y orientation angle, node 10, rad
        231   -1.545E-01,  8.357E-01, -5.271E-01         F               0         Blade 1 Z orientation angle, node 10, rad
        232    9.806E-01,  6.441E-02, -1.853E-01         F               0         Blade 1 X orientation angle, node 11, rad
        233   -1.209E-01, -5.455E-01, -8.294E-01         F               0         Blade 1 Y orientation angle, node 11, rad
        234   -1.545E-01,  8.357E-01, -5.271E-01         F               0         Blade 1 Z orientation angle, node 11, rad
        235    9.793E-01,  5.898E-02, -1.935E-01         F               0         Blade 1 X orientation angle, node 12, rad
        236   -1.306E-01, -5.461E-01, -8.275E-01         F               0         Blade 1 Y orientation angle, node 12, rad
        237   -1.545E-01,  8.357E-01, -5.271E-01         F               0         Blade 1 Z orientation angle, node 12, rad
        238    9.781E-01,  5.421E-02, -2.007E-01         F               0         Blade 1 X orientation angle, node 13, rad
        239   -1.392E-01, -5.466E-01, -8.258E-01         F               0         Blade 1 Y orientation angle, node 13, rad
        240   -1.545E-01,  8.357E-01, -5.271E-01         F               0         Blade 1 Z orientation angle, node 13, rad
        241    9.770E-01,  4.992E-02, -2.072E-01         F               0         Blade 1 X orientation angle, node 14, rad
        242   -1.468E-01, -5.470E-01, -8.242E-01         F               0         Blade 1 Y orientation angle, node 14, rad
        243   -1.545E-01,  8.357E-01, -5.271E-01         F               0         Blade 1 Z orientation angle, node 14, rad
        244    9.760E-01,  4.610E-02, -2.130E-01         F               0         Blade 1 X orientation angle, node 15, rad
        245   -1.537E-01, -5.473E-01, -8.227E-01         F               0         Blade 1 Y orientation angle, node 15, rad
        246   -1.545E-01,  8.357E-01, -5.271E-01         F               0         Blade 1 Z orientation angle, node 15, rad
        247    9.750E-01,  4.266E-02, -2.181E-01         F               0         Blade 1 X orientation angle, node 16, rad
        248   -1.598E-01, -5.476E-01, -8.213E-01         F               0         Blade 1 Y orientation angle, node 16, rad
        249   -1.545E-01,  8.357E-01, -5.271E-01         F               0         Blade 1 Z orientation angle, node 16, rad
        250    9.741E-01,  3.960E-02, -2.227E-01         F               0         Blade 1 X orientation angle, node 17, rad
        251   -1.652E-01, -5.478E-01, -8.201E-01         F               0         Blade 1 Y orientation angle, node 17, rad
        252   -1.545E-01,  8.357E-01, -5.271E-01         F               0         Blade 1 Z orientation angle, node 17, rad
        253    9.732E-01,  3.673E-02, -2.270E-01         F               0         Blade 1 X orientation angle, node 18, rad
        254   -1.703E-01, -5.480E-01, -8.189E-01         F               0         Blade 1 Y orientation angle, node 18, rad
        255   -1.545E-01,  8.357E-01, -5.271E-01         F               0         Blade 1 Z orientation angle, node 18, rad
        256    9.724E-01,  3.414E-02, -2.308E-01         F               0         Blade 1 X orientation angle, node 19, rad
        257   -1.749E-01, -5.482E-01, -8.179E-01         F               0         Blade 1 Y orientation angle, node 19, rad
        258   -1.545E-01,  8.357E-01, -5.271E-01         F               0         Blade 1 Z orientation angle, node 19, rad
        259    9.716E-01,  3.185E-02, -2.343E-01         F               0         Blade 1 X orientation angle, node 20, rad
        260   -1.790E-01, -5.483E-01, -8.169E-01         F               0         Blade 1 Y orientation angle, node 20, rad
        261   -1.545E-01,  8.357E-01, -5.271E-01         F               0         Blade 1 Z orientation angle, node 20, rad
        262    9.709E-01,  2.965E-02, -2.376E-01         F               0         Blade 1 X orientation angle, node 21, rad
        263   -1.829E-01, -5.485E-01, -8.159E-01         F               0         Blade 1 Y orientation angle, node 21, rad
        264   -1.545E-01,  8.357E-01, -5.271E-01         F               0         Blade 1 Z orientation angle, node 21, rad
        265    9.702E-01,  2.764E-02, -2.405E-01         F               0         Blade 1 X orientation angle, node 22, rad
        266   -1.864E-01, -5.486E-01, -8.151E-01         F               0         Blade 1 Y orientation angle, node 22, rad
        267   -1.545E-01,  8.357E-01, -5.271E-01         F               0         Blade 1 Z orientation angle, node 22, rad
        268    9.696E-01,  2.582E-02, -2.432E-01         F               0         Blade 1 X orientation angle, node 23, rad
        269   -1.897E-01, -5.486E-01, -8.143E-01         F               0         Blade 1 Y orientation angle, node 23, rad
        270   -1.545E-01,  8.357E-01, -5.271E-01         F               0         Blade 1 Z orientation angle, node 23, rad
        271    9.690E-01,  2.409E-02, -2.458E-01         F               0         Blade 1 X orientation angle, node 24, rad
        272   -1.927E-01, -5.487E-01, -8.135E-01         F               0         Blade 1 Y orientation angle, node 24, rad
        273   -1.545E-01,  8.357E-01, -5.271E-01         F               0         Blade 1 Z orientation angle, node 24, rad
        274    9.684E-01,  2.247E-02, -2.482E-01         F               0         Blade 1 X orientation angle, node 25, rad
        275   -1.956E-01, -5.488E-01, -8.128E-01         F               0         Blade 1 Y orientation angle, node 25, rad
        276   -1.545E-01,  8.357E-01, -5.271E-01         F               0         Blade 1 Z orientation angle, node 25, rad
        277    9.679E-01,  2.103E-02, -2.503E-01         F               0         Blade 1 X orientation angle, node 26, rad
        278   -1.981E-01, -5.489E-01, -8.121E-01         F               0         Blade 1 Y orientation angle, node 26, rad
        279   -1.545E-01,  8.357E-01, -5.271E-01         F               0         Blade 1 Z orientation angle, node 26, rad
        280    9.674E-01,  1.959E-02, -2.525E-01         F               0         Blade 1 X orientation angle, node 27, rad
        281   -2.006E-01, -5.489E-01, -8.114E-01         F               0         Blade 1 Y orientation angle, node 27, rad
        282   -1.545E-01,  8.357E-01, -5.271E-01         F               0         Blade 1 Z orientation angle, node 27, rad
        283    9.671E-01,  1.883E-02, -2.536E-01         F               0         Blade 1 X orientation angle, node 28, rad
        284   -2.020E-01, -5.489E-01, -8.111E-01         F               0         Blade 1 Y orientation angle, node 28, rad
        285   -1.545E-01,  8.357E-01, -5.271E-01         F               0         Blade 1 Z orientation angle, node 28, rad
        286    1.160E+00                                 F               0         Blade 1 X translation velocity, node 1, m/s
        287    3.200E+00                                 F               0         Blade 1 Y translation velocity, node 1, m/s
        288    4.709E+00                                 F               0         Blade 1 Z translation velocity, node 1, m/s
        289    1.440E+00                                 F               0         Blade 1 X translation velocity, node 2, m/s
        290    3.967E+00                                 F               0         Blade 1 Y translation velocity, node 2, m/s
        291    5.843E+00                                 F               0         Blade 1 Z translation velocity, node 2, m/s
        292    5.255E+00                                 F               0         Blade 1 X translation velocity, node 3, m/s
        293    1.440E+01                                 F               0         Blade 1 Y translation velocity, node 3, m/s
        294    2.126E+01                                 F               0         Blade 1 Z translation velocity, node 3, m/s
        295    6.067E+00                                 F               0         Blade 1 X translation velocity, node 4, m/s
        296    1.662E+01                                 F               0         Blade 1 Y translation velocity, node 4, m/s
        297    2.455E+01                                 F               0         Blade 1 Z translation velocity, node 4, m/s
        298    6.880E+00                                 F               0         Blade 1 X translation velocity, node 5, m/s
        299    1.884E+01                                 F               0         Blade 1 Y translation velocity, node 5, m/s
        300    2.783E+01                                 F               0         Blade 1 Z translation velocity, node 5, m/s
        301    7.693E+00                                 F               0         Blade 1 X translation velocity, node 6, m/s
        302    2.106E+01                                 F               0         Blade 1 Y translation velocity, node 6, m/s
        303    3.112E+01                                 F               0         Blade 1 Z translation velocity, node 6, m/s
        304    8.505E+00                                 F               0         Blade 1 X translation velocity, node 7, m/s
        305    2.329E+01                                 F               0         Blade 1 Y translation velocity, node 7, m/s
        306    3.440E+01                                 F               0         Blade 1 Z translation velocity, node 7, m/s
        307    9.318E+00                                 F               0         Blade 1 X translation velocity, node 8, m/s
