
Linearized model: Predictions were generated on 12-Feb-2024 at 18:31:58 using OpenFAST, compiled as a 64-bit application using single precision at commit v3.5.1
 linked with  NWTC Subroutine Library; ElastoDyn; InflowWind; AeroDyn; ServoDyn; HydroDyn; MAP++ (<1.20.10>, <Oct-20-2023>)

Description from the FAST input file: CCT-9 Campign 4 model. Input files to be run with OpenFAST 3.5.0. GitHub branch from Lu Wang (https://github.com/luwang00/openfast/tree/dev) compiled on March 7, 2023.

Simulation information:
   Simulation time:                  1002.7500 s
   Rotor Speed:                         1.0464 rad/s
   Azimuth:                             2.5439 rad
   Wind Speed:                         12.0000 m/s
   Number of continuous states:         0
   Number of discrete states:           0
   Number of constraint states:         0
   Number of inputs:                 1746
   Number of outputs:                   4
   Jacobians included in this file?    No

Order of inputs:
     Column   Operating Point                     Rotating Frame? Derivative Order Description
   ---------- ---------------                     --------------- ---------------- -----------
          1    1.518E+01                                 F               0         Tower X translation displacement, node 1, m
          2   -1.059E+00                                 F               0         Tower Y translation displacement, node 1, m
          3   -4.784E-01                                 F               0         Tower Z translation displacement, node 1, m
          4    1.704E+01                                 F               0         Tower X translation displacement, node 2, m
          5   -1.618E+00                                 F               0         Tower Y translation displacement, node 2, m
          6   -6.324E-01                                 F               0         Tower Z translation displacement, node 2, m
          7    1.891E+01                                 F               0         Tower X translation displacement, node 3, m
          8   -2.176E+00                                 F               0         Tower Y translation displacement, node 3, m
          9   -7.864E-01                                 F               0         Tower Z translation displacement, node 3, m
         10    2.077E+01                                 F               0         Tower X translation displacement, node 4, m
         11   -2.735E+00                                 F               0         Tower Y translation displacement, node 4, m
         12   -9.404E-01                                 F               0         Tower Z translation displacement, node 4, m
         13    2.263E+01                                 F               0         Tower X translation displacement, node 5, m
         14   -3.294E+00                                 F               0         Tower Y translation displacement, node 5, m
         15   -1.094E+00                                 F               0         Tower Z translation displacement, node 5, m
         16    2.450E+01                                 F               0         Tower X translation displacement, node 6, m
         17   -3.852E+00                                 F               0         Tower Y translation displacement, node 6, m
         18   -1.248E+00                                 F               0         Tower Z translation displacement, node 6, m
         19    2.636E+01                                 F               0         Tower X translation displacement, node 7, m
         20   -4.411E+00                                 F               0         Tower Y translation displacement, node 7, m
         21   -1.402E+00                                 F               0         Tower Z translation displacement, node 7, m
         22    2.822E+01                                 F               0         Tower X translation displacement, node 8, m
         23   -4.969E+00                                 F               0         Tower Y translation displacement, node 8, m
         24   -1.557E+00                                 F               0         Tower Z translation displacement, node 8, m
         25    3.008E+01                                 F               0         Tower X translation displacement, node 9, m
         26   -5.528E+00                                 F               0         Tower Y translation displacement, node 9, m
         27   -1.711E+00                                 F               0         Tower Z translation displacement, node 9, m
         28    3.195E+01                                 F               0         Tower X translation displacement, node 10, m
         29   -6.087E+00                                 F               0         Tower Y translation displacement, node 10, m
         30   -1.865E+00                                 F               0         Tower Z translation displacement, node 10, m
         31    3.381E+01                                 F               0         Tower X translation displacement, node 11, m
         32   -6.645E+00                                 F               0         Tower Y translation displacement, node 11, m
         33   -2.019E+00                                 F               0         Tower Z translation displacement, node 11, m
         34    9.885E-01,  1.469E-02, -1.503E-01         F               0         Tower X orientation angle, node 1, rad
         35   -7.713E-03,  9.989E-01,  4.691E-02         F               0         Tower Y orientation angle, node 1, rad
         36    1.508E-01, -4.522E-02,  9.875E-01         F               0         Tower Z orientation angle, node 1, rad
         37    9.885E-01,  1.469E-02, -1.503E-01         F               0         Tower X orientation angle, node 2, rad
         38   -7.713E-03,  9.989E-01,  4.691E-02         F               0         Tower Y orientation angle, node 2, rad
         39    1.508E-01, -4.522E-02,  9.875E-01         F               0         Tower Z orientation angle, node 2, rad
         40    9.885E-01,  1.469E-02, -1.503E-01         F               0         Tower X orientation angle, node 3, rad
         41   -7.713E-03,  9.989E-01,  4.691E-02         F               0         Tower Y orientation angle, node 3, rad
         42    1.508E-01, -4.522E-02,  9.875E-01         F               0         Tower Z orientation angle, node 3, rad
         43    9.885E-01,  1.469E-02, -1.503E-01         F               0         Tower X orientation angle, node 4, rad
         44   -7.713E-03,  9.989E-01,  4.691E-02         F               0         Tower Y orientation angle, node 4, rad
         45    1.508E-01, -4.522E-02,  9.875E-01         F               0         Tower Z orientation angle, node 4, rad
         46    9.885E-01,  1.469E-02, -1.503E-01         F               0         Tower X orientation angle, node 5, rad
         47   -7.713E-03,  9.989E-01,  4.691E-02         F               0         Tower Y orientation angle, node 5, rad
         48    1.508E-01, -4.522E-02,  9.875E-01         F               0         Tower Z orientation angle, node 5, rad
         49    9.885E-01,  1.469E-02, -1.503E-01         F               0         Tower X orientation angle, node 6, rad
         50   -7.713E-03,  9.989E-01,  4.691E-02         F               0         Tower Y orientation angle, node 6, rad
         51    1.508E-01, -4.522E-02,  9.875E-01         F               0         Tower Z orientation angle, node 6, rad
         52    9.885E-01,  1.469E-02, -1.503E-01         F               0         Tower X orientation angle, node 7, rad
         53   -7.713E-03,  9.989E-01,  4.691E-02         F               0         Tower Y orientation angle, node 7, rad
         54    1.508E-01, -4.522E-02,  9.875E-01         F               0         Tower Z orientation angle, node 7, rad
         55    9.885E-01,  1.469E-02, -1.503E-01         F               0         Tower X orientation angle, node 8, rad
         56   -7.713E-03,  9.989E-01,  4.691E-02         F               0         Tower Y orientation angle, node 8, rad
         57    1.508E-01, -4.522E-02,  9.875E-01         F               0         Tower Z orientation angle, node 8, rad
         58    9.885E-01,  1.469E-02, -1.503E-01         F               0         Tower X orientation angle, node 9, rad
         59   -7.713E-03,  9.989E-01,  4.691E-02         F               0         Tower Y orientation angle, node 9, rad
         60    1.508E-01, -4.522E-02,  9.875E-01         F               0         Tower Z orientation angle, node 9, rad
         61    9.885E-01,  1.469E-02, -1.503E-01         F               0         Tower X orientation angle, node 10, rad
         62   -7.713E-03,  9.989E-01,  4.691E-02         F               0         Tower Y orientation angle, node 10, rad
         63    1.508E-01, -4.522E-02,  9.875E-01         F               0         Tower Z orientation angle, node 10, rad
         64    9.885E-01,  1.469E-02, -1.503E-01         F               0         Tower X orientation angle, node 11, rad
         65   -7.713E-03,  9.989E-01,  4.691E-02         F               0         Tower Y orientation angle, node 11, rad
         66    1.508E-01, -4.522E-02,  9.875E-01         F               0         Tower Z orientation angle, node 11, rad
         67   -4.646E-04                                 F               0         Tower X translation velocity, node 1, m/s
         68   -1.651E-03                                 F               0         Tower Y translation velocity, node 1, m/s
         69    1.170E-03                                 F               0         Tower Z translation velocity, node 1, m/s
         70   -8.204E-04                                 F               0         Tower X translation velocity, node 2, m/s
         71   -2.879E-03                                 F               0         Tower Y translation velocity, node 2, m/s
         72    1.168E-03                                 F               0         Tower Z translation velocity, node 2, m/s
         73   -1.176E-03                                 F               0         Tower X translation velocity, node 3, m/s
         74   -4.108E-03                                 F               0         Tower Y translation velocity, node 3, m/s
         75    1.166E-03                                 F               0         Tower Z translation velocity, node 3, m/s
         76   -1.532E-03                                 F               0         Tower X translation velocity, node 4, m/s
         77   -5.336E-03                                 F               0         Tower Y translation velocity, node 4, m/s
         78    1.164E-03                                 F               0         Tower Z translation velocity, node 4, m/s
         79   -1.888E-03                                 F               0         Tower X translation velocity, node 5, m/s
         80   -6.564E-03                                 F               0         Tower Y translation velocity, node 5, m/s
         81    1.163E-03                                 F               0         Tower Z translation velocity, node 5, m/s
         82   -2.244E-03                                 F               0         Tower X translation velocity, node 6, m/s
         83   -7.792E-03                                 F               0         Tower Y translation velocity, node 6, m/s
         84    1.161E-03                                 F               0         Tower Z translation velocity, node 6, m/s
         85   -2.600E-03                                 F               0         Tower X translation velocity, node 7, m/s
         86   -9.020E-03                                 F               0         Tower Y translation velocity, node 7, m/s
         87    1.159E-03                                 F               0         Tower Z translation velocity, node 7, m/s
         88   -2.955E-03                                 F               0         Tower X translation velocity, node 8, m/s
         89   -1.025E-02                                 F               0         Tower Y translation velocity, node 8, m/s
         90    1.157E-03                                 F               0         Tower Z translation velocity, node 8, m/s
         91   -3.311E-03                                 F               0         Tower X translation velocity, node 9, m/s
         92   -1.148E-02                                 F               0         Tower Y translation velocity, node 9, m/s
         93    1.155E-03                                 F               0         Tower Z translation velocity, node 9, m/s
         94   -3.667E-03                                 F               0         Tower X translation velocity, node 10, m/s
         95   -1.270E-02                                 F               0         Tower Y translation velocity, node 10, m/s
         96    1.153E-03                                 F               0         Tower Z translation velocity, node 10, m/s
         97   -4.023E-03                                 F               0         Tower X translation velocity, node 11, m/s
         98   -1.393E-02                                 F               0         Tower Y translation velocity, node 11, m/s
         99    1.151E-03                                 F               0         Tower Z translation velocity, node 11, m/s
        100    3.512E+01                                 F               0         Hub X translation displacement, node 1, m
        101   -7.159E+00                                 F               0         Hub Y translation displacement, node 1, m
        102   -4.936E-01                                 F               0         Hub Z translation displacement, node 1, m
        103    9.674E-01,  1.934E-02, -2.527E-01         F               0         Hub X orientation angle, node 1, rad
        104    1.489E-01, -8.502E-01,  5.050E-01         F               0         Hub Y orientation angle, node 1, rad
        105   -2.050E-01, -5.262E-01, -8.253E-01         F               0         Hub Z orientation angle, node 1, rad
        106    1.012E+00                                 F               0         Hub X rotation velocity, node 1, rad/s
        107    2.020E-02                                 F               0         Hub Y rotation velocity, node 1, rad/s
        108   -2.643E-01                                 F               0         Hub Z rotation velocity, node 1, rad/s
        109    9.625E-01,  4.455E-02, -2.675E-01         F               0         Blade root 1 X orientation angle, node 1, rad
        110    1.775E-01, -8.492E-01,  4.973E-01         F               0         Blade root 1 Y orientation angle, node 1, rad
        111   -2.050E-01, -5.262E-01, -8.253E-01         F               0         Blade root 1 Z orientation angle, node 1, rad
        112    9.744E-01,  2.024E-02, -2.239E-01         F               0         Blade root 2 X orientation angle, node 1, rad
        113   -2.232E-01, -3.000E-02, -9.743E-01         F               0         Blade root 2 Y orientation angle, node 1, rad
        114   -2.643E-02,  9.993E-01, -2.472E-02         F               0         Blade root 2 Z orientation angle, node 1, rad
        115    9.639E-01, -6.801E-03, -2.663E-01         F               0         Blade root 3 X orientation angle, node 1, rad
        116    1.318E-01,  8.809E-01,  4.545E-01         F               0         Blade root 3 Y orientation angle, node 1, rad
        117    2.315E-01, -4.732E-01,  8.500E-01         F               0         Blade root 3 Z orientation angle, node 1, rad
        118    3.340E+01                                 F               0         Blade 1 X translation displacement, node 1, m
        119   -1.007E+01                                 F               0         Blade 1 Y translation displacement, node 1, m
        120   -1.058E+01                                 F               0         Blade 1 Z translation displacement, node 1, m
        121    3.299E+01                                 F               0         Blade 1 X translation displacement, node 2, m
        122   -1.078E+01                                 F               0         Blade 1 Y translation displacement, node 2, m
        123   -1.300E+01                                 F               0         Blade 1 Z translation displacement, node 2, m
        124    2.737E+01                                 F               0         Blade 1 X translation displacement, node 3, m
        125   -2.033E+01                                 F               0         Blade 1 Y translation displacement, node 3, m
        126   -4.604E+01                                 F               0         Blade 1 Z translation displacement, node 3, m
        127    2.617E+01                                 F               0         Blade 1 X translation displacement, node 4, m
        128   -2.236E+01                                 F               0         Blade 1 Y translation displacement, node 4, m
        129   -5.308E+01                                 F               0         Blade 1 Z translation displacement, node 4, m
        130    2.497E+01                                 F               0         Blade 1 X translation displacement, node 5, m
        131   -2.440E+01                                 F               0         Blade 1 Y translation displacement, node 5, m
        132   -6.012E+01                                 F               0         Blade 1 Z translation displacement, node 5, m
        133    2.378E+01                                 F               0         Blade 1 X translation displacement, node 6, m
        134   -2.643E+01                                 F               0         Blade 1 Y translation displacement, node 6, m
        135   -6.715E+01                                 F               0         Blade 1 Z translation displacement, node 6, m
        136    2.258E+01                                 F               0         Blade 1 X translation displacement, node 7, m
        137   -2.847E+01                                 F               0         Blade 1 Y translation displacement, node 7, m
        138   -7.419E+01                                 F               0         Blade 1 Z translation displacement, node 7, m
        139    2.138E+01                                 F               0         Blade 1 X translation displacement, node 8, m
        140   -3.050E+01                                 F               0         Blade 1 Y translation displacement, node 8, m
        141   -8.123E+01                                 F               0         Blade 1 Z translation displacement, node 8, m
        142    2.019E+01                                 F               0         Blade 1 X translation displacement, node 9, m
        143   -3.254E+01                                 F               0         Blade 1 Y translation displacement, node 9, m
        144   -8.827E+01                                 F               0         Blade 1 Z translation displacement, node 9, m
        145    1.899E+01                                 F               0         Blade 1 X translation displacement, node 10, m
        146   -3.457E+01                                 F               0         Blade 1 Y translation displacement, node 10, m
        147   -9.531E+01                                 F               0         Blade 1 Z translation displacement, node 10, m
        148    1.779E+01                                 F               0         Blade 1 X translation displacement, node 11, m
        149   -3.661E+01                                 F               0         Blade 1 Y translation displacement, node 11, m
        150   -1.023E+02                                 F               0         Blade 1 Z translation displacement, node 11, m
        151    1.659E+01                                 F               0         Blade 1 X translation displacement, node 12, m
        152   -3.864E+01                                 F               0         Blade 1 Y translation displacement, node 12, m
        153   -1.094E+02                                 F               0         Blade 1 Z translation displacement, node 12, m
        154    1.540E+01                                 F               0         Blade 1 X translation displacement, node 13, m
        155   -4.068E+01                                 F               0         Blade 1 Y translation displacement, node 13, m
        156   -1.164E+02                                 F               0         Blade 1 Z translation displacement, node 13, m
        157    1.420E+01                                 F               0         Blade 1 X translation displacement, node 14, m
        158   -4.271E+01                                 F               0         Blade 1 Y translation displacement, node 14, m
        159   -1.235E+02                                 F               0         Blade 1 Z translation displacement, node 14, m
        160    1.300E+01                                 F               0         Blade 1 X translation displacement, node 15, m
        161   -4.475E+01                                 F               0         Blade 1 Y translation displacement, node 15, m
        162   -1.305E+02                                 F               0         Blade 1 Z translation displacement, node 15, m
        163    1.180E+01                                 F               0         Blade 1 X translation displacement, node 16, m
        164   -4.678E+01                                 F               0         Blade 1 Y translation displacement, node 16, m
        165   -1.375E+02                                 F               0         Blade 1 Z translation displacement, node 16, m
        166    1.061E+01                                 F               0         Blade 1 X translation displacement, node 17, m
        167   -4.882E+01                                 F               0         Blade 1 Y translation displacement, node 17, m
        168   -1.446E+02                                 F               0         Blade 1 Z translation displacement, node 17, m
        169    9.410E+00                                 F               0         Blade 1 X translation displacement, node 18, m
        170   -5.085E+01                                 F               0         Blade 1 Y translation displacement, node 18, m
        171   -1.516E+02                                 F               0         Blade 1 Z translation displacement, node 18, m
        172    8.212E+00                                 F               0         Blade 1 X translation displacement, node 19, m
        173   -5.289E+01                                 F               0         Blade 1 Y translation displacement, node 19, m
        174   -1.587E+02                                 F               0         Blade 1 Z translation displacement, node 19, m
        175    7.015E+00                                 F               0         Blade 1 X translation displacement, node 20, m
        176   -5.492E+01                                 F               0         Blade 1 Y translation displacement, node 20, m
        177   -1.657E+02                                 F               0         Blade 1 Z translation displacement, node 20, m
        178    5.818E+00                                 F               0         Blade 1 X translation displacement, node 21, m
        179   -5.696E+01                                 F               0         Blade 1 Y translation displacement, node 21, m
        180   -1.727E+02                                 F               0         Blade 1 Z translation displacement, node 21, m
        181    4.620E+00                                 F               0         Blade 1 X translation displacement, node 22, m
        182   -5.899E+01                                 F               0         Blade 1 Y translation displacement, node 22, m
        183   -1.798E+02                                 F               0         Blade 1 Z translation displacement, node 22, m
        184    3.423E+00                                 F               0         Blade 1 X translation displacement, node 23, m
        185   -6.103E+01                                 F               0         Blade 1 Y translation displacement, node 23, m
        186   -1.868E+02                                 F               0         Blade 1 Z translation displacement, node 23, m
        187    2.226E+00                                 F               0         Blade 1 X translation displacement, node 24, m
        188   -6.306E+01                                 F               0         Blade 1 Y translation displacement, node 24, m
        189   -1.938E+02                                 F               0         Blade 1 Z translation displacement, node 24, m
        190    1.029E+00                                 F               0         Blade 1 X translation displacement, node 25, m
        191   -6.510E+01                                 F               0         Blade 1 Y translation displacement, node 25, m
        192   -2.009E+02                                 F               0         Blade 1 Z translation displacement, node 25, m
        193   -1.689E-01                                 F               0         Blade 1 X translation displacement, node 26, m
        194   -6.713E+01                                 F               0         Blade 1 Y translation displacement, node 26, m
        195   -2.079E+02                                 F               0         Blade 1 Z translation displacement, node 26, m
        196   -1.366E+00                                 F               0         Blade 1 X translation displacement, node 27, m
        197   -6.917E+01                                 F               0         Blade 1 Y translation displacement, node 27, m
        198   -2.150E+02                                 F               0         Blade 1 Z translation displacement, node 27, m
        199   -2.381E+00                                 F               0         Blade 1 X translation displacement, node 28, m
        200   -7.089E+01                                 F               0         Blade 1 Y translation displacement, node 28, m
        201   -2.209E+02                                 F               0         Blade 1 Z translation displacement, node 28, m
        202    7.757E-01,  4.269E-01, -4.649E-01         F               0         Blade 1 X orientation angle, node 1, rad
        203    5.969E-01, -7.355E-01,  3.206E-01         F               0         Blade 1 Y orientation angle, node 1, rad
        204   -2.050E-01, -5.262E-01, -8.253E-01         F               0         Blade 1 Z orientation angle, node 1, rad
        205    7.757E-01,  4.269E-01, -4.649E-01         F               0         Blade 1 X orientation angle, node 2, rad
        206    5.969E-01, -7.355E-01,  3.206E-01         F               0         Blade 1 Y orientation angle, node 2, rad
        207   -2.050E-01, -5.262E-01, -8.253E-01         F               0         Blade 1 Z orientation angle, node 2, rad
        208    8.950E-01,  2.404E-01, -3.756E-01         F               0         Blade 1 X orientation angle, node 3, rad
        209    3.961E-01, -8.157E-01,  4.216E-01         F               0         Blade 1 Y orientation angle, node 3, rad
        210   -2.050E-01, -5.262E-01, -8.253E-01         F               0         Blade 1 Z orientation angle, node 3, rad
        211    9.110E-01,  2.058E-01, -3.575E-01         F               0         Blade 1 X orientation angle, node 4, rad
        212    3.579E-01, -8.251E-01,  4.371E-01         F               0         Blade 1 Y orientation angle, node 4, rad
        213   -2.050E-01, -5.262E-01, -8.253E-01         F               0         Blade 1 Z orientation angle, node 4, rad
        214    9.223E-01,  1.783E-01, -3.428E-01         F               0         Blade 1 X orientation angle, node 5, rad
        215    3.275E-01, -8.315E-01,  4.487E-01         F               0         Blade 1 Y orientation angle, node 5, rad
        216   -2.050E-01, -5.262E-01, -8.253E-01         F               0         Blade 1 Z orientation angle, node 5, rad
        217    9.307E-01,  1.562E-01, -3.308E-01         F               0         Blade 1 X orientation angle, node 6, rad
        218    3.029E-01, -8.359E-01,  4.577E-01         F               0         Blade 1 Y orientation angle, node 6, rad
        219   -2.050E-01, -5.262E-01, -8.253E-01         F               0         Blade 1 Z orientation angle, node 6, rad
        220    9.371E-01,  1.379E-01, -3.207E-01         F               0         Blade 1 X orientation angle, node 7, rad
        221    2.826E-01, -8.391E-01,  4.648E-01         F               0         Blade 1 Y orientation angle, node 7, rad
        222   -2.050E-01, -5.262E-01, -8.253E-01         F               0         Blade 1 Z orientation angle, node 7, rad
        223    9.421E-01,  1.227E-01, -3.122E-01         F               0         Blade 1 X orientation angle, node 8, rad
        224    2.655E-01, -8.415E-01,  4.705E-01         F               0         Blade 1 Y orientation angle, node 8, rad
        225   -2.050E-01, -5.262E-01, -8.253E-01         F               0         Blade 1 Z orientation angle, node 8, rad
        226    9.460E-01,  1.097E-01, -3.050E-01         F               0         Blade 1 X orientation angle, node 9, rad
        227    2.510E-01, -8.433E-01,  4.753E-01         F               0         Blade 1 Y orientation angle, node 9, rad
        228   -2.050E-01, -5.262E-01, -8.253E-01         F               0         Blade 1 Z orientation angle, node 9, rad
        229    9.493E-01,  9.852E-02, -2.986E-01         F               0         Blade 1 X orientation angle, node 10, rad
        230    2.384E-01, -8.447E-01,  4.793E-01         F               0         Blade 1 Y orientation angle, node 10, rad
        231   -2.050E-01, -5.262E-01, -8.253E-01         F               0         Blade 1 Z orientation angle, node 10, rad
        232    9.519E-01,  8.893E-02, -2.932E-01         F               0         Blade 1 X orientation angle, node 11, rad
        233    2.277E-01, -8.457E-01,  4.826E-01         F               0         Blade 1 Y orientation angle, node 11, rad
        234   -2.050E-01, -5.262E-01, -8.253E-01         F               0         Blade 1 Z orientation angle, node 11, rad
        235    9.541E-01,  8.051E-02, -2.884E-01         F               0         Blade 1 X orientation angle, node 12, rad
        236    2.182E-01, -8.466E-01,  4.855E-01         F               0         Blade 1 Y orientation angle, node 12, rad
        237   -2.050E-01, -5.262E-01, -8.253E-01         F               0         Blade 1 Z orientation angle, node 12, rad
        238    9.560E-01,  7.312E-02, -2.841E-01         F               0         Blade 1 X orientation angle, node 13, rad
        239    2.098E-01, -8.472E-01,  4.880E-01         F               0         Blade 1 Y orientation angle, node 13, rad
        240   -2.050E-01, -5.262E-01, -8.253E-01         F               0         Blade 1 Z orientation angle, node 13, rad
        241    9.576E-01,  6.647E-02, -2.803E-01         F               0         Blade 1 X orientation angle, node 14, rad
        242    2.023E-01, -8.478E-01,  4.902E-01         F               0         Blade 1 Y orientation angle, node 14, rad
        243   -2.050E-01, -5.262E-01, -8.253E-01         F               0         Blade 1 Z orientation angle, node 14, rad
        244    9.590E-01,  6.055E-02, -2.769E-01         F               0         Blade 1 X orientation angle, node 15, rad
        245    1.956E-01, -8.482E-01,  4.922E-01         F               0         Blade 1 Y orientation angle, node 15, rad
        246   -2.050E-01, -5.262E-01, -8.253E-01         F               0         Blade 1 Z orientation angle, node 15, rad
        247    9.602E-01,  5.522E-02, -2.738E-01         F               0         Blade 1 X orientation angle, node 16, rad
        248    1.896E-01, -8.486E-01,  4.939E-01         F               0         Blade 1 Y orientation angle, node 16, rad
        249   -2.050E-01, -5.262E-01, -8.253E-01         F               0         Blade 1 Z orientation angle, node 16, rad
        250    9.613E-01,  5.048E-02, -2.710E-01         F               0         Blade 1 X orientation angle, node 17, rad
        251    1.842E-01, -8.489E-01,  4.954E-01         F               0         Blade 1 Y orientation angle, node 17, rad
        252   -2.050E-01, -5.262E-01, -8.253E-01         F               0         Blade 1 Z orientation angle, node 17, rad
        253    9.622E-01,  4.603E-02, -2.684E-01         F               0         Blade 1 X orientation angle, node 18, rad
        254    1.792E-01, -8.491E-01,  4.968E-01         F               0         Blade 1 Y orientation angle, node 18, rad
        255   -2.050E-01, -5.262E-01, -8.253E-01         F               0         Blade 1 Z orientation angle, node 18, rad
        256    9.630E-01,  4.203E-02, -2.661E-01         F               0         Blade 1 X orientation angle, node 19, rad
        257    1.747E-01, -8.493E-01,  4.981E-01         F               0         Blade 1 Y orientation angle, node 19, rad
        258   -2.050E-01, -5.262E-01, -8.253E-01         F               0         Blade 1 Z orientation angle, node 19, rad
        259    9.638E-01,  3.847E-02, -2.640E-01         F               0         Blade 1 X orientation angle, node 20, rad
        260    1.706E-01, -8.495E-01,  4.992E-01         F               0         Blade 1 Y orientation angle, node 20, rad
        261   -2.050E-01, -5.262E-01, -8.253E-01         F               0         Blade 1 Z orientation angle, node 20, rad
        262    9.644E-01,  3.506E-02, -2.620E-01         F               0         Blade 1 X orientation angle, node 21, rad
        263    1.668E-01, -8.497E-01,  5.003E-01         F               0         Blade 1 Y orientation angle, node 21, rad
        264   -2.050E-01, -5.262E-01, -8.253E-01         F               0         Blade 1 Z orientation angle, node 21, rad
        265    9.650E-01,  3.195E-02, -2.601E-01         F               0         Blade 1 X orientation angle, node 22, rad
        266    1.632E-01, -8.498E-01,  5.012E-01         F               0         Blade 1 Y orientation angle, node 22, rad
        267   -2.050E-01, -5.262E-01, -8.253E-01         F               0         Blade 1 Z orientation angle, node 22, rad
        268    9.656E-01,  2.913E-02, -2.585E-01         F               0         Blade 1 X orientation angle, node 23, rad
        269    1.600E-01, -8.499E-01,  5.021E-01         F               0         Blade 1 Y orientation angle, node 23, rad
        270   -2.050E-01, -5.262E-01, -8.253E-01         F               0         Blade 1 Z orientation angle, node 23, rad
        271    9.661E-01,  2.646E-02, -2.569E-01         F               0         Blade 1 X orientation angle, node 24, rad
        272    1.570E-01, -8.500E-01,  5.029E-01         F               0         Blade 1 Y orientation angle, node 24, rad
        273   -2.050E-01, -5.262E-01, -8.253E-01         F               0         Blade 1 Z orientation angle, node 24, rad
        274    9.665E-01,  2.394E-02, -2.554E-01         F               0         Blade 1 X orientation angle, node 25, rad
        275    1.541E-01, -8.500E-01,  5.037E-01         F               0         Blade 1 Y orientation angle, node 25, rad
        276   -2.050E-01, -5.262E-01, -8.253E-01         F               0         Blade 1 Z orientation angle, node 25, rad
        277    9.669E-01,  2.171E-02, -2.541E-01         F               0         Blade 1 X orientation angle, node 26, rad
        278    1.516E-01, -8.501E-01,  5.043E-01         F               0         Blade 1 Y orientation angle, node 26, rad
        279   -2.050E-01, -5.262E-01, -8.253E-01         F               0         Blade 1 Z orientation angle, node 26, rad
        280    9.673E-01,  1.948E-02, -2.527E-01         F               0         Blade 1 X orientation angle, node 27, rad
        281    1.491E-01, -8.502E-01,  5.050E-01         F               0         Blade 1 Y orientation angle, node 27, rad
        282   -2.050E-01, -5.262E-01, -8.253E-01         F               0         Blade 1 Z orientation angle, node 27, rad
        283    9.675E-01,  1.830E-02, -2.520E-01         F               0         Blade 1 X orientation angle, node 28, rad
        284    1.477E-01, -8.502E-01,  5.053E-01         F               0         Blade 1 Y orientation angle, node 28, rad
        285   -2.050E-01, -5.262E-01, -8.253E-01         F               0         Blade 1 Z orientation angle, node 28, rad
        286   -8.671E-01                                 F               0         Blade 1 X translation velocity, node 1, m/s
        287    4.913E+00                                 F               0         Blade 1 Y translation velocity, node 1, m/s
        288   -2.927E+00                                 F               0         Blade 1 Z translation velocity, node 1, m/s
        289   -1.075E+00                                 F               0         Blade 1 X translation velocity, node 2, m/s
        290    6.101E+00                                 F               0         Blade 1 Y translation velocity, node 2, m/s
        291   -3.633E+00                                 F               0         Blade 1 Z translation velocity, node 2, m/s
        292   -3.902E+00                                 F               0         Blade 1 X translation velocity, node 3, m/s
        293    2.225E+01                                 F               0         Blade 1 Y translation velocity, node 3, m/s
        294   -1.323E+01                                 F               0         Blade 1 Z translation velocity, node 3, m/s
        295   -4.504E+00                                 F               0         Blade 1 X translation velocity, node 4, m/s
        296    2.569E+01                                 F               0         Blade 1 Y translation velocity, node 4, m/s
        297   -1.527E+01                                 F               0         Blade 1 Z translation velocity, node 4, m/s
        298   -5.107E+00                                 F               0         Blade 1 X translation velocity, node 5, m/s
        299    2.913E+01                                 F               0         Blade 1 Y translation velocity, node 5, m/s
        300   -1.732E+01                                 F               0         Blade 1 Z translation velocity, node 5, m/s
        301   -5.709E+00                                 F               0         Blade 1 X translation velocity, node 6, m/s
        302    3.257E+01                                 F               0         Blade 1 Y translation velocity, node 6, m/s
        303   -1.936E+01                                 F               0         Blade 1 Z translation velocity, node 6, m/s
        304   -6.312E+00                                 F               0         Blade 1 X translation velocity, node 7, m/s
        305    3.602E+01                                 F               0         Blade 1 Y translation velocity, node 7, m/s
        306   -2.140E+01                                 F               0         Blade 1 Z translation velocity, node 7, m/s
        307   -6.914E+00                                 F               0         Blade 1 X translation velocity, node 8, m/s
