
Linearized model: Predictions were generated on 12-Feb-2024 at 18:31:58 using OpenFAST, compiled as a 64-bit application using single precision at commit v3.5.1
 linked with  NWTC Subroutine Library; ElastoDyn; InflowWind; AeroDyn; ServoDyn; HydroDyn; MAP++ (<1.20.10>, <Oct-20-2023>)

Description from the FAST input file: CCT-9 Campign 4 model. Input files to be run with OpenFAST 3.5.0. GitHub branch from Lu Wang (https://github.com/luwang00/openfast/tree/dev) compiled on March 7, 2023.

Simulation information:
   Simulation time:                  1005.4750 s
   Rotor Speed:                         1.0470 rad/s
   Azimuth:                             5.3965 rad
   Wind Speed:                         12.0000 m/s
   Number of continuous states:         0
   Number of discrete states:           0
   Number of constraint states:         0
   Number of inputs:                 1746
   Number of outputs:                   4
   Jacobians included in this file?    No

Order of inputs:
     Column   Operating Point                     Rotating Frame? Derivative Order Description
   ---------- ---------------                     --------------- ---------------- -----------
          1    1.518E+01                                 F               0         Tower X translation displacement, node 1, m
          2   -1.054E+00                                 F               0         Tower Y translation displacement, node 1, m
          3   -4.703E-01                                 F               0         Tower Z translation displacement, node 1, m
          4    1.704E+01                                 F               0         Tower X translation displacement, node 2, m
          5   -1.609E+00                                 F               0         Tower Y translation displacement, node 2, m
          6   -6.240E-01                                 F               0         Tower Z translation displacement, node 2, m
          7    1.890E+01                                 F               0         Tower X translation displacement, node 3, m
          8   -2.165E+00                                 F               0         Tower Y translation displacement, node 3, m
          9   -7.777E-01                                 F               0         Tower Z translation displacement, node 3, m
         10    2.076E+01                                 F               0         Tower X translation displacement, node 4, m
         11   -2.720E+00                                 F               0         Tower Y translation displacement, node 4, m
         12   -9.314E-01                                 F               0         Tower Z translation displacement, node 4, m
         13    2.263E+01                                 F               0         Tower X translation displacement, node 5, m
         14   -3.275E+00                                 F               0         Tower Y translation displacement, node 5, m
         15   -1.085E+00                                 F               0         Tower Z translation displacement, node 5, m
         16    2.449E+01                                 F               0         Tower X translation displacement, node 6, m
         17   -3.830E+00                                 F               0         Tower Y translation displacement, node 6, m
         18   -1.239E+00                                 F               0         Tower Z translation displacement, node 6, m
         19    2.635E+01                                 F               0         Tower X translation displacement, node 7, m
         20   -4.386E+00                                 F               0         Tower Y translation displacement, node 7, m
         21   -1.392E+00                                 F               0         Tower Z translation displacement, node 7, m
         22    2.821E+01                                 F               0         Tower X translation displacement, node 8, m
         23   -4.941E+00                                 F               0         Tower Y translation displacement, node 8, m
         24   -1.546E+00                                 F               0         Tower Z translation displacement, node 8, m
         25    3.007E+01                                 F               0         Tower X translation displacement, node 9, m
         26   -5.496E+00                                 F               0         Tower Y translation displacement, node 9, m
         27   -1.700E+00                                 F               0         Tower Z translation displacement, node 9, m
         28    3.194E+01                                 F               0         Tower X translation displacement, node 10, m
         29   -6.051E+00                                 F               0         Tower Y translation displacement, node 10, m
         30   -1.854E+00                                 F               0         Tower Z translation displacement, node 10, m
         31    3.380E+01                                 F               0         Tower X translation displacement, node 11, m
         32   -6.607E+00                                 F               0         Tower Y translation displacement, node 11, m
         33   -2.007E+00                                 F               0         Tower Z translation displacement, node 11, m
         34    9.885E-01,  1.504E-02, -1.502E-01         F               0         Tower X orientation angle, node 1, rad
         35   -8.106E-03,  9.989E-01,  4.669E-02         F               0         Tower Y orientation angle, node 1, rad
         36    1.507E-01, -4.494E-02,  9.876E-01         F               0         Tower Z orientation angle, node 1, rad
         37    9.885E-01,  1.504E-02, -1.502E-01         F               0         Tower X orientation angle, node 2, rad
         38   -8.106E-03,  9.989E-01,  4.669E-02         F               0         Tower Y orientation angle, node 2, rad
         39    1.507E-01, -4.494E-02,  9.876E-01         F               0         Tower Z orientation angle, node 2, rad
         40    9.885E-01,  1.504E-02, -1.502E-01         F               0         Tower X orientation angle, node 3, rad
         41   -8.106E-03,  9.989E-01,  4.669E-02         F               0         Tower Y orientation angle, node 3, rad
         42    1.507E-01, -4.494E-02,  9.876E-01         F               0         Tower Z orientation angle, node 3, rad
         43    9.885E-01,  1.504E-02, -1.502E-01         F               0         Tower X orientation angle, node 4, rad
         44   -8.106E-03,  9.989E-01,  4.669E-02         F               0         Tower Y orientation angle, node 4, rad
         45    1.507E-01, -4.494E-02,  9.876E-01         F               0         Tower Z orientation angle, node 4, rad
         46    9.885E-01,  1.504E-02, -1.502E-01         F               0         Tower X orientation angle, node 5, rad
         47   -8.106E-03,  9.989E-01,  4.669E-02         F               0         Tower Y orientation angle, node 5, rad
         48    1.507E-01, -4.494E-02,  9.876E-01         F               0         Tower Z orientation angle, node 5, rad
         49    9.885E-01,  1.504E-02, -1.502E-01         F               0         Tower X orientation angle, node 6, rad
         50   -8.106E-03,  9.989E-01,  4.669E-02         F               0         Tower Y orientation angle, node 6, rad
         51    1.507E-01, -4.494E-02,  9.876E-01         F               0         Tower Z orientation angle, node 6, rad
         52    9.885E-01,  1.504E-02, -1.502E-01         F               0         Tower X orientation angle, node 7, rad
         53   -8.106E-03,  9.989E-01,  4.669E-02         F               0         Tower Y orientation angle, node 7, rad
         54    1.507E-01, -4.494E-02,  9.876E-01         F               0         Tower Z orientation angle, node 7, rad
         55    9.885E-01,  1.504E-02, -1.502E-01         F               0         Tower X orientation angle, node 8, rad
         56   -8.106E-03,  9.989E-01,  4.669E-02         F               0         Tower Y orientation angle, node 8, rad
         57    1.507E-01, -4.494E-02,  9.876E-01         F               0         Tower Z orientation angle, node 8, rad
         58    9.885E-01,  1.504E-02, -1.502E-01         F               0         Tower X orientation angle, node 9, rad
         59   -8.106E-03,  9.989E-01,  4.669E-02         F               0         Tower Y orientation angle, node 9, rad
         60    1.507E-01, -4.494E-02,  9.876E-01         F               0         Tower Z orientation angle, node 9, rad
         61    9.885E-01,  1.504E-02, -1.502E-01         F               0         Tower X orientation angle, node 10, rad
         62   -8.106E-03,  9.989E-01,  4.669E-02         F               0         Tower Y orientation angle, node 10, rad
         63    1.507E-01, -4.494E-02,  9.876E-01         F               0         Tower Z orientation angle, node 10, rad
         64    9.885E-01,  1.504E-02, -1.502E-01         F               0         Tower X orientation angle, node 11, rad
         65   -8.106E-03,  9.989E-01,  4.669E-02         F               0         Tower Y orientation angle, node 11, rad
         66    1.507E-01, -4.494E-02,  9.876E-01         F               0         Tower Z orientation angle, node 11, rad
         67   -4.143E-04                                 F               0         Tower X translation velocity, node 1, m/s
         68    6.769E-03                                 F               0         Tower Y translation velocity, node 1, m/s
         69    4.378E-03                                 F               0         Tower Z translation velocity, node 1, m/s
         70   -7.808E-04                                 F               0         Tower X translation velocity, node 2, m/s
         71    1.114E-02                                 F               0         Tower Y translation velocity, node 2, m/s
         72    4.633E-03                                 F               0         Tower Z translation velocity, node 2, m/s
         73   -1.147E-03                                 F               0         Tower X translation velocity, node 3, m/s
         74    1.552E-02                                 F               0         Tower Y translation velocity, node 3, m/s
         75    4.888E-03                                 F               0         Tower Z translation velocity, node 3, m/s
         76   -1.514E-03                                 F               0         Tower X translation velocity, node 4, m/s
         77    1.989E-02                                 F               0         Tower Y translation velocity, node 4, m/s
         78    5.143E-03                                 F               0         Tower Z translation velocity, node 4, m/s
         79   -1.881E-03                                 F               0         Tower X translation velocity, node 5, m/s
         80    2.426E-02                                 F               0         Tower Y translation velocity, node 5, m/s
         81    5.398E-03                                 F               0         Tower Z translation velocity, node 5, m/s
         82   -2.247E-03                                 F               0         Tower X translation velocity, node 6, m/s
         83    2.863E-02                                 F               0         Tower Y translation velocity, node 6, m/s
         84    5.653E-03                                 F               0         Tower Z translation velocity, node 6, m/s
         85   -2.614E-03                                 F               0         Tower X translation velocity, node 7, m/s
         86    3.301E-02                                 F               0         Tower Y translation velocity, node 7, m/s
         87    5.908E-03                                 F               0         Tower Z translation velocity, node 7, m/s
         88   -2.980E-03                                 F               0         Tower X translation velocity, node 8, m/s
         89    3.738E-02                                 F               0         Tower Y translation velocity, node 8, m/s
         90    6.163E-03                                 F               0         Tower Z translation velocity, node 8, m/s
         91   -3.347E-03                                 F               0         Tower X translation velocity, node 9, m/s
         92    4.175E-02                                 F               0         Tower Y translation velocity, node 9, m/s
         93    6.417E-03                                 F               0         Tower Z translation velocity, node 9, m/s
         94   -3.714E-03                                 F               0         Tower X translation velocity, node 10, m/s
         95    4.613E-02                                 F               0         Tower Y translation velocity, node 10, m/s
         96    6.672E-03                                 F               0         Tower Z translation velocity, node 10, m/s
         97   -4.080E-03                                 F               0         Tower X translation velocity, node 11, m/s
         98    5.050E-02                                 F               0         Tower Y translation velocity, node 11, m/s
         99    6.927E-03                                 F               0         Tower Z translation velocity, node 11, m/s
        100    3.510E+01                                 F               0         Hub X translation displacement, node 1, m
        101   -7.122E+00                                 F               0         Hub Y translation displacement, node 1, m
        102   -4.832E-01                                 F               0         Hub Z translation displacement, node 1, m
        103    9.674E-01,  1.966E-02, -2.526E-01         F               0         Hub X orientation angle, node 1, rad
        104   -2.013E-01,  6.647E-01, -7.195E-01         F               0         Hub Y orientation angle, node 1, rad
        105    1.537E-01,  7.469E-01,  6.469E-01         F               0         Hub Z orientation angle, node 1, rad
        106    1.013E+00                                 F               0         Hub X rotation velocity, node 1, rad/s
        107    2.054E-02                                 F               0         Hub Y rotation velocity, node 1, rad/s
        108   -2.642E-01                                 F               0         Hub Z rotation velocity, node 1, rad/s
        109    9.729E-01, -6.999E-05, -2.311E-01         F               0         Blade root 1 X orientation angle, node 1, rad
        110   -1.726E-01,  6.649E-01, -7.267E-01         F               0         Blade root 1 Y orientation angle, node 1, rad
        111    1.537E-01,  7.469E-01,  6.469E-01         F               0         Blade root 1 Z orientation angle, node 1, rad
        112    9.600E-01,  1.032E-02, -2.797E-01         F               0         Blade root 2 X orientation angle, node 1, rad
        113    2.624E-01,  3.149E-01,  9.121E-01         F               0         Blade root 2 Y orientation angle, node 1, rad
        114    9.751E-02, -9.491E-01,  2.996E-01         F               0         Blade root 2 Z orientation angle, node 1, rad
        115    9.679E-01,  4.870E-02, -2.465E-01         F               0         Blade root 3 X orientation angle, node 1, rad
        116   -3.740E-03, -9.781E-01, -2.079E-01         F               0         Blade root 3 Y orientation angle, node 1, rad
        117   -2.512E-01,  2.022E-01, -9.466E-01         F               0         Blade root 3 Z orientation angle, node 1, rad
        118    3.538E+01                                 F               0         Blade 1 X translation displacement, node 1, m
        119   -2.984E+00                                 F               0         Blade 1 Y translation displacement, node 1, m
        120   -2.409E+00                                 F               0         Blade 1 Z translation displacement, node 1, m
        121    3.544E+01                                 F               0         Blade 1 X translation displacement, node 2, m
        122   -1.987E+00                                 F               0         Blade 1 Y translation displacement, node 2, m
        123   -2.873E+00                                 F               0         Blade 1 Z translation displacement, node 2, m
        124    3.633E+01                                 F               0         Blade 1 X translation displacement, node 3, m
        125    1.157E+01                                 F               0         Blade 1 Y translation displacement, node 3, m
        126   -9.182E+00                                 F               0         Blade 1 Z translation displacement, node 3, m
        127    3.653E+01                                 F               0         Blade 1 X translation displacement, node 4, m
        128    1.446E+01                                 F               0         Blade 1 Y translation displacement, node 4, m
        129   -1.053E+01                                 F               0         Blade 1 Z translation displacement, node 4, m
        130    3.672E+01                                 F               0         Blade 1 X translation displacement, node 5, m
        131    1.735E+01                                 F               0         Blade 1 Y translation displacement, node 5, m
        132   -1.187E+01                                 F               0         Blade 1 Z translation displacement, node 5, m
        133    3.691E+01                                 F               0         Blade 1 X translation displacement, node 6, m
        134    2.024E+01                                 F               0         Blade 1 Y translation displacement, node 6, m
        135   -1.322E+01                                 F               0         Blade 1 Z translation displacement, node 6, m
        136    3.710E+01                                 F               0         Blade 1 X translation displacement, node 7, m
        137    2.313E+01                                 F               0         Blade 1 Y translation displacement, node 7, m
        138   -1.456E+01                                 F               0         Blade 1 Z translation displacement, node 7, m
        139    3.729E+01                                 F               0         Blade 1 X translation displacement, node 8, m
        140    2.601E+01                                 F               0         Blade 1 Y translation displacement, node 8, m
        141   -1.590E+01                                 F               0         Blade 1 Z translation displacement, node 8, m
        142    3.748E+01                                 F               0         Blade 1 X translation displacement, node 9, m
        143    2.890E+01                                 F               0         Blade 1 Y translation displacement, node 9, m
        144   -1.725E+01                                 F               0         Blade 1 Z translation displacement, node 9, m
        145    3.767E+01                                 F               0         Blade 1 X translation displacement, node 10, m
        146    3.179E+01                                 F               0         Blade 1 Y translation displacement, node 10, m
        147   -1.859E+01                                 F               0         Blade 1 Z translation displacement, node 10, m
        148    3.786E+01                                 F               0         Blade 1 X translation displacement, node 11, m
        149    3.468E+01                                 F               0         Blade 1 Y translation displacement, node 11, m
        150   -1.994E+01                                 F               0         Blade 1 Z translation displacement, node 11, m
        151    3.805E+01                                 F               0         Blade 1 X translation displacement, node 12, m
        152    3.757E+01                                 F               0         Blade 1 Y translation displacement, node 12, m
        153   -2.128E+01                                 F               0         Blade 1 Z translation displacement, node 12, m
        154    3.824E+01                                 F               0         Blade 1 X translation displacement, node 13, m
        155    4.046E+01                                 F               0         Blade 1 Y translation displacement, node 13, m
        156   -2.263E+01                                 F               0         Blade 1 Z translation displacement, node 13, m
        157    3.843E+01                                 F               0         Blade 1 X translation displacement, node 14, m
        158    4.335E+01                                 F               0         Blade 1 Y translation displacement, node 14, m
        159   -2.397E+01                                 F               0         Blade 1 Z translation displacement, node 14, m
        160    3.862E+01                                 F               0         Blade 1 X translation displacement, node 15, m
        161    4.624E+01                                 F               0         Blade 1 Y translation displacement, node 15, m
        162   -2.531E+01                                 F               0         Blade 1 Z translation displacement, node 15, m
        163    3.881E+01                                 F               0         Blade 1 X translation displacement, node 16, m
        164    4.912E+01                                 F               0         Blade 1 Y translation displacement, node 16, m
        165   -2.666E+01                                 F               0         Blade 1 Z translation displacement, node 16, m
        166    3.900E+01                                 F               0         Blade 1 X translation displacement, node 17, m
        167    5.201E+01                                 F               0         Blade 1 Y translation displacement, node 17, m
        168   -2.800E+01                                 F               0         Blade 1 Z translation displacement, node 17, m
        169    3.919E+01                                 F               0         Blade 1 X translation displacement, node 18, m
        170    5.490E+01                                 F               0         Blade 1 Y translation displacement, node 18, m
        171   -2.935E+01                                 F               0         Blade 1 Z translation displacement, node 18, m
        172    3.938E+01                                 F               0         Blade 1 X translation displacement, node 19, m
        173    5.779E+01                                 F               0         Blade 1 Y translation displacement, node 19, m
        174   -3.069E+01                                 F               0         Blade 1 Z translation displacement, node 19, m
        175    3.957E+01                                 F               0         Blade 1 X translation displacement, node 20, m
        176    6.068E+01                                 F               0         Blade 1 Y translation displacement, node 20, m
        177   -3.204E+01                                 F               0         Blade 1 Z translation displacement, node 20, m
        178    3.976E+01                                 F               0         Blade 1 X translation displacement, node 21, m
        179    6.357E+01                                 F               0         Blade 1 Y translation displacement, node 21, m
        180   -3.338E+01                                 F               0         Blade 1 Z translation displacement, node 21, m
        181    3.995E+01                                 F               0         Blade 1 X translation displacement, node 22, m
        182    6.646E+01                                 F               0         Blade 1 Y translation displacement, node 22, m
        183   -3.473E+01                                 F               0         Blade 1 Z translation displacement, node 22, m
        184    4.014E+01                                 F               0         Blade 1 X translation displacement, node 23, m
        185    6.935E+01                                 F               0         Blade 1 Y translation displacement, node 23, m
        186   -3.607E+01                                 F               0         Blade 1 Z translation displacement, node 23, m
        187    4.033E+01                                 F               0         Blade 1 X translation displacement, node 24, m
        188    7.223E+01                                 F               0         Blade 1 Y translation displacement, node 24, m
        189   -3.741E+01                                 F               0         Blade 1 Z translation displacement, node 24, m
        190    4.052E+01                                 F               0         Blade 1 X translation displacement, node 25, m
        191    7.512E+01                                 F               0         Blade 1 Y translation displacement, node 25, m
        192   -3.876E+01                                 F               0         Blade 1 Z translation displacement, node 25, m
        193    4.071E+01                                 F               0         Blade 1 X translation displacement, node 26, m
        194    7.801E+01                                 F               0         Blade 1 Y translation displacement, node 26, m
        195   -4.010E+01                                 F               0         Blade 1 Z translation displacement, node 26, m
        196    4.090E+01                                 F               0         Blade 1 X translation displacement, node 27, m
        197    8.090E+01                                 F               0         Blade 1 Y translation displacement, node 27, m
        198   -4.145E+01                                 F               0         Blade 1 Z translation displacement, node 27, m
        199    4.106E+01                                 F               0         Blade 1 X translation displacement, node 28, m
        200    8.335E+01                                 F               0         Blade 1 Y translation displacement, node 28, m
        201   -4.259E+01                                 F               0         Blade 1 Z translation displacement, node 28, m
        202    9.446E-01, -3.033E-01,  1.257E-01         F               0         Blade 1 X orientation angle, node 1, rad
        203    2.901E-01,  5.918E-01, -7.521E-01         F               0         Blade 1 Y orientation angle, node 1, rad
        204    1.537E-01,  7.469E-01,  6.469E-01         F               0         Blade 1 Z orientation angle, node 1, rad
        205    9.446E-01, -3.033E-01,  1.257E-01         F               0         Blade 1 X orientation angle, node 2, rad
        206    2.901E-01,  5.918E-01, -7.521E-01         F               0         Blade 1 Y orientation angle, node 2, rad
        207    1.537E-01,  7.469E-01,  6.469E-01         F               0         Blade 1 Z orientation angle, node 2, rad
        208    9.864E-01, -1.544E-01, -5.614E-02         F               0         Blade 1 X orientation angle, node 3, rad
        209    5.795E-02,  6.468E-01, -7.605E-01         F               0         Blade 1 Y orientation angle, node 3, rad
        210    1.537E-01,  7.469E-01,  6.469E-01         F               0         Blade 1 Z orientation angle, node 3, rad
        211    9.880E-01, -1.269E-01, -8.820E-02         F               0         Blade 1 X orientation angle, node 4, rad
        212    1.625E-02,  6.527E-01, -7.574E-01         F               0         Blade 1 Y orientation angle, node 4, rad
        213    1.537E-01,  7.469E-01,  6.469E-01         F               0         Blade 1 Z orientation angle, node 4, rad
        214    9.880E-01, -1.052E-01, -1.133E-01         F               0         Blade 1 X orientation angle, node 5, rad
        215   -1.651E-02,  6.566E-01, -7.541E-01         F               0         Blade 1 Y orientation angle, node 5, rad
        216    1.537E-01,  7.469E-01,  6.469E-01         F               0         Blade 1 Z orientation angle, node 5, rad
        217    9.872E-01, -8.778E-02, -1.332E-01         F               0         Blade 1 X orientation angle, node 6, rad
        218   -4.272E-02,  6.591E-01, -7.508E-01         F               0         Blade 1 Y orientation angle, node 6, rad
        219    1.537E-01,  7.469E-01,  6.469E-01         F               0         Blade 1 Z orientation angle, node 6, rad
        220    9.860E-01, -7.338E-02, -1.496E-01         F               0         Blade 1 X orientation angle, node 7, rad
        221   -6.424E-02,  6.609E-01, -7.477E-01         F               0         Blade 1 Y orientation angle, node 7, rad
        222    1.537E-01,  7.469E-01,  6.469E-01         F               0         Blade 1 Z orientation angle, node 7, rad
        223    9.847E-01, -6.138E-02, -1.631E-01         F               0         Blade 1 X orientation angle, node 8, rad
        224   -8.213E-02,  6.621E-01, -7.449E-01         F               0         Blade 1 Y orientation angle, node 8, rad
        225    1.537E-01,  7.469E-01,  6.469E-01         F               0         Blade 1 Z orientation angle, node 8, rad
        226    9.833E-01, -5.120E-02, -1.745E-01         F               0         Blade 1 X orientation angle, node 9, rad
        227   -9.724E-02,  6.630E-01, -7.423E-01         F               0         Blade 1 Y orientation angle, node 9, rad
        228    1.537E-01,  7.469E-01,  6.469E-01         F               0         Blade 1 Z orientation angle, node 9, rad
        229    9.819E-01, -4.240E-02, -1.844E-01         F               0         Blade 1 X orientation angle, node 10, rad
        230   -1.103E-01,  6.636E-01, -7.399E-01         F               0         Blade 1 Y orientation angle, node 10, rad
        231    1.537E-01,  7.469E-01,  6.469E-01         F               0         Blade 1 Z orientation angle, node 10, rad
        232    9.806E-01, -3.487E-02, -1.928E-01         F               0         Blade 1 X orientation angle, node 11, rad
        233   -1.214E-01,  6.640E-01, -7.378E-01         F               0         Blade 1 Y orientation angle, node 11, rad
        234    1.537E-01,  7.469E-01,  6.469E-01         F               0         Blade 1 Z orientation angle, node 11, rad
        235    9.794E-01, -2.826E-02, -2.001E-01         F               0         Blade 1 X orientation angle, node 12, rad
        236   -1.312E-01,  6.643E-01, -7.358E-01         F               0         Blade 1 Y orientation angle, node 12, rad
        237    1.537E-01,  7.469E-01,  6.469E-01         F               0         Blade 1 Z orientation angle, node 12, rad
        238    9.782E-01, -2.246E-02, -2.065E-01         F               0         Blade 1 X orientation angle, node 13, rad
        239   -1.397E-01,  6.646E-01, -7.341E-01         F               0         Blade 1 Y orientation angle, node 13, rad
        240    1.537E-01,  7.469E-01,  6.469E-01         F               0         Blade 1 Z orientation angle, node 13, rad
        241    9.771E-01, -1.724E-02, -2.123E-01         F               0         Blade 1 X orientation angle, node 14, rad
        242   -1.474E-01,  6.647E-01, -7.324E-01         F               0         Blade 1 Y orientation angle, node 14, rad
        243    1.537E-01,  7.469E-01,  6.469E-01         F               0         Blade 1 Z orientation angle, node 14, rad
        244    9.760E-01, -1.260E-02, -2.174E-01         F               0         Blade 1 X orientation angle, node 15, rad
        245   -1.542E-01,  6.648E-01, -7.309E-01         F               0         Blade 1 Y orientation angle, node 15, rad
        246    1.537E-01,  7.469E-01,  6.469E-01         F               0         Blade 1 Z orientation angle, node 15, rad
        247    9.750E-01, -8.426E-03, -2.220E-01         F               0         Blade 1 X orientation angle, node 16, rad
        248   -1.603E-01,  6.649E-01, -7.295E-01         F               0         Blade 1 Y orientation angle, node 16, rad
        249    1.537E-01,  7.469E-01,  6.469E-01         F               0         Blade 1 Z orientation angle, node 16, rad
        250    9.741E-01, -4.712E-03, -2.260E-01         F               0         Blade 1 X orientation angle, node 17, rad
        251   -1.658E-01,  6.649E-01, -7.283E-01         F               0         Blade 1 Y orientation angle, node 17, rad
        252    1.537E-01,  7.469E-01,  6.469E-01         F               0         Blade 1 Z orientation angle, node 17, rad
        253    9.732E-01, -1.231E-03, -2.298E-01         F               0         Blade 1 X orientation angle, node 18, rad
        254   -1.709E-01,  6.649E-01, -7.271E-01         F               0         Blade 1 Y orientation angle, node 18, rad
        255    1.537E-01,  7.469E-01,  6.469E-01         F               0         Blade 1 Z orientation angle, node 18, rad
        256    9.724E-01,  1.903E-03, -2.333E-01         F               0         Blade 1 X orientation angle, node 19, rad
        257   -1.754E-01,  6.649E-01, -7.260E-01         F               0         Blade 1 Y orientation angle, node 19, rad
        258    1.537E-01,  7.469E-01,  6.469E-01         F               0         Blade 1 Z orientation angle, node 19, rad
        259    9.717E-01,  4.688E-03, -2.363E-01         F               0         Blade 1 X orientation angle, node 20, rad
        260   -1.795E-01,  6.649E-01, -7.250E-01         F               0         Blade 1 Y orientation angle, node 20, rad
        261    1.537E-01,  7.469E-01,  6.469E-01         F               0         Blade 1 Z orientation angle, node 20, rad
        262    9.709E-01,  7.357E-03, -2.392E-01         F               0         Blade 1 X orientation angle, node 21, rad
        263   -1.834E-01,  6.649E-01, -7.241E-01         F               0         Blade 1 Y orientation angle, node 21, rad
        264    1.537E-01,  7.469E-01,  6.469E-01         F               0         Blade 1 Z orientation angle, node 21, rad
        265    9.703E-01,  9.794E-03, -2.419E-01         F               0         Blade 1 X orientation angle, node 22, rad
        266   -1.870E-01,  6.649E-01, -7.232E-01         F               0         Blade 1 Y orientation angle, node 22, rad
        267    1.537E-01,  7.469E-01,  6.469E-01         F               0         Blade 1 Z orientation angle, node 22, rad
        268    9.696E-01,  1.200E-02, -2.443E-01         F               0         Blade 1 X orientation angle, node 23, rad
        269   -1.902E-01,  6.648E-01, -7.224E-01         F               0         Blade 1 Y orientation angle, node 23, rad
        270    1.537E-01,  7.469E-01,  6.469E-01         F               0         Blade 1 Z orientation angle, node 23, rad
        271    9.690E-01,  1.409E-02, -2.465E-01         F               0         Blade 1 X orientation angle, node 24, rad
        272   -1.932E-01,  6.648E-01, -7.216E-01         F               0         Blade 1 Y orientation angle, node 24, rad
        273    1.537E-01,  7.469E-01,  6.469E-01         F               0         Blade 1 Z orientation angle, node 24, rad
        274    9.685E-01,  1.606E-02, -2.487E-01         F               0         Blade 1 X orientation angle, node 25, rad
        275   -1.961E-01,  6.648E-01, -7.209E-01         F               0         Blade 1 Y orientation angle, node 25, rad
        276    1.537E-01,  7.469E-01,  6.469E-01         F               0         Blade 1 Z orientation angle, node 25, rad
        277    9.679E-01,  1.780E-02, -2.505E-01         F               0         Blade 1 X orientation angle, node 26, rad
        278   -1.986E-01,  6.647E-01, -7.202E-01         F               0         Blade 1 Y orientation angle, node 26, rad
        279    1.537E-01,  7.469E-01,  6.469E-01         F               0         Blade 1 Z orientation angle, node 26, rad
        280    9.674E-01,  1.954E-02, -2.524E-01         F               0         Blade 1 X orientation angle, node 27, rad
        281   -2.012E-01,  6.647E-01, -7.195E-01         F               0         Blade 1 Y orientation angle, node 27, rad
        282    1.537E-01,  7.469E-01,  6.469E-01         F               0         Blade 1 Z orientation angle, node 27, rad
        283    9.671E-01,  2.047E-02, -2.534E-01         F               0         Blade 1 X orientation angle, node 28, rad
        284   -2.025E-01,  6.646E-01, -7.192E-01         F               0         Blade 1 Y orientation angle, node 28, rad
        285    1.537E-01,  7.469E-01,  6.469E-01         F               0         Blade 1 Z orientation angle, node 28, rad
        286    1.163E+00                                 F               0         Blade 1 X translation velocity, node 1, m/s
        287   -3.802E+00                                 F               0         Blade 1 Y translation velocity, node 1, m/s
        288    4.179E+00                                 F               0         Blade 1 Z translation velocity, node 1, m/s
        289    1.444E+00                                 F               0         Blade 1 X translation velocity, node 2, m/s
        290   -4.731E+00                                 F               0         Blade 1 Y translation velocity, node 2, m/s
        291    5.184E+00                                 F               0         Blade 1 Z translation velocity, node 2, m/s
        292    5.268E+00                                 F               0         Blade 1 X translation velocity, node 3, m/s
        293   -1.736E+01                                 F               0         Blade 1 Y translation velocity, node 3, m/s
        294    1.885E+01                                 F               0         Blade 1 Z translation velocity, node 3, m/s
        295    6.082E+00                                 F               0         Blade 1 X translation velocity, node 4, m/s
        296   -2.005E+01                                 F               0         Blade 1 Y translation velocity, node 4, m/s
        297    2.177E+01                                 F               0         Blade 1 Z translation velocity, node 4, m/s
        298    6.897E+00                                 F               0         Blade 1 X translation velocity, node 5, m/s
        299   -2.274E+01                                 F               0         Blade 1 Y translation velocity, node 5, m/s
        300    2.468E+01                                 F               0         Blade 1 Z translation velocity, node 5, m/s
        301    7.712E+00                                 F               0         Blade 1 X translation velocity, node 6, m/s
        302   -2.543E+01                                 F               0         Blade 1 Y translation velocity, node 6, m/s
        303    2.759E+01                                 F               0         Blade 1 Z translation velocity, node 6, m/s
        304    8.526E+00                                 F               0         Blade 1 X translation velocity, node 7, m/s
        305   -2.812E+01                                 F               0         Blade 1 Y translation velocity, node 7, m/s
        306    3.051E+01                                 F               0         Blade 1 Z translation velocity, node 7, m/s
        307    9.341E+00                                 F               0         Blade 1 X translation velocity, node 8, m/s
