
Linearized model: Predictions were generated on 12-Feb-2024 at 18:31:58 using OpenFAST, compiled as a 64-bit application using single precision at commit v3.5.1
 linked with  NWTC Subroutine Library; ElastoDyn; InflowWind; AeroDyn; ServoDyn; HydroDyn; MAP++ (<1.20.10>, <Oct-20-2023>)

Description from the FAST input file: CCT-9 Campign 4 model. Input files to be run with OpenFAST 3.5.0. GitHub branch from Lu Wang (https://github.com/luwang00/openfast/tree/dev) compiled on March 7, 2023.

Simulation information:
   Simulation time:                  1001.2500 s
   Rotor Speed:                         1.0460 rad/s
   Azimuth:                             0.9747 rad
   Wind Speed:                         12.0000 m/s
   Number of continuous states:         0
   Number of discrete states:           0
   Number of constraint states:         0
   Number of inputs:                 1746
   Number of outputs:                   4
   Jacobians included in this file?    No

Order of inputs:
     Column   Operating Point                     Rotating Frame? Derivative Order Description
   ---------- ---------------                     --------------- ---------------- -----------
          1    1.518E+01                                 F               0         Tower X translation displacement, node 1, m
          2   -1.054E+00                                 F               0         Tower Y translation displacement, node 1, m
          3   -4.780E-01                                 F               0         Tower Z translation displacement, node 1, m
          4    1.705E+01                                 F               0         Tower X translation displacement, node 2, m
          5   -1.609E+00                                 F               0         Tower Y translation displacement, node 2, m
          6   -6.320E-01                                 F               0         Tower Z translation displacement, node 2, m
          7    1.891E+01                                 F               0         Tower X translation displacement, node 3, m
          8   -2.163E+00                                 F               0         Tower Y translation displacement, node 3, m
          9   -7.859E-01                                 F               0         Tower Z translation displacement, node 3, m
         10    2.077E+01                                 F               0         Tower X translation displacement, node 4, m
         11   -2.718E+00                                 F               0         Tower Y translation displacement, node 4, m
         12   -9.399E-01                                 F               0         Tower Z translation displacement, node 4, m
         13    2.264E+01                                 F               0         Tower X translation displacement, node 5, m
         14   -3.273E+00                                 F               0         Tower Y translation displacement, node 5, m
         15   -1.094E+00                                 F               0         Tower Z translation displacement, node 5, m
         16    2.450E+01                                 F               0         Tower X translation displacement, node 6, m
         17   -3.828E+00                                 F               0         Tower Y translation displacement, node 6, m
         18   -1.248E+00                                 F               0         Tower Z translation displacement, node 6, m
         19    2.636E+01                                 F               0         Tower X translation displacement, node 7, m
         20   -4.382E+00                                 F               0         Tower Y translation displacement, node 7, m
         21   -1.402E+00                                 F               0         Tower Z translation displacement, node 7, m
         22    2.823E+01                                 F               0         Tower X translation displacement, node 8, m
         23   -4.937E+00                                 F               0         Tower Y translation displacement, node 8, m
         24   -1.556E+00                                 F               0         Tower Z translation displacement, node 8, m
         25    3.009E+01                                 F               0         Tower X translation displacement, node 9, m
         26   -5.492E+00                                 F               0         Tower Y translation displacement, node 9, m
         27   -1.710E+00                                 F               0         Tower Z translation displacement, node 9, m
         28    3.195E+01                                 F               0         Tower X translation displacement, node 10, m
         29   -6.046E+00                                 F               0         Tower Y translation displacement, node 10, m
         30   -1.863E+00                                 F               0         Tower Z translation displacement, node 10, m
         31    3.382E+01                                 F               0         Tower X translation displacement, node 11, m
         32   -6.601E+00                                 F               0         Tower Y translation displacement, node 11, m
         33   -2.017E+00                                 F               0         Tower Z translation displacement, node 11, m
         34    9.885E-01,  1.462E-02, -1.503E-01         F               0         Tower X orientation angle, node 1, rad
         35   -7.688E-03,  9.989E-01,  4.659E-02         F               0         Tower Y orientation angle, node 1, rad
         36    1.508E-01, -4.490E-02,  9.875E-01         F               0         Tower Z orientation angle, node 1, rad
         37    9.885E-01,  1.462E-02, -1.503E-01         F               0         Tower X orientation angle, node 2, rad
         38   -7.688E-03,  9.989E-01,  4.659E-02         F               0         Tower Y orientation angle, node 2, rad
         39    1.508E-01, -4.490E-02,  9.875E-01         F               0         Tower Z orientation angle, node 2, rad
         40    9.885E-01,  1.462E-02, -1.503E-01         F               0         Tower X orientation angle, node 3, rad
         41   -7.688E-03,  9.989E-01,  4.659E-02         F               0         Tower Y orientation angle, node 3, rad
         42    1.508E-01, -4.490E-02,  9.875E-01         F               0         Tower Z orientation angle, node 3, rad
         43    9.885E-01,  1.462E-02, -1.503E-01         F               0         Tower X orientation angle, node 4, rad
         44   -7.688E-03,  9.989E-01,  4.659E-02         F               0         Tower Y orientation angle, node 4, rad
         45    1.508E-01, -4.490E-02,  9.875E-01         F               0         Tower Z orientation angle, node 4, rad
         46    9.885E-01,  1.462E-02, -1.503E-01         F               0         Tower X orientation angle, node 5, rad
         47   -7.688E-03,  9.989E-01,  4.659E-02         F               0         Tower Y orientation angle, node 5, rad
         48    1.508E-01, -4.490E-02,  9.875E-01         F               0         Tower Z orientation angle, node 5, rad
         49    9.885E-01,  1.462E-02, -1.503E-01         F               0         Tower X orientation angle, node 6, rad
         50   -7.688E-03,  9.989E-01,  4.659E-02         F               0         Tower Y orientation angle, node 6, rad
         51    1.508E-01, -4.490E-02,  9.875E-01         F               0         Tower Z orientation angle, node 6, rad
         52    9.885E-01,  1.462E-02, -1.503E-01         F               0         Tower X orientation angle, node 7, rad
         53   -7.688E-03,  9.989E-01,  4.659E-02         F               0         Tower Y orientation angle, node 7, rad
         54    1.508E-01, -4.490E-02,  9.875E-01         F               0         Tower Z orientation angle, node 7, rad
         55    9.885E-01,  1.462E-02, -1.503E-01         F               0         Tower X orientation angle, node 8, rad
         56   -7.688E-03,  9.989E-01,  4.659E-02         F               0         Tower Y orientation angle, node 8, rad
         57    1.508E-01, -4.490E-02,  9.875E-01         F               0         Tower Z orientation angle, node 8, rad
         58    9.885E-01,  1.462E-02, -1.503E-01         F               0         Tower X orientation angle, node 9, rad
         59   -7.688E-03,  9.989E-01,  4.659E-02         F               0         Tower Y orientation angle, node 9, rad
         60    1.508E-01, -4.490E-02,  9.875E-01         F               0         Tower Z orientation angle, node 9, rad
         61    9.885E-01,  1.462E-02, -1.503E-01         F               0         Tower X orientation angle, node 10, rad
         62   -7.688E-03,  9.989E-01,  4.659E-02         F               0         Tower Y orientation angle, node 10, rad
         63    1.508E-01, -4.490E-02,  9.875E-01         F               0         Tower Z orientation angle, node 10, rad
         64    9.885E-01,  1.462E-02, -1.503E-01         F               0         Tower X orientation angle, node 11, rad
         65   -7.688E-03,  9.989E-01,  4.659E-02         F               0         Tower Y orientation angle, node 11, rad
         66    1.508E-01, -4.490E-02,  9.875E-01         F               0         Tower Z orientation angle, node 11, rad
         67   -9.800E-04                                 F               0         Tower X translation velocity, node 1, m/s
         68   -5.470E-03                                 F               0         Tower Y translation velocity, node 1, m/s
         69   -1.644E-03                                 F               0         Tower Z translation velocity, node 1, m/s
         70   -1.467E-03                                 F               0         Tower X translation velocity, node 2, m/s
         71   -9.485E-03                                 F               0         Tower Y translation velocity, node 2, m/s
         72   -1.753E-03                                 F               0         Tower Z translation velocity, node 2, m/s
         73   -1.954E-03                                 F               0         Tower X translation velocity, node 3, m/s
         74   -1.350E-02                                 F               0         Tower Y translation velocity, node 3, m/s
         75   -1.861E-03                                 F               0         Tower Z translation velocity, node 3, m/s
         76   -2.441E-03                                 F               0         Tower X translation velocity, node 4, m/s
         77   -1.752E-02                                 F               0         Tower Y translation velocity, node 4, m/s
         78   -1.969E-03                                 F               0         Tower Z translation velocity, node 4, m/s
         79   -2.928E-03                                 F               0         Tower X translation velocity, node 5, m/s
         80   -2.153E-02                                 F               0         Tower Y translation velocity, node 5, m/s
         81   -2.077E-03                                 F               0         Tower Z translation velocity, node 5, m/s
         82   -3.415E-03                                 F               0         Tower X translation velocity, node 6, m/s
         83   -2.555E-02                                 F               0         Tower Y translation velocity, node 6, m/s
         84   -2.185E-03                                 F               0         Tower Z translation velocity, node 6, m/s
         85   -3.902E-03                                 F               0         Tower X translation velocity, node 7, m/s
         86   -2.956E-02                                 F               0         Tower Y translation velocity, node 7, m/s
         87   -2.294E-03                                 F               0         Tower Z translation velocity, node 7, m/s
         88   -4.389E-03                                 F               0         Tower X translation velocity, node 8, m/s
         89   -3.358E-02                                 F               0         Tower Y translation velocity, node 8, m/s
         90   -2.402E-03                                 F               0         Tower Z translation velocity, node 8, m/s
         91   -4.876E-03                                 F               0         Tower X translation velocity, node 9, m/s
         92   -3.759E-02                                 F               0         Tower Y translation velocity, node 9, m/s
         93   -2.510E-03                                 F               0         Tower Z translation velocity, node 9, m/s
         94   -5.363E-03                                 F               0         Tower X translation velocity, node 10, m/s
         95   -4.161E-02                                 F               0         Tower Y translation velocity, node 10, m/s
         96   -2.618E-03                                 F               0         Tower Z translation velocity, node 10, m/s
         97   -5.850E-03                                 F               0         Tower X translation velocity, node 11, m/s
         98   -4.562E-02                                 F               0         Tower Y translation velocity, node 11, m/s
         99   -2.726E-03                                 F               0         Tower Z translation velocity, node 11, m/s
        100    3.512E+01                                 F               0         Hub X translation displacement, node 1, m
        101   -7.112E+00                                 F               0         Hub Y translation displacement, node 1, m
        102   -4.918E-01                                 F               0         Hub Z translation displacement, node 1, m
        103    9.674E-01,  1.923E-02, -2.527E-01         F               0         Hub X orientation angle, node 1, rad
        104    2.053E-01,  5.251E-01,  8.259E-01         F               0         Hub Y orientation angle, node 1, rad
        105    1.486E-01, -8.508E-01,  5.040E-01         F               0         Hub Z orientation angle, node 1, rad
        106    1.012E+00                                 F               0         Hub X rotation velocity, node 1, rad/s
        107    2.008E-02                                 F               0         Hub Y rotation velocity, node 1, rad/s
        108   -2.643E-01                                 F               0         Hub Z rotation velocity, node 1, rad/s
        109    9.608E-01,  3.645E-03, -2.771E-01         F               0         Blade root 1 X orientation angle, node 1, rad
        110    2.339E-01,  5.255E-01,  8.180E-01         F               0         Blade root 1 Y orientation angle, node 1, rad
        111    1.486E-01, -8.508E-01,  5.040E-01         F               0         Blade root 1 Z orientation angle, node 1, rad
        112    9.662E-01,  4.887E-02, -2.533E-01         F               0         Blade root 2 X orientation angle, node 1, rad
        113    5.471E-02, -9.984E-01,  1.607E-02         F               0         Blade root 2 Y orientation angle, node 1, rad
        114   -2.521E-01, -2.938E-02, -9.673E-01         F               0         Blade root 2 Z orientation angle, node 1, rad
        115    9.738E-01,  5.155E-03, -2.274E-01         F               0         Blade root 3 X orientation angle, node 1, rad
        116   -2.025E-01,  4.746E-01, -8.566E-01         F               0         Blade root 3 Y orientation angle, node 1, rad
        117    1.035E-01,  8.802E-01,  4.632E-01         F               0         Blade root 3 Z orientation angle, node 1, rad
        118    3.537E+01                                 F               0         Blade 1 X translation displacement, node 1, m
        119   -1.183E+01                                 F               0         Blade 1 Y translation displacement, node 1, m
        120   -3.209E+00                                 F               0         Blade 1 Z translation displacement, node 1, m
        121    3.543E+01                                 F               0         Blade 1 X translation displacement, node 2, m
        122   -1.296E+01                                 F               0         Blade 1 Y translation displacement, node 2, m
        123   -3.864E+00                                 F               0         Blade 1 Z translation displacement, node 2, m
        124    3.623E+01                                 F               0         Blade 1 X translation displacement, node 3, m
        125   -2.840E+01                                 F               0         Blade 1 Y translation displacement, node 3, m
        126   -1.277E+01                                 F               0         Blade 1 Z translation displacement, node 3, m
        127    3.640E+01                                 F               0         Blade 1 X translation displacement, node 4, m
        128   -3.170E+01                                 F               0         Blade 1 Y translation displacement, node 4, m
        129   -1.466E+01                                 F               0         Blade 1 Z translation displacement, node 4, m
        130    3.657E+01                                 F               0         Blade 1 X translation displacement, node 5, m
        131   -3.499E+01                                 F               0         Blade 1 Y translation displacement, node 5, m
        132   -1.656E+01                                 F               0         Blade 1 Z translation displacement, node 5, m
        133    3.674E+01                                 F               0         Blade 1 X translation displacement, node 6, m
        134   -3.828E+01                                 F               0         Blade 1 Y translation displacement, node 6, m
        135   -1.846E+01                                 F               0         Blade 1 Z translation displacement, node 6, m
        136    3.691E+01                                 F               0         Blade 1 X translation displacement, node 7, m
        137   -4.157E+01                                 F               0         Blade 1 Y translation displacement, node 7, m
        138   -2.036E+01                                 F               0         Blade 1 Z translation displacement, node 7, m
        139    3.708E+01                                 F               0         Blade 1 X translation displacement, node 8, m
        140   -4.486E+01                                 F               0         Blade 1 Y translation displacement, node 8, m
        141   -2.225E+01                                 F               0         Blade 1 Z translation displacement, node 8, m
        142    3.725E+01                                 F               0         Blade 1 X translation displacement, node 9, m
        143   -4.815E+01                                 F               0         Blade 1 Y translation displacement, node 9, m
        144   -2.415E+01                                 F               0         Blade 1 Z translation displacement, node 9, m
        145    3.742E+01                                 F               0         Blade 1 X translation displacement, node 10, m
        146   -5.144E+01                                 F               0         Blade 1 Y translation displacement, node 10, m
        147   -2.605E+01                                 F               0         Blade 1 Z translation displacement, node 10, m
        148    3.759E+01                                 F               0         Blade 1 X translation displacement, node 11, m
        149   -5.473E+01                                 F               0         Blade 1 Y translation displacement, node 11, m
        150   -2.794E+01                                 F               0         Blade 1 Z translation displacement, node 11, m
        151    3.776E+01                                 F               0         Blade 1 X translation displacement, node 12, m
        152   -5.802E+01                                 F               0         Blade 1 Y translation displacement, node 12, m
        153   -2.984E+01                                 F               0         Blade 1 Z translation displacement, node 12, m
        154    3.793E+01                                 F               0         Blade 1 X translation displacement, node 13, m
        155   -6.131E+01                                 F               0         Blade 1 Y translation displacement, node 13, m
        156   -3.174E+01                                 F               0         Blade 1 Z translation displacement, node 13, m
        157    3.810E+01                                 F               0         Blade 1 X translation displacement, node 14, m
        158   -6.460E+01                                 F               0         Blade 1 Y translation displacement, node 14, m
        159   -3.363E+01                                 F               0         Blade 1 Z translation displacement, node 14, m
        160    3.827E+01                                 F               0         Blade 1 X translation displacement, node 15, m
        161   -6.789E+01                                 F               0         Blade 1 Y translation displacement, node 15, m
        162   -3.553E+01                                 F               0         Blade 1 Z translation displacement, node 15, m
        163    3.844E+01                                 F               0         Blade 1 X translation displacement, node 16, m
        164   -7.118E+01                                 F               0         Blade 1 Y translation displacement, node 16, m
        165   -3.743E+01                                 F               0         Blade 1 Z translation displacement, node 16, m
        166    3.861E+01                                 F               0         Blade 1 X translation displacement, node 17, m
        167   -7.447E+01                                 F               0         Blade 1 Y translation displacement, node 17, m
        168   -3.933E+01                                 F               0         Blade 1 Z translation displacement, node 17, m
        169    3.878E+01                                 F               0         Blade 1 X translation displacement, node 18, m
        170   -7.776E+01                                 F               0         Blade 1 Y translation displacement, node 18, m
        171   -4.122E+01                                 F               0         Blade 1 Z translation displacement, node 18, m
        172    3.895E+01                                 F               0         Blade 1 X translation displacement, node 19, m
        173   -8.106E+01                                 F               0         Blade 1 Y translation displacement, node 19, m
        174   -4.312E+01                                 F               0         Blade 1 Z translation displacement, node 19, m
        175    3.912E+01                                 F               0         Blade 1 X translation displacement, node 20, m
        176   -8.435E+01                                 F               0         Blade 1 Y translation displacement, node 20, m
        177   -4.502E+01                                 F               0         Blade 1 Z translation displacement, node 20, m
        178    3.929E+01                                 F               0         Blade 1 X translation displacement, node 21, m
        179   -8.764E+01                                 F               0         Blade 1 Y translation displacement, node 21, m
        180   -4.691E+01                                 F               0         Blade 1 Z translation displacement, node 21, m
        181    3.947E+01                                 F               0         Blade 1 X translation displacement, node 22, m
        182   -9.093E+01                                 F               0         Blade 1 Y translation displacement, node 22, m
        183   -4.881E+01                                 F               0         Blade 1 Z translation displacement, node 22, m
        184    3.964E+01                                 F               0         Blade 1 X translation displacement, node 23, m
        185   -9.422E+01                                 F               0         Blade 1 Y translation displacement, node 23, m
        186   -5.071E+01                                 F               0         Blade 1 Z translation displacement, node 23, m
        187    3.981E+01                                 F               0         Blade 1 X translation displacement, node 24, m
        188   -9.751E+01                                 F               0         Blade 1 Y translation displacement, node 24, m
        189   -5.260E+01                                 F               0         Blade 1 Z translation displacement, node 24, m
        190    3.998E+01                                 F               0         Blade 1 X translation displacement, node 25, m
        191   -1.008E+02                                 F               0         Blade 1 Y translation displacement, node 25, m
        192   -5.450E+01                                 F               0         Blade 1 Z translation displacement, node 25, m
        193    4.015E+01                                 F               0         Blade 1 X translation displacement, node 26, m
        194   -1.041E+02                                 F               0         Blade 1 Y translation displacement, node 26, m
        195   -5.640E+01                                 F               0         Blade 1 Z translation displacement, node 26, m
        196    4.032E+01                                 F               0         Blade 1 X translation displacement, node 27, m
        197   -1.074E+02                                 F               0         Blade 1 Y translation displacement, node 27, m
        198   -5.830E+01                                 F               0         Blade 1 Z translation displacement, node 27, m
        199    4.046E+01                                 F               0         Blade 1 X translation displacement, node 28, m
        200   -1.102E+02                                 F               0         Blade 1 Y translation displacement, node 28, m
        201   -5.990E+01                                 F               0         Blade 1 Z translation displacement, node 28, m
        202    7.484E-01, -2.364E-01, -6.196E-01         F               0         Blade 1 X orientation angle, node 1, rad
        203    6.463E-01,  4.693E-01,  6.017E-01         F               0         Blade 1 Y orientation angle, node 1, rad
        204    1.486E-01, -8.508E-01,  5.040E-01         F               0         Blade 1 Z orientation angle, node 1, rad
        205    7.484E-01, -2.364E-01, -6.196E-01         F               0         Blade 1 X orientation angle, node 2, rad
        206    6.463E-01,  4.693E-01,  6.017E-01         F               0         Blade 1 Y orientation angle, node 2, rad
        207    1.486E-01, -8.508E-01,  5.040E-01         F               0         Blade 1 Z orientation angle, node 2, rad
        208    8.803E-01, -1.184E-01, -4.594E-01         F               0         Blade 1 X orientation angle, node 3, rad
        209    4.505E-01,  5.120E-01,  7.314E-01         F               0         Blade 1 Y orientation angle, node 3, rad
        210    1.486E-01, -8.508E-01,  5.040E-01         F               0         Blade 1 Z orientation angle, node 3, rad
        211    8.985E-01, -9.669E-02, -4.281E-01         F               0         Blade 1 X orientation angle, node 4, rad
        212    4.130E-01,  5.165E-01,  7.501E-01         F               0         Blade 1 Y orientation angle, node 4, rad
        213    1.486E-01, -8.508E-01,  5.040E-01         F               0         Blade 1 Z orientation angle, node 4, rad
        214    9.117E-01, -7.951E-02, -4.030E-01         F               0         Blade 1 X orientation angle, node 5, rad
        215    3.829E-01,  5.194E-01,  7.639E-01         F               0         Blade 1 Y orientation angle, node 5, rad
        216    1.486E-01, -8.508E-01,  5.040E-01         F               0         Blade 1 Z orientation angle, node 5, rad
        217    9.216E-01, -6.570E-02, -3.826E-01         F               0         Blade 1 X orientation angle, node 6, rad
        218    3.586E-01,  5.214E-01,  7.743E-01         F               0         Blade 1 Y orientation angle, node 6, rad
        219    1.486E-01, -8.508E-01,  5.040E-01         F               0         Blade 1 Z orientation angle, node 6, rad
        220    9.292E-01, -5.431E-02, -3.656E-01         F               0         Blade 1 X orientation angle, node 7, rad
        221    3.384E-01,  5.227E-01,  7.825E-01         F               0         Blade 1 Y orientation angle, node 7, rad
        222    1.486E-01, -8.508E-01,  5.040E-01         F               0         Blade 1 Z orientation angle, node 7, rad
        223    9.352E-01, -4.482E-02, -3.513E-01         F               0         Blade 1 X orientation angle, node 8, rad
        224    3.215E-01,  5.236E-01,  7.890E-01         F               0         Blade 1 Y orientation angle, node 8, rad
        225    1.486E-01, -8.508E-01,  5.040E-01         F               0         Blade 1 Z orientation angle, node 8, rad
        226    9.400E-01, -3.677E-02, -3.392E-01         F               0         Blade 1 X orientation angle, node 9, rad
        227    3.071E-01,  5.242E-01,  7.943E-01         F               0         Blade 1 Y orientation angle, node 9, rad
        228    1.486E-01, -8.508E-01,  5.040E-01         F               0         Blade 1 Z orientation angle, node 9, rad
        229    9.440E-01, -2.982E-02, -3.286E-01         F               0         Blade 1 X orientation angle, node 10, rad
        230    2.946E-01,  5.246E-01,  7.987E-01         F               0         Blade 1 Y orientation angle, node 10, rad
        231    1.486E-01, -8.508E-01,  5.040E-01         F               0         Blade 1 Z orientation angle, node 10, rad
        232    9.473E-01, -2.386E-02, -3.195E-01         F               0         Blade 1 X orientation angle, node 11, rad
        233    2.839E-01,  5.249E-01,  8.024E-01         F               0         Blade 1 Y orientation angle, node 11, rad
        234    1.486E-01, -8.508E-01,  5.040E-01         F               0         Blade 1 Z orientation angle, node 11, rad
        235    9.501E-01, -1.864E-02, -3.115E-01         F               0         Blade 1 X orientation angle, node 12, rad
        236    2.744E-01,  5.252E-01,  8.055E-01         F               0         Blade 1 Y orientation angle, node 12, rad
        237    1.486E-01, -8.508E-01,  5.040E-01         F               0         Blade 1 Z orientation angle, node 12, rad
        238    9.524E-01, -1.405E-02, -3.045E-01         F               0         Blade 1 X orientation angle, node 13, rad
        239    2.661E-01,  5.253E-01,  8.082E-01         F               0         Blade 1 Y orientation angle, node 13, rad
        240    1.486E-01, -8.508E-01,  5.040E-01         F               0         Blade 1 Z orientation angle, node 13, rad
        241    9.545E-01, -9.928E-03, -2.981E-01         F               0         Blade 1 X orientation angle, node 14, rad
        242    2.587E-01,  5.254E-01,  8.106E-01         F               0         Blade 1 Y orientation angle, node 14, rad
        243    1.486E-01, -8.508E-01,  5.040E-01         F               0         Blade 1 Z orientation angle, node 14, rad
        244    9.563E-01, -6.260E-03, -2.925E-01         F               0         Blade 1 X orientation angle, node 15, rad
        245    2.520E-01,  5.255E-01,  8.126E-01         F               0         Blade 1 Y orientation angle, node 15, rad
        246    1.486E-01, -8.508E-01,  5.040E-01         F               0         Blade 1 Z orientation angle, node 15, rad
        247    9.578E-01, -2.959E-03, -2.874E-01         F               0         Blade 1 X orientation angle, node 16, rad
        248    2.460E-01,  5.255E-01,  8.145E-01         F               0         Blade 1 Y orientation angle, node 16, rad
        249    1.486E-01, -8.508E-01,  5.040E-01         F               0         Blade 1 Z orientation angle, node 16, rad
        250    9.592E-01, -2.370E-05, -2.828E-01         F               0         Blade 1 X orientation angle, node 17, rad
        251    2.406E-01,  5.255E-01,  8.161E-01         F               0         Blade 1 Y orientation angle, node 17, rad
        252    1.486E-01, -8.508E-01,  5.040E-01         F               0         Blade 1 Z orientation angle, node 17, rad
        253    9.604E-01,  2.728E-03, -2.785E-01         F               0         Blade 1 X orientation angle, node 18, rad
        254    2.356E-01,  5.255E-01,  8.175E-01         F               0         Blade 1 Y orientation angle, node 18, rad
        255    1.486E-01, -8.508E-01,  5.040E-01         F               0         Blade 1 Z orientation angle, node 18, rad
        256    9.615E-01,  5.204E-03, -2.747E-01         F               0         Blade 1 X orientation angle, node 19, rad
        257    2.311E-01,  5.255E-01,  8.188E-01         F               0         Blade 1 Y orientation angle, node 19, rad
        258    1.486E-01, -8.508E-01,  5.040E-01         F               0         Blade 1 Z orientation angle, node 19, rad
        259    9.625E-01,  7.405E-03, -2.712E-01         F               0         Blade 1 X orientation angle, node 20, rad
        260    2.270E-01,  5.254E-01,  8.200E-01         F               0         Blade 1 Y orientation angle, node 20, rad
        261    1.486E-01, -8.508E-01,  5.040E-01         F               0         Blade 1 Z orientation angle, node 20, rad
        262    9.634E-01,  9.514E-03, -2.679E-01         F               0         Blade 1 X orientation angle, node 21, rad
        263    2.232E-01,  5.254E-01,  8.211E-01         F               0         Blade 1 Y orientation angle, node 21, rad
        264    1.486E-01, -8.508E-01,  5.040E-01         F               0         Blade 1 Z orientation angle, node 21, rad
        265    9.642E-01,  1.144E-02, -2.649E-01         F               0         Blade 1 X orientation angle, node 22, rad
        266    2.196E-01,  5.254E-01,  8.220E-01         F               0         Blade 1 Y orientation angle, node 22, rad
        267    1.486E-01, -8.508E-01,  5.040E-01         F               0         Blade 1 Z orientation angle, node 22, rad
        268    9.649E-01,  1.318E-02, -2.622E-01         F               0         Blade 1 X orientation angle, node 23, rad
        269    2.164E-01,  5.253E-01,  8.229E-01         F               0         Blade 1 Y orientation angle, node 23, rad
        270    1.486E-01, -8.508E-01,  5.040E-01         F               0         Blade 1 Z orientation angle, node 23, rad
        271    9.656E-01,  1.483E-02, -2.596E-01         F               0         Blade 1 X orientation angle, node 24, rad
        272    2.134E-01,  5.253E-01,  8.237E-01         F               0         Blade 1 Y orientation angle, node 24, rad
        273    1.486E-01, -8.508E-01,  5.040E-01         F               0         Blade 1 Z orientation angle, node 24, rad
        274    9.662E-01,  1.639E-02, -2.572E-01         F               0         Blade 1 X orientation angle, node 25, rad
        275    2.105E-01,  5.252E-01,  8.245E-01         F               0         Blade 1 Y orientation angle, node 25, rad
        276    1.486E-01, -8.508E-01,  5.040E-01         F               0         Blade 1 Z orientation angle, node 25, rad
        277    9.668E-01,  1.777E-02, -2.550E-01         F               0         Blade 1 X orientation angle, node 26, rad
        278    2.080E-01,  5.252E-01,  8.252E-01         F               0         Blade 1 Y orientation angle, node 26, rad
        279    1.486E-01, -8.508E-01,  5.040E-01         F               0         Blade 1 Z orientation angle, node 26, rad
        280    9.673E-01,  1.914E-02, -2.529E-01         F               0         Blade 1 X orientation angle, node 27, rad
        281    2.055E-01,  5.251E-01,  8.258E-01         F               0         Blade 1 Y orientation angle, node 27, rad
        282    1.486E-01, -8.508E-01,  5.040E-01         F               0         Blade 1 Z orientation angle, node 27, rad
        283    9.676E-01,  1.987E-02, -2.517E-01         F               0         Blade 1 X orientation angle, node 28, rad
        284    2.041E-01,  5.251E-01,  8.262E-01         F               0         Blade 1 Y orientation angle, node 28, rad
        285    1.486E-01, -8.508E-01,  5.040E-01         F               0         Blade 1 Z orientation angle, node 28, rad
        286   -1.196E+00                                 F               0         Blade 1 X translation velocity, node 1, m/s
        287   -3.093E+00                                 F               0         Blade 1 Y translation velocity, node 1, m/s
        288   -4.791E+00                                 F               0         Blade 1 Z translation velocity, node 1, m/s
        289   -1.483E+00                                 F               0         Blade 1 X translation velocity, node 2, m/s
        290   -3.826E+00                                 F               0         Blade 1 Y translation velocity, node 2, m/s
        291   -5.944E+00                                 F               0         Blade 1 Z translation velocity, node 2, m/s
        292   -5.382E+00                                 F               0         Blade 1 X translation velocity, node 3, m/s
        293   -1.380E+01                                 F               0         Blade 1 Y translation velocity, node 3, m/s
        294   -2.163E+01                                 F               0         Blade 1 Z translation velocity, node 3, m/s
        295   -6.212E+00                                 F               0         Blade 1 X translation velocity, node 4, m/s
        296   -1.592E+01                                 F               0         Blade 1 Y translation velocity, node 4, m/s
        297   -2.497E+01                                 F               0         Blade 1 Z translation velocity, node 4, m/s
        298   -7.043E+00                                 F               0         Blade 1 X translation velocity, node 5, m/s
        299   -1.805E+01                                 F               0         Blade 1 Y translation velocity, node 5, m/s
        300   -2.831E+01                                 F               0         Blade 1 Z translation velocity, node 5, m/s
        301   -7.874E+00                                 F               0         Blade 1 X translation velocity, node 6, m/s
        302   -2.018E+01                                 F               0         Blade 1 Y translation velocity, node 6, m/s
        303   -3.166E+01                                 F               0         Blade 1 Z translation velocity, node 6, m/s
        304   -8.704E+00                                 F               0         Blade 1 X translation velocity, node 7, m/s
        305   -2.230E+01                                 F               0         Blade 1 Y translation velocity, node 7, m/s
        306   -3.500E+01                                 F               0         Blade 1 Z translation velocity, node 7, m/s
        307   -9.535E+00                                 F               0         Blade 1 X translation velocity, node 8, m/s
