
Linearized model: Predictions were generated on 12-Feb-2024 at 18:31:58 using OpenFAST, compiled as a 64-bit application using single precision at commit v3.5.1
 linked with  NWTC Subroutine Library; ElastoDyn; InflowWind; AeroDyn; ServoDyn; HydroDyn; MAP++ (<1.20.10>, <Oct-20-2023>)

Description from the FAST input file: CCT-9 Campign 4 model. Input files to be run with OpenFAST 3.5.0. GitHub branch from Lu Wang (https://github.com/luwang00/openfast/tree/dev) compiled on March 7, 2023.

Simulation information:
   Simulation time:                  1007.9500 s
   Rotor Speed:                         1.0472 rad/s
   Azimuth:                             1.7048 rad
   Wind Speed:                         12.0000 m/s
   Number of continuous states:         0
   Number of discrete states:           0
   Number of constraint states:         0
   Number of inputs:                 1746
   Number of outputs:                   4
   Jacobians included in this file?    No

Order of inputs:
     Column   Operating Point                     Rotating Frame? Derivative Order Description
   ---------- ---------------                     --------------- ---------------- -----------
          1    1.518E+01                                 F               0         Tower X translation displacement, node 1, m
          2   -1.027E+00                                 F               0         Tower Y translation displacement, node 1, m
          3   -4.574E-01                                 F               0         Tower Z translation displacement, node 1, m
          4    1.704E+01                                 F               0         Tower X translation displacement, node 2, m
          5   -1.565E+00                                 F               0         Tower Y translation displacement, node 2, m
          6   -6.102E-01                                 F               0         Tower Z translation displacement, node 2, m
          7    1.890E+01                                 F               0         Tower X translation displacement, node 3, m
          8   -2.104E+00                                 F               0         Tower Y translation displacement, node 3, m
          9   -7.631E-01                                 F               0         Tower Z translation displacement, node 3, m
         10    2.076E+01                                 F               0         Tower X translation displacement, node 4, m
         11   -2.642E+00                                 F               0         Tower Y translation displacement, node 4, m
         12   -9.159E-01                                 F               0         Tower Z translation displacement, node 4, m
         13    2.262E+01                                 F               0         Tower X translation displacement, node 5, m
         14   -3.181E+00                                 F               0         Tower Y translation displacement, node 5, m
         15   -1.069E+00                                 F               0         Tower Z translation displacement, node 5, m
         16    2.449E+01                                 F               0         Tower X translation displacement, node 6, m
         17   -3.719E+00                                 F               0         Tower Y translation displacement, node 6, m
         18   -1.222E+00                                 F               0         Tower Z translation displacement, node 6, m
         19    2.635E+01                                 F               0         Tower X translation displacement, node 7, m
         20   -4.257E+00                                 F               0         Tower Y translation displacement, node 7, m
         21   -1.374E+00                                 F               0         Tower Z translation displacement, node 7, m
         22    2.821E+01                                 F               0         Tower X translation displacement, node 8, m
         23   -4.796E+00                                 F               0         Tower Y translation displacement, node 8, m
         24   -1.527E+00                                 F               0         Tower Z translation displacement, node 8, m
         25    3.007E+01                                 F               0         Tower X translation displacement, node 9, m
         26   -5.334E+00                                 F               0         Tower Y translation displacement, node 9, m
         27   -1.680E+00                                 F               0         Tower Z translation displacement, node 9, m
         28    3.193E+01                                 F               0         Tower X translation displacement, node 10, m
         29   -5.873E+00                                 F               0         Tower Y translation displacement, node 10, m
         30   -1.833E+00                                 F               0         Tower Z translation displacement, node 10, m
         31    3.379E+01                                 F               0         Tower X translation displacement, node 11, m
         32   -6.411E+00                                 F               0         Tower Y translation displacement, node 11, m
         33   -1.986E+00                                 F               0         Tower Z translation displacement, node 11, m
         34    9.886E-01,  1.549E-02, -1.501E-01         F               0         Tower X orientation angle, node 1, rad
         35   -8.761E-03,  9.989E-01,  4.542E-02         F               0         Tower Y orientation angle, node 1, rad
         36    1.506E-01, -4.358E-02,  9.876E-01         F               0         Tower Z orientation angle, node 1, rad
         37    9.886E-01,  1.549E-02, -1.501E-01         F               0         Tower X orientation angle, node 2, rad
         38   -8.761E-03,  9.989E-01,  4.542E-02         F               0         Tower Y orientation angle, node 2, rad
         39    1.506E-01, -4.358E-02,  9.876E-01         F               0         Tower Z orientation angle, node 2, rad
         40    9.886E-01,  1.549E-02, -1.501E-01         F               0         Tower X orientation angle, node 3, rad
         41   -8.761E-03,  9.989E-01,  4.542E-02         F               0         Tower Y orientation angle, node 3, rad
         42    1.506E-01, -4.358E-02,  9.876E-01         F               0         Tower Z orientation angle, node 3, rad
         43    9.886E-01,  1.549E-02, -1.501E-01         F               0         Tower X orientation angle, node 4, rad
         44   -8.761E-03,  9.989E-01,  4.542E-02         F               0         Tower Y orientation angle, node 4, rad
         45    1.506E-01, -4.358E-02,  9.876E-01         F               0         Tower Z orientation angle, node 4, rad
         46    9.886E-01,  1.549E-02, -1.501E-01         F               0         Tower X orientation angle, node 5, rad
         47   -8.761E-03,  9.989E-01,  4.542E-02         F               0         Tower Y orientation angle, node 5, rad
         48    1.506E-01, -4.358E-02,  9.876E-01         F               0         Tower Z orientation angle, node 5, rad
         49    9.886E-01,  1.549E-02, -1.501E-01         F               0         Tower X orientation angle, node 6, rad
         50   -8.761E-03,  9.989E-01,  4.542E-02         F               0         Tower Y orientation angle, node 6, rad
         51    1.506E-01, -4.358E-02,  9.876E-01         F               0         Tower Z orientation angle, node 6, rad
         52    9.886E-01,  1.549E-02, -1.501E-01         F               0         Tower X orientation angle, node 7, rad
         53   -8.761E-03,  9.989E-01,  4.542E-02         F               0         Tower Y orientation angle, node 7, rad
         54    1.506E-01, -4.358E-02,  9.876E-01         F               0         Tower Z orientation angle, node 7, rad
         55    9.886E-01,  1.549E-02, -1.501E-01         F               0         Tower X orientation angle, node 8, rad
         56   -8.761E-03,  9.989E-01,  4.542E-02         F               0         Tower Y orientation angle, node 8, rad
         57    1.506E-01, -4.358E-02,  9.876E-01         F               0         Tower Z orientation angle, node 8, rad
         58    9.886E-01,  1.549E-02, -1.501E-01         F               0         Tower X orientation angle, node 9, rad
         59   -8.761E-03,  9.989E-01,  4.542E-02         F               0         Tower Y orientation angle, node 9, rad
         60    1.506E-01, -4.358E-02,  9.876E-01         F               0         Tower Z orientation angle, node 9, rad
         61    9.886E-01,  1.549E-02, -1.501E-01         F               0         Tower X orientation angle, node 10, rad
         62   -8.761E-03,  9.989E-01,  4.542E-02         F               0         Tower Y orientation angle, node 10, rad
         63    1.506E-01, -4.358E-02,  9.876E-01         F               0         Tower Z orientation angle, node 10, rad
         64    9.886E-01,  1.549E-02, -1.501E-01         F               0         Tower X orientation angle, node 11, rad
         65   -8.761E-03,  9.989E-01,  4.542E-02         F               0         Tower Y orientation angle, node 11, rad
         66    1.506E-01, -4.358E-02,  9.876E-01         F               0         Tower Z orientation angle, node 11, rad
         67    5.622E-04                                 F               0         Tower X translation velocity, node 1, m/s
         68    1.470E-02                                 F               0         Tower Y translation velocity, node 1, m/s
         69    5.695E-03                                 F               0         Tower Z translation velocity, node 1, m/s
         70    5.474E-04                                 F               0         Tower X translation velocity, node 2, m/s
         71    2.373E-02                                 F               0         Tower Y translation velocity, node 2, m/s
         72    6.096E-03                                 F               0         Tower Z translation velocity, node 2, m/s
         73    5.326E-04                                 F               0         Tower X translation velocity, node 3, m/s
         74    3.277E-02                                 F               0         Tower Y translation velocity, node 3, m/s
         75    6.497E-03                                 F               0         Tower Z translation velocity, node 3, m/s
         76    5.178E-04                                 F               0         Tower X translation velocity, node 4, m/s
         77    4.180E-02                                 F               0         Tower Y translation velocity, node 4, m/s
         78    6.898E-03                                 F               0         Tower Z translation velocity, node 4, m/s
         79    5.030E-04                                 F               0         Tower X translation velocity, node 5, m/s
         80    5.083E-02                                 F               0         Tower Y translation velocity, node 5, m/s
         81    7.298E-03                                 F               0         Tower Z translation velocity, node 5, m/s
         82    4.883E-04                                 F               0         Tower X translation velocity, node 6, m/s
         83    5.986E-02                                 F               0         Tower Y translation velocity, node 6, m/s
         84    7.699E-03                                 F               0         Tower Z translation velocity, node 6, m/s
         85    4.735E-04                                 F               0         Tower X translation velocity, node 7, m/s
         86    6.890E-02                                 F               0         Tower Y translation velocity, node 7, m/s
         87    8.100E-03                                 F               0         Tower Z translation velocity, node 7, m/s
         88    4.587E-04                                 F               0         Tower X translation velocity, node 8, m/s
         89    7.793E-02                                 F               0         Tower Y translation velocity, node 8, m/s
         90    8.501E-03                                 F               0         Tower Z translation velocity, node 8, m/s
         91    4.439E-04                                 F               0         Tower X translation velocity, node 9, m/s
         92    8.696E-02                                 F               0         Tower Y translation velocity, node 9, m/s
         93    8.902E-03                                 F               0         Tower Z translation velocity, node 9, m/s
         94    4.291E-04                                 F               0         Tower X translation velocity, node 10, m/s
         95    9.599E-02                                 F               0         Tower Y translation velocity, node 10, m/s
         96    9.303E-03                                 F               0         Tower Z translation velocity, node 10, m/s
         97    4.144E-04                                 F               0         Tower X translation velocity, node 11, m/s
         98    1.050E-01                                 F               0         Tower Y translation velocity, node 11, m/s
         99    9.703E-03                                 F               0         Tower Z translation velocity, node 11, m/s
        100    3.510E+01                                 F               0         Hub X translation displacement, node 1, m
        101   -6.921E+00                                 F               0         Hub Y translation displacement, node 1, m
        102   -4.619E-01                                 F               0         Hub Z translation displacement, node 1, m
        103    9.674E-01,  1.996E-02, -2.525E-01         F               0         Hub X orientation angle, node 1, rad
        104    2.520E-01, -1.748E-01,  9.518E-01         F               0         Hub Y orientation angle, node 1, rad
        105   -2.514E-02, -9.844E-01, -1.741E-01         F               0         Hub Z orientation angle, node 1, rad
        106    1.012E+00                                 F               0         Hub X rotation velocity, node 1, rad/s
        107    2.090E-02                                 F               0         Hub Y rotation velocity, node 1, rad/s
        108   -2.642E-01                                 F               0         Hub Z rotation velocity, node 1, rad/s
        109    9.595E-01,  2.514E-02, -2.806E-01         F               0         Blade root 1 X orientation angle, node 1, rad
        110    2.806E-01, -1.741E-01,  9.439E-01         F               0         Blade root 1 Y orientation angle, node 1, rad
        111   -2.514E-02, -9.844E-01, -1.741E-01         F               0         Blade root 1 Z orientation angle, node 1, rad
        112    9.713E-01,  4.265E-02, -2.338E-01         F               0         Blade root 2 X orientation angle, node 1, rad
        113   -1.190E-01, -7.642E-01, -6.339E-01         F               0         Blade root 2 Y orientation angle, node 1, rad
        114   -2.057E-01,  6.436E-01, -7.372E-01         F               0         Blade root 2 Z orientation angle, node 1, rad
        115    9.701E-01, -7.928E-03, -2.427E-01         F               0         Blade root 3 X orientation angle, node 1, rad
        116   -7.550E-02,  9.401E-01, -3.324E-01         F               0         Blade root 3 Y orientation angle, node 1, rad
        117    2.308E-01,  3.408E-01,  9.114E-01         F               0         Blade root 3 Z orientation angle, node 1, rad
        118    3.438E+01                                 F               0         Blade 1 X translation displacement, node 1, m
        119   -1.237E+01                                 F               0         Blade 1 Y translation displacement, node 1, m
        120   -6.936E+00                                 F               0         Blade 1 Z translation displacement, node 1, m
        121    3.421E+01                                 F               0         Blade 1 X translation displacement, node 2, m
        122   -1.369E+01                                 F               0         Blade 1 Y translation displacement, node 2, m
        123   -8.496E+00                                 F               0         Blade 1 Z translation displacement, node 2, m
        124    3.185E+01                                 F               0         Blade 1 X translation displacement, node 3, m
        125   -3.156E+01                                 F               0         Blade 1 Y translation displacement, node 3, m
        126   -2.971E+01                                 F               0         Blade 1 Z translation displacement, node 3, m
        127    3.135E+01                                 F               0         Blade 1 X translation displacement, node 4, m
        128   -3.536E+01                                 F               0         Blade 1 Y translation displacement, node 4, m
        129   -3.423E+01                                 F               0         Blade 1 Z translation displacement, node 4, m
        130    3.085E+01                                 F               0         Blade 1 X translation displacement, node 5, m
        131   -3.917E+01                                 F               0         Blade 1 Y translation displacement, node 5, m
        132   -3.875E+01                                 F               0         Blade 1 Z translation displacement, node 5, m
        133    3.035E+01                                 F               0         Blade 1 X translation displacement, node 6, m
        134   -4.298E+01                                 F               0         Blade 1 Y translation displacement, node 6, m
        135   -4.327E+01                                 F               0         Blade 1 Z translation displacement, node 6, m
        136    2.985E+01                                 F               0         Blade 1 X translation displacement, node 7, m
        137   -4.679E+01                                 F               0         Blade 1 Y translation displacement, node 7, m
        138   -4.779E+01                                 F               0         Blade 1 Z translation displacement, node 7, m
        139    2.934E+01                                 F               0         Blade 1 X translation displacement, node 8, m
        140   -5.059E+01                                 F               0         Blade 1 Y translation displacement, node 8, m
        141   -5.231E+01                                 F               0         Blade 1 Z translation displacement, node 8, m
        142    2.884E+01                                 F               0         Blade 1 X translation displacement, node 9, m
        143   -5.440E+01                                 F               0         Blade 1 Y translation displacement, node 9, m
        144   -5.683E+01                                 F               0         Blade 1 Z translation displacement, node 9, m
        145    2.834E+01                                 F               0         Blade 1 X translation displacement, node 10, m
        146   -5.821E+01                                 F               0         Blade 1 Y translation displacement, node 10, m
        147   -6.135E+01                                 F               0         Blade 1 Z translation displacement, node 10, m
        148    2.784E+01                                 F               0         Blade 1 X translation displacement, node 11, m
        149   -6.202E+01                                 F               0         Blade 1 Y translation displacement, node 11, m
        150   -6.587E+01                                 F               0         Blade 1 Z translation displacement, node 11, m
        151    2.734E+01                                 F               0         Blade 1 X translation displacement, node 12, m
        152   -6.582E+01                                 F               0         Blade 1 Y translation displacement, node 12, m
        153   -7.039E+01                                 F               0         Blade 1 Z translation displacement, node 12, m
        154    2.684E+01                                 F               0         Blade 1 X translation displacement, node 13, m
        155   -6.963E+01                                 F               0         Blade 1 Y translation displacement, node 13, m
        156   -7.491E+01                                 F               0         Blade 1 Z translation displacement, node 13, m
        157    2.633E+01                                 F               0         Blade 1 X translation displacement, node 14, m
        158   -7.344E+01                                 F               0         Blade 1 Y translation displacement, node 14, m
        159   -7.943E+01                                 F               0         Blade 1 Z translation displacement, node 14, m
        160    2.583E+01                                 F               0         Blade 1 X translation displacement, node 15, m
        161   -7.725E+01                                 F               0         Blade 1 Y translation displacement, node 15, m
        162   -8.395E+01                                 F               0         Blade 1 Z translation displacement, node 15, m
        163    2.533E+01                                 F               0         Blade 1 X translation displacement, node 16, m
        164   -8.105E+01                                 F               0         Blade 1 Y translation displacement, node 16, m
        165   -8.847E+01                                 F               0         Blade 1 Z translation displacement, node 16, m
        166    2.483E+01                                 F               0         Blade 1 X translation displacement, node 17, m
        167   -8.486E+01                                 F               0         Blade 1 Y translation displacement, node 17, m
        168   -9.299E+01                                 F               0         Blade 1 Z translation displacement, node 17, m
        169    2.433E+01                                 F               0         Blade 1 X translation displacement, node 18, m
        170   -8.867E+01                                 F               0         Blade 1 Y translation displacement, node 18, m
        171   -9.751E+01                                 F               0         Blade 1 Z translation displacement, node 18, m
        172    2.383E+01                                 F               0         Blade 1 X translation displacement, node 19, m
        173   -9.248E+01                                 F               0         Blade 1 Y translation displacement, node 19, m
        174   -1.020E+02                                 F               0         Blade 1 Z translation displacement, node 19, m
        175    2.333E+01                                 F               0         Blade 1 X translation displacement, node 20, m
        176   -9.628E+01                                 F               0         Blade 1 Y translation displacement, node 20, m
        177   -1.066E+02                                 F               0         Blade 1 Z translation displacement, node 20, m
        178    2.282E+01                                 F               0         Blade 1 X translation displacement, node 21, m
        179   -1.001E+02                                 F               0         Blade 1 Y translation displacement, node 21, m
        180   -1.111E+02                                 F               0         Blade 1 Z translation displacement, node 21, m
        181    2.232E+01                                 F               0         Blade 1 X translation displacement, node 22, m
        182   -1.039E+02                                 F               0         Blade 1 Y translation displacement, node 22, m
        183   -1.156E+02                                 F               0         Blade 1 Z translation displacement, node 22, m
        184    2.182E+01                                 F               0         Blade 1 X translation displacement, node 23, m
        185   -1.077E+02                                 F               0         Blade 1 Y translation displacement, node 23, m
        186   -1.201E+02                                 F               0         Blade 1 Z translation displacement, node 23, m
        187    2.132E+01                                 F               0         Blade 1 X translation displacement, node 24, m
        188   -1.115E+02                                 F               0         Blade 1 Y translation displacement, node 24, m
        189   -1.246E+02                                 F               0         Blade 1 Z translation displacement, node 24, m
        190    2.082E+01                                 F               0         Blade 1 X translation displacement, node 25, m
        191   -1.153E+02                                 F               0         Blade 1 Y translation displacement, node 25, m
        192   -1.292E+02                                 F               0         Blade 1 Z translation displacement, node 25, m
        193    2.032E+01                                 F               0         Blade 1 X translation displacement, node 26, m
        194   -1.191E+02                                 F               0         Blade 1 Y translation displacement, node 26, m
        195   -1.337E+02                                 F               0         Blade 1 Z translation displacement, node 26, m
        196    1.982E+01                                 F               0         Blade 1 X translation displacement, node 27, m
        197   -1.229E+02                                 F               0         Blade 1 Y translation displacement, node 27, m
        198   -1.382E+02                                 F               0         Blade 1 Z translation displacement, node 27, m
        199    1.939E+01                                 F               0         Blade 1 X translation displacement, node 28, m
        200   -1.262E+02                                 F               0         Blade 1 Y translation displacement, node 28, m
        201   -1.420E+02                                 F               0         Blade 1 Z translation displacement, node 28, m
        202    7.259E-01,  1.018E-01, -6.802E-01         F               0         Blade 1 X orientation angle, node 1, rad
        203    6.873E-01, -1.435E-01,  7.121E-01         F               0         Blade 1 Y orientation angle, node 1, rad
        204   -2.514E-02, -9.844E-01, -1.741E-01         F               0         Blade 1 Z orientation angle, node 1, rad
        205    7.259E-01,  1.018E-01, -6.802E-01         F               0         Blade 1 X orientation angle, node 2, rad
        206    6.873E-01, -1.435E-01,  7.121E-01         F               0         Blade 1 Y orientation angle, node 2, rad
        207   -2.514E-02, -9.844E-01, -1.741E-01         F               0         Blade 1 Z orientation angle, node 2, rad
        208    8.682E-01,  6.487E-02, -4.920E-01         F               0         Blade 1 X orientation angle, node 3, rad
        209    4.957E-01, -1.636E-01,  8.530E-01         F               0         Blade 1 Y orientation angle, node 3, rad
        210   -2.514E-02, -9.844E-01, -1.741E-01         F               0         Blade 1 Z orientation angle, node 3, rad
        211    8.883E-01,  5.791E-02, -4.556E-01         F               0         Blade 1 X orientation angle, node 4, rad
        212    4.586E-01, -1.661E-01,  8.730E-01         F               0         Blade 1 Y orientation angle, node 4, rad
        213   -2.514E-02, -9.844E-01, -1.741E-01         F               0         Blade 1 Z orientation angle, node 4, rad
        214    9.030E-01,  5.237E-02, -4.264E-01         F               0         Blade 1 X orientation angle, node 5, rad
        215    4.288E-01, -1.680E-01,  8.876E-01         F               0         Blade 1 Y orientation angle, node 5, rad
        216   -2.514E-02, -9.844E-01, -1.741E-01         F               0         Blade 1 Z orientation angle, node 5, rad
        217    9.141E-01,  4.789E-02, -4.027E-01         F               0         Blade 1 X orientation angle, node 6, rad
        218    4.047E-01, -1.693E-01,  8.986E-01         F               0         Blade 1 Y orientation angle, node 6, rad
        219   -2.514E-02, -9.844E-01, -1.741E-01         F               0         Blade 1 Z orientation angle, node 6, rad
        220    9.227E-01,  4.419E-02, -3.830E-01         F               0         Blade 1 X orientation angle, node 7, rad
        221    3.847E-01, -1.703E-01,  9.072E-01         F               0         Blade 1 Y orientation angle, node 7, rad
        222   -2.514E-02, -9.844E-01, -1.741E-01         F               0         Blade 1 Z orientation angle, node 7, rad
        223    9.295E-01,  4.109E-02, -3.665E-01         F               0         Blade 1 X orientation angle, node 8, rad
        224    3.679E-01, -1.711E-01,  9.140E-01         F               0         Blade 1 Y orientation angle, node 8, rad
        225   -2.514E-02, -9.844E-01, -1.741E-01         F               0         Blade 1 Z orientation angle, node 8, rad
        226    9.351E-01,  3.846E-02, -3.524E-01         F               0         Blade 1 X orientation angle, node 9, rad
        227    3.536E-01, -1.717E-01,  9.195E-01         F               0         Blade 1 Y orientation angle, node 9, rad
        228   -2.514E-02, -9.844E-01, -1.741E-01         F               0         Blade 1 Z orientation angle, node 9, rad
        229    9.397E-01,  3.618E-02, -3.401E-01         F               0         Blade 1 X orientation angle, node 10, rad
        230    3.411E-01, -1.722E-01,  9.241E-01         F               0         Blade 1 Y orientation angle, node 10, rad
        231   -2.514E-02, -9.844E-01, -1.741E-01         F               0         Blade 1 Z orientation angle, node 10, rad
        232    9.435E-01,  3.422E-02, -3.296E-01         F               0         Blade 1 X orientation angle, node 11, rad
        233    3.305E-01, -1.726E-01,  9.279E-01         F               0         Blade 1 Y orientation angle, node 11, rad
        234   -2.514E-02, -9.844E-01, -1.741E-01         F               0         Blade 1 Z orientation angle, node 11, rad
        235    9.467E-01,  3.250E-02, -3.204E-01         F               0         Blade 1 X orientation angle, node 12, rad
        236    3.211E-01, -1.729E-01,  9.311E-01         F               0         Blade 1 Y orientation angle, node 12, rad
        237   -2.514E-02, -9.844E-01, -1.741E-01         F               0         Blade 1 Z orientation angle, node 12, rad
        238    9.495E-01,  3.099E-02, -3.123E-01         F               0         Blade 1 X orientation angle, node 13, rad
        239    3.128E-01, -1.732E-01,  9.339E-01         F               0         Blade 1 Y orientation angle, node 13, rad
        240   -2.514E-02, -9.844E-01, -1.741E-01         F               0         Blade 1 Z orientation angle, node 13, rad
        241    9.519E-01,  2.963E-02, -3.049E-01         F               0         Blade 1 X orientation angle, node 14, rad
        242    3.053E-01, -1.734E-01,  9.363E-01         F               0         Blade 1 Y orientation angle, node 14, rad
        243   -2.514E-02, -9.844E-01, -1.741E-01         F               0         Blade 1 Z orientation angle, node 14, rad
        244    9.540E-01,  2.842E-02, -2.984E-01         F               0         Blade 1 X orientation angle, node 15, rad
        245    2.987E-01, -1.736E-01,  9.384E-01         F               0         Blade 1 Y orientation angle, node 15, rad
        246   -2.514E-02, -9.844E-01, -1.741E-01         F               0         Blade 1 Z orientation angle, node 15, rad
        247    9.559E-01,  2.733E-02, -2.925E-01         F               0         Blade 1 X orientation angle, node 16, rad
        248    2.927E-01, -1.738E-01,  9.403E-01         F               0         Blade 1 Y orientation angle, node 16, rad
        249   -2.514E-02, -9.844E-01, -1.741E-01         F               0         Blade 1 Z orientation angle, node 16, rad
        250    9.575E-01,  2.636E-02, -2.872E-01         F               0         Blade 1 X orientation angle, node 17, rad
        251    2.873E-01, -1.740E-01,  9.419E-01         F               0         Blade 1 Y orientation angle, node 17, rad
        252   -2.514E-02, -9.844E-01, -1.741E-01         F               0         Blade 1 Z orientation angle, node 17, rad
        253    9.590E-01,  2.545E-02, -2.823E-01         F               0         Blade 1 X orientation angle, node 18, rad
        254    2.823E-01, -1.741E-01,  9.434E-01         F               0         Blade 1 Y orientation angle, node 18, rad
        255   -2.514E-02, -9.844E-01, -1.741E-01         F               0         Blade 1 Z orientation angle, node 18, rad
        256    9.603E-01,  2.462E-02, -2.778E-01         F               0         Blade 1 X orientation angle, node 19, rad
        257    2.778E-01, -1.742E-01,  9.447E-01         F               0         Blade 1 Y orientation angle, node 19, rad
        258   -2.514E-02, -9.844E-01, -1.741E-01         F               0         Blade 1 Z orientation angle, node 19, rad
        259    9.615E-01,  2.389E-02, -2.739E-01         F               0         Blade 1 X orientation angle, node 20, rad
        260    2.738E-01, -1.743E-01,  9.459E-01         F               0         Blade 1 Y orientation angle, node 20, rad
        261   -2.514E-02, -9.844E-01, -1.741E-01         F               0         Blade 1 Z orientation angle, node 20, rad
        262    9.626E-01,  2.319E-02, -2.701E-01         F               0         Blade 1 X orientation angle, node 21, rad
        263    2.699E-01, -1.744E-01,  9.470E-01         F               0         Blade 1 Y orientation angle, node 21, rad
        264   -2.514E-02, -9.844E-01, -1.741E-01         F               0         Blade 1 Z orientation angle, node 21, rad
        265    9.635E-01,  2.256E-02, -2.666E-01         F               0         Blade 1 X orientation angle, node 22, rad
        266    2.664E-01, -1.745E-01,  9.479E-01         F               0         Blade 1 Y orientation angle, node 22, rad
        267   -2.514E-02, -9.844E-01, -1.741E-01         F               0         Blade 1 Z orientation angle, node 22, rad
        268    9.644E-01,  2.198E-02, -2.635E-01         F               0         Blade 1 X orientation angle, node 23, rad
        269    2.632E-01, -1.746E-01,  9.488E-01         F               0         Blade 1 Y orientation angle, node 23, rad
        270   -2.514E-02, -9.844E-01, -1.741E-01         F               0         Blade 1 Z orientation angle, node 23, rad
        271    9.652E-01,  2.143E-02, -2.605E-01         F               0         Blade 1 X orientation angle, node 24, rad
        272    2.601E-01, -1.746E-01,  9.496E-01         F               0         Blade 1 Y orientation angle, node 24, rad
        273   -2.514E-02, -9.844E-01, -1.741E-01         F               0         Blade 1 Z orientation angle, node 24, rad
        274    9.660E-01,  2.091E-02, -2.577E-01         F               0         Blade 1 X orientation angle, node 25, rad
        275    2.573E-01, -1.747E-01,  9.504E-01         F               0         Blade 1 Y orientation angle, node 25, rad
        276   -2.514E-02, -9.844E-01, -1.741E-01         F               0         Blade 1 Z orientation angle, node 25, rad
        277    9.667E-01,  2.045E-02, -2.552E-01         F               0         Blade 1 X orientation angle, node 26, rad
        278    2.547E-01, -1.748E-01,  9.511E-01         F               0         Blade 1 Y orientation angle, node 26, rad
        279   -2.514E-02, -9.844E-01, -1.741E-01         F               0         Blade 1 Z orientation angle, node 26, rad
        280    9.673E-01,  1.999E-02, -2.527E-01         F               0         Blade 1 X orientation angle, node 27, rad
        281    2.522E-01, -1.748E-01,  9.518E-01         F               0         Blade 1 Y orientation angle, node 27, rad
        282   -2.514E-02, -9.844E-01, -1.741E-01         F               0         Blade 1 Z orientation angle, node 27, rad
        283    9.677E-01,  1.975E-02, -2.513E-01         F               0         Blade 1 X orientation angle, node 28, rad
        284    2.509E-01, -1.748E-01,  9.521E-01         F               0         Blade 1 Y orientation angle, node 28, rad
        285   -2.514E-02, -9.844E-01, -1.741E-01         F               0         Blade 1 Z orientation angle, node 28, rad
        286   -1.460E+00                                 F               0         Blade 1 X translation velocity, node 1, m/s
        287    1.123E+00                                 F               0         Blade 1 Y translation velocity, node 1, m/s
        288   -5.508E+00                                 F               0         Blade 1 Z translation velocity, node 1, m/s
        289   -1.812E+00                                 F               0         Blade 1 X translation velocity, node 2, m/s
        290    1.367E+00                                 F               0         Blade 1 Y translation velocity, node 2, m/s
        291   -6.838E+00                                 F               0         Blade 1 Z translation velocity, node 2, m/s
        292   -6.599E+00                                 F               0         Blade 1 X translation velocity, node 3, m/s
        293    4.688E+00                                 F               0         Blade 1 Y translation velocity, node 3, m/s
        294   -2.492E+01                                 F               0         Blade 1 Z translation velocity, node 3, m/s
        295   -7.619E+00                                 F               0         Blade 1 X translation velocity, node 4, m/s
        296    5.395E+00                                 F               0         Blade 1 Y translation velocity, node 4, m/s
        297   -2.877E+01                                 F               0         Blade 1 Z translation velocity, node 4, m/s
        298   -8.639E+00                                 F               0         Blade 1 X translation velocity, node 5, m/s
        299    6.103E+00                                 F               0         Blade 1 Y translation velocity, node 5, m/s
        300   -3.262E+01                                 F               0         Blade 1 Z translation velocity, node 5, m/s
        301   -9.659E+00                                 F               0         Blade 1 X translation velocity, node 6, m/s
        302    6.810E+00                                 F               0         Blade 1 Y translation velocity, node 6, m/s
        303   -3.648E+01                                 F               0         Blade 1 Z translation velocity, node 6, m/s
        304   -1.068E+01                                 F               0         Blade 1 X translation velocity, node 7, m/s
        305    7.518E+00                                 F               0         Blade 1 Y translation velocity, node 7, m/s
        306   -4.033E+01                                 F               0         Blade 1 Z translation velocity, node 7, m/s
        307   -1.170E+01                                 F               0         Blade 1 X translation velocity, node 8, m/s
