
Linearized model: Predictions were generated on 30-Jan-2024 at 18:20:32 using OpenFAST, compiled as a 64-bit application using single precision at commit v3.5.1
 linked with  NWTC Subroutine Library; ElastoDyn; InflowWind; AeroDyn; ServoDyn; HydroDyn; MAP++ (<1.20.10>, <Oct-20-2023>)

Description from the FAST input file: CCT-9 Campign 4 model. Input files to be run with OpenFAST 3.5.0. GitHub branch from Lu Wang (https://github.com/luwang00/openfast/tree/dev) compiled on March 7, 2023.

Simulation information:
   Simulation time:                   502.7250 s
   Rotor Speed:                         0.8794 rad/s
   Azimuth:                             1.2735 rad
   Wind Speed:                         10.0000 m/s
   Number of continuous states:         0
   Number of discrete states:           0
   Number of constraint states:         0
   Number of inputs:                 1746
   Number of outputs:                   4
   Jacobians included in this file?    No

Order of inputs:
     Column   Operating Point                     Rotating Frame? Derivative Order Description
   ---------- ---------------                     --------------- ---------------- -----------
          1    1.098E+01                                 F               0         Tower X translation displacement, node 1, m
          2   -1.118E+00                                 F               0         Tower Y translation displacement, node 1, m
          3   -3.085E-01                                 F               0         Tower Z translation displacement, node 1, m
          4    1.240E+01                                 F               0         Tower X translation displacement, node 2, m
          5   -1.630E+00                                 F               0         Tower Y translation displacement, node 2, m
          6   -4.008E-01                                 F               0         Tower Z translation displacement, node 2, m
          7    1.382E+01                                 F               0         Tower X translation displacement, node 3, m
          8   -2.142E+00                                 F               0         Tower Y translation displacement, node 3, m
          9   -4.931E-01                                 F               0         Tower Z translation displacement, node 3, m
         10    1.524E+01                                 F               0         Tower X translation displacement, node 4, m
         11   -2.654E+00                                 F               0         Tower Y translation displacement, node 4, m
         12   -5.854E-01                                 F               0         Tower Z translation displacement, node 4, m
         13    1.665E+01                                 F               0         Tower X translation displacement, node 5, m
         14   -3.166E+00                                 F               0         Tower Y translation displacement, node 5, m
         15   -6.776E-01                                 F               0         Tower Z translation displacement, node 5, m
         16    1.807E+01                                 F               0         Tower X translation displacement, node 6, m
         17   -3.678E+00                                 F               0         Tower Y translation displacement, node 6, m
         18   -7.699E-01                                 F               0         Tower Z translation displacement, node 6, m
         19    1.949E+01                                 F               0         Tower X translation displacement, node 7, m
         20   -4.190E+00                                 F               0         Tower Y translation displacement, node 7, m
         21   -8.622E-01                                 F               0         Tower Z translation displacement, node 7, m
         22    2.091E+01                                 F               0         Tower X translation displacement, node 8, m
         23   -4.703E+00                                 F               0         Tower Y translation displacement, node 8, m
         24   -9.545E-01                                 F               0         Tower Z translation displacement, node 8, m
         25    2.232E+01                                 F               0         Tower X translation displacement, node 9, m
         26   -5.215E+00                                 F               0         Tower Y translation displacement, node 9, m
         27   -1.047E+00                                 F               0         Tower Z translation displacement, node 9, m
         28    2.374E+01                                 F               0         Tower X translation displacement, node 10, m
         29   -5.727E+00                                 F               0         Tower Y translation displacement, node 10, m
         30   -1.139E+00                                 F               0         Tower Z translation displacement, node 10, m
         31    2.516E+01                                 F               0         Tower X translation displacement, node 11, m
         32   -6.239E+00                                 F               0         Tower Y translation displacement, node 11, m
         33   -1.231E+00                                 F               0         Tower Z translation displacement, node 11, m
         34    9.934E-01,  9.908E-03, -1.144E-01         F               0         Tower X orientation angle, node 1, rad
         35   -5.091E-03,  9.991E-01,  4.231E-02         F               0         Tower Y orientation angle, node 1, rad
         36    1.147E-01, -4.145E-02,  9.925E-01         F               0         Tower Z orientation angle, node 1, rad
         37    9.934E-01,  9.908E-03, -1.144E-01         F               0         Tower X orientation angle, node 2, rad
         38   -5.091E-03,  9.991E-01,  4.231E-02         F               0         Tower Y orientation angle, node 2, rad
         39    1.147E-01, -4.145E-02,  9.925E-01         F               0         Tower Z orientation angle, node 2, rad
         40    9.934E-01,  9.908E-03, -1.144E-01         F               0         Tower X orientation angle, node 3, rad
         41   -5.091E-03,  9.991E-01,  4.231E-02         F               0         Tower Y orientation angle, node 3, rad
         42    1.147E-01, -4.145E-02,  9.925E-01         F               0         Tower Z orientation angle, node 3, rad
         43    9.934E-01,  9.908E-03, -1.144E-01         F               0         Tower X orientation angle, node 4, rad
         44   -5.091E-03,  9.991E-01,  4.231E-02         F               0         Tower Y orientation angle, node 4, rad
         45    1.147E-01, -4.145E-02,  9.925E-01         F               0         Tower Z orientation angle, node 4, rad
         46    9.934E-01,  9.908E-03, -1.144E-01         F               0         Tower X orientation angle, node 5, rad
         47   -5.091E-03,  9.991E-01,  4.231E-02         F               0         Tower Y orientation angle, node 5, rad
         48    1.147E-01, -4.145E-02,  9.925E-01         F               0         Tower Z orientation angle, node 5, rad
         49    9.934E-01,  9.908E-03, -1.144E-01         F               0         Tower X orientation angle, node 6, rad
         50   -5.091E-03,  9.991E-01,  4.231E-02         F               0         Tower Y orientation angle, node 6, rad
         51    1.147E-01, -4.145E-02,  9.925E-01         F               0         Tower Z orientation angle, node 6, rad
         52    9.934E-01,  9.908E-03, -1.144E-01         F               0         Tower X orientation angle, node 7, rad
         53   -5.091E-03,  9.991E-01,  4.231E-02         F               0         Tower Y orientation angle, node 7, rad
         54    1.147E-01, -4.145E-02,  9.925E-01         F               0         Tower Z orientation angle, node 7, rad
         55    9.934E-01,  9.908E-03, -1.144E-01         F               0         Tower X orientation angle, node 8, rad
         56   -5.091E-03,  9.991E-01,  4.231E-02         F               0         Tower Y orientation angle, node 8, rad
         57    1.147E-01, -4.145E-02,  9.925E-01         F               0         Tower Z orientation angle, node 8, rad
         58    9.934E-01,  9.908E-03, -1.144E-01         F               0         Tower X orientation angle, node 9, rad
         59   -5.091E-03,  9.991E-01,  4.231E-02         F               0         Tower Y orientation angle, node 9, rad
         60    1.147E-01, -4.145E-02,  9.925E-01         F               0         Tower Z orientation angle, node 9, rad
         61    9.934E-01,  9.908E-03, -1.144E-01         F               0         Tower X orientation angle, node 10, rad
         62   -5.091E-03,  9.991E-01,  4.231E-02         F               0         Tower Y orientation angle, node 10, rad
         63    1.147E-01, -4.145E-02,  9.925E-01         F               0         Tower Z orientation angle, node 10, rad
         64    9.934E-01,  9.908E-03, -1.144E-01         F               0         Tower X orientation angle, node 11, rad
         65   -5.091E-03,  9.991E-01,  4.231E-02         F               0         Tower Y orientation angle, node 11, rad
         66    1.147E-01, -4.145E-02,  9.925E-01         F               0         Tower Z orientation angle, node 11, rad
         67   -3.025E-03                                 F               0         Tower X translation velocity, node 1, m/s
         68    2.555E-03                                 F               0         Tower Y translation velocity, node 1, m/s
         69    2.092E-03                                 F               0         Tower Z translation velocity, node 1, m/s
         70   -2.723E-03                                 F               0         Tower X translation velocity, node 2, m/s
         71    2.819E-03                                 F               0         Tower Y translation velocity, node 2, m/s
         72    2.068E-03                                 F               0         Tower Z translation velocity, node 2, m/s
         73   -2.421E-03                                 F               0         Tower X translation velocity, node 3, m/s
         74    3.083E-03                                 F               0         Tower Y translation velocity, node 3, m/s
         75    2.044E-03                                 F               0         Tower Z translation velocity, node 3, m/s
         76   -2.120E-03                                 F               0         Tower X translation velocity, node 4, m/s
         77    3.348E-03                                 F               0         Tower Y translation velocity, node 4, m/s
         78    2.020E-03                                 F               0         Tower Z translation velocity, node 4, m/s
         79   -1.818E-03                                 F               0         Tower X translation velocity, node 5, m/s
         80    3.612E-03                                 F               0         Tower Y translation velocity, node 5, m/s
         81    1.997E-03                                 F               0         Tower Z translation velocity, node 5, m/s
         82   -1.516E-03                                 F               0         Tower X translation velocity, node 6, m/s
         83    3.876E-03                                 F               0         Tower Y translation velocity, node 6, m/s
         84    1.973E-03                                 F               0         Tower Z translation velocity, node 6, m/s
         85   -1.214E-03                                 F               0         Tower X translation velocity, node 7, m/s
         86    4.140E-03                                 F               0         Tower Y translation velocity, node 7, m/s
         87    1.949E-03                                 F               0         Tower Z translation velocity, node 7, m/s
         88   -9.120E-04                                 F               0         Tower X translation velocity, node 8, m/s
         89    4.404E-03                                 F               0         Tower Y translation velocity, node 8, m/s
         90    1.925E-03                                 F               0         Tower Z translation velocity, node 8, m/s
         91   -6.101E-04                                 F               0         Tower X translation velocity, node 9, m/s
         92    4.669E-03                                 F               0         Tower Y translation velocity, node 9, m/s
         93    1.901E-03                                 F               0         Tower Z translation velocity, node 9, m/s
         94   -3.082E-04                                 F               0         Tower X translation velocity, node 10, m/s
         95    4.933E-03                                 F               0         Tower Y translation velocity, node 10, m/s
         96    1.877E-03                                 F               0         Tower Z translation velocity, node 10, m/s
         97   -6.308E-06                                 F               0         Tower X translation velocity, node 11, m/s
         98    5.197E-03                                 F               0         Tower Y translation velocity, node 11, m/s
         99    1.853E-03                                 F               0         Tower Z translation velocity, node 11, m/s
        100    2.613E+01                                 F               0         Hub X translation displacement, node 1, m
        101   -6.671E+00                                 F               0         Hub Y translation displacement, node 1, m
        102   -5.414E-02                                 F               0         Hub Z translation displacement, node 1, m
        103    9.759E-01,  1.419E-02, -2.175E-01         F               0         Hub X orientation angle, node 1, rad
        104    2.069E-01,  2.542E-01,  9.448E-01         F               0         Hub Y orientation angle, node 1, rad
        105    6.871E-02, -9.670E-01,  2.452E-01         F               0         Hub Z orientation angle, node 1, rad
        106    8.582E-01                                 F               0         Hub X rotation velocity, node 1, rad/s
        107    1.250E-02                                 F               0         Hub Y rotation velocity, node 1, rad/s
        108   -1.913E-01                                 F               0         Hub Z rotation velocity, node 1, rad/s
        109    9.694E-01,  6.638E-03, -2.455E-01         F               0         Blade root 1 X orientation angle, node 1, rad
        110    2.358E-01,  2.545E-01,  9.379E-01         F               0         Blade root 1 Y orientation angle, node 1, rad
        111    6.871E-02, -9.670E-01,  2.452E-01         F               0         Blade root 1 Z orientation angle, node 1, rad
        112    9.768E-01,  4.280E-02, -2.097E-01         F               0         Blade root 2 X orientation angle, node 1, rad
        113   -1.498E-02, -9.637E-01, -2.664E-01         F               0         Blade root 2 Y orientation angle, node 1, rad
        114   -2.135E-01,  2.634E-01, -9.408E-01         F               0         Blade root 2 Z orientation angle, node 1, rad
        115    9.804E-01, -6.894E-03, -1.971E-01         F               0         Blade root 3 X orientation angle, node 1, rad
        116   -1.339E-01,  7.105E-01, -6.909E-01         F               0         Blade root 3 Y orientation angle, node 1, rad
        117    1.448E-01,  7.037E-01,  6.956E-01         F               0         Blade root 3 Z orientation angle, node 1, rad
        118    2.593E+01                                 F               0         Blade 1 X translation displacement, node 1, m
        119   -1.203E+01                                 F               0         Blade 1 Y translation displacement, node 1, m
        120   -4.206E+00                                 F               0         Blade 1 Z translation displacement, node 1, m
        121    2.588E+01                                 F               0         Blade 1 X translation displacement, node 2, m
        122   -1.332E+01                                 F               0         Blade 1 Y translation displacement, node 2, m
        123   -5.206E+00                                 F               0         Blade 1 Z translation displacement, node 2, m
        124    2.523E+01                                 F               0         Blade 1 X translation displacement, node 3, m
        125   -3.087E+01                                 F               0         Blade 1 Y translation displacement, node 3, m
        126   -1.881E+01                                 F               0         Blade 1 Z translation displacement, node 3, m
        127    2.510E+01                                 F               0         Blade 1 X translation displacement, node 4, m
        128   -3.461E+01                                 F               0         Blade 1 Y translation displacement, node 4, m
        129   -2.171E+01                                 F               0         Blade 1 Z translation displacement, node 4, m
        130    2.496E+01                                 F               0         Blade 1 X translation displacement, node 5, m
        131   -3.835E+01                                 F               0         Blade 1 Y translation displacement, node 5, m
        132   -2.461E+01                                 F               0         Blade 1 Z translation displacement, node 5, m
        133    2.482E+01                                 F               0         Blade 1 X translation displacement, node 6, m
        134   -4.209E+01                                 F               0         Blade 1 Y translation displacement, node 6, m
        135   -2.750E+01                                 F               0         Blade 1 Z translation displacement, node 6, m
        136    2.468E+01                                 F               0         Blade 1 X translation displacement, node 7, m
        137   -4.583E+01                                 F               0         Blade 1 Y translation displacement, node 7, m
        138   -3.040E+01                                 F               0         Blade 1 Z translation displacement, node 7, m
        139    2.454E+01                                 F               0         Blade 1 X translation displacement, node 8, m
        140   -4.958E+01                                 F               0         Blade 1 Y translation displacement, node 8, m
        141   -3.330E+01                                 F               0         Blade 1 Z translation displacement, node 8, m
        142    2.440E+01                                 F               0         Blade 1 X translation displacement, node 9, m
        143   -5.332E+01                                 F               0         Blade 1 Y translation displacement, node 9, m
        144   -3.620E+01                                 F               0         Blade 1 Z translation displacement, node 9, m
        145    2.426E+01                                 F               0         Blade 1 X translation displacement, node 10, m
        146   -5.706E+01                                 F               0         Blade 1 Y translation displacement, node 10, m
        147   -3.910E+01                                 F               0         Blade 1 Z translation displacement, node 10, m
        148    2.413E+01                                 F               0         Blade 1 X translation displacement, node 11, m
        149   -6.080E+01                                 F               0         Blade 1 Y translation displacement, node 11, m
        150   -4.199E+01                                 F               0         Blade 1 Z translation displacement, node 11, m
        151    2.399E+01                                 F               0         Blade 1 X translation displacement, node 12, m
        152   -6.454E+01                                 F               0         Blade 1 Y translation displacement, node 12, m
        153   -4.489E+01                                 F               0         Blade 1 Z translation displacement, node 12, m
        154    2.385E+01                                 F               0         Blade 1 X translation displacement, node 13, m
        155   -6.828E+01                                 F               0         Blade 1 Y translation displacement, node 13, m
        156   -4.779E+01                                 F               0         Blade 1 Z translation displacement, node 13, m
        157    2.371E+01                                 F               0         Blade 1 X translation displacement, node 14, m
        158   -7.202E+01                                 F               0         Blade 1 Y translation displacement, node 14, m
        159   -5.069E+01                                 F               0         Blade 1 Z translation displacement, node 14, m
        160    2.357E+01                                 F               0         Blade 1 X translation displacement, node 15, m
        161   -7.576E+01                                 F               0         Blade 1 Y translation displacement, node 15, m
        162   -5.359E+01                                 F               0         Blade 1 Z translation displacement, node 15, m
        163    2.343E+01                                 F               0         Blade 1 X translation displacement, node 16, m
        164   -7.950E+01                                 F               0         Blade 1 Y translation displacement, node 16, m
        165   -5.649E+01                                 F               0         Blade 1 Z translation displacement, node 16, m
        166    2.330E+01                                 F               0         Blade 1 X translation displacement, node 17, m
        167   -8.324E+01                                 F               0         Blade 1 Y translation displacement, node 17, m
        168   -5.938E+01                                 F               0         Blade 1 Z translation displacement, node 17, m
        169    2.316E+01                                 F               0         Blade 1 X translation displacement, node 18, m
        170   -8.698E+01                                 F               0         Blade 1 Y translation displacement, node 18, m
        171   -6.228E+01                                 F               0         Blade 1 Z translation displacement, node 18, m
        172    2.302E+01                                 F               0         Blade 1 X translation displacement, node 19, m
        173   -9.072E+01                                 F               0         Blade 1 Y translation displacement, node 19, m
        174   -6.518E+01                                 F               0         Blade 1 Z translation displacement, node 19, m
        175    2.288E+01                                 F               0         Blade 1 X translation displacement, node 20, m
        176   -9.446E+01                                 F               0         Blade 1 Y translation displacement, node 20, m
        177   -6.808E+01                                 F               0         Blade 1 Z translation displacement, node 20, m
        178    2.274E+01                                 F               0         Blade 1 X translation displacement, node 21, m
        179   -9.820E+01                                 F               0         Blade 1 Y translation displacement, node 21, m
        180   -7.098E+01                                 F               0         Blade 1 Z translation displacement, node 21, m
        181    2.260E+01                                 F               0         Blade 1 X translation displacement, node 22, m
        182   -1.019E+02                                 F               0         Blade 1 Y translation displacement, node 22, m
        183   -7.388E+01                                 F               0         Blade 1 Z translation displacement, node 22, m
        184    2.246E+01                                 F               0         Blade 1 X translation displacement, node 23, m
        185   -1.057E+02                                 F               0         Blade 1 Y translation displacement, node 23, m
        186   -7.677E+01                                 F               0         Blade 1 Z translation displacement, node 23, m
        187    2.233E+01                                 F               0         Blade 1 X translation displacement, node 24, m
        188   -1.094E+02                                 F               0         Blade 1 Y translation displacement, node 24, m
        189   -7.967E+01                                 F               0         Blade 1 Z translation displacement, node 24, m
        190    2.219E+01                                 F               0         Blade 1 X translation displacement, node 25, m
        191   -1.132E+02                                 F               0         Blade 1 Y translation displacement, node 25, m
        192   -8.257E+01                                 F               0         Blade 1 Z translation displacement, node 25, m
        193    2.205E+01                                 F               0         Blade 1 X translation displacement, node 26, m
        194   -1.169E+02                                 F               0         Blade 1 Y translation displacement, node 26, m
        195   -8.547E+01                                 F               0         Blade 1 Z translation displacement, node 26, m
        196    2.191E+01                                 F               0         Blade 1 X translation displacement, node 27, m
        197   -1.206E+02                                 F               0         Blade 1 Y translation displacement, node 27, m
        198   -8.837E+01                                 F               0         Blade 1 Z translation displacement, node 27, m
        199    2.179E+01                                 F               0         Blade 1 X translation displacement, node 28, m
        200   -1.238E+02                                 F               0         Blade 1 Y translation displacement, node 28, m
        201   -9.082E+01                                 F               0         Blade 1 Z translation displacement, node 28, m
        202    7.552E-01, -1.102E-01, -6.462E-01         F               0         Blade 1 X orientation angle, node 1, rad
        203    6.519E-01,  2.295E-01,  7.228E-01         F               0         Blade 1 Y orientation angle, node 1, rad
        204    6.871E-02, -9.670E-01,  2.452E-01         F               0         Blade 1 Z orientation angle, node 1, rad
        205    7.552E-01, -1.102E-01, -6.462E-01         F               0         Blade 1 X orientation angle, node 2, rad
        206    6.519E-01,  2.295E-01,  7.228E-01         F               0         Blade 1 Y orientation angle, node 2, rad
        207    6.871E-02, -9.670E-01,  2.452E-01         F               0         Blade 1 Z orientation angle, node 2, rad
        208    8.882E-01, -5.262E-02, -4.564E-01         F               0         Blade 1 X orientation angle, node 3, rad
        209    4.543E-01,  2.491E-01,  8.553E-01         F               0         Blade 1 Y orientation angle, node 3, rad
        210    6.871E-02, -9.670E-01,  2.452E-01         F               0         Blade 1 Z orientation angle, node 3, rad
        211    9.066E-01, -4.205E-02, -4.199E-01         F               0         Blade 1 X orientation angle, node 4, rad
        212    4.164E-01,  2.511E-01,  8.738E-01         F               0         Blade 1 Y orientation angle, node 4, rad
        213    6.871E-02, -9.670E-01,  2.452E-01         F               0         Blade 1 Z orientation angle, node 4, rad
        214    9.199E-01, -3.370E-02, -3.907E-01         F               0         Blade 1 X orientation angle, node 5, rad
        215    3.861E-01,  2.524E-01,  8.873E-01         F               0         Blade 1 Y orientation angle, node 5, rad
        216    6.871E-02, -9.670E-01,  2.452E-01         F               0         Blade 1 Z orientation angle, node 5, rad
        217    9.298E-01, -2.699E-02, -3.671E-01         F               0         Blade 1 X orientation angle, node 6, rad
        218    3.616E-01,  2.532E-01,  8.973E-01         F               0         Blade 1 Y orientation angle, node 6, rad
        219    6.871E-02, -9.670E-01,  2.452E-01         F               0         Blade 1 Z orientation angle, node 6, rad
        220    9.375E-01, -2.147E-02, -3.474E-01         F               0         Blade 1 X orientation angle, node 7, rad
        221    3.412E-01,  2.537E-01,  9.051E-01         F               0         Blade 1 Y orientation angle, node 7, rad
        222    6.871E-02, -9.670E-01,  2.452E-01         F               0         Blade 1 Z orientation angle, node 7, rad
        223    9.435E-01, -1.686E-02, -3.309E-01         F               0         Blade 1 X orientation angle, node 8, rad
        224    3.241E-01,  2.541E-01,  9.113E-01         F               0         Blade 1 Y orientation angle, node 8, rad
        225    6.871E-02, -9.670E-01,  2.452E-01         F               0         Blade 1 Z orientation angle, node 8, rad
        226    9.484E-01, -1.295E-02, -3.169E-01         F               0         Blade 1 X orientation angle, node 9, rad
        227    3.096E-01,  2.543E-01,  9.162E-01         F               0         Blade 1 Y orientation angle, node 9, rad
        228    6.871E-02, -9.670E-01,  2.452E-01         F               0         Blade 1 Z orientation angle, node 9, rad
        229    9.524E-01, -9.579E-03, -3.047E-01         F               0         Blade 1 X orientation angle, node 10, rad
        230    2.970E-01,  2.544E-01,  9.204E-01         F               0         Blade 1 Y orientation angle, node 10, rad
        231    6.871E-02, -9.670E-01,  2.452E-01         F               0         Blade 1 Z orientation angle, node 10, rad
        232    9.557E-01, -6.692E-03, -2.942E-01         F               0         Blade 1 X orientation angle, node 11, rad
        233    2.862E-01,  2.545E-01,  9.238E-01         F               0         Blade 1 Y orientation angle, node 11, rad
        234    6.871E-02, -9.670E-01,  2.452E-01         F               0         Blade 1 Z orientation angle, node 11, rad
        235    9.585E-01, -4.160E-03, -2.850E-01         F               0         Blade 1 X orientation angle, node 12, rad
        236    2.767E-01,  2.546E-01,  9.266E-01         F               0         Blade 1 Y orientation angle, node 12, rad
        237    6.871E-02, -9.670E-01,  2.452E-01         F               0         Blade 1 Z orientation angle, node 12, rad
        238    9.609E-01, -1.938E-03, -2.769E-01         F               0         Blade 1 X orientation angle, node 13, rad
        239    2.683E-01,  2.546E-01,  9.291E-01         F               0         Blade 1 Y orientation angle, node 13, rad
        240    6.871E-02, -9.670E-01,  2.452E-01         F               0         Blade 1 Z orientation angle, node 13, rad
        241    9.630E-01,  6.196E-05, -2.696E-01         F               0         Blade 1 X orientation angle, node 14, rad
        242    2.607E-01,  2.546E-01,  9.312E-01         F               0         Blade 1 Y orientation angle, node 14, rad
        243    6.871E-02, -9.670E-01,  2.452E-01         F               0         Blade 1 Z orientation angle, node 14, rad
        244    9.648E-01,  1.839E-03, -2.631E-01         F               0         Blade 1 X orientation angle, node 15, rad
        245    2.540E-01,  2.546E-01,  9.331E-01         F               0         Blade 1 Y orientation angle, node 15, rad
        246    6.871E-02, -9.670E-01,  2.452E-01         F               0         Blade 1 Z orientation angle, node 15, rad
        247    9.663E-01,  3.439E-03, -2.572E-01         F               0         Blade 1 X orientation angle, node 16, rad
        248    2.479E-01,  2.546E-01,  9.347E-01         F               0         Blade 1 Y orientation angle, node 16, rad
        249    6.871E-02, -9.670E-01,  2.452E-01         F               0         Blade 1 Z orientation angle, node 16, rad
        250    9.677E-01,  4.861E-03, -2.520E-01         F               0         Blade 1 X orientation angle, node 17, rad
        251    2.425E-01,  2.546E-01,  9.362E-01         F               0         Blade 1 Y orientation angle, node 17, rad
        252    6.871E-02, -9.670E-01,  2.452E-01         F               0         Blade 1 Z orientation angle, node 17, rad
        253    9.690E-01,  6.194E-03, -2.471E-01         F               0         Blade 1 X orientation angle, node 18, rad
        254    2.375E-01,  2.545E-01,  9.375E-01         F               0         Blade 1 Y orientation angle, node 18, rad
        255    6.871E-02, -9.670E-01,  2.452E-01         F               0         Blade 1 Z orientation angle, node 18, rad
        256    9.701E-01,  7.393E-03, -2.427E-01         F               0         Blade 1 X orientation angle, node 19, rad
        257    2.329E-01,  2.545E-01,  9.386E-01         F               0         Blade 1 Y orientation angle, node 19, rad
        258    6.871E-02, -9.670E-01,  2.452E-01         F               0         Blade 1 Z orientation angle, node 19, rad
        259    9.710E-01,  8.459E-03, -2.388E-01         F               0         Blade 1 X orientation angle, node 20, rad
        260    2.288E-01,  2.545E-01,  9.396E-01         F               0         Blade 1 Y orientation angle, node 20, rad
        261    6.871E-02, -9.670E-01,  2.452E-01         F               0         Blade 1 Z orientation angle, node 20, rad
        262    9.720E-01,  9.481E-03, -2.350E-01         F               0         Blade 1 X orientation angle, node 21, rad
        263    2.249E-01,  2.544E-01,  9.406E-01         F               0         Blade 1 Y orientation angle, node 21, rad
        264    6.871E-02, -9.670E-01,  2.452E-01         F               0         Blade 1 Z orientation angle, node 21, rad
        265    9.728E-01,  1.041E-02, -2.315E-01         F               0         Blade 1 X orientation angle, node 22, rad
        266    2.214E-01,  2.544E-01,  9.414E-01         F               0         Blade 1 Y orientation angle, node 22, rad
        267    6.871E-02, -9.670E-01,  2.452E-01         F               0         Blade 1 Z orientation angle, node 22, rad
        268    9.735E-01,  1.126E-02, -2.284E-01         F               0         Blade 1 X orientation angle, node 23, rad
        269    2.181E-01,  2.544E-01,  9.422E-01         F               0         Blade 1 Y orientation angle, node 23, rad
        270    6.871E-02, -9.670E-01,  2.452E-01         F               0         Blade 1 Z orientation angle, node 23, rad
        271    9.742E-01,  1.206E-02, -2.255E-01         F               0         Blade 1 X orientation angle, node 24, rad
        272    2.151E-01,  2.543E-01,  9.429E-01         F               0         Blade 1 Y orientation angle, node 24, rad
        273    6.871E-02, -9.670E-01,  2.452E-01         F               0         Blade 1 Z orientation angle, node 24, rad
        274    9.748E-01,  1.281E-02, -2.227E-01         F               0         Blade 1 X orientation angle, node 25, rad
        275    2.122E-01,  2.543E-01,  9.436E-01         F               0         Blade 1 Y orientation angle, node 25, rad
        276    6.871E-02, -9.670E-01,  2.452E-01         F               0         Blade 1 Z orientation angle, node 25, rad
        277    9.754E-01,  1.348E-02, -2.202E-01         F               0         Blade 1 X orientation angle, node 26, rad
        278    2.096E-01,  2.543E-01,  9.441E-01         F               0         Blade 1 Y orientation angle, node 26, rad
        279    6.871E-02, -9.670E-01,  2.452E-01         F               0         Blade 1 Z orientation angle, node 26, rad
        280    9.759E-01,  1.414E-02, -2.177E-01         F               0         Blade 1 X orientation angle, node 27, rad
        281    2.071E-01,  2.542E-01,  9.447E-01         F               0         Blade 1 Y orientation angle, node 27, rad
        282    6.871E-02, -9.670E-01,  2.452E-01         F               0         Blade 1 Z orientation angle, node 27, rad
        283    9.762E-01,  1.450E-02, -2.164E-01         F               0         Blade 1 X orientation angle, node 28, rad
        284    2.057E-01,  2.542E-01,  9.450E-01         F               0         Blade 1 Y orientation angle, node 28, rad
        285    6.871E-02, -9.670E-01,  2.452E-01         F               0         Blade 1 Z orientation angle, node 28, rad
        286   -1.008E+00                                 F               0         Blade 1 X translation velocity, node 1, m/s
        287   -1.233E+00                                 F               0         Blade 1 Y translation velocity, node 1, m/s
        288   -4.600E+00                                 F               0         Blade 1 Z translation velocity, node 1, m/s
        289   -1.251E+00                                 F               0         Blade 1 X translation velocity, node 2, m/s
        290   -1.531E+00                                 F               0         Blade 1 Y translation velocity, node 2, m/s
        291   -5.709E+00                                 F               0         Blade 1 Z translation velocity, node 2, m/s
        292   -4.554E+00                                 F               0         Blade 1 X translation velocity, node 3, m/s
        293   -5.589E+00                                 F               0         Blade 1 Y translation velocity, node 3, m/s
        294   -2.079E+01                                 F               0         Blade 1 Z translation velocity, node 3, m/s
        295   -5.258E+00                                 F               0         Blade 1 X translation velocity, node 4, m/s
        296   -6.454E+00                                 F               0         Blade 1 Y translation velocity, node 4, m/s
        297   -2.400E+01                                 F               0         Blade 1 Z translation velocity, node 4, m/s
        298   -5.961E+00                                 F               0         Blade 1 X translation velocity, node 5, m/s
        299   -7.318E+00                                 F               0         Blade 1 Y translation velocity, node 5, m/s
        300   -2.722E+01                                 F               0         Blade 1 Z translation velocity, node 5, m/s
        301   -6.665E+00                                 F               0         Blade 1 X translation velocity, node 6, m/s
        302   -8.183E+00                                 F               0         Blade 1 Y translation velocity, node 6, m/s
        303   -3.043E+01                                 F               0         Blade 1 Z translation velocity, node 6, m/s
        304   -7.369E+00                                 F               0         Blade 1 X translation velocity, node 7, m/s
        305   -9.047E+00                                 F               0         Blade 1 Y translation velocity, node 7, m/s
        306   -3.364E+01                                 F               0         Blade 1 Z translation velocity, node 7, m/s
        307   -8.073E+00                                 F               0         Blade 1 X translation velocity, node 8, m/s
