
Linearized model: Predictions were generated on 12-Feb-2024 at 18:31:58 using OpenFAST, compiled as a 64-bit application using single precision at commit v3.5.1
 linked with  NWTC Subroutine Library; ElastoDyn; InflowWind; AeroDyn; ServoDyn; HydroDyn; MAP++ (<1.20.10>, <Oct-20-2023>)

Description from the FAST input file: CCT-9 Campign 4 model. Input files to be run with OpenFAST 3.5.0. GitHub branch from Lu Wang (https://github.com/luwang00/openfast/tree/dev) compiled on March 7, 2023.

Simulation information:
   Simulation time:                  1005.9750 s
   Rotor Speed:                         1.0470 rad/s
   Azimuth:                             5.9200 rad
   Wind Speed:                         12.0000 m/s
   Number of continuous states:         0
   Number of discrete states:           0
   Number of constraint states:         0
   Number of inputs:                 1746
   Number of outputs:                   4
   Jacobians included in this file?    No

Order of inputs:
     Column   Operating Point                     Rotating Frame? Derivative Order Description
   ---------- ---------------                     --------------- ---------------- -----------
          1    1.518E+01                                 F               0         Tower X translation displacement, node 1, m
          2   -1.050E+00                                 F               0         Tower Y translation displacement, node 1, m
          3   -4.680E-01                                 F               0         Tower Z translation displacement, node 1, m
          4    1.704E+01                                 F               0         Tower X translation displacement, node 2, m
          5   -1.603E+00                                 F               0         Tower Y translation displacement, node 2, m
          6   -6.215E-01                                 F               0         Tower Z translation displacement, node 2, m
          7    1.890E+01                                 F               0         Tower X translation displacement, node 3, m
          8   -2.156E+00                                 F               0         Tower Y translation displacement, node 3, m
          9   -7.751E-01                                 F               0         Tower Z translation displacement, node 3, m
         10    2.076E+01                                 F               0         Tower X translation displacement, node 4, m
         11   -2.709E+00                                 F               0         Tower Y translation displacement, node 4, m
         12   -9.287E-01                                 F               0         Tower Z translation displacement, node 4, m
         13    2.263E+01                                 F               0         Tower X translation displacement, node 5, m
         14   -3.262E+00                                 F               0         Tower Y translation displacement, node 5, m
         15   -1.082E+00                                 F               0         Tower Z translation displacement, node 5, m
         16    2.449E+01                                 F               0         Tower X translation displacement, node 6, m
         17   -3.815E+00                                 F               0         Tower Y translation displacement, node 6, m
         18   -1.236E+00                                 F               0         Tower Z translation displacement, node 6, m
         19    2.635E+01                                 F               0         Tower X translation displacement, node 7, m
         20   -4.368E+00                                 F               0         Tower Y translation displacement, node 7, m
         21   -1.389E+00                                 F               0         Tower Z translation displacement, node 7, m
         22    2.821E+01                                 F               0         Tower X translation displacement, node 8, m
         23   -4.920E+00                                 F               0         Tower Y translation displacement, node 8, m
         24   -1.543E+00                                 F               0         Tower Z translation displacement, node 8, m
         25    3.007E+01                                 F               0         Tower X translation displacement, node 9, m
         26   -5.473E+00                                 F               0         Tower Y translation displacement, node 9, m
         27   -1.696E+00                                 F               0         Tower Z translation displacement, node 9, m
         28    3.193E+01                                 F               0         Tower X translation displacement, node 10, m
         29   -6.026E+00                                 F               0         Tower Y translation displacement, node 10, m
         30   -1.850E+00                                 F               0         Tower Z translation displacement, node 10, m
         31    3.379E+01                                 F               0         Tower X translation displacement, node 11, m
         32   -6.579E+00                                 F               0         Tower Y translation displacement, node 11, m
         33   -2.004E+00                                 F               0         Tower Z translation displacement, node 11, m
         34    9.885E-01,  1.513E-02, -1.501E-01         F               0         Tower X orientation angle, node 1, rad
         35   -8.220E-03,  9.989E-01,  4.651E-02         F               0         Tower Y orientation angle, node 1, rad
         36    1.507E-01, -4.475E-02,  9.876E-01         F               0         Tower Z orientation angle, node 1, rad
         37    9.885E-01,  1.513E-02, -1.501E-01         F               0         Tower X orientation angle, node 2, rad
         38   -8.220E-03,  9.989E-01,  4.651E-02         F               0         Tower Y orientation angle, node 2, rad
         39    1.507E-01, -4.475E-02,  9.876E-01         F               0         Tower Z orientation angle, node 2, rad
         40    9.885E-01,  1.513E-02, -1.501E-01         F               0         Tower X orientation angle, node 3, rad
         41   -8.220E-03,  9.989E-01,  4.651E-02         F               0         Tower Y orientation angle, node 3, rad
         42    1.507E-01, -4.475E-02,  9.876E-01         F               0         Tower Z orientation angle, node 3, rad
         43    9.885E-01,  1.513E-02, -1.501E-01         F               0         Tower X orientation angle, node 4, rad
         44   -8.220E-03,  9.989E-01,  4.651E-02         F               0         Tower Y orientation angle, node 4, rad
         45    1.507E-01, -4.475E-02,  9.876E-01         F               0         Tower Z orientation angle, node 4, rad
         46    9.885E-01,  1.513E-02, -1.501E-01         F               0         Tower X orientation angle, node 5, rad
         47   -8.220E-03,  9.989E-01,  4.651E-02         F               0         Tower Y orientation angle, node 5, rad
         48    1.507E-01, -4.475E-02,  9.876E-01         F               0         Tower Z orientation angle, node 5, rad
         49    9.885E-01,  1.513E-02, -1.501E-01         F               0         Tower X orientation angle, node 6, rad
         50   -8.220E-03,  9.989E-01,  4.651E-02         F               0         Tower Y orientation angle, node 6, rad
         51    1.507E-01, -4.475E-02,  9.876E-01         F               0         Tower Z orientation angle, node 6, rad
         52    9.885E-01,  1.513E-02, -1.501E-01         F               0         Tower X orientation angle, node 7, rad
         53   -8.220E-03,  9.989E-01,  4.651E-02         F               0         Tower Y orientation angle, node 7, rad
         54    1.507E-01, -4.475E-02,  9.876E-01         F               0         Tower Z orientation angle, node 7, rad
         55    9.885E-01,  1.513E-02, -1.501E-01         F               0         Tower X orientation angle, node 8, rad
         56   -8.220E-03,  9.989E-01,  4.651E-02         F               0         Tower Y orientation angle, node 8, rad
         57    1.507E-01, -4.475E-02,  9.876E-01         F               0         Tower Z orientation angle, node 8, rad
         58    9.885E-01,  1.513E-02, -1.501E-01         F               0         Tower X orientation angle, node 9, rad
         59   -8.220E-03,  9.989E-01,  4.651E-02         F               0         Tower Y orientation angle, node 9, rad
         60    1.507E-01, -4.475E-02,  9.876E-01         F               0         Tower Z orientation angle, node 9, rad
         61    9.885E-01,  1.513E-02, -1.501E-01         F               0         Tower X orientation angle, node 10, rad
         62   -8.220E-03,  9.989E-01,  4.651E-02         F               0         Tower Y orientation angle, node 10, rad
         63    1.507E-01, -4.475E-02,  9.876E-01         F               0         Tower Z orientation angle, node 10, rad
         64    9.885E-01,  1.513E-02, -1.501E-01         F               0         Tower X orientation angle, node 11, rad
         65   -8.220E-03,  9.989E-01,  4.651E-02         F               0         Tower Y orientation angle, node 11, rad
         66    1.507E-01, -4.475E-02,  9.876E-01         F               0         Tower Z orientation angle, node 11, rad
         67   -2.819E-04                                 F               0         Tower X translation velocity, node 1, m/s
         68    8.931E-03                                 F               0         Tower Y translation velocity, node 1, m/s
         69    4.780E-03                                 F               0         Tower Z translation velocity, node 1, m/s
         70   -5.985E-04                                 F               0         Tower X translation velocity, node 2, m/s
         71    1.451E-02                                 F               0         Tower Y translation velocity, node 2, m/s
         72    5.081E-03                                 F               0         Tower Z translation velocity, node 2, m/s
         73   -9.151E-04                                 F               0         Tower X translation velocity, node 3, m/s
         74    2.008E-02                                 F               0         Tower Y translation velocity, node 3, m/s
         75    5.382E-03                                 F               0         Tower Z translation velocity, node 3, m/s
         76   -1.232E-03                                 F               0         Tower X translation velocity, node 4, m/s
         77    2.566E-02                                 F               0         Tower Y translation velocity, node 4, m/s
         78    5.682E-03                                 F               0         Tower Z translation velocity, node 4, m/s
         79   -1.548E-03                                 F               0         Tower X translation velocity, node 5, m/s
         80    3.123E-02                                 F               0         Tower Y translation velocity, node 5, m/s
         81    5.983E-03                                 F               0         Tower Z translation velocity, node 5, m/s
         82   -1.865E-03                                 F               0         Tower X translation velocity, node 6, m/s
         83    3.681E-02                                 F               0         Tower Y translation velocity, node 6, m/s
         84    6.284E-03                                 F               0         Tower Z translation velocity, node 6, m/s
         85   -2.181E-03                                 F               0         Tower X translation velocity, node 7, m/s
         86    4.238E-02                                 F               0         Tower Y translation velocity, node 7, m/s
         87    6.585E-03                                 F               0         Tower Z translation velocity, node 7, m/s
         88   -2.498E-03                                 F               0         Tower X translation velocity, node 8, m/s
         89    4.796E-02                                 F               0         Tower Y translation velocity, node 8, m/s
         90    6.886E-03                                 F               0         Tower Z translation velocity, node 8, m/s
         91   -2.815E-03                                 F               0         Tower X translation velocity, node 9, m/s
         92    5.353E-02                                 F               0         Tower Y translation velocity, node 9, m/s
         93    7.187E-03                                 F               0         Tower Z translation velocity, node 9, m/s
         94   -3.131E-03                                 F               0         Tower X translation velocity, node 10, m/s
         95    5.911E-02                                 F               0         Tower Y translation velocity, node 10, m/s
         96    7.488E-03                                 F               0         Tower Z translation velocity, node 10, m/s
         97   -3.448E-03                                 F               0         Tower X translation velocity, node 11, m/s
         98    6.469E-02                                 F               0         Tower Y translation velocity, node 11, m/s
         99    7.789E-03                                 F               0         Tower Z translation velocity, node 11, m/s
        100    3.510E+01                                 F               0         Hub X translation displacement, node 1, m
        101   -7.094E+00                                 F               0         Hub Y translation displacement, node 1, m
        102   -4.797E-01                                 F               0         Hub Z translation displacement, node 1, m
        103    9.674E-01,  1.972E-02, -2.525E-01         F               0         Hub X orientation angle, node 1, rad
        104   -9.763E-02,  9.490E-01, -2.999E-01         F               0         Hub Y orientation angle, node 1, rad
        105    2.337E-01,  3.148E-01,  9.199E-01         F               0         Hub Z orientation angle, node 1, rad
        106    1.012E+00                                 F               0         Hub X rotation velocity, node 1, rad/s
        107    2.061E-02                                 F               0         Hub Y rotation velocity, node 1, rad/s
        108   -2.642E-01                                 F               0         Hub Z rotation velocity, node 1, rad/s
        109    9.699E-01, -8.440E-03, -2.435E-01         F               0         Blade root 1 X orientation angle, node 1, rad
        110   -6.889E-02,  9.491E-01, -3.073E-01         F               0         Blade root 1 Y orientation angle, node 1, rad
        111    2.337E-01,  3.148E-01,  9.199E-01         F               0         Blade root 1 Z orientation angle, node 1, rad
        112    9.595E-01,  2.570E-02, -2.805E-01         F               0         Blade root 2 X orientation angle, node 1, rad
        113    2.798E-01, -2.012E-01,  9.387E-01         F               0         Blade root 2 Y orientation angle, node 1, rad
        114   -3.232E-02, -9.792E-01, -2.003E-01         F               0         Blade root 2 Z orientation angle, node 1, rad
        115    9.715E-01,  4.188E-02, -2.332E-01         F               0         Blade root 3 X orientation angle, node 1, rad
        116   -1.248E-01, -7.462E-01, -6.540E-01         F               0         Blade root 3 Y orientation angle, node 1, rad
        117   -2.014E-01,  6.644E-01, -7.197E-01         F               0         Blade root 3 Z orientation angle, node 1, rad
        118    3.582E+01                                 F               0         Blade 1 X translation displacement, node 1, m
        119   -5.350E+00                                 F               0         Blade 1 Y translation displacement, node 1, m
        120   -8.929E-01                                 F               0         Blade 1 Z translation displacement, node 1, m
        121    3.599E+01                                 F               0         Blade 1 X translation displacement, node 2, m
        122   -4.930E+00                                 F               0         Blade 1 Y translation displacement, node 2, m
        123   -9.924E-01                                 F               0         Blade 1 Z translation displacement, node 2, m
        124    3.834E+01                                 F               0         Blade 1 X translation displacement, node 3, m
        125    7.842E-01                                 F               0         Blade 1 Y translation displacement, node 3, m
        126   -2.346E+00                                 F               0         Blade 1 Z translation displacement, node 3, m
        127    3.883E+01                                 F               0         Blade 1 X translation displacement, node 4, m
        128    2.002E+00                                 F               0         Blade 1 Y translation displacement, node 4, m
        129   -2.635E+00                                 F               0         Blade 1 Z translation displacement, node 4, m
        130    3.933E+01                                 F               0         Blade 1 X translation displacement, node 5, m
        131    3.219E+00                                 F               0         Blade 1 Y translation displacement, node 5, m
        132   -2.923E+00                                 F               0         Blade 1 Z translation displacement, node 5, m
        133    3.983E+01                                 F               0         Blade 1 X translation displacement, node 6, m
        134    4.436E+00                                 F               0         Blade 1 Y translation displacement, node 6, m
        135   -3.212E+00                                 F               0         Blade 1 Z translation displacement, node 6, m
        136    4.033E+01                                 F               0         Blade 1 X translation displacement, node 7, m
        137    5.654E+00                                 F               0         Blade 1 Y translation displacement, node 7, m
        138   -3.500E+00                                 F               0         Blade 1 Z translation displacement, node 7, m
        139    4.083E+01                                 F               0         Blade 1 X translation displacement, node 8, m
        140    6.871E+00                                 F               0         Blade 1 Y translation displacement, node 8, m
        141   -3.789E+00                                 F               0         Blade 1 Z translation displacement, node 8, m
        142    4.133E+01                                 F               0         Blade 1 X translation displacement, node 9, m
        143    8.089E+00                                 F               0         Blade 1 Y translation displacement, node 9, m
        144   -4.077E+00                                 F               0         Blade 1 Z translation displacement, node 9, m
        145    4.183E+01                                 F               0         Blade 1 X translation displacement, node 10, m
        146    9.306E+00                                 F               0         Blade 1 Y translation displacement, node 10, m
        147   -4.366E+00                                 F               0         Blade 1 Z translation displacement, node 10, m
        148    4.233E+01                                 F               0         Blade 1 X translation displacement, node 11, m
        149    1.052E+01                                 F               0         Blade 1 Y translation displacement, node 11, m
        150   -4.654E+00                                 F               0         Blade 1 Z translation displacement, node 11, m
        151    4.283E+01                                 F               0         Blade 1 X translation displacement, node 12, m
        152    1.174E+01                                 F               0         Blade 1 Y translation displacement, node 12, m
        153   -4.943E+00                                 F               0         Blade 1 Z translation displacement, node 12, m
        154    4.333E+01                                 F               0         Blade 1 X translation displacement, node 13, m
        155    1.296E+01                                 F               0         Blade 1 Y translation displacement, node 13, m
        156   -5.231E+00                                 F               0         Blade 1 Z translation displacement, node 13, m
        157    4.383E+01                                 F               0         Blade 1 X translation displacement, node 14, m
        158    1.418E+01                                 F               0         Blade 1 Y translation displacement, node 14, m
        159   -5.519E+00                                 F               0         Blade 1 Z translation displacement, node 14, m
        160    4.433E+01                                 F               0         Blade 1 X translation displacement, node 15, m
        161    1.539E+01                                 F               0         Blade 1 Y translation displacement, node 15, m
        162   -5.808E+00                                 F               0         Blade 1 Z translation displacement, node 15, m
        163    4.483E+01                                 F               0         Blade 1 X translation displacement, node 16, m
        164    1.661E+01                                 F               0         Blade 1 Y translation displacement, node 16, m
        165   -6.096E+00                                 F               0         Blade 1 Z translation displacement, node 16, m
        166    4.533E+01                                 F               0         Blade 1 X translation displacement, node 17, m
        167    1.783E+01                                 F               0         Blade 1 Y translation displacement, node 17, m
        168   -6.385E+00                                 F               0         Blade 1 Z translation displacement, node 17, m
        169    4.583E+01                                 F               0         Blade 1 X translation displacement, node 18, m
        170    1.905E+01                                 F               0         Blade 1 Y translation displacement, node 18, m
        171   -6.673E+00                                 F               0         Blade 1 Z translation displacement, node 18, m
        172    4.633E+01                                 F               0         Blade 1 X translation displacement, node 19, m
        173    2.026E+01                                 F               0         Blade 1 Y translation displacement, node 19, m
        174   -6.962E+00                                 F               0         Blade 1 Z translation displacement, node 19, m
        175    4.683E+01                                 F               0         Blade 1 X translation displacement, node 20, m
        176    2.148E+01                                 F               0         Blade 1 Y translation displacement, node 20, m
        177   -7.250E+00                                 F               0         Blade 1 Z translation displacement, node 20, m
        178    4.733E+01                                 F               0         Blade 1 X translation displacement, node 21, m
        179    2.270E+01                                 F               0         Blade 1 Y translation displacement, node 21, m
        180   -7.539E+00                                 F               0         Blade 1 Z translation displacement, node 21, m
        181    4.783E+01                                 F               0         Blade 1 X translation displacement, node 22, m
        182    2.392E+01                                 F               0         Blade 1 Y translation displacement, node 22, m
        183   -7.827E+00                                 F               0         Blade 1 Z translation displacement, node 22, m
        184    4.833E+01                                 F               0         Blade 1 X translation displacement, node 23, m
        185    2.513E+01                                 F               0         Blade 1 Y translation displacement, node 23, m
        186   -8.116E+00                                 F               0         Blade 1 Z translation displacement, node 23, m
        187    4.883E+01                                 F               0         Blade 1 X translation displacement, node 24, m
        188    2.635E+01                                 F               0         Blade 1 Y translation displacement, node 24, m
        189   -8.404E+00                                 F               0         Blade 1 Z translation displacement, node 24, m
        190    4.933E+01                                 F               0         Blade 1 X translation displacement, node 25, m
        191    2.757E+01                                 F               0         Blade 1 Y translation displacement, node 25, m
        192   -8.693E+00                                 F               0         Blade 1 Z translation displacement, node 25, m
        193    4.983E+01                                 F               0         Blade 1 X translation displacement, node 26, m
        194    2.879E+01                                 F               0         Blade 1 Y translation displacement, node 26, m
        195   -8.981E+00                                 F               0         Blade 1 Z translation displacement, node 26, m
        196    5.033E+01                                 F               0         Blade 1 X translation displacement, node 27, m
        197    3.000E+01                                 F               0         Blade 1 Y translation displacement, node 27, m
        198   -9.269E+00                                 F               0         Blade 1 Z translation displacement, node 27, m
        199    5.075E+01                                 F               0         Blade 1 X translation displacement, node 28, m
        200    3.103E+01                                 F               0         Blade 1 Y translation displacement, node 28, m
        201   -9.514E+00                                 F               0         Blade 1 Z translation displacement, node 28, m
        202    8.946E-01, -4.403E-01, -7.663E-02         F               0         Blade 1 X orientation angle, node 1, rad
        203    3.810E-01,  8.409E-01, -3.845E-01         F               0         Blade 1 Y orientation angle, node 1, rad
        204    2.337E-01,  3.148E-01,  9.199E-01         F               0         Blade 1 Z orientation angle, node 1, rad
        205    8.946E-01, -4.403E-01, -7.663E-02         F               0         Blade 1 X orientation angle, node 2, rad
        206    3.810E-01,  8.409E-01, -3.845E-01         F               0         Blade 1 Y orientation angle, node 2, rad
        207    2.337E-01,  3.148E-01,  9.199E-01         F               0         Blade 1 Z orientation angle, node 2, rad
        208    9.594E-01, -2.285E-01, -1.656E-01         F               0         Blade 1 X orientation angle, node 3, rad
        209    1.581E-01,  9.213E-01, -3.554E-01         F               0         Blade 1 Y orientation angle, node 3, rad
        210    2.337E-01,  3.148E-01,  9.199E-01         F               0         Blade 1 Z orientation angle, node 3, rad
        211    9.652E-01, -1.894E-01, -1.804E-01         F               0         Blade 1 X orientation angle, node 4, rad
        212    1.174E-01,  9.301E-01, -3.481E-01         F               0         Blade 1 Y orientation angle, node 4, rad
        213    2.337E-01,  3.148E-01,  9.199E-01         F               0         Blade 1 Z orientation angle, node 4, rad
        214    9.685E-01, -1.584E-01, -1.919E-01         F               0         Blade 1 X orientation angle, node 5, rad
        215    8.537E-02,  9.359E-01, -3.419E-01         F               0         Blade 1 Y orientation angle, node 5, rad
        216    2.337E-01,  3.148E-01,  9.199E-01         F               0         Blade 1 Z orientation angle, node 5, rad
        217    9.705E-01, -1.336E-01, -2.009E-01         F               0         Blade 1 X orientation angle, node 6, rad
        218    5.964E-02,  9.397E-01, -3.367E-01         F               0         Blade 1 Y orientation angle, node 6, rad
        219    2.337E-01,  3.148E-01,  9.199E-01         F               0         Blade 1 Z orientation angle, node 6, rad
        220    9.715E-01, -1.130E-01, -2.082E-01         F               0         Blade 1 X orientation angle, node 7, rad
        221    3.846E-02,  9.424E-01, -3.322E-01         F               0         Blade 1 Y orientation angle, node 7, rad
        222    2.337E-01,  3.148E-01,  9.199E-01         F               0         Blade 1 Z orientation angle, node 7, rad
        223    9.721E-01, -9.591E-02, -2.142E-01         F               0         Blade 1 X orientation angle, node 8, rad
        224    2.082E-02,  9.443E-01, -3.284E-01         F               0         Blade 1 Y orientation angle, node 8, rad
        225    2.337E-01,  3.148E-01,  9.199E-01         F               0         Blade 1 Z orientation angle, node 8, rad
        226    9.723E-01, -8.140E-02, -2.192E-01         F               0         Blade 1 X orientation angle, node 9, rad
        227    5.887E-03,  9.457E-01, -3.251E-01         F               0         Blade 1 Y orientation angle, node 9, rad
        228    2.337E-01,  3.148E-01,  9.199E-01         F               0         Blade 1 Z orientation angle, node 9, rad
        229    9.723E-01, -6.885E-02, -2.235E-01         F               0         Blade 1 X orientation angle, node 10, rad
        230   -7.010E-03,  9.467E-01, -3.221E-01         F               0         Blade 1 Y orientation angle, node 10, rad
        231    2.337E-01,  3.148E-01,  9.199E-01         F               0         Blade 1 Z orientation angle, node 10, rad
        232    9.721E-01, -5.810E-02, -2.271E-01         F               0         Blade 1 X orientation angle, node 11, rad
        233   -1.804E-02,  9.474E-01, -3.196E-01         F               0         Blade 1 Y orientation angle, node 11, rad
        234    2.337E-01,  3.148E-01,  9.199E-01         F               0         Blade 1 Z orientation angle, node 11, rad
        235    9.719E-01, -4.867E-02, -2.303E-01         F               0         Blade 1 X orientation angle, node 12, rad
        236   -2.771E-02,  9.479E-01, -3.173E-01         F               0         Blade 1 Y orientation angle, node 12, rad
        237    2.337E-01,  3.148E-01,  9.199E-01         F               0         Blade 1 Z orientation angle, node 12, rad
        238    9.716E-01, -4.040E-02, -2.330E-01         F               0         Blade 1 X orientation angle, node 13, rad
        239   -3.619E-02,  9.483E-01, -3.153E-01         F               0         Blade 1 Y orientation angle, node 13, rad
        240    2.337E-01,  3.148E-01,  9.199E-01         F               0         Blade 1 Z orientation angle, node 13, rad
        241    9.713E-01, -3.295E-02, -2.355E-01         F               0         Blade 1 X orientation angle, node 14, rad
        242   -4.382E-02,  9.486E-01, -3.134E-01         F               0         Blade 1 Y orientation angle, node 14, rad
        243    2.337E-01,  3.148E-01,  9.199E-01         F               0         Blade 1 Z orientation angle, node 14, rad
        244    9.710E-01, -2.633E-02, -2.377E-01         F               0         Blade 1 X orientation angle, node 15, rad
        245   -5.060E-02,  9.488E-01, -3.118E-01         F               0         Blade 1 Y orientation angle, node 15, rad
        246    2.337E-01,  3.148E-01,  9.199E-01         F               0         Blade 1 Z orientation angle, node 15, rad
        247    9.706E-01, -2.037E-02, -2.397E-01         F               0         Blade 1 X orientation angle, node 16, rad
        248   -5.670E-02,  9.489E-01, -3.103E-01         F               0         Blade 1 Y orientation angle, node 16, rad
        249    2.337E-01,  3.148E-01,  9.199E-01         F               0         Blade 1 Z orientation angle, node 16, rad
        250    9.703E-01, -1.507E-02, -2.414E-01         F               0         Blade 1 X orientation angle, node 17, rad
        251   -6.212E-02,  9.490E-01, -3.089E-01         F               0         Blade 1 Y orientation angle, node 17, rad
        252    2.337E-01,  3.148E-01,  9.199E-01         F               0         Blade 1 Z orientation angle, node 17, rad
        253    9.700E-01, -1.010E-02, -2.430E-01         F               0         Blade 1 X orientation angle, node 18, rad
        254   -6.720E-02,  9.491E-01, -3.077E-01         F               0         Blade 1 Y orientation angle, node 18, rad
        255    2.337E-01,  3.148E-01,  9.199E-01         F               0         Blade 1 Z orientation angle, node 18, rad
        256    9.696E-01, -5.624E-03, -2.444E-01         F               0         Blade 1 X orientation angle, node 19, rad
        257   -7.177E-02,  9.492E-01, -3.065E-01         F               0         Blade 1 Y orientation angle, node 19, rad
        258    2.337E-01,  3.148E-01,  9.199E-01         F               0         Blade 1 Z orientation angle, node 19, rad
        259    9.693E-01, -1.648E-03, -2.457E-01         F               0         Blade 1 X orientation angle, node 20, rad
        260   -7.583E-02,  9.492E-01, -3.055E-01         F               0         Blade 1 Y orientation angle, node 20, rad
        261    2.337E-01,  3.148E-01,  9.199E-01         F               0         Blade 1 Z orientation angle, node 20, rad
        262    9.690E-01,  2.162E-03, -2.470E-01         F               0         Blade 1 X orientation angle, node 21, rad
        263   -7.972E-02,  9.492E-01, -3.045E-01         F               0         Blade 1 Y orientation angle, node 21, rad
        264    2.337E-01,  3.148E-01,  9.199E-01         F               0         Blade 1 Z orientation angle, node 21, rad
        265    9.687E-01,  5.641E-03, -2.481E-01         F               0         Blade 1 X orientation angle, node 22, rad
        266   -8.327E-02,  9.492E-01, -3.036E-01         F               0         Blade 1 Y orientation angle, node 22, rad
        267    2.337E-01,  3.148E-01,  9.199E-01         F               0         Blade 1 Z orientation angle, node 22, rad
        268    9.684E-01,  8.788E-03, -2.491E-01         F               0         Blade 1 X orientation angle, node 23, rad
        269   -8.648E-02,  9.491E-01, -3.028E-01         F               0         Blade 1 Y orientation angle, node 23, rad
        270    2.337E-01,  3.148E-01,  9.199E-01         F               0         Blade 1 Z orientation angle, node 23, rad
        271    9.682E-01,  1.177E-02, -2.500E-01         F               0         Blade 1 X orientation angle, node 24, rad
        272   -8.953E-02,  9.491E-01, -3.020E-01         F               0         Blade 1 Y orientation angle, node 24, rad
        273    2.337E-01,  3.148E-01,  9.199E-01         F               0         Blade 1 Z orientation angle, node 24, rad
        274    9.679E-01,  1.459E-02, -2.509E-01         F               0         Blade 1 X orientation angle, node 25, rad
        275   -9.240E-02,  9.491E-01, -3.013E-01         F               0         Blade 1 Y orientation angle, node 25, rad
        276    2.337E-01,  3.148E-01,  9.199E-01         F               0         Blade 1 Z orientation angle, node 25, rad
        277    9.677E-01,  1.707E-02, -2.517E-01         F               0         Blade 1 X orientation angle, node 26, rad
        278   -9.493E-02,  9.490E-01, -3.006E-01         F               0         Blade 1 Y orientation angle, node 26, rad
        279    2.337E-01,  3.148E-01,  9.199E-01         F               0         Blade 1 Z orientation angle, node 26, rad
        280    9.674E-01,  1.956E-02, -2.525E-01         F               0         Blade 1 X orientation angle, node 27, rad
        281   -9.747E-02,  9.490E-01, -2.999E-01         F               0         Blade 1 Y orientation angle, node 27, rad
        282    2.337E-01,  3.148E-01,  9.199E-01         F               0         Blade 1 Z orientation angle, node 27, rad
        283    9.673E-01,  2.088E-02, -2.529E-01         F               0         Blade 1 X orientation angle, node 28, rad
        284   -9.882E-02,  9.489E-01, -2.996E-01         F               0         Blade 1 Y orientation angle, node 28, rad
        285    2.337E-01,  3.148E-01,  9.199E-01         F               0         Blade 1 Z orientation angle, node 28, rad
        286    5.621E-01                                 F               0         Blade 1 X translation velocity, node 1, m/s
        287   -5.435E+00                                 F               0         Blade 1 Y translation velocity, node 1, m/s
        288    1.747E+00                                 F               0         Blade 1 Z translation velocity, node 1, m/s
        289    6.984E-01                                 F               0         Blade 1 X translation velocity, node 2, m/s
        290   -6.761E+00                                 F               0         Blade 1 Y translation velocity, node 2, m/s
        291    2.166E+00                                 F               0         Blade 1 Z translation velocity, node 2, m/s
        292    2.552E+00                                 F               0         Blade 1 X translation velocity, node 3, m/s
        293   -2.479E+01                                 F               0         Blade 1 Y translation velocity, node 3, m/s
        294    7.863E+00                                 F               0         Blade 1 Z translation velocity, node 3, m/s
        295    2.947E+00                                 F               0         Blade 1 X translation velocity, node 4, m/s
        296   -2.863E+01                                 F               0         Blade 1 Y translation velocity, node 4, m/s
        297    9.077E+00                                 F               0         Blade 1 Z translation velocity, node 4, m/s
        298    3.342E+00                                 F               0         Blade 1 X translation velocity, node 5, m/s
        299   -3.247E+01                                 F               0         Blade 1 Y translation velocity, node 5, m/s
        300    1.029E+01                                 F               0         Blade 1 Z translation velocity, node 5, m/s
        301    3.737E+00                                 F               0         Blade 1 X translation velocity, node 6, m/s
        302   -3.631E+01                                 F               0         Blade 1 Y translation velocity, node 6, m/s
        303    1.150E+01                                 F               0         Blade 1 Z translation velocity, node 6, m/s
        304    4.132E+00                                 F               0         Blade 1 X translation velocity, node 7, m/s
        305   -4.015E+01                                 F               0         Blade 1 Y translation velocity, node 7, m/s
        306    1.272E+01                                 F               0         Blade 1 Z translation velocity, node 7, m/s
        307    4.527E+00                                 F               0         Blade 1 X translation velocity, node 8, m/s
