
Linearized model: Predictions were generated on 30-Jan-2024 at 18:20:32 using OpenFAST, compiled as a 64-bit application using single precision at commit v3.5.1
 linked with  NWTC Subroutine Library; ElastoDyn; InflowWind; AeroDyn; ServoDyn; HydroDyn; MAP++ (<1.20.10>, <Oct-20-2023>)

Description from the FAST input file: CCT-9 Campign 4 model. Input files to be run with OpenFAST 3.5.0. GitHub branch from Lu Wang (https://github.com/luwang00/openfast/tree/dev) compiled on March 7, 2023.

Simulation information:
   Simulation time:                   504.4500 s
   Rotor Speed:                         0.8794 rad/s
   Azimuth:                             2.7905 rad
   Wind Speed:                         10.0000 m/s
   Number of continuous states:         0
   Number of discrete states:           0
   Number of constraint states:         0
   Number of inputs:                 1746
   Number of outputs:                   4
   Jacobians included in this file?    No

Order of inputs:
     Column   Operating Point                     Rotating Frame? Derivative Order Description
   ---------- ---------------                     --------------- ---------------- -----------
          1    1.098E+01                                 F               0         Tower X translation displacement, node 1, m
          2   -1.117E+00                                 F               0         Tower Y translation displacement, node 1, m
          3   -3.031E-01                                 F               0         Tower Z translation displacement, node 1, m
          4    1.240E+01                                 F               0         Tower X translation displacement, node 2, m
          5   -1.631E+00                                 F               0         Tower Y translation displacement, node 2, m
          6   -3.955E-01                                 F               0         Tower Z translation displacement, node 2, m
          7    1.381E+01                                 F               0         Tower X translation displacement, node 3, m
          8   -2.144E+00                                 F               0         Tower Y translation displacement, node 3, m
          9   -4.879E-01                                 F               0         Tower Z translation displacement, node 3, m
         10    1.523E+01                                 F               0         Tower X translation displacement, node 4, m
         11   -2.657E+00                                 F               0         Tower Y translation displacement, node 4, m
         12   -5.803E-01                                 F               0         Tower Z translation displacement, node 4, m
         13    1.665E+01                                 F               0         Tower X translation displacement, node 5, m
         14   -3.171E+00                                 F               0         Tower Y translation displacement, node 5, m
         15   -6.727E-01                                 F               0         Tower Z translation displacement, node 5, m
         16    1.807E+01                                 F               0         Tower X translation displacement, node 6, m
         17   -3.684E+00                                 F               0         Tower Y translation displacement, node 6, m
         18   -7.652E-01                                 F               0         Tower Z translation displacement, node 6, m
         19    1.949E+01                                 F               0         Tower X translation displacement, node 7, m
         20   -4.198E+00                                 F               0         Tower Y translation displacement, node 7, m
         21   -8.576E-01                                 F               0         Tower Z translation displacement, node 7, m
         22    2.090E+01                                 F               0         Tower X translation displacement, node 8, m
         23   -4.711E+00                                 F               0         Tower Y translation displacement, node 8, m
         24   -9.500E-01                                 F               0         Tower Z translation displacement, node 8, m
         25    2.232E+01                                 F               0         Tower X translation displacement, node 9, m
         26   -5.225E+00                                 F               0         Tower Y translation displacement, node 9, m
         27   -1.042E+00                                 F               0         Tower Z translation displacement, node 9, m
         28    2.374E+01                                 F               0         Tower X translation displacement, node 10, m
         29   -5.738E+00                                 F               0         Tower Y translation displacement, node 10, m
         30   -1.135E+00                                 F               0         Tower Z translation displacement, node 10, m
         31    2.516E+01                                 F               0         Tower X translation displacement, node 11, m
         32   -6.252E+00                                 F               0         Tower Y translation displacement, node 11, m
         33   -1.227E+00                                 F               0         Tower Z translation displacement, node 11, m
         34    9.934E-01,  9.841E-03, -1.145E-01         F               0         Tower X orientation angle, node 1, rad
         35   -5.010E-03,  9.991E-01,  4.241E-02         F               0         Tower Y orientation angle, node 1, rad
         36    1.148E-01, -4.156E-02,  9.925E-01         F               0         Tower Z orientation angle, node 1, rad
         37    9.934E-01,  9.841E-03, -1.145E-01         F               0         Tower X orientation angle, node 2, rad
         38   -5.010E-03,  9.991E-01,  4.241E-02         F               0         Tower Y orientation angle, node 2, rad
         39    1.148E-01, -4.156E-02,  9.925E-01         F               0         Tower Z orientation angle, node 2, rad
         40    9.934E-01,  9.841E-03, -1.145E-01         F               0         Tower X orientation angle, node 3, rad
         41   -5.010E-03,  9.991E-01,  4.241E-02         F               0         Tower Y orientation angle, node 3, rad
         42    1.148E-01, -4.156E-02,  9.925E-01         F               0         Tower Z orientation angle, node 3, rad
         43    9.934E-01,  9.841E-03, -1.145E-01         F               0         Tower X orientation angle, node 4, rad
         44   -5.010E-03,  9.991E-01,  4.241E-02         F               0         Tower Y orientation angle, node 4, rad
         45    1.148E-01, -4.156E-02,  9.925E-01         F               0         Tower Z orientation angle, node 4, rad
         46    9.934E-01,  9.841E-03, -1.145E-01         F               0         Tower X orientation angle, node 5, rad
         47   -5.010E-03,  9.991E-01,  4.241E-02         F               0         Tower Y orientation angle, node 5, rad
         48    1.148E-01, -4.156E-02,  9.925E-01         F               0         Tower Z orientation angle, node 5, rad
         49    9.934E-01,  9.841E-03, -1.145E-01         F               0         Tower X orientation angle, node 6, rad
         50   -5.010E-03,  9.991E-01,  4.241E-02         F               0         Tower Y orientation angle, node 6, rad
         51    1.148E-01, -4.156E-02,  9.925E-01         F               0         Tower Z orientation angle, node 6, rad
         52    9.934E-01,  9.841E-03, -1.145E-01         F               0         Tower X orientation angle, node 7, rad
         53   -5.010E-03,  9.991E-01,  4.241E-02         F               0         Tower Y orientation angle, node 7, rad
         54    1.148E-01, -4.156E-02,  9.925E-01         F               0         Tower Z orientation angle, node 7, rad
         55    9.934E-01,  9.841E-03, -1.145E-01         F               0         Tower X orientation angle, node 8, rad
         56   -5.010E-03,  9.991E-01,  4.241E-02         F               0         Tower Y orientation angle, node 8, rad
         57    1.148E-01, -4.156E-02,  9.925E-01         F               0         Tower Z orientation angle, node 8, rad
         58    9.934E-01,  9.841E-03, -1.145E-01         F               0         Tower X orientation angle, node 9, rad
         59   -5.010E-03,  9.991E-01,  4.241E-02         F               0         Tower Y orientation angle, node 9, rad
         60    1.148E-01, -4.156E-02,  9.925E-01         F               0         Tower Z orientation angle, node 9, rad
         61    9.934E-01,  9.841E-03, -1.145E-01         F               0         Tower X orientation angle, node 10, rad
         62   -5.010E-03,  9.991E-01,  4.241E-02         F               0         Tower Y orientation angle, node 10, rad
         63    1.148E-01, -4.156E-02,  9.925E-01         F               0         Tower Z orientation angle, node 10, rad
         64    9.934E-01,  9.841E-03, -1.145E-01         F               0         Tower X orientation angle, node 11, rad
         65   -5.010E-03,  9.991E-01,  4.241E-02         F               0         Tower Y orientation angle, node 11, rad
         66    1.148E-01, -4.156E-02,  9.925E-01         F               0         Tower Z orientation angle, node 11, rad
         67   -3.423E-03                                 F               0         Tower X translation velocity, node 1, m/s
         68   -1.966E-03                                 F               0         Tower Y translation velocity, node 1, m/s
         69    3.950E-03                                 F               0         Tower Z translation velocity, node 1, m/s
         70   -3.085E-03                                 F               0         Tower X translation velocity, node 2, m/s
         71   -3.926E-03                                 F               0         Tower Y translation velocity, node 2, m/s
         72    3.829E-03                                 F               0         Tower Z translation velocity, node 2, m/s
         73   -2.747E-03                                 F               0         Tower X translation velocity, node 3, m/s
         74   -5.887E-03                                 F               0         Tower Y translation velocity, node 3, m/s
         75    3.708E-03                                 F               0         Tower Z translation velocity, node 3, m/s
         76   -2.409E-03                                 F               0         Tower X translation velocity, node 4, m/s
         77   -7.847E-03                                 F               0         Tower Y translation velocity, node 4, m/s
         78    3.587E-03                                 F               0         Tower Z translation velocity, node 4, m/s
         79   -2.072E-03                                 F               0         Tower X translation velocity, node 5, m/s
         80   -9.807E-03                                 F               0         Tower Y translation velocity, node 5, m/s
         81    3.465E-03                                 F               0         Tower Z translation velocity, node 5, m/s
         82   -1.734E-03                                 F               0         Tower X translation velocity, node 6, m/s
         83   -1.177E-02                                 F               0         Tower Y translation velocity, node 6, m/s
         84    3.344E-03                                 F               0         Tower Z translation velocity, node 6, m/s
         85   -1.396E-03                                 F               0         Tower X translation velocity, node 7, m/s
         86   -1.373E-02                                 F               0         Tower Y translation velocity, node 7, m/s
         87    3.223E-03                                 F               0         Tower Z translation velocity, node 7, m/s
         88   -1.058E-03                                 F               0         Tower X translation velocity, node 8, m/s
         89   -1.569E-02                                 F               0         Tower Y translation velocity, node 8, m/s
         90    3.102E-03                                 F               0         Tower Z translation velocity, node 8, m/s
         91   -7.197E-04                                 F               0         Tower X translation velocity, node 9, m/s
         92   -1.765E-02                                 F               0         Tower Y translation velocity, node 9, m/s
         93    2.981E-03                                 F               0         Tower Z translation velocity, node 9, m/s
         94   -3.817E-04                                 F               0         Tower X translation velocity, node 10, m/s
         95   -1.961E-02                                 F               0         Tower Y translation velocity, node 10, m/s
         96    2.860E-03                                 F               0         Tower Z translation velocity, node 10, m/s
         97   -4.375E-05                                 F               0         Tower X translation velocity, node 11, m/s
         98   -2.157E-02                                 F               0         Tower Y translation velocity, node 11, m/s
         99    2.738E-03                                 F               0         Tower Z translation velocity, node 11, m/s
        100    2.613E+01                                 F               0         Hub X translation displacement, node 1, m
        101   -6.684E+00                                 F               0         Hub Y translation displacement, node 1, m
        102   -4.951E-02                                 F               0         Hub Z translation displacement, node 1, m
        103    9.759E-01,  1.413E-02, -2.176E-01         F               0         Hub X orientation angle, node 1, rad
        104    7.969E-02, -9.520E-01,  2.956E-01         F               0         Hub Y orientation angle, node 1, rad
        105   -2.030E-01, -3.058E-01, -9.302E-01         F               0         Hub Z orientation angle, node 1, rad
        106    8.584E-01                                 F               0         Hub X rotation velocity, node 1, rad/s
        107    1.246E-02                                 F               0         Hub Y rotation velocity, node 1, rad/s
        108   -1.914E-01                                 F               0         Hub Z rotation velocity, node 1, rad/s
        109    9.731E-01,  4.237E-02, -2.263E-01         F               0         Blade root 1 X orientation angle, node 1, rad
        110    1.086E-01, -9.512E-01,  2.890E-01         F               0         Blade root 1 Y orientation angle, node 1, rad
        111   -2.030E-01, -3.058E-01, -9.302E-01         F               0         Blade root 1 Z orientation angle, node 1, rad
        112    9.819E-01,  7.861E-03, -1.892E-01         F               0         Blade root 2 X orientation angle, node 1, rad
        113   -1.866E-01,  2.115E-01, -9.594E-01         F               0         Blade root 2 Y orientation angle, node 1, rad
        114    3.248E-02,  9.773E-01,  2.091E-01         F               0         Blade root 2 Z orientation angle, node 1, rad
        115    9.715E-01, -7.852E-03, -2.370E-01         F               0         Blade root 3 X orientation angle, node 1, rad
        116    1.648E-01,  7.409E-01,  6.511E-01         F               0         Blade root 3 Y orientation angle, node 1, rad
        117    1.705E-01, -6.715E-01,  7.211E-01         F               0         Blade root 3 Z orientation angle, node 1, rad
        118    2.443E+01                                 F               0         Blade 1 X translation displacement, node 1, m
        119   -8.378E+00                                 F               0         Blade 1 Y translation displacement, node 1, m
        120   -1.071E+01                                 F               0         Blade 1 Z translation displacement, node 1, m
        121    2.402E+01                                 F               0         Blade 1 X translation displacement, node 2, m
        122   -8.786E+00                                 F               0         Blade 1 Y translation displacement, node 2, m
        123   -1.328E+01                                 F               0         Blade 1 Z translation displacement, node 2, m
        124    1.844E+01                                 F               0         Blade 1 X translation displacement, node 3, m
        125   -1.434E+01                                 F               0         Blade 1 Y translation displacement, node 3, m
        126   -4.822E+01                                 F               0         Blade 1 Z translation displacement, node 3, m
        127    1.725E+01                                 F               0         Blade 1 X translation displacement, node 4, m
        128   -1.552E+01                                 F               0         Blade 1 Y translation displacement, node 4, m
        129   -5.566E+01                                 F               0         Blade 1 Z translation displacement, node 4, m
        130    1.606E+01                                 F               0         Blade 1 X translation displacement, node 5, m
        131   -1.670E+01                                 F               0         Blade 1 Y translation displacement, node 5, m
        132   -6.311E+01                                 F               0         Blade 1 Z translation displacement, node 5, m
        133    1.487E+01                                 F               0         Blade 1 X translation displacement, node 6, m
        134   -1.789E+01                                 F               0         Blade 1 Y translation displacement, node 6, m
        135   -7.055E+01                                 F               0         Blade 1 Z translation displacement, node 6, m
        136    1.368E+01                                 F               0         Blade 1 X translation displacement, node 7, m
        137   -1.907E+01                                 F               0         Blade 1 Y translation displacement, node 7, m
        138   -7.800E+01                                 F               0         Blade 1 Z translation displacement, node 7, m
        139    1.249E+01                                 F               0         Blade 1 X translation displacement, node 8, m
        140   -2.025E+01                                 F               0         Blade 1 Y translation displacement, node 8, m
        141   -8.544E+01                                 F               0         Blade 1 Z translation displacement, node 8, m
        142    1.130E+01                                 F               0         Blade 1 X translation displacement, node 9, m
        143   -2.143E+01                                 F               0         Blade 1 Y translation displacement, node 9, m
        144   -9.289E+01                                 F               0         Blade 1 Z translation displacement, node 9, m
        145    1.011E+01                                 F               0         Blade 1 X translation displacement, node 10, m
        146   -2.262E+01                                 F               0         Blade 1 Y translation displacement, node 10, m
        147   -1.003E+02                                 F               0         Blade 1 Z translation displacement, node 10, m
        148    8.922E+00                                 F               0         Blade 1 X translation displacement, node 11, m
        149   -2.380E+01                                 F               0         Blade 1 Y translation displacement, node 11, m
        150   -1.078E+02                                 F               0         Blade 1 Z translation displacement, node 11, m
        151    7.732E+00                                 F               0         Blade 1 X translation displacement, node 12, m
        152   -2.498E+01                                 F               0         Blade 1 Y translation displacement, node 12, m
        153   -1.152E+02                                 F               0         Blade 1 Z translation displacement, node 12, m
        154    6.543E+00                                 F               0         Blade 1 X translation displacement, node 13, m
        155   -2.616E+01                                 F               0         Blade 1 Y translation displacement, node 13, m
        156   -1.227E+02                                 F               0         Blade 1 Z translation displacement, node 13, m
        157    5.354E+00                                 F               0         Blade 1 X translation displacement, node 14, m
        158   -2.735E+01                                 F               0         Blade 1 Y translation displacement, node 14, m
        159   -1.301E+02                                 F               0         Blade 1 Z translation displacement, node 14, m
        160    4.164E+00                                 F               0         Blade 1 X translation displacement, node 15, m
        161   -2.853E+01                                 F               0         Blade 1 Y translation displacement, node 15, m
        162   -1.376E+02                                 F               0         Blade 1 Z translation displacement, node 15, m
        163    2.975E+00                                 F               0         Blade 1 X translation displacement, node 16, m
        164   -2.971E+01                                 F               0         Blade 1 Y translation displacement, node 16, m
        165   -1.450E+02                                 F               0         Blade 1 Z translation displacement, node 16, m
        166    1.786E+00                                 F               0         Blade 1 X translation displacement, node 17, m
        167   -3.090E+01                                 F               0         Blade 1 Y translation displacement, node 17, m
        168   -1.524E+02                                 F               0         Blade 1 Z translation displacement, node 17, m
        169    5.963E-01                                 F               0         Blade 1 X translation displacement, node 18, m
        170   -3.208E+01                                 F               0         Blade 1 Y translation displacement, node 18, m
        171   -1.599E+02                                 F               0         Blade 1 Z translation displacement, node 18, m
        172   -5.932E-01                                 F               0         Blade 1 X translation displacement, node 19, m
        173   -3.326E+01                                 F               0         Blade 1 Y translation displacement, node 19, m
        174   -1.673E+02                                 F               0         Blade 1 Z translation displacement, node 19, m
        175   -1.782E+00                                 F               0         Blade 1 X translation displacement, node 20, m
        176   -3.444E+01                                 F               0         Blade 1 Y translation displacement, node 20, m
        177   -1.748E+02                                 F               0         Blade 1 Z translation displacement, node 20, m
        178   -2.972E+00                                 F               0         Blade 1 X translation displacement, node 21, m
        179   -3.563E+01                                 F               0         Blade 1 Y translation displacement, node 21, m
        180   -1.822E+02                                 F               0         Blade 1 Z translation displacement, node 21, m
        181   -4.161E+00                                 F               0         Blade 1 X translation displacement, node 22, m
        182   -3.681E+01                                 F               0         Blade 1 Y translation displacement, node 22, m
        183   -1.897E+02                                 F               0         Blade 1 Z translation displacement, node 22, m
        184   -5.351E+00                                 F               0         Blade 1 X translation displacement, node 23, m
        185   -3.799E+01                                 F               0         Blade 1 Y translation displacement, node 23, m
        186   -1.971E+02                                 F               0         Blade 1 Z translation displacement, node 23, m
        187   -6.540E+00                                 F               0         Blade 1 X translation displacement, node 24, m
        188   -3.918E+01                                 F               0         Blade 1 Y translation displacement, node 24, m
        189   -2.046E+02                                 F               0         Blade 1 Z translation displacement, node 24, m
        190   -7.729E+00                                 F               0         Blade 1 X translation displacement, node 25, m
        191   -4.036E+01                                 F               0         Blade 1 Y translation displacement, node 25, m
        192   -2.120E+02                                 F               0         Blade 1 Z translation displacement, node 25, m
        193   -8.919E+00                                 F               0         Blade 1 X translation displacement, node 26, m
        194   -4.154E+01                                 F               0         Blade 1 Y translation displacement, node 26, m
        195   -2.194E+02                                 F               0         Blade 1 Z translation displacement, node 26, m
        196   -1.011E+01                                 F               0         Blade 1 X translation displacement, node 27, m
        197   -4.272E+01                                 F               0         Blade 1 Y translation displacement, node 27, m
        198   -2.269E+02                                 F               0         Blade 1 Z translation displacement, node 27, m
        199   -1.112E+01                                 F               0         Blade 1 X translation displacement, node 28, m
        200   -4.373E+01                                 F               0         Blade 1 Y translation displacement, node 28, m
        201   -2.332E+02                                 F               0         Blade 1 Z translation displacement, node 28, m
        202    8.165E-01,  4.714E-01, -3.332E-01         F               0         Blade 1 X orientation angle, node 1, rad
        203    5.404E-01, -8.272E-01,  1.540E-01         F               0         Blade 1 Y orientation angle, node 1, rad
        204   -2.030E-01, -3.058E-01, -9.302E-01         F               0         Blade 1 Z orientation angle, node 1, rad
        205    8.165E-01,  4.714E-01, -3.332E-01         F               0         Blade 1 X orientation angle, node 2, rad
        206    5.404E-01, -8.272E-01,  1.540E-01         F               0         Blade 1 Y orientation angle, node 2, rad
        207   -2.030E-01, -3.058E-01, -9.302E-01         F               0         Blade 1 Z orientation angle, node 2, rad
        208    9.214E-01,  2.620E-01, -2.872E-01         F               0         Blade 1 X orientation angle, node 3, rad
        209    3.315E-01, -9.153E-01,  2.286E-01         F               0         Blade 1 Y orientation angle, node 3, rad
        210   -2.030E-01, -3.058E-01, -9.302E-01         F               0         Blade 1 Z orientation angle, node 3, rad
        211    9.345E-01,  2.231E-01, -2.773E-01         F               0         Blade 1 X orientation angle, node 4, rad
        212    2.923E-01, -9.256E-01,  2.405E-01         F               0         Blade 1 Y orientation angle, node 4, rad
        213   -2.030E-01, -3.058E-01, -9.302E-01         F               0         Blade 1 Z orientation angle, node 4, rad
        214    9.437E-01,  1.923E-01, -2.691E-01         F               0         Blade 1 X orientation angle, node 5, rad
        215    2.611E-01, -9.325E-01,  2.496E-01         F               0         Blade 1 Y orientation angle, node 5, rad
        216   -2.030E-01, -3.058E-01, -9.302E-01         F               0         Blade 1 Z orientation angle, node 5, rad
        217    9.503E-01,  1.675E-01, -2.624E-01         F               0         Blade 1 X orientation angle, node 6, rad
        218    2.360E-01, -9.373E-01,  2.566E-01         F               0         Blade 1 Y orientation angle, node 6, rad
        219   -2.030E-01, -3.058E-01, -9.302E-01         F               0         Blade 1 Z orientation angle, node 6, rad
        220    9.552E-01,  1.470E-01, -2.568E-01         F               0         Blade 1 X orientation angle, node 7, rad
        221    2.152E-01, -9.407E-01,  2.623E-01         F               0         Blade 1 Y orientation angle, node 7, rad
        222   -2.030E-01, -3.058E-01, -9.302E-01         F               0         Blade 1 Z orientation angle, node 7, rad
        223    9.590E-01,  1.299E-01, -2.520E-01         F               0         Blade 1 X orientation angle, node 8, rad
        224    1.979E-01, -9.432E-01,  2.669E-01         F               0         Blade 1 Y orientation angle, node 8, rad
        225   -2.030E-01, -3.058E-01, -9.302E-01         F               0         Blade 1 Z orientation angle, node 8, rad
        226    9.619E-01,  1.154E-01, -2.478E-01         F               0         Blade 1 X orientation angle, node 9, rad
        227    1.831E-01, -9.451E-01,  2.707E-01         F               0         Blade 1 Y orientation angle, node 9, rad
        228   -2.030E-01, -3.058E-01, -9.302E-01         F               0         Blade 1 Z orientation angle, node 9, rad
        229    9.643E-01,  1.028E-01, -2.442E-01         F               0         Blade 1 X orientation angle, node 10, rad
        230    1.703E-01, -9.465E-01,  2.740E-01         F               0         Blade 1 Y orientation angle, node 10, rad
        231   -2.030E-01, -3.058E-01, -9.302E-01         F               0         Blade 1 Z orientation angle, node 10, rad
        232    9.661E-01,  9.209E-02, -2.411E-01         F               0         Blade 1 X orientation angle, node 11, rad
        233    1.594E-01, -9.476E-01,  2.768E-01         F               0         Blade 1 Y orientation angle, node 11, rad
        234   -2.030E-01, -3.058E-01, -9.302E-01         F               0         Blade 1 Z orientation angle, node 11, rad
        235    9.677E-01,  8.266E-02, -2.383E-01         F               0         Blade 1 X orientation angle, node 12, rad
        236    1.498E-01, -9.485E-01,  2.791E-01         F               0         Blade 1 Y orientation angle, node 12, rad
        237   -2.030E-01, -3.058E-01, -9.302E-01         F               0         Blade 1 Z orientation angle, node 12, rad
        238    9.689E-01,  7.438E-02, -2.359E-01         F               0         Blade 1 X orientation angle, node 13, rad
        239    1.413E-01, -9.492E-01,  2.812E-01         F               0         Blade 1 Y orientation angle, node 13, rad
        240   -2.030E-01, -3.058E-01, -9.302E-01         F               0         Blade 1 Z orientation angle, node 13, rad
        241    9.700E-01,  6.692E-02, -2.337E-01         F               0         Blade 1 X orientation angle, node 14, rad
        242    1.337E-01, -9.497E-01,  2.830E-01         F               0         Blade 1 Y orientation angle, node 14, rad
        243   -2.030E-01, -3.058E-01, -9.302E-01         F               0         Blade 1 Z orientation angle, node 14, rad
        244    9.709E-01,  6.029E-02, -2.317E-01         F               0         Blade 1 X orientation angle, node 15, rad
        245    1.269E-01, -9.502E-01,  2.847E-01         F               0         Blade 1 Y orientation angle, node 15, rad
        246   -2.030E-01, -3.058E-01, -9.302E-01         F               0         Blade 1 Z orientation angle, node 15, rad
        247    9.717E-01,  5.432E-02, -2.299E-01         F               0         Blade 1 X orientation angle, node 16, rad
        248    1.208E-01, -9.505E-01,  2.861E-01         F               0         Blade 1 Y orientation angle, node 16, rad
        249   -2.030E-01, -3.058E-01, -9.302E-01         F               0         Blade 1 Z orientation angle, node 16, rad
        250    9.724E-01,  4.901E-02, -2.283E-01         F               0         Blade 1 X orientation angle, node 17, rad
        251    1.154E-01, -9.508E-01,  2.874E-01         F               0         Blade 1 Y orientation angle, node 17, rad
        252   -2.030E-01, -3.058E-01, -9.302E-01         F               0         Blade 1 Z orientation angle, node 17, rad
        253    9.730E-01,  4.403E-02, -2.268E-01         F               0         Blade 1 X orientation angle, node 18, rad
        254    1.103E-01, -9.511E-01,  2.886E-01         F               0         Blade 1 Y orientation angle, node 18, rad
        255   -2.030E-01, -3.058E-01, -9.302E-01         F               0         Blade 1 Z orientation angle, node 18, rad
        256    9.735E-01,  3.954E-02, -2.254E-01         F               0         Blade 1 X orientation angle, node 19, rad
        257    1.057E-01, -9.513E-01,  2.897E-01         F               0         Blade 1 Y orientation angle, node 19, rad
        258   -2.030E-01, -3.058E-01, -9.302E-01         F               0         Blade 1 Z orientation angle, node 19, rad
        259    9.739E-01,  3.556E-02, -2.242E-01         F               0         Blade 1 X orientation angle, node 20, rad
        260    1.016E-01, -9.514E-01,  2.906E-01         F               0         Blade 1 Y orientation angle, node 20, rad
        261   -2.030E-01, -3.058E-01, -9.302E-01         F               0         Blade 1 Z orientation angle, node 20, rad
        262    9.743E-01,  3.174E-02, -2.230E-01         F               0         Blade 1 X orientation angle, node 21, rad
        263    9.773E-02, -9.516E-01,  2.915E-01         F               0         Blade 1 Y orientation angle, node 21, rad
        264   -2.030E-01, -3.058E-01, -9.302E-01         F               0         Blade 1 Z orientation angle, node 21, rad
        265    9.746E-01,  2.825E-02, -2.220E-01         F               0         Blade 1 X orientation angle, node 22, rad
        266    9.416E-02, -9.517E-01,  2.923E-01         F               0         Blade 1 Y orientation angle, node 22, rad
        267   -2.030E-01, -3.058E-01, -9.302E-01         F               0         Blade 1 Z orientation angle, node 22, rad
        268    9.750E-01,  2.510E-02, -2.210E-01         F               0         Blade 1 X orientation angle, node 23, rad
        269    9.092E-02, -9.518E-01,  2.930E-01         F               0         Blade 1 Y orientation angle, node 23, rad
        270   -2.030E-01, -3.058E-01, -9.302E-01         F               0         Blade 1 Z orientation angle, node 23, rad
        271    9.752E-01,  2.211E-02, -2.201E-01         F               0         Blade 1 X orientation angle, node 24, rad
        272    8.786E-02, -9.518E-01,  2.937E-01         F               0         Blade 1 Y orientation angle, node 24, rad
        273   -2.030E-01, -3.058E-01, -9.302E-01         F               0         Blade 1 Z orientation angle, node 24, rad
        274    9.755E-01,  1.928E-02, -2.192E-01         F               0         Blade 1 X orientation angle, node 25, rad
        275    8.497E-02, -9.519E-01,  2.944E-01         F               0         Blade 1 Y orientation angle, node 25, rad
        276   -2.030E-01, -3.058E-01, -9.302E-01         F               0         Blade 1 Z orientation angle, node 25, rad
        277    9.757E-01,  1.679E-02, -2.184E-01         F               0         Blade 1 X orientation angle, node 26, rad
        278    8.241E-02, -9.519E-01,  2.950E-01         F               0         Blade 1 Y orientation angle, node 26, rad
        279   -2.030E-01, -3.058E-01, -9.302E-01         F               0         Blade 1 Z orientation angle, node 26, rad
        280    9.759E-01,  1.430E-02, -2.177E-01         F               0         Blade 1 X orientation angle, node 27, rad
        281    7.986E-02, -9.520E-01,  2.955E-01         F               0         Blade 1 Y orientation angle, node 27, rad
        282   -2.030E-01, -3.058E-01, -9.302E-01         F               0         Blade 1 Z orientation angle, node 27, rad
        283    9.760E-01,  1.297E-02, -2.172E-01         F               0         Blade 1 X orientation angle, node 28, rad
        284    7.849E-02, -9.520E-01,  2.958E-01         F               0         Blade 1 Y orientation angle, node 28, rad
        285   -2.030E-01, -3.058E-01, -9.302E-01         F               0         Blade 1 Z orientation angle, node 28, rad
        286   -3.883E-01                                 F               0         Blade 1 X translation velocity, node 1, m/s
        287    4.617E+00                                 F               0         Blade 1 Y translation velocity, node 1, m/s
        288   -1.437E+00                                 F               0         Blade 1 Z translation velocity, node 1, m/s
        289   -4.819E-01                                 F               0         Blade 1 X translation velocity, node 2, m/s
        290    5.734E+00                                 F               0         Blade 1 Y translation velocity, node 2, m/s
        291   -1.784E+00                                 F               0         Blade 1 Z translation velocity, node 2, m/s
        292   -1.755E+00                                 F               0         Blade 1 X translation velocity, node 3, m/s
        293    2.093E+01                                 F               0         Blade 1 Y translation velocity, node 3, m/s
        294   -6.504E+00                                 F               0         Blade 1 Z translation velocity, node 3, m/s
        295   -2.026E+00                                 F               0         Blade 1 X translation velocity, node 4, m/s
        296    2.417E+01                                 F               0         Blade 1 Y translation velocity, node 4, m/s
        297   -7.509E+00                                 F               0         Blade 1 Z translation velocity, node 4, m/s
        298   -2.297E+00                                 F               0         Blade 1 X translation velocity, node 5, m/s
        299    2.741E+01                                 F               0         Blade 1 Y translation velocity, node 5, m/s
        300   -8.515E+00                                 F               0         Blade 1 Z translation velocity, node 5, m/s
        301   -2.568E+00                                 F               0         Blade 1 X translation velocity, node 6, m/s
        302    3.065E+01                                 F               0         Blade 1 Y translation velocity, node 6, m/s
        303   -9.520E+00                                 F               0         Blade 1 Z translation velocity, node 6, m/s
        304   -2.840E+00                                 F               0         Blade 1 X translation velocity, node 7, m/s
        305    3.389E+01                                 F               0         Blade 1 Y translation velocity, node 7, m/s
        306   -1.053E+01                                 F               0         Blade 1 Z translation velocity, node 7, m/s
        307   -3.111E+00                                 F               0         Blade 1 X translation velocity, node 8, m/s
