
Linearized model: Predictions were generated on 12-Feb-2024 at 18:31:58 using OpenFAST, compiled as a 64-bit application using single precision at commit v3.5.1
 linked with  NWTC Subroutine Library; ElastoDyn; InflowWind; AeroDyn; ServoDyn; HydroDyn; MAP++ (<1.20.10>, <Oct-20-2023>)

Description from the FAST input file: CCT-9 Campign 4 model. Input files to be run with OpenFAST 3.5.0. GitHub branch from Lu Wang (https://github.com/luwang00/openfast/tree/dev) compiled on March 7, 2023.

Simulation information:
   Simulation time:                  1002.0000 s
   Rotor Speed:                         1.0462 rad/s
   Azimuth:                             1.7592 rad
   Wind Speed:                         12.0000 m/s
   Number of continuous states:         0
   Number of discrete states:           0
   Number of constraint states:         0
   Number of inputs:                 1746
   Number of outputs:                   4
   Jacobians included in this file?    No

Order of inputs:
     Column   Operating Point                     Rotating Frame? Derivative Order Description
   ---------- ---------------                     --------------- ---------------- -----------
          1    1.518E+01                                 F               0         Tower X translation displacement, node 1, m
          2   -1.057E+00                                 F               0         Tower Y translation displacement, node 1, m
          3   -4.787E-01                                 F               0         Tower Z translation displacement, node 1, m
          4    1.704E+01                                 F               0         Tower X translation displacement, node 2, m
          5   -1.614E+00                                 F               0         Tower Y translation displacement, node 2, m
          6   -6.327E-01                                 F               0         Tower Z translation displacement, node 2, m
          7    1.891E+01                                 F               0         Tower X translation displacement, node 3, m
          8   -2.172E+00                                 F               0         Tower Y translation displacement, node 3, m
          9   -7.867E-01                                 F               0         Tower Z translation displacement, node 3, m
         10    2.077E+01                                 F               0         Tower X translation displacement, node 4, m
         11   -2.729E+00                                 F               0         Tower Y translation displacement, node 4, m
         12   -9.407E-01                                 F               0         Tower Z translation displacement, node 4, m
         13    2.263E+01                                 F               0         Tower X translation displacement, node 5, m
         14   -3.286E+00                                 F               0         Tower Y translation displacement, node 5, m
         15   -1.095E+00                                 F               0         Tower Z translation displacement, node 5, m
         16    2.450E+01                                 F               0         Tower X translation displacement, node 6, m
         17   -3.843E+00                                 F               0         Tower Y translation displacement, node 6, m
         18   -1.249E+00                                 F               0         Tower Z translation displacement, node 6, m
         19    2.636E+01                                 F               0         Tower X translation displacement, node 7, m
         20   -4.400E+00                                 F               0         Tower Y translation displacement, node 7, m
         21   -1.403E+00                                 F               0         Tower Z translation displacement, node 7, m
         22    2.822E+01                                 F               0         Tower X translation displacement, node 8, m
         23   -4.957E+00                                 F               0         Tower Y translation displacement, node 8, m
         24   -1.557E+00                                 F               0         Tower Z translation displacement, node 8, m
         25    3.009E+01                                 F               0         Tower X translation displacement, node 9, m
         26   -5.515E+00                                 F               0         Tower Y translation displacement, node 9, m
         27   -1.711E+00                                 F               0         Tower Z translation displacement, node 9, m
         28    3.195E+01                                 F               0         Tower X translation displacement, node 10, m
         29   -6.072E+00                                 F               0         Tower Y translation displacement, node 10, m
         30   -1.865E+00                                 F               0         Tower Z translation displacement, node 10, m
         31    3.381E+01                                 F               0         Tower X translation displacement, node 11, m
         32   -6.629E+00                                 F               0         Tower Y translation displacement, node 11, m
         33   -2.019E+00                                 F               0         Tower Z translation displacement, node 11, m
         34    9.885E-01,  1.464E-02, -1.503E-01         F               0         Tower X orientation angle, node 1, rad
         35   -7.683E-03,  9.989E-01,  4.679E-02         F               0         Tower Y orientation angle, node 1, rad
         36    1.508E-01, -4.510E-02,  9.875E-01         F               0         Tower Z orientation angle, node 1, rad
         37    9.885E-01,  1.464E-02, -1.503E-01         F               0         Tower X orientation angle, node 2, rad
         38   -7.683E-03,  9.989E-01,  4.679E-02         F               0         Tower Y orientation angle, node 2, rad
         39    1.508E-01, -4.510E-02,  9.875E-01         F               0         Tower Z orientation angle, node 2, rad
         40    9.885E-01,  1.464E-02, -1.503E-01         F               0         Tower X orientation angle, node 3, rad
         41   -7.683E-03,  9.989E-01,  4.679E-02         F               0         Tower Y orientation angle, node 3, rad
         42    1.508E-01, -4.510E-02,  9.875E-01         F               0         Tower Z orientation angle, node 3, rad
         43    9.885E-01,  1.464E-02, -1.503E-01         F               0         Tower X orientation angle, node 4, rad
         44   -7.683E-03,  9.989E-01,  4.679E-02         F               0         Tower Y orientation angle, node 4, rad
         45    1.508E-01, -4.510E-02,  9.875E-01         F               0         Tower Z orientation angle, node 4, rad
         46    9.885E-01,  1.464E-02, -1.503E-01         F               0         Tower X orientation angle, node 5, rad
         47   -7.683E-03,  9.989E-01,  4.679E-02         F               0         Tower Y orientation angle, node 5, rad
         48    1.508E-01, -4.510E-02,  9.875E-01         F               0         Tower Z orientation angle, node 5, rad
         49    9.885E-01,  1.464E-02, -1.503E-01         F               0         Tower X orientation angle, node 6, rad
         50   -7.683E-03,  9.989E-01,  4.679E-02         F               0         Tower Y orientation angle, node 6, rad
         51    1.508E-01, -4.510E-02,  9.875E-01         F               0         Tower Z orientation angle, node 6, rad
         52    9.885E-01,  1.464E-02, -1.503E-01         F               0         Tower X orientation angle, node 7, rad
         53   -7.683E-03,  9.989E-01,  4.679E-02         F               0         Tower Y orientation angle, node 7, rad
         54    1.508E-01, -4.510E-02,  9.875E-01         F               0         Tower Z orientation angle, node 7, rad
         55    9.885E-01,  1.464E-02, -1.503E-01         F               0         Tower X orientation angle, node 8, rad
         56   -7.683E-03,  9.989E-01,  4.679E-02         F               0         Tower Y orientation angle, node 8, rad
         57    1.508E-01, -4.510E-02,  9.875E-01         F               0         Tower Z orientation angle, node 8, rad
         58    9.885E-01,  1.464E-02, -1.503E-01         F               0         Tower X orientation angle, node 9, rad
         59   -7.683E-03,  9.989E-01,  4.679E-02         F               0         Tower Y orientation angle, node 9, rad
         60    1.508E-01, -4.510E-02,  9.875E-01         F               0         Tower Z orientation angle, node 9, rad
         61    9.885E-01,  1.464E-02, -1.503E-01         F               0         Tower X orientation angle, node 10, rad
         62   -7.683E-03,  9.989E-01,  4.679E-02         F               0         Tower Y orientation angle, node 10, rad
         63    1.508E-01, -4.510E-02,  9.875E-01         F               0         Tower Z orientation angle, node 10, rad
         64    9.885E-01,  1.464E-02, -1.503E-01         F               0         Tower X orientation angle, node 11, rad
         65   -7.683E-03,  9.989E-01,  4.679E-02         F               0         Tower Y orientation angle, node 11, rad
         66    1.508E-01, -4.510E-02,  9.875E-01         F               0         Tower Z orientation angle, node 11, rad
         67   -6.659E-04                                 F               0         Tower X translation velocity, node 1, m/s
         68   -3.300E-03                                 F               0         Tower Y translation velocity, node 1, m/s
         69   -1.917E-04                                 F               0         Tower Z translation velocity, node 1, m/s
         70   -1.070E-03                                 F               0         Tower X translation velocity, node 2, m/s
         71   -5.843E-03                                 F               0         Tower Y translation velocity, node 2, m/s
         72   -2.461E-04                                 F               0         Tower Z translation velocity, node 2, m/s
         73   -1.474E-03                                 F               0         Tower X translation velocity, node 3, m/s
         74   -8.386E-03                                 F               0         Tower Y translation velocity, node 3, m/s
         75   -3.005E-04                                 F               0         Tower Z translation velocity, node 3, m/s
         76   -1.878E-03                                 F               0         Tower X translation velocity, node 4, m/s
         77   -1.093E-02                                 F               0         Tower Y translation velocity, node 4, m/s
         78   -3.549E-04                                 F               0         Tower Z translation velocity, node 4, m/s
         79   -2.283E-03                                 F               0         Tower X translation velocity, node 5, m/s
         80   -1.347E-02                                 F               0         Tower Y translation velocity, node 5, m/s
         81   -4.093E-04                                 F               0         Tower Z translation velocity, node 5, m/s
         82   -2.687E-03                                 F               0         Tower X translation velocity, node 6, m/s
         83   -1.601E-02                                 F               0         Tower Y translation velocity, node 6, m/s
         84   -4.637E-04                                 F               0         Tower Z translation velocity, node 6, m/s
         85   -3.091E-03                                 F               0         Tower X translation velocity, node 7, m/s
         86   -1.856E-02                                 F               0         Tower Y translation velocity, node 7, m/s
         87   -5.181E-04                                 F               0         Tower Z translation velocity, node 7, m/s
         88   -3.495E-03                                 F               0         Tower X translation velocity, node 8, m/s
         89   -2.110E-02                                 F               0         Tower Y translation velocity, node 8, m/s
         90   -5.725E-04                                 F               0         Tower Z translation velocity, node 8, m/s
         91   -3.899E-03                                 F               0         Tower X translation velocity, node 9, m/s
         92   -2.364E-02                                 F               0         Tower Y translation velocity, node 9, m/s
         93   -6.269E-04                                 F               0         Tower Z translation velocity, node 9, m/s
         94   -4.303E-03                                 F               0         Tower X translation velocity, node 10, m/s
         95   -2.618E-02                                 F               0         Tower Y translation velocity, node 10, m/s
         96   -6.813E-04                                 F               0         Tower Z translation velocity, node 10, m/s
         97   -4.708E-03                                 F               0         Tower X translation velocity, node 11, m/s
         98   -2.873E-02                                 F               0         Tower Y translation velocity, node 11, m/s
         99   -7.357E-04                                 F               0         Tower Z translation velocity, node 11, m/s
        100    3.512E+01                                 F               0         Hub X translation displacement, node 1, m
        101   -7.141E+00                                 F               0         Hub Y translation displacement, node 1, m
        102   -4.935E-01                                 F               0         Hub Z translation displacement, node 1, m
        103    9.674E-01,  1.928E-02, -2.527E-01         F               0         Hub X orientation angle, node 1, rad
        104    2.503E-01, -2.296E-01,  9.405E-01         F               0         Hub Y orientation angle, node 1, rad
        105   -3.990E-02, -9.731E-01, -2.270E-01         F               0         Hub Z orientation angle, node 1, rad
        106    1.012E+00                                 F               0         Hub X rotation velocity, node 1, rad/s
        107    2.013E-02                                 F               0         Hub Y rotation velocity, node 1, rad/s
        108   -2.643E-01                                 F               0         Hub Z rotation velocity, node 1, rad/s
        109    9.595E-01,  2.608E-02, -2.805E-01         F               0         Blade root 1 X orientation angle, node 1, rad
        110    2.788E-01, -2.290E-01,  9.326E-01         F               0         Blade root 1 Y orientation angle, node 1, rad
        111   -3.990E-02, -9.731E-01, -2.270E-01         F               0         Blade root 1 Z orientation angle, node 1, rad
        112    9.717E-01,  4.086E-02, -2.328E-01         F               0         Blade root 2 X orientation angle, node 1, rad
        113   -1.309E-01, -7.270E-01, -6.740E-01         F               0         Blade root 2 Y orientation angle, node 1, rad
        114   -1.968E-01,  6.854E-01, -7.011E-01         F               0         Blade root 2 Z orientation angle, node 1, rad
        115    9.696E-01, -9.139E-03, -2.445E-01         F               0         Blade root 3 X orientation angle, node 1, rad
        116   -6.184E-02,  9.577E-01, -2.811E-01         F               0         Blade root 3 Y orientation angle, node 1, rad
        117    2.367E-01,  2.877E-01,  9.280E-01         F               0         Blade root 3 Z orientation angle, node 1, rad
        118    3.432E+01                                 F               0         Blade 1 X translation displacement, node 1, m
        119   -1.253E+01                                 F               0         Blade 1 Y translation displacement, node 1, m
        120   -7.261E+00                                 F               0         Blade 1 Z translation displacement, node 1, m
        121    3.413E+01                                 F               0         Blade 1 X translation displacement, node 2, m
        122   -1.383E+01                                 F               0         Blade 1 Y translation displacement, node 2, m
        123   -8.891E+00                                 F               0         Blade 1 Z translation displacement, node 2, m
        124    3.151E+01                                 F               0         Blade 1 X translation displacement, node 3, m
        125   -3.149E+01                                 F               0         Blade 1 Y translation displacement, node 3, m
        126   -3.106E+01                                 F               0         Blade 1 Z translation displacement, node 3, m
        127    3.095E+01                                 F               0         Blade 1 X translation displacement, node 4, m
        128   -3.526E+01                                 F               0         Blade 1 Y translation displacement, node 4, m
        129   -3.579E+01                                 F               0         Blade 1 Z translation displacement, node 4, m
        130    3.039E+01                                 F               0         Blade 1 X translation displacement, node 5, m
        131   -3.902E+01                                 F               0         Blade 1 Y translation displacement, node 5, m
        132   -4.051E+01                                 F               0         Blade 1 Z translation displacement, node 5, m
        133    2.983E+01                                 F               0         Blade 1 X translation displacement, node 6, m
        134   -4.279E+01                                 F               0         Blade 1 Y translation displacement, node 6, m
        135   -4.524E+01                                 F               0         Blade 1 Z translation displacement, node 6, m
        136    2.927E+01                                 F               0         Blade 1 X translation displacement, node 7, m
        137   -4.655E+01                                 F               0         Blade 1 Y translation displacement, node 7, m
        138   -4.996E+01                                 F               0         Blade 1 Z translation displacement, node 7, m
        139    2.871E+01                                 F               0         Blade 1 X translation displacement, node 8, m
        140   -5.031E+01                                 F               0         Blade 1 Y translation displacement, node 8, m
        141   -5.469E+01                                 F               0         Blade 1 Z translation displacement, node 8, m
        142    2.815E+01                                 F               0         Blade 1 X translation displacement, node 9, m
        143   -5.408E+01                                 F               0         Blade 1 Y translation displacement, node 9, m
        144   -5.941E+01                                 F               0         Blade 1 Z translation displacement, node 9, m
        145    2.760E+01                                 F               0         Blade 1 X translation displacement, node 10, m
        146   -5.784E+01                                 F               0         Blade 1 Y translation displacement, node 10, m
        147   -6.413E+01                                 F               0         Blade 1 Z translation displacement, node 10, m
        148    2.704E+01                                 F               0         Blade 1 X translation displacement, node 11, m
        149   -6.160E+01                                 F               0         Blade 1 Y translation displacement, node 11, m
        150   -6.886E+01                                 F               0         Blade 1 Z translation displacement, node 11, m
        151    2.648E+01                                 F               0         Blade 1 X translation displacement, node 12, m
        152   -6.537E+01                                 F               0         Blade 1 Y translation displacement, node 12, m
        153   -7.358E+01                                 F               0         Blade 1 Z translation displacement, node 12, m
        154    2.592E+01                                 F               0         Blade 1 X translation displacement, node 13, m
        155   -6.913E+01                                 F               0         Blade 1 Y translation displacement, node 13, m
        156   -7.831E+01                                 F               0         Blade 1 Z translation displacement, node 13, m
        157    2.536E+01                                 F               0         Blade 1 X translation displacement, node 14, m
        158   -7.289E+01                                 F               0         Blade 1 Y translation displacement, node 14, m
        159   -8.303E+01                                 F               0         Blade 1 Z translation displacement, node 14, m
        160    2.480E+01                                 F               0         Blade 1 X translation displacement, node 15, m
        161   -7.666E+01                                 F               0         Blade 1 Y translation displacement, node 15, m
        162   -8.776E+01                                 F               0         Blade 1 Z translation displacement, node 15, m
        163    2.424E+01                                 F               0         Blade 1 X translation displacement, node 16, m
        164   -8.042E+01                                 F               0         Blade 1 Y translation displacement, node 16, m
        165   -9.248E+01                                 F               0         Blade 1 Z translation displacement, node 16, m
        166    2.369E+01                                 F               0         Blade 1 X translation displacement, node 17, m
        167   -8.419E+01                                 F               0         Blade 1 Y translation displacement, node 17, m
        168   -9.721E+01                                 F               0         Blade 1 Z translation displacement, node 17, m
        169    2.313E+01                                 F               0         Blade 1 X translation displacement, node 18, m
        170   -8.795E+01                                 F               0         Blade 1 Y translation displacement, node 18, m
        171   -1.019E+02                                 F               0         Blade 1 Z translation displacement, node 18, m
        172    2.257E+01                                 F               0         Blade 1 X translation displacement, node 19, m
        173   -9.171E+01                                 F               0         Blade 1 Y translation displacement, node 19, m
        174   -1.067E+02                                 F               0         Blade 1 Z translation displacement, node 19, m
        175    2.201E+01                                 F               0         Blade 1 X translation displacement, node 20, m
        176   -9.548E+01                                 F               0         Blade 1 Y translation displacement, node 20, m
        177   -1.114E+02                                 F               0         Blade 1 Z translation displacement, node 20, m
        178    2.145E+01                                 F               0         Blade 1 X translation displacement, node 21, m
        179   -9.924E+01                                 F               0         Blade 1 Y translation displacement, node 21, m
        180   -1.161E+02                                 F               0         Blade 1 Z translation displacement, node 21, m
        181    2.089E+01                                 F               0         Blade 1 X translation displacement, node 22, m
        182   -1.030E+02                                 F               0         Blade 1 Y translation displacement, node 22, m
        183   -1.208E+02                                 F               0         Blade 1 Z translation displacement, node 22, m
        184    2.033E+01                                 F               0         Blade 1 X translation displacement, node 23, m
        185   -1.068E+02                                 F               0         Blade 1 Y translation displacement, node 23, m
        186   -1.256E+02                                 F               0         Blade 1 Z translation displacement, node 23, m
        187    1.977E+01                                 F               0         Blade 1 X translation displacement, node 24, m
        188   -1.105E+02                                 F               0         Blade 1 Y translation displacement, node 24, m
        189   -1.303E+02                                 F               0         Blade 1 Z translation displacement, node 24, m
        190    1.922E+01                                 F               0         Blade 1 X translation displacement, node 25, m
        191   -1.143E+02                                 F               0         Blade 1 Y translation displacement, node 25, m
        192   -1.350E+02                                 F               0         Blade 1 Z translation displacement, node 25, m
        193    1.866E+01                                 F               0         Blade 1 X translation displacement, node 26, m
        194   -1.181E+02                                 F               0         Blade 1 Y translation displacement, node 26, m
        195   -1.397E+02                                 F               0         Blade 1 Z translation displacement, node 26, m
        196    1.810E+01                                 F               0         Blade 1 X translation displacement, node 27, m
        197   -1.218E+02                                 F               0         Blade 1 Y translation displacement, node 27, m
        198   -1.444E+02                                 F               0         Blade 1 Z translation displacement, node 27, m
        199    1.763E+01                                 F               0         Blade 1 X translation displacement, node 28, m
        200   -1.250E+02                                 F               0         Blade 1 Y translation displacement, node 28, m
        201   -1.485E+02                                 F               0         Blade 1 Z translation displacement, node 28, m
        202    7.268E-01,  1.276E-01, -6.749E-01         F               0         Blade 1 X orientation angle, node 1, rad
        203    6.857E-01, -1.919E-01,  7.021E-01         F               0         Blade 1 Y orientation angle, node 1, rad
        204   -3.990E-02, -9.731E-01, -2.270E-01         F               0         Blade 1 Z orientation angle, node 1, rad
        205    7.268E-01,  1.276E-01, -6.749E-01         F               0         Blade 1 X orientation angle, node 2, rad
        206    6.857E-01, -1.919E-01,  7.021E-01         F               0         Blade 1 Y orientation angle, node 2, rad
        207   -3.990E-02, -9.731E-01, -2.270E-01         F               0         Blade 1 Z orientation angle, node 2, rad
        208    8.686E-01,  7.851E-02, -4.893E-01         F               0         Blade 1 X orientation angle, node 3, rad
        209    4.939E-01, -2.167E-01,  8.421E-01         F               0         Blade 1 Y orientation angle, node 3, rad
        210   -3.990E-02, -9.731E-01, -2.270E-01         F               0         Blade 1 Z orientation angle, node 3, rad
        211    8.887E-01,  6.929E-02, -4.533E-01         F               0         Blade 1 X orientation angle, node 4, rad
        212    4.568E-01, -2.198E-01,  8.620E-01         F               0         Blade 1 Y orientation angle, node 4, rad
        213   -3.990E-02, -9.731E-01, -2.270E-01         F               0         Blade 1 Z orientation angle, node 4, rad
        214    9.033E-01,  6.197E-02, -4.244E-01         F               0         Blade 1 X orientation angle, node 5, rad
        215    4.271E-01, -2.220E-01,  8.765E-01         F               0         Blade 1 Y orientation angle, node 5, rad
        216   -3.990E-02, -9.731E-01, -2.270E-01         F               0         Blade 1 Z orientation angle, node 5, rad
        217    9.143E-01,  5.606E-02, -4.010E-01         F               0         Blade 1 X orientation angle, node 6, rad
        218    4.030E-01, -2.235E-01,  8.875E-01         F               0         Blade 1 Y orientation angle, node 6, rad
        219   -3.990E-02, -9.731E-01, -2.270E-01         F               0         Blade 1 Z orientation angle, node 6, rad
        220    9.229E-01,  5.117E-02, -3.816E-01         F               0         Blade 1 X orientation angle, node 7, rad
        221    3.829E-01, -2.247E-01,  8.960E-01         F               0         Blade 1 Y orientation angle, node 7, rad
        222   -3.990E-02, -9.731E-01, -2.270E-01         F               0         Blade 1 Z orientation angle, node 7, rad
        223    9.297E-01,  4.708E-02, -3.653E-01         F               0         Blade 1 X orientation angle, node 8, rad
        224    3.661E-01, -2.256E-01,  9.028E-01         F               0         Blade 1 Y orientation angle, node 8, rad
        225   -3.990E-02, -9.731E-01, -2.270E-01         F               0         Blade 1 Z orientation angle, node 8, rad
        226    9.352E-01,  4.361E-02, -3.514E-01         F               0         Blade 1 X orientation angle, node 9, rad
        227    3.518E-01, -2.263E-01,  9.083E-01         F               0         Blade 1 Y orientation angle, node 9, rad
        228   -3.990E-02, -9.731E-01, -2.270E-01         F               0         Blade 1 Z orientation angle, node 9, rad
        229    9.398E-01,  4.060E-02, -3.393E-01         F               0         Blade 1 X orientation angle, node 10, rad
        230    3.394E-01, -2.268E-01,  9.129E-01         F               0         Blade 1 Y orientation angle, node 10, rad
        231   -3.990E-02, -9.731E-01, -2.270E-01         F               0         Blade 1 Z orientation angle, node 10, rad
        232    9.436E-01,  3.803E-02, -3.289E-01         F               0         Blade 1 X orientation angle, node 11, rad
        233    3.287E-01, -2.273E-01,  9.167E-01         F               0         Blade 1 Y orientation angle, node 11, rad
        234   -3.990E-02, -9.731E-01, -2.270E-01         F               0         Blade 1 Z orientation angle, node 11, rad
        235    9.468E-01,  3.577E-02, -3.198E-01         F               0         Blade 1 X orientation angle, node 12, rad
        236    3.193E-01, -2.277E-01,  9.199E-01         F               0         Blade 1 Y orientation angle, node 12, rad
        237   -3.990E-02, -9.731E-01, -2.270E-01         F               0         Blade 1 Z orientation angle, node 12, rad
        238    9.496E-01,  3.378E-02, -3.117E-01         F               0         Blade 1 X orientation angle, node 13, rad
        239    3.110E-01, -2.280E-01,  9.227E-01         F               0         Blade 1 Y orientation angle, node 13, rad
        240   -3.990E-02, -9.731E-01, -2.270E-01         F               0         Blade 1 Z orientation angle, node 13, rad
        241    9.520E-01,  3.199E-02, -3.045E-01         F               0         Blade 1 X orientation angle, node 14, rad
        242    3.035E-01, -2.282E-01,  9.251E-01         F               0         Blade 1 Y orientation angle, node 14, rad
        243   -3.990E-02, -9.731E-01, -2.270E-01         F               0         Blade 1 Z orientation angle, node 14, rad
        244    9.541E-01,  3.039E-02, -2.980E-01         F               0         Blade 1 X orientation angle, node 15, rad
        245    2.969E-01, -2.284E-01,  9.272E-01         F               0         Blade 1 Y orientation angle, node 15, rad
        246   -3.990E-02, -9.731E-01, -2.270E-01         F               0         Blade 1 Z orientation angle, node 15, rad
        247    9.559E-01,  2.896E-02, -2.922E-01         F               0         Blade 1 X orientation angle, node 16, rad
        248    2.909E-01, -2.286E-01,  9.290E-01         F               0         Blade 1 Y orientation angle, node 16, rad
        249   -3.990E-02, -9.731E-01, -2.270E-01         F               0         Blade 1 Z orientation angle, node 16, rad
        250    9.575E-01,  2.768E-02, -2.870E-01         F               0         Blade 1 X orientation angle, node 17, rad
        251    2.855E-01, -2.288E-01,  9.307E-01         F               0         Blade 1 Y orientation angle, node 17, rad
        252   -3.990E-02, -9.731E-01, -2.270E-01         F               0         Blade 1 Z orientation angle, node 17, rad
        253    9.590E-01,  2.648E-02, -2.821E-01         F               0         Blade 1 X orientation angle, node 18, rad
        254    2.805E-01, -2.289E-01,  9.321E-01         F               0         Blade 1 Y orientation angle, node 18, rad
        255   -3.990E-02, -9.731E-01, -2.270E-01         F               0         Blade 1 Z orientation angle, node 18, rad
        256    9.603E-01,  2.540E-02, -2.777E-01         F               0         Blade 1 X orientation angle, node 19, rad
        257    2.760E-01, -2.291E-01,  9.335E-01         F               0         Blade 1 Y orientation angle, node 19, rad
        258   -3.990E-02, -9.731E-01, -2.270E-01         F               0         Blade 1 Z orientation angle, node 19, rad
        259    9.615E-01,  2.444E-02, -2.738E-01         F               0         Blade 1 X orientation angle, node 20, rad
        260    2.720E-01, -2.292E-01,  9.346E-01         F               0         Blade 1 Y orientation angle, node 20, rad
        261   -3.990E-02, -9.731E-01, -2.270E-01         F               0         Blade 1 Z orientation angle, node 20, rad
        262    9.626E-01,  2.352E-02, -2.700E-01         F               0         Blade 1 X orientation angle, node 21, rad
        263    2.681E-01, -2.293E-01,  9.357E-01         F               0         Blade 1 Y orientation angle, node 21, rad
        264   -3.990E-02, -9.731E-01, -2.270E-01         F               0         Blade 1 Z orientation angle, node 21, rad
        265    9.635E-01,  2.268E-02, -2.666E-01         F               0         Blade 1 X orientation angle, node 22, rad
        266    2.646E-01, -2.293E-01,  9.367E-01         F               0         Blade 1 Y orientation angle, node 22, rad
        267   -3.990E-02, -9.731E-01, -2.270E-01         F               0         Blade 1 Z orientation angle, node 22, rad
        268    9.644E-01,  2.192E-02, -2.635E-01         F               0         Blade 1 X orientation angle, node 23, rad
        269    2.614E-01, -2.294E-01,  9.376E-01         F               0         Blade 1 Y orientation angle, node 23, rad
        270   -3.990E-02, -9.731E-01, -2.270E-01         F               0         Blade 1 Z orientation angle, node 23, rad
        271    9.652E-01,  2.120E-02, -2.606E-01         F               0         Blade 1 X orientation angle, node 24, rad
        272    2.584E-01, -2.295E-01,  9.384E-01         F               0         Blade 1 Y orientation angle, node 24, rad
        273   -3.990E-02, -9.731E-01, -2.270E-01         F               0         Blade 1 Z orientation angle, node 24, rad
        274    9.660E-01,  2.052E-02, -2.578E-01         F               0         Blade 1 X orientation angle, node 25, rad
        275    2.555E-01, -2.295E-01,  9.392E-01         F               0         Blade 1 Y orientation angle, node 25, rad
        276   -3.990E-02, -9.731E-01, -2.270E-01         F               0         Blade 1 Z orientation angle, node 25, rad
        277    9.667E-01,  1.992E-02, -2.553E-01         F               0         Blade 1 X orientation angle, node 26, rad
        278    2.530E-01, -2.296E-01,  9.398E-01         F               0         Blade 1 Y orientation angle, node 26, rad
        279   -3.990E-02, -9.731E-01, -2.270E-01         F               0         Blade 1 Z orientation angle, node 26, rad
        280    9.673E-01,  1.932E-02, -2.528E-01         F               0         Blade 1 X orientation angle, node 27, rad
        281    2.504E-01, -2.296E-01,  9.405E-01         F               0         Blade 1 Y orientation angle, node 27, rad
        282   -3.990E-02, -9.731E-01, -2.270E-01         F               0         Blade 1 Z orientation angle, node 27, rad
        283    9.677E-01,  1.900E-02, -2.515E-01         F               0         Blade 1 X orientation angle, node 28, rad
        284    2.491E-01, -2.297E-01,  9.409E-01         F               0         Blade 1 Y orientation angle, node 28, rad
        285   -3.990E-02, -9.731E-01, -2.270E-01         F               0         Blade 1 Z orientation angle, node 28, rad
        286   -1.455E+00                                 F               0         Blade 1 X translation velocity, node 1, m/s
        287    1.300E+00                                 F               0         Blade 1 Y translation velocity, node 1, m/s
        288   -5.454E+00                                 F               0         Blade 1 Z translation velocity, node 1, m/s
        289   -1.805E+00                                 F               0         Blade 1 X translation velocity, node 2, m/s
        290    1.621E+00                                 F               0         Blade 1 Y translation velocity, node 2, m/s
        291   -6.767E+00                                 F               0         Blade 1 Z translation velocity, node 2, m/s
        292   -6.557E+00                                 F               0         Blade 1 X translation velocity, node 3, m/s
        293    5.983E+00                                 F               0         Blade 1 Y translation velocity, node 3, m/s
        294   -2.463E+01                                 F               0         Blade 1 Z translation velocity, node 3, m/s
        295   -7.569E+00                                 F               0         Blade 1 X translation velocity, node 4, m/s
        296    6.912E+00                                 F               0         Blade 1 Y translation velocity, node 4, m/s
        297   -2.844E+01                                 F               0         Blade 1 Z translation velocity, node 4, m/s
        298   -8.582E+00                                 F               0         Blade 1 X translation velocity, node 5, m/s
        299    7.842E+00                                 F               0         Blade 1 Y translation velocity, node 5, m/s
        300   -3.225E+01                                 F               0         Blade 1 Z translation velocity, node 5, m/s
        301   -9.594E+00                                 F               0         Blade 1 X translation velocity, node 6, m/s
        302    8.771E+00                                 F               0         Blade 1 Y translation velocity, node 6, m/s
        303   -3.605E+01                                 F               0         Blade 1 Z translation velocity, node 6, m/s
        304   -1.061E+01                                 F               0         Blade 1 X translation velocity, node 7, m/s
        305    9.701E+00                                 F               0         Blade 1 Y translation velocity, node 7, m/s
        306   -3.986E+01                                 F               0         Blade 1 Z translation velocity, node 7, m/s
        307   -1.162E+01                                 F               0         Blade 1 X translation velocity, node 8, m/s
