
Linearized model: Predictions were generated on 30-Jan-2024 at 18:20:32 using OpenFAST, compiled as a 64-bit application using single precision at commit v3.5.1
 linked with  NWTC Subroutine Library; ElastoDyn; InflowWind; AeroDyn; ServoDyn; HydroDyn; MAP++ (<1.20.10>, <Oct-20-2023>)

Description from the FAST input file: CCT-9 Campign 4 model. Input files to be run with OpenFAST 3.5.0. GitHub branch from Lu Wang (https://github.com/luwang00/openfast/tree/dev) compiled on March 7, 2023.

Simulation information:
   Simulation time:                   506.9250 s
   Rotor Speed:                         0.8794 rad/s
   Azimuth:                             4.9672 rad
   Wind Speed:                         10.0000 m/s
   Number of continuous states:         0
   Number of discrete states:           0
   Number of constraint states:         0
   Number of inputs:                 1746
   Number of outputs:                   4
   Jacobians included in this file?    No

Order of inputs:
     Column   Operating Point                     Rotating Frame? Derivative Order Description
   ---------- ---------------                     --------------- ---------------- -----------
          1    1.097E+01                                 F               0         Tower X translation displacement, node 1, m
          2   -1.129E+00                                 F               0         Tower Y translation displacement, node 1, m
          3   -2.927E-01                                 F               0         Tower Z translation displacement, node 1, m
          4    1.239E+01                                 F               0         Tower X translation displacement, node 2, m
          5   -1.650E+00                                 F               0         Tower Y translation displacement, node 2, m
          6   -3.856E-01                                 F               0         Tower Z translation displacement, node 2, m
          7    1.380E+01                                 F               0         Tower X translation displacement, node 3, m
          8   -2.172E+00                                 F               0         Tower Y translation displacement, node 3, m
          9   -4.784E-01                                 F               0         Tower Z translation displacement, node 3, m
         10    1.522E+01                                 F               0         Tower X translation displacement, node 4, m
         11   -2.693E+00                                 F               0         Tower Y translation displacement, node 4, m
         12   -5.712E-01                                 F               0         Tower Z translation displacement, node 4, m
         13    1.664E+01                                 F               0         Tower X translation displacement, node 5, m
         14   -3.215E+00                                 F               0         Tower Y translation displacement, node 5, m
         15   -6.640E-01                                 F               0         Tower Z translation displacement, node 5, m
         16    1.806E+01                                 F               0         Tower X translation displacement, node 6, m
         17   -3.736E+00                                 F               0         Tower Y translation displacement, node 6, m
         18   -7.569E-01                                 F               0         Tower Z translation displacement, node 6, m
         19    1.948E+01                                 F               0         Tower X translation displacement, node 7, m
         20   -4.258E+00                                 F               0         Tower Y translation displacement, node 7, m
         21   -8.497E-01                                 F               0         Tower Z translation displacement, node 7, m
         22    2.090E+01                                 F               0         Tower X translation displacement, node 8, m
         23   -4.779E+00                                 F               0         Tower Y translation displacement, node 8, m
         24   -9.425E-01                                 F               0         Tower Z translation displacement, node 8, m
         25    2.232E+01                                 F               0         Tower X translation displacement, node 9, m
         26   -5.301E+00                                 F               0         Tower Y translation displacement, node 9, m
         27   -1.035E+00                                 F               0         Tower Z translation displacement, node 9, m
         28    2.374E+01                                 F               0         Tower X translation displacement, node 10, m
         29   -5.822E+00                                 F               0         Tower Y translation displacement, node 10, m
         30   -1.128E+00                                 F               0         Tower Z translation displacement, node 10, m
         31    2.516E+01                                 F               0         Tower X translation displacement, node 11, m
         32   -6.343E+00                                 F               0         Tower Y translation displacement, node 11, m
         33   -1.221E+00                                 F               0         Tower Z translation displacement, node 11, m
         34    9.934E-01,  9.714E-03, -1.145E-01         F               0         Tower X orientation angle, node 1, rad
         35   -4.806E-03,  9.991E-01,  4.304E-02         F               0         Tower Y orientation angle, node 1, rad
         36    1.148E-01, -4.221E-02,  9.925E-01         F               0         Tower Z orientation angle, node 1, rad
         37    9.934E-01,  9.714E-03, -1.145E-01         F               0         Tower X orientation angle, node 2, rad
         38   -4.806E-03,  9.991E-01,  4.304E-02         F               0         Tower Y orientation angle, node 2, rad
         39    1.148E-01, -4.221E-02,  9.925E-01         F               0         Tower Z orientation angle, node 2, rad
         40    9.934E-01,  9.714E-03, -1.145E-01         F               0         Tower X orientation angle, node 3, rad
         41   -4.806E-03,  9.991E-01,  4.304E-02         F               0         Tower Y orientation angle, node 3, rad
         42    1.148E-01, -4.221E-02,  9.925E-01         F               0         Tower Z orientation angle, node 3, rad
         43    9.934E-01,  9.714E-03, -1.145E-01         F               0         Tower X orientation angle, node 4, rad
         44   -4.806E-03,  9.991E-01,  4.304E-02         F               0         Tower Y orientation angle, node 4, rad
         45    1.148E-01, -4.221E-02,  9.925E-01         F               0         Tower Z orientation angle, node 4, rad
         46    9.934E-01,  9.714E-03, -1.145E-01         F               0         Tower X orientation angle, node 5, rad
         47   -4.806E-03,  9.991E-01,  4.304E-02         F               0         Tower Y orientation angle, node 5, rad
         48    1.148E-01, -4.221E-02,  9.925E-01         F               0         Tower Z orientation angle, node 5, rad
         49    9.934E-01,  9.714E-03, -1.145E-01         F               0         Tower X orientation angle, node 6, rad
         50   -4.806E-03,  9.991E-01,  4.304E-02         F               0         Tower Y orientation angle, node 6, rad
         51    1.148E-01, -4.221E-02,  9.925E-01         F               0         Tower Z orientation angle, node 6, rad
         52    9.934E-01,  9.714E-03, -1.145E-01         F               0         Tower X orientation angle, node 7, rad
         53   -4.806E-03,  9.991E-01,  4.304E-02         F               0         Tower Y orientation angle, node 7, rad
         54    1.148E-01, -4.221E-02,  9.925E-01         F               0         Tower Z orientation angle, node 7, rad
         55    9.934E-01,  9.714E-03, -1.145E-01         F               0         Tower X orientation angle, node 8, rad
         56   -4.806E-03,  9.991E-01,  4.304E-02         F               0         Tower Y orientation angle, node 8, rad
         57    1.148E-01, -4.221E-02,  9.925E-01         F               0         Tower Z orientation angle, node 8, rad
         58    9.934E-01,  9.714E-03, -1.145E-01         F               0         Tower X orientation angle, node 9, rad
         59   -4.806E-03,  9.991E-01,  4.304E-02         F               0         Tower Y orientation angle, node 9, rad
         60    1.148E-01, -4.221E-02,  9.925E-01         F               0         Tower Z orientation angle, node 9, rad
         61    9.934E-01,  9.714E-03, -1.145E-01         F               0         Tower X orientation angle, node 10, rad
         62   -4.806E-03,  9.991E-01,  4.304E-02         F               0         Tower Y orientation angle, node 10, rad
         63    1.148E-01, -4.221E-02,  9.925E-01         F               0         Tower Z orientation angle, node 10, rad
         64    9.934E-01,  9.714E-03, -1.145E-01         F               0         Tower X orientation angle, node 11, rad
         65   -4.806E-03,  9.991E-01,  4.304E-02         F               0         Tower Y orientation angle, node 11, rad
         66    1.148E-01, -4.221E-02,  9.925E-01         F               0         Tower Z orientation angle, node 11, rad
         67   -4.489E-03                                 F               0         Tower X translation velocity, node 1, m/s
         68   -6.588E-03                                 F               0         Tower Y translation velocity, node 1, m/s
         69    3.912E-03                                 F               0         Tower Z translation velocity, node 1, m/s
         70   -4.362E-03                                 F               0         Tower X translation velocity, node 2, m/s
         71   -1.084E-02                                 F               0         Tower Y translation velocity, node 2, m/s
         72    3.716E-03                                 F               0         Tower Z translation velocity, node 2, m/s
         73   -4.234E-03                                 F               0         Tower X translation velocity, node 3, m/s
         74   -1.510E-02                                 F               0         Tower Y translation velocity, node 3, m/s
         75    3.521E-03                                 F               0         Tower Z translation velocity, node 3, m/s
         76   -4.107E-03                                 F               0         Tower X translation velocity, node 4, m/s
         77   -1.936E-02                                 F               0         Tower Y translation velocity, node 4, m/s
         78    3.325E-03                                 F               0         Tower Z translation velocity, node 4, m/s
         79   -3.979E-03                                 F               0         Tower X translation velocity, node 5, m/s
         80   -2.361E-02                                 F               0         Tower Y translation velocity, node 5, m/s
         81    3.129E-03                                 F               0         Tower Z translation velocity, node 5, m/s
         82   -3.852E-03                                 F               0         Tower X translation velocity, node 6, m/s
         83   -2.787E-02                                 F               0         Tower Y translation velocity, node 6, m/s
         84    2.933E-03                                 F               0         Tower Z translation velocity, node 6, m/s
         85   -3.724E-03                                 F               0         Tower X translation velocity, node 7, m/s
         86   -3.213E-02                                 F               0         Tower Y translation velocity, node 7, m/s
         87    2.738E-03                                 F               0         Tower Z translation velocity, node 7, m/s
         88   -3.597E-03                                 F               0         Tower X translation velocity, node 8, m/s
         89   -3.638E-02                                 F               0         Tower Y translation velocity, node 8, m/s
         90    2.542E-03                                 F               0         Tower Z translation velocity, node 8, m/s
         91   -3.469E-03                                 F               0         Tower X translation velocity, node 9, m/s
         92   -4.064E-02                                 F               0         Tower Y translation velocity, node 9, m/s
         93    2.346E-03                                 F               0         Tower Z translation velocity, node 9, m/s
         94   -3.342E-03                                 F               0         Tower X translation velocity, node 10, m/s
         95   -4.489E-02                                 F               0         Tower Y translation velocity, node 10, m/s
         96    2.150E-03                                 F               0         Tower Z translation velocity, node 10, m/s
         97   -3.215E-03                                 F               0         Tower X translation velocity, node 11, m/s
         98   -4.915E-02                                 F               0         Tower Y translation velocity, node 11, m/s
         99    1.955E-03                                 F               0         Tower Z translation velocity, node 11, m/s
        100    2.613E+01                                 F               0         Hub X translation displacement, node 1, m
        101   -6.780E+00                                 F               0         Hub Y translation displacement, node 1, m
        102   -4.298E-02                                 F               0         Hub Z translation displacement, node 1, m
        103    9.759E-01,  1.407E-02, -2.176E-01         F               0         Hub X orientation angle, node 1, rad
        104   -2.122E-01,  2.914E-01, -9.328E-01         F               0         Hub Y orientation angle, node 1, rad
        105    5.030E-02,  9.565E-01,  2.874E-01         F               0         Hub Z orientation angle, node 1, rad
        106    8.586E-01                                 F               0         Hub X rotation velocity, node 1, rad/s
        107    1.239E-02                                 F               0         Hub Y rotation velocity, node 1, rad/s
        108   -1.915E-01                                 F               0         Hub Z rotation velocity, node 1, rad/s
        109    9.818E-01,  5.421E-03, -1.899E-01         F               0         Blade root 1 X orientation angle, node 1, rad
        110   -1.832E-01,  2.917E-01, -9.388E-01         F               0         Blade root 1 Y orientation angle, node 1, rad
        111    5.030E-02,  9.565E-01,  2.874E-01         F               0         Blade root 1 Z orientation angle, node 1, rad
        112    9.711E-01, -6.185E-03, -2.388E-01         F               0         Blade root 2 X orientation angle, node 1, rad
        113    1.786E-01,  6.828E-01,  7.085E-01         F               0         Blade root 2 Y orientation angle, node 1, rad
        114    1.586E-01, -7.306E-01,  6.641E-01         F               0         Blade root 2 Z orientation angle, node 1, rad
        115    9.736E-01,  4.296E-02, -2.240E-01         F               0         Blade root 3 X orientation angle, node 1, rad
        116    9.147E-02, -9.732E-01,  2.109E-01         F               0         Blade root 3 Y orientation angle, node 1, rad
        117   -2.089E-01, -2.259E-01, -9.515E-01         F               0         Blade root 3 Z orientation angle, node 1, rad
        118    2.583E+01                                 F               0         Blade 1 X translation displacement, node 1, m
        119   -1.481E+00                                 F               0         Blade 1 Y translation displacement, node 1, m
        120   -3.960E+00                                 F               0         Blade 1 Z translation displacement, node 1, m
        121    2.576E+01                                 F               0         Blade 1 X translation displacement, node 2, m
        122   -2.039E-01                                 F               0         Blade 1 Y translation displacement, node 2, m
        123   -4.904E+00                                 F               0         Blade 1 Z translation displacement, node 2, m
        124    2.477E+01                                 F               0         Blade 1 X translation displacement, node 3, m
        125    1.716E+01                                 F               0         Blade 1 Y translation displacement, node 3, m
        126   -1.774E+01                                 F               0         Blade 1 Z translation displacement, node 3, m
        127    2.456E+01                                 F               0         Blade 1 X translation displacement, node 4, m
        128    2.086E+01                                 F               0         Blade 1 Y translation displacement, node 4, m
        129   -2.048E+01                                 F               0         Blade 1 Z translation displacement, node 4, m
        130    2.435E+01                                 F               0         Blade 1 X translation displacement, node 5, m
        131    2.456E+01                                 F               0         Blade 1 Y translation displacement, node 5, m
        132   -2.321E+01                                 F               0         Blade 1 Z translation displacement, node 5, m
        133    2.414E+01                                 F               0         Blade 1 X translation displacement, node 6, m
        134    2.826E+01                                 F               0         Blade 1 Y translation displacement, node 6, m
        135   -2.595E+01                                 F               0         Blade 1 Z translation displacement, node 6, m
        136    2.393E+01                                 F               0         Blade 1 X translation displacement, node 7, m
        137    3.196E+01                                 F               0         Blade 1 Y translation displacement, node 7, m
        138   -2.868E+01                                 F               0         Blade 1 Z translation displacement, node 7, m
        139    2.372E+01                                 F               0         Blade 1 X translation displacement, node 8, m
        140    3.566E+01                                 F               0         Blade 1 Y translation displacement, node 8, m
        141   -3.142E+01                                 F               0         Blade 1 Z translation displacement, node 8, m
        142    2.351E+01                                 F               0         Blade 1 X translation displacement, node 9, m
        143    3.936E+01                                 F               0         Blade 1 Y translation displacement, node 9, m
        144   -3.415E+01                                 F               0         Blade 1 Z translation displacement, node 9, m
        145    2.330E+01                                 F               0         Blade 1 X translation displacement, node 10, m
        146    4.305E+01                                 F               0         Blade 1 Y translation displacement, node 10, m
        147   -3.689E+01                                 F               0         Blade 1 Z translation displacement, node 10, m
        148    2.309E+01                                 F               0         Blade 1 X translation displacement, node 11, m
        149    4.675E+01                                 F               0         Blade 1 Y translation displacement, node 11, m
        150   -3.962E+01                                 F               0         Blade 1 Z translation displacement, node 11, m
        151    2.288E+01                                 F               0         Blade 1 X translation displacement, node 12, m
        152    5.045E+01                                 F               0         Blade 1 Y translation displacement, node 12, m
        153   -4.236E+01                                 F               0         Blade 1 Z translation displacement, node 12, m
        154    2.267E+01                                 F               0         Blade 1 X translation displacement, node 13, m
        155    5.415E+01                                 F               0         Blade 1 Y translation displacement, node 13, m
        156   -4.509E+01                                 F               0         Blade 1 Z translation displacement, node 13, m
        157    2.247E+01                                 F               0         Blade 1 X translation displacement, node 14, m
        158    5.785E+01                                 F               0         Blade 1 Y translation displacement, node 14, m
        159   -4.783E+01                                 F               0         Blade 1 Z translation displacement, node 14, m
        160    2.226E+01                                 F               0         Blade 1 X translation displacement, node 15, m
        161    6.155E+01                                 F               0         Blade 1 Y translation displacement, node 15, m
        162   -5.056E+01                                 F               0         Blade 1 Z translation displacement, node 15, m
        163    2.205E+01                                 F               0         Blade 1 X translation displacement, node 16, m
        164    6.525E+01                                 F               0         Blade 1 Y translation displacement, node 16, m
        165   -5.330E+01                                 F               0         Blade 1 Z translation displacement, node 16, m
        166    2.184E+01                                 F               0         Blade 1 X translation displacement, node 17, m
        167    6.895E+01                                 F               0         Blade 1 Y translation displacement, node 17, m
        168   -5.603E+01                                 F               0         Blade 1 Z translation displacement, node 17, m
        169    2.163E+01                                 F               0         Blade 1 X translation displacement, node 18, m
        170    7.265E+01                                 F               0         Blade 1 Y translation displacement, node 18, m
        171   -5.876E+01                                 F               0         Blade 1 Z translation displacement, node 18, m
        172    2.142E+01                                 F               0         Blade 1 X translation displacement, node 19, m
        173    7.635E+01                                 F               0         Blade 1 Y translation displacement, node 19, m
        174   -6.150E+01                                 F               0         Blade 1 Z translation displacement, node 19, m
        175    2.121E+01                                 F               0         Blade 1 X translation displacement, node 20, m
        176    8.005E+01                                 F               0         Blade 1 Y translation displacement, node 20, m
        177   -6.424E+01                                 F               0         Blade 1 Z translation displacement, node 20, m
        178    2.100E+01                                 F               0         Blade 1 X translation displacement, node 21, m
        179    8.375E+01                                 F               0         Blade 1 Y translation displacement, node 21, m
        180   -6.697E+01                                 F               0         Blade 1 Z translation displacement, node 21, m
        181    2.079E+01                                 F               0         Blade 1 X translation displacement, node 22, m
        182    8.745E+01                                 F               0         Blade 1 Y translation displacement, node 22, m
        183   -6.971E+01                                 F               0         Blade 1 Z translation displacement, node 22, m
        184    2.058E+01                                 F               0         Blade 1 X translation displacement, node 23, m
        185    9.115E+01                                 F               0         Blade 1 Y translation displacement, node 23, m
        186   -7.244E+01                                 F               0         Blade 1 Z translation displacement, node 23, m
        187    2.037E+01                                 F               0         Blade 1 X translation displacement, node 24, m
        188    9.485E+01                                 F               0         Blade 1 Y translation displacement, node 24, m
        189   -7.517E+01                                 F               0         Blade 1 Z translation displacement, node 24, m
        190    2.016E+01                                 F               0         Blade 1 X translation displacement, node 25, m
        191    9.855E+01                                 F               0         Blade 1 Y translation displacement, node 25, m
        192   -7.791E+01                                 F               0         Blade 1 Z translation displacement, node 25, m
        193    1.995E+01                                 F               0         Blade 1 X translation displacement, node 26, m
        194    1.022E+02                                 F               0         Blade 1 Y translation displacement, node 26, m
        195   -8.065E+01                                 F               0         Blade 1 Z translation displacement, node 26, m
        196    1.974E+01                                 F               0         Blade 1 X translation displacement, node 27, m
        197    1.059E+02                                 F               0         Blade 1 Y translation displacement, node 27, m
        198   -8.338E+01                                 F               0         Blade 1 Z translation displacement, node 27, m
        199    1.956E+01                                 F               0         Blade 1 X translation displacement, node 28, m
        200    1.091E+02                                 F               0         Blade 1 Y translation displacement, node 28, m
        201   -8.570E+01                                 F               0         Blade 1 Z translation displacement, node 28, m
        202    9.573E-01, -1.282E-01,  2.591E-01         F               0         Blade 1 X orientation angle, node 1, rad
        203    2.847E-01,  2.621E-01, -9.221E-01         F               0         Blade 1 Y orientation angle, node 1, rad
        204    5.030E-02,  9.565E-01,  2.874E-01         F               0         Blade 1 Z orientation angle, node 1, rad
        205    9.573E-01, -1.282E-01,  2.591E-01         F               0         Blade 1 X orientation angle, node 2, rad
        206    2.847E-01,  2.621E-01, -9.221E-01         F               0         Blade 1 Y orientation angle, node 2, rad
        207    5.030E-02,  9.565E-01,  2.874E-01         F               0         Blade 1 Z orientation angle, node 2, rad
        208    9.975E-01, -6.243E-02,  3.319E-02         F               0         Blade 1 X orientation angle, node 3, rad
        209    4.969E-02,  2.850E-01, -9.572E-01         F               0         Blade 1 Y orientation angle, node 3, rad
        210    5.030E-02,  9.565E-01,  2.874E-01         F               0         Blade 1 Z orientation angle, node 3, rad
        211    9.987E-01, -5.034E-02, -7.261E-03         F               0         Blade 1 X orientation angle, node 4, rad
        212    7.522E-03,  2.874E-01, -9.578E-01         F               0         Blade 1 Y orientation angle, node 4, rad
        213    5.030E-02,  9.565E-01,  2.874E-01         F               0         Blade 1 Z orientation angle, node 4, rad
        214    9.984E-01, -4.078E-02, -3.901E-02         F               0         Blade 1 X orientation angle, node 5, rad
        215   -2.559E-02,  2.889E-01, -9.570E-01         F               0         Blade 1 Y orientation angle, node 5, rad
        216    5.030E-02,  9.565E-01,  2.874E-01         F               0         Blade 1 Z orientation angle, node 5, rad
        217    9.974E-01, -3.311E-02, -6.438E-02         F               0         Blade 1 X orientation angle, node 6, rad
        218   -5.207E-02,  2.899E-01, -9.556E-01         F               0         Blade 1 Y orientation angle, node 6, rad
        219    5.030E-02,  9.565E-01,  2.874E-01         F               0         Blade 1 Z orientation angle, node 6, rad
        220    9.960E-01, -2.677E-02, -8.522E-02         F               0         Blade 1 X orientation angle, node 7, rad
        221   -7.381E-02,  2.905E-01, -9.540E-01         F               0         Blade 1 Y orientation angle, node 7, rad
        222    5.030E-02,  9.565E-01,  2.874E-01         F               0         Blade 1 Z orientation angle, node 7, rad
        223    9.945E-01, -2.150E-02, -1.025E-01         F               0         Blade 1 X orientation angle, node 8, rad
        224   -9.188E-02,  2.910E-01, -9.523E-01         F               0         Blade 1 Y orientation angle, node 8, rad
        225    5.030E-02,  9.565E-01,  2.874E-01         F               0         Blade 1 Z orientation angle, node 8, rad
        226    9.930E-01, -1.703E-02, -1.171E-01         F               0         Blade 1 X orientation angle, node 9, rad
        227   -1.071E-01,  2.913E-01, -9.506E-01         F               0         Blade 1 Y orientation angle, node 9, rad
        228    5.030E-02,  9.565E-01,  2.874E-01         F               0         Blade 1 Z orientation angle, node 9, rad
        229    9.915E-01, -1.316E-02, -1.297E-01         F               0         Blade 1 X orientation angle, node 10, rad
        230   -1.203E-01,  2.915E-01, -9.490E-01         F               0         Blade 1 Y orientation angle, node 10, rad
        231    5.030E-02,  9.565E-01,  2.874E-01         F               0         Blade 1 Z orientation angle, node 10, rad
        232    9.900E-01, -9.854E-03, -1.405E-01         F               0         Blade 1 X orientation angle, node 11, rad
        233   -1.315E-01,  2.916E-01, -9.475E-01         F               0         Blade 1 Y orientation angle, node 11, rad
        234    5.030E-02,  9.565E-01,  2.874E-01         F               0         Blade 1 Z orientation angle, node 11, rad
        235    9.887E-01, -6.952E-03, -1.499E-01         F               0         Blade 1 X orientation angle, node 12, rad
        236   -1.414E-01,  2.917E-01, -9.460E-01         F               0         Blade 1 Y orientation angle, node 12, rad
        237    5.030E-02,  9.565E-01,  2.874E-01         F               0         Blade 1 Z orientation angle, node 12, rad
        238    9.874E-01, -4.407E-03, -1.582E-01         F               0         Blade 1 X orientation angle, node 13, rad
        239   -1.500E-01,  2.917E-01, -9.447E-01         F               0         Blade 1 Y orientation angle, node 13, rad
        240    5.030E-02,  9.565E-01,  2.874E-01         F               0         Blade 1 Z orientation angle, node 13, rad
        241    9.862E-01, -2.115E-03, -1.656E-01         F               0         Blade 1 X orientation angle, node 14, rad
        242   -1.578E-01,  2.918E-01, -9.434E-01         F               0         Blade 1 Y orientation angle, node 14, rad
        243    5.030E-02,  9.565E-01,  2.874E-01         F               0         Blade 1 Z orientation angle, node 14, rad
        244    9.851E-01, -7.853E-05, -1.722E-01         F               0         Blade 1 X orientation angle, node 15, rad
        245   -1.646E-01,  2.918E-01, -9.422E-01         F               0         Blade 1 Y orientation angle, node 15, rad
        246    5.030E-02,  9.565E-01,  2.874E-01         F               0         Blade 1 Z orientation angle, node 15, rad
        247    9.840E-01,  1.755E-03, -1.781E-01         F               0         Blade 1 X orientation angle, node 16, rad
        248   -1.708E-01,  2.918E-01, -9.411E-01         F               0         Blade 1 Y orientation angle, node 16, rad
        249    5.030E-02,  9.565E-01,  2.874E-01         F               0         Blade 1 Z orientation angle, node 16, rad
        250    9.830E-01,  3.384E-03, -1.833E-01         F               0         Blade 1 X orientation angle, node 17, rad
        251   -1.763E-01,  2.917E-01, -9.401E-01         F               0         Blade 1 Y orientation angle, node 17, rad
        252    5.030E-02,  9.565E-01,  2.874E-01         F               0         Blade 1 Z orientation angle, node 17, rad
        253    9.821E-01,  4.912E-03, -1.882E-01         F               0         Blade 1 X orientation angle, node 18, rad
        254   -1.815E-01,  2.917E-01, -9.391E-01         F               0         Blade 1 Y orientation angle, node 18, rad
        255    5.030E-02,  9.565E-01,  2.874E-01         F               0         Blade 1 Z orientation angle, node 18, rad
        256    9.812E-01,  6.286E-03, -1.927E-01         F               0         Blade 1 X orientation angle, node 19, rad
        257   -1.861E-01,  2.917E-01, -9.382E-01         F               0         Blade 1 Y orientation angle, node 19, rad
        258    5.030E-02,  9.565E-01,  2.874E-01         F               0         Blade 1 Z orientation angle, node 19, rad
        259    9.805E-01,  7.508E-03, -1.966E-01         F               0         Blade 1 X orientation angle, node 20, rad
        260   -1.902E-01,  2.917E-01, -9.374E-01         F               0         Blade 1 Y orientation angle, node 20, rad
        261    5.030E-02,  9.565E-01,  2.874E-01         F               0         Blade 1 Z orientation angle, node 20, rad
        262    9.797E-01,  8.679E-03, -2.004E-01         F               0         Blade 1 X orientation angle, node 21, rad
        263   -1.941E-01,  2.916E-01, -9.366E-01         F               0         Blade 1 Y orientation angle, node 21, rad
        264    5.030E-02,  9.565E-01,  2.874E-01         F               0         Blade 1 Z orientation angle, node 21, rad
        265    9.790E-01,  9.748E-03, -2.038E-01         F               0         Blade 1 X orientation angle, node 22, rad
        266   -1.977E-01,  2.916E-01, -9.359E-01         F               0         Blade 1 Y orientation angle, node 22, rad
        267    5.030E-02,  9.565E-01,  2.874E-01         F               0         Blade 1 Z orientation angle, node 22, rad
        268    9.783E-01,  1.071E-02, -2.069E-01         F               0         Blade 1 X orientation angle, node 23, rad
        269   -2.010E-01,  2.916E-01, -9.352E-01         F               0         Blade 1 Y orientation angle, node 23, rad
        270    5.030E-02,  9.565E-01,  2.874E-01         F               0         Blade 1 Z orientation angle, node 23, rad
        271    9.777E-01,  1.163E-02, -2.098E-01         F               0         Blade 1 X orientation angle, node 24, rad
        272   -2.040E-01,  2.915E-01, -9.345E-01         F               0         Blade 1 Y orientation angle, node 24, rad
        273    5.030E-02,  9.565E-01,  2.874E-01         F               0         Blade 1 Z orientation angle, node 24, rad
        274    9.771E-01,  1.250E-02, -2.126E-01         F               0         Blade 1 X orientation angle, node 25, rad
        275   -2.069E-01,  2.915E-01, -9.339E-01         F               0         Blade 1 Y orientation angle, node 25, rad
        276    5.030E-02,  9.565E-01,  2.874E-01         F               0         Blade 1 Z orientation angle, node 25, rad
        277    9.765E-01,  1.326E-02, -2.150E-01         F               0         Blade 1 X orientation angle, node 26, rad
        278   -2.095E-01,  2.915E-01, -9.334E-01         F               0         Blade 1 Y orientation angle, node 26, rad
        279    5.030E-02,  9.565E-01,  2.874E-01         F               0         Blade 1 Z orientation angle, node 26, rad
        280    9.760E-01,  1.402E-02, -2.175E-01         F               0         Blade 1 X orientation angle, node 27, rad
        281   -2.121E-01,  2.914E-01, -9.328E-01         F               0         Blade 1 Y orientation angle, node 27, rad
        282    5.030E-02,  9.565E-01,  2.874E-01         F               0         Blade 1 Z orientation angle, node 27, rad
        283    9.757E-01,  1.443E-02, -2.188E-01         F               0         Blade 1 X orientation angle, node 28, rad
        284   -2.134E-01,  2.914E-01, -9.325E-01         F               0         Blade 1 Y orientation angle, node 28, rad
        285    5.030E-02,  9.565E-01,  2.874E-01         F               0         Blade 1 Z orientation angle, node 28, rad
        286    1.031E+00                                 F               0         Blade 1 X translation velocity, node 1, m/s
        287   -1.472E+00                                 F               0         Blade 1 Y translation velocity, node 1, m/s
        288    4.548E+00                                 F               0         Blade 1 Z translation velocity, node 1, m/s
        289    1.280E+00                                 F               0         Blade 1 X translation velocity, node 2, m/s
        290   -1.814E+00                                 F               0         Blade 1 Y translation velocity, node 2, m/s
        291    5.643E+00                                 F               0         Blade 1 Z translation velocity, node 2, m/s
        292    4.670E+00                                 F               0         Blade 1 X translation velocity, node 3, m/s
        293   -6.468E+00                                 F               0         Blade 1 Y translation velocity, node 3, m/s
        294    2.054E+01                                 F               0         Blade 1 Z translation velocity, node 3, m/s
        295    5.392E+00                                 F               0         Blade 1 X translation velocity, node 4, m/s
        296   -7.459E+00                                 F               0         Blade 1 Y translation velocity, node 4, m/s
        297    2.371E+01                                 F               0         Blade 1 Z translation velocity, node 4, m/s
        298    6.114E+00                                 F               0         Blade 1 X translation velocity, node 5, m/s
        299   -8.451E+00                                 F               0         Blade 1 Y translation velocity, node 5, m/s
        300    2.689E+01                                 F               0         Blade 1 Z translation velocity, node 5, m/s
        301    6.836E+00                                 F               0         Blade 1 X translation velocity, node 6, m/s
        302   -9.443E+00                                 F               0         Blade 1 Y translation velocity, node 6, m/s
        303    3.006E+01                                 F               0         Blade 1 Z translation velocity, node 6, m/s
        304    7.558E+00                                 F               0         Blade 1 X translation velocity, node 7, m/s
        305   -1.043E+01                                 F               0         Blade 1 Y translation velocity, node 7, m/s
        306    3.323E+01                                 F               0         Blade 1 Z translation velocity, node 7, m/s
        307    8.280E+00                                 F               0         Blade 1 X translation velocity, node 8, m/s
