
Linearized model: Predictions were generated on 30-Jan-2024 at 18:20:32 using OpenFAST, compiled as a 64-bit application using single precision at commit v3.5.1
 linked with  NWTC Subroutine Library; ElastoDyn; InflowWind; AeroDyn; ServoDyn; HydroDyn; MAP++ (<1.20.10>, <Oct-20-2023>)

Description from the FAST input file: CCT-9 Campign 4 model. Input files to be run with OpenFAST 3.5.0. GitHub branch from Lu Wang (https://github.com/luwang00/openfast/tree/dev) compiled on March 7, 2023.

Simulation information:
   Simulation time:                   505.4500 s
   Rotor Speed:                         0.8795 rad/s
   Azimuth:                             3.6699 rad
   Wind Speed:                         10.0000 m/s
   Number of continuous states:         0
   Number of discrete states:           0
   Number of constraint states:         0
   Number of inputs:                 1746
   Number of outputs:                   4
   Jacobians included in this file?    No

Order of inputs:
     Column   Operating Point                     Rotating Frame? Derivative Order Description
   ---------- ---------------                     --------------- ---------------- -----------
          1    1.097E+01                                 F               0         Tower X translation displacement, node 1, m
          2   -1.120E+00                                 F               0         Tower Y translation displacement, node 1, m
          3   -2.989E-01                                 F               0         Tower Z translation displacement, node 1, m
          4    1.239E+01                                 F               0         Tower X translation displacement, node 2, m
          5   -1.636E+00                                 F               0         Tower Y translation displacement, node 2, m
          6   -3.915E-01                                 F               0         Tower Z translation displacement, node 2, m
          7    1.381E+01                                 F               0         Tower X translation displacement, node 3, m
          8   -2.152E+00                                 F               0         Tower Y translation displacement, node 3, m
          9   -4.840E-01                                 F               0         Tower Z translation displacement, node 3, m
         10    1.523E+01                                 F               0         Tower X translation displacement, node 4, m
         11   -2.668E+00                                 F               0         Tower Y translation displacement, node 4, m
         12   -5.766E-01                                 F               0         Tower Z translation displacement, node 4, m
         13    1.665E+01                                 F               0         Tower X translation displacement, node 5, m
         14   -3.184E+00                                 F               0         Tower Y translation displacement, node 5, m
         15   -6.691E-01                                 F               0         Tower Z translation displacement, node 5, m
         16    1.807E+01                                 F               0         Tower X translation displacement, node 6, m
         17   -3.700E+00                                 F               0         Tower Y translation displacement, node 6, m
         18   -7.617E-01                                 F               0         Tower Z translation displacement, node 6, m
         19    1.948E+01                                 F               0         Tower X translation displacement, node 7, m
         20   -4.216E+00                                 F               0         Tower Y translation displacement, node 7, m
         21   -8.542E-01                                 F               0         Tower Z translation displacement, node 7, m
         22    2.090E+01                                 F               0         Tower X translation displacement, node 8, m
         23   -4.732E+00                                 F               0         Tower Y translation displacement, node 8, m
         24   -9.468E-01                                 F               0         Tower Z translation displacement, node 8, m
         25    2.232E+01                                 F               0         Tower X translation displacement, node 9, m
         26   -5.248E+00                                 F               0         Tower Y translation displacement, node 9, m
         27   -1.039E+00                                 F               0         Tower Z translation displacement, node 9, m
         28    2.374E+01                                 F               0         Tower X translation displacement, node 10, m
         29   -5.764E+00                                 F               0         Tower Y translation displacement, node 10, m
         30   -1.132E+00                                 F               0         Tower Z translation displacement, node 10, m
         31    2.516E+01                                 F               0         Tower X translation displacement, node 11, m
         32   -6.280E+00                                 F               0         Tower Y translation displacement, node 11, m
         33   -1.224E+00                                 F               0         Tower Z translation displacement, node 11, m
         34    9.934E-01,  9.794E-03, -1.145E-01         F               0         Tower X orientation angle, node 1, rad
         35   -4.938E-03,  9.991E-01,  4.261E-02         F               0         Tower Y orientation angle, node 1, rad
         36    1.148E-01, -4.176E-02,  9.925E-01         F               0         Tower Z orientation angle, node 1, rad
         37    9.934E-01,  9.794E-03, -1.145E-01         F               0         Tower X orientation angle, node 2, rad
         38   -4.938E-03,  9.991E-01,  4.261E-02         F               0         Tower Y orientation angle, node 2, rad
         39    1.148E-01, -4.176E-02,  9.925E-01         F               0         Tower Z orientation angle, node 2, rad
         40    9.934E-01,  9.794E-03, -1.145E-01         F               0         Tower X orientation angle, node 3, rad
         41   -4.938E-03,  9.991E-01,  4.261E-02         F               0         Tower Y orientation angle, node 3, rad
         42    1.148E-01, -4.176E-02,  9.925E-01         F               0         Tower Z orientation angle, node 3, rad
         43    9.934E-01,  9.794E-03, -1.145E-01         F               0         Tower X orientation angle, node 4, rad
         44   -4.938E-03,  9.991E-01,  4.261E-02         F               0         Tower Y orientation angle, node 4, rad
         45    1.148E-01, -4.176E-02,  9.925E-01         F               0         Tower Z orientation angle, node 4, rad
         46    9.934E-01,  9.794E-03, -1.145E-01         F               0         Tower X orientation angle, node 5, rad
         47   -4.938E-03,  9.991E-01,  4.261E-02         F               0         Tower Y orientation angle, node 5, rad
         48    1.148E-01, -4.176E-02,  9.925E-01         F               0         Tower Z orientation angle, node 5, rad
         49    9.934E-01,  9.794E-03, -1.145E-01         F               0         Tower X orientation angle, node 6, rad
         50   -4.938E-03,  9.991E-01,  4.261E-02         F               0         Tower Y orientation angle, node 6, rad
         51    1.148E-01, -4.176E-02,  9.925E-01         F               0         Tower Z orientation angle, node 6, rad
         52    9.934E-01,  9.794E-03, -1.145E-01         F               0         Tower X orientation angle, node 7, rad
         53   -4.938E-03,  9.991E-01,  4.261E-02         F               0         Tower Y orientation angle, node 7, rad
         54    1.148E-01, -4.176E-02,  9.925E-01         F               0         Tower Z orientation angle, node 7, rad
         55    9.934E-01,  9.794E-03, -1.145E-01         F               0         Tower X orientation angle, node 8, rad
         56   -4.938E-03,  9.991E-01,  4.261E-02         F               0         Tower Y orientation angle, node 8, rad
         57    1.148E-01, -4.176E-02,  9.925E-01         F               0         Tower Z orientation angle, node 8, rad
         58    9.934E-01,  9.794E-03, -1.145E-01         F               0         Tower X orientation angle, node 9, rad
         59   -4.938E-03,  9.991E-01,  4.261E-02         F               0         Tower Y orientation angle, node 9, rad
         60    1.148E-01, -4.176E-02,  9.925E-01         F               0         Tower Z orientation angle, node 9, rad
         61    9.934E-01,  9.794E-03, -1.145E-01         F               0         Tower X orientation angle, node 10, rad
         62   -4.938E-03,  9.991E-01,  4.261E-02         F               0         Tower Y orientation angle, node 10, rad
         63    1.148E-01, -4.176E-02,  9.925E-01         F               0         Tower Z orientation angle, node 10, rad
         64    9.934E-01,  9.794E-03, -1.145E-01         F               0         Tower X orientation angle, node 11, rad
         65   -4.938E-03,  9.991E-01,  4.261E-02         F               0         Tower Y orientation angle, node 11, rad
         66    1.148E-01, -4.176E-02,  9.925E-01         F               0         Tower Z orientation angle, node 11, rad
         67   -3.829E-03                                 F               0         Tower X translation velocity, node 1, m/s
         68   -4.483E-03                                 F               0         Tower Y translation velocity, node 1, m/s
         69    4.298E-03                                 F               0         Tower Z translation velocity, node 1, m/s
         70   -3.554E-03                                 F               0         Tower X translation velocity, node 2, m/s
         71   -7.650E-03                                 F               0         Tower Y translation velocity, node 2, m/s
         72    4.133E-03                                 F               0         Tower Z translation velocity, node 2, m/s
         73   -3.280E-03                                 F               0         Tower X translation velocity, node 3, m/s
         74   -1.082E-02                                 F               0         Tower Y translation velocity, node 3, m/s
         75    3.968E-03                                 F               0         Tower Z translation velocity, node 3, m/s
         76   -3.006E-03                                 F               0         Tower X translation velocity, node 4, m/s
         77   -1.398E-02                                 F               0         Tower Y translation velocity, node 4, m/s
         78    3.803E-03                                 F               0         Tower Z translation velocity, node 4, m/s
         79   -2.732E-03                                 F               0         Tower X translation velocity, node 5, m/s
         80   -1.715E-02                                 F               0         Tower Y translation velocity, node 5, m/s
         81    3.638E-03                                 F               0         Tower Z translation velocity, node 5, m/s
         82   -2.457E-03                                 F               0         Tower X translation velocity, node 6, m/s
         83   -2.032E-02                                 F               0         Tower Y translation velocity, node 6, m/s
         84    3.473E-03                                 F               0         Tower Z translation velocity, node 6, m/s
         85   -2.183E-03                                 F               0         Tower X translation velocity, node 7, m/s
         86   -2.348E-02                                 F               0         Tower Y translation velocity, node 7, m/s
         87    3.308E-03                                 F               0         Tower Z translation velocity, node 7, m/s
         88   -1.909E-03                                 F               0         Tower X translation velocity, node 8, m/s
         89   -2.665E-02                                 F               0         Tower Y translation velocity, node 8, m/s
         90    3.143E-03                                 F               0         Tower Z translation velocity, node 8, m/s
         91   -1.635E-03                                 F               0         Tower X translation velocity, node 9, m/s
         92   -2.982E-02                                 F               0         Tower Y translation velocity, node 9, m/s
         93    2.978E-03                                 F               0         Tower Z translation velocity, node 9, m/s
         94   -1.360E-03                                 F               0         Tower X translation velocity, node 10, m/s
         95   -3.298E-02                                 F               0         Tower Y translation velocity, node 10, m/s
         96    2.813E-03                                 F               0         Tower Z translation velocity, node 10, m/s
         97   -1.086E-03                                 F               0         Tower X translation velocity, node 11, m/s
         98   -3.615E-02                                 F               0         Tower Y translation velocity, node 11, m/s
         99    2.648E-03                                 F               0         Tower Z translation velocity, node 11, m/s
        100    2.613E+01                                 F               0         Hub X translation displacement, node 1, m
        101   -6.714E+00                                 F               0         Hub Y translation displacement, node 1, m
        102   -4.657E-02                                 F               0         Hub Z translation displacement, node 1, m
        103    9.759E-01,  1.411E-02, -2.176E-01         F               0         Hub X orientation angle, node 1, rad
        104   -1.056E-01, -8.424E-01, -5.284E-01         F               0         Hub Y orientation angle, node 1, rad
        105   -1.908E-01,  5.386E-01, -8.207E-01         F               0         Hub Z orientation angle, node 1, rad
        106    8.586E-01                                 F               0         Hub X rotation velocity, node 1, rad/s
        107    1.243E-02                                 F               0         Hub Y rotation velocity, node 1, rad/s
        108   -1.915E-01                                 F               0         Hub Z rotation velocity, node 1, rad/s
        109    9.786E-01,  3.909E-02, -2.019E-01         F               0         Blade root 1 X orientation angle, node 1, rad
        110   -7.664E-02, -8.416E-01, -5.346E-01         F               0         Blade root 1 Y orientation angle, node 1, rad
        111   -1.908E-01,  5.386E-01, -8.207E-01         F               0         Blade root 1 Z orientation angle, node 1, rad
        112    9.788E-01, -1.223E-02, -2.043E-01         F               0         Blade root 2 X orientation angle, node 1, rad
        113   -8.340E-02,  8.877E-01, -4.528E-01         F               0         Blade root 2 Y orientation angle, node 1, rad
        114    1.869E-01,  4.602E-01,  8.679E-01         F               0         Blade root 2 Z orientation angle, node 1, rad
        115    9.690E-01,  1.544E-02, -2.464E-01         F               0         Blade root 3 X orientation angle, node 1, rad
        116    2.469E-01, -4.481E-02,  9.680E-01         F               0         Blade root 3 Y orientation angle, node 1, rad
        117    3.904E-03, -9.989E-01, -4.724E-02         F               0         Blade root 3 Z orientation angle, node 1, rad
        118    2.450E+01                                 F               0         Blade 1 X translation displacement, node 1, m
        119   -3.730E+00                                 F               0         Blade 1 Y translation displacement, node 1, m
        120   -1.010E+01                                 F               0         Blade 1 Z translation displacement, node 1, m
        121    2.410E+01                                 F               0         Blade 1 X translation displacement, node 2, m
        122   -3.011E+00                                 F               0         Blade 1 Y translation displacement, node 2, m
        123   -1.253E+01                                 F               0         Blade 1 Z translation displacement, node 2, m
        124    1.874E+01                                 F               0         Blade 1 X translation displacement, node 3, m
        125    6.767E+00                                 F               0         Blade 1 Y translation displacement, node 3, m
        126   -4.548E+01                                 F               0         Blade 1 Z translation displacement, node 3, m
        127    1.760E+01                                 F               0         Blade 1 X translation displacement, node 4, m
        128    8.850E+00                                 F               0         Blade 1 Y translation displacement, node 4, m
        129   -5.250E+01                                 F               0         Blade 1 Z translation displacement, node 4, m
        130    1.646E+01                                 F               0         Blade 1 X translation displacement, node 5, m
        131    1.093E+01                                 F               0         Blade 1 Y translation displacement, node 5, m
        132   -5.952E+01                                 F               0         Blade 1 Z translation displacement, node 5, m
        133    1.531E+01                                 F               0         Blade 1 X translation displacement, node 6, m
        134    1.302E+01                                 F               0         Blade 1 Y translation displacement, node 6, m
        135   -6.654E+01                                 F               0         Blade 1 Z translation displacement, node 6, m
        136    1.417E+01                                 F               0         Blade 1 X translation displacement, node 7, m
        137    1.510E+01                                 F               0         Blade 1 Y translation displacement, node 7, m
        138   -7.356E+01                                 F               0         Blade 1 Z translation displacement, node 7, m
        139    1.303E+01                                 F               0         Blade 1 X translation displacement, node 8, m
        140    1.718E+01                                 F               0         Blade 1 Y translation displacement, node 8, m
        141   -8.058E+01                                 F               0         Blade 1 Z translation displacement, node 8, m
        142    1.189E+01                                 F               0         Blade 1 X translation displacement, node 9, m
        143    1.927E+01                                 F               0         Blade 1 Y translation displacement, node 9, m
        144   -8.760E+01                                 F               0         Blade 1 Z translation displacement, node 9, m
        145    1.075E+01                                 F               0         Blade 1 X translation displacement, node 10, m
        146    2.135E+01                                 F               0         Blade 1 Y translation displacement, node 10, m
        147   -9.462E+01                                 F               0         Blade 1 Z translation displacement, node 10, m
        148    9.604E+00                                 F               0         Blade 1 X translation displacement, node 11, m
        149    2.343E+01                                 F               0         Blade 1 Y translation displacement, node 11, m
        150   -1.016E+02                                 F               0         Blade 1 Z translation displacement, node 11, m
        151    8.461E+00                                 F               0         Blade 1 X translation displacement, node 12, m
        152    2.552E+01                                 F               0         Blade 1 Y translation displacement, node 12, m
        153   -1.087E+02                                 F               0         Blade 1 Z translation displacement, node 12, m
        154    7.319E+00                                 F               0         Blade 1 X translation displacement, node 13, m
        155    2.760E+01                                 F               0         Blade 1 Y translation displacement, node 13, m
        156   -1.157E+02                                 F               0         Blade 1 Z translation displacement, node 13, m
        157    6.177E+00                                 F               0         Blade 1 X translation displacement, node 14, m
        158    2.968E+01                                 F               0         Blade 1 Y translation displacement, node 14, m
        159   -1.227E+02                                 F               0         Blade 1 Z translation displacement, node 14, m
        160    5.035E+00                                 F               0         Blade 1 X translation displacement, node 15, m
        161    3.177E+01                                 F               0         Blade 1 Y translation displacement, node 15, m
        162   -1.297E+02                                 F               0         Blade 1 Z translation displacement, node 15, m
        163    3.893E+00                                 F               0         Blade 1 X translation displacement, node 16, m
        164    3.385E+01                                 F               0         Blade 1 Y translation displacement, node 16, m
        165   -1.367E+02                                 F               0         Blade 1 Z translation displacement, node 16, m
        166    2.750E+00                                 F               0         Blade 1 X translation displacement, node 17, m
        167    3.593E+01                                 F               0         Blade 1 Y translation displacement, node 17, m
        168   -1.438E+02                                 F               0         Blade 1 Z translation displacement, node 17, m
        169    1.608E+00                                 F               0         Blade 1 X translation displacement, node 18, m
        170    3.802E+01                                 F               0         Blade 1 Y translation displacement, node 18, m
        171   -1.508E+02                                 F               0         Blade 1 Z translation displacement, node 18, m
        172    4.660E-01                                 F               0         Blade 1 X translation displacement, node 19, m
        173    4.010E+01                                 F               0         Blade 1 Y translation displacement, node 19, m
        174   -1.578E+02                                 F               0         Blade 1 Z translation displacement, node 19, m
        175   -6.761E-01                                 F               0         Blade 1 X translation displacement, node 20, m
        176    4.218E+01                                 F               0         Blade 1 Y translation displacement, node 20, m
        177   -1.648E+02                                 F               0         Blade 1 Z translation displacement, node 20, m
        178   -1.818E+00                                 F               0         Blade 1 X translation displacement, node 21, m
        179    4.426E+01                                 F               0         Blade 1 Y translation displacement, node 21, m
        180   -1.718E+02                                 F               0         Blade 1 Z translation displacement, node 21, m
        181   -2.961E+00                                 F               0         Blade 1 X translation displacement, node 22, m
        182    4.635E+01                                 F               0         Blade 1 Y translation displacement, node 22, m
        183   -1.789E+02                                 F               0         Blade 1 Z translation displacement, node 22, m
        184   -4.103E+00                                 F               0         Blade 1 X translation displacement, node 23, m
        185    4.843E+01                                 F               0         Blade 1 Y translation displacement, node 23, m
        186   -1.859E+02                                 F               0         Blade 1 Z translation displacement, node 23, m
        187   -5.245E+00                                 F               0         Blade 1 X translation displacement, node 24, m
        188    5.051E+01                                 F               0         Blade 1 Y translation displacement, node 24, m
        189   -1.929E+02                                 F               0         Blade 1 Z translation displacement, node 24, m
        190   -6.387E+00                                 F               0         Blade 1 X translation displacement, node 25, m
        191    5.260E+01                                 F               0         Blade 1 Y translation displacement, node 25, m
        192   -1.999E+02                                 F               0         Blade 1 Z translation displacement, node 25, m
        193   -7.529E+00                                 F               0         Blade 1 X translation displacement, node 26, m
        194    5.468E+01                                 F               0         Blade 1 Y translation displacement, node 26, m
        195   -2.069E+02                                 F               0         Blade 1 Z translation displacement, node 26, m
        196   -8.671E+00                                 F               0         Blade 1 X translation displacement, node 27, m
        197    5.676E+01                                 F               0         Blade 1 Y translation displacement, node 27, m
        198   -2.140E+02                                 F               0         Blade 1 Z translation displacement, node 27, m
        199   -9.640E+00                                 F               0         Blade 1 X translation displacement, node 28, m
        200    5.853E+01                                 F               0         Blade 1 Y translation displacement, node 28, m
        201   -2.199E+02                                 F               0         Blade 1 Z translation displacement, node 28, m
        202    9.059E-01,  4.186E-01,  6.413E-02         F               0         Blade 1 X orientation angle, node 1, rad
        203    3.781E-01, -7.312E-01, -5.678E-01         F               0         Blade 1 Y orientation angle, node 1, rad
        204   -1.908E-01,  5.386E-01, -8.207E-01         F               0         Blade 1 Z orientation angle, node 1, rad
        205    9.059E-01,  4.186E-01,  6.413E-02         F               0         Blade 1 X orientation angle, node 2, rad
        206    3.781E-01, -7.312E-01, -5.678E-01         F               0         Blade 1 Y orientation angle, node 2, rad
        207   -1.908E-01,  5.386E-01, -8.207E-01         F               0         Blade 1 Z orientation angle, node 2, rad
        208    9.697E-01,  2.334E-01, -7.227E-02         F               0         Blade 1 X orientation angle, node 3, rad
        209    1.526E-01, -8.096E-01, -5.668E-01         F               0         Blade 1 Y orientation angle, node 3, rad
        210   -1.908E-01,  5.386E-01, -8.207E-01         F               0         Blade 1 Z orientation angle, node 3, rad
        211    9.753E-01,  1.990E-01, -9.614E-02         F               0         Blade 1 X orientation angle, node 4, rad
        212    1.115E-01, -8.187E-01, -5.633E-01         F               0         Blade 1 Y orientation angle, node 4, rad
        213   -1.908E-01,  5.386E-01, -8.207E-01         F               0         Blade 1 Z orientation angle, node 4, rad
        214    9.784E-01,  1.717E-01, -1.148E-01         F               0         Blade 1 X orientation angle, node 5, rad
        215    7.910E-02, -8.249E-01, -5.598E-01         F               0         Blade 1 Y orientation angle, node 5, rad
        216   -1.908E-01,  5.386E-01, -8.207E-01         F               0         Blade 1 Z orientation angle, node 5, rad
        217    9.802E-01,  1.498E-01, -1.296E-01         F               0         Blade 1 X orientation angle, node 6, rad
        218    5.312E-02, -8.291E-01, -5.565E-01         F               0         Blade 1 Y orientation angle, node 6, rad
        219   -1.908E-01,  5.386E-01, -8.207E-01         F               0         Blade 1 Z orientation angle, node 6, rad
        220    9.811E-01,  1.316E-01, -1.417E-01         F               0         Blade 1 X orientation angle, node 7, rad
        221    3.172E-02, -8.322E-01, -5.536E-01         F               0         Blade 1 Y orientation angle, node 7, rad
        222   -1.908E-01,  5.386E-01, -8.207E-01         F               0         Blade 1 Z orientation angle, node 7, rad
        223    9.815E-01,  1.165E-01, -1.517E-01         F               0         Blade 1 X orientation angle, node 8, rad
        224    1.391E-02, -8.344E-01, -5.509E-01         F               0         Blade 1 Y orientation angle, node 8, rad
        225   -1.908E-01,  5.386E-01, -8.207E-01         F               0         Blade 1 Z orientation angle, node 8, rad
        226    9.816E-01,  1.037E-01, -1.602E-01         F               0         Blade 1 X orientation angle, node 9, rad
        227   -1.166E-03, -8.361E-01, -5.485E-01         F               0         Blade 1 Y orientation angle, node 9, rad
        228   -1.908E-01,  5.386E-01, -8.207E-01         F               0         Blade 1 Z orientation angle, node 9, rad
        229    9.815E-01,  9.259E-02, -1.674E-01         F               0         Blade 1 X orientation angle, node 10, rad
        230   -1.419E-02, -8.374E-01, -5.463E-01         F               0         Blade 1 Y orientation angle, node 10, rad
        231   -1.908E-01,  5.386E-01, -8.207E-01         F               0         Blade 1 Z orientation angle, node 10, rad
        232    9.813E-01,  8.309E-02, -1.736E-01         F               0         Blade 1 X orientation angle, node 11, rad
        233   -2.532E-02, -8.384E-01, -5.444E-01         F               0         Blade 1 Y orientation angle, node 11, rad
        234   -1.908E-01,  5.386E-01, -8.207E-01         F               0         Blade 1 Z orientation angle, node 11, rad
        235    9.810E-01,  7.474E-02, -1.790E-01         F               0         Blade 1 X orientation angle, node 12, rad
        236   -3.508E-02, -8.392E-01, -5.427E-01         F               0         Blade 1 Y orientation angle, node 12, rad
        237   -1.908E-01,  5.386E-01, -8.207E-01         F               0         Blade 1 Z orientation angle, node 12, rad
        238    9.807E-01,  6.741E-02, -1.837E-01         F               0         Blade 1 X orientation angle, node 13, rad
        239   -4.364E-02, -8.398E-01, -5.411E-01         F               0         Blade 1 Y orientation angle, node 13, rad
        240   -1.908E-01,  5.386E-01, -8.207E-01         F               0         Blade 1 Z orientation angle, node 13, rad
        241    9.803E-01,  6.082E-02, -1.880E-01         F               0         Blade 1 X orientation angle, node 14, rad
        242   -5.134E-02, -8.403E-01, -5.396E-01         F               0         Blade 1 Y orientation angle, node 14, rad
        243   -1.908E-01,  5.386E-01, -8.207E-01         F               0         Blade 1 Z orientation angle, node 14, rad
        244    9.799E-01,  5.495E-02, -1.917E-01         F               0         Blade 1 X orientation angle, node 15, rad
        245   -5.818E-02, -8.408E-01, -5.383E-01         F               0         Blade 1 Y orientation angle, node 15, rad
        246   -1.908E-01,  5.386E-01, -8.207E-01         F               0         Blade 1 Z orientation angle, node 15, rad
        247    9.795E-01,  4.966E-02, -1.951E-01         F               0         Blade 1 X orientation angle, node 16, rad
        248   -6.434E-02, -8.411E-01, -5.371E-01         F               0         Blade 1 Y orientation angle, node 16, rad
        249   -1.908E-01,  5.386E-01, -8.207E-01         F               0         Blade 1 Z orientation angle, node 16, rad
        250    9.791E-01,  4.497E-02, -1.981E-01         F               0         Blade 1 X orientation angle, node 17, rad
        251   -6.981E-02, -8.413E-01, -5.360E-01         F               0         Blade 1 Y orientation angle, node 17, rad
        252   -1.908E-01,  5.386E-01, -8.207E-01         F               0         Blade 1 Z orientation angle, node 17, rad
        253    9.788E-01,  4.056E-02, -2.009E-01         F               0         Blade 1 X orientation angle, node 18, rad
        254   -7.494E-02, -8.416E-01, -5.349E-01         F               0         Blade 1 Y orientation angle, node 18, rad
        255   -1.908E-01,  5.386E-01, -8.207E-01         F               0         Blade 1 Z orientation angle, node 18, rad
        256    9.784E-01,  3.659E-02, -2.034E-01         F               0         Blade 1 X orientation angle, node 19, rad
        257   -7.955E-02, -8.417E-01, -5.340E-01         F               0         Blade 1 Y orientation angle, node 19, rad
        258   -1.908E-01,  5.386E-01, -8.207E-01         F               0         Blade 1 Z orientation angle, node 19, rad
        259    9.781E-01,  3.307E-02, -2.057E-01         F               0         Blade 1 X orientation angle, node 20, rad
        260   -8.364E-02, -8.419E-01, -5.331E-01         F               0         Blade 1 Y orientation angle, node 20, rad
        261   -1.908E-01,  5.386E-01, -8.207E-01         F               0         Blade 1 Z orientation angle, node 20, rad
        262    9.777E-01,  2.969E-02, -2.078E-01         F               0         Blade 1 X orientation angle, node 21, rad
        263   -8.757E-02, -8.420E-01, -5.323E-01         F               0         Blade 1 Y orientation angle, node 21, rad
        264   -1.908E-01,  5.386E-01, -8.207E-01         F               0         Blade 1 Z orientation angle, node 21, rad
        265    9.774E-01,  2.660E-02, -2.098E-01         F               0         Blade 1 X orientation angle, node 22, rad
        266   -9.115E-02, -8.421E-01, -5.315E-01         F               0         Blade 1 Y orientation angle, node 22, rad
        267   -1.908E-01,  5.386E-01, -8.207E-01         F               0         Blade 1 Z orientation angle, node 22, rad
        268    9.771E-01,  2.381E-02, -2.115E-01         F               0         Blade 1 X orientation angle, node 23, rad
        269   -9.439E-02, -8.422E-01, -5.308E-01         F               0         Blade 1 Y orientation angle, node 23, rad
        270   -1.908E-01,  5.386E-01, -8.207E-01         F               0         Blade 1 Z orientation angle, node 23, rad
        271    9.768E-01,  2.116E-02, -2.132E-01         F               0         Blade 1 X orientation angle, node 24, rad
        272   -9.746E-02, -8.423E-01, -5.302E-01         F               0         Blade 1 Y orientation angle, node 24, rad
        273   -1.908E-01,  5.386E-01, -8.207E-01         F               0         Blade 1 Z orientation angle, node 24, rad
        274    9.765E-01,  1.866E-02, -2.148E-01         F               0         Blade 1 X orientation angle, node 25, rad
        275   -1.004E-01, -8.423E-01, -5.295E-01         F               0         Blade 1 Y orientation angle, node 25, rad
        276   -1.908E-01,  5.386E-01, -8.207E-01         F               0         Blade 1 Z orientation angle, node 25, rad
        277    9.762E-01,  1.646E-02, -2.161E-01         F               0         Blade 1 X orientation angle, node 26, rad
        278   -1.029E-01, -8.424E-01, -5.290E-01         F               0         Blade 1 Y orientation angle, node 26, rad
        279   -1.908E-01,  5.386E-01, -8.207E-01         F               0         Blade 1 Z orientation angle, node 26, rad
        280    9.759E-01,  1.425E-02, -2.175E-01         F               0         Blade 1 X orientation angle, node 27, rad
        281   -1.055E-01, -8.424E-01, -5.284E-01         F               0         Blade 1 Y orientation angle, node 27, rad
        282   -1.908E-01,  5.386E-01, -8.207E-01         F               0         Blade 1 Z orientation angle, node 27, rad
        283    9.758E-01,  1.308E-02, -2.183E-01         F               0         Blade 1 X orientation angle, node 28, rad
        284   -1.068E-01, -8.424E-01, -5.281E-01         F               0         Blade 1 Y orientation angle, node 28, rad
        285   -1.908E-01,  5.386E-01, -8.207E-01         F               0         Blade 1 Z orientation angle, node 28, rad
        286    5.139E-01                                 F               0         Blade 1 X translation velocity, node 1, m/s
        287    4.068E+00                                 F               0         Blade 1 Y translation velocity, node 1, m/s
        288    2.578E+00                                 F               0         Blade 1 Z translation velocity, node 1, m/s
        289    6.380E-01                                 F               0         Blade 1 X translation velocity, node 2, m/s
        290    5.057E+00                                 F               0         Blade 1 Y translation velocity, node 2, m/s
        291    3.198E+00                                 F               0         Blade 1 Z translation velocity, node 2, m/s
        292    2.325E+00                                 F               0         Blade 1 X translation velocity, node 3, m/s
        293    1.851E+01                                 F               0         Blade 1 Y translation velocity, node 3, m/s
        294    1.164E+01                                 F               0         Blade 1 Z translation velocity, node 3, m/s
        295    2.684E+00                                 F               0         Blade 1 X translation velocity, node 4, m/s
        296    2.138E+01                                 F               0         Blade 1 Y translation velocity, node 4, m/s
        297    1.343E+01                                 F               0         Blade 1 Z translation velocity, node 4, m/s
        298    3.044E+00                                 F               0         Blade 1 X translation velocity, node 5, m/s
        299    2.424E+01                                 F               0         Blade 1 Y translation velocity, node 5, m/s
        300    1.523E+01                                 F               0         Blade 1 Z translation velocity, node 5, m/s
        301    3.403E+00                                 F               0         Blade 1 X translation velocity, node 6, m/s
        302    2.711E+01                                 F               0         Blade 1 Y translation velocity, node 6, m/s
        303    1.703E+01                                 F               0         Blade 1 Z translation velocity, node 6, m/s
        304    3.762E+00                                 F               0         Blade 1 X translation velocity, node 7, m/s
        305    2.998E+01                                 F               0         Blade 1 Y translation velocity, node 7, m/s
        306    1.883E+01                                 F               0         Blade 1 Z translation velocity, node 7, m/s
        307    4.122E+00                                 F               0         Blade 1 X translation velocity, node 8, m/s
