
Linearized model: Predictions were generated on 30-Jan-2024 at 18:20:32 using OpenFAST, compiled as a 64-bit application using single precision at commit v3.5.1
 linked with  NWTC Subroutine Library; ElastoDyn; InflowWind; AeroDyn; ServoDyn; HydroDyn; MAP++ (<1.20.10>, <Oct-20-2023>)

Description from the FAST input file: CCT-9 Campign 4 model. Input files to be run with OpenFAST 3.5.0. GitHub branch from Lu Wang (https://github.com/luwang00/openfast/tree/dev) compiled on March 7, 2023.

Simulation information:
   Simulation time:                   500.7500 s
   Rotor Speed:                         0.8796 rad/s
   Azimuth:                             5.8198 rad
   Wind Speed:                         10.0000 m/s
   Number of continuous states:         0
   Number of discrete states:           0
   Number of constraint states:         0
   Number of inputs:                 1746
   Number of outputs:                   4
   Jacobians included in this file?    No

Order of inputs:
     Column   Operating Point                     Rotating Frame? Derivative Order Description
   ---------- ---------------                     --------------- ---------------- -----------
          1    1.099E+01                                 F               0         Tower X translation displacement, node 1, m
          2   -1.126E+00                                 F               0         Tower Y translation displacement, node 1, m
          3   -3.097E-01                                 F               0         Tower Z translation displacement, node 1, m
          4    1.241E+01                                 F               0         Tower X translation displacement, node 2, m
          5   -1.641E+00                                 F               0         Tower Y translation displacement, node 2, m
          6   -4.020E-01                                 F               0         Tower Z translation displacement, node 2, m
          7    1.382E+01                                 F               0         Tower X translation displacement, node 3, m
          8   -2.155E+00                                 F               0         Tower Y translation displacement, node 3, m
          9   -4.944E-01                                 F               0         Tower Z translation displacement, node 3, m
         10    1.524E+01                                 F               0         Tower X translation displacement, node 4, m
         11   -2.670E+00                                 F               0         Tower Y translation displacement, node 4, m
         12   -5.867E-01                                 F               0         Tower Z translation displacement, node 4, m
         13    1.666E+01                                 F               0         Tower X translation displacement, node 5, m
         14   -3.184E+00                                 F               0         Tower Y translation displacement, node 5, m
         15   -6.790E-01                                 F               0         Tower Z translation displacement, node 5, m
         16    1.807E+01                                 F               0         Tower X translation displacement, node 6, m
         17   -3.698E+00                                 F               0         Tower Y translation displacement, node 6, m
         18   -7.714E-01                                 F               0         Tower Z translation displacement, node 6, m
         19    1.949E+01                                 F               0         Tower X translation displacement, node 7, m
         20   -4.213E+00                                 F               0         Tower Y translation displacement, node 7, m
         21   -8.637E-01                                 F               0         Tower Z translation displacement, node 7, m
         22    2.091E+01                                 F               0         Tower X translation displacement, node 8, m
         23   -4.727E+00                                 F               0         Tower Y translation displacement, node 8, m
         24   -9.560E-01                                 F               0         Tower Z translation displacement, node 8, m
         25    2.233E+01                                 F               0         Tower X translation displacement, node 9, m
         26   -5.242E+00                                 F               0         Tower Y translation displacement, node 9, m
         27   -1.048E+00                                 F               0         Tower Z translation displacement, node 9, m
         28    2.374E+01                                 F               0         Tower X translation displacement, node 10, m
         29   -5.756E+00                                 F               0         Tower Y translation displacement, node 10, m
         30   -1.141E+00                                 F               0         Tower Z translation displacement, node 10, m
         31    2.516E+01                                 F               0         Tower X translation displacement, node 11, m
         32   -6.271E+00                                 F               0         Tower Y translation displacement, node 11, m
         33   -1.233E+00                                 F               0         Tower Z translation displacement, node 11, m
         34    9.934E-01,  9.939E-03, -1.144E-01         F               0         Tower X orientation angle, node 1, rad
         35   -5.102E-03,  9.991E-01,  4.250E-02         F               0         Tower Y orientation angle, node 1, rad
         36    1.147E-01, -4.164E-02,  9.925E-01         F               0         Tower Z orientation angle, node 1, rad
         37    9.934E-01,  9.939E-03, -1.144E-01         F               0         Tower X orientation angle, node 2, rad
         38   -5.102E-03,  9.991E-01,  4.250E-02         F               0         Tower Y orientation angle, node 2, rad
         39    1.147E-01, -4.164E-02,  9.925E-01         F               0         Tower Z orientation angle, node 2, rad
         40    9.934E-01,  9.939E-03, -1.144E-01         F               0         Tower X orientation angle, node 3, rad
         41   -5.102E-03,  9.991E-01,  4.250E-02         F               0         Tower Y orientation angle, node 3, rad
         42    1.147E-01, -4.164E-02,  9.925E-01         F               0         Tower Z orientation angle, node 3, rad
         43    9.934E-01,  9.939E-03, -1.144E-01         F               0         Tower X orientation angle, node 4, rad
         44   -5.102E-03,  9.991E-01,  4.250E-02         F               0         Tower Y orientation angle, node 4, rad
         45    1.147E-01, -4.164E-02,  9.925E-01         F               0         Tower Z orientation angle, node 4, rad
         46    9.934E-01,  9.939E-03, -1.144E-01         F               0         Tower X orientation angle, node 5, rad
         47   -5.102E-03,  9.991E-01,  4.250E-02         F               0         Tower Y orientation angle, node 5, rad
         48    1.147E-01, -4.164E-02,  9.925E-01         F               0         Tower Z orientation angle, node 5, rad
         49    9.934E-01,  9.939E-03, -1.144E-01         F               0         Tower X orientation angle, node 6, rad
         50   -5.102E-03,  9.991E-01,  4.250E-02         F               0         Tower Y orientation angle, node 6, rad
         51    1.147E-01, -4.164E-02,  9.925E-01         F               0         Tower Z orientation angle, node 6, rad
         52    9.934E-01,  9.939E-03, -1.144E-01         F               0         Tower X orientation angle, node 7, rad
         53   -5.102E-03,  9.991E-01,  4.250E-02         F               0         Tower Y orientation angle, node 7, rad
         54    1.147E-01, -4.164E-02,  9.925E-01         F               0         Tower Z orientation angle, node 7, rad
         55    9.934E-01,  9.939E-03, -1.144E-01         F               0         Tower X orientation angle, node 8, rad
         56   -5.102E-03,  9.991E-01,  4.250E-02         F               0         Tower Y orientation angle, node 8, rad
         57    1.147E-01, -4.164E-02,  9.925E-01         F               0         Tower Z orientation angle, node 8, rad
         58    9.934E-01,  9.939E-03, -1.144E-01         F               0         Tower X orientation angle, node 9, rad
         59   -5.102E-03,  9.991E-01,  4.250E-02         F               0         Tower Y orientation angle, node 9, rad
         60    1.147E-01, -4.164E-02,  9.925E-01         F               0         Tower Z orientation angle, node 9, rad
         61    9.934E-01,  9.939E-03, -1.144E-01         F               0         Tower X orientation angle, node 10, rad
         62   -5.102E-03,  9.991E-01,  4.250E-02         F               0         Tower Y orientation angle, node 10, rad
         63    1.147E-01, -4.164E-02,  9.925E-01         F               0         Tower Z orientation angle, node 10, rad
         64    9.934E-01,  9.939E-03, -1.144E-01         F               0         Tower X orientation angle, node 11, rad
         65   -5.102E-03,  9.991E-01,  4.250E-02         F               0         Tower Y orientation angle, node 11, rad
         66    1.147E-01, -4.164E-02,  9.925E-01         F               0         Tower Z orientation angle, node 11, rad
         67   -2.611E-03                                 F               0         Tower X translation velocity, node 1, m/s
         68    5.333E-03                                 F               0         Tower Y translation velocity, node 1, m/s
         69   -8.354E-04                                 F               0         Tower Z translation velocity, node 1, m/s
         70   -2.416E-03                                 F               0         Tower X translation velocity, node 2, m/s
         71    7.300E-03                                 F               0         Tower Y translation velocity, node 2, m/s
         72   -7.754E-04                                 F               0         Tower Z translation velocity, node 2, m/s
         73   -2.220E-03                                 F               0         Tower X translation velocity, node 3, m/s
         74    9.266E-03                                 F               0         Tower Y translation velocity, node 3, m/s
         75   -7.155E-04                                 F               0         Tower Z translation velocity, node 3, m/s
         76   -2.025E-03                                 F               0         Tower X translation velocity, node 4, m/s
         77    1.123E-02                                 F               0         Tower Y translation velocity, node 4, m/s
         78   -6.555E-04                                 F               0         Tower Z translation velocity, node 4, m/s
         79   -1.830E-03                                 F               0         Tower X translation velocity, node 5, m/s
         80    1.320E-02                                 F               0         Tower Y translation velocity, node 5, m/s
         81   -5.956E-04                                 F               0         Tower Z translation velocity, node 5, m/s
         82   -1.635E-03                                 F               0         Tower X translation velocity, node 6, m/s
         83    1.517E-02                                 F               0         Tower Y translation velocity, node 6, m/s
         84   -5.357E-04                                 F               0         Tower Z translation velocity, node 6, m/s
         85   -1.440E-03                                 F               0         Tower X translation velocity, node 7, m/s
         86    1.713E-02                                 F               0         Tower Y translation velocity, node 7, m/s
         87   -4.757E-04                                 F               0         Tower Z translation velocity, node 7, m/s
         88   -1.244E-03                                 F               0         Tower X translation velocity, node 8, m/s
         89    1.910E-02                                 F               0         Tower Y translation velocity, node 8, m/s
         90   -4.158E-04                                 F               0         Tower Z translation velocity, node 8, m/s
         91   -1.049E-03                                 F               0         Tower X translation velocity, node 9, m/s
         92    2.107E-02                                 F               0         Tower Y translation velocity, node 9, m/s
         93   -3.559E-04                                 F               0         Tower Z translation velocity, node 9, m/s
         94   -8.538E-04                                 F               0         Tower X translation velocity, node 10, m/s
         95    2.303E-02                                 F               0         Tower Y translation velocity, node 10, m/s
         96   -2.959E-04                                 F               0         Tower Z translation velocity, node 10, m/s
         97   -6.586E-04                                 F               0         Tower X translation velocity, node 11, m/s
         98    2.500E-02                                 F               0         Tower Y translation velocity, node 11, m/s
         99   -2.360E-04                                 F               0         Tower Z translation velocity, node 11, m/s
        100    2.613E+01                                 F               0         Hub X translation displacement, node 1, m
        101   -6.705E+00                                 F               0         Hub Y translation displacement, node 1, m
        102   -5.627E-02                                 F               0         Hub Z translation displacement, node 1, m
        103    9.760E-01,  1.424E-02, -2.175E-01         F               0         Hub X orientation angle, node 1, rad
        104   -1.020E-01,  9.118E-01, -3.979E-01         F               0         Hub Y orientation angle, node 1, rad
        105    1.926E-01,  4.105E-01,  8.913E-01         F               0         Hub Z orientation angle, node 1, rad
        106    8.583E-01                                 F               0         Hub X rotation velocity, node 1, rad/s
        107    1.254E-02                                 F               0         Hub Y rotation velocity, node 1, rad/s
        108   -1.913E-01                                 F               0         Hub Z rotation velocity, node 1, rad/s
        109    9.786E-01, -1.282E-02, -2.056E-01         F               0         Blade root 1 X orientation angle, node 1, rad
        110   -7.297E-02,  9.118E-01, -4.041E-01         F               0         Blade root 1 Y orientation angle, node 1, rad
        111    1.926E-01,  4.105E-01,  8.913E-01         F               0         Blade root 1 Z orientation angle, node 1, rad
        112    9.691E-01,  1.721E-02, -2.462E-01         F               0         Blade root 2 X orientation angle, node 1, rad
        113    2.467E-01, -9.992E-02,  9.639E-01         F               0         Blade root 2 Y orientation angle, node 1, rad
        114   -8.014E-03, -9.948E-01, -1.011E-01         F               0         Blade root 2 Z orientation angle, node 1, rad
        115    9.790E-01,  3.830E-02, -2.004E-01         F               0         Blade root 3 X orientation angle, node 1, rad
        116   -8.685E-02, -8.106E-01, -5.791E-01         F               0         Blade root 3 Y orientation angle, node 1, rad
        117   -1.846E-01,  5.844E-01, -7.902E-01         F               0         Blade root 3 Z orientation angle, node 1, rad
        118    2.662E+01                                 F               0         Blade 1 X translation displacement, node 1, m
        119   -4.431E+00                                 F               0         Blade 1 Y translation displacement, node 1, m
        120   -6.282E-01                                 F               0         Blade 1 Z translation displacement, node 1, m
        121    2.674E+01                                 F               0         Blade 1 X translation displacement, node 2, m
        122   -3.883E+00                                 F               0         Blade 1 Y translation displacement, node 2, m
        123   -7.660E-01                                 F               0         Blade 1 Z translation displacement, node 2, m
        124    2.834E+01                                 F               0         Blade 1 X translation displacement, node 3, m
        125    3.568E+00                                 F               0         Blade 1 Y translation displacement, node 3, m
        126   -2.640E+00                                 F               0         Blade 1 Z translation displacement, node 3, m
        127    2.868E+01                                 F               0         Blade 1 X translation displacement, node 4, m
        128    5.156E+00                                 F               0         Blade 1 Y translation displacement, node 4, m
        129   -3.039E+00                                 F               0         Blade 1 Z translation displacement, node 4, m
        130    2.902E+01                                 F               0         Blade 1 X translation displacement, node 5, m
        131    6.744E+00                                 F               0         Blade 1 Y translation displacement, node 5, m
        132   -3.439E+00                                 F               0         Blade 1 Z translation displacement, node 5, m
        133    2.936E+01                                 F               0         Blade 1 X translation displacement, node 6, m
        134    8.331E+00                                 F               0         Blade 1 Y translation displacement, node 6, m
        135   -3.838E+00                                 F               0         Blade 1 Z translation displacement, node 6, m
        136    2.970E+01                                 F               0         Blade 1 X translation displacement, node 7, m
        137    9.919E+00                                 F               0         Blade 1 Y translation displacement, node 7, m
        138   -4.237E+00                                 F               0         Blade 1 Z translation displacement, node 7, m
        139    3.004E+01                                 F               0         Blade 1 X translation displacement, node 8, m
        140    1.151E+01                                 F               0         Blade 1 Y translation displacement, node 8, m
        141   -4.636E+00                                 F               0         Blade 1 Z translation displacement, node 8, m
        142    3.038E+01                                 F               0         Blade 1 X translation displacement, node 9, m
        143    1.309E+01                                 F               0         Blade 1 Y translation displacement, node 9, m
        144   -5.036E+00                                 F               0         Blade 1 Z translation displacement, node 9, m
        145    3.072E+01                                 F               0         Blade 1 X translation displacement, node 10, m
        146    1.468E+01                                 F               0         Blade 1 Y translation displacement, node 10, m
        147   -5.435E+00                                 F               0         Blade 1 Z translation displacement, node 10, m
        148    3.106E+01                                 F               0         Blade 1 X translation displacement, node 11, m
        149    1.627E+01                                 F               0         Blade 1 Y translation displacement, node 11, m
        150   -5.834E+00                                 F               0         Blade 1 Z translation displacement, node 11, m
        151    3.140E+01                                 F               0         Blade 1 X translation displacement, node 12, m
        152    1.786E+01                                 F               0         Blade 1 Y translation displacement, node 12, m
        153   -6.234E+00                                 F               0         Blade 1 Z translation displacement, node 12, m
        154    3.175E+01                                 F               0         Blade 1 X translation displacement, node 13, m
        155    1.944E+01                                 F               0         Blade 1 Y translation displacement, node 13, m
        156   -6.633E+00                                 F               0         Blade 1 Z translation displacement, node 13, m
        157    3.209E+01                                 F               0         Blade 1 X translation displacement, node 14, m
        158    2.103E+01                                 F               0         Blade 1 Y translation displacement, node 14, m
        159   -7.032E+00                                 F               0         Blade 1 Z translation displacement, node 14, m
        160    3.243E+01                                 F               0         Blade 1 X translation displacement, node 15, m
        161    2.262E+01                                 F               0         Blade 1 Y translation displacement, node 15, m
        162   -7.431E+00                                 F               0         Blade 1 Z translation displacement, node 15, m
        163    3.277E+01                                 F               0         Blade 1 X translation displacement, node 16, m
        164    2.421E+01                                 F               0         Blade 1 Y translation displacement, node 16, m
        165   -7.831E+00                                 F               0         Blade 1 Z translation displacement, node 16, m
        166    3.311E+01                                 F               0         Blade 1 X translation displacement, node 17, m
        167    2.579E+01                                 F               0         Blade 1 Y translation displacement, node 17, m
        168   -8.230E+00                                 F               0         Blade 1 Z translation displacement, node 17, m
        169    3.345E+01                                 F               0         Blade 1 X translation displacement, node 18, m
        170    2.738E+01                                 F               0         Blade 1 Y translation displacement, node 18, m
        171   -8.629E+00                                 F               0         Blade 1 Z translation displacement, node 18, m
        172    3.379E+01                                 F               0         Blade 1 X translation displacement, node 19, m
        173    2.897E+01                                 F               0         Blade 1 Y translation displacement, node 19, m
        174   -9.029E+00                                 F               0         Blade 1 Z translation displacement, node 19, m
        175    3.413E+01                                 F               0         Blade 1 X translation displacement, node 20, m
        176    3.056E+01                                 F               0         Blade 1 Y translation displacement, node 20, m
        177   -9.428E+00                                 F               0         Blade 1 Z translation displacement, node 20, m
        178    3.447E+01                                 F               0         Blade 1 X translation displacement, node 21, m
        179    3.215E+01                                 F               0         Blade 1 Y translation displacement, node 21, m
        180   -9.827E+00                                 F               0         Blade 1 Z translation displacement, node 21, m
        181    3.481E+01                                 F               0         Blade 1 X translation displacement, node 22, m
        182    3.373E+01                                 F               0         Blade 1 Y translation displacement, node 22, m
        183   -1.023E+01                                 F               0         Blade 1 Z translation displacement, node 22, m
        184    3.515E+01                                 F               0         Blade 1 X translation displacement, node 23, m
        185    3.532E+01                                 F               0         Blade 1 Y translation displacement, node 23, m
        186   -1.063E+01                                 F               0         Blade 1 Z translation displacement, node 23, m
        187    3.549E+01                                 F               0         Blade 1 X translation displacement, node 24, m
        188    3.691E+01                                 F               0         Blade 1 Y translation displacement, node 24, m
        189   -1.102E+01                                 F               0         Blade 1 Z translation displacement, node 24, m
        190    3.584E+01                                 F               0         Blade 1 X translation displacement, node 25, m
        191    3.850E+01                                 F               0         Blade 1 Y translation displacement, node 25, m
        192   -1.142E+01                                 F               0         Blade 1 Z translation displacement, node 25, m
        193    3.618E+01                                 F               0         Blade 1 X translation displacement, node 26, m
        194    4.008E+01                                 F               0         Blade 1 Y translation displacement, node 26, m
        195   -1.182E+01                                 F               0         Blade 1 Z translation displacement, node 26, m
        196    3.652E+01                                 F               0         Blade 1 X translation displacement, node 27, m
        197    4.167E+01                                 F               0         Blade 1 Y translation displacement, node 27, m
        198   -1.222E+01                                 F               0         Blade 1 Z translation displacement, node 27, m
        199    3.681E+01                                 F               0         Blade 1 X translation displacement, node 28, m
        200    4.302E+01                                 F               0         Blade 1 Y translation displacement, node 28, m
        201   -1.256E+01                                 F               0         Blade 1 Z translation displacement, node 28, m
        202    9.042E-01, -4.272E-01,  1.309E-03         F               0         Blade 1 X orientation angle, node 1, rad
        203    3.813E-01,  8.056E-01, -4.534E-01         F               0         Blade 1 Y orientation angle, node 1, rad
        204    1.926E-01,  4.105E-01,  8.913E-01         F               0         Blade 1 Z orientation angle, node 1, rad
        205    9.042E-01, -4.272E-01,  1.309E-03         F               0         Blade 1 X orientation angle, node 2, rad
        206    3.813E-01,  8.056E-01, -4.534E-01         F               0         Blade 1 Y orientation angle, node 2, rad
        207    1.926E-01,  4.105E-01,  8.913E-01         F               0         Blade 1 Z orientation angle, node 2, rad
        208    9.688E-01, -2.241E-01, -1.062E-01         F               0         Blade 1 X orientation angle, node 3, rad
        209    1.561E-01,  8.839E-01, -4.408E-01         F               0         Blade 1 Y orientation angle, node 3, rad
        210    1.926E-01,  4.105E-01,  8.913E-01         F               0         Blade 1 Z orientation angle, node 3, rad
        211    9.745E-01, -1.866E-01, -1.247E-01         F               0         Blade 1 X orientation angle, node 4, rad
        212    1.151E-01,  8.926E-01, -4.360E-01         F               0         Blade 1 Y orientation angle, node 4, rad
        213    1.926E-01,  4.105E-01,  8.913E-01         F               0         Blade 1 Z orientation angle, node 4, rad
        214    9.778E-01, -1.569E-01, -1.391E-01         F               0         Blade 1 X orientation angle, node 5, rad
        215    8.271E-02,  8.983E-01, -4.316E-01         F               0         Blade 1 Y orientation angle, node 5, rad
        216    1.926E-01,  4.105E-01,  8.913E-01         F               0         Blade 1 Z orientation angle, node 5, rad
        217    9.796E-01, -1.330E-01, -1.505E-01         F               0         Blade 1 X orientation angle, node 6, rad
        218    5.674E-02,  9.021E-01, -4.277E-01         F               0         Blade 1 Y orientation angle, node 6, rad
        219    1.926E-01,  4.105E-01,  8.913E-01         F               0         Blade 1 Z orientation angle, node 6, rad
        220    9.806E-01, -1.133E-01, -1.598E-01         F               0         Blade 1 X orientation angle, node 7, rad
        221    3.536E-02,  9.048E-01, -4.244E-01         F               0         Blade 1 Y orientation angle, node 7, rad
        222    1.926E-01,  4.105E-01,  8.913E-01         F               0         Blade 1 Z orientation angle, node 7, rad
        223    9.811E-01, -9.683E-02, -1.675E-01         F               0         Blade 1 X orientation angle, node 8, rad
        224    1.756E-02,  9.067E-01, -4.214E-01         F               0         Blade 1 Y orientation angle, node 8, rad
        225    1.926E-01,  4.105E-01,  8.913E-01         F               0         Blade 1 Z orientation angle, node 8, rad
        226    9.813E-01, -8.289E-02, -1.739E-01         F               0         Blade 1 X orientation angle, node 9, rad
        227    2.485E-03,  9.081E-01, -4.188E-01         F               0         Blade 1 Y orientation angle, node 9, rad
        228    1.926E-01,  4.105E-01,  8.913E-01         F               0         Blade 1 Z orientation angle, node 9, rad
        229    9.812E-01, -7.084E-02, -1.795E-01         F               0         Blade 1 X orientation angle, node 10, rad
        230   -1.053E-02,  9.091E-01, -4.164E-01         F               0         Blade 1 Y orientation angle, node 10, rad
        231    1.926E-01,  4.105E-01,  8.913E-01         F               0         Blade 1 Z orientation angle, node 10, rad
        232    9.810E-01, -6.052E-02, -1.842E-01         F               0         Blade 1 X orientation angle, node 11, rad
        233   -2.166E-02,  9.099E-01, -4.144E-01         F               0         Blade 1 Y orientation angle, node 11, rad
        234    1.926E-01,  4.105E-01,  8.913E-01         F               0         Blade 1 Z orientation angle, node 11, rad
        235    9.808E-01, -5.146E-02, -1.883E-01         F               0         Blade 1 X orientation angle, node 12, rad
        236   -3.142E-02,  9.104E-01, -4.125E-01         F               0         Blade 1 Y orientation angle, node 12, rad
        237    1.926E-01,  4.105E-01,  8.913E-01         F               0         Blade 1 Z orientation angle, node 12, rad
        238    9.805E-01, -4.352E-02, -1.919E-01         F               0         Blade 1 X orientation angle, node 13, rad
        239   -3.998E-02,  9.108E-01, -4.108E-01         F               0         Blade 1 Y orientation angle, node 13, rad
        240    1.926E-01,  4.105E-01,  8.913E-01         F               0         Blade 1 Z orientation angle, node 13, rad
        241    9.801E-01, -3.636E-02, -1.951E-01         F               0         Blade 1 X orientation angle, node 14, rad
        242   -4.768E-02,  9.111E-01, -4.093E-01         F               0         Blade 1 Y orientation angle, node 14, rad
        243    1.926E-01,  4.105E-01,  8.913E-01         F               0         Blade 1 Z orientation angle, node 14, rad
        244    9.798E-01, -3.000E-02, -1.980E-01         F               0         Blade 1 X orientation angle, node 15, rad
        245   -5.452E-02,  9.114E-01, -4.079E-01         F               0         Blade 1 Y orientation angle, node 15, rad
        246    1.926E-01,  4.105E-01,  8.913E-01         F               0         Blade 1 Z orientation angle, node 15, rad
        247    9.794E-01, -2.427E-02, -2.005E-01         F               0         Blade 1 X orientation angle, node 16, rad
        248   -6.067E-02,  9.115E-01, -4.067E-01         F               0         Blade 1 Y orientation angle, node 16, rad
        249    1.926E-01,  4.105E-01,  8.913E-01         F               0         Blade 1 Z orientation angle, node 16, rad
        250    9.790E-01, -1.918E-02, -2.028E-01         F               0         Blade 1 X orientation angle, node 17, rad
        251   -6.614E-02,  9.117E-01, -4.056E-01         F               0         Blade 1 Y orientation angle, node 17, rad
        252    1.926E-01,  4.105E-01,  8.913E-01         F               0         Blade 1 Z orientation angle, node 17, rad
        253    9.787E-01, -1.441E-02, -2.049E-01         F               0         Blade 1 X orientation angle, node 18, rad
        254   -7.127E-02,  9.118E-01, -4.045E-01         F               0         Blade 1 Y orientation angle, node 18, rad
        255    1.926E-01,  4.105E-01,  8.913E-01         F               0         Blade 1 Z orientation angle, node 18, rad
        256    9.783E-01, -1.011E-02, -2.068E-01         F               0         Blade 1 X orientation angle, node 19, rad
        257   -7.588E-02,  9.118E-01, -4.035E-01         F               0         Blade 1 Y orientation angle, node 19, rad
        258    1.926E-01,  4.105E-01,  8.913E-01         F               0         Blade 1 Z orientation angle, node 19, rad
        259    9.780E-01, -6.293E-03, -2.085E-01         F               0         Blade 1 X orientation angle, node 20, rad
        260   -7.997E-02,  9.118E-01, -4.027E-01         F               0         Blade 1 Y orientation angle, node 20, rad
        261    1.926E-01,  4.105E-01,  8.913E-01         F               0         Blade 1 Z orientation angle, node 20, rad
        262    9.777E-01, -2.632E-03, -2.101E-01         F               0         Blade 1 X orientation angle, node 21, rad
        263   -8.390E-02,  9.119E-01, -4.018E-01         F               0         Blade 1 Y orientation angle, node 21, rad
        264    1.926E-01,  4.105E-01,  8.913E-01         F               0         Blade 1 Z orientation angle, node 21, rad
        265    9.774E-01,  7.098E-04, -2.116E-01         F               0         Blade 1 X orientation angle, node 22, rad
        266   -8.748E-02,  9.119E-01, -4.011E-01         F               0         Blade 1 Y orientation angle, node 22, rad
        267    1.926E-01,  4.105E-01,  8.913E-01         F               0         Blade 1 Z orientation angle, node 22, rad
        268    9.771E-01,  3.734E-03, -2.129E-01         F               0         Blade 1 X orientation angle, node 23, rad
        269   -9.072E-02,  9.119E-01, -4.003E-01         F               0         Blade 1 Y orientation angle, node 23, rad
        270    1.926E-01,  4.105E-01,  8.913E-01         F               0         Blade 1 Z orientation angle, node 23, rad
        271    9.768E-01,  6.598E-03, -2.142E-01         F               0         Blade 1 X orientation angle, node 24, rad
        272   -9.379E-02,  9.118E-01, -3.997E-01         F               0         Blade 1 Y orientation angle, node 24, rad
        273    1.926E-01,  4.105E-01,  8.913E-01         F               0         Blade 1 Z orientation angle, node 24, rad
        274    9.765E-01,  9.304E-03, -2.154E-01         F               0         Blade 1 X orientation angle, node 25, rad
        275   -9.669E-02,  9.118E-01, -3.990E-01         F               0         Blade 1 Y orientation angle, node 25, rad
        276    1.926E-01,  4.105E-01,  8.913E-01         F               0         Blade 1 Z orientation angle, node 25, rad
        277    9.762E-01,  1.169E-02, -2.164E-01         F               0         Blade 1 X orientation angle, node 26, rad
        278   -9.925E-02,  9.118E-01, -3.985E-01         F               0         Blade 1 Y orientation angle, node 26, rad
        279    1.926E-01,  4.105E-01,  8.913E-01         F               0         Blade 1 Z orientation angle, node 26, rad
        280    9.760E-01,  1.408E-02, -2.174E-01         F               0         Blade 1 X orientation angle, node 27, rad
        281   -1.018E-01,  9.118E-01, -3.979E-01         F               0         Blade 1 Y orientation angle, node 27, rad
        282    1.926E-01,  4.105E-01,  8.913E-01         F               0         Blade 1 Z orientation angle, node 27, rad
        283    9.758E-01,  1.535E-02, -2.180E-01         F               0         Blade 1 X orientation angle, node 28, rad
        284   -1.032E-01,  9.117E-01, -3.976E-01         F               0         Blade 1 Y orientation angle, node 28, rad
        285    1.926E-01,  4.105E-01,  8.913E-01         F               0         Blade 1 Z orientation angle, node 28, rad
        286    4.965E-01                                 F               0         Blade 1 X translation velocity, node 1, m/s
        287   -4.416E+00                                 F               0         Blade 1 Y translation velocity, node 1, m/s
        288    1.939E+00                                 F               0         Blade 1 Z translation velocity, node 1, m/s
        289    6.162E-01                                 F               0         Blade 1 X translation velocity, node 2, m/s
        290   -5.486E+00                                 F               0         Blade 1 Y translation velocity, node 2, m/s
        291    2.406E+00                                 F               0         Blade 1 Z translation velocity, node 2, m/s
        292    2.245E+00                                 F               0         Blade 1 X translation velocity, node 3, m/s
        293   -2.004E+01                                 F               0         Blade 1 Y translation velocity, node 3, m/s
        294    8.757E+00                                 F               0         Blade 1 Z translation velocity, node 3, m/s
        295    2.592E+00                                 F               0         Blade 1 X translation velocity, node 4, m/s
        296   -2.314E+01                                 F               0         Blade 1 Y translation velocity, node 4, m/s
        297    1.011E+01                                 F               0         Blade 1 Z translation velocity, node 4, m/s
        298    2.939E+00                                 F               0         Blade 1 X translation velocity, node 5, m/s
        299   -2.625E+01                                 F               0         Blade 1 Y translation velocity, node 5, m/s
        300    1.146E+01                                 F               0         Blade 1 Z translation velocity, node 5, m/s
        301    3.286E+00                                 F               0         Blade 1 X translation velocity, node 6, m/s
        302   -2.935E+01                                 F               0         Blade 1 Y translation velocity, node 6, m/s
        303    1.282E+01                                 F               0         Blade 1 Z translation velocity, node 6, m/s
        304    3.633E+00                                 F               0         Blade 1 X translation velocity, node 7, m/s
        305   -3.245E+01                                 F               0         Blade 1 Y translation velocity, node 7, m/s
        306    1.417E+01                                 F               0         Blade 1 Z translation velocity, node 7, m/s
        307    3.980E+00                                 F               0         Blade 1 X translation velocity, node 8, m/s
