
Linearized model: Predictions were generated on 30-Jan-2024 at 18:20:32 using OpenFAST, compiled as a 64-bit application using single precision at commit v3.5.1
 linked with  NWTC Subroutine Library; ElastoDyn; InflowWind; AeroDyn; ServoDyn; HydroDyn; MAP++ (<1.20.10>, <Oct-20-2023>)

Description from the FAST input file: CCT-9 Campign 4 model. Input files to be run with OpenFAST 3.5.0. GitHub branch from Lu Wang (https://github.com/luwang00/openfast/tree/dev) compiled on March 7, 2023.

Simulation information:
   Simulation time:                   508.4000 s
   Rotor Speed:                         0.8792 rad/s
   Azimuth:                             6.2641 rad
   Wind Speed:                         10.0000 m/s
   Number of continuous states:         0
   Number of discrete states:           0
   Number of constraint states:         0
   Number of inputs:                 1746
   Number of outputs:                   4
   Jacobians included in this file?    No

Order of inputs:
     Column   Operating Point                     Rotating Frame? Derivative Order Description
   ---------- ---------------                     --------------- ---------------- -----------
          1    1.096E+01                                 F               0         Tower X translation displacement, node 1, m
          2   -1.139E+00                                 F               0         Tower Y translation displacement, node 1, m
          3   -2.877E-01                                 F               0         Tower Z translation displacement, node 1, m
          4    1.238E+01                                 F               0         Tower X translation displacement, node 2, m
          5   -1.667E+00                                 F               0         Tower Y translation displacement, node 2, m
          6   -3.808E-01                                 F               0         Tower Z translation displacement, node 2, m
          7    1.380E+01                                 F               0         Tower X translation displacement, node 3, m
          8   -2.194E+00                                 F               0         Tower Y translation displacement, node 3, m
          9   -4.739E-01                                 F               0         Tower Z translation displacement, node 3, m
         10    1.522E+01                                 F               0         Tower X translation displacement, node 4, m
         11   -2.722E+00                                 F               0         Tower Y translation displacement, node 4, m
         12   -5.670E-01                                 F               0         Tower Z translation displacement, node 4, m
         13    1.664E+01                                 F               0         Tower X translation displacement, node 5, m
         14   -3.250E+00                                 F               0         Tower Y translation displacement, node 5, m
         15   -6.601E-01                                 F               0         Tower Z translation displacement, node 5, m
         16    1.806E+01                                 F               0         Tower X translation displacement, node 6, m
         17   -3.778E+00                                 F               0         Tower Y translation displacement, node 6, m
         18   -7.533E-01                                 F               0         Tower Z translation displacement, node 6, m
         19    1.947E+01                                 F               0         Tower X translation displacement, node 7, m
         20   -4.306E+00                                 F               0         Tower Y translation displacement, node 7, m
         21   -8.464E-01                                 F               0         Tower Z translation displacement, node 7, m
         22    2.089E+01                                 F               0         Tower X translation displacement, node 8, m
         23   -4.834E+00                                 F               0         Tower Y translation displacement, node 8, m
         24   -9.395E-01                                 F               0         Tower Z translation displacement, node 8, m
         25    2.231E+01                                 F               0         Tower X translation displacement, node 9, m
         26   -5.362E+00                                 F               0         Tower Y translation displacement, node 9, m
         27   -1.033E+00                                 F               0         Tower Z translation displacement, node 9, m
         28    2.373E+01                                 F               0         Tower X translation displacement, node 10, m
         29   -5.890E+00                                 F               0         Tower Y translation displacement, node 10, m
         30   -1.126E+00                                 F               0         Tower Z translation displacement, node 10, m
         31    2.515E+01                                 F               0         Tower X translation displacement, node 11, m
         32   -6.418E+00                                 F               0         Tower Y translation displacement, node 11, m
         33   -1.219E+00                                 F               0         Tower Z translation displacement, node 11, m
         34    9.934E-01,  9.623E-03, -1.145E-01         F               0         Tower X orientation angle, node 1, rad
         35   -4.656E-03,  9.990E-01,  4.355E-02         F               0         Tower Y orientation angle, node 1, rad
         36    1.149E-01, -4.273E-02,  9.925E-01         F               0         Tower Z orientation angle, node 1, rad
         37    9.934E-01,  9.623E-03, -1.145E-01         F               0         Tower X orientation angle, node 2, rad
         38   -4.656E-03,  9.990E-01,  4.355E-02         F               0         Tower Y orientation angle, node 2, rad
         39    1.149E-01, -4.273E-02,  9.925E-01         F               0         Tower Z orientation angle, node 2, rad
         40    9.934E-01,  9.623E-03, -1.145E-01         F               0         Tower X orientation angle, node 3, rad
         41   -4.656E-03,  9.990E-01,  4.355E-02         F               0         Tower Y orientation angle, node 3, rad
         42    1.149E-01, -4.273E-02,  9.925E-01         F               0         Tower Z orientation angle, node 3, rad
         43    9.934E-01,  9.623E-03, -1.145E-01         F               0         Tower X orientation angle, node 4, rad
         44   -4.656E-03,  9.990E-01,  4.355E-02         F               0         Tower Y orientation angle, node 4, rad
         45    1.149E-01, -4.273E-02,  9.925E-01         F               0         Tower Z orientation angle, node 4, rad
         46    9.934E-01,  9.623E-03, -1.145E-01         F               0         Tower X orientation angle, node 5, rad
         47   -4.656E-03,  9.990E-01,  4.355E-02         F               0         Tower Y orientation angle, node 5, rad
         48    1.149E-01, -4.273E-02,  9.925E-01         F               0         Tower Z orientation angle, node 5, rad
         49    9.934E-01,  9.623E-03, -1.145E-01         F               0         Tower X orientation angle, node 6, rad
         50   -4.656E-03,  9.990E-01,  4.355E-02         F               0         Tower Y orientation angle, node 6, rad
         51    1.149E-01, -4.273E-02,  9.925E-01         F               0         Tower Z orientation angle, node 6, rad
         52    9.934E-01,  9.623E-03, -1.145E-01         F               0         Tower X orientation angle, node 7, rad
         53   -4.656E-03,  9.990E-01,  4.355E-02         F               0         Tower Y orientation angle, node 7, rad
         54    1.149E-01, -4.273E-02,  9.925E-01         F               0         Tower Z orientation angle, node 7, rad
         55    9.934E-01,  9.623E-03, -1.145E-01         F               0         Tower X orientation angle, node 8, rad
         56   -4.656E-03,  9.990E-01,  4.355E-02         F               0         Tower Y orientation angle, node 8, rad
         57    1.149E-01, -4.273E-02,  9.925E-01         F               0         Tower Z orientation angle, node 8, rad
         58    9.934E-01,  9.623E-03, -1.145E-01         F               0         Tower X orientation angle, node 9, rad
         59   -4.656E-03,  9.990E-01,  4.355E-02         F               0         Tower Y orientation angle, node 9, rad
         60    1.149E-01, -4.273E-02,  9.925E-01         F               0         Tower Z orientation angle, node 9, rad
         61    9.934E-01,  9.623E-03, -1.145E-01         F               0         Tower X orientation angle, node 10, rad
         62   -4.656E-03,  9.990E-01,  4.355E-02         F               0         Tower Y orientation angle, node 10, rad
         63    1.149E-01, -4.273E-02,  9.925E-01         F               0         Tower Z orientation angle, node 10, rad
         64    9.934E-01,  9.623E-03, -1.145E-01         F               0         Tower X orientation angle, node 11, rad
         65   -4.656E-03,  9.990E-01,  4.355E-02         F               0         Tower Y orientation angle, node 11, rad
         66    1.149E-01, -4.273E-02,  9.925E-01         F               0         Tower Z orientation angle, node 11, rad
         67   -4.846E-03                                 F               0         Tower X translation velocity, node 1, m/s
         68   -6.865E-03                                 F               0         Tower Y translation velocity, node 1, m/s
         69    2.894E-03                                 F               0         Tower Z translation velocity, node 1, m/s
         70   -4.796E-03                                 F               0         Tower X translation velocity, node 2, m/s
         71   -1.137E-02                                 F               0         Tower Y translation velocity, node 2, m/s
         72    2.695E-03                                 F               0         Tower Z translation velocity, node 2, m/s
         73   -4.746E-03                                 F               0         Tower X translation velocity, node 3, m/s
         74   -1.588E-02                                 F               0         Tower Y translation velocity, node 3, m/s
         75    2.495E-03                                 F               0         Tower Z translation velocity, node 3, m/s
         76   -4.696E-03                                 F               0         Tower X translation velocity, node 4, m/s
         77   -2.039E-02                                 F               0         Tower Y translation velocity, node 4, m/s
         78    2.295E-03                                 F               0         Tower Z translation velocity, node 4, m/s
         79   -4.646E-03                                 F               0         Tower X translation velocity, node 5, m/s
         80   -2.490E-02                                 F               0         Tower Y translation velocity, node 5, m/s
         81    2.095E-03                                 F               0         Tower Z translation velocity, node 5, m/s
         82   -4.596E-03                                 F               0         Tower X translation velocity, node 6, m/s
         83   -2.941E-02                                 F               0         Tower Y translation velocity, node 6, m/s
         84    1.895E-03                                 F               0         Tower Z translation velocity, node 6, m/s
         85   -4.546E-03                                 F               0         Tower X translation velocity, node 7, m/s
         86   -3.392E-02                                 F               0         Tower Y translation velocity, node 7, m/s
         87    1.695E-03                                 F               0         Tower Z translation velocity, node 7, m/s
         88   -4.496E-03                                 F               0         Tower X translation velocity, node 8, m/s
         89   -3.843E-02                                 F               0         Tower Y translation velocity, node 8, m/s
         90    1.495E-03                                 F               0         Tower Z translation velocity, node 8, m/s
         91   -4.446E-03                                 F               0         Tower X translation velocity, node 9, m/s
         92   -4.294E-02                                 F               0         Tower Y translation velocity, node 9, m/s
         93    1.295E-03                                 F               0         Tower Z translation velocity, node 9, m/s
         94   -4.396E-03                                 F               0         Tower X translation velocity, node 10, m/s
         95   -4.745E-02                                 F               0         Tower Y translation velocity, node 10, m/s
         96    1.095E-03                                 F               0         Tower Z translation velocity, node 10, m/s
         97   -4.346E-03                                 F               0         Tower X translation velocity, node 11, m/s
         98   -5.195E-02                                 F               0         Tower Y translation velocity, node 11, m/s
         99    8.954E-04                                 F               0         Tower Z translation velocity, node 11, m/s
        100    2.612E+01                                 F               0         Hub X translation displacement, node 1, m
        101   -6.857E+00                                 F               0         Hub Y translation displacement, node 1, m
        102   -4.087E-02                                 F               0         Hub Z translation displacement, node 1, m
        103    9.759E-01,  1.404E-02, -2.177E-01         F               0         Hub X orientation angle, node 1, rad
        104   -8.813E-03,  9.996E-01,  2.495E-02         F               0         Hub Y orientation angle, node 1, rad
        105    2.179E-01, -2.243E-02,  9.757E-01         F               0         Hub Z orientation angle, node 1, rad
        106    8.584E-01                                 F               0         Hub X rotation velocity, node 1, rad/s
        107    1.235E-02                                 F               0         Hub Y rotation velocity, node 1, rad/s
        108   -1.914E-01                                 F               0         Hub Z rotation velocity, node 1, rad/s
        109    9.758E-01, -1.563E-02, -2.183E-01         F               0         Blade root 1 X orientation angle, node 1, rad
        110    2.014E-02,  9.996E-01,  1.848E-02         F               0         Blade root 1 Y orientation angle, node 1, rad
        111    2.179E-01, -2.243E-02,  9.757E-01         F               0         Blade root 1 Z orientation angle, node 1, rad
        112    9.698E-01,  2.943E-02, -2.423E-01         F               0         Blade root 2 X orientation angle, node 1, rad
        113    2.220E-01, -5.186E-01,  8.257E-01         F               0         Blade root 2 Y orientation angle, node 1, rad
        114   -1.013E-01, -8.545E-01, -5.095E-01         F               0         Blade root 2 Z orientation angle, node 1, rad
        115    9.810E-01,  2.828E-02, -1.921E-01         F               0         Blade root 3 X orientation angle, node 1, rad
        116   -1.553E-01, -4.798E-01, -8.635E-01         F               0         Blade root 3 Y orientation angle, node 1, rad
        117   -1.166E-01,  8.769E-01, -4.662E-01         F               0         Blade root 3 Z orientation angle, node 1, rad
        118    2.675E+01                                 F               0         Blade 1 X translation displacement, node 1, m
        119   -6.981E+00                                 F               0         Blade 1 Y translation displacement, node 1, m
        120   -1.451E-01                                 F               0         Blade 1 Z translation displacement, node 1, m
        121    2.690E+01                                 F               0         Blade 1 X translation displacement, node 2, m
        122   -7.011E+00                                 F               0         Blade 1 Y translation displacement, node 2, m
        123   -1.702E-01                                 F               0         Blade 1 Z translation displacement, node 2, m
        124    2.896E+01                                 F               0         Blade 1 X translation displacement, node 3, m
        125   -7.418E+00                                 F               0         Blade 1 Y translation displacement, node 3, m
        126   -5.118E-01                                 F               0         Blade 1 Z translation displacement, node 3, m
        127    2.940E+01                                 F               0         Blade 1 X translation displacement, node 4, m
        128   -7.505E+00                                 F               0         Blade 1 Y translation displacement, node 4, m
        129   -5.846E-01                                 F               0         Blade 1 Z translation displacement, node 4, m
        130    2.984E+01                                 F               0         Blade 1 X translation displacement, node 5, m
        131   -7.592E+00                                 F               0         Blade 1 Y translation displacement, node 5, m
        132   -6.573E-01                                 F               0         Blade 1 Z translation displacement, node 5, m
        133    3.028E+01                                 F               0         Blade 1 X translation displacement, node 6, m
        134   -7.679E+00                                 F               0         Blade 1 Y translation displacement, node 6, m
        135   -7.301E-01                                 F               0         Blade 1 Z translation displacement, node 6, m
        136    3.072E+01                                 F               0         Blade 1 X translation displacement, node 7, m
        137   -7.766E+00                                 F               0         Blade 1 Y translation displacement, node 7, m
        138   -8.029E-01                                 F               0         Blade 1 Z translation displacement, node 7, m
        139    3.116E+01                                 F               0         Blade 1 X translation displacement, node 8, m
        140   -7.852E+00                                 F               0         Blade 1 Y translation displacement, node 8, m
        141   -8.757E-01                                 F               0         Blade 1 Z translation displacement, node 8, m
        142    3.159E+01                                 F               0         Blade 1 X translation displacement, node 9, m
        143   -7.939E+00                                 F               0         Blade 1 Y translation displacement, node 9, m
        144   -9.484E-01                                 F               0         Blade 1 Z translation displacement, node 9, m
        145    3.203E+01                                 F               0         Blade 1 X translation displacement, node 10, m
        146   -8.026E+00                                 F               0         Blade 1 Y translation displacement, node 10, m
        147   -1.021E+00                                 F               0         Blade 1 Z translation displacement, node 10, m
        148    3.247E+01                                 F               0         Blade 1 X translation displacement, node 11, m
        149   -8.113E+00                                 F               0         Blade 1 Y translation displacement, node 11, m
        150   -1.094E+00                                 F               0         Blade 1 Z translation displacement, node 11, m
        151    3.291E+01                                 F               0         Blade 1 X translation displacement, node 12, m
        152   -8.199E+00                                 F               0         Blade 1 Y translation displacement, node 12, m
        153   -1.167E+00                                 F               0         Blade 1 Z translation displacement, node 12, m
        154    3.335E+01                                 F               0         Blade 1 X translation displacement, node 13, m
        155   -8.286E+00                                 F               0         Blade 1 Y translation displacement, node 13, m
        156   -1.240E+00                                 F               0         Blade 1 Z translation displacement, node 13, m
        157    3.379E+01                                 F               0         Blade 1 X translation displacement, node 14, m
        158   -8.373E+00                                 F               0         Blade 1 Y translation displacement, node 14, m
        159   -1.312E+00                                 F               0         Blade 1 Z translation displacement, node 14, m
        160    3.423E+01                                 F               0         Blade 1 X translation displacement, node 15, m
        161   -8.460E+00                                 F               0         Blade 1 Y translation displacement, node 15, m
        162   -1.385E+00                                 F               0         Blade 1 Z translation displacement, node 15, m
        163    3.466E+01                                 F               0         Blade 1 X translation displacement, node 16, m
        164   -8.546E+00                                 F               0         Blade 1 Y translation displacement, node 16, m
        165   -1.458E+00                                 F               0         Blade 1 Z translation displacement, node 16, m
        166    3.510E+01                                 F               0         Blade 1 X translation displacement, node 17, m
        167   -8.633E+00                                 F               0         Blade 1 Y translation displacement, node 17, m
        168   -1.531E+00                                 F               0         Blade 1 Z translation displacement, node 17, m
        169    3.554E+01                                 F               0         Blade 1 X translation displacement, node 18, m
        170   -8.720E+00                                 F               0         Blade 1 Y translation displacement, node 18, m
        171   -1.603E+00                                 F               0         Blade 1 Z translation displacement, node 18, m
        172    3.598E+01                                 F               0         Blade 1 X translation displacement, node 19, m
        173   -8.807E+00                                 F               0         Blade 1 Y translation displacement, node 19, m
        174   -1.676E+00                                 F               0         Blade 1 Z translation displacement, node 19, m
        175    3.642E+01                                 F               0         Blade 1 X translation displacement, node 20, m
        176   -8.893E+00                                 F               0         Blade 1 Y translation displacement, node 20, m
        177   -1.749E+00                                 F               0         Blade 1 Z translation displacement, node 20, m
        178    3.686E+01                                 F               0         Blade 1 X translation displacement, node 21, m
        179   -8.980E+00                                 F               0         Blade 1 Y translation displacement, node 21, m
        180   -1.822E+00                                 F               0         Blade 1 Z translation displacement, node 21, m
        181    3.730E+01                                 F               0         Blade 1 X translation displacement, node 22, m
        182   -9.067E+00                                 F               0         Blade 1 Y translation displacement, node 22, m
        183   -1.895E+00                                 F               0         Blade 1 Z translation displacement, node 22, m
        184    3.773E+01                                 F               0         Blade 1 X translation displacement, node 23, m
        185   -9.154E+00                                 F               0         Blade 1 Y translation displacement, node 23, m
        186   -1.967E+00                                 F               0         Blade 1 Z translation displacement, node 23, m
        187    3.817E+01                                 F               0         Blade 1 X translation displacement, node 24, m
        188   -9.241E+00                                 F               0         Blade 1 Y translation displacement, node 24, m
        189   -2.040E+00                                 F               0         Blade 1 Z translation displacement, node 24, m
        190    3.861E+01                                 F               0         Blade 1 X translation displacement, node 25, m
        191   -9.327E+00                                 F               0         Blade 1 Y translation displacement, node 25, m
        192   -2.113E+00                                 F               0         Blade 1 Z translation displacement, node 25, m
        193    3.905E+01                                 F               0         Blade 1 X translation displacement, node 26, m
        194   -9.414E+00                                 F               0         Blade 1 Y translation displacement, node 26, m
        195   -2.186E+00                                 F               0         Blade 1 Z translation displacement, node 26, m
        196    3.949E+01                                 F               0         Blade 1 X translation displacement, node 27, m
        197   -9.501E+00                                 F               0         Blade 1 Y translation displacement, node 27, m
        198   -2.258E+00                                 F               0         Blade 1 Z translation displacement, node 27, m
        199    3.986E+01                                 F               0         Blade 1 X translation displacement, node 28, m
        200   -9.574E+00                                 F               0         Blade 1 Y translation displacement, node 28, m
        201   -2.320E+00                                 F               0         Blade 1 Z translation displacement, node 28, m
        202    8.592E-01, -4.697E-01, -2.027E-01         F               0         Blade 1 X orientation angle, node 1, rad
        203    4.629E-01,  8.825E-01, -8.310E-02         F               0         Blade 1 Y orientation angle, node 1, rad
        204    2.179E-01, -2.243E-02,  9.757E-01         F               0         Blade 1 Z orientation angle, node 1, rad
        205    8.592E-01, -4.697E-01, -2.027E-01         F               0         Blade 1 X orientation angle, node 2, rad
        206    4.629E-01,  8.825E-01, -8.310E-02         F               0         Blade 1 Y orientation angle, node 2, rad
        207    2.179E-01, -2.243E-02,  9.757E-01         F               0         Blade 1 Z orientation angle, node 2, rad
        208    9.444E-01, -2.472E-01, -2.166E-01         F               0         Blade 1 X orientation angle, node 3, rad
        209    2.461E-01,  9.687E-01, -3.269E-02         F               0         Blade 1 Y orientation angle, node 3, rad
        210    2.179E-01, -2.243E-02,  9.757E-01         F               0         Blade 1 Z orientation angle, node 3, rad
        211    9.540E-01, -2.061E-01, -2.178E-01         F               0         Blade 1 X orientation angle, node 4, rad
        212    2.060E-01,  9.783E-01, -2.351E-02         F               0         Blade 1 Y orientation angle, node 4, rad
        213    2.179E-01, -2.243E-02,  9.757E-01         F               0         Blade 1 Z orientation angle, node 4, rad
        214    9.603E-01, -1.735E-01, -2.185E-01         F               0         Blade 1 X orientation angle, node 5, rad
        215    1.742E-01,  9.846E-01, -1.628E-02         F               0         Blade 1 Y orientation angle, node 5, rad
        216    2.179E-01, -2.243E-02,  9.757E-01         F               0         Blade 1 Z orientation angle, node 5, rad
        217    9.646E-01, -1.474E-01, -2.188E-01         F               0         Blade 1 X orientation angle, node 6, rad
        218    1.487E-01,  9.888E-01, -1.047E-02         F               0         Blade 1 Y orientation angle, node 6, rad
        219    2.179E-01, -2.243E-02,  9.757E-01         F               0         Blade 1 Z orientation angle, node 6, rad
        220    9.676E-01, -1.257E-01, -2.190E-01         F               0         Blade 1 X orientation angle, node 7, rad
        221    1.276E-01,  9.918E-01, -5.698E-03         F               0         Blade 1 Y orientation angle, node 7, rad
        222    2.179E-01, -2.243E-02,  9.757E-01         F               0         Blade 1 Z orientation angle, node 7, rad
        223    9.697E-01, -1.077E-01, -2.191E-01         F               0         Blade 1 X orientation angle, node 8, rad
        224    1.100E-01,  9.939E-01, -1.722E-03         F               0         Blade 1 Y orientation angle, node 8, rad
        225    2.179E-01, -2.243E-02,  9.757E-01         F               0         Blade 1 Z orientation angle, node 8, rad
        226    9.713E-01, -9.244E-02, -2.191E-01         F               0         Blade 1 X orientation angle, node 9, rad
        227    9.511E-02,  9.955E-01,  1.643E-03         F               0         Blade 1 Y orientation angle, node 9, rad
        228    2.179E-01, -2.243E-02,  9.757E-01         F               0         Blade 1 Z orientation angle, node 9, rad
        229    9.725E-01, -7.923E-02, -2.190E-01         F               0         Blade 1 X orientation angle, node 10, rad
        230    8.222E-02,  9.966E-01,  4.549E-03         F               0         Blade 1 Y orientation angle, node 10, rad
        231    2.179E-01, -2.243E-02,  9.757E-01         F               0         Blade 1 Z orientation angle, node 10, rad
        232    9.734E-01, -6.792E-02, -2.190E-01         F               0         Blade 1 X orientation angle, node 11, rad
        233    7.118E-02,  9.974E-01,  7.034E-03         F               0         Blade 1 Y orientation angle, node 11, rad
        234    2.179E-01, -2.243E-02,  9.757E-01         F               0         Blade 1 Z orientation angle, node 11, rad
        235    9.740E-01, -5.799E-02, -2.189E-01         F               0         Blade 1 X orientation angle, node 12, rad
        236    6.150E-02,  9.981E-01,  9.212E-03         F               0         Blade 1 Y orientation angle, node 12, rad
        237    2.179E-01, -2.243E-02,  9.757E-01         F               0         Blade 1 Z orientation angle, node 12, rad
        238    9.745E-01, -4.928E-02, -2.188E-01         F               0         Blade 1 X orientation angle, node 13, rad
        239    5.299E-02,  9.985E-01,  1.112E-02         F               0         Blade 1 Y orientation angle, node 13, rad
        240    2.179E-01, -2.243E-02,  9.757E-01         F               0         Blade 1 Z orientation angle, node 13, rad
        241    9.749E-01, -4.144E-02, -2.187E-01         F               0         Blade 1 X orientation angle, node 14, rad
        242    4.534E-02,  9.989E-01,  1.284E-02         F               0         Blade 1 Y orientation angle, node 14, rad
        243    2.179E-01, -2.243E-02,  9.757E-01         F               0         Blade 1 Z orientation angle, node 14, rad
        244    9.752E-01, -3.446E-02, -2.186E-01         F               0         Blade 1 X orientation angle, node 15, rad
        245    3.853E-02,  9.992E-01,  1.437E-02         F               0         Blade 1 Y orientation angle, node 15, rad
        246    2.179E-01, -2.243E-02,  9.757E-01         F               0         Blade 1 Z orientation angle, node 15, rad
        247    9.754E-01, -2.819E-02, -2.185E-01         F               0         Blade 1 X orientation angle, node 16, rad
        248    3.240E-02,  9.994E-01,  1.574E-02         F               0         Blade 1 Y orientation angle, node 16, rad
        249    2.179E-01, -2.243E-02,  9.757E-01         F               0         Blade 1 Z orientation angle, node 16, rad
        250    9.756E-01, -2.260E-02, -2.184E-01         F               0         Blade 1 X orientation angle, node 17, rad
        251    2.695E-02,  9.995E-01,  1.696E-02         F               0         Blade 1 Y orientation angle, node 17, rad
        252    2.179E-01, -2.243E-02,  9.757E-01         F               0         Blade 1 Z orientation angle, node 17, rad
        253    9.757E-01, -1.737E-02, -2.183E-01         F               0         Blade 1 X orientation angle, node 18, rad
        254    2.185E-02,  9.996E-01,  1.810E-02         F               0         Blade 1 Y orientation angle, node 18, rad
        255    2.179E-01, -2.243E-02,  9.757E-01         F               0         Blade 1 Z orientation angle, node 18, rad
        256    9.758E-01, -1.266E-02, -2.182E-01         F               0         Blade 1 X orientation angle, node 19, rad
        257    1.725E-02,  9.997E-01,  1.913E-02         F               0         Blade 1 Y orientation angle, node 19, rad
        258    2.179E-01, -2.243E-02,  9.757E-01         F               0         Blade 1 Z orientation angle, node 19, rad
        259    9.759E-01, -8.472E-03, -2.182E-01         F               0         Blade 1 X orientation angle, node 20, rad
        260    1.316E-02,  9.997E-01,  2.005E-02         F               0         Blade 1 Y orientation angle, node 20, rad
        261    2.179E-01, -2.243E-02,  9.757E-01         F               0         Blade 1 Z orientation angle, node 20, rad
        262    9.759E-01, -4.459E-03, -2.181E-01         F               0         Blade 1 X orientation angle, node 21, rad
        263    9.243E-03,  9.997E-01,  2.092E-02         F               0         Blade 1 Y orientation angle, node 21, rad
        264    2.179E-01, -2.243E-02,  9.757E-01         F               0         Blade 1 Z orientation angle, node 21, rad
        265    9.759E-01, -7.947E-04, -2.180E-01         F               0         Blade 1 X orientation angle, node 22, rad
        266    5.666E-03,  9.997E-01,  2.172E-02         F               0         Blade 1 Y orientation angle, node 22, rad
        267    2.179E-01, -2.243E-02,  9.757E-01         F               0         Blade 1 Z orientation angle, node 22, rad
        268    9.760E-01,  2.521E-03, -2.179E-01         F               0         Blade 1 X orientation angle, node 23, rad
        269    2.430E-03,  9.997E-01,  2.244E-02         F               0         Blade 1 Y orientation angle, node 23, rad
        270    2.179E-01, -2.243E-02,  9.757E-01         F               0         Blade 1 Z orientation angle, node 23, rad
        271    9.760E-01,  5.661E-03, -2.179E-01         F               0         Blade 1 X orientation angle, node 24, rad
        272   -6.366E-04,  9.997E-01,  2.313E-02         F               0         Blade 1 Y orientation angle, node 24, rad
        273    2.179E-01, -2.243E-02,  9.757E-01         F               0         Blade 1 Z orientation angle, node 24, rad
        274    9.760E-01,  8.628E-03, -2.178E-01         F               0         Blade 1 X orientation angle, node 25, rad
        275   -3.532E-03,  9.997E-01,  2.377E-02         F               0         Blade 1 Y orientation angle, node 25, rad
        276    2.179E-01, -2.243E-02,  9.757E-01         F               0         Blade 1 Z orientation angle, node 25, rad
        277    9.759E-01,  1.124E-02, -2.177E-01         F               0         Blade 1 X orientation angle, node 26, rad
        278   -6.087E-03,  9.997E-01,  2.434E-02         F               0         Blade 1 Y orientation angle, node 26, rad
        279    2.179E-01, -2.243E-02,  9.757E-01         F               0         Blade 1 Z orientation angle, node 26, rad
        280    9.759E-01,  1.386E-02, -2.177E-01         F               0         Blade 1 X orientation angle, node 27, rad
        281   -8.642E-03,  9.997E-01,  2.491E-02         F               0         Blade 1 Y orientation angle, node 27, rad
        282    2.179E-01, -2.243E-02,  9.757E-01         F               0         Blade 1 Z orientation angle, node 27, rad
        283    9.759E-01,  1.526E-02, -2.176E-01         F               0         Blade 1 X orientation angle, node 28, rad
        284   -1.000E-02,  9.996E-01,  2.522E-02         F               0         Blade 1 Y orientation angle, node 28, rad
        285    2.179E-01, -2.243E-02,  9.757E-01         F               0         Blade 1 Z orientation angle, node 28, rad
        286    3.864E-02                                 F               0         Blade 1 X translation velocity, node 1, m/s
        287   -4.925E+00                                 F               0         Blade 1 Y translation velocity, node 1, m/s
        288   -1.208E-01                                 F               0         Blade 1 Z translation velocity, node 1, m/s
        289    4.899E-02                                 F               0         Blade 1 X translation velocity, node 2, m/s
        290   -6.099E+00                                 F               0         Blade 1 Y translation velocity, node 2, m/s
        291   -1.501E-01                                 F               0         Blade 1 Z translation velocity, node 2, m/s
        292    1.897E-01                                 F               0         Blade 1 X translation velocity, node 3, m/s
        293   -2.206E+01                                 F               0         Blade 1 Y translation velocity, node 3, m/s
        294   -5.485E-01                                 F               0         Blade 1 Z translation velocity, node 3, m/s
        295    2.197E-01                                 F               0         Blade 1 X translation velocity, node 4, m/s
        296   -2.546E+01                                 F               0         Blade 1 Y translation velocity, node 4, m/s
        297   -6.334E-01                                 F               0         Blade 1 Z translation velocity, node 4, m/s
        298    2.497E-01                                 F               0         Blade 1 X translation velocity, node 5, m/s
        299   -2.886E+01                                 F               0         Blade 1 Y translation velocity, node 5, m/s
        300   -7.182E-01                                 F               0         Blade 1 Z translation velocity, node 5, m/s
        301    2.797E-01                                 F               0         Blade 1 X translation velocity, node 6, m/s
        302   -3.226E+01                                 F               0         Blade 1 Y translation velocity, node 6, m/s
        303   -8.031E-01                                 F               0         Blade 1 Z translation velocity, node 6, m/s
        304    3.097E-01                                 F               0         Blade 1 X translation velocity, node 7, m/s
        305   -3.566E+01                                 F               0         Blade 1 Y translation velocity, node 7, m/s
        306   -8.880E-01                                 F               0         Blade 1 Z translation velocity, node 7, m/s
        307    3.397E-01                                 F               0         Blade 1 X translation velocity, node 8, m/s
