
Linearized model: Predictions were generated on 30-Jan-2024 at 18:20:32 using OpenFAST, compiled as a 64-bit application using single precision at commit v3.5.1
 linked with  NWTC Subroutine Library; ElastoDyn; InflowWind; AeroDyn; ServoDyn; HydroDyn; MAP++ (<1.20.10>, <Oct-20-2023>)

Description from the FAST input file: CCT-9 Campign 4 model. Input files to be run with OpenFAST 3.5.0. GitHub branch from Lu Wang (https://github.com/luwang00/openfast/tree/dev) compiled on March 7, 2023.

Simulation information:
   Simulation time:                   508.1500 s
   Rotor Speed:                         0.8792 rad/s
   Azimuth:                             6.0443 rad
   Wind Speed:                         10.0000 m/s
   Number of continuous states:         0
   Number of discrete states:           0
   Number of constraint states:         0
   Number of inputs:                 1746
   Number of outputs:                   4
   Jacobians included in this file?    No

Order of inputs:
     Column   Operating Point                     Rotating Frame? Derivative Order Description
   ---------- ---------------                     --------------- ---------------- -----------
          1    1.096E+01                                 F               0         Tower X translation displacement, node 1, m
          2   -1.137E+00                                 F               0         Tower Y translation displacement, node 1, m
          3   -2.884E-01                                 F               0         Tower Z translation displacement, node 1, m
          4    1.238E+01                                 F               0         Tower X translation displacement, node 2, m
          5   -1.664E+00                                 F               0         Tower Y translation displacement, node 2, m
          6   -3.815E-01                                 F               0         Tower Z translation displacement, node 2, m
          7    1.380E+01                                 F               0         Tower X translation displacement, node 3, m
          8   -2.191E+00                                 F               0         Tower Y translation displacement, node 3, m
          9   -4.745E-01                                 F               0         Tower Z translation displacement, node 3, m
         10    1.522E+01                                 F               0         Tower X translation displacement, node 4, m
         11   -2.717E+00                                 F               0         Tower Y translation displacement, node 4, m
         12   -5.676E-01                                 F               0         Tower Z translation displacement, node 4, m
         13    1.664E+01                                 F               0         Tower X translation displacement, node 5, m
         14   -3.244E+00                                 F               0         Tower Y translation displacement, node 5, m
         15   -6.607E-01                                 F               0         Tower Z translation displacement, node 5, m
         16    1.806E+01                                 F               0         Tower X translation displacement, node 6, m
         17   -3.771E+00                                 F               0         Tower Y translation displacement, node 6, m
         18   -7.538E-01                                 F               0         Tower Z translation displacement, node 6, m
         19    1.948E+01                                 F               0         Tower X translation displacement, node 7, m
         20   -4.298E+00                                 F               0         Tower Y translation displacement, node 7, m
         21   -8.468E-01                                 F               0         Tower Z translation displacement, node 7, m
         22    2.089E+01                                 F               0         Tower X translation displacement, node 8, m
         23   -4.825E+00                                 F               0         Tower Y translation displacement, node 8, m
         24   -9.399E-01                                 F               0         Tower Z translation displacement, node 8, m
         25    2.231E+01                                 F               0         Tower X translation displacement, node 9, m
         26   -5.351E+00                                 F               0         Tower Y translation displacement, node 9, m
         27   -1.033E+00                                 F               0         Tower Z translation displacement, node 9, m
         28    2.373E+01                                 F               0         Tower X translation displacement, node 10, m
         29   -5.878E+00                                 F               0         Tower Y translation displacement, node 10, m
         30   -1.126E+00                                 F               0         Tower Z translation displacement, node 10, m
         31    2.515E+01                                 F               0         Tower X translation displacement, node 11, m
         32   -6.405E+00                                 F               0         Tower Y translation displacement, node 11, m
         33   -1.219E+00                                 F               0         Tower Z translation displacement, node 11, m
         34    9.934E-01,  9.639E-03, -1.145E-01         F               0         Tower X orientation angle, node 1, rad
         35   -4.682E-03,  9.990E-01,  4.346E-02         F               0         Tower Y orientation angle, node 1, rad
         36    1.149E-01, -4.264E-02,  9.925E-01         F               0         Tower Z orientation angle, node 1, rad
         37    9.934E-01,  9.639E-03, -1.145E-01         F               0         Tower X orientation angle, node 2, rad
         38   -4.682E-03,  9.990E-01,  4.346E-02         F               0         Tower Y orientation angle, node 2, rad
         39    1.149E-01, -4.264E-02,  9.925E-01         F               0         Tower Z orientation angle, node 2, rad
         40    9.934E-01,  9.639E-03, -1.145E-01         F               0         Tower X orientation angle, node 3, rad
         41   -4.682E-03,  9.990E-01,  4.346E-02         F               0         Tower Y orientation angle, node 3, rad
         42    1.149E-01, -4.264E-02,  9.925E-01         F               0         Tower Z orientation angle, node 3, rad
         43    9.934E-01,  9.639E-03, -1.145E-01         F               0         Tower X orientation angle, node 4, rad
         44   -4.682E-03,  9.990E-01,  4.346E-02         F               0         Tower Y orientation angle, node 4, rad
         45    1.149E-01, -4.264E-02,  9.925E-01         F               0         Tower Z orientation angle, node 4, rad
         46    9.934E-01,  9.639E-03, -1.145E-01         F               0         Tower X orientation angle, node 5, rad
         47   -4.682E-03,  9.990E-01,  4.346E-02         F               0         Tower Y orientation angle, node 5, rad
         48    1.149E-01, -4.264E-02,  9.925E-01         F               0         Tower Z orientation angle, node 5, rad
         49    9.934E-01,  9.639E-03, -1.145E-01         F               0         Tower X orientation angle, node 6, rad
         50   -4.682E-03,  9.990E-01,  4.346E-02         F               0         Tower Y orientation angle, node 6, rad
         51    1.149E-01, -4.264E-02,  9.925E-01         F               0         Tower Z orientation angle, node 6, rad
         52    9.934E-01,  9.639E-03, -1.145E-01         F               0         Tower X orientation angle, node 7, rad
         53   -4.682E-03,  9.990E-01,  4.346E-02         F               0         Tower Y orientation angle, node 7, rad
         54    1.149E-01, -4.264E-02,  9.925E-01         F               0         Tower Z orientation angle, node 7, rad
         55    9.934E-01,  9.639E-03, -1.145E-01         F               0         Tower X orientation angle, node 8, rad
         56   -4.682E-03,  9.990E-01,  4.346E-02         F               0         Tower Y orientation angle, node 8, rad
         57    1.149E-01, -4.264E-02,  9.925E-01         F               0         Tower Z orientation angle, node 8, rad
         58    9.934E-01,  9.639E-03, -1.145E-01         F               0         Tower X orientation angle, node 9, rad
         59   -4.682E-03,  9.990E-01,  4.346E-02         F               0         Tower Y orientation angle, node 9, rad
         60    1.149E-01, -4.264E-02,  9.925E-01         F               0         Tower Z orientation angle, node 9, rad
         61    9.934E-01,  9.639E-03, -1.145E-01         F               0         Tower X orientation angle, node 10, rad
         62   -4.682E-03,  9.990E-01,  4.346E-02         F               0         Tower Y orientation angle, node 10, rad
         63    1.149E-01, -4.264E-02,  9.925E-01         F               0         Tower Z orientation angle, node 10, rad
         64    9.934E-01,  9.639E-03, -1.145E-01         F               0         Tower X orientation angle, node 11, rad
         65   -4.682E-03,  9.990E-01,  4.346E-02         F               0         Tower Y orientation angle, node 11, rad
         66    1.149E-01, -4.264E-02,  9.925E-01         F               0         Tower Z orientation angle, node 11, rad
         67   -4.814E-03                                 F               0         Tower X translation velocity, node 1, m/s
         68   -6.868E-03                                 F               0         Tower Y translation velocity, node 1, m/s
         69    3.094E-03                                 F               0         Tower Z translation velocity, node 1, m/s
         70   -4.759E-03                                 F               0         Tower X translation velocity, node 2, m/s
         71   -1.137E-02                                 F               0         Tower Y translation velocity, node 2, m/s
         72    2.894E-03                                 F               0         Tower Z translation velocity, node 2, m/s
         73   -4.703E-03                                 F               0         Tower X translation velocity, node 3, m/s
         74   -1.587E-02                                 F               0         Tower Y translation velocity, node 3, m/s
         75    2.695E-03                                 F               0         Tower Z translation velocity, node 3, m/s
         76   -4.648E-03                                 F               0         Tower X translation velocity, node 4, m/s
         77   -2.036E-02                                 F               0         Tower Y translation velocity, node 4, m/s
         78    2.495E-03                                 F               0         Tower Z translation velocity, node 4, m/s
         79   -4.592E-03                                 F               0         Tower X translation velocity, node 5, m/s
         80   -2.486E-02                                 F               0         Tower Y translation velocity, node 5, m/s
         81    2.295E-03                                 F               0         Tower Z translation velocity, node 5, m/s
         82   -4.537E-03                                 F               0         Tower X translation velocity, node 6, m/s
         83   -2.936E-02                                 F               0         Tower Y translation velocity, node 6, m/s
         84    2.096E-03                                 F               0         Tower Z translation velocity, node 6, m/s
         85   -4.481E-03                                 F               0         Tower X translation velocity, node 7, m/s
         86   -3.386E-02                                 F               0         Tower Y translation velocity, node 7, m/s
         87    1.896E-03                                 F               0         Tower Z translation velocity, node 7, m/s
         88   -4.426E-03                                 F               0         Tower X translation velocity, node 8, m/s
         89   -3.836E-02                                 F               0         Tower Y translation velocity, node 8, m/s
         90    1.696E-03                                 F               0         Tower Z translation velocity, node 8, m/s
         91   -4.370E-03                                 F               0         Tower X translation velocity, node 9, m/s
         92   -4.285E-02                                 F               0         Tower Y translation velocity, node 9, m/s
         93    1.497E-03                                 F               0         Tower Z translation velocity, node 9, m/s
         94   -4.315E-03                                 F               0         Tower X translation velocity, node 10, m/s
         95   -4.735E-02                                 F               0         Tower Y translation velocity, node 10, m/s
         96    1.297E-03                                 F               0         Tower Z translation velocity, node 10, m/s
         97   -4.259E-03                                 F               0         Tower X translation velocity, node 11, m/s
         98   -5.185E-02                                 F               0         Tower Y translation velocity, node 11, m/s
         99    1.097E-03                                 F               0         Tower Z translation velocity, node 11, m/s
        100    2.612E+01                                 F               0         Hub X translation displacement, node 1, m
        101   -6.844E+00                                 F               0         Hub Y translation displacement, node 1, m
        102   -4.111E-02                                 F               0         Hub Z translation displacement, node 1, m
        103    9.759E-01,  1.404E-02, -2.177E-01         F               0         Hub X orientation angle, node 1, rad
        104   -5.614E-02,  9.805E-01, -1.885E-01         F               0         Hub Y orientation angle, node 1, rad
        105    2.108E-01,  1.962E-01,  9.577E-01         F               0         Hub Z orientation angle, node 1, rad
        106    8.584E-01                                 F               0         Hub X rotation velocity, node 1, rad/s
        107    1.236E-02                                 F               0         Hub Y rotation velocity, node 1, rad/s
        108   -1.915E-01                                 F               0         Hub Z rotation velocity, node 1, rad/s
        109    9.772E-01, -1.505E-02, -2.120E-01         F               0         Blade root 1 X orientation angle, node 1, rad
        110   -2.717E-02,  9.805E-01, -1.948E-01         F               0         Blade root 1 Y orientation angle, node 1, rad
        111    2.108E-01,  1.962E-01,  9.577E-01         F               0         Blade root 1 Z orientation angle, node 1, rad
        112    9.692E-01,  2.354E-02, -2.450E-01         F               0         Blade root 2 X orientation angle, node 1, rad
        113    2.395E-01, -3.198E-01,  9.167E-01         F               0         Blade root 2 Y orientation angle, node 1, rad
        114   -5.676E-02, -9.472E-01, -3.156E-01         F               0         Blade root 2 Z orientation angle, node 1, rad
        115    9.801E-01,  3.362E-02, -1.958E-01         F               0         Blade root 3 X orientation angle, node 1, rad
        116   -1.254E-01, -6.594E-01, -7.412E-01         F               0         Blade root 3 Y orientation angle, node 1, rad
        117   -1.540E-01,  7.510E-01, -6.421E-01         F               0         Blade root 3 Z orientation angle, node 1, rad
        118    2.671E+01                                 F               0         Blade 1 X translation displacement, node 1, m
        119   -5.757E+00                                 F               0         Blade 1 Y translation displacement, node 1, m
        120   -2.454E-01                                 F               0         Blade 1 Z translation displacement, node 1, m
        121    2.686E+01                                 F               0         Blade 1 X translation displacement, node 2, m
        122   -5.495E+00                                 F               0         Blade 1 Y translation displacement, node 2, m
        123   -2.946E-01                                 F               0         Blade 1 Z translation displacement, node 2, m
        124    2.878E+01                                 F               0         Blade 1 X translation displacement, node 3, m
        125   -1.934E+00                                 F               0         Blade 1 Y translation displacement, node 3, m
        126   -9.638E-01                                 F               0         Blade 1 Z translation displacement, node 3, m
        127    2.919E+01                                 F               0         Blade 1 X translation displacement, node 4, m
        128   -1.176E+00                                 F               0         Blade 1 Y translation displacement, node 4, m
        129   -1.106E+00                                 F               0         Blade 1 Z translation displacement, node 4, m
        130    2.961E+01                                 F               0         Blade 1 X translation displacement, node 5, m
        131   -4.171E-01                                 F               0         Blade 1 Y translation displacement, node 5, m
        132   -1.249E+00                                 F               0         Blade 1 Z translation displacement, node 5, m
        133    3.002E+01                                 F               0         Blade 1 X translation displacement, node 6, m
        134    3.416E-01                                 F               0         Blade 1 Y translation displacement, node 6, m
        135   -1.392E+00                                 F               0         Blade 1 Z translation displacement, node 6, m
        136    3.043E+01                                 F               0         Blade 1 X translation displacement, node 7, m
        137    1.100E+00                                 F               0         Blade 1 Y translation displacement, node 7, m
        138   -1.534E+00                                 F               0         Blade 1 Z translation displacement, node 7, m
        139    3.084E+01                                 F               0         Blade 1 X translation displacement, node 8, m
        140    1.859E+00                                 F               0         Blade 1 Y translation displacement, node 8, m
        141   -1.677E+00                                 F               0         Blade 1 Z translation displacement, node 8, m
        142    3.125E+01                                 F               0         Blade 1 X translation displacement, node 9, m
        143    2.618E+00                                 F               0         Blade 1 Y translation displacement, node 9, m
        144   -1.819E+00                                 F               0         Blade 1 Z translation displacement, node 9, m
        145    3.166E+01                                 F               0         Blade 1 X translation displacement, node 10, m
        146    3.376E+00                                 F               0         Blade 1 Y translation displacement, node 10, m
        147   -1.962E+00                                 F               0         Blade 1 Z translation displacement, node 10, m
        148    3.207E+01                                 F               0         Blade 1 X translation displacement, node 11, m
        149    4.135E+00                                 F               0         Blade 1 Y translation displacement, node 11, m
        150   -2.105E+00                                 F               0         Blade 1 Z translation displacement, node 11, m
        151    3.248E+01                                 F               0         Blade 1 X translation displacement, node 12, m
        152    4.894E+00                                 F               0         Blade 1 Y translation displacement, node 12, m
        153   -2.247E+00                                 F               0         Blade 1 Z translation displacement, node 12, m
        154    3.289E+01                                 F               0         Blade 1 X translation displacement, node 13, m
        155    5.652E+00                                 F               0         Blade 1 Y translation displacement, node 13, m
        156   -2.390E+00                                 F               0         Blade 1 Z translation displacement, node 13, m
        157    3.330E+01                                 F               0         Blade 1 X translation displacement, node 14, m
        158    6.411E+00                                 F               0         Blade 1 Y translation displacement, node 14, m
        159   -2.532E+00                                 F               0         Blade 1 Z translation displacement, node 14, m
        160    3.371E+01                                 F               0         Blade 1 X translation displacement, node 15, m
        161    7.170E+00                                 F               0         Blade 1 Y translation displacement, node 15, m
        162   -2.675E+00                                 F               0         Blade 1 Z translation displacement, node 15, m
        163    3.412E+01                                 F               0         Blade 1 X translation displacement, node 16, m
        164    7.928E+00                                 F               0         Blade 1 Y translation displacement, node 16, m
        165   -2.817E+00                                 F               0         Blade 1 Z translation displacement, node 16, m
        166    3.454E+01                                 F               0         Blade 1 X translation displacement, node 17, m
        167    8.687E+00                                 F               0         Blade 1 Y translation displacement, node 17, m
        168   -2.960E+00                                 F               0         Blade 1 Z translation displacement, node 17, m
        169    3.495E+01                                 F               0         Blade 1 X translation displacement, node 18, m
        170    9.446E+00                                 F               0         Blade 1 Y translation displacement, node 18, m
        171   -3.103E+00                                 F               0         Blade 1 Z translation displacement, node 18, m
        172    3.536E+01                                 F               0         Blade 1 X translation displacement, node 19, m
        173    1.020E+01                                 F               0         Blade 1 Y translation displacement, node 19, m
        174   -3.245E+00                                 F               0         Blade 1 Z translation displacement, node 19, m
        175    3.577E+01                                 F               0         Blade 1 X translation displacement, node 20, m
        176    1.096E+01                                 F               0         Blade 1 Y translation displacement, node 20, m
        177   -3.388E+00                                 F               0         Blade 1 Z translation displacement, node 20, m
        178    3.618E+01                                 F               0         Blade 1 X translation displacement, node 21, m
        179    1.172E+01                                 F               0         Blade 1 Y translation displacement, node 21, m
        180   -3.530E+00                                 F               0         Blade 1 Z translation displacement, node 21, m
        181    3.659E+01                                 F               0         Blade 1 X translation displacement, node 22, m
        182    1.248E+01                                 F               0         Blade 1 Y translation displacement, node 22, m
        183   -3.673E+00                                 F               0         Blade 1 Z translation displacement, node 22, m
        184    3.700E+01                                 F               0         Blade 1 X translation displacement, node 23, m
        185    1.324E+01                                 F               0         Blade 1 Y translation displacement, node 23, m
        186   -3.816E+00                                 F               0         Blade 1 Z translation displacement, node 23, m
        187    3.741E+01                                 F               0         Blade 1 X translation displacement, node 24, m
        188    1.400E+01                                 F               0         Blade 1 Y translation displacement, node 24, m
        189   -3.958E+00                                 F               0         Blade 1 Z translation displacement, node 24, m
        190    3.782E+01                                 F               0         Blade 1 X translation displacement, node 25, m
        191    1.476E+01                                 F               0         Blade 1 Y translation displacement, node 25, m
        192   -4.101E+00                                 F               0         Blade 1 Z translation displacement, node 25, m
        193    3.823E+01                                 F               0         Blade 1 X translation displacement, node 26, m
        194    1.552E+01                                 F               0         Blade 1 Y translation displacement, node 26, m
        195   -4.243E+00                                 F               0         Blade 1 Z translation displacement, node 26, m
        196    3.864E+01                                 F               0         Blade 1 X translation displacement, node 27, m
        197    1.627E+01                                 F               0         Blade 1 Y translation displacement, node 27, m
        198   -4.386E+00                                 F               0         Blade 1 Z translation displacement, node 27, m
        199    3.899E+01                                 F               0         Blade 1 X translation displacement, node 28, m
        200    1.692E+01                                 F               0         Blade 1 Y translation displacement, node 28, m
        201   -4.507E+00                                 F               0         Blade 1 Z translation displacement, node 28, m
        202    8.820E-01, -4.605E-01, -9.980E-02         F               0         Blade 1 X orientation angle, node 1, rad
        203    4.214E-01,  8.657E-01, -2.701E-01         F               0         Blade 1 Y orientation angle, node 1, rad
        204    2.108E-01,  1.962E-01,  9.577E-01         F               0         Blade 1 Z orientation angle, node 1, rad
        205    8.820E-01, -4.605E-01, -9.980E-02         F               0         Blade 1 X orientation angle, node 2, rad
        206    4.214E-01,  8.657E-01, -2.701E-01         F               0         Blade 1 Y orientation angle, node 2, rad
        207    2.108E-01,  1.962E-01,  9.577E-01         F               0         Blade 1 Z orientation angle, node 2, rad
        208    9.568E-01, -2.422E-01, -1.610E-01         F               0         Blade 1 X orientation angle, node 3, rad
        209    2.004E-01,  9.502E-01, -2.387E-01         F               0         Blade 1 Y orientation angle, node 3, rad
        210    2.108E-01,  1.962E-01,  9.577E-01         F               0         Blade 1 Z orientation angle, node 3, rad
        211    9.644E-01, -2.019E-01, -1.709E-01         F               0         Blade 1 X orientation angle, node 4, rad
        212    1.598E-01,  9.596E-01, -2.317E-01         F               0         Blade 1 Y orientation angle, node 4, rad
        213    2.108E-01,  1.962E-01,  9.577E-01         F               0         Blade 1 Z orientation angle, node 4, rad
        214    9.692E-01, -1.699E-01, -1.785E-01         F               0         Blade 1 X orientation angle, node 5, rad
        215    1.277E-01,  9.657E-01, -2.259E-01         F               0         Blade 1 Y orientation angle, node 5, rad
        216    2.108E-01,  1.962E-01,  9.577E-01         F               0         Blade 1 Z orientation angle, node 5, rad
        217    9.722E-01, -1.443E-01, -1.844E-01         F               0         Blade 1 X orientation angle, node 6, rad
        218    1.020E-01,  9.699E-01, -2.211E-01         F               0         Blade 1 Y orientation angle, node 6, rad
        219    2.108E-01,  1.962E-01,  9.577E-01         F               0         Blade 1 Z orientation angle, node 6, rad
        220    9.742E-01, -1.231E-01, -1.892E-01         F               0         Blade 1 X orientation angle, node 7, rad
        221    8.074E-02,  9.728E-01, -2.170E-01         F               0         Blade 1 Y orientation angle, node 7, rad
        222    2.108E-01,  1.962E-01,  9.577E-01         F               0         Blade 1 Z orientation angle, node 7, rad
        223    9.755E-01, -1.054E-01, -1.931E-01         F               0         Blade 1 X orientation angle, node 8, rad
        224    6.304E-02,  9.749E-01, -2.136E-01         F               0         Blade 1 Y orientation angle, node 8, rad
        225    2.108E-01,  1.962E-01,  9.577E-01         F               0         Blade 1 Z orientation angle, node 8, rad
        226    9.764E-01, -9.040E-02, -1.964E-01         F               0         Blade 1 X orientation angle, node 9, rad
        227    4.805E-02,  9.764E-01, -2.106E-01         F               0         Blade 1 Y orientation angle, node 9, rad
        228    2.108E-01,  1.962E-01,  9.577E-01         F               0         Blade 1 Z orientation angle, node 9, rad
        229    9.769E-01, -7.744E-02, -1.991E-01         F               0         Blade 1 X orientation angle, node 10, rad
        230    3.510E-02,  9.775E-01, -2.079E-01         F               0         Blade 1 Y orientation angle, node 10, rad
        231    2.108E-01,  1.962E-01,  9.577E-01         F               0         Blade 1 Z orientation angle, node 10, rad
        232    9.772E-01, -6.634E-02, -2.015E-01         F               0         Blade 1 X orientation angle, node 11, rad
        233    2.401E-02,  9.783E-01, -2.057E-01         F               0         Blade 1 Y orientation angle, node 11, rad
        234    2.108E-01,  1.962E-01,  9.577E-01         F               0         Blade 1 Z orientation angle, node 11, rad
        235    9.774E-01, -5.661E-02, -2.035E-01         F               0         Blade 1 X orientation angle, node 12, rad
        236    1.429E-02,  9.789E-01, -2.037E-01         F               0         Blade 1 Y orientation angle, node 12, rad
        237    2.108E-01,  1.962E-01,  9.577E-01         F               0         Blade 1 Z orientation angle, node 12, rad
        238    9.775E-01, -4.806E-02, -2.053E-01         F               0         Blade 1 X orientation angle, node 13, rad
        239    5.758E-03,  9.794E-01, -2.019E-01         F               0         Blade 1 Y orientation angle, node 13, rad
        240    2.108E-01,  1.962E-01,  9.577E-01         F               0         Blade 1 Z orientation angle, node 13, rad
        241    9.775E-01, -4.037E-02, -2.069E-01         F               0         Blade 1 X orientation angle, node 14, rad
        242   -1.919E-03,  9.797E-01, -2.003E-01         F               0         Blade 1 Y orientation angle, node 14, rad
        243    2.108E-01,  1.962E-01,  9.577E-01         F               0         Blade 1 Z orientation angle, node 14, rad
        244    9.775E-01, -3.353E-02, -2.083E-01         F               0         Blade 1 X orientation angle, node 15, rad
        245   -8.744E-03,  9.800E-01, -1.988E-01         F               0         Blade 1 Y orientation angle, node 15, rad
        246    2.108E-01,  1.962E-01,  9.577E-01         F               0         Blade 1 Z orientation angle, node 15, rad
        247    9.774E-01, -2.737E-02, -2.095E-01         F               0         Blade 1 X orientation angle, node 16, rad
        248   -1.489E-02,  9.802E-01, -1.975E-01         F               0         Blade 1 Y orientation angle, node 16, rad
        249    2.108E-01,  1.962E-01,  9.577E-01         F               0         Blade 1 Z orientation angle, node 16, rad
        250    9.773E-01, -2.189E-02, -2.106E-01         F               0         Blade 1 X orientation angle, node 17, rad
        251   -2.034E-02,  9.803E-01, -1.963E-01         F               0         Blade 1 Y orientation angle, node 17, rad
        252    2.108E-01,  1.962E-01,  9.577E-01         F               0         Blade 1 Z orientation angle, node 17, rad
        253    9.772E-01, -1.676E-02, -2.116E-01         F               0         Blade 1 X orientation angle, node 18, rad
        254   -2.546E-02,  9.804E-01, -1.952E-01         F               0         Blade 1 Y orientation angle, node 18, rad
        255    2.108E-01,  1.962E-01,  9.577E-01         F               0         Blade 1 Z orientation angle, node 18, rad
        256    9.771E-01, -1.214E-02, -2.125E-01         F               0         Blade 1 X orientation angle, node 19, rad
        257   -3.007E-02,  9.805E-01, -1.942E-01         F               0         Blade 1 Y orientation angle, node 19, rad
        258    2.108E-01,  1.962E-01,  9.577E-01         F               0         Blade 1 Z orientation angle, node 19, rad
        259    9.769E-01, -8.034E-03, -2.134E-01         F               0         Blade 1 X orientation angle, node 20, rad
        260   -3.416E-02,  9.805E-01, -1.933E-01         F               0         Blade 1 Y orientation angle, node 20, rad
        261    2.108E-01,  1.962E-01,  9.577E-01         F               0         Blade 1 Z orientation angle, node 20, rad
        262    9.768E-01, -4.098E-03, -2.141E-01         F               0         Blade 1 X orientation angle, node 21, rad
        263   -3.808E-02,  9.806E-01, -1.925E-01         F               0         Blade 1 Y orientation angle, node 21, rad
        264    2.108E-01,  1.962E-01,  9.577E-01         F               0         Blade 1 Z orientation angle, node 21, rad
        265    9.766E-01, -5.037E-04, -2.148E-01         F               0         Blade 1 X orientation angle, node 22, rad
        266   -4.166E-02,  9.806E-01, -1.917E-01         F               0         Blade 1 Y orientation angle, node 22, rad
        267    2.108E-01,  1.962E-01,  9.577E-01         F               0         Blade 1 Z orientation angle, node 22, rad
        268    9.765E-01,  2.748E-03, -2.155E-01         F               0         Blade 1 X orientation angle, node 23, rad
        269   -4.490E-02,  9.806E-01, -1.910E-01         F               0         Blade 1 Y orientation angle, node 23, rad
        270    2.108E-01,  1.962E-01,  9.577E-01         F               0         Blade 1 Z orientation angle, node 23, rad
        271    9.764E-01,  5.829E-03, -2.161E-01         F               0         Blade 1 X orientation angle, node 24, rad
        272   -4.797E-02,  9.806E-01, -1.903E-01         F               0         Blade 1 Y orientation angle, node 24, rad
        273    2.108E-01,  1.962E-01,  9.577E-01         F               0         Blade 1 Z orientation angle, node 24, rad
        274    9.762E-01,  8.738E-03, -2.166E-01         F               0         Blade 1 X orientation angle, node 25, rad
        275   -5.086E-02,  9.805E-01, -1.896E-01         F               0         Blade 1 Y orientation angle, node 25, rad
        276    2.108E-01,  1.962E-01,  9.577E-01         F               0         Blade 1 Z orientation angle, node 25, rad
        277    9.761E-01,  1.130E-02, -2.171E-01         F               0         Blade 1 X orientation angle, node 26, rad
        278   -5.342E-02,  9.805E-01, -1.891E-01         F               0         Blade 1 Y orientation angle, node 26, rad
        279    2.108E-01,  1.962E-01,  9.577E-01         F               0         Blade 1 Z orientation angle, node 26, rad
        280    9.759E-01,  1.387E-02, -2.176E-01         F               0         Blade 1 X orientation angle, node 27, rad
        281   -5.597E-02,  9.805E-01, -1.885E-01         F               0         Blade 1 Y orientation angle, node 27, rad
        282    2.108E-01,  1.962E-01,  9.577E-01         F               0         Blade 1 Z orientation angle, node 27, rad
        283    9.759E-01,  1.524E-02, -2.179E-01         F               0         Blade 1 X orientation angle, node 28, rad
        284   -5.734E-02,  9.805E-01, -1.882E-01         F               0         Blade 1 Y orientation angle, node 28, rad
        285    2.108E-01,  1.962E-01,  9.577E-01         F               0         Blade 1 Z orientation angle, node 28, rad
        286    2.694E-01                                 F               0         Blade 1 X translation velocity, node 1, m/s
        287   -4.832E+00                                 F               0         Blade 1 Y translation velocity, node 1, m/s
        288    9.194E-01                                 F               0         Blade 1 Z translation velocity, node 1, m/s
        289    3.353E-01                                 F               0         Blade 1 X translation velocity, node 2, m/s
        290   -5.983E+00                                 F               0         Blade 1 Y translation velocity, node 2, m/s
        291    1.141E+00                                 F               0         Blade 1 Z translation velocity, node 2, m/s
        292    1.232E+00                                 F               0         Blade 1 X translation velocity, node 3, m/s
        293   -2.164E+01                                 F               0         Blade 1 Y translation velocity, node 3, m/s
        294    4.150E+00                                 F               0         Blade 1 Z translation velocity, node 3, m/s
        295    1.423E+00                                 F               0         Blade 1 X translation velocity, node 4, m/s
        296   -2.497E+01                                 F               0         Blade 1 Y translation velocity, node 4, m/s
        297    4.791E+00                                 F               0         Blade 1 Z translation velocity, node 4, m/s
        298    1.614E+00                                 F               0         Blade 1 X translation velocity, node 5, m/s
        299   -2.831E+01                                 F               0         Blade 1 Y translation velocity, node 5, m/s
        300    5.432E+00                                 F               0         Blade 1 Z translation velocity, node 5, m/s
        301    1.805E+00                                 F               0         Blade 1 X translation velocity, node 6, m/s
        302   -3.164E+01                                 F               0         Blade 1 Y translation velocity, node 6, m/s
        303    6.074E+00                                 F               0         Blade 1 Z translation velocity, node 6, m/s
        304    1.996E+00                                 F               0         Blade 1 X translation velocity, node 7, m/s
        305   -3.498E+01                                 F               0         Blade 1 Y translation velocity, node 7, m/s
        306    6.715E+00                                 F               0         Blade 1 Z translation velocity, node 7, m/s
        307    2.187E+00                                 F               0         Blade 1 X translation velocity, node 8, m/s
