
Linearized model: Predictions were generated on 30-Jan-2024 at 18:20:32 using OpenFAST, compiled as a 64-bit application using single precision at commit v3.5.1
 linked with  NWTC Subroutine Library; ElastoDyn; InflowWind; AeroDyn; ServoDyn; HydroDyn; MAP++ (<1.20.10>, <Oct-20-2023>)

Description from the FAST input file: CCT-9 Campign 4 model. Input files to be run with OpenFAST 3.5.0. GitHub branch from Lu Wang (https://github.com/luwang00/openfast/tree/dev) compiled on March 7, 2023.

Simulation information:
   Simulation time:                   502.2250 s
   Rotor Speed:                         0.8794 rad/s
   Azimuth:                             0.8338 rad
   Wind Speed:                         10.0000 m/s
   Number of continuous states:         0
   Number of discrete states:           0
   Number of constraint states:         0
   Number of inputs:                 1746
   Number of outputs:                   4
   Jacobians included in this file?    No

Order of inputs:
     Column   Operating Point                     Rotating Frame? Derivative Order Description
   ---------- ---------------                     --------------- ---------------- -----------
          1    1.098E+01                                 F               0         Tower X translation displacement, node 1, m
          2   -1.120E+00                                 F               0         Tower Y translation displacement, node 1, m
          3   -3.093E-01                                 F               0         Tower Z translation displacement, node 1, m
          4    1.240E+01                                 F               0         Tower X translation displacement, node 2, m
          5   -1.632E+00                                 F               0         Tower Y translation displacement, node 2, m
          6   -4.016E-01                                 F               0         Tower Z translation displacement, node 2, m
          7    1.382E+01                                 F               0         Tower X translation displacement, node 3, m
          8   -2.144E+00                                 F               0         Tower Y translation displacement, node 3, m
          9   -4.939E-01                                 F               0         Tower Z translation displacement, node 3, m
         10    1.524E+01                                 F               0         Tower X translation displacement, node 4, m
         11   -2.657E+00                                 F               0         Tower Y translation displacement, node 4, m
         12   -5.862E-01                                 F               0         Tower Z translation displacement, node 4, m
         13    1.665E+01                                 F               0         Tower X translation displacement, node 5, m
         14   -3.169E+00                                 F               0         Tower Y translation displacement, node 5, m
         15   -6.785E-01                                 F               0         Tower Z translation displacement, node 5, m
         16    1.807E+01                                 F               0         Tower X translation displacement, node 6, m
         17   -3.681E+00                                 F               0         Tower Y translation displacement, node 6, m
         18   -7.708E-01                                 F               0         Tower Z translation displacement, node 6, m
         19    1.949E+01                                 F               0         Tower X translation displacement, node 7, m
         20   -4.194E+00                                 F               0         Tower Y translation displacement, node 7, m
         21   -8.631E-01                                 F               0         Tower Z translation displacement, node 7, m
         22    2.091E+01                                 F               0         Tower X translation displacement, node 8, m
         23   -4.706E+00                                 F               0         Tower Y translation displacement, node 8, m
         24   -9.553E-01                                 F               0         Tower Z translation displacement, node 8, m
         25    2.232E+01                                 F               0         Tower X translation displacement, node 9, m
         26   -5.218E+00                                 F               0         Tower Y translation displacement, node 9, m
         27   -1.048E+00                                 F               0         Tower Z translation displacement, node 9, m
         28    2.374E+01                                 F               0         Tower X translation displacement, node 10, m
         29   -5.731E+00                                 F               0         Tower Y translation displacement, node 10, m
         30   -1.140E+00                                 F               0         Tower Z translation displacement, node 10, m
         31    2.516E+01                                 F               0         Tower X translation displacement, node 11, m
         32   -6.243E+00                                 F               0         Tower Y translation displacement, node 11, m
         33   -1.232E+00                                 F               0         Tower Z translation displacement, node 11, m
         34    9.934E-01,  9.921E-03, -1.144E-01         F               0         Tower X orientation angle, node 1, rad
         35   -5.102E-03,  9.991E-01,  4.233E-02         F               0         Tower Y orientation angle, node 1, rad
         36    1.147E-01, -4.147E-02,  9.925E-01         F               0         Tower Z orientation angle, node 1, rad
         37    9.934E-01,  9.921E-03, -1.144E-01         F               0         Tower X orientation angle, node 2, rad
         38   -5.102E-03,  9.991E-01,  4.233E-02         F               0         Tower Y orientation angle, node 2, rad
         39    1.147E-01, -4.147E-02,  9.925E-01         F               0         Tower Z orientation angle, node 2, rad
         40    9.934E-01,  9.921E-03, -1.144E-01         F               0         Tower X orientation angle, node 3, rad
         41   -5.102E-03,  9.991E-01,  4.233E-02         F               0         Tower Y orientation angle, node 3, rad
         42    1.147E-01, -4.147E-02,  9.925E-01         F               0         Tower Z orientation angle, node 3, rad
         43    9.934E-01,  9.921E-03, -1.144E-01         F               0         Tower X orientation angle, node 4, rad
         44   -5.102E-03,  9.991E-01,  4.233E-02         F               0         Tower Y orientation angle, node 4, rad
         45    1.147E-01, -4.147E-02,  9.925E-01         F               0         Tower Z orientation angle, node 4, rad
         46    9.934E-01,  9.921E-03, -1.144E-01         F               0         Tower X orientation angle, node 5, rad
         47   -5.102E-03,  9.991E-01,  4.233E-02         F               0         Tower Y orientation angle, node 5, rad
         48    1.147E-01, -4.147E-02,  9.925E-01         F               0         Tower Z orientation angle, node 5, rad
         49    9.934E-01,  9.921E-03, -1.144E-01         F               0         Tower X orientation angle, node 6, rad
         50   -5.102E-03,  9.991E-01,  4.233E-02         F               0         Tower Y orientation angle, node 6, rad
         51    1.147E-01, -4.147E-02,  9.925E-01         F               0         Tower Z orientation angle, node 6, rad
         52    9.934E-01,  9.921E-03, -1.144E-01         F               0         Tower X orientation angle, node 7, rad
         53   -5.102E-03,  9.991E-01,  4.233E-02         F               0         Tower Y orientation angle, node 7, rad
         54    1.147E-01, -4.147E-02,  9.925E-01         F               0         Tower Z orientation angle, node 7, rad
         55    9.934E-01,  9.921E-03, -1.144E-01         F               0         Tower X orientation angle, node 8, rad
         56   -5.102E-03,  9.991E-01,  4.233E-02         F               0         Tower Y orientation angle, node 8, rad
         57    1.147E-01, -4.147E-02,  9.925E-01         F               0         Tower Z orientation angle, node 8, rad
         58    9.934E-01,  9.921E-03, -1.144E-01         F               0         Tower X orientation angle, node 9, rad
         59   -5.102E-03,  9.991E-01,  4.233E-02         F               0         Tower Y orientation angle, node 9, rad
         60    1.147E-01, -4.147E-02,  9.925E-01         F               0         Tower Z orientation angle, node 9, rad
         61    9.934E-01,  9.921E-03, -1.144E-01         F               0         Tower X orientation angle, node 10, rad
         62   -5.102E-03,  9.991E-01,  4.233E-02         F               0         Tower Y orientation angle, node 10, rad
         63    1.147E-01, -4.147E-02,  9.925E-01         F               0         Tower Z orientation angle, node 10, rad
         64    9.934E-01,  9.921E-03, -1.144E-01         F               0         Tower X orientation angle, node 11, rad
         65   -5.102E-03,  9.991E-01,  4.233E-02         F               0         Tower Y orientation angle, node 11, rad
         66    1.147E-01, -4.147E-02,  9.925E-01         F               0         Tower Z orientation angle, node 11, rad
         67   -2.949E-03                                 F               0         Tower X translation velocity, node 1, m/s
         68    3.512E-03                                 F               0         Tower Y translation velocity, node 1, m/s
         69    1.356E-03                                 F               0         Tower Z translation velocity, node 1, m/s
         70   -2.678E-03                                 F               0         Tower X translation velocity, node 2, m/s
         71    4.301E-03                                 F               0         Tower Y translation velocity, node 2, m/s
         72    1.357E-03                                 F               0         Tower Z translation velocity, node 2, m/s
         73   -2.407E-03                                 F               0         Tower X translation velocity, node 3, m/s
         74    5.091E-03                                 F               0         Tower Y translation velocity, node 3, m/s
         75    1.359E-03                                 F               0         Tower Z translation velocity, node 3, m/s
         76   -2.136E-03                                 F               0         Tower X translation velocity, node 4, m/s
         77    5.880E-03                                 F               0         Tower Y translation velocity, node 4, m/s
         78    1.361E-03                                 F               0         Tower Z translation velocity, node 4, m/s
         79   -1.866E-03                                 F               0         Tower X translation velocity, node 5, m/s
         80    6.669E-03                                 F               0         Tower Y translation velocity, node 5, m/s
         81    1.362E-03                                 F               0         Tower Z translation velocity, node 5, m/s
         82   -1.595E-03                                 F               0         Tower X translation velocity, node 6, m/s
         83    7.459E-03                                 F               0         Tower Y translation velocity, node 6, m/s
         84    1.364E-03                                 F               0         Tower Z translation velocity, node 6, m/s
         85   -1.324E-03                                 F               0         Tower X translation velocity, node 7, m/s
         86    8.248E-03                                 F               0         Tower Y translation velocity, node 7, m/s
         87    1.366E-03                                 F               0         Tower Z translation velocity, node 7, m/s
         88   -1.053E-03                                 F               0         Tower X translation velocity, node 8, m/s
         89    9.037E-03                                 F               0         Tower Y translation velocity, node 8, m/s
         90    1.368E-03                                 F               0         Tower Z translation velocity, node 8, m/s
         91   -7.827E-04                                 F               0         Tower X translation velocity, node 9, m/s
         92    9.826E-03                                 F               0         Tower Y translation velocity, node 9, m/s
         93    1.369E-03                                 F               0         Tower Z translation velocity, node 9, m/s
         94   -5.119E-04                                 F               0         Tower X translation velocity, node 10, m/s
         95    1.062E-02                                 F               0         Tower Y translation velocity, node 10, m/s
         96    1.371E-03                                 F               0         Tower Z translation velocity, node 10, m/s
         97   -2.411E-04                                 F               0         Tower X translation velocity, node 11, m/s
         98    1.140E-02                                 F               0         Tower Y translation velocity, node 11, m/s
         99    1.373E-03                                 F               0         Tower Z translation velocity, node 11, m/s
        100    2.613E+01                                 F               0         Hub X translation displacement, node 1, m
        101   -6.676E+00                                 F               0         Hub Y translation displacement, node 1, m
        102   -5.508E-02                                 F               0         Hub Z translation displacement, node 1, m
        103    9.759E-01,  1.420E-02, -2.175E-01         F               0         Hub X orientation angle, node 1, rad
        104    1.580E-01,  6.416E-01,  7.506E-01         F               0         Hub Y orientation angle, node 1, rad
        105    1.502E-01, -7.669E-01,  6.240E-01         F               0         Hub Z orientation angle, node 1, rad
        106    8.582E-01                                 F               0         Hub X rotation velocity, node 1, rad/s
        107    1.251E-02                                 F               0         Hub Y rotation velocity, node 1, rad/s
        108   -1.913E-01                                 F               0         Hub Z rotation velocity, node 1, rad/s
        109    9.708E-01, -4.840E-03, -2.397E-01         F               0         Blade root 1 X orientation angle, node 1, rad
        110    1.868E-01,  6.418E-01,  7.438E-01         F               0         Blade root 1 Y orientation angle, node 1, rad
        111    1.502E-01, -7.669E-01,  6.240E-01         F               0         Blade root 1 Z orientation angle, node 1, rad
        112    9.740E-01,  4.342E-02, -2.223E-01         F               0         Blade root 2 X orientation angle, node 1, rad
        113    8.006E-02, -9.841E-01,  1.586E-01         F               0         Blade root 2 Y orientation angle, node 1, rad
        114   -2.119E-01, -1.723E-01, -9.620E-01         F               0         Blade root 2 Z orientation angle, node 1, rad
        115    9.817E-01,  4.011E-03, -1.903E-01         F               0         Blade root 3 X orientation angle, node 1, rad
        116   -1.800E-01,  3.436E-01, -9.217E-01         F               0         Blade root 3 Y orientation angle, node 1, rad
        117    6.168E-02,  9.391E-01,  3.380E-01         F               0         Blade root 3 Z orientation angle, node 1, rad
        118    2.638E+01                                 F               0         Blade 1 X translation displacement, node 1, m
        119   -1.092E+01                                 F               0         Blade 1 Y translation displacement, node 1, m
        120   -2.108E+00                                 F               0         Blade 1 Z translation displacement, node 1, m
        121    2.645E+01                                 F               0         Blade 1 X translation displacement, node 2, m
        122   -1.195E+01                                 F               0         Blade 1 Y translation displacement, node 2, m
        123   -2.603E+00                                 F               0         Blade 1 Z translation displacement, node 2, m
        124    2.728E+01                                 F               0         Blade 1 X translation displacement, node 3, m
        125   -2.587E+01                                 F               0         Blade 1 Y translation displacement, node 3, m
        126   -9.329E+00                                 F               0         Blade 1 Z translation displacement, node 3, m
        127    2.745E+01                                 F               0         Blade 1 X translation displacement, node 4, m
        128   -2.883E+01                                 F               0         Blade 1 Y translation displacement, node 4, m
        129   -1.076E+01                                 F               0         Blade 1 Z translation displacement, node 4, m
        130    2.763E+01                                 F               0         Blade 1 X translation displacement, node 5, m
        131   -3.180E+01                                 F               0         Blade 1 Y translation displacement, node 5, m
        132   -1.220E+01                                 F               0         Blade 1 Z translation displacement, node 5, m
        133    2.781E+01                                 F               0         Blade 1 X translation displacement, node 6, m
        134   -3.477E+01                                 F               0         Blade 1 Y translation displacement, node 6, m
        135   -1.363E+01                                 F               0         Blade 1 Z translation displacement, node 6, m
        136    2.798E+01                                 F               0         Blade 1 X translation displacement, node 7, m
        137   -3.773E+01                                 F               0         Blade 1 Y translation displacement, node 7, m
        138   -1.506E+01                                 F               0         Blade 1 Z translation displacement, node 7, m
        139    2.816E+01                                 F               0         Blade 1 X translation displacement, node 8, m
        140   -4.070E+01                                 F               0         Blade 1 Y translation displacement, node 8, m
        141   -1.649E+01                                 F               0         Blade 1 Z translation displacement, node 8, m
        142    2.834E+01                                 F               0         Blade 1 X translation displacement, node 9, m
        143   -4.366E+01                                 F               0         Blade 1 Y translation displacement, node 9, m
        144   -1.793E+01                                 F               0         Blade 1 Z translation displacement, node 9, m
        145    2.851E+01                                 F               0         Blade 1 X translation displacement, node 10, m
        146   -4.663E+01                                 F               0         Blade 1 Y translation displacement, node 10, m
        147   -1.936E+01                                 F               0         Blade 1 Z translation displacement, node 10, m
        148    2.869E+01                                 F               0         Blade 1 X translation displacement, node 11, m
        149   -4.960E+01                                 F               0         Blade 1 Y translation displacement, node 11, m
        150   -2.079E+01                                 F               0         Blade 1 Z translation displacement, node 11, m
        151    2.887E+01                                 F               0         Blade 1 X translation displacement, node 12, m
        152   -5.256E+01                                 F               0         Blade 1 Y translation displacement, node 12, m
        153   -2.223E+01                                 F               0         Blade 1 Z translation displacement, node 12, m
        154    2.904E+01                                 F               0         Blade 1 X translation displacement, node 13, m
        155   -5.553E+01                                 F               0         Blade 1 Y translation displacement, node 13, m
        156   -2.366E+01                                 F               0         Blade 1 Z translation displacement, node 13, m
        157    2.922E+01                                 F               0         Blade 1 X translation displacement, node 14, m
        158   -5.849E+01                                 F               0         Blade 1 Y translation displacement, node 14, m
        159   -2.509E+01                                 F               0         Blade 1 Z translation displacement, node 14, m
        160    2.940E+01                                 F               0         Blade 1 X translation displacement, node 15, m
        161   -6.146E+01                                 F               0         Blade 1 Y translation displacement, node 15, m
        162   -2.653E+01                                 F               0         Blade 1 Z translation displacement, node 15, m
        163    2.957E+01                                 F               0         Blade 1 X translation displacement, node 16, m
        164   -6.443E+01                                 F               0         Blade 1 Y translation displacement, node 16, m
        165   -2.796E+01                                 F               0         Blade 1 Z translation displacement, node 16, m
        166    2.975E+01                                 F               0         Blade 1 X translation displacement, node 17, m
        167   -6.739E+01                                 F               0         Blade 1 Y translation displacement, node 17, m
        168   -2.939E+01                                 F               0         Blade 1 Z translation displacement, node 17, m
        169    2.993E+01                                 F               0         Blade 1 X translation displacement, node 18, m
        170   -7.036E+01                                 F               0         Blade 1 Y translation displacement, node 18, m
        171   -3.083E+01                                 F               0         Blade 1 Z translation displacement, node 18, m
        172    3.010E+01                                 F               0         Blade 1 X translation displacement, node 19, m
        173   -7.332E+01                                 F               0         Blade 1 Y translation displacement, node 19, m
        174   -3.226E+01                                 F               0         Blade 1 Z translation displacement, node 19, m
        175    3.028E+01                                 F               0         Blade 1 X translation displacement, node 20, m
        176   -7.629E+01                                 F               0         Blade 1 Y translation displacement, node 20, m
        177   -3.369E+01                                 F               0         Blade 1 Z translation displacement, node 20, m
        178    3.046E+01                                 F               0         Blade 1 X translation displacement, node 21, m
        179   -7.926E+01                                 F               0         Blade 1 Y translation displacement, node 21, m
        180   -3.513E+01                                 F               0         Blade 1 Z translation displacement, node 21, m
        181    3.063E+01                                 F               0         Blade 1 X translation displacement, node 22, m
        182   -8.222E+01                                 F               0         Blade 1 Y translation displacement, node 22, m
        183   -3.656E+01                                 F               0         Blade 1 Z translation displacement, node 22, m
        184    3.081E+01                                 F               0         Blade 1 X translation displacement, node 23, m
        185   -8.519E+01                                 F               0         Blade 1 Y translation displacement, node 23, m
        186   -3.799E+01                                 F               0         Blade 1 Z translation displacement, node 23, m
        187    3.099E+01                                 F               0         Blade 1 X translation displacement, node 24, m
        188   -8.815E+01                                 F               0         Blade 1 Y translation displacement, node 24, m
        189   -3.943E+01                                 F               0         Blade 1 Z translation displacement, node 24, m
        190    3.116E+01                                 F               0         Blade 1 X translation displacement, node 25, m
        191   -9.112E+01                                 F               0         Blade 1 Y translation displacement, node 25, m
        192   -4.086E+01                                 F               0         Blade 1 Z translation displacement, node 25, m
        193    3.134E+01                                 F               0         Blade 1 X translation displacement, node 26, m
        194   -9.409E+01                                 F               0         Blade 1 Y translation displacement, node 26, m
        195   -4.229E+01                                 F               0         Blade 1 Z translation displacement, node 26, m
        196    3.152E+01                                 F               0         Blade 1 X translation displacement, node 27, m
        197   -9.705E+01                                 F               0         Blade 1 Y translation displacement, node 27, m
        198   -4.373E+01                                 F               0         Blade 1 Z translation displacement, node 27, m
        199    3.167E+01                                 F               0         Blade 1 X translation displacement, node 28, m
        200   -9.957E+01                                 F               0         Blade 1 Y translation displacement, node 28, m
        201   -4.494E+01                                 F               0         Blade 1 Z translation displacement, node 28, m
        202    7.788E-01, -2.970E-01, -5.525E-01         F               0         Blade 1 X orientation angle, node 1, rad
        203    6.090E-01,  5.690E-01,  5.526E-01         F               0         Blade 1 Y orientation angle, node 1, rad
        204    1.502E-01, -7.669E-01,  6.240E-01         F               0         Blade 1 Z orientation angle, node 1, rad
        205    7.788E-01, -2.970E-01, -5.525E-01         F               0         Blade 1 X orientation angle, node 2, rad
        206    6.090E-01,  5.690E-01,  5.526E-01         F               0         Blade 1 Y orientation angle, node 2, rad
        207    1.502E-01, -7.669E-01,  6.240E-01         F               0         Blade 1 Z orientation angle, node 2, rad
        208    9.010E-01, -1.537E-01, -4.058E-01         F               0         Blade 1 X orientation angle, node 3, rad
        209    4.071E-01,  6.231E-01,  6.678E-01         F               0         Blade 1 Y orientation angle, node 3, rad
        210    1.502E-01, -7.669E-01,  6.240E-01         F               0         Blade 1 Z orientation angle, node 3, rad
        211    9.173E-01, -1.272E-01, -3.772E-01         F               0         Blade 1 X orientation angle, node 4, rad
        212    3.687E-01,  6.291E-01,  6.844E-01         F               0         Blade 1 Y orientation angle, node 4, rad
        213    1.502E-01, -7.669E-01,  6.240E-01         F               0         Blade 1 Z orientation angle, node 4, rad
        214    9.291E-01, -1.063E-01, -3.543E-01         F               0         Blade 1 X orientation angle, node 5, rad
        215    3.380E-01,  6.329E-01,  6.965E-01         F               0         Blade 1 Y orientation angle, node 5, rad
        216    1.502E-01, -7.669E-01,  6.240E-01         F               0         Blade 1 Z orientation angle, node 5, rad
        217    9.377E-01, -8.946E-02, -3.357E-01         F               0         Blade 1 X orientation angle, node 6, rad
        218    3.133E-01,  6.355E-01,  7.057E-01         F               0         Blade 1 Y orientation angle, node 6, rad
        219    1.502E-01, -7.669E-01,  6.240E-01         F               0         Blade 1 Z orientation angle, node 6, rad
        220    9.443E-01, -7.557E-02, -3.203E-01         F               0         Blade 1 X orientation angle, node 7, rad
        221    2.927E-01,  6.373E-01,  7.128E-01         F               0         Blade 1 Y orientation angle, node 7, rad
        222    1.502E-01, -7.669E-01,  6.240E-01         F               0         Blade 1 Z orientation angle, node 7, rad
        223    9.495E-01, -6.399E-02, -3.073E-01         F               0         Blade 1 X orientation angle, node 8, rad
        224    2.756E-01,  6.386E-01,  7.185E-01         F               0         Blade 1 Y orientation angle, node 8, rad
        225    1.502E-01, -7.669E-01,  6.240E-01         F               0         Blade 1 Z orientation angle, node 8, rad
        226    9.536E-01, -5.417E-02, -2.962E-01         F               0         Blade 1 X orientation angle, node 9, rad
        227    2.609E-01,  6.395E-01,  7.231E-01         F               0         Blade 1 Y orientation angle, node 9, rad
        228    1.502E-01, -7.669E-01,  6.240E-01         F               0         Blade 1 Z orientation angle, node 9, rad
        229    9.570E-01, -4.569E-02, -2.866E-01         F               0         Blade 1 X orientation angle, node 10, rad
        230    2.483E-01,  6.402E-01,  7.270E-01         F               0         Blade 1 Y orientation angle, node 10, rad
        231    1.502E-01, -7.669E-01,  6.240E-01         F               0         Blade 1 Z orientation angle, node 10, rad
        232    9.597E-01, -3.842E-02, -2.783E-01         F               0         Blade 1 X orientation angle, node 11, rad
        233    2.374E-01,  6.407E-01,  7.302E-01         F               0         Blade 1 Y orientation angle, node 11, rad
        234    1.502E-01, -7.669E-01,  6.240E-01         F               0         Blade 1 Z orientation angle, node 11, rad
        235    9.620E-01, -3.205E-02, -2.710E-01         F               0         Blade 1 X orientation angle, node 12, rad
        236    2.278E-01,  6.410E-01,  7.329E-01         F               0         Blade 1 Y orientation angle, node 12, rad
        237    1.502E-01, -7.669E-01,  6.240E-01         F               0         Blade 1 Z orientation angle, node 12, rad
        238    9.640E-01, -2.645E-02, -2.646E-01         F               0         Blade 1 X orientation angle, node 13, rad
        239    2.194E-01,  6.413E-01,  7.353E-01         F               0         Blade 1 Y orientation angle, node 13, rad
        240    1.502E-01, -7.669E-01,  6.240E-01         F               0         Blade 1 Z orientation angle, node 13, rad
        241    9.657E-01, -2.141E-02, -2.588E-01         F               0         Blade 1 X orientation angle, node 14, rad
        242    2.119E-01,  6.414E-01,  7.373E-01         F               0         Blade 1 Y orientation angle, node 14, rad
        243    1.502E-01, -7.669E-01,  6.240E-01         F               0         Blade 1 Z orientation angle, node 14, rad
        244    9.671E-01, -1.694E-02, -2.537E-01         F               0         Blade 1 X orientation angle, node 15, rad
        245    2.051E-01,  6.416E-01,  7.391E-01         F               0         Blade 1 Y orientation angle, node 15, rad
        246    1.502E-01, -7.669E-01,  6.240E-01         F               0         Blade 1 Z orientation angle, node 15, rad
        247    9.684E-01, -1.290E-02, -2.490E-01         F               0         Blade 1 X orientation angle, node 16, rad
        248    1.990E-01,  6.417E-01,  7.407E-01         F               0         Blade 1 Y orientation angle, node 16, rad
        249    1.502E-01, -7.669E-01,  6.240E-01         F               0         Blade 1 Z orientation angle, node 16, rad
        250    9.695E-01, -9.320E-03, -2.449E-01         F               0         Blade 1 X orientation angle, node 17, rad
        251    1.936E-01,  6.417E-01,  7.421E-01         F               0         Blade 1 Y orientation angle, node 17, rad
        252    1.502E-01, -7.669E-01,  6.240E-01         F               0         Blade 1 Z orientation angle, node 17, rad
        253    9.705E-01, -5.960E-03, -2.410E-01         F               0         Blade 1 X orientation angle, node 18, rad
        254    1.885E-01,  6.418E-01,  7.434E-01         F               0         Blade 1 Y orientation angle, node 18, rad
        255    1.502E-01, -7.669E-01,  6.240E-01         F               0         Blade 1 Z orientation angle, node 18, rad
        256    9.714E-01, -2.936E-03, -2.375E-01         F               0         Blade 1 X orientation angle, node 19, rad
        257    1.840E-01,  6.418E-01,  7.445E-01         F               0         Blade 1 Y orientation angle, node 19, rad
        258    1.502E-01, -7.669E-01,  6.240E-01         F               0         Blade 1 Z orientation angle, node 19, rad
        259    9.721E-01, -2.473E-04, -2.344E-01         F               0         Blade 1 X orientation angle, node 20, rad
        260    1.799E-01,  6.418E-01,  7.455E-01         F               0         Blade 1 Y orientation angle, node 20, rad
        261    1.502E-01, -7.669E-01,  6.240E-01         F               0         Blade 1 Z orientation angle, node 20, rad
        262    9.729E-01,  2.329E-03, -2.314E-01         F               0         Blade 1 X orientation angle, node 21, rad
        263    1.760E-01,  6.418E-01,  7.464E-01         F               0         Blade 1 Y orientation angle, node 21, rad
        264    1.502E-01, -7.669E-01,  6.240E-01         F               0         Blade 1 Z orientation angle, node 21, rad
        265    9.735E-01,  4.681E-03, -2.286E-01         F               0         Blade 1 X orientation angle, node 22, rad
        266    1.724E-01,  6.418E-01,  7.472E-01         F               0         Blade 1 Y orientation angle, node 22, rad
        267    1.502E-01, -7.669E-01,  6.240E-01         F               0         Blade 1 Z orientation angle, node 22, rad
        268    9.741E-01,  6.810E-03, -2.262E-01         F               0         Blade 1 X orientation angle, node 23, rad
        269    1.692E-01,  6.418E-01,  7.480E-01         F               0         Blade 1 Y orientation angle, node 23, rad
        270    1.502E-01, -7.669E-01,  6.240E-01         F               0         Blade 1 Z orientation angle, node 23, rad
        271    9.746E-01,  8.826E-03, -2.238E-01         F               0         Blade 1 X orientation angle, node 24, rad
        272    1.661E-01,  6.417E-01,  7.487E-01         F               0         Blade 1 Y orientation angle, node 24, rad
        273    1.502E-01, -7.669E-01,  6.240E-01         F               0         Blade 1 Z orientation angle, node 24, rad
        274    9.751E-01,  1.073E-02, -2.216E-01         F               0         Blade 1 X orientation angle, node 25, rad
        275    1.632E-01,  6.417E-01,  7.494E-01         F               0         Blade 1 Y orientation angle, node 25, rad
        276    1.502E-01, -7.669E-01,  6.240E-01         F               0         Blade 1 Z orientation angle, node 25, rad
        277    9.755E-01,  1.241E-02, -2.196E-01         F               0         Blade 1 X orientation angle, node 26, rad
        278    1.607E-01,  6.417E-01,  7.499E-01         F               0         Blade 1 Y orientation angle, node 26, rad
        279    1.502E-01, -7.669E-01,  6.240E-01         F               0         Blade 1 Z orientation angle, node 26, rad
        280    9.759E-01,  1.409E-02, -2.177E-01         F               0         Blade 1 X orientation angle, node 27, rad
        281    1.581E-01,  6.417E-01,  7.505E-01         F               0         Blade 1 Y orientation angle, node 27, rad
        282    1.502E-01, -7.669E-01,  6.240E-01         F               0         Blade 1 Z orientation angle, node 27, rad
        283    9.761E-01,  1.499E-02, -2.166E-01         F               0         Blade 1 X orientation angle, node 28, rad
        284    1.568E-01,  6.416E-01,  7.508E-01         F               0         Blade 1 Y orientation angle, node 28, rad
        285    1.502E-01, -7.669E-01,  6.240E-01         F               0         Blade 1 Z orientation angle, node 28, rad
        286   -7.696E-01                                 F               0         Blade 1 X translation velocity, node 1, m/s
        287   -3.114E+00                                 F               0         Blade 1 Y translation velocity, node 1, m/s
        288   -3.655E+00                                 F               0         Blade 1 Z translation velocity, node 1, m/s
        289   -9.550E-01                                 F               0         Blade 1 X translation velocity, node 2, m/s
        290   -3.867E+00                                 F               0         Blade 1 Y translation velocity, node 2, m/s
        291   -4.536E+00                                 F               0         Blade 1 Z translation velocity, node 2, m/s
        292   -3.477E+00                                 F               0         Blade 1 X translation velocity, node 3, m/s
        293   -1.411E+01                                 F               0         Blade 1 Y translation velocity, node 3, m/s
        294   -1.652E+01                                 F               0         Blade 1 Z translation velocity, node 3, m/s
        295   -4.014E+00                                 F               0         Blade 1 X translation velocity, node 4, m/s
        296   -1.629E+01                                 F               0         Blade 1 Y translation velocity, node 4, m/s
        297   -1.907E+01                                 F               0         Blade 1 Z translation velocity, node 4, m/s
        298   -4.551E+00                                 F               0         Blade 1 X translation velocity, node 5, m/s
        299   -1.847E+01                                 F               0         Blade 1 Y translation velocity, node 5, m/s
        300   -2.162E+01                                 F               0         Blade 1 Z translation velocity, node 5, m/s
        301   -5.088E+00                                 F               0         Blade 1 X translation velocity, node 6, m/s
        302   -2.066E+01                                 F               0         Blade 1 Y translation velocity, node 6, m/s
        303   -2.417E+01                                 F               0         Blade 1 Z translation velocity, node 6, m/s
        304   -5.626E+00                                 F               0         Blade 1 X translation velocity, node 7, m/s
        305   -2.284E+01                                 F               0         Blade 1 Y translation velocity, node 7, m/s
        306   -2.673E+01                                 F               0         Blade 1 Z translation velocity, node 7, m/s
        307   -6.163E+00                                 F               0         Blade 1 X translation velocity, node 8, m/s
