
Linearized model: Predictions were generated on 30-Jan-2024 at 18:20:32 using OpenFAST, compiled as a 64-bit application using single precision at commit v3.5.1
 linked with  NWTC Subroutine Library; ElastoDyn; InflowWind; AeroDyn; ServoDyn; HydroDyn; MAP++ (<1.20.10>, <Oct-20-2023>)

Description from the FAST input file: CCT-9 Campign 4 model. Input files to be run with OpenFAST 3.5.0. GitHub branch from Lu Wang (https://github.com/luwang00/openfast/tree/dev) compiled on March 7, 2023.

Simulation information:
   Simulation time:                   508.6500 s
   Rotor Speed:                         0.8792 rad/s
   Azimuth:                             0.2007 rad
   Wind Speed:                         10.0000 m/s
   Number of continuous states:         0
   Number of discrete states:           0
   Number of constraint states:         0
   Number of inputs:                 1746
   Number of outputs:                   4
   Jacobians included in this file?    No

Order of inputs:
     Column   Operating Point                     Rotating Frame? Derivative Order Description
   ---------- ---------------                     --------------- ---------------- -----------
          1    1.096E+01                                 F               0         Tower X translation displacement, node 1, m
          2   -1.140E+00                                 F               0         Tower Y translation displacement, node 1, m
          3   -2.870E-01                                 F               0         Tower Z translation displacement, node 1, m
          4    1.238E+01                                 F               0         Tower X translation displacement, node 2, m
          5   -1.669E+00                                 F               0         Tower Y translation displacement, node 2, m
          6   -3.801E-01                                 F               0         Tower Z translation displacement, node 2, m
          7    1.380E+01                                 F               0         Tower X translation displacement, node 3, m
          8   -2.198E+00                                 F               0         Tower Y translation displacement, node 3, m
          9   -4.733E-01                                 F               0         Tower Z translation displacement, node 3, m
         10    1.522E+01                                 F               0         Tower X translation displacement, node 4, m
         11   -2.727E+00                                 F               0         Tower Y translation displacement, node 4, m
         12   -5.665E-01                                 F               0         Tower Z translation displacement, node 4, m
         13    1.664E+01                                 F               0         Tower X translation displacement, node 5, m
         14   -3.256E+00                                 F               0         Tower Y translation displacement, node 5, m
         15   -6.596E-01                                 F               0         Tower Z translation displacement, node 5, m
         16    1.805E+01                                 F               0         Tower X translation displacement, node 6, m
         17   -3.785E+00                                 F               0         Tower Y translation displacement, node 6, m
         18   -7.528E-01                                 F               0         Tower Z translation displacement, node 6, m
         19    1.947E+01                                 F               0         Tower X translation displacement, node 7, m
         20   -4.314E+00                                 F               0         Tower Y translation displacement, node 7, m
         21   -8.460E-01                                 F               0         Tower Z translation displacement, node 7, m
         22    2.089E+01                                 F               0         Tower X translation displacement, node 8, m
         23   -4.843E+00                                 F               0         Tower Y translation displacement, node 8, m
         24   -9.392E-01                                 F               0         Tower Z translation displacement, node 8, m
         25    2.231E+01                                 F               0         Tower X translation displacement, node 9, m
         26   -5.372E+00                                 F               0         Tower Y translation displacement, node 9, m
         27   -1.032E+00                                 F               0         Tower Z translation displacement, node 9, m
         28    2.373E+01                                 F               0         Tower X translation displacement, node 10, m
         29   -5.901E+00                                 F               0         Tower Y translation displacement, node 10, m
         30   -1.125E+00                                 F               0         Tower Z translation displacement, node 10, m
         31    2.515E+01                                 F               0         Tower X translation displacement, node 11, m
         32   -6.430E+00                                 F               0         Tower Y translation displacement, node 11, m
         33   -1.219E+00                                 F               0         Tower Z translation displacement, node 11, m
         34    9.934E-01,  9.607E-03, -1.145E-01         F               0         Tower X orientation angle, node 1, rad
         35   -4.630E-03,  9.990E-01,  4.364E-02         F               0         Tower Y orientation angle, node 1, rad
         36    1.149E-01, -4.282E-02,  9.925E-01         F               0         Tower Z orientation angle, node 1, rad
         37    9.934E-01,  9.607E-03, -1.145E-01         F               0         Tower X orientation angle, node 2, rad
         38   -4.630E-03,  9.990E-01,  4.364E-02         F               0         Tower Y orientation angle, node 2, rad
         39    1.149E-01, -4.282E-02,  9.925E-01         F               0         Tower Z orientation angle, node 2, rad
         40    9.934E-01,  9.607E-03, -1.145E-01         F               0         Tower X orientation angle, node 3, rad
         41   -4.630E-03,  9.990E-01,  4.364E-02         F               0         Tower Y orientation angle, node 3, rad
         42    1.149E-01, -4.282E-02,  9.925E-01         F               0         Tower Z orientation angle, node 3, rad
         43    9.934E-01,  9.607E-03, -1.145E-01         F               0         Tower X orientation angle, node 4, rad
         44   -4.630E-03,  9.990E-01,  4.364E-02         F               0         Tower Y orientation angle, node 4, rad
         45    1.149E-01, -4.282E-02,  9.925E-01         F               0         Tower Z orientation angle, node 4, rad
         46    9.934E-01,  9.607E-03, -1.145E-01         F               0         Tower X orientation angle, node 5, rad
         47   -4.630E-03,  9.990E-01,  4.364E-02         F               0         Tower Y orientation angle, node 5, rad
         48    1.149E-01, -4.282E-02,  9.925E-01         F               0         Tower Z orientation angle, node 5, rad
         49    9.934E-01,  9.607E-03, -1.145E-01         F               0         Tower X orientation angle, node 6, rad
         50   -4.630E-03,  9.990E-01,  4.364E-02         F               0         Tower Y orientation angle, node 6, rad
         51    1.149E-01, -4.282E-02,  9.925E-01         F               0         Tower Z orientation angle, node 6, rad
         52    9.934E-01,  9.607E-03, -1.145E-01         F               0         Tower X orientation angle, node 7, rad
         53   -4.630E-03,  9.990E-01,  4.364E-02         F               0         Tower Y orientation angle, node 7, rad
         54    1.149E-01, -4.282E-02,  9.925E-01         F               0         Tower Z orientation angle, node 7, rad
         55    9.934E-01,  9.607E-03, -1.145E-01         F               0         Tower X orientation angle, node 8, rad
         56   -4.630E-03,  9.990E-01,  4.364E-02         F               0         Tower Y orientation angle, node 8, rad
         57    1.149E-01, -4.282E-02,  9.925E-01         F               0         Tower Z orientation angle, node 8, rad
         58    9.934E-01,  9.607E-03, -1.145E-01         F               0         Tower X orientation angle, node 9, rad
         59   -4.630E-03,  9.990E-01,  4.364E-02         F               0         Tower Y orientation angle, node 9, rad
         60    1.149E-01, -4.282E-02,  9.925E-01         F               0         Tower Z orientation angle, node 9, rad
         61    9.934E-01,  9.607E-03, -1.145E-01         F               0         Tower X orientation angle, node 10, rad
         62   -4.630E-03,  9.990E-01,  4.364E-02         F               0         Tower Y orientation angle, node 10, rad
         63    1.149E-01, -4.282E-02,  9.925E-01         F               0         Tower Z orientation angle, node 10, rad
         64    9.934E-01,  9.607E-03, -1.145E-01         F               0         Tower X orientation angle, node 11, rad
         65   -4.630E-03,  9.990E-01,  4.364E-02         F               0         Tower Y orientation angle, node 11, rad
         66    1.149E-01, -4.282E-02,  9.925E-01         F               0         Tower Z orientation angle, node 11, rad
         67   -4.874E-03                                 F               0         Tower X translation velocity, node 1, m/s
         68   -6.864E-03                                 F               0         Tower Y translation velocity, node 1, m/s
         69    2.685E-03                                 F               0         Tower Z translation velocity, node 1, m/s
         70   -4.829E-03                                 F               0         Tower X translation velocity, node 2, m/s
         71   -1.138E-02                                 F               0         Tower Y translation velocity, node 2, m/s
         72    2.485E-03                                 F               0         Tower Z translation velocity, node 2, m/s
         73   -4.785E-03                                 F               0         Tower X translation velocity, node 3, m/s
         74   -1.589E-02                                 F               0         Tower Y translation velocity, node 3, m/s
         75    2.285E-03                                 F               0         Tower Z translation velocity, node 3, m/s
         76   -4.741E-03                                 F               0         Tower X translation velocity, node 4, m/s
         77   -2.041E-02                                 F               0         Tower Y translation velocity, node 4, m/s
         78    2.085E-03                                 F               0         Tower Z translation velocity, node 4, m/s
         79   -4.697E-03                                 F               0         Tower X translation velocity, node 5, m/s
         80   -2.492E-02                                 F               0         Tower Y translation velocity, node 5, m/s
         81    1.886E-03                                 F               0         Tower Z translation velocity, node 5, m/s
         82   -4.652E-03                                 F               0         Tower X translation velocity, node 6, m/s
         83   -2.944E-02                                 F               0         Tower Y translation velocity, node 6, m/s
         84    1.686E-03                                 F               0         Tower Z translation velocity, node 6, m/s
         85   -4.608E-03                                 F               0         Tower X translation velocity, node 7, m/s
         86   -3.395E-02                                 F               0         Tower Y translation velocity, node 7, m/s
         87    1.486E-03                                 F               0         Tower Z translation velocity, node 7, m/s
         88   -4.564E-03                                 F               0         Tower X translation velocity, node 8, m/s
         89   -3.847E-02                                 F               0         Tower Y translation velocity, node 8, m/s
         90    1.286E-03                                 F               0         Tower Z translation velocity, node 8, m/s
         91   -4.519E-03                                 F               0         Tower X translation velocity, node 9, m/s
         92   -4.298E-02                                 F               0         Tower Y translation velocity, node 9, m/s
         93    1.086E-03                                 F               0         Tower Z translation velocity, node 9, m/s
         94   -4.475E-03                                 F               0         Tower X translation velocity, node 10, m/s
         95   -4.750E-02                                 F               0         Tower Y translation velocity, node 10, m/s
         96    8.860E-04                                 F               0         Tower Z translation velocity, node 10, m/s
         97   -4.431E-03                                 F               0         Tower X translation velocity, node 11, m/s
         98   -5.201E-02                                 F               0         Tower Y translation velocity, node 11, m/s
         99    6.861E-04                                 F               0         Tower Z translation velocity, node 11, m/s
        100    2.612E+01                                 F               0         Hub X translation displacement, node 1, m
        101   -6.870E+00                                 F               0         Hub Y translation displacement, node 1, m
        102   -4.068E-02                                 F               0         Hub Z translation displacement, node 1, m
        103    9.759E-01,  1.403E-02, -2.177E-01         F               0         Hub X orientation angle, node 1, rad
        104    3.894E-02,  9.707E-01,  2.372E-01         F               0         Hub Y orientation angle, node 1, rad
        105    2.146E-01, -2.399E-01,  9.468E-01         F               0         Hub Z orientation angle, node 1, rad
        106    8.584E-01                                 F               0         Hub X rotation velocity, node 1, rad/s
        107    1.234E-02                                 F               0         Hub Y rotation velocity, node 1, rad/s
        108   -1.914E-01                                 F               0         Hub Z rotation velocity, node 1, rad/s
        109    9.743E-01, -1.477E-02, -2.246E-01         F               0         Blade root 1 X orientation angle, node 1, rad
        110    6.788E-02,  9.707E-01,  2.306E-01         F               0         Blade root 1 Y orientation angle, node 1, rad
        111    2.146E-01, -2.399E-01,  9.468E-01         F               0         Blade root 1 Z orientation angle, node 1, rad
        112    9.706E-01,  3.459E-02, -2.384E-01         F               0         Blade root 2 X orientation angle, node 1, rad
        113    1.953E-01, -6.924E-01,  6.946E-01         F               0         Blade root 2 Y orientation angle, node 1, rad
        114   -1.410E-01, -7.207E-01, -6.788E-01         F               0         Blade root 2 Z orientation angle, node 1, rad
        115    9.816E-01,  2.226E-02, -1.897E-01         F               0         Blade root 3 X orientation angle, node 1, rad
        116   -1.763E-01, -2.770E-01, -9.446E-01         F               0         Blade root 3 Y orientation angle, node 1, rad
        117   -7.358E-02,  9.606E-01, -2.680E-01         F               0         Blade root 3 Z orientation angle, node 1, rad
        118    2.673E+01                                 F               0         Blade 1 X translation displacement, node 1, m
        119   -8.200E+00                                 F               0         Blade 1 Y translation displacement, node 1, m
        120   -3.052E-01                                 F               0         Blade 1 Z translation displacement, node 1, m
        121    2.688E+01                                 F               0         Blade 1 X translation displacement, node 2, m
        122   -8.520E+00                                 F               0         Blade 1 Y translation displacement, node 2, m
        123   -3.690E-01                                 F               0         Blade 1 Z translation displacement, node 2, m
        124    2.888E+01                                 F               0         Blade 1 X translation displacement, node 3, m
        125   -1.288E+01                                 F               0         Blade 1 Y translation displacement, node 3, m
        126   -1.236E+00                                 F               0         Blade 1 Z translation displacement, node 3, m
        127    2.930E+01                                 F               0         Blade 1 X translation displacement, node 4, m
        128   -1.380E+01                                 F               0         Blade 1 Y translation displacement, node 4, m
        129   -1.420E+00                                 F               0         Blade 1 Z translation displacement, node 4, m
        130    2.973E+01                                 F               0         Blade 1 X translation displacement, node 5, m
        131   -1.473E+01                                 F               0         Blade 1 Y translation displacement, node 5, m
        132   -1.605E+00                                 F               0         Blade 1 Z translation displacement, node 5, m
        133    3.016E+01                                 F               0         Blade 1 X translation displacement, node 6, m
        134   -1.566E+01                                 F               0         Blade 1 Y translation displacement, node 6, m
        135   -1.790E+00                                 F               0         Blade 1 Z translation displacement, node 6, m
        136    3.058E+01                                 F               0         Blade 1 X translation displacement, node 7, m
        137   -1.659E+01                                 F               0         Blade 1 Y translation displacement, node 7, m
        138   -1.975E+00                                 F               0         Blade 1 Z translation displacement, node 7, m
        139    3.101E+01                                 F               0         Blade 1 X translation displacement, node 8, m
        140   -1.752E+01                                 F               0         Blade 1 Y translation displacement, node 8, m
        141   -2.159E+00                                 F               0         Blade 1 Z translation displacement, node 8, m
        142    3.143E+01                                 F               0         Blade 1 X translation displacement, node 9, m
        143   -1.844E+01                                 F               0         Blade 1 Y translation displacement, node 9, m
        144   -2.344E+00                                 F               0         Blade 1 Z translation displacement, node 9, m
        145    3.186E+01                                 F               0         Blade 1 X translation displacement, node 10, m
        146   -1.937E+01                                 F               0         Blade 1 Y translation displacement, node 10, m
        147   -2.529E+00                                 F               0         Blade 1 Z translation displacement, node 10, m
        148    3.228E+01                                 F               0         Blade 1 X translation displacement, node 11, m
        149   -2.030E+01                                 F               0         Blade 1 Y translation displacement, node 11, m
        150   -2.713E+00                                 F               0         Blade 1 Z translation displacement, node 11, m
        151    3.271E+01                                 F               0         Blade 1 X translation displacement, node 12, m
        152   -2.123E+01                                 F               0         Blade 1 Y translation displacement, node 12, m
        153   -2.898E+00                                 F               0         Blade 1 Z translation displacement, node 12, m
        154    3.314E+01                                 F               0         Blade 1 X translation displacement, node 13, m
        155   -2.216E+01                                 F               0         Blade 1 Y translation displacement, node 13, m
        156   -3.083E+00                                 F               0         Blade 1 Z translation displacement, node 13, m
        157    3.356E+01                                 F               0         Blade 1 X translation displacement, node 14, m
        158   -2.308E+01                                 F               0         Blade 1 Y translation displacement, node 14, m
        159   -3.267E+00                                 F               0         Blade 1 Z translation displacement, node 14, m
        160    3.399E+01                                 F               0         Blade 1 X translation displacement, node 15, m
        161   -2.401E+01                                 F               0         Blade 1 Y translation displacement, node 15, m
        162   -3.452E+00                                 F               0         Blade 1 Z translation displacement, node 15, m
        163    3.441E+01                                 F               0         Blade 1 X translation displacement, node 16, m
        164   -2.494E+01                                 F               0         Blade 1 Y translation displacement, node 16, m
        165   -3.637E+00                                 F               0         Blade 1 Z translation displacement, node 16, m
        166    3.484E+01                                 F               0         Blade 1 X translation displacement, node 17, m
        167   -2.587E+01                                 F               0         Blade 1 Y translation displacement, node 17, m
        168   -3.821E+00                                 F               0         Blade 1 Z translation displacement, node 17, m
        169    3.526E+01                                 F               0         Blade 1 X translation displacement, node 18, m
        170   -2.680E+01                                 F               0         Blade 1 Y translation displacement, node 18, m
        171   -4.006E+00                                 F               0         Blade 1 Z translation displacement, node 18, m
        172    3.569E+01                                 F               0         Blade 1 X translation displacement, node 19, m
        173   -2.772E+01                                 F               0         Blade 1 Y translation displacement, node 19, m
        174   -4.191E+00                                 F               0         Blade 1 Z translation displacement, node 19, m
        175    3.612E+01                                 F               0         Blade 1 X translation displacement, node 20, m
        176   -2.865E+01                                 F               0         Blade 1 Y translation displacement, node 20, m
        177   -4.375E+00                                 F               0         Blade 1 Z translation displacement, node 20, m
        178    3.654E+01                                 F               0         Blade 1 X translation displacement, node 21, m
        179   -2.958E+01                                 F               0         Blade 1 Y translation displacement, node 21, m
        180   -4.560E+00                                 F               0         Blade 1 Z translation displacement, node 21, m
        181    3.697E+01                                 F               0         Blade 1 X translation displacement, node 22, m
        182   -3.051E+01                                 F               0         Blade 1 Y translation displacement, node 22, m
        183   -4.745E+00                                 F               0         Blade 1 Z translation displacement, node 22, m
        184    3.739E+01                                 F               0         Blade 1 X translation displacement, node 23, m
        185   -3.144E+01                                 F               0         Blade 1 Y translation displacement, node 23, m
        186   -4.930E+00                                 F               0         Blade 1 Z translation displacement, node 23, m
        187    3.782E+01                                 F               0         Blade 1 X translation displacement, node 24, m
        188   -3.236E+01                                 F               0         Blade 1 Y translation displacement, node 24, m
        189   -5.114E+00                                 F               0         Blade 1 Z translation displacement, node 24, m
        190    3.824E+01                                 F               0         Blade 1 X translation displacement, node 25, m
        191   -3.329E+01                                 F               0         Blade 1 Y translation displacement, node 25, m
        192   -5.299E+00                                 F               0         Blade 1 Z translation displacement, node 25, m
        193    3.867E+01                                 F               0         Blade 1 X translation displacement, node 26, m
        194   -3.422E+01                                 F               0         Blade 1 Y translation displacement, node 26, m
        195   -5.484E+00                                 F               0         Blade 1 Z translation displacement, node 26, m
        196    3.910E+01                                 F               0         Blade 1 X translation displacement, node 27, m
        197   -3.515E+01                                 F               0         Blade 1 Y translation displacement, node 27, m
        198   -5.668E+00                                 F               0         Blade 1 Z translation displacement, node 27, m
        199    3.946E+01                                 F               0         Blade 1 X translation displacement, node 28, m
        200   -3.593E+01                                 F               0         Blade 1 Y translation displacement, node 28, m
        201   -5.825E+00                                 F               0         Blade 1 Z translation displacement, node 28, m
        202    8.362E-01, -4.558E-01, -3.050E-01         F               0         Blade 1 X orientation angle, node 1, rad
        203    5.047E-01,  8.571E-01,  1.028E-01         F               0         Blade 1 Y orientation angle, node 1, rad
        204    2.146E-01, -2.399E-01,  9.468E-01         F               0         Blade 1 Z orientation angle, node 1, rad
        205    8.362E-01, -4.558E-01, -3.050E-01         F               0         Blade 1 X orientation angle, node 2, rad
        206    5.047E-01,  8.571E-01,  1.028E-01         F               0         Blade 1 Y orientation angle, node 2, rad
        207    2.146E-01, -2.399E-01,  9.468E-01         F               0         Blade 1 Z orientation angle, node 2, rad
        208    9.320E-01, -2.397E-01, -2.720E-01         F               0         Blade 1 X orientation angle, node 3, rad
        209    2.922E-01,  9.407E-01,  1.722E-01         F               0         Blade 1 Y orientation angle, node 3, rad
        210    2.146E-01, -2.399E-01,  9.468E-01         F               0         Blade 1 Z orientation angle, node 3, rad
        211    9.435E-01, -1.997E-01, -2.645E-01         F               0         Blade 1 X orientation angle, node 4, rad
        212    2.525E-01,  9.500E-01,  1.835E-01         F               0         Blade 1 Y orientation angle, node 4, rad
        213    2.146E-01, -2.399E-01,  9.468E-01         F               0         Blade 1 Z orientation angle, node 4, rad
        214    9.513E-01, -1.681E-01, -2.582E-01         F               0         Blade 1 X orientation angle, node 5, rad
        215    2.211E-01,  9.561E-01,  1.922E-01         F               0         Blade 1 Y orientation angle, node 5, rad
        216    2.146E-01, -2.399E-01,  9.468E-01         F               0         Blade 1 Z orientation angle, node 5, rad
        217    9.569E-01, -1.427E-01, -2.531E-01         F               0         Blade 1 X orientation angle, node 6, rad
        218    1.958E-01,  9.602E-01,  1.990E-01         F               0         Blade 1 Y orientation angle, node 6, rad
        219    2.146E-01, -2.399E-01,  9.468E-01         F               0         Blade 1 Z orientation angle, node 6, rad
        220    9.609E-01, -1.217E-01, -2.487E-01         F               0         Blade 1 X orientation angle, node 7, rad
        221    1.749E-01,  9.631E-01,  2.044E-01         F               0         Blade 1 Y orientation angle, node 7, rad
        222    2.146E-01, -2.399E-01,  9.468E-01         F               0         Blade 1 Z orientation angle, node 7, rad
        223    9.639E-01, -1.042E-01, -2.449E-01         F               0         Blade 1 X orientation angle, node 8, rad
        224    1.574E-01,  9.652E-01,  2.089E-01         F               0         Blade 1 Y orientation angle, node 8, rad
        225    2.146E-01, -2.399E-01,  9.468E-01         F               0         Blade 1 Z orientation angle, node 8, rad
        226    9.662E-01, -8.937E-02, -2.417E-01         F               0         Blade 1 X orientation angle, node 9, rad
        227    1.426E-01,  9.667E-01,  2.127E-01         F               0         Blade 1 Y orientation angle, node 9, rad
        228    2.146E-01, -2.399E-01,  9.468E-01         F               0         Blade 1 Z orientation angle, node 9, rad
        229    9.680E-01, -7.654E-02, -2.388E-01         F               0         Blade 1 X orientation angle, node 10, rad
        230    1.298E-01,  9.678E-01,  2.158E-01         F               0         Blade 1 Y orientation angle, node 10, rad
        231    2.146E-01, -2.399E-01,  9.468E-01         F               0         Blade 1 Z orientation angle, node 10, rad
        232    9.695E-01, -6.555E-02, -2.364E-01         F               0         Blade 1 X orientation angle, node 11, rad
        233    1.188E-01,  9.686E-01,  2.185E-01         F               0         Blade 1 Y orientation angle, node 11, rad
        234    2.146E-01, -2.399E-01,  9.468E-01         F               0         Blade 1 Z orientation angle, node 11, rad
        235    9.706E-01, -5.591E-02, -2.342E-01         F               0         Blade 1 X orientation angle, node 12, rad
        236    1.091E-01,  9.692E-01,  2.209E-01         F               0         Blade 1 Y orientation angle, node 12, rad
        237    2.146E-01, -2.399E-01,  9.468E-01         F               0         Blade 1 Z orientation angle, node 12, rad
        238    9.715E-01, -4.746E-02, -2.322E-01         F               0         Blade 1 X orientation angle, node 13, rad
        239    1.007E-01,  9.696E-01,  2.229E-01         F               0         Blade 1 Y orientation angle, node 13, rad
        240    2.146E-01, -2.399E-01,  9.468E-01         F               0         Blade 1 Z orientation angle, node 13, rad
        241    9.723E-01, -3.984E-02, -2.305E-01         F               0         Blade 1 X orientation angle, node 14, rad
        242    9.302E-02,  9.700E-01,  2.247E-01         F               0         Blade 1 Y orientation angle, node 14, rad
        243    2.146E-01, -2.399E-01,  9.468E-01         F               0         Blade 1 Z orientation angle, node 14, rad
        244    9.729E-01, -3.307E-02, -2.289E-01         F               0         Blade 1 X orientation angle, node 15, rad
        245    8.623E-02,  9.702E-01,  2.263E-01         F               0         Blade 1 Y orientation angle, node 15, rad
        246    2.146E-01, -2.399E-01,  9.468E-01         F               0         Blade 1 Z orientation angle, node 15, rad
        247    9.734E-01, -2.697E-02, -2.275E-01         F               0         Blade 1 X orientation angle, node 16, rad
        248    8.011E-02,  9.704E-01,  2.278E-01         F               0         Blade 1 Y orientation angle, node 16, rad
        249    2.146E-01, -2.399E-01,  9.468E-01         F               0         Blade 1 Z orientation angle, node 16, rad
        250    9.738E-01, -2.155E-02, -2.262E-01         F               0         Blade 1 X orientation angle, node 17, rad
        251    7.468E-02,  9.705E-01,  2.290E-01         F               0         Blade 1 Y orientation angle, node 17, rad
        252    2.146E-01, -2.399E-01,  9.468E-01         F               0         Blade 1 Z orientation angle, node 17, rad
        253    9.742E-01, -1.647E-02, -2.250E-01         F               0         Blade 1 X orientation angle, node 18, rad
        254    6.958E-02,  9.706E-01,  2.302E-01         F               0         Blade 1 Y orientation angle, node 18, rad
        255    2.146E-01, -2.399E-01,  9.468E-01         F               0         Blade 1 Z orientation angle, node 18, rad
        256    9.745E-01, -1.189E-02, -2.239E-01         F               0         Blade 1 X orientation angle, node 19, rad
        257    6.498E-02,  9.707E-01,  2.313E-01         F               0         Blade 1 Y orientation angle, node 19, rad
        258    2.146E-01, -2.399E-01,  9.468E-01         F               0         Blade 1 Z orientation angle, node 19, rad
        259    9.748E-01, -7.826E-03, -2.229E-01         F               0         Blade 1 X orientation angle, node 20, rad
        260    6.090E-02,  9.708E-01,  2.322E-01         F               0         Blade 1 Y orientation angle, node 20, rad
        261    2.146E-01, -2.399E-01,  9.468E-01         F               0         Blade 1 Z orientation angle, node 20, rad
        262    9.750E-01, -3.929E-03, -2.220E-01         F               0         Blade 1 X orientation angle, node 21, rad
        263    5.699E-02,  9.708E-01,  2.331E-01         F               0         Blade 1 Y orientation angle, node 21, rad
        264    2.146E-01, -2.399E-01,  9.468E-01         F               0         Blade 1 Z orientation angle, node 21, rad
        265    9.752E-01, -3.714E-04, -2.212E-01         F               0         Blade 1 X orientation angle, node 22, rad
        266    5.341E-02,  9.708E-01,  2.339E-01         F               0         Blade 1 Y orientation angle, node 22, rad
        267    2.146E-01, -2.399E-01,  9.468E-01         F               0         Blade 1 Z orientation angle, node 22, rad
        268    9.754E-01,  2.848E-03, -2.204E-01         F               0         Blade 1 X orientation angle, node 23, rad
        269    5.018E-02,  9.708E-01,  2.346E-01         F               0         Blade 1 Y orientation angle, node 23, rad
        270    2.146E-01, -2.399E-01,  9.468E-01         F               0         Blade 1 Z orientation angle, node 23, rad
        271    9.756E-01,  5.898E-03, -2.196E-01         F               0         Blade 1 X orientation angle, node 24, rad
        272    4.712E-02,  9.708E-01,  2.353E-01         F               0         Blade 1 Y orientation angle, node 24, rad
        273    2.146E-01, -2.399E-01,  9.468E-01         F               0         Blade 1 Z orientation angle, node 24, rad
        274    9.757E-01,  8.778E-03, -2.189E-01         F               0         Blade 1 X orientation angle, node 25, rad
        275    4.422E-02,  9.707E-01,  2.360E-01         F               0         Blade 1 Y orientation angle, node 25, rad
        276    2.146E-01, -2.399E-01,  9.468E-01         F               0         Blade 1 Z orientation angle, node 25, rad
        277    9.758E-01,  1.132E-02, -2.183E-01         F               0         Blade 1 X orientation angle, node 26, rad
        278    4.167E-02,  9.707E-01,  2.366E-01         F               0         Blade 1 Y orientation angle, node 26, rad
        279    2.146E-01, -2.399E-01,  9.468E-01         F               0         Blade 1 Z orientation angle, node 26, rad
        280    9.759E-01,  1.386E-02, -2.177E-01         F               0         Blade 1 X orientation angle, node 27, rad
        281    3.911E-02,  9.707E-01,  2.371E-01         F               0         Blade 1 Y orientation angle, node 27, rad
        282    2.146E-01, -2.399E-01,  9.468E-01         F               0         Blade 1 Z orientation angle, node 27, rad
        283    9.760E-01,  1.522E-02, -2.174E-01         F               0         Blade 1 X orientation angle, node 28, rad
        284    3.775E-02,  9.707E-01,  2.374E-01         F               0         Blade 1 Y orientation angle, node 28, rad
        285    2.146E-01, -2.399E-01,  9.468E-01         F               0         Blade 1 Z orientation angle, node 28, rad
        286   -1.941E-01                                 F               0         Blade 1 X translation velocity, node 1, m/s
        287   -4.784E+00                                 F               0         Blade 1 Y translation velocity, node 1, m/s
        288   -1.155E+00                                 F               0         Blade 1 Z translation velocity, node 1, m/s
        289   -2.399E-01                                 F               0         Blade 1 X translation velocity, node 2, m/s
        290   -5.924E+00                                 F               0         Blade 1 Y translation velocity, node 2, m/s
        291   -1.434E+00                                 F               0         Blade 1 Z translation velocity, node 2, m/s
        292   -8.616E-01                                 F               0         Blade 1 X translation velocity, node 3, m/s
        293   -2.142E+01                                 F               0         Blade 1 Y translation velocity, node 3, m/s
        294   -5.220E+00                                 F               0         Blade 1 Z translation velocity, node 3, m/s
        295   -9.940E-01                                 F               0         Blade 1 X translation velocity, node 4, m/s
        296   -2.472E+01                                 F               0         Blade 1 Y translation velocity, node 4, m/s
        297   -6.027E+00                                 F               0         Blade 1 Z translation velocity, node 4, m/s
        298   -1.127E+00                                 F               0         Blade 1 X translation velocity, node 5, m/s
        299   -2.803E+01                                 F               0         Blade 1 Y translation velocity, node 5, m/s
        300   -6.834E+00                                 F               0         Blade 1 Z translation velocity, node 5, m/s
        301   -1.259E+00                                 F               0         Blade 1 X translation velocity, node 6, m/s
        302   -3.133E+01                                 F               0         Blade 1 Y translation velocity, node 6, m/s
        303   -7.640E+00                                 F               0         Blade 1 Z translation velocity, node 6, m/s
        304   -1.391E+00                                 F               0         Blade 1 X translation velocity, node 7, m/s
        305   -3.463E+01                                 F               0         Blade 1 Y translation velocity, node 7, m/s
        306   -8.447E+00                                 F               0         Blade 1 Z translation velocity, node 7, m/s
        307   -1.524E+00                                 F               0         Blade 1 X translation velocity, node 8, m/s
