
Linearized model: Predictions were generated on 30-Jan-2024 at 18:20:32 using OpenFAST, compiled as a 64-bit application using single precision at commit v3.5.1
 linked with  NWTC Subroutine Library; ElastoDyn; InflowWind; AeroDyn; ServoDyn; HydroDyn; MAP++ (<1.20.10>, <Oct-20-2023>)

Description from the FAST input file: CCT-9 Campign 4 model. Input files to be run with OpenFAST 3.5.0. GitHub branch from Lu Wang (https://github.com/luwang00/openfast/tree/dev) compiled on March 7, 2023.

Simulation information:
   Simulation time:                   502.9750 s
   Rotor Speed:                         0.8794 rad/s
   Azimuth:                             1.4934 rad
   Wind Speed:                         10.0000 m/s
   Number of continuous states:         0
   Number of discrete states:           0
   Number of constraint states:         0
   Number of inputs:                 1746
   Number of outputs:                   4
   Jacobians included in this file?    No

Order of inputs:
     Column   Operating Point                     Rotating Frame? Derivative Order Description
   ---------- ---------------                     --------------- ---------------- -----------
          1    1.098E+01                                 F               0         Tower X translation displacement, node 1, m
          2   -1.117E+00                                 F               0         Tower Y translation displacement, node 1, m
          3   -3.079E-01                                 F               0         Tower Z translation displacement, node 1, m
          4    1.240E+01                                 F               0         Tower X translation displacement, node 2, m
          5   -1.629E+00                                 F               0         Tower Y translation displacement, node 2, m
          6   -4.002E-01                                 F               0         Tower Z translation displacement, node 2, m
          7    1.382E+01                                 F               0         Tower X translation displacement, node 3, m
          8   -2.141E+00                                 F               0         Tower Y translation displacement, node 3, m
          9   -4.925E-01                                 F               0         Tower Z translation displacement, node 3, m
         10    1.523E+01                                 F               0         Tower X translation displacement, node 4, m
         11   -2.654E+00                                 F               0         Tower Y translation displacement, node 4, m
         12   -5.848E-01                                 F               0         Tower Z translation displacement, node 4, m
         13    1.665E+01                                 F               0         Tower X translation displacement, node 5, m
         14   -3.166E+00                                 F               0         Tower Y translation displacement, node 5, m
         15   -6.771E-01                                 F               0         Tower Z translation displacement, node 5, m
         16    1.807E+01                                 F               0         Tower X translation displacement, node 6, m
         17   -3.678E+00                                 F               0         Tower Y translation displacement, node 6, m
         18   -7.694E-01                                 F               0         Tower Z translation displacement, node 6, m
         19    1.949E+01                                 F               0         Tower X translation displacement, node 7, m
         20   -4.190E+00                                 F               0         Tower Y translation displacement, node 7, m
         21   -8.617E-01                                 F               0         Tower Z translation displacement, node 7, m
         22    2.091E+01                                 F               0         Tower X translation displacement, node 8, m
         23   -4.702E+00                                 F               0         Tower Y translation displacement, node 8, m
         24   -9.540E-01                                 F               0         Tower Z translation displacement, node 8, m
         25    2.232E+01                                 F               0         Tower X translation displacement, node 9, m
         26   -5.214E+00                                 F               0         Tower Y translation displacement, node 9, m
         27   -1.046E+00                                 F               0         Tower Z translation displacement, node 9, m
         28    2.374E+01                                 F               0         Tower X translation displacement, node 10, m
         29   -5.726E+00                                 F               0         Tower Y translation displacement, node 10, m
         30   -1.139E+00                                 F               0         Tower Z translation displacement, node 10, m
         31    2.516E+01                                 F               0         Tower X translation displacement, node 11, m
         32   -6.238E+00                                 F               0         Tower Y translation displacement, node 11, m
         33   -1.231E+00                                 F               0         Tower Z translation displacement, node 11, m
         34    9.934E-01,  9.900E-03, -1.144E-01         F               0         Tower X orientation angle, node 1, rad
         35   -5.083E-03,  9.991E-01,  4.231E-02         F               0         Tower Y orientation angle, node 1, rad
         36    1.148E-01, -4.144E-02,  9.925E-01         F               0         Tower Z orientation angle, node 1, rad
         37    9.934E-01,  9.900E-03, -1.144E-01         F               0         Tower X orientation angle, node 2, rad
         38   -5.083E-03,  9.991E-01,  4.231E-02         F               0         Tower Y orientation angle, node 2, rad
         39    1.148E-01, -4.144E-02,  9.925E-01         F               0         Tower Z orientation angle, node 2, rad
         40    9.934E-01,  9.900E-03, -1.144E-01         F               0         Tower X orientation angle, node 3, rad
         41   -5.083E-03,  9.991E-01,  4.231E-02         F               0         Tower Y orientation angle, node 3, rad
         42    1.148E-01, -4.144E-02,  9.925E-01         F               0         Tower Z orientation angle, node 3, rad
         43    9.934E-01,  9.900E-03, -1.144E-01         F               0         Tower X orientation angle, node 4, rad
         44   -5.083E-03,  9.991E-01,  4.231E-02         F               0         Tower Y orientation angle, node 4, rad
         45    1.148E-01, -4.144E-02,  9.925E-01         F               0         Tower Z orientation angle, node 4, rad
         46    9.934E-01,  9.900E-03, -1.144E-01         F               0         Tower X orientation angle, node 5, rad
         47   -5.083E-03,  9.991E-01,  4.231E-02         F               0         Tower Y orientation angle, node 5, rad
         48    1.148E-01, -4.144E-02,  9.925E-01         F               0         Tower Z orientation angle, node 5, rad
         49    9.934E-01,  9.900E-03, -1.144E-01         F               0         Tower X orientation angle, node 6, rad
         50   -5.083E-03,  9.991E-01,  4.231E-02         F               0         Tower Y orientation angle, node 6, rad
         51    1.148E-01, -4.144E-02,  9.925E-01         F               0         Tower Z orientation angle, node 6, rad
         52    9.934E-01,  9.900E-03, -1.144E-01         F               0         Tower X orientation angle, node 7, rad
         53   -5.083E-03,  9.991E-01,  4.231E-02         F               0         Tower Y orientation angle, node 7, rad
         54    1.148E-01, -4.144E-02,  9.925E-01         F               0         Tower Z orientation angle, node 7, rad
         55    9.934E-01,  9.900E-03, -1.144E-01         F               0         Tower X orientation angle, node 8, rad
         56   -5.083E-03,  9.991E-01,  4.231E-02         F               0         Tower Y orientation angle, node 8, rad
         57    1.148E-01, -4.144E-02,  9.925E-01         F               0         Tower Z orientation angle, node 8, rad
         58    9.934E-01,  9.900E-03, -1.144E-01         F               0         Tower X orientation angle, node 9, rad
         59   -5.083E-03,  9.991E-01,  4.231E-02         F               0         Tower Y orientation angle, node 9, rad
         60    1.148E-01, -4.144E-02,  9.925E-01         F               0         Tower Z orientation angle, node 9, rad
         61    9.934E-01,  9.900E-03, -1.144E-01         F               0         Tower X orientation angle, node 10, rad
         62   -5.083E-03,  9.991E-01,  4.231E-02         F               0         Tower Y orientation angle, node 10, rad
         63    1.148E-01, -4.144E-02,  9.925E-01         F               0         Tower Z orientation angle, node 10, rad
         64    9.934E-01,  9.900E-03, -1.144E-01         F               0         Tower X orientation angle, node 11, rad
         65   -5.083E-03,  9.991E-01,  4.231E-02         F               0         Tower Y orientation angle, node 11, rad
         66    1.148E-01, -4.144E-02,  9.925E-01         F               0         Tower Z orientation angle, node 11, rad
         67   -3.059E-03                                 F               0         Tower X translation velocity, node 1, m/s
         68    2.000E-03                                 F               0         Tower Y translation velocity, node 1, m/s
         69    2.439E-03                                 F               0         Tower Z translation velocity, node 1, m/s
         70   -2.740E-03                                 F               0         Tower X translation velocity, node 2, m/s
         71    1.975E-03                                 F               0         Tower Y translation velocity, node 2, m/s
         72    2.401E-03                                 F               0         Tower Z translation velocity, node 2, m/s
         73   -2.421E-03                                 F               0         Tower X translation velocity, node 3, m/s
         74    1.950E-03                                 F               0         Tower Y translation velocity, node 3, m/s
         75    2.363E-03                                 F               0         Tower Z translation velocity, node 3, m/s
         76   -2.102E-03                                 F               0         Tower X translation velocity, node 4, m/s
         77    1.925E-03                                 F               0         Tower Y translation velocity, node 4, m/s
         78    2.325E-03                                 F               0         Tower Z translation velocity, node 4, m/s
         79   -1.783E-03                                 F               0         Tower X translation velocity, node 5, m/s
         80    1.899E-03                                 F               0         Tower Y translation velocity, node 5, m/s
         81    2.287E-03                                 F               0         Tower Z translation velocity, node 5, m/s
         82   -1.465E-03                                 F               0         Tower X translation velocity, node 6, m/s
         83    1.874E-03                                 F               0         Tower Y translation velocity, node 6, m/s
         84    2.249E-03                                 F               0         Tower Z translation velocity, node 6, m/s
         85   -1.146E-03                                 F               0         Tower X translation velocity, node 7, m/s
         86    1.849E-03                                 F               0         Tower Y translation velocity, node 7, m/s
         87    2.211E-03                                 F               0         Tower Z translation velocity, node 7, m/s
         88   -8.269E-04                                 F               0         Tower X translation velocity, node 8, m/s
         89    1.823E-03                                 F               0         Tower Y translation velocity, node 8, m/s
         90    2.173E-03                                 F               0         Tower Z translation velocity, node 8, m/s
         91   -5.080E-04                                 F               0         Tower X translation velocity, node 9, m/s
         92    1.798E-03                                 F               0         Tower Y translation velocity, node 9, m/s
         93    2.135E-03                                 F               0         Tower Z translation velocity, node 9, m/s
         94   -1.891E-04                                 F               0         Tower X translation velocity, node 10, m/s
         95    1.773E-03                                 F               0         Tower Y translation velocity, node 10, m/s
         96    2.098E-03                                 F               0         Tower Z translation velocity, node 10, m/s
         97    1.297E-04                                 F               0         Tower X translation velocity, node 11, m/s
         98    1.748E-03                                 F               0         Tower Y translation velocity, node 11, m/s
         99    2.060E-03                                 F               0         Tower Z translation velocity, node 11, m/s
        100    2.613E+01                                 F               0         Hub X translation displacement, node 1, m
        101   -6.670E+00                                 F               0         Hub Y translation displacement, node 1, m
        102   -5.358E-02                                 F               0         Hub Z translation displacement, node 1, m
        103    9.759E-01,  1.418E-02, -2.176E-01         F               0         Hub X orientation angle, node 1, rad
        104    2.169E-01,  3.722E-02,  9.755E-01         F               0         Hub Y orientation angle, node 1, rad
        105    2.193E-02, -9.992E-01,  3.325E-02         F               0         Hub Z orientation angle, node 1, rad
        106    8.582E-01                                 F               0         Hub X rotation velocity, node 1, rad/s
        107    1.249E-02                                 F               0         Hub Y rotation velocity, node 1, rad/s
        108   -1.913E-01                                 F               0         Hub Z rotation velocity, node 1, rad/s
        109    9.691E-01,  1.307E-02, -2.464E-01         F               0         Blade root 1 X orientation angle, node 1, rad
        110    2.458E-01,  3.762E-02,  9.686E-01         F               0         Blade root 1 Y orientation angle, node 1, rad
        111    2.193E-02, -9.992E-01,  3.325E-02         F               0         Blade root 1 Z orientation angle, node 1, rad
        112    9.782E-01,  4.039E-02, -2.038E-01         F               0         Blade root 2 X orientation angle, node 1, rad
        113   -6.047E-02, -8.831E-01, -4.652E-01         F               0         Blade root 2 Y orientation angle, node 1, rad
        114   -1.988E-01,  4.674E-01, -8.614E-01         F               0         Blade root 2 Z orientation angle, node 1, rad
        115    9.793E-01, -1.095E-02, -2.021E-01         F               0         Blade root 3 X orientation angle, node 1, rad
        116   -9.844E-02,  8.468E-01, -5.228E-01         F               0         Blade root 3 Y orientation angle, node 1, rad
        117    1.769E-01,  5.318E-01,  8.282E-01         F               0         Blade root 3 Z orientation angle, node 1, rad
        118    2.567E+01                                 F               0         Blade 1 X translation displacement, node 1, m
        119   -1.221E+01                                 F               0         Blade 1 Y translation displacement, node 1, m
        120   -5.379E+00                                 F               0         Blade 1 Z translation displacement, node 1, m
        121    2.556E+01                                 F               0         Blade 1 X translation displacement, node 2, m
        122   -1.354E+01                                 F               0         Blade 1 Y translation displacement, node 2, m
        123   -6.662E+00                                 F               0         Blade 1 Z translation displacement, node 2, m
        124    2.406E+01                                 F               0         Blade 1 X translation displacement, node 3, m
        125   -3.168E+01                                 F               0         Blade 1 Y translation displacement, node 3, m
        126   -2.411E+01                                 F               0         Blade 1 Z translation displacement, node 3, m
        127    2.374E+01                                 F               0         Blade 1 X translation displacement, node 4, m
        128   -3.554E+01                                 F               0         Blade 1 Y translation displacement, node 4, m
        129   -2.783E+01                                 F               0         Blade 1 Z translation displacement, node 4, m
        130    2.343E+01                                 F               0         Blade 1 X translation displacement, node 5, m
        131   -3.941E+01                                 F               0         Blade 1 Y translation displacement, node 5, m
        132   -3.155E+01                                 F               0         Blade 1 Z translation displacement, node 5, m
        133    2.311E+01                                 F               0         Blade 1 X translation displacement, node 6, m
        134   -4.327E+01                                 F               0         Blade 1 Y translation displacement, node 6, m
        135   -3.527E+01                                 F               0         Blade 1 Z translation displacement, node 6, m
        136    2.279E+01                                 F               0         Blade 1 X translation displacement, node 7, m
        137   -4.714E+01                                 F               0         Blade 1 Y translation displacement, node 7, m
        138   -3.898E+01                                 F               0         Blade 1 Z translation displacement, node 7, m
        139    2.247E+01                                 F               0         Blade 1 X translation displacement, node 8, m
        140   -5.100E+01                                 F               0         Blade 1 Y translation displacement, node 8, m
        141   -4.270E+01                                 F               0         Blade 1 Z translation displacement, node 8, m
        142    2.215E+01                                 F               0         Blade 1 X translation displacement, node 9, m
        143   -5.487E+01                                 F               0         Blade 1 Y translation displacement, node 9, m
        144   -4.642E+01                                 F               0         Blade 1 Z translation displacement, node 9, m
        145    2.183E+01                                 F               0         Blade 1 X translation displacement, node 10, m
        146   -5.873E+01                                 F               0         Blade 1 Y translation displacement, node 10, m
        147   -5.014E+01                                 F               0         Blade 1 Z translation displacement, node 10, m
        148    2.151E+01                                 F               0         Blade 1 X translation displacement, node 11, m
        149   -6.259E+01                                 F               0         Blade 1 Y translation displacement, node 11, m
        150   -5.385E+01                                 F               0         Blade 1 Z translation displacement, node 11, m
        151    2.119E+01                                 F               0         Blade 1 X translation displacement, node 12, m
        152   -6.646E+01                                 F               0         Blade 1 Y translation displacement, node 12, m
        153   -5.757E+01                                 F               0         Blade 1 Z translation displacement, node 12, m
        154    2.087E+01                                 F               0         Blade 1 X translation displacement, node 13, m
        155   -7.032E+01                                 F               0         Blade 1 Y translation displacement, node 13, m
        156   -6.129E+01                                 F               0         Blade 1 Z translation displacement, node 13, m
        157    2.055E+01                                 F               0         Blade 1 X translation displacement, node 14, m
        158   -7.419E+01                                 F               0         Blade 1 Y translation displacement, node 14, m
        159   -6.501E+01                                 F               0         Blade 1 Z translation displacement, node 14, m
        160    2.023E+01                                 F               0         Blade 1 X translation displacement, node 15, m
        161   -7.805E+01                                 F               0         Blade 1 Y translation displacement, node 15, m
        162   -6.873E+01                                 F               0         Blade 1 Z translation displacement, node 15, m
        163    1.991E+01                                 F               0         Blade 1 X translation displacement, node 16, m
        164   -8.192E+01                                 F               0         Blade 1 Y translation displacement, node 16, m
        165   -7.244E+01                                 F               0         Blade 1 Z translation displacement, node 16, m
        166    1.959E+01                                 F               0         Blade 1 X translation displacement, node 17, m
        167   -8.578E+01                                 F               0         Blade 1 Y translation displacement, node 17, m
        168   -7.616E+01                                 F               0         Blade 1 Z translation displacement, node 17, m
        169    1.927E+01                                 F               0         Blade 1 X translation displacement, node 18, m
        170   -8.965E+01                                 F               0         Blade 1 Y translation displacement, node 18, m
        171   -7.988E+01                                 F               0         Blade 1 Z translation displacement, node 18, m
        172    1.895E+01                                 F               0         Blade 1 X translation displacement, node 19, m
        173   -9.351E+01                                 F               0         Blade 1 Y translation displacement, node 19, m
        174   -8.360E+01                                 F               0         Blade 1 Z translation displacement, node 19, m
        175    1.863E+01                                 F               0         Blade 1 X translation displacement, node 20, m
        176   -9.738E+01                                 F               0         Blade 1 Y translation displacement, node 20, m
        177   -8.732E+01                                 F               0         Blade 1 Z translation displacement, node 20, m
        178    1.831E+01                                 F               0         Blade 1 X translation displacement, node 21, m
        179   -1.012E+02                                 F               0         Blade 1 Y translation displacement, node 21, m
        180   -9.103E+01                                 F               0         Blade 1 Z translation displacement, node 21, m
        181    1.799E+01                                 F               0         Blade 1 X translation displacement, node 22, m
        182   -1.051E+02                                 F               0         Blade 1 Y translation displacement, node 22, m
        183   -9.475E+01                                 F               0         Blade 1 Z translation displacement, node 22, m
        184    1.767E+01                                 F               0         Blade 1 X translation displacement, node 23, m
        185   -1.090E+02                                 F               0         Blade 1 Y translation displacement, node 23, m
        186   -9.847E+01                                 F               0         Blade 1 Z translation displacement, node 23, m
        187    1.735E+01                                 F               0         Blade 1 X translation displacement, node 24, m
        188   -1.128E+02                                 F               0         Blade 1 Y translation displacement, node 24, m
        189   -1.022E+02                                 F               0         Blade 1 Z translation displacement, node 24, m
        190    1.704E+01                                 F               0         Blade 1 X translation displacement, node 25, m
        191   -1.167E+02                                 F               0         Blade 1 Y translation displacement, node 25, m
        192   -1.059E+02                                 F               0         Blade 1 Z translation displacement, node 25, m
        193    1.672E+01                                 F               0         Blade 1 X translation displacement, node 26, m
        194   -1.206E+02                                 F               0         Blade 1 Y translation displacement, node 26, m
        195   -1.096E+02                                 F               0         Blade 1 Z translation displacement, node 26, m
        196    1.640E+01                                 F               0         Blade 1 X translation displacement, node 27, m
        197   -1.244E+02                                 F               0         Blade 1 Y translation displacement, node 27, m
        198   -1.133E+02                                 F               0         Blade 1 Z translation displacement, node 27, m
        199    1.613E+01                                 F               0         Blade 1 X translation displacement, node 28, m
        200   -1.277E+02                                 F               0         Blade 1 Y translation displacement, node 28, m
        201   -1.165E+02                                 F               0         Blade 1 Z translation displacement, node 28, m
        202    7.504E-01, -5.526E-03, -6.610E-01         F               0         Blade 1 X orientation angle, node 1, rad
        203    6.606E-01,  3.944E-02,  7.497E-01         F               0         Blade 1 Y orientation angle, node 1, rad
        204    2.193E-02, -9.992E-01,  3.325E-02         F               0         Blade 1 Z orientation angle, node 1, rad
        205    7.504E-01, -5.526E-03, -6.610E-01         F               0         Blade 1 X orientation angle, node 2, rad
        206    6.606E-01,  3.944E-02,  7.497E-01         F               0         Blade 1 Y orientation angle, node 2, rad
        207    2.193E-02, -9.992E-01,  3.325E-02         F               0         Blade 1 Z orientation angle, node 2, rad
        208    8.856E-01,  3.979E-03, -4.645E-01         F               0         Blade 1 X orientation angle, node 3, rad
        209    4.640E-01,  3.963E-02,  8.850E-01         F               0         Blade 1 Y orientation angle, node 3, rad
        210    2.193E-02, -9.992E-01,  3.325E-02         F               0         Blade 1 Z orientation angle, node 3, rad
        211    9.044E-01,  5.649E-03, -4.267E-01         F               0         Blade 1 X orientation angle, node 4, rad
        212    4.262E-01,  3.942E-02,  9.038E-01         F               0         Blade 1 Y orientation angle, node 4, rad
        213    2.193E-02, -9.992E-01,  3.325E-02         F               0         Blade 1 Z orientation angle, node 4, rad
        214    9.180E-01,  6.953E-03, -3.965E-01         F               0         Blade 1 X orientation angle, node 5, rad
        215    3.959E-01,  3.921E-02,  9.174E-01         F               0         Blade 1 Y orientation angle, node 5, rad
        216    2.193E-02, -9.992E-01,  3.325E-02         F               0         Blade 1 Z orientation angle, node 5, rad
        217    9.282E-01,  7.991E-03, -3.720E-01         F               0         Blade 1 X orientation angle, node 6, rad
        218    3.715E-01,  3.902E-02,  9.276E-01         F               0         Blade 1 Y orientation angle, node 6, rad
        219    2.193E-02, -9.992E-01,  3.325E-02         F               0         Blade 1 Z orientation angle, node 6, rad
        220    9.361E-01,  8.840E-03, -3.517E-01         F               0         Blade 1 X orientation angle, node 7, rad
        221    3.511E-01,  3.883E-02,  9.355E-01         F               0         Blade 1 Y orientation angle, node 7, rad
        222    2.193E-02, -9.992E-01,  3.325E-02         F               0         Blade 1 Z orientation angle, node 7, rad
        223    9.423E-01,  9.543E-03, -3.347E-01         F               0         Blade 1 X orientation angle, node 8, rad
        224    3.341E-01,  3.867E-02,  9.418E-01         F               0         Blade 1 Y orientation angle, node 8, rad
        225    2.193E-02, -9.992E-01,  3.325E-02         F               0         Blade 1 Z orientation angle, node 8, rad
        226    9.473E-01,  1.014E-02, -3.201E-01         F               0         Blade 1 X orientation angle, node 9, rad
        227    3.196E-01,  3.851E-02,  9.468E-01         F               0         Blade 1 Y orientation angle, node 9, rad
        228    2.193E-02, -9.992E-01,  3.325E-02         F               0         Blade 1 Z orientation angle, node 9, rad
        229    9.515E-01,  1.065E-02, -3.076E-01         F               0         Blade 1 X orientation angle, node 10, rad
        230    3.070E-01,  3.838E-02,  9.509E-01         F               0         Blade 1 Y orientation angle, node 10, rad
        231    2.193E-02, -9.992E-01,  3.325E-02         F               0         Blade 1 Z orientation angle, node 10, rad
        232    9.549E-01,  1.108E-02, -2.968E-01         F               0         Blade 1 X orientation angle, node 11, rad
        233    2.962E-01,  3.825E-02,  9.544E-01         F               0         Blade 1 Y orientation angle, node 11, rad
        234    2.193E-02, -9.992E-01,  3.325E-02         F               0         Blade 1 Z orientation angle, node 11, rad
        235    9.578E-01,  1.146E-02, -2.872E-01         F               0         Blade 1 X orientation angle, node 12, rad
        236    2.866E-01,  3.814E-02,  9.573E-01         F               0         Blade 1 Y orientation angle, node 12, rad
        237    2.193E-02, -9.992E-01,  3.325E-02         F               0         Blade 1 Z orientation angle, node 12, rad
        238    9.603E-01,  1.179E-02, -2.789E-01         F               0         Blade 1 X orientation angle, node 13, rad
        239    2.783E-01,  3.804E-02,  9.598E-01         F               0         Blade 1 Y orientation angle, node 13, rad
        240    2.193E-02, -9.992E-01,  3.325E-02         F               0         Blade 1 Z orientation angle, node 13, rad
        241    9.624E-01,  1.209E-02, -2.713E-01         F               0         Blade 1 X orientation angle, node 14, rad
        242    2.707E-01,  3.795E-02,  9.619E-01         F               0         Blade 1 Y orientation angle, node 14, rad
        243    2.193E-02, -9.992E-01,  3.325E-02         F               0         Blade 1 Z orientation angle, node 14, rad
        244    9.643E-01,  1.236E-02, -2.646E-01         F               0         Blade 1 X orientation angle, node 15, rad
        245    2.640E-01,  3.786E-02,  9.638E-01         F               0         Blade 1 Y orientation angle, node 15, rad
        246    2.193E-02, -9.992E-01,  3.325E-02         F               0         Blade 1 Z orientation angle, node 15, rad
        247    9.659E-01,  1.259E-02, -2.586E-01         F               0         Blade 1 X orientation angle, node 16, rad
        248    2.579E-01,  3.778E-02,  9.654E-01         F               0         Blade 1 Y orientation angle, node 16, rad
        249    2.193E-02, -9.992E-01,  3.325E-02         F               0         Blade 1 Z orientation angle, node 16, rad
        250    9.673E-01,  1.280E-02, -2.532E-01         F               0         Blade 1 X orientation angle, node 17, rad
        251    2.525E-01,  3.771E-02,  9.669E-01         F               0         Blade 1 Y orientation angle, node 17, rad
        252    2.193E-02, -9.992E-01,  3.325E-02         F               0         Blade 1 Z orientation angle, node 17, rad
        253    9.686E-01,  1.300E-02, -2.481E-01         F               0         Blade 1 X orientation angle, node 18, rad
        254    2.475E-01,  3.764E-02,  9.682E-01         F               0         Blade 1 Y orientation angle, node 18, rad
        255    2.193E-02, -9.992E-01,  3.325E-02         F               0         Blade 1 Z orientation angle, node 18, rad
        256    9.698E-01,  1.318E-02, -2.435E-01         F               0         Blade 1 X orientation angle, node 19, rad
        257    2.429E-01,  3.758E-02,  9.693E-01         F               0         Blade 1 Y orientation angle, node 19, rad
        258    2.193E-02, -9.992E-01,  3.325E-02         F               0         Blade 1 Z orientation angle, node 19, rad
        259    9.708E-01,  1.334E-02, -2.395E-01         F               0         Blade 1 X orientation angle, node 20, rad
        260    2.388E-01,  3.753E-02,  9.703E-01         F               0         Blade 1 Y orientation angle, node 20, rad
        261    2.193E-02, -9.992E-01,  3.325E-02         F               0         Blade 1 Z orientation angle, node 20, rad
        262    9.718E-01,  1.349E-02, -2.356E-01         F               0         Blade 1 X orientation angle, node 21, rad
        263    2.349E-01,  3.747E-02,  9.713E-01         F               0         Blade 1 Y orientation angle, node 21, rad
        264    2.193E-02, -9.992E-01,  3.325E-02         F               0         Blade 1 Z orientation angle, node 21, rad
        265    9.726E-01,  1.362E-02, -2.320E-01         F               0         Blade 1 X orientation angle, node 22, rad
        266    2.314E-01,  3.742E-02,  9.721E-01         F               0         Blade 1 Y orientation angle, node 22, rad
        267    2.193E-02, -9.992E-01,  3.325E-02         F               0         Blade 1 Z orientation angle, node 22, rad
        268    9.734E-01,  1.375E-02, -2.288E-01         F               0         Blade 1 X orientation angle, node 23, rad
        269    2.281E-01,  3.738E-02,  9.729E-01         F               0         Blade 1 Y orientation angle, node 23, rad
        270    2.193E-02, -9.992E-01,  3.325E-02         F               0         Blade 1 Z orientation angle, node 23, rad
        271    9.741E-01,  1.387E-02, -2.257E-01         F               0         Blade 1 X orientation angle, node 24, rad
        272    2.251E-01,  3.733E-02,  9.736E-01         F               0         Blade 1 Y orientation angle, node 24, rad
        273    2.193E-02, -9.992E-01,  3.325E-02         F               0         Blade 1 Z orientation angle, node 24, rad
        274    9.748E-01,  1.398E-02, -2.228E-01         F               0         Blade 1 X orientation angle, node 25, rad
        275    2.222E-01,  3.729E-02,  9.743E-01         F               0         Blade 1 Y orientation angle, node 25, rad
        276    2.193E-02, -9.992E-01,  3.325E-02         F               0         Blade 1 Z orientation angle, node 25, rad
        277    9.753E-01,  1.407E-02, -2.203E-01         F               0         Blade 1 X orientation angle, node 26, rad
        278    2.196E-01,  3.726E-02,  9.749E-01         F               0         Blade 1 Y orientation angle, node 26, rad
        279    2.193E-02, -9.992E-01,  3.325E-02         F               0         Blade 1 Z orientation angle, node 26, rad
        280    9.759E-01,  1.417E-02, -2.177E-01         F               0         Blade 1 X orientation angle, node 27, rad
        281    2.171E-01,  3.722E-02,  9.754E-01         F               0         Blade 1 Y orientation angle, node 27, rad
        282    2.193E-02, -9.992E-01,  3.325E-02         F               0         Blade 1 Z orientation angle, node 27, rad
        283    9.762E-01,  1.422E-02, -2.164E-01         F               0         Blade 1 X orientation angle, node 28, rad
        284    2.157E-01,  3.720E-02,  9.757E-01         F               0         Blade 1 Y orientation angle, node 28, rad
        285    2.193E-02, -9.992E-01,  3.325E-02         F               0         Blade 1 Z orientation angle, node 28, rad
        286   -1.057E+00                                 F               0         Blade 1 X translation velocity, node 1, m/s
        287   -1.792E-01                                 F               0         Blade 1 Y translation velocity, node 1, m/s
        288   -4.750E+00                                 F               0         Blade 1 Z translation velocity, node 1, m/s
        289   -1.311E+00                                 F               0         Blade 1 X translation velocity, node 2, m/s
        290   -2.229E-01                                 F               0         Blade 1 Y translation velocity, node 2, m/s
        291   -5.895E+00                                 F               0         Blade 1 Z translation velocity, node 2, m/s
        292   -4.774E+00                                 F               0         Blade 1 X translation velocity, node 3, m/s
        293   -8.170E-01                                 F               0         Blade 1 Y translation velocity, node 3, m/s
        294   -2.147E+01                                 F               0         Blade 1 Z translation velocity, node 3, m/s
        295   -5.512E+00                                 F               0         Blade 1 X translation velocity, node 4, m/s
        296   -9.435E-01                                 F               0         Blade 1 Y translation velocity, node 4, m/s
        297   -2.478E+01                                 F               0         Blade 1 Z translation velocity, node 4, m/s
        298   -6.250E+00                                 F               0         Blade 1 X translation velocity, node 5, m/s
        299   -1.070E+00                                 F               0         Blade 1 Y translation velocity, node 5, m/s
        300   -2.810E+01                                 F               0         Blade 1 Z translation velocity, node 5, m/s
        301   -6.988E+00                                 F               0         Blade 1 X translation velocity, node 6, m/s
        302   -1.197E+00                                 F               0         Blade 1 Y translation velocity, node 6, m/s
        303   -3.142E+01                                 F               0         Blade 1 Z translation velocity, node 6, m/s
        304   -7.726E+00                                 F               0         Blade 1 X translation velocity, node 7, m/s
        305   -1.323E+00                                 F               0         Blade 1 Y translation velocity, node 7, m/s
        306   -3.474E+01                                 F               0         Blade 1 Z translation velocity, node 7, m/s
        307   -8.464E+00                                 F               0         Blade 1 X translation velocity, node 8, m/s
