
Linearized model: Predictions were generated on 30-Jan-2024 at 18:20:32 using OpenFAST, compiled as a 64-bit application using single precision at commit v3.5.1
 linked with  NWTC Subroutine Library; ElastoDyn; InflowWind; AeroDyn; ServoDyn; HydroDyn; MAP++ (<1.20.10>, <Oct-20-2023>)

Description from the FAST input file: CCT-9 Campign 4 model. Input files to be run with OpenFAST 3.5.0. GitHub branch from Lu Wang (https://github.com/luwang00/openfast/tree/dev) compiled on March 7, 2023.

Simulation information:
   Simulation time:                   504.2000 s
   Rotor Speed:                         0.8794 rad/s
   Azimuth:                             2.5706 rad
   Wind Speed:                         10.0000 m/s
   Number of continuous states:         0
   Number of discrete states:           0
   Number of constraint states:         0
   Number of inputs:                 1746
   Number of outputs:                   4
   Jacobians included in this file?    No

Order of inputs:
     Column   Operating Point                     Rotating Frame? Derivative Order Description
   ---------- ---------------                     --------------- ---------------- -----------
          1    1.098E+01                                 F               0         Tower X translation displacement, node 1, m
          2   -1.117E+00                                 F               0         Tower Y translation displacement, node 1, m
          3   -3.040E-01                                 F               0         Tower Z translation displacement, node 1, m
          4    1.240E+01                                 F               0         Tower X translation displacement, node 2, m
          5   -1.630E+00                                 F               0         Tower Y translation displacement, node 2, m
          6   -3.964E-01                                 F               0         Tower Z translation displacement, node 2, m
          7    1.381E+01                                 F               0         Tower X translation displacement, node 3, m
          8   -2.143E+00                                 F               0         Tower Y translation displacement, node 3, m
          9   -4.888E-01                                 F               0         Tower Z translation displacement, node 3, m
         10    1.523E+01                                 F               0         Tower X translation displacement, node 4, m
         11   -2.656E+00                                 F               0         Tower Y translation displacement, node 4, m
         12   -5.812E-01                                 F               0         Tower Z translation displacement, node 4, m
         13    1.665E+01                                 F               0         Tower X translation displacement, node 5, m
         14   -3.169E+00                                 F               0         Tower Y translation displacement, node 5, m
         15   -6.736E-01                                 F               0         Tower Z translation displacement, node 5, m
         16    1.807E+01                                 F               0         Tower X translation displacement, node 6, m
         17   -3.682E+00                                 F               0         Tower Y translation displacement, node 6, m
         18   -7.660E-01                                 F               0         Tower Z translation displacement, node 6, m
         19    1.949E+01                                 F               0         Tower X translation displacement, node 7, m
         20   -4.195E+00                                 F               0         Tower Y translation displacement, node 7, m
         21   -8.584E-01                                 F               0         Tower Z translation displacement, node 7, m
         22    2.090E+01                                 F               0         Tower X translation displacement, node 8, m
         23   -4.708E+00                                 F               0         Tower Y translation displacement, node 8, m
         24   -9.508E-01                                 F               0         Tower Z translation displacement, node 8, m
         25    2.232E+01                                 F               0         Tower X translation displacement, node 9, m
         26   -5.221E+00                                 F               0         Tower Y translation displacement, node 9, m
         27   -1.043E+00                                 F               0         Tower Z translation displacement, node 9, m
         28    2.374E+01                                 F               0         Tower X translation displacement, node 10, m
         29   -5.734E+00                                 F               0         Tower Y translation displacement, node 10, m
         30   -1.136E+00                                 F               0         Tower Z translation displacement, node 10, m
         31    2.516E+01                                 F               0         Tower X translation displacement, node 11, m
         32   -6.247E+00                                 F               0         Tower Y translation displacement, node 11, m
         33   -1.228E+00                                 F               0         Tower Z translation displacement, node 11, m
         34    9.934E-01,  9.852E-03, -1.145E-01         F               0         Tower X orientation angle, node 1, rad
         35   -5.026E-03,  9.991E-01,  4.238E-02         F               0         Tower Y orientation angle, node 1, rad
         36    1.148E-01, -4.152E-02,  9.925E-01         F               0         Tower Z orientation angle, node 1, rad
         37    9.934E-01,  9.852E-03, -1.145E-01         F               0         Tower X orientation angle, node 2, rad
         38   -5.026E-03,  9.991E-01,  4.238E-02         F               0         Tower Y orientation angle, node 2, rad
         39    1.148E-01, -4.152E-02,  9.925E-01         F               0         Tower Z orientation angle, node 2, rad
         40    9.934E-01,  9.852E-03, -1.145E-01         F               0         Tower X orientation angle, node 3, rad
         41   -5.026E-03,  9.991E-01,  4.238E-02         F               0         Tower Y orientation angle, node 3, rad
         42    1.148E-01, -4.152E-02,  9.925E-01         F               0         Tower Z orientation angle, node 3, rad
         43    9.934E-01,  9.852E-03, -1.145E-01         F               0         Tower X orientation angle, node 4, rad
         44   -5.026E-03,  9.991E-01,  4.238E-02         F               0         Tower Y orientation angle, node 4, rad
         45    1.148E-01, -4.152E-02,  9.925E-01         F               0         Tower Z orientation angle, node 4, rad
         46    9.934E-01,  9.852E-03, -1.145E-01         F               0         Tower X orientation angle, node 5, rad
         47   -5.026E-03,  9.991E-01,  4.238E-02         F               0         Tower Y orientation angle, node 5, rad
         48    1.148E-01, -4.152E-02,  9.925E-01         F               0         Tower Z orientation angle, node 5, rad
         49    9.934E-01,  9.852E-03, -1.145E-01         F               0         Tower X orientation angle, node 6, rad
         50   -5.026E-03,  9.991E-01,  4.238E-02         F               0         Tower Y orientation angle, node 6, rad
         51    1.148E-01, -4.152E-02,  9.925E-01         F               0         Tower Z orientation angle, node 6, rad
         52    9.934E-01,  9.852E-03, -1.145E-01         F               0         Tower X orientation angle, node 7, rad
         53   -5.026E-03,  9.991E-01,  4.238E-02         F               0         Tower Y orientation angle, node 7, rad
         54    1.148E-01, -4.152E-02,  9.925E-01         F               0         Tower Z orientation angle, node 7, rad
         55    9.934E-01,  9.852E-03, -1.145E-01         F               0         Tower X orientation angle, node 8, rad
         56   -5.026E-03,  9.991E-01,  4.238E-02         F               0         Tower Y orientation angle, node 8, rad
         57    1.148E-01, -4.152E-02,  9.925E-01         F               0         Tower Z orientation angle, node 8, rad
         58    9.934E-01,  9.852E-03, -1.145E-01         F               0         Tower X orientation angle, node 9, rad
         59   -5.026E-03,  9.991E-01,  4.238E-02         F               0         Tower Y orientation angle, node 9, rad
         60    1.148E-01, -4.152E-02,  9.925E-01         F               0         Tower Z orientation angle, node 9, rad
         61    9.934E-01,  9.852E-03, -1.145E-01         F               0         Tower X orientation angle, node 10, rad
         62   -5.026E-03,  9.991E-01,  4.238E-02         F               0         Tower Y orientation angle, node 10, rad
         63    1.148E-01, -4.152E-02,  9.925E-01         F               0         Tower Z orientation angle, node 10, rad
         64    9.934E-01,  9.852E-03, -1.145E-01         F               0         Tower X orientation angle, node 11, rad
         65   -5.026E-03,  9.991E-01,  4.238E-02         F               0         Tower Y orientation angle, node 11, rad
         66    1.148E-01, -4.152E-02,  9.925E-01         F               0         Tower Z orientation angle, node 11, rad
         67   -3.333E-03                                 F               0         Tower X translation velocity, node 1, m/s
         68   -1.265E-03                                 F               0         Tower Y translation velocity, node 1, m/s
         69    3.773E-03                                 F               0         Tower Z translation velocity, node 1, m/s
         70   -2.984E-03                                 F               0         Tower X translation velocity, node 2, m/s
         71   -2.890E-03                                 F               0         Tower Y translation velocity, node 2, m/s
         72    3.665E-03                                 F               0         Tower Z translation velocity, node 2, m/s
         73   -2.635E-03                                 F               0         Tower X translation velocity, node 3, m/s
         74   -4.516E-03                                 F               0         Tower Y translation velocity, node 3, m/s
         75    3.557E-03                                 F               0         Tower Z translation velocity, node 3, m/s
         76   -2.287E-03                                 F               0         Tower X translation velocity, node 4, m/s
         77   -6.142E-03                                 F               0         Tower Y translation velocity, node 4, m/s
         78    3.448E-03                                 F               0         Tower Z translation velocity, node 4, m/s
         79   -1.938E-03                                 F               0         Tower X translation velocity, node 5, m/s
         80   -7.767E-03                                 F               0         Tower Y translation velocity, node 5, m/s
         81    3.340E-03                                 F               0         Tower Z translation velocity, node 5, m/s
         82   -1.589E-03                                 F               0         Tower X translation velocity, node 6, m/s
         83   -9.393E-03                                 F               0         Tower Y translation velocity, node 6, m/s
         84    3.232E-03                                 F               0         Tower Z translation velocity, node 6, m/s
         85   -1.241E-03                                 F               0         Tower X translation velocity, node 7, m/s
         86   -1.102E-02                                 F               0         Tower Y translation velocity, node 7, m/s
         87    3.123E-03                                 F               0         Tower Z translation velocity, node 7, m/s
         88   -8.918E-04                                 F               0         Tower X translation velocity, node 8, m/s
         89   -1.264E-02                                 F               0         Tower Y translation velocity, node 8, m/s
         90    3.015E-03                                 F               0         Tower Z translation velocity, node 8, m/s
         91   -5.431E-04                                 F               0         Tower X translation velocity, node 9, m/s
         92   -1.427E-02                                 F               0         Tower Y translation velocity, node 9, m/s
         93    2.906E-03                                 F               0         Tower Z translation velocity, node 9, m/s
         94   -1.944E-04                                 F               0         Tower X translation velocity, node 10, m/s
         95   -1.590E-02                                 F               0         Tower Y translation velocity, node 10, m/s
         96    2.798E-03                                 F               0         Tower Z translation velocity, node 10, m/s
         97    1.543E-04                                 F               0         Tower X translation velocity, node 11, m/s
         98   -1.752E-02                                 F               0         Tower Y translation velocity, node 11, m/s
         99    2.690E-03                                 F               0         Tower Z translation velocity, node 11, m/s
        100    2.613E+01                                 F               0         Hub X translation displacement, node 1, m
        101   -6.679E+00                                 F               0         Hub Y translation displacement, node 1, m
        102   -5.026E-02                                 F               0         Hub Z translation displacement, node 1, m
        103    9.759E-01,  1.414E-02, -2.176E-01         F               0         Hub X orientation angle, node 1, rad
        104    1.220E-01, -8.624E-01,  4.914E-01         F               0         Hub Y orientation angle, node 1, rad
        105   -1.807E-01, -5.061E-01, -8.433E-01         F               0         Hub Z orientation angle, node 1, rad
        106    8.584E-01                                 F               0         Hub X rotation velocity, node 1, rad/s
        107    1.246E-02                                 F               0         Hub Y rotation velocity, node 1, rad/s
        108   -1.914E-01                                 F               0         Hub Z rotation velocity, node 1, rad/s
        109    9.719E-01,  3.972E-02, -2.321E-01         F               0         Blade root 1 X orientation angle, node 1, rad
        110    1.509E-01, -8.616E-01,  4.847E-01         F               0         Blade root 1 Y orientation angle, node 1, rad
        111   -1.807E-01, -5.061E-01, -8.433E-01         F               0         Blade root 1 Z orientation angle, node 1, rad
        112    9.820E-01,  1.434E-02, -1.885E-01         F               0         Blade root 2 X orientation angle, node 1, rad
        113   -1.885E-01, -6.684E-03, -9.821E-01         F               0         Blade root 2 Y orientation angle, node 1, rad
        114   -1.535E-02,  9.999E-01, -3.860E-03         F               0         Blade root 2 Z orientation angle, node 1, rad
        115    9.727E-01, -1.166E-02, -2.319E-01         F               0         Blade root 3 X orientation angle, node 1, rad
        116    1.244E-01,  8.695E-01,  4.780E-01         F               0         Blade root 3 Y orientation angle, node 1, rad
        117    1.960E-01, -4.938E-01,  8.472E-01         F               0         Blade root 3 Z orientation angle, node 1, rad
        118    2.455E+01                                 F               0         Blade 1 X translation displacement, node 1, m
        119   -9.483E+00                                 F               0         Blade 1 Y translation displacement, node 1, m
        120   -1.023E+01                                 F               0         Blade 1 Z translation displacement, node 1, m
        121    2.417E+01                                 F               0         Blade 1 X translation displacement, node 2, m
        122   -1.016E+01                                 F               0         Blade 1 Y translation displacement, node 2, m
        123   -1.269E+01                                 F               0         Blade 1 Z translation displacement, node 2, m
        124    1.899E+01                                 F               0         Blade 1 X translation displacement, node 3, m
        125   -1.935E+01                                 F               0         Blade 1 Y translation displacement, node 3, m
        126   -4.605E+01                                 F               0         Blade 1 Z translation displacement, node 3, m
        127    1.789E+01                                 F               0         Blade 1 X translation displacement, node 4, m
        128   -2.130E+01                                 F               0         Blade 1 Y translation displacement, node 4, m
        129   -5.315E+01                                 F               0         Blade 1 Z translation displacement, node 4, m
        130    1.679E+01                                 F               0         Blade 1 X translation displacement, node 5, m
        131   -2.326E+01                                 F               0         Blade 1 Y translation displacement, node 5, m
        132   -6.026E+01                                 F               0         Blade 1 Z translation displacement, node 5, m
        133    1.568E+01                                 F               0         Blade 1 X translation displacement, node 6, m
        134   -2.522E+01                                 F               0         Blade 1 Y translation displacement, node 6, m
        135   -6.737E+01                                 F               0         Blade 1 Z translation displacement, node 6, m
        136    1.458E+01                                 F               0         Blade 1 X translation displacement, node 7, m
        137   -2.717E+01                                 F               0         Blade 1 Y translation displacement, node 7, m
        138   -7.448E+01                                 F               0         Blade 1 Z translation displacement, node 7, m
        139    1.348E+01                                 F               0         Blade 1 X translation displacement, node 8, m
        140   -2.913E+01                                 F               0         Blade 1 Y translation displacement, node 8, m
        141   -8.159E+01                                 F               0         Blade 1 Z translation displacement, node 8, m
        142    1.237E+01                                 F               0         Blade 1 X translation displacement, node 9, m
        143   -3.109E+01                                 F               0         Blade 1 Y translation displacement, node 9, m
        144   -8.870E+01                                 F               0         Blade 1 Z translation displacement, node 9, m
        145    1.127E+01                                 F               0         Blade 1 X translation displacement, node 10, m
        146   -3.305E+01                                 F               0         Blade 1 Y translation displacement, node 10, m
        147   -9.581E+01                                 F               0         Blade 1 Z translation displacement, node 10, m
        148    1.017E+01                                 F               0         Blade 1 X translation displacement, node 11, m
        149   -3.500E+01                                 F               0         Blade 1 Y translation displacement, node 11, m
        150   -1.029E+02                                 F               0         Blade 1 Z translation displacement, node 11, m
        151    9.065E+00                                 F               0         Blade 1 X translation displacement, node 12, m
        152   -3.696E+01                                 F               0         Blade 1 Y translation displacement, node 12, m
        153   -1.100E+02                                 F               0         Blade 1 Z translation displacement, node 12, m
        154    7.962E+00                                 F               0         Blade 1 X translation displacement, node 13, m
        155   -3.892E+01                                 F               0         Blade 1 Y translation displacement, node 13, m
        156   -1.171E+02                                 F               0         Blade 1 Z translation displacement, node 13, m
        157    6.859E+00                                 F               0         Blade 1 X translation displacement, node 14, m
        158   -4.088E+01                                 F               0         Blade 1 Y translation displacement, node 14, m
        159   -1.242E+02                                 F               0         Blade 1 Z translation displacement, node 14, m
        160    5.756E+00                                 F               0         Blade 1 X translation displacement, node 15, m
        161   -4.283E+01                                 F               0         Blade 1 Y translation displacement, node 15, m
        162   -1.313E+02                                 F               0         Blade 1 Z translation displacement, node 15, m
        163    4.652E+00                                 F               0         Blade 1 X translation displacement, node 16, m
        164   -4.479E+01                                 F               0         Blade 1 Y translation displacement, node 16, m
        165   -1.385E+02                                 F               0         Blade 1 Z translation displacement, node 16, m
        166    3.549E+00                                 F               0         Blade 1 X translation displacement, node 17, m
        167   -4.675E+01                                 F               0         Blade 1 Y translation displacement, node 17, m
        168   -1.456E+02                                 F               0         Blade 1 Z translation displacement, node 17, m
        169    2.446E+00                                 F               0         Blade 1 X translation displacement, node 18, m
        170   -4.871E+01                                 F               0         Blade 1 Y translation displacement, node 18, m
        171   -1.527E+02                                 F               0         Blade 1 Z translation displacement, node 18, m
        172    1.343E+00                                 F               0         Blade 1 X translation displacement, node 19, m
        173   -5.066E+01                                 F               0         Blade 1 Y translation displacement, node 19, m
        174   -1.598E+02                                 F               0         Blade 1 Z translation displacement, node 19, m
        175    2.399E-01                                 F               0         Blade 1 X translation displacement, node 20, m
        176   -5.262E+01                                 F               0         Blade 1 Y translation displacement, node 20, m
        177   -1.669E+02                                 F               0         Blade 1 Z translation displacement, node 20, m
        178   -8.632E-01                                 F               0         Blade 1 X translation displacement, node 21, m
        179   -5.458E+01                                 F               0         Blade 1 Y translation displacement, node 21, m
        180   -1.740E+02                                 F               0         Blade 1 Z translation displacement, node 21, m
        181   -1.967E+00                                 F               0         Blade 1 X translation displacement, node 22, m
        182   -5.654E+01                                 F               0         Blade 1 Y translation displacement, node 22, m
        183   -1.811E+02                                 F               0         Blade 1 Z translation displacement, node 22, m
        184   -3.070E+00                                 F               0         Blade 1 X translation displacement, node 23, m
        185   -5.849E+01                                 F               0         Blade 1 Y translation displacement, node 23, m
        186   -1.882E+02                                 F               0         Blade 1 Z translation displacement, node 23, m
        187   -4.173E+00                                 F               0         Blade 1 X translation displacement, node 24, m
        188   -6.045E+01                                 F               0         Blade 1 Y translation displacement, node 24, m
        189   -1.953E+02                                 F               0         Blade 1 Z translation displacement, node 24, m
        190   -5.276E+00                                 F               0         Blade 1 X translation displacement, node 25, m
        191   -6.241E+01                                 F               0         Blade 1 Y translation displacement, node 25, m
        192   -2.024E+02                                 F               0         Blade 1 Z translation displacement, node 25, m
        193   -6.379E+00                                 F               0         Blade 1 X translation displacement, node 26, m
        194   -6.437E+01                                 F               0         Blade 1 Y translation displacement, node 26, m
        195   -2.095E+02                                 F               0         Blade 1 Z translation displacement, node 26, m
        196   -7.482E+00                                 F               0         Blade 1 X translation displacement, node 27, m
        197   -6.632E+01                                 F               0         Blade 1 Y translation displacement, node 27, m
        198   -2.166E+02                                 F               0         Blade 1 Z translation displacement, node 27, m
        199   -8.417E+00                                 F               0         Blade 1 X translation displacement, node 28, m
        200   -6.798E+01                                 F               0         Blade 1 Y translation displacement, node 28, m
        201   -2.227E+02                                 F               0         Blade 1 Z translation displacement, node 28, m
        202    7.961E-01,  4.282E-01, -4.276E-01         F               0         Blade 1 X orientation angle, node 1, rad
        203    5.775E-01, -7.487E-01,  3.255E-01         F               0         Blade 1 Y orientation angle, node 1, rad
        204   -1.807E-01, -5.061E-01, -8.433E-01         F               0         Blade 1 Z orientation angle, node 1, rad
        205    7.961E-01,  4.282E-01, -4.276E-01         F               0         Blade 1 X orientation angle, node 2, rad
        206    5.775E-01, -7.487E-01,  3.255E-01         F               0         Blade 1 Y orientation angle, node 2, rad
        207   -1.807E-01, -5.061E-01, -8.433E-01         F               0         Blade 1 Z orientation angle, node 2, rad
        208    9.103E-01,  2.386E-01, -3.382E-01         F               0         Blade 1 X orientation angle, node 3, rad
        209    3.724E-01, -8.288E-01,  4.176E-01         F               0         Blade 1 Y orientation angle, node 3, rad
        210   -1.807E-01, -5.061E-01, -8.433E-01         F               0         Blade 1 Z orientation angle, node 3, rad
        211    9.252E-01,  2.034E-01, -3.203E-01         F               0         Blade 1 X orientation angle, node 4, rad
        212    3.336E-01, -8.382E-01,  4.315E-01         F               0         Blade 1 Y orientation angle, node 4, rad
        213   -1.807E-01, -5.061E-01, -8.433E-01         F               0         Blade 1 Z orientation angle, node 4, rad
        214    9.358E-01,  1.755E-01, -3.058E-01         F               0         Blade 1 X orientation angle, node 5, rad
        215    3.028E-01, -8.444E-01,  4.419E-01         F               0         Blade 1 Y orientation angle, node 5, rad
        216   -1.807E-01, -5.061E-01, -8.433E-01         F               0         Blade 1 Z orientation angle, node 5, rad
        217    9.435E-01,  1.530E-01, -2.940E-01         F               0         Blade 1 X orientation angle, node 6, rad
        218    2.778E-01, -8.488E-01,  4.498E-01         F               0         Blade 1 Y orientation angle, node 6, rad
        219   -1.807E-01, -5.061E-01, -8.433E-01         F               0         Blade 1 Z orientation angle, node 6, rad
        220    9.493E-01,  1.345E-01, -2.841E-01         F               0         Blade 1 X orientation angle, node 7, rad
        221    2.572E-01, -8.519E-01,  4.561E-01         F               0         Blade 1 Y orientation angle, node 7, rad
        222   -1.807E-01, -5.061E-01, -8.433E-01         F               0         Blade 1 Z orientation angle, node 7, rad
        223    9.538E-01,  1.190E-01, -2.758E-01         F               0         Blade 1 X orientation angle, node 8, rad
        224    2.399E-01, -8.542E-01,  4.612E-01         F               0         Blade 1 Y orientation angle, node 8, rad
        225   -1.807E-01, -5.061E-01, -8.433E-01         F               0         Blade 1 Z orientation angle, node 8, rad
        226    9.574E-01,  1.058E-01, -2.687E-01         F               0         Blade 1 X orientation angle, node 9, rad
        227    2.252E-01, -8.560E-01,  4.654E-01         F               0         Blade 1 Y orientation angle, node 9, rad
        228   -1.807E-01, -5.061E-01, -8.433E-01         F               0         Blade 1 Z orientation angle, node 9, rad
        229    9.603E-01,  9.448E-02, -2.625E-01         F               0         Blade 1 X orientation angle, node 10, rad
        230    2.125E-01, -8.573E-01,  4.689E-01         F               0         Blade 1 Y orientation angle, node 10, rad
        231   -1.807E-01, -5.061E-01, -8.433E-01         F               0         Blade 1 Z orientation angle, node 10, rad
        232    9.627E-01,  8.475E-02, -2.571E-01         F               0         Blade 1 X orientation angle, node 11, rad
        233    2.016E-01, -8.583E-01,  4.719E-01         F               0         Blade 1 Y orientation angle, node 11, rad
        234   -1.807E-01, -5.061E-01, -8.433E-01         F               0         Blade 1 Z orientation angle, node 11, rad
        235    9.646E-01,  7.621E-02, -2.524E-01         F               0         Blade 1 X orientation angle, node 12, rad
        236    1.920E-01, -8.591E-01,  4.744E-01         F               0         Blade 1 Y orientation angle, node 12, rad
        237   -1.807E-01, -5.061E-01, -8.433E-01         F               0         Blade 1 Z orientation angle, node 12, rad
        238    9.663E-01,  6.871E-02, -2.483E-01         F               0         Blade 1 X orientation angle, node 13, rad
        239    1.836E-01, -8.597E-01,  4.766E-01         F               0         Blade 1 Y orientation angle, node 13, rad
        240   -1.807E-01, -5.061E-01, -8.433E-01         F               0         Blade 1 Z orientation angle, node 13, rad
        241    9.677E-01,  6.195E-02, -2.445E-01         F               0         Blade 1 X orientation angle, node 14, rad
        242    1.760E-01, -8.603E-01,  4.785E-01         F               0         Blade 1 Y orientation angle, node 14, rad
        243   -1.807E-01, -5.061E-01, -8.433E-01         F               0         Blade 1 Z orientation angle, node 14, rad
        244    9.689E-01,  5.595E-02, -2.412E-01         F               0         Blade 1 X orientation angle, node 15, rad
        245    1.692E-01, -8.607E-01,  4.802E-01         F               0         Blade 1 Y orientation angle, node 15, rad
        246   -1.807E-01, -5.061E-01, -8.433E-01         F               0         Blade 1 Z orientation angle, node 15, rad
        247    9.699E-01,  5.054E-02, -2.381E-01         F               0         Blade 1 X orientation angle, node 16, rad
        248    1.631E-01, -8.610E-01,  4.817E-01         F               0         Blade 1 Y orientation angle, node 16, rad
        249   -1.807E-01, -5.061E-01, -8.433E-01         F               0         Blade 1 Z orientation angle, node 16, rad
        250    9.708E-01,  4.573E-02, -2.355E-01         F               0         Blade 1 X orientation angle, node 17, rad
        251    1.577E-01, -8.613E-01,  4.831E-01         F               0         Blade 1 Y orientation angle, node 17, rad
        252   -1.807E-01, -5.061E-01, -8.433E-01         F               0         Blade 1 Z orientation angle, node 17, rad
        253    9.716E-01,  4.122E-02, -2.329E-01         F               0         Blade 1 X orientation angle, node 18, rad
        254    1.526E-01, -8.615E-01,  4.843E-01         F               0         Blade 1 Y orientation angle, node 18, rad
        255   -1.807E-01, -5.061E-01, -8.433E-01         F               0         Blade 1 Z orientation angle, node 18, rad
        256    9.723E-01,  3.716E-02, -2.306E-01         F               0         Blade 1 X orientation angle, node 19, rad
        257    1.481E-01, -8.617E-01,  4.854E-01         F               0         Blade 1 Y orientation angle, node 19, rad
        258   -1.807E-01, -5.061E-01, -8.433E-01         F               0         Blade 1 Z orientation angle, node 19, rad
        259    9.729E-01,  3.355E-02, -2.286E-01         F               0         Blade 1 X orientation angle, node 20, rad
        260    1.440E-01, -8.618E-01,  4.863E-01         F               0         Blade 1 Y orientation angle, node 20, rad
        261   -1.807E-01, -5.061E-01, -8.433E-01         F               0         Blade 1 Z orientation angle, node 20, rad
        262    9.735E-01,  3.009E-02, -2.266E-01         F               0         Blade 1 X orientation angle, node 21, rad
        263    1.401E-01, -8.620E-01,  4.872E-01         F               0         Blade 1 Y orientation angle, node 21, rad
        264   -1.807E-01, -5.061E-01, -8.433E-01         F               0         Blade 1 Z orientation angle, node 21, rad
        265    9.740E-01,  2.693E-02, -2.249E-01         F               0         Blade 1 X orientation angle, node 22, rad
        266    1.365E-01, -8.621E-01,  4.881E-01         F               0         Blade 1 Y orientation angle, node 22, rad
        267   -1.807E-01, -5.061E-01, -8.433E-01         F               0         Blade 1 Z orientation angle, node 22, rad
        268    9.745E-01,  2.407E-02, -2.232E-01         F               0         Blade 1 X orientation angle, node 23, rad
        269    1.333E-01, -8.621E-01,  4.888E-01         F               0         Blade 1 Y orientation angle, node 23, rad
        270   -1.807E-01, -5.061E-01, -8.433E-01         F               0         Blade 1 Z orientation angle, node 23, rad
        271    9.749E-01,  2.136E-02, -2.217E-01         F               0         Blade 1 X orientation angle, node 24, rad
        272    1.302E-01, -8.622E-01,  4.895E-01         F               0         Blade 1 Y orientation angle, node 24, rad
        273   -1.807E-01, -5.061E-01, -8.433E-01         F               0         Blade 1 Z orientation angle, node 24, rad
        274    9.753E-01,  1.880E-02, -2.202E-01         F               0         Blade 1 X orientation angle, node 25, rad
        275    1.273E-01, -8.623E-01,  4.902E-01         F               0         Blade 1 Y orientation angle, node 25, rad
        276   -1.807E-01, -5.061E-01, -8.433E-01         F               0         Blade 1 Z orientation angle, node 25, rad
        277    9.756E-01,  1.655E-02, -2.190E-01         F               0         Blade 1 X orientation angle, node 26, rad
        278    1.248E-01, -8.623E-01,  4.907E-01         F               0         Blade 1 Y orientation angle, node 26, rad
        279   -1.807E-01, -5.061E-01, -8.433E-01         F               0         Blade 1 Z orientation angle, node 26, rad
        280    9.759E-01,  1.429E-02, -2.177E-01         F               0         Blade 1 X orientation angle, node 27, rad
        281    1.222E-01, -8.624E-01,  4.913E-01         F               0         Blade 1 Y orientation angle, node 27, rad
        282   -1.807E-01, -5.061E-01, -8.433E-01         F               0         Blade 1 Z orientation angle, node 27, rad
        283    9.761E-01,  1.308E-02, -2.170E-01         F               0         Blade 1 X orientation angle, node 28, rad
        284    1.209E-01, -8.624E-01,  4.916E-01         F               0         Blade 1 Y orientation angle, node 28, rad
        285   -1.807E-01, -5.061E-01, -8.433E-01         F               0         Blade 1 Z orientation angle, node 28, rad
        286   -5.945E-01                                 F               0         Blade 1 X translation velocity, node 1, m/s
        287    4.184E+00                                 F               0         Blade 1 Y translation velocity, node 1, m/s
        288   -2.391E+00                                 F               0         Blade 1 Z translation velocity, node 1, m/s
        289   -7.378E-01                                 F               0         Blade 1 X translation velocity, node 2, m/s
        290    5.196E+00                                 F               0         Blade 1 Y translation velocity, node 2, m/s
        291   -2.968E+00                                 F               0         Blade 1 Z translation velocity, node 2, m/s
        292   -2.687E+00                                 F               0         Blade 1 X translation velocity, node 3, m/s
        293    1.896E+01                                 F               0         Blade 1 Y translation velocity, node 3, m/s
        294   -1.081E+01                                 F               0         Blade 1 Z translation velocity, node 3, m/s
        295   -3.102E+00                                 F               0         Blade 1 X translation velocity, node 4, m/s
        296    2.190E+01                                 F               0         Blade 1 Y translation velocity, node 4, m/s
        297   -1.248E+01                                 F               0         Blade 1 Z translation velocity, node 4, m/s
        298   -3.518E+00                                 F               0         Blade 1 X translation velocity, node 5, m/s
        299    2.483E+01                                 F               0         Blade 1 Y translation velocity, node 5, m/s
        300   -1.416E+01                                 F               0         Blade 1 Z translation velocity, node 5, m/s
        301   -3.933E+00                                 F               0         Blade 1 X translation velocity, node 6, m/s
        302    2.777E+01                                 F               0         Blade 1 Y translation velocity, node 6, m/s
        303   -1.583E+01                                 F               0         Blade 1 Z translation velocity, node 6, m/s
        304   -4.348E+00                                 F               0         Blade 1 X translation velocity, node 7, m/s
        305    3.070E+01                                 F               0         Blade 1 Y translation velocity, node 7, m/s
        306   -1.750E+01                                 F               0         Blade 1 Z translation velocity, node 7, m/s
        307   -4.764E+00                                 F               0         Blade 1 X translation velocity, node 8, m/s
