
Linearized model: Predictions were generated on 30-Jan-2024 at 18:20:32 using OpenFAST, compiled as a 64-bit application using single precision at commit v3.5.1
 linked with  NWTC Subroutine Library; ElastoDyn; InflowWind; AeroDyn; ServoDyn; HydroDyn; MAP++ (<1.20.10>, <Oct-20-2023>)

Description from the FAST input file: CCT-9 Campign 4 model. Input files to be run with OpenFAST 3.5.0. GitHub branch from Lu Wang (https://github.com/luwang00/openfast/tree/dev) compiled on March 7, 2023.

Simulation information:
   Simulation time:                   506.6750 s
   Rotor Speed:                         0.8794 rad/s
   Azimuth:                             4.7473 rad
   Wind Speed:                         10.0000 m/s
   Number of continuous states:         0
   Number of discrete states:           0
   Number of constraint states:         0
   Number of inputs:                 1746
   Number of outputs:                   4
   Jacobians included in this file?    No

Order of inputs:
     Column   Operating Point                     Rotating Frame? Derivative Order Description
   ---------- ---------------                     --------------- ---------------- -----------
          1    1.097E+01                                 F               0         Tower X translation displacement, node 1, m
          2   -1.127E+00                                 F               0         Tower Y translation displacement, node 1, m
          3   -2.937E-01                                 F               0         Tower Z translation displacement, node 1, m
          4    1.239E+01                                 F               0         Tower X translation displacement, node 2, m
          5   -1.648E+00                                 F               0         Tower Y translation displacement, node 2, m
          6   -3.865E-01                                 F               0         Tower Z translation displacement, node 2, m
          7    1.381E+01                                 F               0         Tower X translation displacement, node 3, m
          8   -2.168E+00                                 F               0         Tower Y translation displacement, node 3, m
          9   -4.793E-01                                 F               0         Tower Z translation displacement, node 3, m
         10    1.522E+01                                 F               0         Tower X translation displacement, node 4, m
         11   -2.688E+00                                 F               0         Tower Y translation displacement, node 4, m
         12   -5.721E-01                                 F               0         Tower Z translation displacement, node 4, m
         13    1.664E+01                                 F               0         Tower X translation displacement, node 5, m
         14   -3.209E+00                                 F               0         Tower Y translation displacement, node 5, m
         15   -6.648E-01                                 F               0         Tower Z translation displacement, node 5, m
         16    1.806E+01                                 F               0         Tower X translation displacement, node 6, m
         17   -3.729E+00                                 F               0         Tower Y translation displacement, node 6, m
         18   -7.576E-01                                 F               0         Tower Z translation displacement, node 6, m
         19    1.948E+01                                 F               0         Tower X translation displacement, node 7, m
         20   -4.250E+00                                 F               0         Tower Y translation displacement, node 7, m
         21   -8.504E-01                                 F               0         Tower Z translation displacement, node 7, m
         22    2.090E+01                                 F               0         Tower X translation displacement, node 8, m
         23   -4.770E+00                                 F               0         Tower Y translation displacement, node 8, m
         24   -9.432E-01                                 F               0         Tower Z translation displacement, node 8, m
         25    2.232E+01                                 F               0         Tower X translation displacement, node 9, m
         26   -5.291E+00                                 F               0         Tower Y translation displacement, node 9, m
         27   -1.036E+00                                 F               0         Tower Z translation displacement, node 9, m
         28    2.374E+01                                 F               0         Tower X translation displacement, node 10, m
         29   -5.811E+00                                 F               0         Tower Y translation displacement, node 10, m
         30   -1.129E+00                                 F               0         Tower Z translation displacement, node 10, m
         31    2.516E+01                                 F               0         Tower X translation displacement, node 11, m
         32   -6.332E+00                                 F               0         Tower Y translation displacement, node 11, m
         33   -1.222E+00                                 F               0         Tower Z translation displacement, node 11, m
         34    9.934E-01,  9.728E-03, -1.145E-01         F               0         Tower X orientation angle, node 1, rad
         35   -4.830E-03,  9.991E-01,  4.296E-02         F               0         Tower Y orientation angle, node 1, rad
         36    1.148E-01, -4.212E-02,  9.925E-01         F               0         Tower Z orientation angle, node 1, rad
         37    9.934E-01,  9.728E-03, -1.145E-01         F               0         Tower X orientation angle, node 2, rad
         38   -4.830E-03,  9.991E-01,  4.296E-02         F               0         Tower Y orientation angle, node 2, rad
         39    1.148E-01, -4.212E-02,  9.925E-01         F               0         Tower Z orientation angle, node 2, rad
         40    9.934E-01,  9.728E-03, -1.145E-01         F               0         Tower X orientation angle, node 3, rad
         41   -4.830E-03,  9.991E-01,  4.296E-02         F               0         Tower Y orientation angle, node 3, rad
         42    1.148E-01, -4.212E-02,  9.925E-01         F               0         Tower Z orientation angle, node 3, rad
         43    9.934E-01,  9.728E-03, -1.145E-01         F               0         Tower X orientation angle, node 4, rad
         44   -4.830E-03,  9.991E-01,  4.296E-02         F               0         Tower Y orientation angle, node 4, rad
         45    1.148E-01, -4.212E-02,  9.925E-01         F               0         Tower Z orientation angle, node 4, rad
         46    9.934E-01,  9.728E-03, -1.145E-01         F               0         Tower X orientation angle, node 5, rad
         47   -4.830E-03,  9.991E-01,  4.296E-02         F               0         Tower Y orientation angle, node 5, rad
         48    1.148E-01, -4.212E-02,  9.925E-01         F               0         Tower Z orientation angle, node 5, rad
         49    9.934E-01,  9.728E-03, -1.145E-01         F               0         Tower X orientation angle, node 6, rad
         50   -4.830E-03,  9.991E-01,  4.296E-02         F               0         Tower Y orientation angle, node 6, rad
         51    1.148E-01, -4.212E-02,  9.925E-01         F               0         Tower Z orientation angle, node 6, rad
         52    9.934E-01,  9.728E-03, -1.145E-01         F               0         Tower X orientation angle, node 7, rad
         53   -4.830E-03,  9.991E-01,  4.296E-02         F               0         Tower Y orientation angle, node 7, rad
         54    1.148E-01, -4.212E-02,  9.925E-01         F               0         Tower Z orientation angle, node 7, rad
         55    9.934E-01,  9.728E-03, -1.145E-01         F               0         Tower X orientation angle, node 8, rad
         56   -4.830E-03,  9.991E-01,  4.296E-02         F               0         Tower Y orientation angle, node 8, rad
         57    1.148E-01, -4.212E-02,  9.925E-01         F               0         Tower Z orientation angle, node 8, rad
         58    9.934E-01,  9.728E-03, -1.145E-01         F               0         Tower X orientation angle, node 9, rad
         59   -4.830E-03,  9.991E-01,  4.296E-02         F               0         Tower Y orientation angle, node 9, rad
         60    1.148E-01, -4.212E-02,  9.925E-01         F               0         Tower Z orientation angle, node 9, rad
         61    9.934E-01,  9.728E-03, -1.145E-01         F               0         Tower X orientation angle, node 10, rad
         62   -4.830E-03,  9.991E-01,  4.296E-02         F               0         Tower Y orientation angle, node 10, rad
         63    1.148E-01, -4.212E-02,  9.925E-01         F               0         Tower Z orientation angle, node 10, rad
         64    9.934E-01,  9.728E-03, -1.145E-01         F               0         Tower X orientation angle, node 11, rad
         65   -4.830E-03,  9.991E-01,  4.296E-02         F               0         Tower Y orientation angle, node 11, rad
         66    1.148E-01, -4.212E-02,  9.925E-01         F               0         Tower Z orientation angle, node 11, rad
         67   -4.382E-03                                 F               0         Tower X translation velocity, node 1, m/s
         68   -6.393E-03                                 F               0         Tower Y translation velocity, node 1, m/s
         69    4.036E-03                                 F               0         Tower Z translation velocity, node 1, m/s
         70   -4.227E-03                                 F               0         Tower X translation velocity, node 2, m/s
         71   -1.053E-02                                 F               0         Tower Y translation velocity, node 2, m/s
         72    3.842E-03                                 F               0         Tower Z translation velocity, node 2, m/s
         73   -4.073E-03                                 F               0         Tower X translation velocity, node 3, m/s
         74   -1.468E-02                                 F               0         Tower Y translation velocity, node 3, m/s
         75    3.649E-03                                 F               0         Tower Z translation velocity, node 3, m/s
         76   -3.918E-03                                 F               0         Tower X translation velocity, node 4, m/s
         77   -1.882E-02                                 F               0         Tower Y translation velocity, node 4, m/s
         78    3.455E-03                                 F               0         Tower Z translation velocity, node 4, m/s
         79   -3.763E-03                                 F               0         Tower X translation velocity, node 5, m/s
         80   -2.296E-02                                 F               0         Tower Y translation velocity, node 5, m/s
         81    3.261E-03                                 F               0         Tower Z translation velocity, node 5, m/s
         82   -3.608E-03                                 F               0         Tower X translation velocity, node 6, m/s
         83   -2.710E-02                                 F               0         Tower Y translation velocity, node 6, m/s
         84    3.068E-03                                 F               0         Tower Z translation velocity, node 6, m/s
         85   -3.454E-03                                 F               0         Tower X translation velocity, node 7, m/s
         86   -3.124E-02                                 F               0         Tower Y translation velocity, node 7, m/s
         87    2.874E-03                                 F               0         Tower Z translation velocity, node 7, m/s
         88   -3.299E-03                                 F               0         Tower X translation velocity, node 8, m/s
         89   -3.538E-02                                 F               0         Tower Y translation velocity, node 8, m/s
         90    2.680E-03                                 F               0         Tower Z translation velocity, node 8, m/s
         91   -3.144E-03                                 F               0         Tower X translation velocity, node 9, m/s
         92   -3.952E-02                                 F               0         Tower Y translation velocity, node 9, m/s
         93    2.487E-03                                 F               0         Tower Z translation velocity, node 9, m/s
         94   -2.990E-03                                 F               0         Tower X translation velocity, node 10, m/s
         95   -4.366E-02                                 F               0         Tower Y translation velocity, node 10, m/s
         96    2.293E-03                                 F               0         Tower Z translation velocity, node 10, m/s
         97   -2.835E-03                                 F               0         Tower X translation velocity, node 11, m/s
         98   -4.781E-02                                 F               0         Tower Y translation velocity, node 11, m/s
         99    2.099E-03                                 F               0         Tower Z translation velocity, node 11, m/s
        100    2.613E+01                                 F               0         Hub X translation displacement, node 1, m
        101   -6.767E+00                                 F               0         Hub Y translation displacement, node 1, m
        102   -4.350E-02                                 F               0         Hub Z translation displacement, node 1, m
        103    9.759E-01,  1.408E-02, -2.176E-01         F               0         Hub X orientation angle, node 1, rad
        104   -2.181E-01,  7.572E-02, -9.730E-01         F               0         Hub Y orientation angle, node 1, rad
        105    2.783E-03,  9.970E-01,  7.697E-02         F               0         Hub Z orientation angle, node 1, rad
        106    8.586E-01                                 F               0         Hub X rotation velocity, node 1, rad/s
        107    1.240E-02                                 F               0         Hub Y rotation velocity, node 1, rad/s
        108   -1.915E-01                                 F               0         Hub Z rotation velocity, node 1, rad/s
        109    9.820E-01,  1.182E-02, -1.887E-01         F               0         Blade root 1 X orientation angle, node 1, rad
        110   -1.890E-01,  7.611E-02, -9.790E-01         F               0         Blade root 1 Y orientation angle, node 1, rad
        111    2.783E-03,  9.970E-01,  7.697E-02         F               0         Blade root 1 Z orientation angle, node 1, rad
        112    9.722E-01, -1.042E-02, -2.340E-01         F               0         Blade root 2 X orientation angle, node 1, rad
        113    1.404E-01,  8.256E-01,  5.465E-01         F               0         Blade root 2 Y orientation angle, node 1, rad
        114    1.875E-01, -5.641E-01,  8.041E-01         F               0         Blade root 2 Z orientation angle, node 1, rad
        115    9.723E-01,  4.081E-02, -2.300E-01         F               0         Blade root 3 X orientation angle, node 1, rad
        116    1.355E-01, -9.005E-01,  4.132E-01         F               0         Blade root 3 Y orientation angle, node 1, rad
        117   -1.903E-01, -4.329E-01, -8.811E-01         F               0         Blade root 3 Z orientation angle, node 1, rad
        118    2.557E+01                                 F               0         Blade 1 X translation displacement, node 1, m
        119   -1.244E+00                                 F               0         Blade 1 Y translation displacement, node 1, m
        120   -5.127E+00                                 F               0         Blade 1 Z translation displacement, node 1, m
        121    2.543E+01                                 F               0         Blade 1 X translation displacement, node 2, m
        122    8.722E-02                                 F               0         Blade 1 Y translation displacement, node 2, m
        123   -6.352E+00                                 F               0         Blade 1 Z translation displacement, node 2, m
        124    2.358E+01                                 F               0         Blade 1 X translation displacement, node 3, m
        125    1.819E+01                                 F               0         Blade 1 Y translation displacement, node 3, m
        126   -2.301E+01                                 F               0         Blade 1 Z translation displacement, node 3, m
        127    2.319E+01                                 F               0         Blade 1 X translation displacement, node 4, m
        128    2.204E+01                                 F               0         Blade 1 Y translation displacement, node 4, m
        129   -2.656E+01                                 F               0         Blade 1 Z translation displacement, node 4, m
        130    2.280E+01                                 F               0         Blade 1 X translation displacement, node 5, m
        131    2.590E+01                                 F               0         Blade 1 Y translation displacement, node 5, m
        132   -3.011E+01                                 F               0         Blade 1 Z translation displacement, node 5, m
        133    2.240E+01                                 F               0         Blade 1 X translation displacement, node 6, m
        134    2.975E+01                                 F               0         Blade 1 Y translation displacement, node 6, m
        135   -3.365E+01                                 F               0         Blade 1 Z translation displacement, node 6, m
        136    2.201E+01                                 F               0         Blade 1 X translation displacement, node 7, m
        137    3.361E+01                                 F               0         Blade 1 Y translation displacement, node 7, m
        138   -3.720E+01                                 F               0         Blade 1 Z translation displacement, node 7, m
        139    2.162E+01                                 F               0         Blade 1 X translation displacement, node 8, m
        140    3.747E+01                                 F               0         Blade 1 Y translation displacement, node 8, m
        141   -4.075E+01                                 F               0         Blade 1 Z translation displacement, node 8, m
        142    2.122E+01                                 F               0         Blade 1 X translation displacement, node 9, m
        143    4.132E+01                                 F               0         Blade 1 Y translation displacement, node 9, m
        144   -4.430E+01                                 F               0         Blade 1 Z translation displacement, node 9, m
        145    2.083E+01                                 F               0         Blade 1 X translation displacement, node 10, m
        146    4.518E+01                                 F               0         Blade 1 Y translation displacement, node 10, m
        147   -4.785E+01                                 F               0         Blade 1 Z translation displacement, node 10, m
        148    2.044E+01                                 F               0         Blade 1 X translation displacement, node 11, m
        149    4.904E+01                                 F               0         Blade 1 Y translation displacement, node 11, m
        150   -5.140E+01                                 F               0         Blade 1 Z translation displacement, node 11, m
        151    2.004E+01                                 F               0         Blade 1 X translation displacement, node 12, m
        152    5.289E+01                                 F               0         Blade 1 Y translation displacement, node 12, m
        153   -5.495E+01                                 F               0         Blade 1 Z translation displacement, node 12, m
        154    1.965E+01                                 F               0         Blade 1 X translation displacement, node 13, m
        155    5.675E+01                                 F               0         Blade 1 Y translation displacement, node 13, m
        156   -5.850E+01                                 F               0         Blade 1 Z translation displacement, node 13, m
        157    1.925E+01                                 F               0         Blade 1 X translation displacement, node 14, m
        158    6.060E+01                                 F               0         Blade 1 Y translation displacement, node 14, m
        159   -6.204E+01                                 F               0         Blade 1 Z translation displacement, node 14, m
        160    1.886E+01                                 F               0         Blade 1 X translation displacement, node 15, m
        161    6.446E+01                                 F               0         Blade 1 Y translation displacement, node 15, m
        162   -6.559E+01                                 F               0         Blade 1 Z translation displacement, node 15, m
        163    1.847E+01                                 F               0         Blade 1 X translation displacement, node 16, m
        164    6.832E+01                                 F               0         Blade 1 Y translation displacement, node 16, m
        165   -6.914E+01                                 F               0         Blade 1 Z translation displacement, node 16, m
        166    1.807E+01                                 F               0         Blade 1 X translation displacement, node 17, m
        167    7.217E+01                                 F               0         Blade 1 Y translation displacement, node 17, m
        168   -7.269E+01                                 F               0         Blade 1 Z translation displacement, node 17, m
        169    1.768E+01                                 F               0         Blade 1 X translation displacement, node 18, m
        170    7.603E+01                                 F               0         Blade 1 Y translation displacement, node 18, m
        171   -7.624E+01                                 F               0         Blade 1 Z translation displacement, node 18, m
        172    1.729E+01                                 F               0         Blade 1 X translation displacement, node 19, m
        173    7.989E+01                                 F               0         Blade 1 Y translation displacement, node 19, m
        174   -7.979E+01                                 F               0         Blade 1 Z translation displacement, node 19, m
        175    1.689E+01                                 F               0         Blade 1 X translation displacement, node 20, m
        176    8.374E+01                                 F               0         Blade 1 Y translation displacement, node 20, m
        177   -8.334E+01                                 F               0         Blade 1 Z translation displacement, node 20, m
        178    1.650E+01                                 F               0         Blade 1 X translation displacement, node 21, m
        179    8.760E+01                                 F               0         Blade 1 Y translation displacement, node 21, m
        180   -8.689E+01                                 F               0         Blade 1 Z translation displacement, node 21, m
        181    1.611E+01                                 F               0         Blade 1 X translation displacement, node 22, m
        182    9.145E+01                                 F               0         Blade 1 Y translation displacement, node 22, m
        183   -9.044E+01                                 F               0         Blade 1 Z translation displacement, node 22, m
        184    1.571E+01                                 F               0         Blade 1 X translation displacement, node 23, m
        185    9.531E+01                                 F               0         Blade 1 Y translation displacement, node 23, m
        186   -9.398E+01                                 F               0         Blade 1 Z translation displacement, node 23, m
        187    1.532E+01                                 F               0         Blade 1 X translation displacement, node 24, m
        188    9.917E+01                                 F               0         Blade 1 Y translation displacement, node 24, m
        189   -9.753E+01                                 F               0         Blade 1 Z translation displacement, node 24, m
        190    1.493E+01                                 F               0         Blade 1 X translation displacement, node 25, m
        191    1.030E+02                                 F               0         Blade 1 Y translation displacement, node 25, m
        192   -1.011E+02                                 F               0         Blade 1 Z translation displacement, node 25, m
        193    1.453E+01                                 F               0         Blade 1 X translation displacement, node 26, m
        194    1.069E+02                                 F               0         Blade 1 Y translation displacement, node 26, m
        195   -1.046E+02                                 F               0         Blade 1 Z translation displacement, node 26, m
        196    1.414E+01                                 F               0         Blade 1 X translation displacement, node 27, m
        197    1.107E+02                                 F               0         Blade 1 Y translation displacement, node 27, m
        198   -1.082E+02                                 F               0         Blade 1 Z translation displacement, node 27, m
        199    1.381E+01                                 F               0         Blade 1 X translation displacement, node 28, m
        200    1.140E+02                                 F               0         Blade 1 Y translation displacement, node 28, m
        201   -1.112E+02                                 F               0         Blade 1 Z translation displacement, node 28, m
        202    9.601E-01, -2.418E-02,  2.785E-01         F               0         Blade 1 X orientation angle, node 1, rad
        203    2.796E-01,  7.312E-02, -9.573E-01         F               0         Blade 1 Y orientation angle, node 1, rad
        204    2.783E-03,  9.970E-01,  7.697E-02         F               0         Blade 1 Z orientation angle, node 1, rad
        205    9.601E-01, -2.418E-02,  2.785E-01         F               0         Blade 1 X orientation angle, node 2, rad
        206    2.796E-01,  7.312E-02, -9.573E-01         F               0         Blade 1 Y orientation angle, node 2, rad
        207    2.783E-03,  9.970E-01,  7.697E-02         F               0         Blade 1 Z orientation angle, node 2, rad
        208    9.990E-01, -6.161E-03,  4.368E-02         F               0         Blade 1 X orientation angle, node 3, rad
        209    4.403E-02,  7.677E-02, -9.961E-01         F               0         Blade 1 Y orientation angle, node 3, rad
        210    2.783E-03,  9.970E-01,  7.697E-02         F               0         Blade 1 Z orientation angle, node 3, rad
        211    1.000E+00, -2.914E-03,  1.587E-03         F               0         Blade 1 X orientation angle, node 4, rad
        212    1.806E-03,  7.696E-02, -9.970E-01         F               0         Blade 1 Y orientation angle, node 4, rad
        213    2.783E-03,  9.970E-01,  7.697E-02         F               0         Blade 1 Z orientation angle, node 4, rad
        214    9.995E-01, -3.605E-04, -3.147E-02         F               0         Blade 1 X orientation angle, node 5, rad
        215   -3.135E-02,  7.702E-02, -9.965E-01         F               0         Blade 1 Y orientation angle, node 5, rad
        216    2.783E-03,  9.970E-01,  7.697E-02         F               0         Blade 1 Z orientation angle, node 5, rad
        217    9.983E-01,  1.683E-03, -5.789E-02         F               0         Blade 1 X orientation angle, node 6, rad
        218   -5.785E-02,  7.700E-02, -9.954E-01         F               0         Blade 1 Y orientation angle, node 6, rad
        219    2.783E-03,  9.970E-01,  7.697E-02         F               0         Blade 1 Z orientation angle, node 6, rad
        220    9.968E-01,  3.362E-03, -7.959E-02         F               0         Blade 1 X orientation angle, node 7, rad
        221   -7.962E-02,  7.695E-02, -9.939E-01         F               0         Blade 1 Y orientation angle, node 7, rad
        222    2.783E-03,  9.970E-01,  7.697E-02         F               0         Blade 1 Z orientation angle, node 7, rad
        223    9.952E-01,  4.758E-03, -9.762E-02         F               0         Blade 1 X orientation angle, node 8, rad
        224   -9.770E-02,  7.687E-02, -9.922E-01         F               0         Blade 1 Y orientation angle, node 8, rad
        225    2.783E-03,  9.970E-01,  7.697E-02         F               0         Blade 1 Z orientation angle, node 8, rad
        226    9.936E-01,  5.938E-03, -1.128E-01         F               0         Blade 1 X orientation angle, node 9, rad
        227   -1.130E-01,  7.679E-02, -9.906E-01         F               0         Blade 1 Y orientation angle, node 9, rad
        228    2.783E-03,  9.970E-01,  7.697E-02         F               0         Blade 1 Z orientation angle, node 9, rad
        229    9.920E-01,  6.956E-03, -1.260E-01         F               0         Blade 1 X orientation angle, node 10, rad
        230   -1.261E-01,  7.670E-02, -9.890E-01         F               0         Blade 1 Y orientation angle, node 10, rad
        231    2.783E-03,  9.970E-01,  7.697E-02         F               0         Blade 1 Z orientation angle, node 10, rad
        232    9.905E-01,  7.826E-03, -1.372E-01         F               0         Blade 1 X orientation angle, node 11, rad
        233   -1.374E-01,  7.662E-02, -9.876E-01         F               0         Blade 1 Y orientation angle, node 11, rad
        234    2.783E-03,  9.970E-01,  7.697E-02         F               0         Blade 1 Z orientation angle, node 11, rad
        235    9.891E-01,  8.588E-03, -1.470E-01         F               0         Blade 1 X orientation angle, node 12, rad
        236   -1.472E-01,  7.654E-02, -9.861E-01         F               0         Blade 1 Y orientation angle, node 12, rad
        237    2.783E-03,  9.970E-01,  7.697E-02         F               0         Blade 1 Z orientation angle, node 12, rad
        238    9.878E-01,  9.255E-03, -1.556E-01         F               0         Blade 1 X orientation angle, node 13, rad
        239   -1.559E-01,  7.646E-02, -9.848E-01         F               0         Blade 1 Y orientation angle, node 13, rad
        240    2.783E-03,  9.970E-01,  7.697E-02         F               0         Blade 1 Z orientation angle, node 13, rad
        241    9.865E-01,  9.855E-03, -1.633E-01         F               0         Blade 1 X orientation angle, node 14, rad
        242   -1.636E-01,  7.639E-02, -9.836E-01         F               0         Blade 1 Y orientation angle, node 14, rad
        243    2.783E-03,  9.970E-01,  7.697E-02         F               0         Blade 1 Z orientation angle, node 14, rad
        244    9.854E-01,  1.039E-02, -1.702E-01         F               0         Blade 1 X orientation angle, node 15, rad
        245   -1.705E-01,  7.631E-02, -9.824E-01         F               0         Blade 1 Y orientation angle, node 15, rad
        246    2.783E-03,  9.970E-01,  7.697E-02         F               0         Blade 1 Z orientation angle, node 15, rad
        247    9.843E-01,  1.087E-02, -1.764E-01         F               0         Blade 1 X orientation angle, node 16, rad
        248   -1.767E-01,  7.625E-02, -9.813E-01         F               0         Blade 1 Y orientation angle, node 16, rad
        249    2.783E-03,  9.970E-01,  7.697E-02         F               0         Blade 1 Z orientation angle, node 16, rad
        250    9.833E-01,  1.129E-02, -1.818E-01         F               0         Blade 1 X orientation angle, node 17, rad
        251   -1.822E-01,  7.619E-02, -9.803E-01         F               0         Blade 1 Y orientation angle, node 17, rad
        252    2.783E-03,  9.970E-01,  7.697E-02         F               0         Blade 1 Z orientation angle, node 17, rad
        253    9.823E-01,  1.169E-02, -1.870E-01         F               0         Blade 1 X orientation angle, node 18, rad
        254   -1.873E-01,  7.613E-02, -9.793E-01         F               0         Blade 1 Y orientation angle, node 18, rad
        255    2.783E-03,  9.970E-01,  7.697E-02         F               0         Blade 1 Z orientation angle, node 18, rad
        256    9.814E-01,  1.205E-02, -1.916E-01         F               0         Blade 1 X orientation angle, node 19, rad
        257   -1.919E-01,  7.607E-02, -9.785E-01         F               0         Blade 1 Y orientation angle, node 19, rad
        258    2.783E-03,  9.970E-01,  7.697E-02         F               0         Blade 1 Z orientation angle, node 19, rad
        259    9.806E-01,  1.237E-02, -1.957E-01         F               0         Blade 1 X orientation angle, node 20, rad
        260   -1.961E-01,  7.602E-02, -9.776E-01         F               0         Blade 1 Y orientation angle, node 20, rad
        261    2.783E-03,  9.970E-01,  7.697E-02         F               0         Blade 1 Z orientation angle, node 20, rad
        262    9.798E-01,  1.267E-02, -1.996E-01         F               0         Blade 1 X orientation angle, node 21, rad
        263   -2.000E-01,  7.597E-02, -9.768E-01         F               0         Blade 1 Y orientation angle, node 21, rad
        264    2.783E-03,  9.970E-01,  7.697E-02         F               0         Blade 1 Z orientation angle, node 21, rad
        265    9.791E-01,  1.295E-02, -2.032E-01         F               0         Blade 1 X orientation angle, node 22, rad
        266   -2.036E-01,  7.592E-02, -9.761E-01         F               0         Blade 1 Y orientation angle, node 22, rad
        267    2.783E-03,  9.970E-01,  7.697E-02         F               0         Blade 1 Z orientation angle, node 22, rad
        268    9.784E-01,  1.320E-02, -2.064E-01         F               0         Blade 1 X orientation angle, node 23, rad
        269   -2.068E-01,  7.588E-02, -9.754E-01         F               0         Blade 1 Y orientation angle, node 23, rad
        270    2.783E-03,  9.970E-01,  7.697E-02         F               0         Blade 1 Z orientation angle, node 23, rad
        271    9.777E-01,  1.344E-02, -2.095E-01         F               0         Blade 1 X orientation angle, node 24, rad
        272   -2.099E-01,  7.584E-02, -9.748E-01         F               0         Blade 1 Y orientation angle, node 24, rad
        273    2.783E-03,  9.970E-01,  7.697E-02         F               0         Blade 1 Z orientation angle, node 24, rad
        274    9.771E-01,  1.367E-02, -2.124E-01         F               0         Blade 1 X orientation angle, node 25, rad
        275   -2.128E-01,  7.580E-02, -9.742E-01         F               0         Blade 1 Y orientation angle, node 25, rad
        276    2.783E-03,  9.970E-01,  7.697E-02         F               0         Blade 1 Z orientation angle, node 25, rad
        277    9.765E-01,  1.387E-02, -2.149E-01         F               0         Blade 1 X orientation angle, node 26, rad
        278   -2.154E-01,  7.576E-02, -9.736E-01         F               0         Blade 1 Y orientation angle, node 26, rad
        279    2.783E-03,  9.970E-01,  7.697E-02         F               0         Blade 1 Z orientation angle, node 26, rad
        280    9.760E-01,  1.406E-02, -2.175E-01         F               0         Blade 1 X orientation angle, node 27, rad
        281   -2.179E-01,  7.572E-02, -9.730E-01         F               0         Blade 1 Y orientation angle, node 27, rad
        282    2.783E-03,  9.970E-01,  7.697E-02         F               0         Blade 1 Z orientation angle, node 27, rad
        283    9.757E-01,  1.417E-02, -2.188E-01         F               0         Blade 1 X orientation angle, node 28, rad
        284   -2.193E-01,  7.570E-02, -9.727E-01         F               0         Blade 1 Y orientation angle, node 28, rad
        285    2.783E-03,  9.970E-01,  7.697E-02         F               0         Blade 1 Z orientation angle, node 28, rad
        286    1.060E+00                                 F               0         Blade 1 X translation velocity, node 1, m/s
        287   -4.191E-01                                 F               0         Blade 1 Y translation velocity, node 1, m/s
        288    4.744E+00                                 F               0         Blade 1 Z translation velocity, node 1, m/s
        289    1.316E+00                                 F               0         Blade 1 X translation velocity, node 2, m/s
        290   -5.080E-01                                 F               0         Blade 1 Y translation velocity, node 2, m/s
        291    5.887E+00                                 F               0         Blade 1 Z translation velocity, node 2, m/s
        292    4.799E+00                                 F               0         Blade 1 X translation velocity, node 3, m/s
        293   -1.717E+00                                 F               0         Blade 1 Y translation velocity, node 3, m/s
        294    2.143E+01                                 F               0         Blade 1 Z translation velocity, node 3, m/s
        295    5.541E+00                                 F               0         Blade 1 X translation velocity, node 4, m/s
        296   -1.975E+00                                 F               0         Blade 1 Y translation velocity, node 4, m/s
        297    2.474E+01                                 F               0         Blade 1 Z translation velocity, node 4, m/s
        298    6.283E+00                                 F               0         Blade 1 X translation velocity, node 5, m/s
        299   -2.233E+00                                 F               0         Blade 1 Y translation velocity, node 5, m/s
        300    2.805E+01                                 F               0         Blade 1 Z translation velocity, node 5, m/s
        301    7.025E+00                                 F               0         Blade 1 X translation velocity, node 6, m/s
        302   -2.490E+00                                 F               0         Blade 1 Y translation velocity, node 6, m/s
        303    3.136E+01                                 F               0         Blade 1 Z translation velocity, node 6, m/s
        304    7.767E+00                                 F               0         Blade 1 X translation velocity, node 7, m/s
        305   -2.748E+00                                 F               0         Blade 1 Y translation velocity, node 7, m/s
        306    3.467E+01                                 F               0         Blade 1 Z translation velocity, node 7, m/s
        307    8.510E+00                                 F               0         Blade 1 X translation velocity, node 8, m/s
