
Linearized model: Predictions were generated on 30-Jan-2024 at 18:20:32 using OpenFAST, compiled as a 64-bit application using single precision at commit v3.5.1
 linked with  NWTC Subroutine Library; ElastoDyn; InflowWind; AeroDyn; ServoDyn; HydroDyn; MAP++ (<1.20.10>, <Oct-20-2023>)

Description from the FAST input file: CCT-9 Campign 4 model. Input files to be run with OpenFAST 3.5.0. GitHub branch from Lu Wang (https://github.com/luwang00/openfast/tree/dev) compiled on March 7, 2023.

Simulation information:
   Simulation time:                   503.2250 s
   Rotor Speed:                         0.8794 rad/s
   Azimuth:                             1.7132 rad
   Wind Speed:                         10.0000 m/s
   Number of continuous states:         0
   Number of discrete states:           0
   Number of constraint states:         0
   Number of inputs:                 1746
   Number of outputs:                   4
   Jacobians included in this file?    No

Order of inputs:
     Column   Operating Point                     Rotating Frame? Derivative Order Description
   ---------- ---------------                     --------------- ---------------- -----------
          1    1.098E+01                                 F               0         Tower X translation displacement, node 1, m
          2   -1.117E+00                                 F               0         Tower Y translation displacement, node 1, m
          3   -3.073E-01                                 F               0         Tower Z translation displacement, node 1, m
          4    1.240E+01                                 F               0         Tower X translation displacement, node 2, m
          5   -1.629E+00                                 F               0         Tower Y translation displacement, node 2, m
          6   -3.996E-01                                 F               0         Tower Z translation displacement, node 2, m
          7    1.382E+01                                 F               0         Tower X translation displacement, node 3, m
          8   -2.141E+00                                 F               0         Tower Y translation displacement, node 3, m
          9   -4.919E-01                                 F               0         Tower Z translation displacement, node 3, m
         10    1.523E+01                                 F               0         Tower X translation displacement, node 4, m
         11   -2.653E+00                                 F               0         Tower Y translation displacement, node 4, m
         12   -5.842E-01                                 F               0         Tower Z translation displacement, node 4, m
         13    1.665E+01                                 F               0         Tower X translation displacement, node 5, m
         14   -3.165E+00                                 F               0         Tower Y translation displacement, node 5, m
         15   -6.765E-01                                 F               0         Tower Z translation displacement, node 5, m
         16    1.807E+01                                 F               0         Tower X translation displacement, node 6, m
         17   -3.677E+00                                 F               0         Tower Y translation displacement, node 6, m
         18   -7.688E-01                                 F               0         Tower Z translation displacement, node 6, m
         19    1.949E+01                                 F               0         Tower X translation displacement, node 7, m
         20   -4.189E+00                                 F               0         Tower Y translation displacement, node 7, m
         21   -8.611E-01                                 F               0         Tower Z translation displacement, node 7, m
         22    2.091E+01                                 F               0         Tower X translation displacement, node 8, m
         23   -4.702E+00                                 F               0         Tower Y translation displacement, node 8, m
         24   -9.534E-01                                 F               0         Tower Z translation displacement, node 8, m
         25    2.232E+01                                 F               0         Tower X translation displacement, node 9, m
         26   -5.214E+00                                 F               0         Tower Y translation displacement, node 9, m
         27   -1.046E+00                                 F               0         Tower Z translation displacement, node 9, m
         28    2.374E+01                                 F               0         Tower X translation displacement, node 10, m
         29   -5.726E+00                                 F               0         Tower Y translation displacement, node 10, m
         30   -1.138E+00                                 F               0         Tower Z translation displacement, node 10, m
         31    2.516E+01                                 F               0         Tower X translation displacement, node 11, m
         32   -6.238E+00                                 F               0         Tower Y translation displacement, node 11, m
         33   -1.230E+00                                 F               0         Tower Z translation displacement, node 11, m
         34    9.934E-01,  9.891E-03, -1.144E-01         F               0         Tower X orientation angle, node 1, rad
         35   -5.074E-03,  9.991E-01,  4.231E-02         F               0         Tower Y orientation angle, node 1, rad
         36    1.148E-01, -4.145E-02,  9.925E-01         F               0         Tower Z orientation angle, node 1, rad
         37    9.934E-01,  9.891E-03, -1.144E-01         F               0         Tower X orientation angle, node 2, rad
         38   -5.074E-03,  9.991E-01,  4.231E-02         F               0         Tower Y orientation angle, node 2, rad
         39    1.148E-01, -4.145E-02,  9.925E-01         F               0         Tower Z orientation angle, node 2, rad
         40    9.934E-01,  9.891E-03, -1.144E-01         F               0         Tower X orientation angle, node 3, rad
         41   -5.074E-03,  9.991E-01,  4.231E-02         F               0         Tower Y orientation angle, node 3, rad
         42    1.148E-01, -4.145E-02,  9.925E-01         F               0         Tower Z orientation angle, node 3, rad
         43    9.934E-01,  9.891E-03, -1.144E-01         F               0         Tower X orientation angle, node 4, rad
         44   -5.074E-03,  9.991E-01,  4.231E-02         F               0         Tower Y orientation angle, node 4, rad
         45    1.148E-01, -4.145E-02,  9.925E-01         F               0         Tower Z orientation angle, node 4, rad
         46    9.934E-01,  9.891E-03, -1.144E-01         F               0         Tower X orientation angle, node 5, rad
         47   -5.074E-03,  9.991E-01,  4.231E-02         F               0         Tower Y orientation angle, node 5, rad
         48    1.148E-01, -4.145E-02,  9.925E-01         F               0         Tower Z orientation angle, node 5, rad
         49    9.934E-01,  9.891E-03, -1.144E-01         F               0         Tower X orientation angle, node 6, rad
         50   -5.074E-03,  9.991E-01,  4.231E-02         F               0         Tower Y orientation angle, node 6, rad
         51    1.148E-01, -4.145E-02,  9.925E-01         F               0         Tower Z orientation angle, node 6, rad
         52    9.934E-01,  9.891E-03, -1.144E-01         F               0         Tower X orientation angle, node 7, rad
         53   -5.074E-03,  9.991E-01,  4.231E-02         F               0         Tower Y orientation angle, node 7, rad
         54    1.148E-01, -4.145E-02,  9.925E-01         F               0         Tower Z orientation angle, node 7, rad
         55    9.934E-01,  9.891E-03, -1.144E-01         F               0         Tower X orientation angle, node 8, rad
         56   -5.074E-03,  9.991E-01,  4.231E-02         F               0         Tower Y orientation angle, node 8, rad
         57    1.148E-01, -4.145E-02,  9.925E-01         F               0         Tower Z orientation angle, node 8, rad
         58    9.934E-01,  9.891E-03, -1.144E-01         F               0         Tower X orientation angle, node 9, rad
         59   -5.074E-03,  9.991E-01,  4.231E-02         F               0         Tower Y orientation angle, node 9, rad
         60    1.148E-01, -4.145E-02,  9.925E-01         F               0         Tower Z orientation angle, node 9, rad
         61    9.934E-01,  9.891E-03, -1.144E-01         F               0         Tower X orientation angle, node 10, rad
         62   -5.074E-03,  9.991E-01,  4.231E-02         F               0         Tower Y orientation angle, node 10, rad
         63    1.148E-01, -4.145E-02,  9.925E-01         F               0         Tower Z orientation angle, node 10, rad
         64    9.934E-01,  9.891E-03, -1.144E-01         F               0         Tower X orientation angle, node 11, rad
         65   -5.074E-03,  9.991E-01,  4.231E-02         F               0         Tower Y orientation angle, node 11, rad
         66    1.148E-01, -4.145E-02,  9.925E-01         F               0         Tower Z orientation angle, node 11, rad
         67   -3.095E-03                                 F               0         Tower X translation velocity, node 1, m/s
         68    1.397E-03                                 F               0         Tower Y translation velocity, node 1, m/s
         69    2.765E-03                                 F               0         Tower Z translation velocity, node 1, m/s
         70   -2.760E-03                                 F               0         Tower X translation velocity, node 2, m/s
         71    1.066E-03                                 F               0         Tower Y translation velocity, node 2, m/s
         72    2.713E-03                                 F               0         Tower Z translation velocity, node 2, m/s
         73   -2.425E-03                                 F               0         Tower X translation velocity, node 3, m/s
         74    7.343E-04                                 F               0         Tower Y translation velocity, node 3, m/s
         75    2.660E-03                                 F               0         Tower Z translation velocity, node 3, m/s
         76   -2.091E-03                                 F               0         Tower X translation velocity, node 4, m/s
         77    4.028E-04                                 F               0         Tower Y translation velocity, node 4, m/s
         78    2.608E-03                                 F               0         Tower Z translation velocity, node 4, m/s
         79   -1.756E-03                                 F               0         Tower X translation velocity, node 5, m/s
         80    7.135E-05                                 F               0         Tower Y translation velocity, node 5, m/s
         81    2.555E-03                                 F               0         Tower Z translation velocity, node 5, m/s
         82   -1.421E-03                                 F               0         Tower X translation velocity, node 6, m/s
         83   -2.601E-04                                 F               0         Tower Y translation velocity, node 6, m/s
         84    2.503E-03                                 F               0         Tower Z translation velocity, node 6, m/s
         85   -1.087E-03                                 F               0         Tower X translation velocity, node 7, m/s
         86   -5.916E-04                                 F               0         Tower Y translation velocity, node 7, m/s
         87    2.450E-03                                 F               0         Tower Z translation velocity, node 7, m/s
         88   -7.520E-04                                 F               0         Tower X translation velocity, node 8, m/s
         89   -9.230E-04                                 F               0         Tower Y translation velocity, node 8, m/s
         90    2.398E-03                                 F               0         Tower Z translation velocity, node 8, m/s
         91   -4.173E-04                                 F               0         Tower X translation velocity, node 9, m/s
         92   -1.254E-03                                 F               0         Tower Y translation velocity, node 9, m/s
         93    2.345E-03                                 F               0         Tower Z translation velocity, node 9, m/s
         94   -8.264E-05                                 F               0         Tower X translation velocity, node 10, m/s
         95   -1.586E-03                                 F               0         Tower Y translation velocity, node 10, m/s
         96    2.293E-03                                 F               0         Tower Z translation velocity, node 10, m/s
         97    2.520E-04                                 F               0         Tower X translation velocity, node 11, m/s
         98   -1.917E-03                                 F               0         Tower Y translation velocity, node 11, m/s
         99    2.240E-03                                 F               0         Tower Z translation velocity, node 11, m/s
        100    2.613E+01                                 F               0         Hub X translation displacement, node 1, m
        101   -6.670E+00                                 F               0         Hub Y translation displacement, node 1, m
        102   -5.297E-02                                 F               0         Hub Z translation displacement, node 1, m
        103    9.759E-01,  1.417E-02, -2.176E-01         F               0         Hub X orientation angle, node 1, rad
        104    2.165E-01, -1.816E-01,  9.593E-01         F               0         Hub Y orientation angle, node 1, rad
        105   -2.591E-02, -9.833E-01, -1.803E-01         F               0         Hub Z orientation angle, node 1, rad
        106    8.582E-01                                 F               0         Hub X rotation velocity, node 1, rad/s
        107    1.249E-02                                 F               0         Hub Y rotation velocity, node 1, rad/s
        108   -1.914E-01                                 F               0         Hub Z rotation velocity, node 1, rad/s
        109    9.691E-01,  1.955E-02, -2.459E-01         F               0         Blade root 1 X orientation angle, node 1, rad
        110    2.453E-01, -1.811E-01,  9.524E-01         F               0         Blade root 1 Y orientation angle, node 1, rad
        111   -2.591E-02, -9.833E-01, -1.803E-01         F               0         Blade root 1 Z orientation angle, node 1, rad
        112    9.794E-01,  3.673E-02, -1.986E-01         F               0         Blade root 2 X orientation angle, node 1, rad
        113   -1.017E-01, -7.600E-01, -6.419E-01         F               0         Blade root 2 Y orientation angle, node 1, rad
        114   -1.745E-01,  6.489E-01, -7.406E-01         F               0         Blade root 2 Z orientation angle, node 1, rad
        115    9.781E-01, -1.379E-02, -2.079E-01         F               0         Blade root 3 X orientation angle, node 1, rad
        116   -5.681E-02,  9.423E-01, -3.298E-01         F               0         Blade root 3 Y orientation angle, node 1, rad
        117    2.004E-01,  3.344E-01,  9.209E-01         F               0         Blade root 3 Z orientation angle, node 1, rad
        118    2.541E+01                                 F               0         Blade 1 X translation displacement, node 1, m
        119   -1.212E+01                                 F               0         Blade 1 Y translation displacement, node 1, m
        120   -6.561E+00                                 F               0         Blade 1 Z translation displacement, node 1, m
        121    2.523E+01                                 F               0         Blade 1 X translation displacement, node 2, m
        122   -1.343E+01                                 F               0         Blade 1 Y translation displacement, node 2, m
        123   -8.130E+00                                 F               0         Blade 1 Z translation displacement, node 2, m
        124    2.287E+01                                 F               0         Blade 1 X translation displacement, node 3, m
        125   -3.128E+01                                 F               0         Blade 1 Y translation displacement, node 3, m
        126   -2.946E+01                                 F               0         Blade 1 Z translation displacement, node 3, m
        127    2.236E+01                                 F               0         Blade 1 X translation displacement, node 4, m
        128   -3.508E+01                                 F               0         Blade 1 Y translation displacement, node 4, m
        129   -3.400E+01                                 F               0         Blade 1 Z translation displacement, node 4, m
        130    2.186E+01                                 F               0         Blade 1 X translation displacement, node 5, m
        131   -3.889E+01                                 F               0         Blade 1 Y translation displacement, node 5, m
        132   -3.854E+01                                 F               0         Blade 1 Z translation displacement, node 5, m
        133    2.135E+01                                 F               0         Blade 1 X translation displacement, node 6, m
        134   -4.269E+01                                 F               0         Blade 1 Y translation displacement, node 6, m
        135   -4.309E+01                                 F               0         Blade 1 Z translation displacement, node 6, m
        136    2.085E+01                                 F               0         Blade 1 X translation displacement, node 7, m
        137   -4.649E+01                                 F               0         Blade 1 Y translation displacement, node 7, m
        138   -4.763E+01                                 F               0         Blade 1 Z translation displacement, node 7, m
        139    2.034E+01                                 F               0         Blade 1 X translation displacement, node 8, m
        140   -5.029E+01                                 F               0         Blade 1 Y translation displacement, node 8, m
        141   -5.217E+01                                 F               0         Blade 1 Z translation displacement, node 8, m
        142    1.984E+01                                 F               0         Blade 1 X translation displacement, node 9, m
        143   -5.410E+01                                 F               0         Blade 1 Y translation displacement, node 9, m
        144   -5.672E+01                                 F               0         Blade 1 Z translation displacement, node 9, m
        145    1.934E+01                                 F               0         Blade 1 X translation displacement, node 10, m
        146   -5.790E+01                                 F               0         Blade 1 Y translation displacement, node 10, m
        147   -6.126E+01                                 F               0         Blade 1 Z translation displacement, node 10, m
        148    1.883E+01                                 F               0         Blade 1 X translation displacement, node 11, m
        149   -6.170E+01                                 F               0         Blade 1 Y translation displacement, node 11, m
        150   -6.581E+01                                 F               0         Blade 1 Z translation displacement, node 11, m
        151    1.833E+01                                 F               0         Blade 1 X translation displacement, node 12, m
        152   -6.551E+01                                 F               0         Blade 1 Y translation displacement, node 12, m
        153   -7.035E+01                                 F               0         Blade 1 Z translation displacement, node 12, m
        154    1.782E+01                                 F               0         Blade 1 X translation displacement, node 13, m
        155   -6.931E+01                                 F               0         Blade 1 Y translation displacement, node 13, m
        156   -7.489E+01                                 F               0         Blade 1 Z translation displacement, node 13, m
        157    1.732E+01                                 F               0         Blade 1 X translation displacement, node 14, m
        158   -7.311E+01                                 F               0         Blade 1 Y translation displacement, node 14, m
        159   -7.944E+01                                 F               0         Blade 1 Z translation displacement, node 14, m
        160    1.681E+01                                 F               0         Blade 1 X translation displacement, node 15, m
        161   -7.692E+01                                 F               0         Blade 1 Y translation displacement, node 15, m
        162   -8.398E+01                                 F               0         Blade 1 Z translation displacement, node 15, m
        163    1.631E+01                                 F               0         Blade 1 X translation displacement, node 16, m
        164   -8.072E+01                                 F               0         Blade 1 Y translation displacement, node 16, m
        165   -8.852E+01                                 F               0         Blade 1 Z translation displacement, node 16, m
        166    1.580E+01                                 F               0         Blade 1 X translation displacement, node 17, m
        167   -8.452E+01                                 F               0         Blade 1 Y translation displacement, node 17, m
        168   -9.307E+01                                 F               0         Blade 1 Z translation displacement, node 17, m
        169    1.530E+01                                 F               0         Blade 1 X translation displacement, node 18, m
        170   -8.832E+01                                 F               0         Blade 1 Y translation displacement, node 18, m
        171   -9.761E+01                                 F               0         Blade 1 Z translation displacement, node 18, m
        172    1.479E+01                                 F               0         Blade 1 X translation displacement, node 19, m
        173   -9.213E+01                                 F               0         Blade 1 Y translation displacement, node 19, m
        174   -1.022E+02                                 F               0         Blade 1 Z translation displacement, node 19, m
        175    1.429E+01                                 F               0         Blade 1 X translation displacement, node 20, m
        176   -9.593E+01                                 F               0         Blade 1 Y translation displacement, node 20, m
        177   -1.067E+02                                 F               0         Blade 1 Z translation displacement, node 20, m
        178    1.379E+01                                 F               0         Blade 1 X translation displacement, node 21, m
        179   -9.973E+01                                 F               0         Blade 1 Y translation displacement, node 21, m
        180   -1.112E+02                                 F               0         Blade 1 Z translation displacement, node 21, m
        181    1.328E+01                                 F               0         Blade 1 X translation displacement, node 22, m
        182   -1.035E+02                                 F               0         Blade 1 Y translation displacement, node 22, m
        183   -1.158E+02                                 F               0         Blade 1 Z translation displacement, node 22, m
        184    1.278E+01                                 F               0         Blade 1 X translation displacement, node 23, m
        185   -1.073E+02                                 F               0         Blade 1 Y translation displacement, node 23, m
        186   -1.203E+02                                 F               0         Blade 1 Z translation displacement, node 23, m
        187    1.227E+01                                 F               0         Blade 1 X translation displacement, node 24, m
        188   -1.111E+02                                 F               0         Blade 1 Y translation displacement, node 24, m
        189   -1.249E+02                                 F               0         Blade 1 Z translation displacement, node 24, m
        190    1.177E+01                                 F               0         Blade 1 X translation displacement, node 25, m
        191   -1.149E+02                                 F               0         Blade 1 Y translation displacement, node 25, m
        192   -1.294E+02                                 F               0         Blade 1 Z translation displacement, node 25, m
        193    1.126E+01                                 F               0         Blade 1 X translation displacement, node 26, m
        194   -1.187E+02                                 F               0         Blade 1 Y translation displacement, node 26, m
        195   -1.340E+02                                 F               0         Blade 1 Z translation displacement, node 26, m
        196    1.076E+01                                 F               0         Blade 1 X translation displacement, node 27, m
        197   -1.226E+02                                 F               0         Blade 1 Y translation displacement, node 27, m
        198   -1.385E+02                                 F               0         Blade 1 Z translation displacement, node 27, m
        199    1.033E+01                                 F               0         Blade 1 X translation displacement, node 28, m
        200   -1.258E+02                                 F               0         Blade 1 Y translation displacement, node 28, m
        201   -1.424E+02                                 F               0         Blade 1 Z translation displacement, node 28, m
        202    7.506E-01,  9.997E-02, -6.532E-01         F               0         Blade 1 X orientation angle, node 1, rad
        203    6.603E-01, -1.522E-01,  7.354E-01         F               0         Blade 1 Y orientation angle, node 1, rad
        204   -2.591E-02, -9.833E-01, -1.803E-01         F               0         Blade 1 Z orientation angle, node 1, rad
        205    7.506E-01,  9.997E-02, -6.532E-01         F               0         Blade 1 X orientation angle, node 2, rad
        206    6.603E-01, -1.522E-01,  7.354E-01         F               0         Blade 1 Y orientation angle, node 2, rad
        207   -2.591E-02, -9.833E-01, -1.803E-01         F               0         Blade 1 Z orientation angle, node 2, rad
        208    8.857E-01,  6.104E-02, -4.602E-01         F               0         Blade 1 X orientation angle, node 3, rad
        209    4.636E-01, -1.716E-01,  8.693E-01         F               0         Blade 1 Y orientation angle, node 3, rad
        210   -2.591E-02, -9.833E-01, -1.803E-01         F               0         Blade 1 Z orientation angle, node 3, rad
        211    9.045E-01,  5.374E-02, -4.231E-01         F               0         Blade 1 X orientation angle, node 4, rad
        212    4.257E-01, -1.740E-01,  8.880E-01         F               0         Blade 1 Y orientation angle, node 4, rad
        213   -2.591E-02, -9.833E-01, -1.803E-01         F               0         Blade 1 Z orientation angle, node 4, rad
        214    9.181E-01,  4.794E-02, -3.935E-01         F               0         Blade 1 X orientation angle, node 5, rad
        215    3.955E-01, -1.757E-01,  9.015E-01         F               0         Blade 1 Y orientation angle, node 5, rad
        216   -2.591E-02, -9.833E-01, -1.803E-01         F               0         Blade 1 Z orientation angle, node 5, rad
        217    9.283E-01,  4.327E-02, -3.694E-01         F               0         Blade 1 X orientation angle, node 6, rad
        218    3.710E-01, -1.769E-01,  9.116E-01         F               0         Blade 1 Y orientation angle, node 6, rad
        219   -2.591E-02, -9.833E-01, -1.803E-01         F               0         Blade 1 Z orientation angle, node 6, rad
        220    9.361E-01,  3.940E-02, -3.494E-01         F               0         Blade 1 X orientation angle, node 7, rad
        221    3.507E-01, -1.778E-01,  9.195E-01         F               0         Blade 1 Y orientation angle, node 7, rad
        222   -2.591E-02, -9.833E-01, -1.803E-01         F               0         Blade 1 Z orientation angle, node 7, rad
        223    9.423E-01,  3.616E-02, -3.327E-01         F               0         Blade 1 X orientation angle, node 8, rad
        224    3.336E-01, -1.785E-01,  9.256E-01         F               0         Blade 1 Y orientation angle, node 8, rad
        225   -2.591E-02, -9.833E-01, -1.803E-01         F               0         Blade 1 Z orientation angle, node 8, rad
        226    9.474E-01,  3.342E-02, -3.184E-01         F               0         Blade 1 X orientation angle, node 9, rad
        227    3.191E-01, -1.790E-01,  9.306E-01         F               0         Blade 1 Y orientation angle, node 9, rad
        228   -2.591E-02, -9.833E-01, -1.803E-01         F               0         Blade 1 Z orientation angle, node 9, rad
        229    9.515E-01,  3.104E-02, -3.061E-01         F               0         Blade 1 X orientation angle, node 10, rad
        230    3.065E-01, -1.795E-01,  9.348E-01         F               0         Blade 1 Y orientation angle, node 10, rad
        231   -2.591E-02, -9.833E-01, -1.803E-01         F               0         Blade 1 Z orientation angle, node 10, rad
        232    9.549E-01,  2.900E-02, -2.954E-01         F               0         Blade 1 X orientation angle, node 11, rad
        233    2.957E-01, -1.798E-01,  9.382E-01         F               0         Blade 1 Y orientation angle, node 11, rad
        234   -2.591E-02, -9.833E-01, -1.803E-01         F               0         Blade 1 Z orientation angle, node 11, rad
        235    9.578E-01,  2.721E-02, -2.861E-01         F               0         Blade 1 X orientation angle, node 12, rad
        236    2.862E-01, -1.801E-01,  9.411E-01         F               0         Blade 1 Y orientation angle, node 12, rad
        237   -2.591E-02, -9.833E-01, -1.803E-01         F               0         Blade 1 Z orientation angle, node 12, rad
        238    9.603E-01,  2.564E-02, -2.779E-01         F               0         Blade 1 X orientation angle, node 13, rad
        239    2.778E-01, -1.803E-01,  9.436E-01         F               0         Blade 1 Y orientation angle, node 13, rad
        240   -2.591E-02, -9.833E-01, -1.803E-01         F               0         Blade 1 Z orientation angle, node 13, rad
        241    9.624E-01,  2.422E-02, -2.704E-01         F               0         Blade 1 X orientation angle, node 14, rad
        242    2.703E-01, -1.805E-01,  9.457E-01         F               0         Blade 1 Y orientation angle, node 14, rad
        243   -2.591E-02, -9.833E-01, -1.803E-01         F               0         Blade 1 Z orientation angle, node 14, rad
        244    9.643E-01,  2.296E-02, -2.638E-01         F               0         Blade 1 X orientation angle, node 15, rad
        245    2.636E-01, -1.807E-01,  9.476E-01         F               0         Blade 1 Y orientation angle, node 15, rad
        246   -2.591E-02, -9.833E-01, -1.803E-01         F               0         Blade 1 Z orientation angle, node 15, rad
        247    9.659E-01,  2.182E-02, -2.579E-01         F               0         Blade 1 X orientation angle, node 16, rad
        248    2.575E-01, -1.808E-01,  9.492E-01         F               0         Blade 1 Y orientation angle, node 16, rad
        249   -2.591E-02, -9.833E-01, -1.803E-01         F               0         Blade 1 Z orientation angle, node 16, rad
        250    9.674E-01,  2.081E-02, -2.526E-01         F               0         Blade 1 X orientation angle, node 17, rad
        251    2.521E-01, -1.809E-01,  9.506E-01         F               0         Blade 1 Y orientation angle, node 17, rad
        252   -2.591E-02, -9.833E-01, -1.803E-01         F               0         Blade 1 Z orientation angle, node 17, rad
        253    9.687E-01,  1.987E-02, -2.476E-01         F               0         Blade 1 X orientation angle, node 18, rad
        254    2.470E-01, -1.810E-01,  9.519E-01         F               0         Blade 1 Y orientation angle, node 18, rad
        255   -2.591E-02, -9.833E-01, -1.803E-01         F               0         Blade 1 Z orientation angle, node 18, rad
        256    9.698E-01,  1.901E-02, -2.431E-01         F               0         Blade 1 X orientation angle, node 19, rad
        257    2.425E-01, -1.811E-01,  9.531E-01         F               0         Blade 1 Y orientation angle, node 19, rad
        258   -2.591E-02, -9.833E-01, -1.803E-01         F               0         Blade 1 Z orientation angle, node 19, rad
        259    9.708E-01,  1.825E-02, -2.391E-01         F               0         Blade 1 X orientation angle, node 20, rad
        260    2.384E-01, -1.812E-01,  9.541E-01         F               0         Blade 1 Y orientation angle, node 20, rad
        261   -2.591E-02, -9.833E-01, -1.803E-01         F               0         Blade 1 Z orientation angle, node 20, rad
        262    9.718E-01,  1.753E-02, -2.353E-01         F               0         Blade 1 X orientation angle, node 21, rad
        263    2.345E-01, -1.813E-01,  9.551E-01         F               0         Blade 1 Y orientation angle, node 21, rad
        264   -2.591E-02, -9.833E-01, -1.803E-01         F               0         Blade 1 Z orientation angle, node 21, rad
        265    9.726E-01,  1.686E-02, -2.318E-01         F               0         Blade 1 X orientation angle, node 22, rad
        266    2.309E-01, -1.814E-01,  9.559E-01         F               0         Blade 1 Y orientation angle, node 22, rad
        267   -2.591E-02, -9.833E-01, -1.803E-01         F               0         Blade 1 Z orientation angle, node 22, rad
        268    9.734E-01,  1.626E-02, -2.286E-01         F               0         Blade 1 X orientation angle, node 23, rad
        269    2.277E-01, -1.814E-01,  9.567E-01         F               0         Blade 1 Y orientation angle, node 23, rad
        270   -2.591E-02, -9.833E-01, -1.803E-01         F               0         Blade 1 Z orientation angle, node 23, rad
        271    9.741E-01,  1.569E-02, -2.256E-01         F               0         Blade 1 X orientation angle, node 24, rad
        272    2.246E-01, -1.815E-01,  9.574E-01         F               0         Blade 1 Y orientation angle, node 24, rad
        273   -2.591E-02, -9.833E-01, -1.803E-01         F               0         Blade 1 Z orientation angle, node 24, rad
        274    9.748E-01,  1.515E-02, -2.227E-01         F               0         Blade 1 X orientation angle, node 25, rad
        275    2.218E-01, -1.815E-01,  9.581E-01         F               0         Blade 1 Y orientation angle, node 25, rad
        276   -2.591E-02, -9.833E-01, -1.803E-01         F               0         Blade 1 Z orientation angle, node 25, rad
        277    9.753E-01,  1.468E-02, -2.202E-01         F               0         Blade 1 X orientation angle, node 26, rad
        278    2.192E-01, -1.815E-01,  9.586E-01         F               0         Blade 1 Y orientation angle, node 26, rad
        279   -2.591E-02, -9.833E-01, -1.803E-01         F               0         Blade 1 Z orientation angle, node 26, rad
        280    9.759E-01,  1.420E-02, -2.177E-01         F               0         Blade 1 X orientation angle, node 27, rad
        281    2.166E-01, -1.816E-01,  9.592E-01         F               0         Blade 1 Y orientation angle, node 27, rad
        282   -2.591E-02, -9.833E-01, -1.803E-01         F               0         Blade 1 Z orientation angle, node 27, rad
        283    9.762E-01,  1.395E-02, -2.164E-01         F               0         Blade 1 X orientation angle, node 28, rad
        284    2.153E-01, -1.816E-01,  9.595E-01         F               0         Blade 1 Y orientation angle, node 28, rad
        285   -2.591E-02, -9.833E-01, -1.803E-01         F               0         Blade 1 Z orientation angle, node 28, rad
        286   -1.054E+00                                 F               0         Blade 1 X translation velocity, node 1, m/s
        287    8.829E-01                                 F               0         Blade 1 Y translation velocity, node 1, m/s
        288   -4.671E+00                                 F               0         Blade 1 Z translation velocity, node 1, m/s
        289   -1.309E+00                                 F               0         Blade 1 X translation velocity, node 2, m/s
        290    1.096E+00                                 F               0         Blade 1 Y translation velocity, node 2, m/s
        291   -5.797E+00                                 F               0         Blade 1 Z translation velocity, node 2, m/s
        292   -4.765E+00                                 F               0         Blade 1 X translation velocity, node 3, m/s
        293    3.995E+00                                 F               0         Blade 1 Y translation velocity, node 3, m/s
        294   -2.111E+01                                 F               0         Blade 1 Z translation velocity, node 3, m/s
        295   -5.501E+00                                 F               0         Blade 1 X translation velocity, node 4, m/s
        296    4.612E+00                                 F               0         Blade 1 Y translation velocity, node 4, m/s
        297   -2.437E+01                                 F               0         Blade 1 Z translation velocity, node 4, m/s
        298   -6.238E+00                                 F               0         Blade 1 X translation velocity, node 5, m/s
        299    5.230E+00                                 F               0         Blade 1 Y translation velocity, node 5, m/s
        300   -2.763E+01                                 F               0         Blade 1 Z translation velocity, node 5, m/s
        301   -6.974E+00                                 F               0         Blade 1 X translation velocity, node 6, m/s
        302    5.847E+00                                 F               0         Blade 1 Y translation velocity, node 6, m/s
        303   -3.090E+01                                 F               0         Blade 1 Z translation velocity, node 6, m/s
        304   -7.711E+00                                 F               0         Blade 1 X translation velocity, node 7, m/s
        305    6.465E+00                                 F               0         Blade 1 Y translation velocity, node 7, m/s
        306   -3.416E+01                                 F               0         Blade 1 Z translation velocity, node 7, m/s
        307   -8.447E+00                                 F               0         Blade 1 X translation velocity, node 8, m/s
