
Linearized model: Predictions were generated on 30-Jan-2024 at 18:20:32 using OpenFAST, compiled as a 64-bit application using single precision at commit v3.5.1
 linked with  NWTC Subroutine Library; ElastoDyn; InflowWind; AeroDyn; ServoDyn; HydroDyn; MAP++ (<1.20.10>, <Oct-20-2023>)

Description from the FAST input file: CCT-9 Campign 4 model. Input files to be run with OpenFAST 3.5.0. GitHub branch from Lu Wang (https://github.com/luwang00/openfast/tree/dev) compiled on March 7, 2023.

Simulation information:
   Simulation time:                   500.5000 s
   Rotor Speed:                         0.8797 rad/s
   Azimuth:                             5.5999 rad
   Wind Speed:                         10.0000 m/s
   Number of continuous states:         0
   Number of discrete states:           0
   Number of constraint states:         0
   Number of inputs:                 1746
   Number of outputs:                   4
   Jacobians included in this file?    No

Order of inputs:
     Column   Operating Point                     Rotating Frame? Derivative Order Description
   ---------- ---------------                     --------------- ---------------- -----------
          1    1.099E+01                                 F               0         Tower X translation displacement, node 1, m
          2   -1.128E+00                                 F               0         Tower Y translation displacement, node 1, m
          3   -3.095E-01                                 F               0         Tower Z translation displacement, node 1, m
          4    1.241E+01                                 F               0         Tower X translation displacement, node 2, m
          5   -1.643E+00                                 F               0         Tower Y translation displacement, node 2, m
          6   -4.018E-01                                 F               0         Tower Z translation displacement, node 2, m
          7    1.382E+01                                 F               0         Tower X translation displacement, node 3, m
          8   -2.157E+00                                 F               0         Tower Y translation displacement, node 3, m
          9   -4.942E-01                                 F               0         Tower Z translation displacement, node 3, m
         10    1.524E+01                                 F               0         Tower X translation displacement, node 4, m
         11   -2.672E+00                                 F               0         Tower Y translation displacement, node 4, m
         12   -5.865E-01                                 F               0         Tower Z translation displacement, node 4, m
         13    1.666E+01                                 F               0         Tower X translation displacement, node 5, m
         14   -3.187E+00                                 F               0         Tower Y translation displacement, node 5, m
         15   -6.788E-01                                 F               0         Tower Z translation displacement, node 5, m
         16    1.807E+01                                 F               0         Tower X translation displacement, node 6, m
         17   -3.702E+00                                 F               0         Tower Y translation displacement, node 6, m
         18   -7.712E-01                                 F               0         Tower Z translation displacement, node 6, m
         19    1.949E+01                                 F               0         Tower X translation displacement, node 7, m
         20   -4.217E+00                                 F               0         Tower Y translation displacement, node 7, m
         21   -8.635E-01                                 F               0         Tower Z translation displacement, node 7, m
         22    2.091E+01                                 F               0         Tower X translation displacement, node 8, m
         23   -4.732E+00                                 F               0         Tower Y translation displacement, node 8, m
         24   -9.559E-01                                 F               0         Tower Z translation displacement, node 8, m
         25    2.233E+01                                 F               0         Tower X translation displacement, node 9, m
         26   -5.247E+00                                 F               0         Tower Y translation displacement, node 9, m
         27   -1.048E+00                                 F               0         Tower Z translation displacement, node 9, m
         28    2.374E+01                                 F               0         Tower X translation displacement, node 10, m
         29   -5.762E+00                                 F               0         Tower Y translation displacement, node 10, m
         30   -1.141E+00                                 F               0         Tower Z translation displacement, node 10, m
         31    2.516E+01                                 F               0         Tower X translation displacement, node 11, m
         32   -6.277E+00                                 F               0         Tower Y translation displacement, node 11, m
         33   -1.233E+00                                 F               0         Tower Z translation displacement, node 11, m
         34    9.934E-01,  9.939E-03, -1.144E-01         F               0         Tower X orientation angle, node 1, rad
         35   -5.097E-03,  9.991E-01,  4.255E-02         F               0         Tower Y orientation angle, node 1, rad
         36    1.147E-01, -4.168E-02,  9.925E-01         F               0         Tower Z orientation angle, node 1, rad
         37    9.934E-01,  9.939E-03, -1.144E-01         F               0         Tower X orientation angle, node 2, rad
         38   -5.097E-03,  9.991E-01,  4.255E-02         F               0         Tower Y orientation angle, node 2, rad
         39    1.147E-01, -4.168E-02,  9.925E-01         F               0         Tower Z orientation angle, node 2, rad
         40    9.934E-01,  9.939E-03, -1.144E-01         F               0         Tower X orientation angle, node 3, rad
         41   -5.097E-03,  9.991E-01,  4.255E-02         F               0         Tower Y orientation angle, node 3, rad
         42    1.147E-01, -4.168E-02,  9.925E-01         F               0         Tower Z orientation angle, node 3, rad
         43    9.934E-01,  9.939E-03, -1.144E-01         F               0         Tower X orientation angle, node 4, rad
         44   -5.097E-03,  9.991E-01,  4.255E-02         F               0         Tower Y orientation angle, node 4, rad
         45    1.147E-01, -4.168E-02,  9.925E-01         F               0         Tower Z orientation angle, node 4, rad
         46    9.934E-01,  9.939E-03, -1.144E-01         F               0         Tower X orientation angle, node 5, rad
         47   -5.097E-03,  9.991E-01,  4.255E-02         F               0         Tower Y orientation angle, node 5, rad
         48    1.147E-01, -4.168E-02,  9.925E-01         F               0         Tower Z orientation angle, node 5, rad
         49    9.934E-01,  9.939E-03, -1.144E-01         F               0         Tower X orientation angle, node 6, rad
         50   -5.097E-03,  9.991E-01,  4.255E-02         F               0         Tower Y orientation angle, node 6, rad
         51    1.147E-01, -4.168E-02,  9.925E-01         F               0         Tower Z orientation angle, node 6, rad
         52    9.934E-01,  9.939E-03, -1.144E-01         F               0         Tower X orientation angle, node 7, rad
         53   -5.097E-03,  9.991E-01,  4.255E-02         F               0         Tower Y orientation angle, node 7, rad
         54    1.147E-01, -4.168E-02,  9.925E-01         F               0         Tower Z orientation angle, node 7, rad
         55    9.934E-01,  9.939E-03, -1.144E-01         F               0         Tower X orientation angle, node 8, rad
         56   -5.097E-03,  9.991E-01,  4.255E-02         F               0         Tower Y orientation angle, node 8, rad
         57    1.147E-01, -4.168E-02,  9.925E-01         F               0         Tower Z orientation angle, node 8, rad
         58    9.934E-01,  9.939E-03, -1.144E-01         F               0         Tower X orientation angle, node 9, rad
         59   -5.097E-03,  9.991E-01,  4.255E-02         F               0         Tower Y orientation angle, node 9, rad
         60    1.147E-01, -4.168E-02,  9.925E-01         F               0         Tower Z orientation angle, node 9, rad
         61    9.934E-01,  9.939E-03, -1.144E-01         F               0         Tower X orientation angle, node 10, rad
         62   -5.097E-03,  9.991E-01,  4.255E-02         F               0         Tower Y orientation angle, node 10, rad
         63    1.147E-01, -4.168E-02,  9.925E-01         F               0         Tower Z orientation angle, node 10, rad
         64    9.934E-01,  9.939E-03, -1.144E-01         F               0         Tower X orientation angle, node 11, rad
         65   -5.097E-03,  9.991E-01,  4.255E-02         F               0         Tower Y orientation angle, node 11, rad
         66    1.147E-01, -4.168E-02,  9.925E-01         F               0         Tower Z orientation angle, node 11, rad
         67   -2.531E-03                                 F               0         Tower X translation velocity, node 1, m/s
         68    5.551E-03                                 F               0         Tower Y translation velocity, node 1, m/s
         69   -1.169E-03                                 F               0         Tower Z translation velocity, node 1, m/s
         70   -2.344E-03                                 F               0         Tower X translation velocity, node 2, m/s
         71    7.680E-03                                 F               0         Tower Y translation velocity, node 2, m/s
         72   -1.101E-03                                 F               0         Tower Z translation velocity, node 2, m/s
         73   -2.158E-03                                 F               0         Tower X translation velocity, node 3, m/s
         74    9.809E-03                                 F               0         Tower Y translation velocity, node 3, m/s
         75   -1.033E-03                                 F               0         Tower Z translation velocity, node 3, m/s
         76   -1.971E-03                                 F               0         Tower X translation velocity, node 4, m/s
         77    1.194E-02                                 F               0         Tower Y translation velocity, node 4, m/s
         78   -9.653E-04                                 F               0         Tower Z translation velocity, node 4, m/s
         79   -1.785E-03                                 F               0         Tower X translation velocity, node 5, m/s
         80    1.407E-02                                 F               0         Tower Y translation velocity, node 5, m/s
         81   -8.974E-04                                 F               0         Tower Z translation velocity, node 5, m/s
         82   -1.598E-03                                 F               0         Tower X translation velocity, node 6, m/s
         83    1.620E-02                                 F               0         Tower Y translation velocity, node 6, m/s
         84   -8.295E-04                                 F               0         Tower Z translation velocity, node 6, m/s
         85   -1.411E-03                                 F               0         Tower X translation velocity, node 7, m/s
         86    1.833E-02                                 F               0         Tower Y translation velocity, node 7, m/s
         87   -7.617E-04                                 F               0         Tower Z translation velocity, node 7, m/s
         88   -1.225E-03                                 F               0         Tower X translation velocity, node 8, m/s
         89    2.045E-02                                 F               0         Tower Y translation velocity, node 8, m/s
         90   -6.938E-04                                 F               0         Tower Z translation velocity, node 8, m/s
         91   -1.038E-03                                 F               0         Tower X translation velocity, node 9, m/s
         92    2.258E-02                                 F               0         Tower Y translation velocity, node 9, m/s
         93   -6.260E-04                                 F               0         Tower Z translation velocity, node 9, m/s
         94   -8.519E-04                                 F               0         Tower X translation velocity, node 10, m/s
         95    2.471E-02                                 F               0         Tower Y translation velocity, node 10, m/s
         96   -5.581E-04                                 F               0         Tower Z translation velocity, node 10, m/s
         97   -6.654E-04                                 F               0         Tower X translation velocity, node 11, m/s
         98    2.684E-02                                 F               0         Tower Y translation velocity, node 11, m/s
         99   -4.903E-04                                 F               0         Tower Z translation velocity, node 11, m/s
        100    2.613E+01                                 F               0         Hub X translation displacement, node 1, m
        101   -6.712E+00                                 F               0         Hub Y translation displacement, node 1, m
        102   -5.623E-02                                 F               0         Hub Z translation displacement, node 1, m
        103    9.760E-01,  1.424E-02, -2.175E-01         F               0         Hub X orientation angle, node 1, rad
        104   -1.415E-01,  8.003E-01, -5.827E-01         F               0         Hub Y orientation angle, node 1, rad
        105    1.658E-01,  5.995E-01,  7.831E-01         F               0         Hub Z orientation angle, node 1, rad
        106    8.584E-01                                 F               0         Hub X rotation velocity, node 1, rad/s
        107    1.254E-02                                 F               0         Hub Y rotation velocity, node 1, rad/s
        108   -1.913E-01                                 F               0         Hub Z rotation velocity, node 1, rad/s
        109    9.797E-01, -9.507E-03, -2.001E-01         F               0         Blade root 1 X orientation angle, node 1, rad
        110   -1.125E-01,  8.003E-01, -5.889E-01         F               0         Blade root 1 Y orientation angle, node 1, rad
        111    1.658E-01,  5.995E-01,  7.831E-01         F               0         Blade root 1 Z orientation angle, node 1, rad
        112    9.692E-01,  1.070E-02, -2.462E-01         F               0         Blade root 2 X orientation angle, node 1, rad
        113    2.432E-01,  1.194E-01,  9.626E-01         F               0         Blade root 2 Y orientation angle, node 1, rad
        114    3.969E-02, -9.928E-01,  1.131E-01         F               0         Blade root 2 Z orientation angle, node 1, rad
        115    9.777E-01,  4.151E-02, -2.059E-01         F               0         Blade root 3 X orientation angle, node 1, rad
        116   -4.380E-02, -9.185E-01, -3.931E-01         F               0         Blade root 3 Y orientation angle, node 1, rad
        117   -2.055E-01,  3.933E-01, -8.961E-01         F               0         Blade root 3 Z orientation angle, node 1, rad
        118    2.647E+01                                 F               0         Blade 1 X translation displacement, node 1, m
        119   -3.391E+00                                 F               0         Blade 1 Y translation displacement, node 1, m
        120   -1.228E+00                                 F               0         Blade 1 Z translation displacement, node 1, m
        121    2.655E+01                                 F               0         Blade 1 X translation displacement, node 2, m
        122   -2.591E+00                                 F               0         Blade 1 Y translation displacement, node 2, m
        123   -1.510E+00                                 F               0         Blade 1 Z translation displacement, node 2, m
        124    2.766E+01                                 F               0         Blade 1 X translation displacement, node 3, m
        125    8.291E+00                                 F               0         Blade 1 Y translation displacement, node 3, m
        126   -5.349E+00                                 F               0         Blade 1 Z translation displacement, node 3, m
        127    2.790E+01                                 F               0         Blade 1 X translation displacement, node 4, m
        128    1.061E+01                                 F               0         Blade 1 Y translation displacement, node 4, m
        129   -6.167E+00                                 F               0         Blade 1 Z translation displacement, node 4, m
        130    2.814E+01                                 F               0         Blade 1 X translation displacement, node 5, m
        131    1.293E+01                                 F               0         Blade 1 Y translation displacement, node 5, m
        132   -6.985E+00                                 F               0         Blade 1 Z translation displacement, node 5, m
        133    2.837E+01                                 F               0         Blade 1 X translation displacement, node 6, m
        134    1.525E+01                                 F               0         Blade 1 Y translation displacement, node 6, m
        135   -7.803E+00                                 F               0         Blade 1 Z translation displacement, node 6, m
        136    2.861E+01                                 F               0         Blade 1 X translation displacement, node 7, m
        137    1.757E+01                                 F               0         Blade 1 Y translation displacement, node 7, m
        138   -8.620E+00                                 F               0         Blade 1 Z translation displacement, node 7, m
        139    2.885E+01                                 F               0         Blade 1 X translation displacement, node 8, m
        140    1.988E+01                                 F               0         Blade 1 Y translation displacement, node 8, m
        141   -9.438E+00                                 F               0         Blade 1 Z translation displacement, node 8, m
        142    2.909E+01                                 F               0         Blade 1 X translation displacement, node 9, m
        143    2.220E+01                                 F               0         Blade 1 Y translation displacement, node 9, m
        144   -1.026E+01                                 F               0         Blade 1 Z translation displacement, node 9, m
        145    2.932E+01                                 F               0         Blade 1 X translation displacement, node 10, m
        146    2.452E+01                                 F               0         Blade 1 Y translation displacement, node 10, m
        147   -1.107E+01                                 F               0         Blade 1 Z translation displacement, node 10, m
        148    2.956E+01                                 F               0         Blade 1 X translation displacement, node 11, m
        149    2.684E+01                                 F               0         Blade 1 Y translation displacement, node 11, m
        150   -1.189E+01                                 F               0         Blade 1 Z translation displacement, node 11, m
        151    2.980E+01                                 F               0         Blade 1 X translation displacement, node 12, m
        152    2.916E+01                                 F               0         Blade 1 Y translation displacement, node 12, m
        153   -1.271E+01                                 F               0         Blade 1 Z translation displacement, node 12, m
        154    3.003E+01                                 F               0         Blade 1 X translation displacement, node 13, m
        155    3.148E+01                                 F               0         Blade 1 Y translation displacement, node 13, m
        156   -1.353E+01                                 F               0         Blade 1 Z translation displacement, node 13, m
        157    3.027E+01                                 F               0         Blade 1 X translation displacement, node 14, m
        158    3.379E+01                                 F               0         Blade 1 Y translation displacement, node 14, m
        159   -1.435E+01                                 F               0         Blade 1 Z translation displacement, node 14, m
        160    3.051E+01                                 F               0         Blade 1 X translation displacement, node 15, m
        161    3.611E+01                                 F               0         Blade 1 Y translation displacement, node 15, m
        162   -1.516E+01                                 F               0         Blade 1 Z translation displacement, node 15, m
        163    3.074E+01                                 F               0         Blade 1 X translation displacement, node 16, m
        164    3.843E+01                                 F               0         Blade 1 Y translation displacement, node 16, m
        165   -1.598E+01                                 F               0         Blade 1 Z translation displacement, node 16, m
        166    3.098E+01                                 F               0         Blade 1 X translation displacement, node 17, m
        167    4.075E+01                                 F               0         Blade 1 Y translation displacement, node 17, m
        168   -1.680E+01                                 F               0         Blade 1 Z translation displacement, node 17, m
        169    3.122E+01                                 F               0         Blade 1 X translation displacement, node 18, m
        170    4.307E+01                                 F               0         Blade 1 Y translation displacement, node 18, m
        171   -1.762E+01                                 F               0         Blade 1 Z translation displacement, node 18, m
        172    3.145E+01                                 F               0         Blade 1 X translation displacement, node 19, m
        173    4.539E+01                                 F               0         Blade 1 Y translation displacement, node 19, m
        174   -1.844E+01                                 F               0         Blade 1 Z translation displacement, node 19, m
        175    3.169E+01                                 F               0         Blade 1 X translation displacement, node 20, m
        176    4.771E+01                                 F               0         Blade 1 Y translation displacement, node 20, m
        177   -1.925E+01                                 F               0         Blade 1 Z translation displacement, node 20, m
        178    3.193E+01                                 F               0         Blade 1 X translation displacement, node 21, m
        179    5.002E+01                                 F               0         Blade 1 Y translation displacement, node 21, m
        180   -2.007E+01                                 F               0         Blade 1 Z translation displacement, node 21, m
        181    3.216E+01                                 F               0         Blade 1 X translation displacement, node 22, m
        182    5.234E+01                                 F               0         Blade 1 Y translation displacement, node 22, m
        183   -2.089E+01                                 F               0         Blade 1 Z translation displacement, node 22, m
        184    3.240E+01                                 F               0         Blade 1 X translation displacement, node 23, m
        185    5.466E+01                                 F               0         Blade 1 Y translation displacement, node 23, m
        186   -2.171E+01                                 F               0         Blade 1 Z translation displacement, node 23, m
        187    3.264E+01                                 F               0         Blade 1 X translation displacement, node 24, m
        188    5.698E+01                                 F               0         Blade 1 Y translation displacement, node 24, m
        189   -2.252E+01                                 F               0         Blade 1 Z translation displacement, node 24, m
        190    3.287E+01                                 F               0         Blade 1 X translation displacement, node 25, m
        191    5.930E+01                                 F               0         Blade 1 Y translation displacement, node 25, m
        192   -2.334E+01                                 F               0         Blade 1 Z translation displacement, node 25, m
        193    3.311E+01                                 F               0         Blade 1 X translation displacement, node 26, m
        194    6.162E+01                                 F               0         Blade 1 Y translation displacement, node 26, m
        195   -2.416E+01                                 F               0         Blade 1 Z translation displacement, node 26, m
        196    3.335E+01                                 F               0         Blade 1 X translation displacement, node 27, m
        197    6.394E+01                                 F               0         Blade 1 Y translation displacement, node 27, m
        198   -2.498E+01                                 F               0         Blade 1 Z translation displacement, node 27, m
        199    3.355E+01                                 F               0         Blade 1 X translation displacement, node 28, m
        200    6.590E+01                                 F               0         Blade 1 Y translation displacement, node 28, m
        201   -2.567E+01                                 F               0         Blade 1 Z translation displacement, node 28, m
        202    9.232E-01, -3.734E-01,  9.043E-02         F               0         Blade 1 X orientation angle, node 1, rad
        203    3.466E-01,  7.080E-01, -6.153E-01         F               0         Blade 1 Y orientation angle, node 1, rad
        204    1.658E-01,  5.995E-01,  7.831E-01         F               0         Blade 1 Z orientation angle, node 1, rad
        205    9.232E-01, -3.734E-01,  9.043E-02         F               0         Blade 1 X orientation angle, node 2, rad
        206    3.466E-01,  7.080E-01, -6.153E-01         F               0         Blade 1 Y orientation angle, node 2, rad
        207    1.658E-01,  5.995E-01,  7.831E-01         F               0         Blade 1 Z orientation angle, node 2, rad
        208    9.791E-01, -1.950E-01, -5.798E-02         F               0         Blade 1 X orientation angle, node 3, rad
        209    1.179E-01,  7.763E-01, -6.192E-01         F               0         Blade 1 Y orientation angle, node 3, rad
        210    1.658E-01,  5.995E-01,  7.831E-01         F               0         Blade 1 Z orientation angle, node 3, rad
        211    9.832E-01, -1.620E-01, -8.408E-02         F               0         Blade 1 X orientation angle, node 4, rad
        212    7.649E-02,  7.838E-01, -6.162E-01         F               0         Blade 1 Y orientation angle, node 4, rad
        213    1.658E-01,  5.995E-01,  7.831E-01         F               0         Blade 1 Z orientation angle, node 4, rad
        214    9.852E-01, -1.360E-01, -1.045E-01         F               0         Blade 1 X orientation angle, node 5, rad
        215    4.385E-02,  7.888E-01, -6.131E-01         F               0         Blade 1 Y orientation angle, node 5, rad
        216    1.658E-01,  5.995E-01,  7.831E-01         F               0         Blade 1 Z orientation angle, node 5, rad
        217    9.860E-01, -1.150E-01, -1.207E-01         F               0         Blade 1 X orientation angle, node 6, rad
        218    1.770E-02,  7.921E-01, -6.101E-01         F               0         Blade 1 Y orientation angle, node 6, rad
        219    1.658E-01,  5.995E-01,  7.831E-01         F               0         Blade 1 Z orientation angle, node 6, rad
        220    9.862E-01, -9.769E-02, -1.340E-01         F               0         Blade 1 X orientation angle, node 7, rad
        221   -3.816E-03,  7.944E-01, -6.074E-01         F               0         Blade 1 Y orientation angle, node 7, rad
        222    1.658E-01,  5.995E-01,  7.831E-01         F               0         Blade 1 Z orientation angle, node 7, rad
        223    9.859E-01, -8.326E-02, -1.450E-01         F               0         Blade 1 X orientation angle, node 8, rad
        224   -2.171E-02,  7.961E-01, -6.048E-01         F               0         Blade 1 Y orientation angle, node 8, rad
        225    1.658E-01,  5.995E-01,  7.831E-01         F               0         Blade 1 Z orientation angle, node 8, rad
        226    9.855E-01, -7.102E-02, -1.542E-01         F               0         Blade 1 X orientation angle, node 9, rad
        227   -3.685E-02,  7.972E-01, -6.025E-01         F               0         Blade 1 Y orientation angle, node 9, rad
        228    1.658E-01,  5.995E-01,  7.831E-01         F               0         Blade 1 Z orientation angle, node 9, rad
        229    9.849E-01, -6.044E-02, -1.622E-01         F               0         Blade 1 X orientation angle, node 10, rad
        230   -4.992E-02,  7.981E-01, -6.004E-01         F               0         Blade 1 Y orientation angle, node 10, rad
        231    1.658E-01,  5.995E-01,  7.831E-01         F               0         Blade 1 Z orientation angle, node 10, rad
        232    9.843E-01, -5.138E-02, -1.690E-01         F               0         Blade 1 X orientation angle, node 11, rad
        233   -6.109E-02,  7.988E-01, -5.985E-01         F               0         Blade 1 Y orientation angle, node 11, rad
        234    1.658E-01,  5.995E-01,  7.831E-01         F               0         Blade 1 Z orientation angle, node 11, rad
        235    9.836E-01, -4.343E-02, -1.750E-01         F               0         Blade 1 X orientation angle, node 12, rad
        236   -7.088E-02,  7.992E-01, -5.968E-01         F               0         Blade 1 Y orientation angle, node 12, rad
        237    1.658E-01,  5.995E-01,  7.831E-01         F               0         Blade 1 Z orientation angle, node 12, rad
        238    9.830E-01, -3.646E-02, -1.802E-01         F               0         Blade 1 X orientation angle, node 13, rad
        239   -7.946E-02,  7.996E-01, -5.953E-01         F               0         Blade 1 Y orientation angle, node 13, rad
        240    1.658E-01,  5.995E-01,  7.831E-01         F               0         Blade 1 Z orientation angle, node 13, rad
        241    9.823E-01, -3.017E-02, -1.848E-01         F               0         Blade 1 X orientation angle, node 14, rad
        242   -8.718E-02,  7.998E-01, -5.939E-01         F               0         Blade 1 Y orientation angle, node 14, rad
        243    1.658E-01,  5.995E-01,  7.831E-01         F               0         Blade 1 Z orientation angle, node 14, rad
        244    9.817E-01, -2.459E-02, -1.890E-01         F               0         Blade 1 X orientation angle, node 15, rad
        245   -9.403E-02,  8.000E-01, -5.925E-01         F               0         Blade 1 Y orientation angle, node 15, rad
        246    1.658E-01,  5.995E-01,  7.831E-01         F               0         Blade 1 Z orientation angle, node 15, rad
        247    9.811E-01, -1.956E-02, -1.927E-01         F               0         Blade 1 X orientation angle, node 16, rad
        248   -1.002E-01,  8.002E-01, -5.914E-01         F               0         Blade 1 Y orientation angle, node 16, rad
        249    1.658E-01,  5.995E-01,  7.831E-01         F               0         Blade 1 Z orientation angle, node 16, rad
        250    9.805E-01, -1.509E-02, -1.960E-01         F               0         Blade 1 X orientation angle, node 17, rad
        251   -1.057E-01,  8.003E-01, -5.903E-01         F               0         Blade 1 Y orientation angle, node 17, rad
        252    1.658E-01,  5.995E-01,  7.831E-01         F               0         Blade 1 Z orientation angle, node 17, rad
        253    9.799E-01, -1.090E-02, -1.991E-01         F               0         Blade 1 X orientation angle, node 18, rad
        254   -1.108E-01,  8.003E-01, -5.892E-01         F               0         Blade 1 Y orientation angle, node 18, rad
        255    1.658E-01,  5.995E-01,  7.831E-01         F               0         Blade 1 Z orientation angle, node 18, rad
        256    9.794E-01, -7.132E-03, -2.019E-01         F               0         Blade 1 X orientation angle, node 19, rad
        257   -1.154E-01,  8.004E-01, -5.883E-01         F               0         Blade 1 Y orientation angle, node 19, rad
        258    1.658E-01,  5.995E-01,  7.831E-01         F               0         Blade 1 Z orientation angle, node 19, rad
        259    9.789E-01, -3.779E-03, -2.043E-01         F               0         Blade 1 X orientation angle, node 20, rad
        260   -1.195E-01,  8.004E-01, -5.874E-01         F               0         Blade 1 Y orientation angle, node 20, rad
        261    1.658E-01,  5.995E-01,  7.831E-01         F               0         Blade 1 Z orientation angle, node 20, rad
        262    9.784E-01, -5.662E-04, -2.067E-01         F               0         Blade 1 X orientation angle, node 21, rad
        263   -1.235E-01,  8.004E-01, -5.866E-01         F               0         Blade 1 Y orientation angle, node 21, rad
        264    1.658E-01,  5.995E-01,  7.831E-01         F               0         Blade 1 Z orientation angle, node 21, rad
        265    9.779E-01,  2.367E-03, -2.088E-01         F               0         Blade 1 X orientation angle, node 22, rad
        266   -1.270E-01,  8.004E-01, -5.858E-01         F               0         Blade 1 Y orientation angle, node 22, rad
        267    1.658E-01,  5.995E-01,  7.831E-01         F               0         Blade 1 Z orientation angle, node 22, rad
        268    9.775E-01,  5.022E-03, -2.108E-01         F               0         Blade 1 X orientation angle, node 23, rad
        269   -1.303E-01,  8.004E-01, -5.852E-01         F               0         Blade 1 Y orientation angle, node 23, rad
        270    1.658E-01,  5.995E-01,  7.831E-01         F               0         Blade 1 Z orientation angle, node 23, rad
        271    9.771E-01,  7.536E-03, -2.126E-01         F               0         Blade 1 X orientation angle, node 24, rad
        272   -1.334E-01,  8.004E-01, -5.845E-01         F               0         Blade 1 Y orientation angle, node 24, rad
        273    1.658E-01,  5.995E-01,  7.831E-01         F               0         Blade 1 Z orientation angle, node 24, rad
        274    9.767E-01,  9.911E-03, -2.143E-01         F               0         Blade 1 X orientation angle, node 25, rad
        275   -1.363E-01,  8.003E-01, -5.839E-01         F               0         Blade 1 Y orientation angle, node 25, rad
        276    1.658E-01,  5.995E-01,  7.831E-01         F               0         Blade 1 Z orientation angle, node 25, rad
        277    9.763E-01,  1.201E-02, -2.159E-01         F               0         Blade 1 X orientation angle, node 26, rad
        278   -1.388E-01,  8.003E-01, -5.833E-01         F               0         Blade 1 Y orientation angle, node 26, rad
        279    1.658E-01,  5.995E-01,  7.831E-01         F               0         Blade 1 Z orientation angle, node 26, rad
        280    9.760E-01,  1.410E-02, -2.174E-01         F               0         Blade 1 X orientation angle, node 27, rad
        281   -1.414E-01,  8.003E-01, -5.827E-01         F               0         Blade 1 Y orientation angle, node 27, rad
        282    1.658E-01,  5.995E-01,  7.831E-01         F               0         Blade 1 Z orientation angle, node 27, rad
        283    9.758E-01,  1.522E-02, -2.182E-01         F               0         Blade 1 X orientation angle, node 28, rad
        284   -1.427E-01,  8.003E-01, -5.824E-01         F               0         Blade 1 Y orientation angle, node 28, rad
        285    1.658E-01,  5.995E-01,  7.831E-01         F               0         Blade 1 Z orientation angle, node 28, rad
        286    6.893E-01                                 F               0         Blade 1 X translation velocity, node 1, m/s
        287   -3.871E+00                                 F               0         Blade 1 Y translation velocity, node 1, m/s
        288    2.839E+00                                 F               0         Blade 1 Z translation velocity, node 1, m/s
        289    8.555E-01                                 F               0         Blade 1 X translation velocity, node 2, m/s
        290   -4.811E+00                                 F               0         Blade 1 Y translation velocity, node 2, m/s
        291    3.523E+00                                 F               0         Blade 1 Z translation velocity, node 2, m/s
        292    3.116E+00                                 F               0         Blade 1 X translation velocity, node 3, m/s
        293   -1.759E+01                                 F               0         Blade 1 Y translation velocity, node 3, m/s
        294    1.283E+01                                 F               0         Blade 1 Z translation velocity, node 3, m/s
        295    3.597E+00                                 F               0         Blade 1 X translation velocity, node 4, m/s
        296   -2.031E+01                                 F               0         Blade 1 Y translation velocity, node 4, m/s
        297    1.481E+01                                 F               0         Blade 1 Z translation velocity, node 4, m/s
        298    4.079E+00                                 F               0         Blade 1 X translation velocity, node 5, m/s
        299   -2.303E+01                                 F               0         Blade 1 Y translation velocity, node 5, m/s
        300    1.679E+01                                 F               0         Blade 1 Z translation velocity, node 5, m/s
        301    4.560E+00                                 F               0         Blade 1 X translation velocity, node 6, m/s
        302   -2.575E+01                                 F               0         Blade 1 Y translation velocity, node 6, m/s
        303    1.877E+01                                 F               0         Blade 1 Z translation velocity, node 6, m/s
        304    5.042E+00                                 F               0         Blade 1 X translation velocity, node 7, m/s
        305   -2.848E+01                                 F               0         Blade 1 Y translation velocity, node 7, m/s
        306    2.075E+01                                 F               0         Blade 1 Z translation velocity, node 7, m/s
        307    5.524E+00                                 F               0         Blade 1 X translation velocity, node 8, m/s
