
Linearized model: Predictions were generated on 12-Feb-2024 at 18:31:58 using OpenFAST, compiled as a 64-bit application using single precision at commit v3.5.1
 linked with  NWTC Subroutine Library; ElastoDyn; InflowWind; AeroDyn; ServoDyn; HydroDyn; MAP++ (<1.20.10>, <Oct-20-2023>)

Description from the FAST input file: CCT-9 Campign 4 model. Input files to be run with OpenFAST 3.5.0. GitHub branch from Lu Wang (https://github.com/luwang00/openfast/tree/dev) compiled on March 7, 2023.

Simulation information:
   Simulation time:                  1003.7500 s
   Rotor Speed:                         1.0467 rad/s
   Azimuth:                             3.5905 rad
   Wind Speed:                         12.0000 m/s
   Number of continuous states:         0
   Number of discrete states:           0
   Number of constraint states:         0
   Number of inputs:                 1746
   Number of outputs:                   4
   Jacobians included in this file?    No

Order of inputs:
     Column   Operating Point                     Rotating Frame? Derivative Order Description
   ---------- ---------------                     --------------- ---------------- -----------
          1    1.518E+01                                 F               0         Tower X translation displacement, node 1, m
          2   -1.060E+00                                 F               0         Tower Y translation displacement, node 1, m
          3   -4.764E-01                                 F               0         Tower Z translation displacement, node 1, m
          4    1.704E+01                                 F               0         Tower X translation displacement, node 2, m
          5   -1.619E+00                                 F               0         Tower Y translation displacement, node 2, m
          6   -6.304E-01                                 F               0         Tower Z translation displacement, node 2, m
          7    1.891E+01                                 F               0         Tower X translation displacement, node 3, m
          8   -2.178E+00                                 F               0         Tower Y translation displacement, node 3, m
          9   -7.844E-01                                 F               0         Tower Z translation displacement, node 3, m
         10    2.077E+01                                 F               0         Tower X translation displacement, node 4, m
         11   -2.737E+00                                 F               0         Tower Y translation displacement, node 4, m
         12   -9.384E-01                                 F               0         Tower Z translation displacement, node 4, m
         13    2.263E+01                                 F               0         Tower X translation displacement, node 5, m
         14   -3.296E+00                                 F               0         Tower Y translation displacement, node 5, m
         15   -1.092E+00                                 F               0         Tower Z translation displacement, node 5, m
         16    2.449E+01                                 F               0         Tower X translation displacement, node 6, m
         17   -3.855E+00                                 F               0         Tower Y translation displacement, node 6, m
         18   -1.246E+00                                 F               0         Tower Z translation displacement, node 6, m
         19    2.636E+01                                 F               0         Tower X translation displacement, node 7, m
         20   -4.414E+00                                 F               0         Tower Y translation displacement, node 7, m
         21   -1.400E+00                                 F               0         Tower Z translation displacement, node 7, m
         22    2.822E+01                                 F               0         Tower X translation displacement, node 8, m
         23   -4.973E+00                                 F               0         Tower Y translation displacement, node 8, m
         24   -1.554E+00                                 F               0         Tower Z translation displacement, node 8, m
         25    3.008E+01                                 F               0         Tower X translation displacement, node 9, m
         26   -5.532E+00                                 F               0         Tower Y translation displacement, node 9, m
         27   -1.708E+00                                 F               0         Tower Z translation displacement, node 9, m
         28    3.194E+01                                 F               0         Tower X translation displacement, node 10, m
         29   -6.091E+00                                 F               0         Tower Y translation displacement, node 10, m
         30   -1.862E+00                                 F               0         Tower Z translation displacement, node 10, m
         31    3.380E+01                                 F               0         Tower X translation displacement, node 11, m
         32   -6.651E+00                                 F               0         Tower Y translation displacement, node 11, m
         33   -2.016E+00                                 F               0         Tower Z translation displacement, node 11, m
         34    9.885E-01,  1.479E-02, -1.502E-01         F               0         Tower X orientation angle, node 1, rad
         35   -7.809E-03,  9.989E-01,  4.696E-02         F               0         Tower Y orientation angle, node 1, rad
         36    1.507E-01, -4.525E-02,  9.875E-01         F               0         Tower Z orientation angle, node 1, rad
         37    9.885E-01,  1.479E-02, -1.502E-01         F               0         Tower X orientation angle, node 2, rad
         38   -7.809E-03,  9.989E-01,  4.696E-02         F               0         Tower Y orientation angle, node 2, rad
         39    1.507E-01, -4.525E-02,  9.875E-01         F               0         Tower Z orientation angle, node 2, rad
         40    9.885E-01,  1.479E-02, -1.502E-01         F               0         Tower X orientation angle, node 3, rad
         41   -7.809E-03,  9.989E-01,  4.696E-02         F               0         Tower Y orientation angle, node 3, rad
         42    1.507E-01, -4.525E-02,  9.875E-01         F               0         Tower Z orientation angle, node 3, rad
         43    9.885E-01,  1.479E-02, -1.502E-01         F               0         Tower X orientation angle, node 4, rad
         44   -7.809E-03,  9.989E-01,  4.696E-02         F               0         Tower Y orientation angle, node 4, rad
         45    1.507E-01, -4.525E-02,  9.875E-01         F               0         Tower Z orientation angle, node 4, rad
         46    9.885E-01,  1.479E-02, -1.502E-01         F               0         Tower X orientation angle, node 5, rad
         47   -7.809E-03,  9.989E-01,  4.696E-02         F               0         Tower Y orientation angle, node 5, rad
         48    1.507E-01, -4.525E-02,  9.875E-01         F               0         Tower Z orientation angle, node 5, rad
         49    9.885E-01,  1.479E-02, -1.502E-01         F               0         Tower X orientation angle, node 6, rad
         50   -7.809E-03,  9.989E-01,  4.696E-02         F               0         Tower Y orientation angle, node 6, rad
         51    1.507E-01, -4.525E-02,  9.875E-01         F               0         Tower Z orientation angle, node 6, rad
         52    9.885E-01,  1.479E-02, -1.502E-01         F               0         Tower X orientation angle, node 7, rad
         53   -7.809E-03,  9.989E-01,  4.696E-02         F               0         Tower Y orientation angle, node 7, rad
         54    1.507E-01, -4.525E-02,  9.875E-01         F               0         Tower Z orientation angle, node 7, rad
         55    9.885E-01,  1.479E-02, -1.502E-01         F               0         Tower X orientation angle, node 8, rad
         56   -7.809E-03,  9.989E-01,  4.696E-02         F               0         Tower Y orientation angle, node 8, rad
         57    1.507E-01, -4.525E-02,  9.875E-01         F               0         Tower Z orientation angle, node 8, rad
         58    9.885E-01,  1.479E-02, -1.502E-01         F               0         Tower X orientation angle, node 9, rad
         59   -7.809E-03,  9.989E-01,  4.696E-02         F               0         Tower Y orientation angle, node 9, rad
         60    1.507E-01, -4.525E-02,  9.875E-01         F               0         Tower Z orientation angle, node 9, rad
         61    9.885E-01,  1.479E-02, -1.502E-01         F               0         Tower X orientation angle, node 10, rad
         62   -7.809E-03,  9.989E-01,  4.696E-02         F               0         Tower Y orientation angle, node 10, rad
         63    1.507E-01, -4.525E-02,  9.875E-01         F               0         Tower Z orientation angle, node 10, rad
         64    9.885E-01,  1.479E-02, -1.502E-01         F               0         Tower X orientation angle, node 11, rad
         65   -7.809E-03,  9.989E-01,  4.696E-02         F               0         Tower Y orientation angle, node 11, rad
         66    1.507E-01, -4.525E-02,  9.875E-01         F               0         Tower Z orientation angle, node 11, rad
         67   -4.037E-04                                 F               0         Tower X translation velocity, node 1, m/s
         68    6.212E-04                                 F               0         Tower Y translation velocity, node 1, m/s
         69    2.642E-03                                 F               0         Tower Z translation velocity, node 1, m/s
         70   -7.604E-04                                 F               0         Tower X translation velocity, node 2, m/s
         71    1.183E-03                                 F               0         Tower Y translation velocity, node 2, m/s
         72    2.723E-03                                 F               0         Tower Z translation velocity, node 2, m/s
         73   -1.117E-03                                 F               0         Tower X translation velocity, node 3, m/s
         74    1.744E-03                                 F               0         Tower Y translation velocity, node 3, m/s
         75    2.803E-03                                 F               0         Tower Z translation velocity, node 3, m/s
         76   -1.474E-03                                 F               0         Tower X translation velocity, node 4, m/s
         77    2.306E-03                                 F               0         Tower Y translation velocity, node 4, m/s
         78    2.883E-03                                 F               0         Tower Z translation velocity, node 4, m/s
         79   -1.830E-03                                 F               0         Tower X translation velocity, node 5, m/s
         80    2.867E-03                                 F               0         Tower Y translation velocity, node 5, m/s
         81    2.963E-03                                 F               0         Tower Z translation velocity, node 5, m/s
         82   -2.187E-03                                 F               0         Tower X translation velocity, node 6, m/s
         83    3.428E-03                                 F               0         Tower Y translation velocity, node 6, m/s
         84    3.043E-03                                 F               0         Tower Z translation velocity, node 6, m/s
         85   -2.544E-03                                 F               0         Tower X translation velocity, node 7, m/s
         86    3.990E-03                                 F               0         Tower Y translation velocity, node 7, m/s
         87    3.123E-03                                 F               0         Tower Z translation velocity, node 7, m/s
         88   -2.901E-03                                 F               0         Tower X translation velocity, node 8, m/s
         89    4.551E-03                                 F               0         Tower Y translation velocity, node 8, m/s
         90    3.204E-03                                 F               0         Tower Z translation velocity, node 8, m/s
         91   -3.257E-03                                 F               0         Tower X translation velocity, node 9, m/s
         92    5.113E-03                                 F               0         Tower Y translation velocity, node 9, m/s
         93    3.284E-03                                 F               0         Tower Z translation velocity, node 9, m/s
         94   -3.614E-03                                 F               0         Tower X translation velocity, node 10, m/s
         95    5.674E-03                                 F               0         Tower Y translation velocity, node 10, m/s
         96    3.364E-03                                 F               0         Tower Z translation velocity, node 10, m/s
         97   -3.971E-03                                 F               0         Tower X translation velocity, node 11, m/s
         98    6.236E-03                                 F               0         Tower Y translation velocity, node 11, m/s
         99    3.444E-03                                 F               0         Tower Z translation velocity, node 11, m/s
        100    3.511E+01                                 F               0         Hub X translation displacement, node 1, m
        101   -7.166E+00                                 F               0         Hub Y translation displacement, node 1, m
        102   -4.916E-01                                 F               0         Hub Z translation displacement, node 1, m
        103    9.674E-01,  1.944E-02, -2.526E-01         F               0         Hub X orientation angle, node 1, rad
        104   -1.029E-01, -8.810E-01, -4.617E-01         F               0         Hub Y orientation angle, node 1, rad
        105   -2.315E-01,  4.727E-01, -8.503E-01         F               0         Hub Z orientation angle, node 1, rad
        106    1.013E+00                                 F               0         Hub X rotation velocity, node 1, rad/s
        107    2.031E-02                                 F               0         Hub Y rotation velocity, node 1, rad/s
        108   -2.643E-01                                 F               0         Hub Z rotation velocity, node 1, rad/s
        109    9.700E-01,  4.557E-02, -2.388E-01         F               0         Blade root 1 X orientation angle, node 1, rad
        110   -7.413E-02, -8.801E-01, -4.690E-01         F               0         Blade root 1 Y orientation angle, node 1, rad
        111   -2.315E-01,  4.727E-01, -8.503E-01         F               0         Blade root 1 Z orientation angle, node 1, rad
        112    9.714E-01, -5.781E-03, -2.375E-01         F               0         Blade root 2 X orientation angle, node 1, rad
        113   -1.203E-01,  8.501E-01, -5.128E-01         F               0         Blade root 2 Y orientation angle, node 1, rad
        114    2.049E-01,  5.267E-01,  8.250E-01         F               0         Blade root 2 Z orientation angle, node 1, rad
        115    9.595E-01,  1.851E-02, -2.812E-01         F               0         Blade root 3 X orientation angle, node 1, rad
        116    2.805E-01,  3.173E-02,  9.593E-01         F               0         Blade root 3 Y orientation angle, node 1, rad
        117    2.668E-02, -9.993E-01,  2.525E-02         F               0         Blade root 3 Z orientation angle, node 1, rad
        118    3.325E+01                                 F               0         Blade 1 X translation displacement, node 1, m
        119   -4.547E+00                                 F               0         Blade 1 Y translation displacement, node 1, m
        120   -1.071E+01                                 F               0         Blade 1 Z translation displacement, node 1, m
        121    3.280E+01                                 F               0         Blade 1 X translation displacement, node 2, m
        122   -3.916E+00                                 F               0         Blade 1 Y translation displacement, node 2, m
        123   -1.317E+01                                 F               0         Blade 1 Z translation displacement, node 2, m
        124    2.670E+01                                 F               0         Blade 1 X translation displacement, node 3, m
        125    4.664E+00                                 F               0         Blade 1 Y translation displacement, node 3, m
        126   -4.666E+01                                 F               0         Blade 1 Z translation displacement, node 3, m
        127    2.540E+01                                 F               0         Blade 1 X translation displacement, node 4, m
        128    6.492E+00                                 F               0         Blade 1 Y translation displacement, node 4, m
        129   -5.380E+01                                 F               0         Blade 1 Z translation displacement, node 4, m
        130    2.410E+01                                 F               0         Blade 1 X translation displacement, node 5, m
        131    8.320E+00                                 F               0         Blade 1 Y translation displacement, node 5, m
        132   -6.093E+01                                 F               0         Blade 1 Z translation displacement, node 5, m
        133    2.280E+01                                 F               0         Blade 1 X translation displacement, node 6, m
        134    1.015E+01                                 F               0         Blade 1 Y translation displacement, node 6, m
        135   -6.807E+01                                 F               0         Blade 1 Z translation displacement, node 6, m
        136    2.150E+01                                 F               0         Blade 1 X translation displacement, node 7, m
        137    1.198E+01                                 F               0         Blade 1 Y translation displacement, node 7, m
        138   -7.520E+01                                 F               0         Blade 1 Z translation displacement, node 7, m
        139    2.020E+01                                 F               0         Blade 1 X translation displacement, node 8, m
        140    1.380E+01                                 F               0         Blade 1 Y translation displacement, node 8, m
        141   -8.234E+01                                 F               0         Blade 1 Z translation displacement, node 8, m
        142    1.890E+01                                 F               0         Blade 1 X translation displacement, node 9, m
        143    1.563E+01                                 F               0         Blade 1 Y translation displacement, node 9, m
        144   -8.947E+01                                 F               0         Blade 1 Z translation displacement, node 9, m
        145    1.760E+01                                 F               0         Blade 1 X translation displacement, node 10, m
        146    1.746E+01                                 F               0         Blade 1 Y translation displacement, node 10, m
        147   -9.661E+01                                 F               0         Blade 1 Z translation displacement, node 10, m
        148    1.630E+01                                 F               0         Blade 1 X translation displacement, node 11, m
        149    1.929E+01                                 F               0         Blade 1 Y translation displacement, node 11, m
        150   -1.037E+02                                 F               0         Blade 1 Z translation displacement, node 11, m
        151    1.500E+01                                 F               0         Blade 1 X translation displacement, node 12, m
        152    2.112E+01                                 F               0         Blade 1 Y translation displacement, node 12, m
        153   -1.109E+02                                 F               0         Blade 1 Z translation displacement, node 12, m
        154    1.370E+01                                 F               0         Blade 1 X translation displacement, node 13, m
        155    2.295E+01                                 F               0         Blade 1 Y translation displacement, node 13, m
        156   -1.180E+02                                 F               0         Blade 1 Z translation displacement, node 13, m
        157    1.240E+01                                 F               0         Blade 1 X translation displacement, node 14, m
        158    2.477E+01                                 F               0         Blade 1 Y translation displacement, node 14, m
        159   -1.251E+02                                 F               0         Blade 1 Z translation displacement, node 14, m
        160    1.110E+01                                 F               0         Blade 1 X translation displacement, node 15, m
        161    2.660E+01                                 F               0         Blade 1 Y translation displacement, node 15, m
        162   -1.323E+02                                 F               0         Blade 1 Z translation displacement, node 15, m
        163    9.803E+00                                 F               0         Blade 1 X translation displacement, node 16, m
        164    2.843E+01                                 F               0         Blade 1 Y translation displacement, node 16, m
        165   -1.394E+02                                 F               0         Blade 1 Z translation displacement, node 16, m
        166    8.504E+00                                 F               0         Blade 1 X translation displacement, node 17, m
        167    3.026E+01                                 F               0         Blade 1 Y translation displacement, node 17, m
        168   -1.466E+02                                 F               0         Blade 1 Z translation displacement, node 17, m
        169    7.204E+00                                 F               0         Blade 1 X translation displacement, node 18, m
        170    3.209E+01                                 F               0         Blade 1 Y translation displacement, node 18, m
        171   -1.537E+02                                 F               0         Blade 1 Z translation displacement, node 18, m
        172    5.904E+00                                 F               0         Blade 1 X translation displacement, node 19, m
        173    3.391E+01                                 F               0         Blade 1 Y translation displacement, node 19, m
        174   -1.608E+02                                 F               0         Blade 1 Z translation displacement, node 19, m
        175    4.604E+00                                 F               0         Blade 1 X translation displacement, node 20, m
        176    3.574E+01                                 F               0         Blade 1 Y translation displacement, node 20, m
        177   -1.680E+02                                 F               0         Blade 1 Z translation displacement, node 20, m
        178    3.304E+00                                 F               0         Blade 1 X translation displacement, node 21, m
        179    3.757E+01                                 F               0         Blade 1 Y translation displacement, node 21, m
        180   -1.751E+02                                 F               0         Blade 1 Z translation displacement, node 21, m
        181    2.004E+00                                 F               0         Blade 1 X translation displacement, node 22, m
        182    3.940E+01                                 F               0         Blade 1 Y translation displacement, node 22, m
        183   -1.822E+02                                 F               0         Blade 1 Z translation displacement, node 22, m
        184    7.045E-01                                 F               0         Blade 1 X translation displacement, node 23, m
        185    4.123E+01                                 F               0         Blade 1 Y translation displacement, node 23, m
        186   -1.894E+02                                 F               0         Blade 1 Z translation displacement, node 23, m
        187   -5.952E-01                                 F               0         Blade 1 X translation displacement, node 24, m
        188    4.306E+01                                 F               0         Blade 1 Y translation displacement, node 24, m
        189   -1.965E+02                                 F               0         Blade 1 Z translation displacement, node 24, m
        190   -1.895E+00                                 F               0         Blade 1 X translation displacement, node 25, m
        191    4.488E+01                                 F               0         Blade 1 Y translation displacement, node 25, m
        192   -2.036E+02                                 F               0         Blade 1 Z translation displacement, node 25, m
        193   -3.195E+00                                 F               0         Blade 1 X translation displacement, node 26, m
        194    4.671E+01                                 F               0         Blade 1 Y translation displacement, node 26, m
        195   -2.108E+02                                 F               0         Blade 1 Z translation displacement, node 26, m
        196   -4.495E+00                                 F               0         Blade 1 X translation displacement, node 27, m
        197    4.854E+01                                 F               0         Blade 1 Y translation displacement, node 27, m
        198   -2.179E+02                                 F               0         Blade 1 Z translation displacement, node 27, m
        199   -5.597E+00                                 F               0         Blade 1 X translation displacement, node 28, m
        200    5.009E+01                                 F               0         Blade 1 Y translation displacement, node 28, m
        201   -2.240E+02                                 F               0         Blade 1 Z translation displacement, node 28, m
        202    8.971E-01,  4.419E-01,  1.350E-03         F               0         Blade 1 X orientation angle, node 1, rad
        203    3.764E-01, -7.625E-01, -5.263E-01         F               0         Blade 1 Y orientation angle, node 1, rad
        204   -2.315E-01,  4.727E-01, -8.503E-01         F               0         Blade 1 Z orientation angle, node 1, rad
        205    8.971E-01,  4.419E-01,  1.350E-03         F               0         Blade 1 X orientation angle, node 2, rad
        206    3.764E-01, -7.625E-01, -5.263E-01         F               0         Blade 1 Y orientation angle, node 2, rad
        207   -2.315E-01,  4.727E-01, -8.503E-01         F               0         Blade 1 Z orientation angle, node 2, rad
        208    9.607E-01,  2.486E-01, -1.234E-01         F               0         Blade 1 X orientation angle, node 3, rad
        209    1.530E-01, -8.455E-01, -5.117E-01         F               0         Blade 1 Y orientation angle, node 3, rad
        210   -2.315E-01,  4.727E-01, -8.503E-01         F               0         Blade 1 Z orientation angle, node 3, rad
        211    9.663E-01,  2.127E-01, -1.449E-01         F               0         Blade 1 X orientation angle, node 4, rad
        212    1.123E-01, -8.552E-01, -5.060E-01         F               0         Blade 1 Y orientation angle, node 4, rad
        213   -2.315E-01,  4.727E-01, -8.503E-01         F               0         Blade 1 Z orientation angle, node 4, rad
        214    9.695E-01,  1.842E-01, -1.616E-01         F               0         Blade 1 X orientation angle, node 5, rad
        215    8.021E-02, -8.618E-01, -5.009E-01         F               0         Blade 1 Y orientation angle, node 5, rad
        216   -2.315E-01,  4.727E-01, -8.503E-01         F               0         Blade 1 Z orientation angle, node 5, rad
        217    9.713E-01,  1.613E-01, -1.749E-01         F               0         Blade 1 X orientation angle, node 6, rad
        218    5.447E-02, -8.664E-01, -4.964E-01         F               0         Blade 1 Y orientation angle, node 6, rad
        219   -2.315E-01,  4.727E-01, -8.503E-01         F               0         Blade 1 Z orientation angle, node 6, rad
        220    9.723E-01,  1.423E-01, -1.856E-01         F               0         Blade 1 X orientation angle, node 7, rad
        221    3.327E-02, -8.697E-01, -4.925E-01         F               0         Blade 1 Y orientation angle, node 7, rad
        222   -2.315E-01,  4.727E-01, -8.503E-01         F               0         Blade 1 Z orientation angle, node 7, rad
        223    9.727E-01,  1.265E-01, -1.946E-01         F               0         Blade 1 X orientation angle, node 8, rad
        224    1.561E-02, -8.721E-01, -4.891E-01         F               0         Blade 1 Y orientation angle, node 8, rad
        225   -2.315E-01,  4.727E-01, -8.503E-01         F               0         Blade 1 Z orientation angle, node 8, rad
        226    9.728E-01,  1.131E-01, -2.020E-01         F               0         Blade 1 X orientation angle, node 9, rad
        227    6.722E-04, -8.740E-01, -4.860E-01         F               0         Blade 1 Y orientation angle, node 9, rad
        228   -2.315E-01,  4.727E-01, -8.503E-01         F               0         Blade 1 Z orientation angle, node 9, rad
        229    9.727E-01,  1.015E-01, -2.085E-01         F               0         Blade 1 X orientation angle, node 10, rad
        230   -1.223E-02, -8.754E-01, -4.833E-01         F               0         Blade 1 Y orientation angle, node 10, rad
        231   -2.315E-01,  4.727E-01, -8.503E-01         F               0         Blade 1 Z orientation angle, node 10, rad
        232    9.725E-01,  9.156E-02, -2.139E-01         F               0         Blade 1 X orientation angle, node 11, rad
        233   -2.327E-02, -8.765E-01, -4.809E-01         F               0         Blade 1 Y orientation angle, node 11, rad
        234   -2.315E-01,  4.727E-01, -8.503E-01         F               0         Blade 1 Z orientation angle, node 11, rad
        235    9.723E-01,  8.284E-02, -2.187E-01         F               0         Blade 1 X orientation angle, node 12, rad
        236   -3.294E-02, -8.773E-01, -4.787E-01         F               0         Blade 1 Y orientation angle, node 12, rad
        237   -2.315E-01,  4.727E-01, -8.503E-01         F               0         Blade 1 Z orientation angle, node 12, rad
        238    9.719E-01,  7.518E-02, -2.229E-01         F               0         Blade 1 X orientation angle, node 13, rad
        239   -4.142E-02, -8.780E-01, -4.768E-01         F               0         Blade 1 Y orientation angle, node 13, rad
        240   -2.315E-01,  4.727E-01, -8.503E-01         F               0         Blade 1 Z orientation angle, node 13, rad
        241    9.716E-01,  6.828E-02, -2.266E-01         F               0         Blade 1 X orientation angle, node 14, rad
        242   -4.906E-02, -8.786E-01, -4.750E-01         F               0         Blade 1 Y orientation angle, node 14, rad
        243   -2.315E-01,  4.727E-01, -8.503E-01         F               0         Blade 1 Z orientation angle, node 14, rad
        244    9.712E-01,  6.215E-02, -2.299E-01         F               0         Blade 1 X orientation angle, node 15, rad
        245   -5.584E-02, -8.790E-01, -4.735E-01         F               0         Blade 1 Y orientation angle, node 15, rad
        246   -2.315E-01,  4.727E-01, -8.503E-01         F               0         Blade 1 Z orientation angle, node 15, rad
        247    9.709E-01,  5.662E-02, -2.329E-01         F               0         Blade 1 X orientation angle, node 16, rad
        248   -6.194E-02, -8.794E-01, -4.720E-01         F               0         Blade 1 Y orientation angle, node 16, rad
        249   -2.315E-01,  4.727E-01, -8.503E-01         F               0         Blade 1 Z orientation angle, node 16, rad
        250    9.705E-01,  5.171E-02, -2.355E-01         F               0         Blade 1 X orientation angle, node 17, rad
        251   -6.736E-02, -8.797E-01, -4.707E-01         F               0         Blade 1 Y orientation angle, node 17, rad
        252   -2.315E-01,  4.727E-01, -8.503E-01         F               0         Blade 1 Z orientation angle, node 17, rad
        253    9.701E-01,  4.710E-02, -2.380E-01         F               0         Blade 1 X orientation angle, node 18, rad
        254   -7.244E-02, -8.800E-01, -4.695E-01         F               0         Blade 1 Y orientation angle, node 18, rad
        255   -2.315E-01,  4.727E-01, -8.503E-01         F               0         Blade 1 Z orientation angle, node 18, rad
        256    9.698E-01,  4.296E-02, -2.402E-01         F               0         Blade 1 X orientation angle, node 19, rad
        257   -7.701E-02, -8.802E-01, -4.683E-01         F               0         Blade 1 Y orientation angle, node 19, rad
        258   -2.315E-01,  4.727E-01, -8.503E-01         F               0         Blade 1 Z orientation angle, node 19, rad
        259    9.694E-01,  3.927E-02, -2.422E-01         F               0         Blade 1 X orientation angle, node 20, rad
        260   -8.107E-02, -8.804E-01, -4.673E-01         F               0         Blade 1 Y orientation angle, node 20, rad
        261   -2.315E-01,  4.727E-01, -8.503E-01         F               0         Blade 1 Z orientation angle, node 20, rad
        262    9.691E-01,  3.574E-02, -2.440E-01         F               0         Blade 1 X orientation angle, node 21, rad
        263   -8.496E-02, -8.805E-01, -4.663E-01         F               0         Blade 1 Y orientation angle, node 21, rad
        264   -2.315E-01,  4.727E-01, -8.503E-01         F               0         Blade 1 Z orientation angle, node 21, rad
        265    9.688E-01,  3.251E-02, -2.457E-01         F               0         Blade 1 X orientation angle, node 22, rad
        266   -8.851E-02, -8.806E-01, -4.654E-01         F               0         Blade 1 Y orientation angle, node 22, rad
        267   -2.315E-01,  4.727E-01, -8.503E-01         F               0         Blade 1 Z orientation angle, node 22, rad
        268    9.685E-01,  2.959E-02, -2.473E-01         F               0         Blade 1 X orientation angle, node 23, rad
        269   -9.173E-02, -8.807E-01, -4.646E-01         F               0         Blade 1 Y orientation angle, node 23, rad
        270   -2.315E-01,  4.727E-01, -8.503E-01         F               0         Blade 1 Z orientation angle, node 23, rad
        271    9.682E-01,  2.682E-02, -2.487E-01         F               0         Blade 1 X orientation angle, node 24, rad
        272   -9.477E-02, -8.808E-01, -4.638E-01         F               0         Blade 1 Y orientation angle, node 24, rad
        273   -2.315E-01,  4.727E-01, -8.503E-01         F               0         Blade 1 Z orientation angle, node 24, rad
        274    9.679E-01,  2.421E-02, -2.501E-01         F               0         Blade 1 X orientation angle, node 25, rad
        275   -9.764E-02, -8.809E-01, -4.631E-01         F               0         Blade 1 Y orientation angle, node 25, rad
        276   -2.315E-01,  4.727E-01, -8.503E-01         F               0         Blade 1 Z orientation angle, node 25, rad
        277    9.677E-01,  2.190E-02, -2.513E-01         F               0         Blade 1 X orientation angle, node 26, rad
        278   -1.002E-01, -8.810E-01, -4.624E-01         F               0         Blade 1 Y orientation angle, node 26, rad
        279   -2.315E-01,  4.727E-01, -8.503E-01         F               0         Blade 1 Z orientation angle, node 26, rad
        280    9.674E-01,  1.959E-02, -2.525E-01         F               0         Blade 1 X orientation angle, node 27, rad
        281   -1.027E-01, -8.810E-01, -4.618E-01         F               0         Blade 1 Y orientation angle, node 27, rad
        282   -2.315E-01,  4.727E-01, -8.503E-01         F               0         Blade 1 Z orientation angle, node 27, rad
        283    9.672E-01,  1.836E-02, -2.532E-01         F               0         Blade 1 X orientation angle, node 28, rad
        284   -1.041E-01, -8.810E-01, -4.614E-01         F               0         Blade 1 Y orientation angle, node 28, rad
        285   -2.315E-01,  4.727E-01, -8.503E-01         F               0         Blade 1 Z orientation angle, node 28, rad
        286    5.922E-01                                 F               0         Blade 1 X translation velocity, node 1, m/s
        287    5.114E+00                                 F               0         Blade 1 Y translation velocity, node 1, m/s
        288    2.681E+00                                 F               0         Blade 1 Z translation velocity, node 1, m/s
        289    7.359E-01                                 F               0         Blade 1 X translation velocity, node 2, m/s
        290    6.345E+00                                 F               0         Blade 1 Y translation velocity, node 2, m/s
        291    3.326E+00                                 F               0         Blade 1 Z translation velocity, node 2, m/s
        292    2.690E+00                                 F               0         Blade 1 X translation velocity, node 3, m/s
        293    2.308E+01                                 F               0         Blade 1 Y translation velocity, node 3, m/s
        294    1.210E+01                                 F               0         Blade 1 Z translation velocity, node 3, m/s
        295    3.107E+00                                 F               0         Blade 1 X translation velocity, node 4, m/s
        296    2.665E+01                                 F               0         Blade 1 Y translation velocity, node 4, m/s
        297    1.397E+01                                 F               0         Blade 1 Z translation velocity, node 4, m/s
        298    3.523E+00                                 F               0         Blade 1 X translation velocity, node 5, m/s
        299    3.022E+01                                 F               0         Blade 1 Y translation velocity, node 5, m/s
        300    1.584E+01                                 F               0         Blade 1 Z translation velocity, node 5, m/s
        301    3.939E+00                                 F               0         Blade 1 X translation velocity, node 6, m/s
        302    3.378E+01                                 F               0         Blade 1 Y translation velocity, node 6, m/s
        303    1.771E+01                                 F               0         Blade 1 Z translation velocity, node 6, m/s
        304    4.356E+00                                 F               0         Blade 1 X translation velocity, node 7, m/s
        305    3.735E+01                                 F               0         Blade 1 Y translation velocity, node 7, m/s
        306    1.958E+01                                 F               0         Blade 1 Z translation velocity, node 7, m/s
        307    4.772E+00                                 F               0         Blade 1 X translation velocity, node 8, m/s
