
Linearized model: Predictions were generated on 12-Feb-2024 at 18:31:58 using OpenFAST, compiled as a 64-bit application using single precision at commit v3.5.1
 linked with  NWTC Subroutine Library; ElastoDyn; InflowWind; AeroDyn; ServoDyn; HydroDyn; MAP++ (<1.20.10>, <Oct-20-2023>)

Description from the FAST input file: CCT-9 Campign 4 model. Input files to be run with OpenFAST 3.5.0. GitHub branch from Lu Wang (https://github.com/luwang00/openfast/tree/dev) compiled on March 7, 2023.

Simulation information:
   Simulation time:                  1003.5000 s
   Rotor Speed:                         1.0467 rad/s
   Azimuth:                             3.3289 rad
   Wind Speed:                         12.0000 m/s
   Number of continuous states:         0
   Number of discrete states:           0
   Number of constraint states:         0
   Number of inputs:                 1746
   Number of outputs:                   4
   Jacobians included in this file?    No

Order of inputs:
     Column   Operating Point                     Rotating Frame? Derivative Order Description
   ---------- ---------------                     --------------- ---------------- -----------
          1    1.518E+01                                 F               0         Tower X translation displacement, node 1, m
          2   -1.060E+00                                 F               0         Tower Y translation displacement, node 1, m
          3   -4.770E-01                                 F               0         Tower Z translation displacement, node 1, m
          4    1.704E+01                                 F               0         Tower X translation displacement, node 2, m
          5   -1.619E+00                                 F               0         Tower Y translation displacement, node 2, m
          6   -6.310E-01                                 F               0         Tower Z translation displacement, node 2, m
          7    1.891E+01                                 F               0         Tower X translation displacement, node 3, m
          8   -2.178E+00                                 F               0         Tower Y translation displacement, node 3, m
          9   -7.850E-01                                 F               0         Tower Z translation displacement, node 3, m
         10    2.077E+01                                 F               0         Tower X translation displacement, node 4, m
         11   -2.737E+00                                 F               0         Tower Y translation displacement, node 4, m
         12   -9.390E-01                                 F               0         Tower Z translation displacement, node 4, m
         13    2.263E+01                                 F               0         Tower X translation displacement, node 5, m
         14   -3.296E+00                                 F               0         Tower Y translation displacement, node 5, m
         15   -1.093E+00                                 F               0         Tower Z translation displacement, node 5, m
         16    2.449E+01                                 F               0         Tower X translation displacement, node 6, m
         17   -3.855E+00                                 F               0         Tower Y translation displacement, node 6, m
         18   -1.247E+00                                 F               0         Tower Z translation displacement, node 6, m
         19    2.636E+01                                 F               0         Tower X translation displacement, node 7, m
         20   -4.415E+00                                 F               0         Tower Y translation displacement, node 7, m
         21   -1.401E+00                                 F               0         Tower Z translation displacement, node 7, m
         22    2.822E+01                                 F               0         Tower X translation displacement, node 8, m
         23   -4.974E+00                                 F               0         Tower Y translation displacement, node 8, m
         24   -1.555E+00                                 F               0         Tower Z translation displacement, node 8, m
         25    3.008E+01                                 F               0         Tower X translation displacement, node 9, m
         26   -5.533E+00                                 F               0         Tower Y translation displacement, node 9, m
         27   -1.709E+00                                 F               0         Tower Z translation displacement, node 9, m
         28    3.194E+01                                 F               0         Tower X translation displacement, node 10, m
         29   -6.092E+00                                 F               0         Tower Y translation displacement, node 10, m
         30   -1.863E+00                                 F               0         Tower Z translation displacement, node 10, m
         31    3.381E+01                                 F               0         Tower X translation displacement, node 11, m
         32   -6.651E+00                                 F               0         Tower Y translation displacement, node 11, m
         33   -2.017E+00                                 F               0         Tower Z translation displacement, node 11, m
         34    9.885E-01,  1.476E-02, -1.502E-01         F               0         Tower X orientation angle, node 1, rad
         35   -7.780E-03,  9.989E-01,  4.696E-02         F               0         Tower Y orientation angle, node 1, rad
         36    1.508E-01, -4.526E-02,  9.875E-01         F               0         Tower Z orientation angle, node 1, rad
         37    9.885E-01,  1.476E-02, -1.502E-01         F               0         Tower X orientation angle, node 2, rad
         38   -7.780E-03,  9.989E-01,  4.696E-02         F               0         Tower Y orientation angle, node 2, rad
         39    1.508E-01, -4.526E-02,  9.875E-01         F               0         Tower Z orientation angle, node 2, rad
         40    9.885E-01,  1.476E-02, -1.502E-01         F               0         Tower X orientation angle, node 3, rad
         41   -7.780E-03,  9.989E-01,  4.696E-02         F               0         Tower Y orientation angle, node 3, rad
         42    1.508E-01, -4.526E-02,  9.875E-01         F               0         Tower Z orientation angle, node 3, rad
         43    9.885E-01,  1.476E-02, -1.502E-01         F               0         Tower X orientation angle, node 4, rad
         44   -7.780E-03,  9.989E-01,  4.696E-02         F               0         Tower Y orientation angle, node 4, rad
         45    1.508E-01, -4.526E-02,  9.875E-01         F               0         Tower Z orientation angle, node 4, rad
         46    9.885E-01,  1.476E-02, -1.502E-01         F               0         Tower X orientation angle, node 5, rad
         47   -7.780E-03,  9.989E-01,  4.696E-02         F               0         Tower Y orientation angle, node 5, rad
         48    1.508E-01, -4.526E-02,  9.875E-01         F               0         Tower Z orientation angle, node 5, rad
         49    9.885E-01,  1.476E-02, -1.502E-01         F               0         Tower X orientation angle, node 6, rad
         50   -7.780E-03,  9.989E-01,  4.696E-02         F               0         Tower Y orientation angle, node 6, rad
         51    1.508E-01, -4.526E-02,  9.875E-01         F               0         Tower Z orientation angle, node 6, rad
         52    9.885E-01,  1.476E-02, -1.502E-01         F               0         Tower X orientation angle, node 7, rad
         53   -7.780E-03,  9.989E-01,  4.696E-02         F               0         Tower Y orientation angle, node 7, rad
         54    1.508E-01, -4.526E-02,  9.875E-01         F               0         Tower Z orientation angle, node 7, rad
         55    9.885E-01,  1.476E-02, -1.502E-01         F               0         Tower X orientation angle, node 8, rad
         56   -7.780E-03,  9.989E-01,  4.696E-02         F               0         Tower Y orientation angle, node 8, rad
         57    1.508E-01, -4.526E-02,  9.875E-01         F               0         Tower Z orientation angle, node 8, rad
         58    9.885E-01,  1.476E-02, -1.502E-01         F               0         Tower X orientation angle, node 9, rad
         59   -7.780E-03,  9.989E-01,  4.696E-02         F               0         Tower Y orientation angle, node 9, rad
         60    1.508E-01, -4.526E-02,  9.875E-01         F               0         Tower Z orientation angle, node 9, rad
         61    9.885E-01,  1.476E-02, -1.502E-01         F               0         Tower X orientation angle, node 10, rad
         62   -7.780E-03,  9.989E-01,  4.696E-02         F               0         Tower Y orientation angle, node 10, rad
         63    1.508E-01, -4.526E-02,  9.875E-01         F               0         Tower Z orientation angle, node 10, rad
         64    9.885E-01,  1.476E-02, -1.502E-01         F               0         Tower X orientation angle, node 11, rad
         65   -7.780E-03,  9.989E-01,  4.696E-02         F               0         Tower Y orientation angle, node 11, rad
         66    1.508E-01, -4.526E-02,  9.875E-01         F               0         Tower Z orientation angle, node 11, rad
         67   -4.145E-04                                 F               0         Tower X translation velocity, node 1, m/s
         68   -1.057E-05                                 F               0         Tower Y translation velocity, node 1, m/s
         69    2.315E-03                                 F               0         Tower Z translation velocity, node 1, m/s
         70   -7.731E-04                                 F               0         Tower X translation velocity, node 2, m/s
         71    8.131E-05                                 F               0         Tower Y translation velocity, node 2, m/s
         72    2.374E-03                                 F               0         Tower Z translation velocity, node 2, m/s
         73   -1.132E-03                                 F               0         Tower X translation velocity, node 3, m/s
         74    1.732E-04                                 F               0         Tower Y translation velocity, node 3, m/s
         75    2.433E-03                                 F               0         Tower Z translation velocity, node 3, m/s
         76   -1.490E-03                                 F               0         Tower X translation velocity, node 4, m/s
         77    2.651E-04                                 F               0         Tower Y translation velocity, node 4, m/s
         78    2.492E-03                                 F               0         Tower Z translation velocity, node 4, m/s
         79   -1.849E-03                                 F               0         Tower X translation velocity, node 5, m/s
         80    3.570E-04                                 F               0         Tower Y translation velocity, node 5, m/s
         81    2.551E-03                                 F               0         Tower Z translation velocity, node 5, m/s
         82   -2.207E-03                                 F               0         Tower X translation velocity, node 6, m/s
         83    4.488E-04                                 F               0         Tower Y translation velocity, node 6, m/s
         84    2.610E-03                                 F               0         Tower Z translation velocity, node 6, m/s
         85   -2.566E-03                                 F               0         Tower X translation velocity, node 7, m/s
         86    5.407E-04                                 F               0         Tower Y translation velocity, node 7, m/s
         87    2.669E-03                                 F               0         Tower Z translation velocity, node 7, m/s
         88   -2.924E-03                                 F               0         Tower X translation velocity, node 8, m/s
         89    6.326E-04                                 F               0         Tower Y translation velocity, node 8, m/s
         90    2.728E-03                                 F               0         Tower Z translation velocity, node 8, m/s
         91   -3.283E-03                                 F               0         Tower X translation velocity, node 9, m/s
         92    7.245E-04                                 F               0         Tower Y translation velocity, node 9, m/s
         93    2.786E-03                                 F               0         Tower Z translation velocity, node 9, m/s
         94   -3.642E-03                                 F               0         Tower X translation velocity, node 10, m/s
         95    8.164E-04                                 F               0         Tower Y translation velocity, node 10, m/s
         96    2.845E-03                                 F               0         Tower Z translation velocity, node 10, m/s
         97   -4.000E-03                                 F               0         Tower X translation velocity, node 11, m/s
         98    9.082E-04                                 F               0         Tower Y translation velocity, node 11, m/s
         99    2.904E-03                                 F               0         Tower Z translation velocity, node 11, m/s
        100    3.511E+01                                 F               0         Hub X translation displacement, node 1, m
        101   -7.166E+00                                 F               0         Hub Y translation displacement, node 1, m
        102   -4.923E-01                                 F               0         Hub Z translation displacement, node 1, m
        103    9.674E-01,  1.941E-02, -2.526E-01         F               0         Hub X orientation angle, node 1, rad
        104   -3.950E-02, -9.733E-01, -2.261E-01         F               0         Hub Y orientation angle, node 1, rad
        105   -2.503E-01,  2.287E-01, -9.408E-01         F               0         Hub Z orientation angle, node 1, rad
        106    1.013E+00                                 F               0         Hub X rotation velocity, node 1, rad/s
        107    2.028E-02                                 F               0         Hub Y rotation velocity, node 1, rad/s
        108   -2.643E-01                                 F               0         Hub Z rotation velocity, node 1, rad/s
        109    9.681E-01,  4.828E-02, -2.458E-01         F               0         Blade root 1 X orientation angle, node 1, rad
        110   -1.079E-02, -9.723E-01, -2.335E-01         F               0         Blade root 1 Y orientation angle, node 1, rad
        111   -2.503E-01,  2.287E-01, -9.408E-01         F               0         Blade root 1 Z orientation angle, node 1, rad
        112    9.728E-01, -9.085E-04, -2.317E-01         F               0         Blade root 2 X orientation angle, node 1, rad
        113   -1.682E-01,  6.850E-01, -7.089E-01         F               0         Blade root 2 Y orientation angle, node 1, rad
        114    1.593E-01,  7.286E-01,  6.662E-01         F               0         Blade root 2 Z orientation angle, node 1, rad
        115    9.599E-01,  1.084E-02, -2.800E-01         F               0         Blade root 3 X orientation angle, node 1, rad
        116    2.651E-01,  2.891E-01,  9.199E-01         F               0         Blade root 3 Y orientation angle, node 1, rad
        117    9.093E-02, -9.572E-01,  2.746E-01         F               0         Blade root 3 Z orientation angle, node 1, rad
        118    3.315E+01                                 F               0         Blade 1 X translation displacement, node 1, m
        119   -5.899E+00                                 F               0         Blade 1 Y translation displacement, node 1, m
        120   -1.121E+01                                 F               0         Blade 1 Z translation displacement, node 1, m
        121    3.267E+01                                 F               0         Blade 1 X translation displacement, node 2, m
        122   -5.594E+00                                 F               0         Blade 1 Y translation displacement, node 2, m
        123   -1.380E+01                                 F               0         Blade 1 Z translation displacement, node 2, m
        124    2.623E+01                                 F               0         Blade 1 X translation displacement, node 3, m
        125   -1.443E+00                                 F               0         Blade 1 Y translation displacement, node 3, m
        126   -4.893E+01                                 F               0         Blade 1 Z translation displacement, node 3, m
        127    2.486E+01                                 F               0         Blade 1 X translation displacement, node 4, m
        128   -5.587E-01                                 F               0         Blade 1 Y translation displacement, node 4, m
        129   -5.641E+01                                 F               0         Blade 1 Z translation displacement, node 4, m
        130    2.349E+01                                 F               0         Blade 1 X translation displacement, node 5, m
        131    3.258E-01                                 F               0         Blade 1 Y translation displacement, node 5, m
        132   -6.390E+01                                 F               0         Blade 1 Z translation displacement, node 5, m
        133    2.212E+01                                 F               0         Blade 1 X translation displacement, node 6, m
        134    1.210E+00                                 F               0         Blade 1 Y translation displacement, node 6, m
        135   -7.138E+01                                 F               0         Blade 1 Z translation displacement, node 6, m
        136    2.074E+01                                 F               0         Blade 1 X translation displacement, node 7, m
        137    2.095E+00                                 F               0         Blade 1 Y translation displacement, node 7, m
        138   -7.887E+01                                 F               0         Blade 1 Z translation displacement, node 7, m
        139    1.937E+01                                 F               0         Blade 1 X translation displacement, node 8, m
        140    2.979E+00                                 F               0         Blade 1 Y translation displacement, node 8, m
        141   -8.635E+01                                 F               0         Blade 1 Z translation displacement, node 8, m
        142    1.800E+01                                 F               0         Blade 1 X translation displacement, node 9, m
        143    3.863E+00                                 F               0         Blade 1 Y translation displacement, node 9, m
        144   -9.384E+01                                 F               0         Blade 1 Z translation displacement, node 9, m
        145    1.663E+01                                 F               0         Blade 1 X translation displacement, node 10, m
        146    4.748E+00                                 F               0         Blade 1 Y translation displacement, node 10, m
        147   -1.013E+02                                 F               0         Blade 1 Z translation displacement, node 10, m
        148    1.526E+01                                 F               0         Blade 1 X translation displacement, node 11, m
        149    5.632E+00                                 F               0         Blade 1 Y translation displacement, node 11, m
        150   -1.088E+02                                 F               0         Blade 1 Z translation displacement, node 11, m
        151    1.388E+01                                 F               0         Blade 1 X translation displacement, node 12, m
        152    6.517E+00                                 F               0         Blade 1 Y translation displacement, node 12, m
        153   -1.163E+02                                 F               0         Blade 1 Z translation displacement, node 12, m
        154    1.251E+01                                 F               0         Blade 1 X translation displacement, node 13, m
        155    7.401E+00                                 F               0         Blade 1 Y translation displacement, node 13, m
        156   -1.238E+02                                 F               0         Blade 1 Z translation displacement, node 13, m
        157    1.114E+01                                 F               0         Blade 1 X translation displacement, node 14, m
        158    8.285E+00                                 F               0         Blade 1 Y translation displacement, node 14, m
        159   -1.313E+02                                 F               0         Blade 1 Z translation displacement, node 14, m
        160    9.766E+00                                 F               0         Blade 1 X translation displacement, node 15, m
        161    9.170E+00                                 F               0         Blade 1 Y translation displacement, node 15, m
        162   -1.388E+02                                 F               0         Blade 1 Z translation displacement, node 15, m
        163    8.394E+00                                 F               0         Blade 1 X translation displacement, node 16, m
        164    1.005E+01                                 F               0         Blade 1 Y translation displacement, node 16, m
        165   -1.462E+02                                 F               0         Blade 1 Z translation displacement, node 16, m
        166    7.021E+00                                 F               0         Blade 1 X translation displacement, node 17, m
        167    1.094E+01                                 F               0         Blade 1 Y translation displacement, node 17, m
        168   -1.537E+02                                 F               0         Blade 1 Z translation displacement, node 17, m
        169    5.649E+00                                 F               0         Blade 1 X translation displacement, node 18, m
        170    1.182E+01                                 F               0         Blade 1 Y translation displacement, node 18, m
        171   -1.612E+02                                 F               0         Blade 1 Z translation displacement, node 18, m
        172    4.277E+00                                 F               0         Blade 1 X translation displacement, node 19, m
        173    1.271E+01                                 F               0         Blade 1 Y translation displacement, node 19, m
        174   -1.687E+02                                 F               0         Blade 1 Z translation displacement, node 19, m
        175    2.905E+00                                 F               0         Blade 1 X translation displacement, node 20, m
        176    1.359E+01                                 F               0         Blade 1 Y translation displacement, node 20, m
        177   -1.762E+02                                 F               0         Blade 1 Z translation displacement, node 20, m
        178    1.532E+00                                 F               0         Blade 1 X translation displacement, node 21, m
        179    1.448E+01                                 F               0         Blade 1 Y translation displacement, node 21, m
        180   -1.837E+02                                 F               0         Blade 1 Z translation displacement, node 21, m
        181    1.599E-01                                 F               0         Blade 1 X translation displacement, node 22, m
        182    1.536E+01                                 F               0         Blade 1 Y translation displacement, node 22, m
        183   -1.911E+02                                 F               0         Blade 1 Z translation displacement, node 22, m
        184   -1.212E+00                                 F               0         Blade 1 X translation displacement, node 23, m
        185    1.624E+01                                 F               0         Blade 1 Y translation displacement, node 23, m
        186   -1.986E+02                                 F               0         Blade 1 Z translation displacement, node 23, m
        187   -2.585E+00                                 F               0         Blade 1 X translation displacement, node 24, m
        188    1.713E+01                                 F               0         Blade 1 Y translation displacement, node 24, m
        189   -2.061E+02                                 F               0         Blade 1 Z translation displacement, node 24, m
        190   -3.957E+00                                 F               0         Blade 1 X translation displacement, node 25, m
        191    1.801E+01                                 F               0         Blade 1 Y translation displacement, node 25, m
        192   -2.136E+02                                 F               0         Blade 1 Z translation displacement, node 25, m
        193   -5.329E+00                                 F               0         Blade 1 X translation displacement, node 26, m
        194    1.890E+01                                 F               0         Blade 1 Y translation displacement, node 26, m
        195   -2.211E+02                                 F               0         Blade 1 Z translation displacement, node 26, m
        196   -6.701E+00                                 F               0         Blade 1 X translation displacement, node 27, m
        197    1.978E+01                                 F               0         Blade 1 Y translation displacement, node 27, m
        198   -2.286E+02                                 F               0         Blade 1 Z translation displacement, node 27, m
        199   -7.865E+00                                 F               0         Blade 1 X translation displacement, node 28, m
        200    2.053E+01                                 F               0         Blade 1 Y translation displacement, node 28, m
        201   -2.349E+02                                 F               0         Blade 1 Z translation displacement, node 28, m
        202    8.665E-01,  4.863E-01, -1.123E-01         F               0         Blade 1 X orientation angle, node 1, rad
        203    4.319E-01, -8.433E-01, -3.199E-01         F               0         Blade 1 Y orientation angle, node 1, rad
        204   -2.503E-01,  2.287E-01, -9.408E-01         F               0         Blade 1 Z orientation angle, node 1, rad
        205    8.665E-01,  4.863E-01, -1.123E-01         F               0         Blade 1 X orientation angle, node 2, rad
        206    4.319E-01, -8.433E-01, -3.199E-01         F               0         Blade 1 Y orientation angle, node 2, rad
        207   -2.503E-01,  2.287E-01, -9.408E-01         F               0         Blade 1 Z orientation angle, node 2, rad
        208    9.442E-01,  2.726E-01, -1.849E-01         F               0         Blade 1 X orientation angle, node 3, rad
        209    2.142E-01, -9.346E-01, -2.841E-01         F               0         Blade 1 Y orientation angle, node 3, rad
        210   -2.503E-01,  2.287E-01, -9.408E-01         F               0         Blade 1 Z orientation angle, node 3, rad
        211    9.524E-01,  2.329E-01, -1.968E-01         F               0         Blade 1 X orientation angle, node 4, rad
        212    1.741E-01, -9.452E-01, -2.761E-01         F               0         Blade 1 Y orientation angle, node 4, rad
        213   -2.503E-01,  2.287E-01, -9.408E-01         F               0         Blade 1 Z orientation angle, node 4, rad
        214    9.576E-01,  2.014E-01, -2.058E-01         F               0         Blade 1 X orientation angle, node 5, rad
        215    1.425E-01, -9.524E-01, -2.694E-01         F               0         Blade 1 Y orientation angle, node 5, rad
        216   -2.503E-01,  2.287E-01, -9.408E-01         F               0         Blade 1 Z orientation angle, node 5, rad
        217    9.611E-01,  1.761E-01, -2.129E-01         F               0         Blade 1 X orientation angle, node 6, rad
        218    1.170E-01, -9.574E-01, -2.638E-01         F               0         Blade 1 Y orientation angle, node 6, rad
        219   -2.503E-01,  2.287E-01, -9.408E-01         F               0         Blade 1 Z orientation angle, node 6, rad
        220    9.634E-01,  1.552E-01, -2.186E-01         F               0         Blade 1 X orientation angle, node 7, rad
        221    9.602E-02, -9.611E-01, -2.591E-01         F               0         Blade 1 Y orientation angle, node 7, rad
        222   -2.503E-01,  2.287E-01, -9.408E-01         F               0         Blade 1 Z orientation angle, node 7, rad
        223    9.650E-01,  1.377E-01, -2.232E-01         F               0         Blade 1 X orientation angle, node 8, rad
        224    7.851E-02, -9.637E-01, -2.551E-01         F               0         Blade 1 Y orientation angle, node 8, rad
        225   -2.503E-01,  2.287E-01, -9.408E-01         F               0         Blade 1 Z orientation angle, node 8, rad
        226    9.661E-01,  1.229E-01, -2.271E-01         F               0         Blade 1 X orientation angle, node 9, rad
        227    6.368E-02, -9.657E-01, -2.517E-01         F               0         Blade 1 Y orientation angle, node 9, rad
        228   -2.503E-01,  2.287E-01, -9.408E-01         F               0         Blade 1 Z orientation angle, node 9, rad
        229    9.668E-01,  1.101E-01, -2.305E-01         F               0         Blade 1 X orientation angle, node 10, rad
        230    5.086E-02, -9.673E-01, -2.486E-01         F               0         Blade 1 Y orientation angle, node 10, rad
        231   -2.503E-01,  2.287E-01, -9.408E-01         F               0         Blade 1 Z orientation angle, node 10, rad
        232    9.674E-01,  9.910E-02, -2.333E-01         F               0         Blade 1 X orientation angle, node 11, rad
        233    3.989E-02, -9.684E-01, -2.460E-01         F               0         Blade 1 Y orientation angle, node 11, rad
        234   -2.503E-01,  2.287E-01, -9.408E-01         F               0         Blade 1 Z orientation angle, node 11, rad
        235    9.677E-01,  8.946E-02, -2.357E-01         F               0         Blade 1 X orientation angle, node 12, rad
        236    3.027E-02, -9.694E-01, -2.437E-01         F               0         Blade 1 Y orientation angle, node 12, rad
        237   -2.503E-01,  2.287E-01, -9.408E-01         F               0         Blade 1 Z orientation angle, node 12, rad
        238    9.679E-01,  8.100E-02, -2.378E-01         F               0         Blade 1 X orientation angle, node 13, rad
        239    2.182E-02, -9.701E-01, -2.416E-01         F               0         Blade 1 Y orientation angle, node 13, rad
        240   -2.503E-01,  2.287E-01, -9.408E-01         F               0         Blade 1 Z orientation angle, node 13, rad
        241    9.681E-01,  7.337E-02, -2.397E-01         F               0         Blade 1 X orientation angle, node 14, rad
        242    1.422E-02, -9.707E-01, -2.397E-01         F               0         Blade 1 Y orientation angle, node 14, rad
        243   -2.503E-01,  2.287E-01, -9.408E-01         F               0         Blade 1 Z orientation angle, node 14, rad
        244    9.681E-01,  6.660E-02, -2.414E-01         F               0         Blade 1 X orientation angle, node 15, rad
        245    7.461E-03, -9.712E-01, -2.380E-01         F               0         Blade 1 Y orientation angle, node 15, rad
        246   -2.503E-01,  2.287E-01, -9.408E-01         F               0         Blade 1 Z orientation angle, node 15, rad
        247    9.682E-01,  6.049E-02, -2.429E-01         F               0         Blade 1 X orientation angle, node 16, rad
        248    1.378E-03, -9.716E-01, -2.365E-01         F               0         Blade 1 Y orientation angle, node 16, rad
        249   -2.503E-01,  2.287E-01, -9.408E-01         F               0         Blade 1 Z orientation angle, node 16, rad
        250    9.682E-01,  5.506E-02, -2.442E-01         F               0         Blade 1 X orientation angle, node 17, rad
        251   -4.030E-03, -9.719E-01, -2.352E-01         F               0         Blade 1 Y orientation angle, node 17, rad
        252   -2.503E-01,  2.287E-01, -9.408E-01         F               0         Blade 1 Z orientation angle, node 17, rad
        253    9.681E-01,  4.997E-02, -2.454E-01         F               0         Blade 1 X orientation angle, node 18, rad
        254   -9.099E-03, -9.722E-01, -2.339E-01         F               0         Blade 1 Y orientation angle, node 18, rad
        255   -2.503E-01,  2.287E-01, -9.408E-01         F               0         Blade 1 Z orientation angle, node 18, rad
        256    9.681E-01,  4.539E-02, -2.465E-01         F               0         Blade 1 X orientation angle, node 19, rad
        257   -1.366E-02, -9.724E-01, -2.327E-01         F               0         Blade 1 Y orientation angle, node 19, rad
        258   -2.503E-01,  2.287E-01, -9.408E-01         F               0         Blade 1 Z orientation angle, node 19, rad
        259    9.680E-01,  4.132E-02, -2.475E-01         F               0         Blade 1 X orientation angle, node 20, rad
        260   -1.772E-02, -9.726E-01, -2.317E-01         F               0         Blade 1 Y orientation angle, node 20, rad
        261   -2.503E-01,  2.287E-01, -9.408E-01         F               0         Blade 1 Z orientation angle, node 20, rad
        262    9.679E-01,  3.741E-02, -2.484E-01         F               0         Blade 1 X orientation angle, node 21, rad
        263   -2.160E-02, -9.728E-01, -2.307E-01         F               0         Blade 1 Y orientation angle, node 21, rad
        264   -2.503E-01,  2.287E-01, -9.408E-01         F               0         Blade 1 Z orientation angle, node 21, rad
        265    9.678E-01,  3.385E-02, -2.492E-01         F               0         Blade 1 X orientation angle, node 22, rad
        266   -2.515E-02, -9.729E-01, -2.298E-01         F               0         Blade 1 Y orientation angle, node 22, rad
        267   -2.503E-01,  2.287E-01, -9.408E-01         F               0         Blade 1 Z orientation angle, node 22, rad
        268    9.678E-01,  3.062E-02, -2.500E-01         F               0         Blade 1 X orientation angle, node 23, rad
        269   -2.836E-02, -9.730E-01, -2.290E-01         F               0         Blade 1 Y orientation angle, node 23, rad
        270   -2.503E-01,  2.287E-01, -9.408E-01         F               0         Blade 1 Z orientation angle, node 23, rad
        271    9.677E-01,  2.757E-02, -2.507E-01         F               0         Blade 1 X orientation angle, node 24, rad
        272   -3.140E-02, -9.731E-01, -2.282E-01         F               0         Blade 1 Y orientation angle, node 24, rad
        273   -2.503E-01,  2.287E-01, -9.408E-01         F               0         Blade 1 Z orientation angle, node 24, rad
        274    9.676E-01,  2.468E-02, -2.514E-01         F               0         Blade 1 X orientation angle, node 25, rad
        275   -3.427E-02, -9.732E-01, -2.274E-01         F               0         Blade 1 Y orientation angle, node 25, rad
        276   -2.503E-01,  2.287E-01, -9.408E-01         F               0         Blade 1 Z orientation angle, node 25, rad
        277    9.675E-01,  2.213E-02, -2.520E-01         F               0         Blade 1 X orientation angle, node 26, rad
        278   -3.680E-02, -9.733E-01, -2.268E-01         F               0         Blade 1 Y orientation angle, node 26, rad
        279   -2.503E-01,  2.287E-01, -9.408E-01         F               0         Blade 1 Z orientation angle, node 26, rad
        280    9.674E-01,  1.958E-02, -2.526E-01         F               0         Blade 1 X orientation angle, node 27, rad
        281   -3.934E-02, -9.733E-01, -2.261E-01         F               0         Blade 1 Y orientation angle, node 27, rad
        282   -2.503E-01,  2.287E-01, -9.408E-01         F               0         Blade 1 Z orientation angle, node 27, rad
        283    9.673E-01,  1.822E-02, -2.529E-01         F               0         Blade 1 X orientation angle, node 28, rad
        284   -4.069E-02, -9.733E-01, -2.257E-01         F               0         Blade 1 Y orientation angle, node 28, rad
        285   -2.503E-01,  2.287E-01, -9.408E-01         F               0         Blade 1 Z orientation angle, node 28, rad
        286    2.248E-01                                 F               0         Blade 1 X translation velocity, node 1, m/s
        287    5.643E+00                                 F               0         Blade 1 Y translation velocity, node 1, m/s
        288    1.313E+00                                 F               0         Blade 1 Z translation velocity, node 1, m/s
        289    2.800E-01                                 F               0         Blade 1 X translation velocity, node 2, m/s
        290    7.003E+00                                 F               0         Blade 1 Y translation velocity, node 2, m/s
        291    1.629E+00                                 F               0         Blade 1 Z translation velocity, node 2, m/s
        292    1.031E+00                                 F               0         Blade 1 X translation velocity, node 3, m/s
        293    2.550E+01                                 F               0         Blade 1 Y translation velocity, node 3, m/s
        294    5.924E+00                                 F               0         Blade 1 Z translation velocity, node 3, m/s
        295    1.191E+00                                 F               0         Blade 1 X translation velocity, node 4, m/s
        296    2.944E+01                                 F               0         Blade 1 Y translation velocity, node 4, m/s
        297    6.839E+00                                 F               0         Blade 1 Z translation velocity, node 4, m/s
        298    1.351E+00                                 F               0         Blade 1 X translation velocity, node 5, m/s
        299    3.338E+01                                 F               0         Blade 1 Y translation velocity, node 5, m/s
        300    7.754E+00                                 F               0         Blade 1 Z translation velocity, node 5, m/s
        301    1.511E+00                                 F               0         Blade 1 X translation velocity, node 6, m/s
        302    3.732E+01                                 F               0         Blade 1 Y translation velocity, node 6, m/s
        303    8.669E+00                                 F               0         Blade 1 Z translation velocity, node 6, m/s
        304    1.671E+00                                 F               0         Blade 1 X translation velocity, node 7, m/s
        305    4.126E+01                                 F               0         Blade 1 Y translation velocity, node 7, m/s
        306    9.585E+00                                 F               0         Blade 1 Z translation velocity, node 7, m/s
        307    1.831E+00                                 F               0         Blade 1 X translation velocity, node 8, m/s
