
Linearized model: Predictions were generated on 12-Feb-2024 at 18:31:58 using OpenFAST, compiled as a 64-bit application using single precision at commit v3.5.1
 linked with  NWTC Subroutine Library; ElastoDyn; InflowWind; AeroDyn; ServoDyn; HydroDyn; MAP++ (<1.20.10>, <Oct-20-2023>)

Description from the FAST input file: CCT-9 Campign 4 model. Input files to be run with OpenFAST 3.5.0. GitHub branch from Lu Wang (https://github.com/luwang00/openfast/tree/dev) compiled on March 7, 2023.

Simulation information:
   Simulation time:                  1003.2500 s
   Rotor Speed:                         1.0466 rad/s
   Azimuth:                             3.0672 rad
   Wind Speed:                         12.0000 m/s
   Number of continuous states:         0
   Number of discrete states:           0
   Number of constraint states:         0
   Number of inputs:                 1746
   Number of outputs:                   4
   Jacobians included in this file?    No

Order of inputs:
     Column   Operating Point                     Rotating Frame? Derivative Order Description
   ---------- ---------------                     --------------- ---------------- -----------
          1    1.518E+01                                 F               0         Tower X translation displacement, node 1, m
          2   -1.060E+00                                 F               0         Tower Y translation displacement, node 1, m
          3   -4.776E-01                                 F               0         Tower Z translation displacement, node 1, m
          4    1.704E+01                                 F               0         Tower X translation displacement, node 2, m
          5   -1.619E+00                                 F               0         Tower Y translation displacement, node 2, m
          6   -6.316E-01                                 F               0         Tower Z translation displacement, node 2, m
          7    1.891E+01                                 F               0         Tower X translation displacement, node 3, m
          8   -2.178E+00                                 F               0         Tower Y translation displacement, node 3, m
          9   -7.856E-01                                 F               0         Tower Z translation displacement, node 3, m
         10    2.077E+01                                 F               0         Tower X translation displacement, node 4, m
         11   -2.737E+00                                 F               0         Tower Y translation displacement, node 4, m
         12   -9.396E-01                                 F               0         Tower Z translation displacement, node 4, m
         13    2.263E+01                                 F               0         Tower X translation displacement, node 5, m
         14   -3.296E+00                                 F               0         Tower Y translation displacement, node 5, m
         15   -1.094E+00                                 F               0         Tower Z translation displacement, node 5, m
         16    2.449E+01                                 F               0         Tower X translation displacement, node 6, m
         17   -3.855E+00                                 F               0         Tower Y translation displacement, node 6, m
         18   -1.248E+00                                 F               0         Tower Z translation displacement, node 6, m
         19    2.636E+01                                 F               0         Tower X translation displacement, node 7, m
         20   -4.414E+00                                 F               0         Tower Y translation displacement, node 7, m
         21   -1.402E+00                                 F               0         Tower Z translation displacement, node 7, m
         22    2.822E+01                                 F               0         Tower X translation displacement, node 8, m
         23   -4.973E+00                                 F               0         Tower Y translation displacement, node 8, m
         24   -1.556E+00                                 F               0         Tower Z translation displacement, node 8, m
         25    3.008E+01                                 F               0         Tower X translation displacement, node 9, m
         26   -5.532E+00                                 F               0         Tower Y translation displacement, node 9, m
         27   -1.710E+00                                 F               0         Tower Z translation displacement, node 9, m
         28    3.194E+01                                 F               0         Tower X translation displacement, node 10, m
         29   -6.091E+00                                 F               0         Tower Y translation displacement, node 10, m
         30   -1.864E+00                                 F               0         Tower Z translation displacement, node 10, m
         31    3.381E+01                                 F               0         Tower X translation displacement, node 11, m
         32   -6.650E+00                                 F               0         Tower Y translation displacement, node 11, m
         33   -2.018E+00                                 F               0         Tower Z translation displacement, node 11, m
         34    9.885E-01,  1.474E-02, -1.502E-01         F               0         Tower X orientation angle, node 1, rad
         35   -7.754E-03,  9.989E-01,  4.695E-02         F               0         Tower Y orientation angle, node 1, rad
         36    1.508E-01, -4.525E-02,  9.875E-01         F               0         Tower Z orientation angle, node 1, rad
         37    9.885E-01,  1.474E-02, -1.502E-01         F               0         Tower X orientation angle, node 2, rad
         38   -7.754E-03,  9.989E-01,  4.695E-02         F               0         Tower Y orientation angle, node 2, rad
         39    1.508E-01, -4.525E-02,  9.875E-01         F               0         Tower Z orientation angle, node 2, rad
         40    9.885E-01,  1.474E-02, -1.502E-01         F               0         Tower X orientation angle, node 3, rad
         41   -7.754E-03,  9.989E-01,  4.695E-02         F               0         Tower Y orientation angle, node 3, rad
         42    1.508E-01, -4.525E-02,  9.875E-01         F               0         Tower Z orientation angle, node 3, rad
         43    9.885E-01,  1.474E-02, -1.502E-01         F               0         Tower X orientation angle, node 4, rad
         44   -7.754E-03,  9.989E-01,  4.695E-02         F               0         Tower Y orientation angle, node 4, rad
         45    1.508E-01, -4.525E-02,  9.875E-01         F               0         Tower Z orientation angle, node 4, rad
         46    9.885E-01,  1.474E-02, -1.502E-01         F               0         Tower X orientation angle, node 5, rad
         47   -7.754E-03,  9.989E-01,  4.695E-02         F               0         Tower Y orientation angle, node 5, rad
         48    1.508E-01, -4.525E-02,  9.875E-01         F               0         Tower Z orientation angle, node 5, rad
         49    9.885E-01,  1.474E-02, -1.502E-01         F               0         Tower X orientation angle, node 6, rad
         50   -7.754E-03,  9.989E-01,  4.695E-02         F               0         Tower Y orientation angle, node 6, rad
         51    1.508E-01, -4.525E-02,  9.875E-01         F               0         Tower Z orientation angle, node 6, rad
         52    9.885E-01,  1.474E-02, -1.502E-01         F               0         Tower X orientation angle, node 7, rad
         53   -7.754E-03,  9.989E-01,  4.695E-02         F               0         Tower Y orientation angle, node 7, rad
         54    1.508E-01, -4.525E-02,  9.875E-01         F               0         Tower Z orientation angle, node 7, rad
         55    9.885E-01,  1.474E-02, -1.502E-01         F               0         Tower X orientation angle, node 8, rad
         56   -7.754E-03,  9.989E-01,  4.695E-02         F               0         Tower Y orientation angle, node 8, rad
         57    1.508E-01, -4.525E-02,  9.875E-01         F               0         Tower Z orientation angle, node 8, rad
         58    9.885E-01,  1.474E-02, -1.502E-01         F               0         Tower X orientation angle, node 9, rad
         59   -7.754E-03,  9.989E-01,  4.695E-02         F               0         Tower Y orientation angle, node 9, rad
         60    1.508E-01, -4.525E-02,  9.875E-01         F               0         Tower Z orientation angle, node 9, rad
         61    9.885E-01,  1.474E-02, -1.502E-01         F               0         Tower X orientation angle, node 10, rad
         62   -7.754E-03,  9.989E-01,  4.695E-02         F               0         Tower Y orientation angle, node 10, rad
         63    1.508E-01, -4.525E-02,  9.875E-01         F               0         Tower Z orientation angle, node 10, rad
         64    9.885E-01,  1.474E-02, -1.502E-01         F               0         Tower X orientation angle, node 11, rad
         65   -7.754E-03,  9.989E-01,  4.695E-02         F               0         Tower Y orientation angle, node 11, rad
         66    1.508E-01, -4.525E-02,  9.875E-01         F               0         Tower Z orientation angle, node 11, rad
         67   -4.270E-04                                 F               0         Tower X translation velocity, node 1, m/s
         68   -5.911E-04                                 F               0         Tower Y translation velocity, node 1, m/s
         69    1.961E-03                                 F               0         Tower Z translation velocity, node 1, m/s
         70   -7.852E-04                                 F               0         Tower X translation velocity, node 2, m/s
         71   -9.512E-04                                 F               0         Tower Y translation velocity, node 2, m/s
         72    1.999E-03                                 F               0         Tower Z translation velocity, node 2, m/s
         73   -1.144E-03                                 F               0         Tower X translation velocity, node 3, m/s
         74   -1.311E-03                                 F               0         Tower Y translation velocity, node 3, m/s
         75    2.037E-03                                 F               0         Tower Z translation velocity, node 3, m/s
         76   -1.502E-03                                 F               0         Tower X translation velocity, node 4, m/s
         77   -1.671E-03                                 F               0         Tower Y translation velocity, node 4, m/s
         78    2.075E-03                                 F               0         Tower Z translation velocity, node 4, m/s
         79   -1.860E-03                                 F               0         Tower X translation velocity, node 5, m/s
         80   -2.032E-03                                 F               0         Tower Y translation velocity, node 5, m/s
         81    2.114E-03                                 F               0         Tower Z translation velocity, node 5, m/s
         82   -2.218E-03                                 F               0         Tower X translation velocity, node 6, m/s
         83   -2.392E-03                                 F               0         Tower Y translation velocity, node 6, m/s
         84    2.152E-03                                 F               0         Tower Z translation velocity, node 6, m/s
         85   -2.577E-03                                 F               0         Tower X translation velocity, node 7, m/s
         86   -2.752E-03                                 F               0         Tower Y translation velocity, node 7, m/s
         87    2.190E-03                                 F               0         Tower Z translation velocity, node 7, m/s
         88   -2.935E-03                                 F               0         Tower X translation velocity, node 8, m/s
         89   -3.112E-03                                 F               0         Tower Y translation velocity, node 8, m/s
         90    2.228E-03                                 F               0         Tower Z translation velocity, node 8, m/s
         91   -3.293E-03                                 F               0         Tower X translation velocity, node 9, m/s
         92   -3.472E-03                                 F               0         Tower Y translation velocity, node 9, m/s
         93    2.266E-03                                 F               0         Tower Z translation velocity, node 9, m/s
         94   -3.651E-03                                 F               0         Tower X translation velocity, node 10, m/s
         95   -3.832E-03                                 F               0         Tower Y translation velocity, node 10, m/s
         96    2.305E-03                                 F               0         Tower Z translation velocity, node 10, m/s
         97   -4.010E-03                                 F               0         Tower X translation velocity, node 11, m/s
         98   -4.192E-03                                 F               0         Tower Y translation velocity, node 11, m/s
         99    2.343E-03                                 F               0         Tower Z translation velocity, node 11, m/s
        100    3.511E+01                                 F               0         Hub X translation displacement, node 1, m
        101   -7.165E+00                                 F               0         Hub Y translation displacement, node 1, m
        102   -4.929E-01                                 F               0         Hub Z translation displacement, node 1, m
        103    9.674E-01,  1.939E-02, -2.526E-01         F               0         Hub X orientation angle, node 1, rad
        104    2.656E-02, -9.993E-01,  2.501E-02         F               0         Hub Y orientation angle, node 1, rad
        105   -2.520E-01, -3.090E-02, -9.672E-01         F               0         Hub Z orientation angle, node 1, rad
        106    1.012E+00                                 F               0         Hub X rotation velocity, node 1, rad/s
        107    2.025E-02                                 F               0         Hub Y rotation velocity, node 1, rad/s
        108   -2.643E-01                                 F               0         Hub Z rotation velocity, node 1, rad/s
        109    9.662E-01,  4.902E-02, -2.533E-01         F               0         Blade root 1 X orientation angle, node 1, rad
        110    5.524E-02, -9.983E-01,  1.750E-02         F               0         Blade root 1 Y orientation angle, node 1, rad
        111   -2.520E-01, -3.090E-02, -9.672E-01         F               0         Blade root 1 Z orientation angle, node 1, rad
        112    9.738E-01,  5.348E-03, -2.273E-01         F               0         Blade root 2 X orientation angle, node 1, rad
        113   -2.027E-01,  4.733E-01, -8.573E-01         F               0         Blade root 2 Y orientation angle, node 1, rad
        114    1.030E-01,  8.809E-01,  4.620E-01         F               0         Blade root 2 Z orientation angle, node 1, rad
        115    9.609E-01,  3.760E-03, -2.770E-01         F               0         Blade root 3 X orientation angle, node 1, rad
        116    2.336E-01,  5.268E-01,  8.173E-01         F               0         Blade root 3 Y orientation angle, node 1, rad
        117    1.490E-01, -8.500E-01,  5.053E-01         F               0         Blade root 3 Z orientation angle, node 1, rad
        118    3.314E+01                                 F               0         Blade 1 X translation displacement, node 1, m
        119   -7.336E+00                                 F               0         Blade 1 Y translation displacement, node 1, m
        120   -1.136E+01                                 F               0         Blade 1 Z translation displacement, node 1, m
        121    3.266E+01                                 F               0         Blade 1 X translation displacement, node 2, m
        122   -7.377E+00                                 F               0         Blade 1 Y translation displacement, node 2, m
        123   -1.398E+01                                 F               0         Blade 1 Z translation displacement, node 2, m
        124    2.619E+01                                 F               0         Blade 1 X translation displacement, node 3, m
        125   -7.938E+00                                 F               0         Blade 1 Y translation displacement, node 3, m
        126   -4.959E+01                                 F               0         Blade 1 Z translation displacement, node 3, m
        127    2.481E+01                                 F               0         Blade 1 X translation displacement, node 4, m
        128   -8.058E+00                                 F               0         Blade 1 Y translation displacement, node 4, m
        129   -5.718E+01                                 F               0         Blade 1 Z translation displacement, node 4, m
        130    2.343E+01                                 F               0         Blade 1 X translation displacement, node 5, m
        131   -8.177E+00                                 F               0         Blade 1 Y translation displacement, node 5, m
        132   -6.477E+01                                 F               0         Blade 1 Z translation displacement, node 5, m
        133    2.205E+01                                 F               0         Blade 1 X translation displacement, node 6, m
        134   -8.297E+00                                 F               0         Blade 1 Y translation displacement, node 6, m
        135   -7.235E+01                                 F               0         Blade 1 Z translation displacement, node 6, m
        136    2.068E+01                                 F               0         Blade 1 X translation displacement, node 7, m
        137   -8.416E+00                                 F               0         Blade 1 Y translation displacement, node 7, m
        138   -7.994E+01                                 F               0         Blade 1 Z translation displacement, node 7, m
        139    1.930E+01                                 F               0         Blade 1 X translation displacement, node 8, m
        140   -8.536E+00                                 F               0         Blade 1 Y translation displacement, node 8, m
        141   -8.753E+01                                 F               0         Blade 1 Z translation displacement, node 8, m
        142    1.792E+01                                 F               0         Blade 1 X translation displacement, node 9, m
        143   -8.655E+00                                 F               0         Blade 1 Y translation displacement, node 9, m
        144   -9.512E+01                                 F               0         Blade 1 Z translation displacement, node 9, m
        145    1.654E+01                                 F               0         Blade 1 X translation displacement, node 10, m
        146   -8.775E+00                                 F               0         Blade 1 Y translation displacement, node 10, m
        147   -1.027E+02                                 F               0         Blade 1 Z translation displacement, node 10, m
        148    1.516E+01                                 F               0         Blade 1 X translation displacement, node 11, m
        149   -8.894E+00                                 F               0         Blade 1 Y translation displacement, node 11, m
        150   -1.103E+02                                 F               0         Blade 1 Z translation displacement, node 11, m
        151    1.378E+01                                 F               0         Blade 1 X translation displacement, node 12, m
        152   -9.014E+00                                 F               0         Blade 1 Y translation displacement, node 12, m
        153   -1.179E+02                                 F               0         Blade 1 Z translation displacement, node 12, m
        154    1.240E+01                                 F               0         Blade 1 X translation displacement, node 13, m
        155   -9.133E+00                                 F               0         Blade 1 Y translation displacement, node 13, m
        156   -1.255E+02                                 F               0         Blade 1 Z translation displacement, node 13, m
        157    1.102E+01                                 F               0         Blade 1 X translation displacement, node 14, m
        158   -9.253E+00                                 F               0         Blade 1 Y translation displacement, node 14, m
        159   -1.331E+02                                 F               0         Blade 1 Z translation displacement, node 14, m
        160    9.645E+00                                 F               0         Blade 1 X translation displacement, node 15, m
        161   -9.373E+00                                 F               0         Blade 1 Y translation displacement, node 15, m
        162   -1.406E+02                                 F               0         Blade 1 Z translation displacement, node 15, m
        163    8.266E+00                                 F               0         Blade 1 X translation displacement, node 16, m
        164   -9.492E+00                                 F               0         Blade 1 Y translation displacement, node 16, m
        165   -1.482E+02                                 F               0         Blade 1 Z translation displacement, node 16, m
        166    6.887E+00                                 F               0         Blade 1 X translation displacement, node 17, m
        167   -9.612E+00                                 F               0         Blade 1 Y translation displacement, node 17, m
        168   -1.558E+02                                 F               0         Blade 1 Z translation displacement, node 17, m
        169    5.508E+00                                 F               0         Blade 1 X translation displacement, node 18, m
        170   -9.731E+00                                 F               0         Blade 1 Y translation displacement, node 18, m
        171   -1.634E+02                                 F               0         Blade 1 Z translation displacement, node 18, m
        172    4.129E+00                                 F               0         Blade 1 X translation displacement, node 19, m
        173   -9.851E+00                                 F               0         Blade 1 Y translation displacement, node 19, m
        174   -1.710E+02                                 F               0         Blade 1 Z translation displacement, node 19, m
        175    2.750E+00                                 F               0         Blade 1 X translation displacement, node 20, m
        176   -9.970E+00                                 F               0         Blade 1 Y translation displacement, node 20, m
        177   -1.786E+02                                 F               0         Blade 1 Z translation displacement, node 20, m
        178    1.372E+00                                 F               0         Blade 1 X translation displacement, node 21, m
        179   -1.009E+01                                 F               0         Blade 1 Y translation displacement, node 21, m
        180   -1.862E+02                                 F               0         Blade 1 Z translation displacement, node 21, m
        181   -7.434E-03                                 F               0         Blade 1 X translation displacement, node 22, m
        182   -1.021E+01                                 F               0         Blade 1 Y translation displacement, node 22, m
        183   -1.938E+02                                 F               0         Blade 1 Z translation displacement, node 22, m
        184   -1.386E+00                                 F               0         Blade 1 X translation displacement, node 23, m
        185   -1.033E+01                                 F               0         Blade 1 Y translation displacement, node 23, m
        186   -2.013E+02                                 F               0         Blade 1 Z translation displacement, node 23, m
        187   -2.765E+00                                 F               0         Blade 1 X translation displacement, node 24, m
        188   -1.045E+01                                 F               0         Blade 1 Y translation displacement, node 24, m
        189   -2.089E+02                                 F               0         Blade 1 Z translation displacement, node 24, m
        190   -4.144E+00                                 F               0         Blade 1 X translation displacement, node 25, m
        191   -1.057E+01                                 F               0         Blade 1 Y translation displacement, node 25, m
        192   -2.165E+02                                 F               0         Blade 1 Z translation displacement, node 25, m
        193   -5.523E+00                                 F               0         Blade 1 X translation displacement, node 26, m
        194   -1.069E+01                                 F               0         Blade 1 Y translation displacement, node 26, m
        195   -2.241E+02                                 F               0         Blade 1 Z translation displacement, node 26, m
        196   -6.902E+00                                 F               0         Blade 1 X translation displacement, node 27, m
        197   -1.081E+01                                 F               0         Blade 1 Y translation displacement, node 27, m
        198   -2.317E+02                                 F               0         Blade 1 Z translation displacement, node 27, m
        199   -8.071E+00                                 F               0         Blade 1 X translation displacement, node 28, m
        200   -1.091E+01                                 F               0         Blade 1 Y translation displacement, node 28, m
        201   -2.381E+02                                 F               0         Blade 1 Z translation displacement, node 28, m
        202    8.347E-01,  4.989E-01, -2.334E-01         F               0         Blade 1 X orientation angle, node 1, rad
        203    4.897E-01, -8.661E-01, -9.992E-02         F               0         Blade 1 Y orientation angle, node 1, rad
        204   -2.520E-01, -3.090E-02, -9.672E-01         F               0         Blade 1 Z orientation angle, node 1, rad
        205    8.347E-01,  4.989E-01, -2.334E-01         F               0         Blade 1 X orientation angle, node 2, rad
        206    4.897E-01, -8.661E-01, -9.992E-02         F               0         Blade 1 Y orientation angle, node 2, rad
        207   -2.520E-01, -3.090E-02, -9.672E-01         F               0         Blade 1 Z orientation angle, node 2, rad
        208    9.270E-01,  2.794E-01, -2.504E-01         F               0         Blade 1 X orientation angle, node 3, rad
        209    2.780E-01, -9.597E-01, -4.175E-02         F               0         Blade 1 Y orientation angle, node 3, rad
        210   -2.520E-01, -3.090E-02, -9.672E-01         F               0         Blade 1 Z orientation angle, node 3, rad
        211    9.379E-01,  2.386E-01, -2.520E-01         F               0         Blade 1 X orientation angle, node 4, rad
        212    2.386E-01, -9.706E-01, -3.114E-02         F               0         Blade 1 Y orientation angle, node 4, rad
        213   -2.520E-01, -3.090E-02, -9.672E-01         F               0         Blade 1 Z orientation angle, node 4, rad
        214    9.453E-01,  2.063E-01, -2.529E-01         F               0         Blade 1 X orientation angle, node 5, rad
        215    2.074E-01, -9.780E-01, -2.277E-02         F               0         Blade 1 Y orientation angle, node 5, rad
        216   -2.520E-01, -3.090E-02, -9.672E-01         F               0         Blade 1 Z orientation angle, node 5, rad
        217    9.504E-01,  1.803E-01, -2.534E-01         F               0         Blade 1 X orientation angle, node 6, rad
        218    1.822E-01, -9.831E-01, -1.606E-02         F               0         Blade 1 Y orientation angle, node 6, rad
        219   -2.520E-01, -3.090E-02, -9.672E-01         F               0         Blade 1 Z orientation angle, node 6, rad
        220    9.542E-01,  1.588E-01, -2.537E-01         F               0         Blade 1 X orientation angle, node 7, rad
        221    1.614E-01, -9.868E-01, -1.053E-02         F               0         Blade 1 Y orientation angle, node 7, rad
        222   -2.520E-01, -3.090E-02, -9.672E-01         F               0         Blade 1 Z orientation angle, node 7, rad
        223    9.569E-01,  1.409E-01, -2.538E-01         F               0         Blade 1 X orientation angle, node 8, rad
        224    1.441E-01, -9.895E-01, -5.921E-03         F               0         Blade 1 Y orientation angle, node 8, rad
        225   -2.520E-01, -3.090E-02, -9.672E-01         F               0         Blade 1 Z orientation angle, node 8, rad
        226    9.590E-01,  1.256E-01, -2.539E-01         F               0         Blade 1 X orientation angle, node 9, rad
        227    1.294E-01, -9.916E-01, -2.022E-03         F               0         Blade 1 Y orientation angle, node 9, rad
        228   -2.520E-01, -3.090E-02, -9.672E-01         F               0         Blade 1 Z orientation angle, node 9, rad
        229    9.607E-01,  1.125E-01, -2.539E-01         F               0         Blade 1 X orientation angle, node 10, rad
        230    1.166E-01, -9.932E-01,  1.345E-03         F               0         Blade 1 Y orientation angle, node 10, rad
        231   -2.520E-01, -3.090E-02, -9.672E-01         F               0         Blade 1 Z orientation angle, node 10, rad
        232    9.619E-01,  1.012E-01, -2.538E-01         F               0         Blade 1 X orientation angle, node 11, rad
        233    1.057E-01, -9.944E-01,  4.225E-03         F               0         Blade 1 Y orientation angle, node 11, rad
        234   -2.520E-01, -3.090E-02, -9.672E-01         F               0         Blade 1 Z orientation angle, node 11, rad
        235    9.629E-01,  9.131E-02, -2.538E-01         F               0         Blade 1 X orientation angle, node 12, rad
        236    9.616E-02, -9.953E-01,  6.750E-03         F               0         Blade 1 Y orientation angle, node 12, rad
        237   -2.520E-01, -3.090E-02, -9.672E-01         F               0         Blade 1 Z orientation angle, node 12, rad
        238    9.637E-01,  8.262E-02, -2.537E-01         F               0         Blade 1 X orientation angle, node 13, rad
        239    8.775E-02, -9.961E-01,  8.965E-03         F               0         Blade 1 Y orientation angle, node 13, rad
        240   -2.520E-01, -3.090E-02, -9.672E-01         F               0         Blade 1 Z orientation angle, node 13, rad
        241    9.644E-01,  7.479E-02, -2.536E-01         F               0         Blade 1 X orientation angle, node 14, rad
        242    8.018E-02, -9.967E-01,  1.096E-02         F               0         Blade 1 Y orientation angle, node 14, rad
        243   -2.520E-01, -3.090E-02, -9.672E-01         F               0         Blade 1 Z orientation angle, node 14, rad
        244    9.649E-01,  6.783E-02, -2.536E-01         F               0         Blade 1 X orientation angle, node 15, rad
        245    7.344E-02, -9.972E-01,  1.273E-02         F               0         Blade 1 Y orientation angle, node 15, rad
        246   -2.520E-01, -3.090E-02, -9.672E-01         F               0         Blade 1 Z orientation angle, node 15, rad
        247    9.654E-01,  6.156E-02, -2.535E-01         F               0         Blade 1 X orientation angle, node 16, rad
        248    6.738E-02, -9.976E-01,  1.432E-02         F               0         Blade 1 Y orientation angle, node 16, rad
        249   -2.520E-01, -3.090E-02, -9.672E-01         F               0         Blade 1 Z orientation angle, node 16, rad
        250    9.657E-01,  5.599E-02, -2.534E-01         F               0         Blade 1 X orientation angle, node 17, rad
        251    6.199E-02, -9.980E-01,  1.574E-02         F               0         Blade 1 Y orientation angle, node 17, rad
        252   -2.520E-01, -3.090E-02, -9.672E-01         F               0         Blade 1 Z orientation angle, node 17, rad
        253    9.661E-01,  5.077E-02, -2.533E-01         F               0         Blade 1 X orientation angle, node 18, rad
        254    5.693E-02, -9.982E-01,  1.706E-02         F               0         Blade 1 Y orientation angle, node 18, rad
        255   -2.520E-01, -3.090E-02, -9.672E-01         F               0         Blade 1 Z orientation angle, node 18, rad
        256    9.663E-01,  4.606E-02, -2.532E-01         F               0         Blade 1 X orientation angle, node 19, rad
        257    5.238E-02, -9.985E-01,  1.826E-02         F               0         Blade 1 Y orientation angle, node 19, rad
        258   -2.520E-01, -3.090E-02, -9.672E-01         F               0         Blade 1 Z orientation angle, node 19, rad
        259    9.665E-01,  4.188E-02, -2.531E-01         F               0         Blade 1 X orientation angle, node 20, rad
        260    4.833E-02, -9.986E-01,  1.932E-02         F               0         Blade 1 Y orientation angle, node 20, rad
        261   -2.520E-01, -3.090E-02, -9.672E-01         F               0         Blade 1 Z orientation angle, node 20, rad
        262    9.667E-01,  3.787E-02, -2.531E-01         F               0         Blade 1 X orientation angle, node 21, rad
        263    4.445E-02, -9.988E-01,  2.033E-02         F               0         Blade 1 Y orientation angle, node 21, rad
        264   -2.520E-01, -3.090E-02, -9.672E-01         F               0         Blade 1 Z orientation angle, node 21, rad
        265    9.669E-01,  3.421E-02, -2.530E-01         F               0         Blade 1 X orientation angle, node 22, rad
        266    4.091E-02, -9.989E-01,  2.126E-02         F               0         Blade 1 Y orientation angle, node 22, rad
        267   -2.520E-01, -3.090E-02, -9.672E-01         F               0         Blade 1 Z orientation angle, node 22, rad
        268    9.670E-01,  3.090E-02, -2.529E-01         F               0         Blade 1 X orientation angle, node 23, rad
        269    3.770E-02, -9.990E-01,  2.210E-02         F               0         Blade 1 Y orientation angle, node 23, rad
        270   -2.520E-01, -3.090E-02, -9.672E-01         F               0         Blade 1 Z orientation angle, node 23, rad
        271    9.671E-01,  2.776E-02, -2.528E-01         F               0         Blade 1 X orientation angle, node 24, rad
        272    3.466E-02, -9.991E-01,  2.289E-02         F               0         Blade 1 Y orientation angle, node 24, rad
        273   -2.520E-01, -3.090E-02, -9.672E-01         F               0         Blade 1 Z orientation angle, node 24, rad
        274    9.672E-01,  2.479E-02, -2.528E-01         F               0         Blade 1 X orientation angle, node 25, rad
        275    3.179E-02, -9.992E-01,  2.364E-02         F               0         Blade 1 Y orientation angle, node 25, rad
        276   -2.520E-01, -3.090E-02, -9.672E-01         F               0         Blade 1 Z orientation angle, node 25, rad
        277    9.673E-01,  2.218E-02, -2.527E-01         F               0         Blade 1 X orientation angle, node 26, rad
        278    2.926E-02, -9.993E-01,  2.430E-02         F               0         Blade 1 Y orientation angle, node 26, rad
        279   -2.520E-01, -3.090E-02, -9.672E-01         F               0         Blade 1 Z orientation angle, node 26, rad
        280    9.674E-01,  1.956E-02, -2.526E-01         F               0         Blade 1 X orientation angle, node 27, rad
        281    2.673E-02, -9.993E-01,  2.497E-02         F               0         Blade 1 Y orientation angle, node 27, rad
        282   -2.520E-01, -3.090E-02, -9.672E-01         F               0         Blade 1 Z orientation angle, node 27, rad
        283    9.674E-01,  1.816E-02, -2.526E-01         F               0         Blade 1 X orientation angle, node 28, rad
        284    2.538E-02, -9.994E-01,  2.532E-02         F               0         Blade 1 Y orientation angle, node 28, rad
        285   -2.520E-01, -3.090E-02, -9.672E-01         F               0         Blade 1 Z orientation angle, node 28, rad
        286   -1.581E-01                                 F               0         Blade 1 X translation velocity, node 1, m/s
        287    5.789E+00                                 F               0         Blade 1 Y translation velocity, node 1, m/s
        288   -1.431E-01                                 F               0         Blade 1 Z translation velocity, node 1, m/s
        289   -1.951E-01                                 F               0         Blade 1 X translation velocity, node 2, m/s
        290    7.185E+00                                 F               0         Blade 1 Y translation velocity, node 2, m/s
        291   -1.780E-01                                 F               0         Blade 1 Z translation velocity, node 2, m/s
        292   -6.990E-01                                 F               0         Blade 1 X translation velocity, node 3, m/s
        293    2.617E+01                                 F               0         Blade 1 Y translation velocity, node 3, m/s
        294   -6.534E-01                                 F               0         Blade 1 Z translation velocity, node 3, m/s
        295   -8.064E-01                                 F               0         Blade 1 X translation velocity, node 4, m/s
        296    3.022E+01                                 F               0         Blade 1 Y translation velocity, node 4, m/s
        297   -7.546E-01                                 F               0         Blade 1 Z translation velocity, node 4, m/s
        298   -9.138E-01                                 F               0         Blade 1 X translation velocity, node 5, m/s
        299    3.426E+01                                 F               0         Blade 1 Y translation velocity, node 5, m/s
        300   -8.559E-01                                 F               0         Blade 1 Z translation velocity, node 5, m/s
        301   -1.021E+00                                 F               0         Blade 1 X translation velocity, node 6, m/s
        302    3.831E+01                                 F               0         Blade 1 Y translation velocity, node 6, m/s
        303   -9.572E-01                                 F               0         Blade 1 Z translation velocity, node 6, m/s
        304   -1.128E+00                                 F               0         Blade 1 X translation velocity, node 7, m/s
        305    4.235E+01                                 F               0         Blade 1 Y translation velocity, node 7, m/s
        306   -1.058E+00                                 F               0         Blade 1 Z translation velocity, node 7, m/s
        307   -1.236E+00                                 F               0         Blade 1 X translation velocity, node 8, m/s
