
Linearized model: Predictions were generated on 12-Feb-2024 at 18:31:58 using OpenFAST, compiled as a 64-bit application using single precision at commit v3.5.1
 linked with  NWTC Subroutine Library; ElastoDyn; InflowWind; AeroDyn; ServoDyn; HydroDyn; MAP++ (<1.20.10>, <Oct-20-2023>)

Description from the FAST input file: CCT-9 Campign 4 model. Input files to be run with OpenFAST 3.5.0. GitHub branch from Lu Wang (https://github.com/luwang00/openfast/tree/dev) compiled on March 7, 2023.

Simulation information:
   Simulation time:                  1006.2250 s
   Rotor Speed:                         1.0470 rad/s
   Azimuth:                             6.1817 rad
   Wind Speed:                         12.0000 m/s
   Number of continuous states:         0
   Number of discrete states:           0
   Number of constraint states:         0
   Number of inputs:                 1746
   Number of outputs:                   4
   Jacobians included in this file?    No

Order of inputs:
     Column   Operating Point                     Rotating Frame? Derivative Order Description
   ---------- ---------------                     --------------- ---------------- -----------
          1    1.518E+01                                 F               0         Tower X translation displacement, node 1, m
          2   -1.048E+00                                 F               0         Tower Y translation displacement, node 1, m
          3   -4.668E-01                                 F               0         Tower Z translation displacement, node 1, m
          4    1.704E+01                                 F               0         Tower X translation displacement, node 2, m
          5   -1.600E+00                                 F               0         Tower Y translation displacement, node 2, m
          6   -6.202E-01                                 F               0         Tower Z translation displacement, node 2, m
          7    1.890E+01                                 F               0         Tower X translation displacement, node 3, m
          8   -2.151E+00                                 F               0         Tower Y translation displacement, node 3, m
          9   -7.737E-01                                 F               0         Tower Z translation displacement, node 3, m
         10    2.076E+01                                 F               0         Tower X translation displacement, node 4, m
         11   -2.703E+00                                 F               0         Tower Y translation displacement, node 4, m
         12   -9.272E-01                                 F               0         Tower Z translation displacement, node 4, m
         13    2.263E+01                                 F               0         Tower X translation displacement, node 5, m
         14   -3.254E+00                                 F               0         Tower Y translation displacement, node 5, m
         15   -1.081E+00                                 F               0         Tower Z translation displacement, node 5, m
         16    2.449E+01                                 F               0         Tower X translation displacement, node 6, m
         17   -3.805E+00                                 F               0         Tower Y translation displacement, node 6, m
         18   -1.234E+00                                 F               0         Tower Z translation displacement, node 6, m
         19    2.635E+01                                 F               0         Tower X translation displacement, node 7, m
         20   -4.357E+00                                 F               0         Tower Y translation displacement, node 7, m
         21   -1.388E+00                                 F               0         Tower Z translation displacement, node 7, m
         22    2.821E+01                                 F               0         Tower X translation displacement, node 8, m
         23   -4.908E+00                                 F               0         Tower Y translation displacement, node 8, m
         24   -1.541E+00                                 F               0         Tower Z translation displacement, node 8, m
         25    3.007E+01                                 F               0         Tower X translation displacement, node 9, m
         26   -5.460E+00                                 F               0         Tower Y translation displacement, node 9, m
         27   -1.695E+00                                 F               0         Tower Z translation displacement, node 9, m
         28    3.193E+01                                 F               0         Tower X translation displacement, node 10, m
         29   -6.011E+00                                 F               0         Tower Y translation displacement, node 10, m
         30   -1.848E+00                                 F               0         Tower Z translation displacement, node 10, m
         31    3.379E+01                                 F               0         Tower X translation displacement, node 11, m
         32   -6.563E+00                                 F               0         Tower Y translation displacement, node 11, m
         33   -2.002E+00                                 F               0         Tower Z translation displacement, node 11, m
         34    9.886E-01,  1.517E-02, -1.501E-01         F               0         Tower X orientation angle, node 1, rad
         35   -8.281E-03,  9.989E-01,  4.641E-02         F               0         Tower Y orientation angle, node 1, rad
         36    1.507E-01, -4.463E-02,  9.876E-01         F               0         Tower Z orientation angle, node 1, rad
         37    9.886E-01,  1.517E-02, -1.501E-01         F               0         Tower X orientation angle, node 2, rad
         38   -8.281E-03,  9.989E-01,  4.641E-02         F               0         Tower Y orientation angle, node 2, rad
         39    1.507E-01, -4.463E-02,  9.876E-01         F               0         Tower Z orientation angle, node 2, rad
         40    9.886E-01,  1.517E-02, -1.501E-01         F               0         Tower X orientation angle, node 3, rad
         41   -8.281E-03,  9.989E-01,  4.641E-02         F               0         Tower Y orientation angle, node 3, rad
         42    1.507E-01, -4.463E-02,  9.876E-01         F               0         Tower Z orientation angle, node 3, rad
         43    9.886E-01,  1.517E-02, -1.501E-01         F               0         Tower X orientation angle, node 4, rad
         44   -8.281E-03,  9.989E-01,  4.641E-02         F               0         Tower Y orientation angle, node 4, rad
         45    1.507E-01, -4.463E-02,  9.876E-01         F               0         Tower Z orientation angle, node 4, rad
         46    9.886E-01,  1.517E-02, -1.501E-01         F               0         Tower X orientation angle, node 5, rad
         47   -8.281E-03,  9.989E-01,  4.641E-02         F               0         Tower Y orientation angle, node 5, rad
         48    1.507E-01, -4.463E-02,  9.876E-01         F               0         Tower Z orientation angle, node 5, rad
         49    9.886E-01,  1.517E-02, -1.501E-01         F               0         Tower X orientation angle, node 6, rad
         50   -8.281E-03,  9.989E-01,  4.641E-02         F               0         Tower Y orientation angle, node 6, rad
         51    1.507E-01, -4.463E-02,  9.876E-01         F               0         Tower Z orientation angle, node 6, rad
         52    9.886E-01,  1.517E-02, -1.501E-01         F               0         Tower X orientation angle, node 7, rad
         53   -8.281E-03,  9.989E-01,  4.641E-02         F               0         Tower Y orientation angle, node 7, rad
         54    1.507E-01, -4.463E-02,  9.876E-01         F               0         Tower Z orientation angle, node 7, rad
         55    9.886E-01,  1.517E-02, -1.501E-01         F               0         Tower X orientation angle, node 8, rad
         56   -8.281E-03,  9.989E-01,  4.641E-02         F               0         Tower Y orientation angle, node 8, rad
         57    1.507E-01, -4.463E-02,  9.876E-01         F               0         Tower Z orientation angle, node 8, rad
         58    9.886E-01,  1.517E-02, -1.501E-01         F               0         Tower X orientation angle, node 9, rad
         59   -8.281E-03,  9.989E-01,  4.641E-02         F               0         Tower Y orientation angle, node 9, rad
         60    1.507E-01, -4.463E-02,  9.876E-01         F               0         Tower Z orientation angle, node 9, rad
         61    9.886E-01,  1.517E-02, -1.501E-01         F               0         Tower X orientation angle, node 10, rad
         62   -8.281E-03,  9.989E-01,  4.641E-02         F               0         Tower Y orientation angle, node 10, rad
         63    1.507E-01, -4.463E-02,  9.876E-01         F               0         Tower Z orientation angle, node 10, rad
         64    9.886E-01,  1.517E-02, -1.501E-01         F               0         Tower X orientation angle, node 11, rad
         65   -8.281E-03,  9.989E-01,  4.641E-02         F               0         Tower Y orientation angle, node 11, rad
         66    1.507E-01, -4.463E-02,  9.876E-01         F               0         Tower Z orientation angle, node 11, rad
         67   -1.907E-04                                 F               0         Tower X translation velocity, node 1, m/s
         68    9.964E-03                                 F               0         Tower Y translation velocity, node 1, m/s
         69    4.967E-03                                 F               0         Tower Z translation velocity, node 1, m/s
         70   -4.729E-04                                 F               0         Tower X translation velocity, node 2, m/s
         71    1.611E-02                                 F               0         Tower Y translation velocity, node 2, m/s
         72    5.288E-03                                 F               0         Tower Z translation velocity, node 2, m/s
         73   -7.550E-04                                 F               0         Tower X translation velocity, node 3, m/s
         74    2.226E-02                                 F               0         Tower Y translation velocity, node 3, m/s
         75    5.609E-03                                 F               0         Tower Z translation velocity, node 3, m/s
         76   -1.037E-03                                 F               0         Tower X translation velocity, node 4, m/s
         77    2.841E-02                                 F               0         Tower Y translation velocity, node 4, m/s
         78    5.930E-03                                 F               0         Tower Z translation velocity, node 4, m/s
         79   -1.319E-03                                 F               0         Tower X translation velocity, node 5, m/s
         80    3.456E-02                                 F               0         Tower Y translation velocity, node 5, m/s
         81    6.251E-03                                 F               0         Tower Z translation velocity, node 5, m/s
         82   -1.601E-03                                 F               0         Tower X translation velocity, node 6, m/s
         83    4.071E-02                                 F               0         Tower Y translation velocity, node 6, m/s
         84    6.572E-03                                 F               0         Tower Z translation velocity, node 6, m/s
         85   -1.884E-03                                 F               0         Tower X translation velocity, node 7, m/s
         86    4.686E-02                                 F               0         Tower Y translation velocity, node 7, m/s
         87    6.893E-03                                 F               0         Tower Z translation velocity, node 7, m/s
         88   -2.166E-03                                 F               0         Tower X translation velocity, node 8, m/s
         89    5.302E-02                                 F               0         Tower Y translation velocity, node 8, m/s
         90    7.214E-03                                 F               0         Tower Z translation velocity, node 8, m/s
         91   -2.448E-03                                 F               0         Tower X translation velocity, node 9, m/s
         92    5.917E-02                                 F               0         Tower Y translation velocity, node 9, m/s
         93    7.535E-03                                 F               0         Tower Z translation velocity, node 9, m/s
         94   -2.730E-03                                 F               0         Tower X translation velocity, node 10, m/s
         95    6.532E-02                                 F               0         Tower Y translation velocity, node 10, m/s
         96    7.856E-03                                 F               0         Tower Z translation velocity, node 10, m/s
         97   -3.012E-03                                 F               0         Tower X translation velocity, node 11, m/s
         98    7.147E-02                                 F               0         Tower Y translation velocity, node 11, m/s
         99    8.177E-03                                 F               0         Tower Z translation velocity, node 11, m/s
        100    3.510E+01                                 F               0         Hub X translation displacement, node 1, m
        101   -7.077E+00                                 F               0         Hub Y translation displacement, node 1, m
        102   -4.777E-01                                 F               0         Hub Z translation displacement, node 1, m
        103    9.674E-01,  1.975E-02, -2.525E-01         F               0         Hub X orientation angle, node 1, rad
        104   -3.388E-02,  9.981E-01, -5.172E-02         F               0         Hub Y orientation angle, node 1, rad
        105    2.510E-01,  5.859E-02,  9.662E-01         F               0         Hub Z orientation angle, node 1, rad
        106    1.012E+00                                 F               0         Hub X rotation velocity, node 1, rad/s
        107    2.065E-02                                 F               0         Hub Y rotation velocity, node 1, rad/s
        108   -2.642E-01                                 F               0         Hub Z rotation velocity, node 1, rad/s
        109    9.680E-01, -9.866E-03, -2.509E-01         F               0         Blade root 1 X orientation angle, node 1, rad
        110   -5.168E-03,  9.982E-01, -5.919E-02         F               0         Blade root 1 Y orientation angle, node 1, rad
        111    2.510E-01,  5.859E-02,  9.662E-01         F               0         Blade root 1 Z orientation angle, node 1, rad
        112    9.600E-01,  3.304E-02, -2.780E-01         F               0         Blade root 2 X orientation angle, node 1, rad
        113    2.629E-01, -4.475E-01,  8.547E-01         F               0         Blade root 2 Y orientation angle, node 1, rad
        114   -9.617E-02, -8.937E-01, -4.383E-01         F               0         Blade root 2 Z orientation angle, node 1, rad
        115    9.729E-01,  3.605E-02, -2.284E-01         F               0         Blade root 3 X orientation angle, node 1, rad
        116   -1.717E-01, -5.490E-01, -8.180E-01         F               0         Blade root 3 Y orientation angle, node 1, rad
        117   -1.549E-01,  8.351E-01, -5.279E-01         F               0         Blade root 3 Z orientation angle, node 1, rad
        118    3.591E+01                                 F               0         Blade 1 X translation displacement, node 1, m
        119   -6.752E+00                                 F               0         Blade 1 Y translation displacement, node 1, m
        120   -6.346E-01                                 F               0         Blade 1 Z translation displacement, node 1, m
        121    3.611E+01                                 F               0         Blade 1 X translation displacement, node 2, m
        122   -6.674E+00                                 F               0         Blade 1 Y translation displacement, node 2, m
        123   -6.724E-01                                 F               0         Blade 1 Z translation displacement, node 2, m
        124    3.877E+01                                 F               0         Blade 1 X translation displacement, node 3, m
        125   -5.610E+00                                 F               0         Blade 1 Y translation displacement, node 3, m
        126   -1.186E+00                                 F               0         Blade 1 Z translation displacement, node 3, m
        127    3.933E+01                                 F               0         Blade 1 X translation displacement, node 4, m
        128   -5.384E+00                                 F               0         Blade 1 Y translation displacement, node 4, m
        129   -1.296E+00                                 F               0         Blade 1 Z translation displacement, node 4, m
        130    3.990E+01                                 F               0         Blade 1 X translation displacement, node 5, m
        131   -5.157E+00                                 F               0         Blade 1 Y translation displacement, node 5, m
        132   -1.405E+00                                 F               0         Blade 1 Z translation displacement, node 5, m
        133    4.047E+01                                 F               0         Blade 1 X translation displacement, node 6, m
        134   -4.931E+00                                 F               0         Blade 1 Y translation displacement, node 6, m
        135   -1.515E+00                                 F               0         Blade 1 Z translation displacement, node 6, m
        136    4.103E+01                                 F               0         Blade 1 X translation displacement, node 7, m
        137   -4.704E+00                                 F               0         Blade 1 Y translation displacement, node 7, m
        138   -1.625E+00                                 F               0         Blade 1 Z translation displacement, node 7, m
        139    4.160E+01                                 F               0         Blade 1 X translation displacement, node 8, m
        140   -4.477E+00                                 F               0         Blade 1 Y translation displacement, node 8, m
        141   -1.734E+00                                 F               0         Blade 1 Z translation displacement, node 8, m
        142    4.217E+01                                 F               0         Blade 1 X translation displacement, node 9, m
        143   -4.251E+00                                 F               0         Blade 1 Y translation displacement, node 9, m
        144   -1.844E+00                                 F               0         Blade 1 Z translation displacement, node 9, m
        145    4.273E+01                                 F               0         Blade 1 X translation displacement, node 10, m
        146   -4.024E+00                                 F               0         Blade 1 Y translation displacement, node 10, m
        147   -1.953E+00                                 F               0         Blade 1 Z translation displacement, node 10, m
        148    4.330E+01                                 F               0         Blade 1 X translation displacement, node 11, m
        149   -3.798E+00                                 F               0         Blade 1 Y translation displacement, node 11, m
        150   -2.063E+00                                 F               0         Blade 1 Z translation displacement, node 11, m
        151    4.387E+01                                 F               0         Blade 1 X translation displacement, node 12, m
        152   -3.571E+00                                 F               0         Blade 1 Y translation displacement, node 12, m
        153   -2.172E+00                                 F               0         Blade 1 Z translation displacement, node 12, m
        154    4.443E+01                                 F               0         Blade 1 X translation displacement, node 13, m
        155   -3.344E+00                                 F               0         Blade 1 Y translation displacement, node 13, m
        156   -2.282E+00                                 F               0         Blade 1 Z translation displacement, node 13, m
        157    4.500E+01                                 F               0         Blade 1 X translation displacement, node 14, m
        158   -3.118E+00                                 F               0         Blade 1 Y translation displacement, node 14, m
        159   -2.391E+00                                 F               0         Blade 1 Z translation displacement, node 14, m
        160    4.557E+01                                 F               0         Blade 1 X translation displacement, node 15, m
        161   -2.891E+00                                 F               0         Blade 1 Y translation displacement, node 15, m
        162   -2.501E+00                                 F               0         Blade 1 Z translation displacement, node 15, m
        163    4.613E+01                                 F               0         Blade 1 X translation displacement, node 16, m
        164   -2.664E+00                                 F               0         Blade 1 Y translation displacement, node 16, m
        165   -2.610E+00                                 F               0         Blade 1 Z translation displacement, node 16, m
        166    4.670E+01                                 F               0         Blade 1 X translation displacement, node 17, m
        167   -2.438E+00                                 F               0         Blade 1 Y translation displacement, node 17, m
        168   -2.720E+00                                 F               0         Blade 1 Z translation displacement, node 17, m
        169    4.727E+01                                 F               0         Blade 1 X translation displacement, node 18, m
        170   -2.211E+00                                 F               0         Blade 1 Y translation displacement, node 18, m
        171   -2.829E+00                                 F               0         Blade 1 Z translation displacement, node 18, m
        172    4.783E+01                                 F               0         Blade 1 X translation displacement, node 19, m
        173   -1.985E+00                                 F               0         Blade 1 Y translation displacement, node 19, m
        174   -2.939E+00                                 F               0         Blade 1 Z translation displacement, node 19, m
        175    4.840E+01                                 F               0         Blade 1 X translation displacement, node 20, m
        176   -1.758E+00                                 F               0         Blade 1 Y translation displacement, node 20, m
        177   -3.048E+00                                 F               0         Blade 1 Z translation displacement, node 20, m
        178    4.897E+01                                 F               0         Blade 1 X translation displacement, node 21, m
        179   -1.531E+00                                 F               0         Blade 1 Y translation displacement, node 21, m
        180   -3.158E+00                                 F               0         Blade 1 Z translation displacement, node 21, m
        181    4.953E+01                                 F               0         Blade 1 X translation displacement, node 22, m
        182   -1.305E+00                                 F               0         Blade 1 Y translation displacement, node 22, m
        183   -3.267E+00                                 F               0         Blade 1 Z translation displacement, node 22, m
        184    5.010E+01                                 F               0         Blade 1 X translation displacement, node 23, m
        185   -1.078E+00                                 F               0         Blade 1 Y translation displacement, node 23, m
        186   -3.377E+00                                 F               0         Blade 1 Z translation displacement, node 23, m
        187    5.067E+01                                 F               0         Blade 1 X translation displacement, node 24, m
        188   -8.515E-01                                 F               0         Blade 1 Y translation displacement, node 24, m
        189   -3.486E+00                                 F               0         Blade 1 Z translation displacement, node 24, m
        190    5.123E+01                                 F               0         Blade 1 X translation displacement, node 25, m
        191   -6.249E-01                                 F               0         Blade 1 Y translation displacement, node 25, m
        192   -3.596E+00                                 F               0         Blade 1 Z translation displacement, node 25, m
        193    5.180E+01                                 F               0         Blade 1 X translation displacement, node 26, m
        194   -3.983E-01                                 F               0         Blade 1 Y translation displacement, node 26, m
        195   -3.705E+00                                 F               0         Blade 1 Z translation displacement, node 26, m
        196    5.237E+01                                 F               0         Blade 1 X translation displacement, node 27, m
        197   -1.717E-01                                 F               0         Blade 1 Y translation displacement, node 27, m
        198   -3.815E+00                                 F               0         Blade 1 Z translation displacement, node 27, m
        199    5.285E+01                                 F               0         Blade 1 X translation displacement, node 28, m
        200    2.042E-02                                 F               0         Blade 1 Y translation displacement, node 28, m
        201   -3.908E+00                                 F               0         Blade 1 Z translation displacement, node 28, m
        202    8.638E-01, -4.640E-01, -1.963E-01         F               0         Blade 1 X orientation angle, node 1, rad
        203    4.368E-01,  8.839E-01, -1.671E-01         F               0         Blade 1 Y orientation angle, node 1, rad
        204    2.510E-01,  5.859E-02,  9.662E-01         F               0         Blade 1 Z orientation angle, node 1, rad
        205    8.638E-01, -4.640E-01, -1.963E-01         F               0         Blade 1 X orientation angle, node 2, rad
        206    4.368E-01,  8.839E-01, -1.671E-01         F               0         Blade 1 Y orientation angle, node 2, rad
        207    2.510E-01,  5.859E-02,  9.662E-01         F               0         Blade 1 Z orientation angle, node 2, rad
        208    9.427E-01, -2.413E-01, -2.303E-01         F               0         Blade 1 X orientation angle, node 3, rad
        209    2.196E-01,  9.687E-01, -1.158E-01         F               0         Blade 1 Y orientation angle, node 3, rad
        210    2.510E-01,  5.859E-02,  9.662E-01         F               0         Blade 1 Z orientation angle, node 3, rad
        211    9.512E-01, -2.002E-01, -2.350E-01         F               0         Blade 1 X orientation angle, node 4, rad
        212    1.796E-01,  9.780E-01, -1.060E-01         F               0         Blade 1 Y orientation angle, node 4, rad
        213    2.510E-01,  5.859E-02,  9.662E-01         F               0         Blade 1 Z orientation angle, node 4, rad
        214    9.566E-01, -1.676E-01, -2.384E-01         F               0         Blade 1 X orientation angle, node 5, rad
        215    1.480E-01,  9.841E-01, -9.813E-02         F               0         Blade 1 Y orientation angle, node 5, rad
        216    2.510E-01,  5.859E-02,  9.662E-01         F               0         Blade 1 Z orientation angle, node 5, rad
        217    9.602E-01, -1.415E-01, -2.409E-01         F               0         Blade 1 X orientation angle, node 6, rad
        218    1.226E-01,  9.882E-01, -9.177E-02         F               0         Blade 1 Y orientation angle, node 6, rad
        219    2.510E-01,  5.859E-02,  9.662E-01         F               0         Blade 1 Z orientation angle, node 6, rad
        220    9.626E-01, -1.199E-01, -2.428E-01         F               0         Blade 1 X orientation angle, node 7, rad
        221    1.016E-01,  9.911E-01, -8.649E-02         F               0         Blade 1 Y orientation angle, node 7, rad
        222    2.510E-01,  5.859E-02,  9.662E-01         F               0         Blade 1 Z orientation angle, node 7, rad
        223    9.643E-01, -1.019E-01, -2.444E-01         F               0         Blade 1 X orientation angle, node 8, rad
        224    8.410E-02,  9.931E-01, -8.207E-02         F               0         Blade 1 Y orientation angle, node 8, rad
        225    2.510E-01,  5.859E-02,  9.662E-01         F               0         Blade 1 Z orientation angle, node 8, rad
        226    9.655E-01, -8.659E-02, -2.456E-01         F               0         Blade 1 X orientation angle, node 9, rad
        227    6.928E-02,  9.945E-01, -7.831E-02         F               0         Blade 1 Y orientation angle, node 9, rad
        228    2.510E-01,  5.859E-02,  9.662E-01         F               0         Blade 1 Z orientation angle, node 9, rad
        229    9.663E-01, -7.339E-02, -2.466E-01         F               0         Blade 1 X orientation angle, node 10, rad
        230    5.646E-02,  9.956E-01, -7.504E-02         F               0         Blade 1 Y orientation angle, node 10, rad
        231    2.510E-01,  5.859E-02,  9.662E-01         F               0         Blade 1 Z orientation angle, node 10, rad
        232    9.669E-01, -6.210E-02, -2.474E-01         F               0         Blade 1 X orientation angle, node 11, rad
        233    4.550E-02,  9.963E-01, -7.224E-02         F               0         Blade 1 Y orientation angle, node 11, rad
        234    2.510E-01,  5.859E-02,  9.662E-01         F               0         Blade 1 Z orientation angle, node 11, rad
        235    9.673E-01, -5.218E-02, -2.482E-01         F               0         Blade 1 X orientation angle, node 12, rad
        236    3.588E-02,  9.969E-01, -6.978E-02         F               0         Blade 1 Y orientation angle, node 12, rad
        237    2.510E-01,  5.859E-02,  9.662E-01         F               0         Blade 1 Z orientation angle, node 12, rad
        238    9.676E-01, -4.348E-02, -2.488E-01         F               0         Blade 1 X orientation angle, node 13, rad
        239    2.743E-02,  9.973E-01, -6.761E-02         F               0         Blade 1 Y orientation angle, node 13, rad
        240    2.510E-01,  5.859E-02,  9.662E-01         F               0         Blade 1 Z orientation angle, node 13, rad
        241    9.678E-01, -3.564E-02, -2.493E-01         F               0         Blade 1 X orientation angle, node 14, rad
        242    1.983E-02,  9.976E-01, -6.565E-02         F               0         Blade 1 Y orientation angle, node 14, rad
        243    2.510E-01,  5.859E-02,  9.662E-01         F               0         Blade 1 Z orientation angle, node 14, rad
        244    9.679E-01, -2.868E-02, -2.497E-01         F               0         Blade 1 X orientation angle, node 15, rad
        245    1.308E-02,  9.979E-01, -6.391E-02         F               0         Blade 1 Y orientation angle, node 15, rad
        246    2.510E-01,  5.859E-02,  9.662E-01         F               0         Blade 1 Z orientation angle, node 15, rad
        247    9.680E-01, -2.241E-02, -2.501E-01         F               0         Blade 1 X orientation angle, node 16, rad
        248    6.996E-03,  9.980E-01, -6.234E-02         F               0         Blade 1 Y orientation angle, node 16, rad
        249    2.510E-01,  5.859E-02,  9.662E-01         F               0         Blade 1 Z orientation angle, node 16, rad
        250    9.680E-01, -1.683E-02, -2.505E-01         F               0         Blade 1 X orientation angle, node 17, rad
        251    1.590E-03,  9.981E-01, -6.094E-02         F               0         Blade 1 Y orientation angle, node 17, rad
        252    2.510E-01,  5.859E-02,  9.662E-01         F               0         Blade 1 Z orientation angle, node 17, rad
        253    9.680E-01, -1.161E-02, -2.508E-01         F               0         Blade 1 X orientation angle, node 18, rad
        254   -3.478E-03,  9.982E-01, -5.963E-02         F               0         Blade 1 Y orientation angle, node 18, rad
        255    2.510E-01,  5.859E-02,  9.662E-01         F               0         Blade 1 Z orientation angle, node 18, rad
        256    9.679E-01, -6.904E-03, -2.511E-01         F               0         Blade 1 X orientation angle, node 19, rad
        257   -8.040E-03,  9.983E-01, -5.845E-02         F               0         Blade 1 Y orientation angle, node 19, rad
        258    2.510E-01,  5.859E-02,  9.662E-01         F               0         Blade 1 Z orientation angle, node 19, rad
        259    9.679E-01, -2.722E-03, -2.513E-01         F               0         Blade 1 X orientation angle, node 20, rad
        260   -1.209E-02,  9.983E-01, -5.739E-02         F               0         Blade 1 Y orientation angle, node 20, rad
        261    2.510E-01,  5.859E-02,  9.662E-01         F               0         Blade 1 Z orientation angle, node 20, rad
        262    9.678E-01,  1.285E-03, -2.515E-01         F               0         Blade 1 X orientation angle, node 21, rad
        263   -1.598E-02,  9.983E-01, -5.639E-02         F               0         Blade 1 Y orientation angle, node 21, rad
        264    2.510E-01,  5.859E-02,  9.662E-01         F               0         Blade 1 Z orientation angle, node 21, rad
        265    9.678E-01,  4.944E-03, -2.517E-01         F               0         Blade 1 X orientation angle, node 22, rad
        266   -1.953E-02,  9.983E-01, -5.546E-02         F               0         Blade 1 Y orientation angle, node 22, rad
        267    2.510E-01,  5.859E-02,  9.662E-01         F               0         Blade 1 Z orientation angle, node 22, rad
        268    9.677E-01,  8.254E-03, -2.519E-01         F               0         Blade 1 X orientation angle, node 23, rad
        269   -2.274E-02,  9.982E-01, -5.463E-02         F               0         Blade 1 Y orientation angle, node 23, rad
        270    2.510E-01,  5.859E-02,  9.662E-01         F               0         Blade 1 Z orientation angle, node 23, rad
        271    9.676E-01,  1.139E-02, -2.521E-01         F               0         Blade 1 X orientation angle, node 24, rad
        272   -2.578E-02,  9.982E-01, -5.384E-02         F               0         Blade 1 Y orientation angle, node 24, rad
        273    2.510E-01,  5.859E-02,  9.662E-01         F               0         Blade 1 Z orientation angle, node 24, rad
        274    9.676E-01,  1.435E-02, -2.523E-01         F               0         Blade 1 X orientation angle, node 25, rad
        275   -2.865E-02,  9.982E-01, -5.309E-02         F               0         Blade 1 Y orientation angle, node 25, rad
        276    2.510E-01,  5.859E-02,  9.662E-01         F               0         Blade 1 Z orientation angle, node 25, rad
        277    9.675E-01,  1.697E-02, -2.524E-01         F               0         Blade 1 X orientation angle, node 26, rad
        278   -3.118E-02,  9.981E-01, -5.243E-02         F               0         Blade 1 Y orientation angle, node 26, rad
        279    2.510E-01,  5.859E-02,  9.662E-01         F               0         Blade 1 Z orientation angle, node 26, rad
        280    9.674E-01,  1.958E-02, -2.525E-01         F               0         Blade 1 X orientation angle, node 27, rad
        281   -3.371E-02,  9.981E-01, -5.177E-02         F               0         Blade 1 Y orientation angle, node 27, rad
        282    2.510E-01,  5.859E-02,  9.662E-01         F               0         Blade 1 Z orientation angle, node 27, rad
        283    9.673E-01,  2.097E-02, -2.526E-01         F               0         Blade 1 X orientation angle, node 28, rad
        284   -3.506E-02,  9.981E-01, -5.141E-02         F               0         Blade 1 Y orientation angle, node 28, rad
        285    2.510E-01,  5.859E-02,  9.662E-01         F               0         Blade 1 Z orientation angle, node 28, rad
        286    1.931E-01                                 F               0         Blade 1 X translation velocity, node 1, m/s
        287   -5.713E+00                                 F               0         Blade 1 Y translation velocity, node 1, m/s
        288    3.080E-01                                 F               0         Blade 1 Z translation velocity, node 1, m/s
        289    2.404E-01                                 F               0         Blade 1 X translation velocity, node 2, m/s
        290   -7.107E+00                                 F               0         Blade 1 Y translation velocity, node 2, m/s
        291    3.803E-01                                 F               0         Blade 1 Z translation velocity, node 2, m/s
        292    8.835E-01                                 F               0         Blade 1 X translation velocity, node 3, m/s
        293   -2.607E+01                                 F               0         Blade 1 Y translation velocity, node 3, m/s
        294    1.363E+00                                 F               0         Blade 1 Z translation velocity, node 3, m/s
        295    1.021E+00                                 F               0         Blade 1 X translation velocity, node 4, m/s
        296   -3.011E+01                                 F               0         Blade 1 Y translation velocity, node 4, m/s
        297    1.572E+00                                 F               0         Blade 1 Z translation velocity, node 4, m/s
        298    1.158E+00                                 F               0         Blade 1 X translation velocity, node 5, m/s
        299   -3.415E+01                                 F               0         Blade 1 Y translation velocity, node 5, m/s
        300    1.782E+00                                 F               0         Blade 1 Z translation velocity, node 5, m/s
        301    1.295E+00                                 F               0         Blade 1 X translation velocity, node 6, m/s
        302   -3.819E+01                                 F               0         Blade 1 Y translation velocity, node 6, m/s
        303    1.991E+00                                 F               0         Blade 1 Z translation velocity, node 6, m/s
        304    1.432E+00                                 F               0         Blade 1 X translation velocity, node 7, m/s
        305   -4.223E+01                                 F               0         Blade 1 Y translation velocity, node 7, m/s
        306    2.201E+00                                 F               0         Blade 1 Z translation velocity, node 7, m/s
        307    1.569E+00                                 F               0         Blade 1 X translation velocity, node 8, m/s
