
Linearized model: Predictions were generated on 12-Feb-2024 at 18:31:58 using OpenFAST, compiled as a 64-bit application using single precision at commit v3.5.1
 linked with  NWTC Subroutine Library; ElastoDyn; InflowWind; AeroDyn; ServoDyn; HydroDyn; MAP++ (<1.20.10>, <Oct-20-2023>)

Description from the FAST input file: CCT-9 Campign 4 model. Input files to be run with OpenFAST 3.5.0. GitHub branch from Lu Wang (https://github.com/luwang00/openfast/tree/dev) compiled on March 7, 2023.

Simulation information:
   Simulation time:                  1006.7250 s
   Rotor Speed:                         1.0471 rad/s
   Azimuth:                             0.4221 rad
   Wind Speed:                         12.0000 m/s
   Number of continuous states:         0
   Number of discrete states:           0
   Number of constraint states:         0
   Number of inputs:                 1746
   Number of outputs:                   4
   Jacobians included in this file?    No

Order of inputs:
     Column   Operating Point                     Rotating Frame? Derivative Order Description
   ---------- ---------------                     --------------- ---------------- -----------
          1    1.518E+01                                 F               0         Tower X translation displacement, node 1, m
          2   -1.043E+00                                 F               0         Tower Y translation displacement, node 1, m
          3   -4.642E-01                                 F               0         Tower Z translation displacement, node 1, m
          4    1.704E+01                                 F               0         Tower X translation displacement, node 2, m
          5   -1.591E+00                                 F               0         Tower Y translation displacement, node 2, m
          6   -6.175E-01                                 F               0         Tower Z translation displacement, node 2, m
          7    1.890E+01                                 F               0         Tower X translation displacement, node 3, m
          8   -2.139E+00                                 F               0         Tower Y translation displacement, node 3, m
          9   -7.708E-01                                 F               0         Tower Z translation displacement, node 3, m
         10    2.076E+01                                 F               0         Tower X translation displacement, node 4, m
         11   -2.688E+00                                 F               0         Tower Y translation displacement, node 4, m
         12   -9.241E-01                                 F               0         Tower Z translation displacement, node 4, m
         13    2.262E+01                                 F               0         Tower X translation displacement, node 5, m
         14   -3.236E+00                                 F               0         Tower Y translation displacement, node 5, m
         15   -1.077E+00                                 F               0         Tower Z translation displacement, node 5, m
         16    2.449E+01                                 F               0         Tower X translation displacement, node 6, m
         17   -3.784E+00                                 F               0         Tower Y translation displacement, node 6, m
         18   -1.231E+00                                 F               0         Tower Z translation displacement, node 6, m
         19    2.635E+01                                 F               0         Tower X translation displacement, node 7, m
         20   -4.332E+00                                 F               0         Tower Y translation displacement, node 7, m
         21   -1.384E+00                                 F               0         Tower Z translation displacement, node 7, m
         22    2.821E+01                                 F               0         Tower X translation displacement, node 8, m
         23   -4.880E+00                                 F               0         Tower Y translation displacement, node 8, m
         24   -1.537E+00                                 F               0         Tower Z translation displacement, node 8, m
         25    3.007E+01                                 F               0         Tower X translation displacement, node 9, m
         26   -5.429E+00                                 F               0         Tower Y translation displacement, node 9, m
         27   -1.691E+00                                 F               0         Tower Z translation displacement, node 9, m
         28    3.193E+01                                 F               0         Tower X translation displacement, node 10, m
         29   -5.977E+00                                 F               0         Tower Y translation displacement, node 10, m
         30   -1.844E+00                                 F               0         Tower Z translation displacement, node 10, m
         31    3.379E+01                                 F               0         Tower X translation displacement, node 11, m
         32   -6.525E+00                                 F               0         Tower Y translation displacement, node 11, m
         33   -1.997E+00                                 F               0         Tower Z translation displacement, node 11, m
         34    9.886E-01,  1.526E-02, -1.501E-01         F               0         Tower X orientation angle, node 1, rad
         35   -8.411E-03,  9.989E-01,  4.616E-02         F               0         Tower Y orientation angle, node 1, rad
         36    1.507E-01, -4.437E-02,  9.876E-01         F               0         Tower Z orientation angle, node 1, rad
         37    9.886E-01,  1.526E-02, -1.501E-01         F               0         Tower X orientation angle, node 2, rad
         38   -8.411E-03,  9.989E-01,  4.616E-02         F               0         Tower Y orientation angle, node 2, rad
         39    1.507E-01, -4.437E-02,  9.876E-01         F               0         Tower Z orientation angle, node 2, rad
         40    9.886E-01,  1.526E-02, -1.501E-01         F               0         Tower X orientation angle, node 3, rad
         41   -8.411E-03,  9.989E-01,  4.616E-02         F               0         Tower Y orientation angle, node 3, rad
         42    1.507E-01, -4.437E-02,  9.876E-01         F               0         Tower Z orientation angle, node 3, rad
         43    9.886E-01,  1.526E-02, -1.501E-01         F               0         Tower X orientation angle, node 4, rad
         44   -8.411E-03,  9.989E-01,  4.616E-02         F               0         Tower Y orientation angle, node 4, rad
         45    1.507E-01, -4.437E-02,  9.876E-01         F               0         Tower Z orientation angle, node 4, rad
         46    9.886E-01,  1.526E-02, -1.501E-01         F               0         Tower X orientation angle, node 5, rad
         47   -8.411E-03,  9.989E-01,  4.616E-02         F               0         Tower Y orientation angle, node 5, rad
         48    1.507E-01, -4.437E-02,  9.876E-01         F               0         Tower Z orientation angle, node 5, rad
         49    9.886E-01,  1.526E-02, -1.501E-01         F               0         Tower X orientation angle, node 6, rad
         50   -8.411E-03,  9.989E-01,  4.616E-02         F               0         Tower Y orientation angle, node 6, rad
         51    1.507E-01, -4.437E-02,  9.876E-01         F               0         Tower Z orientation angle, node 6, rad
         52    9.886E-01,  1.526E-02, -1.501E-01         F               0         Tower X orientation angle, node 7, rad
         53   -8.411E-03,  9.989E-01,  4.616E-02         F               0         Tower Y orientation angle, node 7, rad
         54    1.507E-01, -4.437E-02,  9.876E-01         F               0         Tower Z orientation angle, node 7, rad
         55    9.886E-01,  1.526E-02, -1.501E-01         F               0         Tower X orientation angle, node 8, rad
         56   -8.411E-03,  9.989E-01,  4.616E-02         F               0         Tower Y orientation angle, node 8, rad
         57    1.507E-01, -4.437E-02,  9.876E-01         F               0         Tower Z orientation angle, node 8, rad
         58    9.886E-01,  1.526E-02, -1.501E-01         F               0         Tower X orientation angle, node 9, rad
         59   -8.411E-03,  9.989E-01,  4.616E-02         F               0         Tower Y orientation angle, node 9, rad
         60    1.507E-01, -4.437E-02,  9.876E-01         F               0         Tower Z orientation angle, node 9, rad
         61    9.886E-01,  1.526E-02, -1.501E-01         F               0         Tower X orientation angle, node 10, rad
         62   -8.411E-03,  9.989E-01,  4.616E-02         F               0         Tower Y orientation angle, node 10, rad
         63    1.507E-01, -4.437E-02,  9.876E-01         F               0         Tower Z orientation angle, node 10, rad
         64    9.886E-01,  1.526E-02, -1.501E-01         F               0         Tower X orientation angle, node 11, rad
         65   -8.411E-03,  9.989E-01,  4.616E-02         F               0         Tower Y orientation angle, node 11, rad
         66    1.507E-01, -4.437E-02,  9.876E-01         F               0         Tower Z orientation angle, node 11, rad
         67    6.442E-08                                 F               0         Tower X translation velocity, node 1, m/s
         68    1.183E-02                                 F               0         Tower Y translation velocity, node 1, m/s
         69    5.303E-03                                 F               0         Tower Z translation velocity, node 1, m/s
         70   -2.145E-04                                 F               0         Tower X translation velocity, node 2, m/s
         71    1.903E-02                                 F               0         Tower Y translation velocity, node 2, m/s
         72    5.659E-03                                 F               0         Tower Z translation velocity, node 2, m/s
         73   -4.291E-04                                 F               0         Tower X translation velocity, node 3, m/s
         74    2.623E-02                                 F               0         Tower Y translation velocity, node 3, m/s
         75    6.016E-03                                 F               0         Tower Z translation velocity, node 3, m/s
         76   -6.437E-04                                 F               0         Tower X translation velocity, node 4, m/s
         77    3.344E-02                                 F               0         Tower Y translation velocity, node 4, m/s
         78    6.372E-03                                 F               0         Tower Z translation velocity, node 4, m/s
         79   -8.582E-04                                 F               0         Tower X translation velocity, node 5, m/s
         80    4.064E-02                                 F               0         Tower Y translation velocity, node 5, m/s
         81    6.728E-03                                 F               0         Tower Z translation velocity, node 5, m/s
         82   -1.073E-03                                 F               0         Tower X translation velocity, node 6, m/s
         83    4.785E-02                                 F               0         Tower Y translation velocity, node 6, m/s
         84    7.085E-03                                 F               0         Tower Z translation velocity, node 6, m/s
         85   -1.287E-03                                 F               0         Tower X translation velocity, node 7, m/s
         86    5.505E-02                                 F               0         Tower Y translation velocity, node 7, m/s
         87    7.441E-03                                 F               0         Tower Z translation velocity, node 7, m/s
         88   -1.502E-03                                 F               0         Tower X translation velocity, node 8, m/s
         89    6.225E-02                                 F               0         Tower Y translation velocity, node 8, m/s
         90    7.798E-03                                 F               0         Tower Z translation velocity, node 8, m/s
         91   -1.717E-03                                 F               0         Tower X translation velocity, node 9, m/s
         92    6.946E-02                                 F               0         Tower Y translation velocity, node 9, m/s
         93    8.154E-03                                 F               0         Tower Z translation velocity, node 9, m/s
         94   -1.931E-03                                 F               0         Tower X translation velocity, node 10, m/s
         95    7.666E-02                                 F               0         Tower Y translation velocity, node 10, m/s
         96    8.510E-03                                 F               0         Tower Z translation velocity, node 10, m/s
         97   -2.146E-03                                 F               0         Tower X translation velocity, node 11, m/s
         98    8.387E-02                                 F               0         Tower Y translation velocity, node 11, m/s
         99    8.867E-03                                 F               0         Tower Z translation velocity, node 11, m/s
        100    3.510E+01                                 F               0         Hub X translation displacement, node 1, m
        101   -7.038E+00                                 F               0         Hub Y translation displacement, node 1, m
        102   -4.735E-01                                 F               0         Hub Z translation displacement, node 1, m
        103    9.674E-01,  1.982E-02, -2.525E-01         F               0         Hub X orientation angle, node 1, rad
        104    9.603E-02,  8.938E-01,  4.380E-01         F               0         Hub Y orientation angle, node 1, rad
        105    2.344E-01, -4.480E-01,  8.628E-01         F               0         Hub Z orientation angle, node 1, rad
        106    1.012E+00                                 F               0         Hub X rotation velocity, node 1, rad/s
        107    2.072E-02                                 F               0         Hub Y rotation velocity, node 1, rad/s
        108   -2.642E-01                                 F               0         Hub Z rotation velocity, node 1, rad/s
        109    9.641E-01, -6.710E-03, -2.654E-01         F               0         Blade root 1 X orientation angle, node 1, rad
        110    1.247E-01,  8.940E-01,  4.303E-01         F               0         Blade root 1 Y orientation angle, node 1, rad
        111    2.344E-01, -4.480E-01,  8.628E-01         F               0         Blade root 1 Z orientation angle, node 1, rad
        112    9.624E-01,  4.457E-02, -2.681E-01         F               0         Blade root 2 X orientation angle, node 1, rad
        113    1.836E-01, -8.339E-01,  5.204E-01         F               0         Blade root 2 Y orientation angle, node 1, rad
        114   -2.004E-01, -5.501E-01, -8.107E-01         F               0         Blade root 2 Z orientation angle, node 1, rad
        115    9.744E-01,  2.155E-02, -2.237E-01         F               0         Blade root 3 X orientation angle, node 1, rad
        116   -2.222E-01, -5.832E-02, -9.733E-01         F               0         Blade root 3 Y orientation angle, node 1, rad
        117   -3.403E-02,  9.981E-01, -5.204E-02         F               0         Blade root 3 Z orientation angle, node 1, rad
        118    3.582E+01                                 F               0         Blade 1 X translation displacement, node 1, m
        119   -9.520E+00                                 F               0         Blade 1 Y translation displacement, node 1, m
        120   -1.203E+00                                 F               0         Blade 1 Z translation displacement, node 1, m
        121    3.599E+01                                 F               0         Blade 1 X translation displacement, node 2, m
        122   -1.012E+01                                 F               0         Blade 1 Y translation displacement, node 2, m
        123   -1.379E+00                                 F               0         Blade 1 Z translation displacement, node 2, m
        124    3.835E+01                                 F               0         Blade 1 X translation displacement, node 3, m
        125   -1.825E+01                                 F               0         Blade 1 Y translation displacement, node 3, m
        126   -3.771E+00                                 F               0         Blade 1 Z translation displacement, node 3, m
        127    3.885E+01                                 F               0         Blade 1 X translation displacement, node 4, m
        128   -1.998E+01                                 F               0         Blade 1 Y translation displacement, node 4, m
        129   -4.281E+00                                 F               0         Blade 1 Z translation displacement, node 4, m
        130    3.935E+01                                 F               0         Blade 1 X translation displacement, node 5, m
        131   -2.172E+01                                 F               0         Blade 1 Y translation displacement, node 5, m
        132   -4.790E+00                                 F               0         Blade 1 Z translation displacement, node 5, m
        133    3.986E+01                                 F               0         Blade 1 X translation displacement, node 6, m
        134   -2.345E+01                                 F               0         Blade 1 Y translation displacement, node 6, m
        135   -5.300E+00                                 F               0         Blade 1 Z translation displacement, node 6, m
        136    4.036E+01                                 F               0         Blade 1 X translation displacement, node 7, m
        137   -2.518E+01                                 F               0         Blade 1 Y translation displacement, node 7, m
        138   -5.809E+00                                 F               0         Blade 1 Z translation displacement, node 7, m
        139    4.086E+01                                 F               0         Blade 1 X translation displacement, node 8, m
        140   -2.691E+01                                 F               0         Blade 1 Y translation displacement, node 8, m
        141   -6.319E+00                                 F               0         Blade 1 Z translation displacement, node 8, m
        142    4.136E+01                                 F               0         Blade 1 X translation displacement, node 9, m
        143   -2.865E+01                                 F               0         Blade 1 Y translation displacement, node 9, m
        144   -6.829E+00                                 F               0         Blade 1 Z translation displacement, node 9, m
        145    4.186E+01                                 F               0         Blade 1 X translation displacement, node 10, m
        146   -3.038E+01                                 F               0         Blade 1 Y translation displacement, node 10, m
        147   -7.338E+00                                 F               0         Blade 1 Z translation displacement, node 10, m
        148    4.237E+01                                 F               0         Blade 1 X translation displacement, node 11, m
        149   -3.211E+01                                 F               0         Blade 1 Y translation displacement, node 11, m
        150   -7.848E+00                                 F               0         Blade 1 Z translation displacement, node 11, m
        151    4.287E+01                                 F               0         Blade 1 X translation displacement, node 12, m
        152   -3.384E+01                                 F               0         Blade 1 Y translation displacement, node 12, m
        153   -8.357E+00                                 F               0         Blade 1 Z translation displacement, node 12, m
        154    4.337E+01                                 F               0         Blade 1 X translation displacement, node 13, m
        155   -3.558E+01                                 F               0         Blade 1 Y translation displacement, node 13, m
        156   -8.867E+00                                 F               0         Blade 1 Z translation displacement, node 13, m
        157    4.387E+01                                 F               0         Blade 1 X translation displacement, node 14, m
        158   -3.731E+01                                 F               0         Blade 1 Y translation displacement, node 14, m
        159   -9.377E+00                                 F               0         Blade 1 Z translation displacement, node 14, m
        160    4.438E+01                                 F               0         Blade 1 X translation displacement, node 15, m
        161   -3.904E+01                                 F               0         Blade 1 Y translation displacement, node 15, m
        162   -9.886E+00                                 F               0         Blade 1 Z translation displacement, node 15, m
        163    4.488E+01                                 F               0         Blade 1 X translation displacement, node 16, m
        164   -4.078E+01                                 F               0         Blade 1 Y translation displacement, node 16, m
        165   -1.040E+01                                 F               0         Blade 1 Z translation displacement, node 16, m
        166    4.538E+01                                 F               0         Blade 1 X translation displacement, node 17, m
        167   -4.251E+01                                 F               0         Blade 1 Y translation displacement, node 17, m
        168   -1.091E+01                                 F               0         Blade 1 Z translation displacement, node 17, m
        169    4.588E+01                                 F               0         Blade 1 X translation displacement, node 18, m
        170   -4.424E+01                                 F               0         Blade 1 Y translation displacement, node 18, m
        171   -1.141E+01                                 F               0         Blade 1 Z translation displacement, node 18, m
        172    4.638E+01                                 F               0         Blade 1 X translation displacement, node 19, m
        173   -4.597E+01                                 F               0         Blade 1 Y translation displacement, node 19, m
        174   -1.192E+01                                 F               0         Blade 1 Z translation displacement, node 19, m
        175    4.689E+01                                 F               0         Blade 1 X translation displacement, node 20, m
        176   -4.771E+01                                 F               0         Blade 1 Y translation displacement, node 20, m
        177   -1.243E+01                                 F               0         Blade 1 Z translation displacement, node 20, m
        178    4.739E+01                                 F               0         Blade 1 X translation displacement, node 21, m
        179   -4.944E+01                                 F               0         Blade 1 Y translation displacement, node 21, m
        180   -1.294E+01                                 F               0         Blade 1 Z translation displacement, node 21, m
        181    4.789E+01                                 F               0         Blade 1 X translation displacement, node 22, m
        182   -5.117E+01                                 F               0         Blade 1 Y translation displacement, node 22, m
        183   -1.345E+01                                 F               0         Blade 1 Z translation displacement, node 22, m
        184    4.839E+01                                 F               0         Blade 1 X translation displacement, node 23, m
        185   -5.290E+01                                 F               0         Blade 1 Y translation displacement, node 23, m
        186   -1.396E+01                                 F               0         Blade 1 Z translation displacement, node 23, m
        187    4.890E+01                                 F               0         Blade 1 X translation displacement, node 24, m
        188   -5.464E+01                                 F               0         Blade 1 Y translation displacement, node 24, m
        189   -1.447E+01                                 F               0         Blade 1 Z translation displacement, node 24, m
        190    4.940E+01                                 F               0         Blade 1 X translation displacement, node 25, m
        191   -5.637E+01                                 F               0         Blade 1 Y translation displacement, node 25, m
        192   -1.498E+01                                 F               0         Blade 1 Z translation displacement, node 25, m
        193    4.990E+01                                 F               0         Blade 1 X translation displacement, node 26, m
        194   -5.810E+01                                 F               0         Blade 1 Y translation displacement, node 26, m
        195   -1.549E+01                                 F               0         Blade 1 Z translation displacement, node 26, m
        196    5.040E+01                                 F               0         Blade 1 X translation displacement, node 27, m
        197   -5.984E+01                                 F               0         Blade 1 Y translation displacement, node 27, m
        198   -1.600E+01                                 F               0         Blade 1 Z translation displacement, node 27, m
        199    5.083E+01                                 F               0         Blade 1 X translation displacement, node 28, m
        200   -6.130E+01                                 F               0         Blade 1 Y translation displacement, node 28, m
        201   -1.643E+01                                 F               0         Blade 1 Z translation displacement, node 28, m
        202    8.012E-01, -4.136E-01, -4.324E-01         F               0         Blade 1 X orientation angle, node 1, rad
        203    5.506E-01,  7.926E-01,  2.620E-01         F               0         Blade 1 Y orientation angle, node 1, rad
        204    2.344E-01, -4.480E-01,  8.628E-01         F               0         Blade 1 Z orientation angle, node 1, rad
        205    8.012E-01, -4.136E-01, -4.324E-01         F               0         Blade 1 X orientation angle, node 2, rad
        206    5.506E-01,  7.926E-01,  2.620E-01         F               0         Blade 1 Y orientation angle, node 2, rad
        207    2.344E-01, -4.480E-01,  8.628E-01         F               0         Blade 1 Z orientation angle, node 2, rad
        208    9.088E-01, -2.140E-01, -3.580E-01         F               0         Blade 1 X orientation angle, node 3, rad
        209    3.450E-01,  8.680E-01,  3.570E-01         F               0         Blade 1 Y orientation angle, node 3, rad
        210    2.344E-01, -4.480E-01,  8.628E-01         F               0         Blade 1 Z orientation angle, node 3, rad
        211    9.226E-01, -1.772E-01, -3.426E-01         F               0         Blade 1 X orientation angle, node 4, rad
        212    3.064E-01,  8.763E-01,  3.718E-01         F               0         Blade 1 Y orientation angle, node 4, rad
        213    2.344E-01, -4.480E-01,  8.628E-01         F               0         Blade 1 Z orientation angle, node 4, rad
        214    9.323E-01, -1.480E-01, -3.301E-01         F               0         Blade 1 X orientation angle, node 5, rad
        215    2.756E-01,  8.817E-01,  3.830E-01         F               0         Blade 1 Y orientation angle, node 5, rad
        216    2.344E-01, -4.480E-01,  8.628E-01         F               0         Blade 1 Z orientation angle, node 5, rad
        217    9.392E-01, -1.246E-01, -3.199E-01         F               0         Blade 1 X orientation angle, node 6, rad
        218    2.508E-01,  8.853E-01,  3.916E-01         F               0         Blade 1 Y orientation angle, node 6, rad
        219    2.344E-01, -4.480E-01,  8.628E-01         F               0         Blade 1 Z orientation angle, node 6, rad
        220    9.445E-01, -1.052E-01, -3.112E-01         F               0         Blade 1 X orientation angle, node 7, rad
        221    2.302E-01,  8.878E-01,  3.985E-01         F               0         Blade 1 Y orientation angle, node 7, rad
        222    2.344E-01, -4.480E-01,  8.628E-01         F               0         Blade 1 Z orientation angle, node 7, rad
        223    9.485E-01, -8.911E-02, -3.040E-01         F               0         Blade 1 X orientation angle, node 8, rad
        224    2.130E-01,  8.896E-01,  4.040E-01         F               0         Blade 1 Y orientation angle, node 8, rad
        225    2.344E-01, -4.480E-01,  8.628E-01         F               0         Blade 1 Z orientation angle, node 8, rad
        226    9.517E-01, -7.543E-02, -2.977E-01         F               0         Blade 1 X orientation angle, node 9, rad
        227    1.985E-01,  8.908E-01,  4.087E-01         F               0         Blade 1 Y orientation angle, node 9, rad
        228    2.344E-01, -4.480E-01,  8.628E-01         F               0         Blade 1 Z orientation angle, node 9, rad
        229    9.542E-01, -6.361E-02, -2.923E-01         F               0         Blade 1 X orientation angle, node 10, rad
        230    1.858E-01,  8.918E-01,  4.126E-01         F               0         Blade 1 Y orientation angle, node 10, rad
        231    2.344E-01, -4.480E-01,  8.628E-01         F               0         Blade 1 Z orientation angle, node 10, rad
        232    9.563E-01, -5.349E-02, -2.876E-01         F               0         Blade 1 X orientation angle, node 11, rad
        233    1.750E-01,  8.924E-01,  4.159E-01         F               0         Blade 1 Y orientation angle, node 11, rad
        234    2.344E-01, -4.480E-01,  8.628E-01         F               0         Blade 1 Z orientation angle, node 11, rad
        235    9.580E-01, -4.461E-02, -2.834E-01         F               0         Blade 1 X orientation angle, node 12, rad
        236    1.655E-01,  8.929E-01,  4.187E-01         F               0         Blade 1 Y orientation angle, node 12, rad
        237    2.344E-01, -4.480E-01,  8.628E-01         F               0         Blade 1 Z orientation angle, node 12, rad
        238    9.594E-01, -3.681E-02, -2.797E-01         F               0         Blade 1 X orientation angle, node 13, rad
        239    1.571E-01,  8.933E-01,  4.212E-01         F               0         Blade 1 Y orientation angle, node 13, rad
        240    2.344E-01, -4.480E-01,  8.628E-01         F               0         Blade 1 Z orientation angle, node 13, rad
        241    9.606E-01, -2.980E-02, -2.764E-01         F               0         Blade 1 X orientation angle, node 14, rad
        242    1.495E-01,  8.935E-01,  4.233E-01         F               0         Blade 1 Y orientation angle, node 14, rad
        243    2.344E-01, -4.480E-01,  8.628E-01         F               0         Blade 1 Z orientation angle, node 14, rad
        244    9.616E-01, -2.356E-02, -2.735E-01         F               0         Blade 1 X orientation angle, node 15, rad
        245    1.428E-01,  8.937E-01,  4.253E-01         F               0         Blade 1 Y orientation angle, node 15, rad
        246    2.344E-01, -4.480E-01,  8.628E-01         F               0         Blade 1 Z orientation angle, node 15, rad
        247    9.625E-01, -1.794E-02, -2.708E-01         F               0         Blade 1 X orientation angle, node 16, rad
        248    1.368E-01,  8.939E-01,  4.270E-01         F               0         Blade 1 Y orientation angle, node 16, rad
        249    2.344E-01, -4.480E-01,  8.628E-01         F               0         Blade 1 Z orientation angle, node 16, rad
        250    9.632E-01, -1.295E-02, -2.684E-01         F               0         Blade 1 X orientation angle, node 17, rad
        251    1.314E-01,  8.939E-01,  4.285E-01         F               0         Blade 1 Y orientation angle, node 17, rad
        252    2.344E-01, -4.480E-01,  8.628E-01         F               0         Blade 1 Z orientation angle, node 17, rad
        253    9.639E-01, -8.270E-03, -2.662E-01         F               0         Blade 1 X orientation angle, node 18, rad
        254    1.264E-01,  8.940E-01,  4.299E-01         F               0         Blade 1 Y orientation angle, node 18, rad
        255    2.344E-01, -4.480E-01,  8.628E-01         F               0         Blade 1 Z orientation angle, node 18, rad
        256    9.645E-01, -4.057E-03, -2.641E-01         F               0         Blade 1 X orientation angle, node 19, rad
        257    1.218E-01,  8.940E-01,  4.311E-01         F               0         Blade 1 Y orientation angle, node 19, rad
        258    2.344E-01, -4.480E-01,  8.628E-01         F               0         Blade 1 Z orientation angle, node 19, rad
        259    9.650E-01, -3.120E-04, -2.623E-01         F               0         Blade 1 X orientation angle, node 20, rad
        260    1.178E-01,  8.940E-01,  4.322E-01         F               0         Blade 1 Y orientation angle, node 20, rad
        261    2.344E-01, -4.480E-01,  8.628E-01         F               0         Blade 1 Z orientation angle, node 20, rad
        262    9.654E-01,  3.277E-03, -2.606E-01         F               0         Blade 1 X orientation angle, node 21, rad
        263    1.139E-01,  8.940E-01,  4.333E-01         F               0         Blade 1 Y orientation angle, node 21, rad
        264    2.344E-01, -4.480E-01,  8.628E-01         F               0         Blade 1 Z orientation angle, node 21, rad
        265    9.659E-01,  6.554E-03, -2.590E-01         F               0         Blade 1 X orientation angle, node 22, rad
        266    1.104E-01,  8.940E-01,  4.342E-01         F               0         Blade 1 Y orientation angle, node 22, rad
        267    2.344E-01, -4.480E-01,  8.628E-01         F               0         Blade 1 Z orientation angle, node 22, rad
        268    9.662E-01,  9.518E-03, -2.576E-01         F               0         Blade 1 X orientation angle, node 23, rad
        269    1.072E-01,  8.940E-01,  4.351E-01         F               0         Blade 1 Y orientation angle, node 23, rad
        270    2.344E-01, -4.480E-01,  8.628E-01         F               0         Blade 1 Z orientation angle, node 23, rad
        271    9.665E-01,  1.233E-02, -2.562E-01         F               0         Blade 1 X orientation angle, node 24, rad
        272    1.041E-01,  8.940E-01,  4.359E-01         F               0         Blade 1 Y orientation angle, node 24, rad
        273    2.344E-01, -4.480E-01,  8.628E-01         F               0         Blade 1 Z orientation angle, node 24, rad
        274    9.669E-01,  1.498E-02, -2.549E-01         F               0         Blade 1 X orientation angle, node 25, rad
        275    1.013E-01,  8.939E-01,  4.367E-01         F               0         Blade 1 Y orientation angle, node 25, rad
        276    2.344E-01, -4.480E-01,  8.628E-01         F               0         Blade 1 Z orientation angle, node 25, rad
        277    9.671E-01,  1.732E-02, -2.537E-01         F               0         Blade 1 X orientation angle, node 26, rad
        278    9.873E-02,  8.939E-01,  4.373E-01         F               0         Blade 1 Y orientation angle, node 26, rad
        279    2.344E-01, -4.480E-01,  8.628E-01         F               0         Blade 1 Z orientation angle, node 26, rad
        280    9.674E-01,  1.966E-02, -2.526E-01         F               0         Blade 1 X orientation angle, node 27, rad
        281    9.620E-02,  8.938E-01,  4.380E-01         F               0         Blade 1 Y orientation angle, node 27, rad
        282    2.344E-01, -4.480E-01,  8.628E-01         F               0         Blade 1 Z orientation angle, node 27, rad
        283    9.675E-01,  2.091E-02, -2.520E-01         F               0         Blade 1 X orientation angle, node 28, rad
        284    9.485E-02,  8.938E-01,  4.383E-01         F               0         Blade 1 Y orientation angle, node 28, rad
        285    2.344E-01, -4.480E-01,  8.628E-01         F               0         Blade 1 Z orientation angle, node 28, rad
        286   -5.589E-01                                 F               0         Blade 1 X translation velocity, node 1, m/s
        287   -5.095E+00                                 F               0         Blade 1 Y translation velocity, node 1, m/s
        288   -2.531E+00                                 F               0         Blade 1 Z translation velocity, node 1, m/s
        289   -6.930E-01                                 F               0         Blade 1 X translation velocity, node 2, m/s
        290   -6.344E+00                                 F               0         Blade 1 Y translation velocity, node 2, m/s
        291   -3.143E+00                                 F               0         Blade 1 Z translation velocity, node 2, m/s
        292   -2.517E+00                                 F               0         Blade 1 X translation velocity, node 3, m/s
        293   -2.332E+01                                 F               0         Blade 1 Y translation velocity, node 3, m/s
        294   -1.146E+01                                 F               0         Blade 1 Z translation velocity, node 3, m/s
        295   -2.905E+00                                 F               0         Blade 1 X translation velocity, node 4, m/s
        296   -2.694E+01                                 F               0         Blade 1 Y translation velocity, node 4, m/s
        297   -1.324E+01                                 F               0         Blade 1 Z translation velocity, node 4, m/s
        298   -3.294E+00                                 F               0         Blade 1 X translation velocity, node 5, m/s
        299   -3.056E+01                                 F               0         Blade 1 Y translation velocity, node 5, m/s
        300   -1.501E+01                                 F               0         Blade 1 Z translation velocity, node 5, m/s
        301   -3.683E+00                                 F               0         Blade 1 X translation velocity, node 6, m/s
        302   -3.418E+01                                 F               0         Blade 1 Y translation velocity, node 6, m/s
        303   -1.678E+01                                 F               0         Blade 1 Z translation velocity, node 6, m/s
        304   -4.071E+00                                 F               0         Blade 1 X translation velocity, node 7, m/s
        305   -3.779E+01                                 F               0         Blade 1 Y translation velocity, node 7, m/s
        306   -1.856E+01                                 F               0         Blade 1 Z translation velocity, node 7, m/s
        307   -4.460E+00                                 F               0         Blade 1 X translation velocity, node 8, m/s
