
Linearized model: Predictions were generated on 12-Feb-2024 at 18:31:58 using OpenFAST, compiled as a 64-bit application using single precision at commit v3.5.1
 linked with  NWTC Subroutine Library; ElastoDyn; InflowWind; AeroDyn; ServoDyn; HydroDyn; MAP++ (<1.20.10>, <Oct-20-2023>)

Description from the FAST input file: CCT-9 Campign 4 model. Input files to be run with OpenFAST 3.5.0. GitHub branch from Lu Wang (https://github.com/luwang00/openfast/tree/dev) compiled on March 7, 2023.

Simulation information:
   Simulation time:                  1000.2500 s
   Rotor Speed:                         1.0458 rad/s
   Azimuth:                             6.2119 rad
   Wind Speed:                         12.0000 m/s
   Number of continuous states:         0
   Number of discrete states:           0
   Number of constraint states:         0
   Number of inputs:                 1746
   Number of outputs:                   4
   Jacobians included in this file?    No

Order of inputs:
     Column   Operating Point                     Rotating Frame? Derivative Order Description
   ---------- ---------------                     --------------- ---------------- -----------
          1    1.518E+01                                 F               0         Tower X translation displacement, node 1, m
          2   -1.047E+00                                 F               0         Tower Y translation displacement, node 1, m
          3   -4.755E-01                                 F               0         Tower Z translation displacement, node 1, m
          4    1.705E+01                                 F               0         Tower X translation displacement, node 2, m
          5   -1.596E+00                                 F               0         Tower Y translation displacement, node 2, m
          6   -6.293E-01                                 F               0         Tower Z translation displacement, node 2, m
          7    1.891E+01                                 F               0         Tower X translation displacement, node 3, m
          8   -2.146E+00                                 F               0         Tower Y translation displacement, node 3, m
          9   -7.831E-01                                 F               0         Tower Z translation displacement, node 3, m
         10    2.077E+01                                 F               0         Tower X translation displacement, node 4, m
         11   -2.696E+00                                 F               0         Tower Y translation displacement, node 4, m
         12   -9.368E-01                                 F               0         Tower Z translation displacement, node 4, m
         13    2.264E+01                                 F               0         Tower X translation displacement, node 5, m
         14   -3.245E+00                                 F               0         Tower Y translation displacement, node 5, m
         15   -1.091E+00                                 F               0         Tower Z translation displacement, node 5, m
         16    2.450E+01                                 F               0         Tower X translation displacement, node 6, m
         17   -3.795E+00                                 F               0         Tower Y translation displacement, node 6, m
         18   -1.244E+00                                 F               0         Tower Z translation displacement, node 6, m
         19    2.637E+01                                 F               0         Tower X translation displacement, node 7, m
         20   -4.345E+00                                 F               0         Tower Y translation displacement, node 7, m
         21   -1.398E+00                                 F               0         Tower Z translation displacement, node 7, m
         22    2.823E+01                                 F               0         Tower X translation displacement, node 8, m
         23   -4.894E+00                                 F               0         Tower Y translation displacement, node 8, m
         24   -1.552E+00                                 F               0         Tower Z translation displacement, node 8, m
         25    3.009E+01                                 F               0         Tower X translation displacement, node 9, m
         26   -5.444E+00                                 F               0         Tower Y translation displacement, node 9, m
         27   -1.706E+00                                 F               0         Tower Z translation displacement, node 9, m
         28    3.196E+01                                 F               0         Tower X translation displacement, node 10, m
         29   -5.994E+00                                 F               0         Tower Y translation displacement, node 10, m
         30   -1.860E+00                                 F               0         Tower Z translation displacement, node 10, m
         31    3.382E+01                                 F               0         Tower X translation displacement, node 11, m
         32   -6.543E+00                                 F               0         Tower Y translation displacement, node 11, m
         33   -2.013E+00                                 F               0         Tower Z translation displacement, node 11, m
         34    9.885E-01,  1.462E-02, -1.504E-01         F               0         Tower X orientation angle, node 1, rad
         35   -7.751E-03,  9.989E-01,  4.619E-02         F               0         Tower Y orientation angle, node 1, rad
         36    1.509E-01, -4.449E-02,  9.876E-01         F               0         Tower Z orientation angle, node 1, rad
         37    9.885E-01,  1.462E-02, -1.504E-01         F               0         Tower X orientation angle, node 2, rad
         38   -7.751E-03,  9.989E-01,  4.619E-02         F               0         Tower Y orientation angle, node 2, rad
         39    1.509E-01, -4.449E-02,  9.876E-01         F               0         Tower Z orientation angle, node 2, rad
         40    9.885E-01,  1.462E-02, -1.504E-01         F               0         Tower X orientation angle, node 3, rad
         41   -7.751E-03,  9.989E-01,  4.619E-02         F               0         Tower Y orientation angle, node 3, rad
         42    1.509E-01, -4.449E-02,  9.876E-01         F               0         Tower Z orientation angle, node 3, rad
         43    9.885E-01,  1.462E-02, -1.504E-01         F               0         Tower X orientation angle, node 4, rad
         44   -7.751E-03,  9.989E-01,  4.619E-02         F               0         Tower Y orientation angle, node 4, rad
         45    1.509E-01, -4.449E-02,  9.876E-01         F               0         Tower Z orientation angle, node 4, rad
         46    9.885E-01,  1.462E-02, -1.504E-01         F               0         Tower X orientation angle, node 5, rad
         47   -7.751E-03,  9.989E-01,  4.619E-02         F               0         Tower Y orientation angle, node 5, rad
         48    1.509E-01, -4.449E-02,  9.876E-01         F               0         Tower Z orientation angle, node 5, rad
         49    9.885E-01,  1.462E-02, -1.504E-01         F               0         Tower X orientation angle, node 6, rad
         50   -7.751E-03,  9.989E-01,  4.619E-02         F               0         Tower Y orientation angle, node 6, rad
         51    1.509E-01, -4.449E-02,  9.876E-01         F               0         Tower Z orientation angle, node 6, rad
         52    9.885E-01,  1.462E-02, -1.504E-01         F               0         Tower X orientation angle, node 7, rad
         53   -7.751E-03,  9.989E-01,  4.619E-02         F               0         Tower Y orientation angle, node 7, rad
         54    1.509E-01, -4.449E-02,  9.876E-01         F               0         Tower Z orientation angle, node 7, rad
         55    9.885E-01,  1.462E-02, -1.504E-01         F               0         Tower X orientation angle, node 8, rad
         56   -7.751E-03,  9.989E-01,  4.619E-02         F               0         Tower Y orientation angle, node 8, rad
         57    1.509E-01, -4.449E-02,  9.876E-01         F               0         Tower Z orientation angle, node 8, rad
         58    9.885E-01,  1.462E-02, -1.504E-01         F               0         Tower X orientation angle, node 9, rad
         59   -7.751E-03,  9.989E-01,  4.619E-02         F               0         Tower Y orientation angle, node 9, rad
         60    1.509E-01, -4.449E-02,  9.876E-01         F               0         Tower Z orientation angle, node 9, rad
         61    9.885E-01,  1.462E-02, -1.504E-01         F               0         Tower X orientation angle, node 10, rad
         62   -7.751E-03,  9.989E-01,  4.619E-02         F               0         Tower Y orientation angle, node 10, rad
         63    1.509E-01, -4.449E-02,  9.876E-01         F               0         Tower Z orientation angle, node 10, rad
         64    9.885E-01,  1.462E-02, -1.504E-01         F               0         Tower X orientation angle, node 11, rad
         65   -7.751E-03,  9.989E-01,  4.619E-02         F               0         Tower Y orientation angle, node 11, rad
         66    1.509E-01, -4.449E-02,  9.876E-01         F               0         Tower Z orientation angle, node 11, rad
         67   -1.246E-03                                 F               0         Tower X translation velocity, node 1, m/s
         68   -9.143E-03                                 F               0         Tower Y translation velocity, node 1, m/s
         69   -3.405E-03                                 F               0         Tower Z translation velocity, node 1, m/s
         70   -1.776E-03                                 F               0         Tower X translation velocity, node 2, m/s
         71   -1.532E-02                                 F               0         Tower Y translation velocity, node 2, m/s
         72   -3.603E-03                                 F               0         Tower Z translation velocity, node 2, m/s
         73   -2.307E-03                                 F               0         Tower X translation velocity, node 3, m/s
         74   -2.150E-02                                 F               0         Tower Y translation velocity, node 3, m/s
         75   -3.800E-03                                 F               0         Tower Z translation velocity, node 3, m/s
         76   -2.838E-03                                 F               0         Tower X translation velocity, node 4, m/s
         77   -2.768E-02                                 F               0         Tower Y translation velocity, node 4, m/s
         78   -3.997E-03                                 F               0         Tower Z translation velocity, node 4, m/s
         79   -3.369E-03                                 F               0         Tower X translation velocity, node 5, m/s
         80   -3.386E-02                                 F               0         Tower Y translation velocity, node 5, m/s
         81   -4.195E-03                                 F               0         Tower Z translation velocity, node 5, m/s
         82   -3.900E-03                                 F               0         Tower X translation velocity, node 6, m/s
         83   -4.004E-02                                 F               0         Tower Y translation velocity, node 6, m/s
         84   -4.392E-03                                 F               0         Tower Z translation velocity, node 6, m/s
         85   -4.431E-03                                 F               0         Tower X translation velocity, node 7, m/s
         86   -4.622E-02                                 F               0         Tower Y translation velocity, node 7, m/s
         87   -4.589E-03                                 F               0         Tower Z translation velocity, node 7, m/s
         88   -4.962E-03                                 F               0         Tower X translation velocity, node 8, m/s
         89   -5.240E-02                                 F               0         Tower Y translation velocity, node 8, m/s
         90   -4.787E-03                                 F               0         Tower Z translation velocity, node 8, m/s
         91   -5.493E-03                                 F               0         Tower X translation velocity, node 9, m/s
         92   -5.858E-02                                 F               0         Tower Y translation velocity, node 9, m/s
         93   -4.984E-03                                 F               0         Tower Z translation velocity, node 9, m/s
         94   -6.023E-03                                 F               0         Tower X translation velocity, node 10, m/s
         95   -6.477E-02                                 F               0         Tower Y translation velocity, node 10, m/s
         96   -5.181E-03                                 F               0         Tower Z translation velocity, node 10, m/s
         97   -6.554E-03                                 F               0         Tower X translation velocity, node 11, m/s
         98   -7.095E-02                                 F               0         Tower Y translation velocity, node 11, m/s
         99   -5.379E-03                                 F               0         Tower Z translation velocity, node 11, m/s
        100    3.513E+01                                 F               0         Hub X translation displacement, node 1, m
        101   -7.051E+00                                 F               0         Hub Y translation displacement, node 1, m
        102   -4.871E-01                                 F               0         Hub Z translation displacement, node 1, m
        103    9.673E-01,  1.919E-02, -2.528E-01         F               0         Hub X orientation angle, node 1, rad
        104   -2.577E-02,  9.994E-01, -2.273E-02         F               0         Hub Y orientation angle, node 1, rad
        105    2.522E-01,  2.850E-02,  9.673E-01         F               0         Hub Z orientation angle, node 1, rad
        106    1.012E+00                                 F               0         Hub X rotation velocity, node 1, rad/s
        107    2.003E-02                                 F               0         Hub Y rotation velocity, node 1, rad/s
        108   -2.644E-01                                 F               0         Hub Z rotation velocity, node 1, rad/s
        109    9.677E-01, -1.046E-02, -2.520E-01         F               0         Blade root 1 X orientation angle, node 1, rad
        110    2.942E-03,  9.995E-01, -3.021E-02         F               0         Blade root 1 Y orientation angle, node 1, rad
        111    2.522E-01,  2.850E-02,  9.673E-01         F               0         Blade root 1 Z orientation angle, node 1, rad
        112    9.601E-01,  3.328E-02, -2.778E-01         F               0         Blade root 2 X orientation angle, node 1, rad
        113    2.599E-01, -4.742E-01,  8.412E-01         F               0         Blade root 2 Y orientation angle, node 1, rad
        114   -1.038E-01, -8.798E-01, -4.640E-01         F               0         Blade root 2 Z orientation angle, node 1, rad
        115    9.730E-01,  3.474E-02, -2.281E-01         F               0         Blade root 3 X orientation angle, node 1, rad
        116   -1.767E-01, -5.236E-01, -8.334E-01         F               0         Blade root 3 Y orientation angle, node 1, rad
        117   -1.484E-01,  8.513E-01, -5.033E-01         F               0         Blade root 3 Z orientation angle, node 1, rad
        118    3.595E+01                                 F               0         Blade 1 X translation displacement, node 1, m
        119   -6.893E+00                                 F               0         Blade 1 Y translation displacement, node 1, m
        120   -6.382E-01                                 F               0         Blade 1 Z translation displacement, node 1, m
        121    3.615E+01                                 F               0         Blade 1 X translation displacement, node 2, m
        122   -6.855E+00                                 F               0         Blade 1 Y translation displacement, node 2, m
        123   -6.746E-01                                 F               0         Blade 1 Z translation displacement, node 2, m
        124    3.883E+01                                 F               0         Blade 1 X translation displacement, node 3, m
        125   -6.338E+00                                 F               0         Blade 1 Y translation displacement, node 3, m
        126   -1.169E+00                                 F               0         Blade 1 Z translation displacement, node 3, m
        127    3.940E+01                                 F               0         Blade 1 X translation displacement, node 4, m
        128   -6.227E+00                                 F               0         Blade 1 Y translation displacement, node 4, m
        129   -1.275E+00                                 F               0         Blade 1 Z translation displacement, node 4, m
        130    3.997E+01                                 F               0         Blade 1 X translation displacement, node 5, m
        131   -6.117E+00                                 F               0         Blade 1 Y translation displacement, node 5, m
        132   -1.380E+00                                 F               0         Blade 1 Z translation displacement, node 5, m
        133    4.054E+01                                 F               0         Blade 1 X translation displacement, node 6, m
        134   -6.007E+00                                 F               0         Blade 1 Y translation displacement, node 6, m
        135   -1.486E+00                                 F               0         Blade 1 Z translation displacement, node 6, m
        136    4.111E+01                                 F               0         Blade 1 X translation displacement, node 7, m
        137   -5.897E+00                                 F               0         Blade 1 Y translation displacement, node 7, m
        138   -1.591E+00                                 F               0         Blade 1 Z translation displacement, node 7, m
        139    4.168E+01                                 F               0         Blade 1 X translation displacement, node 8, m
        140   -5.786E+00                                 F               0         Blade 1 Y translation displacement, node 8, m
        141   -1.697E+00                                 F               0         Blade 1 Z translation displacement, node 8, m
        142    4.225E+01                                 F               0         Blade 1 X translation displacement, node 9, m
        143   -5.676E+00                                 F               0         Blade 1 Y translation displacement, node 9, m
        144   -1.802E+00                                 F               0         Blade 1 Z translation displacement, node 9, m
        145    4.282E+01                                 F               0         Blade 1 X translation displacement, node 10, m
        146   -5.566E+00                                 F               0         Blade 1 Y translation displacement, node 10, m
        147   -1.907E+00                                 F               0         Blade 1 Z translation displacement, node 10, m
        148    4.339E+01                                 F               0         Blade 1 X translation displacement, node 11, m
        149   -5.456E+00                                 F               0         Blade 1 Y translation displacement, node 11, m
        150   -2.013E+00                                 F               0         Blade 1 Z translation displacement, node 11, m
        151    4.397E+01                                 F               0         Blade 1 X translation displacement, node 12, m
        152   -5.346E+00                                 F               0         Blade 1 Y translation displacement, node 12, m
        153   -2.118E+00                                 F               0         Blade 1 Z translation displacement, node 12, m
        154    4.454E+01                                 F               0         Blade 1 X translation displacement, node 13, m
        155   -5.235E+00                                 F               0         Blade 1 Y translation displacement, node 13, m
        156   -2.224E+00                                 F               0         Blade 1 Z translation displacement, node 13, m
        157    4.511E+01                                 F               0         Blade 1 X translation displacement, node 14, m
        158   -5.125E+00                                 F               0         Blade 1 Y translation displacement, node 14, m
        159   -2.329E+00                                 F               0         Blade 1 Z translation displacement, node 14, m
        160    4.568E+01                                 F               0         Blade 1 X translation displacement, node 15, m
        161   -5.015E+00                                 F               0         Blade 1 Y translation displacement, node 15, m
        162   -2.435E+00                                 F               0         Blade 1 Z translation displacement, node 15, m
        163    4.625E+01                                 F               0         Blade 1 X translation displacement, node 16, m
        164   -4.905E+00                                 F               0         Blade 1 Y translation displacement, node 16, m
        165   -2.540E+00                                 F               0         Blade 1 Z translation displacement, node 16, m
        166    4.682E+01                                 F               0         Blade 1 X translation displacement, node 17, m
        167   -4.795E+00                                 F               0         Blade 1 Y translation displacement, node 17, m
        168   -2.645E+00                                 F               0         Blade 1 Z translation displacement, node 17, m
        169    4.739E+01                                 F               0         Blade 1 X translation displacement, node 18, m
        170   -4.684E+00                                 F               0         Blade 1 Y translation displacement, node 18, m
        171   -2.751E+00                                 F               0         Blade 1 Z translation displacement, node 18, m
        172    4.796E+01                                 F               0         Blade 1 X translation displacement, node 19, m
        173   -4.574E+00                                 F               0         Blade 1 Y translation displacement, node 19, m
        174   -2.856E+00                                 F               0         Blade 1 Z translation displacement, node 19, m
        175    4.853E+01                                 F               0         Blade 1 X translation displacement, node 20, m
        176   -4.464E+00                                 F               0         Blade 1 Y translation displacement, node 20, m
        177   -2.962E+00                                 F               0         Blade 1 Z translation displacement, node 20, m
        178    4.910E+01                                 F               0         Blade 1 X translation displacement, node 21, m
        179   -4.354E+00                                 F               0         Blade 1 Y translation displacement, node 21, m
        180   -3.067E+00                                 F               0         Blade 1 Z translation displacement, node 21, m
        181    4.968E+01                                 F               0         Blade 1 X translation displacement, node 22, m
        182   -4.243E+00                                 F               0         Blade 1 Y translation displacement, node 22, m
        183   -3.173E+00                                 F               0         Blade 1 Z translation displacement, node 22, m
        184    5.025E+01                                 F               0         Blade 1 X translation displacement, node 23, m
        185   -4.133E+00                                 F               0         Blade 1 Y translation displacement, node 23, m
        186   -3.278E+00                                 F               0         Blade 1 Z translation displacement, node 23, m
        187    5.082E+01                                 F               0         Blade 1 X translation displacement, node 24, m
        188   -4.023E+00                                 F               0         Blade 1 Y translation displacement, node 24, m
        189   -3.383E+00                                 F               0         Blade 1 Z translation displacement, node 24, m
        190    5.139E+01                                 F               0         Blade 1 X translation displacement, node 25, m
        191   -3.913E+00                                 F               0         Blade 1 Y translation displacement, node 25, m
        192   -3.489E+00                                 F               0         Blade 1 Z translation displacement, node 25, m
        193    5.196E+01                                 F               0         Blade 1 X translation displacement, node 26, m
        194   -3.803E+00                                 F               0         Blade 1 Y translation displacement, node 26, m
        195   -3.594E+00                                 F               0         Blade 1 Z translation displacement, node 26, m
        196    5.253E+01                                 F               0         Blade 1 X translation displacement, node 27, m
        197   -3.692E+00                                 F               0         Blade 1 Y translation displacement, node 27, m
        198   -3.700E+00                                 F               0         Blade 1 Z translation displacement, node 27, m
        199    5.301E+01                                 F               0         Blade 1 X translation displacement, node 28, m
        200   -3.599E+00                                 F               0         Blade 1 Y translation displacement, node 28, m
        201   -3.789E+00                                 F               0         Blade 1 Z translation displacement, node 28, m
        202    8.599E-01, -4.651E-01, -2.105E-01         F               0         Blade 1 X orientation angle, node 1, rad
        203    4.439E-01,  8.848E-01, -1.418E-01         F               0         Blade 1 Y orientation angle, node 1, rad
        204    2.522E-01,  2.850E-02,  9.673E-01         F               0         Blade 1 Z orientation angle, node 1, rad
        205    8.599E-01, -4.651E-01, -2.105E-01         F               0         Blade 1 X orientation angle, node 2, rad
        206    4.439E-01,  8.848E-01, -1.418E-01         F               0         Blade 1 Y orientation angle, node 2, rad
        207    2.522E-01,  2.850E-02,  9.673E-01         F               0         Blade 1 Z orientation angle, node 2, rad
        208    9.406E-01, -2.422E-01, -2.381E-01         F               0         Blade 1 X orientation angle, node 3, rad
        209    2.274E-01,  9.698E-01, -8.787E-02         F               0         Blade 1 Y orientation angle, node 3, rad
        210    2.522E-01,  2.850E-02,  9.673E-01         F               0         Blade 1 Z orientation angle, node 3, rad
        211    9.493E-01, -2.010E-01, -2.416E-01         F               0         Blade 1 X orientation angle, node 4, rad
        212    1.875E-01,  9.792E-01, -7.774E-02         F               0         Blade 1 Y orientation angle, node 4, rad
        213    2.522E-01,  2.850E-02,  9.673E-01         F               0         Blade 1 Z orientation angle, node 4, rad
        214    9.550E-01, -1.684E-01, -2.440E-01         F               0         Blade 1 X orientation angle, node 5, rad
        215    1.560E-01,  9.853E-01, -6.968E-02         F               0         Blade 1 Y orientation angle, node 5, rad
        216    2.522E-01,  2.850E-02,  9.673E-01         F               0         Blade 1 Z orientation angle, node 5, rad
        217    9.588E-01, -1.422E-01, -2.458E-01         F               0         Blade 1 X orientation angle, node 6, rad
        218    1.306E-01,  9.894E-01, -6.319E-02         F               0         Blade 1 Y orientation angle, node 6, rad
        219    2.522E-01,  2.850E-02,  9.673E-01         F               0         Blade 1 Z orientation angle, node 6, rad
        220    9.615E-01, -1.206E-01, -2.471E-01         F               0         Blade 1 X orientation angle, node 7, rad
        221    1.096E-01,  9.923E-01, -5.781E-02         F               0         Blade 1 Y orientation angle, node 7, rad
        222    2.522E-01,  2.850E-02,  9.673E-01         F               0         Blade 1 Z orientation angle, node 7, rad
        223    9.633E-01, -1.026E-01, -2.481E-01         F               0         Blade 1 X orientation angle, node 8, rad
        224    9.215E-02,  9.943E-01, -5.332E-02         F               0         Blade 1 Y orientation angle, node 8, rad
        225    2.522E-01,  2.850E-02,  9.673E-01         F               0         Blade 1 Z orientation angle, node 8, rad
        226    9.646E-01, -8.729E-02, -2.489E-01         F               0         Blade 1 X orientation angle, node 9, rad
        227    7.734E-02,  9.958E-01, -4.950E-02         F               0         Blade 1 Y orientation angle, node 9, rad
        228    2.522E-01,  2.850E-02,  9.673E-01         F               0         Blade 1 Z orientation angle, node 9, rad
        229    9.655E-01, -7.408E-02, -2.495E-01         F               0         Blade 1 X orientation angle, node 10, rad
        230    6.454E-02,  9.968E-01, -4.619E-02         F               0         Blade 1 Y orientation angle, node 10, rad
        231    2.522E-01,  2.850E-02,  9.673E-01         F               0         Blade 1 Z orientation angle, node 10, rad
        232    9.662E-01, -6.276E-02, -2.500E-01         F               0         Blade 1 X orientation angle, node 11, rad
        233    5.358E-02,  9.976E-01, -4.336E-02         F               0         Blade 1 Y orientation angle, node 11, rad
        234    2.522E-01,  2.850E-02,  9.673E-01         F               0         Blade 1 Z orientation angle, node 11, rad
        235    9.667E-01, -5.283E-02, -2.505E-01         F               0         Blade 1 X orientation angle, node 12, rad
        236    4.397E-02,  9.982E-01, -4.087E-02         F               0         Blade 1 Y orientation angle, node 12, rad
        237    2.522E-01,  2.850E-02,  9.673E-01         F               0         Blade 1 Z orientation angle, node 12, rad
        238    9.670E-01, -4.412E-02, -2.508E-01         F               0         Blade 1 X orientation angle, node 13, rad
        239    3.553E-02,  9.986E-01, -3.868E-02         F               0         Blade 1 Y orientation angle, node 13, rad
        240    2.522E-01,  2.850E-02,  9.673E-01         F               0         Blade 1 Z orientation angle, node 13, rad
        241    9.673E-01, -3.628E-02, -2.511E-01         F               0         Blade 1 X orientation angle, node 14, rad
        242    2.793E-02,  9.989E-01, -3.671E-02         F               0         Blade 1 Y orientation angle, node 14, rad
        243    2.522E-01,  2.850E-02,  9.673E-01         F               0         Blade 1 Z orientation angle, node 14, rad
        244    9.675E-01, -2.930E-02, -2.514E-01         F               0         Blade 1 X orientation angle, node 15, rad
        245    2.118E-02,  9.992E-01, -3.496E-02         F               0         Blade 1 Y orientation angle, node 15, rad
        246    2.522E-01,  2.850E-02,  9.673E-01         F               0         Blade 1 Z orientation angle, node 15, rad
        247    9.676E-01, -2.302E-02, -2.516E-01         F               0         Blade 1 X orientation angle, node 16, rad
        248    1.510E-02,  9.993E-01, -3.338E-02         F               0         Blade 1 Y orientation angle, node 16, rad
        249    2.522E-01,  2.850E-02,  9.673E-01         F               0         Blade 1 Z orientation angle, node 16, rad
        250    9.676E-01, -1.744E-02, -2.518E-01         F               0         Blade 1 X orientation angle, node 17, rad
        251    9.698E-03,  9.994E-01, -3.197E-02         F               0         Blade 1 Y orientation angle, node 17, rad
        252    2.522E-01,  2.850E-02,  9.673E-01         F               0         Blade 1 Z orientation angle, node 17, rad
        253    9.677E-01, -1.221E-02, -2.519E-01         F               0         Blade 1 X orientation angle, node 18, rad
        254    4.631E-03,  9.995E-01, -3.065E-02         F               0         Blade 1 Y orientation angle, node 18, rad
        255    2.522E-01,  2.850E-02,  9.673E-01         F               0         Blade 1 Z orientation angle, node 18, rad
        256    9.677E-01, -7.499E-03, -2.521E-01         F               0         Blade 1 X orientation angle, node 19, rad
        257    7.107E-05,  9.996E-01, -2.947E-02         F               0         Blade 1 Y orientation angle, node 19, rad
        258    2.522E-01,  2.850E-02,  9.673E-01         F               0         Blade 1 Z orientation angle, node 19, rad
        259    9.677E-01, -3.312E-03, -2.522E-01         F               0         Blade 1 X orientation angle, node 20, rad
        260   -3.982E-03,  9.996E-01, -2.841E-02         F               0         Blade 1 Y orientation angle, node 20, rad
        261    2.522E-01,  2.850E-02,  9.673E-01         F               0         Blade 1 Z orientation angle, node 20, rad
        262    9.677E-01,  7.005E-04, -2.523E-01         F               0         Blade 1 X orientation angle, node 21, rad
        263   -7.867E-03,  9.996E-01, -2.740E-02         F               0         Blade 1 Y orientation angle, node 21, rad
        264    2.522E-01,  2.850E-02,  9.673E-01         F               0         Blade 1 Z orientation angle, node 21, rad
        265    9.676E-01,  4.364E-03, -2.524E-01         F               0         Blade 1 X orientation angle, node 22, rad
        266   -1.141E-02,  9.996E-01, -2.647E-02         F               0         Blade 1 Y orientation angle, node 22, rad
        267    2.522E-01,  2.850E-02,  9.673E-01         F               0         Blade 1 Z orientation angle, node 22, rad
        268    9.676E-01,  7.679E-03, -2.525E-01         F               0         Blade 1 X orientation angle, node 23, rad
        269   -1.462E-02,  9.996E-01, -2.563E-02         F               0         Blade 1 Y orientation angle, node 23, rad
        270    2.522E-01,  2.850E-02,  9.673E-01         F               0         Blade 1 Z orientation angle, node 23, rad
        271    9.675E-01,  1.082E-02, -2.526E-01         F               0         Blade 1 X orientation angle, node 24, rad
        272   -1.766E-02,  9.995E-01, -2.484E-02         F               0         Blade 1 Y orientation angle, node 24, rad
        273    2.522E-01,  2.850E-02,  9.673E-01         F               0         Blade 1 Z orientation angle, node 24, rad
        274    9.675E-01,  1.378E-02, -2.526E-01         F               0         Blade 1 X orientation angle, node 25, rad
        275   -2.053E-02,  9.995E-01, -2.409E-02         F               0         Blade 1 Y orientation angle, node 25, rad
        276    2.522E-01,  2.850E-02,  9.673E-01         F               0         Blade 1 Z orientation angle, node 25, rad
        277    9.674E-01,  1.640E-02, -2.527E-01         F               0         Blade 1 X orientation angle, node 26, rad
        278   -2.307E-02,  9.995E-01, -2.343E-02         F               0         Blade 1 Y orientation angle, node 26, rad
        279    2.522E-01,  2.850E-02,  9.673E-01         F               0         Blade 1 Z orientation angle, node 26, rad
        280    9.673E-01,  1.902E-02, -2.528E-01         F               0         Blade 1 X orientation angle, node 27, rad
        281   -2.560E-02,  9.994E-01, -2.277E-02         F               0         Blade 1 Y orientation angle, node 27, rad
        282    2.522E-01,  2.850E-02,  9.673E-01         F               0         Blade 1 Z orientation angle, node 27, rad
        283    9.673E-01,  2.041E-02, -2.528E-01         F               0         Blade 1 X orientation angle, node 28, rad
        284   -2.695E-02,  9.994E-01, -2.242E-02         F               0         Blade 1 Y orientation angle, node 28, rad
        285    2.522E-01,  2.850E-02,  9.673E-01         F               0         Blade 1 Z orientation angle, node 28, rad
        286    1.421E-01                                 F               0         Blade 1 X translation velocity, node 1, m/s
        287   -5.868E+00                                 F               0         Blade 1 Y translation velocity, node 1, m/s
        288    1.258E-01                                 F               0         Blade 1 Z translation velocity, node 1, m/s
        289    1.780E-01                                 F               0         Blade 1 X translation velocity, node 2, m/s
        290   -7.264E+00                                 F               0         Blade 1 Y translation velocity, node 2, m/s
        291    1.575E-01                                 F               0         Blade 1 Z translation velocity, node 2, m/s
        292    6.665E-01                                 F               0         Blade 1 X translation velocity, node 3, m/s
        293   -2.625E+01                                 F               0         Blade 1 Y translation velocity, node 3, m/s
        294    5.894E-01                                 F               0         Blade 1 Z translation velocity, node 3, m/s
        295    7.706E-01                                 F               0         Blade 1 X translation velocity, node 4, m/s
        296   -3.029E+01                                 F               0         Blade 1 Y translation velocity, node 4, m/s
        297    6.814E-01                                 F               0         Blade 1 Z translation velocity, node 4, m/s
        298    8.747E-01                                 F               0         Blade 1 X translation velocity, node 5, m/s
        299   -3.434E+01                                 F               0         Blade 1 Y translation velocity, node 5, m/s
        300    7.735E-01                                 F               0         Blade 1 Z translation velocity, node 5, m/s
        301    9.788E-01                                 F               0         Blade 1 X translation velocity, node 6, m/s
        302   -3.838E+01                                 F               0         Blade 1 Y translation velocity, node 6, m/s
        303    8.655E-01                                 F               0         Blade 1 Z translation velocity, node 6, m/s
        304    1.083E+00                                 F               0         Blade 1 X translation velocity, node 7, m/s
        305   -4.242E+01                                 F               0         Blade 1 Y translation velocity, node 7, m/s
        306    9.575E-01                                 F               0         Blade 1 Z translation velocity, node 7, m/s
        307    1.187E+00                                 F               0         Blade 1 X translation velocity, node 8, m/s
