
Linearized model: Predictions were generated on 06-Feb-2024 at 08:44:08 using OpenFAST, compiled as a 64-bit application using single precision at commit v3.5.1
 linked with  NWTC Subroutine Library; ElastoDyn; InflowWind; AeroDyn; ServoDyn; HydroDyn; MAP++ (<1.20.10>, <Oct-20-2023>)

Description from the FAST input file: CCT-9 Campign 4 model. Input files to be run with OpenFAST 3.5.0. GitHub branch from Lu Wang (https://github.com/luwang00/openfast/tree/dev) compiled on March 7, 2023.

Simulation information:
   Simulation time:                  2506.9750 s
   Rotor Speed:                         0.8851 rad/s
   Azimuth:                             3.0437 rad
   Wind Speed:                         10.0000 m/s
   Number of continuous states:         0
   Number of discrete states:           0
   Number of constraint states:         0
   Number of inputs:                 1746
   Number of outputs:                   4
   Jacobians included in this file?    No

Order of inputs:
     Column   Operating Point                     Rotating Frame? Derivative Order Description
   ---------- ---------------                     --------------- ---------------- -----------
          1    1.391E+01                                 F               0         Tower X translation displacement, node 1, m
          2    8.577E-02                                 F               0         Tower Y translation displacement, node 1, m
          3   -1.846E-01                                 F               0         Tower Z translation displacement, node 1, m
          4    1.488E+01                                 F               0         Tower X translation displacement, node 2, m
          5    1.258E-01                                 F               0         Tower Y translation displacement, node 2, m
          6   -2.232E-01                                 F               0         Tower Z translation displacement, node 2, m
          7    1.588E+01                                 F               0         Tower X translation displacement, node 3, m
          8    1.665E-01                                 F               0         Tower Y translation displacement, node 3, m
          9   -2.635E-01                                 F               0         Tower Z translation displacement, node 3, m
         10    1.689E+01                                 F               0         Tower X translation displacement, node 4, m
         11    2.077E-01                                 F               0         Tower Y translation displacement, node 4, m
         12   -3.050E-01                                 F               0         Tower Z translation displacement, node 4, m
         13    1.791E+01                                 F               0         Tower X translation displacement, node 5, m
         14    2.494E-01                                 F               0         Tower Y translation displacement, node 5, m
         15   -3.475E-01                                 F               0         Tower Z translation displacement, node 5, m
         16    1.895E+01                                 F               0         Tower X translation displacement, node 6, m
         17    2.913E-01                                 F               0         Tower Y translation displacement, node 6, m
         18   -3.908E-01                                 F               0         Tower Z translation displacement, node 6, m
         19    1.999E+01                                 F               0         Tower X translation displacement, node 7, m
         20    3.336E-01                                 F               0         Tower Y translation displacement, node 7, m
         21   -4.348E-01                                 F               0         Tower Z translation displacement, node 7, m
         22    2.103E+01                                 F               0         Tower X translation displacement, node 8, m
         23    3.761E-01                                 F               0         Tower Y translation displacement, node 8, m
         24   -4.792E-01                                 F               0         Tower Z translation displacement, node 8, m
         25    2.208E+01                                 F               0         Tower X translation displacement, node 9, m
         26    4.188E-01                                 F               0         Tower Y translation displacement, node 9, m
         27   -5.240E-01                                 F               0         Tower Z translation displacement, node 9, m
         28    2.314E+01                                 F               0         Tower X translation displacement, node 10, m
         29    4.616E-01                                 F               0         Tower Y translation displacement, node 10, m
         30   -5.690E-01                                 F               0         Tower Z translation displacement, node 10, m
         31    2.419E+01                                 F               0         Tower X translation displacement, node 11, m
         32    5.045E-01                                 F               0         Tower Y translation displacement, node 11, m
         33   -6.142E-01                                 F               0         Tower Z translation displacement, node 11, m
         34    9.969E-01,  1.098E-03, -7.831E-02         F               0         Tower X orientation angle, node 1, rad
         35   -1.347E-03,  1.000E+00, -3.128E-03         F               0         Tower Y orientation angle, node 1, rad
         36    7.831E-02,  3.224E-03,  9.969E-01         F               0         Tower Z orientation angle, node 1, rad
         37    9.968E-01,  1.093E-03, -7.985E-02         F               0         Tower X orientation angle, node 2, rad
         38   -1.350E-03,  1.000E+00, -3.173E-03         F               0         Tower Y orientation angle, node 2, rad
         39    7.984E-02,  3.271E-03,  9.968E-01         F               0         Tower Z orientation angle, node 2, rad
         40    9.967E-01,  1.088E-03, -8.119E-02         F               0         Tower X orientation angle, node 3, rad
         41   -1.354E-03,  1.000E+00, -3.214E-03         F               0         Tower Y orientation angle, node 3, rad
         42    8.118E-02,  3.314E-03,  9.967E-01         F               0         Tower Z orientation angle, node 3, rad
         43    9.966E-01,  1.084E-03, -8.231E-02         F               0         Tower X orientation angle, node 4, rad
         44   -1.357E-03,  1.000E+00, -3.250E-03         F               0         Tower Y orientation angle, node 4, rad
         45    8.230E-02,  3.351E-03,  9.966E-01         F               0         Tower Z orientation angle, node 4, rad
         46    9.965E-01,  1.081E-03, -8.322E-02         F               0         Tower X orientation angle, node 5, rad
         47   -1.359E-03,  1.000E+00, -3.281E-03         F               0         Tower Y orientation angle, node 5, rad
         48    8.322E-02,  3.383E-03,  9.965E-01         F               0         Tower Z orientation angle, node 5, rad
         49    9.965E-01,  1.079E-03, -8.394E-02         F               0         Tower X orientation angle, node 6, rad
         50   -1.361E-03,  1.000E+00, -3.307E-03         F               0         Tower Y orientation angle, node 6, rad
         51    8.394E-02,  3.410E-03,  9.965E-01         F               0         Tower Z orientation angle, node 6, rad
         52    9.964E-01,  1.077E-03, -8.448E-02         F               0         Tower X orientation angle, node 7, rad
         53   -1.363E-03,  1.000E+00, -3.328E-03         F               0         Tower Y orientation angle, node 7, rad
         54    8.447E-02,  3.431E-03,  9.964E-01         F               0         Tower Z orientation angle, node 7, rad
         55    9.964E-01,  1.076E-03, -8.486E-02         F               0         Tower X orientation angle, node 8, rad
         56   -1.364E-03,  1.000E+00, -3.344E-03         F               0         Tower Y orientation angle, node 8, rad
         57    8.486E-02,  3.448E-03,  9.964E-01         F               0         Tower Z orientation angle, node 8, rad
         58    9.964E-01,  1.075E-03, -8.512E-02         F               0         Tower X orientation angle, node 9, rad
         59   -1.365E-03,  1.000E+00, -3.356E-03         F               0         Tower Y orientation angle, node 9, rad
         60    8.511E-02,  3.460E-03,  9.964E-01         F               0         Tower Z orientation angle, node 9, rad
         61    9.964E-01,  1.074E-03, -8.527E-02         F               0         Tower X orientation angle, node 10, rad
         62   -1.366E-03,  1.000E+00, -3.363E-03         F               0         Tower Y orientation angle, node 10, rad
         63    8.527E-02,  3.468E-03,  9.964E-01         F               0         Tower Z orientation angle, node 10, rad
         64    9.964E-01,  1.074E-03, -8.535E-02         F               0         Tower X orientation angle, node 11, rad
         65   -1.366E-03,  1.000E+00, -3.368E-03         F               0         Tower Y orientation angle, node 11, rad
         66    8.534E-02,  3.472E-03,  9.963E-01         F               0         Tower Z orientation angle, node 11, rad
         67    7.496E-04                                 F               0         Tower X translation velocity, node 1, m/s
         68   -4.494E-04                                 F               0         Tower Y translation velocity, node 1, m/s
         69   -1.313E-03                                 F               0         Tower Z translation velocity, node 1, m/s
         70    1.009E-03                                 F               0         Tower X translation velocity, node 2, m/s
         71   -7.778E-04                                 F               0         Tower Y translation velocity, node 2, m/s
         72   -1.333E-03                                 F               0         Tower Z translation velocity, node 2, m/s
         73    1.202E-03                                 F               0         Tower X translation velocity, node 3, m/s
         74   -1.121E-03                                 F               0         Tower Y translation velocity, node 3, m/s
         75   -1.347E-03                                 F               0         Tower Z translation velocity, node 3, m/s
         76    1.343E-03                                 F               0         Tower X translation velocity, node 4, m/s
         77   -1.475E-03                                 F               0         Tower Y translation velocity, node 4, m/s
         78   -1.357E-03                                 F               0         Tower Z translation velocity, node 4, m/s
         79    1.436E-03                                 F               0         Tower X translation velocity, node 5, m/s
         80   -1.838E-03                                 F               0         Tower Y translation velocity, node 5, m/s
         81   -1.364E-03                                 F               0         Tower Z translation velocity, node 5, m/s
         82    1.489E-03                                 F               0         Tower X translation velocity, node 6, m/s
         83   -2.210E-03                                 F               0         Tower Y translation velocity, node 6, m/s
         84   -1.367E-03                                 F               0         Tower Z translation velocity, node 6, m/s
         85    1.510E-03                                 F               0         Tower X translation velocity, node 7, m/s
         86   -2.587E-03                                 F               0         Tower Y translation velocity, node 7, m/s
         87   -1.368E-03                                 F               0         Tower Z translation velocity, node 7, m/s
         88    1.501E-03                                 F               0         Tower X translation velocity, node 8, m/s
         89   -2.970E-03                                 F               0         Tower Y translation velocity, node 8, m/s
         90   -1.366E-03                                 F               0         Tower Z translation velocity, node 8, m/s
         91    1.470E-03                                 F               0         Tower X translation velocity, node 9, m/s
         92   -3.358E-03                                 F               0         Tower Y translation velocity, node 9, m/s
         93   -1.362E-03                                 F               0         Tower Z translation velocity, node 9, m/s
         94    1.422E-03                                 F               0         Tower X translation velocity, node 10, m/s
         95   -3.747E-03                                 F               0         Tower Y translation velocity, node 10, m/s
         96   -1.356E-03                                 F               0         Tower Z translation velocity, node 10, m/s
         97    1.364E-03                                 F               0         Tower X translation velocity, node 11, m/s
         98   -4.139E-03                                 F               0         Tower Y translation velocity, node 11, m/s
         99   -1.350E-03                                 F               0         Tower Z translation velocity, node 11, m/s
        100    2.490E+01                                 F               0         Hub X translation displacement, node 1, m
        101    5.201E-01                                 F               0         Hub Y translation displacement, node 1, m
        102    2.789E-01                                 F               0         Hub Z translation displacement, node 1, m
        103    9.820E-01,  7.052E-04, -1.890E-01         F               0         Hub X orientation angle, node 1, rad
        104    1.984E-02, -9.949E-01,  9.936E-02         F               0         Hub Y orientation angle, node 1, rad
        105   -1.880E-01, -1.013E-01, -9.769E-01         F               0         Hub Z orientation angle, node 1, rad
        106    8.692E-01                                 F               0         Hub X rotation velocity, node 1, rad/s
        107    6.188E-04                                 F               0         Hub Y rotation velocity, node 1, rad/s
        108   -1.675E-01                                 F               0         Hub Z rotation velocity, node 1, rad/s
        109    9.810E-01,  3.022E-02, -1.919E-01         F               0         Blade root 1 X orientation angle, node 1, rad
        110    4.896E-02, -9.944E-01,  9.371E-02         F               0         Blade root 1 Y orientation angle, node 1, rad
        111   -1.880E-01, -1.013E-01, -9.769E-01         F               0         Blade root 1 Z orientation angle, node 1, rad
        112    9.867E-01, -1.145E-02, -1.624E-01         F               0         Blade root 2 X orientation angle, node 1, rad
        113   -1.435E-01,  4.095E-01, -9.009E-01         F               0         Blade root 2 Y orientation angle, node 1, rad
        114    7.681E-02,  9.122E-01,  4.024E-01         F               0         Blade root 2 Z orientation angle, node 1, rad
        115    9.770E-01, -1.665E-02, -2.126E-01         F               0         Blade root 3 X orientation angle, node 1, rad
        116    1.819E-01,  5.849E-01,  7.904E-01         F               0         Blade root 3 Y orientation angle, node 1, rad
        117    1.112E-01, -8.109E-01,  5.745E-01         F               0         Blade root 3 Z orientation angle, node 1, rad
        118    2.328E+01                                 F               0         Blade 1 X translation displacement, node 1, m
        119   -4.118E-02                                 F               0         Blade 1 Y translation displacement, node 1, m
        120   -1.064E+01                                 F               0         Blade 1 Z translation displacement, node 1, m
        121    2.289E+01                                 F               0         Blade 1 X translation displacement, node 2, m
        122   -1.764E-01                                 F               0         Blade 1 Y translation displacement, node 2, m
        123   -1.327E+01                                 F               0         Blade 1 Z translation displacement, node 2, m
        124    1.758E+01                                 F               0         Blade 1 X translation displacement, node 3, m
        125   -2.016E+00                                 F               0         Blade 1 Y translation displacement, node 3, m
        126   -4.906E+01                                 F               0         Blade 1 Z translation displacement, node 3, m
        127    1.645E+01                                 F               0         Blade 1 X translation displacement, node 4, m
        128   -2.407E+00                                 F               0         Blade 1 Y translation displacement, node 4, m
        129   -5.669E+01                                 F               0         Blade 1 Z translation displacement, node 4, m
        130    1.532E+01                                 F               0         Blade 1 X translation displacement, node 5, m
        131   -2.799E+00                                 F               0         Blade 1 Y translation displacement, node 5, m
        132   -6.431E+01                                 F               0         Blade 1 Z translation displacement, node 5, m
        133    1.418E+01                                 F               0         Blade 1 X translation displacement, node 6, m
        134   -3.191E+00                                 F               0         Blade 1 Y translation displacement, node 6, m
        135   -7.194E+01                                 F               0         Blade 1 Z translation displacement, node 6, m
        136    1.305E+01                                 F               0         Blade 1 X translation displacement, node 7, m
        137   -3.583E+00                                 F               0         Blade 1 Y translation displacement, node 7, m
        138   -7.956E+01                                 F               0         Blade 1 Z translation displacement, node 7, m
        139    1.192E+01                                 F               0         Blade 1 X translation displacement, node 8, m
        140   -3.975E+00                                 F               0         Blade 1 Y translation displacement, node 8, m
        141   -8.719E+01                                 F               0         Blade 1 Z translation displacement, node 8, m
        142    1.079E+01                                 F               0         Blade 1 X translation displacement, node 9, m
        143   -4.367E+00                                 F               0         Blade 1 Y translation displacement, node 9, m
        144   -9.481E+01                                 F               0         Blade 1 Z translation displacement, node 9, m
        145    9.659E+00                                 F               0         Blade 1 X translation displacement, node 10, m
        146   -4.759E+00                                 F               0         Blade 1 Y translation displacement, node 10, m
        147   -1.024E+02                                 F               0         Blade 1 Z translation displacement, node 10, m
        148    8.528E+00                                 F               0         Blade 1 X translation displacement, node 11, m
        149   -5.151E+00                                 F               0         Blade 1 Y translation displacement, node 11, m
        150   -1.101E+02                                 F               0         Blade 1 Z translation displacement, node 11, m
        151    7.396E+00                                 F               0         Blade 1 X translation displacement, node 12, m
        152   -5.542E+00                                 F               0         Blade 1 Y translation displacement, node 12, m
        153   -1.177E+02                                 F               0         Blade 1 Z translation displacement, node 12, m
        154    6.265E+00                                 F               0         Blade 1 X translation displacement, node 13, m
        155   -5.934E+00                                 F               0         Blade 1 Y translation displacement, node 13, m
        156   -1.253E+02                                 F               0         Blade 1 Z translation displacement, node 13, m
        157    5.134E+00                                 F               0         Blade 1 X translation displacement, node 14, m
        158   -6.326E+00                                 F               0         Blade 1 Y translation displacement, node 14, m
        159   -1.329E+02                                 F               0         Blade 1 Z translation displacement, node 14, m
        160    4.002E+00                                 F               0         Blade 1 X translation displacement, node 15, m
        161   -6.718E+00                                 F               0         Blade 1 Y translation displacement, node 15, m
        162   -1.406E+02                                 F               0         Blade 1 Z translation displacement, node 15, m
        163    2.871E+00                                 F               0         Blade 1 X translation displacement, node 16, m
        164   -7.110E+00                                 F               0         Blade 1 Y translation displacement, node 16, m
        165   -1.482E+02                                 F               0         Blade 1 Z translation displacement, node 16, m
        166    1.740E+00                                 F               0         Blade 1 X translation displacement, node 17, m
        167   -7.502E+00                                 F               0         Blade 1 Y translation displacement, node 17, m
        168   -1.558E+02                                 F               0         Blade 1 Z translation displacement, node 17, m
        169    6.082E-01                                 F               0         Blade 1 X translation displacement, node 18, m
        170   -7.894E+00                                 F               0         Blade 1 Y translation displacement, node 18, m
        171   -1.634E+02                                 F               0         Blade 1 Z translation displacement, node 18, m
        172   -5.233E-01                                 F               0         Blade 1 X translation displacement, node 19, m
        173   -8.286E+00                                 F               0         Blade 1 Y translation displacement, node 19, m
        174   -1.711E+02                                 F               0         Blade 1 Z translation displacement, node 19, m
        175   -1.655E+00                                 F               0         Blade 1 X translation displacement, node 20, m
        176   -8.677E+00                                 F               0         Blade 1 Y translation displacement, node 20, m
        177   -1.787E+02                                 F               0         Blade 1 Z translation displacement, node 20, m
        178   -2.786E+00                                 F               0         Blade 1 X translation displacement, node 21, m
        179   -9.069E+00                                 F               0         Blade 1 Y translation displacement, node 21, m
        180   -1.863E+02                                 F               0         Blade 1 Z translation displacement, node 21, m
        181   -3.917E+00                                 F               0         Blade 1 X translation displacement, node 22, m
        182   -9.461E+00                                 F               0         Blade 1 Y translation displacement, node 22, m
        183   -1.939E+02                                 F               0         Blade 1 Z translation displacement, node 22, m
        184   -5.049E+00                                 F               0         Blade 1 X translation displacement, node 23, m
        185   -9.853E+00                                 F               0         Blade 1 Y translation displacement, node 23, m
        186   -2.016E+02                                 F               0         Blade 1 Z translation displacement, node 23, m
        187   -6.180E+00                                 F               0         Blade 1 X translation displacement, node 24, m
        188   -1.024E+01                                 F               0         Blade 1 Y translation displacement, node 24, m
        189   -2.092E+02                                 F               0         Blade 1 Z translation displacement, node 24, m
        190   -7.311E+00                                 F               0         Blade 1 X translation displacement, node 25, m
        191   -1.064E+01                                 F               0         Blade 1 Y translation displacement, node 25, m
        192   -2.168E+02                                 F               0         Blade 1 Z translation displacement, node 25, m
        193   -8.443E+00                                 F               0         Blade 1 X translation displacement, node 26, m
        194   -1.103E+01                                 F               0         Blade 1 Y translation displacement, node 26, m
        195   -2.244E+02                                 F               0         Blade 1 Z translation displacement, node 26, m
        196   -9.574E+00                                 F               0         Blade 1 X translation displacement, node 27, m
        197   -1.142E+01                                 F               0         Blade 1 Y translation displacement, node 27, m
        198   -2.321E+02                                 F               0         Blade 1 Z translation displacement, node 27, m
        199   -1.053E+01                                 F               0         Blade 1 X translation displacement, node 28, m
        200   -1.175E+01                                 F               0         Blade 1 Y translation displacement, node 28, m
        201   -2.385E+02                                 F               0         Blade 1 Z translation displacement, node 28, m
        202    8.507E-01,  4.803E-01, -2.135E-01         F               0         Blade 1 X orientation angle, node 1, rad
        203    4.909E-01, -8.712E-01, -4.106E-03         F               0         Blade 1 Y orientation angle, node 1, rad
        204   -1.880E-01, -1.013E-01, -9.769E-01         F               0         Blade 1 Z orientation angle, node 1, rad
        205    8.507E-01,  4.803E-01, -2.135E-01         F               0         Blade 1 X orientation angle, node 2, rad
        206    4.909E-01, -8.712E-01, -4.106E-03         F               0         Blade 1 Y orientation angle, node 2, rad
        207   -1.880E-01, -1.013E-01, -9.769E-01         F               0         Blade 1 Z orientation angle, node 2, rad
        208    9.428E-01,  2.602E-01, -2.084E-01         F               0         Blade 1 X orientation angle, node 3, rad
        209    2.753E-01, -9.602E-01,  4.661E-02         F               0         Blade 1 Y orientation angle, node 3, rad
        210   -1.880E-01, -1.013E-01, -9.769E-01         F               0         Blade 1 Z orientation angle, node 3, rad
        211    9.536E-01,  2.194E-01, -2.062E-01         F               0         Blade 1 X orientation angle, node 4, rad
        212    2.352E-01, -9.704E-01,  5.537E-02         F               0         Blade 1 Y orientation angle, node 4, rad
        213   -1.880E-01, -1.013E-01, -9.769E-01         F               0         Blade 1 Z orientation angle, node 4, rad
        214    9.609E-01,  1.871E-01, -2.043E-01         F               0         Blade 1 X orientation angle, node 5, rad
        215    2.035E-01, -9.771E-01,  6.218E-02         F               0         Blade 1 Y orientation angle, node 5, rad
        216   -1.880E-01, -1.013E-01, -9.769E-01         F               0         Blade 1 Z orientation angle, node 5, rad
        217    9.659E-01,  1.611E-01, -2.026E-01         F               0         Blade 1 X orientation angle, node 6, rad
        218    1.779E-01, -9.817E-01,  6.758E-02         F               0         Blade 1 Y orientation angle, node 6, rad
        219   -1.880E-01, -1.013E-01, -9.769E-01         F               0         Blade 1 Z orientation angle, node 6, rad
        220    9.696E-01,  1.397E-01, -2.011E-01         F               0         Blade 1 X orientation angle, node 7, rad
        221    1.568E-01, -9.850E-01,  7.198E-02         F               0         Blade 1 Y orientation angle, node 7, rad
        222   -1.880E-01, -1.013E-01, -9.769E-01         F               0         Blade 1 Z orientation angle, node 7, rad
        223    9.723E-01,  1.218E-01, -1.997E-01         F               0         Blade 1 X orientation angle, node 8, rad
        224    1.392E-01, -9.874E-01,  7.562E-02         F               0         Blade 1 Y orientation angle, node 8, rad
        225   -1.880E-01, -1.013E-01, -9.769E-01         F               0         Blade 1 Z orientation angle, node 8, rad
        226    9.743E-01,  1.066E-01, -1.985E-01         F               0         Blade 1 X orientation angle, node 9, rad
        227    1.242E-01, -9.891E-01,  7.868E-02         F               0         Blade 1 Y orientation angle, node 9, rad
        228   -1.880E-01, -1.013E-01, -9.769E-01         F               0         Blade 1 Z orientation angle, node 9, rad
        229    9.758E-01,  9.346E-02, -1.975E-01         F               0         Blade 1 X orientation angle, node 10, rad
        230    1.113E-01, -9.905E-01,  8.130E-02         F               0         Blade 1 Y orientation angle, node 10, rad
        231   -1.880E-01, -1.013E-01, -9.769E-01         F               0         Blade 1 Z orientation angle, node 10, rad
        232    9.770E-01,  8.222E-02, -1.965E-01         F               0         Blade 1 X orientation angle, node 11, rad
        233    1.002E-01, -9.915E-01,  8.354E-02         F               0         Blade 1 Y orientation angle, node 11, rad
        234   -1.880E-01, -1.013E-01, -9.769E-01         F               0         Blade 1 Z orientation angle, node 11, rad
        235    9.780E-01,  7.235E-02, -1.957E-01         F               0         Blade 1 X orientation angle, node 12, rad
        236    9.051E-02, -9.922E-01,  8.549E-02         F               0         Blade 1 Y orientation angle, node 12, rad
        237   -1.880E-01, -1.013E-01, -9.769E-01         F               0         Blade 1 Z orientation angle, node 12, rad
        238    9.787E-01,  6.369E-02, -1.949E-01         F               0         Blade 1 X orientation angle, node 13, rad
        239    8.197E-02, -9.928E-01,  8.719E-02         F               0         Blade 1 Y orientation angle, node 13, rad
        240   -1.880E-01, -1.013E-01, -9.769E-01         F               0         Blade 1 Z orientation angle, node 13, rad
        241    9.794E-01,  5.589E-02, -1.942E-01         F               0         Blade 1 X orientation angle, node 14, rad
        242    7.428E-02, -9.933E-01,  8.872E-02         F               0         Blade 1 Y orientation angle, node 14, rad
        243   -1.880E-01, -1.013E-01, -9.769E-01         F               0         Blade 1 Z orientation angle, node 14, rad
        244    9.799E-01,  4.896E-02, -1.936E-01         F               0         Blade 1 X orientation angle, node 15, rad
        245    6.744E-02, -9.936E-01,  9.007E-02         F               0         Blade 1 Y orientation angle, node 15, rad
        246   -1.880E-01, -1.013E-01, -9.769E-01         F               0         Blade 1 Z orientation angle, node 15, rad
        247    9.803E-01,  4.271E-02, -1.931E-01         F               0         Blade 1 X orientation angle, node 16, rad
        248    6.129E-02, -9.939E-01,  9.129E-02         F               0         Blade 1 Y orientation angle, node 16, rad
        249   -1.880E-01, -1.013E-01, -9.769E-01         F               0         Blade 1 Z orientation angle, node 16, rad
        250    9.806E-01,  3.716E-02, -1.925E-01         F               0         Blade 1 X orientation angle, node 17, rad
        251    5.581E-02, -9.942E-01,  9.237E-02         F               0         Blade 1 Y orientation angle, node 17, rad
        252   -1.880E-01, -1.013E-01, -9.769E-01         F               0         Blade 1 Z orientation angle, node 17, rad
        253    9.809E-01,  3.195E-02, -1.921E-01         F               0         Blade 1 X orientation angle, node 18, rad
        254    5.068E-02, -9.943E-01,  9.337E-02         F               0         Blade 1 Y orientation angle, node 18, rad
        255   -1.880E-01, -1.013E-01, -9.769E-01         F               0         Blade 1 Z orientation angle, node 18, rad
        256    9.811E-01,  2.727E-02, -1.916E-01         F               0         Blade 1 X orientation angle, node 19, rad
        257    4.605E-02, -9.945E-01,  9.428E-02         F               0         Blade 1 Y orientation angle, node 19, rad
        258   -1.880E-01, -1.013E-01, -9.769E-01         F               0         Blade 1 Z orientation angle, node 19, rad
        259    9.813E-01,  2.310E-02, -1.912E-01         F               0         Blade 1 X orientation angle, node 20, rad
        260    4.194E-02, -9.946E-01,  9.508E-02         F               0         Blade 1 Y orientation angle, node 20, rad
        261   -1.880E-01, -1.013E-01, -9.769E-01         F               0         Blade 1 Z orientation angle, node 20, rad
        262    9.814E-01,  1.911E-02, -1.908E-01         F               0         Blade 1 X orientation angle, node 21, rad
        263    3.800E-02, -9.947E-01,  9.585E-02         F               0         Blade 1 Y orientation angle, node 21, rad
        264   -1.880E-01, -1.013E-01, -9.769E-01         F               0         Blade 1 Z orientation angle, node 21, rad
        265    9.816E-01,  1.546E-02, -1.905E-01         F               0         Blade 1 X orientation angle, node 22, rad
        266    3.441E-02, -9.947E-01,  9.654E-02         F               0         Blade 1 Y orientation angle, node 22, rad
        267   -1.880E-01, -1.013E-01, -9.769E-01         F               0         Blade 1 Z orientation angle, node 22, rad
        268    9.817E-01,  1.216E-02, -1.902E-01         F               0         Blade 1 X orientation angle, node 23, rad
        269    3.115E-02, -9.948E-01,  9.718E-02         F               0         Blade 1 Y orientation angle, node 23, rad
        270   -1.880E-01, -1.013E-01, -9.769E-01         F               0         Blade 1 Z orientation angle, node 23, rad
        271    9.818E-01,  9.039E-03, -1.899E-01         F               0         Blade 1 X orientation angle, node 24, rad
        272    2.807E-02, -9.948E-01,  9.777E-02         F               0         Blade 1 Y orientation angle, node 24, rad
        273   -1.880E-01, -1.013E-01, -9.769E-01         F               0         Blade 1 Z orientation angle, node 24, rad
        274    9.819E-01,  6.088E-03, -1.896E-01         F               0         Blade 1 X orientation angle, node 25, rad
        275    2.515E-02, -9.948E-01,  9.834E-02         F               0         Blade 1 Y orientation angle, node 25, rad
        276   -1.880E-01, -1.013E-01, -9.769E-01         F               0         Blade 1 Z orientation angle, node 25, rad
        277    9.819E-01,  3.483E-03, -1.893E-01         F               0         Blade 1 X orientation angle, node 26, rad
        278    2.258E-02, -9.948E-01,  9.883E-02         F               0         Blade 1 Y orientation angle, node 26, rad
        279   -1.880E-01, -1.013E-01, -9.769E-01         F               0         Blade 1 Z orientation angle, node 26, rad
        280    9.820E-01,  8.788E-04, -1.890E-01         F               0         Blade 1 X orientation angle, node 27, rad
        281    2.001E-02, -9.949E-01,  9.933E-02         F               0         Blade 1 Y orientation angle, node 27, rad
        282   -1.880E-01, -1.013E-01, -9.769E-01         F               0         Blade 1 Z orientation angle, node 27, rad
        283    9.820E-01, -5.103E-04, -1.889E-01         F               0         Blade 1 X orientation angle, node 28, rad
        284    1.864E-02, -9.949E-01,  9.959E-02         F               0         Blade 1 Y orientation angle, node 28, rad
        285   -1.880E-01, -1.013E-01, -9.769E-01         F               0         Blade 1 Z orientation angle, node 28, rad
        286   -9.602E-02                                 F               0         Blade 1 X translation velocity, node 1, m/s
        287    4.876E+00                                 F               0         Blade 1 Y translation velocity, node 1, m/s
        288   -4.886E-01                                 F               0         Blade 1 Z translation velocity, node 1, m/s
        289   -1.195E-01                                 F               0         Blade 1 X translation velocity, node 2, m/s
        290    6.051E+00                                 F               0         Blade 1 Y translation velocity, node 2, m/s
        291   -6.060E-01                                 F               0         Blade 1 Z translation velocity, node 2, m/s
        292   -4.384E-01                                 F               0         Blade 1 X translation velocity, node 3, m/s
        293    2.204E+01                                 F               0         Blade 1 Y translation velocity, node 3, m/s
        294   -2.203E+00                                 F               0         Blade 1 Z translation velocity, node 3, m/s
        295   -5.064E-01                                 F               0         Blade 1 X translation velocity, node 4, m/s
        296    2.544E+01                                 F               0         Blade 1 Y translation velocity, node 4, m/s
        297   -2.543E+00                                 F               0         Blade 1 Z translation velocity, node 4, m/s
        298   -5.744E-01                                 F               0         Blade 1 X translation velocity, node 5, m/s
        299    2.885E+01                                 F               0         Blade 1 Y translation velocity, node 5, m/s
        300   -2.883E+00                                 F               0         Blade 1 Z translation velocity, node 5, m/s
        301   -6.423E-01                                 F               0         Blade 1 X translation velocity, node 6, m/s
        302    3.225E+01                                 F               0         Blade 1 Y translation velocity, node 6, m/s
        303   -3.223E+00                                 F               0         Blade 1 Z translation velocity, node 6, m/s
        304   -7.103E-01                                 F               0         Blade 1 X translation velocity, node 7, m/s
        305    3.566E+01                                 F               0         Blade 1 Y translation velocity, node 7, m/s
        306   -3.563E+00                                 F               0         Blade 1 Z translation velocity, node 7, m/s
        307   -7.782E-01                                 F               0         Blade 1 X translation velocity, node 8, m/s
