
Linearized model: Predictions were generated on 06-Feb-2024 at 08:44:08 using OpenFAST, compiled as a 64-bit application using single precision at commit v3.5.1
 linked with  NWTC Subroutine Library; ElastoDyn; InflowWind; AeroDyn; ServoDyn; HydroDyn; MAP++ (<1.20.10>, <Oct-20-2023>)

Description from the FAST input file: CCT-9 Campign 4 model. Input files to be run with OpenFAST 3.5.0. GitHub branch from Lu Wang (https://github.com/luwang00/openfast/tree/dev) compiled on March 7, 2023.

Simulation information:
   Simulation time:                  2502.0000 s
   Rotor Speed:                         0.8858 rad/s
   Azimuth:                             4.9223 rad
   Wind Speed:                         10.0000 m/s
   Number of continuous states:         0
   Number of discrete states:           0
   Number of constraint states:         0
   Number of inputs:                 1746
   Number of outputs:                   4
   Jacobians included in this file?    No

Order of inputs:
     Column   Operating Point                     Rotating Frame? Derivative Order Description
   ---------- ---------------                     --------------- ---------------- -----------
          1    1.391E+01                                 F               0         Tower X translation displacement, node 1, m
          2    5.943E-02                                 F               0         Tower Y translation displacement, node 1, m
          3   -1.851E-01                                 F               0         Tower Z translation displacement, node 1, m
          4    1.488E+01                                 F               0         Tower X translation displacement, node 2, m
          5    8.309E-02                                 F               0         Tower Y translation displacement, node 2, m
          6   -2.236E-01                                 F               0         Tower Z translation displacement, node 2, m
          7    1.588E+01                                 F               0         Tower X translation displacement, node 3, m
          8    1.072E-01                                 F               0         Tower Y translation displacement, node 3, m
          9   -2.638E-01                                 F               0         Tower Z translation displacement, node 3, m
         10    1.689E+01                                 F               0         Tower X translation displacement, node 4, m
         11    1.316E-01                                 F               0         Tower Y translation displacement, node 4, m
         12   -3.052E-01                                 F               0         Tower Z translation displacement, node 4, m
         13    1.791E+01                                 F               0         Tower X translation displacement, node 5, m
         14    1.563E-01                                 F               0         Tower Y translation displacement, node 5, m
         15   -3.477E-01                                 F               0         Tower Z translation displacement, node 5, m
         16    1.894E+01                                 F               0         Tower X translation displacement, node 6, m
         17    1.813E-01                                 F               0         Tower Y translation displacement, node 6, m
         18   -3.910E-01                                 F               0         Tower Z translation displacement, node 6, m
         19    1.998E+01                                 F               0         Tower X translation displacement, node 7, m
         20    2.064E-01                                 F               0         Tower Y translation displacement, node 7, m
         21   -4.348E-01                                 F               0         Tower Z translation displacement, node 7, m
         22    2.103E+01                                 F               0         Tower X translation displacement, node 8, m
         23    2.317E-01                                 F               0         Tower Y translation displacement, node 8, m
         24   -4.792E-01                                 F               0         Tower Z translation displacement, node 8, m
         25    2.208E+01                                 F               0         Tower X translation displacement, node 9, m
         26    2.572E-01                                 F               0         Tower Y translation displacement, node 9, m
         27   -5.239E-01                                 F               0         Tower Z translation displacement, node 9, m
         28    2.313E+01                                 F               0         Tower X translation displacement, node 10, m
         29    2.827E-01                                 F               0         Tower Y translation displacement, node 10, m
         30   -5.689E-01                                 F               0         Tower Z translation displacement, node 10, m
         31    2.419E+01                                 F               0         Tower X translation displacement, node 11, m
         32    3.083E-01                                 F               0         Tower Y translation displacement, node 11, m
         33   -6.139E-01                                 F               0         Tower Z translation displacement, node 11, m
         34    9.969E-01,  1.239E-03, -7.828E-02         F               0         Tower X orientation angle, node 1, rad
         35   -1.384E-03,  1.000E+00, -1.799E-03         F               0         Tower Y orientation angle, node 1, rad
         36    7.828E-02,  1.902E-03,  9.969E-01         F               0         Tower Z orientation angle, node 1, rad
         37    9.968E-01,  1.236E-03, -7.982E-02         F               0         Tower X orientation angle, node 2, rad
         38   -1.387E-03,  1.000E+00, -1.829E-03         F               0         Tower Y orientation angle, node 2, rad
         39    7.982E-02,  1.934E-03,  9.968E-01         F               0         Tower Z orientation angle, node 2, rad
         40    9.967E-01,  1.234E-03, -8.116E-02         F               0         Tower X orientation angle, node 3, rad
         41   -1.389E-03,  1.000E+00, -1.856E-03         F               0         Tower Y orientation angle, node 3, rad
         42    8.116E-02,  1.963E-03,  9.967E-01         F               0         Tower Z orientation angle, node 3, rad
         43    9.966E-01,  1.231E-03, -8.228E-02         F               0         Tower X orientation angle, node 4, rad
         44   -1.391E-03,  1.000E+00, -1.880E-03         F               0         Tower Y orientation angle, node 4, rad
         45    8.228E-02,  1.988E-03,  9.966E-01         F               0         Tower Z orientation angle, node 4, rad
         46    9.965E-01,  1.230E-03, -8.319E-02         F               0         Tower X orientation angle, node 5, rad
         47   -1.393E-03,  1.000E+00, -1.901E-03         F               0         Tower Y orientation angle, node 5, rad
         48    8.319E-02,  2.010E-03,  9.965E-01         F               0         Tower Z orientation angle, node 5, rad
         49    9.965E-01,  1.228E-03, -8.391E-02         F               0         Tower X orientation angle, node 6, rad
         50   -1.394E-03,  1.000E+00, -1.918E-03         F               0         Tower Y orientation angle, node 6, rad
         51    8.391E-02,  2.028E-03,  9.965E-01         F               0         Tower Z orientation angle, node 6, rad
         52    9.964E-01,  1.227E-03, -8.445E-02         F               0         Tower X orientation angle, node 7, rad
         53   -1.395E-03,  1.000E+00, -1.932E-03         F               0         Tower Y orientation angle, node 7, rad
         54    8.444E-02,  2.043E-03,  9.964E-01         F               0         Tower Z orientation angle, node 7, rad
         55    9.964E-01,  1.226E-03, -8.483E-02         F               0         Tower X orientation angle, node 8, rad
         56   -1.396E-03,  1.000E+00, -1.943E-03         F               0         Tower Y orientation angle, node 8, rad
         57    8.483E-02,  2.055E-03,  9.964E-01         F               0         Tower Z orientation angle, node 8, rad
         58    9.964E-01,  1.226E-03, -8.509E-02         F               0         Tower X orientation angle, node 9, rad
         59   -1.397E-03,  1.000E+00, -1.952E-03         F               0         Tower Y orientation angle, node 9, rad
         60    8.509E-02,  2.063E-03,  9.964E-01         F               0         Tower Z orientation angle, node 9, rad
         61    9.964E-01,  1.225E-03, -8.524E-02         F               0         Tower X orientation angle, node 10, rad
         62   -1.397E-03,  1.000E+00, -1.957E-03         F               0         Tower Y orientation angle, node 10, rad
         63    8.524E-02,  2.069E-03,  9.964E-01         F               0         Tower Z orientation angle, node 10, rad
         64    9.964E-01,  1.225E-03, -8.532E-02         F               0         Tower X orientation angle, node 11, rad
         65   -1.398E-03,  1.000E+00, -1.960E-03         F               0         Tower Y orientation angle, node 11, rad
         66    8.531E-02,  2.072E-03,  9.964E-01         F               0         Tower Z orientation angle, node 11, rad
         67    2.172E-04                                 F               0         Tower X translation velocity, node 1, m/s
         68    8.208E-03                                 F               0         Tower Y translation velocity, node 1, m/s
         69    1.567E-03                                 F               0         Tower Z translation velocity, node 1, m/s
         70    2.345E-04                                 F               0         Tower X translation velocity, node 2, m/s
         71    1.384E-02                                 F               0         Tower Y translation velocity, node 2, m/s
         72    1.555E-03                                 F               0         Tower Z translation velocity, node 2, m/s
         73    2.071E-04                                 F               0         Tower X translation velocity, node 3, m/s
         74    1.954E-02                                 F               0         Tower Y translation velocity, node 3, m/s
         75    1.546E-03                                 F               0         Tower Z translation velocity, node 3, m/s
         76    1.455E-04                                 F               0         Tower X translation velocity, node 4, m/s
         77    2.530E-02                                 F               0         Tower Y translation velocity, node 4, m/s
         78    1.540E-03                                 F               0         Tower Z translation velocity, node 4, m/s
         79    5.555E-05                                 F               0         Tower X translation velocity, node 5, m/s
         80    3.110E-02                                 F               0         Tower Y translation velocity, node 5, m/s
         81    1.535E-03                                 F               0         Tower Z translation velocity, node 5, m/s
         82   -5.740E-05                                 F               0         Tower X translation velocity, node 6, m/s
         83    3.695E-02                                 F               0         Tower Y translation velocity, node 6, m/s
         84    1.533E-03                                 F               0         Tower Z translation velocity, node 6, m/s
         85   -1.871E-04                                 F               0         Tower X translation velocity, node 7, m/s
         86    4.282E-02                                 F               0         Tower Y translation velocity, node 7, m/s
         87    1.532E-03                                 F               0         Tower Z translation velocity, node 7, m/s
         88   -3.309E-04                                 F               0         Tower X translation velocity, node 8, m/s
         89    4.873E-02                                 F               0         Tower Y translation velocity, node 8, m/s
         90    1.532E-03                                 F               0         Tower Z translation velocity, node 8, m/s
         91   -4.848E-04                                 F               0         Tower X translation velocity, node 9, m/s
         92    5.465E-02                                 F               0         Tower Y translation velocity, node 9, m/s
         93    1.533E-03                                 F               0         Tower Z translation velocity, node 9, m/s
         94   -6.451E-04                                 F               0         Tower X translation velocity, node 10, m/s
         95    6.059E-02                                 F               0         Tower Y translation velocity, node 10, m/s
         96    1.534E-03                                 F               0         Tower Z translation velocity, node 10, m/s
         97   -8.091E-04                                 F               0         Tower X translation velocity, node 11, m/s
         98    6.654E-02                                 F               0         Tower Y translation velocity, node 11, m/s
         99    1.536E-03                                 F               0         Tower Z translation velocity, node 11, m/s
        100    2.489E+01                                 F               0         Hub X translation displacement, node 1, m
        101    3.113E-01                                 F               0         Hub Y translation displacement, node 1, m
        102    2.789E-01                                 F               0         Hub Z translation displacement, node 1, m
        103    9.820E-01,  1.002E-03, -1.890E-01         F               0         Hub X orientation angle, node 1, rad
        104   -1.851E-01,  2.063E-01, -9.608E-01         F               0         Hub Y orientation angle, node 1, rad
        105    3.802E-02,  9.785E-01,  2.027E-01         F               0         Hub Z orientation angle, node 1, rad
        106    8.693E-01                                 F               0         Hub X rotation velocity, node 1, rad/s
        107    8.743E-04                                 F               0         Hub Y rotation velocity, node 1, rad/s
        108   -1.673E-01                                 F               0         Hub Z rotation velocity, node 1, rad/s
        109    9.870E-01, -5.118E-03, -1.604E-01         F               0         Blade root 1 X orientation angle, node 1, rad
        110   -1.559E-01,  2.062E-01, -9.660E-01         F               0         Blade root 1 Y orientation angle, node 1, rad
        111    3.802E-02,  9.785E-01,  2.027E-01         F               0         Blade root 1 Z orientation angle, node 1, rad
        112    9.778E-01, -2.108E-02, -2.084E-01         F               0         Blade root 2 X orientation angle, node 1, rad
        113    1.546E-01,  7.440E-01,  6.501E-01         F               0         Blade root 2 Y orientation angle, node 1, rad
        114    1.413E-01, -6.679E-01,  7.307E-01         F               0         Blade root 2 Z orientation angle, node 1, rad
        115    9.798E-01,  2.920E-02, -1.980E-01         F               0         Blade root 3 X orientation angle, node 1, rad
        116    8.875E-02, -9.501E-01,  2.991E-01         F               0         Blade root 3 Y orientation angle, node 1, rad
        117   -1.793E-01, -3.106E-01, -9.335E-01         F               0         Blade root 3 Z orientation angle, node 1, rad
        118    2.453E+01                                 F               0         Blade 1 X translation displacement, node 1, m
        119    5.732E+00                                 F               0         Blade 1 Y translation displacement, node 1, m
        120   -4.108E+00                                 F               0         Blade 1 Z translation displacement, node 1, m
        121    2.444E+01                                 F               0         Blade 1 X translation displacement, node 2, m
        122    7.038E+00                                 F               0         Blade 1 Y translation displacement, node 2, m
        123   -5.165E+00                                 F               0         Blade 1 Z translation displacement, node 2, m
        124    2.323E+01                                 F               0         Blade 1 X translation displacement, node 3, m
        125    2.480E+01                                 F               0         Blade 1 Y translation displacement, node 3, m
        126   -1.954E+01                                 F               0         Blade 1 Z translation displacement, node 3, m
        127    2.297E+01                                 F               0         Blade 1 X translation displacement, node 4, m
        128    2.858E+01                                 F               0         Blade 1 Y translation displacement, node 4, m
        129   -2.260E+01                                 F               0         Blade 1 Z translation displacement, node 4, m
        130    2.272E+01                                 F               0         Blade 1 X translation displacement, node 5, m
        131    3.237E+01                                 F               0         Blade 1 Y translation displacement, node 5, m
        132   -2.566E+01                                 F               0         Blade 1 Z translation displacement, node 5, m
        133    2.246E+01                                 F               0         Blade 1 X translation displacement, node 6, m
        134    3.615E+01                                 F               0         Blade 1 Y translation displacement, node 6, m
        135   -2.872E+01                                 F               0         Blade 1 Z translation displacement, node 6, m
        136    2.220E+01                                 F               0         Blade 1 X translation displacement, node 7, m
        137    3.994E+01                                 F               0         Blade 1 Y translation displacement, node 7, m
        138   -3.179E+01                                 F               0         Blade 1 Z translation displacement, node 7, m
        139    2.194E+01                                 F               0         Blade 1 X translation displacement, node 8, m
        140    4.372E+01                                 F               0         Blade 1 Y translation displacement, node 8, m
        141   -3.485E+01                                 F               0         Blade 1 Z translation displacement, node 8, m
        142    2.169E+01                                 F               0         Blade 1 X translation displacement, node 9, m
        143    4.751E+01                                 F               0         Blade 1 Y translation displacement, node 9, m
        144   -3.791E+01                                 F               0         Blade 1 Z translation displacement, node 9, m
        145    2.143E+01                                 F               0         Blade 1 X translation displacement, node 10, m
        146    5.129E+01                                 F               0         Blade 1 Y translation displacement, node 10, m
        147   -4.097E+01                                 F               0         Blade 1 Z translation displacement, node 10, m
        148    2.117E+01                                 F               0         Blade 1 X translation displacement, node 11, m
        149    5.508E+01                                 F               0         Blade 1 Y translation displacement, node 11, m
        150   -4.404E+01                                 F               0         Blade 1 Z translation displacement, node 11, m
        151    2.091E+01                                 F               0         Blade 1 X translation displacement, node 12, m
        152    5.886E+01                                 F               0         Blade 1 Y translation displacement, node 12, m
        153   -4.710E+01                                 F               0         Blade 1 Z translation displacement, node 12, m
        154    2.066E+01                                 F               0         Blade 1 X translation displacement, node 13, m
        155    6.265E+01                                 F               0         Blade 1 Y translation displacement, node 13, m
        156   -5.016E+01                                 F               0         Blade 1 Z translation displacement, node 13, m
        157    2.040E+01                                 F               0         Blade 1 X translation displacement, node 14, m
        158    6.643E+01                                 F               0         Blade 1 Y translation displacement, node 14, m
        159   -5.322E+01                                 F               0         Blade 1 Z translation displacement, node 14, m
        160    2.014E+01                                 F               0         Blade 1 X translation displacement, node 15, m
        161    7.022E+01                                 F               0         Blade 1 Y translation displacement, node 15, m
        162   -5.629E+01                                 F               0         Blade 1 Z translation displacement, node 15, m
        163    1.989E+01                                 F               0         Blade 1 X translation displacement, node 16, m
        164    7.400E+01                                 F               0         Blade 1 Y translation displacement, node 16, m
        165   -5.935E+01                                 F               0         Blade 1 Z translation displacement, node 16, m
        166    1.963E+01                                 F               0         Blade 1 X translation displacement, node 17, m
        167    7.778E+01                                 F               0         Blade 1 Y translation displacement, node 17, m
        168   -6.241E+01                                 F               0         Blade 1 Z translation displacement, node 17, m
        169    1.937E+01                                 F               0         Blade 1 X translation displacement, node 18, m
        170    8.157E+01                                 F               0         Blade 1 Y translation displacement, node 18, m
        171   -6.547E+01                                 F               0         Blade 1 Z translation displacement, node 18, m
        172    1.911E+01                                 F               0         Blade 1 X translation displacement, node 19, m
        173    8.535E+01                                 F               0         Blade 1 Y translation displacement, node 19, m
        174   -6.854E+01                                 F               0         Blade 1 Z translation displacement, node 19, m
        175    1.886E+01                                 F               0         Blade 1 X translation displacement, node 20, m
        176    8.914E+01                                 F               0         Blade 1 Y translation displacement, node 20, m
        177   -7.160E+01                                 F               0         Blade 1 Z translation displacement, node 20, m
        178    1.860E+01                                 F               0         Blade 1 X translation displacement, node 21, m
        179    9.292E+01                                 F               0         Blade 1 Y translation displacement, node 21, m
        180   -7.466E+01                                 F               0         Blade 1 Z translation displacement, node 21, m
        181    1.834E+01                                 F               0         Blade 1 X translation displacement, node 22, m
        182    9.671E+01                                 F               0         Blade 1 Y translation displacement, node 22, m
        183   -7.772E+01                                 F               0         Blade 1 Z translation displacement, node 22, m
        184    1.809E+01                                 F               0         Blade 1 X translation displacement, node 23, m
        185    1.005E+02                                 F               0         Blade 1 Y translation displacement, node 23, m
        186   -8.079E+01                                 F               0         Blade 1 Z translation displacement, node 23, m
        187    1.783E+01                                 F               0         Blade 1 X translation displacement, node 24, m
        188    1.043E+02                                 F               0         Blade 1 Y translation displacement, node 24, m
        189   -8.385E+01                                 F               0         Blade 1 Z translation displacement, node 24, m
        190    1.757E+01                                 F               0         Blade 1 X translation displacement, node 25, m
        191    1.081E+02                                 F               0         Blade 1 Y translation displacement, node 25, m
        192   -8.691E+01                                 F               0         Blade 1 Z translation displacement, node 25, m
        193    1.731E+01                                 F               0         Blade 1 X translation displacement, node 26, m
        194    1.118E+02                                 F               0         Blade 1 Y translation displacement, node 26, m
        195   -8.997E+01                                 F               0         Blade 1 Z translation displacement, node 26, m
        196    1.706E+01                                 F               0         Blade 1 X translation displacement, node 27, m
        197    1.156E+02                                 F               0         Blade 1 Y translation displacement, node 27, m
        198   -9.304E+01                                 F               0         Blade 1 Z translation displacement, node 27, m
        199    1.684E+01                                 F               0         Blade 1 X translation displacement, node 28, m
        200    1.188E+02                                 F               0         Blade 1 Y translation displacement, node 28, m
        201   -9.563E+01                                 F               0         Blade 1 Z translation displacement, node 28, m
        202    9.495E-01, -9.859E-02,  2.977E-01         F               0         Blade 1 X orientation angle, node 1, rad
        203    3.113E-01,  1.812E-01, -9.329E-01         F               0         Blade 1 Y orientation angle, node 1, rad
        204    3.802E-02,  9.785E-01,  2.027E-01         F               0         Blade 1 Z orientation angle, node 1, rad
        205    9.495E-01, -9.859E-02,  2.977E-01         F               0         Blade 1 X orientation angle, node 2, rad
        206    3.113E-01,  1.812E-01, -9.329E-01         F               0         Blade 1 Y orientation angle, node 2, rad
        207    3.802E-02,  9.785E-01,  2.027E-01         F               0         Blade 1 Z orientation angle, node 2, rad
        208    9.963E-01, -5.284E-02,  6.817E-02         F               0         Blade 1 X orientation angle, node 3, rad
        209    7.741E-02,  1.994E-01, -9.769E-01         F               0         Blade 1 Y orientation angle, node 3, rad
        210    3.802E-02,  9.785E-01,  2.027E-01         F               0         Blade 1 Z orientation angle, node 3, rad
        211    9.987E-01, -4.437E-02,  2.686E-02         F               0         Blade 1 X orientation angle, node 4, rad
        212    3.528E-02,  2.014E-01, -9.789E-01         F               0         Blade 1 Y orientation angle, node 4, rad
        213    3.802E-02,  9.785E-01,  2.027E-01         F               0         Blade 1 Z orientation angle, node 4, rad
        214    9.993E-01, -3.767E-02, -5.609E-03         F               0         Blade 1 X orientation angle, node 5, rad
        215    2.147E-03,  2.028E-01, -9.792E-01         F               0         Blade 1 Y orientation angle, node 5, rad
        216    3.802E-02,  9.785E-01,  2.027E-01         F               0         Blade 1 Z orientation angle, node 5, rad
        217    9.990E-01, -3.227E-02, -3.158E-02         F               0         Blade 1 X orientation angle, node 6, rad
        218   -2.436E-02,  2.037E-01, -9.787E-01         F               0         Blade 1 Y orientation angle, node 6, rad
        219    3.802E-02,  9.785E-01,  2.027E-01         F               0         Blade 1 Z orientation angle, node 6, rad
        220    9.982E-01, -2.782E-02, -5.293E-02         F               0         Blade 1 X orientation angle, node 7, rad
        221   -4.615E-02,  2.044E-01, -9.778E-01         F               0         Blade 1 Y orientation angle, node 7, rad
        222    3.802E-02,  9.785E-01,  2.027E-01         F               0         Blade 1 Z orientation angle, node 7, rad
        223    9.972E-01, -2.411E-02, -7.066E-02         F               0         Blade 1 X orientation angle, node 8, rad
        224   -6.426E-02,  2.049E-01, -9.767E-01         F               0         Blade 1 Y orientation angle, node 8, rad
        225    3.802E-02,  9.785E-01,  2.027E-01         F               0         Blade 1 Z orientation angle, node 8, rad
        226    9.961E-01, -2.096E-02, -8.566E-02         F               0         Blade 1 X orientation angle, node 9, rad
        227   -7.957E-02,  2.052E-01, -9.755E-01         F               0         Blade 1 Y orientation angle, node 9, rad
        228    3.802E-02,  9.785E-01,  2.027E-01         F               0         Blade 1 Z orientation angle, node 9, rad
        229    9.950E-01, -1.823E-02, -9.859E-02         F               0         Blade 1 X orientation angle, node 10, rad
        230   -9.277E-02,  2.055E-01, -9.743E-01         F               0         Blade 1 Y orientation angle, node 10, rad
        231    3.802E-02,  9.785E-01,  2.027E-01         F               0         Blade 1 Z orientation angle, node 10, rad
        232    9.938E-01, -1.590E-02, -1.096E-01         F               0         Blade 1 X orientation angle, node 11, rad
        233   -1.041E-01,  2.057E-01, -9.731E-01         F               0         Blade 1 Y orientation angle, node 11, rad
        234    3.802E-02,  9.785E-01,  2.027E-01         F               0         Blade 1 Z orientation angle, node 11, rad
        235    9.928E-01, -1.386E-02, -1.193E-01         F               0         Blade 1 X orientation angle, node 12, rad
        236   -1.139E-01,  2.058E-01, -9.719E-01         F               0         Blade 1 Y orientation angle, node 12, rad
        237    3.802E-02,  9.785E-01,  2.027E-01         F               0         Blade 1 Z orientation angle, node 12, rad
        238    9.917E-01, -1.206E-02, -1.278E-01         F               0         Blade 1 X orientation angle, node 13, rad
        239   -1.226E-01,  2.059E-01, -9.709E-01         F               0         Blade 1 Y orientation angle, node 13, rad
        240    3.802E-02,  9.785E-01,  2.027E-01         F               0         Blade 1 Z orientation angle, node 13, rad
        241    9.907E-01, -1.044E-02, -1.354E-01         F               0         Blade 1 X orientation angle, node 14, rad
        242   -1.304E-01,  2.060E-01, -9.698E-01         F               0         Blade 1 Y orientation angle, node 14, rad
        243    3.802E-02,  9.785E-01,  2.027E-01         F               0         Blade 1 Z orientation angle, node 14, rad
        244    9.898E-01, -9.003E-03, -1.422E-01         F               0         Blade 1 X orientation angle, node 15, rad
        245   -1.373E-01,  2.061E-01, -9.689E-01         F               0         Blade 1 Y orientation angle, node 15, rad
        246    3.802E-02,  9.785E-01,  2.027E-01         F               0         Blade 1 Z orientation angle, node 15, rad
        247    9.889E-01, -7.708E-03, -1.483E-01         F               0         Blade 1 X orientation angle, node 16, rad
        248   -1.435E-01,  2.061E-01, -9.679E-01         F               0         Blade 1 Y orientation angle, node 16, rad
        249    3.802E-02,  9.785E-01,  2.027E-01         F               0         Blade 1 Z orientation angle, node 16, rad
        250    9.881E-01, -6.557E-03, -1.537E-01         F               0         Blade 1 X orientation angle, node 17, rad
        251   -1.490E-01,  2.062E-01, -9.671E-01         F               0         Blade 1 Y orientation angle, node 17, rad
        252    3.802E-02,  9.785E-01,  2.027E-01         F               0         Blade 1 Z orientation angle, node 17, rad
        253    9.873E-01, -5.478E-03, -1.587E-01         F               0         Blade 1 X orientation angle, node 18, rad
        254   -1.542E-01,  2.062E-01, -9.663E-01         F               0         Blade 1 Y orientation angle, node 18, rad
        255    3.802E-02,  9.785E-01,  2.027E-01         F               0         Blade 1 Z orientation angle, node 18, rad
        256    9.866E-01, -4.506E-03, -1.633E-01         F               0         Blade 1 X orientation angle, node 19, rad
        257   -1.589E-01,  2.062E-01, -9.655E-01         F               0         Blade 1 Y orientation angle, node 19, rad
        258    3.802E-02,  9.785E-01,  2.027E-01         F               0         Blade 1 Z orientation angle, node 19, rad
        259    9.859E-01, -3.642E-03, -1.673E-01         F               0         Blade 1 X orientation angle, node 20, rad
        260   -1.630E-01,  2.062E-01, -9.648E-01         F               0         Blade 1 Y orientation angle, node 20, rad
        261    3.802E-02,  9.785E-01,  2.027E-01         F               0         Blade 1 Z orientation angle, node 20, rad
        262    9.852E-01, -2.814E-03, -1.712E-01         F               0         Blade 1 X orientation angle, node 21, rad
        263   -1.669E-01,  2.062E-01, -9.642E-01         F               0         Blade 1 Y orientation angle, node 21, rad
        264    3.802E-02,  9.785E-01,  2.027E-01         F               0         Blade 1 Z orientation angle, node 21, rad
        265    9.846E-01, -2.058E-03, -1.747E-01         F               0         Blade 1 X orientation angle, node 22, rad
        266   -1.705E-01,  2.063E-01, -9.635E-01         F               0         Blade 1 Y orientation angle, node 22, rad
        267    3.802E-02,  9.785E-01,  2.027E-01         F               0         Blade 1 Z orientation angle, node 22, rad
        268    9.840E-01, -1.374E-03, -1.779E-01         F               0         Blade 1 X orientation angle, node 23, rad
        269   -1.738E-01,  2.063E-01, -9.629E-01         F               0         Blade 1 Y orientation angle, node 23, rad
        270    3.802E-02,  9.785E-01,  2.027E-01         F               0         Blade 1 Z orientation angle, node 23, rad
        271    9.835E-01, -7.261E-04, -1.809E-01         F               0         Blade 1 X orientation angle, node 24, rad
        272   -1.769E-01,  2.063E-01, -9.624E-01         F               0         Blade 1 Y orientation angle, node 24, rad
        273    3.802E-02,  9.785E-01,  2.027E-01         F               0         Blade 1 Z orientation angle, node 24, rad
        274    9.830E-01, -1.141E-04, -1.838E-01         F               0         Blade 1 X orientation angle, node 25, rad
        275   -1.798E-01,  2.063E-01, -9.618E-01         F               0         Blade 1 Y orientation angle, node 25, rad
        276    3.802E-02,  9.785E-01,  2.027E-01         F               0         Blade 1 Z orientation angle, node 25, rad
        277    9.825E-01,  4.259E-04, -1.863E-01         F               0         Blade 1 X orientation angle, node 26, rad
        278   -1.824E-01,  2.063E-01, -9.613E-01         F               0         Blade 1 Y orientation angle, node 26, rad
        279    3.802E-02,  9.785E-01,  2.027E-01         F               0         Blade 1 Z orientation angle, node 26, rad
        280    9.820E-01,  9.659E-04, -1.888E-01         F               0         Blade 1 X orientation angle, node 27, rad
        281   -1.850E-01,  2.063E-01, -9.609E-01         F               0         Blade 1 Y orientation angle, node 27, rad
        282    3.802E-02,  9.785E-01,  2.027E-01         F               0         Blade 1 Z orientation angle, node 27, rad
        283    9.818E-01,  1.254E-03, -1.902E-01         F               0         Blade 1 X orientation angle, node 28, rad
        284   -1.863E-01,  2.063E-01, -9.606E-01         F               0         Blade 1 Y orientation angle, node 28, rad
        285    3.802E-02,  9.785E-01,  2.027E-01         F               0         Blade 1 Z orientation angle, node 28, rad
        286    9.069E-01                                 F               0         Blade 1 X translation velocity, node 1, m/s
        287   -9.421E-01                                 F               0         Blade 1 Y translation velocity, node 1, m/s
        288    4.714E+00                                 F               0         Blade 1 Z translation velocity, node 1, m/s
        289    1.126E+00                                 F               0         Blade 1 X translation velocity, node 2, m/s
        290   -1.186E+00                                 F               0         Blade 1 Y translation velocity, node 2, m/s
        291    5.849E+00                                 F               0         Blade 1 Z translation velocity, node 2, m/s
        292    4.100E+00                                 F               0         Blade 1 X translation velocity, node 3, m/s
        293   -4.501E+00                                 F               0         Blade 1 Y translation velocity, node 3, m/s
        294    2.129E+01                                 F               0         Blade 1 Z translation velocity, node 3, m/s
        295    4.734E+00                                 F               0         Blade 1 X translation velocity, node 4, m/s
        296   -5.207E+00                                 F               0         Blade 1 Y translation velocity, node 4, m/s
        297    2.458E+01                                 F               0         Blade 1 Z translation velocity, node 4, m/s
        298    5.368E+00                                 F               0         Blade 1 X translation velocity, node 5, m/s
        299   -5.913E+00                                 F               0         Blade 1 Y translation velocity, node 5, m/s
        300    2.787E+01                                 F               0         Blade 1 Z translation velocity, node 5, m/s
        301    6.002E+00                                 F               0         Blade 1 X translation velocity, node 6, m/s
        302   -6.619E+00                                 F               0         Blade 1 Y translation velocity, node 6, m/s
        303    3.116E+01                                 F               0         Blade 1 Z translation velocity, node 6, m/s
        304    6.636E+00                                 F               0         Blade 1 X translation velocity, node 7, m/s
        305   -7.326E+00                                 F               0         Blade 1 Y translation velocity, node 7, m/s
        306    3.445E+01                                 F               0         Blade 1 Z translation velocity, node 7, m/s
        307    7.269E+00                                 F               0         Blade 1 X translation velocity, node 8, m/s
