
Linearized model: Predictions were generated on 06-Feb-2024 at 08:44:08 using OpenFAST, compiled as a 64-bit application using single precision at commit v3.5.1
 linked with  NWTC Subroutine Library; ElastoDyn; InflowWind; AeroDyn; ServoDyn; HydroDyn; MAP++ (<1.20.10>, <Oct-20-2023>)

Description from the FAST input file: CCT-9 Campign 4 model. Input files to be run with OpenFAST 3.5.0. GitHub branch from Lu Wang (https://github.com/luwang00/openfast/tree/dev) compiled on March 7, 2023.

Simulation information:
   Simulation time:                  2500.4000 s
   Rotor Speed:                         0.8859 rad/s
   Azimuth:                             3.5049 rad
   Wind Speed:                         10.0000 m/s
   Number of continuous states:         0
   Number of discrete states:           0
   Number of constraint states:         0
   Number of inputs:                 1746
   Number of outputs:                   4
   Jacobians included in this file?    No

Order of inputs:
     Column   Operating Point                     Rotating Frame? Derivative Order Description
   ---------- ---------------                     --------------- ---------------- -----------
          1    1.391E+01                                 F               0         Tower X translation displacement, node 1, m
          2    4.584E-02                                 F               0         Tower Y translation displacement, node 1, m
          3   -1.884E-01                                 F               0         Tower Z translation displacement, node 1, m
          4    1.488E+01                                 F               0         Tower X translation displacement, node 2, m
          5    5.995E-02                                 F               0         Tower Y translation displacement, node 2, m
          6   -2.269E-01                                 F               0         Tower Z translation displacement, node 2, m
          7    1.588E+01                                 F               0         Tower X translation displacement, node 3, m
          8    7.429E-02                                 F               0         Tower Y translation displacement, node 3, m
          9   -2.671E-01                                 F               0         Tower Z translation displacement, node 3, m
         10    1.689E+01                                 F               0         Tower X translation displacement, node 4, m
         11    8.881E-02                                 F               0         Tower Y translation displacement, node 4, m
         12   -3.085E-01                                 F               0         Tower Z translation displacement, node 4, m
         13    1.791E+01                                 F               0         Tower X translation displacement, node 5, m
         14    1.035E-01                                 F               0         Tower Y translation displacement, node 5, m
         15   -3.509E-01                                 F               0         Tower Z translation displacement, node 5, m
         16    1.894E+01                                 F               0         Tower X translation displacement, node 6, m
         17    1.183E-01                                 F               0         Tower Y translation displacement, node 6, m
         18   -3.942E-01                                 F               0         Tower Z translation displacement, node 6, m
         19    1.998E+01                                 F               0         Tower X translation displacement, node 7, m
         20    1.332E-01                                 F               0         Tower Y translation displacement, node 7, m
         21   -4.380E-01                                 F               0         Tower Z translation displacement, node 7, m
         22    2.103E+01                                 F               0         Tower X translation displacement, node 8, m
         23    1.482E-01                                 F               0         Tower Y translation displacement, node 8, m
         24   -4.824E-01                                 F               0         Tower Z translation displacement, node 8, m
         25    2.208E+01                                 F               0         Tower X translation displacement, node 9, m
         26    1.632E-01                                 F               0         Tower Y translation displacement, node 9, m
         27   -5.271E-01                                 F               0         Tower Z translation displacement, node 9, m
         28    2.313E+01                                 F               0         Tower X translation displacement, node 10, m
         29    1.783E-01                                 F               0         Tower Y translation displacement, node 10, m
         30   -5.720E-01                                 F               0         Tower Z translation displacement, node 10, m
         31    2.418E+01                                 F               0         Tower X translation displacement, node 11, m
         32    1.934E-01                                 F               0         Tower Y translation displacement, node 11, m
         33   -6.170E-01                                 F               0         Tower Z translation displacement, node 11, m
         34    9.969E-01,  1.029E-03, -7.829E-02         F               0         Tower X orientation angle, node 1, rad
         35   -1.114E-03,  1.000E+00, -1.051E-03         F               0         Tower Y orientation angle, node 1, rad
         36    7.829E-02,  1.135E-03,  9.969E-01         F               0         Tower Z orientation angle, node 1, rad
         37    9.968E-01,  1.027E-03, -7.982E-02         F               0         Tower X orientation angle, node 2, rad
         38   -1.115E-03,  1.000E+00, -1.066E-03         F               0         Tower Y orientation angle, node 2, rad
         39    7.982E-02,  1.152E-03,  9.968E-01         F               0         Tower Z orientation angle, node 2, rad
         40    9.967E-01,  1.025E-03, -8.116E-02         F               0         Tower X orientation angle, node 3, rad
         41   -1.117E-03,  1.000E+00, -1.080E-03         F               0         Tower Y orientation angle, node 3, rad
         42    8.116E-02,  1.167E-03,  9.967E-01         F               0         Tower Z orientation angle, node 3, rad
         43    9.966E-01,  1.024E-03, -8.228E-02         F               0         Tower X orientation angle, node 4, rad
         44   -1.118E-03,  1.000E+00, -1.093E-03         F               0         Tower Y orientation angle, node 4, rad
         45    8.227E-02,  1.181E-03,  9.966E-01         F               0         Tower Z orientation angle, node 4, rad
         46    9.965E-01,  1.023E-03, -8.319E-02         F               0         Tower X orientation angle, node 5, rad
         47   -1.118E-03,  1.000E+00, -1.103E-03         F               0         Tower Y orientation angle, node 5, rad
         48    8.319E-02,  1.192E-03,  9.965E-01         F               0         Tower Z orientation angle, node 5, rad
         49    9.965E-01,  1.022E-03, -8.391E-02         F               0         Tower X orientation angle, node 6, rad
         50   -1.119E-03,  1.000E+00, -1.112E-03         F               0         Tower Y orientation angle, node 6, rad
         51    8.391E-02,  1.202E-03,  9.965E-01         F               0         Tower Z orientation angle, node 6, rad
         52    9.964E-01,  1.021E-03, -8.444E-02         F               0         Tower X orientation angle, node 7, rad
         53   -1.120E-03,  1.000E+00, -1.119E-03         F               0         Tower Y orientation angle, node 7, rad
         54    8.444E-02,  1.210E-03,  9.964E-01         F               0         Tower Z orientation angle, node 7, rad
         55    9.964E-01,  1.021E-03, -8.482E-02         F               0         Tower X orientation angle, node 8, rad
         56   -1.120E-03,  1.000E+00, -1.125E-03         F               0         Tower Y orientation angle, node 8, rad
         57    8.482E-02,  1.216E-03,  9.964E-01         F               0         Tower Z orientation angle, node 8, rad
         58    9.964E-01,  1.021E-03, -8.508E-02         F               0         Tower X orientation angle, node 9, rad
         59   -1.121E-03,  1.000E+00, -1.129E-03         F               0         Tower Y orientation angle, node 9, rad
         60    8.508E-02,  1.220E-03,  9.964E-01         F               0         Tower Z orientation angle, node 9, rad
         61    9.964E-01,  1.020E-03, -8.523E-02         F               0         Tower X orientation angle, node 10, rad
         62   -1.121E-03,  1.000E+00, -1.131E-03         F               0         Tower Y orientation angle, node 10, rad
         63    8.523E-02,  1.223E-03,  9.964E-01         F               0         Tower Z orientation angle, node 10, rad
         64    9.964E-01,  1.020E-03, -8.531E-02         F               0         Tower X orientation angle, node 11, rad
         65   -1.121E-03,  1.000E+00, -1.133E-03         F               0         Tower Y orientation angle, node 11, rad
         66    8.530E-02,  1.224E-03,  9.964E-01         F               0         Tower Z orientation angle, node 11, rad
         67    3.087E-04                                 F               0         Tower X translation velocity, node 1, m/s
         68    9.184E-03                                 F               0         Tower Y translation velocity, node 1, m/s
         69    2.443E-03                                 F               0         Tower Z translation velocity, node 1, m/s
         70    3.590E-04                                 F               0         Tower X translation velocity, node 2, m/s
         71    1.565E-02                                 F               0         Tower Y translation velocity, node 2, m/s
         72    2.432E-03                                 F               0         Tower Z translation velocity, node 2, m/s
         73    3.899E-04                                 F               0         Tower X translation velocity, node 3, m/s
         74    2.229E-02                                 F               0         Tower Y translation velocity, node 3, m/s
         75    2.422E-03                                 F               0         Tower Z translation velocity, node 3, m/s
         76    4.053E-04                                 F               0         Tower X translation velocity, node 4, m/s
         77    2.906E-02                                 F               0         Tower Y translation velocity, node 4, m/s
         78    2.412E-03                                 F               0         Tower Z translation velocity, node 4, m/s
         79    4.067E-04                                 F               0         Tower X translation velocity, node 5, m/s
         80    3.595E-02                                 F               0         Tower Y translation velocity, node 5, m/s
         81    2.404E-03                                 F               0         Tower Z translation velocity, node 5, m/s
         82    3.961E-04                                 F               0         Tower X translation velocity, node 6, m/s
         83    4.294E-02                                 F               0         Tower Y translation velocity, node 6, m/s
         84    2.397E-03                                 F               0         Tower Z translation velocity, node 6, m/s
         85    3.761E-04                                 F               0         Tower X translation velocity, node 7, m/s
         86    5.001E-02                                 F               0         Tower Y translation velocity, node 7, m/s
         87    2.390E-03                                 F               0         Tower Z translation velocity, node 7, m/s
         88    3.474E-04                                 F               0         Tower X translation velocity, node 8, m/s
         89    5.715E-02                                 F               0         Tower Y translation velocity, node 8, m/s
         90    2.384E-03                                 F               0         Tower Z translation velocity, node 8, m/s
         91    3.120E-04                                 F               0         Tower X translation velocity, node 9, m/s
         92    6.434E-02                                 F               0         Tower Y translation velocity, node 9, m/s
         93    2.378E-03                                 F               0         Tower Z translation velocity, node 9, m/s
         94    2.719E-04                                 F               0         Tower X translation velocity, node 10, m/s
         95    7.157E-02                                 F               0         Tower Y translation velocity, node 10, m/s
         96    2.372E-03                                 F               0         Tower Z translation velocity, node 10, m/s
         97    2.287E-04                                 F               0         Tower X translation velocity, node 11, m/s
         98    7.882E-02                                 F               0         Tower Y translation velocity, node 11, m/s
         99    2.367E-03                                 F               0         Tower Z translation velocity, node 11, m/s
        100    2.489E+01                                 F               0         Hub X translation displacement, node 1, m
        101    1.920E-01                                 F               0         Hub Y translation displacement, node 1, m
        102    2.757E-01                                 F               0         Hub Z translation displacement, node 1, m
        103    9.820E-01,  8.867E-04, -1.890E-01         F               0         Hub X orientation angle, node 1, rad
        104   -6.612E-02, -9.352E-01, -3.479E-01         F               0         Hub Y orientation angle, node 1, rad
        105   -1.770E-01,  3.542E-01, -9.183E-01         F               0         Hub Z orientation angle, node 1, rad
        106    8.694E-01                                 F               0         Hub X rotation velocity, node 1, rad/s
        107    7.822E-04                                 F               0         Hub Y rotation velocity, node 1, rad/s
        108   -1.672E-01                                 F               0         Hub Z rotation velocity, node 1, rad/s
        109    9.835E-01,  2.863E-02, -1.786E-01         F               0         Blade root 1 X orientation angle, node 1, rad
        110   -3.696E-02, -9.347E-01, -3.534E-01         F               0         Blade root 1 Y orientation angle, node 1, rad
        111   -1.770E-01,  3.542E-01, -9.183E-01         F               0         Blade root 1 Z orientation angle, node 1, rad
        112    9.851E-01, -2.208E-02, -1.705E-01         F               0         Blade root 2 X orientation angle, node 1, rad
        113   -9.108E-02,  7.740E-01, -6.266E-01         F               0         Blade root 2 Y orientation angle, node 1, rad
        114    1.458E-01,  6.328E-01,  7.605E-01         F               0         Blade root 2 Z orientation angle, node 1, rad
        115    9.760E-01, -3.886E-03, -2.177E-01         F               0         Blade root 3 X orientation angle, node 1, rad
        116    2.154E-01,  1.608E-01,  9.632E-01         F               0         Blade root 3 Y orientation angle, node 1, rad
        117    3.126E-02, -9.870E-01,  1.578E-01         F               0         Blade root 3 Z orientation angle, node 1, rad
        118    2.333E+01                                 F               0         Blade 1 X translation displacement, node 1, m
        119    2.154E+00                                 F               0         Blade 1 Y translation displacement, node 1, m
        120   -1.032E+01                                 F               0         Blade 1 Z translation displacement, node 1, m
        121    2.296E+01                                 F               0         Blade 1 X translation displacement, node 2, m
        122    2.627E+00                                 F               0         Blade 1 Y translation displacement, node 2, m
        123   -1.287E+01                                 F               0         Blade 1 Z translation displacement, node 2, m
        124    1.785E+01                                 F               0         Blade 1 X translation displacement, node 3, m
        125    9.056E+00                                 F               0         Blade 1 Y translation displacement, node 3, m
        126   -4.760E+01                                 F               0         Blade 1 Z translation displacement, node 3, m
        127    1.676E+01                                 F               0         Blade 1 X translation displacement, node 4, m
        128    1.043E+01                                 F               0         Blade 1 Y translation displacement, node 4, m
        129   -5.499E+01                                 F               0         Blade 1 Z translation displacement, node 4, m
        130    1.567E+01                                 F               0         Blade 1 X translation displacement, node 5, m
        131    1.180E+01                                 F               0         Blade 1 Y translation displacement, node 5, m
        132   -6.239E+01                                 F               0         Blade 1 Z translation displacement, node 5, m
        133    1.458E+01                                 F               0         Blade 1 X translation displacement, node 6, m
        134    1.317E+01                                 F               0         Blade 1 Y translation displacement, node 6, m
        135   -6.979E+01                                 F               0         Blade 1 Z translation displacement, node 6, m
        136    1.349E+01                                 F               0         Blade 1 X translation displacement, node 7, m
        137    1.454E+01                                 F               0         Blade 1 Y translation displacement, node 7, m
        138   -7.719E+01                                 F               0         Blade 1 Z translation displacement, node 7, m
        139    1.240E+01                                 F               0         Blade 1 X translation displacement, node 8, m
        140    1.591E+01                                 F               0         Blade 1 Y translation displacement, node 8, m
        141   -8.459E+01                                 F               0         Blade 1 Z translation displacement, node 8, m
        142    1.131E+01                                 F               0         Blade 1 X translation displacement, node 9, m
        143    1.727E+01                                 F               0         Blade 1 Y translation displacement, node 9, m
        144   -9.199E+01                                 F               0         Blade 1 Z translation displacement, node 9, m
        145    1.022E+01                                 F               0         Blade 1 X translation displacement, node 10, m
        146    1.864E+01                                 F               0         Blade 1 Y translation displacement, node 10, m
        147   -9.938E+01                                 F               0         Blade 1 Z translation displacement, node 10, m
        148    9.134E+00                                 F               0         Blade 1 X translation displacement, node 11, m
        149    2.001E+01                                 F               0         Blade 1 Y translation displacement, node 11, m
        150   -1.068E+02                                 F               0         Blade 1 Z translation displacement, node 11, m
        151    8.045E+00                                 F               0         Blade 1 X translation displacement, node 12, m
        152    2.138E+01                                 F               0         Blade 1 Y translation displacement, node 12, m
        153   -1.142E+02                                 F               0         Blade 1 Z translation displacement, node 12, m
        154    6.956E+00                                 F               0         Blade 1 X translation displacement, node 13, m
        155    2.275E+01                                 F               0         Blade 1 Y translation displacement, node 13, m
        156   -1.216E+02                                 F               0         Blade 1 Z translation displacement, node 13, m
        157    5.867E+00                                 F               0         Blade 1 X translation displacement, node 14, m
        158    2.412E+01                                 F               0         Blade 1 Y translation displacement, node 14, m
        159   -1.290E+02                                 F               0         Blade 1 Z translation displacement, node 14, m
        160    4.778E+00                                 F               0         Blade 1 X translation displacement, node 15, m
        161    2.549E+01                                 F               0         Blade 1 Y translation displacement, node 15, m
        162   -1.364E+02                                 F               0         Blade 1 Z translation displacement, node 15, m
        163    3.689E+00                                 F               0         Blade 1 X translation displacement, node 16, m
        164    2.686E+01                                 F               0         Blade 1 Y translation displacement, node 16, m
        165   -1.438E+02                                 F               0         Blade 1 Z translation displacement, node 16, m
        166    2.600E+00                                 F               0         Blade 1 X translation displacement, node 17, m
        167    2.823E+01                                 F               0         Blade 1 Y translation displacement, node 17, m
        168   -1.512E+02                                 F               0         Blade 1 Z translation displacement, node 17, m
        169    1.511E+00                                 F               0         Blade 1 X translation displacement, node 18, m
        170    2.960E+01                                 F               0         Blade 1 Y translation displacement, node 18, m
        171   -1.586E+02                                 F               0         Blade 1 Z translation displacement, node 18, m
        172    4.220E-01                                 F               0         Blade 1 X translation displacement, node 19, m
        173    3.097E+01                                 F               0         Blade 1 Y translation displacement, node 19, m
        174   -1.660E+02                                 F               0         Blade 1 Z translation displacement, node 19, m
        175   -6.670E-01                                 F               0         Blade 1 X translation displacement, node 20, m
        176    3.234E+01                                 F               0         Blade 1 Y translation displacement, node 20, m
        177   -1.734E+02                                 F               0         Blade 1 Z translation displacement, node 20, m
        178   -1.756E+00                                 F               0         Blade 1 X translation displacement, node 21, m
        179    3.371E+01                                 F               0         Blade 1 Y translation displacement, node 21, m
        180   -1.808E+02                                 F               0         Blade 1 Z translation displacement, node 21, m
        181   -2.845E+00                                 F               0         Blade 1 X translation displacement, node 22, m
        182    3.508E+01                                 F               0         Blade 1 Y translation displacement, node 22, m
        183   -1.882E+02                                 F               0         Blade 1 Z translation displacement, node 22, m
        184   -3.934E+00                                 F               0         Blade 1 X translation displacement, node 23, m
        185    3.645E+01                                 F               0         Blade 1 Y translation displacement, node 23, m
        186   -1.956E+02                                 F               0         Blade 1 Z translation displacement, node 23, m
        187   -5.023E+00                                 F               0         Blade 1 X translation displacement, node 24, m
        188    3.782E+01                                 F               0         Blade 1 Y translation displacement, node 24, m
        189   -2.030E+02                                 F               0         Blade 1 Z translation displacement, node 24, m
        190   -6.112E+00                                 F               0         Blade 1 X translation displacement, node 25, m
        191    3.919E+01                                 F               0         Blade 1 Y translation displacement, node 25, m
        192   -2.104E+02                                 F               0         Blade 1 Z translation displacement, node 25, m
        193   -7.201E+00                                 F               0         Blade 1 X translation displacement, node 26, m
        194    4.056E+01                                 F               0         Blade 1 Y translation displacement, node 26, m
        195   -2.178E+02                                 F               0         Blade 1 Z translation displacement, node 26, m
        196   -8.290E+00                                 F               0         Blade 1 X translation displacement, node 27, m
        197    4.193E+01                                 F               0         Blade 1 Y translation displacement, node 27, m
        198   -2.252E+02                                 F               0         Blade 1 Z translation displacement, node 27, m
        199   -9.213E+00                                 F               0         Blade 1 X translation displacement, node 28, m
        200    4.309E+01                                 F               0         Blade 1 Y translation displacement, node 28, m
        201   -2.314E+02                                 F               0         Blade 1 Z translation displacement, node 28, m
        202    8.922E-01,  4.517E-01,  2.220E-03         F               0         Blade 1 X orientation angle, node 1, rad
        203    4.156E-01, -8.188E-01, -3.959E-01         F               0         Blade 1 Y orientation angle, node 1, rad
        204   -1.770E-01,  3.542E-01, -9.183E-01         F               0         Blade 1 Z orientation angle, node 1, rad
        205    8.922E-01,  4.517E-01,  2.220E-03         F               0         Blade 1 X orientation angle, node 2, rad
        206    4.156E-01, -8.188E-01, -3.959E-01         F               0         Blade 1 Y orientation angle, node 2, rad
        207   -1.770E-01,  3.542E-01, -9.183E-01         F               0         Blade 1 Z orientation angle, node 2, rad
        208    9.652E-01,  2.448E-01, -9.169E-02         F               0         Blade 1 X orientation angle, node 3, rad
        209    1.923E-01, -9.026E-01, -3.852E-01         F               0         Blade 1 Y orientation angle, node 3, rad
        210   -1.770E-01,  3.542E-01, -9.183E-01         F               0         Blade 1 Z orientation angle, node 3, rad
        211    9.725E-01,  2.065E-01, -1.079E-01         F               0         Blade 1 X orientation angle, node 4, rad
        212    1.514E-01, -9.121E-01, -3.810E-01         F               0         Blade 1 Y orientation angle, node 4, rad
        213   -1.770E-01,  3.542E-01, -9.183E-01         F               0         Blade 1 Z orientation angle, node 4, rad
        214    9.770E-01,  1.761E-01, -1.204E-01         F               0         Blade 1 X orientation angle, node 5, rad
        215    1.191E-01, -9.185E-01, -3.772E-01         F               0         Blade 1 Y orientation angle, node 5, rad
        216   -1.770E-01,  3.542E-01, -9.183E-01         F               0         Blade 1 Z orientation angle, node 5, rad
        217    9.798E-01,  1.517E-01, -1.304E-01         F               0         Blade 1 X orientation angle, node 6, rad
        218    9.310E-02, -9.228E-01, -3.739E-01         F               0         Blade 1 Y orientation angle, node 6, rad
        219   -1.770E-01,  3.542E-01, -9.183E-01         F               0         Blade 1 Z orientation angle, node 6, rad
        220    9.816E-01,  1.315E-01, -1.385E-01         F               0         Blade 1 X orientation angle, node 7, rad
        221    7.170E-02, -9.259E-01, -3.709E-01         F               0         Blade 1 Y orientation angle, node 7, rad
        222   -1.770E-01,  3.542E-01, -9.183E-01         F               0         Blade 1 Z orientation angle, node 7, rad
        223    9.827E-01,  1.147E-01, -1.452E-01         F               0         Blade 1 X orientation angle, node 8, rad
        224    5.388E-02, -9.281E-01, -3.684E-01         F               0         Blade 1 Y orientation angle, node 8, rad
        225   -1.770E-01,  3.542E-01, -9.183E-01         F               0         Blade 1 Z orientation angle, node 8, rad
        226    9.834E-01,  1.004E-01, -1.509E-01         F               0         Blade 1 X orientation angle, node 9, rad
        227    3.878E-02, -9.298E-01, -3.661E-01         F               0         Blade 1 Y orientation angle, node 9, rad
        228   -1.770E-01,  3.542E-01, -9.183E-01         F               0         Blade 1 Z orientation angle, node 9, rad
        229    9.839E-01,  8.808E-02, -1.557E-01         F               0         Blade 1 X orientation angle, node 10, rad
        230    2.573E-02, -9.310E-01, -3.640E-01         F               0         Blade 1 Y orientation angle, node 10, rad
        231   -1.770E-01,  3.542E-01, -9.183E-01         F               0         Blade 1 Z orientation angle, node 10, rad
        232    9.841E-01,  7.751E-02, -1.598E-01         F               0         Blade 1 X orientation angle, node 11, rad
        233    1.457E-02, -9.320E-01, -3.623E-01         F               0         Blade 1 Y orientation angle, node 11, rad
        234   -1.770E-01,  3.542E-01, -9.183E-01         F               0         Blade 1 Z orientation angle, node 11, rad
        235    9.842E-01,  6.824E-02, -1.634E-01         F               0         Blade 1 X orientation angle, node 12, rad
        236    4.775E-03, -9.327E-01, -3.606E-01         F               0         Blade 1 Y orientation angle, node 12, rad
        237   -1.770E-01,  3.542E-01, -9.183E-01         F               0         Blade 1 Z orientation angle, node 12, rad
        238    9.842E-01,  6.009E-02, -1.666E-01         F               0         Blade 1 X orientation angle, node 13, rad
        239   -3.813E-03, -9.332E-01, -3.592E-01         F               0         Blade 1 Y orientation angle, node 13, rad
        240   -1.770E-01,  3.542E-01, -9.183E-01         F               0         Blade 1 Z orientation angle, node 13, rad
        241    9.841E-01,  5.276E-02, -1.694E-01         F               0         Blade 1 X orientation angle, node 14, rad
        242   -1.154E-02, -9.337E-01, -3.579E-01         F               0         Blade 1 Y orientation angle, node 14, rad
        243   -1.770E-01,  3.542E-01, -9.183E-01         F               0         Blade 1 Z orientation angle, node 14, rad
        244    9.840E-01,  4.624E-02, -1.719E-01         F               0         Blade 1 X orientation angle, node 15, rad
        245   -1.841E-02, -9.340E-01, -3.567E-01         F               0         Blade 1 Y orientation angle, node 15, rad
        246   -1.770E-01,  3.542E-01, -9.183E-01         F               0         Blade 1 Z orientation angle, node 15, rad
        247    9.839E-01,  4.037E-02, -1.741E-01         F               0         Blade 1 X orientation angle, node 16, rad
        248   -2.460E-02, -9.343E-01, -3.556E-01         F               0         Blade 1 Y orientation angle, node 16, rad
        249   -1.770E-01,  3.542E-01, -9.183E-01         F               0         Blade 1 Z orientation angle, node 16, rad
        250    9.837E-01,  3.515E-02, -1.761E-01         F               0         Blade 1 X orientation angle, node 17, rad
        251   -3.009E-02, -9.345E-01, -3.546E-01         F               0         Blade 1 Y orientation angle, node 17, rad
        252   -1.770E-01,  3.542E-01, -9.183E-01         F               0         Blade 1 Z orientation angle, node 17, rad
        253    9.836E-01,  3.026E-02, -1.780E-01         F               0         Blade 1 X orientation angle, node 18, rad
        254   -3.524E-02, -9.347E-01, -3.537E-01         F               0         Blade 1 Y orientation angle, node 18, rad
        255   -1.770E-01,  3.542E-01, -9.183E-01         F               0         Blade 1 Z orientation angle, node 18, rad
        256    9.834E-01,  2.586E-02, -1.796E-01         F               0         Blade 1 X orientation angle, node 19, rad
        257   -3.988E-02, -9.348E-01, -3.529E-01         F               0         Blade 1 Y orientation angle, node 19, rad
        258   -1.770E-01,  3.542E-01, -9.183E-01         F               0         Blade 1 Z orientation angle, node 19, rad
        259    9.832E-01,  2.194E-02, -1.811E-01         F               0         Blade 1 X orientation angle, node 20, rad
        260   -4.399E-02, -9.349E-01, -3.521E-01         F               0         Blade 1 Y orientation angle, node 20, rad
        261   -1.770E-01,  3.542E-01, -9.183E-01         F               0         Blade 1 Z orientation angle, node 20, rad
        262    9.830E-01,  1.819E-02, -1.825E-01         F               0         Blade 1 X orientation angle, node 21, rad
        263   -4.794E-02, -9.350E-01, -3.514E-01         F               0         Blade 1 Y orientation angle, node 21, rad
        264   -1.770E-01,  3.542E-01, -9.183E-01         F               0         Blade 1 Z orientation angle, node 21, rad
        265    9.829E-01,  1.476E-02, -1.838E-01         F               0         Blade 1 X orientation angle, node 22, rad
        266   -5.154E-02, -9.351E-01, -3.507E-01         F               0         Blade 1 Y orientation angle, node 22, rad
        267   -1.770E-01,  3.542E-01, -9.183E-01         F               0         Blade 1 Z orientation angle, node 22, rad
        268    9.827E-01,  1.166E-02, -1.850E-01         F               0         Blade 1 X orientation angle, node 23, rad
        269   -5.480E-02, -9.351E-01, -3.501E-01         F               0         Blade 1 Y orientation angle, node 23, rad
        270   -1.770E-01,  3.542E-01, -9.183E-01         F               0         Blade 1 Z orientation angle, node 23, rad
        271    9.825E-01,  8.721E-03, -1.861E-01         F               0         Blade 1 X orientation angle, node 24, rad
        272   -5.789E-02, -9.351E-01, -3.495E-01         F               0         Blade 1 Y orientation angle, node 24, rad
        273   -1.770E-01,  3.542E-01, -9.183E-01         F               0         Blade 1 Z orientation angle, node 24, rad
        274    9.823E-01,  5.946E-03, -1.871E-01         F               0         Blade 1 X orientation angle, node 25, rad
        275   -6.080E-02, -9.352E-01, -3.490E-01         F               0         Blade 1 Y orientation angle, node 25, rad
        276   -1.770E-01,  3.542E-01, -9.183E-01         F               0         Blade 1 Z orientation angle, node 25, rad
        277    9.822E-01,  3.498E-03, -1.880E-01         F               0         Blade 1 X orientation angle, node 26, rad
        278   -6.338E-02, -9.352E-01, -3.485E-01         F               0         Blade 1 Y orientation angle, node 26, rad
        279   -1.770E-01,  3.542E-01, -9.183E-01         F               0         Blade 1 Z orientation angle, node 26, rad
        280    9.820E-01,  1.050E-03, -1.889E-01         F               0         Blade 1 X orientation angle, node 27, rad
        281   -6.595E-02, -9.352E-01, -3.480E-01         F               0         Blade 1 Y orientation angle, node 27, rad
        282   -1.770E-01,  3.542E-01, -9.183E-01         F               0         Blade 1 Z orientation angle, node 27, rad
        283    9.819E-01, -2.559E-04, -1.894E-01         F               0         Blade 1 X orientation angle, node 28, rad
        284   -6.732E-02, -9.352E-01, -3.477E-01         F               0         Blade 1 Y orientation angle, node 28, rad
        285   -1.770E-01,  3.542E-01, -9.183E-01         F               0         Blade 1 Z orientation angle, node 28, rad
        286    3.243E-01                                 F               0         Blade 1 X translation velocity, node 1, m/s
        287    4.669E+00                                 F               0         Blade 1 Y translation velocity, node 1, m/s
        288    1.709E+00                                 F               0         Blade 1 Z translation velocity, node 1, m/s
        289    4.025E-01                                 F               0         Blade 1 X translation velocity, node 2, m/s
        290    5.774E+00                                 F               0         Blade 1 Y translation velocity, node 2, m/s
        291    2.120E+00                                 F               0         Blade 1 Z translation velocity, node 2, m/s
        292    1.465E+00                                 F               0         Blade 1 X translation velocity, node 3, m/s
        293    2.080E+01                                 F               0         Blade 1 Y translation velocity, node 3, m/s
        294    7.712E+00                                 F               0         Blade 1 Z translation velocity, node 3, m/s
        295    1.691E+00                                 F               0         Blade 1 X translation velocity, node 4, m/s
        296    2.400E+01                                 F               0         Blade 1 Y translation velocity, node 4, m/s
        297    8.903E+00                                 F               0         Blade 1 Z translation velocity, node 4, m/s
        298    1.917E+00                                 F               0         Blade 1 X translation velocity, node 5, m/s
        299    2.721E+01                                 F               0         Blade 1 Y translation velocity, node 5, m/s
        300    1.009E+01                                 F               0         Blade 1 Z translation velocity, node 5, m/s
        301    2.143E+00                                 F               0         Blade 1 X translation velocity, node 6, m/s
        302    3.041E+01                                 F               0         Blade 1 Y translation velocity, node 6, m/s
        303    1.129E+01                                 F               0         Blade 1 Z translation velocity, node 6, m/s
        304    2.370E+00                                 F               0         Blade 1 X translation velocity, node 7, m/s
        305    3.361E+01                                 F               0         Blade 1 Y translation velocity, node 7, m/s
        306    1.248E+01                                 F               0         Blade 1 Z translation velocity, node 7, m/s
        307    2.596E+00                                 F               0         Blade 1 X translation velocity, node 8, m/s
