
Linearized model: Predictions were generated on 06-Feb-2024 at 08:44:08 using OpenFAST, compiled as a 64-bit application using single precision at commit v3.5.1
 linked with  NWTC Subroutine Library; ElastoDyn; InflowWind; AeroDyn; ServoDyn; HydroDyn; MAP++ (<1.20.10>, <Oct-20-2023>)

Description from the FAST input file: CCT-9 Campign 4 model. Input files to be run with OpenFAST 3.5.0. GitHub branch from Lu Wang (https://github.com/luwang00/openfast/tree/dev) compiled on March 7, 2023.

Simulation information:
   Simulation time:                  2502.8000 s
   Rotor Speed:                         0.8856 rad/s
   Azimuth:                             5.6309 rad
   Wind Speed:                         10.0000 m/s
   Number of continuous states:         0
   Number of discrete states:           0
   Number of constraint states:         0
   Number of inputs:                 1746
   Number of outputs:                   4
   Jacobians included in this file?    No

Order of inputs:
     Column   Operating Point                     Rotating Frame? Derivative Order Description
   ---------- ---------------                     --------------- ---------------- -----------
          1    1.391E+01                                 F               0         Tower X translation displacement, node 1, m
          2    6.563E-02                                 F               0         Tower Y translation displacement, node 1, m
          3   -1.840E-01                                 F               0         Tower Z translation displacement, node 1, m
          4    1.488E+01                                 F               0         Tower X translation displacement, node 2, m
          5    9.353E-02                                 F               0         Tower Y translation displacement, node 2, m
          6   -2.226E-01                                 F               0         Tower Z translation displacement, node 2, m
          7    1.588E+01                                 F               0         Tower X translation displacement, node 3, m
          8    1.219E-01                                 F               0         Tower Y translation displacement, node 3, m
          9   -2.628E-01                                 F               0         Tower Z translation displacement, node 3, m
         10    1.689E+01                                 F               0         Tower X translation displacement, node 4, m
         11    1.508E-01                                 F               0         Tower Y translation displacement, node 4, m
         12   -3.042E-01                                 F               0         Tower Z translation displacement, node 4, m
         13    1.791E+01                                 F               0         Tower X translation displacement, node 5, m
         14    1.799E-01                                 F               0         Tower Y translation displacement, node 5, m
         15   -3.467E-01                                 F               0         Tower Z translation displacement, node 5, m
         16    1.894E+01                                 F               0         Tower X translation displacement, node 6, m
         17    2.094E-01                                 F               0         Tower Y translation displacement, node 6, m
         18   -3.900E-01                                 F               0         Tower Z translation displacement, node 6, m
         19    1.998E+01                                 F               0         Tower X translation displacement, node 7, m
         20    2.391E-01                                 F               0         Tower Y translation displacement, node 7, m
         21   -4.338E-01                                 F               0         Tower Z translation displacement, node 7, m
         22    2.103E+01                                 F               0         Tower X translation displacement, node 8, m
         23    2.690E-01                                 F               0         Tower Y translation displacement, node 8, m
         24   -4.782E-01                                 F               0         Tower Z translation displacement, node 8, m
         25    2.208E+01                                 F               0         Tower X translation displacement, node 9, m
         26    2.990E-01                                 F               0         Tower Y translation displacement, node 9, m
         27   -5.229E-01                                 F               0         Tower Z translation displacement, node 9, m
         28    2.313E+01                                 F               0         Tower X translation displacement, node 10, m
         29    3.292E-01                                 F               0         Tower Y translation displacement, node 10, m
         30   -5.679E-01                                 F               0         Tower Z translation displacement, node 10, m
         31    2.418E+01                                 F               0         Tower X translation displacement, node 11, m
         32    3.594E-01                                 F               0         Tower Y translation displacement, node 11, m
         33   -6.129E-01                                 F               0         Tower Z translation displacement, node 11, m
         34    9.969E-01,  1.301E-03, -7.829E-02         F               0         Tower X orientation angle, node 1, rad
         35   -1.472E-03,  1.000E+00, -2.134E-03         F               0         Tower Y orientation angle, node 1, rad
         36    7.828E-02,  2.243E-03,  9.969E-01         F               0         Tower Z orientation angle, node 1, rad
         37    9.968E-01,  1.297E-03, -7.982E-02         F               0         Tower X orientation angle, node 2, rad
         38   -1.475E-03,  1.000E+00, -2.170E-03         F               0         Tower Y orientation angle, node 2, rad
         39    7.982E-02,  2.281E-03,  9.968E-01         F               0         Tower Z orientation angle, node 2, rad
         40    9.967E-01,  1.294E-03, -8.116E-02         F               0         Tower X orientation angle, node 3, rad
         41   -1.478E-03,  1.000E+00, -2.203E-03         F               0         Tower Y orientation angle, node 3, rad
         42    8.115E-02,  2.316E-03,  9.967E-01         F               0         Tower Z orientation angle, node 3, rad
         43    9.966E-01,  1.291E-03, -8.227E-02         F               0         Tower X orientation angle, node 4, rad
         44   -1.480E-03,  1.000E+00, -2.232E-03         F               0         Tower Y orientation angle, node 4, rad
         45    8.227E-02,  2.346E-03,  9.966E-01         F               0         Tower Z orientation angle, node 4, rad
         46    9.965E-01,  1.289E-03, -8.319E-02         F               0         Tower X orientation angle, node 5, rad
         47   -1.482E-03,  1.000E+00, -2.257E-03         F               0         Tower Y orientation angle, node 5, rad
         48    8.318E-02,  2.372E-03,  9.965E-01         F               0         Tower Z orientation angle, node 5, rad
         49    9.965E-01,  1.287E-03, -8.391E-02         F               0         Tower X orientation angle, node 6, rad
         50   -1.484E-03,  1.000E+00, -2.278E-03         F               0         Tower Y orientation angle, node 6, rad
         51    8.390E-02,  2.394E-03,  9.965E-01         F               0         Tower Z orientation angle, node 6, rad
         52    9.964E-01,  1.286E-03, -8.444E-02         F               0         Tower X orientation angle, node 7, rad
         53   -1.485E-03,  1.000E+00, -2.295E-03         F               0         Tower Y orientation angle, node 7, rad
         54    8.444E-02,  2.412E-03,  9.964E-01         F               0         Tower Z orientation angle, node 7, rad
         55    9.964E-01,  1.285E-03, -8.482E-02         F               0         Tower X orientation angle, node 8, rad
         56   -1.486E-03,  1.000E+00, -2.308E-03         F               0         Tower Y orientation angle, node 8, rad
         57    8.482E-02,  2.426E-03,  9.964E-01         F               0         Tower Z orientation angle, node 8, rad
         58    9.964E-01,  1.285E-03, -8.508E-02         F               0         Tower X orientation angle, node 9, rad
         59   -1.487E-03,  1.000E+00, -2.318E-03         F               0         Tower Y orientation angle, node 9, rad
         60    8.508E-02,  2.436E-03,  9.964E-01         F               0         Tower Z orientation angle, node 9, rad
         61    9.964E-01,  1.284E-03, -8.523E-02         F               0         Tower X orientation angle, node 10, rad
         62   -1.488E-03,  1.000E+00, -2.325E-03         F               0         Tower Y orientation angle, node 10, rad
         63    8.523E-02,  2.443E-03,  9.964E-01         F               0         Tower Z orientation angle, node 10, rad
         64    9.964E-01,  1.284E-03, -8.531E-02         F               0         Tower X orientation angle, node 11, rad
         65   -1.488E-03,  1.000E+00, -2.328E-03         F               0         Tower Y orientation angle, node 11, rad
         66    8.530E-02,  2.447E-03,  9.964E-01         F               0         Tower Z orientation angle, node 11, rad
         67    2.378E-06                                 F               0         Tower X translation velocity, node 1, m/s
         68    7.460E-03                                 F               0         Tower Y translation velocity, node 1, m/s
         69    1.038E-03                                 F               0         Tower Z translation velocity, node 1, m/s
         70   -3.247E-05                                 F               0         Tower X translation velocity, node 2, m/s
         71    1.253E-02                                 F               0         Tower Y translation velocity, node 2, m/s
         72    1.030E-03                                 F               0         Tower Z translation velocity, node 2, m/s
         73   -7.097E-05                                 F               0         Tower X translation velocity, node 3, m/s
         74    1.773E-02                                 F               0         Tower Y translation velocity, node 3, m/s
         75    1.021E-03                                 F               0         Tower Z translation velocity, node 3, m/s
         76   -1.097E-04                                 F               0         Tower X translation velocity, node 4, m/s
         77    2.303E-02                                 F               0         Tower Y translation velocity, node 4, m/s
         78    1.011E-03                                 F               0         Tower Z translation velocity, node 4, m/s
         79   -1.461E-04                                 F               0         Tower X translation velocity, node 5, m/s
         80    2.843E-02                                 F               0         Tower Y translation velocity, node 5, m/s
         81    1.002E-03                                 F               0         Tower Z translation velocity, node 5, m/s
         82   -1.780E-04                                 F               0         Tower X translation velocity, node 6, m/s
         83    3.391E-02                                 F               0         Tower Y translation velocity, node 6, m/s
         84    9.912E-04                                 F               0         Tower Z translation velocity, node 6, m/s
         85   -2.047E-04                                 F               0         Tower X translation velocity, node 7, m/s
         86    3.946E-02                                 F               0         Tower Y translation velocity, node 7, m/s
         87    9.801E-04                                 F               0         Tower Z translation velocity, node 7, m/s
         88   -2.249E-04                                 F               0         Tower X translation velocity, node 8, m/s
         89    4.505E-02                                 F               0         Tower Y translation velocity, node 8, m/s
         90    9.683E-04                                 F               0         Tower Z translation velocity, node 8, m/s
         91   -2.388E-04                                 F               0         Tower X translation velocity, node 9, m/s
         92    5.069E-02                                 F               0         Tower Y translation velocity, node 9, m/s
         93    9.557E-04                                 F               0         Tower Z translation velocity, node 9, m/s
         94   -2.473E-04                                 F               0         Tower X translation velocity, node 10, m/s
         95    5.636E-02                                 F               0         Tower Y translation velocity, node 10, m/s
         96    9.425E-04                                 F               0         Tower Z translation velocity, node 10, m/s
         97   -2.517E-04                                 F               0         Tower X translation velocity, node 11, m/s
         98    6.204E-02                                 F               0         Tower Y translation velocity, node 11, m/s
         99    9.290E-04                                 F               0         Tower Z translation velocity, node 11, m/s
        100    2.489E+01                                 F               0         Hub X translation displacement, node 1, m
        101    3.647E-01                                 F               0         Hub Y translation displacement, node 1, m
        102    2.798E-01                                 F               0         Hub Z translation displacement, node 1, m
        103    9.820E-01,  1.021E-03, -1.890E-01         F               0         Hub X orientation angle, node 1, rad
        104   -1.159E-01,  7.931E-01, -5.979E-01         F               0         Hub Y orientation angle, node 1, rad
        105    1.493E-01,  6.090E-01,  7.790E-01         F               0         Hub Z orientation angle, node 1, rad
        106    8.692E-01                                 F               0         Hub X rotation velocity, node 1, rad/s
        107    9.043E-04                                 F               0         Hub Y rotation velocity, node 1, rad/s
        108   -1.673E-01                                 F               0         Hub Z rotation velocity, node 1, rad/s
        109    9.850E-01, -2.251E-02, -1.712E-01         F               0         Blade root 1 X orientation angle, node 1, rad
        110   -8.671E-02,  7.928E-01, -6.033E-01         F               0         Blade root 1 Y orientation angle, node 1, rad
        111    1.493E-01,  6.090E-01,  7.790E-01         F               0         Blade root 1 Z orientation angle, node 1, rad
        112    9.760E-01, -2.862E-03, -2.178E-01         F               0         Blade root 2 X orientation angle, node 1, rad
        113    2.163E-01,  1.309E-01,  9.675E-01         F               0         Blade root 2 Y orientation angle, node 1, rad
        114    2.573E-02, -9.914E-01,  1.283E-01         F               0         Blade root 2 Z orientation angle, node 1, rad
        115    9.837E-01,  2.843E-02, -1.778E-01         F               0         Blade root 3 X orientation angle, node 1, rad
        116   -4.217E-02, -9.236E-01, -3.811E-01         F               0         Blade root 3 Y orientation angle, node 1, rad
        117   -1.750E-01,  3.824E-01, -9.073E-01         F               0         Blade root 3 Z orientation angle, node 1, rad
        118    2.514E+01                                 F               0         Blade 1 X translation displacement, node 1, m
        119    3.739E+00                                 F               0         Blade 1 Y translation displacement, node 1, m
        120   -9.144E-01                                 F               0         Blade 1 Z translation displacement, node 1, m
        121    2.520E+01                                 F               0         Blade 1 X translation displacement, node 2, m
        122    4.552E+00                                 F               0         Blade 1 Y translation displacement, node 2, m
        123   -1.202E+00                                 F               0         Blade 1 Z translation displacement, node 2, m
        124    2.601E+01                                 F               0         Blade 1 X translation displacement, node 3, m
        125    1.561E+01                                 F               0         Blade 1 Y translation displacement, node 3, m
        126   -5.115E+00                                 F               0         Blade 1 Z translation displacement, node 3, m
        127    2.619E+01                                 F               0         Blade 1 X translation displacement, node 4, m
        128    1.796E+01                                 F               0         Blade 1 Y translation displacement, node 4, m
        129   -5.949E+00                                 F               0         Blade 1 Z translation displacement, node 4, m
        130    2.636E+01                                 F               0         Blade 1 X translation displacement, node 5, m
        131    2.032E+01                                 F               0         Blade 1 Y translation displacement, node 5, m
        132   -6.783E+00                                 F               0         Blade 1 Z translation displacement, node 5, m
        133    2.653E+01                                 F               0         Blade 1 X translation displacement, node 6, m
        134    2.267E+01                                 F               0         Blade 1 Y translation displacement, node 6, m
        135   -7.616E+00                                 F               0         Blade 1 Z translation displacement, node 6, m
        136    2.671E+01                                 F               0         Blade 1 X translation displacement, node 7, m
        137    2.503E+01                                 F               0         Blade 1 Y translation displacement, node 7, m
        138   -8.450E+00                                 F               0         Blade 1 Z translation displacement, node 7, m
        139    2.688E+01                                 F               0         Blade 1 X translation displacement, node 8, m
        140    2.739E+01                                 F               0         Blade 1 Y translation displacement, node 8, m
        141   -9.284E+00                                 F               0         Blade 1 Z translation displacement, node 8, m
        142    2.705E+01                                 F               0         Blade 1 X translation displacement, node 9, m
        143    2.974E+01                                 F               0         Blade 1 Y translation displacement, node 9, m
        144   -1.012E+01                                 F               0         Blade 1 Z translation displacement, node 9, m
        145    2.723E+01                                 F               0         Blade 1 X translation displacement, node 10, m
        146    3.210E+01                                 F               0         Blade 1 Y translation displacement, node 10, m
        147   -1.095E+01                                 F               0         Blade 1 Z translation displacement, node 10, m
        148    2.740E+01                                 F               0         Blade 1 X translation displacement, node 11, m
        149    3.445E+01                                 F               0         Blade 1 Y translation displacement, node 11, m
        150   -1.178E+01                                 F               0         Blade 1 Z translation displacement, node 11, m
        151    2.757E+01                                 F               0         Blade 1 X translation displacement, node 12, m
        152    3.681E+01                                 F               0         Blade 1 Y translation displacement, node 12, m
        153   -1.262E+01                                 F               0         Blade 1 Z translation displacement, node 12, m
        154    2.774E+01                                 F               0         Blade 1 X translation displacement, node 13, m
        155    3.916E+01                                 F               0         Blade 1 Y translation displacement, node 13, m
        156   -1.345E+01                                 F               0         Blade 1 Z translation displacement, node 13, m
        157    2.792E+01                                 F               0         Blade 1 X translation displacement, node 14, m
        158    4.152E+01                                 F               0         Blade 1 Y translation displacement, node 14, m
        159   -1.429E+01                                 F               0         Blade 1 Z translation displacement, node 14, m
        160    2.809E+01                                 F               0         Blade 1 X translation displacement, node 15, m
        161    4.387E+01                                 F               0         Blade 1 Y translation displacement, node 15, m
        162   -1.512E+01                                 F               0         Blade 1 Z translation displacement, node 15, m
        163    2.826E+01                                 F               0         Blade 1 X translation displacement, node 16, m
        164    4.623E+01                                 F               0         Blade 1 Y translation displacement, node 16, m
        165   -1.595E+01                                 F               0         Blade 1 Z translation displacement, node 16, m
        166    2.844E+01                                 F               0         Blade 1 X translation displacement, node 17, m
        167    4.859E+01                                 F               0         Blade 1 Y translation displacement, node 17, m
        168   -1.679E+01                                 F               0         Blade 1 Z translation displacement, node 17, m
        169    2.861E+01                                 F               0         Blade 1 X translation displacement, node 18, m
        170    5.094E+01                                 F               0         Blade 1 Y translation displacement, node 18, m
        171   -1.762E+01                                 F               0         Blade 1 Z translation displacement, node 18, m
        172    2.878E+01                                 F               0         Blade 1 X translation displacement, node 19, m
        173    5.330E+01                                 F               0         Blade 1 Y translation displacement, node 19, m
        174   -1.845E+01                                 F               0         Blade 1 Z translation displacement, node 19, m
        175    2.896E+01                                 F               0         Blade 1 X translation displacement, node 20, m
        176    5.565E+01                                 F               0         Blade 1 Y translation displacement, node 20, m
        177   -1.929E+01                                 F               0         Blade 1 Z translation displacement, node 20, m
        178    2.913E+01                                 F               0         Blade 1 X translation displacement, node 21, m
        179    5.801E+01                                 F               0         Blade 1 Y translation displacement, node 21, m
        180   -2.012E+01                                 F               0         Blade 1 Z translation displacement, node 21, m
        181    2.930E+01                                 F               0         Blade 1 X translation displacement, node 22, m
        182    6.036E+01                                 F               0         Blade 1 Y translation displacement, node 22, m
        183   -2.096E+01                                 F               0         Blade 1 Z translation displacement, node 22, m
        184    2.948E+01                                 F               0         Blade 1 X translation displacement, node 23, m
        185    6.272E+01                                 F               0         Blade 1 Y translation displacement, node 23, m
        186   -2.179E+01                                 F               0         Blade 1 Z translation displacement, node 23, m
        187    2.965E+01                                 F               0         Blade 1 X translation displacement, node 24, m
        188    6.507E+01                                 F               0         Blade 1 Y translation displacement, node 24, m
        189   -2.262E+01                                 F               0         Blade 1 Z translation displacement, node 24, m
        190    2.982E+01                                 F               0         Blade 1 X translation displacement, node 25, m
        191    6.743E+01                                 F               0         Blade 1 Y translation displacement, node 25, m
        192   -2.346E+01                                 F               0         Blade 1 Z translation displacement, node 25, m
        193    2.999E+01                                 F               0         Blade 1 X translation displacement, node 26, m
        194    6.979E+01                                 F               0         Blade 1 Y translation displacement, node 26, m
        195   -2.429E+01                                 F               0         Blade 1 Z translation displacement, node 26, m
        196    3.017E+01                                 F               0         Blade 1 X translation displacement, node 27, m
        197    7.214E+01                                 F               0         Blade 1 Y translation displacement, node 27, m
        198   -2.512E+01                                 F               0         Blade 1 Z translation displacement, node 27, m
        199    3.031E+01                                 F               0         Blade 1 X translation displacement, node 28, m
        200    7.414E+01                                 F               0         Blade 1 Y translation displacement, node 28, m
        201   -2.583E+01                                 F               0         Blade 1 Z translation displacement, node 28, m
        202    9.162E-01, -3.816E-01,  1.228E-01         F               0         Blade 1 X orientation angle, node 1, rad
        203    3.720E-01,  6.953E-01, -6.149E-01         F               0         Blade 1 Y orientation angle, node 1, rad
        204    1.493E-01,  6.090E-01,  7.790E-01         F               0         Blade 1 Z orientation angle, node 1, rad
        205    9.162E-01, -3.816E-01,  1.228E-01         F               0         Blade 1 X orientation angle, node 2, rad
        206    3.720E-01,  6.953E-01, -6.149E-01         F               0         Blade 1 Y orientation angle, node 2, rad
        207    1.493E-01,  6.090E-01,  7.790E-01         F               0         Blade 1 Z orientation angle, node 2, rad
        208    9.782E-01, -2.059E-01, -2.648E-02         F               0         Blade 1 X orientation angle, node 3, rad
        209    1.443E-01,  7.659E-01, -6.265E-01         F               0         Blade 1 Y orientation angle, node 3, rad
        210    1.493E-01,  6.090E-01,  7.790E-01         F               0         Blade 1 Z orientation angle, node 3, rad
        211    9.834E-01, -1.734E-01, -5.291E-02         F               0         Blade 1 X orientation angle, node 4, rad
        212    1.028E-01,  7.740E-01, -6.248E-01         F               0         Blade 1 Y orientation angle, node 4, rad
        213    1.493E-01,  6.090E-01,  7.790E-01         F               0         Blade 1 Z orientation angle, node 4, rad
        214    9.863E-01, -1.476E-01, -7.360E-02         F               0         Blade 1 X orientation angle, node 5, rad
        215    7.016E-02,  7.793E-01, -6.227E-01         F               0         Blade 1 Y orientation angle, node 5, rad
        216    1.493E-01,  6.090E-01,  7.790E-01         F               0         Blade 1 Z orientation angle, node 5, rad
        217    9.878E-01, -1.269E-01, -9.010E-02         F               0         Blade 1 X orientation angle, node 6, rad
        218    4.397E-02,  7.829E-01, -6.206E-01         F               0         Blade 1 Y orientation angle, node 6, rad
        219    1.493E-01,  6.090E-01,  7.790E-01         F               0         Blade 1 Z orientation angle, node 6, rad
        220    9.885E-01, -1.098E-01, -1.036E-01         F               0         Blade 1 X orientation angle, node 7, rad
        221    2.241E-02,  7.855E-01, -6.185E-01         F               0         Blade 1 Y orientation angle, node 7, rad
        222    1.493E-01,  6.090E-01,  7.790E-01         F               0         Blade 1 Z orientation angle, node 7, rad
        223    9.888E-01, -9.551E-02, -1.148E-01         F               0         Blade 1 X orientation angle, node 8, rad
        224    4.467E-03,  7.874E-01, -6.165E-01         F               0         Blade 1 Y orientation angle, node 8, rad
        225    1.493E-01,  6.090E-01,  7.790E-01         F               0         Blade 1 Z orientation angle, node 8, rad
        226    9.887E-01, -8.340E-02, -1.243E-01         F               0         Blade 1 X orientation angle, node 9, rad
        227   -1.072E-02,  7.887E-01, -6.146E-01         F               0         Blade 1 Y orientation angle, node 9, rad
        228    1.493E-01,  6.090E-01,  7.790E-01         F               0         Blade 1 Z orientation angle, node 9, rad
        229    9.885E-01, -7.293E-02, -1.324E-01         F               0         Blade 1 X orientation angle, node 10, rad
        230   -2.383E-02,  7.898E-01, -6.129E-01         F               0         Blade 1 Y orientation angle, node 10, rad
        231    1.493E-01,  6.090E-01,  7.790E-01         F               0         Blade 1 Z orientation angle, node 10, rad
        232    9.882E-01, -6.397E-02, -1.394E-01         F               0         Blade 1 X orientation angle, node 11, rad
        233   -3.505E-02,  7.906E-01, -6.114E-01         F               0         Blade 1 Y orientation angle, node 11, rad
        234    1.493E-01,  6.090E-01,  7.790E-01         F               0         Blade 1 Z orientation angle, node 11, rad
        235    9.878E-01, -5.610E-02, -1.454E-01         F               0         Blade 1 X orientation angle, node 12, rad
        236   -4.487E-02,  7.912E-01, -6.100E-01         F               0         Blade 1 Y orientation angle, node 12, rad
        237    1.493E-01,  6.090E-01,  7.790E-01         F               0         Blade 1 Z orientation angle, node 12, rad
        238    9.873E-01, -4.920E-02, -1.508E-01         F               0         Blade 1 X orientation angle, node 13, rad
        239   -5.349E-02,  7.916E-01, -6.087E-01         F               0         Blade 1 Y orientation angle, node 13, rad
        240    1.493E-01,  6.090E-01,  7.790E-01         F               0         Blade 1 Z orientation angle, node 13, rad
        241    9.869E-01, -4.298E-02, -1.555E-01         F               0         Blade 1 X orientation angle, node 14, rad
        242   -6.125E-02,  7.920E-01, -6.075E-01         F               0         Blade 1 Y orientation angle, node 14, rad
        243    1.493E-01,  6.090E-01,  7.790E-01         F               0         Blade 1 Z orientation angle, node 14, rad
        244    9.864E-01, -3.745E-02, -1.598E-01         F               0         Blade 1 X orientation angle, node 15, rad
        245   -6.813E-02,  7.923E-01, -6.064E-01         F               0         Blade 1 Y orientation angle, node 15, rad
        246    1.493E-01,  6.090E-01,  7.790E-01         F               0         Blade 1 Z orientation angle, node 15, rad
        247    9.860E-01, -3.247E-02, -1.636E-01         F               0         Blade 1 X orientation angle, node 16, rad
        248   -7.433E-02,  7.925E-01, -6.054E-01         F               0         Blade 1 Y orientation angle, node 16, rad
        249    1.493E-01,  6.090E-01,  7.790E-01         F               0         Blade 1 Z orientation angle, node 16, rad
        250    9.856E-01, -2.804E-02, -1.670E-01         F               0         Blade 1 X orientation angle, node 17, rad
        251   -7.984E-02,  7.926E-01, -6.044E-01         F               0         Blade 1 Y orientation angle, node 17, rad
        252    1.493E-01,  6.090E-01,  7.790E-01         F               0         Blade 1 Z orientation angle, node 17, rad
        253    9.851E-01, -2.389E-02, -1.701E-01         F               0         Blade 1 X orientation angle, node 18, rad
        254   -8.500E-02,  7.928E-01, -6.036E-01         F               0         Blade 1 Y orientation angle, node 18, rad
        255    1.493E-01,  6.090E-01,  7.790E-01         F               0         Blade 1 Z orientation angle, node 18, rad
        256    9.847E-01, -2.016E-02, -1.730E-01         F               0         Blade 1 X orientation angle, node 19, rad
        257   -8.964E-02,  7.929E-01, -6.027E-01         F               0         Blade 1 Y orientation angle, node 19, rad
        258    1.493E-01,  6.090E-01,  7.790E-01         F               0         Blade 1 Z orientation angle, node 19, rad
        259    9.843E-01, -1.683E-02, -1.755E-01         F               0         Blade 1 X orientation angle, node 20, rad
        260   -9.376E-02,  7.930E-01, -6.020E-01         F               0         Blade 1 Y orientation angle, node 20, rad
        261    1.493E-01,  6.090E-01,  7.790E-01         F               0         Blade 1 Z orientation angle, node 20, rad
        262    9.840E-01, -1.365E-02, -1.779E-01         F               0         Blade 1 X orientation angle, node 21, rad
        263   -9.771E-02,  7.930E-01, -6.013E-01         F               0         Blade 1 Y orientation angle, node 21, rad
        264    1.493E-01,  6.090E-01,  7.790E-01         F               0         Blade 1 Z orientation angle, node 21, rad
        265    9.836E-01, -1.074E-02, -1.801E-01         F               0         Blade 1 X orientation angle, node 22, rad
        266   -1.013E-01,  7.931E-01, -6.007E-01         F               0         Blade 1 Y orientation angle, node 22, rad
        267    1.493E-01,  6.090E-01,  7.790E-01         F               0         Blade 1 Z orientation angle, node 22, rad
        268    9.832E-01, -8.115E-03, -1.821E-01         F               0         Blade 1 X orientation angle, node 23, rad
        269   -1.046E-01,  7.931E-01, -6.001E-01         F               0         Blade 1 Y orientation angle, node 23, rad
        270    1.493E-01,  6.090E-01,  7.790E-01         F               0         Blade 1 Z orientation angle, node 23, rad
        271    9.829E-01, -5.623E-03, -1.840E-01         F               0         Blade 1 X orientation angle, node 24, rad
        272   -1.077E-01,  7.931E-01, -5.995E-01         F               0         Blade 1 Y orientation angle, node 24, rad
        273    1.493E-01,  6.090E-01,  7.790E-01         F               0         Blade 1 Z orientation angle, node 24, rad
        274    9.826E-01, -3.270E-03, -1.858E-01         F               0         Blade 1 X orientation angle, node 25, rad
        275   -1.106E-01,  7.931E-01, -5.989E-01         F               0         Blade 1 Y orientation angle, node 25, rad
        276    1.493E-01,  6.090E-01,  7.790E-01         F               0         Blade 1 Z orientation angle, node 25, rad
        277    9.823E-01, -1.194E-03, -1.873E-01         F               0         Blade 1 X orientation angle, node 26, rad
        278   -1.132E-01,  7.931E-01, -5.984E-01         F               0         Blade 1 Y orientation angle, node 26, rad
        279    1.493E-01,  6.090E-01,  7.790E-01         F               0         Blade 1 Z orientation angle, node 26, rad
        280    9.820E-01,  8.828E-04, -1.889E-01         F               0         Blade 1 X orientation angle, node 27, rad
        281   -1.157E-01,  7.931E-01, -5.979E-01         F               0         Blade 1 Y orientation angle, node 27, rad
        282    1.493E-01,  6.090E-01,  7.790E-01         F               0         Blade 1 Z orientation angle, node 27, rad
        283    9.818E-01,  1.990E-03, -1.897E-01         F               0         Blade 1 X orientation angle, node 28, rad
        284   -1.171E-01,  7.931E-01, -5.977E-01         F               0         Blade 1 Y orientation angle, node 28, rad
        285    1.493E-01,  6.090E-01,  7.790E-01         F               0         Blade 1 Z orientation angle, node 28, rad
        286    5.681E-01                                 F               0         Blade 1 X translation velocity, node 1, m/s
        287   -3.824E+00                                 F               0         Blade 1 Y translation velocity, node 1, m/s
        288    2.933E+00                                 F               0         Blade 1 Z translation velocity, node 1, m/s
        289    7.051E-01                                 F               0         Blade 1 X translation velocity, node 2, m/s
        290   -4.761E+00                                 F               0         Blade 1 Y translation velocity, node 2, m/s
        291    3.639E+00                                 F               0         Blade 1 Z translation velocity, node 2, m/s
        292    2.567E+00                                 F               0         Blade 1 X translation velocity, node 3, m/s
        293   -1.751E+01                                 F               0         Blade 1 Y translation velocity, node 3, m/s
        294    1.325E+01                                 F               0         Blade 1 Z translation velocity, node 3, m/s
        295    2.964E+00                                 F               0         Blade 1 X translation velocity, node 4, m/s
        296   -2.022E+01                                 F               0         Blade 1 Y translation velocity, node 4, m/s
        297    1.529E+01                                 F               0         Blade 1 Z translation velocity, node 4, m/s
        298    3.361E+00                                 F               0         Blade 1 X translation velocity, node 5, m/s
        299   -2.294E+01                                 F               0         Blade 1 Y translation velocity, node 5, m/s
        300    1.734E+01                                 F               0         Blade 1 Z translation velocity, node 5, m/s
        301    3.758E+00                                 F               0         Blade 1 X translation velocity, node 6, m/s
        302   -2.565E+01                                 F               0         Blade 1 Y translation velocity, node 6, m/s
        303    1.939E+01                                 F               0         Blade 1 Z translation velocity, node 6, m/s
        304    4.155E+00                                 F               0         Blade 1 X translation velocity, node 7, m/s
        305   -2.837E+01                                 F               0         Blade 1 Y translation velocity, node 7, m/s
        306    2.143E+01                                 F               0         Blade 1 Z translation velocity, node 7, m/s
        307    4.552E+00                                 F               0         Blade 1 X translation velocity, node 8, m/s
