
Linearized model: Predictions were generated on 06-Feb-2024 at 08:44:08 using OpenFAST, compiled as a 64-bit application using single precision at commit v3.5.1
 linked with  NWTC Subroutine Library; ElastoDyn; InflowWind; AeroDyn; ServoDyn; HydroDyn; MAP++ (<1.20.10>, <Oct-20-2023>)

Description from the FAST input file: CCT-9 Campign 4 model. Input files to be run with OpenFAST 3.5.0. GitHub branch from Lu Wang (https://github.com/luwang00/openfast/tree/dev) compiled on March 7, 2023.

Simulation information:
   Simulation time:                  2503.0000 s
   Rotor Speed:                         0.8856 rad/s
   Azimuth:                             5.8080 rad
   Wind Speed:                         10.0000 m/s
   Number of continuous states:         0
   Number of discrete states:           0
   Number of constraint states:         0
   Number of inputs:                 1746
   Number of outputs:                   4
   Jacobians included in this file?    No

Order of inputs:
     Column   Operating Point                     Rotating Frame? Derivative Order Description
   ---------- ---------------                     --------------- ---------------- -----------
          1    1.391E+01                                 F               0         Tower X translation displacement, node 1, m
          2    6.710E-02                                 F               0         Tower Y translation displacement, node 1, m
          3   -1.838E-01                                 F               0         Tower Z translation displacement, node 1, m
          4    1.488E+01                                 F               0         Tower X translation displacement, node 2, m
          5    9.600E-02                                 F               0         Tower Y translation displacement, node 2, m
          6   -2.224E-01                                 F               0         Tower Z translation displacement, node 2, m
          7    1.588E+01                                 F               0         Tower X translation displacement, node 3, m
          8    1.254E-01                                 F               0         Tower Y translation displacement, node 3, m
          9   -2.626E-01                                 F               0         Tower Z translation displacement, node 3, m
         10    1.689E+01                                 F               0         Tower X translation displacement, node 4, m
         11    1.553E-01                                 F               0         Tower Y translation displacement, node 4, m
         12   -3.040E-01                                 F               0         Tower Z translation displacement, node 4, m
         13    1.791E+01                                 F               0         Tower X translation displacement, node 5, m
         14    1.855E-01                                 F               0         Tower Y translation displacement, node 5, m
         15   -3.465E-01                                 F               0         Tower Z translation displacement, node 5, m
         16    1.894E+01                                 F               0         Tower X translation displacement, node 6, m
         17    2.161E-01                                 F               0         Tower Y translation displacement, node 6, m
         18   -3.898E-01                                 F               0         Tower Z translation displacement, node 6, m
         19    1.998E+01                                 F               0         Tower X translation displacement, node 7, m
         20    2.468E-01                                 F               0         Tower Y translation displacement, node 7, m
         21   -4.337E-01                                 F               0         Tower Z translation displacement, node 7, m
         22    2.103E+01                                 F               0         Tower X translation displacement, node 8, m
         23    2.778E-01                                 F               0         Tower Y translation displacement, node 8, m
         24   -4.780E-01                                 F               0         Tower Z translation displacement, node 8, m
         25    2.208E+01                                 F               0         Tower X translation displacement, node 9, m
         26    3.090E-01                                 F               0         Tower Y translation displacement, node 9, m
         27   -5.228E-01                                 F               0         Tower Z translation displacement, node 9, m
         28    2.313E+01                                 F               0         Tower X translation displacement, node 10, m
         29    3.402E-01                                 F               0         Tower Y translation displacement, node 10, m
         30   -5.677E-01                                 F               0         Tower Z translation displacement, node 10, m
         31    2.418E+01                                 F               0         Tower X translation displacement, node 11, m
         32    3.716E-01                                 F               0         Tower Y translation displacement, node 11, m
         33   -6.127E-01                                 F               0         Tower Z translation displacement, node 11, m
         34    9.969E-01,  1.311E-03, -7.829E-02         F               0         Tower X orientation angle, node 1, rad
         35   -1.488E-03,  1.000E+00, -2.212E-03         F               0         Tower Y orientation angle, node 1, rad
         36    7.828E-02,  2.322E-03,  9.969E-01         F               0         Tower Z orientation angle, node 1, rad
         37    9.968E-01,  1.307E-03, -7.982E-02         F               0         Tower X orientation angle, node 2, rad
         38   -1.491E-03,  1.000E+00, -2.251E-03         F               0         Tower Y orientation angle, node 2, rad
         39    7.982E-02,  2.363E-03,  9.968E-01         F               0         Tower Z orientation angle, node 2, rad
         40    9.967E-01,  1.304E-03, -8.115E-02         F               0         Tower X orientation angle, node 3, rad
         41   -1.494E-03,  1.000E+00, -2.285E-03         F               0         Tower Y orientation angle, node 3, rad
         42    8.115E-02,  2.399E-03,  9.967E-01         F               0         Tower Z orientation angle, node 3, rad
         43    9.966E-01,  1.301E-03, -8.227E-02         F               0         Tower X orientation angle, node 4, rad
         44   -1.497E-03,  1.000E+00, -2.316E-03         F               0         Tower Y orientation angle, node 4, rad
         45    8.227E-02,  2.431E-03,  9.966E-01         F               0         Tower Z orientation angle, node 4, rad
         46    9.965E-01,  1.299E-03, -8.319E-02         F               0         Tower X orientation angle, node 5, rad
         47   -1.499E-03,  1.000E+00, -2.342E-03         F               0         Tower Y orientation angle, node 5, rad
         48    8.318E-02,  2.459E-03,  9.965E-01         F               0         Tower Z orientation angle, node 5, rad
         49    9.965E-01,  1.297E-03, -8.391E-02         F               0         Tower X orientation angle, node 6, rad
         50   -1.501E-03,  1.000E+00, -2.364E-03         F               0         Tower Y orientation angle, node 6, rad
         51    8.390E-02,  2.482E-03,  9.965E-01         F               0         Tower Z orientation angle, node 6, rad
         52    9.964E-01,  1.296E-03, -8.444E-02         F               0         Tower X orientation angle, node 7, rad
         53   -1.502E-03,  1.000E+00, -2.382E-03         F               0         Tower Y orientation angle, node 7, rad
         54    8.444E-02,  2.501E-03,  9.964E-01         F               0         Tower Z orientation angle, node 7, rad
         55    9.964E-01,  1.295E-03, -8.482E-02         F               0         Tower X orientation angle, node 8, rad
         56   -1.503E-03,  1.000E+00, -2.396E-03         F               0         Tower Y orientation angle, node 8, rad
         57    8.482E-02,  2.515E-03,  9.964E-01         F               0         Tower Z orientation angle, node 8, rad
         58    9.964E-01,  1.294E-03, -8.508E-02         F               0         Tower X orientation angle, node 9, rad
         59   -1.504E-03,  1.000E+00, -2.407E-03         F               0         Tower Y orientation angle, node 9, rad
         60    8.508E-02,  2.526E-03,  9.964E-01         F               0         Tower Z orientation angle, node 9, rad
         61    9.964E-01,  1.294E-03, -8.523E-02         F               0         Tower X orientation angle, node 10, rad
         62   -1.505E-03,  1.000E+00, -2.414E-03         F               0         Tower Y orientation angle, node 10, rad
         63    8.523E-02,  2.533E-03,  9.964E-01         F               0         Tower Z orientation angle, node 10, rad
         64    9.964E-01,  1.293E-03, -8.531E-02         F               0         Tower X orientation angle, node 11, rad
         65   -1.505E-03,  1.000E+00, -2.418E-03         F               0         Tower Y orientation angle, node 11, rad
         66    8.531E-02,  2.537E-03,  9.964E-01         F               0         Tower Z orientation angle, node 11, rad
         67   -1.418E-04                                 F               0         Tower X translation velocity, node 1, m/s
         68    7.355E-03                                 F               0         Tower Y translation velocity, node 1, m/s
         69    9.174E-04                                 F               0         Tower Z translation velocity, node 1, m/s
         70   -2.112E-04                                 F               0         Tower X translation velocity, node 2, m/s
         71    1.229E-02                                 F               0         Tower Y translation velocity, node 2, m/s
         72    9.113E-04                                 F               0         Tower Z translation velocity, node 2, m/s
         73   -2.508E-04                                 F               0         Tower X translation velocity, node 3, m/s
         74    1.736E-02                                 F               0         Tower Y translation velocity, node 3, m/s
         75    9.024E-04                                 F               0         Tower Z translation velocity, node 3, m/s
         76   -2.642E-04                                 F               0         Tower X translation velocity, node 4, m/s
         77    2.253E-02                                 F               0         Tower Y translation velocity, node 4, m/s
         78    8.910E-04                                 F               0         Tower Z translation velocity, node 4, m/s
         79   -2.524E-04                                 F               0         Tower X translation velocity, node 5, m/s
         80    2.780E-02                                 F               0         Tower Y translation velocity, node 5, m/s
         81    8.770E-04                                 F               0         Tower Z translation velocity, node 5, m/s
         82   -2.167E-04                                 F               0         Tower X translation velocity, node 6, m/s
         83    3.314E-02                                 F               0         Tower Y translation velocity, node 6, m/s
         84    8.608E-04                                 F               0         Tower Z translation velocity, node 6, m/s
         85   -1.607E-04                                 F               0         Tower X translation velocity, node 7, m/s
         86    3.855E-02                                 F               0         Tower Y translation velocity, node 7, m/s
         87    8.426E-04                                 F               0         Tower Z translation velocity, node 7, m/s
         88   -8.505E-05                                 F               0         Tower X translation velocity, node 8, m/s
         89    4.400E-02                                 F               0         Tower Y translation velocity, node 8, m/s
         90    8.224E-04                                 F               0         Tower Z translation velocity, node 8, m/s
         91    7.040E-06                                 F               0         Tower X translation velocity, node 9, m/s
         92    4.950E-02                                 F               0         Tower Y translation velocity, node 9, m/s
         93    8.006E-04                                 F               0         Tower Z translation velocity, node 9, m/s
         94    1.116E-04                                 F               0         Tower X translation velocity, node 10, m/s
         95    5.503E-02                                 F               0         Tower Y translation velocity, node 10, m/s
         96    7.777E-04                                 F               0         Tower Z translation velocity, node 10, m/s
         97    2.245E-04                                 F               0         Tower X translation velocity, node 11, m/s
         98    6.057E-02                                 F               0         Tower Y translation velocity, node 11, m/s
         99    7.539E-04                                 F               0         Tower Z translation velocity, node 11, m/s
        100    2.489E+01                                 F               0         Hub X translation displacement, node 1, m
        101    3.775E-01                                 F               0         Hub Y translation displacement, node 1, m
        102    2.800E-01                                 F               0         Hub Z translation displacement, node 1, m
        103    9.820E-01,  1.021E-03, -1.890E-01         F               0         Hub X orientation angle, node 1, rad
        104   -8.780E-02,  8.880E-01, -4.514E-01         F               0         Hub Y orientation angle, node 1, rad
        105    1.674E-01,  4.598E-01,  8.721E-01         F               0         Hub Z orientation angle, node 1, rad
        106    8.692E-01                                 F               0         Hub X rotation velocity, node 1, rad/s
        107    9.138E-04                                 F               0         Hub Y rotation velocity, node 1, rad/s
        108   -1.673E-01                                 F               0         Hub Z rotation velocity, node 1, rad/s
        109    9.842E-01, -2.532E-02, -1.755E-01         F               0         Blade root 1 X orientation angle, node 1, rad
        110   -5.863E-02,  8.876E-01, -4.568E-01         F               0         Blade root 1 Y orientation angle, node 1, rad
        111    1.674E-01,  4.598E-01,  8.721E-01         F               0         Blade root 1 Z orientation angle, node 1, rad
        112    9.759E-01,  2.378E-03, -2.180E-01         F               0         Blade root 2 X orientation angle, node 1, rad
        113    2.179E-01, -4.571E-02,  9.749E-01         F               0         Blade root 2 Y orientation angle, node 1, rad
        114   -7.646E-03, -9.990E-01, -4.513E-02         F               0         Blade root 2 Z orientation angle, node 1, rad
        115    9.845E-01,  2.601E-02, -1.732E-01         F               0         Blade root 3 X orientation angle, node 1, rad
        116   -7.186E-02, -8.418E-01, -5.349E-01         F               0         Blade root 3 Y orientation angle, node 1, rad
        117   -1.597E-01,  5.391E-01, -8.270E-01         F               0         Blade root 3 Z orientation angle, node 1, rad
        118    2.524E+01                                 F               0         Blade 1 X translation displacement, node 1, m
        119    2.925E+00                                 F               0         Blade 1 Y translation displacement, node 1, m
        120   -3.983E-01                                 F               0         Blade 1 Z translation displacement, node 1, m
        121    2.533E+01                                 F               0         Blade 1 X translation displacement, node 2, m
        122    3.539E+00                                 F               0         Blade 1 Y translation displacement, node 2, m
        123   -5.617E-01                                 F               0         Blade 1 Z translation displacement, node 2, m
        124    2.647E+01                                 F               0         Blade 1 X translation displacement, node 3, m
        125    1.189E+01                                 F               0         Blade 1 Y translation displacement, node 3, m
        126   -2.784E+00                                 F               0         Blade 1 Z translation displacement, node 3, m
        127    2.671E+01                                 F               0         Blade 1 X translation displacement, node 4, m
        128    1.366E+01                                 F               0         Blade 1 Y translation displacement, node 4, m
        129   -3.258E+00                                 F               0         Blade 1 Z translation displacement, node 4, m
        130    2.695E+01                                 F               0         Blade 1 X translation displacement, node 5, m
        131    1.544E+01                                 F               0         Blade 1 Y translation displacement, node 5, m
        132   -3.731E+00                                 F               0         Blade 1 Z translation displacement, node 5, m
        133    2.720E+01                                 F               0         Blade 1 X translation displacement, node 6, m
        134    1.722E+01                                 F               0         Blade 1 Y translation displacement, node 6, m
        135   -4.205E+00                                 F               0         Blade 1 Z translation displacement, node 6, m
        136    2.744E+01                                 F               0         Blade 1 X translation displacement, node 7, m
        137    1.900E+01                                 F               0         Blade 1 Y translation displacement, node 7, m
        138   -4.678E+00                                 F               0         Blade 1 Z translation displacement, node 7, m
        139    2.768E+01                                 F               0         Blade 1 X translation displacement, node 8, m
        140    2.078E+01                                 F               0         Blade 1 Y translation displacement, node 8, m
        141   -5.152E+00                                 F               0         Blade 1 Z translation displacement, node 8, m
        142    2.792E+01                                 F               0         Blade 1 X translation displacement, node 9, m
        143    2.256E+01                                 F               0         Blade 1 Y translation displacement, node 9, m
        144   -5.626E+00                                 F               0         Blade 1 Z translation displacement, node 9, m
        145    2.817E+01                                 F               0         Blade 1 X translation displacement, node 10, m
        146    2.434E+01                                 F               0         Blade 1 Y translation displacement, node 10, m
        147   -6.099E+00                                 F               0         Blade 1 Z translation displacement, node 10, m
        148    2.841E+01                                 F               0         Blade 1 X translation displacement, node 11, m
        149    2.611E+01                                 F               0         Blade 1 Y translation displacement, node 11, m
        150   -6.573E+00                                 F               0         Blade 1 Z translation displacement, node 11, m
        151    2.865E+01                                 F               0         Blade 1 X translation displacement, node 12, m
        152    2.789E+01                                 F               0         Blade 1 Y translation displacement, node 12, m
        153   -7.046E+00                                 F               0         Blade 1 Z translation displacement, node 12, m
        154    2.890E+01                                 F               0         Blade 1 X translation displacement, node 13, m
        155    2.967E+01                                 F               0         Blade 1 Y translation displacement, node 13, m
        156   -7.520E+00                                 F               0         Blade 1 Z translation displacement, node 13, m
        157    2.914E+01                                 F               0         Blade 1 X translation displacement, node 14, m
        158    3.145E+01                                 F               0         Blade 1 Y translation displacement, node 14, m
        159   -7.993E+00                                 F               0         Blade 1 Z translation displacement, node 14, m
        160    2.938E+01                                 F               0         Blade 1 X translation displacement, node 15, m
        161    3.323E+01                                 F               0         Blade 1 Y translation displacement, node 15, m
        162   -8.467E+00                                 F               0         Blade 1 Z translation displacement, node 15, m
        163    2.963E+01                                 F               0         Blade 1 X translation displacement, node 16, m
        164    3.501E+01                                 F               0         Blade 1 Y translation displacement, node 16, m
        165   -8.940E+00                                 F               0         Blade 1 Z translation displacement, node 16, m
        166    2.987E+01                                 F               0         Blade 1 X translation displacement, node 17, m
        167    3.679E+01                                 F               0         Blade 1 Y translation displacement, node 17, m
        168   -9.414E+00                                 F               0         Blade 1 Z translation displacement, node 17, m
        169    3.011E+01                                 F               0         Blade 1 X translation displacement, node 18, m
        170    3.856E+01                                 F               0         Blade 1 Y translation displacement, node 18, m
        171   -9.888E+00                                 F               0         Blade 1 Z translation displacement, node 18, m
        172    3.035E+01                                 F               0         Blade 1 X translation displacement, node 19, m
        173    4.034E+01                                 F               0         Blade 1 Y translation displacement, node 19, m
        174   -1.036E+01                                 F               0         Blade 1 Z translation displacement, node 19, m
        175    3.060E+01                                 F               0         Blade 1 X translation displacement, node 20, m
        176    4.212E+01                                 F               0         Blade 1 Y translation displacement, node 20, m
        177   -1.083E+01                                 F               0         Blade 1 Z translation displacement, node 20, m
        178    3.084E+01                                 F               0         Blade 1 X translation displacement, node 21, m
        179    4.390E+01                                 F               0         Blade 1 Y translation displacement, node 21, m
        180   -1.131E+01                                 F               0         Blade 1 Z translation displacement, node 21, m
        181    3.108E+01                                 F               0         Blade 1 X translation displacement, node 22, m
        182    4.568E+01                                 F               0         Blade 1 Y translation displacement, node 22, m
        183   -1.178E+01                                 F               0         Blade 1 Z translation displacement, node 22, m
        184    3.133E+01                                 F               0         Blade 1 X translation displacement, node 23, m
        185    4.746E+01                                 F               0         Blade 1 Y translation displacement, node 23, m
        186   -1.226E+01                                 F               0         Blade 1 Z translation displacement, node 23, m
        187    3.157E+01                                 F               0         Blade 1 X translation displacement, node 24, m
        188    4.924E+01                                 F               0         Blade 1 Y translation displacement, node 24, m
        189   -1.273E+01                                 F               0         Blade 1 Z translation displacement, node 24, m
        190    3.181E+01                                 F               0         Blade 1 X translation displacement, node 25, m
        191    5.101E+01                                 F               0         Blade 1 Y translation displacement, node 25, m
        192   -1.320E+01                                 F               0         Blade 1 Z translation displacement, node 25, m
        193    3.206E+01                                 F               0         Blade 1 X translation displacement, node 26, m
        194    5.279E+01                                 F               0         Blade 1 Y translation displacement, node 26, m
        195   -1.368E+01                                 F               0         Blade 1 Z translation displacement, node 26, m
        196    3.230E+01                                 F               0         Blade 1 X translation displacement, node 27, m
        197    5.457E+01                                 F               0         Blade 1 Y translation displacement, node 27, m
        198   -1.415E+01                                 F               0         Blade 1 Z translation displacement, node 27, m
        199    3.250E+01                                 F               0         Blade 1 X translation displacement, node 28, m
        200    5.608E+01                                 F               0         Blade 1 Y translation displacement, node 28, m
        201   -1.455E+01                                 F               0         Blade 1 Z translation displacement, node 28, m
        202    9.026E-01, -4.273E-01,  5.210E-02         F               0         Blade 1 X orientation angle, node 1, rad
        203    3.966E-01,  7.784E-01, -4.866E-01         F               0         Blade 1 Y orientation angle, node 1, rad
        204    1.674E-01,  4.598E-01,  8.721E-01         F               0         Blade 1 Z orientation angle, node 1, rad
        205    9.026E-01, -4.273E-01,  5.210E-02         F               0         Blade 1 X orientation angle, node 2, rad
        206    3.966E-01,  7.784E-01, -4.866E-01         F               0         Blade 1 Y orientation angle, node 2, rad
        207    1.674E-01,  4.598E-01,  8.721E-01         F               0         Blade 1 Z orientation angle, node 2, rad
        208    9.709E-01, -2.306E-01, -6.471E-02         F               0         Blade 1 X orientation angle, node 3, rad
        209    1.714E-01,  8.575E-01, -4.851E-01         F               0         Blade 1 Y orientation angle, node 3, rad
        210    1.674E-01,  4.598E-01,  8.721E-01         F               0         Blade 1 Z orientation angle, node 3, rad
        211    9.773E-01, -1.942E-01, -8.513E-02         F               0         Blade 1 X orientation angle, node 4, rad
        212    1.302E-01,  8.665E-01, -4.819E-01         F               0         Blade 1 Y orientation angle, node 4, rad
        213    1.674E-01,  4.598E-01,  8.721E-01         F               0         Blade 1 Z orientation angle, node 4, rad
        214    9.810E-01, -1.654E-01, -1.011E-01         F               0         Blade 1 X orientation angle, node 5, rad
        215    9.776E-02,  8.725E-01, -4.788E-01         F               0         Blade 1 Y orientation angle, node 5, rad
        216    1.674E-01,  4.598E-01,  8.721E-01         F               0         Blade 1 Z orientation angle, node 5, rad
        217    9.833E-01, -1.422E-01, -1.137E-01         F               0         Blade 1 X orientation angle, node 6, rad
        218    7.171E-02,  8.765E-01, -4.760E-01         F               0         Blade 1 Y orientation angle, node 6, rad
        219    1.674E-01,  4.598E-01,  8.721E-01         F               0         Blade 1 Z orientation angle, node 6, rad
        220    9.846E-01, -1.230E-01, -1.241E-01         F               0         Blade 1 X orientation angle, node 7, rad
        221    5.024E-02,  8.794E-01, -4.734E-01         F               0         Blade 1 Y orientation angle, node 7, rad
        222    1.674E-01,  4.598E-01,  8.721E-01         F               0         Blade 1 Z orientation angle, node 7, rad
        223    9.854E-01, -1.071E-01, -1.327E-01         F               0         Blade 1 X orientation angle, node 8, rad
        224    3.236E-02,  8.815E-01, -4.710E-01         F               0         Blade 1 Y orientation angle, node 8, rad
        225    1.674E-01,  4.598E-01,  8.721E-01         F               0         Blade 1 Z orientation angle, node 8, rad
        226    9.857E-01, -9.350E-02, -1.399E-01         F               0         Blade 1 X orientation angle, node 9, rad
        227    1.722E-02,  8.831E-01, -4.689E-01         F               0         Blade 1 Y orientation angle, node 9, rad
        228    1.674E-01,  4.598E-01,  8.721E-01         F               0         Blade 1 Z orientation angle, node 9, rad
        229    9.859E-01, -8.178E-02, -1.461E-01         F               0         Blade 1 X orientation angle, node 10, rad
        230    4.145E-03,  8.842E-01, -4.670E-01         F               0         Blade 1 Y orientation angle, node 10, rad
        231    1.674E-01,  4.598E-01,  8.721E-01         F               0         Blade 1 Z orientation angle, node 10, rad
        232    9.859E-01, -7.174E-02, -1.514E-01         F               0         Blade 1 X orientation angle, node 11, rad
        233   -7.039E-03,  8.851E-01, -4.654E-01         F               0         Blade 1 Y orientation angle, node 11, rad
        234    1.674E-01,  4.598E-01,  8.721E-01         F               0         Blade 1 Z orientation angle, node 11, rad
        235    9.858E-01, -6.293E-02, -1.560E-01         F               0         Blade 1 X orientation angle, node 12, rad
        236   -1.685E-02,  8.858E-01, -4.638E-01         F               0         Blade 1 Y orientation angle, node 12, rad
        237    1.674E-01,  4.598E-01,  8.721E-01         F               0         Blade 1 Z orientation angle, node 12, rad
        238    9.856E-01, -5.520E-02, -1.600E-01         F               0         Blade 1 X orientation angle, node 13, rad
        239   -2.545E-02,  8.863E-01, -4.624E-01         F               0         Blade 1 Y orientation angle, node 13, rad
        240    1.674E-01,  4.598E-01,  8.721E-01         F               0         Blade 1 Z orientation angle, node 13, rad
        241    9.853E-01, -4.824E-02, -1.637E-01         F               0         Blade 1 X orientation angle, node 14, rad
        242   -3.319E-02,  8.867E-01, -4.612E-01         F               0         Blade 1 Y orientation angle, node 14, rad
        243    1.674E-01,  4.598E-01,  8.721E-01         F               0         Blade 1 Z orientation angle, node 14, rad
        244    9.851E-01, -4.205E-02, -1.669E-01         F               0         Blade 1 X orientation angle, node 15, rad
        245   -4.007E-02,  8.870E-01, -4.600E-01         F               0         Blade 1 Y orientation angle, node 15, rad
        246    1.674E-01,  4.598E-01,  8.721E-01         F               0         Blade 1 Z orientation angle, node 15, rad
        247    9.848E-01, -3.647E-02, -1.698E-01         F               0         Blade 1 X orientation angle, node 16, rad
        248   -4.625E-02,  8.872E-01, -4.590E-01         F               0         Blade 1 Y orientation angle, node 16, rad
        249    1.674E-01,  4.598E-01,  8.721E-01         F               0         Blade 1 Z orientation angle, node 16, rad
        250    9.845E-01, -3.152E-02, -1.723E-01         F               0         Blade 1 X orientation angle, node 17, rad
        251   -5.175E-02,  8.874E-01, -4.580E-01         F               0         Blade 1 Y orientation angle, node 17, rad
        252    1.674E-01,  4.598E-01,  8.721E-01         F               0         Blade 1 Z orientation angle, node 17, rad
        253    9.843E-01, -2.687E-02, -1.747E-01         F               0         Blade 1 X orientation angle, node 18, rad
        254   -5.691E-02,  8.876E-01, -4.571E-01         F               0         Blade 1 Y orientation angle, node 18, rad
        255    1.674E-01,  4.598E-01,  8.721E-01         F               0         Blade 1 Z orientation angle, node 18, rad
        256    9.840E-01, -2.269E-02, -1.769E-01         F               0         Blade 1 X orientation angle, node 19, rad
        257   -6.155E-02,  8.877E-01, -4.563E-01         F               0         Blade 1 Y orientation angle, node 19, rad
        258    1.674E-01,  4.598E-01,  8.721E-01         F               0         Blade 1 Z orientation angle, node 19, rad
        259    9.837E-01, -1.897E-02, -1.788E-01         F               0         Blade 1 X orientation angle, node 20, rad
        260   -6.567E-02,  8.878E-01, -4.555E-01         F               0         Blade 1 Y orientation angle, node 20, rad
        261    1.674E-01,  4.598E-01,  8.721E-01         F               0         Blade 1 Z orientation angle, node 20, rad
        262    9.834E-01, -1.541E-02, -1.806E-01         F               0         Blade 1 X orientation angle, node 21, rad
        263   -6.962E-02,  8.879E-01, -4.548E-01         F               0         Blade 1 Y orientation angle, node 21, rad
        264    1.674E-01,  4.598E-01,  8.721E-01         F               0         Blade 1 Z orientation angle, node 21, rad
        265    9.832E-01, -1.215E-02, -1.823E-01         F               0         Blade 1 X orientation angle, node 22, rad
        266   -7.322E-02,  8.879E-01, -4.541E-01         F               0         Blade 1 Y orientation angle, node 22, rad
        267    1.674E-01,  4.598E-01,  8.721E-01         F               0         Blade 1 Z orientation angle, node 22, rad
        268    9.829E-01, -9.208E-03, -1.838E-01         F               0         Blade 1 X orientation angle, node 23, rad
        269   -7.648E-02,  8.880E-01, -4.535E-01         F               0         Blade 1 Y orientation angle, node 23, rad
        270    1.674E-01,  4.598E-01,  8.721E-01         F               0         Blade 1 Z orientation angle, node 23, rad
        271    9.827E-01, -6.418E-03, -1.852E-01         F               0         Blade 1 X orientation angle, node 24, rad
        272   -7.957E-02,  8.880E-01, -4.530E-01         F               0         Blade 1 Y orientation angle, node 24, rad
        273    1.674E-01,  4.598E-01,  8.721E-01         F               0         Blade 1 Z orientation angle, node 24, rad
        274    9.824E-01, -3.783E-03, -1.865E-01         F               0         Blade 1 X orientation angle, node 25, rad
        275   -8.248E-02,  8.880E-01, -4.524E-01         F               0         Blade 1 Y orientation angle, node 25, rad
        276    1.674E-01,  4.598E-01,  8.721E-01         F               0         Blade 1 Z orientation angle, node 25, rad
        277    9.822E-01, -1.459E-03, -1.877E-01         F               0         Blade 1 X orientation angle, node 26, rad
        278   -8.505E-02,  8.880E-01, -4.519E-01         F               0         Blade 1 Y orientation angle, node 26, rad
        279    1.674E-01,  4.598E-01,  8.721E-01         F               0         Blade 1 Z orientation angle, node 26, rad
        280    9.820E-01,  8.662E-04, -1.889E-01         F               0         Blade 1 X orientation angle, node 27, rad
        281   -8.762E-02,  8.880E-01, -4.514E-01         F               0         Blade 1 Y orientation angle, node 27, rad
        282    1.674E-01,  4.598E-01,  8.721E-01         F               0         Blade 1 Z orientation angle, node 27, rad
        283    9.819E-01,  2.106E-03, -1.895E-01         F               0         Blade 1 X orientation angle, node 28, rad
        284   -8.900E-02,  8.880E-01, -4.512E-01         F               0         Blade 1 Y orientation angle, node 28, rad
        285    1.674E-01,  4.598E-01,  8.721E-01         F               0         Blade 1 Z orientation angle, node 28, rad
        286    4.309E-01                                 F               0         Blade 1 X translation velocity, node 1, m/s
        287   -4.291E+00                                 F               0         Blade 1 Y translation velocity, node 1, m/s
        288    2.214E+00                                 F               0         Blade 1 Z translation velocity, node 1, m/s
        289    5.347E-01                                 F               0         Blade 1 X translation velocity, node 2, m/s
        290   -5.340E+00                                 F               0         Blade 1 Y translation velocity, node 2, m/s
        291    2.748E+00                                 F               0         Blade 1 Z translation velocity, node 2, m/s
        292    1.946E+00                                 F               0         Blade 1 X translation velocity, node 3, m/s
        293   -1.961E+01                                 F               0         Blade 1 Y translation velocity, node 3, m/s
        294    1.000E+01                                 F               0         Blade 1 Z translation velocity, node 3, m/s
        295    2.246E+00                                 F               0         Blade 1 X translation velocity, node 4, m/s
        296   -2.265E+01                                 F               0         Blade 1 Y translation velocity, node 4, m/s
        297    1.155E+01                                 F               0         Blade 1 Z translation velocity, node 4, m/s
        298    2.547E+00                                 F               0         Blade 1 X translation velocity, node 5, m/s
        299   -2.569E+01                                 F               0         Blade 1 Y translation velocity, node 5, m/s
        300    1.309E+01                                 F               0         Blade 1 Z translation velocity, node 5, m/s
        301    2.848E+00                                 F               0         Blade 1 X translation velocity, node 6, m/s
        302   -2.873E+01                                 F               0         Blade 1 Y translation velocity, node 6, m/s
        303    1.464E+01                                 F               0         Blade 1 Z translation velocity, node 6, m/s
        304    3.148E+00                                 F               0         Blade 1 X translation velocity, node 7, m/s
        305   -3.177E+01                                 F               0         Blade 1 Y translation velocity, node 7, m/s
        306    1.618E+01                                 F               0         Blade 1 Z translation velocity, node 7, m/s
        307    3.449E+00                                 F               0         Blade 1 X translation velocity, node 8, m/s
