
Linearized model: Predictions were generated on 06-Feb-2024 at 08:44:08 using OpenFAST, compiled as a 64-bit application using single precision at commit v3.5.1
 linked with  NWTC Subroutine Library; ElastoDyn; InflowWind; AeroDyn; ServoDyn; HydroDyn; MAP++ (<1.20.10>, <Oct-20-2023>)

Description from the FAST input file: CCT-9 Campign 4 model. Input files to be run with OpenFAST 3.5.0. GitHub branch from Lu Wang (https://github.com/luwang00/openfast/tree/dev) compiled on March 7, 2023.

Simulation information:
   Simulation time:                  2505.5750 s
   Rotor Speed:                         0.8852 rad/s
   Azimuth:                             1.8045 rad
   Wind Speed:                         10.0000 m/s
   Number of continuous states:         0
   Number of discrete states:           0
   Number of constraint states:         0
   Number of inputs:                 1746
   Number of outputs:                   4
   Jacobians included in this file?    No

Order of inputs:
     Column   Operating Point                     Rotating Frame? Derivative Order Description
   ---------- ---------------                     --------------- ---------------- -----------
          1    1.391E+01                                 F               0         Tower X translation displacement, node 1, m
          2    8.316E-02                                 F               0         Tower Y translation displacement, node 1, m
          3   -1.834E-01                                 F               0         Tower Z translation displacement, node 1, m
          4    1.488E+01                                 F               0         Tower X translation displacement, node 2, m
          5    1.218E-01                                 F               0         Tower Y translation displacement, node 2, m
          6   -2.220E-01                                 F               0         Tower Z translation displacement, node 2, m
          7    1.588E+01                                 F               0         Tower X translation displacement, node 3, m
          8    1.612E-01                                 F               0         Tower Y translation displacement, node 3, m
          9   -2.622E-01                                 F               0         Tower Z translation displacement, node 3, m
         10    1.689E+01                                 F               0         Tower X translation displacement, node 4, m
         11    2.010E-01                                 F               0         Tower Y translation displacement, node 4, m
         12   -3.037E-01                                 F               0         Tower Z translation displacement, node 4, m
         13    1.791E+01                                 F               0         Tower X translation displacement, node 5, m
         14    2.413E-01                                 F               0         Tower Y translation displacement, node 5, m
         15   -3.462E-01                                 F               0         Tower Z translation displacement, node 5, m
         16    1.894E+01                                 F               0         Tower X translation displacement, node 6, m
         17    2.819E-01                                 F               0         Tower Y translation displacement, node 6, m
         18   -3.895E-01                                 F               0         Tower Z translation displacement, node 6, m
         19    1.998E+01                                 F               0         Tower X translation displacement, node 7, m
         20    3.229E-01                                 F               0         Tower Y translation displacement, node 7, m
         21   -4.334E-01                                 F               0         Tower Z translation displacement, node 7, m
         22    2.103E+01                                 F               0         Tower X translation displacement, node 8, m
         23    3.641E-01                                 F               0         Tower Y translation displacement, node 8, m
         24   -4.778E-01                                 F               0         Tower Z translation displacement, node 8, m
         25    2.208E+01                                 F               0         Tower X translation displacement, node 9, m
         26    4.054E-01                                 F               0         Tower Y translation displacement, node 9, m
         27   -5.226E-01                                 F               0         Tower Z translation displacement, node 9, m
         28    2.313E+01                                 F               0         Tower X translation displacement, node 10, m
         29    4.470E-01                                 F               0         Tower Y translation displacement, node 10, m
         30   -5.676E-01                                 F               0         Tower Z translation displacement, node 10, m
         31    2.419E+01                                 F               0         Tower X translation displacement, node 11, m
         32    4.885E-01                                 F               0         Tower Y translation displacement, node 11, m
         33   -6.127E-01                                 F               0         Tower Z translation displacement, node 11, m
         34    9.969E-01,  1.257E-03, -7.829E-02         F               0         Tower X orientation angle, node 1, rad
         35   -1.496E-03,  1.000E+00, -3.002E-03         F               0         Tower Y orientation angle, node 1, rad
         36    7.829E-02,  3.110E-03,  9.969E-01         F               0         Tower Z orientation angle, node 1, rad
         37    9.968E-01,  1.252E-03, -7.983E-02         F               0         Tower X orientation angle, node 2, rad
         38   -1.500E-03,  1.000E+00, -3.049E-03         F               0         Tower Y orientation angle, node 2, rad
         39    7.982E-02,  3.159E-03,  9.968E-01         F               0         Tower Z orientation angle, node 2, rad
         40    9.967E-01,  1.248E-03, -8.117E-02         F               0         Tower X orientation angle, node 3, rad
         41   -1.504E-03,  1.000E+00, -3.091E-03         F               0         Tower Y orientation angle, node 3, rad
         42    8.116E-02,  3.203E-03,  9.967E-01         F               0         Tower Z orientation angle, node 3, rad
         43    9.966E-01,  1.244E-03, -8.229E-02         F               0         Tower X orientation angle, node 4, rad
         44   -1.507E-03,  1.000E+00, -3.128E-03         F               0         Tower Y orientation angle, node 4, rad
         45    8.228E-02,  3.242E-03,  9.966E-01         F               0         Tower Z orientation angle, node 4, rad
         46    9.965E-01,  1.241E-03, -8.320E-02         F               0         Tower X orientation angle, node 5, rad
         47   -1.509E-03,  1.000E+00, -3.160E-03         F               0         Tower Y orientation angle, node 5, rad
         48    8.320E-02,  3.275E-03,  9.965E-01         F               0         Tower Z orientation angle, node 5, rad
         49    9.965E-01,  1.239E-03, -8.392E-02         F               0         Tower X orientation angle, node 6, rad
         50   -1.511E-03,  1.000E+00, -3.187E-03         F               0         Tower Y orientation angle, node 6, rad
         51    8.392E-02,  3.302E-03,  9.965E-01         F               0         Tower Z orientation angle, node 6, rad
         52    9.964E-01,  1.237E-03, -8.446E-02         F               0         Tower X orientation angle, node 7, rad
         53   -1.513E-03,  1.000E+00, -3.208E-03         F               0         Tower Y orientation angle, node 7, rad
         54    8.445E-02,  3.325E-03,  9.964E-01         F               0         Tower Z orientation angle, node 7, rad
         55    9.964E-01,  1.236E-03, -8.484E-02         F               0         Tower X orientation angle, node 8, rad
         56   -1.515E-03,  1.000E+00, -3.225E-03         F               0         Tower Y orientation angle, node 8, rad
         57    8.484E-02,  3.342E-03,  9.964E-01         F               0         Tower Z orientation angle, node 8, rad
         58    9.964E-01,  1.235E-03, -8.510E-02         F               0         Tower X orientation angle, node 9, rad
         59   -1.516E-03,  1.000E+00, -3.237E-03         F               0         Tower Y orientation angle, node 9, rad
         60    8.509E-02,  3.355E-03,  9.964E-01         F               0         Tower Z orientation angle, node 9, rad
         61    9.964E-01,  1.234E-03, -8.525E-02         F               0         Tower X orientation angle, node 10, rad
         62   -1.516E-03,  1.000E+00, -3.245E-03         F               0         Tower Y orientation angle, node 10, rad
         63    8.525E-02,  3.363E-03,  9.964E-01         F               0         Tower Z orientation angle, node 10, rad
         64    9.964E-01,  1.234E-03, -8.533E-02         F               0         Tower X orientation angle, node 11, rad
         65   -1.517E-03,  1.000E+00, -3.250E-03         F               0         Tower Y orientation angle, node 11, rad
         66    8.532E-02,  3.367E-03,  9.963E-01         F               0         Tower Z orientation angle, node 11, rad
         67    2.085E-04                                 F               0         Tower X translation velocity, node 1, m/s
         68    3.623E-03                                 F               0         Tower Y translation velocity, node 1, m/s
         69   -4.707E-04                                 F               0         Tower Z translation velocity, node 1, m/s
         70    3.072E-04                                 F               0         Tower X translation velocity, node 2, m/s
         71    5.713E-03                                 F               0         Tower Y translation velocity, node 2, m/s
         72   -4.851E-04                                 F               0         Tower Z translation velocity, node 2, m/s
         73    4.541E-04                                 F               0         Tower X translation velocity, node 3, m/s
         74    7.856E-03                                 F               0         Tower Y translation velocity, node 3, m/s
         75   -5.038E-04                                 F               0         Tower Z translation velocity, node 3, m/s
         76    6.382E-04                                 F               0         Tower X translation velocity, node 4, m/s
         77    1.004E-02                                 F               0         Tower Y translation velocity, node 4, m/s
         78   -5.260E-04                                 F               0         Tower Z translation velocity, node 4, m/s
         79    8.537E-04                                 F               0         Tower X translation velocity, node 5, m/s
         80    1.226E-02                                 F               0         Tower Y translation velocity, node 5, m/s
         81   -5.511E-04                                 F               0         Tower Z translation velocity, node 5, m/s
         82    1.095E-03                                 F               0         Tower X translation velocity, node 6, m/s
         83    1.451E-02                                 F               0         Tower Y translation velocity, node 6, m/s
         84   -5.788E-04                                 F               0         Tower Z translation velocity, node 6, m/s
         85    1.355E-03                                 F               0         Tower X translation velocity, node 7, m/s
         86    1.678E-02                                 F               0         Tower Y translation velocity, node 7, m/s
         87   -6.084E-04                                 F               0         Tower Z translation velocity, node 7, m/s
         88    1.632E-03                                 F               0         Tower X translation velocity, node 8, m/s
         89    1.908E-02                                 F               0         Tower Y translation velocity, node 8, m/s
         90   -6.396E-04                                 F               0         Tower Z translation velocity, node 8, m/s
         91    1.921E-03                                 F               0         Tower X translation velocity, node 9, m/s
         92    2.139E-02                                 F               0         Tower Y translation velocity, node 9, m/s
         93   -6.719E-04                                 F               0         Tower Z translation velocity, node 9, m/s
         94    2.218E-03                                 F               0         Tower X translation velocity, node 10, m/s
         95    2.370E-02                                 F               0         Tower Y translation velocity, node 10, m/s
         96   -7.051E-04                                 F               0         Tower Z translation velocity, node 10, m/s
         97    2.519E-03                                 F               0         Tower X translation velocity, node 11, m/s
         98    2.603E-02                                 F               0         Tower Y translation velocity, node 11, m/s
         99   -7.388E-04                                 F               0         Tower Z translation velocity, node 11, m/s
        100    2.490E+01                                 F               0         Hub X translation displacement, node 1, m
        101    5.016E-01                                 F               0         Hub Y translation displacement, node 1, m
        102    2.802E-01                                 F               0         Hub Z translation displacement, node 1, m
        103    9.820E-01,  8.751E-04, -1.890E-01         F               0         Hub X orientation angle, node 1, rad
        104    1.842E-01, -2.282E-01,  9.560E-01         F               0         Hub Y orientation angle, node 1, rad
        105   -4.229E-02, -9.736E-01, -2.242E-01         F               0         Hub Z orientation angle, node 1, rad
        106    8.690E-01                                 F               0         Hub X rotation velocity, node 1, rad/s
        107    7.989E-04                                 F               0         Hub Y rotation velocity, node 1, rad/s
        108   -1.674E-01                                 F               0         Hub Z rotation velocity, node 1, rad/s
        109    9.761E-01,  7.644E-03, -2.173E-01         F               0         Blade root 1 X orientation angle, node 1, rad
        110    2.133E-01, -2.281E-01,  9.500E-01         F               0         Blade root 1 Y orientation angle, node 1, rad
        111   -4.229E-02, -9.736E-01, -2.242E-01         F               0         Blade root 1 Z orientation angle, node 1, rad
        112    9.854E-01,  2.250E-02, -1.690E-01         F               0         Blade root 2 X orientation angle, node 1, rad
        113   -9.955E-02, -7.287E-01, -6.775E-01         F               0         Blade root 2 Y orientation angle, node 1, rad
        114   -1.384E-01,  6.844E-01, -7.158E-01         F               0         Blade root 2 Z orientation angle, node 1, rad
        115    9.832E-01, -2.752E-02, -1.805E-01         F               0         Blade root 3 X orientation angle, node 1, rad
        116   -2.633E-02,  9.569E-01, -2.893E-01         F               0         Blade root 3 Y orientation angle, node 1, rad
        117    1.807E-01,  2.892E-01,  9.401E-01         F               0         Blade root 3 Z orientation angle, node 1, rad
        118    2.408E+01                                 F               0         Blade 1 X translation displacement, node 1, m
        119   -4.892E+00                                 F               0         Blade 1 Y translation displacement, node 1, m
        120   -6.472E+00                                 F               0         Blade 1 Z translation displacement, node 1, m
        121    2.389E+01                                 F               0         Blade 1 X translation displacement, node 2, m
        122   -6.192E+00                                 F               0         Blade 1 Y translation displacement, node 2, m
        123   -8.099E+00                                 F               0         Blade 1 Z translation displacement, node 2, m
        124    2.122E+01                                 F               0         Blade 1 X translation displacement, node 3, m
        125   -2.387E+01                                 F               0         Blade 1 Y translation displacement, node 3, m
        126   -3.022E+01                                 F               0         Blade 1 Z translation displacement, node 3, m
        127    2.065E+01                                 F               0         Blade 1 X translation displacement, node 4, m
        128   -2.763E+01                                 F               0         Blade 1 Y translation displacement, node 4, m
        129   -3.494E+01                                 F               0         Blade 1 Z translation displacement, node 4, m
        130    2.009E+01                                 F               0         Blade 1 X translation displacement, node 5, m
        131   -3.140E+01                                 F               0         Blade 1 Y translation displacement, node 5, m
        132   -3.965E+01                                 F               0         Blade 1 Z translation displacement, node 5, m
        133    1.952E+01                                 F               0         Blade 1 X translation displacement, node 6, m
        134   -3.516E+01                                 F               0         Blade 1 Y translation displacement, node 6, m
        135   -4.436E+01                                 F               0         Blade 1 Z translation displacement, node 6, m
        136    1.895E+01                                 F               0         Blade 1 X translation displacement, node 7, m
        137   -3.893E+01                                 F               0         Blade 1 Y translation displacement, node 7, m
        138   -4.908E+01                                 F               0         Blade 1 Z translation displacement, node 7, m
        139    1.838E+01                                 F               0         Blade 1 X translation displacement, node 8, m
        140   -4.269E+01                                 F               0         Blade 1 Y translation displacement, node 8, m
        141   -5.379E+01                                 F               0         Blade 1 Z translation displacement, node 8, m
        142    1.781E+01                                 F               0         Blade 1 X translation displacement, node 9, m
        143   -4.646E+01                                 F               0         Blade 1 Y translation displacement, node 9, m
        144   -5.850E+01                                 F               0         Blade 1 Z translation displacement, node 9, m
        145    1.725E+01                                 F               0         Blade 1 X translation displacement, node 10, m
        146   -5.023E+01                                 F               0         Blade 1 Y translation displacement, node 10, m
        147   -6.322E+01                                 F               0         Blade 1 Z translation displacement, node 10, m
        148    1.668E+01                                 F               0         Blade 1 X translation displacement, node 11, m
        149   -5.399E+01                                 F               0         Blade 1 Y translation displacement, node 11, m
        150   -6.793E+01                                 F               0         Blade 1 Z translation displacement, node 11, m
        151    1.611E+01                                 F               0         Blade 1 X translation displacement, node 12, m
        152   -5.776E+01                                 F               0         Blade 1 Y translation displacement, node 12, m
        153   -7.265E+01                                 F               0         Blade 1 Z translation displacement, node 12, m
        154    1.554E+01                                 F               0         Blade 1 X translation displacement, node 13, m
        155   -6.152E+01                                 F               0         Blade 1 Y translation displacement, node 13, m
        156   -7.736E+01                                 F               0         Blade 1 Z translation displacement, node 13, m
        157    1.497E+01                                 F               0         Blade 1 X translation displacement, node 14, m
        158   -6.529E+01                                 F               0         Blade 1 Y translation displacement, node 14, m
        159   -8.207E+01                                 F               0         Blade 1 Z translation displacement, node 14, m
        160    1.441E+01                                 F               0         Blade 1 X translation displacement, node 15, m
        161   -6.905E+01                                 F               0         Blade 1 Y translation displacement, node 15, m
        162   -8.679E+01                                 F               0         Blade 1 Z translation displacement, node 15, m
        163    1.384E+01                                 F               0         Blade 1 X translation displacement, node 16, m
        164   -7.282E+01                                 F               0         Blade 1 Y translation displacement, node 16, m
        165   -9.150E+01                                 F               0         Blade 1 Z translation displacement, node 16, m
        166    1.327E+01                                 F               0         Blade 1 X translation displacement, node 17, m
        167   -7.658E+01                                 F               0         Blade 1 Y translation displacement, node 17, m
        168   -9.621E+01                                 F               0         Blade 1 Z translation displacement, node 17, m
        169    1.270E+01                                 F               0         Blade 1 X translation displacement, node 18, m
        170   -8.035E+01                                 F               0         Blade 1 Y translation displacement, node 18, m
        171   -1.009E+02                                 F               0         Blade 1 Z translation displacement, node 18, m
        172    1.214E+01                                 F               0         Blade 1 X translation displacement, node 19, m
        173   -8.412E+01                                 F               0         Blade 1 Y translation displacement, node 19, m
        174   -1.056E+02                                 F               0         Blade 1 Z translation displacement, node 19, m
        175    1.157E+01                                 F               0         Blade 1 X translation displacement, node 20, m
        176   -8.788E+01                                 F               0         Blade 1 Y translation displacement, node 20, m
        177   -1.104E+02                                 F               0         Blade 1 Z translation displacement, node 20, m
        178    1.100E+01                                 F               0         Blade 1 X translation displacement, node 21, m
        179   -9.165E+01                                 F               0         Blade 1 Y translation displacement, node 21, m
        180   -1.151E+02                                 F               0         Blade 1 Z translation displacement, node 21, m
        181    1.043E+01                                 F               0         Blade 1 X translation displacement, node 22, m
        182   -9.541E+01                                 F               0         Blade 1 Y translation displacement, node 22, m
        183   -1.198E+02                                 F               0         Blade 1 Z translation displacement, node 22, m
        184    9.864E+00                                 F               0         Blade 1 X translation displacement, node 23, m
        185   -9.918E+01                                 F               0         Blade 1 Y translation displacement, node 23, m
        186   -1.245E+02                                 F               0         Blade 1 Z translation displacement, node 23, m
        187    9.296E+00                                 F               0         Blade 1 X translation displacement, node 24, m
        188   -1.029E+02                                 F               0         Blade 1 Y translation displacement, node 24, m
        189   -1.292E+02                                 F               0         Blade 1 Z translation displacement, node 24, m
        190    8.729E+00                                 F               0         Blade 1 X translation displacement, node 25, m
        191   -1.067E+02                                 F               0         Blade 1 Y translation displacement, node 25, m
        192   -1.339E+02                                 F               0         Blade 1 Z translation displacement, node 25, m
        193    8.161E+00                                 F               0         Blade 1 X translation displacement, node 26, m
        194   -1.105E+02                                 F               0         Blade 1 Y translation displacement, node 26, m
        195   -1.386E+02                                 F               0         Blade 1 Z translation displacement, node 26, m
        196    7.593E+00                                 F               0         Blade 1 X translation displacement, node 27, m
        197   -1.142E+02                                 F               0         Blade 1 Y translation displacement, node 27, m
        198   -1.434E+02                                 F               0         Blade 1 Z translation displacement, node 27, m
        199    7.111E+00                                 F               0         Blade 1 X translation displacement, node 28, m
        200   -1.174E+02                                 F               0         Blade 1 Y translation displacement, node 28, m
        201   -1.473E+02                                 F               0         Blade 1 Z translation displacement, node 28, m
        202    7.714E-01,  1.108E-01, -6.266E-01         F               0         Blade 1 X orientation angle, node 1, rad
        203    6.349E-01, -1.995E-01,  7.464E-01         F               0         Blade 1 Y orientation angle, node 1, rad
        204   -4.229E-02, -9.736E-01, -2.242E-01         F               0         Blade 1 Z orientation angle, node 1, rad
        205    7.714E-01,  1.108E-01, -6.266E-01         F               0         Blade 1 X orientation angle, node 2, rad
        206    6.349E-01, -1.995E-01,  7.464E-01         F               0         Blade 1 Y orientation angle, node 2, rad
        207   -4.229E-02, -9.736E-01, -2.242E-01         F               0         Blade 1 Z orientation angle, node 2, rad
        208    8.999E-01,  6.036E-02, -4.318E-01         F               0         Blade 1 X orientation angle, node 3, rad
        209    4.340E-01, -2.201E-01,  8.736E-01         F               0         Blade 1 Y orientation angle, node 3, rad
        210   -4.229E-02, -9.736E-01, -2.242E-01         F               0         Blade 1 Z orientation angle, node 3, rad
        211    9.175E-01,  5.102E-02, -3.946E-01         F               0         Blade 1 X orientation angle, node 4, rad
        212    3.956E-01, -2.224E-01,  8.911E-01         F               0         Blade 1 Y orientation angle, node 4, rad
        213   -4.229E-02, -9.736E-01, -2.242E-01         F               0         Blade 1 Z orientation angle, node 4, rad
        214    9.301E-01,  4.362E-02, -3.648E-01         F               0         Blade 1 X orientation angle, node 5, rad
        215    3.650E-01, -2.240E-01,  9.037E-01         F               0         Blade 1 Y orientation angle, node 5, rad
        216   -4.229E-02, -9.736E-01, -2.242E-01         F               0         Blade 1 Z orientation angle, node 5, rad
        217    9.394E-01,  3.766E-02, -3.407E-01         F               0         Blade 1 X orientation angle, node 6, rad
        218    3.402E-01, -2.251E-01,  9.130E-01         F               0         Blade 1 Y orientation angle, node 6, rad
        219   -4.229E-02, -9.736E-01, -2.242E-01         F               0         Blade 1 Z orientation angle, node 6, rad
        220    9.466E-01,  3.274E-02, -3.207E-01         F               0         Blade 1 X orientation angle, node 7, rad
        221    3.196E-01, -2.258E-01,  9.203E-01         F               0         Blade 1 Y orientation angle, node 7, rad
        222   -4.229E-02, -9.736E-01, -2.242E-01         F               0         Blade 1 Z orientation angle, node 7, rad
        223    9.523E-01,  2.864E-02, -3.039E-01         F               0         Blade 1 X orientation angle, node 8, rad
        224    3.024E-01, -2.264E-01,  9.259E-01         F               0         Blade 1 Y orientation angle, node 8, rad
        225   -4.229E-02, -9.736E-01, -2.242E-01         F               0         Blade 1 Z orientation angle, node 8, rad
        226    9.568E-01,  2.516E-02, -2.897E-01         F               0         Blade 1 X orientation angle, node 9, rad
        227    2.877E-01, -2.268E-01,  9.305E-01         F               0         Blade 1 Y orientation angle, node 9, rad
        228   -4.229E-02, -9.736E-01, -2.242E-01         F               0         Blade 1 Z orientation angle, node 9, rad
        229    9.605E-01,  2.215E-02, -2.773E-01         F               0         Blade 1 X orientation angle, node 10, rad
        230    2.750E-01, -2.271E-01,  9.342E-01         F               0         Blade 1 Y orientation angle, node 10, rad
        231   -4.229E-02, -9.736E-01, -2.242E-01         F               0         Blade 1 Z orientation angle, node 10, rad
        232    9.636E-01,  1.957E-02, -2.667E-01         F               0         Blade 1 X orientation angle, node 11, rad
        233    2.641E-01, -2.273E-01,  9.373E-01         F               0         Blade 1 Y orientation angle, node 11, rad
        234   -4.229E-02, -9.736E-01, -2.242E-01         F               0         Blade 1 Z orientation angle, node 11, rad
        235    9.662E-01,  1.731E-02, -2.574E-01         F               0         Blade 1 X orientation angle, node 12, rad
        236    2.545E-01, -2.275E-01,  9.399E-01         F               0         Blade 1 Y orientation angle, node 12, rad
        237   -4.229E-02, -9.736E-01, -2.242E-01         F               0         Blade 1 Z orientation angle, node 12, rad
        238    9.683E-01,  1.532E-02, -2.492E-01         F               0         Blade 1 X orientation angle, node 13, rad
        239    2.460E-01, -2.277E-01,  9.421E-01         F               0         Blade 1 Y orientation angle, node 13, rad
        240   -4.229E-02, -9.736E-01, -2.242E-01         F               0         Blade 1 Z orientation angle, node 13, rad
        241    9.702E-01,  1.353E-02, -2.418E-01         F               0         Blade 1 X orientation angle, node 14, rad
        242    2.384E-01, -2.278E-01,  9.441E-01         F               0         Blade 1 Y orientation angle, node 14, rad
        243   -4.229E-02, -9.736E-01, -2.242E-01         F               0         Blade 1 Z orientation angle, node 14, rad
        244    9.719E-01,  1.194E-02, -2.352E-01         F               0         Blade 1 X orientation angle, node 15, rad
        245    2.316E-01, -2.279E-01,  9.457E-01         F               0         Blade 1 Y orientation angle, node 15, rad
        246   -4.229E-02, -9.736E-01, -2.242E-01         F               0         Blade 1 Z orientation angle, node 15, rad
        247    9.733E-01,  1.051E-02, -2.292E-01         F               0         Blade 1 X orientation angle, node 16, rad
        248    2.255E-01, -2.279E-01,  9.472E-01         F               0         Blade 1 Y orientation angle, node 16, rad
        249   -4.229E-02, -9.736E-01, -2.242E-01         F               0         Blade 1 Z orientation angle, node 16, rad
        250    9.746E-01,  9.236E-03, -2.239E-01         F               0         Blade 1 X orientation angle, node 17, rad
        251    2.201E-01, -2.280E-01,  9.485E-01         F               0         Blade 1 Y orientation angle, node 17, rad
        252   -4.229E-02, -9.736E-01, -2.242E-01         F               0         Blade 1 Z orientation angle, node 17, rad
        253    9.757E-01,  8.042E-03, -2.189E-01         F               0         Blade 1 X orientation angle, node 18, rad
        254    2.150E-01, -2.280E-01,  9.496E-01         F               0         Blade 1 Y orientation angle, node 18, rad
        255   -4.229E-02, -9.736E-01, -2.242E-01         F               0         Blade 1 Z orientation angle, node 18, rad
        256    9.767E-01,  6.967E-03, -2.145E-01         F               0         Blade 1 X orientation angle, node 19, rad
        257    2.104E-01, -2.281E-01,  9.506E-01         F               0         Blade 1 Y orientation angle, node 19, rad
        258   -4.229E-02, -9.736E-01, -2.242E-01         F               0         Blade 1 Z orientation angle, node 19, rad
        259    9.776E-01,  6.012E-03, -2.105E-01         F               0         Blade 1 X orientation angle, node 20, rad
        260    2.063E-01, -2.281E-01,  9.515E-01         F               0         Blade 1 Y orientation angle, node 20, rad
        261   -4.229E-02, -9.736E-01, -2.242E-01         F               0         Blade 1 Z orientation angle, node 20, rad
        262    9.784E-01,  5.096E-03, -2.067E-01         F               0         Blade 1 X orientation angle, node 21, rad
        263    2.024E-01, -2.281E-01,  9.524E-01         F               0         Blade 1 Y orientation angle, node 21, rad
        264   -4.229E-02, -9.736E-01, -2.242E-01         F               0         Blade 1 Z orientation angle, node 21, rad
        265    9.791E-01,  4.260E-03, -2.032E-01         F               0         Blade 1 X orientation angle, node 22, rad
        266    1.988E-01, -2.281E-01,  9.531E-01         F               0         Blade 1 Y orientation angle, node 22, rad
        267   -4.229E-02, -9.736E-01, -2.242E-01         F               0         Blade 1 Z orientation angle, node 22, rad
        268    9.798E-01,  3.504E-03, -2.000E-01         F               0         Blade 1 X orientation angle, node 23, rad
        269    1.955E-01, -2.282E-01,  9.538E-01         F               0         Blade 1 Y orientation angle, node 23, rad
        270   -4.229E-02, -9.736E-01, -2.242E-01         F               0         Blade 1 Z orientation angle, node 23, rad
        271    9.804E-01,  2.787E-03, -1.970E-01         F               0         Blade 1 X orientation angle, node 24, rad
        272    1.924E-01, -2.282E-01,  9.544E-01         F               0         Blade 1 Y orientation angle, node 24, rad
        273   -4.229E-02, -9.736E-01, -2.242E-01         F               0         Blade 1 Z orientation angle, node 24, rad
        274    9.810E-01,  2.110E-03, -1.942E-01         F               0         Blade 1 X orientation angle, node 25, rad
        275    1.895E-01, -2.282E-01,  9.550E-01         F               0         Blade 1 Y orientation angle, node 25, rad
        276   -4.229E-02, -9.736E-01, -2.242E-01         F               0         Blade 1 Z orientation angle, node 25, rad
        277    9.815E-01,  1.512E-03, -1.917E-01         F               0         Blade 1 X orientation angle, node 26, rad
        278    1.870E-01, -2.282E-01,  9.555E-01         F               0         Blade 1 Y orientation angle, node 26, rad
        279   -4.229E-02, -9.736E-01, -2.242E-01         F               0         Blade 1 Z orientation angle, node 26, rad
        280    9.819E-01,  9.150E-04, -1.892E-01         F               0         Blade 1 X orientation angle, node 27, rad
        281    1.844E-01, -2.282E-01,  9.560E-01         F               0         Blade 1 Y orientation angle, node 27, rad
        282   -4.229E-02, -9.736E-01, -2.242E-01         F               0         Blade 1 Z orientation angle, node 27, rad
        283    9.822E-01,  5.964E-04, -1.878E-01         F               0         Blade 1 X orientation angle, node 28, rad
        284    1.830E-01, -2.282E-01,  9.563E-01         F               0         Blade 1 Y orientation angle, node 28, rad
        285   -4.229E-02, -9.736E-01, -2.242E-01         F               0         Blade 1 Z orientation angle, node 28, rad
        286   -9.011E-01                                 F               0         Blade 1 X translation velocity, node 1, m/s
        287    1.147E+00                                 F               0         Blade 1 Y translation velocity, node 1, m/s
        288   -4.688E+00                                 F               0         Blade 1 Z translation velocity, node 1, m/s
        289   -1.119E+00                                 F               0         Blade 1 X translation velocity, node 2, m/s
        290    1.417E+00                                 F               0         Blade 1 Y translation velocity, node 2, m/s
        291   -5.817E+00                                 F               0         Blade 1 Z translation velocity, node 2, m/s
        292   -4.080E+00                                 F               0         Blade 1 X translation velocity, node 3, m/s
        293    5.082E+00                                 F               0         Blade 1 Y translation velocity, node 3, m/s
        294   -2.117E+01                                 F               0         Blade 1 Z translation velocity, node 3, m/s
        295   -4.711E+00                                 F               0         Blade 1 X translation velocity, node 4, m/s
        296    5.863E+00                                 F               0         Blade 1 Y translation velocity, node 4, m/s
        297   -2.445E+01                                 F               0         Blade 1 Z translation velocity, node 4, m/s
        298   -5.342E+00                                 F               0         Blade 1 X translation velocity, node 5, m/s
        299    6.645E+00                                 F               0         Blade 1 Y translation velocity, node 5, m/s
        300   -2.772E+01                                 F               0         Blade 1 Z translation velocity, node 5, m/s
        301   -5.973E+00                                 F               0         Blade 1 X translation velocity, node 6, m/s
        302    7.426E+00                                 F               0         Blade 1 Y translation velocity, node 6, m/s
        303   -3.099E+01                                 F               0         Blade 1 Z translation velocity, node 6, m/s
        304   -6.604E+00                                 F               0         Blade 1 X translation velocity, node 7, m/s
        305    8.207E+00                                 F               0         Blade 1 Y translation velocity, node 7, m/s
        306   -3.426E+01                                 F               0         Blade 1 Z translation velocity, node 7, m/s
        307   -7.235E+00                                 F               0         Blade 1 X translation velocity, node 8, m/s
