
Linearized model: Predictions were generated on 06-Feb-2024 at 08:44:08 using OpenFAST, compiled as a 64-bit application using single precision at commit v3.5.1
 linked with  NWTC Subroutine Library; ElastoDyn; InflowWind; AeroDyn; ServoDyn; HydroDyn; MAP++ (<1.20.10>, <Oct-20-2023>)

Description from the FAST input file: CCT-9 Campign 4 model. Input files to be run with OpenFAST 3.5.0. GitHub branch from Lu Wang (https://github.com/luwang00/openfast/tree/dev) compiled on March 7, 2023.

Simulation information:
   Simulation time:                  2506.1750 s
   Rotor Speed:                         0.8851 rad/s
   Azimuth:                             2.3356 rad
   Wind Speed:                         10.0000 m/s
   Number of continuous states:         0
   Number of discrete states:           0
   Number of constraint states:         0
   Number of inputs:                 1746
   Number of outputs:                   4
   Jacobians included in this file?    No

Order of inputs:
     Column   Operating Point                     Rotating Frame? Derivative Order Description
   ---------- ---------------                     --------------- ---------------- -----------
          1    1.391E+01                                 F               0         Tower X translation displacement, node 1, m
          2    8.495E-02                                 F               0         Tower Y translation displacement, node 1, m
          3   -1.837E-01                                 F               0         Tower Z translation displacement, node 1, m
          4    1.488E+01                                 F               0         Tower X translation displacement, node 2, m
          5    1.246E-01                                 F               0         Tower Y translation displacement, node 2, m
          6   -2.224E-01                                 F               0         Tower Z translation displacement, node 2, m
          7    1.588E+01                                 F               0         Tower X translation displacement, node 3, m
          8    1.650E-01                                 F               0         Tower Y translation displacement, node 3, m
          9   -2.626E-01                                 F               0         Tower Z translation displacement, node 3, m
         10    1.689E+01                                 F               0         Tower X translation displacement, node 4, m
         11    2.058E-01                                 F               0         Tower Y translation displacement, node 4, m
         12   -3.041E-01                                 F               0         Tower Z translation displacement, node 4, m
         13    1.791E+01                                 F               0         Tower X translation displacement, node 5, m
         14    2.471E-01                                 F               0         Tower Y translation displacement, node 5, m
         15   -3.466E-01                                 F               0         Tower Z translation displacement, node 5, m
         16    1.894E+01                                 F               0         Tower X translation displacement, node 6, m
         17    2.888E-01                                 F               0         Tower Y translation displacement, node 6, m
         18   -3.899E-01                                 F               0         Tower Z translation displacement, node 6, m
         19    1.999E+01                                 F               0         Tower X translation displacement, node 7, m
         20    3.308E-01                                 F               0         Tower Y translation displacement, node 7, m
         21   -4.339E-01                                 F               0         Tower Z translation displacement, node 7, m
         22    2.103E+01                                 F               0         Tower X translation displacement, node 8, m
         23    3.730E-01                                 F               0         Tower Y translation displacement, node 8, m
         24   -4.783E-01                                 F               0         Tower Z translation displacement, node 8, m
         25    2.208E+01                                 F               0         Tower X translation displacement, node 9, m
         26    4.154E-01                                 F               0         Tower Y translation displacement, node 9, m
         27   -5.231E-01                                 F               0         Tower Z translation displacement, node 9, m
         28    2.313E+01                                 F               0         Tower X translation displacement, node 10, m
         29    4.580E-01                                 F               0         Tower Y translation displacement, node 10, m
         30   -5.681E-01                                 F               0         Tower Z translation displacement, node 10, m
         31    2.419E+01                                 F               0         Tower X translation displacement, node 11, m
         32    5.006E-01                                 F               0         Tower Y translation displacement, node 11, m
         33   -6.132E-01                                 F               0         Tower Z translation displacement, node 11, m
         34    9.969E-01,  1.198E-03, -7.830E-02         F               0         Tower X orientation angle, node 1, rad
         35   -1.444E-03,  1.000E+00, -3.087E-03         F               0         Tower Y orientation angle, node 1, rad
         36    7.829E-02,  3.191E-03,  9.969E-01         F               0         Tower Z orientation angle, node 1, rad
         37    9.968E-01,  1.193E-03, -7.984E-02         F               0         Tower X orientation angle, node 2, rad
         38   -1.448E-03,  1.000E+00, -3.135E-03         F               0         Tower Y orientation angle, node 2, rad
         39    7.983E-02,  3.241E-03,  9.968E-01         F               0         Tower Z orientation angle, node 2, rad
         40    9.967E-01,  1.189E-03, -8.117E-02         F               0         Tower X orientation angle, node 3, rad
         41   -1.452E-03,  1.000E+00, -3.178E-03         F               0         Tower Y orientation angle, node 3, rad
         42    8.117E-02,  3.285E-03,  9.967E-01         F               0         Tower Z orientation angle, node 3, rad
         43    9.966E-01,  1.185E-03, -8.230E-02         F               0         Tower X orientation angle, node 4, rad
         44   -1.455E-03,  1.000E+00, -3.216E-03         F               0         Tower Y orientation angle, node 4, rad
         45    8.229E-02,  3.324E-03,  9.966E-01         F               0         Tower Z orientation angle, node 4, rad
         46    9.965E-01,  1.182E-03, -8.321E-02         F               0         Tower X orientation angle, node 5, rad
         47   -1.457E-03,  1.000E+00, -3.248E-03         F               0         Tower Y orientation angle, node 5, rad
         48    8.321E-02,  3.358E-03,  9.965E-01         F               0         Tower Z orientation angle, node 5, rad
         49    9.965E-01,  1.180E-03, -8.393E-02         F               0         Tower X orientation angle, node 6, rad
         50   -1.460E-03,  1.000E+00, -3.275E-03         F               0         Tower Y orientation angle, node 6, rad
         51    8.393E-02,  3.386E-03,  9.965E-01         F               0         Tower Z orientation angle, node 6, rad
         52    9.964E-01,  1.178E-03, -8.447E-02         F               0         Tower X orientation angle, node 7, rad
         53   -1.461E-03,  1.000E+00, -3.297E-03         F               0         Tower Y orientation angle, node 7, rad
         54    8.447E-02,  3.408E-03,  9.964E-01         F               0         Tower Z orientation angle, node 7, rad
         55    9.964E-01,  1.176E-03, -8.485E-02         F               0         Tower X orientation angle, node 8, rad
         56   -1.463E-03,  1.000E+00, -3.314E-03         F               0         Tower Y orientation angle, node 8, rad
         57    8.485E-02,  3.426E-03,  9.964E-01         F               0         Tower Z orientation angle, node 8, rad
         58    9.964E-01,  1.176E-03, -8.511E-02         F               0         Tower X orientation angle, node 9, rad
         59   -1.464E-03,  1.000E+00, -3.326E-03         F               0         Tower Y orientation angle, node 9, rad
         60    8.511E-02,  3.439E-03,  9.964E-01         F               0         Tower Z orientation angle, node 9, rad
         61    9.964E-01,  1.175E-03, -8.527E-02         F               0         Tower X orientation angle, node 10, rad
         62   -1.465E-03,  1.000E+00, -3.334E-03         F               0         Tower Y orientation angle, node 10, rad
         63    8.526E-02,  3.447E-03,  9.964E-01         F               0         Tower Z orientation angle, node 10, rad
         64    9.964E-01,  1.175E-03, -8.534E-02         F               0         Tower X orientation angle, node 11, rad
         65   -1.465E-03,  1.000E+00, -3.339E-03         F               0         Tower Y orientation angle, node 11, rad
         66    8.534E-02,  3.451E-03,  9.963E-01         F               0         Tower Z orientation angle, node 11, rad
         67    3.371E-04                                 F               0         Tower X translation velocity, node 1, m/s
         68    2.180E-03                                 F               0         Tower Y translation velocity, node 1, m/s
         69   -8.016E-04                                 F               0         Tower Z translation velocity, node 1, m/s
         70    4.831E-04                                 F               0         Tower X translation velocity, node 2, m/s
         71    3.324E-03                                 F               0         Tower Y translation velocity, node 2, m/s
         72   -8.168E-04                                 F               0         Tower Z translation velocity, node 2, m/s
         73    6.611E-04                                 F               0         Tower X translation velocity, node 3, m/s
         74    4.443E-03                                 F               0         Tower Y translation velocity, node 3, m/s
         75   -8.349E-04                                 F               0         Tower Z translation velocity, node 3, m/s
         76    8.622E-04                                 F               0         Tower X translation velocity, node 4, m/s
         77    5.543E-03                                 F               0         Tower Y translation velocity, node 4, m/s
         78   -8.551E-04                                 F               0         Tower Z translation velocity, node 4, m/s
         79    1.081E-03                                 F               0         Tower X translation velocity, node 5, m/s
         80    6.625E-03                                 F               0         Tower Y translation velocity, node 5, m/s
         81   -8.769E-04                                 F               0         Tower Z translation velocity, node 5, m/s
         82    1.313E-03                                 F               0         Tower X translation velocity, node 6, m/s
         83    7.691E-03                                 F               0         Tower Y translation velocity, node 6, m/s
         84   -9.000E-04                                 F               0         Tower Z translation velocity, node 6, m/s
         85    1.554E-03                                 F               0         Tower X translation velocity, node 7, m/s
         86    8.745E-03                                 F               0         Tower Y translation velocity, node 7, m/s
         87   -9.239E-04                                 F               0         Tower Z translation velocity, node 7, m/s
         88    1.801E-03                                 F               0         Tower X translation velocity, node 8, m/s
         89    9.787E-03                                 F               0         Tower Y translation velocity, node 8, m/s
         90   -9.485E-04                                 F               0         Tower Z translation velocity, node 8, m/s
         91    2.051E-03                                 F               0         Tower X translation velocity, node 9, m/s
         92    1.082E-02                                 F               0         Tower Y translation velocity, node 9, m/s
         93   -9.734E-04                                 F               0         Tower Z translation velocity, node 9, m/s
         94    2.303E-03                                 F               0         Tower X translation velocity, node 10, m/s
         95    1.185E-02                                 F               0         Tower Y translation velocity, node 10, m/s
         96   -9.985E-04                                 F               0         Tower Z translation velocity, node 10, m/s
         97    2.556E-03                                 F               0         Tower X translation velocity, node 11, m/s
         98    1.287E-02                                 F               0         Tower Y translation velocity, node 11, m/s
         99   -1.024E-03                                 F               0         Tower Z translation velocity, node 11, m/s
        100    2.490E+01                                 F               0         Hub X translation displacement, node 1, m
        101    5.150E-01                                 F               0         Hub Y translation displacement, node 1, m
        102    2.798E-01                                 F               0         Hub Z translation displacement, node 1, m
        103    9.820E-01,  8.075E-04, -1.890E-01         F               0         Hub X orientation angle, node 1, rad
        104    1.374E-01, -6.898E-01,  7.108E-01         F               0         Hub Y orientation angle, node 1, rad
        105   -1.298E-01, -7.240E-01, -6.775E-01         F               0         Hub Z orientation angle, node 1, rad
        106    8.691E-01                                 F               0         Hub X rotation velocity, node 1, rad/s
        107    7.349E-04                                 F               0         Hub Y rotation velocity, node 1, rad/s
        108   -1.674E-01                                 F               0         Hub Z rotation velocity, node 1, rad/s
        109    9.775E-01,  2.127E-02, -2.100E-01         F               0         Blade root 1 X orientation angle, node 1, rad
        110    1.665E-01, -6.895E-01,  7.049E-01         F               0         Blade root 1 Y orientation angle, node 1, rad
        111   -1.298E-01, -7.240E-01, -6.775E-01         F               0         Blade root 1 Z orientation angle, node 1, rad
        112    9.869E-01,  9.176E-03, -1.610E-01         F               0         Blade root 2 X orientation angle, node 1, rad
        113   -1.519E-01, -2.820E-01, -9.473E-01         F               0         Blade root 2 Y orientation angle, node 1, rad
        114   -5.408E-02,  9.594E-01, -2.769E-01         F               0         Blade root 2 Z orientation angle, node 1, rad
        115    9.802E-01, -2.803E-02, -1.958E-01         F               0         Blade root 3 X orientation angle, node 1, rad
        116    7.283E-02,  9.715E-01,  2.256E-01         F               0         Blade root 3 Y orientation angle, node 1, rad
        117    1.839E-01, -2.354E-01,  9.543E-01         F               0         Blade root 3 Z orientation angle, node 1, rad
        118    2.360E+01                                 F               0         Blade 1 X translation displacement, node 1, m
        119   -3.496E+00                                 F               0         Blade 1 Y translation displacement, node 1, m
        120   -8.983E+00                                 F               0         Blade 1 Z translation displacement, node 1, m
        121    2.329E+01                                 F               0         Blade 1 X translation displacement, node 2, m
        122   -4.462E+00                                 F               0         Blade 1 Y translation displacement, node 2, m
        123   -1.122E+01                                 F               0         Blade 1 Z translation displacement, node 2, m
        124    1.903E+01                                 F               0         Blade 1 X translation displacement, node 3, m
        125   -1.760E+01                                 F               0         Blade 1 Y translation displacement, node 3, m
        126   -4.157E+01                                 F               0         Blade 1 Z translation displacement, node 3, m
        127    1.813E+01                                 F               0         Blade 1 X translation displacement, node 4, m
        128   -2.040E+01                                 F               0         Blade 1 Y translation displacement, node 4, m
        129   -4.803E+01                                 F               0         Blade 1 Z translation displacement, node 4, m
        130    1.722E+01                                 F               0         Blade 1 X translation displacement, node 5, m
        131   -2.321E+01                                 F               0         Blade 1 Y translation displacement, node 5, m
        132   -5.450E+01                                 F               0         Blade 1 Z translation displacement, node 5, m
        133    1.631E+01                                 F               0         Blade 1 X translation displacement, node 6, m
        134   -2.601E+01                                 F               0         Blade 1 Y translation displacement, node 6, m
        135   -6.097E+01                                 F               0         Blade 1 Z translation displacement, node 6, m
        136    1.541E+01                                 F               0         Blade 1 X translation displacement, node 7, m
        137   -2.881E+01                                 F               0         Blade 1 Y translation displacement, node 7, m
        138   -6.743E+01                                 F               0         Blade 1 Z translation displacement, node 7, m
        139    1.450E+01                                 F               0         Blade 1 X translation displacement, node 8, m
        140   -3.161E+01                                 F               0         Blade 1 Y translation displacement, node 8, m
        141   -7.390E+01                                 F               0         Blade 1 Z translation displacement, node 8, m
        142    1.359E+01                                 F               0         Blade 1 X translation displacement, node 9, m
        143   -3.441E+01                                 F               0         Blade 1 Y translation displacement, node 9, m
        144   -8.037E+01                                 F               0         Blade 1 Z translation displacement, node 9, m
        145    1.269E+01                                 F               0         Blade 1 X translation displacement, node 10, m
        146   -3.721E+01                                 F               0         Blade 1 Y translation displacement, node 10, m
        147   -8.683E+01                                 F               0         Blade 1 Z translation displacement, node 10, m
        148    1.178E+01                                 F               0         Blade 1 X translation displacement, node 11, m
        149   -4.001E+01                                 F               0         Blade 1 Y translation displacement, node 11, m
        150   -9.330E+01                                 F               0         Blade 1 Z translation displacement, node 11, m
        151    1.088E+01                                 F               0         Blade 1 X translation displacement, node 12, m
        152   -4.281E+01                                 F               0         Blade 1 Y translation displacement, node 12, m
        153   -9.977E+01                                 F               0         Blade 1 Z translation displacement, node 12, m
        154    9.969E+00                                 F               0         Blade 1 X translation displacement, node 13, m
        155   -4.561E+01                                 F               0         Blade 1 Y translation displacement, node 13, m
        156   -1.062E+02                                 F               0         Blade 1 Z translation displacement, node 13, m
        157    9.063E+00                                 F               0         Blade 1 X translation displacement, node 14, m
        158   -4.841E+01                                 F               0         Blade 1 Y translation displacement, node 14, m
        159   -1.127E+02                                 F               0         Blade 1 Z translation displacement, node 14, m
        160    8.156E+00                                 F               0         Blade 1 X translation displacement, node 15, m
        161   -5.121E+01                                 F               0         Blade 1 Y translation displacement, node 15, m
        162   -1.192E+02                                 F               0         Blade 1 Z translation displacement, node 15, m
        163    7.250E+00                                 F               0         Blade 1 X translation displacement, node 16, m
        164   -5.401E+01                                 F               0         Blade 1 Y translation displacement, node 16, m
        165   -1.256E+02                                 F               0         Blade 1 Z translation displacement, node 16, m
        166    6.344E+00                                 F               0         Blade 1 X translation displacement, node 17, m
        167   -5.681E+01                                 F               0         Blade 1 Y translation displacement, node 17, m
        168   -1.321E+02                                 F               0         Blade 1 Z translation displacement, node 17, m
        169    5.437E+00                                 F               0         Blade 1 X translation displacement, node 18, m
        170   -5.961E+01                                 F               0         Blade 1 Y translation displacement, node 18, m
        171   -1.386E+02                                 F               0         Blade 1 Z translation displacement, node 18, m
        172    4.531E+00                                 F               0         Blade 1 X translation displacement, node 19, m
        173   -6.241E+01                                 F               0         Blade 1 Y translation displacement, node 19, m
        174   -1.450E+02                                 F               0         Blade 1 Z translation displacement, node 19, m
        175    3.624E+00                                 F               0         Blade 1 X translation displacement, node 20, m
        176   -6.521E+01                                 F               0         Blade 1 Y translation displacement, node 20, m
        177   -1.515E+02                                 F               0         Blade 1 Z translation displacement, node 20, m
        178    2.718E+00                                 F               0         Blade 1 X translation displacement, node 21, m
        179   -6.801E+01                                 F               0         Blade 1 Y translation displacement, node 21, m
        180   -1.580E+02                                 F               0         Blade 1 Z translation displacement, node 21, m
        181    1.812E+00                                 F               0         Blade 1 X translation displacement, node 22, m
        182   -7.081E+01                                 F               0         Blade 1 Y translation displacement, node 22, m
        183   -1.644E+02                                 F               0         Blade 1 Z translation displacement, node 22, m
        184    9.053E-01                                 F               0         Blade 1 X translation displacement, node 23, m
        185   -7.361E+01                                 F               0         Blade 1 Y translation displacement, node 23, m
        186   -1.709E+02                                 F               0         Blade 1 Z translation displacement, node 23, m
        187   -1.001E-03                                 F               0         Blade 1 X translation displacement, node 24, m
        188   -7.641E+01                                 F               0         Blade 1 Y translation displacement, node 24, m
        189   -1.774E+02                                 F               0         Blade 1 Z translation displacement, node 24, m
        190   -9.073E-01                                 F               0         Blade 1 X translation displacement, node 25, m
        191   -7.921E+01                                 F               0         Blade 1 Y translation displacement, node 25, m
        192   -1.838E+02                                 F               0         Blade 1 Z translation displacement, node 25, m
        193   -1.814E+00                                 F               0         Blade 1 X translation displacement, node 26, m
        194   -8.201E+01                                 F               0         Blade 1 Y translation displacement, node 26, m
        195   -1.903E+02                                 F               0         Blade 1 Z translation displacement, node 26, m
        196   -2.720E+00                                 F               0         Blade 1 X translation displacement, node 27, m
        197   -8.481E+01                                 F               0         Blade 1 Y translation displacement, node 27, m
        198   -1.968E+02                                 F               0         Blade 1 Z translation displacement, node 27, m
        199   -3.488E+00                                 F               0         Blade 1 X translation displacement, node 28, m
        200   -8.718E+01                                 F               0         Blade 1 Y translation displacement, node 28, m
        201   -2.023E+02                                 F               0         Blade 1 Z translation displacement, node 28, m
        202    7.940E-01,  3.333E-01, -5.084E-01         F               0         Blade 1 X orientation angle, node 1, rad
        203    5.939E-01, -6.039E-01,  5.316E-01         F               0         Blade 1 Y orientation angle, node 1, rad
        204   -1.298E-01, -7.240E-01, -6.775E-01         F               0         Blade 1 Z orientation angle, node 1, rad
        205    7.940E-01,  3.333E-01, -5.084E-01         F               0         Blade 1 X orientation angle, node 2, rad
        206    5.939E-01, -6.039E-01,  5.316E-01         F               0         Blade 1 Y orientation angle, node 2, rad
        207   -1.298E-01, -7.240E-01, -6.775E-01         F               0         Blade 1 Z orientation angle, node 2, rad
        208    9.121E-01,  1.807E-01, -3.679E-01         F               0         Blade 1 X orientation angle, node 3, rad
        209    3.888E-01, -6.657E-01,  6.369E-01         F               0         Blade 1 Y orientation angle, node 3, rad
        210   -1.298E-01, -7.240E-01, -6.775E-01         F               0         Blade 1 Z orientation angle, node 3, rad
        211    9.277E-01,  1.524E-01, -3.407E-01         F               0         Blade 1 X orientation angle, node 4, rad
        212    3.499E-01, -6.727E-01,  6.519E-01         F               0         Blade 1 Y orientation angle, node 4, rad
        213   -1.298E-01, -7.240E-01, -6.775E-01         F               0         Blade 1 Z orientation angle, node 4, rad
        214    9.388E-01,  1.300E-01, -3.189E-01         F               0         Blade 1 X orientation angle, node 5, rad
        215    3.190E-01, -6.774E-01,  6.628E-01         F               0         Blade 1 Y orientation angle, node 5, rad
        216   -1.298E-01, -7.240E-01, -6.775E-01         F               0         Blade 1 Z orientation angle, node 5, rad
        217    9.470E-01,  1.120E-01, -3.012E-01         F               0         Blade 1 X orientation angle, node 6, rad
        218    2.940E-01, -6.806E-01,  6.711E-01         F               0         Blade 1 Y orientation angle, node 6, rad
        219   -1.298E-01, -7.240E-01, -6.775E-01         F               0         Blade 1 Z orientation angle, node 6, rad
        220    9.532E-01,  9.716E-02, -2.865E-01         F               0         Blade 1 X orientation angle, node 7, rad
        221    2.732E-01, -6.829E-01,  6.775E-01         F               0         Blade 1 Y orientation angle, node 7, rad
        222   -1.298E-01, -7.240E-01, -6.775E-01         F               0         Blade 1 Z orientation angle, node 7, rad
        223    9.580E-01,  8.475E-02, -2.741E-01         F               0         Blade 1 X orientation angle, node 8, rad
        224    2.559E-01, -6.846E-01,  6.826E-01         F               0         Blade 1 Y orientation angle, node 8, rad
        225   -1.298E-01, -7.240E-01, -6.775E-01         F               0         Blade 1 Z orientation angle, node 8, rad
        226    9.618E-01,  7.422E-02, -2.636E-01         F               0         Blade 1 X orientation angle, node 9, rad
        227    2.411E-01, -6.858E-01,  6.867E-01         F               0         Blade 1 Y orientation angle, node 9, rad
        228   -1.298E-01, -7.240E-01, -6.775E-01         F               0         Blade 1 Z orientation angle, node 9, rad
        229    9.649E-01,  6.512E-02, -2.545E-01         F               0         Blade 1 X orientation angle, node 10, rad
        230    2.284E-01, -6.867E-01,  6.901E-01         F               0         Blade 1 Y orientation angle, node 10, rad
        231   -1.298E-01, -7.240E-01, -6.775E-01         F               0         Blade 1 Z orientation angle, node 10, rad
        232    9.674E-01,  5.733E-02, -2.466E-01         F               0         Blade 1 X orientation angle, node 11, rad
        233    2.174E-01, -6.874E-01,  6.930E-01         F               0         Blade 1 Y orientation angle, node 11, rad
        234   -1.298E-01, -7.240E-01, -6.775E-01         F               0         Blade 1 Z orientation angle, node 11, rad
        235    9.695E-01,  5.048E-02, -2.397E-01         F               0         Blade 1 X orientation angle, node 12, rad
        236    2.078E-01, -6.880E-01,  6.954E-01         F               0         Blade 1 Y orientation angle, node 12, rad
        237   -1.298E-01, -7.240E-01, -6.775E-01         F               0         Blade 1 Z orientation angle, node 12, rad
        238    9.713E-01,  4.448E-02, -2.336E-01         F               0         Blade 1 X orientation angle, node 13, rad
        239    1.993E-01, -6.884E-01,  6.974E-01         F               0         Blade 1 Y orientation angle, node 13, rad
        240   -1.298E-01, -7.240E-01, -6.775E-01         F               0         Blade 1 Z orientation angle, node 13, rad
        241    9.728E-01,  3.907E-02, -2.282E-01         F               0         Blade 1 X orientation angle, node 14, rad
        242    1.917E-01, -6.887E-01,  6.993E-01         F               0         Blade 1 Y orientation angle, node 14, rad
        243   -1.298E-01, -7.240E-01, -6.775E-01         F               0         Blade 1 Z orientation angle, node 14, rad
        244    9.742E-01,  3.426E-02, -2.233E-01         F               0         Blade 1 X orientation angle, node 15, rad
        245    1.849E-01, -6.890E-01,  7.008E-01         F               0         Blade 1 Y orientation angle, node 15, rad
        246   -1.298E-01, -7.240E-01, -6.775E-01         F               0         Blade 1 Z orientation angle, node 15, rad
        247    9.753E-01,  2.993E-02, -2.189E-01         F               0         Blade 1 X orientation angle, node 16, rad
        248    1.787E-01, -6.892E-01,  7.022E-01         F               0         Blade 1 Y orientation angle, node 16, rad
        249   -1.298E-01, -7.240E-01, -6.775E-01         F               0         Blade 1 Z orientation angle, node 16, rad
        250    9.763E-01,  2.608E-02, -2.149E-01         F               0         Blade 1 X orientation angle, node 17, rad
        251    1.733E-01, -6.893E-01,  7.034E-01         F               0         Blade 1 Y orientation angle, node 17, rad
        252   -1.298E-01, -7.240E-01, -6.775E-01         F               0         Blade 1 Z orientation angle, node 17, rad
        253    9.772E-01,  2.247E-02, -2.113E-01         F               0         Blade 1 X orientation angle, node 18, rad
        254    1.682E-01, -6.894E-01,  7.046E-01         F               0         Blade 1 Y orientation angle, node 18, rad
        255   -1.298E-01, -7.240E-01, -6.775E-01         F               0         Blade 1 Z orientation angle, node 18, rad
        256    9.780E-01,  1.923E-02, -2.079E-01         F               0         Blade 1 X orientation angle, node 19, rad
        257    1.636E-01, -6.895E-01,  7.055E-01         F               0         Blade 1 Y orientation angle, node 19, rad
        258   -1.298E-01, -7.240E-01, -6.775E-01         F               0         Blade 1 Z orientation angle, node 19, rad
        259    9.786E-01,  1.634E-02, -2.050E-01         F               0         Blade 1 X orientation angle, node 20, rad
        260    1.595E-01, -6.896E-01,  7.064E-01         F               0         Blade 1 Y orientation angle, node 20, rad
        261   -1.298E-01, -7.240E-01, -6.775E-01         F               0         Blade 1 Z orientation angle, node 20, rad
        262    9.793E-01,  1.357E-02, -2.021E-01         F               0         Blade 1 X orientation angle, node 21, rad
        263    1.555E-01, -6.897E-01,  7.072E-01         F               0         Blade 1 Y orientation angle, node 21, rad
        264   -1.298E-01, -7.240E-01, -6.775E-01         F               0         Blade 1 Z orientation angle, node 21, rad
        265    9.798E-01,  1.104E-02, -1.995E-01         F               0         Blade 1 X orientation angle, node 22, rad
        266    1.520E-01, -6.897E-01,  7.080E-01         F               0         Blade 1 Y orientation angle, node 22, rad
        267   -1.298E-01, -7.240E-01, -6.775E-01         F               0         Blade 1 Z orientation angle, node 22, rad
        268    9.803E-01,  8.753E-03, -1.972E-01         F               0         Blade 1 X orientation angle, node 23, rad
        269    1.487E-01, -6.897E-01,  7.086E-01         F               0         Blade 1 Y orientation angle, node 23, rad
        270   -1.298E-01, -7.240E-01, -6.775E-01         F               0         Blade 1 Z orientation angle, node 23, rad
        271    9.808E-01,  6.586E-03, -1.950E-01         F               0         Blade 1 X orientation angle, node 24, rad
        272    1.456E-01, -6.898E-01,  7.092E-01         F               0         Blade 1 Y orientation angle, node 24, rad
        273   -1.298E-01, -7.240E-01, -6.775E-01         F               0         Blade 1 Z orientation angle, node 24, rad
        274    9.812E-01,  4.540E-03, -1.929E-01         F               0         Blade 1 X orientation angle, node 25, rad
        275    1.427E-01, -6.898E-01,  7.098E-01         F               0         Blade 1 Y orientation angle, node 25, rad
        276   -1.298E-01, -7.240E-01, -6.775E-01         F               0         Blade 1 Z orientation angle, node 25, rad
        277    9.816E-01,  2.734E-03, -1.910E-01         F               0         Blade 1 X orientation angle, node 26, rad
        278    1.401E-01, -6.898E-01,  7.103E-01         F               0         Blade 1 Y orientation angle, node 26, rad
        279   -1.298E-01, -7.240E-01, -6.775E-01         F               0         Blade 1 Z orientation angle, node 26, rad
        280    9.819E-01,  9.279E-04, -1.891E-01         F               0         Blade 1 X orientation angle, node 27, rad
        281    1.376E-01, -6.898E-01,  7.108E-01         F               0         Blade 1 Y orientation angle, node 27, rad
        282   -1.298E-01, -7.240E-01, -6.775E-01         F               0         Blade 1 Z orientation angle, node 27, rad
        283    9.821E-01, -3.522E-05, -1.882E-01         F               0         Blade 1 X orientation angle, node 28, rad
        284    1.362E-01, -6.898E-01,  7.111E-01         F               0         Blade 1 Y orientation angle, node 28, rad
        285   -1.298E-01, -7.240E-01, -6.775E-01         F               0         Blade 1 Z orientation angle, node 28, rad
        286   -6.715E-01                                 F               0         Blade 1 X translation velocity, node 1, m/s
        287    3.397E+00                                 F               0         Blade 1 Y translation velocity, node 1, m/s
        288   -3.486E+00                                 F               0         Blade 1 Z translation velocity, node 1, m/s
        289   -8.340E-01                                 F               0         Blade 1 X translation velocity, node 2, m/s
        290    4.212E+00                                 F               0         Blade 1 Y translation velocity, node 2, m/s
        291   -4.326E+00                                 F               0         Blade 1 Z translation velocity, node 2, m/s
        292   -3.043E+00                                 F               0         Blade 1 X translation velocity, node 3, m/s
        293    1.529E+01                                 F               0         Blade 1 Y translation velocity, node 3, m/s
        294   -1.575E+01                                 F               0         Blade 1 Z translation velocity, node 3, m/s
        295   -3.514E+00                                 F               0         Blade 1 X translation velocity, node 4, m/s
        296    1.766E+01                                 F               0         Blade 1 Y translation velocity, node 4, m/s
        297   -1.818E+01                                 F               0         Blade 1 Z translation velocity, node 4, m/s
        298   -3.985E+00                                 F               0         Blade 1 X translation velocity, node 5, m/s
        299    2.002E+01                                 F               0         Blade 1 Y translation velocity, node 5, m/s
        300   -2.061E+01                                 F               0         Blade 1 Z translation velocity, node 5, m/s
        301   -4.455E+00                                 F               0         Blade 1 X translation velocity, node 6, m/s
        302    2.238E+01                                 F               0         Blade 1 Y translation velocity, node 6, m/s
        303   -2.305E+01                                 F               0         Blade 1 Z translation velocity, node 6, m/s
        304   -4.926E+00                                 F               0         Blade 1 X translation velocity, node 7, m/s
        305    2.474E+01                                 F               0         Blade 1 Y translation velocity, node 7, m/s
        306   -2.548E+01                                 F               0         Blade 1 Z translation velocity, node 7, m/s
        307   -5.397E+00                                 F               0         Blade 1 X translation velocity, node 8, m/s
