
Linearized model: Predictions were generated on 06-Feb-2024 at 08:44:08 using OpenFAST, compiled as a 64-bit application using single precision at commit v3.5.1
 linked with  NWTC Subroutine Library; ElastoDyn; InflowWind; AeroDyn; ServoDyn; HydroDyn; MAP++ (<1.20.10>, <Oct-20-2023>)

Description from the FAST input file: CCT-9 Campign 4 model. Input files to be run with OpenFAST 3.5.0. GitHub branch from Lu Wang (https://github.com/luwang00/openfast/tree/dev) compiled on March 7, 2023.

Simulation information:
   Simulation time:                  2504.6000 s
   Rotor Speed:                         0.8852 rad/s
   Azimuth:                             0.9414 rad
   Wind Speed:                         10.0000 m/s
   Number of continuous states:         0
   Number of discrete states:           0
   Number of constraint states:         0
   Number of inputs:                 1746
   Number of outputs:                   4
   Jacobians included in this file?    No

Order of inputs:
     Column   Operating Point                     Rotating Frame? Derivative Order Description
   ---------- ---------------                     --------------- ---------------- -----------
          1    1.391E+01                                 F               0         Tower X translation displacement, node 1, m
          2    7.837E-02                                 F               0         Tower Y translation displacement, node 1, m
          3   -1.831E-01                                 F               0         Tower Z translation displacement, node 1, m
          4    1.488E+01                                 F               0         Tower X translation displacement, node 2, m
          5    1.143E-01                                 F               0         Tower Y translation displacement, node 2, m
          6   -2.217E-01                                 F               0         Tower Z translation displacement, node 2, m
          7    1.588E+01                                 F               0         Tower X translation displacement, node 3, m
          8    1.507E-01                                 F               0         Tower Y translation displacement, node 3, m
          9   -2.619E-01                                 F               0         Tower Z translation displacement, node 3, m
         10    1.689E+01                                 F               0         Tower X translation displacement, node 4, m
         11    1.877E-01                                 F               0         Tower Y translation displacement, node 4, m
         12   -3.034E-01                                 F               0         Tower Z translation displacement, node 4, m
         13    1.791E+01                                 F               0         Tower X translation displacement, node 5, m
         14    2.251E-01                                 F               0         Tower Y translation displacement, node 5, m
         15   -3.459E-01                                 F               0         Tower Z translation displacement, node 5, m
         16    1.894E+01                                 F               0         Tower X translation displacement, node 6, m
         17    2.628E-01                                 F               0         Tower Y translation displacement, node 6, m
         18   -3.892E-01                                 F               0         Tower Z translation displacement, node 6, m
         19    1.998E+01                                 F               0         Tower X translation displacement, node 7, m
         20    3.008E-01                                 F               0         Tower Y translation displacement, node 7, m
         21   -4.331E-01                                 F               0         Tower Z translation displacement, node 7, m
         22    2.103E+01                                 F               0         Tower X translation displacement, node 8, m
         23    3.390E-01                                 F               0         Tower Y translation displacement, node 8, m
         24   -4.775E-01                                 F               0         Tower Z translation displacement, node 8, m
         25    2.208E+01                                 F               0         Tower X translation displacement, node 9, m
         26    3.774E-01                                 F               0         Tower Y translation displacement, node 9, m
         27   -5.222E-01                                 F               0         Tower Z translation displacement, node 9, m
         28    2.313E+01                                 F               0         Tower X translation displacement, node 10, m
         29    4.159E-01                                 F               0         Tower Y translation displacement, node 10, m
         30   -5.672E-01                                 F               0         Tower Z translation displacement, node 10, m
         31    2.419E+01                                 F               0         Tower X translation displacement, node 11, m
         32    4.545E-01                                 F               0         Tower Y translation displacement, node 11, m
         33   -6.123E-01                                 F               0         Tower Z translation displacement, node 11, m
         34    9.969E-01,  1.317E-03, -7.828E-02         F               0         Tower X orientation angle, node 1, rad
         35   -1.539E-03,  1.000E+00, -2.773E-03         F               0         Tower Y orientation angle, node 1, rad
         36    7.828E-02,  2.885E-03,  9.969E-01         F               0         Tower Z orientation angle, node 1, rad
         37    9.968E-01,  1.312E-03, -7.982E-02         F               0         Tower X orientation angle, node 2, rad
         38   -1.542E-03,  1.000E+00, -2.817E-03         F               0         Tower Y orientation angle, node 2, rad
         39    7.981E-02,  2.931E-03,  9.968E-01         F               0         Tower Z orientation angle, node 2, rad
         40    9.967E-01,  1.308E-03, -8.116E-02         F               0         Tower X orientation angle, node 3, rad
         41   -1.545E-03,  1.000E+00, -2.856E-03         F               0         Tower Y orientation angle, node 3, rad
         42    8.115E-02,  2.972E-03,  9.967E-01         F               0         Tower Z orientation angle, node 3, rad
         43    9.966E-01,  1.305E-03, -8.228E-02         F               0         Tower X orientation angle, node 4, rad
         44   -1.548E-03,  1.000E+00, -2.890E-03         F               0         Tower Y orientation angle, node 4, rad
         45    8.228E-02,  3.007E-03,  9.966E-01         F               0         Tower Z orientation angle, node 4, rad
         46    9.965E-01,  1.302E-03, -8.319E-02         F               0         Tower X orientation angle, node 5, rad
         47   -1.550E-03,  1.000E+00, -2.919E-03         F               0         Tower Y orientation angle, node 5, rad
         48    8.319E-02,  3.038E-03,  9.965E-01         F               0         Tower Z orientation angle, node 5, rad
         49    9.965E-01,  1.300E-03, -8.392E-02         F               0         Tower X orientation angle, node 6, rad
         50   -1.553E-03,  1.000E+00, -2.944E-03         F               0         Tower Y orientation angle, node 6, rad
         51    8.391E-02,  3.064E-03,  9.965E-01         F               0         Tower Z orientation angle, node 6, rad
         52    9.964E-01,  1.298E-03, -8.445E-02         F               0         Tower X orientation angle, node 7, rad
         53   -1.554E-03,  1.000E+00, -2.964E-03         F               0         Tower Y orientation angle, node 7, rad
         54    8.445E-02,  3.085E-03,  9.964E-01         F               0         Tower Z orientation angle, node 7, rad
         55    9.964E-01,  1.297E-03, -8.484E-02         F               0         Tower X orientation angle, node 8, rad
         56   -1.556E-03,  1.000E+00, -2.979E-03         F               0         Tower Y orientation angle, node 8, rad
         57    8.483E-02,  3.101E-03,  9.964E-01         F               0         Tower Z orientation angle, node 8, rad
         58    9.964E-01,  1.296E-03, -8.509E-02         F               0         Tower X orientation angle, node 9, rad
         59   -1.557E-03,  1.000E+00, -2.991E-03         F               0         Tower Y orientation angle, node 9, rad
         60    8.509E-02,  3.113E-03,  9.964E-01         F               0         Tower Z orientation angle, node 9, rad
         61    9.964E-01,  1.296E-03, -8.525E-02         F               0         Tower X orientation angle, node 10, rad
         62   -1.557E-03,  1.000E+00, -2.998E-03         F               0         Tower Y orientation angle, node 10, rad
         63    8.524E-02,  3.120E-03,  9.964E-01         F               0         Tower Z orientation angle, node 10, rad
         64    9.964E-01,  1.296E-03, -8.532E-02         F               0         Tower X orientation angle, node 11, rad
         65   -1.557E-03,  1.000E+00, -3.003E-03         F               0         Tower Y orientation angle, node 11, rad
         66    8.532E-02,  3.125E-03,  9.963E-01         F               0         Tower Z orientation angle, node 11, rad
         67    5.137E-04                                 F               0         Tower X translation velocity, node 1, m/s
         68    6.133E-03                                 F               0         Tower Y translation velocity, node 1, m/s
         69   -7.249E-06                                 F               0         Tower Z translation velocity, node 1, m/s
         70    6.590E-04                                 F               0         Tower X translation velocity, node 2, m/s
         71    9.712E-03                                 F               0         Tower Y translation velocity, node 2, m/s
         72   -2.917E-05                                 F               0         Tower Z translation velocity, node 2, m/s
         73    7.430E-04                                 F               0         Tower X translation velocity, node 3, m/s
         74    1.330E-02                                 F               0         Tower Y translation velocity, node 3, m/s
         75   -4.659E-05                                 F               0         Tower Z translation velocity, node 3, m/s
         76    7.793E-04                                 F               0         Tower X translation velocity, node 4, m/s
         77    1.689E-02                                 F               0         Tower Y translation velocity, node 4, m/s
         78   -6.035E-05                                 F               0         Tower Z translation velocity, node 4, m/s
         79    7.751E-04                                 F               0         Tower X translation velocity, node 5, m/s
         80    2.048E-02                                 F               0         Tower Y translation velocity, node 5, m/s
         81   -7.091E-05                                 F               0         Tower Z translation velocity, node 5, m/s
         82    7.372E-04                                 F               0         Tower X translation velocity, node 6, m/s
         83    2.408E-02                                 F               0         Tower Y translation velocity, node 6, m/s
         84   -7.875E-05                                 F               0         Tower Z translation velocity, node 6, m/s
         85    6.741E-04                                 F               0         Tower X translation velocity, node 7, m/s
         86    2.767E-02                                 F               0         Tower Y translation velocity, node 7, m/s
         87   -8.451E-05                                 F               0         Tower Z translation velocity, node 7, m/s
         88    5.892E-04                                 F               0         Tower X translation velocity, node 8, m/s
         89    3.127E-02                                 F               0         Tower Y translation velocity, node 8, m/s
         90   -8.846E-05                                 F               0         Tower Z translation velocity, node 8, m/s
         91    4.882E-04                                 F               0         Tower X translation velocity, node 9, m/s
         92    3.486E-02                                 F               0         Tower Y translation velocity, node 9, m/s
         93   -9.105E-05                                 F               0         Tower Z translation velocity, node 9, m/s
         94    3.762E-04                                 F               0         Tower X translation velocity, node 10, m/s
         95    3.845E-02                                 F               0         Tower Y translation velocity, node 10, m/s
         96   -9.271E-05                                 F               0         Tower Z translation velocity, node 10, m/s
         97    2.578E-04                                 F               0         Tower X translation velocity, node 11, m/s
         98    4.204E-02                                 F               0         Tower Y translation velocity, node 11, m/s
         99   -9.384E-05                                 F               0         Tower Z translation velocity, node 11, m/s
        100    2.489E+01                                 F               0         Hub X translation displacement, node 1, m
        101    4.650E-01                                 F               0         Hub Y translation displacement, node 1, m
        102    2.806E-01                                 F               0         Hub Z translation displacement, node 1, m
        103    9.820E-01,  9.619E-04, -1.890E-01         F               0         Hub X orientation angle, node 1, rad
        104    1.519E-01,  5.912E-01,  7.921E-01         F               0         Hub Y orientation angle, node 1, rad
        105    1.125E-01, -8.065E-01,  5.804E-01         F               0         Hub Z orientation angle, node 1, rad
        106    8.690E-01                                 F               0         Hub X rotation velocity, node 1, rad/s
        107    8.417E-04                                 F               0         Hub Y rotation velocity, node 1, rad/s
        108   -1.673E-01                                 F               0         Hub Z rotation velocity, node 1, rad/s
        109    9.770E-01, -1.658E-02, -2.124E-01         F               0         Blade root 1 X orientation angle, node 1, rad
        110    1.809E-01,  5.910E-01,  7.861E-01         F               0         Blade root 1 Y orientation angle, node 1, rad
        111    1.125E-01, -8.065E-01,  5.804E-01         F               0         Blade root 1 Z orientation angle, node 1, rad
        112    9.809E-01,  3.045E-02, -1.921E-01         F               0         Blade root 2 X orientation angle, node 1, rad
        113    5.062E-02, -9.936E-01,  1.010E-01         F               0         Blade root 2 Y orientation angle, node 1, rad
        114   -1.878E-01, -1.088E-01, -9.762E-01         F               0         Blade root 2 Z orientation angle, node 1, rad
        115    9.867E-01, -1.099E-02, -1.623E-01         F               0         Blade root 3 X orientation angle, node 1, rad
        116   -1.442E-01,  4.027E-01, -9.039E-01         F               0         Blade root 3 Y orientation angle, node 1, rad
        117    7.527E-02,  9.153E-01,  3.957E-01         F               0         Blade root 3 Z orientation angle, node 1, rad
        118    2.494E+01                                 F               0         Blade 1 X translation displacement, node 1, m
        119   -4.003E+00                                 F               0         Blade 1 Y translation displacement, node 1, m
        120   -2.013E+00                                 F               0         Blade 1 Z translation displacement, node 1, m
        121    2.495E+01                                 F               0         Blade 1 X translation displacement, node 2, m
        122   -5.080E+00                                 F               0         Blade 1 Y translation displacement, node 2, m
        123   -2.566E+00                                 F               0         Blade 1 Z translation displacement, node 2, m
        124    2.509E+01                                 F               0         Blade 1 X translation displacement, node 3, m
        125   -1.972E+01                                 F               0         Blade 1 Y translation displacement, node 3, m
        126   -1.008E+01                                 F               0         Blade 1 Z translation displacement, node 3, m
        127    2.513E+01                                 F               0         Blade 1 X translation displacement, node 4, m
        128   -2.284E+01                                 F               0         Blade 1 Y translation displacement, node 4, m
        129   -1.168E+01                                 F               0         Blade 1 Z translation displacement, node 4, m
        130    2.516E+01                                 F               0         Blade 1 X translation displacement, node 5, m
        131   -2.596E+01                                 F               0         Blade 1 Y translation displacement, node 5, m
        132   -1.329E+01                                 F               0         Blade 1 Z translation displacement, node 5, m
        133    2.519E+01                                 F               0         Blade 1 X translation displacement, node 6, m
        134   -2.908E+01                                 F               0         Blade 1 Y translation displacement, node 6, m
        135   -1.489E+01                                 F               0         Blade 1 Z translation displacement, node 6, m
        136    2.522E+01                                 F               0         Blade 1 X translation displacement, node 7, m
        137   -3.220E+01                                 F               0         Blade 1 Y translation displacement, node 7, m
        138   -1.649E+01                                 F               0         Blade 1 Z translation displacement, node 7, m
        139    2.525E+01                                 F               0         Blade 1 X translation displacement, node 8, m
        140   -3.532E+01                                 F               0         Blade 1 Y translation displacement, node 8, m
        141   -1.809E+01                                 F               0         Blade 1 Z translation displacement, node 8, m
        142    2.528E+01                                 F               0         Blade 1 X translation displacement, node 9, m
        143   -3.843E+01                                 F               0         Blade 1 Y translation displacement, node 9, m
        144   -1.969E+01                                 F               0         Blade 1 Z translation displacement, node 9, m
        145    2.531E+01                                 F               0         Blade 1 X translation displacement, node 10, m
        146   -4.155E+01                                 F               0         Blade 1 Y translation displacement, node 10, m
        147   -2.129E+01                                 F               0         Blade 1 Z translation displacement, node 10, m
        148    2.534E+01                                 F               0         Blade 1 X translation displacement, node 11, m
        149   -4.467E+01                                 F               0         Blade 1 Y translation displacement, node 11, m
        150   -2.289E+01                                 F               0         Blade 1 Z translation displacement, node 11, m
        151    2.537E+01                                 F               0         Blade 1 X translation displacement, node 12, m
        152   -4.779E+01                                 F               0         Blade 1 Y translation displacement, node 12, m
        153   -2.450E+01                                 F               0         Blade 1 Z translation displacement, node 12, m
        154    2.540E+01                                 F               0         Blade 1 X translation displacement, node 13, m
        155   -5.091E+01                                 F               0         Blade 1 Y translation displacement, node 13, m
        156   -2.610E+01                                 F               0         Blade 1 Z translation displacement, node 13, m
        157    2.543E+01                                 F               0         Blade 1 X translation displacement, node 14, m
        158   -5.403E+01                                 F               0         Blade 1 Y translation displacement, node 14, m
        159   -2.770E+01                                 F               0         Blade 1 Z translation displacement, node 14, m
        160    2.546E+01                                 F               0         Blade 1 X translation displacement, node 15, m
        161   -5.715E+01                                 F               0         Blade 1 Y translation displacement, node 15, m
        162   -2.930E+01                                 F               0         Blade 1 Z translation displacement, node 15, m
        163    2.550E+01                                 F               0         Blade 1 X translation displacement, node 16, m
        164   -6.027E+01                                 F               0         Blade 1 Y translation displacement, node 16, m
        165   -3.090E+01                                 F               0         Blade 1 Z translation displacement, node 16, m
        166    2.553E+01                                 F               0         Blade 1 X translation displacement, node 17, m
        167   -6.339E+01                                 F               0         Blade 1 Y translation displacement, node 17, m
        168   -3.250E+01                                 F               0         Blade 1 Z translation displacement, node 17, m
        169    2.556E+01                                 F               0         Blade 1 X translation displacement, node 18, m
        170   -6.651E+01                                 F               0         Blade 1 Y translation displacement, node 18, m
        171   -3.411E+01                                 F               0         Blade 1 Z translation displacement, node 18, m
        172    2.559E+01                                 F               0         Blade 1 X translation displacement, node 19, m
        173   -6.963E+01                                 F               0         Blade 1 Y translation displacement, node 19, m
        174   -3.571E+01                                 F               0         Blade 1 Z translation displacement, node 19, m
        175    2.562E+01                                 F               0         Blade 1 X translation displacement, node 20, m
        176   -7.275E+01                                 F               0         Blade 1 Y translation displacement, node 20, m
        177   -3.731E+01                                 F               0         Blade 1 Z translation displacement, node 20, m
        178    2.565E+01                                 F               0         Blade 1 X translation displacement, node 21, m
        179   -7.587E+01                                 F               0         Blade 1 Y translation displacement, node 21, m
        180   -3.891E+01                                 F               0         Blade 1 Z translation displacement, node 21, m
        181    2.568E+01                                 F               0         Blade 1 X translation displacement, node 22, m
        182   -7.899E+01                                 F               0         Blade 1 Y translation displacement, node 22, m
        183   -4.051E+01                                 F               0         Blade 1 Z translation displacement, node 22, m
        184    2.571E+01                                 F               0         Blade 1 X translation displacement, node 23, m
        185   -8.210E+01                                 F               0         Blade 1 Y translation displacement, node 23, m
        186   -4.211E+01                                 F               0         Blade 1 Z translation displacement, node 23, m
        187    2.574E+01                                 F               0         Blade 1 X translation displacement, node 24, m
        188   -8.522E+01                                 F               0         Blade 1 Y translation displacement, node 24, m
        189   -4.371E+01                                 F               0         Blade 1 Z translation displacement, node 24, m
        190    2.577E+01                                 F               0         Blade 1 X translation displacement, node 25, m
        191   -8.834E+01                                 F               0         Blade 1 Y translation displacement, node 25, m
        192   -4.532E+01                                 F               0         Blade 1 Z translation displacement, node 25, m
        193    2.580E+01                                 F               0         Blade 1 X translation displacement, node 26, m
        194   -9.146E+01                                 F               0         Blade 1 Y translation displacement, node 26, m
        195   -4.692E+01                                 F               0         Blade 1 Z translation displacement, node 26, m
        196    2.584E+01                                 F               0         Blade 1 X translation displacement, node 27, m
        197   -9.458E+01                                 F               0         Blade 1 Y translation displacement, node 27, m
        198   -4.852E+01                                 F               0         Blade 1 Z translation displacement, node 27, m
        199    2.586E+01                                 F               0         Blade 1 X translation displacement, node 28, m
        200   -9.723E+01                                 F               0         Blade 1 Y translation displacement, node 28, m
        201   -4.988E+01                                 F               0         Blade 1 Z translation displacement, node 28, m
        202    7.870E-01, -2.843E-01, -5.475E-01         F               0         Blade 1 X orientation angle, node 1, rad
        203    6.066E-01,  5.184E-01,  6.027E-01         F               0         Blade 1 Y orientation angle, node 1, rad
        204    1.125E-01, -8.065E-01,  5.804E-01         F               0         Blade 1 Z orientation angle, node 1, rad
        205    7.870E-01, -2.843E-01, -5.475E-01         F               0         Blade 1 X orientation angle, node 2, rad
        206    6.066E-01,  5.184E-01,  6.027E-01         F               0         Blade 1 Y orientation angle, node 2, rad
        207    1.125E-01, -8.065E-01,  5.804E-01         F               0         Blade 1 Z orientation angle, node 2, rad
        208    9.084E-01, -1.533E-01, -3.891E-01         F               0         Blade 1 X orientation angle, node 3, rad
        209    4.028E-01,  5.710E-01,  7.153E-01         F               0         Blade 1 Y orientation angle, node 3, rad
        210    1.125E-01, -8.065E-01,  5.804E-01         F               0         Blade 1 Z orientation angle, node 3, rad
        211    9.246E-01, -1.290E-01, -3.585E-01         F               0         Blade 1 X orientation angle, node 4, rad
        212    3.640E-01,  5.770E-01,  7.311E-01         F               0         Blade 1 Y orientation angle, node 4, rad
        213    1.125E-01, -8.065E-01,  5.804E-01         F               0         Blade 1 Z orientation angle, node 4, rad
        214    9.361E-01, -1.098E-01, -3.341E-01         F               0         Blade 1 X orientation angle, node 5, rad
        215    3.332E-01,  5.810E-01,  7.426E-01         F               0         Blade 1 Y orientation angle, node 5, rad
        216    1.125E-01, -8.065E-01,  5.804E-01         F               0         Blade 1 Z orientation angle, node 5, rad
        217    9.446E-01, -9.439E-02, -3.143E-01         F               0         Blade 1 X orientation angle, node 6, rad
        218    3.082E-01,  5.837E-01,  7.512E-01         F               0         Blade 1 Y orientation angle, node 6, rad
        219    1.125E-01, -8.065E-01,  5.804E-01         F               0         Blade 1 Z orientation angle, node 6, rad
        220    9.511E-01, -8.164E-02, -2.978E-01         F               0         Blade 1 X orientation angle, node 7, rad
        221    2.876E-01,  5.856E-01,  7.579E-01         F               0         Blade 1 Y orientation angle, node 7, rad
        222    1.125E-01, -8.065E-01,  5.804E-01         F               0         Blade 1 Z orientation angle, node 7, rad
        223    9.562E-01, -7.100E-02, -2.840E-01         F               0         Blade 1 X orientation angle, node 8, rad
        224    2.702E-01,  5.870E-01,  7.632E-01         F               0         Blade 1 Y orientation angle, node 8, rad
        225    1.125E-01, -8.065E-01,  5.804E-01         F               0         Blade 1 Z orientation angle, node 8, rad
        226    9.602E-01, -6.197E-02, -2.722E-01         F               0         Blade 1 X orientation angle, node 9, rad
        227    2.555E-01,  5.880E-01,  7.674E-01         F               0         Blade 1 Y orientation angle, node 9, rad
        228    1.125E-01, -8.065E-01,  5.804E-01         F               0         Blade 1 Z orientation angle, node 9, rad
        229    9.635E-01, -5.417E-02, -2.620E-01         F               0         Blade 1 X orientation angle, node 10, rad
        230    2.428E-01,  5.888E-01,  7.710E-01         F               0         Blade 1 Y orientation angle, node 10, rad
        231    1.125E-01, -8.065E-01,  5.804E-01         F               0         Blade 1 Z orientation angle, node 10, rad
        232    9.662E-01, -4.749E-02, -2.533E-01         F               0         Blade 1 X orientation angle, node 11, rad
        233    2.318E-01,  5.893E-01,  7.739E-01         F               0         Blade 1 Y orientation angle, node 11, rad
        234    1.125E-01, -8.065E-01,  5.804E-01         F               0         Blade 1 Z orientation angle, node 11, rad
        235    9.685E-01, -4.162E-02, -2.456E-01         F               0         Blade 1 X orientation angle, node 12, rad
        236    2.222E-01,  5.898E-01,  7.764E-01         F               0         Blade 1 Y orientation angle, node 12, rad
        237    1.125E-01, -8.065E-01,  5.804E-01         F               0         Blade 1 Z orientation angle, node 12, rad
        238    9.704E-01, -3.647E-02, -2.388E-01         F               0         Blade 1 X orientation angle, node 13, rad
        239    2.137E-01,  5.901E-01,  7.785E-01         F               0         Blade 1 Y orientation angle, node 13, rad
        240    1.125E-01, -8.065E-01,  5.804E-01         F               0         Blade 1 Z orientation angle, node 13, rad
        241    9.720E-01, -3.184E-02, -2.326E-01         F               0         Blade 1 X orientation angle, node 14, rad
        242    2.061E-01,  5.904E-01,  7.804E-01         F               0         Blade 1 Y orientation angle, node 14, rad
        243    1.125E-01, -8.065E-01,  5.804E-01         F               0         Blade 1 Z orientation angle, node 14, rad
        244    9.735E-01, -2.772E-02, -2.272E-01         F               0         Blade 1 X orientation angle, node 15, rad
        245    1.993E-01,  5.906E-01,  7.820E-01         F               0         Blade 1 Y orientation angle, node 15, rad
        246    1.125E-01, -8.065E-01,  5.804E-01         F               0         Blade 1 Z orientation angle, node 15, rad
        247    9.747E-01, -2.400E-02, -2.223E-01         F               0         Blade 1 X orientation angle, node 16, rad
        248    1.932E-01,  5.908E-01,  7.834E-01         F               0         Blade 1 Y orientation angle, node 16, rad
        249    1.125E-01, -8.065E-01,  5.804E-01         F               0         Blade 1 Z orientation angle, node 16, rad
        250    9.758E-01, -2.070E-02, -2.179E-01         F               0         Blade 1 X orientation angle, node 17, rad
        251    1.878E-01,  5.909E-01,  7.846E-01         F               0         Blade 1 Y orientation angle, node 17, rad
        252    1.125E-01, -8.065E-01,  5.804E-01         F               0         Blade 1 Z orientation angle, node 17, rad
        253    9.767E-01, -1.761E-02, -2.138E-01         F               0         Blade 1 X orientation angle, node 18, rad
        254    1.826E-01,  5.910E-01,  7.857E-01         F               0         Blade 1 Y orientation angle, node 18, rad
        255    1.125E-01, -8.065E-01,  5.804E-01         F               0         Blade 1 Z orientation angle, node 18, rad
        256    9.776E-01, -1.482E-02, -2.101E-01         F               0         Blade 1 X orientation angle, node 19, rad
        257    1.780E-01,  5.911E-01,  7.867E-01         F               0         Blade 1 Y orientation angle, node 19, rad
        258    1.125E-01, -8.065E-01,  5.804E-01         F               0         Blade 1 Z orientation angle, node 19, rad
        259    9.783E-01, -1.235E-02, -2.068E-01         F               0         Blade 1 X orientation angle, node 20, rad
        260    1.739E-01,  5.911E-01,  7.876E-01         F               0         Blade 1 Y orientation angle, node 20, rad
        261    1.125E-01, -8.065E-01,  5.804E-01         F               0         Blade 1 Z orientation angle, node 20, rad
        262    9.790E-01, -9.976E-03, -2.036E-01         F               0         Blade 1 X orientation angle, node 21, rad
        263    1.700E-01,  5.912E-01,  7.884E-01         F               0         Blade 1 Y orientation angle, node 21, rad
        264    1.125E-01, -8.065E-01,  5.804E-01         F               0         Blade 1 Z orientation angle, node 21, rad
        265    9.796E-01, -7.809E-03, -2.007E-01         F               0         Blade 1 X orientation angle, node 22, rad
        266    1.664E-01,  5.912E-01,  7.892E-01         F               0         Blade 1 Y orientation angle, node 22, rad
        267    1.125E-01, -8.065E-01,  5.804E-01         F               0         Blade 1 Z orientation angle, node 22, rad
        268    9.802E-01, -5.849E-03, -1.981E-01         F               0         Blade 1 X orientation angle, node 23, rad
        269    1.632E-01,  5.912E-01,  7.898E-01         F               0         Blade 1 Y orientation angle, node 23, rad
        270    1.125E-01, -8.065E-01,  5.804E-01         F               0         Blade 1 Z orientation angle, node 23, rad
        271    9.807E-01, -3.991E-03, -1.956E-01         F               0         Blade 1 X orientation angle, node 24, rad
        272    1.601E-01,  5.912E-01,  7.905E-01         F               0         Blade 1 Y orientation angle, node 24, rad
        273    1.125E-01, -8.065E-01,  5.804E-01         F               0         Blade 1 Z orientation angle, node 24, rad
        274    9.811E-01, -2.237E-03, -1.933E-01         F               0         Blade 1 X orientation angle, node 25, rad
        275    1.572E-01,  5.912E-01,  7.910E-01         F               0         Blade 1 Y orientation angle, node 25, rad
        276    1.125E-01, -8.065E-01,  5.804E-01         F               0         Blade 1 Z orientation angle, node 25, rad
        277    9.815E-01, -6.892E-04, -1.912E-01         F               0         Blade 1 X orientation angle, node 26, rad
        278    1.546E-01,  5.912E-01,  7.915E-01         F               0         Blade 1 Y orientation angle, node 26, rad
        279    1.125E-01, -8.065E-01,  5.804E-01         F               0         Blade 1 Z orientation angle, node 26, rad
        280    9.819E-01,  8.587E-04, -1.891E-01         F               0         Blade 1 X orientation angle, node 27, rad
        281    1.520E-01,  5.912E-01,  7.920E-01         F               0         Blade 1 Y orientation angle, node 27, rad
        282    1.125E-01, -8.065E-01,  5.804E-01         F               0         Blade 1 Z orientation angle, node 27, rad
        283    9.822E-01,  1.684E-03, -1.880E-01         F               0         Blade 1 X orientation angle, node 28, rad
        284    1.507E-01,  5.912E-01,  7.923E-01         F               0         Blade 1 Y orientation angle, node 28, rad
        285    1.125E-01, -8.065E-01,  5.804E-01         F               0         Blade 1 Z orientation angle, node 28, rad
        286   -7.448E-01                                 F               0         Blade 1 X translation velocity, node 1, m/s
        287   -2.854E+00                                 F               0         Blade 1 Y translation velocity, node 1, m/s
        288   -3.883E+00                                 F               0         Blade 1 Z translation velocity, node 1, m/s
        289   -9.243E-01                                 F               0         Blade 1 X translation velocity, node 2, m/s
        290   -3.552E+00                                 F               0         Blade 1 Y translation velocity, node 2, m/s
        291   -4.819E+00                                 F               0         Blade 1 Z translation velocity, node 2, m/s
        292   -3.365E+00                                 F               0         Blade 1 X translation velocity, node 3, m/s
        293   -1.305E+01                                 F               0         Blade 1 Y translation velocity, node 3, m/s
        294   -1.754E+01                                 F               0         Blade 1 Z translation velocity, node 3, m/s
        295   -3.885E+00                                 F               0         Blade 1 X translation velocity, node 4, m/s
        296   -1.507E+01                                 F               0         Blade 1 Y translation velocity, node 4, m/s
        297   -2.025E+01                                 F               0         Blade 1 Z translation velocity, node 4, m/s
        298   -4.405E+00                                 F               0         Blade 1 X translation velocity, node 5, m/s
        299   -1.710E+01                                 F               0         Blade 1 Y translation velocity, node 5, m/s
        300   -2.296E+01                                 F               0         Blade 1 Z translation velocity, node 5, m/s
        301   -4.925E+00                                 F               0         Blade 1 X translation velocity, node 6, m/s
        302   -1.912E+01                                 F               0         Blade 1 Y translation velocity, node 6, m/s
        303   -2.567E+01                                 F               0         Blade 1 Z translation velocity, node 6, m/s
        304   -5.445E+00                                 F               0         Blade 1 X translation velocity, node 7, m/s
        305   -2.114E+01                                 F               0         Blade 1 Y translation velocity, node 7, m/s
        306   -2.839E+01                                 F               0         Blade 1 Z translation velocity, node 7, m/s
        307   -5.966E+00                                 F               0         Blade 1 X translation velocity, node 8, m/s
