
Linearized model: Predictions were generated on 06-Feb-2024 at 08:44:08 using OpenFAST, compiled as a 64-bit application using single precision at commit v3.5.1
 linked with  NWTC Subroutine Library; ElastoDyn; InflowWind; AeroDyn; ServoDyn; HydroDyn; MAP++ (<1.20.10>, <Oct-20-2023>)

Description from the FAST input file: CCT-9 Campign 4 model. Input files to be run with OpenFAST 3.5.0. GitHub branch from Lu Wang (https://github.com/luwang00/openfast/tree/dev) compiled on March 7, 2023.

Simulation information:
   Simulation time:                  2505.9750 s
   Rotor Speed:                         0.8851 rad/s
   Azimuth:                             2.1585 rad
   Wind Speed:                         10.0000 m/s
   Number of continuous states:         0
   Number of discrete states:           0
   Number of constraint states:         0
   Number of inputs:                 1746
   Number of outputs:                   4
   Jacobians included in this file?    No

Order of inputs:
     Column   Operating Point                     Rotating Frame? Derivative Order Description
   ---------- ---------------                     --------------- ---------------- -----------
          1    1.391E+01                                 F               0         Tower X translation displacement, node 1, m
          2    8.444E-02                                 F               0         Tower Y translation displacement, node 1, m
          3   -1.836E-01                                 F               0         Tower Z translation displacement, node 1, m
          4    1.488E+01                                 F               0         Tower X translation displacement, node 2, m
          5    1.239E-01                                 F               0         Tower Y translation displacement, node 2, m
          6   -2.222E-01                                 F               0         Tower Z translation displacement, node 2, m
          7    1.588E+01                                 F               0         Tower X translation displacement, node 3, m
          8    1.639E-01                                 F               0         Tower Y translation displacement, node 3, m
          9   -2.624E-01                                 F               0         Tower Z translation displacement, node 3, m
         10    1.689E+01                                 F               0         Tower X translation displacement, node 4, m
         11    2.045E-01                                 F               0         Tower Y translation displacement, node 4, m
         12   -3.039E-01                                 F               0         Tower Z translation displacement, node 4, m
         13    1.791E+01                                 F               0         Tower X translation displacement, node 5, m
         14    2.456E-01                                 F               0         Tower Y translation displacement, node 5, m
         15   -3.464E-01                                 F               0         Tower Z translation displacement, node 5, m
         16    1.894E+01                                 F               0         Tower X translation displacement, node 6, m
         17    2.870E-01                                 F               0         Tower Y translation displacement, node 6, m
         18   -3.898E-01                                 F               0         Tower Z translation displacement, node 6, m
         19    1.998E+01                                 F               0         Tower X translation displacement, node 7, m
         20    3.287E-01                                 F               0         Tower Y translation displacement, node 7, m
         21   -4.337E-01                                 F               0         Tower Z translation displacement, node 7, m
         22    2.103E+01                                 F               0         Tower X translation displacement, node 8, m
         23    3.706E-01                                 F               0         Tower Y translation displacement, node 8, m
         24   -4.781E-01                                 F               0         Tower Z translation displacement, node 8, m
         25    2.208E+01                                 F               0         Tower X translation displacement, node 9, m
         26    4.128E-01                                 F               0         Tower Y translation displacement, node 9, m
         27   -5.229E-01                                 F               0         Tower Z translation displacement, node 9, m
         28    2.313E+01                                 F               0         Tower X translation displacement, node 10, m
         29    4.551E-01                                 F               0         Tower Y translation displacement, node 10, m
         30   -5.679E-01                                 F               0         Tower Z translation displacement, node 10, m
         31    2.419E+01                                 F               0         Tower X translation displacement, node 11, m
         32    4.974E-01                                 F               0         Tower Y translation displacement, node 11, m
         33   -6.130E-01                                 F               0         Tower Z translation displacement, node 11, m
         34    9.969E-01,  1.219E-03, -7.830E-02         F               0         Tower X orientation angle, node 1, rad
         35   -1.464E-03,  1.000E+00, -3.064E-03         F               0         Tower Y orientation angle, node 1, rad
         36    7.829E-02,  3.169E-03,  9.969E-01         F               0         Tower Z orientation angle, node 1, rad
         37    9.968E-01,  1.214E-03, -7.983E-02         F               0         Tower X orientation angle, node 2, rad
         38   -1.468E-03,  1.000E+00, -3.112E-03         F               0         Tower Y orientation angle, node 2, rad
         39    7.983E-02,  3.219E-03,  9.968E-01         F               0         Tower Z orientation angle, node 2, rad
         40    9.967E-01,  1.210E-03, -8.117E-02         F               0         Tower X orientation angle, node 3, rad
         41   -1.471E-03,  1.000E+00, -3.155E-03         F               0         Tower Y orientation angle, node 3, rad
         42    8.117E-02,  3.264E-03,  9.967E-01         F               0         Tower Z orientation angle, node 3, rad
         43    9.966E-01,  1.206E-03, -8.229E-02         F               0         Tower X orientation angle, node 4, rad
         44   -1.474E-03,  1.000E+00, -3.192E-03         F               0         Tower Y orientation angle, node 4, rad
         45    8.229E-02,  3.303E-03,  9.966E-01         F               0         Tower Z orientation angle, node 4, rad
         46    9.965E-01,  1.203E-03, -8.321E-02         F               0         Tower X orientation angle, node 5, rad
         47   -1.477E-03,  1.000E+00, -3.225E-03         F               0         Tower Y orientation angle, node 5, rad
         48    8.320E-02,  3.336E-03,  9.965E-01         F               0         Tower Z orientation angle, node 5, rad
         49    9.965E-01,  1.201E-03, -8.393E-02         F               0         Tower X orientation angle, node 6, rad
         50   -1.479E-03,  1.000E+00, -3.252E-03         F               0         Tower Y orientation angle, node 6, rad
         51    8.393E-02,  3.365E-03,  9.965E-01         F               0         Tower Z orientation angle, node 6, rad
         52    9.964E-01,  1.199E-03, -8.447E-02         F               0         Tower X orientation angle, node 7, rad
         53   -1.481E-03,  1.000E+00, -3.274E-03         F               0         Tower Y orientation angle, node 7, rad
         54    8.446E-02,  3.387E-03,  9.964E-01         F               0         Tower Z orientation angle, node 7, rad
         55    9.964E-01,  1.198E-03, -8.485E-02         F               0         Tower X orientation angle, node 8, rad
         56   -1.482E-03,  1.000E+00, -3.291E-03         F               0         Tower Y orientation angle, node 8, rad
         57    8.485E-02,  3.405E-03,  9.964E-01         F               0         Tower Z orientation angle, node 8, rad
         58    9.964E-01,  1.197E-03, -8.511E-02         F               0         Tower X orientation angle, node 9, rad
         59   -1.483E-03,  1.000E+00, -3.303E-03         F               0         Tower Y orientation angle, node 9, rad
         60    8.510E-02,  3.417E-03,  9.964E-01         F               0         Tower Z orientation angle, node 9, rad
         61    9.964E-01,  1.196E-03, -8.526E-02         F               0         Tower X orientation angle, node 10, rad
         62   -1.484E-03,  1.000E+00, -3.311E-03         F               0         Tower Y orientation angle, node 10, rad
         63    8.526E-02,  3.426E-03,  9.964E-01         F               0         Tower Z orientation angle, node 10, rad
         64    9.964E-01,  1.196E-03, -8.534E-02         F               0         Tower X orientation angle, node 11, rad
         65   -1.484E-03,  1.000E+00, -3.316E-03         F               0         Tower Y orientation angle, node 11, rad
         66    8.533E-02,  3.431E-03,  9.963E-01         F               0         Tower Z orientation angle, node 11, rad
         67    2.287E-04                                 F               0         Tower X translation velocity, node 1, m/s
         68    2.682E-03                                 F               0         Tower Y translation velocity, node 1, m/s
         69   -6.835E-04                                 F               0         Tower Z translation velocity, node 1, m/s
         70    3.429E-04                                 F               0         Tower X translation velocity, node 2, m/s
         71    4.150E-03                                 F               0         Tower Y translation velocity, node 2, m/s
         72   -6.973E-04                                 F               0         Tower Z translation velocity, node 2, m/s
         73    5.109E-04                                 F               0         Tower X translation velocity, node 3, m/s
         74    5.620E-03                                 F               0         Tower Y translation velocity, node 3, m/s
         75   -7.156E-04                                 F               0         Tower Z translation velocity, node 3, m/s
         76    7.194E-04                                 F               0         Tower X translation velocity, node 4, m/s
         77    7.092E-03                                 F               0         Tower Y translation velocity, node 4, m/s
         78   -7.376E-04                                 F               0         Tower Z translation velocity, node 4, m/s
         79    9.610E-04                                 F               0         Tower X translation velocity, node 5, m/s
         80    8.564E-03                                 F               0         Tower Y translation velocity, node 5, m/s
         81   -7.626E-04                                 F               0         Tower Z translation velocity, node 5, m/s
         82    1.229E-03                                 F               0         Tower X translation velocity, node 6, m/s
         83    1.004E-02                                 F               0         Tower Y translation velocity, node 6, m/s
         84   -7.900E-04                                 F               0         Tower Z translation velocity, node 6, m/s
         85    1.515E-03                                 F               0         Tower X translation velocity, node 7, m/s
         86    1.151E-02                                 F               0         Tower Y translation velocity, node 7, m/s
         87   -8.192E-04                                 F               0         Tower Z translation velocity, node 7, m/s
         88    1.817E-03                                 F               0         Tower X translation velocity, node 8, m/s
         89    1.298E-02                                 F               0         Tower Y translation velocity, node 8, m/s
         90   -8.498E-04                                 F               0         Tower Z translation velocity, node 8, m/s
         91    2.129E-03                                 F               0         Tower X translation velocity, node 9, m/s
         92    1.445E-02                                 F               0         Tower Y translation velocity, node 9, m/s
         93   -8.815E-04                                 F               0         Tower Z translation velocity, node 9, m/s
         94    2.448E-03                                 F               0         Tower X translation velocity, node 10, m/s
         95    1.591E-02                                 F               0         Tower Y translation velocity, node 10, m/s
         96   -9.138E-04                                 F               0         Tower Z translation velocity, node 10, m/s
         97    2.770E-03                                 F               0         Tower X translation velocity, node 11, m/s
         98    1.738E-02                                 F               0         Tower Y translation velocity, node 11, m/s
         99   -9.464E-04                                 F               0         Tower Z translation velocity, node 11, m/s
        100    2.490E+01                                 F               0         Hub X translation displacement, node 1, m
        101    5.115E-01                                 F               0         Hub Y translation displacement, node 1, m
        102    2.800E-01                                 F               0         Hub Z translation displacement, node 1, m
        103    9.820E-01,  8.309E-04, -1.890E-01         F               0         Hub X orientation angle, node 1, rad
        104    1.581E-01, -5.515E-01,  8.190E-01         F               0         Hub Y orientation angle, node 1, rad
        105   -1.036E-01, -8.341E-01, -5.417E-01         F               0         Hub Z orientation angle, node 1, rad
        106    8.690E-01                                 F               0         Hub X rotation velocity, node 1, rad/s
        107    7.614E-04                                 F               0         Hub Y rotation velocity, node 1, rad/s
        108   -1.674E-01                                 F               0         Hub Z rotation velocity, node 1, rad/s
        109    9.769E-01,  1.719E-02, -2.132E-01         F               0         Blade root 1 X orientation angle, node 1, rad
        110    1.872E-01, -5.513E-01,  8.131E-01         F               0         Blade root 1 Y orientation angle, node 1, rad
        111   -1.036E-01, -8.341E-01, -5.417E-01         F               0         Blade root 1 Z orientation angle, node 1, rad
        112    9.865E-01,  1.408E-02, -1.629E-01         F               0         Blade root 2 X orientation angle, node 1, rad
        113   -1.395E-01, -4.464E-01, -8.839E-01         F               0         Blade root 2 Y orientation angle, node 1, rad
        114   -8.515E-02,  8.947E-01, -4.384E-01         F               0         Blade root 2 Z orientation angle, node 1, rad
        115    9.812E-01, -2.878E-02, -1.907E-01         F               0         Blade root 3 X orientation angle, node 1, rad
        116    3.976E-02,  9.977E-01,  5.400E-02         F               0         Blade root 3 Y orientation angle, node 1, rad
        117    1.887E-01, -6.057E-02,  9.802E-01         F               0         Blade root 3 Z orientation angle, node 1, rad
        118    2.374E+01                                 F               0         Blade 1 X translation displacement, node 1, m
        119   -4.110E+00                                 F               0         Blade 1 Y translation displacement, node 1, m
        120   -8.231E+00                                 F               0         Blade 1 Z translation displacement, node 1, m
        121    2.347E+01                                 F               0         Blade 1 X translation displacement, node 2, m
        122   -5.223E+00                                 F               0         Blade 1 Y translation displacement, node 2, m
        123   -1.028E+01                                 F               0         Blade 1 Z translation displacement, node 2, m
        124    1.969E+01                                 F               0         Blade 1 X translation displacement, node 3, m
        125   -2.037E+01                                 F               0         Blade 1 Y translation displacement, node 3, m
        126   -3.817E+01                                 F               0         Blade 1 Z translation displacement, node 3, m
        127    1.888E+01                                 F               0         Blade 1 X translation displacement, node 4, m
        128   -2.359E+01                                 F               0         Blade 1 Y translation displacement, node 4, m
        129   -4.411E+01                                 F               0         Blade 1 Z translation displacement, node 4, m
        130    1.808E+01                                 F               0         Blade 1 X translation displacement, node 5, m
        131   -2.682E+01                                 F               0         Blade 1 Y translation displacement, node 5, m
        132   -5.005E+01                                 F               0         Blade 1 Z translation displacement, node 5, m
        133    1.727E+01                                 F               0         Blade 1 X translation displacement, node 6, m
        134   -3.004E+01                                 F               0         Blade 1 Y translation displacement, node 6, m
        135   -5.599E+01                                 F               0         Blade 1 Z translation displacement, node 6, m
        136    1.647E+01                                 F               0         Blade 1 X translation displacement, node 7, m
        137   -3.327E+01                                 F               0         Blade 1 Y translation displacement, node 7, m
        138   -6.194E+01                                 F               0         Blade 1 Z translation displacement, node 7, m
        139    1.566E+01                                 F               0         Blade 1 X translation displacement, node 8, m
        140   -3.650E+01                                 F               0         Blade 1 Y translation displacement, node 8, m
        141   -6.788E+01                                 F               0         Blade 1 Z translation displacement, node 8, m
        142    1.486E+01                                 F               0         Blade 1 X translation displacement, node 9, m
        143   -3.972E+01                                 F               0         Blade 1 Y translation displacement, node 9, m
        144   -7.382E+01                                 F               0         Blade 1 Z translation displacement, node 9, m
        145    1.405E+01                                 F               0         Blade 1 X translation displacement, node 10, m
        146   -4.295E+01                                 F               0         Blade 1 Y translation displacement, node 10, m
        147   -7.976E+01                                 F               0         Blade 1 Z translation displacement, node 10, m
        148    1.325E+01                                 F               0         Blade 1 X translation displacement, node 11, m
        149   -4.617E+01                                 F               0         Blade 1 Y translation displacement, node 11, m
        150   -8.570E+01                                 F               0         Blade 1 Z translation displacement, node 11, m
        151    1.245E+01                                 F               0         Blade 1 X translation displacement, node 12, m
        152   -4.940E+01                                 F               0         Blade 1 Y translation displacement, node 12, m
        153   -9.164E+01                                 F               0         Blade 1 Z translation displacement, node 12, m
        154    1.164E+01                                 F               0         Blade 1 X translation displacement, node 13, m
        155   -5.263E+01                                 F               0         Blade 1 Y translation displacement, node 13, m
        156   -9.759E+01                                 F               0         Blade 1 Z translation displacement, node 13, m
        157    1.084E+01                                 F               0         Blade 1 X translation displacement, node 14, m
        158   -5.585E+01                                 F               0         Blade 1 Y translation displacement, node 14, m
        159   -1.035E+02                                 F               0         Blade 1 Z translation displacement, node 14, m
        160    1.003E+01                                 F               0         Blade 1 X translation displacement, node 15, m
        161   -5.908E+01                                 F               0         Blade 1 Y translation displacement, node 15, m
        162   -1.095E+02                                 F               0         Blade 1 Z translation displacement, node 15, m
        163    9.226E+00                                 F               0         Blade 1 X translation displacement, node 16, m
        164   -6.231E+01                                 F               0         Blade 1 Y translation displacement, node 16, m
        165   -1.154E+02                                 F               0         Blade 1 Z translation displacement, node 16, m
        166    8.421E+00                                 F               0         Blade 1 X translation displacement, node 17, m
        167   -6.553E+01                                 F               0         Blade 1 Y translation displacement, node 17, m
        168   -1.214E+02                                 F               0         Blade 1 Z translation displacement, node 17, m
        169    7.616E+00                                 F               0         Blade 1 X translation displacement, node 18, m
        170   -6.876E+01                                 F               0         Blade 1 Y translation displacement, node 18, m
        171   -1.273E+02                                 F               0         Blade 1 Z translation displacement, node 18, m
        172    6.811E+00                                 F               0         Blade 1 X translation displacement, node 19, m
        173   -7.199E+01                                 F               0         Blade 1 Y translation displacement, node 19, m
        174   -1.332E+02                                 F               0         Blade 1 Z translation displacement, node 19, m
        175    6.006E+00                                 F               0         Blade 1 X translation displacement, node 20, m
        176   -7.521E+01                                 F               0         Blade 1 Y translation displacement, node 20, m
        177   -1.392E+02                                 F               0         Blade 1 Z translation displacement, node 20, m
        178    5.201E+00                                 F               0         Blade 1 X translation displacement, node 21, m
        179   -7.844E+01                                 F               0         Blade 1 Y translation displacement, node 21, m
        180   -1.451E+02                                 F               0         Blade 1 Z translation displacement, node 21, m
        181    4.396E+00                                 F               0         Blade 1 X translation displacement, node 22, m
        182   -8.166E+01                                 F               0         Blade 1 Y translation displacement, node 22, m
        183   -1.511E+02                                 F               0         Blade 1 Z translation displacement, node 22, m
        184    3.592E+00                                 F               0         Blade 1 X translation displacement, node 23, m
        185   -8.489E+01                                 F               0         Blade 1 Y translation displacement, node 23, m
        186   -1.570E+02                                 F               0         Blade 1 Z translation displacement, node 23, m
        187    2.787E+00                                 F               0         Blade 1 X translation displacement, node 24, m
        188   -8.812E+01                                 F               0         Blade 1 Y translation displacement, node 24, m
        189   -1.629E+02                                 F               0         Blade 1 Z translation displacement, node 24, m
        190    1.982E+00                                 F               0         Blade 1 X translation displacement, node 25, m
        191   -9.134E+01                                 F               0         Blade 1 Y translation displacement, node 25, m
        192   -1.689E+02                                 F               0         Blade 1 Z translation displacement, node 25, m
        193    1.177E+00                                 F               0         Blade 1 X translation displacement, node 26, m
        194   -9.457E+01                                 F               0         Blade 1 Y translation displacement, node 26, m
        195   -1.748E+02                                 F               0         Blade 1 Z translation displacement, node 26, m
        196    3.722E-01                                 F               0         Blade 1 X translation displacement, node 27, m
        197   -9.779E+01                                 F               0         Blade 1 Y translation displacement, node 27, m
        198   -1.808E+02                                 F               0         Blade 1 Z translation displacement, node 27, m
        199   -3.101E-01                                 F               0         Blade 1 X translation displacement, node 28, m
        200   -1.005E+02                                 F               0         Blade 1 Y translation displacement, node 28, m
        201   -1.858E+02                                 F               0         Blade 1 Z translation displacement, node 28, m
        202    7.840E-01,  2.667E-01, -5.605E-01         F               0         Blade 1 X orientation angle, node 1, rad
        203    6.120E-01, -4.828E-01,  6.264E-01         F               0         Blade 1 Y orientation angle, node 1, rad
        204   -1.036E-01, -8.341E-01, -5.417E-01         F               0         Blade 1 Z orientation angle, node 1, rad
        205    7.840E-01,  2.667E-01, -5.605E-01         F               0         Blade 1 X orientation angle, node 2, rad
        206    6.120E-01, -4.828E-01,  6.264E-01         F               0         Blade 1 Y orientation angle, node 2, rad
        207   -1.036E-01, -8.341E-01, -5.417E-01         F               0         Blade 1 Z orientation angle, node 2, rad
        208    9.067E-01,  1.447E-01, -3.961E-01         F               0         Blade 1 X orientation angle, node 3, rad
        209    4.088E-01, -5.322E-01,  7.414E-01         F               0         Blade 1 Y orientation angle, node 3, rad
        210   -1.036E-01, -8.341E-01, -5.417E-01         F               0         Blade 1 Z orientation angle, node 3, rad
        211    9.232E-01,  1.221E-01, -3.645E-01         F               0         Blade 1 X orientation angle, node 4, rad
        212    3.701E-01, -5.379E-01,  7.574E-01         F               0         Blade 1 Y orientation angle, node 4, rad
        213   -1.036E-01, -8.341E-01, -5.417E-01         F               0         Blade 1 Z orientation angle, node 4, rad
        214    9.350E-01,  1.042E-01, -3.391E-01         F               0         Blade 1 X orientation angle, node 5, rad
        215    3.393E-01, -5.416E-01,  7.691E-01         F               0         Blade 1 Y orientation angle, node 5, rad
        216   -1.036E-01, -8.341E-01, -5.417E-01         F               0         Blade 1 Z orientation angle, node 5, rad
        217    9.436E-01,  8.976E-02, -3.186E-01         F               0         Blade 1 X orientation angle, node 6, rad
        218    3.144E-01, -5.442E-01,  7.778E-01         F               0         Blade 1 Y orientation angle, node 6, rad
        219   -1.036E-01, -8.341E-01, -5.417E-01         F               0         Blade 1 Z orientation angle, node 6, rad
        220    9.503E-01,  7.787E-02, -3.016E-01         F               0         Blade 1 X orientation angle, node 7, rad
        221    2.937E-01, -5.460E-01,  7.846E-01         F               0         Blade 1 Y orientation angle, node 7, rad
        222   -1.036E-01, -8.341E-01, -5.417E-01         F               0         Blade 1 Z orientation angle, node 7, rad
        223    9.554E-01,  6.794E-02, -2.873E-01         F               0         Blade 1 X orientation angle, node 8, rad
        224    2.764E-01, -5.473E-01,  7.899E-01         F               0         Blade 1 Y orientation angle, node 8, rad
        225   -1.036E-01, -8.341E-01, -5.417E-01         F               0         Blade 1 Z orientation angle, node 8, rad
        226    9.596E-01,  5.953E-02, -2.751E-01         F               0         Blade 1 X orientation angle, node 9, rad
        227    2.617E-01, -5.483E-01,  7.943E-01         F               0         Blade 1 Y orientation angle, node 9, rad
        228   -1.036E-01, -8.341E-01, -5.417E-01         F               0         Blade 1 Z orientation angle, node 9, rad
        229    9.630E-01,  5.225E-02, -2.646E-01         F               0         Blade 1 X orientation angle, node 10, rad
        230    2.490E-01, -5.491E-01,  7.978E-01         F               0         Blade 1 Y orientation angle, node 10, rad
        231   -1.036E-01, -8.341E-01, -5.417E-01         F               0         Blade 1 Z orientation angle, node 10, rad
        232    9.657E-01,  4.602E-02, -2.555E-01         F               0         Blade 1 X orientation angle, node 11, rad
        233    2.380E-01, -5.496E-01,  8.008E-01         F               0         Blade 1 Y orientation angle, node 11, rad
        234   -1.036E-01, -8.341E-01, -5.417E-01         F               0         Blade 1 Z orientation angle, node 11, rad
        235    9.680E-01,  4.055E-02, -2.475E-01         F               0         Blade 1 X orientation angle, node 12, rad
        236    2.284E-01, -5.500E-01,  8.033E-01         F               0         Blade 1 Y orientation angle, node 12, rad
        237   -1.036E-01, -8.341E-01, -5.417E-01         F               0         Blade 1 Z orientation angle, node 12, rad
        238    9.700E-01,  3.575E-02, -2.405E-01         F               0         Blade 1 X orientation angle, node 13, rad
        239    2.200E-01, -5.504E-01,  8.054E-01         F               0         Blade 1 Y orientation angle, node 13, rad
        240   -1.036E-01, -8.341E-01, -5.417E-01         F               0         Blade 1 Z orientation angle, node 13, rad
        241    9.717E-01,  3.143E-02, -2.342E-01         F               0         Blade 1 X orientation angle, node 14, rad
        242    2.123E-01, -5.506E-01,  8.073E-01         F               0         Blade 1 Y orientation angle, node 14, rad
        243   -1.036E-01, -8.341E-01, -5.417E-01         F               0         Blade 1 Z orientation angle, node 14, rad
        244    9.731E-01,  2.758E-02, -2.285E-01         F               0         Blade 1 X orientation angle, node 15, rad
        245    2.056E-01, -5.509E-01,  8.089E-01         F               0         Blade 1 Y orientation angle, node 15, rad
        246   -1.036E-01, -8.341E-01, -5.417E-01         F               0         Blade 1 Z orientation angle, node 15, rad
        247    9.744E-01,  2.412E-02, -2.234E-01         F               0         Blade 1 X orientation angle, node 16, rad
        248    1.994E-01, -5.510E-01,  8.103E-01         F               0         Blade 1 Y orientation angle, node 16, rad
        249   -1.036E-01, -8.341E-01, -5.417E-01         F               0         Blade 1 Z orientation angle, node 16, rad
        250    9.755E-01,  2.104E-02, -2.189E-01         F               0         Blade 1 X orientation angle, node 17, rad
        251    1.940E-01, -5.511E-01,  8.115E-01         F               0         Blade 1 Y orientation angle, node 17, rad
        252   -1.036E-01, -8.341E-01, -5.417E-01         F               0         Blade 1 Z orientation angle, node 17, rad
        253    9.765E-01,  1.815E-02, -2.147E-01         F               0         Blade 1 X orientation angle, node 18, rad
        254    1.889E-01, -5.512E-01,  8.127E-01         F               0         Blade 1 Y orientation angle, node 18, rad
        255   -1.036E-01, -8.341E-01, -5.417E-01         F               0         Blade 1 Z orientation angle, node 18, rad
        256    9.774E-01,  1.556E-02, -2.108E-01         F               0         Blade 1 X orientation angle, node 19, rad
        257    1.843E-01, -5.513E-01,  8.137E-01         F               0         Blade 1 Y orientation angle, node 19, rad
        258   -1.036E-01, -8.341E-01, -5.417E-01         F               0         Blade 1 Z orientation angle, node 19, rad
        259    9.782E-01,  1.325E-02, -2.074E-01         F               0         Blade 1 X orientation angle, node 20, rad
        260    1.802E-01, -5.514E-01,  8.146E-01         F               0         Blade 1 Y orientation angle, node 20, rad
        261   -1.036E-01, -8.341E-01, -5.417E-01         F               0         Blade 1 Z orientation angle, node 20, rad
        262    9.789E-01,  1.103E-02, -2.041E-01         F               0         Blade 1 X orientation angle, node 21, rad
        263    1.763E-01, -5.514E-01,  8.154E-01         F               0         Blade 1 Y orientation angle, node 21, rad
        264   -1.036E-01, -8.341E-01, -5.417E-01         F               0         Blade 1 Z orientation angle, node 21, rad
        265    9.795E-01,  9.013E-03, -2.011E-01         F               0         Blade 1 X orientation angle, node 22, rad
        266    1.727E-01, -5.515E-01,  8.161E-01         F               0         Blade 1 Y orientation angle, node 22, rad
        267   -1.036E-01, -8.341E-01, -5.417E-01         F               0         Blade 1 Z orientation angle, node 22, rad
        268    9.801E-01,  7.184E-03, -1.984E-01         F               0         Blade 1 X orientation angle, node 23, rad
        269    1.694E-01, -5.515E-01,  8.168E-01         F               0         Blade 1 Y orientation angle, node 23, rad
        270   -1.036E-01, -8.341E-01, -5.417E-01         F               0         Blade 1 Z orientation angle, node 23, rad
        271    9.806E-01,  5.451E-03, -1.959E-01         F               0         Blade 1 X orientation angle, node 24, rad
        272    1.663E-01, -5.515E-01,  8.174E-01         F               0         Blade 1 Y orientation angle, node 24, rad
        273   -1.036E-01, -8.341E-01, -5.417E-01         F               0         Blade 1 Z orientation angle, node 24, rad
        274    9.811E-01,  3.815E-03, -1.934E-01         F               0         Blade 1 X orientation angle, node 25, rad
        275    1.634E-01, -5.515E-01,  8.180E-01         F               0         Blade 1 Y orientation angle, node 25, rad
        276   -1.036E-01, -8.341E-01, -5.417E-01         F               0         Blade 1 Z orientation angle, node 25, rad
        277    9.815E-01,  2.371E-03, -1.913E-01         F               0         Blade 1 X orientation angle, node 26, rad
        278    1.609E-01, -5.515E-01,  8.185E-01         F               0         Blade 1 Y orientation angle, node 26, rad
        279   -1.036E-01, -8.341E-01, -5.417E-01         F               0         Blade 1 Z orientation angle, node 26, rad
        280    9.819E-01,  9.272E-04, -1.892E-01         F               0         Blade 1 X orientation angle, node 27, rad
        281    1.583E-01, -5.515E-01,  8.190E-01         F               0         Blade 1 Y orientation angle, node 27, rad
        282   -1.036E-01, -8.341E-01, -5.417E-01         F               0         Blade 1 Z orientation angle, node 27, rad
        283    9.822E-01,  1.571E-04, -1.880E-01         F               0         Blade 1 X orientation angle, node 28, rad
        284    1.569E-01, -5.515E-01,  8.193E-01         F               0         Blade 1 Y orientation angle, node 28, rad
        285   -1.036E-01, -8.341E-01, -5.417E-01         F               0         Blade 1 Z orientation angle, node 28, rad
        286   -7.729E-01                                 F               0         Blade 1 X translation velocity, node 1, m/s
        287    2.724E+00                                 F               0         Blade 1 Y translation velocity, node 1, m/s
        288   -4.016E+00                                 F               0         Blade 1 Z translation velocity, node 1, m/s
        289   -9.598E-01                                 F               0         Blade 1 X translation velocity, node 2, m/s
        290    3.375E+00                                 F               0         Blade 1 Y translation velocity, node 2, m/s
        291   -4.984E+00                                 F               0         Blade 1 Z translation velocity, node 2, m/s
        292   -3.502E+00                                 F               0         Blade 1 X translation velocity, node 3, m/s
        293    1.224E+01                                 F               0         Blade 1 Y translation velocity, node 3, m/s
        294   -1.814E+01                                 F               0         Blade 1 Z translation velocity, node 3, m/s
        295   -4.044E+00                                 F               0         Blade 1 X translation velocity, node 4, m/s
        296    1.412E+01                                 F               0         Blade 1 Y translation velocity, node 4, m/s
        297   -2.094E+01                                 F               0         Blade 1 Z translation velocity, node 4, m/s
        298   -4.585E+00                                 F               0         Blade 1 X translation velocity, node 5, m/s
        299    1.601E+01                                 F               0         Blade 1 Y translation velocity, node 5, m/s
        300   -2.375E+01                                 F               0         Blade 1 Z translation velocity, node 5, m/s
        301   -5.127E+00                                 F               0         Blade 1 X translation velocity, node 6, m/s
        302    1.790E+01                                 F               0         Blade 1 Y translation velocity, node 6, m/s
        303   -2.655E+01                                 F               0         Blade 1 Z translation velocity, node 6, m/s
        304   -5.669E+00                                 F               0         Blade 1 X translation velocity, node 7, m/s
        305    1.979E+01                                 F               0         Blade 1 Y translation velocity, node 7, m/s
        306   -2.936E+01                                 F               0         Blade 1 Z translation velocity, node 7, m/s
        307   -6.211E+00                                 F               0         Blade 1 X translation velocity, node 8, m/s
