
Linearized model: Predictions were generated on 06-Feb-2024 at 08:44:08 using OpenFAST, compiled as a 64-bit application using single precision at commit v3.5.1
 linked with  NWTC Subroutine Library; ElastoDyn; InflowWind; AeroDyn; ServoDyn; HydroDyn; MAP++ (<1.20.10>, <Oct-20-2023>)

Description from the FAST input file: CCT-9 Campign 4 model. Input files to be run with OpenFAST 3.5.0. GitHub branch from Lu Wang (https://github.com/luwang00/openfast/tree/dev) compiled on March 7, 2023.

Simulation information:
   Simulation time:                  2500.6000 s
   Rotor Speed:                         0.8859 rad/s
   Azimuth:                             3.6821 rad
   Wind Speed:                         10.0000 m/s
   Number of continuous states:         0
   Number of discrete states:           0
   Number of constraint states:         0
   Number of inputs:                 1746
   Number of outputs:                   4
   Jacobians included in this file?    No

Order of inputs:
     Column   Operating Point                     Rotating Frame? Derivative Order Description
   ---------- ---------------                     --------------- ---------------- -----------
          1    1.391E+01                                 F               0         Tower X translation displacement, node 1, m
          2    4.763E-02                                 F               0         Tower Y translation displacement, node 1, m
          3   -1.879E-01                                 F               0         Tower Z translation displacement, node 1, m
          4    1.488E+01                                 F               0         Tower X translation displacement, node 2, m
          5    6.300E-02                                 F               0         Tower Y translation displacement, node 2, m
          6   -2.265E-01                                 F               0         Tower Z translation displacement, node 2, m
          7    1.588E+01                                 F               0         Tower X translation displacement, node 3, m
          8    7.863E-02                                 F               0         Tower Y translation displacement, node 3, m
          9   -2.666E-01                                 F               0         Tower Z translation displacement, node 3, m
         10    1.689E+01                                 F               0         Tower X translation displacement, node 4, m
         11    9.448E-02                                 F               0         Tower Y translation displacement, node 4, m
         12   -3.080E-01                                 F               0         Tower Z translation displacement, node 4, m
         13    1.791E+01                                 F               0         Tower X translation displacement, node 5, m
         14    1.105E-01                                 F               0         Tower Y translation displacement, node 5, m
         15   -3.505E-01                                 F               0         Tower Z translation displacement, node 5, m
         16    1.894E+01                                 F               0         Tower X translation displacement, node 6, m
         17    1.267E-01                                 F               0         Tower Y translation displacement, node 6, m
         18   -3.937E-01                                 F               0         Tower Z translation displacement, node 6, m
         19    1.998E+01                                 F               0         Tower X translation displacement, node 7, m
         20    1.429E-01                                 F               0         Tower Y translation displacement, node 7, m
         21   -4.376E-01                                 F               0         Tower Z translation displacement, node 7, m
         22    2.103E+01                                 F               0         Tower X translation displacement, node 8, m
         23    1.593E-01                                 F               0         Tower Y translation displacement, node 8, m
         24   -4.819E-01                                 F               0         Tower Z translation displacement, node 8, m
         25    2.208E+01                                 F               0         Tower X translation displacement, node 9, m
         26    1.758E-01                                 F               0         Tower Y translation displacement, node 9, m
         27   -5.266E-01                                 F               0         Tower Z translation displacement, node 9, m
         28    2.313E+01                                 F               0         Tower X translation displacement, node 10, m
         29    1.923E-01                                 F               0         Tower Y translation displacement, node 10, m
         30   -5.715E-01                                 F               0         Tower Z translation displacement, node 10, m
         31    2.418E+01                                 F               0         Tower X translation displacement, node 11, m
         32    2.089E-01                                 F               0         Tower Y translation displacement, node 11, m
         33   -6.166E-01                                 F               0         Tower Z translation displacement, node 11, m
         34    9.969E-01,  1.060E-03, -7.829E-02         F               0         Tower X orientation angle, node 1, rad
         35   -1.154E-03,  1.000E+00, -1.149E-03         F               0         Tower Y orientation angle, node 1, rad
         36    7.829E-02,  1.236E-03,  9.969E-01         F               0         Tower Z orientation angle, node 1, rad
         37    9.968E-01,  1.059E-03, -7.982E-02         F               0         Tower X orientation angle, node 2, rad
         38   -1.155E-03,  1.000E+00, -1.167E-03         F               0         Tower Y orientation angle, node 2, rad
         39    7.982E-02,  1.256E-03,  9.968E-01         F               0         Tower Z orientation angle, node 2, rad
         40    9.967E-01,  1.057E-03, -8.116E-02         F               0         Tower X orientation angle, node 3, rad
         41   -1.157E-03,  1.000E+00, -1.184E-03         F               0         Tower Y orientation angle, node 3, rad
         42    8.116E-02,  1.274E-03,  9.967E-01         F               0         Tower Z orientation angle, node 3, rad
         43    9.966E-01,  1.055E-03, -8.228E-02         F               0         Tower X orientation angle, node 4, rad
         44   -1.158E-03,  1.000E+00, -1.198E-03         F               0         Tower Y orientation angle, node 4, rad
         45    8.228E-02,  1.289E-03,  9.966E-01         F               0         Tower Z orientation angle, node 4, rad
         46    9.965E-01,  1.054E-03, -8.319E-02         F               0         Tower X orientation angle, node 5, rad
         47   -1.159E-03,  1.000E+00, -1.210E-03         F               0         Tower Y orientation angle, node 5, rad
         48    8.319E-02,  1.302E-03,  9.965E-01         F               0         Tower Z orientation angle, node 5, rad
         49    9.965E-01,  1.053E-03, -8.391E-02         F               0         Tower X orientation angle, node 6, rad
         50   -1.160E-03,  1.000E+00, -1.221E-03         F               0         Tower Y orientation angle, node 6, rad
         51    8.391E-02,  1.314E-03,  9.965E-01         F               0         Tower Z orientation angle, node 6, rad
         52    9.964E-01,  1.053E-03, -8.444E-02         F               0         Tower X orientation angle, node 7, rad
         53   -1.160E-03,  1.000E+00, -1.229E-03         F               0         Tower Y orientation angle, node 7, rad
         54    8.444E-02,  1.323E-03,  9.964E-01         F               0         Tower Z orientation angle, node 7, rad
         55    9.964E-01,  1.052E-03, -8.482E-02         F               0         Tower X orientation angle, node 8, rad
         56   -1.161E-03,  1.000E+00, -1.235E-03         F               0         Tower Y orientation angle, node 8, rad
         57    8.482E-02,  1.329E-03,  9.964E-01         F               0         Tower Z orientation angle, node 8, rad
         58    9.964E-01,  1.052E-03, -8.508E-02         F               0         Tower X orientation angle, node 9, rad
         59   -1.161E-03,  1.000E+00, -1.240E-03         F               0         Tower Y orientation angle, node 9, rad
         60    8.508E-02,  1.335E-03,  9.964E-01         F               0         Tower Z orientation angle, node 9, rad
         61    9.964E-01,  1.051E-03, -8.523E-02         F               0         Tower X orientation angle, node 10, rad
         62   -1.162E-03,  1.000E+00, -1.243E-03         F               0         Tower Y orientation angle, node 10, rad
         63    8.523E-02,  1.338E-03,  9.964E-01         F               0         Tower Z orientation angle, node 10, rad
         64    9.964E-01,  1.051E-03, -8.531E-02         F               0         Tower X orientation angle, node 11, rad
         65   -1.162E-03,  1.000E+00, -1.245E-03         F               0         Tower Y orientation angle, node 11, rad
         66    8.530E-02,  1.340E-03,  9.964E-01         F               0         Tower Z orientation angle, node 11, rad
         67    1.283E-04                                 F               0         Tower X translation velocity, node 1, m/s
         68    8.913E-03                                 F               0         Tower Y translation velocity, node 1, m/s
         69    2.380E-03                                 F               0         Tower Z translation velocity, node 1, m/s
         70    1.309E-04                                 F               0         Tower X translation velocity, node 2, m/s
         71    1.525E-02                                 F               0         Tower Y translation velocity, node 2, m/s
         72    2.371E-03                                 F               0         Tower Z translation velocity, node 2, m/s
         73    1.493E-04                                 F               0         Tower X translation velocity, node 3, m/s
         74    2.176E-02                                 F               0         Tower Y translation velocity, node 3, m/s
         75    2.362E-03                                 F               0         Tower Z translation velocity, node 3, m/s
         76    1.800E-04                                 F               0         Tower X translation velocity, node 4, m/s
         77    2.842E-02                                 F               0         Tower Y translation velocity, node 4, m/s
         78    2.351E-03                                 F               0         Tower Z translation velocity, node 4, m/s
         79    2.213E-04                                 F               0         Tower X translation velocity, node 5, m/s
         80    3.520E-02                                 F               0         Tower Y translation velocity, node 5, m/s
         81    2.338E-03                                 F               0         Tower Z translation velocity, node 5, m/s
         82    2.714E-04                                 F               0         Tower X translation velocity, node 6, m/s
         83    4.209E-02                                 F               0         Tower Y translation velocity, node 6, m/s
         84    2.325E-03                                 F               0         Tower Z translation velocity, node 6, m/s
         85    3.280E-04                                 F               0         Tower X translation velocity, node 7, m/s
         86    4.906E-02                                 F               0         Tower Y translation velocity, node 7, m/s
         87    2.311E-03                                 F               0         Tower Z translation velocity, node 7, m/s
         88    3.904E-04                                 F               0         Tower X translation velocity, node 8, m/s
         89    5.611E-02                                 F               0         Tower Y translation velocity, node 8, m/s
         90    2.296E-03                                 F               0         Tower Z translation velocity, node 8, m/s
         91    4.570E-04                                 F               0         Tower X translation velocity, node 9, m/s
         92    6.321E-02                                 F               0         Tower Y translation velocity, node 9, m/s
         93    2.281E-03                                 F               0         Tower Z translation velocity, node 9, m/s
         94    5.266E-04                                 F               0         Tower X translation velocity, node 10, m/s
         95    7.035E-02                                 F               0         Tower Y translation velocity, node 10, m/s
         96    2.266E-03                                 F               0         Tower Z translation velocity, node 10, m/s
         97    5.978E-04                                 F               0         Tower X translation velocity, node 11, m/s
         98    7.751E-02                                 F               0         Tower Y translation velocity, node 11, m/s
         99    2.250E-03                                 F               0         Tower Z translation velocity, node 11, m/s
        100    2.489E+01                                 F               0         Hub X translation displacement, node 1, m
        101    2.080E-01                                 F               0         Hub Y translation displacement, node 1, m
        102    2.762E-01                                 F               0         Hub Z translation displacement, node 1, m
        103    9.820E-01,  9.056E-04, -1.890E-01         F               0         Hub X orientation angle, node 1, rad
        104   -9.625E-02, -8.582E-01, -5.042E-01         F               0         Hub Y orientation angle, node 1, rad
        105   -1.626E-01,  5.134E-01, -8.426E-01         F               0         Hub Z orientation angle, node 1, rad
        106    8.694E-01                                 F               0         Hub X rotation velocity, node 1, rad/s
        107    8.083E-04                                 F               0         Hub Y rotation velocity, node 1, rad/s
        108   -1.672E-01                                 F               0         Hub Z rotation velocity, node 1, rad/s
        109    9.844E-01,  2.636E-02, -1.739E-01         F               0         Blade root 1 X orientation angle, node 1, rad
        110   -6.708E-02, -8.578E-01, -5.096E-01         F               0         Blade root 1 Y orientation angle, node 1, rad
        111   -1.626E-01,  5.134E-01, -8.426E-01         F               0         Blade root 1 Z orientation angle, node 1, rad
        112    9.843E-01, -2.501E-02, -1.747E-01         F               0         Blade root 2 X orientation angle, node 1, rad
        113   -6.355E-02,  8.733E-01, -4.830E-01         F               0         Blade root 2 Y orientation angle, node 1, rad
        114    1.647E-01,  4.865E-01,  8.580E-01         F               0         Blade root 2 Z orientation angle, node 1, rad
        115    9.759E-01,  1.365E-03, -2.180E-01         F               0         Blade root 3 X orientation angle, node 1, rad
        116    2.180E-01, -1.545E-02,  9.758E-01         F               0         Blade root 3 Y orientation angle, node 1, rad
        117   -2.038E-03, -9.999E-01, -1.538E-02         F               0         Blade root 3 Z orientation angle, node 1, rad
        118    2.341E+01                                 F               0         Blade 1 X translation displacement, node 1, m
        119    3.052E+00                                 F               0         Blade 1 Y translation displacement, node 1, m
        120   -9.902E+00                                 F               0         Blade 1 Z translation displacement, node 1, m
        121    2.306E+01                                 F               0         Blade 1 X translation displacement, node 2, m
        122    3.737E+00                                 F               0         Blade 1 Y translation displacement, node 2, m
        123   -1.235E+01                                 F               0         Blade 1 Z translation displacement, node 2, m
        124    1.821E+01                                 F               0         Blade 1 X translation displacement, node 3, m
        125    1.306E+01                                 F               0         Blade 1 Y translation displacement, node 3, m
        126   -4.570E+01                                 F               0         Blade 1 Z translation displacement, node 3, m
        127    1.717E+01                                 F               0         Blade 1 X translation displacement, node 4, m
        128    1.504E+01                                 F               0         Blade 1 Y translation displacement, node 4, m
        129   -5.281E+01                                 F               0         Blade 1 Z translation displacement, node 4, m
        130    1.614E+01                                 F               0         Blade 1 X translation displacement, node 5, m
        131    1.703E+01                                 F               0         Blade 1 Y translation displacement, node 5, m
        132   -5.991E+01                                 F               0         Blade 1 Z translation displacement, node 5, m
        133    1.511E+01                                 F               0         Blade 1 X translation displacement, node 6, m
        134    1.901E+01                                 F               0         Blade 1 Y translation displacement, node 6, m
        135   -6.702E+01                                 F               0         Blade 1 Z translation displacement, node 6, m
        136    1.407E+01                                 F               0         Blade 1 X translation displacement, node 7, m
        137    2.100E+01                                 F               0         Blade 1 Y translation displacement, node 7, m
        138   -7.412E+01                                 F               0         Blade 1 Z translation displacement, node 7, m
        139    1.304E+01                                 F               0         Blade 1 X translation displacement, node 8, m
        140    2.298E+01                                 F               0         Blade 1 Y translation displacement, node 8, m
        141   -8.123E+01                                 F               0         Blade 1 Z translation displacement, node 8, m
        142    1.201E+01                                 F               0         Blade 1 X translation displacement, node 9, m
        143    2.497E+01                                 F               0         Blade 1 Y translation displacement, node 9, m
        144   -8.834E+01                                 F               0         Blade 1 Z translation displacement, node 9, m
        145    1.097E+01                                 F               0         Blade 1 X translation displacement, node 10, m
        146    2.695E+01                                 F               0         Blade 1 Y translation displacement, node 10, m
        147   -9.544E+01                                 F               0         Blade 1 Z translation displacement, node 10, m
        148    9.941E+00                                 F               0         Blade 1 X translation displacement, node 11, m
        149    2.894E+01                                 F               0         Blade 1 Y translation displacement, node 11, m
        150   -1.025E+02                                 F               0         Blade 1 Z translation displacement, node 11, m
        151    8.907E+00                                 F               0         Blade 1 X translation displacement, node 12, m
        152    3.093E+01                                 F               0         Blade 1 Y translation displacement, node 12, m
        153   -1.097E+02                                 F               0         Blade 1 Z translation displacement, node 12, m
        154    7.874E+00                                 F               0         Blade 1 X translation displacement, node 13, m
        155    3.291E+01                                 F               0         Blade 1 Y translation displacement, node 13, m
        156   -1.168E+02                                 F               0         Blade 1 Z translation displacement, node 13, m
        157    6.841E+00                                 F               0         Blade 1 X translation displacement, node 14, m
        158    3.490E+01                                 F               0         Blade 1 Y translation displacement, node 14, m
        159   -1.239E+02                                 F               0         Blade 1 Z translation displacement, node 14, m
        160    5.807E+00                                 F               0         Blade 1 X translation displacement, node 15, m
        161    3.688E+01                                 F               0         Blade 1 Y translation displacement, node 15, m
        162   -1.310E+02                                 F               0         Blade 1 Z translation displacement, node 15, m
        163    4.774E+00                                 F               0         Blade 1 X translation displacement, node 16, m
        164    3.887E+01                                 F               0         Blade 1 Y translation displacement, node 16, m
        165   -1.381E+02                                 F               0         Blade 1 Z translation displacement, node 16, m
        166    3.741E+00                                 F               0         Blade 1 X translation displacement, node 17, m
        167    4.085E+01                                 F               0         Blade 1 Y translation displacement, node 17, m
        168   -1.452E+02                                 F               0         Blade 1 Z translation displacement, node 17, m
        169    2.707E+00                                 F               0         Blade 1 X translation displacement, node 18, m
        170    4.284E+01                                 F               0         Blade 1 Y translation displacement, node 18, m
        171   -1.523E+02                                 F               0         Blade 1 Z translation displacement, node 18, m
        172    1.674E+00                                 F               0         Blade 1 X translation displacement, node 19, m
        173    4.482E+01                                 F               0         Blade 1 Y translation displacement, node 19, m
        174   -1.594E+02                                 F               0         Blade 1 Z translation displacement, node 19, m
        175    6.407E-01                                 F               0         Blade 1 X translation displacement, node 20, m
        176    4.681E+01                                 F               0         Blade 1 Y translation displacement, node 20, m
        177   -1.665E+02                                 F               0         Blade 1 Z translation displacement, node 20, m
        178   -3.926E-01                                 F               0         Blade 1 X translation displacement, node 21, m
        179    4.879E+01                                 F               0         Blade 1 Y translation displacement, node 21, m
        180   -1.736E+02                                 F               0         Blade 1 Z translation displacement, node 21, m
        181   -1.426E+00                                 F               0         Blade 1 X translation displacement, node 22, m
        182    5.078E+01                                 F               0         Blade 1 Y translation displacement, node 22, m
        183   -1.807E+02                                 F               0         Blade 1 Z translation displacement, node 22, m
        184   -2.459E+00                                 F               0         Blade 1 X translation displacement, node 23, m
        185    5.277E+01                                 F               0         Blade 1 Y translation displacement, node 23, m
        186   -1.878E+02                                 F               0         Blade 1 Z translation displacement, node 23, m
        187   -3.493E+00                                 F               0         Blade 1 X translation displacement, node 24, m
        188    5.475E+01                                 F               0         Blade 1 Y translation displacement, node 24, m
        189   -1.949E+02                                 F               0         Blade 1 Z translation displacement, node 24, m
        190   -4.526E+00                                 F               0         Blade 1 X translation displacement, node 25, m
        191    5.674E+01                                 F               0         Blade 1 Y translation displacement, node 25, m
        192   -2.020E+02                                 F               0         Blade 1 Z translation displacement, node 25, m
        193   -5.559E+00                                 F               0         Blade 1 X translation displacement, node 26, m
        194    5.872E+01                                 F               0         Blade 1 Y translation displacement, node 26, m
        195   -2.091E+02                                 F               0         Blade 1 Z translation displacement, node 26, m
        196   -6.593E+00                                 F               0         Blade 1 X translation displacement, node 27, m
        197    6.071E+01                                 F               0         Blade 1 Y translation displacement, node 27, m
        198   -2.162E+02                                 F               0         Blade 1 Z translation displacement, node 27, m
        199   -7.469E+00                                 F               0         Blade 1 X translation displacement, node 28, m
        200    6.239E+01                                 F               0         Blade 1 Y translation displacement, node 28, m
        201   -2.223E+02                                 F               0         Blade 1 Z translation displacement, node 28, m
        202    9.067E-01,  4.146E-01,  7.759E-02         F               0         Blade 1 X orientation angle, node 1, rad
        203    3.892E-01, -7.514E-01, -5.329E-01         F               0         Blade 1 Y orientation angle, node 1, rad
        204   -1.626E-01,  5.134E-01, -8.426E-01         F               0         Blade 1 Z orientation angle, node 1, rad
        205    9.067E-01,  4.146E-01,  7.759E-02         F               0         Blade 1 X orientation angle, node 2, rad
        206    3.892E-01, -7.514E-01, -5.329E-01         F               0         Blade 1 Y orientation angle, node 2, rad
        207   -1.626E-01,  5.134E-01, -8.426E-01         F               0         Blade 1 Z orientation angle, node 2, rad
        208    9.731E-01,  2.247E-01, -5.091E-02         F               0         Blade 1 X orientation angle, node 3, rad
        209    1.632E-01, -8.282E-01, -5.361E-01         F               0         Blade 1 Y orientation angle, node 3, rad
        210   -1.626E-01,  5.134E-01, -8.426E-01         F               0         Blade 1 Z orientation angle, node 3, rad
        211    9.791E-01,  1.896E-01, -7.351E-02         F               0         Blade 1 X orientation angle, node 4, rad
        212    1.220E-01, -8.370E-01, -5.335E-01         F               0         Blade 1 Y orientation angle, node 4, rad
        213   -1.626E-01,  5.134E-01, -8.426E-01         F               0         Blade 1 Z orientation angle, node 4, rad
        214    9.826E-01,  1.617E-01, -9.115E-02         F               0         Blade 1 X orientation angle, node 5, rad
        215    8.946E-02, -8.428E-01, -5.307E-01         F               0         Blade 1 Y orientation angle, node 5, rad
        216   -1.626E-01,  5.134E-01, -8.426E-01         F               0         Blade 1 Z orientation angle, node 5, rad
        217    9.846E-01,  1.393E-01, -1.052E-01         F               0         Blade 1 X orientation angle, node 6, rad
        218    6.336E-02, -8.468E-01, -5.281E-01         F               0         Blade 1 Y orientation angle, node 6, rad
        219   -1.626E-01,  5.134E-01, -8.426E-01         F               0         Blade 1 Z orientation angle, node 6, rad
        220    9.858E-01,  1.208E-01, -1.167E-01         F               0         Blade 1 X orientation angle, node 7, rad
        221    4.186E-02, -8.496E-01, -5.257E-01         F               0         Blade 1 Y orientation angle, node 7, rad
        222   -1.626E-01,  5.134E-01, -8.426E-01         F               0         Blade 1 Z orientation angle, node 7, rad
        223    9.864E-01,  1.053E-01, -1.262E-01         F               0         Blade 1 X orientation angle, node 8, rad
        224    2.397E-02, -8.517E-01, -5.235E-01         F               0         Blade 1 Y orientation angle, node 8, rad
        225   -1.626E-01,  5.134E-01, -8.426E-01         F               0         Blade 1 Z orientation angle, node 8, rad
        226    9.866E-01,  9.224E-02, -1.342E-01         F               0         Blade 1 X orientation angle, node 9, rad
        227    8.813E-03, -8.532E-01, -5.215E-01         F               0         Blade 1 Y orientation angle, node 9, rad
        228   -1.626E-01,  5.134E-01, -8.426E-01         F               0         Blade 1 Z orientation angle, node 9, rad
        229    9.867E-01,  8.092E-02, -1.411E-01         F               0         Blade 1 X orientation angle, node 10, rad
        230   -4.275E-03, -8.544E-01, -5.197E-01         F               0         Blade 1 Y orientation angle, node 10, rad
        231   -1.626E-01,  5.134E-01, -8.426E-01         F               0         Blade 1 Z orientation angle, node 10, rad
        232    9.866E-01,  7.122E-02, -1.470E-01         F               0         Blade 1 X orientation angle, node 11, rad
        233   -1.547E-02, -8.552E-01, -5.180E-01         F               0         Blade 1 Y orientation angle, node 11, rad
        234   -1.626E-01,  5.134E-01, -8.426E-01         F               0         Blade 1 Z orientation angle, node 11, rad
        235    9.864E-01,  6.271E-02, -1.522E-01         F               0         Blade 1 X orientation angle, node 12, rad
        236   -2.528E-02, -8.559E-01, -5.165E-01         F               0         Blade 1 Y orientation angle, node 12, rad
        237   -1.626E-01,  5.134E-01, -8.426E-01         F               0         Blade 1 Z orientation angle, node 12, rad
        238    9.861E-01,  5.524E-02, -1.567E-01         F               0         Blade 1 X orientation angle, node 13, rad
        239   -3.389E-02, -8.564E-01, -5.152E-01         F               0         Blade 1 Y orientation angle, node 13, rad
        240   -1.626E-01,  5.134E-01, -8.426E-01         F               0         Blade 1 Z orientation angle, node 13, rad
        241    9.858E-01,  4.851E-02, -1.607E-01         F               0         Blade 1 X orientation angle, node 14, rad
        242   -4.163E-02, -8.568E-01, -5.140E-01         F               0         Blade 1 Y orientation angle, node 14, rad
        243   -1.626E-01,  5.134E-01, -8.426E-01         F               0         Blade 1 Z orientation angle, node 14, rad
        244    9.855E-01,  4.253E-02, -1.643E-01         F               0         Blade 1 X orientation angle, node 15, rad
        245   -4.851E-02, -8.571E-01, -5.128E-01         F               0         Blade 1 Y orientation angle, node 15, rad
        246   -1.626E-01,  5.134E-01, -8.426E-01         F               0         Blade 1 Z orientation angle, node 15, rad
        247    9.852E-01,  3.714E-02, -1.675E-01         F               0         Blade 1 X orientation angle, node 16, rad
        248   -5.470E-02, -8.574E-01, -5.118E-01         F               0         Blade 1 Y orientation angle, node 16, rad
        249   -1.626E-01,  5.134E-01, -8.426E-01         F               0         Blade 1 Z orientation angle, node 16, rad
        250    9.848E-01,  3.235E-02, -1.704E-01         F               0         Blade 1 X orientation angle, node 17, rad
        251   -6.021E-02, -8.576E-01, -5.108E-01         F               0         Blade 1 Y orientation angle, node 17, rad
        252   -1.626E-01,  5.134E-01, -8.426E-01         F               0         Blade 1 Z orientation angle, node 17, rad
        253    9.845E-01,  2.786E-02, -1.731E-01         F               0         Blade 1 X orientation angle, node 18, rad
        254   -6.536E-02, -8.577E-01, -5.099E-01         F               0         Blade 1 Y orientation angle, node 18, rad
        255   -1.626E-01,  5.134E-01, -8.426E-01         F               0         Blade 1 Z orientation angle, node 18, rad
        256    9.842E-01,  2.382E-02, -1.755E-01         F               0         Blade 1 X orientation angle, node 19, rad
        257   -7.000E-02, -8.578E-01, -5.091E-01         F               0         Blade 1 Y orientation angle, node 19, rad
        258   -1.626E-01,  5.134E-01, -8.426E-01         F               0         Blade 1 Z orientation angle, node 19, rad
        259    9.839E-01,  2.023E-02, -1.776E-01         F               0         Blade 1 X orientation angle, node 20, rad
        260   -7.412E-02, -8.579E-01, -5.084E-01         F               0         Blade 1 Y orientation angle, node 20, rad
        261   -1.626E-01,  5.134E-01, -8.426E-01         F               0         Blade 1 Z orientation angle, node 20, rad
        262    9.836E-01,  1.678E-02, -1.796E-01         F               0         Blade 1 X orientation angle, node 21, rad
        263   -7.807E-02, -8.580E-01, -5.077E-01         F               0         Blade 1 Y orientation angle, node 21, rad
        264   -1.626E-01,  5.134E-01, -8.426E-01         F               0         Blade 1 Z orientation angle, node 21, rad
        265    9.833E-01,  1.364E-02, -1.815E-01         F               0         Blade 1 X orientation angle, node 22, rad
        266   -8.168E-02, -8.581E-01, -5.070E-01         F               0         Blade 1 Y orientation angle, node 22, rad
        267   -1.626E-01,  5.134E-01, -8.426E-01         F               0         Blade 1 Z orientation angle, node 22, rad
        268    9.830E-01,  1.079E-02, -1.832E-01         F               0         Blade 1 X orientation angle, node 23, rad
        269   -8.494E-02, -8.581E-01, -5.064E-01         F               0         Blade 1 Y orientation angle, node 23, rad
        270   -1.626E-01,  5.134E-01, -8.426E-01         F               0         Blade 1 Z orientation angle, node 23, rad
        271    9.828E-01,  8.095E-03, -1.848E-01         F               0         Blade 1 X orientation angle, node 24, rad
        272   -8.802E-02, -8.581E-01, -5.058E-01         F               0         Blade 1 Y orientation angle, node 24, rad
        273   -1.626E-01,  5.134E-01, -8.426E-01         F               0         Blade 1 Z orientation angle, node 24, rad
        274    9.825E-01,  5.549E-03, -1.863E-01         F               0         Blade 1 X orientation angle, node 25, rad
        275   -9.094E-02, -8.582E-01, -5.053E-01         F               0         Blade 1 Y orientation angle, node 25, rad
        276   -1.626E-01,  5.134E-01, -8.426E-01         F               0         Blade 1 Z orientation angle, node 25, rad
        277    9.822E-01,  3.302E-03, -1.876E-01         F               0         Blade 1 X orientation angle, node 26, rad
        278   -9.351E-02, -8.582E-01, -5.048E-01         F               0         Blade 1 Y orientation angle, node 26, rad
        279   -1.626E-01,  5.134E-01, -8.426E-01         F               0         Blade 1 Z orientation angle, node 26, rad
        280    9.820E-01,  1.055E-03, -1.889E-01         F               0         Blade 1 X orientation angle, node 27, rad
        281   -9.608E-02, -8.582E-01, -5.043E-01         F               0         Blade 1 Y orientation angle, node 27, rad
        282   -1.626E-01,  5.134E-01, -8.426E-01         F               0         Blade 1 Z orientation angle, node 27, rad
        283    9.819E-01, -1.429E-04, -1.896E-01         F               0         Blade 1 X orientation angle, node 28, rad
        284   -9.745E-02, -8.582E-01, -5.040E-01         F               0         Blade 1 Y orientation angle, node 28, rad
        285   -1.626E-01,  5.134E-01, -8.426E-01         F               0         Blade 1 Z orientation angle, node 28, rad
        286    4.725E-01                                 F               0         Blade 1 X translation velocity, node 1, m/s
        287    4.290E+00                                 F               0         Blade 1 Y translation velocity, node 1, m/s
        288    2.476E+00                                 F               0         Blade 1 Z translation velocity, node 1, m/s
        289    5.862E-01                                 F               0         Blade 1 X translation velocity, node 2, m/s
        290    5.304E+00                                 F               0         Blade 1 Y translation velocity, node 2, m/s
        291    3.071E+00                                 F               0         Blade 1 Z translation velocity, node 2, m/s
        292    2.132E+00                                 F               0         Blade 1 X translation velocity, node 3, m/s
        293    1.910E+01                                 F               0         Blade 1 Y translation velocity, node 3, m/s
        294    1.118E+01                                 F               0         Blade 1 Z translation velocity, node 3, m/s
        295    2.462E+00                                 F               0         Blade 1 X translation velocity, node 4, m/s
        296    2.203E+01                                 F               0         Blade 1 Y translation velocity, node 4, m/s
        297    1.290E+01                                 F               0         Blade 1 Z translation velocity, node 4, m/s
        298    2.791E+00                                 F               0         Blade 1 X translation velocity, node 5, m/s
        299    2.497E+01                                 F               0         Blade 1 Y translation velocity, node 5, m/s
        300    1.463E+01                                 F               0         Blade 1 Z translation velocity, node 5, m/s
        301    3.121E+00                                 F               0         Blade 1 X translation velocity, node 6, m/s
        302    2.791E+01                                 F               0         Blade 1 Y translation velocity, node 6, m/s
        303    1.636E+01                                 F               0         Blade 1 Z translation velocity, node 6, m/s
        304    3.450E+00                                 F               0         Blade 1 X translation velocity, node 7, m/s
        305    3.085E+01                                 F               0         Blade 1 Y translation velocity, node 7, m/s
        306    1.808E+01                                 F               0         Blade 1 Z translation velocity, node 7, m/s
        307    3.779E+00                                 F               0         Blade 1 X translation velocity, node 8, m/s
