
Linearized model: Predictions were generated on 06-Feb-2024 at 08:44:08 using OpenFAST, compiled as a 64-bit application using single precision at commit v3.5.1
 linked with  NWTC Subroutine Library; ElastoDyn; InflowWind; AeroDyn; ServoDyn; HydroDyn; MAP++ (<1.20.10>, <Oct-20-2023>)

Description from the FAST input file: CCT-9 Campign 4 model. Input files to be run with OpenFAST 3.5.0. GitHub branch from Lu Wang (https://github.com/luwang00/openfast/tree/dev) compiled on March 7, 2023.

Simulation information:
   Simulation time:                  2503.6000 s
   Rotor Speed:                         0.8854 rad/s
   Azimuth:                             0.0561 rad
   Wind Speed:                         10.0000 m/s
   Number of continuous states:         0
   Number of discrete states:           0
   Number of constraint states:         0
   Number of inputs:                 1746
   Number of outputs:                   4
   Jacobians included in this file?    No

Order of inputs:
     Column   Operating Point                     Rotating Frame? Derivative Order Description
   ---------- ---------------                     --------------- ---------------- -----------
          1    1.391E+01                                 F               0         Tower X translation displacement, node 1, m
          2    7.146E-02                                 F               0         Tower Y translation displacement, node 1, m
          3   -1.834E-01                                 F               0         Tower Z translation displacement, node 1, m
          4    1.488E+01                                 F               0         Tower X translation displacement, node 2, m
          5    1.032E-01                                 F               0         Tower Y translation displacement, node 2, m
          6   -2.220E-01                                 F               0         Tower Z translation displacement, node 2, m
          7    1.588E+01                                 F               0         Tower X translation displacement, node 3, m
          8    1.355E-01                                 F               0         Tower Y translation displacement, node 3, m
          9   -2.622E-01                                 F               0         Tower Z translation displacement, node 3, m
         10    1.689E+01                                 F               0         Tower X translation displacement, node 4, m
         11    1.683E-01                                 F               0         Tower Y translation displacement, node 4, m
         12   -3.036E-01                                 F               0         Tower Z translation displacement, node 4, m
         13    1.791E+01                                 F               0         Tower X translation displacement, node 5, m
         14    2.016E-01                                 F               0         Tower Y translation displacement, node 5, m
         15   -3.461E-01                                 F               0         Tower Z translation displacement, node 5, m
         16    1.894E+01                                 F               0         Tower X translation displacement, node 6, m
         17    2.351E-01                                 F               0         Tower Y translation displacement, node 6, m
         18   -3.894E-01                                 F               0         Tower Z translation displacement, node 6, m
         19    1.998E+01                                 F               0         Tower X translation displacement, node 7, m
         20    2.690E-01                                 F               0         Tower Y translation displacement, node 7, m
         21   -4.333E-01                                 F               0         Tower Z translation displacement, node 7, m
         22    2.103E+01                                 F               0         Tower X translation displacement, node 8, m
         23    3.030E-01                                 F               0         Tower Y translation displacement, node 8, m
         24   -4.777E-01                                 F               0         Tower Z translation displacement, node 8, m
         25    2.208E+01                                 F               0         Tower X translation displacement, node 9, m
         26    3.373E-01                                 F               0         Tower Y translation displacement, node 9, m
         27   -5.224E-01                                 F               0         Tower Z translation displacement, node 9, m
         28    2.313E+01                                 F               0         Tower X translation displacement, node 10, m
         29    3.716E-01                                 F               0         Tower Y translation displacement, node 10, m
         30   -5.674E-01                                 F               0         Tower Z translation displacement, node 10, m
         31    2.419E+01                                 F               0         Tower X translation displacement, node 11, m
         32    4.061E-01                                 F               0         Tower Y translation displacement, node 11, m
         33   -6.124E-01                                 F               0         Tower Z translation displacement, node 11, m
         34    9.969E-01,  1.328E-03, -7.828E-02         F               0         Tower X orientation angle, node 1, rad
         35   -1.524E-03,  1.000E+00, -2.438E-03         F               0         Tower Y orientation angle, node 1, rad
         36    7.828E-02,  2.550E-03,  9.969E-01         F               0         Tower Z orientation angle, node 1, rad
         37    9.968E-01,  1.324E-03, -7.982E-02         F               0         Tower X orientation angle, node 2, rad
         38   -1.527E-03,  1.000E+00, -2.481E-03         F               0         Tower Y orientation angle, node 2, rad
         39    7.981E-02,  2.595E-03,  9.968E-01         F               0         Tower Z orientation angle, node 2, rad
         40    9.967E-01,  1.321E-03, -8.115E-02         F               0         Tower X orientation angle, node 3, rad
         41   -1.530E-03,  1.000E+00, -2.520E-03         F               0         Tower Y orientation angle, node 3, rad
         42    8.115E-02,  2.636E-03,  9.967E-01         F               0         Tower Z orientation angle, node 3, rad
         43    9.966E-01,  1.318E-03, -8.228E-02         F               0         Tower X orientation angle, node 4, rad
         44   -1.533E-03,  1.000E+00, -2.554E-03         F               0         Tower Y orientation angle, node 4, rad
         45    8.227E-02,  2.671E-03,  9.966E-01         F               0         Tower Z orientation angle, node 4, rad
         46    9.965E-01,  1.315E-03, -8.319E-02         F               0         Tower X orientation angle, node 5, rad
         47   -1.536E-03,  1.000E+00, -2.583E-03         F               0         Tower Y orientation angle, node 5, rad
         48    8.319E-02,  2.702E-03,  9.965E-01         F               0         Tower Z orientation angle, node 5, rad
         49    9.965E-01,  1.313E-03, -8.391E-02         F               0         Tower X orientation angle, node 6, rad
         50   -1.538E-03,  1.000E+00, -2.608E-03         F               0         Tower Y orientation angle, node 6, rad
         51    8.391E-02,  2.728E-03,  9.965E-01         F               0         Tower Z orientation angle, node 6, rad
         52    9.964E-01,  1.312E-03, -8.445E-02         F               0         Tower X orientation angle, node 7, rad
         53   -1.539E-03,  1.000E+00, -2.628E-03         F               0         Tower Y orientation angle, node 7, rad
         54    8.444E-02,  2.749E-03,  9.964E-01         F               0         Tower Z orientation angle, node 7, rad
         55    9.964E-01,  1.311E-03, -8.483E-02         F               0         Tower X orientation angle, node 8, rad
         56   -1.541E-03,  1.000E+00, -2.644E-03         F               0         Tower Y orientation angle, node 8, rad
         57    8.483E-02,  2.765E-03,  9.964E-01         F               0         Tower Z orientation angle, node 8, rad
         58    9.964E-01,  1.310E-03, -8.509E-02         F               0         Tower X orientation angle, node 9, rad
         59   -1.542E-03,  1.000E+00, -2.655E-03         F               0         Tower Y orientation angle, node 9, rad
         60    8.509E-02,  2.777E-03,  9.964E-01         F               0         Tower Z orientation angle, node 9, rad
         61    9.964E-01,  1.310E-03, -8.524E-02         F               0         Tower X orientation angle, node 10, rad
         62   -1.542E-03,  1.000E+00, -2.663E-03         F               0         Tower Y orientation angle, node 10, rad
         63    8.524E-02,  2.785E-03,  9.964E-01         F               0         Tower Z orientation angle, node 10, rad
         64    9.964E-01,  1.309E-03, -8.532E-02         F               0         Tower X orientation angle, node 11, rad
         65   -1.543E-03,  1.000E+00, -2.667E-03         F               0         Tower Y orientation angle, node 11, rad
         66    8.532E-02,  2.789E-03,  9.964E-01         F               0         Tower Z orientation angle, node 11, rad
         67   -2.421E-04                                 F               0         Tower X translation velocity, node 1, m/s
         68    7.280E-03                                 F               0         Tower Y translation velocity, node 1, m/s
         69    5.613E-04                                 F               0         Tower Z translation velocity, node 1, m/s
         70   -3.236E-04                                 F               0         Tower X translation velocity, node 2, m/s
         71    1.186E-02                                 F               0         Tower Y translation velocity, node 2, m/s
         72    5.560E-04                                 F               0         Tower Z translation velocity, node 2, m/s
         73   -3.397E-04                                 F               0         Tower X translation velocity, node 3, m/s
         74    1.649E-02                                 F               0         Tower Y translation velocity, node 3, m/s
         75    5.451E-04                                 F               0         Tower Z translation velocity, node 3, m/s
         76   -3.027E-04                                 F               0         Tower X translation velocity, node 4, m/s
         77    2.116E-02                                 F               0         Tower Y translation velocity, node 4, m/s
         78    5.297E-04                                 F               0         Tower Z translation velocity, node 4, m/s
         79   -2.183E-04                                 F               0         Tower X translation velocity, node 5, m/s
         80    2.587E-02                                 F               0         Tower Y translation velocity, node 5, m/s
         81    5.099E-04                                 F               0         Tower Z translation velocity, node 5, m/s
         82   -9.243E-05                                 F               0         Tower X translation velocity, node 6, m/s
         83    3.060E-02                                 F               0         Tower Y translation velocity, node 6, m/s
         84    4.865E-04                                 F               0         Tower Z translation velocity, node 6, m/s
         85    6.624E-05                                 F               0         Tower X translation velocity, node 7, m/s
         86    3.536E-02                                 F               0         Tower Y translation velocity, node 7, m/s
         87    4.600E-04                                 F               0         Tower Z translation velocity, node 7, m/s
         88    2.548E-04                                 F               0         Tower X translation velocity, node 8, m/s
         89    4.014E-02                                 F               0         Tower Y translation velocity, node 8, m/s
         90    4.307E-04                                 F               0         Tower Z translation velocity, node 8, m/s
         91    4.669E-04                                 F               0         Tower X translation velocity, node 9, m/s
         92    4.494E-02                                 F               0         Tower Y translation velocity, node 9, m/s
         93    3.993E-04                                 F               0         Tower Z translation velocity, node 9, m/s
         94    6.960E-04                                 F               0         Tower X translation velocity, node 10, m/s
         95    4.974E-02                                 F               0         Tower Y translation velocity, node 10, m/s
         96    3.663E-04                                 F               0         Tower Z translation velocity, node 10, m/s
         97    9.356E-04                                 F               0         Tower X translation velocity, node 11, m/s
         98    5.455E-02                                 F               0         Tower Y translation velocity, node 11, m/s
         99    3.324E-04                                 F               0         Tower Z translation velocity, node 11, m/s
        100    2.489E+01                                 F               0         Hub X translation displacement, node 1, m
        101    4.138E-01                                 F               0         Hub Y translation displacement, node 1, m
        102    2.804E-01                                 F               0         Hub Z translation displacement, node 1, m
        103    9.820E-01,  1.011E-03, -1.890E-01         F               0         Hub X orientation angle, node 1, rad
        104    9.064E-03,  9.986E-01,  5.243E-02         F               0         Hub Y orientation angle, node 1, rad
        105    1.888E-01, -5.320E-02,  9.806E-01         F               0         Hub Z orientation angle, node 1, rad
        106    8.691E-01                                 F               0         Hub X rotation velocity, node 1, rad/s
        107    9.146E-04                                 F               0         Hub Y rotation velocity, node 1, rad/s
        108   -1.673E-01                                 F               0         Hub Z rotation velocity, node 1, rad/s
        109    9.813E-01, -2.861E-02, -1.905E-01         F               0         Blade root 1 X orientation angle, node 1, rad
        110    3.819E-02,  9.982E-01,  4.680E-02         F               0         Blade root 1 Y orientation angle, node 1, rad
        111    1.888E-01, -5.320E-02,  9.806E-01         F               0         Blade root 1 Z orientation angle, node 1, rad
        112    9.768E-01,  1.719E-02, -2.133E-01         F               0         Blade root 2 X orientation angle, node 1, rad
        113    1.880E-01, -5.451E-01,  8.170E-01         F               0         Blade root 2 Y orientation angle, node 1, rad
        114   -1.022E-01, -8.382E-01, -5.357E-01         F               0         Blade root 2 Z orientation angle, node 1, rad
        115    9.865E-01,  1.446E-02, -1.629E-01         F               0         Blade root 3 X orientation angle, node 1, rad
        116   -1.388E-01, -4.530E-01, -8.806E-01         F               0         Blade root 3 Y orientation angle, node 1, rad
        117   -8.654E-02,  8.914E-01, -4.449E-01         F               0         Blade root 3 Z orientation angle, node 1, rad
        118    2.536E+01                                 F               0         Blade 1 X translation displacement, node 1, m
        119    1.191E-01                                 F               0         Blade 1 Y translation displacement, node 1, m
        120    2.032E-01                                 F               0         Blade 1 Z translation displacement, node 1, m
        121    2.547E+01                                 F               0         Blade 1 X translation displacement, node 2, m
        122    4.809E-02                                 F               0         Blade 1 Y translation displacement, node 2, m
        123    1.845E-01                                 F               0         Blade 1 Z translation displacement, node 2, m
        124    2.700E+01                                 F               0         Blade 1 X translation displacement, node 3, m
        125   -9.176E-01                                 F               0         Blade 1 Y translation displacement, node 3, m
        126   -6.860E-02                                 F               0         Blade 1 Z translation displacement, node 3, m
        127    2.733E+01                                 F               0         Blade 1 X translation displacement, node 4, m
        128   -1.123E+00                                 F               0         Blade 1 Y translation displacement, node 4, m
        129   -1.225E-01                                 F               0         Blade 1 Z translation displacement, node 4, m
        130    2.765E+01                                 F               0         Blade 1 X translation displacement, node 5, m
        131   -1.329E+00                                 F               0         Blade 1 Y translation displacement, node 5, m
        132   -1.765E-01                                 F               0         Blade 1 Z translation displacement, node 5, m
        133    2.798E+01                                 F               0         Blade 1 X translation displacement, node 6, m
        134   -1.535E+00                                 F               0         Blade 1 Y translation displacement, node 6, m
        135   -2.304E-01                                 F               0         Blade 1 Z translation displacement, node 6, m
        136    2.831E+01                                 F               0         Blade 1 X translation displacement, node 7, m
        137   -1.741E+00                                 F               0         Blade 1 Y translation displacement, node 7, m
        138   -2.843E-01                                 F               0         Blade 1 Z translation displacement, node 7, m
        139    2.863E+01                                 F               0         Blade 1 X translation displacement, node 8, m
        140   -1.946E+00                                 F               0         Blade 1 Y translation displacement, node 8, m
        141   -3.383E-01                                 F               0         Blade 1 Z translation displacement, node 8, m
        142    2.896E+01                                 F               0         Blade 1 X translation displacement, node 9, m
        143   -2.152E+00                                 F               0         Blade 1 Y translation displacement, node 9, m
        144   -3.922E-01                                 F               0         Blade 1 Z translation displacement, node 9, m
        145    2.928E+01                                 F               0         Blade 1 X translation displacement, node 10, m
        146   -2.358E+00                                 F               0         Blade 1 Y translation displacement, node 10, m
        147   -4.462E-01                                 F               0         Blade 1 Z translation displacement, node 10, m
        148    2.961E+01                                 F               0         Blade 1 X translation displacement, node 11, m
        149   -2.564E+00                                 F               0         Blade 1 Y translation displacement, node 11, m
        150   -5.001E-01                                 F               0         Blade 1 Z translation displacement, node 11, m
        151    2.994E+01                                 F               0         Blade 1 X translation displacement, node 12, m
        152   -2.769E+00                                 F               0         Blade 1 Y translation displacement, node 12, m
        153   -5.540E-01                                 F               0         Blade 1 Z translation displacement, node 12, m
        154    3.026E+01                                 F               0         Blade 1 X translation displacement, node 13, m
        155   -2.975E+00                                 F               0         Blade 1 Y translation displacement, node 13, m
        156   -6.080E-01                                 F               0         Blade 1 Z translation displacement, node 13, m
        157    3.059E+01                                 F               0         Blade 1 X translation displacement, node 14, m
        158   -3.181E+00                                 F               0         Blade 1 Y translation displacement, node 14, m
        159   -6.619E-01                                 F               0         Blade 1 Z translation displacement, node 14, m
        160    3.091E+01                                 F               0         Blade 1 X translation displacement, node 15, m
        161   -3.387E+00                                 F               0         Blade 1 Y translation displacement, node 15, m
        162   -7.159E-01                                 F               0         Blade 1 Z translation displacement, node 15, m
        163    3.124E+01                                 F               0         Blade 1 X translation displacement, node 16, m
        164   -3.593E+00                                 F               0         Blade 1 Y translation displacement, node 16, m
        165   -7.698E-01                                 F               0         Blade 1 Z translation displacement, node 16, m
        166    3.157E+01                                 F               0         Blade 1 X translation displacement, node 17, m
        167   -3.798E+00                                 F               0         Blade 1 Y translation displacement, node 17, m
        168   -8.237E-01                                 F               0         Blade 1 Z translation displacement, node 17, m
        169    3.189E+01                                 F               0         Blade 1 X translation displacement, node 18, m
        170   -4.004E+00                                 F               0         Blade 1 Y translation displacement, node 18, m
        171   -8.777E-01                                 F               0         Blade 1 Z translation displacement, node 18, m
        172    3.222E+01                                 F               0         Blade 1 X translation displacement, node 19, m
        173   -4.210E+00                                 F               0         Blade 1 Y translation displacement, node 19, m
        174   -9.316E-01                                 F               0         Blade 1 Z translation displacement, node 19, m
        175    3.254E+01                                 F               0         Blade 1 X translation displacement, node 20, m
        176   -4.416E+00                                 F               0         Blade 1 Y translation displacement, node 20, m
        177   -9.855E-01                                 F               0         Blade 1 Z translation displacement, node 20, m
        178    3.287E+01                                 F               0         Blade 1 X translation displacement, node 21, m
        179   -4.621E+00                                 F               0         Blade 1 Y translation displacement, node 21, m
        180   -1.039E+00                                 F               0         Blade 1 Z translation displacement, node 21, m
        181    3.319E+01                                 F               0         Blade 1 X translation displacement, node 22, m
        182   -4.827E+00                                 F               0         Blade 1 Y translation displacement, node 22, m
        183   -1.093E+00                                 F               0         Blade 1 Z translation displacement, node 22, m
        184    3.352E+01                                 F               0         Blade 1 X translation displacement, node 23, m
        185   -5.033E+00                                 F               0         Blade 1 Y translation displacement, node 23, m
        186   -1.147E+00                                 F               0         Blade 1 Z translation displacement, node 23, m
        187    3.385E+01                                 F               0         Blade 1 X translation displacement, node 24, m
        188   -5.239E+00                                 F               0         Blade 1 Y translation displacement, node 24, m
        189   -1.201E+00                                 F               0         Blade 1 Z translation displacement, node 24, m
        190    3.417E+01                                 F               0         Blade 1 X translation displacement, node 25, m
        191   -5.444E+00                                 F               0         Blade 1 Y translation displacement, node 25, m
        192   -1.255E+00                                 F               0         Blade 1 Z translation displacement, node 25, m
        193    3.450E+01                                 F               0         Blade 1 X translation displacement, node 26, m
        194   -5.650E+00                                 F               0         Blade 1 Y translation displacement, node 26, m
        195   -1.309E+00                                 F               0         Blade 1 Z translation displacement, node 26, m
        196    3.482E+01                                 F               0         Blade 1 X translation displacement, node 27, m
        197   -5.856E+00                                 F               0         Blade 1 Y translation displacement, node 27, m
        198   -1.363E+00                                 F               0         Blade 1 Z translation displacement, node 27, m
        199    3.510E+01                                 F               0         Blade 1 X translation displacement, node 28, m
        200   -6.030E+00                                 F               0         Blade 1 Y translation displacement, node 28, m
        201   -1.409E+00                                 F               0         Blade 1 Z translation displacement, node 28, m
        202    8.559E-01, -4.806E-01, -1.909E-01         F               0         Blade 1 X orientation angle, node 1, rad
        203    4.815E-01,  8.753E-01, -4.520E-02         F               0         Blade 1 Y orientation angle, node 1, rad
        204    1.888E-01, -5.320E-02,  9.806E-01         F               0         Blade 1 Z orientation angle, node 1, rad
        205    8.559E-01, -4.806E-01, -1.909E-01         F               0         Blade 1 X orientation angle, node 2, rad
        206    4.815E-01,  8.753E-01, -4.520E-02         F               0         Blade 1 Y orientation angle, node 2, rad
        207    1.888E-01, -5.320E-02,  9.806E-01         F               0         Blade 1 Z orientation angle, node 2, rad
        208    9.456E-01, -2.595E-01, -1.961E-01         F               0         Blade 1 X orientation angle, node 3, rad
        209    2.649E-01,  9.643E-01,  1.318E-03         F               0         Blade 1 Y orientation angle, node 3, rad
        210    1.888E-01, -5.320E-02,  9.806E-01         F               0         Blade 1 Z orientation angle, node 3, rad
        211    9.560E-01, -2.185E-01, -1.959E-01         F               0         Blade 1 X orientation angle, node 4, rad
        212    2.247E-01,  9.744E-01,  9.598E-03         F               0         Blade 1 Y orientation angle, node 4, rad
        213    1.888E-01, -5.320E-02,  9.806E-01         F               0         Blade 1 Z orientation angle, node 4, rad
        214    9.629E-01, -1.861E-01, -1.955E-01         F               0         Blade 1 X orientation angle, node 5, rad
        215    1.929E-01,  9.811E-01,  1.609E-02         F               0         Blade 1 Y orientation angle, node 5, rad
        216    1.888E-01, -5.320E-02,  9.806E-01         F               0         Blade 1 Z orientation angle, node 5, rad
        217    9.677E-01, -1.600E-01, -1.950E-01         F               0         Blade 1 X orientation angle, node 6, rad
        218    1.673E-01,  9.857E-01,  2.127E-02         F               0         Blade 1 Y orientation angle, node 6, rad
        219    1.888E-01, -5.320E-02,  9.806E-01         F               0         Blade 1 Z orientation angle, node 6, rad
        220    9.711E-01, -1.385E-01, -1.945E-01         F               0         Blade 1 X orientation angle, node 7, rad
        221    1.461E-01,  9.889E-01,  2.552E-02         F               0         Blade 1 Y orientation angle, node 7, rad
        222    1.888E-01, -5.320E-02,  9.806E-01         F               0         Blade 1 Z orientation angle, node 7, rad
        223    9.736E-01, -1.205E-01, -1.940E-01         F               0         Blade 1 X orientation angle, node 8, rad
        224    1.285E-01,  9.913E-01,  2.904E-02         F               0         Blade 1 Y orientation angle, node 8, rad
        225    1.888E-01, -5.320E-02,  9.806E-01         F               0         Blade 1 Z orientation angle, node 8, rad
        226    9.754E-01, -1.053E-01, -1.935E-01         F               0         Blade 1 X orientation angle, node 9, rad
        227    1.135E-01,  9.930E-01,  3.202E-02         F               0         Blade 1 Y orientation angle, node 9, rad
        228    1.888E-01, -5.320E-02,  9.806E-01         F               0         Blade 1 Z orientation angle, node 9, rad
        229    9.769E-01, -9.210E-02, -1.931E-01         F               0         Blade 1 X orientation angle, node 10, rad
        230    1.006E-01,  9.943E-01,  3.458E-02         F               0         Blade 1 Y orientation angle, node 10, rad
        231    1.888E-01, -5.320E-02,  9.806E-01         F               0         Blade 1 Z orientation angle, node 10, rad
        232    9.779E-01, -8.082E-02, -1.927E-01         F               0         Blade 1 X orientation angle, node 11, rad
        233    8.949E-02,  9.953E-01,  3.677E-02         F               0         Blade 1 Y orientation angle, node 11, rad
        234    1.888E-01, -5.320E-02,  9.806E-01         F               0         Blade 1 Z orientation angle, node 11, rad
        235    9.788E-01, -7.091E-02, -1.923E-01         F               0         Blade 1 X orientation angle, node 12, rad
        236    7.976E-02,  9.961E-01,  3.868E-02         F               0         Blade 1 Y orientation angle, node 12, rad
        237    1.888E-01, -5.320E-02,  9.806E-01         F               0         Blade 1 Z orientation angle, node 12, rad
        238    9.794E-01, -6.221E-02, -1.919E-01         F               0         Blade 1 X orientation angle, node 13, rad
        239    7.122E-02,  9.966E-01,  4.036E-02         F               0         Blade 1 Y orientation angle, node 13, rad
        240    1.888E-01, -5.320E-02,  9.806E-01         F               0         Blade 1 Z orientation angle, node 13, rad
        241    9.800E-01, -5.439E-02, -1.916E-01         F               0         Blade 1 X orientation angle, node 14, rad
        242    6.352E-02,  9.971E-01,  4.187E-02         F               0         Blade 1 Y orientation angle, node 14, rad
        243    1.888E-01, -5.320E-02,  9.806E-01         F               0         Blade 1 Z orientation angle, node 14, rad
        244    9.804E-01, -4.742E-02, -1.913E-01         F               0         Blade 1 X orientation angle, node 15, rad
        245    5.668E-02,  9.975E-01,  4.320E-02         F               0         Blade 1 Y orientation angle, node 15, rad
        246    1.888E-01, -5.320E-02,  9.806E-01         F               0         Blade 1 Z orientation angle, node 15, rad
        247    9.807E-01, -4.115E-02, -1.910E-01         F               0         Blade 1 X orientation angle, node 16, rad
        248    5.052E-02,  9.977E-01,  4.440E-02         F               0         Blade 1 Y orientation angle, node 16, rad
        249    1.888E-01, -5.320E-02,  9.806E-01         F               0         Blade 1 Z orientation angle, node 16, rad
        250    9.810E-01, -3.558E-02, -1.908E-01         F               0         Blade 1 X orientation angle, node 17, rad
        251    4.504E-02,  9.979E-01,  4.547E-02         F               0         Blade 1 Y orientation angle, node 17, rad
        252    1.888E-01, -5.320E-02,  9.806E-01         F               0         Blade 1 Z orientation angle, node 17, rad
        253    9.812E-01, -3.036E-02, -1.906E-01         F               0         Blade 1 X orientation angle, node 18, rad
        254    3.990E-02,  9.981E-01,  4.647E-02         F               0         Blade 1 Y orientation angle, node 18, rad
        255    1.888E-01, -5.320E-02,  9.806E-01         F               0         Blade 1 Z orientation angle, node 18, rad
        256    9.814E-01, -2.565E-02, -1.903E-01         F               0         Blade 1 X orientation angle, node 19, rad
        257    3.528E-02,  9.983E-01,  4.737E-02         F               0         Blade 1 Y orientation angle, node 19, rad
        258    1.888E-01, -5.320E-02,  9.806E-01         F               0         Blade 1 Z orientation angle, node 19, rad
        259    9.815E-01, -2.147E-02, -1.901E-01         F               0         Blade 1 X orientation angle, node 20, rad
        260    3.117E-02,  9.984E-01,  4.816E-02         F               0         Blade 1 Y orientation angle, node 20, rad
        261    1.888E-01, -5.320E-02,  9.806E-01         F               0         Blade 1 Z orientation angle, node 20, rad
        262    9.816E-01, -1.746E-02, -1.899E-01         F               0         Blade 1 X orientation angle, node 21, rad
        263    2.723E-02,  9.984E-01,  4.893E-02         F               0         Blade 1 Y orientation angle, node 21, rad
        264    1.888E-01, -5.320E-02,  9.806E-01         F               0         Blade 1 Z orientation angle, node 21, rad
        265    9.817E-01, -1.380E-02, -1.898E-01         F               0         Blade 1 X orientation angle, node 22, rad
        266    2.363E-02,  9.985E-01,  4.962E-02         F               0         Blade 1 Y orientation angle, node 22, rad
        267    1.888E-01, -5.320E-02,  9.806E-01         F               0         Blade 1 Z orientation angle, node 22, rad
        268    9.818E-01, -1.049E-02, -1.896E-01         F               0         Blade 1 X orientation angle, node 23, rad
        269    2.037E-02,  9.985E-01,  5.025E-02         F               0         Blade 1 Y orientation angle, node 23, rad
        270    1.888E-01, -5.320E-02,  9.806E-01         F               0         Blade 1 Z orientation angle, node 23, rad
        271    9.819E-01, -7.355E-03, -1.894E-01         F               0         Blade 1 X orientation angle, node 24, rad
        272    1.729E-02,  9.986E-01,  5.085E-02         F               0         Blade 1 Y orientation angle, node 24, rad
        273    1.888E-01, -5.320E-02,  9.806E-01         F               0         Blade 1 Z orientation angle, node 24, rad
        274    9.819E-01, -4.392E-03, -1.893E-01         F               0         Blade 1 X orientation angle, node 25, rad
        275    1.438E-02,  9.986E-01,  5.141E-02         F               0         Blade 1 Y orientation angle, node 25, rad
        276    1.888E-01, -5.320E-02,  9.806E-01         F               0         Blade 1 Z orientation angle, node 25, rad
        277    9.819E-01, -1.778E-03, -1.891E-01         F               0         Blade 1 X orientation angle, node 26, rad
        278    1.181E-02,  9.986E-01,  5.190E-02         F               0         Blade 1 Y orientation angle, node 26, rad
        279    1.888E-01, -5.320E-02,  9.806E-01         F               0         Blade 1 Z orientation angle, node 26, rad
        280    9.820E-01,  8.364E-04, -1.890E-01         F               0         Blade 1 X orientation angle, node 27, rad
        281    9.235E-03,  9.986E-01,  5.240E-02         F               0         Blade 1 Y orientation angle, node 27, rad
        282    1.888E-01, -5.320E-02,  9.806E-01         F               0         Blade 1 Z orientation angle, node 27, rad
        283    9.820E-01,  2.231E-03, -1.889E-01         F               0         Blade 1 X orientation angle, node 28, rad
        284    7.864E-03,  9.986E-01,  5.266E-02         F               0         Blade 1 Y orientation angle, node 28, rad
        285    1.888E-01, -5.320E-02,  9.806E-01         F               0         Blade 1 Z orientation angle, node 28, rad
        286   -4.324E-02                                 F               0         Blade 1 X translation velocity, node 1, m/s
        287   -4.838E+00                                 F               0         Blade 1 Y translation velocity, node 1, m/s
        288   -2.566E-01                                 F               0         Blade 1 Z translation velocity, node 1, m/s
        289   -5.392E-02                                 F               0         Blade 1 X translation velocity, node 2, m/s
        290   -6.018E+00                                 F               0         Blade 1 Y translation velocity, node 2, m/s
        291   -3.185E-01                                 F               0         Blade 1 Z translation velocity, node 2, m/s
        292   -1.992E-01                                 F               0         Blade 1 X translation velocity, node 3, m/s
        293   -2.206E+01                                 F               0         Blade 1 Y translation velocity, node 3, m/s
        294   -1.161E+00                                 F               0         Blade 1 Z translation velocity, node 3, m/s
        295   -2.302E-01                                 F               0         Blade 1 X translation velocity, node 4, m/s
        296   -2.548E+01                                 F               0         Blade 1 Y translation velocity, node 4, m/s
        297   -1.340E+00                                 F               0         Blade 1 Z translation velocity, node 4, m/s
        298   -2.611E-01                                 F               0         Blade 1 X translation velocity, node 5, m/s
        299   -2.890E+01                                 F               0         Blade 1 Y translation velocity, node 5, m/s
        300   -1.520E+00                                 F               0         Blade 1 Z translation velocity, node 5, m/s
        301   -2.921E-01                                 F               0         Blade 1 X translation velocity, node 6, m/s
        302   -3.232E+01                                 F               0         Blade 1 Y translation velocity, node 6, m/s
        303   -1.699E+00                                 F               0         Blade 1 Z translation velocity, node 6, m/s
        304   -3.230E-01                                 F               0         Blade 1 X translation velocity, node 7, m/s
        305   -3.573E+01                                 F               0         Blade 1 Y translation velocity, node 7, m/s
        306   -1.879E+00                                 F               0         Blade 1 Z translation velocity, node 7, m/s
        307   -3.540E-01                                 F               0         Blade 1 X translation velocity, node 8, m/s
