
Linearized model: Predictions were generated on 06-Feb-2024 at 08:44:08 using OpenFAST, compiled as a 64-bit application using single precision at commit v3.5.1
 linked with  NWTC Subroutine Library; ElastoDyn; InflowWind; AeroDyn; ServoDyn; HydroDyn; MAP++ (<1.20.10>, <Oct-20-2023>)

Description from the FAST input file: CCT-9 Campign 4 model. Input files to be run with OpenFAST 3.5.0. GitHub branch from Lu Wang (https://github.com/luwang00/openfast/tree/dev) compiled on March 7, 2023.

Simulation information:
   Simulation time:                  2502.6000 s
   Rotor Speed:                         0.8857 rad/s
   Azimuth:                             5.4538 rad
   Wind Speed:                         10.0000 m/s
   Number of continuous states:         0
   Number of discrete states:           0
   Number of constraint states:         0
   Number of inputs:                 1746
   Number of outputs:                   4
   Jacobians included in this file?    No

Order of inputs:
     Column   Operating Point                     Rotating Frame? Derivative Order Description
   ---------- ---------------                     --------------- ---------------- -----------
          1    1.391E+01                                 F               0         Tower X translation displacement, node 1, m
          2    6.413E-02                                 F               0         Tower Y translation displacement, node 1, m
          3   -1.843E-01                                 F               0         Tower Z translation displacement, node 1, m
          4    1.488E+01                                 F               0         Tower X translation displacement, node 2, m
          5    9.102E-02                                 F               0         Tower Y translation displacement, node 2, m
          6   -2.228E-01                                 F               0         Tower Z translation displacement, node 2, m
          7    1.588E+01                                 F               0         Tower X translation displacement, node 3, m
          8    1.184E-01                                 F               0         Tower Y translation displacement, node 3, m
          9   -2.630E-01                                 F               0         Tower Z translation displacement, node 3, m
         10    1.689E+01                                 F               0         Tower X translation displacement, node 4, m
         11    1.461E-01                                 F               0         Tower Y translation displacement, node 4, m
         12   -3.044E-01                                 F               0         Tower Z translation displacement, node 4, m
         13    1.791E+01                                 F               0         Tower X translation displacement, node 5, m
         14    1.742E-01                                 F               0         Tower Y translation displacement, node 5, m
         15   -3.469E-01                                 F               0         Tower Z translation displacement, node 5, m
         16    1.894E+01                                 F               0         Tower X translation displacement, node 6, m
         17    2.026E-01                                 F               0         Tower Y translation displacement, node 6, m
         18   -3.902E-01                                 F               0         Tower Z translation displacement, node 6, m
         19    1.998E+01                                 F               0         Tower X translation displacement, node 7, m
         20    2.312E-01                                 F               0         Tower Y translation displacement, node 7, m
         21   -4.340E-01                                 F               0         Tower Z translation displacement, node 7, m
         22    2.103E+01                                 F               0         Tower X translation displacement, node 8, m
         23    2.599E-01                                 F               0         Tower Y translation displacement, node 8, m
         24   -4.784E-01                                 F               0         Tower Z translation displacement, node 8, m
         25    2.208E+01                                 F               0         Tower X translation displacement, node 9, m
         26    2.888E-01                                 F               0         Tower Y translation displacement, node 9, m
         27   -5.231E-01                                 F               0         Tower Z translation displacement, node 9, m
         28    2.313E+01                                 F               0         Tower X translation displacement, node 10, m
         29    3.179E-01                                 F               0         Tower Y translation displacement, node 10, m
         30   -5.681E-01                                 F               0         Tower Z translation displacement, node 10, m
         31    2.418E+01                                 F               0         Tower X translation displacement, node 11, m
         32    3.469E-01                                 F               0         Tower Y translation displacement, node 11, m
         33   -6.131E-01                                 F               0         Tower Z translation displacement, node 11, m
         34    9.969E-01,  1.288E-03, -7.829E-02         F               0         Tower X orientation angle, node 1, rad
         35   -1.454E-03,  1.000E+00, -2.053E-03         F               0         Tower Y orientation angle, node 1, rad
         36    7.828E-02,  2.161E-03,  9.969E-01         F               0         Tower Z orientation angle, node 1, rad
         37    9.968E-01,  1.285E-03, -7.982E-02         F               0         Tower X orientation angle, node 2, rad
         38   -1.456E-03,  1.000E+00, -2.088E-03         F               0         Tower Y orientation angle, node 2, rad
         39    7.982E-02,  2.197E-03,  9.968E-01         F               0         Tower Z orientation angle, node 2, rad
         40    9.967E-01,  1.282E-03, -8.116E-02         F               0         Tower X orientation angle, node 3, rad
         41   -1.459E-03,  1.000E+00, -2.119E-03         F               0         Tower Y orientation angle, node 3, rad
         42    8.115E-02,  2.230E-03,  9.967E-01         F               0         Tower Z orientation angle, node 3, rad
         43    9.966E-01,  1.279E-03, -8.228E-02         F               0         Tower X orientation angle, node 4, rad
         44   -1.461E-03,  1.000E+00, -2.146E-03         F               0         Tower Y orientation angle, node 4, rad
         45    8.227E-02,  2.259E-03,  9.966E-01         F               0         Tower Z orientation angle, node 4, rad
         46    9.965E-01,  1.277E-03, -8.319E-02         F               0         Tower X orientation angle, node 5, rad
         47   -1.463E-03,  1.000E+00, -2.170E-03         F               0         Tower Y orientation angle, node 5, rad
         48    8.318E-02,  2.284E-03,  9.965E-01         F               0         Tower Z orientation angle, node 5, rad
         49    9.965E-01,  1.276E-03, -8.391E-02         F               0         Tower X orientation angle, node 6, rad
         50   -1.465E-03,  1.000E+00, -2.190E-03         F               0         Tower Y orientation angle, node 6, rad
         51    8.390E-02,  2.305E-03,  9.965E-01         F               0         Tower Z orientation angle, node 6, rad
         52    9.964E-01,  1.274E-03, -8.444E-02         F               0         Tower X orientation angle, node 7, rad
         53   -1.466E-03,  1.000E+00, -2.206E-03         F               0         Tower Y orientation angle, node 7, rad
         54    8.444E-02,  2.322E-03,  9.964E-01         F               0         Tower Z orientation angle, node 7, rad
         55    9.964E-01,  1.274E-03, -8.482E-02         F               0         Tower X orientation angle, node 8, rad
         56   -1.467E-03,  1.000E+00, -2.218E-03         F               0         Tower Y orientation angle, node 8, rad
         57    8.482E-02,  2.335E-03,  9.964E-01         F               0         Tower Z orientation angle, node 8, rad
         58    9.964E-01,  1.273E-03, -8.508E-02         F               0         Tower X orientation angle, node 9, rad
         59   -1.468E-03,  1.000E+00, -2.228E-03         F               0         Tower Y orientation angle, node 9, rad
         60    8.508E-02,  2.344E-03,  9.964E-01         F               0         Tower Z orientation angle, node 9, rad
         61    9.964E-01,  1.273E-03, -8.523E-02         F               0         Tower X orientation angle, node 10, rad
         62   -1.468E-03,  1.000E+00, -2.234E-03         F               0         Tower Y orientation angle, node 10, rad
         63    8.523E-02,  2.351E-03,  9.964E-01         F               0         Tower Z orientation angle, node 10, rad
         64    9.964E-01,  1.272E-03, -8.531E-02         F               0         Tower X orientation angle, node 11, rad
         65   -1.469E-03,  1.000E+00, -2.237E-03         F               0         Tower Y orientation angle, node 11, rad
         66    8.531E-02,  2.354E-03,  9.964E-01         F               0         Tower Z orientation angle, node 11, rad
         67    1.415E-04                                 F               0         Tower X translation velocity, node 1, m/s
         68    7.620E-03                                 F               0         Tower Y translation velocity, node 1, m/s
         69    1.163E-03                                 F               0         Tower Z translation velocity, node 1, m/s
         70    1.404E-04                                 F               0         Tower X translation velocity, node 2, m/s
         71    1.283E-02                                 F               0         Tower Y translation velocity, node 2, m/s
         72    1.152E-03                                 F               0         Tower Z translation velocity, node 2, m/s
         73    1.038E-04                                 F               0         Tower X translation velocity, node 3, m/s
         74    1.815E-02                                 F               0         Tower Y translation velocity, node 3, m/s
         75    1.143E-03                                 F               0         Tower Z translation velocity, node 3, m/s
         76    4.208E-05                                 F               0         Tower X translation velocity, node 4, m/s
         77    2.358E-02                                 F               0         Tower Y translation velocity, node 4, m/s
         78    1.136E-03                                 F               0         Tower Z translation velocity, node 4, m/s
         79   -3.883E-05                                 F               0         Tower X translation velocity, node 5, m/s
         80    2.910E-02                                 F               0         Tower Y translation velocity, node 5, m/s
         81    1.130E-03                                 F               0         Tower Z translation velocity, node 5, m/s
         82   -1.334E-04                                 F               0         Tower X translation velocity, node 6, m/s
         83    3.468E-02                                 F               0         Tower Y translation velocity, node 6, m/s
         84    1.125E-03                                 F               0         Tower Z translation velocity, node 6, m/s
         85   -2.366E-04                                 F               0         Tower X translation velocity, node 7, m/s
         86    4.033E-02                                 F               0         Tower Y translation velocity, node 7, m/s
         87    1.121E-03                                 F               0         Tower Z translation velocity, node 7, m/s
         88   -3.455E-04                                 F               0         Tower X translation velocity, node 8, m/s
         89    4.602E-02                                 F               0         Tower Y translation velocity, node 8, m/s
         90    1.116E-03                                 F               0         Tower Z translation velocity, node 8, m/s
         91   -4.572E-04                                 F               0         Tower X translation velocity, node 9, m/s
         92    5.175E-02                                 F               0         Tower Y translation velocity, node 9, m/s
         93    1.113E-03                                 F               0         Tower Z translation velocity, node 9, m/s
         94   -5.698E-04                                 F               0         Tower X translation velocity, node 10, m/s
         95    5.751E-02                                 F               0         Tower Y translation velocity, node 10, m/s
         96    1.109E-03                                 F               0         Tower Z translation velocity, node 10, m/s
         97   -6.822E-04                                 F               0         Tower X translation velocity, node 11, m/s
         98    6.328E-02                                 F               0         Tower Y translation velocity, node 11, m/s
         99    1.105E-03                                 F               0         Tower Z translation velocity, node 11, m/s
        100    2.489E+01                                 F               0         Hub X translation displacement, node 1, m
        101    3.517E-01                                 F               0         Hub Y translation displacement, node 1, m
        102    2.796E-01                                 F               0         Hub Z translation displacement, node 1, m
        103    9.820E-01,  1.019E-03, -1.890E-01         F               0         Hub X orientation angle, node 1, rad
        104   -1.404E-01,  6.735E-01, -7.258E-01         F               0         Hub Y orientation angle, node 1, rad
        105    1.265E-01,  7.392E-01,  6.615E-01         F               0         Hub Z orientation angle, node 1, rad
        106    8.693E-01                                 F               0         Hub X rotation velocity, node 1, rad/s
        107    8.939E-04                                 F               0         Hub Y rotation velocity, node 1, rad/s
        108   -1.673E-01                                 F               0         Hub Z rotation velocity, node 1, rad/s
        109    9.857E-01, -1.896E-02, -1.674E-01         F               0         Blade root 1 X orientation angle, node 1, rad
        110   -1.112E-01,  6.732E-01, -7.310E-01         F               0         Blade root 1 Y orientation angle, node 1, rad
        111    1.265E-01,  7.392E-01,  6.615E-01         F               0         Blade root 1 Z orientation angle, node 1, rad
        112    9.762E-01, -7.983E-03, -2.167E-01         F               0         Blade root 2 X orientation angle, node 1, rad
        113    2.088E-01,  3.033E-01,  9.297E-01         F               0         Blade root 2 Y orientation angle, node 1, rad
        114    5.830E-02, -9.529E-01,  2.978E-01         F               0         Blade root 2 Z orientation angle, node 1, rad
        115    9.827E-01,  3.000E-02, -1.827E-01         F               0         Blade root 3 X orientation angle, node 1, rad
        116   -1.025E-02, -9.765E-01, -2.155E-01         F               0         Blade root 3 Y orientation angle, node 1, rad
        117   -1.848E-01,  2.136E-01, -9.593E-01         F               0         Blade root 3 Z orientation angle, node 1, rad
        118    2.502E+01                                 F               0         Blade 1 X translation displacement, node 1, m
        119    4.447E+00                                 F               0         Blade 1 Y translation displacement, node 1, m
        120   -1.565E+00                                 F               0         Blade 1 Z translation displacement, node 1, m
        121    2.505E+01                                 F               0         Blade 1 X translation displacement, node 2, m
        122    5.434E+00                                 F               0         Blade 1 Y translation displacement, node 2, m
        123   -2.010E+00                                 F               0         Blade 1 Z translation displacement, node 2, m
        124    2.544E+01                                 F               0         Blade 1 X translation displacement, node 3, m
        125    1.885E+01                                 F               0         Blade 1 Y translation displacement, node 3, m
        126   -8.055E+00                                 F               0         Blade 1 Z translation displacement, node 3, m
        127    2.553E+01                                 F               0         Blade 1 X translation displacement, node 4, m
        128    2.171E+01                                 F               0         Blade 1 Y translation displacement, node 4, m
        129   -9.343E+00                                 F               0         Blade 1 Z translation displacement, node 4, m
        130    2.561E+01                                 F               0         Blade 1 X translation displacement, node 5, m
        131    2.457E+01                                 F               0         Blade 1 Y translation displacement, node 5, m
        132   -1.063E+01                                 F               0         Blade 1 Z translation displacement, node 5, m
        133    2.570E+01                                 F               0         Blade 1 X translation displacement, node 6, m
        134    2.743E+01                                 F               0         Blade 1 Y translation displacement, node 6, m
        135   -1.192E+01                                 F               0         Blade 1 Z translation displacement, node 6, m
        136    2.579E+01                                 F               0         Blade 1 X translation displacement, node 7, m
        137    3.029E+01                                 F               0         Blade 1 Y translation displacement, node 7, m
        138   -1.321E+01                                 F               0         Blade 1 Z translation displacement, node 7, m
        139    2.587E+01                                 F               0         Blade 1 X translation displacement, node 8, m
        140    3.315E+01                                 F               0         Blade 1 Y translation displacement, node 8, m
        141   -1.450E+01                                 F               0         Blade 1 Z translation displacement, node 8, m
        142    2.596E+01                                 F               0         Blade 1 X translation displacement, node 9, m
        143    3.601E+01                                 F               0         Blade 1 Y translation displacement, node 9, m
        144   -1.578E+01                                 F               0         Blade 1 Z translation displacement, node 9, m
        145    2.604E+01                                 F               0         Blade 1 X translation displacement, node 10, m
        146    3.887E+01                                 F               0         Blade 1 Y translation displacement, node 10, m
        147   -1.707E+01                                 F               0         Blade 1 Z translation displacement, node 10, m
        148    2.613E+01                                 F               0         Blade 1 X translation displacement, node 11, m
        149    4.172E+01                                 F               0         Blade 1 Y translation displacement, node 11, m
        150   -1.836E+01                                 F               0         Blade 1 Z translation displacement, node 11, m
        151    2.621E+01                                 F               0         Blade 1 X translation displacement, node 12, m
        152    4.458E+01                                 F               0         Blade 1 Y translation displacement, node 12, m
        153   -1.965E+01                                 F               0         Blade 1 Z translation displacement, node 12, m
        154    2.630E+01                                 F               0         Blade 1 X translation displacement, node 13, m
        155    4.744E+01                                 F               0         Blade 1 Y translation displacement, node 13, m
        156   -2.094E+01                                 F               0         Blade 1 Z translation displacement, node 13, m
        157    2.638E+01                                 F               0         Blade 1 X translation displacement, node 14, m
        158    5.030E+01                                 F               0         Blade 1 Y translation displacement, node 14, m
        159   -2.222E+01                                 F               0         Blade 1 Z translation displacement, node 14, m
        160    2.647E+01                                 F               0         Blade 1 X translation displacement, node 15, m
        161    5.316E+01                                 F               0         Blade 1 Y translation displacement, node 15, m
        162   -2.351E+01                                 F               0         Blade 1 Z translation displacement, node 15, m
        163    2.655E+01                                 F               0         Blade 1 X translation displacement, node 16, m
        164    5.602E+01                                 F               0         Blade 1 Y translation displacement, node 16, m
        165   -2.480E+01                                 F               0         Blade 1 Z translation displacement, node 16, m
        166    2.664E+01                                 F               0         Blade 1 X translation displacement, node 17, m
        167    5.888E+01                                 F               0         Blade 1 Y translation displacement, node 17, m
        168   -2.609E+01                                 F               0         Blade 1 Z translation displacement, node 17, m
        169    2.672E+01                                 F               0         Blade 1 X translation displacement, node 18, m
        170    6.174E+01                                 F               0         Blade 1 Y translation displacement, node 18, m
        171   -2.738E+01                                 F               0         Blade 1 Z translation displacement, node 18, m
        172    2.681E+01                                 F               0         Blade 1 X translation displacement, node 19, m
        173    6.460E+01                                 F               0         Blade 1 Y translation displacement, node 19, m
        174   -2.866E+01                                 F               0         Blade 1 Z translation displacement, node 19, m
        175    2.689E+01                                 F               0         Blade 1 X translation displacement, node 20, m
        176    6.746E+01                                 F               0         Blade 1 Y translation displacement, node 20, m
        177   -2.995E+01                                 F               0         Blade 1 Z translation displacement, node 20, m
        178    2.698E+01                                 F               0         Blade 1 X translation displacement, node 21, m
        179    7.031E+01                                 F               0         Blade 1 Y translation displacement, node 21, m
        180   -3.124E+01                                 F               0         Blade 1 Z translation displacement, node 21, m
        181    2.706E+01                                 F               0         Blade 1 X translation displacement, node 22, m
        182    7.317E+01                                 F               0         Blade 1 Y translation displacement, node 22, m
        183   -3.253E+01                                 F               0         Blade 1 Z translation displacement, node 22, m
        184    2.715E+01                                 F               0         Blade 1 X translation displacement, node 23, m
        185    7.603E+01                                 F               0         Blade 1 Y translation displacement, node 23, m
        186   -3.382E+01                                 F               0         Blade 1 Z translation displacement, node 23, m
        187    2.723E+01                                 F               0         Blade 1 X translation displacement, node 24, m
        188    7.889E+01                                 F               0         Blade 1 Y translation displacement, node 24, m
        189   -3.511E+01                                 F               0         Blade 1 Z translation displacement, node 24, m
        190    2.732E+01                                 F               0         Blade 1 X translation displacement, node 25, m
        191    8.175E+01                                 F               0         Blade 1 Y translation displacement, node 25, m
        192   -3.639E+01                                 F               0         Blade 1 Z translation displacement, node 25, m
        193    2.740E+01                                 F               0         Blade 1 X translation displacement, node 26, m
        194    8.461E+01                                 F               0         Blade 1 Y translation displacement, node 26, m
        195   -3.768E+01                                 F               0         Blade 1 Z translation displacement, node 26, m
        196    2.749E+01                                 F               0         Blade 1 X translation displacement, node 27, m
        197    8.747E+01                                 F               0         Blade 1 Y translation displacement, node 27, m
        198   -3.897E+01                                 F               0         Blade 1 Z translation displacement, node 27, m
        199    2.756E+01                                 F               0         Blade 1 X translation displacement, node 28, m
        200    8.989E+01                                 F               0         Blade 1 Y translation displacement, node 28, m
        201   -4.006E+01                                 F               0         Blade 1 Z translation displacement, node 28, m
        202    9.280E-01, -3.239E-01,  1.844E-01         F               0         Blade 1 X orientation angle, node 1, rad
        203    3.505E-01,  5.905E-01, -7.269E-01         F               0         Blade 1 Y orientation angle, node 1, rad
        204    1.265E-01,  7.392E-01,  6.615E-01         F               0         Blade 1 Z orientation angle, node 1, rad
        205    9.280E-01, -3.239E-01,  1.844E-01         F               0         Blade 1 X orientation angle, node 2, rad
        206    3.505E-01,  5.905E-01, -7.269E-01         F               0         Blade 1 Y orientation angle, node 2, rad
        207    1.265E-01,  7.392E-01,  6.615E-01         F               0         Blade 1 Z orientation angle, node 2, rad
        208    9.846E-01, -1.747E-01,  6.861E-03         F               0         Blade 1 X orientation angle, node 3, rad
        209    1.206E-01,  6.504E-01, -7.499E-01         F               0         Blade 1 Y orientation angle, node 3, rad
        210    1.265E-01,  7.392E-01,  6.615E-01         F               0         Blade 1 Z orientation angle, node 3, rad
        211    9.888E-01, -1.471E-01, -2.481E-02         F               0         Blade 1 X orientation angle, node 4, rad
        212    7.894E-02,  6.572E-01, -7.495E-01         F               0         Blade 1 Y orientation angle, node 4, rad
        213    1.265E-01,  7.392E-01,  6.615E-01         F               0         Blade 1 Z orientation angle, node 4, rad
        214    9.909E-01, -1.252E-01, -4.965E-02         F               0         Blade 1 X orientation angle, node 5, rad
        215    4.612E-02,  6.617E-01, -7.483E-01         F               0         Blade 1 Y orientation angle, node 5, rad
        216    1.265E-01,  7.392E-01,  6.615E-01         F               0         Blade 1 Z orientation angle, node 5, rad
        217    9.918E-01, -1.076E-01, -6.948E-02         F               0         Blade 1 X orientation angle, node 6, rad
        218    1.981E-02,  6.648E-01, -7.467E-01         F               0         Blade 1 Y orientation angle, node 6, rad
        219    1.265E-01,  7.392E-01,  6.615E-01         F               0         Blade 1 Z orientation angle, node 6, rad
        220    9.920E-01, -9.307E-02, -8.575E-02         F               0         Blade 1 X orientation angle, node 7, rad
        221   -1.825E-03,  6.670E-01, -7.450E-01         F               0         Blade 1 Y orientation angle, node 7, rad
        222    1.265E-01,  7.392E-01,  6.615E-01         F               0         Blade 1 Z orientation angle, node 7, rad
        223    9.918E-01, -8.095E-02, -9.926E-02         F               0         Blade 1 X orientation angle, node 8, rad
        224   -1.983E-02,  6.686E-01, -7.434E-01         F               0         Blade 1 Y orientation angle, node 8, rad
        225    1.265E-01,  7.392E-01,  6.615E-01         F               0         Blade 1 Z orientation angle, node 8, rad
        226    9.913E-01, -7.067E-02, -1.107E-01         F               0         Blade 1 X orientation angle, node 9, rad
        227   -3.506E-02,  6.698E-01, -7.417E-01         F               0         Blade 1 Y orientation angle, node 9, rad
        228    1.265E-01,  7.392E-01,  6.615E-01         F               0         Blade 1 Z orientation angle, node 9, rad
        229    9.908E-01, -6.178E-02, -1.205E-01         F               0         Blade 1 X orientation angle, node 10, rad
        230   -4.821E-02,  6.706E-01, -7.402E-01         F               0         Blade 1 Y orientation angle, node 10, rad
        231    1.265E-01,  7.392E-01,  6.615E-01         F               0         Blade 1 Z orientation angle, node 10, rad
        232    9.902E-01, -5.417E-02, -1.289E-01         F               0         Blade 1 X orientation angle, node 11, rad
        233   -5.944E-02,  6.713E-01, -7.388E-01         F               0         Blade 1 Y orientation angle, node 11, rad
        234    1.265E-01,  7.392E-01,  6.615E-01         F               0         Blade 1 Z orientation angle, node 11, rad
        235    9.895E-01, -4.749E-02, -1.362E-01         F               0         Blade 1 X orientation angle, node 12, rad
        236   -6.929E-02,  6.718E-01, -7.375E-01         F               0         Blade 1 Y orientation angle, node 12, rad
        237    1.265E-01,  7.392E-01,  6.615E-01         F               0         Blade 1 Z orientation angle, node 12, rad
        238    9.889E-01, -4.162E-02, -1.427E-01         F               0         Blade 1 X orientation angle, node 13, rad
        239   -7.792E-02,  6.722E-01, -7.363E-01         F               0         Blade 1 Y orientation angle, node 13, rad
        240    1.265E-01,  7.392E-01,  6.615E-01         F               0         Blade 1 Z orientation angle, node 13, rad
        241    9.883E-01, -3.634E-02, -1.484E-01         F               0         Blade 1 X orientation angle, node 14, rad
        242   -8.569E-02,  6.725E-01, -7.351E-01         F               0         Blade 1 Y orientation angle, node 14, rad
        243    1.265E-01,  7.392E-01,  6.615E-01         F               0         Blade 1 Z orientation angle, node 14, rad
        244    9.876E-01, -3.165E-02, -1.536E-01         F               0         Blade 1 X orientation angle, node 15, rad
        245   -9.258E-02,  6.727E-01, -7.341E-01         F               0         Blade 1 Y orientation angle, node 15, rad
        246    1.265E-01,  7.392E-01,  6.615E-01         F               0         Blade 1 Z orientation angle, node 15, rad
        247    9.870E-01, -2.742E-02, -1.582E-01         F               0         Blade 1 X orientation angle, node 16, rad
        248   -9.879E-02,  6.729E-01, -7.331E-01         F               0         Blade 1 Y orientation angle, node 16, rad
        249    1.265E-01,  7.392E-01,  6.615E-01         F               0         Blade 1 Z orientation angle, node 16, rad
        250    9.865E-01, -2.366E-02, -1.623E-01         F               0         Blade 1 X orientation angle, node 17, rad
        251   -1.043E-01,  6.731E-01, -7.322E-01         F               0         Blade 1 Y orientation angle, node 17, rad
        252    1.265E-01,  7.392E-01,  6.615E-01         F               0         Blade 1 Z orientation angle, node 17, rad
        253    9.859E-01, -2.014E-02, -1.661E-01         F               0         Blade 1 X orientation angle, node 18, rad
        254   -1.095E-01,  6.732E-01, -7.313E-01         F               0         Blade 1 Y orientation angle, node 18, rad
        255    1.265E-01,  7.392E-01,  6.615E-01         F               0         Blade 1 Z orientation angle, node 18, rad
        256    9.854E-01, -1.696E-02, -1.695E-01         F               0         Blade 1 X orientation angle, node 19, rad
        257   -1.141E-01,  6.733E-01, -7.305E-01         F               0         Blade 1 Y orientation angle, node 19, rad
        258    1.265E-01,  7.392E-01,  6.615E-01         F               0         Blade 1 Z orientation angle, node 19, rad
        259    9.849E-01, -1.414E-02, -1.726E-01         F               0         Blade 1 X orientation angle, node 20, rad
        260   -1.182E-01,  6.733E-01, -7.298E-01         F               0         Blade 1 Y orientation angle, node 20, rad
        261    1.265E-01,  7.392E-01,  6.615E-01         F               0         Blade 1 Z orientation angle, node 20, rad
        262    9.844E-01, -1.144E-02, -1.755E-01         F               0         Blade 1 X orientation angle, node 21, rad
        263   -1.222E-01,  6.734E-01, -7.291E-01         F               0         Blade 1 Y orientation angle, node 21, rad
        264    1.265E-01,  7.392E-01,  6.615E-01         F               0         Blade 1 Z orientation angle, node 21, rad
        265    9.840E-01, -8.972E-03, -1.782E-01         F               0         Blade 1 X orientation angle, node 22, rad
        266   -1.258E-01,  6.734E-01, -7.285E-01         F               0         Blade 1 Y orientation angle, node 22, rad
        267    1.265E-01,  7.392E-01,  6.615E-01         F               0         Blade 1 Z orientation angle, node 22, rad
        268    9.835E-01, -6.738E-03, -1.806E-01         F               0         Blade 1 X orientation angle, node 23, rad
        269   -1.291E-01,  6.734E-01, -7.279E-01         F               0         Blade 1 Y orientation angle, node 23, rad
        270    1.265E-01,  7.392E-01,  6.615E-01         F               0         Blade 1 Z orientation angle, node 23, rad
        271    9.831E-01, -4.623E-03, -1.829E-01         F               0         Blade 1 X orientation angle, node 24, rad
        272   -1.321E-01,  6.735E-01, -7.273E-01         F               0         Blade 1 Y orientation angle, node 24, rad
        273    1.265E-01,  7.392E-01,  6.615E-01         F               0         Blade 1 Z orientation angle, node 24, rad
        274    9.827E-01, -2.625E-03, -1.851E-01         F               0         Blade 1 X orientation angle, node 25, rad
        275   -1.351E-01,  6.735E-01, -7.268E-01         F               0         Blade 1 Y orientation angle, node 25, rad
        276    1.265E-01,  7.392E-01,  6.615E-01         F               0         Blade 1 Z orientation angle, node 25, rad
        277    9.824E-01, -8.614E-04, -1.870E-01         F               0         Blade 1 X orientation angle, node 26, rad
        278   -1.376E-01,  6.735E-01, -7.263E-01         F               0         Blade 1 Y orientation angle, node 26, rad
        279    1.265E-01,  7.392E-01,  6.615E-01         F               0         Blade 1 Z orientation angle, node 26, rad
        280    9.820E-01,  9.018E-04, -1.889E-01         F               0         Blade 1 X orientation angle, node 27, rad
        281   -1.402E-01,  6.735E-01, -7.258E-01         F               0         Blade 1 Y orientation angle, node 27, rad
        282    1.265E-01,  7.392E-01,  6.615E-01         F               0         Blade 1 Z orientation angle, node 27, rad
        283    9.818E-01,  1.842E-03, -1.899E-01         F               0         Blade 1 X orientation angle, node 28, rad
        284   -1.416E-01,  6.735E-01, -7.255E-01         F               0         Blade 1 Y orientation angle, node 28, rad
        285    1.265E-01,  7.392E-01,  6.615E-01         F               0         Blade 1 Z orientation angle, node 28, rad
        286    6.876E-01                                 F               0         Blade 1 X translation velocity, node 1, m/s
        287   -3.236E+00                                 F               0         Blade 1 Y translation velocity, node 1, m/s
        288    3.560E+00                                 F               0         Blade 1 Z translation velocity, node 1, m/s
        289    8.535E-01                                 F               0         Blade 1 X translation velocity, node 2, m/s
        290   -4.032E+00                                 F               0         Blade 1 Y translation velocity, node 2, m/s
        291    4.418E+00                                 F               0         Blade 1 Z translation velocity, node 2, m/s
        292    3.109E+00                                 F               0         Blade 1 X translation velocity, node 3, m/s
        293   -1.485E+01                                 F               0         Blade 1 Y translation velocity, node 3, m/s
        294    1.608E+01                                 F               0         Blade 1 Z translation velocity, node 3, m/s
        295    3.590E+00                                 F               0         Blade 1 X translation velocity, node 4, m/s
        296   -1.716E+01                                 F               0         Blade 1 Y translation velocity, node 4, m/s
        297    1.856E+01                                 F               0         Blade 1 Z translation velocity, node 4, m/s
        298    4.070E+00                                 F               0         Blade 1 X translation velocity, node 5, m/s
        299   -1.947E+01                                 F               0         Blade 1 Y translation velocity, node 5, m/s
        300    2.105E+01                                 F               0         Blade 1 Z translation velocity, node 5, m/s
        301    4.551E+00                                 F               0         Blade 1 X translation velocity, node 6, m/s
        302   -2.177E+01                                 F               0         Blade 1 Y translation velocity, node 6, m/s
        303    2.353E+01                                 F               0         Blade 1 Z translation velocity, node 6, m/s
        304    5.031E+00                                 F               0         Blade 1 X translation velocity, node 7, m/s
        305   -2.408E+01                                 F               0         Blade 1 Y translation velocity, node 7, m/s
        306    2.602E+01                                 F               0         Blade 1 Z translation velocity, node 7, m/s
        307    5.512E+00                                 F               0         Blade 1 X translation velocity, node 8, m/s
