
Linearized model: Predictions were generated on 06-Feb-2024 at 08:44:08 using OpenFAST, compiled as a 64-bit application using single precision at commit v3.5.1
 linked with  NWTC Subroutine Library; ElastoDyn; InflowWind; AeroDyn; ServoDyn; HydroDyn; MAP++ (<1.20.10>, <Oct-20-2023>)

Description from the FAST input file: CCT-9 Campign 4 model. Input files to be run with OpenFAST 3.5.0. GitHub branch from Lu Wang (https://github.com/luwang00/openfast/tree/dev) compiled on March 7, 2023.

Simulation information:
   Simulation time:                  2501.4000 s
   Rotor Speed:                         0.8859 rad/s
   Azimuth:                             4.3908 rad
   Wind Speed:                         10.0000 m/s
   Number of continuous states:         0
   Number of discrete states:           0
   Number of constraint states:         0
   Number of inputs:                 1746
   Number of outputs:                   4
   Jacobians included in this file?    No

Order of inputs:
     Column   Operating Point                     Rotating Frame? Derivative Order Description
   ---------- ---------------                     --------------- ---------------- -----------
          1    1.391E+01                                 F               0         Tower X translation displacement, node 1, m
          2    5.445E-02                                 F               0         Tower Y translation displacement, node 1, m
          3   -1.861E-01                                 F               0         Tower Z translation displacement, node 1, m
          4    1.488E+01                                 F               0         Tower X translation displacement, node 2, m
          5    7.466E-02                                 F               0         Tower Y translation displacement, node 2, m
          6   -2.247E-01                                 F               0         Tower Z translation displacement, node 2, m
          7    1.588E+01                                 F               0         Tower X translation displacement, node 3, m
          8    9.526E-02                                 F               0         Tower Y translation displacement, node 3, m
          9   -2.649E-01                                 F               0         Tower Z translation displacement, node 3, m
         10    1.689E+01                                 F               0         Tower X translation displacement, node 4, m
         11    1.162E-01                                 F               0         Tower Y translation displacement, node 4, m
         12   -3.063E-01                                 F               0         Tower Z translation displacement, node 4, m
         13    1.791E+01                                 F               0         Tower X translation displacement, node 5, m
         14    1.373E-01                                 F               0         Tower Y translation displacement, node 5, m
         15   -3.487E-01                                 F               0         Tower Z translation displacement, node 5, m
         16    1.894E+01                                 F               0         Tower X translation displacement, node 6, m
         17    1.587E-01                                 F               0         Tower Y translation displacement, node 6, m
         18   -3.920E-01                                 F               0         Tower Z translation displacement, node 6, m
         19    1.998E+01                                 F               0         Tower X translation displacement, node 7, m
         20    1.802E-01                                 F               0         Tower Y translation displacement, node 7, m
         21   -4.359E-01                                 F               0         Tower Z translation displacement, node 7, m
         22    2.103E+01                                 F               0         Tower X translation displacement, node 8, m
         23    2.019E-01                                 F               0         Tower Y translation displacement, node 8, m
         24   -4.803E-01                                 F               0         Tower Z translation displacement, node 8, m
         25    2.208E+01                                 F               0         Tower X translation displacement, node 9, m
         26    2.238E-01                                 F               0         Tower Y translation displacement, node 9, m
         27   -5.250E-01                                 F               0         Tower Z translation displacement, node 9, m
         28    2.313E+01                                 F               0         Tower X translation displacement, node 10, m
         29    2.456E-01                                 F               0         Tower Y translation displacement, node 10, m
         30   -5.699E-01                                 F               0         Tower Z translation displacement, node 10, m
         31    2.419E+01                                 F               0         Tower X translation displacement, node 11, m
         32    2.676E-01                                 F               0         Tower Y translation displacement, node 11, m
         33   -6.149E-01                                 F               0         Tower Z translation displacement, node 11, m
         34    9.969E-01,  1.173E-03, -7.829E-02         F               0         Tower X orientation angle, node 1, rad
         35   -1.296E-03,  1.000E+00, -1.527E-03         F               0         Tower Y orientation angle, node 1, rad
         36    7.828E-02,  1.624E-03,  9.969E-01         F               0         Tower Z orientation angle, node 1, rad
         37    9.968E-01,  1.170E-03, -7.982E-02         F               0         Tower X orientation angle, node 2, rad
         38   -1.298E-03,  1.000E+00, -1.554E-03         F               0         Tower Y orientation angle, node 2, rad
         39    7.982E-02,  1.653E-03,  9.968E-01         F               0         Tower Z orientation angle, node 2, rad
         40    9.967E-01,  1.168E-03, -8.116E-02         F               0         Tower X orientation angle, node 3, rad
         41   -1.300E-03,  1.000E+00, -1.579E-03         F               0         Tower Y orientation angle, node 3, rad
         42    8.116E-02,  1.679E-03,  9.967E-01         F               0         Tower Z orientation angle, node 3, rad
         43    9.966E-01,  1.166E-03, -8.228E-02         F               0         Tower X orientation angle, node 4, rad
         44   -1.302E-03,  1.000E+00, -1.600E-03         F               0         Tower Y orientation angle, node 4, rad
         45    8.228E-02,  1.702E-03,  9.966E-01         F               0         Tower Z orientation angle, node 4, rad
         46    9.965E-01,  1.164E-03, -8.319E-02         F               0         Tower X orientation angle, node 5, rad
         47   -1.304E-03,  1.000E+00, -1.618E-03         F               0         Tower Y orientation angle, node 5, rad
         48    8.319E-02,  1.721E-03,  9.965E-01         F               0         Tower Z orientation angle, node 5, rad
         49    9.965E-01,  1.163E-03, -8.391E-02         F               0         Tower X orientation angle, node 6, rad
         50   -1.305E-03,  1.000E+00, -1.634E-03         F               0         Tower Y orientation angle, node 6, rad
         51    8.391E-02,  1.738E-03,  9.965E-01         F               0         Tower Z orientation angle, node 6, rad
         52    9.964E-01,  1.162E-03, -8.445E-02         F               0         Tower X orientation angle, node 7, rad
         53   -1.306E-03,  1.000E+00, -1.646E-03         F               0         Tower Y orientation angle, node 7, rad
         54    8.445E-02,  1.751E-03,  9.964E-01         F               0         Tower Z orientation angle, node 7, rad
         55    9.964E-01,  1.162E-03, -8.483E-02         F               0         Tower X orientation angle, node 8, rad
         56   -1.307E-03,  1.000E+00, -1.656E-03         F               0         Tower Y orientation angle, node 8, rad
         57    8.483E-02,  1.761E-03,  9.964E-01         F               0         Tower Z orientation angle, node 8, rad
         58    9.964E-01,  1.161E-03, -8.509E-02         F               0         Tower X orientation angle, node 9, rad
         59   -1.307E-03,  1.000E+00, -1.664E-03         F               0         Tower Y orientation angle, node 9, rad
         60    8.509E-02,  1.769E-03,  9.964E-01         F               0         Tower Z orientation angle, node 9, rad
         61    9.964E-01,  1.161E-03, -8.524E-02         F               0         Tower X orientation angle, node 10, rad
         62   -1.308E-03,  1.000E+00, -1.668E-03         F               0         Tower Y orientation angle, node 10, rad
         63    8.524E-02,  1.774E-03,  9.964E-01         F               0         Tower Z orientation angle, node 10, rad
         64    9.964E-01,  1.161E-03, -8.532E-02         F               0         Tower X orientation angle, node 11, rad
         65   -1.308E-03,  1.000E+00, -1.671E-03         F               0         Tower Y orientation angle, node 11, rad
         66    8.532E-02,  1.777E-03,  9.964E-01         F               0         Tower Z orientation angle, node 11, rad
         67   -1.138E-04                                 F               0         Tower X translation velocity, node 1, m/s
         68    8.503E-03                                 F               0         Tower Y translation velocity, node 1, m/s
         69    1.978E-03                                 F               0         Tower Z translation velocity, node 1, m/s
         70   -1.791E-04                                 F               0         Tower X translation velocity, node 2, m/s
         71    1.445E-02                                 F               0         Tower Y translation velocity, node 2, m/s
         72    1.973E-03                                 F               0         Tower Z translation velocity, node 2, m/s
         73   -1.992E-04                                 F               0         Tower X translation velocity, node 3, m/s
         74    2.050E-02                                 F               0         Tower Y translation velocity, node 3, m/s
         75    1.965E-03                                 F               0         Tower Z translation velocity, node 3, m/s
         76   -1.836E-04                                 F               0         Tower X translation velocity, node 4, m/s
         77    2.663E-02                                 F               0         Tower Y translation velocity, node 4, m/s
         78    1.953E-03                                 F               0         Tower Z translation velocity, node 4, m/s
         79   -1.372E-04                                 F               0         Tower X translation velocity, node 5, m/s
         80    3.283E-02                                 F               0         Tower Y translation velocity, node 5, m/s
         81    1.939E-03                                 F               0         Tower Z translation velocity, node 5, m/s
         82   -6.463E-05                                 F               0         Tower X translation velocity, node 6, m/s
         83    3.908E-02                                 F               0         Tower Y translation velocity, node 6, m/s
         84    1.922E-03                                 F               0         Tower Z translation velocity, node 6, m/s
         85    2.788E-05                                 F               0         Tower X translation velocity, node 7, m/s
         86    4.538E-02                                 F               0         Tower Y translation velocity, node 7, m/s
         87    1.903E-03                                 F               0         Tower Z translation velocity, node 7, m/s
         88    1.380E-04                                 F               0         Tower X translation velocity, node 8, m/s
         89    5.172E-02                                 F               0         Tower Y translation velocity, node 8, m/s
         90    1.882E-03                                 F               0         Tower Z translation velocity, node 8, m/s
         91    2.615E-04                                 F               0         Tower X translation velocity, node 9, m/s
         92    5.809E-02                                 F               0         Tower Y translation velocity, node 9, m/s
         93    1.861E-03                                 F               0         Tower Z translation velocity, node 9, m/s
         94    3.943E-04                                 F               0         Tower X translation velocity, node 10, m/s
         95    6.448E-02                                 F               0         Tower Y translation velocity, node 10, m/s
         96    1.838E-03                                 F               0         Tower Z translation velocity, node 10, m/s
         97    5.326E-04                                 F               0         Tower X translation velocity, node 11, m/s
         98    7.088E-02                                 F               0         Tower Y translation velocity, node 11, m/s
         99    1.815E-03                                 F               0         Tower Z translation velocity, node 11, m/s
        100    2.489E+01                                 F               0         Hub X translation displacement, node 1, m
        101    2.690E-01                                 F               0         Hub Y translation displacement, node 1, m
        102    2.779E-01                                 F               0         Hub Z translation displacement, node 1, m
        103    9.820E-01,  9.686E-04, -1.890E-01         F               0         Hub X orientation angle, node 1, rad
        104   -1.789E-01, -3.178E-01, -9.311E-01         F               0         Hub Y orientation angle, node 1, rad
        105   -6.097E-02,  9.481E-01, -3.119E-01         F               0         Hub Z orientation angle, node 1, rad
        106    8.694E-01                                 F               0         Hub X rotation velocity, node 1, rad/s
        107    8.697E-04                                 F               0         Hub Y rotation velocity, node 1, rad/s
        108   -1.673E-01                                 F               0         Hub Z rotation velocity, node 1, rad/s
        109    9.869E-01,  1.040E-02, -1.613E-01         F               0         Blade root 1 X orientation angle, node 1, rad
        110   -1.497E-01, -3.177E-01, -9.363E-01         F               0         Blade root 1 Y orientation angle, node 1, rad
        111   -6.097E-02,  9.481E-01, -3.119E-01         F               0         Blade root 1 Z orientation angle, node 1, rad
        112    9.805E-01, -2.811E-02, -1.947E-01         F               0         Blade root 2 X orientation angle, node 1, rad
        113    6.576E-02,  9.796E-01,  1.897E-01         F               0         Blade root 2 Y orientation angle, node 1, rad
        114    1.854E-01, -1.988E-01,  9.623E-01         F               0         Blade root 2 Z orientation angle, node 1, rad
        115    9.773E-01,  2.061E-02, -2.107E-01         F               0         Blade root 3 X orientation angle, node 1, rad
        116    1.713E-01, -6.619E-01,  7.298E-01         F               0         Blade root 3 Y orientation angle, node 1, rad
        117   -1.244E-01, -7.493E-01, -6.504E-01         F               0         Blade root 3 Z orientation angle, node 1, rad
        118    2.398E+01                                 F               0         Blade 1 X translation displacement, node 1, m
        119    5.522E+00                                 F               0         Blade 1 Y translation displacement, node 1, m
        120   -6.960E+00                                 F               0         Blade 1 Z translation displacement, node 1, m
        121    2.376E+01                                 F               0         Blade 1 X translation displacement, node 2, m
        122    6.787E+00                                 F               0         Blade 1 Y translation displacement, node 2, m
        123   -8.704E+00                                 F               0         Blade 1 Z translation displacement, node 2, m
        124    2.075E+01                                 F               0         Blade 1 X translation displacement, node 3, m
        125    2.400E+01                                 F               0         Blade 1 Y translation displacement, node 3, m
        126   -3.242E+01                                 F               0         Blade 1 Z translation displacement, node 3, m
        127    2.011E+01                                 F               0         Blade 1 X translation displacement, node 4, m
        128    2.767E+01                                 F               0         Blade 1 Y translation displacement, node 4, m
        129   -3.747E+01                                 F               0         Blade 1 Z translation displacement, node 4, m
        130    1.947E+01                                 F               0         Blade 1 X translation displacement, node 5, m
        131    3.133E+01                                 F               0         Blade 1 Y translation displacement, node 5, m
        132   -4.253E+01                                 F               0         Blade 1 Z translation displacement, node 5, m
        133    1.883E+01                                 F               0         Blade 1 X translation displacement, node 6, m
        134    3.500E+01                                 F               0         Blade 1 Y translation displacement, node 6, m
        135   -4.758E+01                                 F               0         Blade 1 Z translation displacement, node 6, m
        136    1.819E+01                                 F               0         Blade 1 X translation displacement, node 7, m
        137    3.867E+01                                 F               0         Blade 1 Y translation displacement, node 7, m
        138   -5.263E+01                                 F               0         Blade 1 Z translation displacement, node 7, m
        139    1.755E+01                                 F               0         Blade 1 X translation displacement, node 8, m
        140    4.233E+01                                 F               0         Blade 1 Y translation displacement, node 8, m
        141   -5.768E+01                                 F               0         Blade 1 Z translation displacement, node 8, m
        142    1.691E+01                                 F               0         Blade 1 X translation displacement, node 9, m
        143    4.600E+01                                 F               0         Blade 1 Y translation displacement, node 9, m
        144   -6.274E+01                                 F               0         Blade 1 Z translation displacement, node 9, m
        145    1.627E+01                                 F               0         Blade 1 X translation displacement, node 10, m
        146    4.967E+01                                 F               0         Blade 1 Y translation displacement, node 10, m
        147   -6.779E+01                                 F               0         Blade 1 Z translation displacement, node 10, m
        148    1.563E+01                                 F               0         Blade 1 X translation displacement, node 11, m
        149    5.334E+01                                 F               0         Blade 1 Y translation displacement, node 11, m
        150   -7.284E+01                                 F               0         Blade 1 Z translation displacement, node 11, m
        151    1.499E+01                                 F               0         Blade 1 X translation displacement, node 12, m
        152    5.700E+01                                 F               0         Blade 1 Y translation displacement, node 12, m
        153   -7.790E+01                                 F               0         Blade 1 Z translation displacement, node 12, m
        154    1.435E+01                                 F               0         Blade 1 X translation displacement, node 13, m
        155    6.067E+01                                 F               0         Blade 1 Y translation displacement, node 13, m
        156   -8.295E+01                                 F               0         Blade 1 Z translation displacement, node 13, m
        157    1.371E+01                                 F               0         Blade 1 X translation displacement, node 14, m
        158    6.434E+01                                 F               0         Blade 1 Y translation displacement, node 14, m
        159   -8.800E+01                                 F               0         Blade 1 Z translation displacement, node 14, m
        160    1.307E+01                                 F               0         Blade 1 X translation displacement, node 15, m
        161    6.800E+01                                 F               0         Blade 1 Y translation displacement, node 15, m
        162   -9.305E+01                                 F               0         Blade 1 Z translation displacement, node 15, m
        163    1.243E+01                                 F               0         Blade 1 X translation displacement, node 16, m
        164    7.167E+01                                 F               0         Blade 1 Y translation displacement, node 16, m
        165   -9.811E+01                                 F               0         Blade 1 Z translation displacement, node 16, m
        166    1.179E+01                                 F               0         Blade 1 X translation displacement, node 17, m
        167    7.534E+01                                 F               0         Blade 1 Y translation displacement, node 17, m
        168   -1.032E+02                                 F               0         Blade 1 Z translation displacement, node 17, m
        169    1.115E+01                                 F               0         Blade 1 X translation displacement, node 18, m
        170    7.901E+01                                 F               0         Blade 1 Y translation displacement, node 18, m
        171   -1.082E+02                                 F               0         Blade 1 Z translation displacement, node 18, m
        172    1.051E+01                                 F               0         Blade 1 X translation displacement, node 19, m
        173    8.267E+01                                 F               0         Blade 1 Y translation displacement, node 19, m
        174   -1.133E+02                                 F               0         Blade 1 Z translation displacement, node 19, m
        175    9.871E+00                                 F               0         Blade 1 X translation displacement, node 20, m
        176    8.634E+01                                 F               0         Blade 1 Y translation displacement, node 20, m
        177   -1.183E+02                                 F               0         Blade 1 Z translation displacement, node 20, m
        178    9.231E+00                                 F               0         Blade 1 X translation displacement, node 21, m
        179    9.001E+01                                 F               0         Blade 1 Y translation displacement, node 21, m
        180   -1.234E+02                                 F               0         Blade 1 Z translation displacement, node 21, m
        181    8.591E+00                                 F               0         Blade 1 X translation displacement, node 22, m
        182    9.367E+01                                 F               0         Blade 1 Y translation displacement, node 22, m
        183   -1.284E+02                                 F               0         Blade 1 Z translation displacement, node 22, m
        184    7.951E+00                                 F               0         Blade 1 X translation displacement, node 23, m
        185    9.734E+01                                 F               0         Blade 1 Y translation displacement, node 23, m
        186   -1.335E+02                                 F               0         Blade 1 Z translation displacement, node 23, m
        187    7.310E+00                                 F               0         Blade 1 X translation displacement, node 24, m
        188    1.010E+02                                 F               0         Blade 1 Y translation displacement, node 24, m
        189   -1.385E+02                                 F               0         Blade 1 Z translation displacement, node 24, m
        190    6.670E+00                                 F               0         Blade 1 X translation displacement, node 25, m
        191    1.047E+02                                 F               0         Blade 1 Y translation displacement, node 25, m
        192   -1.436E+02                                 F               0         Blade 1 Z translation displacement, node 25, m
        193    6.030E+00                                 F               0         Blade 1 X translation displacement, node 26, m
        194    1.083E+02                                 F               0         Blade 1 Y translation displacement, node 26, m
        195   -1.486E+02                                 F               0         Blade 1 Z translation displacement, node 26, m
        196    5.390E+00                                 F               0         Blade 1 X translation displacement, node 27, m
        197    1.120E+02                                 F               0         Blade 1 Y translation displacement, node 27, m
        198   -1.537E+02                                 F               0         Blade 1 Z translation displacement, node 27, m
        199    4.848E+00                                 F               0         Blade 1 X translation displacement, node 28, m
        200    1.151E+02                                 F               0         Blade 1 Y translation displacement, node 28, m
        201   -1.580E+02                                 F               0         Blade 1 Z translation displacement, node 28, m
        202    9.465E-01,  1.541E-01,  2.834E-01         F               0         Blade 1 X orientation angle, node 1, rad
        203    3.168E-01, -2.780E-01, -9.068E-01         F               0         Blade 1 Y orientation angle, node 1, rad
        204   -6.097E-02,  9.481E-01, -3.119E-01         F               0         Blade 1 Z orientation angle, node 1, rad
        205    9.465E-01,  1.541E-01,  2.834E-01         F               0         Blade 1 X orientation angle, node 2, rad
        206    3.168E-01, -2.780E-01, -9.068E-01         F               0         Blade 1 Y orientation angle, node 2, rad
        207   -6.097E-02,  9.481E-01, -3.119E-01         F               0         Blade 1 Z orientation angle, node 2, rad
        208    9.946E-01,  8.384E-02,  6.042E-02         F               0         Blade 1 X orientation angle, node 3, rad
        209    8.344E-02, -3.066E-01, -9.482E-01         F               0         Blade 1 Y orientation angle, node 3, rad
        210   -6.097E-02,  9.481E-01, -3.119E-01         F               0         Blade 1 Z orientation angle, node 3, rad
        211    9.973E-01,  7.082E-02,  2.033E-02         F               0         Blade 1 X orientation angle, node 4, rad
        212    4.136E-02, -3.098E-01, -9.499E-01         F               0         Blade 1 Y orientation angle, node 4, rad
        213   -6.097E-02,  9.481E-01, -3.119E-01         F               0         Blade 1 Z orientation angle, node 4, rad
        214    9.981E-01,  6.051E-02, -1.118E-02         F               0         Blade 1 X orientation angle, node 5, rad
        215    8.277E-03, -3.120E-01, -9.500E-01         F               0         Blade 1 Y orientation angle, node 5, rad
        216   -6.097E-02,  9.481E-01, -3.119E-01         F               0         Blade 1 Z orientation angle, node 5, rad
        217    9.980E-01,  5.221E-02, -3.637E-02         F               0         Blade 1 X orientation angle, node 6, rad
        218   -1.820E-02, -3.135E-01, -9.494E-01         F               0         Blade 1 Y orientation angle, node 6, rad
        219   -6.097E-02,  9.481E-01, -3.119E-01         F               0         Blade 1 Z orientation angle, node 6, rad
        220    9.973E-01,  4.536E-02, -5.708E-02         F               0         Blade 1 X orientation angle, node 7, rad
        221   -3.997E-02, -3.146E-01, -9.484E-01         F               0         Blade 1 Y orientation angle, node 7, rad
        222   -6.097E-02,  9.481E-01, -3.119E-01         F               0         Blade 1 Z orientation angle, node 7, rad
        223    9.964E-01,  3.964E-02, -7.428E-02         F               0         Blade 1 X orientation angle, node 8, rad
        224   -5.806E-02, -3.153E-01, -9.472E-01         F               0         Blade 1 Y orientation angle, node 8, rad
        225   -6.097E-02,  9.481E-01, -3.119E-01         F               0         Blade 1 Z orientation angle, node 8, rad
        226    9.954E-01,  3.479E-02, -8.882E-02         F               0         Blade 1 X orientation angle, node 9, rad
        227   -7.336E-02, -3.159E-01, -9.459E-01         F               0         Blade 1 Y orientation angle, node 9, rad
        228   -6.097E-02,  9.481E-01, -3.119E-01         F               0         Blade 1 Z orientation angle, node 9, rad
        229    9.944E-01,  3.060E-02, -1.014E-01         F               0         Blade 1 X orientation angle, node 10, rad
        230   -8.656E-02, -3.164E-01, -9.447E-01         F               0         Blade 1 Y orientation angle, node 10, rad
        231   -6.097E-02,  9.481E-01, -3.119E-01         F               0         Blade 1 Z orientation angle, node 10, rad
        232    9.933E-01,  2.701E-02, -1.121E-01         F               0         Blade 1 X orientation angle, node 11, rad
        233   -9.783E-02, -3.167E-01, -9.435E-01         F               0         Blade 1 Y orientation angle, node 11, rad
        234   -6.097E-02,  9.481E-01, -3.119E-01         F               0         Blade 1 Z orientation angle, node 11, rad
        235    9.923E-01,  2.386E-02, -1.214E-01         F               0         Blade 1 X orientation angle, node 12, rad
        236   -1.077E-01, -3.169E-01, -9.423E-01         F               0         Blade 1 Y orientation angle, node 12, rad
        237   -6.097E-02,  9.481E-01, -3.119E-01         F               0         Blade 1 Z orientation angle, node 12, rad
        238    9.913E-01,  2.109E-02, -1.297E-01         F               0         Blade 1 X orientation angle, node 13, rad
        239   -1.164E-01, -3.171E-01, -9.412E-01         F               0         Blade 1 Y orientation angle, node 13, rad
        240   -6.097E-02,  9.481E-01, -3.119E-01         F               0         Blade 1 Z orientation angle, node 13, rad
        241    9.904E-01,  1.860E-02, -1.371E-01         F               0         Blade 1 X orientation angle, node 14, rad
        242   -1.241E-01, -3.173E-01, -9.402E-01         F               0         Blade 1 Y orientation angle, node 14, rad
        243   -6.097E-02,  9.481E-01, -3.119E-01         F               0         Blade 1 Z orientation angle, node 14, rad
        244    9.895E-01,  1.638E-02, -1.436E-01         F               0         Blade 1 X orientation angle, node 15, rad
        245   -1.311E-01, -3.174E-01, -9.392E-01         F               0         Blade 1 Y orientation angle, node 15, rad
        246   -6.097E-02,  9.481E-01, -3.119E-01         F               0         Blade 1 Z orientation angle, node 15, rad
        247    9.887E-01,  1.439E-02, -1.495E-01         F               0         Blade 1 X orientation angle, node 16, rad
        248   -1.373E-01, -3.175E-01, -9.383E-01         F               0         Blade 1 Y orientation angle, node 16, rad
        249   -6.097E-02,  9.481E-01, -3.119E-01         F               0         Blade 1 Z orientation angle, node 16, rad
        250    9.879E-01,  1.261E-02, -1.548E-01         F               0         Blade 1 X orientation angle, node 17, rad
        251   -1.428E-01, -3.176E-01, -9.374E-01         F               0         Blade 1 Y orientation angle, node 17, rad
        252   -6.097E-02,  9.481E-01, -3.119E-01         F               0         Blade 1 Z orientation angle, node 17, rad
        253    9.871E-01,  1.095E-02, -1.597E-01         F               0         Blade 1 X orientation angle, node 18, rad
        254   -1.480E-01, -3.176E-01, -9.366E-01         F               0         Blade 1 Y orientation angle, node 18, rad
        255   -6.097E-02,  9.481E-01, -3.119E-01         F               0         Blade 1 Z orientation angle, node 18, rad
        256    9.864E-01,  9.454E-03, -1.641E-01         F               0         Blade 1 X orientation angle, node 19, rad
        257   -1.526E-01, -3.177E-01, -9.358E-01         F               0         Blade 1 Y orientation angle, node 19, rad
        258   -6.097E-02,  9.481E-01, -3.119E-01         F               0         Blade 1 Z orientation angle, node 19, rad
        259    9.858E-01,  8.124E-03, -1.680E-01         F               0         Blade 1 X orientation angle, node 20, rad
        260   -1.567E-01, -3.177E-01, -9.351E-01         F               0         Blade 1 Y orientation angle, node 20, rad
        261   -6.097E-02,  9.481E-01, -3.119E-01         F               0         Blade 1 Z orientation angle, node 20, rad
        262    9.851E-01,  6.848E-03, -1.717E-01         F               0         Blade 1 X orientation angle, node 21, rad
        263   -1.607E-01, -3.178E-01, -9.345E-01         F               0         Blade 1 Y orientation angle, node 21, rad
        264   -6.097E-02,  9.481E-01, -3.119E-01         F               0         Blade 1 Z orientation angle, node 21, rad
        265    9.845E-01,  5.683E-03, -1.752E-01         F               0         Blade 1 X orientation angle, node 22, rad
        266   -1.643E-01, -3.178E-01, -9.338E-01         F               0         Blade 1 Y orientation angle, node 22, rad
        267   -6.097E-02,  9.481E-01, -3.119E-01         F               0         Blade 1 Z orientation angle, node 22, rad
        268    9.840E-01,  4.630E-03, -1.783E-01         F               0         Blade 1 X orientation angle, node 23, rad
        269   -1.676E-01, -3.178E-01, -9.332E-01         F               0         Blade 1 Y orientation angle, node 23, rad
        270   -6.097E-02,  9.481E-01, -3.119E-01         F               0         Blade 1 Z orientation angle, node 23, rad
        271    9.834E-01,  3.631E-03, -1.812E-01         F               0         Blade 1 X orientation angle, node 24, rad
        272   -1.707E-01, -3.178E-01, -9.327E-01         F               0         Blade 1 Y orientation angle, node 24, rad
        273   -6.097E-02,  9.481E-01, -3.119E-01         F               0         Blade 1 Z orientation angle, node 24, rad
        274    9.829E-01,  2.688E-03, -1.840E-01         F               0         Blade 1 X orientation angle, node 25, rad
        275   -1.736E-01, -3.178E-01, -9.321E-01         F               0         Blade 1 Y orientation angle, node 25, rad
        276   -6.097E-02,  9.481E-01, -3.119E-01         F               0         Blade 1 Z orientation angle, node 25, rad
        277    9.825E-01,  1.856E-03, -1.864E-01         F               0         Blade 1 X orientation angle, node 26, rad
        278   -1.762E-01, -3.178E-01, -9.316E-01         F               0         Blade 1 Y orientation angle, node 26, rad
        279   -6.097E-02,  9.481E-01, -3.119E-01         F               0         Blade 1 Z orientation angle, node 26, rad
        280    9.820E-01,  1.024E-03, -1.888E-01         F               0         Blade 1 X orientation angle, node 27, rad
        281   -1.787E-01, -3.178E-01, -9.312E-01         F               0         Blade 1 Y orientation angle, node 27, rad
        282   -6.097E-02,  9.481E-01, -3.119E-01         F               0         Blade 1 Z orientation angle, node 27, rad
        283    9.818E-01,  5.803E-04, -1.901E-01         F               0         Blade 1 X orientation angle, node 28, rad
        284   -1.801E-01, -3.178E-01, -9.309E-01         F               0         Blade 1 Y orientation angle, node 28, rad
        285   -6.097E-02,  9.481E-01, -3.119E-01         F               0         Blade 1 Z orientation angle, node 28, rad
        286    8.778E-01                                 F               0         Blade 1 X translation velocity, node 1, m/s
        287    1.633E+00                                 F               0         Blade 1 Y translation velocity, node 1, m/s
        288    4.569E+00                                 F               0         Blade 1 Z translation velocity, node 1, m/s
        289    1.089E+00                                 F               0         Blade 1 X translation velocity, node 2, m/s
        290    2.008E+00                                 F               0         Blade 1 Y translation velocity, node 2, m/s
        291    5.669E+00                                 F               0         Blade 1 Z translation velocity, node 2, m/s
        292    3.963E+00                                 F               0         Blade 1 X translation velocity, node 3, m/s
        293    7.116E+00                                 F               0         Blade 1 Y translation velocity, node 3, m/s
        294    2.063E+01                                 F               0         Blade 1 Z translation velocity, node 3, m/s
        295    4.576E+00                                 F               0         Blade 1 X translation velocity, node 4, m/s
        296    8.204E+00                                 F               0         Blade 1 Y translation velocity, node 4, m/s
        297    2.382E+01                                 F               0         Blade 1 Z translation velocity, node 4, m/s
        298    5.188E+00                                 F               0         Blade 1 X translation velocity, node 5, m/s
        299    9.293E+00                                 F               0         Blade 1 Y translation velocity, node 5, m/s
        300    2.701E+01                                 F               0         Blade 1 Z translation velocity, node 5, m/s
        301    5.801E+00                                 F               0         Blade 1 X translation velocity, node 6, m/s
        302    1.038E+01                                 F               0         Blade 1 Y translation velocity, node 6, m/s
        303    3.020E+01                                 F               0         Blade 1 Z translation velocity, node 6, m/s
        304    6.413E+00                                 F               0         Blade 1 X translation velocity, node 7, m/s
        305    1.147E+01                                 F               0         Blade 1 Y translation velocity, node 7, m/s
        306    3.339E+01                                 F               0         Blade 1 Z translation velocity, node 7, m/s
        307    7.025E+00                                 F               0         Blade 1 X translation velocity, node 8, m/s
