
Linearized model: Predictions were generated on 24-Jan-2024 at 11:24:37 using OpenFAST, compiled as a 64-bit application using single precision at commit v3.5.1
 linked with  NWTC Subroutine Library; ElastoDyn; InflowWind; AeroDyn; ServoDyn; HydroDyn; MAP++ (<1.20.10>, <Oct-20-2023>)

Description from the FAST input file: CCT-9 Campign 4 model. Input files to be run with OpenFAST 3.5.0. GitHub branch from Lu Wang (https://github.com/luwang00/openfast/tree/dev) compiled on March 7, 2023.

Simulation information:
   Simulation time:                   503.2250 s
   Rotor Speed:                         0.8942 rad/s
   Azimuth:                             4.4233 rad
   Wind Speed:                         10.0000 m/s
   Number of continuous states:         0
   Number of discrete states:           0
   Number of constraint states:         0
   Number of inputs:                 1746
   Number of outputs:                   4
   Jacobians included in this file?    No

Order of inputs:
     Column   Operating Point                     Rotating Frame? Derivative Order Description
   ---------- ---------------                     --------------- ---------------- -----------
          1    1.535E-01                                 F               0         Tower X translation displacement, node 1, m
          2   -1.355E+00                                 F               0         Tower Y translation displacement, node 1, m
          3   -4.807E-02                                 F               0         Tower Z translation displacement, node 1, m
          4    3.902E-01                                 F               0         Tower X translation displacement, node 2, m
          5   -1.889E+00                                 F               0         Tower Y translation displacement, node 2, m
          6   -6.192E-02                                 F               0         Tower Z translation displacement, node 2, m
          7    6.403E-01                                 F               0         Tower X translation displacement, node 3, m
          8   -2.429E+00                                 F               0         Tower Y translation displacement, node 3, m
          9   -7.624E-02                                 F               0         Tower Z translation displacement, node 3, m
         10    9.001E-01                                 F               0         Tower X translation displacement, node 4, m
         11   -2.972E+00                                 F               0         Tower Y translation displacement, node 4, m
         12   -9.094E-02                                 F               0         Tower Z translation displacement, node 4, m
         13    1.168E+00                                 F               0         Tower X translation displacement, node 5, m
         14   -3.520E+00                                 F               0         Tower Y translation displacement, node 5, m
         15   -1.060E-01                                 F               0         Tower Z translation displacement, node 5, m
         16    1.442E+00                                 F               0         Tower X translation displacement, node 6, m
         17   -4.070E+00                                 F               0         Tower Y translation displacement, node 6, m
         18   -1.213E-01                                 F               0         Tower Z translation displacement, node 6, m
         19    1.719E+00                                 F               0         Tower X translation displacement, node 7, m
         20   -4.622E+00                                 F               0         Tower Y translation displacement, node 7, m
         21   -1.367E-01                                 F               0         Tower Z translation displacement, node 7, m
         22    2.001E+00                                 F               0         Tower X translation displacement, node 8, m
         23   -5.176E+00                                 F               0         Tower Y translation displacement, node 8, m
         24   -1.524E-01                                 F               0         Tower Z translation displacement, node 8, m
         25    2.284E+00                                 F               0         Tower X translation displacement, node 9, m
         26   -5.732E+00                                 F               0         Tower Y translation displacement, node 9, m
         27   -1.681E-01                                 F               0         Tower Z translation displacement, node 9, m
         28    2.568E+00                                 F               0         Tower X translation displacement, node 10, m
         29   -6.288E+00                                 F               0         Tower Y translation displacement, node 10, m
         30   -1.839E-01                                 F               0         Tower Z translation displacement, node 10, m
         31    2.853E+00                                 F               0         Tower X translation displacement, node 11, m
         32   -6.846E+00                                 F               0         Tower Y translation displacement, node 11, m
         33   -1.998E-01                                 F               0         Tower Z translation displacement, node 11, m
         34    9.998E-01,  7.906E-03, -1.840E-02         F               0         Tower X orientation angle, node 1, rad
         35   -7.104E-03,  9.990E-01,  4.325E-02         F               0         Tower Y orientation angle, node 1, rad
         36    1.873E-02, -4.311E-02,  9.989E-01         F               0         Tower Z orientation angle, node 1, rad
         37    9.998E-01,  7.950E-03, -1.942E-02         F               0         Tower X orientation angle, node 2, rad
         38   -7.096E-03,  9.990E-01,  4.364E-02         F               0         Tower Y orientation angle, node 2, rad
         39    1.975E-02, -4.349E-02,  9.989E-01         F               0         Tower Z orientation angle, node 2, rad
         40    9.998E-01,  7.988E-03, -2.029E-02         F               0         Tower X orientation angle, node 3, rad
         41   -7.089E-03,  9.990E-01,  4.399E-02         F               0         Tower Y orientation angle, node 3, rad
         42    2.062E-02, -4.384E-02,  9.988E-01         F               0         Tower Z orientation angle, node 3, rad
         43    9.997E-01,  8.019E-03, -2.100E-02         F               0         Tower X orientation angle, node 4, rad
         44   -7.083E-03,  9.990E-01,  4.430E-02         F               0         Tower Y orientation angle, node 4, rad
         45    2.134E-02, -4.414E-02,  9.988E-01         F               0         Tower Z orientation angle, node 4, rad
         46    9.997E-01,  8.044E-03, -2.157E-02         F               0         Tower X orientation angle, node 5, rad
         47   -7.077E-03,  9.990E-01,  4.456E-02         F               0         Tower Y orientation angle, node 5, rad
         48    2.191E-02, -4.439E-02,  9.988E-01         F               0         Tower Z orientation angle, node 5, rad
         49    9.997E-01,  8.064E-03, -2.200E-02         F               0         Tower X orientation angle, node 6, rad
         50   -7.072E-03,  9.990E-01,  4.478E-02         F               0         Tower Y orientation angle, node 6, rad
         51    2.234E-02, -4.461E-02,  9.988E-01         F               0         Tower Z orientation angle, node 6, rad
         52    9.997E-01,  8.077E-03, -2.230E-02         F               0         Tower X orientation angle, node 7, rad
         53   -7.068E-03,  9.990E-01,  4.495E-02         F               0         Tower Y orientation angle, node 7, rad
         54    2.264E-02, -4.478E-02,  9.987E-01         F               0         Tower Z orientation angle, node 7, rad
         55    9.997E-01,  8.087E-03, -2.251E-02         F               0         Tower X orientation angle, node 8, rad
         56   -7.065E-03,  9.990E-01,  4.509E-02         F               0         Tower Y orientation angle, node 8, rad
         57    2.285E-02, -4.492E-02,  9.987E-01         F               0         Tower Z orientation angle, node 8, rad
         58    9.997E-01,  8.092E-03, -2.264E-02         F               0         Tower X orientation angle, node 9, rad
         59   -7.063E-03,  9.990E-01,  4.519E-02         F               0         Tower Y orientation angle, node 9, rad
         60    2.298E-02, -4.502E-02,  9.987E-01         F               0         Tower Z orientation angle, node 9, rad
         61    9.997E-01,  8.096E-03, -2.270E-02         F               0         Tower X orientation angle, node 10, rad
         62   -7.062E-03,  9.990E-01,  4.525E-02         F               0         Tower Y orientation angle, node 10, rad
         63    2.305E-02, -4.508E-02,  9.987E-01         F               0         Tower Z orientation angle, node 10, rad
         64    9.997E-01,  8.097E-03, -2.273E-02         F               0         Tower X orientation angle, node 11, rad
         65   -7.061E-03,  9.989E-01,  4.529E-02         F               0         Tower Y orientation angle, node 11, rad
         66    2.308E-02, -4.512E-02,  9.987E-01         F               0         Tower Z orientation angle, node 11, rad
         67    2.660E-06                                 F               0         Tower X translation velocity, node 1, m/s
         68    1.156E-06                                 F               0         Tower Y translation velocity, node 1, m/s
         69    0.000E+00                                 F               0         Tower Z translation velocity, node 1, m/s
         70    5.981E-06                                 F               0         Tower X translation velocity, node 2, m/s
         71    4.670E-05                                 F               0         Tower Y translation velocity, node 2, m/s
         72    1.914E-06                                 F               0         Tower Z translation velocity, node 2, m/s
         73    1.275E-05                                 F               0         Tower X translation velocity, node 3, m/s
         74    2.077E-04                                 F               0         Tower Y translation velocity, node 3, m/s
         75    8.817E-06                                 F               0         Tower Z translation velocity, node 3, m/s
         76    2.156E-05                                 F               0         Tower X translation velocity, node 4, m/s
         77    4.613E-04                                 F               0         Tower Y translation velocity, node 4, m/s
         78    1.981E-05                                 F               0         Tower Z translation velocity, node 4, m/s
         79    3.146E-05                                 F               0         Tower X translation velocity, node 5, m/s
         80    7.964E-04                                 F               0         Tower Y translation velocity, node 5, m/s
         81    3.445E-05                                 F               0         Tower Z translation velocity, node 5, m/s
         82    4.164E-05                                 F               0         Tower X translation velocity, node 6, m/s
         83    1.202E-03                                 F               0         Tower Y translation velocity, node 6, m/s
         84    5.230E-05                                 F               0         Tower Z translation velocity, node 6, m/s
         85    5.154E-05                                 F               0         Tower X translation velocity, node 7, m/s
         86    1.662E-03                                 F               0         Tower Y translation velocity, node 7, m/s
         87    7.268E-05                                 F               0         Tower Z translation velocity, node 7, m/s
         88    6.074E-05                                 F               0         Tower X translation velocity, node 8, m/s
         89    2.172E-03                                 F               0         Tower Y translation velocity, node 8, m/s
         90    9.537E-05                                 F               0         Tower Z translation velocity, node 8, m/s
         91    6.902E-05                                 F               0         Tower X translation velocity, node 9, m/s
         92    2.720E-03                                 F               0         Tower Y translation velocity, node 9, m/s
         93    1.199E-04                                 F               0         Tower Z translation velocity, node 9, m/s
         94    7.639E-05                                 F               0         Tower X translation velocity, node 10, m/s
         95    3.296E-03                                 F               0         Tower Y translation velocity, node 10, m/s
         96    1.456E-04                                 F               0         Tower Z translation velocity, node 10, m/s
         97    8.301E-05                                 F               0         Tower X translation velocity, node 11, m/s
         98    3.888E-03                                 F               0         Tower Y translation velocity, node 11, m/s
         99    1.722E-04                                 F               0         Tower Z translation velocity, node 11, m/s
        100    3.038E+00                                 F               0         Hub X translation displacement, node 1, m
        101   -7.287E+00                                 F               0         Hub Y translation displacement, node 1, m
        102    3.564E-02                                 F               0         Hub Z translation displacement, node 1, m
        103    9.918E-01,  1.277E-02, -1.270E-01         F               0         Hub X orientation angle, node 1, rad
        104   -1.201E-01, -2.426E-01, -9.627E-01         F               0         Hub Y orientation angle, node 1, rad
        105   -4.310E-02,  9.701E-01, -2.390E-01         F               0         Hub Z orientation angle, node 1, rad
        106    8.868E-01                                 F               0         Hub X rotation velocity, node 1, rad/s
        107    1.142E-02                                 F               0         Hub Y rotation velocity, node 1, rad/s
        108   -1.136E-01                                 F               0         Hub Z rotation velocity, node 1, rad/s
        109    9.949E-01,  1.996E-02, -9.839E-02         F               0         Blade root 1 X orientation angle, node 1, rad
        110   -9.067E-02, -2.421E-01, -9.660E-01         F               0         Blade root 1 Y orientation angle, node 1, rad
        111   -4.310E-02,  9.701E-01, -2.390E-01         F               0         Blade root 1 Z orientation angle, node 1, rad
        112    9.907E-01, -1.576E-02, -1.351E-01         F               0         Blade root 2 X orientation angle, node 1, rad
        113    5.216E-02,  9.613E-01,  2.704E-01         F               0         Blade root 2 Y orientation angle, node 1, rad
        114    1.256E-01, -2.750E-01,  9.532E-01         F               0         Blade root 2 Z orientation angle, node 1, rad
        115    9.885E-01,  3.409E-02, -1.474E-01         F               0         Blade root 3 X orientation angle, node 1, rad
        116    1.268E-01, -7.181E-01,  6.843E-01         F               0         Blade root 3 Y orientation angle, node 1, rad
        117   -8.250E-02, -6.951E-01, -7.142E-01         F               0         Blade root 3 Z orientation angle, node 1, rad
        118    2.220E+00                                 F               0         Blade 1 X translation displacement, node 1, m
        119   -1.913E+00                                 F               0         Blade 1 Y translation displacement, node 1, m
        120   -6.798E+00                                 F               0         Blade 1 Z translation displacement, node 1, m
        121    2.023E+00                                 F               0         Blade 1 X translation displacement, node 2, m
        122   -6.182E-01                                 F               0         Blade 1 Y translation displacement, node 2, m
        123   -8.445E+00                                 F               0         Blade 1 Z translation displacement, node 2, m
        124   -6.571E-01                                 F               0         Blade 1 X translation displacement, node 3, m
        125    1.699E+01                                 F               0         Blade 1 Y translation displacement, node 3, m
        126   -3.084E+01                                 F               0         Blade 1 Z translation displacement, node 3, m
        127   -1.228E+00                                 F               0         Blade 1 X translation displacement, node 4, m
        128    2.074E+01                                 F               0         Blade 1 Y translation displacement, node 4, m
        129   -3.561E+01                                 F               0         Blade 1 Z translation displacement, node 4, m
        130   -1.799E+00                                 F               0         Blade 1 X translation displacement, node 5, m
        131    2.449E+01                                 F               0         Blade 1 Y translation displacement, node 5, m
        132   -4.038E+01                                 F               0         Blade 1 Z translation displacement, node 5, m
        133   -2.370E+00                                 F               0         Blade 1 X translation displacement, node 6, m
        134    2.825E+01                                 F               0         Blade 1 Y translation displacement, node 6, m
        135   -4.515E+01                                 F               0         Blade 1 Z translation displacement, node 6, m
        136   -2.941E+00                                 F               0         Blade 1 X translation displacement, node 7, m
        137    3.200E+01                                 F               0         Blade 1 Y translation displacement, node 7, m
        138   -4.992E+01                                 F               0         Blade 1 Z translation displacement, node 7, m
        139   -3.512E+00                                 F               0         Blade 1 X translation displacement, node 8, m
        140    3.575E+01                                 F               0         Blade 1 Y translation displacement, node 8, m
        141   -5.469E+01                                 F               0         Blade 1 Z translation displacement, node 8, m
        142   -4.083E+00                                 F               0         Blade 1 X translation displacement, node 9, m
        143    3.950E+01                                 F               0         Blade 1 Y translation displacement, node 9, m
        144   -5.946E+01                                 F               0         Blade 1 Z translation displacement, node 9, m
        145   -4.654E+00                                 F               0         Blade 1 X translation displacement, node 10, m
        146    4.325E+01                                 F               0         Blade 1 Y translation displacement, node 10, m
        147   -6.423E+01                                 F               0         Blade 1 Z translation displacement, node 10, m
        148   -5.225E+00                                 F               0         Blade 1 X translation displacement, node 11, m
        149    4.701E+01                                 F               0         Blade 1 Y translation displacement, node 11, m
        150   -6.901E+01                                 F               0         Blade 1 Z translation displacement, node 11, m
        151   -5.796E+00                                 F               0         Blade 1 X translation displacement, node 12, m
        152    5.076E+01                                 F               0         Blade 1 Y translation displacement, node 12, m
        153   -7.378E+01                                 F               0         Blade 1 Z translation displacement, node 12, m
        154   -6.367E+00                                 F               0         Blade 1 X translation displacement, node 13, m
        155    5.451E+01                                 F               0         Blade 1 Y translation displacement, node 13, m
        156   -7.855E+01                                 F               0         Blade 1 Z translation displacement, node 13, m
        157   -6.938E+00                                 F               0         Blade 1 X translation displacement, node 14, m
        158    5.826E+01                                 F               0         Blade 1 Y translation displacement, node 14, m
        159   -8.332E+01                                 F               0         Blade 1 Z translation displacement, node 14, m
        160   -7.509E+00                                 F               0         Blade 1 X translation displacement, node 15, m
        161    6.201E+01                                 F               0         Blade 1 Y translation displacement, node 15, m
        162   -8.809E+01                                 F               0         Blade 1 Z translation displacement, node 15, m
        163   -8.080E+00                                 F               0         Blade 1 X translation displacement, node 16, m
        164    6.576E+01                                 F               0         Blade 1 Y translation displacement, node 16, m
        165   -9.286E+01                                 F               0         Blade 1 Z translation displacement, node 16, m
        166   -8.651E+00                                 F               0         Blade 1 X translation displacement, node 17, m
        167    6.952E+01                                 F               0         Blade 1 Y translation displacement, node 17, m
        168   -9.763E+01                                 F               0         Blade 1 Z translation displacement, node 17, m
        169   -9.222E+00                                 F               0         Blade 1 X translation displacement, node 18, m
        170    7.327E+01                                 F               0         Blade 1 Y translation displacement, node 18, m
        171   -1.024E+02                                 F               0         Blade 1 Z translation displacement, node 18, m
        172   -9.793E+00                                 F               0         Blade 1 X translation displacement, node 19, m
        173    7.702E+01                                 F               0         Blade 1 Y translation displacement, node 19, m
        174   -1.072E+02                                 F               0         Blade 1 Z translation displacement, node 19, m
        175   -1.036E+01                                 F               0         Blade 1 X translation displacement, node 20, m
        176    8.077E+01                                 F               0         Blade 1 Y translation displacement, node 20, m
        177   -1.119E+02                                 F               0         Blade 1 Z translation displacement, node 20, m
        178   -1.093E+01                                 F               0         Blade 1 X translation displacement, node 21, m
        179    8.452E+01                                 F               0         Blade 1 Y translation displacement, node 21, m
        180   -1.167E+02                                 F               0         Blade 1 Z translation displacement, node 21, m
        181   -1.151E+01                                 F               0         Blade 1 X translation displacement, node 22, m
        182    8.828E+01                                 F               0         Blade 1 Y translation displacement, node 22, m
        183   -1.215E+02                                 F               0         Blade 1 Z translation displacement, node 22, m
        184   -1.208E+01                                 F               0         Blade 1 X translation displacement, node 23, m
        185    9.203E+01                                 F               0         Blade 1 Y translation displacement, node 23, m
        186   -1.263E+02                                 F               0         Blade 1 Z translation displacement, node 23, m
        187   -1.265E+01                                 F               0         Blade 1 X translation displacement, node 24, m
        188    9.578E+01                                 F               0         Blade 1 Y translation displacement, node 24, m
        189   -1.310E+02                                 F               0         Blade 1 Z translation displacement, node 24, m
        190   -1.322E+01                                 F               0         Blade 1 X translation displacement, node 25, m
        191    9.953E+01                                 F               0         Blade 1 Y translation displacement, node 25, m
        192   -1.358E+02                                 F               0         Blade 1 Z translation displacement, node 25, m
        193   -1.379E+01                                 F               0         Blade 1 X translation displacement, node 26, m
        194    1.033E+02                                 F               0         Blade 1 Y translation displacement, node 26, m
        195   -1.406E+02                                 F               0         Blade 1 Z translation displacement, node 26, m
        196   -1.436E+01                                 F               0         Blade 1 X translation displacement, node 27, m
        197    1.070E+02                                 F               0         Blade 1 Y translation displacement, node 27, m
        198   -1.453E+02                                 F               0         Blade 1 Z translation displacement, node 27, m
        199   -1.484E+01                                 F               0         Blade 1 X translation displacement, node 28, m
        200    1.102E+02                                 F               0         Blade 1 Y translation displacement, node 28, m
        201   -1.494E+02                                 F               0         Blade 1 Z translation displacement, node 28, m
        202    9.268E-01,  1.282E-01,  3.529E-01         F               0         Blade 1 X orientation angle, node 1, rad
        203    3.730E-01, -2.063E-01, -9.046E-01         F               0         Blade 1 Y orientation angle, node 1, rad
        204   -4.310E-02,  9.701E-01, -2.390E-01         F               0         Blade 1 Z orientation angle, node 1, rad
        205    9.268E-01,  1.282E-01,  3.529E-01         F               0         Blade 1 X orientation angle, node 2, rad
        206    3.730E-01, -2.063E-01, -9.046E-01         F               0         Blade 1 Y orientation angle, node 2, rad
        207   -4.310E-02,  9.701E-01, -2.390E-01         F               0         Blade 1 Z orientation angle, node 2, rad
        208    9.888E-01,  7.560E-02,  1.285E-01         F               0         Blade 1 X orientation angle, node 3, rad
        209    1.427E-01, -2.308E-01, -9.625E-01         F               0         Blade 1 Y orientation angle, node 3, rad
        210   -4.310E-02,  9.701E-01, -2.390E-01         F               0         Blade 1 Z orientation angle, node 3, rad
        211    9.940E-01,  6.578E-02,  8.774E-02         F               0         Blade 1 X orientation angle, node 4, rad
        212    1.008E-01, -2.338E-01, -9.670E-01         F               0         Blade 1 Y orientation angle, node 4, rad
        213   -4.310E-02,  9.701E-01, -2.390E-01         F               0         Blade 1 Z orientation angle, node 4, rad
        214    9.968E-01,  5.800E-02,  5.563E-02         F               0         Blade 1 X orientation angle, node 5, rad
        215    6.783E-02, -2.359E-01, -9.694E-01         F               0         Blade 1 Y orientation angle, node 5, rad
        216   -4.310E-02,  9.701E-01, -2.390E-01         F               0         Blade 1 Z orientation angle, node 5, rad
        217    9.982E-01,  5.172E-02,  2.990E-02         F               0         Blade 1 X orientation angle, node 6, rad
        218    4.137E-02, -2.373E-01, -9.705E-01         F               0         Blade 1 Y orientation angle, node 6, rad
        219   -4.310E-02,  9.701E-01, -2.390E-01         F               0         Blade 1 Z orientation angle, node 6, rad
        220    9.989E-01,  4.653E-02,  8.719E-03         F               0         Blade 1 X orientation angle, node 7, rad
        221    1.958E-02, -2.384E-01, -9.710E-01         F               0         Blade 1 Y orientation angle, node 7, rad
        222   -4.310E-02,  9.701E-01, -2.390E-01         F               0         Blade 1 Z orientation angle, node 7, rad
        223    9.991E-01,  4.219E-02, -8.906E-03         F               0         Blade 1 X orientation angle, node 8, rad
        224    1.447E-03, -2.392E-01, -9.710E-01         F               0         Blade 1 Y orientation angle, node 8, rad
        225   -4.310E-02,  9.701E-01, -2.390E-01         F               0         Blade 1 Z orientation angle, node 8, rad
        226    9.990E-01,  3.851E-02, -2.382E-02         F               0         Blade 1 X orientation angle, node 9, rad
        227   -1.390E-02, -2.398E-01, -9.707E-01         F               0         Blade 1 Y orientation angle, node 9, rad
        228   -4.310E-02,  9.701E-01, -2.390E-01         F               0         Blade 1 Z orientation angle, node 9, rad
        229    9.987E-01,  3.533E-02, -3.669E-02         F               0         Blade 1 X orientation angle, node 10, rad
        230   -2.715E-02, -2.403E-01, -9.703E-01         F               0         Blade 1 Y orientation angle, node 10, rad
        231   -4.310E-02,  9.701E-01, -2.390E-01         F               0         Blade 1 Z orientation angle, node 10, rad
        232    9.983E-01,  3.260E-02, -4.770E-02         F               0         Blade 1 X orientation angle, node 11, rad
        233   -3.847E-02, -2.407E-01, -9.698E-01         F               0         Blade 1 Y orientation angle, node 11, rad
        234   -4.310E-02,  9.701E-01, -2.390E-01         F               0         Blade 1 Z orientation angle, node 11, rad
        235    9.979E-01,  3.021E-02, -5.734E-02         F               0         Blade 1 X orientation angle, node 12, rad
        236   -4.840E-02, -2.410E-01, -9.693E-01         F               0         Blade 1 Y orientation angle, node 12, rad
        237   -4.310E-02,  9.701E-01, -2.390E-01         F               0         Blade 1 Z orientation angle, node 12, rad
        238    9.974E-01,  2.810E-02, -6.580E-02         F               0         Blade 1 X orientation angle, node 13, rad
        239   -5.711E-02, -2.413E-01, -9.688E-01         F               0         Blade 1 Y orientation angle, node 13, rad
        240   -4.310E-02,  9.701E-01, -2.390E-01         F               0         Blade 1 Z orientation angle, node 13, rad
        241    9.970E-01,  2.620E-02, -7.341E-02         F               0         Blade 1 X orientation angle, node 14, rad
        242   -6.494E-02, -2.415E-01, -9.682E-01         F               0         Blade 1 Y orientation angle, node 14, rad
        243   -4.310E-02,  9.701E-01, -2.390E-01         F               0         Blade 1 Z orientation angle, node 14, rad
        244    9.965E-01,  2.452E-02, -8.016E-02         F               0         Blade 1 X orientation angle, node 15, rad
        245   -7.190E-02, -2.417E-01, -9.677E-01         F               0         Blade 1 Y orientation angle, node 15, rad
        246   -4.310E-02,  9.701E-01, -2.390E-01         F               0         Blade 1 Z orientation angle, node 15, rad
        247    9.960E-01,  2.300E-02, -8.624E-02         F               0         Blade 1 X orientation angle, node 16, rad
        248   -7.816E-02, -2.418E-01, -9.672E-01         F               0         Blade 1 Y orientation angle, node 16, rad
        249   -4.310E-02,  9.701E-01, -2.390E-01         F               0         Blade 1 Z orientation angle, node 16, rad
        250    9.956E-01,  2.165E-02, -9.164E-02         F               0         Blade 1 X orientation angle, node 17, rad
        251   -8.372E-02, -2.419E-01, -9.667E-01         F               0         Blade 1 Y orientation angle, node 17, rad
        252   -4.310E-02,  9.701E-01, -2.390E-01         F               0         Blade 1 Z orientation angle, node 17, rad
        253    9.951E-01,  2.038E-02, -9.670E-02         F               0         Blade 1 X orientation angle, node 18, rad
        254   -8.893E-02, -2.420E-01, -9.662E-01         F               0         Blade 1 Y orientation angle, node 18, rad
        255   -4.310E-02,  9.701E-01, -2.390E-01         F               0         Blade 1 Z orientation angle, node 18, rad
        256    9.947E-01,  1.924E-02, -1.013E-01         F               0         Blade 1 X orientation angle, node 19, rad
        257   -9.362E-02, -2.421E-01, -9.657E-01         F               0         Blade 1 Y orientation angle, node 19, rad
        258   -4.310E-02,  9.701E-01, -2.390E-01         F               0         Blade 1 Z orientation angle, node 19, rad
        259    9.943E-01,  1.823E-02, -1.053E-01         F               0         Blade 1 X orientation angle, node 20, rad
        260   -9.779E-02, -2.422E-01, -9.653E-01         F               0         Blade 1 Y orientation angle, node 20, rad
        261   -4.310E-02,  9.701E-01, -2.390E-01         F               0         Blade 1 Z orientation angle, node 20, rad
        262    9.939E-01,  1.725E-02, -1.092E-01         F               0         Blade 1 X orientation angle, node 21, rad
        263   -1.018E-01, -2.423E-01, -9.649E-01         F               0         Blade 1 Y orientation angle, node 21, rad
        264   -4.310E-02,  9.701E-01, -2.390E-01         F               0         Blade 1 Z orientation angle, node 21, rad
        265    9.935E-01,  1.637E-02, -1.127E-01         F               0         Blade 1 X orientation angle, node 22, rad
        266   -1.054E-01, -2.424E-01, -9.644E-01         F               0         Blade 1 Y orientation angle, node 22, rad
        267   -4.310E-02,  9.701E-01, -2.390E-01         F               0         Blade 1 Z orientation angle, node 22, rad
        268    9.931E-01,  1.556E-02, -1.159E-01         F               0         Blade 1 X orientation angle, node 23, rad
        269   -1.087E-01, -2.424E-01, -9.641E-01         F               0         Blade 1 Y orientation angle, node 23, rad
        270   -4.310E-02,  9.701E-01, -2.390E-01         F               0         Blade 1 Z orientation angle, node 23, rad
        271    9.928E-01,  1.480E-02, -1.189E-01         F               0         Blade 1 X orientation angle, node 24, rad
        272   -1.118E-01, -2.425E-01, -9.637E-01         F               0         Blade 1 Y orientation angle, node 24, rad
        273   -4.310E-02,  9.701E-01, -2.390E-01         F               0         Blade 1 Z orientation angle, node 24, rad
        274    9.925E-01,  1.408E-02, -1.218E-01         F               0         Blade 1 X orientation angle, node 25, rad
        275   -1.148E-01, -2.425E-01, -9.633E-01         F               0         Blade 1 Y orientation angle, node 25, rad
        276   -4.310E-02,  9.701E-01, -2.390E-01         F               0         Blade 1 Z orientation angle, node 25, rad
        277    9.922E-01,  1.345E-02, -1.243E-01         F               0         Blade 1 X orientation angle, node 26, rad
        278   -1.174E-01, -2.425E-01, -9.630E-01         F               0         Blade 1 Y orientation angle, node 26, rad
        279   -4.310E-02,  9.701E-01, -2.390E-01         F               0         Blade 1 Z orientation angle, node 26, rad
        280    9.918E-01,  1.281E-02, -1.268E-01         F               0         Blade 1 X orientation angle, node 27, rad
        281   -1.200E-01, -2.426E-01, -9.627E-01         F               0         Blade 1 Y orientation angle, node 27, rad
        282   -4.310E-02,  9.701E-01, -2.390E-01         F               0         Blade 1 Z orientation angle, node 27, rad
        283    9.917E-01,  1.247E-02, -1.282E-01         F               0         Blade 1 X orientation angle, node 28, rad
        284   -1.214E-01, -2.426E-01, -9.625E-01         F               0         Blade 1 Y orientation angle, node 28, rad
        285   -4.310E-02,  9.701E-01, -2.390E-01         F               0         Blade 1 Z orientation angle, node 28, rad
        286    5.952E-01                                 F               0         Blade 1 X translation velocity, node 1, m/s
        287    1.206E+00                                 F               0         Blade 1 Y translation velocity, node 1, m/s
        288    4.769E+00                                 F               0         Blade 1 Z translation velocity, node 1, m/s
        289    7.386E-01                                 F               0         Blade 1 X translation velocity, node 2, m/s
        290    1.495E+00                                 F               0         Blade 1 Y translation velocity, node 2, m/s
        291    5.918E+00                                 F               0         Blade 1 Z translation velocity, node 2, m/s
        292    2.689E+00                                 F               0         Blade 1 X translation velocity, node 3, m/s
        293    5.432E+00                                 F               0         Blade 1 Y translation velocity, node 3, m/s
        294    2.154E+01                                 F               0         Blade 1 Z translation velocity, node 3, m/s
        295    3.104E+00                                 F               0         Blade 1 X translation velocity, node 4, m/s
        296    6.271E+00                                 F               0         Blade 1 Y translation velocity, node 4, m/s
        297    2.487E+01                                 F               0         Blade 1 Z translation velocity, node 4, m/s
        298    3.520E+00                                 F               0         Blade 1 X translation velocity, node 5, m/s
        299    7.110E+00                                 F               0         Blade 1 Y translation velocity, node 5, m/s
        300    2.820E+01                                 F               0         Blade 1 Z translation velocity, node 5, m/s
        301    3.935E+00                                 F               0         Blade 1 X translation velocity, node 6, m/s
        302    7.949E+00                                 F               0         Blade 1 Y translation velocity, node 6, m/s
        303    3.153E+01                                 F               0         Blade 1 Z translation velocity, node 6, m/s
        304    4.351E+00                                 F               0         Blade 1 X translation velocity, node 7, m/s
        305    8.787E+00                                 F               0         Blade 1 Y translation velocity, node 7, m/s
        306    3.486E+01                                 F               0         Blade 1 Z translation velocity, node 7, m/s
        307    4.766E+00                                 F               0         Blade 1 X translation velocity, node 8, m/s
