
Linearized model: Predictions were generated on 24-Jan-2024 at 11:24:37 using OpenFAST, compiled as a 64-bit application using single precision at commit v3.5.1
 linked with  NWTC Subroutine Library; ElastoDyn; InflowWind; AeroDyn; ServoDyn; HydroDyn; MAP++ (<1.20.10>, <Oct-20-2023>)

Description from the FAST input file: CCT-9 Campign 4 model. Input files to be run with OpenFAST 3.5.0. GitHub branch from Lu Wang (https://github.com/luwang00/openfast/tree/dev) compiled on March 7, 2023.

Simulation information:
   Simulation time:                   504.2000 s
   Rotor Speed:                         0.8940 rad/s
   Azimuth:                             5.2951 rad
   Wind Speed:                         10.0000 m/s
   Number of continuous states:         0
   Number of discrete states:           0
   Number of constraint states:         0
   Number of inputs:                 1746
   Number of outputs:                   4
   Jacobians included in this file?    No

Order of inputs:
     Column   Operating Point                     Rotating Frame? Derivative Order Description
   ---------- ---------------                     --------------- ---------------- -----------
          1    1.535E-01                                 F               0         Tower X translation displacement, node 1, m
          2   -1.355E+00                                 F               0         Tower Y translation displacement, node 1, m
          3   -4.807E-02                                 F               0         Tower Z translation displacement, node 1, m
          4    3.902E-01                                 F               0         Tower X translation displacement, node 2, m
          5   -1.889E+00                                 F               0         Tower Y translation displacement, node 2, m
          6   -6.192E-02                                 F               0         Tower Z translation displacement, node 2, m
          7    6.403E-01                                 F               0         Tower X translation displacement, node 3, m
          8   -2.429E+00                                 F               0         Tower Y translation displacement, node 3, m
          9   -7.623E-02                                 F               0         Tower Z translation displacement, node 3, m
         10    9.001E-01                                 F               0         Tower X translation displacement, node 4, m
         11   -2.972E+00                                 F               0         Tower Y translation displacement, node 4, m
         12   -9.093E-02                                 F               0         Tower Z translation displacement, node 4, m
         13    1.168E+00                                 F               0         Tower X translation displacement, node 5, m
         14   -3.519E+00                                 F               0         Tower Y translation displacement, node 5, m
         15   -1.059E-01                                 F               0         Tower Z translation displacement, node 5, m
         16    1.442E+00                                 F               0         Tower X translation displacement, node 6, m
         17   -4.069E+00                                 F               0         Tower Y translation displacement, node 6, m
         18   -1.212E-01                                 F               0         Tower Z translation displacement, node 6, m
         19    1.720E+00                                 F               0         Tower X translation displacement, node 7, m
         20   -4.621E+00                                 F               0         Tower Y translation displacement, node 7, m
         21   -1.367E-01                                 F               0         Tower Z translation displacement, node 7, m
         22    2.001E+00                                 F               0         Tower X translation displacement, node 8, m
         23   -5.175E+00                                 F               0         Tower Y translation displacement, node 8, m
         24   -1.523E-01                                 F               0         Tower Z translation displacement, node 8, m
         25    2.284E+00                                 F               0         Tower X translation displacement, node 9, m
         26   -5.730E+00                                 F               0         Tower Y translation displacement, node 9, m
         27   -1.680E-01                                 F               0         Tower Z translation displacement, node 9, m
         28    2.569E+00                                 F               0         Tower X translation displacement, node 10, m
         29   -6.286E+00                                 F               0         Tower Y translation displacement, node 10, m
         30   -1.838E-01                                 F               0         Tower Z translation displacement, node 10, m
         31    2.854E+00                                 F               0         Tower X translation displacement, node 11, m
         32   -6.843E+00                                 F               0         Tower Y translation displacement, node 11, m
         33   -1.997E-01                                 F               0         Tower Z translation displacement, node 11, m
         34    9.998E-01,  7.908E-03, -1.840E-02         F               0         Tower X orientation angle, node 1, rad
         35   -7.106E-03,  9.990E-01,  4.325E-02         F               0         Tower Y orientation angle, node 1, rad
         36    1.873E-02, -4.311E-02,  9.989E-01         F               0         Tower Z orientation angle, node 1, rad
         37    9.998E-01,  7.952E-03, -1.942E-02         F               0         Tower X orientation angle, node 2, rad
         38   -7.099E-03,  9.990E-01,  4.363E-02         F               0         Tower Y orientation angle, node 2, rad
         39    1.975E-02, -4.349E-02,  9.989E-01         F               0         Tower Z orientation angle, node 2, rad
         40    9.998E-01,  7.990E-03, -2.029E-02         F               0         Tower X orientation angle, node 3, rad
         41   -7.092E-03,  9.990E-01,  4.398E-02         F               0         Tower Y orientation angle, node 3, rad
         42    2.062E-02, -4.383E-02,  9.988E-01         F               0         Tower Z orientation angle, node 3, rad
         43    9.997E-01,  8.022E-03, -2.101E-02         F               0         Tower X orientation angle, node 4, rad
         44   -7.085E-03,  9.990E-01,  4.428E-02         F               0         Tower Y orientation angle, node 4, rad
         45    2.134E-02, -4.412E-02,  9.988E-01         F               0         Tower Z orientation angle, node 4, rad
         46    9.997E-01,  8.047E-03, -2.157E-02         F               0         Tower X orientation angle, node 5, rad
         47   -7.080E-03,  9.990E-01,  4.454E-02         F               0         Tower Y orientation angle, node 5, rad
         48    2.191E-02, -4.437E-02,  9.988E-01         F               0         Tower Z orientation angle, node 5, rad
         49    9.997E-01,  8.066E-03, -2.200E-02         F               0         Tower X orientation angle, node 6, rad
         50   -7.075E-03,  9.990E-01,  4.476E-02         F               0         Tower Y orientation angle, node 6, rad
         51    2.234E-02, -4.459E-02,  9.988E-01         F               0         Tower Z orientation angle, node 6, rad
         52    9.997E-01,  8.080E-03, -2.231E-02         F               0         Tower X orientation angle, node 7, rad
         53   -7.071E-03,  9.990E-01,  4.493E-02         F               0         Tower Y orientation angle, node 7, rad
         54    2.265E-02, -4.476E-02,  9.987E-01         F               0         Tower Z orientation angle, node 7, rad
         55    9.997E-01,  8.089E-03, -2.251E-02         F               0         Tower X orientation angle, node 8, rad
         56   -7.068E-03,  9.990E-01,  4.506E-02         F               0         Tower Y orientation angle, node 8, rad
         57    2.285E-02, -4.489E-02,  9.987E-01         F               0         Tower Z orientation angle, node 8, rad
         58    9.997E-01,  8.095E-03, -2.264E-02         F               0         Tower X orientation angle, node 9, rad
         59   -7.066E-03,  9.990E-01,  4.516E-02         F               0         Tower Y orientation angle, node 9, rad
         60    2.298E-02, -4.499E-02,  9.987E-01         F               0         Tower Z orientation angle, node 9, rad
         61    9.997E-01,  8.098E-03, -2.271E-02         F               0         Tower X orientation angle, node 10, rad
         62   -7.065E-03,  9.990E-01,  4.522E-02         F               0         Tower Y orientation angle, node 10, rad
         63    2.305E-02, -4.505E-02,  9.987E-01         F               0         Tower Z orientation angle, node 10, rad
         64    9.997E-01,  8.099E-03, -2.274E-02         F               0         Tower X orientation angle, node 11, rad
         65   -7.064E-03,  9.990E-01,  4.526E-02         F               0         Tower Y orientation angle, node 11, rad
         66    2.308E-02, -4.509E-02,  9.987E-01         F               0         Tower Z orientation angle, node 11, rad
         67    6.654E-07                                 F               0         Tower X translation velocity, node 1, m/s
         68    2.891E-07                                 F               0         Tower Y translation velocity, node 1, m/s
         69    0.000E+00                                 F               0         Tower Z translation velocity, node 1, m/s
         70    4.728E-06                                 F               0         Tower X translation velocity, node 2, m/s
         71    1.286E-05                                 F               0         Tower Y translation velocity, node 2, m/s
         72    4.668E-07                                 F               0         Tower Z translation velocity, node 2, m/s
         73    1.971E-05                                 F               0         Tower X translation velocity, node 3, m/s
         74    5.752E-05                                 F               0         Tower Y translation velocity, node 3, m/s
         75    2.115E-06                                 F               0         Tower Z translation velocity, node 3, m/s
         76    4.587E-05                                 F               0         Tower X translation velocity, node 4, m/s
         77    1.282E-04                                 F               0         Tower Y translation velocity, node 4, m/s
         78    4.676E-06                                 F               0         Tower Z translation velocity, node 4, m/s
         79    8.414E-05                                 F               0         Tower X translation velocity, node 5, m/s
         80    2.220E-04                                 F               0         Tower Y translation velocity, node 5, m/s
         81    8.002E-06                                 F               0         Tower Z translation velocity, node 5, m/s
         82    1.350E-04                                 F               0         Tower X translation velocity, node 6, m/s
         83    3.359E-04                                 F               0         Tower Y translation velocity, node 6, m/s
         84    1.195E-05                                 F               0         Tower Z translation velocity, node 6, m/s
         85    1.974E-04                                 F               0         Tower X translation velocity, node 7, m/s
         86    4.659E-04                                 F               0         Tower Y translation velocity, node 7, m/s
         87    1.636E-05                                 F               0         Tower Z translation velocity, node 7, m/s
         88    2.716E-04                                 F               0         Tower X translation velocity, node 8, m/s
         89    6.103E-04                                 F               0         Tower Y translation velocity, node 8, m/s
         90    2.115E-05                                 F               0         Tower Z translation velocity, node 8, m/s
         91    3.562E-04                                 F               0         Tower X translation velocity, node 9, m/s
         92    7.660E-04                                 F               0         Tower Y translation velocity, node 9, m/s
         93    2.621E-05                                 F               0         Tower Z translation velocity, node 9, m/s
         94    4.490E-04                                 F               0         Tower X translation velocity, node 10, m/s
         95    9.299E-04                                 F               0         Tower Y translation velocity, node 10, m/s
         96    3.146E-05                                 F               0         Tower Z translation velocity, node 10, m/s
         97    5.475E-04                                 F               0         Tower X translation velocity, node 11, m/s
         98    1.099E-03                                 F               0         Tower Y translation velocity, node 11, m/s
         99    3.681E-05                                 F               0         Tower Z translation velocity, node 11, m/s
        100    3.038E+00                                 F               0         Hub X translation displacement, node 1, m
        101   -7.284E+00                                 F               0         Hub Y translation displacement, node 1, m
        102    3.581E-02                                 F               0         Hub Z translation displacement, node 1, m
        103    9.918E-01,  1.277E-02, -1.270E-01         F               0         Hub X orientation angle, node 1, rad
        104   -1.103E-01,  5.864E-01, -8.025E-01         F               0         Hub Y orientation angle, node 1, rad
        105    6.423E-02,  8.099E-01,  5.830E-01         F               0         Hub Z orientation angle, node 1, rad
        106    8.867E-01                                 F               0         Hub X rotation velocity, node 1, rad/s
        107    1.142E-02                                 F               0         Hub Y rotation velocity, node 1, rad/s
        108   -1.135E-01                                 F               0         Hub Z rotation velocity, node 1, rad/s
        109    9.947E-01, -4.634E-03, -1.031E-01         F               0         Blade root 1 X orientation angle, node 1, rad
        110   -8.084E-02,  5.865E-01, -8.059E-01         F               0         Blade root 1 Y orientation angle, node 1, rad
        111    6.423E-02,  8.099E-01,  5.830E-01         F               0         Blade root 1 Z orientation angle, node 1, rad
        112    9.881E-01,  6.522E-04, -1.538E-01         F               0         Blade root 2 X orientation angle, node 1, rad
        113    1.402E-01,  4.084E-01,  9.020E-01         F               0         Blade root 2 Y orientation angle, node 1, rad
        114    6.341E-02, -9.128E-01,  4.035E-01         F               0         Blade root 2 Z orientation angle, node 1, rad
        115    9.914E-01,  4.227E-02, -1.239E-01         F               0         Blade root 3 X orientation angle, node 1, rad
        116    2.895E-02, -9.938E-01, -1.074E-01         F               0         Blade root 3 Y orientation angle, node 1, rad
        117   -1.276E-01,  1.029E-01, -9.865E-01         F               0         Blade root 3 Z orientation angle, node 1, rad
        118    2.815E+00                                 F               0         Blade 1 X translation displacement, node 1, m
        119   -2.798E+00                                 F               0         Blade 1 Y translation displacement, node 1, m
        120   -2.244E+00                                 F               0         Blade 1 Z translation displacement, node 1, m
        121    2.761E+00                                 F               0         Blade 1 X translation displacement, node 2, m
        122   -1.716E+00                                 F               0         Blade 1 Y translation displacement, node 2, m
        123   -2.793E+00                                 F               0         Blade 1 Z translation displacement, node 2, m
        124    2.029E+00                                 F               0         Blade 1 X translation displacement, node 3, m
        125    1.299E+01                                 F               0         Blade 1 Y translation displacement, node 3, m
        126   -1.026E+01                                 F               0         Blade 1 Z translation displacement, node 3, m
        127    1.874E+00                                 F               0         Blade 1 X translation displacement, node 4, m
        128    1.612E+01                                 F               0         Blade 1 Y translation displacement, node 4, m
        129   -1.185E+01                                 F               0         Blade 1 Z translation displacement, node 4, m
        130    1.718E+00                                 F               0         Blade 1 X translation displacement, node 5, m
        131    1.925E+01                                 F               0         Blade 1 Y translation displacement, node 5, m
        132   -1.345E+01                                 F               0         Blade 1 Z translation displacement, node 5, m
        133    1.562E+00                                 F               0         Blade 1 X translation displacement, node 6, m
        134    2.238E+01                                 F               0         Blade 1 Y translation displacement, node 6, m
        135   -1.504E+01                                 F               0         Blade 1 Z translation displacement, node 6, m
        136    1.406E+00                                 F               0         Blade 1 X translation displacement, node 7, m
        137    2.552E+01                                 F               0         Blade 1 Y translation displacement, node 7, m
        138   -1.663E+01                                 F               0         Blade 1 Z translation displacement, node 7, m
        139    1.250E+00                                 F               0         Blade 1 X translation displacement, node 8, m
        140    2.865E+01                                 F               0         Blade 1 Y translation displacement, node 8, m
        141   -1.822E+01                                 F               0         Blade 1 Z translation displacement, node 8, m
        142    1.094E+00                                 F               0         Blade 1 X translation displacement, node 9, m
        143    3.178E+01                                 F               0         Blade 1 Y translation displacement, node 9, m
        144   -1.981E+01                                 F               0         Blade 1 Z translation displacement, node 9, m
        145    9.385E-01                                 F               0         Blade 1 X translation displacement, node 10, m
        146    3.491E+01                                 F               0         Blade 1 Y translation displacement, node 10, m
        147   -2.140E+01                                 F               0         Blade 1 Z translation displacement, node 10, m
        148    7.826E-01                                 F               0         Blade 1 X translation displacement, node 11, m
        149    3.805E+01                                 F               0         Blade 1 Y translation displacement, node 11, m
        150   -2.300E+01                                 F               0         Blade 1 Z translation displacement, node 11, m
        151    6.267E-01                                 F               0         Blade 1 X translation displacement, node 12, m
        152    4.118E+01                                 F               0         Blade 1 Y translation displacement, node 12, m
        153   -2.459E+01                                 F               0         Blade 1 Z translation displacement, node 12, m
        154    4.709E-01                                 F               0         Blade 1 X translation displacement, node 13, m
        155    4.431E+01                                 F               0         Blade 1 Y translation displacement, node 13, m
        156   -2.618E+01                                 F               0         Blade 1 Z translation displacement, node 13, m
        157    3.150E-01                                 F               0         Blade 1 X translation displacement, node 14, m
        158    4.744E+01                                 F               0         Blade 1 Y translation displacement, node 14, m
        159   -2.777E+01                                 F               0         Blade 1 Z translation displacement, node 14, m
        160    1.592E-01                                 F               0         Blade 1 X translation displacement, node 15, m
        161    5.058E+01                                 F               0         Blade 1 Y translation displacement, node 15, m
        162   -2.936E+01                                 F               0         Blade 1 Z translation displacement, node 15, m
        163    3.316E-03                                 F               0         Blade 1 X translation displacement, node 16, m
        164    5.371E+01                                 F               0         Blade 1 Y translation displacement, node 16, m
        165   -3.095E+01                                 F               0         Blade 1 Z translation displacement, node 16, m
        166   -1.525E-01                                 F               0         Blade 1 X translation displacement, node 17, m
        167    5.684E+01                                 F               0         Blade 1 Y translation displacement, node 17, m
        168   -3.255E+01                                 F               0         Blade 1 Z translation displacement, node 17, m
        169   -3.084E-01                                 F               0         Blade 1 X translation displacement, node 18, m
        170    5.997E+01                                 F               0         Blade 1 Y translation displacement, node 18, m
        171   -3.414E+01                                 F               0         Blade 1 Z translation displacement, node 18, m
        172   -4.643E-01                                 F               0         Blade 1 X translation displacement, node 19, m
        173    6.311E+01                                 F               0         Blade 1 Y translation displacement, node 19, m
        174   -3.573E+01                                 F               0         Blade 1 Z translation displacement, node 19, m
        175   -6.201E-01                                 F               0         Blade 1 X translation displacement, node 20, m
        176    6.624E+01                                 F               0         Blade 1 Y translation displacement, node 20, m
        177   -3.732E+01                                 F               0         Blade 1 Z translation displacement, node 20, m
        178   -7.760E-01                                 F               0         Blade 1 X translation displacement, node 21, m
        179    6.937E+01                                 F               0         Blade 1 Y translation displacement, node 21, m
        180   -3.891E+01                                 F               0         Blade 1 Z translation displacement, node 21, m
        181   -9.318E-01                                 F               0         Blade 1 X translation displacement, node 22, m
        182    7.250E+01                                 F               0         Blade 1 Y translation displacement, node 22, m
        183   -4.050E+01                                 F               0         Blade 1 Z translation displacement, node 22, m
        184   -1.088E+00                                 F               0         Blade 1 X translation displacement, node 23, m
        185    7.564E+01                                 F               0         Blade 1 Y translation displacement, node 23, m
        186   -4.209E+01                                 F               0         Blade 1 Z translation displacement, node 23, m
        187   -1.244E+00                                 F               0         Blade 1 X translation displacement, node 24, m
        188    7.877E+01                                 F               0         Blade 1 Y translation displacement, node 24, m
        189   -4.369E+01                                 F               0         Blade 1 Z translation displacement, node 24, m
        190   -1.399E+00                                 F               0         Blade 1 X translation displacement, node 25, m
        191    8.190E+01                                 F               0         Blade 1 Y translation displacement, node 25, m
        192   -4.528E+01                                 F               0         Blade 1 Z translation displacement, node 25, m
        193   -1.555E+00                                 F               0         Blade 1 X translation displacement, node 26, m
        194    8.503E+01                                 F               0         Blade 1 Y translation displacement, node 26, m
        195   -4.687E+01                                 F               0         Blade 1 Z translation displacement, node 26, m
        196   -1.711E+00                                 F               0         Blade 1 X translation displacement, node 27, m
        197    8.817E+01                                 F               0         Blade 1 Y translation displacement, node 27, m
        198   -4.846E+01                                 F               0         Blade 1 Z translation displacement, node 27, m
        199   -1.843E+00                                 F               0         Blade 1 X translation displacement, node 28, m
        200    9.082E+01                                 F               0         Blade 1 Y translation displacement, node 28, m
        201   -4.981E+01                                 F               0         Blade 1 Z translation displacement, node 28, m
        202    9.221E-01, -2.716E-01,  2.757E-01         F               0         Blade 1 X orientation angle, node 1, rad
        203    3.816E-01,  5.199E-01, -7.643E-01         F               0         Blade 1 Y orientation angle, node 1, rad
        204    6.423E-02,  8.099E-01,  5.830E-01         F               0         Blade 1 Z orientation angle, node 1, rad
        205    9.221E-01, -2.716E-01,  2.757E-01         F               0         Blade 1 X orientation angle, node 2, rad
        206    3.816E-01,  5.199E-01, -7.643E-01         F               0         Blade 1 Y orientation angle, node 2, rad
        207    6.423E-02,  8.099E-01,  5.830E-01         F               0         Blade 1 Z orientation angle, node 2, rad
        208    9.863E-01, -1.406E-01,  8.671E-02         F               0         Blade 1 X orientation angle, node 3, rad
        209    1.522E-01,  5.694E-01, -8.078E-01         F               0         Blade 1 Y orientation angle, node 3, rad
        210    6.423E-02,  8.099E-01,  5.830E-01         F               0         Blade 1 Z orientation angle, node 3, rad
        211    9.918E-01, -1.165E-01,  5.252E-02         F               0         Blade 1 X orientation angle, node 4, rad
        212    1.104E-01,  5.749E-01, -8.108E-01         F               0         Blade 1 Y orientation angle, node 4, rad
        213    6.423E-02,  8.099E-01,  5.830E-01         F               0         Blade 1 Z orientation angle, node 4, rad
        214    9.949E-01, -9.734E-02,  2.561E-02         F               0         Blade 1 X orientation angle, node 5, rad
        215    7.749E-02,  5.784E-01, -8.121E-01         F               0         Blade 1 Y orientation angle, node 5, rad
        216    6.423E-02,  8.099E-01,  5.830E-01         F               0         Blade 1 Z orientation angle, node 5, rad
        217    9.966E-01, -8.196E-02,  4.061E-03         F               0         Blade 1 X orientation angle, node 6, rad
        218    5.107E-02,  5.808E-01, -8.125E-01         F               0         Blade 1 Y orientation angle, node 6, rad
        219    6.423E-02,  8.099E-01,  5.830E-01         F               0         Blade 1 Z orientation angle, node 6, rad
        220    9.975E-01, -6.927E-02, -1.366E-02         F               0         Blade 1 X orientation angle, node 7, rad
        221    2.932E-02,  5.824E-01, -8.123E-01         F               0         Blade 1 Y orientation angle, node 7, rad
        222    6.423E-02,  8.099E-01,  5.830E-01         F               0         Blade 1 Z orientation angle, node 7, rad
        223    9.979E-01, -5.869E-02, -2.841E-02         F               0         Blade 1 X orientation angle, node 8, rad
        224    1.121E-02,  5.836E-01, -8.120E-01         F               0         Blade 1 Y orientation angle, node 8, rad
        225    6.423E-02,  8.099E-01,  5.830E-01         F               0         Blade 1 Z orientation angle, node 8, rad
        226    9.979E-01, -4.972E-02, -4.087E-02         F               0         Blade 1 X orientation angle, node 9, rad
        227   -4.116E-03,  5.844E-01, -8.114E-01         F               0         Blade 1 Y orientation angle, node 9, rad
        228    6.423E-02,  8.099E-01,  5.830E-01         F               0         Blade 1 Z orientation angle, node 9, rad
        229    9.978E-01, -4.196E-02, -5.163E-02         F               0         Blade 1 X orientation angle, node 10, rad
        230   -1.735E-02,  5.850E-01, -8.108E-01         F               0         Blade 1 Y orientation angle, node 10, rad
        231    6.423E-02,  8.099E-01,  5.830E-01         F               0         Blade 1 Z orientation angle, node 10, rad
        232    9.975E-01, -3.532E-02, -6.083E-02         F               0         Blade 1 X orientation angle, node 11, rad
        233   -2.867E-02,  5.855E-01, -8.102E-01         F               0         Blade 1 Y orientation angle, node 11, rad
        234    6.423E-02,  8.099E-01,  5.830E-01         F               0         Blade 1 Z orientation angle, node 11, rad
        235    9.972E-01, -2.950E-02, -6.888E-02         F               0         Blade 1 X orientation angle, node 12, rad
        236   -3.859E-02,  5.858E-01, -8.095E-01         F               0         Blade 1 Y orientation angle, node 12, rad
        237    6.423E-02,  8.099E-01,  5.830E-01         F               0         Blade 1 Z orientation angle, node 12, rad
        238    9.968E-01, -2.438E-02, -7.595E-02         F               0         Blade 1 X orientation angle, node 13, rad
        239   -4.729E-02,  5.860E-01, -8.089E-01         F               0         Blade 1 Y orientation angle, node 13, rad
        240    6.423E-02,  8.099E-01,  5.830E-01         F               0         Blade 1 Z orientation angle, node 13, rad
        241    9.964E-01, -1.978E-02, -8.230E-02         F               0         Blade 1 X orientation angle, node 14, rad
        242   -5.512E-02,  5.862E-01, -8.083E-01         F               0         Blade 1 Y orientation angle, node 14, rad
        243    6.423E-02,  8.099E-01,  5.830E-01         F               0         Blade 1 Z orientation angle, node 14, rad
        244    9.960E-01, -1.569E-02, -8.794E-02         F               0         Blade 1 X orientation angle, node 15, rad
        245   -6.207E-02,  5.863E-01, -8.077E-01         F               0         Blade 1 Y orientation angle, node 15, rad
        246    6.423E-02,  8.099E-01,  5.830E-01         F               0         Blade 1 Z orientation angle, node 15, rad
        247    9.956E-01, -1.200E-02, -9.301E-02         F               0         Blade 1 X orientation angle, node 16, rad
        248   -6.833E-02,  5.864E-01, -8.071E-01         F               0         Blade 1 Y orientation angle, node 16, rad
        249    6.423E-02,  8.099E-01,  5.830E-01         F               0         Blade 1 Z orientation angle, node 16, rad
        250    9.952E-01, -8.729E-03, -9.752E-02         F               0         Blade 1 X orientation angle, node 17, rad
        251   -7.389E-02,  5.865E-01, -8.066E-01         F               0         Blade 1 Y orientation angle, node 17, rad
        252    6.423E-02,  8.099E-01,  5.830E-01         F               0         Blade 1 Z orientation angle, node 17, rad
        253    9.948E-01, -5.658E-03, -1.017E-01         F               0         Blade 1 X orientation angle, node 18, rad
        254   -7.910E-02,  5.865E-01, -8.061E-01         F               0         Blade 1 Y orientation angle, node 18, rad
        255    6.423E-02,  8.099E-01,  5.830E-01         F               0         Blade 1 Z orientation angle, node 18, rad
        256    9.944E-01, -2.894E-03, -1.055E-01         F               0         Blade 1 X orientation angle, node 19, rad
        257   -8.379E-02,  5.865E-01, -8.056E-01         F               0         Blade 1 Y orientation angle, node 19, rad
        258    6.423E-02,  8.099E-01,  5.830E-01         F               0         Blade 1 Z orientation angle, node 19, rad
        259    9.941E-01, -4.370E-04, -1.089E-01         F               0         Blade 1 X orientation angle, node 20, rad
        260   -8.795E-02,  5.865E-01, -8.051E-01         F               0         Blade 1 Y orientation angle, node 20, rad
        261    6.423E-02,  8.099E-01,  5.830E-01         F               0         Blade 1 Z orientation angle, node 20, rad
        262    9.937E-01,  1.918E-03, -1.121E-01         F               0         Blade 1 X orientation angle, node 21, rad
        263   -9.194E-02,  5.865E-01, -8.047E-01         F               0         Blade 1 Y orientation angle, node 21, rad
        264    6.423E-02,  8.099E-01,  5.830E-01         F               0         Blade 1 Z orientation angle, node 21, rad
        265    9.933E-01,  4.067E-03, -1.151E-01         F               0         Blade 1 X orientation angle, node 22, rad
        266   -9.558E-02,  5.865E-01, -8.043E-01         F               0         Blade 1 Y orientation angle, node 22, rad
        267    6.423E-02,  8.099E-01,  5.830E-01         F               0         Blade 1 Z orientation angle, node 22, rad
        268    9.930E-01,  6.012E-03, -1.178E-01         F               0         Blade 1 X orientation angle, node 23, rad
        269   -9.888E-02,  5.865E-01, -8.039E-01         F               0         Blade 1 Y orientation angle, node 23, rad
        270    6.423E-02,  8.099E-01,  5.830E-01         F               0         Blade 1 Z orientation angle, node 23, rad
        271    9.927E-01,  7.855E-03, -1.203E-01         F               0         Blade 1 X orientation angle, node 24, rad
        272   -1.020E-01,  5.865E-01, -8.035E-01         F               0         Blade 1 Y orientation angle, node 24, rad
        273    6.423E-02,  8.099E-01,  5.830E-01         F               0         Blade 1 Z orientation angle, node 24, rad
        274    9.924E-01,  9.595E-03, -1.227E-01         F               0         Blade 1 X orientation angle, node 25, rad
        275   -1.049E-01,  5.865E-01, -8.031E-01         F               0         Blade 1 Y orientation angle, node 25, rad
        276    6.423E-02,  8.099E-01,  5.830E-01         F               0         Blade 1 Z orientation angle, node 25, rad
        277    9.921E-01,  1.113E-02, -1.248E-01         F               0         Blade 1 X orientation angle, node 26, rad
        278   -1.075E-01,  5.864E-01, -8.028E-01         F               0         Blade 1 Y orientation angle, node 26, rad
        279    6.423E-02,  8.099E-01,  5.830E-01         F               0         Blade 1 Z orientation angle, node 26, rad
        280    9.918E-01,  1.267E-02, -1.269E-01         F               0         Blade 1 X orientation angle, node 27, rad
        281   -1.101E-01,  5.864E-01, -8.025E-01         F               0         Blade 1 Y orientation angle, node 27, rad
        282    6.423E-02,  8.099E-01,  5.830E-01         F               0         Blade 1 Z orientation angle, node 27, rad
        283    9.917E-01,  1.348E-02, -1.280E-01         F               0         Blade 1 X orientation angle, node 28, rad
        284   -1.115E-01,  5.864E-01, -8.023E-01         F               0         Blade 1 Y orientation angle, node 28, rad
        285    6.423E-02,  8.099E-01,  5.830E-01         F               0         Blade 1 Z orientation angle, node 28, rad
        286    5.470E-01                                 F               0         Blade 1 X translation velocity, node 1, m/s
        287   -2.903E+00                                 F               0         Blade 1 Y translation velocity, node 1, m/s
        288    3.975E+00                                 F               0         Blade 1 Z translation velocity, node 1, m/s
        289    6.786E-01                                 F               0         Blade 1 X translation velocity, node 2, m/s
        290   -3.603E+00                                 F               0         Blade 1 Y translation velocity, node 2, m/s
        291    4.932E+00                                 F               0         Blade 1 Z translation velocity, node 2, m/s
        292    2.469E+00                                 F               0         Blade 1 X translation velocity, node 3, m/s
        293   -1.312E+01                                 F               0         Blade 1 Y translation velocity, node 3, m/s
        294    1.795E+01                                 F               0         Blade 1 Z translation velocity, node 3, m/s
        295    2.850E+00                                 F               0         Blade 1 X translation velocity, node 4, m/s
        296   -1.515E+01                                 F               0         Blade 1 Y translation velocity, node 4, m/s
        297    2.073E+01                                 F               0         Blade 1 Z translation velocity, node 4, m/s
        298    3.232E+00                                 F               0         Blade 1 X translation velocity, node 5, m/s
        299   -1.717E+01                                 F               0         Blade 1 Y translation velocity, node 5, m/s
        300    2.350E+01                                 F               0         Blade 1 Z translation velocity, node 5, m/s
        301    3.613E+00                                 F               0         Blade 1 X translation velocity, node 6, m/s
        302   -1.920E+01                                 F               0         Blade 1 Y translation velocity, node 6, m/s
        303    2.628E+01                                 F               0         Blade 1 Z translation velocity, node 6, m/s
        304    3.995E+00                                 F               0         Blade 1 X translation velocity, node 7, m/s
        305   -2.123E+01                                 F               0         Blade 1 Y translation velocity, node 7, m/s
        306    2.905E+01                                 F               0         Blade 1 Z translation velocity, node 7, m/s
        307    4.376E+00                                 F               0         Blade 1 X translation velocity, node 8, m/s
