
Linearized model: Predictions were generated on 24-Jan-2024 at 11:24:37 using OpenFAST, compiled as a 64-bit application using single precision at commit v3.5.1
 linked with  NWTC Subroutine Library; ElastoDyn; InflowWind; AeroDyn; ServoDyn; HydroDyn; MAP++ (<1.20.10>, <Oct-20-2023>)

Description from the FAST input file: CCT-9 Campign 4 model. Input files to be run with OpenFAST 3.5.0. GitHub branch from Lu Wang (https://github.com/luwang00/openfast/tree/dev) compiled on March 7, 2023.

Simulation information:
   Simulation time:                   507.1750 s
   Rotor Speed:                         0.8937 rad/s
   Azimuth:                             1.6708 rad
   Wind Speed:                         10.0000 m/s
   Number of continuous states:         0
   Number of discrete states:           0
   Number of constraint states:         0
   Number of inputs:                 1746
   Number of outputs:                   4
   Jacobians included in this file?    No

Order of inputs:
     Column   Operating Point                     Rotating Frame? Derivative Order Description
   ---------- ---------------                     --------------- ---------------- -----------
          1    1.535E-01                                 F               0         Tower X translation displacement, node 1, m
          2   -1.355E+00                                 F               0         Tower Y translation displacement, node 1, m
          3   -4.807E-02                                 F               0         Tower Z translation displacement, node 1, m
          4    3.903E-01                                 F               0         Tower X translation displacement, node 2, m
          5   -1.889E+00                                 F               0         Tower Y translation displacement, node 2, m
          6   -6.192E-02                                 F               0         Tower Z translation displacement, node 2, m
          7    6.403E-01                                 F               0         Tower X translation displacement, node 3, m
          8   -2.429E+00                                 F               0         Tower Y translation displacement, node 3, m
          9   -7.625E-02                                 F               0         Tower Z translation displacement, node 3, m
         10    9.003E-01                                 F               0         Tower X translation displacement, node 4, m
         11   -2.973E+00                                 F               0         Tower Y translation displacement, node 4, m
         12   -9.096E-02                                 F               0         Tower Z translation displacement, node 4, m
         13    1.168E+00                                 F               0         Tower X translation displacement, node 5, m
         14   -3.520E+00                                 F               0         Tower Y translation displacement, node 5, m
         15   -1.060E-01                                 F               0         Tower Z translation displacement, node 5, m
         16    1.442E+00                                 F               0         Tower X translation displacement, node 6, m
         17   -4.070E+00                                 F               0         Tower Y translation displacement, node 6, m
         18   -1.213E-01                                 F               0         Tower Z translation displacement, node 6, m
         19    1.720E+00                                 F               0         Tower X translation displacement, node 7, m
         20   -4.623E+00                                 F               0         Tower Y translation displacement, node 7, m
         21   -1.368E-01                                 F               0         Tower Z translation displacement, node 7, m
         22    2.002E+00                                 F               0         Tower X translation displacement, node 8, m
         23   -5.178E+00                                 F               0         Tower Y translation displacement, node 8, m
         24   -1.525E-01                                 F               0         Tower Z translation displacement, node 8, m
         25    2.285E+00                                 F               0         Tower X translation displacement, node 9, m
         26   -5.734E+00                                 F               0         Tower Y translation displacement, node 9, m
         27   -1.682E-01                                 F               0         Tower Z translation displacement, node 9, m
         28    2.570E+00                                 F               0         Tower X translation displacement, node 10, m
         29   -6.291E+00                                 F               0         Tower Y translation displacement, node 10, m
         30   -1.841E-01                                 F               0         Tower Z translation displacement, node 10, m
         31    2.855E+00                                 F               0         Tower X translation displacement, node 11, m
         32   -6.848E+00                                 F               0         Tower Y translation displacement, node 11, m
         33   -2.000E-01                                 F               0         Tower Z translation displacement, node 11, m
         34    9.998E-01,  7.900E-03, -1.840E-02         F               0         Tower X orientation angle, node 1, rad
         35   -7.098E-03,  9.990E-01,  4.325E-02         F               0         Tower Y orientation angle, node 1, rad
         36    1.873E-02, -4.311E-02,  9.989E-01         F               0         Tower Z orientation angle, node 1, rad
         37    9.998E-01,  7.944E-03, -1.942E-02         F               0         Tower X orientation angle, node 2, rad
         38   -7.090E-03,  9.990E-01,  4.365E-02         F               0         Tower Y orientation angle, node 2, rad
         39    1.975E-02, -4.350E-02,  9.989E-01         F               0         Tower Z orientation angle, node 2, rad
         40    9.998E-01,  7.982E-03, -2.030E-02         F               0         Tower X orientation angle, node 3, rad
         41   -7.083E-03,  9.990E-01,  4.400E-02         F               0         Tower Y orientation angle, node 3, rad
         42    2.063E-02, -4.385E-02,  9.988E-01         F               0         Tower Z orientation angle, node 3, rad
         43    9.997E-01,  8.014E-03, -2.101E-02         F               0         Tower X orientation angle, node 4, rad
         44   -7.076E-03,  9.990E-01,  4.431E-02         F               0         Tower Y orientation angle, node 4, rad
         45    2.135E-02, -4.415E-02,  9.988E-01         F               0         Tower Z orientation angle, node 4, rad
         46    9.997E-01,  8.039E-03, -2.158E-02         F               0         Tower X orientation angle, node 5, rad
         47   -7.071E-03,  9.990E-01,  4.458E-02         F               0         Tower Y orientation angle, node 5, rad
         48    2.192E-02, -4.442E-02,  9.988E-01         F               0         Tower Z orientation angle, node 5, rad
         49    9.997E-01,  8.059E-03, -2.202E-02         F               0         Tower X orientation angle, node 6, rad
         50   -7.066E-03,  9.990E-01,  4.480E-02         F               0         Tower Y orientation angle, node 6, rad
         51    2.236E-02, -4.464E-02,  9.988E-01         F               0         Tower Z orientation angle, node 6, rad
         52    9.997E-01,  8.072E-03, -2.232E-02         F               0         Tower X orientation angle, node 7, rad
         53   -7.062E-03,  9.990E-01,  4.498E-02         F               0         Tower Y orientation angle, node 7, rad
         54    2.266E-02, -4.481E-02,  9.987E-01         F               0         Tower Z orientation angle, node 7, rad
         55    9.997E-01,  8.082E-03, -2.253E-02         F               0         Tower X orientation angle, node 8, rad
         56   -7.059E-03,  9.990E-01,  4.512E-02         F               0         Tower Y orientation angle, node 8, rad
         57    2.287E-02, -4.495E-02,  9.987E-01         F               0         Tower Z orientation angle, node 8, rad
         58    9.997E-01,  8.088E-03, -2.266E-02         F               0         Tower X orientation angle, node 9, rad
         59   -7.057E-03,  9.990E-01,  4.522E-02         F               0         Tower Y orientation angle, node 9, rad
         60    2.300E-02, -4.505E-02,  9.987E-01         F               0         Tower Z orientation angle, node 9, rad
         61    9.997E-01,  8.091E-03, -2.273E-02         F               0         Tower X orientation angle, node 10, rad
         62   -7.055E-03,  9.989E-01,  4.529E-02         F               0         Tower Y orientation angle, node 10, rad
         63    2.307E-02, -4.512E-02,  9.987E-01         F               0         Tower Z orientation angle, node 10, rad
         64    9.997E-01,  8.092E-03, -2.276E-02         F               0         Tower X orientation angle, node 11, rad
         65   -7.054E-03,  9.989E-01,  4.533E-02         F               0         Tower Y orientation angle, node 11, rad
         66    2.310E-02, -4.515E-02,  9.987E-01         F               0         Tower Z orientation angle, node 11, rad
         67   -2.478E-06                                 F               0         Tower X translation velocity, node 1, m/s
         68   -1.077E-06                                 F               0         Tower Y translation velocity, node 1, m/s
         69    0.000E+00                                 F               0         Tower Z translation velocity, node 1, m/s
         70   -6.691E-06                                 F               0         Tower X translation velocity, node 2, m/s
         71   -3.600E-05                                 F               0         Tower Y translation velocity, node 2, m/s
         72   -1.435E-06                                 F               0         Tower Z translation velocity, node 2, m/s
         73   -1.793E-05                                 F               0         Tower X translation velocity, node 3, m/s
         74   -1.592E-04                                 F               0         Tower Y translation velocity, node 3, m/s
         75   -6.597E-06                                 F               0         Tower Z translation velocity, node 3, m/s
         76   -3.551E-05                                 F               0         Tower X translation velocity, node 4, m/s
         77   -3.534E-04                                 F               0         Tower Y translation velocity, node 4, m/s
         78   -1.479E-05                                 F               0         Tower Z translation velocity, node 4, m/s
         79   -5.935E-05                                 F               0         Tower X translation velocity, node 5, m/s
         80   -6.103E-04                                 F               0         Tower Y translation velocity, node 5, m/s
         81   -2.566E-05                                 F               0         Tower Z translation velocity, node 5, m/s
         82   -8.921E-05                                 F               0         Tower X translation velocity, node 6, m/s
         83   -9.214E-04                                 F               0         Tower Y translation velocity, node 6, m/s
         84   -3.887E-05                                 F               0         Tower Z translation velocity, node 6, m/s
         85   -1.243E-04                                 F               0         Tower X translation velocity, node 7, m/s
         86   -1.275E-03                                 F               0         Tower Y translation velocity, node 7, m/s
         87   -5.391E-05                                 F               0         Tower Z translation velocity, node 7, m/s
         88   -1.644E-04                                 F               0         Tower X translation velocity, node 8, m/s
         89   -1.667E-03                                 F               0         Tower Y translation velocity, node 8, m/s
         90   -7.060E-05                                 F               0         Tower Z translation velocity, node 8, m/s
         91   -2.089E-04                                 F               0         Tower X translation velocity, node 9, m/s
         92   -2.088E-03                                 F               0         Tower Y translation velocity, node 9, m/s
         93   -8.857E-05                                 F               0         Tower Z translation velocity, node 9, m/s
         94   -2.567E-04                                 F               0         Tower X translation velocity, node 10, m/s
         95   -2.531E-03                                 F               0         Tower Y translation velocity, node 10, m/s
         96   -1.074E-04                                 F               0         Tower Z translation velocity, node 10, m/s
         97   -3.067E-04                                 F               0         Tower X translation velocity, node 11, m/s
         98   -2.986E-03                                 F               0         Tower Y translation velocity, node 11, m/s
         99   -1.269E-04                                 F               0         Tower Z translation velocity, node 11, m/s
        100    3.040E+00                                 F               0         Hub X translation displacement, node 1, m
        101   -7.290E+00                                 F               0         Hub Y translation displacement, node 1, m
        102    3.573E-02                                 F               0         Hub Z translation displacement, node 1, m
        103    9.918E-01,  1.277E-02, -1.270E-01         F               0         Hub X orientation angle, node 1, rad
        104    1.275E-01, -1.436E-01,  9.814E-01         F               0         Hub Y orientation angle, node 1, rad
        105   -5.708E-03, -9.896E-01, -1.440E-01         F               0         Hub Z orientation angle, node 1, rad
        106    8.864E-01                                 F               0         Hub X rotation velocity, node 1, rad/s
        107    1.141E-02                                 F               0         Hub Y rotation velocity, node 1, rad/s
        108   -1.135E-01                                 F               0         Hub Z rotation velocity, node 1, rad/s
        109    9.876E-01,  1.702E-02, -1.561E-01         F               0         Blade root 1 X orientation angle, node 1, rad
        110    1.569E-01, -1.431E-01,  9.772E-01         F               0         Blade root 1 Y orientation angle, node 1, rad
        111   -5.708E-03, -9.896E-01, -1.440E-01         F               0         Blade root 1 Z orientation angle, node 1, rad
        112    9.934E-01,  3.606E-02, -1.087E-01         F               0         Blade root 2 X orientation angle, node 1, rad
        113   -3.926E-02, -7.845E-01, -6.189E-01         F               0         Blade root 2 Y orientation angle, node 1, rad
        114   -1.076E-01,  6.191E-01, -7.779E-01         F               0         Blade root 2 Z orientation angle, node 1, rad
        115    9.931E-01, -1.479E-02, -1.161E-01         F               0         Blade root 3 X orientation angle, node 1, rad
        116   -2.938E-02,  9.287E-01, -3.696E-01         F               0         Blade root 3 Y orientation angle, node 1, rad
        117    1.133E-01,  3.704E-01,  9.219E-01         F               0         Blade root 3 Z orientation angle, node 1, rad
        118    2.429E+00                                 F               0         Blade 1 X translation displacement, node 1, m
        119   -1.277E+01                                 F               0         Blade 1 Y translation displacement, node 1, m
        120   -6.272E+00                                 F               0         Blade 1 Z translation displacement, node 1, m
        121    2.282E+00                                 F               0         Blade 1 X translation displacement, node 2, m
        122   -1.409E+01                                 F               0         Blade 1 Y translation displacement, node 2, m
        123   -7.792E+00                                 F               0         Blade 1 Z translation displacement, node 2, m
        124    2.808E-01                                 F               0         Blade 1 X translation displacement, node 3, m
        125   -3.206E+01                                 F               0         Blade 1 Y translation displacement, node 3, m
        126   -2.846E+01                                 F               0         Blade 1 Z translation displacement, node 3, m
        127   -1.455E-01                                 F               0         Blade 1 X translation displacement, node 4, m
        128   -3.588E+01                                 F               0         Blade 1 Y translation displacement, node 4, m
        129   -3.286E+01                                 F               0         Blade 1 Z translation displacement, node 4, m
        130   -5.720E-01                                 F               0         Blade 1 X translation displacement, node 5, m
        131   -3.971E+01                                 F               0         Blade 1 Y translation displacement, node 5, m
        132   -3.727E+01                                 F               0         Blade 1 Z translation displacement, node 5, m
        133   -9.983E-01                                 F               0         Blade 1 X translation displacement, node 6, m
        134   -4.354E+01                                 F               0         Blade 1 Y translation displacement, node 6, m
        135   -4.167E+01                                 F               0         Blade 1 Z translation displacement, node 6, m
        136   -1.425E+00                                 F               0         Blade 1 X translation displacement, node 7, m
        137   -4.737E+01                                 F               0         Blade 1 Y translation displacement, node 7, m
        138   -4.607E+01                                 F               0         Blade 1 Z translation displacement, node 7, m
        139   -1.851E+00                                 F               0         Blade 1 X translation displacement, node 8, m
        140   -5.119E+01                                 F               0         Blade 1 Y translation displacement, node 8, m
        141   -5.048E+01                                 F               0         Blade 1 Z translation displacement, node 8, m
        142   -2.277E+00                                 F               0         Blade 1 X translation displacement, node 9, m
        143   -5.502E+01                                 F               0         Blade 1 Y translation displacement, node 9, m
        144   -5.488E+01                                 F               0         Blade 1 Z translation displacement, node 9, m
        145   -2.704E+00                                 F               0         Blade 1 X translation displacement, node 10, m
        146   -5.885E+01                                 F               0         Blade 1 Y translation displacement, node 10, m
        147   -5.928E+01                                 F               0         Blade 1 Z translation displacement, node 10, m
        148   -3.130E+00                                 F               0         Blade 1 X translation displacement, node 11, m
        149   -6.267E+01                                 F               0         Blade 1 Y translation displacement, node 11, m
        150   -6.369E+01                                 F               0         Blade 1 Z translation displacement, node 11, m
        151   -3.556E+00                                 F               0         Blade 1 X translation displacement, node 12, m
        152   -6.650E+01                                 F               0         Blade 1 Y translation displacement, node 12, m
        153   -6.809E+01                                 F               0         Blade 1 Z translation displacement, node 12, m
        154   -3.983E+00                                 F               0         Blade 1 X translation displacement, node 13, m
        155   -7.033E+01                                 F               0         Blade 1 Y translation displacement, node 13, m
        156   -7.249E+01                                 F               0         Blade 1 Z translation displacement, node 13, m
        157   -4.409E+00                                 F               0         Blade 1 X translation displacement, node 14, m
        158   -7.416E+01                                 F               0         Blade 1 Y translation displacement, node 14, m
        159   -7.690E+01                                 F               0         Blade 1 Z translation displacement, node 14, m
        160   -4.836E+00                                 F               0         Blade 1 X translation displacement, node 15, m
        161   -7.798E+01                                 F               0         Blade 1 Y translation displacement, node 15, m
        162   -8.130E+01                                 F               0         Blade 1 Z translation displacement, node 15, m
        163   -5.262E+00                                 F               0         Blade 1 X translation displacement, node 16, m
        164   -8.181E+01                                 F               0         Blade 1 Y translation displacement, node 16, m
        165   -8.571E+01                                 F               0         Blade 1 Z translation displacement, node 16, m
        166   -5.688E+00                                 F               0         Blade 1 X translation displacement, node 17, m
        167   -8.564E+01                                 F               0         Blade 1 Y translation displacement, node 17, m
        168   -9.011E+01                                 F               0         Blade 1 Z translation displacement, node 17, m
        169   -6.115E+00                                 F               0         Blade 1 X translation displacement, node 18, m
        170   -8.947E+01                                 F               0         Blade 1 Y translation displacement, node 18, m
        171   -9.451E+01                                 F               0         Blade 1 Z translation displacement, node 18, m
        172   -6.541E+00                                 F               0         Blade 1 X translation displacement, node 19, m
        173   -9.329E+01                                 F               0         Blade 1 Y translation displacement, node 19, m
        174   -9.892E+01                                 F               0         Blade 1 Z translation displacement, node 19, m
        175   -6.967E+00                                 F               0         Blade 1 X translation displacement, node 20, m
        176   -9.712E+01                                 F               0         Blade 1 Y translation displacement, node 20, m
        177   -1.033E+02                                 F               0         Blade 1 Z translation displacement, node 20, m
        178   -7.394E+00                                 F               0         Blade 1 X translation displacement, node 21, m
        179   -1.009E+02                                 F               0         Blade 1 Y translation displacement, node 21, m
        180   -1.077E+02                                 F               0         Blade 1 Z translation displacement, node 21, m
        181   -7.820E+00                                 F               0         Blade 1 X translation displacement, node 22, m
        182   -1.048E+02                                 F               0         Blade 1 Y translation displacement, node 22, m
        183   -1.121E+02                                 F               0         Blade 1 Z translation displacement, node 22, m
        184   -8.246E+00                                 F               0         Blade 1 X translation displacement, node 23, m
        185   -1.086E+02                                 F               0         Blade 1 Y translation displacement, node 23, m
        186   -1.165E+02                                 F               0         Blade 1 Z translation displacement, node 23, m
        187   -8.673E+00                                 F               0         Blade 1 X translation displacement, node 24, m
        188   -1.124E+02                                 F               0         Blade 1 Y translation displacement, node 24, m
        189   -1.209E+02                                 F               0         Blade 1 Z translation displacement, node 24, m
        190   -9.099E+00                                 F               0         Blade 1 X translation displacement, node 25, m
        191   -1.163E+02                                 F               0         Blade 1 Y translation displacement, node 25, m
        192   -1.253E+02                                 F               0         Blade 1 Z translation displacement, node 25, m
        193   -9.526E+00                                 F               0         Blade 1 X translation displacement, node 26, m
        194   -1.201E+02                                 F               0         Blade 1 Y translation displacement, node 26, m
        195   -1.297E+02                                 F               0         Blade 1 Z translation displacement, node 26, m
        196   -9.952E+00                                 F               0         Blade 1 X translation displacement, node 27, m
        197   -1.239E+02                                 F               0         Blade 1 Y translation displacement, node 27, m
        198   -1.341E+02                                 F               0         Blade 1 Z translation displacement, node 27, m
        199   -1.031E+01                                 F               0         Blade 1 X translation displacement, node 28, m
        200   -1.272E+02                                 F               0         Blade 1 Y translation displacement, node 28, m
        201   -1.379E+02                                 F               0         Blade 1 Z translation displacement, node 28, m
        202    8.074E-01,  8.042E-02, -5.845E-01         F               0         Blade 1 X orientation angle, node 1, rad
        203    5.900E-01, -1.196E-01,  7.985E-01         F               0         Blade 1 Y orientation angle, node 1, rad
        204   -5.708E-03, -9.896E-01, -1.440E-01         F               0         Blade 1 Z orientation angle, node 1, rad
        205    8.074E-01,  8.042E-02, -5.845E-01         F               0         Blade 1 X orientation angle, node 2, rad
        206    5.900E-01, -1.196E-01,  7.985E-01         F               0         Blade 1 Y orientation angle, node 2, rad
        207   -5.708E-03, -9.896E-01, -1.440E-01         F               0         Blade 1 Z orientation angle, node 2, rad
        208    9.242E-01,  4.978E-02, -3.786E-01         F               0         Blade 1 X orientation angle, node 3, rad
        209    3.818E-01, -1.353E-01,  9.143E-01         F               0         Blade 1 Y orientation angle, node 3, rad
        210   -5.708E-03, -9.896E-01, -1.440E-01         F               0         Blade 1 Z orientation angle, node 3, rad
        211    9.395E-01,  4.402E-02, -3.397E-01         F               0         Blade 1 X orientation angle, node 4, rad
        212    3.425E-01, -1.373E-01,  9.295E-01         F               0         Blade 1 Y orientation angle, node 4, rad
        213   -5.708E-03, -9.896E-01, -1.440E-01         F               0         Blade 1 Z orientation angle, node 4, rad
        214    9.504E-01,  3.944E-02, -3.087E-01         F               0         Blade 1 X orientation angle, node 5, rad
        215    3.111E-01, -1.386E-01,  9.402E-01         F               0         Blade 1 Y orientation angle, node 5, rad
        216   -5.708E-03, -9.896E-01, -1.440E-01         F               0         Blade 1 Z orientation angle, node 5, rad
        217    9.583E-01,  3.575E-02, -2.836E-01         F               0         Blade 1 X orientation angle, node 6, rad
        218    2.858E-01, -1.396E-01,  9.481E-01         F               0         Blade 1 Y orientation angle, node 6, rad
        219   -5.708E-03, -9.896E-01, -1.440E-01         F               0         Blade 1 Z orientation angle, node 6, rad
        220    9.643E-01,  3.270E-02, -2.629E-01         F               0         Blade 1 X orientation angle, node 7, rad
        221    2.648E-01, -1.404E-01,  9.540E-01         F               0         Blade 1 Y orientation angle, node 7, rad
        222   -5.708E-03, -9.896E-01, -1.440E-01         F               0         Blade 1 Z orientation angle, node 7, rad
        223    9.689E-01,  3.015E-02, -2.455E-01         F               0         Blade 1 X orientation angle, node 8, rad
        224    2.473E-01, -1.410E-01,  9.586E-01         F               0         Blade 1 Y orientation angle, node 8, rad
        225   -5.708E-03, -9.896E-01, -1.440E-01         F               0         Blade 1 Z orientation angle, node 8, rad
        226    9.726E-01,  2.798E-02, -2.308E-01         F               0         Blade 1 X orientation angle, node 9, rad
        227    2.324E-01, -1.414E-01,  9.623E-01         F               0         Blade 1 Y orientation angle, node 9, rad
        228   -5.708E-03, -9.896E-01, -1.440E-01         F               0         Blade 1 Z orientation angle, node 9, rad
        229    9.756E-01,  2.610E-02, -2.180E-01         F               0         Blade 1 X orientation angle, node 10, rad
        230    2.195E-01, -1.418E-01,  9.653E-01         F               0         Blade 1 Y orientation angle, node 10, rad
        231   -5.708E-03, -9.896E-01, -1.440E-01         F               0         Blade 1 Z orientation angle, node 10, rad
        232    9.780E-01,  2.449E-02, -2.070E-01         F               0         Blade 1 X orientation angle, node 11, rad
        233    2.084E-01, -1.420E-01,  9.677E-01         F               0         Blade 1 Y orientation angle, node 11, rad
        234   -5.708E-03, -9.896E-01, -1.440E-01         F               0         Blade 1 Z orientation angle, node 11, rad
        235    9.801E-01,  2.307E-02, -1.974E-01         F               0         Blade 1 X orientation angle, node 12, rad
        236    1.986E-01, -1.423E-01,  9.697E-01         F               0         Blade 1 Y orientation angle, node 12, rad
        237   -5.708E-03, -9.896E-01, -1.440E-01         F               0         Blade 1 Z orientation angle, node 12, rad
        238    9.818E-01,  2.183E-02, -1.889E-01         F               0         Blade 1 X orientation angle, node 13, rad
        239    1.901E-01, -1.425E-01,  9.714E-01         F               0         Blade 1 Y orientation angle, node 13, rad
        240   -5.708E-03, -9.896E-01, -1.440E-01         F               0         Blade 1 Z orientation angle, node 13, rad
        241    9.832E-01,  2.071E-02, -1.813E-01         F               0         Blade 1 X orientation angle, node 14, rad
        242    1.824E-01, -1.426E-01,  9.728E-01         F               0         Blade 1 Y orientation angle, node 14, rad
        243   -5.708E-03, -9.896E-01, -1.440E-01         F               0         Blade 1 Z orientation angle, node 14, rad
        244    9.845E-01,  1.972E-02, -1.745E-01         F               0         Blade 1 X orientation angle, node 15, rad
        245    1.755E-01, -1.428E-01,  9.741E-01         F               0         Blade 1 Y orientation angle, node 15, rad
        246   -5.708E-03, -9.896E-01, -1.440E-01         F               0         Blade 1 Z orientation angle, node 15, rad
        247    9.855E-01,  1.882E-02, -1.684E-01         F               0         Blade 1 X orientation angle, node 16, rad
        248    1.693E-01, -1.429E-01,  9.751E-01         F               0         Blade 1 Y orientation angle, node 16, rad
        249   -5.708E-03, -9.896E-01, -1.440E-01         F               0         Blade 1 Z orientation angle, node 16, rad
        250    9.865E-01,  1.802E-02, -1.629E-01         F               0         Blade 1 X orientation angle, node 17, rad
        251    1.638E-01, -1.430E-01,  9.761E-01         F               0         Blade 1 Y orientation angle, node 17, rad
        252   -5.708E-03, -9.896E-01, -1.440E-01         F               0         Blade 1 Z orientation angle, node 17, rad
        253    9.873E-01,  1.727E-02, -1.578E-01         F               0         Blade 1 X orientation angle, node 18, rad
        254    1.586E-01, -1.431E-01,  9.769E-01         F               0         Blade 1 Y orientation angle, node 18, rad
        255   -5.708E-03, -9.896E-01, -1.440E-01         F               0         Blade 1 Z orientation angle, node 18, rad
        256    9.881E-01,  1.660E-02, -1.532E-01         F               0         Blade 1 X orientation angle, node 19, rad
        257    1.540E-01, -1.432E-01,  9.776E-01         F               0         Blade 1 Y orientation angle, node 19, rad
        258   -5.708E-03, -9.896E-01, -1.440E-01         F               0         Blade 1 Z orientation angle, node 19, rad
        259    9.887E-01,  1.600E-02, -1.491E-01         F               0         Blade 1 X orientation angle, node 20, rad
        260    1.498E-01, -1.432E-01,  9.783E-01         F               0         Blade 1 Y orientation angle, node 20, rad
        261   -5.708E-03, -9.896E-01, -1.440E-01         F               0         Blade 1 Z orientation angle, node 20, rad
        262    9.893E-01,  1.542E-02, -1.452E-01         F               0         Blade 1 X orientation angle, node 21, rad
        263    1.459E-01, -1.433E-01,  9.789E-01         F               0         Blade 1 Y orientation angle, node 21, rad
        264   -5.708E-03, -9.896E-01, -1.440E-01         F               0         Blade 1 Z orientation angle, node 21, rad
        265    9.898E-01,  1.490E-02, -1.416E-01         F               0         Blade 1 X orientation angle, node 22, rad
        266    1.422E-01, -1.434E-01,  9.794E-01         F               0         Blade 1 Y orientation angle, node 22, rad
        267   -5.708E-03, -9.896E-01, -1.440E-01         F               0         Blade 1 Z orientation angle, node 22, rad
        268    9.903E-01,  1.442E-02, -1.383E-01         F               0         Blade 1 X orientation angle, node 23, rad
        269    1.390E-01, -1.434E-01,  9.799E-01         F               0         Blade 1 Y orientation angle, node 23, rad
        270   -5.708E-03, -9.896E-01, -1.440E-01         F               0         Blade 1 Z orientation angle, node 23, rad
        271    9.907E-01,  1.397E-02, -1.352E-01         F               0         Blade 1 X orientation angle, node 24, rad
        272    1.358E-01, -1.435E-01,  9.803E-01         F               0         Blade 1 Y orientation angle, node 24, rad
        273   -5.708E-03, -9.896E-01, -1.440E-01         F               0         Blade 1 Z orientation angle, node 24, rad
        274    9.911E-01,  1.354E-02, -1.323E-01         F               0         Blade 1 X orientation angle, node 25, rad
        275    1.329E-01, -1.435E-01,  9.807E-01         F               0         Blade 1 Y orientation angle, node 25, rad
        276   -5.708E-03, -9.896E-01, -1.440E-01         F               0         Blade 1 Z orientation angle, node 25, rad
        277    9.915E-01,  1.317E-02, -1.298E-01         F               0         Blade 1 X orientation angle, node 26, rad
        278    1.303E-01, -1.435E-01,  9.810E-01         F               0         Blade 1 Y orientation angle, node 26, rad
        279   -5.708E-03, -9.896E-01, -1.440E-01         F               0         Blade 1 Z orientation angle, node 26, rad
        280    9.918E-01,  1.279E-02, -1.272E-01         F               0         Blade 1 X orientation angle, node 27, rad
        281    1.277E-01, -1.436E-01,  9.814E-01         F               0         Blade 1 Y orientation angle, node 27, rad
        282   -5.708E-03, -9.896E-01, -1.440E-01         F               0         Blade 1 Z orientation angle, node 27, rad
        283    9.920E-01,  1.259E-02, -1.258E-01         F               0         Blade 1 X orientation angle, node 28, rad
        284    1.263E-01, -1.436E-01,  9.815E-01         F               0         Blade 1 Y orientation angle, node 28, rad
        285   -5.708E-03, -9.896E-01, -1.440E-01         F               0         Blade 1 Z orientation angle, node 28, rad
        286   -6.318E-01                                 F               0         Blade 1 X translation velocity, node 1, m/s
        287    7.076E-01                                 F               0         Blade 1 Y translation velocity, node 1, m/s
        288   -4.859E+00                                 F               0         Blade 1 Z translation velocity, node 1, m/s
        289   -7.840E-01                                 F               0         Blade 1 X translation velocity, node 2, m/s
        290    8.789E-01                                 F               0         Blade 1 Y translation velocity, node 2, m/s
        291   -6.030E+00                                 F               0         Blade 1 Z translation velocity, node 2, m/s
        292   -2.853E+00                                 F               0         Blade 1 X translation velocity, node 3, m/s
        293    3.208E+00                                 F               0         Blade 1 Y translation velocity, node 3, m/s
        294   -2.195E+01                                 F               0         Blade 1 Z translation velocity, node 3, m/s
        295   -3.294E+00                                 F               0         Blade 1 X translation velocity, node 4, m/s
        296    3.704E+00                                 F               0         Blade 1 Y translation velocity, node 4, m/s
        297   -2.534E+01                                 F               0         Blade 1 Z translation velocity, node 4, m/s
        298   -3.735E+00                                 F               0         Blade 1 X translation velocity, node 5, m/s
        299    4.201E+00                                 F               0         Blade 1 Y translation velocity, node 5, m/s
        300   -2.874E+01                                 F               0         Blade 1 Z translation velocity, node 5, m/s
        301   -4.176E+00                                 F               0         Blade 1 X translation velocity, node 6, m/s
        302    4.697E+00                                 F               0         Blade 1 Y translation velocity, node 6, m/s
        303   -3.213E+01                                 F               0         Blade 1 Z translation velocity, node 6, m/s
        304   -4.617E+00                                 F               0         Blade 1 X translation velocity, node 7, m/s
        305    5.193E+00                                 F               0         Blade 1 Y translation velocity, node 7, m/s
        306   -3.552E+01                                 F               0         Blade 1 Z translation velocity, node 7, m/s
        307   -5.057E+00                                 F               0         Blade 1 X translation velocity, node 8, m/s
