
Linearized model: Predictions were generated on 24-Jan-2024 at 11:24:37 using OpenFAST, compiled as a 64-bit application using single precision at commit v3.5.1
 linked with  NWTC Subroutine Library; ElastoDyn; InflowWind; AeroDyn; ServoDyn; HydroDyn; MAP++ (<1.20.10>, <Oct-20-2023>)

Description from the FAST input file: CCT-9 Campign 4 model. Input files to be run with OpenFAST 3.5.0. GitHub branch from Lu Wang (https://github.com/luwang00/openfast/tree/dev) compiled on March 7, 2023.

Simulation information:
   Simulation time:                   506.6750 s
   Rotor Speed:                         0.8937 rad/s
   Azimuth:                             1.2240 rad
   Wind Speed:                         10.0000 m/s
   Number of continuous states:         0
   Number of discrete states:           0
   Number of constraint states:         0
   Number of inputs:                 1746
   Number of outputs:                   4
   Jacobians included in this file?    No

Order of inputs:
     Column   Operating Point                     Rotating Frame? Derivative Order Description
   ---------- ---------------                     --------------- ---------------- -----------
          1    1.535E-01                                 F               0         Tower X translation displacement, node 1, m
          2   -1.355E+00                                 F               0         Tower Y translation displacement, node 1, m
          3   -4.807E-02                                 F               0         Tower Z translation displacement, node 1, m
          4    3.903E-01                                 F               0         Tower X translation displacement, node 2, m
          5   -1.889E+00                                 F               0         Tower Y translation displacement, node 2, m
          6   -6.192E-02                                 F               0         Tower Z translation displacement, node 2, m
          7    6.403E-01                                 F               0         Tower X translation displacement, node 3, m
          8   -2.429E+00                                 F               0         Tower Y translation displacement, node 3, m
          9   -7.624E-02                                 F               0         Tower Z translation displacement, node 3, m
         10    9.003E-01                                 F               0         Tower X translation displacement, node 4, m
         11   -2.973E+00                                 F               0         Tower Y translation displacement, node 4, m
         12   -9.095E-02                                 F               0         Tower Z translation displacement, node 4, m
         13    1.168E+00                                 F               0         Tower X translation displacement, node 5, m
         14   -3.520E+00                                 F               0         Tower Y translation displacement, node 5, m
         15   -1.060E-01                                 F               0         Tower Z translation displacement, node 5, m
         16    1.442E+00                                 F               0         Tower X translation displacement, node 6, m
         17   -4.070E+00                                 F               0         Tower Y translation displacement, node 6, m
         18   -1.213E-01                                 F               0         Tower Z translation displacement, node 6, m
         19    1.720E+00                                 F               0         Tower X translation displacement, node 7, m
         20   -4.622E+00                                 F               0         Tower Y translation displacement, node 7, m
         21   -1.368E-01                                 F               0         Tower Z translation displacement, node 7, m
         22    2.002E+00                                 F               0         Tower X translation displacement, node 8, m
         23   -5.177E+00                                 F               0         Tower Y translation displacement, node 8, m
         24   -1.524E-01                                 F               0         Tower Z translation displacement, node 8, m
         25    2.285E+00                                 F               0         Tower X translation displacement, node 9, m
         26   -5.733E+00                                 F               0         Tower Y translation displacement, node 9, m
         27   -1.682E-01                                 F               0         Tower Z translation displacement, node 9, m
         28    2.570E+00                                 F               0         Tower X translation displacement, node 10, m
         29   -6.289E+00                                 F               0         Tower Y translation displacement, node 10, m
         30   -1.840E-01                                 F               0         Tower Z translation displacement, node 10, m
         31    2.855E+00                                 F               0         Tower X translation displacement, node 11, m
         32   -6.847E+00                                 F               0         Tower Y translation displacement, node 11, m
         33   -1.999E-01                                 F               0         Tower Z translation displacement, node 11, m
         34    9.998E-01,  7.902E-03, -1.840E-02         F               0         Tower X orientation angle, node 1, rad
         35   -7.100E-03,  9.990E-01,  4.325E-02         F               0         Tower Y orientation angle, node 1, rad
         36    1.873E-02, -4.311E-02,  9.989E-01         F               0         Tower Z orientation angle, node 1, rad
         37    9.998E-01,  7.946E-03, -1.942E-02         F               0         Tower X orientation angle, node 2, rad
         38   -7.092E-03,  9.990E-01,  4.364E-02         F               0         Tower Y orientation angle, node 2, rad
         39    1.975E-02, -4.350E-02,  9.989E-01         F               0         Tower Z orientation angle, node 2, rad
         40    9.998E-01,  7.984E-03, -2.030E-02         F               0         Tower X orientation angle, node 3, rad
         41   -7.085E-03,  9.990E-01,  4.400E-02         F               0         Tower Y orientation angle, node 3, rad
         42    2.063E-02, -4.384E-02,  9.988E-01         F               0         Tower Z orientation angle, node 3, rad
         43    9.997E-01,  8.016E-03, -2.102E-02         F               0         Tower X orientation angle, node 4, rad
         44   -7.078E-03,  9.990E-01,  4.430E-02         F               0         Tower Y orientation angle, node 4, rad
         45    2.135E-02, -4.414E-02,  9.988E-01         F               0         Tower Z orientation angle, node 4, rad
         46    9.997E-01,  8.041E-03, -2.158E-02         F               0         Tower X orientation angle, node 5, rad
         47   -7.073E-03,  9.990E-01,  4.457E-02         F               0         Tower Y orientation angle, node 5, rad
         48    2.192E-02, -4.440E-02,  9.988E-01         F               0         Tower Z orientation angle, node 5, rad
         49    9.997E-01,  8.060E-03, -2.202E-02         F               0         Tower X orientation angle, node 6, rad
         50   -7.068E-03,  9.990E-01,  4.479E-02         F               0         Tower Y orientation angle, node 6, rad
         51    2.236E-02, -4.462E-02,  9.988E-01         F               0         Tower Z orientation angle, node 6, rad
         52    9.997E-01,  8.074E-03, -2.232E-02         F               0         Tower X orientation angle, node 7, rad
         53   -7.064E-03,  9.990E-01,  4.497E-02         F               0         Tower Y orientation angle, node 7, rad
         54    2.266E-02, -4.480E-02,  9.987E-01         F               0         Tower Z orientation angle, node 7, rad
         55    9.997E-01,  8.084E-03, -2.253E-02         F               0         Tower X orientation angle, node 8, rad
         56   -7.061E-03,  9.990E-01,  4.510E-02         F               0         Tower Y orientation angle, node 8, rad
         57    2.287E-02, -4.493E-02,  9.987E-01         F               0         Tower Z orientation angle, node 8, rad
         58    9.997E-01,  8.090E-03, -2.266E-02         F               0         Tower X orientation angle, node 9, rad
         59   -7.059E-03,  9.990E-01,  4.520E-02         F               0         Tower Y orientation angle, node 9, rad
         60    2.300E-02, -4.503E-02,  9.987E-01         F               0         Tower Z orientation angle, node 9, rad
         61    9.997E-01,  8.093E-03, -2.273E-02         F               0         Tower X orientation angle, node 10, rad
         62   -7.057E-03,  9.989E-01,  4.527E-02         F               0         Tower Y orientation angle, node 10, rad
         63    2.307E-02, -4.510E-02,  9.987E-01         F               0         Tower Z orientation angle, node 10, rad
         64    9.997E-01,  8.094E-03, -2.276E-02         F               0         Tower X orientation angle, node 11, rad
         65   -7.057E-03,  9.989E-01,  4.531E-02         F               0         Tower Y orientation angle, node 11, rad
         66    2.310E-02, -4.513E-02,  9.987E-01         F               0         Tower Z orientation angle, node 11, rad
         67   -3.029E-06                                 F               0         Tower X translation velocity, node 1, m/s
         68   -1.316E-06                                 F               0         Tower Y translation velocity, node 1, m/s
         69    0.000E+00                                 F               0         Tower Z translation velocity, node 1, m/s
         70   -6.161E-06                                 F               0         Tower X translation velocity, node 2, m/s
         71   -3.668E-05                                 F               0         Tower Y translation velocity, node 2, m/s
         72   -1.475E-06                                 F               0         Tower Z translation velocity, node 2, m/s
         73   -1.148E-05                                 F               0         Tower X translation velocity, node 3, m/s
         74   -1.611E-04                                 F               0         Tower Y translation velocity, node 3, m/s
         75   -6.809E-06                                 F               0         Tower Z translation velocity, node 3, m/s
         76   -1.760E-05                                 F               0         Tower X translation velocity, node 4, m/s
         77   -3.571E-04                                 F               0         Tower Y translation velocity, node 4, m/s
         78   -1.532E-05                                 F               0         Tower Z translation velocity, node 4, m/s
         79   -2.353E-05                                 F               0         Tower X translation velocity, node 5, m/s
         80   -6.164E-04                                 F               0         Tower Y translation velocity, node 5, m/s
         81   -2.669E-05                                 F               0         Tower Z translation velocity, node 5, m/s
         82   -2.844E-05                                 F               0         Tower X translation velocity, node 6, m/s
         83   -9.305E-04                                 F               0         Tower Y translation velocity, node 6, m/s
         84   -4.058E-05                                 F               0         Tower Z translation velocity, node 6, m/s
         85   -3.192E-05                                 F               0         Tower X translation velocity, node 7, m/s
         86   -1.287E-03                                 F               0         Tower Y translation velocity, node 7, m/s
         87   -5.648E-05                                 F               0         Tower Z translation velocity, node 7, m/s
         88   -3.351E-05                                 F               0         Tower X translation velocity, node 8, m/s
         89   -1.683E-03                                 F               0         Tower Y translation velocity, node 8, m/s
         90   -7.422E-05                                 F               0         Tower Z translation velocity, node 8, m/s
         91   -3.317E-05                                 F               0         Tower X translation velocity, node 9, m/s
         92   -2.109E-03                                 F               0         Tower Y translation velocity, node 9, m/s
         93   -9.340E-05                                 F               0         Tower Z translation velocity, node 9, m/s
         94   -3.112E-05                                 F               0         Tower X translation velocity, node 10, m/s
         95   -2.556E-03                                 F               0         Tower Y translation velocity, node 10, m/s
         96   -1.136E-04                                 F               0         Tower Z translation velocity, node 10, m/s
         97   -2.778E-05                                 F               0         Tower X translation velocity, node 11, m/s
         98   -3.016E-03                                 F               0         Tower Y translation velocity, node 11, m/s
         99   -1.345E-04                                 F               0         Tower Z translation velocity, node 11, m/s
        100    3.040E+00                                 F               0         Hub X translation displacement, node 1, m
        101   -7.289E+00                                 F               0         Hub Y translation displacement, node 1, m
        102    3.582E-02                                 F               0         Hub Z translation displacement, node 1, m
        103    9.918E-01,  1.277E-02, -1.270E-01         F               0         Hub X orientation angle, node 1, rad
        104    1.175E-01,  2.981E-01,  9.473E-01         F               0         Hub Y orientation angle, node 1, rad
        105    4.997E-02, -9.544E-01,  2.942E-01         F               0         Hub Z orientation angle, node 1, rad
        106    8.864E-01                                 F               0         Hub X rotation velocity, node 1, rad/s
        107    1.141E-02                                 F               0         Hub Y rotation velocity, node 1, rad/s
        108   -1.135E-01                                 F               0         Hub Z rotation velocity, node 1, rad/s
        109    9.879E-01,  3.917E-03, -1.551E-01         F               0         Blade root 1 X orientation angle, node 1, rad
        110    1.469E-01,  2.984E-01,  9.431E-01         F               0         Blade root 1 Y orientation angle, node 1, rad
        111    4.997E-02, -9.544E-01,  2.942E-01         F               0         Blade root 1 Z orientation angle, node 1, rad
        112    9.918E-01,  4.171E-02, -1.205E-01         F               0         Blade root 2 X orientation angle, node 1, rad
        113    1.396E-02, -9.748E-01, -2.225E-01         F               0         Blade root 2 Y orientation angle, node 1, rad
        114   -1.267E-01,  2.190E-01, -9.675E-01         F               0         Blade root 2 Z orientation angle, node 1, rad
        115    9.944E-01, -7.337E-03, -1.054E-01         F               0         Blade root 3 X orientation angle, node 1, rad
        116   -7.255E-02,  6.776E-01, -7.319E-01         F               0         Blade root 3 Y orientation angle, node 1, rad
        117    7.676E-02,  7.354E-01,  6.733E-01         F               0         Blade root 3 Z orientation angle, node 1, rad
        118    2.738E+00                                 F               0         Blade 1 X translation displacement, node 1, m
        119   -1.258E+01                                 F               0         Blade 1 Y translation displacement, node 1, m
        120   -3.844E+00                                 F               0         Blade 1 Z translation displacement, node 1, m
        121    2.665E+00                                 F               0         Blade 1 X translation displacement, node 2, m
        122   -1.385E+01                                 F               0         Blade 1 Y translation displacement, node 2, m
        123   -4.779E+00                                 F               0         Blade 1 Z translation displacement, node 2, m
        124    1.674E+00                                 F               0         Blade 1 X translation displacement, node 3, m
        125   -3.118E+01                                 F               0         Blade 1 Y translation displacement, node 3, m
        126   -1.749E+01                                 F               0         Blade 1 Z translation displacement, node 3, m
        127    1.463E+00                                 F               0         Blade 1 X translation displacement, node 4, m
        128   -3.487E+01                                 F               0         Blade 1 Y translation displacement, node 4, m
        129   -2.020E+01                                 F               0         Blade 1 Z translation displacement, node 4, m
        130    1.252E+00                                 F               0         Blade 1 X translation displacement, node 5, m
        131   -3.856E+01                                 F               0         Blade 1 Y translation displacement, node 5, m
        132   -2.291E+01                                 F               0         Blade 1 Z translation displacement, node 5, m
        133    1.041E+00                                 F               0         Blade 1 X translation displacement, node 6, m
        134   -4.225E+01                                 F               0         Blade 1 Y translation displacement, node 6, m
        135   -2.562E+01                                 F               0         Blade 1 Z translation displacement, node 6, m
        136    8.302E-01                                 F               0         Blade 1 X translation displacement, node 7, m
        137   -4.594E+01                                 F               0         Blade 1 Y translation displacement, node 7, m
        138   -2.833E+01                                 F               0         Blade 1 Z translation displacement, node 7, m
        139    6.191E-01                                 F               0         Blade 1 X translation displacement, node 8, m
        140   -4.963E+01                                 F               0         Blade 1 Y translation displacement, node 8, m
        141   -3.103E+01                                 F               0         Blade 1 Z translation displacement, node 8, m
        142    4.081E-01                                 F               0         Blade 1 X translation displacement, node 9, m
        143   -5.332E+01                                 F               0         Blade 1 Y translation displacement, node 9, m
        144   -3.374E+01                                 F               0         Blade 1 Z translation displacement, node 9, m
        145    1.971E-01                                 F               0         Blade 1 X translation displacement, node 10, m
        146   -5.702E+01                                 F               0         Blade 1 Y translation displacement, node 10, m
        147   -3.645E+01                                 F               0         Blade 1 Z translation displacement, node 10, m
        148   -1.392E-02                                 F               0         Blade 1 X translation displacement, node 11, m
        149   -6.071E+01                                 F               0         Blade 1 Y translation displacement, node 11, m
        150   -3.916E+01                                 F               0         Blade 1 Z translation displacement, node 11, m
        151   -2.250E-01                                 F               0         Blade 1 X translation displacement, node 12, m
        152   -6.440E+01                                 F               0         Blade 1 Y translation displacement, node 12, m
        153   -4.187E+01                                 F               0         Blade 1 Z translation displacement, node 12, m
        154   -4.360E-01                                 F               0         Blade 1 X translation displacement, node 13, m
        155   -6.809E+01                                 F               0         Blade 1 Y translation displacement, node 13, m
        156   -4.458E+01                                 F               0         Blade 1 Z translation displacement, node 13, m
        157   -6.470E-01                                 F               0         Blade 1 X translation displacement, node 14, m
        158   -7.178E+01                                 F               0         Blade 1 Y translation displacement, node 14, m
        159   -4.729E+01                                 F               0         Blade 1 Z translation displacement, node 14, m
        160   -8.581E-01                                 F               0         Blade 1 X translation displacement, node 15, m
        161   -7.547E+01                                 F               0         Blade 1 Y translation displacement, node 15, m
        162   -4.999E+01                                 F               0         Blade 1 Z translation displacement, node 15, m
        163   -1.069E+00                                 F               0         Blade 1 X translation displacement, node 16, m
        164   -7.916E+01                                 F               0         Blade 1 Y translation displacement, node 16, m
        165   -5.270E+01                                 F               0         Blade 1 Z translation displacement, node 16, m
        166   -1.280E+00                                 F               0         Blade 1 X translation displacement, node 17, m
        167   -8.286E+01                                 F               0         Blade 1 Y translation displacement, node 17, m
        168   -5.541E+01                                 F               0         Blade 1 Z translation displacement, node 17, m
        169   -1.491E+00                                 F               0         Blade 1 X translation displacement, node 18, m
        170   -8.655E+01                                 F               0         Blade 1 Y translation displacement, node 18, m
        171   -5.812E+01                                 F               0         Blade 1 Z translation displacement, node 18, m
        172   -1.702E+00                                 F               0         Blade 1 X translation displacement, node 19, m
        173   -9.024E+01                                 F               0         Blade 1 Y translation displacement, node 19, m
        174   -6.083E+01                                 F               0         Blade 1 Z translation displacement, node 19, m
        175   -1.913E+00                                 F               0         Blade 1 X translation displacement, node 20, m
        176   -9.393E+01                                 F               0         Blade 1 Y translation displacement, node 20, m
        177   -6.354E+01                                 F               0         Blade 1 Z translation displacement, node 20, m
        178   -2.124E+00                                 F               0         Blade 1 X translation displacement, node 21, m
        179   -9.762E+01                                 F               0         Blade 1 Y translation displacement, node 21, m
        180   -6.625E+01                                 F               0         Blade 1 Z translation displacement, node 21, m
        181   -2.335E+00                                 F               0         Blade 1 X translation displacement, node 22, m
        182   -1.013E+02                                 F               0         Blade 1 Y translation displacement, node 22, m
        183   -6.896E+01                                 F               0         Blade 1 Z translation displacement, node 22, m
        184   -2.546E+00                                 F               0         Blade 1 X translation displacement, node 23, m
        185   -1.050E+02                                 F               0         Blade 1 Y translation displacement, node 23, m
        186   -7.166E+01                                 F               0         Blade 1 Z translation displacement, node 23, m
        187   -2.757E+00                                 F               0         Blade 1 X translation displacement, node 24, m
        188   -1.087E+02                                 F               0         Blade 1 Y translation displacement, node 24, m
        189   -7.437E+01                                 F               0         Blade 1 Z translation displacement, node 24, m
        190   -2.968E+00                                 F               0         Blade 1 X translation displacement, node 25, m
        191   -1.124E+02                                 F               0         Blade 1 Y translation displacement, node 25, m
        192   -7.708E+01                                 F               0         Blade 1 Z translation displacement, node 25, m
        193   -3.179E+00                                 F               0         Blade 1 X translation displacement, node 26, m
        194   -1.161E+02                                 F               0         Blade 1 Y translation displacement, node 26, m
        195   -7.979E+01                                 F               0         Blade 1 Z translation displacement, node 26, m
        196   -3.390E+00                                 F               0         Blade 1 X translation displacement, node 27, m
        197   -1.198E+02                                 F               0         Blade 1 Y translation displacement, node 27, m
        198   -8.250E+01                                 F               0         Blade 1 Z translation displacement, node 27, m
        199   -3.569E+00                                 F               0         Blade 1 X translation displacement, node 28, m
        200   -1.229E+02                                 F               0         Blade 1 Y translation displacement, node 28, m
        201   -8.479E+01                                 F               0         Blade 1 Z translation displacement, node 28, m
        202    8.122E-01, -1.326E-01, -5.681E-01         F               0         Blade 1 X orientation angle, node 1, rad
        203    5.812E-01,  2.673E-01,  7.686E-01         F               0         Blade 1 Y orientation angle, node 1, rad
        204    4.997E-02, -9.544E-01,  2.942E-01         F               0         Blade 1 Z orientation angle, node 1, rad
        205    8.122E-01, -1.326E-01, -5.681E-01         F               0         Blade 1 X orientation angle, node 2, rad
        206    5.812E-01,  2.673E-01,  7.686E-01         F               0         Blade 1 Y orientation angle, node 2, rad
        207    4.997E-02, -9.544E-01,  2.942E-01         F               0         Blade 1 Z orientation angle, node 2, rad
        208    9.268E-01, -6.544E-02, -3.697E-01         F               0         Blade 1 X orientation angle, node 3, rad
        209    3.721E-01,  2.912E-01,  8.813E-01         F               0         Blade 1 Y orientation angle, node 3, rad
        210    4.997E-02, -9.544E-01,  2.942E-01         F               0         Blade 1 Z orientation angle, node 3, rad
        211    9.417E-01, -5.309E-02, -3.322E-01         F               0         Blade 1 X orientation angle, node 4, rad
        212    3.327E-01,  2.937E-01,  8.962E-01         F               0         Blade 1 Y orientation angle, node 4, rad
        213    4.997E-02, -9.544E-01,  2.942E-01         F               0         Blade 1 Z orientation angle, node 4, rad
        214    9.522E-01, -4.333E-02, -3.023E-01         F               0         Blade 1 X orientation angle, node 5, rad
        215    3.013E-01,  2.953E-01,  9.067E-01         F               0         Blade 1 Y orientation angle, node 5, rad
        216    4.997E-02, -9.544E-01,  2.942E-01         F               0         Blade 1 Z orientation angle, node 5, rad
        217    9.599E-01, -3.548E-02, -2.781E-01         F               0         Blade 1 X orientation angle, node 6, rad
        218    2.759E-01,  2.963E-01,  9.144E-01         F               0         Blade 1 Y orientation angle, node 6, rad
        219    4.997E-02, -9.544E-01,  2.942E-01         F               0         Blade 1 Z orientation angle, node 6, rad
        220    9.657E-01, -2.901E-02, -2.581E-01         F               0         Blade 1 X orientation angle, node 7, rad
        221    2.549E-01,  2.970E-01,  9.202E-01         F               0         Blade 1 Y orientation angle, node 7, rad
        222    4.997E-02, -9.544E-01,  2.942E-01         F               0         Blade 1 Z orientation angle, node 7, rad
        223    9.701E-01, -2.361E-02, -2.414E-01         F               0         Blade 1 X orientation angle, node 8, rad
        224    2.373E-01,  2.975E-01,  9.248E-01         F               0         Blade 1 Y orientation angle, node 8, rad
        225    4.997E-02, -9.544E-01,  2.942E-01         F               0         Blade 1 Z orientation angle, node 8, rad
        226    9.737E-01, -1.904E-02, -2.271E-01         F               0         Blade 1 X orientation angle, node 9, rad
        227    2.224E-01,  2.978E-01,  9.284E-01         F               0         Blade 1 Y orientation angle, node 9, rad
        228    4.997E-02, -9.544E-01,  2.942E-01         F               0         Blade 1 Z orientation angle, node 9, rad
        229    9.765E-01, -1.509E-02, -2.148E-01         F               0         Blade 1 X orientation angle, node 10, rad
        230    2.094E-01,  2.980E-01,  9.313E-01         F               0         Blade 1 Y orientation angle, node 10, rad
        231    4.997E-02, -9.544E-01,  2.942E-01         F               0         Blade 1 Z orientation angle, node 10, rad
        232    9.789E-01, -1.171E-02, -2.042E-01         F               0         Blade 1 X orientation angle, node 11, rad
        233    1.984E-01,  2.982E-01,  9.337E-01         F               0         Blade 1 Y orientation angle, node 11, rad
        234    4.997E-02, -9.544E-01,  2.942E-01         F               0         Blade 1 Z orientation angle, node 11, rad
        235    9.808E-01, -8.738E-03, -1.949E-01         F               0         Blade 1 X orientation angle, node 12, rad
        236    1.886E-01,  2.983E-01,  9.357E-01         F               0         Blade 1 Y orientation angle, node 12, rad
        237    4.997E-02, -9.544E-01,  2.942E-01         F               0         Blade 1 Z orientation angle, node 12, rad
        238    9.824E-01, -6.135E-03, -1.867E-01         F               0         Blade 1 X orientation angle, node 13, rad
        239    1.800E-01,  2.984E-01,  9.373E-01         F               0         Blade 1 Y orientation angle, node 13, rad
        240    4.997E-02, -9.544E-01,  2.942E-01         F               0         Blade 1 Z orientation angle, node 13, rad
        241    9.838E-01, -3.791E-03, -1.794E-01         F               0         Blade 1 X orientation angle, node 14, rad
        242    1.723E-01,  2.984E-01,  9.388E-01         F               0         Blade 1 Y orientation angle, node 14, rad
        243    4.997E-02, -9.544E-01,  2.942E-01         F               0         Blade 1 Z orientation angle, node 14, rad
        244    9.850E-01, -1.708E-03, -1.728E-01         F               0         Blade 1 X orientation angle, node 15, rad
        245    1.655E-01,  2.984E-01,  9.400E-01         F               0         Blade 1 Y orientation angle, node 15, rad
        246    4.997E-02, -9.544E-01,  2.942E-01         F               0         Blade 1 Z orientation angle, node 15, rad
        247    9.860E-01,  1.671E-04, -1.669E-01         F               0         Blade 1 X orientation angle, node 16, rad
        248    1.593E-01,  2.984E-01,  9.411E-01         F               0         Blade 1 Y orientation angle, node 16, rad
        249    4.997E-02, -9.544E-01,  2.942E-01         F               0         Blade 1 Z orientation angle, node 16, rad
        250    9.868E-01,  1.834E-03, -1.617E-01         F               0         Blade 1 X orientation angle, node 17, rad
        251    1.537E-01,  2.984E-01,  9.420E-01         F               0         Blade 1 Y orientation angle, node 17, rad
        252    4.997E-02, -9.544E-01,  2.942E-01         F               0         Blade 1 Z orientation angle, node 17, rad
        253    9.876E-01,  3.396E-03, -1.567E-01         F               0         Blade 1 X orientation angle, node 18, rad
        254    1.486E-01,  2.984E-01,  9.428E-01         F               0         Blade 1 Y orientation angle, node 18, rad
        255    4.997E-02, -9.544E-01,  2.942E-01         F               0         Blade 1 Z orientation angle, node 18, rad
        256    9.883E-01,  4.802E-03, -1.523E-01         F               0         Blade 1 X orientation angle, node 19, rad
        257    1.439E-01,  2.984E-01,  9.435E-01         F               0         Blade 1 Y orientation angle, node 19, rad
        258    4.997E-02, -9.544E-01,  2.942E-01         F               0         Blade 1 Z orientation angle, node 19, rad
        259    9.889E-01,  6.052E-03, -1.483E-01         F               0         Blade 1 X orientation angle, node 20, rad
        260    1.398E-01,  2.984E-01,  9.442E-01         F               0         Blade 1 Y orientation angle, node 20, rad
        261    4.997E-02, -9.544E-01,  2.942E-01         F               0         Blade 1 Z orientation angle, node 20, rad
        262    9.895E-01,  7.250E-03, -1.445E-01         F               0         Blade 1 X orientation angle, node 21, rad
        263    1.358E-01,  2.983E-01,  9.448E-01         F               0         Blade 1 Y orientation angle, node 21, rad
        264    4.997E-02, -9.544E-01,  2.942E-01         F               0         Blade 1 Z orientation angle, node 21, rad
        265    9.900E-01,  8.343E-03, -1.411E-01         F               0         Blade 1 X orientation angle, node 22, rad
        266    1.322E-01,  2.983E-01,  9.453E-01         F               0         Blade 1 Y orientation angle, node 22, rad
        267    4.997E-02, -9.544E-01,  2.942E-01         F               0         Blade 1 Z orientation angle, node 22, rad
        268    9.904E-01,  9.332E-03, -1.379E-01         F               0         Blade 1 X orientation angle, node 23, rad
        269    1.289E-01,  2.983E-01,  9.457E-01         F               0         Blade 1 Y orientation angle, node 23, rad
        270    4.997E-02, -9.544E-01,  2.942E-01         F               0         Blade 1 Z orientation angle, node 23, rad
        271    9.908E-01,  1.027E-02, -1.350E-01         F               0         Blade 1 X orientation angle, node 24, rad
        272    1.258E-01,  2.982E-01,  9.462E-01         F               0         Blade 1 Y orientation angle, node 24, rad
        273    4.997E-02, -9.544E-01,  2.942E-01         F               0         Blade 1 Z orientation angle, node 24, rad
        274    9.912E-01,  1.115E-02, -1.322E-01         F               0         Blade 1 X orientation angle, node 25, rad
        275    1.228E-01,  2.982E-01,  9.466E-01         F               0         Blade 1 Y orientation angle, node 25, rad
        276    4.997E-02, -9.544E-01,  2.942E-01         F               0         Blade 1 Z orientation angle, node 25, rad
        277    9.915E-01,  1.193E-02, -1.297E-01         F               0         Blade 1 X orientation angle, node 26, rad
        278    1.203E-01,  2.982E-01,  9.469E-01         F               0         Blade 1 Y orientation angle, node 26, rad
        279    4.997E-02, -9.544E-01,  2.942E-01         F               0         Blade 1 Z orientation angle, node 26, rad
        280    9.918E-01,  1.272E-02, -1.272E-01         F               0         Blade 1 X orientation angle, node 27, rad
        281    1.177E-01,  2.981E-01,  9.472E-01         F               0         Blade 1 Y orientation angle, node 27, rad
        282    4.997E-02, -9.544E-01,  2.942E-01         F               0         Blade 1 Z orientation angle, node 27, rad
        283    9.920E-01,  1.313E-02, -1.259E-01         F               0         Blade 1 X orientation angle, node 28, rad
        284    1.163E-01,  2.981E-01,  9.474E-01         F               0         Blade 1 Y orientation angle, node 28, rad
        285    4.997E-02, -9.544E-01,  2.942E-01         F               0         Blade 1 Z orientation angle, node 28, rad
        286   -5.817E-01                                 F               0         Blade 1 X translation velocity, node 1, m/s
        287   -1.479E+00                                 F               0         Blade 1 Y translation velocity, node 1, m/s
        288   -4.690E+00                                 F               0         Blade 1 Z translation velocity, node 1, m/s
        289   -7.219E-01                                 F               0         Blade 1 X translation velocity, node 2, m/s
        290   -1.835E+00                                 F               0         Blade 1 Y translation velocity, node 2, m/s
        291   -5.820E+00                                 F               0         Blade 1 Z translation velocity, node 2, m/s
        292   -2.628E+00                                 F               0         Blade 1 X translation velocity, node 3, m/s
        293   -6.672E+00                                 F               0         Blade 1 Y translation velocity, node 3, m/s
        294   -2.119E+01                                 F               0         Blade 1 Z translation velocity, node 3, m/s
        295   -3.034E+00                                 F               0         Blade 1 X translation velocity, node 4, m/s
        296   -7.702E+00                                 F               0         Blade 1 Y translation velocity, node 4, m/s
        297   -2.446E+01                                 F               0         Blade 1 Z translation velocity, node 4, m/s
        298   -3.440E+00                                 F               0         Blade 1 X translation velocity, node 5, m/s
        299   -8.733E+00                                 F               0         Blade 1 Y translation velocity, node 5, m/s
        300   -2.774E+01                                 F               0         Blade 1 Z translation velocity, node 5, m/s
        301   -3.846E+00                                 F               0         Blade 1 X translation velocity, node 6, m/s
        302   -9.764E+00                                 F               0         Blade 1 Y translation velocity, node 6, m/s
        303   -3.101E+01                                 F               0         Blade 1 Z translation velocity, node 6, m/s
        304   -4.252E+00                                 F               0         Blade 1 X translation velocity, node 7, m/s
        305   -1.079E+01                                 F               0         Blade 1 Y translation velocity, node 7, m/s
        306   -3.428E+01                                 F               0         Blade 1 Z translation velocity, node 7, m/s
        307   -4.658E+00                                 F               0         Blade 1 X translation velocity, node 8, m/s
