
Linearized model: Predictions were generated on 24-Jan-2024 at 11:24:37 using OpenFAST, compiled as a 64-bit application using single precision at commit v3.5.1
 linked with  NWTC Subroutine Library; ElastoDyn; InflowWind; AeroDyn; ServoDyn; HydroDyn; MAP++ (<1.20.10>, <Oct-20-2023>)

Description from the FAST input file: CCT-9 Campign 4 model. Input files to be run with OpenFAST 3.5.0. GitHub branch from Lu Wang (https://github.com/luwang00/openfast/tree/dev) compiled on March 7, 2023.

Simulation information:
   Simulation time:                   505.7000 s
   Rotor Speed:                         0.8937 rad/s
   Azimuth:                             0.3526 rad
   Wind Speed:                         10.0000 m/s
   Number of continuous states:         0
   Number of discrete states:           0
   Number of constraint states:         0
   Number of inputs:                 1746
   Number of outputs:                   4
   Jacobians included in this file?    No

Order of inputs:
     Column   Operating Point                     Rotating Frame? Derivative Order Description
   ---------- ---------------                     --------------- ---------------- -----------
          1    1.535E-01                                 F               0         Tower X translation displacement, node 1, m
          2   -1.355E+00                                 F               0         Tower Y translation displacement, node 1, m
          3   -4.807E-02                                 F               0         Tower Z translation displacement, node 1, m
          4    3.903E-01                                 F               0         Tower X translation displacement, node 2, m
          5   -1.889E+00                                 F               0         Tower Y translation displacement, node 2, m
          6   -6.192E-02                                 F               0         Tower Z translation displacement, node 2, m
          7    6.403E-01                                 F               0         Tower X translation displacement, node 3, m
          8   -2.429E+00                                 F               0         Tower Y translation displacement, node 3, m
          9   -7.624E-02                                 F               0         Tower Z translation displacement, node 3, m
         10    9.003E-01                                 F               0         Tower X translation displacement, node 4, m
         11   -2.972E+00                                 F               0         Tower Y translation displacement, node 4, m
         12   -9.094E-02                                 F               0         Tower Z translation displacement, node 4, m
         13    1.168E+00                                 F               0         Tower X translation displacement, node 5, m
         14   -3.519E+00                                 F               0         Tower Y translation displacement, node 5, m
         15   -1.060E-01                                 F               0         Tower Z translation displacement, node 5, m
         16    1.442E+00                                 F               0         Tower X translation displacement, node 6, m
         17   -4.069E+00                                 F               0         Tower Y translation displacement, node 6, m
         18   -1.212E-01                                 F               0         Tower Z translation displacement, node 6, m
         19    1.720E+00                                 F               0         Tower X translation displacement, node 7, m
         20   -4.621E+00                                 F               0         Tower Y translation displacement, node 7, m
         21   -1.367E-01                                 F               0         Tower Z translation displacement, node 7, m
         22    2.001E+00                                 F               0         Tower X translation displacement, node 8, m
         23   -5.175E+00                                 F               0         Tower Y translation displacement, node 8, m
         24   -1.523E-01                                 F               0         Tower Z translation displacement, node 8, m
         25    2.285E+00                                 F               0         Tower X translation displacement, node 9, m
         26   -5.731E+00                                 F               0         Tower Y translation displacement, node 9, m
         27   -1.681E-01                                 F               0         Tower Z translation displacement, node 9, m
         28    2.570E+00                                 F               0         Tower X translation displacement, node 10, m
         29   -6.287E+00                                 F               0         Tower Y translation displacement, node 10, m
         30   -1.839E-01                                 F               0         Tower Z translation displacement, node 10, m
         31    2.855E+00                                 F               0         Tower X translation displacement, node 11, m
         32   -6.844E+00                                 F               0         Tower Y translation displacement, node 11, m
         33   -1.998E-01                                 F               0         Tower Z translation displacement, node 11, m
         34    9.998E-01,  7.905E-03, -1.840E-02         F               0         Tower X orientation angle, node 1, rad
         35   -7.103E-03,  9.990E-01,  4.325E-02         F               0         Tower Y orientation angle, node 1, rad
         36    1.873E-02, -4.311E-02,  9.989E-01         F               0         Tower Z orientation angle, node 1, rad
         37    9.998E-01,  7.950E-03, -1.942E-02         F               0         Tower X orientation angle, node 2, rad
         38   -7.096E-03,  9.990E-01,  4.364E-02         F               0         Tower Y orientation angle, node 2, rad
         39    1.975E-02, -4.349E-02,  9.989E-01         F               0         Tower Z orientation angle, node 2, rad
         40    9.998E-01,  7.988E-03, -2.030E-02         F               0         Tower X orientation angle, node 3, rad
         41   -7.089E-03,  9.990E-01,  4.398E-02         F               0         Tower Y orientation angle, node 3, rad
         42    2.063E-02, -4.383E-02,  9.988E-01         F               0         Tower Z orientation angle, node 3, rad
         43    9.997E-01,  8.019E-03, -2.101E-02         F               0         Tower X orientation angle, node 4, rad
         44   -7.082E-03,  9.990E-01,  4.429E-02         F               0         Tower Y orientation angle, node 4, rad
         45    2.135E-02, -4.413E-02,  9.988E-01         F               0         Tower Z orientation angle, node 4, rad
         46    9.997E-01,  8.045E-03, -2.158E-02         F               0         Tower X orientation angle, node 5, rad
         47   -7.077E-03,  9.990E-01,  4.455E-02         F               0         Tower Y orientation angle, node 5, rad
         48    2.192E-02, -4.438E-02,  9.988E-01         F               0         Tower Z orientation angle, node 5, rad
         49    9.997E-01,  8.064E-03, -2.201E-02         F               0         Tower X orientation angle, node 6, rad
         50   -7.072E-03,  9.990E-01,  4.477E-02         F               0         Tower Y orientation angle, node 6, rad
         51    2.235E-02, -4.460E-02,  9.988E-01         F               0         Tower Z orientation angle, node 6, rad
         52    9.997E-01,  8.078E-03, -2.232E-02         F               0         Tower X orientation angle, node 7, rad
         53   -7.068E-03,  9.990E-01,  4.494E-02         F               0         Tower Y orientation angle, node 7, rad
         54    2.266E-02, -4.477E-02,  9.987E-01         F               0         Tower Z orientation angle, node 7, rad
         55    9.997E-01,  8.087E-03, -2.253E-02         F               0         Tower X orientation angle, node 8, rad
         56   -7.065E-03,  9.990E-01,  4.508E-02         F               0         Tower Y orientation angle, node 8, rad
         57    2.287E-02, -4.490E-02,  9.987E-01         F               0         Tower Z orientation angle, node 8, rad
         58    9.997E-01,  8.093E-03, -2.266E-02         F               0         Tower X orientation angle, node 9, rad
         59   -7.063E-03,  9.990E-01,  4.517E-02         F               0         Tower Y orientation angle, node 9, rad
         60    2.300E-02, -4.500E-02,  9.987E-01         F               0         Tower Z orientation angle, node 9, rad
         61    9.997E-01,  8.096E-03, -2.272E-02         F               0         Tower X orientation angle, node 10, rad
         62   -7.062E-03,  9.990E-01,  4.524E-02         F               0         Tower Y orientation angle, node 10, rad
         63    2.307E-02, -4.507E-02,  9.987E-01         F               0         Tower Z orientation angle, node 10, rad
         64    9.997E-01,  8.097E-03, -2.275E-02         F               0         Tower X orientation angle, node 11, rad
         65   -7.061E-03,  9.989E-01,  4.527E-02         F               0         Tower Y orientation angle, node 11, rad
         66    2.310E-02, -4.510E-02,  9.987E-01         F               0         Tower Z orientation angle, node 11, rad
         67   -2.750E-06                                 F               0         Tower X translation velocity, node 1, m/s
         68   -1.195E-06                                 F               0         Tower Y translation velocity, node 1, m/s
         69    0.000E+00                                 F               0         Tower Z translation velocity, node 1, m/s
         70    4.482E-06                                 F               0         Tower X translation velocity, node 2, m/s
         71   -2.772E-05                                 F               0         Tower Y translation velocity, node 2, m/s
         72   -1.293E-06                                 F               0         Tower Z translation velocity, node 2, m/s
         73    3.537E-05                                 F               0         Tower X translation velocity, node 3, m/s
         74   -1.206E-04                                 F               0         Tower Y translation velocity, node 3, m/s
         75   -5.980E-06                                 F               0         Tower Z translation velocity, node 3, m/s
         76    8.556E-05                                 F               0         Tower X translation velocity, node 4, m/s
         77   -2.667E-04                                 F               0         Tower Y translation velocity, node 4, m/s
         78   -1.347E-05                                 F               0         Tower Z translation velocity, node 4, m/s
         79    1.531E-04                                 F               0         Tower X translation velocity, node 5, m/s
         80   -4.596E-04                                 F               0         Tower Y translation velocity, node 5, m/s
         81   -2.349E-05                                 F               0         Tower Z translation velocity, node 5, m/s
         82    2.358E-04                                 F               0         Tower X translation velocity, node 6, m/s
         83   -6.929E-04                                 F               0         Tower Y translation velocity, node 6, m/s
         84   -3.572E-05                                 F               0         Tower Z translation velocity, node 6, m/s
         85    3.307E-04                                 F               0         Tower X translation velocity, node 7, m/s
         86   -9.579E-04                                 F               0         Tower Y translation velocity, node 7, m/s
         87   -4.972E-05                                 F               0         Tower Z translation velocity, node 7, m/s
         88    4.368E-04                                 F               0         Tower X translation velocity, node 8, m/s
         89   -1.251E-03                                 F               0         Tower Y translation velocity, node 8, m/s
         90   -6.530E-05                                 F               0         Tower Z translation velocity, node 8, m/s
         91    5.516E-04                                 F               0         Tower X translation velocity, node 9, m/s
         92   -1.567E-03                                 F               0         Tower Y translation velocity, node 9, m/s
         93   -8.214E-05                                 F               0         Tower Z translation velocity, node 9, m/s
         94    6.728E-04                                 F               0         Tower X translation velocity, node 10, m/s
         95   -1.898E-03                                 F               0         Tower Y translation velocity, node 10, m/s
         96   -9.986E-05                                 F               0         Tower Z translation velocity, node 10, m/s
         97    7.981E-04                                 F               0         Tower X translation velocity, node 11, m/s
         98   -2.238E-03                                 F               0         Tower Y translation velocity, node 11, m/s
         99   -1.181E-04                                 F               0         Tower Z translation velocity, node 11, m/s
        100    3.039E+00                                 F               0         Hub X translation displacement, node 1, m
        101   -7.286E+00                                 F               0         Hub Y translation displacement, node 1, m
        102    3.590E-02                                 F               0         Hub Z translation displacement, node 1, m
        103    9.918E-01,  1.277E-02, -1.270E-01         F               0         Hub X orientation angle, node 1, rad
        104    3.740E-02,  9.223E-01,  3.847E-01         F               0         Hub Y orientation angle, node 1, rad
        105    1.221E-01, -3.863E-01,  9.143E-01         F               0         Hub Z orientation angle, node 1, rad
        106    8.864E-01                                 F               0         Hub X rotation velocity, node 1, rad/s
        107    1.142E-02                                 F               0         Hub Y rotation velocity, node 1, rad/s
        108   -1.135E-01                                 F               0         Hub Z rotation velocity, node 1, rad/s
        109    9.903E-01, -1.460E-02, -1.384E-01         F               0         Blade root 1 X orientation angle, node 1, rad
        110    6.680E-02,  9.223E-01,  3.808E-01         F               0         Blade root 1 Y orientation angle, node 1, rad
        111    1.221E-01, -3.863E-01,  9.143E-01         F               0         Blade root 1 Z orientation angle, node 1, rad
        112    9.888E-01,  3.637E-02, -1.448E-01         F               0         Blade root 2 X orientation angle, node 1, rad
        113    1.164E-01, -7.950E-01,  5.954E-01         F               0         Blade root 2 Y orientation angle, node 1, rad
        114   -9.342E-02, -6.056E-01, -7.903E-01         F               0         Blade root 2 Z orientation angle, node 1, rad
        115    9.951E-01,  1.652E-02, -9.777E-02         F               0         Blade root 3 X orientation angle, node 1, rad
        116   -9.493E-02, -1.262E-01, -9.875E-01         F               0         Blade root 3 Y orientation angle, node 1, rad
        117   -2.864E-02,  9.919E-01, -1.240E-01         F               0         Blade root 3 Z orientation angle, node 1, rad
        118    3.137E+00                                 F               0         Blade 1 X translation displacement, node 1, m
        119   -9.426E+00                                 F               0         Blade 1 Y translation displacement, node 1, m
        120   -4.088E-01                                 F               0         Blade 1 Z translation displacement, node 1, m
        121    3.160E+00                                 F               0         Blade 1 X translation displacement, node 2, m
        122   -9.942E+00                                 F               0         Blade 1 Y translation displacement, node 2, m
        123   -5.159E-01                                 F               0         Blade 1 Z translation displacement, node 2, m
        124    3.478E+00                                 F               0         Blade 1 X translation displacement, node 3, m
        125   -1.695E+01                                 F               0         Blade 1 Y translation displacement, node 3, m
        126   -1.973E+00                                 F               0         Blade 1 Z translation displacement, node 3, m
        127    3.546E+00                                 F               0         Blade 1 X translation displacement, node 4, m
        128   -1.845E+01                                 F               0         Blade 1 Y translation displacement, node 4, m
        129   -2.283E+00                                 F               0         Blade 1 Z translation displacement, node 4, m
        130    3.614E+00                                 F               0         Blade 1 X translation displacement, node 5, m
        131   -1.994E+01                                 F               0         Blade 1 Y translation displacement, node 5, m
        132   -2.594E+00                                 F               0         Blade 1 Z translation displacement, node 5, m
        133    3.682E+00                                 F               0         Blade 1 X translation displacement, node 6, m
        134   -2.144E+01                                 F               0         Blade 1 Y translation displacement, node 6, m
        135   -2.904E+00                                 F               0         Blade 1 Z translation displacement, node 6, m
        136    3.749E+00                                 F               0         Blade 1 X translation displacement, node 7, m
        137   -2.293E+01                                 F               0         Blade 1 Y translation displacement, node 7, m
        138   -3.215E+00                                 F               0         Blade 1 Z translation displacement, node 7, m
        139    3.817E+00                                 F               0         Blade 1 X translation displacement, node 8, m
        140   -2.442E+01                                 F               0         Blade 1 Y translation displacement, node 8, m
        141   -3.525E+00                                 F               0         Blade 1 Z translation displacement, node 8, m
        142    3.885E+00                                 F               0         Blade 1 X translation displacement, node 9, m
        143   -2.592E+01                                 F               0         Blade 1 Y translation displacement, node 9, m
        144   -3.836E+00                                 F               0         Blade 1 Z translation displacement, node 9, m
        145    3.953E+00                                 F               0         Blade 1 X translation displacement, node 10, m
        146   -2.741E+01                                 F               0         Blade 1 Y translation displacement, node 10, m
        147   -4.146E+00                                 F               0         Blade 1 Z translation displacement, node 10, m
        148    4.021E+00                                 F               0         Blade 1 X translation displacement, node 11, m
        149   -2.891E+01                                 F               0         Blade 1 Y translation displacement, node 11, m
        150   -4.456E+00                                 F               0         Blade 1 Z translation displacement, node 11, m
        151    4.089E+00                                 F               0         Blade 1 X translation displacement, node 12, m
        152   -3.040E+01                                 F               0         Blade 1 Y translation displacement, node 12, m
        153   -4.767E+00                                 F               0         Blade 1 Z translation displacement, node 12, m
        154    4.156E+00                                 F               0         Blade 1 X translation displacement, node 13, m
        155   -3.190E+01                                 F               0         Blade 1 Y translation displacement, node 13, m
        156   -5.077E+00                                 F               0         Blade 1 Z translation displacement, node 13, m
        157    4.224E+00                                 F               0         Blade 1 X translation displacement, node 14, m
        158   -3.339E+01                                 F               0         Blade 1 Y translation displacement, node 14, m
        159   -5.388E+00                                 F               0         Blade 1 Z translation displacement, node 14, m
        160    4.292E+00                                 F               0         Blade 1 X translation displacement, node 15, m
        161   -3.488E+01                                 F               0         Blade 1 Y translation displacement, node 15, m
        162   -5.698E+00                                 F               0         Blade 1 Z translation displacement, node 15, m
        163    4.360E+00                                 F               0         Blade 1 X translation displacement, node 16, m
        164   -3.638E+01                                 F               0         Blade 1 Y translation displacement, node 16, m
        165   -6.009E+00                                 F               0         Blade 1 Z translation displacement, node 16, m
        166    4.428E+00                                 F               0         Blade 1 X translation displacement, node 17, m
        167   -3.787E+01                                 F               0         Blade 1 Y translation displacement, node 17, m
        168   -6.319E+00                                 F               0         Blade 1 Z translation displacement, node 17, m
        169    4.496E+00                                 F               0         Blade 1 X translation displacement, node 18, m
        170   -3.937E+01                                 F               0         Blade 1 Y translation displacement, node 18, m
        171   -6.629E+00                                 F               0         Blade 1 Z translation displacement, node 18, m
        172    4.563E+00                                 F               0         Blade 1 X translation displacement, node 19, m
        173   -4.086E+01                                 F               0         Blade 1 Y translation displacement, node 19, m
        174   -6.940E+00                                 F               0         Blade 1 Z translation displacement, node 19, m
        175    4.631E+00                                 F               0         Blade 1 X translation displacement, node 20, m
        176   -4.235E+01                                 F               0         Blade 1 Y translation displacement, node 20, m
        177   -7.250E+00                                 F               0         Blade 1 Z translation displacement, node 20, m
        178    4.699E+00                                 F               0         Blade 1 X translation displacement, node 21, m
        179   -4.385E+01                                 F               0         Blade 1 Y translation displacement, node 21, m
        180   -7.561E+00                                 F               0         Blade 1 Z translation displacement, node 21, m
        181    4.767E+00                                 F               0         Blade 1 X translation displacement, node 22, m
        182   -4.534E+01                                 F               0         Blade 1 Y translation displacement, node 22, m
        183   -7.871E+00                                 F               0         Blade 1 Z translation displacement, node 22, m
        184    4.835E+00                                 F               0         Blade 1 X translation displacement, node 23, m
        185   -4.684E+01                                 F               0         Blade 1 Y translation displacement, node 23, m
        186   -8.182E+00                                 F               0         Blade 1 Z translation displacement, node 23, m
        187    4.902E+00                                 F               0         Blade 1 X translation displacement, node 24, m
        188   -4.833E+01                                 F               0         Blade 1 Y translation displacement, node 24, m
        189   -8.492E+00                                 F               0         Blade 1 Z translation displacement, node 24, m
        190    4.970E+00                                 F               0         Blade 1 X translation displacement, node 25, m
        191   -4.982E+01                                 F               0         Blade 1 Y translation displacement, node 25, m
        192   -8.802E+00                                 F               0         Blade 1 Z translation displacement, node 25, m
        193    5.038E+00                                 F               0         Blade 1 X translation displacement, node 26, m
        194   -5.132E+01                                 F               0         Blade 1 Y translation displacement, node 26, m
        195   -9.113E+00                                 F               0         Blade 1 Z translation displacement, node 26, m
        196    5.106E+00                                 F               0         Blade 1 X translation displacement, node 27, m
        197   -5.281E+01                                 F               0         Blade 1 Y translation displacement, node 27, m
        198   -9.423E+00                                 F               0         Blade 1 Z translation displacement, node 27, m
        199    5.163E+00                                 F               0         Blade 1 X translation displacement, node 28, m
        200   -5.408E+01                                 F               0         Blade 1 Y translation displacement, node 28, m
        201   -9.687E+00                                 F               0         Blade 1 Z translation displacement, node 28, m
        202    8.509E-01, -4.336E-01, -2.968E-01         F               0         Blade 1 X orientation angle, node 1, rad
        203    5.110E-01,  8.141E-01,  2.758E-01         F               0         Blade 1 Y orientation angle, node 1, rad
        204    1.221E-01, -3.863E-01,  9.143E-01         F               0         Blade 1 Z orientation angle, node 1, rad
        205    8.509E-01, -4.336E-01, -2.968E-01         F               0         Blade 1 X orientation angle, node 2, rad
        206    5.110E-01,  8.141E-01,  2.758E-01         F               0         Blade 1 Y orientation angle, node 2, rad
        207    1.221E-01, -3.863E-01,  9.143E-01         F               0         Blade 1 Z orientation angle, node 2, rad
        208    9.477E-01, -2.282E-01, -2.230E-01         F               0         Blade 1 X orientation angle, node 3, rad
        209    2.948E-01,  8.937E-01,  3.383E-01         F               0         Blade 1 Y orientation angle, node 3, rad
        210    1.221E-01, -3.863E-01,  9.143E-01         F               0         Blade 1 Z orientation angle, node 3, rad
        211    9.593E-01, -1.903E-01, -2.085E-01         F               0         Blade 1 X orientation angle, node 4, rad
        212    2.545E-01,  9.025E-01,  3.474E-01         F               0         Blade 1 Y orientation angle, node 4, rad
        213    1.221E-01, -3.863E-01,  9.143E-01         F               0         Blade 1 Z orientation angle, node 4, rad
        214    9.672E-01, -1.603E-01, -1.969E-01         F               0         Blade 1 X orientation angle, node 5, rad
        215    2.226E-01,  9.083E-01,  3.541E-01         F               0         Blade 1 Y orientation angle, node 5, rad
        216    1.221E-01, -3.863E-01,  9.143E-01         F               0         Blade 1 Z orientation angle, node 5, rad
        217    9.728E-01, -1.361E-01, -1.874E-01         F               0         Blade 1 X orientation angle, node 6, rad
        218    1.968E-01,  9.123E-01,  3.592E-01         F               0         Blade 1 Y orientation angle, node 6, rad
        219    1.221E-01, -3.863E-01,  9.143E-01         F               0         Blade 1 Z orientation angle, node 6, rad
        220    9.769E-01, -1.162E-01, -1.795E-01         F               0         Blade 1 X orientation angle, node 7, rad
        221    1.756E-01,  9.150E-01,  3.632E-01         F               0         Blade 1 Y orientation angle, node 7, rad
        222    1.221E-01, -3.863E-01,  9.143E-01         F               0         Blade 1 Z orientation angle, node 7, rad
        223    9.799E-01, -9.957E-02, -1.729E-01         F               0         Blade 1 X orientation angle, node 8, rad
        224    1.578E-01,  9.170E-01,  3.664E-01         F               0         Blade 1 Y orientation angle, node 8, rad
        225    1.221E-01, -3.863E-01,  9.143E-01         F               0         Blade 1 Z orientation angle, node 8, rad
        226    9.822E-01, -8.547E-02, -1.672E-01         F               0         Blade 1 X orientation angle, node 9, rad
        227    1.428E-01,  9.184E-01,  3.690E-01         F               0         Blade 1 Y orientation angle, node 9, rad
        228    1.221E-01, -3.863E-01,  9.143E-01         F               0         Blade 1 Z orientation angle, node 9, rad
        229    9.840E-01, -7.328E-02, -1.623E-01         F               0         Blade 1 X orientation angle, node 10, rad
        230    1.297E-01,  9.195E-01,  3.712E-01         F               0         Blade 1 Y orientation angle, node 10, rad
        231    1.221E-01, -3.863E-01,  9.143E-01         F               0         Blade 1 Z orientation angle, node 10, rad
        232    9.854E-01, -6.285E-02, -1.581E-01         F               0         Blade 1 X orientation angle, node 11, rad
        233    1.185E-01,  9.202E-01,  3.730E-01         F               0         Blade 1 Y orientation angle, node 11, rad
        234    1.221E-01, -3.863E-01,  9.143E-01         F               0         Blade 1 Z orientation angle, node 11, rad
        235    9.865E-01, -5.369E-02, -1.544E-01         F               0         Blade 1 X orientation angle, node 12, rad
        236    1.087E-01,  9.208E-01,  3.746E-01         F               0         Blade 1 Y orientation angle, node 12, rad
        237    1.221E-01, -3.863E-01,  9.143E-01         F               0         Blade 1 Z orientation angle, node 12, rad
        238    9.875E-01, -4.565E-02, -1.511E-01         F               0         Blade 1 X orientation angle, node 13, rad
        239    1.001E-01,  9.212E-01,  3.759E-01         F               0         Blade 1 Y orientation angle, node 13, rad
        240    1.221E-01, -3.863E-01,  9.143E-01         F               0         Blade 1 Z orientation angle, node 13, rad
        241    9.882E-01, -3.841E-02, -1.482E-01         F               0         Blade 1 X orientation angle, node 14, rad
        242    9.236E-02,  9.216E-01,  3.771E-01         F               0         Blade 1 Y orientation angle, node 14, rad
        243    1.221E-01, -3.863E-01,  9.143E-01         F               0         Blade 1 Z orientation angle, node 14, rad
        244    9.888E-01, -3.198E-02, -1.455E-01         F               0         Blade 1 X orientation angle, node 15, rad
        245    8.546E-02,  9.218E-01,  3.781E-01         F               0         Blade 1 Y orientation angle, node 15, rad
        246    1.221E-01, -3.863E-01,  9.143E-01         F               0         Blade 1 Z orientation angle, node 15, rad
        247    9.894E-01, -2.619E-02, -1.432E-01         F               0         Blade 1 X orientation angle, node 16, rad
        248    7.924E-02,  9.220E-01,  3.790E-01         F               0         Blade 1 Y orientation angle, node 16, rad
        249    1.221E-01, -3.863E-01,  9.143E-01         F               0         Blade 1 Z orientation angle, node 16, rad
        250    9.898E-01, -2.104E-02, -1.410E-01         F               0         Blade 1 X orientation angle, node 17, rad
        251    7.372E-02,  9.221E-01,  3.798E-01         F               0         Blade 1 Y orientation angle, node 17, rad
        252    1.221E-01, -3.863E-01,  9.143E-01         F               0         Blade 1 Z orientation angle, node 17, rad
        253    9.902E-01, -1.621E-02, -1.390E-01         F               0         Blade 1 X orientation angle, node 18, rad
        254    6.853E-02,  9.222E-01,  3.805E-01         F               0         Blade 1 Y orientation angle, node 18, rad
        255    1.221E-01, -3.863E-01,  9.143E-01         F               0         Blade 1 Z orientation angle, node 18, rad
        256    9.905E-01, -1.186E-02, -1.373E-01         F               0         Blade 1 X orientation angle, node 19, rad
        257    6.387E-02,  9.223E-01,  3.812E-01         F               0         Blade 1 Y orientation angle, node 19, rad
        258    1.221E-01, -3.863E-01,  9.143E-01         F               0         Blade 1 Z orientation angle, node 19, rad
        259    9.907E-01, -7.999E-03, -1.357E-01         F               0         Blade 1 X orientation angle, node 20, rad
        260    5.972E-02,  9.223E-01,  3.817E-01         F               0         Blade 1 Y orientation angle, node 20, rad
        261    1.221E-01, -3.863E-01,  9.143E-01         F               0         Blade 1 Z orientation angle, node 20, rad
        262    9.910E-01, -4.296E-03, -1.341E-01         F               0         Blade 1 X orientation angle, node 21, rad
        263    5.574E-02,  9.224E-01,  3.823E-01         F               0         Blade 1 Y orientation angle, node 21, rad
        264    1.221E-01, -3.863E-01,  9.143E-01         F               0         Blade 1 Z orientation angle, node 21, rad
        265    9.912E-01, -9.158E-04, -1.327E-01         F               0         Blade 1 X orientation angle, node 22, rad
        266    5.211E-02,  9.224E-01,  3.828E-01         F               0         Blade 1 Y orientation angle, node 22, rad
        267    1.221E-01, -3.863E-01,  9.143E-01         F               0         Blade 1 Z orientation angle, node 22, rad
        268    9.913E-01,  2.143E-03, -1.314E-01         F               0         Blade 1 X orientation angle, node 23, rad
        269    4.882E-02,  9.224E-01,  3.832E-01         F               0         Blade 1 Y orientation angle, node 23, rad
        270    1.221E-01, -3.863E-01,  9.143E-01         F               0         Blade 1 Z orientation angle, node 23, rad
        271    9.915E-01,  5.041E-03, -1.302E-01         F               0         Blade 1 X orientation angle, node 24, rad
        272    4.570E-02,  9.224E-01,  3.836E-01         F               0         Blade 1 Y orientation angle, node 24, rad
        273    1.221E-01, -3.863E-01,  9.143E-01         F               0         Blade 1 Z orientation angle, node 24, rad
        274    9.916E-01,  7.777E-03, -1.291E-01         F               0         Blade 1 X orientation angle, node 25, rad
        275    4.276E-02,  9.223E-01,  3.840E-01         F               0         Blade 1 Y orientation angle, node 25, rad
        276    1.221E-01, -3.863E-01,  9.143E-01         F               0         Blade 1 Z orientation angle, node 25, rad
        277    9.917E-01,  1.019E-02, -1.281E-01         F               0         Blade 1 X orientation angle, node 26, rad
        278    4.017E-02,  9.223E-01,  3.843E-01         F               0         Blade 1 Y orientation angle, node 26, rad
        279    1.221E-01, -3.863E-01,  9.143E-01         F               0         Blade 1 Z orientation angle, node 26, rad
        280    9.918E-01,  1.261E-02, -1.271E-01         F               0         Blade 1 X orientation angle, node 27, rad
        281    3.757E-02,  9.223E-01,  3.847E-01         F               0         Blade 1 Y orientation angle, node 27, rad
        282    1.221E-01, -3.863E-01,  9.143E-01         F               0         Blade 1 Z orientation angle, node 27, rad
        283    9.919E-01,  1.389E-02, -1.266E-01         F               0         Blade 1 X orientation angle, node 28, rad
        284    3.619E-02,  9.223E-01,  3.849E-01         F               0         Blade 1 Y orientation angle, node 28, rad
        285    1.221E-01, -3.863E-01,  9.143E-01         F               0         Blade 1 Z orientation angle, node 28, rad
        286   -1.842E-01                                 F               0         Blade 1 X translation velocity, node 1, m/s
        287   -4.569E+00                                 F               0         Blade 1 Y translation velocity, node 1, m/s
        288   -1.905E+00                                 F               0         Blade 1 Z translation velocity, node 1, m/s
        289   -2.288E-01                                 F               0         Blade 1 X translation velocity, node 2, m/s
        290   -5.669E+00                                 F               0         Blade 1 Y translation velocity, node 2, m/s
        291   -2.364E+00                                 F               0         Blade 1 Z translation velocity, node 2, m/s
        292   -8.354E-01                                 F               0         Blade 1 X translation velocity, node 3, m/s
        293   -2.063E+01                                 F               0         Blade 1 Y translation velocity, node 3, m/s
        294   -8.605E+00                                 F               0         Blade 1 Z translation velocity, node 3, m/s
        295   -9.646E-01                                 F               0         Blade 1 X translation velocity, node 4, m/s
        296   -2.382E+01                                 F               0         Blade 1 Y translation velocity, node 4, m/s
        297   -9.935E+00                                 F               0         Blade 1 Z translation velocity, node 4, m/s
        298   -1.094E+00                                 F               0         Blade 1 X translation velocity, node 5, m/s
        299   -2.701E+01                                 F               0         Blade 1 Y translation velocity, node 5, m/s
        300   -1.126E+01                                 F               0         Blade 1 Z translation velocity, node 5, m/s
        301   -1.223E+00                                 F               0         Blade 1 X translation velocity, node 6, m/s
        302   -3.020E+01                                 F               0         Blade 1 Y translation velocity, node 6, m/s
        303   -1.259E+01                                 F               0         Blade 1 Z translation velocity, node 6, m/s
        304   -1.352E+00                                 F               0         Blade 1 X translation velocity, node 7, m/s
        305   -3.338E+01                                 F               0         Blade 1 Y translation velocity, node 7, m/s
        306   -1.392E+01                                 F               0         Blade 1 Z translation velocity, node 7, m/s
        307   -1.482E+00                                 F               0         Blade 1 X translation velocity, node 8, m/s
