
Linearized model: Predictions were generated on 24-Jan-2024 at 11:24:37 using OpenFAST, compiled as a 64-bit application using single precision at commit v3.5.1
 linked with  NWTC Subroutine Library; ElastoDyn; InflowWind; AeroDyn; ServoDyn; HydroDyn; MAP++ (<1.20.10>, <Oct-20-2023>)

Description from the FAST input file: CCT-9 Campign 4 model. Input files to be run with OpenFAST 3.5.0. GitHub branch from Lu Wang (https://github.com/luwang00/openfast/tree/dev) compiled on March 7, 2023.

Simulation information:
   Simulation time:                   502.9750 s
   Rotor Speed:                         0.8942 rad/s
   Azimuth:                             4.1998 rad
   Wind Speed:                         10.0000 m/s
   Number of continuous states:         0
   Number of discrete states:           0
   Number of constraint states:         0
   Number of inputs:                 1746
   Number of outputs:                   4
   Jacobians included in this file?    No

Order of inputs:
     Column   Operating Point                     Rotating Frame? Derivative Order Description
   ---------- ---------------                     --------------- ---------------- -----------
          1    1.535E-01                                 F               0         Tower X translation displacement, node 1, m
          2   -1.355E+00                                 F               0         Tower Y translation displacement, node 1, m
          3   -4.807E-02                                 F               0         Tower Z translation displacement, node 1, m
          4    3.902E-01                                 F               0         Tower X translation displacement, node 2, m
          5   -1.889E+00                                 F               0         Tower Y translation displacement, node 2, m
          6   -6.192E-02                                 F               0         Tower Z translation displacement, node 2, m
          7    6.403E-01                                 F               0         Tower X translation displacement, node 3, m
          8   -2.429E+00                                 F               0         Tower Y translation displacement, node 3, m
          9   -7.624E-02                                 F               0         Tower Z translation displacement, node 3, m
         10    9.001E-01                                 F               0         Tower X translation displacement, node 4, m
         11   -2.973E+00                                 F               0         Tower Y translation displacement, node 4, m
         12   -9.095E-02                                 F               0         Tower Z translation displacement, node 4, m
         13    1.168E+00                                 F               0         Tower X translation displacement, node 5, m
         14   -3.520E+00                                 F               0         Tower Y translation displacement, node 5, m
         15   -1.060E-01                                 F               0         Tower Z translation displacement, node 5, m
         16    1.442E+00                                 F               0         Tower X translation displacement, node 6, m
         17   -4.070E+00                                 F               0         Tower Y translation displacement, node 6, m
         18   -1.213E-01                                 F               0         Tower Z translation displacement, node 6, m
         19    1.719E+00                                 F               0         Tower X translation displacement, node 7, m
         20   -4.622E+00                                 F               0         Tower Y translation displacement, node 7, m
         21   -1.367E-01                                 F               0         Tower Z translation displacement, node 7, m
         22    2.001E+00                                 F               0         Tower X translation displacement, node 8, m
         23   -5.177E+00                                 F               0         Tower Y translation displacement, node 8, m
         24   -1.524E-01                                 F               0         Tower Z translation displacement, node 8, m
         25    2.284E+00                                 F               0         Tower X translation displacement, node 9, m
         26   -5.732E+00                                 F               0         Tower Y translation displacement, node 9, m
         27   -1.681E-01                                 F               0         Tower Z translation displacement, node 9, m
         28    2.568E+00                                 F               0         Tower X translation displacement, node 10, m
         29   -6.289E+00                                 F               0         Tower Y translation displacement, node 10, m
         30   -1.840E-01                                 F               0         Tower Z translation displacement, node 10, m
         31    2.853E+00                                 F               0         Tower X translation displacement, node 11, m
         32   -6.847E+00                                 F               0         Tower Y translation displacement, node 11, m
         33   -1.998E-01                                 F               0         Tower Z translation displacement, node 11, m
         34    9.998E-01,  7.905E-03, -1.840E-02         F               0         Tower X orientation angle, node 1, rad
         35   -7.103E-03,  9.990E-01,  4.325E-02         F               0         Tower Y orientation angle, node 1, rad
         36    1.873E-02, -4.311E-02,  9.989E-01         F               0         Tower Z orientation angle, node 1, rad
         37    9.998E-01,  7.949E-03, -1.942E-02         F               0         Tower X orientation angle, node 2, rad
         38   -7.095E-03,  9.990E-01,  4.364E-02         F               0         Tower Y orientation angle, node 2, rad
         39    1.975E-02, -4.350E-02,  9.989E-01         F               0         Tower Z orientation angle, node 2, rad
         40    9.998E-01,  7.987E-03, -2.029E-02         F               0         Tower X orientation angle, node 3, rad
         41   -7.088E-03,  9.990E-01,  4.399E-02         F               0         Tower Y orientation angle, node 3, rad
         42    2.062E-02, -4.384E-02,  9.988E-01         F               0         Tower Z orientation angle, node 3, rad
         43    9.997E-01,  8.019E-03, -2.100E-02         F               0         Tower X orientation angle, node 4, rad
         44   -7.082E-03,  9.990E-01,  4.430E-02         F               0         Tower Y orientation angle, node 4, rad
         45    2.134E-02, -4.414E-02,  9.988E-01         F               0         Tower Z orientation angle, node 4, rad
         46    9.997E-01,  8.044E-03, -2.157E-02         F               0         Tower X orientation angle, node 5, rad
         47   -7.076E-03,  9.990E-01,  4.457E-02         F               0         Tower Y orientation angle, node 5, rad
         48    2.191E-02, -4.440E-02,  9.988E-01         F               0         Tower Z orientation angle, node 5, rad
         49    9.997E-01,  8.063E-03, -2.200E-02         F               0         Tower X orientation angle, node 6, rad
         50   -7.071E-03,  9.990E-01,  4.479E-02         F               0         Tower Y orientation angle, node 6, rad
         51    2.234E-02, -4.462E-02,  9.988E-01         F               0         Tower Z orientation angle, node 6, rad
         52    9.997E-01,  8.077E-03, -2.230E-02         F               0         Tower X orientation angle, node 7, rad
         53   -7.067E-03,  9.990E-01,  4.496E-02         F               0         Tower Y orientation angle, node 7, rad
         54    2.264E-02, -4.479E-02,  9.987E-01         F               0         Tower Z orientation angle, node 7, rad
         55    9.997E-01,  8.086E-03, -2.251E-02         F               0         Tower X orientation angle, node 8, rad
         56   -7.064E-03,  9.990E-01,  4.510E-02         F               0         Tower Y orientation angle, node 8, rad
         57    2.285E-02, -4.493E-02,  9.987E-01         F               0         Tower Z orientation angle, node 8, rad
         58    9.997E-01,  8.092E-03, -2.264E-02         F               0         Tower X orientation angle, node 9, rad
         59   -7.062E-03,  9.990E-01,  4.520E-02         F               0         Tower Y orientation angle, node 9, rad
         60    2.298E-02, -4.503E-02,  9.987E-01         F               0         Tower Z orientation angle, node 9, rad
         61    9.997E-01,  8.095E-03, -2.270E-02         F               0         Tower X orientation angle, node 10, rad
         62   -7.061E-03,  9.989E-01,  4.527E-02         F               0         Tower Y orientation angle, node 10, rad
         63    2.305E-02, -4.509E-02,  9.987E-01         F               0         Tower Z orientation angle, node 10, rad
         64    9.997E-01,  8.096E-03, -2.273E-02         F               0         Tower X orientation angle, node 11, rad
         65   -7.060E-03,  9.989E-01,  4.530E-02         F               0         Tower Y orientation angle, node 11, rad
         66    2.308E-02, -4.513E-02,  9.987E-01         F               0         Tower Z orientation angle, node 11, rad
         67    2.720E-06                                 F               0         Tower X translation velocity, node 1, m/s
         68    1.182E-06                                 F               0         Tower Y translation velocity, node 1, m/s
         69    0.000E+00                                 F               0         Tower Z translation velocity, node 1, m/s
         70    4.642E-06                                 F               0         Tower X translation velocity, node 2, m/s
         71    5.125E-05                                 F               0         Tower Y translation velocity, node 2, m/s
         72    2.137E-06                                 F               0         Tower Z translation velocity, node 2, m/s
         73    5.886E-06                                 F               0         Tower X translation velocity, node 3, m/s
         74    2.283E-04                                 F               0         Tower Y translation velocity, node 3, m/s
         75    9.856E-06                                 F               0         Tower Z translation velocity, node 3, m/s
         76    5.214E-06                                 F               0         Tower X translation velocity, node 4, m/s
         77    5.071E-04                                 F               0         Tower Y translation velocity, node 4, m/s
         78    2.216E-05                                 F               0         Tower Z translation velocity, node 4, m/s
         79    1.561E-06                                 F               0         Tower X translation velocity, node 5, m/s
         80    8.754E-04                                 F               0         Tower Y translation velocity, node 5, m/s
         81    3.857E-05                                 F               0         Tower Z translation velocity, node 5, m/s
         82   -5.886E-06                                 F               0         Tower X translation velocity, node 6, m/s
         83    1.321E-03                                 F               0         Tower Y translation velocity, node 6, m/s
         84    5.859E-05                                 F               0         Tower Z translation velocity, node 6, m/s
         85   -1.724E-05                                 F               0         Tower X translation velocity, node 7, m/s
         86    1.827E-03                                 F               0         Tower Y translation velocity, node 7, m/s
         87    8.148E-05                                 F               0         Tower Z translation velocity, node 7, m/s
         88   -3.295E-05                                 F               0         Tower X translation velocity, node 8, m/s
         89    2.386E-03                                 F               0         Tower Y translation velocity, node 8, m/s
         90    1.070E-04                                 F               0         Tower Z translation velocity, node 8, m/s
         91   -5.273E-05                                 F               0         Tower X translation velocity, node 9, m/s
         92    2.988E-03                                 F               0         Tower Y translation velocity, node 9, m/s
         93    1.345E-04                                 F               0         Tower Z translation velocity, node 9, m/s
         94   -7.588E-05                                 F               0         Tower X translation velocity, node 10, m/s
         95    3.619E-03                                 F               0         Tower Y translation velocity, node 10, m/s
         96    1.635E-04                                 F               0         Tower Z translation velocity, node 10, m/s
         97   -1.014E-04                                 F               0         Tower X translation velocity, node 11, m/s
         98    4.268E-03                                 F               0         Tower Y translation velocity, node 11, m/s
         99    1.935E-04                                 F               0         Tower Z translation velocity, node 11, m/s
        100    3.038E+00                                 F               0         Hub X translation displacement, node 1, m
        101   -7.288E+00                                 F               0         Hub Y translation displacement, node 1, m
        102    3.560E-02                                 F               0         Hub Z translation displacement, node 1, m
        103    9.918E-01,  1.277E-02, -1.270E-01         F               0         Hub X orientation angle, node 1, rad
        104   -1.076E-01, -4.516E-01, -8.857E-01         F               0         Hub Y orientation angle, node 1, rad
        105   -6.866E-02,  8.921E-01, -4.465E-01         F               0         Hub Z orientation angle, node 1, rad
        106    8.868E-01                                 F               0         Hub X rotation velocity, node 1, rad/s
        107    1.142E-02                                 F               0         Hub Y rotation velocity, node 1, rad/s
        108   -1.136E-01                                 F               0         Hub Z rotation velocity, node 1, rad/s
        109    9.946E-01,  2.616E-02, -1.007E-01         F               0         Blade root 1 X orientation angle, node 1, rad
        110   -7.813E-02, -4.510E-01, -8.891E-01         F               0         Blade root 1 Y orientation angle, node 1, rad
        111   -6.866E-02,  8.921E-01, -4.465E-01         F               0         Blade root 1 Z orientation angle, node 1, rad
        112    9.916E-01, -1.686E-02, -1.286E-01         F               0         Blade root 2 X orientation angle, node 1, rad
        113    2.377E-02,  9.983E-01,  5.239E-02         F               0         Blade root 2 Y orientation angle, node 1, rad
        114    1.275E-01, -5.501E-02,  9.903E-01         F               0         Blade root 2 Z orientation angle, node 1, rad
        115    9.880E-01,  2.899E-02, -1.516E-01         F               0         Blade root 3 X orientation angle, node 1, rad
        116    1.426E-01, -5.462E-01,  8.254E-01         F               0         Blade root 3 Y orientation angle, node 1, rad
        117   -5.886E-02, -8.371E-01, -5.438E-01         F               0         Blade root 3 Z orientation angle, node 1, rad
        118    2.078E+00                                 F               0         Blade 1 X translation displacement, node 1, m
        119   -2.346E+00                                 F               0         Blade 1 Y translation displacement, node 1, m
        120   -7.948E+00                                 F               0         Blade 1 Z translation displacement, node 1, m
        121    1.847E+00                                 F               0         Blade 1 X translation displacement, node 2, m
        122   -1.155E+00                                 F               0         Blade 1 Y translation displacement, node 2, m
        123   -9.871E+00                                 F               0         Blade 1 Z translation displacement, node 2, m
        124   -1.297E+00                                 F               0         Blade 1 X translation displacement, node 3, m
        125    1.504E+01                                 F               0         Blade 1 Y translation displacement, node 3, m
        126   -3.603E+01                                 F               0         Blade 1 Z translation displacement, node 3, m
        127   -1.967E+00                                 F               0         Blade 1 X translation displacement, node 4, m
        128    1.849E+01                                 F               0         Blade 1 Y translation displacement, node 4, m
        129   -4.160E+01                                 F               0         Blade 1 Z translation displacement, node 4, m
        130   -2.637E+00                                 F               0         Blade 1 X translation displacement, node 5, m
        131    2.194E+01                                 F               0         Blade 1 Y translation displacement, node 5, m
        132   -4.718E+01                                 F               0         Blade 1 Z translation displacement, node 5, m
        133   -3.306E+00                                 F               0         Blade 1 X translation displacement, node 6, m
        134    2.539E+01                                 F               0         Blade 1 Y translation displacement, node 6, m
        135   -5.275E+01                                 F               0         Blade 1 Z translation displacement, node 6, m
        136   -3.976E+00                                 F               0         Blade 1 X translation displacement, node 7, m
        137    2.884E+01                                 F               0         Blade 1 Y translation displacement, node 7, m
        138   -5.832E+01                                 F               0         Blade 1 Z translation displacement, node 7, m
        139   -4.646E+00                                 F               0         Blade 1 X translation displacement, node 8, m
        140    3.229E+01                                 F               0         Blade 1 Y translation displacement, node 8, m
        141   -6.390E+01                                 F               0         Blade 1 Z translation displacement, node 8, m
        142   -5.316E+00                                 F               0         Blade 1 X translation displacement, node 9, m
        143    3.574E+01                                 F               0         Blade 1 Y translation displacement, node 9, m
        144   -6.947E+01                                 F               0         Blade 1 Z translation displacement, node 9, m
        145   -5.986E+00                                 F               0         Blade 1 X translation displacement, node 10, m
        146    3.919E+01                                 F               0         Blade 1 Y translation displacement, node 10, m
        147   -7.504E+01                                 F               0         Blade 1 Z translation displacement, node 10, m
        148   -6.655E+00                                 F               0         Blade 1 X translation displacement, node 11, m
        149    4.264E+01                                 F               0         Blade 1 Y translation displacement, node 11, m
        150   -8.062E+01                                 F               0         Blade 1 Z translation displacement, node 11, m
        151   -7.325E+00                                 F               0         Blade 1 X translation displacement, node 12, m
        152    4.609E+01                                 F               0         Blade 1 Y translation displacement, node 12, m
        153   -8.619E+01                                 F               0         Blade 1 Z translation displacement, node 12, m
        154   -7.995E+00                                 F               0         Blade 1 X translation displacement, node 13, m
        155    4.955E+01                                 F               0         Blade 1 Y translation displacement, node 13, m
        156   -9.176E+01                                 F               0         Blade 1 Z translation displacement, node 13, m
        157   -8.665E+00                                 F               0         Blade 1 X translation displacement, node 14, m
        158    5.300E+01                                 F               0         Blade 1 Y translation displacement, node 14, m
        159   -9.734E+01                                 F               0         Blade 1 Z translation displacement, node 14, m
        160   -9.335E+00                                 F               0         Blade 1 X translation displacement, node 15, m
        161    5.645E+01                                 F               0         Blade 1 Y translation displacement, node 15, m
        162   -1.029E+02                                 F               0         Blade 1 Z translation displacement, node 15, m
        163   -1.000E+01                                 F               0         Blade 1 X translation displacement, node 16, m
        164    5.990E+01                                 F               0         Blade 1 Y translation displacement, node 16, m
        165   -1.085E+02                                 F               0         Blade 1 Z translation displacement, node 16, m
        166   -1.067E+01                                 F               0         Blade 1 X translation displacement, node 17, m
        167    6.335E+01                                 F               0         Blade 1 Y translation displacement, node 17, m
        168   -1.141E+02                                 F               0         Blade 1 Z translation displacement, node 17, m
        169   -1.134E+01                                 F               0         Blade 1 X translation displacement, node 18, m
        170    6.680E+01                                 F               0         Blade 1 Y translation displacement, node 18, m
        171   -1.196E+02                                 F               0         Blade 1 Z translation displacement, node 18, m
        172   -1.201E+01                                 F               0         Blade 1 X translation displacement, node 19, m
        173    7.025E+01                                 F               0         Blade 1 Y translation displacement, node 19, m
        174   -1.252E+02                                 F               0         Blade 1 Z translation displacement, node 19, m
        175   -1.268E+01                                 F               0         Blade 1 X translation displacement, node 20, m
        176    7.370E+01                                 F               0         Blade 1 Y translation displacement, node 20, m
        177   -1.308E+02                                 F               0         Blade 1 Z translation displacement, node 20, m
        178   -1.335E+01                                 F               0         Blade 1 X translation displacement, node 21, m
        179    7.715E+01                                 F               0         Blade 1 Y translation displacement, node 21, m
        180   -1.364E+02                                 F               0         Blade 1 Z translation displacement, node 21, m
        181   -1.402E+01                                 F               0         Blade 1 X translation displacement, node 22, m
        182    8.060E+01                                 F               0         Blade 1 Y translation displacement, node 22, m
        183   -1.419E+02                                 F               0         Blade 1 Z translation displacement, node 22, m
        184   -1.469E+01                                 F               0         Blade 1 X translation displacement, node 23, m
        185    8.405E+01                                 F               0         Blade 1 Y translation displacement, node 23, m
        186   -1.475E+02                                 F               0         Blade 1 Z translation displacement, node 23, m
        187   -1.536E+01                                 F               0         Blade 1 X translation displacement, node 24, m
        188    8.750E+01                                 F               0         Blade 1 Y translation displacement, node 24, m
        189   -1.531E+02                                 F               0         Blade 1 Z translation displacement, node 24, m
        190   -1.603E+01                                 F               0         Blade 1 X translation displacement, node 25, m
        191    9.095E+01                                 F               0         Blade 1 Y translation displacement, node 25, m
        192   -1.586E+02                                 F               0         Blade 1 Z translation displacement, node 25, m
        193   -1.670E+01                                 F               0         Blade 1 X translation displacement, node 26, m
        194    9.440E+01                                 F               0         Blade 1 Y translation displacement, node 26, m
        195   -1.642E+02                                 F               0         Blade 1 Z translation displacement, node 26, m
        196   -1.737E+01                                 F               0         Blade 1 X translation displacement, node 27, m
        197    9.785E+01                                 F               0         Blade 1 Y translation displacement, node 27, m
        198   -1.698E+02                                 F               0         Blade 1 Z translation displacement, node 27, m
        199   -1.794E+01                                 F               0         Blade 1 X translation displacement, node 28, m
        200    1.008E+02                                 F               0         Blade 1 Y translation displacement, node 28, m
        201   -1.745E+02                                 F               0         Blade 1 Z translation displacement, node 28, m
        202    9.208E-01,  2.289E-01,  3.158E-01         F               0         Blade 1 X orientation angle, node 1, rad
        203    3.840E-01, -3.894E-01, -8.372E-01         F               0         Blade 1 Y orientation angle, node 1, rad
        204   -6.866E-02,  8.921E-01, -4.465E-01         F               0         Blade 1 Z orientation angle, node 1, rad
        205    9.208E-01,  2.289E-01,  3.158E-01         F               0         Blade 1 X orientation angle, node 2, rad
        206    3.840E-01, -3.894E-01, -8.372E-01         F               0         Blade 1 Y orientation angle, node 2, rad
        207   -6.866E-02,  8.921E-01, -4.465E-01         F               0         Blade 1 Z orientation angle, node 2, rad
        208    9.856E-01,  1.301E-01,  1.084E-01         F               0         Blade 1 X orientation angle, node 3, rad
        209    1.548E-01, -4.326E-01, -8.882E-01         F               0         Blade 1 Y orientation angle, node 3, rad
        210   -6.866E-02,  8.921E-01, -4.465E-01         F               0         Blade 1 Z orientation angle, node 3, rad
        211    9.912E-01,  1.117E-01,  7.083E-02         F               0         Blade 1 X orientation angle, node 4, rad
        212    1.131E-01, -4.377E-01, -8.920E-01         F               0         Blade 1 Y orientation angle, node 4, rad
        213   -6.866E-02,  8.921E-01, -4.465E-01         F               0         Blade 1 Z orientation angle, node 4, rad
        214    9.944E-01,  9.716E-02,  4.122E-02         F               0         Blade 1 X orientation angle, node 5, rad
        215    8.015E-02, -4.412E-01, -8.938E-01         F               0         Blade 1 Y orientation angle, node 5, rad
        216   -6.866E-02,  8.921E-01, -4.465E-01         F               0         Blade 1 Z orientation angle, node 5, rad
        217    9.962E-01,  8.542E-02,  1.749E-02         F               0         Blade 1 X orientation angle, node 6, rad
        218    5.374E-02, -4.436E-01, -8.946E-01         F               0         Blade 1 Y orientation angle, node 6, rad
        219   -6.866E-02,  8.921E-01, -4.465E-01         F               0         Blade 1 Z orientation angle, node 6, rad
        220    9.971E-01,  7.572E-02, -2.029E-03         F               0         Blade 1 X orientation angle, node 7, rad
        221    3.200E-02, -4.454E-01, -8.948E-01         F               0         Blade 1 Y orientation angle, node 7, rad
        222   -6.866E-02,  8.921E-01, -4.465E-01         F               0         Blade 1 Z orientation angle, node 7, rad
        223    9.975E-01,  6.763E-02, -1.827E-02         F               0         Blade 1 X orientation angle, node 8, rad
        224    1.390E-02, -4.467E-01, -8.946E-01         F               0         Blade 1 Y orientation angle, node 8, rad
        225   -6.866E-02,  8.921E-01, -4.465E-01         F               0         Blade 1 Z orientation angle, node 8, rad
        226    9.976E-01,  6.076E-02, -3.201E-02         F               0         Blade 1 X orientation angle, node 9, rad
        227   -1.425E-03, -4.476E-01, -8.942E-01         F               0         Blade 1 Y orientation angle, node 9, rad
        228   -6.866E-02,  8.921E-01, -4.465E-01         F               0         Blade 1 Z orientation angle, node 9, rad
        229    9.975E-01,  5.482E-02, -4.386E-02         F               0         Blade 1 X orientation angle, node 10, rad
        230   -1.466E-02, -4.484E-01, -8.937E-01         F               0         Blade 1 Y orientation angle, node 10, rad
        231   -6.866E-02,  8.921E-01, -4.465E-01         F               0         Blade 1 Z orientation angle, node 10, rad
        232    9.973E-01,  4.973E-02, -5.400E-02         F               0         Blade 1 X orientation angle, node 11, rad
        233   -2.597E-02, -4.490E-01, -8.932E-01         F               0         Blade 1 Y orientation angle, node 11, rad
        234   -6.866E-02,  8.921E-01, -4.465E-01         F               0         Blade 1 Z orientation angle, node 11, rad
        235    9.970E-01,  4.526E-02, -6.288E-02         F               0         Blade 1 X orientation angle, node 12, rad
        236   -3.589E-02, -4.495E-01, -8.926E-01         F               0         Blade 1 Y orientation angle, node 12, rad
        237   -6.866E-02,  8.921E-01, -4.465E-01         F               0         Blade 1 Z orientation angle, node 12, rad
        238    9.966E-01,  4.133E-02, -7.067E-02         F               0         Blade 1 X orientation angle, node 13, rad
        239   -4.459E-02, -4.499E-01, -8.920E-01         F               0         Blade 1 Y orientation angle, node 13, rad
        240   -6.866E-02,  8.921E-01, -4.465E-01         F               0         Blade 1 Z orientation angle, node 13, rad
        241    9.963E-01,  3.780E-02, -7.767E-02         F               0         Blade 1 X orientation angle, node 14, rad
        242   -5.242E-02, -4.502E-01, -8.914E-01         F               0         Blade 1 Y orientation angle, node 14, rad
        243   -6.866E-02,  8.921E-01, -4.465E-01         F               0         Blade 1 Z orientation angle, node 14, rad
        244    9.959E-01,  3.466E-02, -8.389E-02         F               0         Blade 1 X orientation angle, node 15, rad
        245   -5.937E-02, -4.504E-01, -8.908E-01         F               0         Blade 1 Y orientation angle, node 15, rad
        246   -6.866E-02,  8.921E-01, -4.465E-01         F               0         Blade 1 Z orientation angle, node 15, rad
        247    9.955E-01,  3.182E-02, -8.949E-02         F               0         Blade 1 X orientation angle, node 16, rad
        248   -6.563E-02, -4.506E-01, -8.903E-01         F               0         Blade 1 Y orientation angle, node 16, rad
        249   -6.866E-02,  8.921E-01, -4.465E-01         F               0         Blade 1 Z orientation angle, node 16, rad
        250    9.951E-01,  2.931E-02, -9.446E-02         F               0         Blade 1 X orientation angle, node 17, rad
        251   -7.119E-02, -4.508E-01, -8.898E-01         F               0         Blade 1 Y orientation angle, node 17, rad
        252   -6.866E-02,  8.921E-01, -4.465E-01         F               0         Blade 1 Z orientation angle, node 17, rad
        253    9.947E-01,  2.695E-02, -9.912E-02         F               0         Blade 1 X orientation angle, node 18, rad
        254   -7.640E-02, -4.509E-01, -8.893E-01         F               0         Blade 1 Y orientation angle, node 18, rad
        255   -6.866E-02,  8.921E-01, -4.465E-01         F               0         Blade 1 Z orientation angle, node 18, rad
        256    9.943E-01,  2.482E-02, -1.033E-01         F               0         Blade 1 X orientation angle, node 19, rad
        257   -8.108E-02, -4.511E-01, -8.888E-01         F               0         Blade 1 Y orientation angle, node 19, rad
        258   -6.866E-02,  8.921E-01, -4.465E-01         F               0         Blade 1 Z orientation angle, node 19, rad
        259    9.940E-01,  2.293E-02, -1.070E-01         F               0         Blade 1 X orientation angle, node 20, rad
        260   -8.525E-02, -4.512E-01, -8.884E-01         F               0         Blade 1 Y orientation angle, node 20, rad
        261   -6.866E-02,  8.921E-01, -4.465E-01         F               0         Blade 1 Z orientation angle, node 20, rad
        262    9.936E-01,  2.112E-02, -1.106E-01         F               0         Blade 1 X orientation angle, node 21, rad
        263   -8.924E-02, -4.513E-01, -8.879E-01         F               0         Blade 1 Y orientation angle, node 21, rad
        264   -6.866E-02,  8.921E-01, -4.465E-01         F               0         Blade 1 Z orientation angle, node 21, rad
        265    9.933E-01,  1.947E-02, -1.138E-01         F               0         Blade 1 X orientation angle, node 22, rad
        266   -9.288E-02, -4.513E-01, -8.875E-01         F               0         Blade 1 Y orientation angle, node 22, rad
        267   -6.866E-02,  8.921E-01, -4.465E-01         F               0         Blade 1 Z orientation angle, node 22, rad
        268    9.930E-01,  1.797E-02, -1.168E-01         F               0         Blade 1 X orientation angle, node 23, rad
        269   -9.617E-02, -4.514E-01, -8.871E-01         F               0         Blade 1 Y orientation angle, node 23, rad
        270   -6.866E-02,  8.921E-01, -4.465E-01         F               0         Blade 1 Z orientation angle, node 23, rad
        271    9.927E-01,  1.655E-02, -1.196E-01         F               0         Blade 1 X orientation angle, node 24, rad
        272   -9.929E-02, -4.514E-01, -8.868E-01         F               0         Blade 1 Y orientation angle, node 24, rad
        273   -6.866E-02,  8.921E-01, -4.465E-01         F               0         Blade 1 Z orientation angle, node 24, rad
        274    9.924E-01,  1.521E-02, -1.222E-01         F               0         Blade 1 X orientation angle, node 25, rad
        275   -1.022E-01, -4.515E-01, -8.864E-01         F               0         Blade 1 Y orientation angle, node 25, rad
        276   -6.866E-02,  8.921E-01, -4.465E-01         F               0         Blade 1 Z orientation angle, node 25, rad
        277    9.921E-01,  1.403E-02, -1.245E-01         F               0         Blade 1 X orientation angle, node 26, rad
        278   -1.048E-01, -4.515E-01, -8.861E-01         F               0         Blade 1 Y orientation angle, node 26, rad
        279   -6.866E-02,  8.921E-01, -4.465E-01         F               0         Blade 1 Z orientation angle, node 26, rad
        280    9.918E-01,  1.285E-02, -1.268E-01         F               0         Blade 1 X orientation angle, node 27, rad
        281   -1.074E-01, -4.516E-01, -8.857E-01         F               0         Blade 1 Y orientation angle, node 27, rad
        282   -6.866E-02,  8.921E-01, -4.465E-01         F               0         Blade 1 Z orientation angle, node 27, rad
        283    9.917E-01,  1.222E-02, -1.281E-01         F               0         Blade 1 X orientation angle, node 28, rad
        284   -1.088E-01, -4.516E-01, -8.856E-01         F               0         Blade 1 Y orientation angle, node 28, rad
        285   -6.866E-02,  8.921E-01, -4.465E-01         F               0         Blade 1 Z orientation angle, node 28, rad
        286    5.329E-01                                 F               0         Blade 1 X translation velocity, node 1, m/s
        287    2.241E+00                                 F               0         Blade 1 Y translation velocity, node 1, m/s
        288    4.388E+00                                 F               0         Blade 1 Z translation velocity, node 1, m/s
        289    6.613E-01                                 F               0         Blade 1 X translation velocity, node 2, m/s
        290    2.780E+00                                 F               0         Blade 1 Y translation velocity, node 2, m/s
        291    5.445E+00                                 F               0         Blade 1 Z translation velocity, node 2, m/s
        292    2.408E+00                                 F               0         Blade 1 X translation velocity, node 3, m/s
        293    1.011E+01                                 F               0         Blade 1 Y translation velocity, node 3, m/s
        294    1.982E+01                                 F               0         Blade 1 Z translation velocity, node 3, m/s
        295    2.780E+00                                 F               0         Blade 1 X translation velocity, node 4, m/s
        296    1.167E+01                                 F               0         Blade 1 Y translation velocity, node 4, m/s
        297    2.288E+01                                 F               0         Blade 1 Z translation velocity, node 4, m/s
        298    3.152E+00                                 F               0         Blade 1 X translation velocity, node 5, m/s
        299    1.323E+01                                 F               0         Blade 1 Y translation velocity, node 5, m/s
        300    2.595E+01                                 F               0         Blade 1 Z translation velocity, node 5, m/s
        301    3.524E+00                                 F               0         Blade 1 X translation velocity, node 6, m/s
        302    1.479E+01                                 F               0         Blade 1 Y translation velocity, node 6, m/s
        303    2.901E+01                                 F               0         Blade 1 Z translation velocity, node 6, m/s
        304    3.896E+00                                 F               0         Blade 1 X translation velocity, node 7, m/s
        305    1.636E+01                                 F               0         Blade 1 Y translation velocity, node 7, m/s
        306    3.207E+01                                 F               0         Blade 1 Z translation velocity, node 7, m/s
        307    4.268E+00                                 F               0         Blade 1 X translation velocity, node 8, m/s
