
Linearized model: Predictions were generated on 24-Jan-2024 at 11:24:37 using OpenFAST, compiled as a 64-bit application using single precision at commit v3.5.1
 linked with  NWTC Subroutine Library; ElastoDyn; InflowWind; AeroDyn; ServoDyn; HydroDyn; MAP++ (<1.20.10>, <Oct-20-2023>)

Description from the FAST input file: CCT-9 Campign 4 model. Input files to be run with OpenFAST 3.5.0. GitHub branch from Lu Wang (https://github.com/luwang00/openfast/tree/dev) compiled on March 7, 2023.

Simulation information:
   Simulation time:                   505.9250 s
   Rotor Speed:                         0.8937 rad/s
   Azimuth:                             0.5537 rad
   Wind Speed:                         10.0000 m/s
   Number of continuous states:         0
   Number of discrete states:           0
   Number of constraint states:         0
   Number of inputs:                 1746
   Number of outputs:                   4
   Jacobians included in this file?    No

Order of inputs:
     Column   Operating Point                     Rotating Frame? Derivative Order Description
   ---------- ---------------                     --------------- ---------------- -----------
          1    1.535E-01                                 F               0         Tower X translation displacement, node 1, m
          2   -1.355E+00                                 F               0         Tower Y translation displacement, node 1, m
          3   -4.807E-02                                 F               0         Tower Z translation displacement, node 1, m
          4    3.903E-01                                 F               0         Tower X translation displacement, node 2, m
          5   -1.889E+00                                 F               0         Tower Y translation displacement, node 2, m
          6   -6.192E-02                                 F               0         Tower Z translation displacement, node 2, m
          7    6.403E-01                                 F               0         Tower X translation displacement, node 3, m
          8   -2.429E+00                                 F               0         Tower Y translation displacement, node 3, m
          9   -7.624E-02                                 F               0         Tower Z translation displacement, node 3, m
         10    9.003E-01                                 F               0         Tower X translation displacement, node 4, m
         11   -2.972E+00                                 F               0         Tower Y translation displacement, node 4, m
         12   -9.094E-02                                 F               0         Tower Z translation displacement, node 4, m
         13    1.168E+00                                 F               0         Tower X translation displacement, node 5, m
         14   -3.519E+00                                 F               0         Tower Y translation displacement, node 5, m
         15   -1.060E-01                                 F               0         Tower Z translation displacement, node 5, m
         16    1.442E+00                                 F               0         Tower X translation displacement, node 6, m
         17   -4.069E+00                                 F               0         Tower Y translation displacement, node 6, m
         18   -1.213E-01                                 F               0         Tower Z translation displacement, node 6, m
         19    1.720E+00                                 F               0         Tower X translation displacement, node 7, m
         20   -4.621E+00                                 F               0         Tower Y translation displacement, node 7, m
         21   -1.367E-01                                 F               0         Tower Z translation displacement, node 7, m
         22    2.002E+00                                 F               0         Tower X translation displacement, node 8, m
         23   -5.176E+00                                 F               0         Tower Y translation displacement, node 8, m
         24   -1.524E-01                                 F               0         Tower Z translation displacement, node 8, m
         25    2.285E+00                                 F               0         Tower X translation displacement, node 9, m
         26   -5.731E+00                                 F               0         Tower Y translation displacement, node 9, m
         27   -1.681E-01                                 F               0         Tower Z translation displacement, node 9, m
         28    2.570E+00                                 F               0         Tower X translation displacement, node 10, m
         29   -6.288E+00                                 F               0         Tower Y translation displacement, node 10, m
         30   -1.839E-01                                 F               0         Tower Z translation displacement, node 10, m
         31    2.855E+00                                 F               0         Tower X translation displacement, node 11, m
         32   -6.845E+00                                 F               0         Tower Y translation displacement, node 11, m
         33   -1.998E-01                                 F               0         Tower Z translation displacement, node 11, m
         34    9.998E-01,  7.905E-03, -1.840E-02         F               0         Tower X orientation angle, node 1, rad
         35   -7.102E-03,  9.990E-01,  4.325E-02         F               0         Tower Y orientation angle, node 1, rad
         36    1.873E-02, -4.311E-02,  9.989E-01         F               0         Tower Z orientation angle, node 1, rad
         37    9.998E-01,  7.949E-03, -1.942E-02         F               0         Tower X orientation angle, node 2, rad
         38   -7.095E-03,  9.990E-01,  4.364E-02         F               0         Tower Y orientation angle, node 2, rad
         39    1.975E-02, -4.349E-02,  9.989E-01         F               0         Tower Z orientation angle, node 2, rad
         40    9.998E-01,  7.987E-03, -2.030E-02         F               0         Tower X orientation angle, node 3, rad
         41   -7.088E-03,  9.990E-01,  4.399E-02         F               0         Tower Y orientation angle, node 3, rad
         42    2.063E-02, -4.383E-02,  9.988E-01         F               0         Tower Z orientation angle, node 3, rad
         43    9.997E-01,  8.019E-03, -2.101E-02         F               0         Tower X orientation angle, node 4, rad
         44   -7.082E-03,  9.990E-01,  4.429E-02         F               0         Tower Y orientation angle, node 4, rad
         45    2.135E-02, -4.413E-02,  9.988E-01         F               0         Tower Z orientation angle, node 4, rad
         46    9.997E-01,  8.044E-03, -2.158E-02         F               0         Tower X orientation angle, node 5, rad
         47   -7.076E-03,  9.990E-01,  4.455E-02         F               0         Tower Y orientation angle, node 5, rad
         48    2.192E-02, -4.439E-02,  9.988E-01         F               0         Tower Z orientation angle, node 5, rad
         49    9.997E-01,  8.063E-03, -2.202E-02         F               0         Tower X orientation angle, node 6, rad
         50   -7.071E-03,  9.990E-01,  4.477E-02         F               0         Tower Y orientation angle, node 6, rad
         51    2.235E-02, -4.460E-02,  9.988E-01         F               0         Tower Z orientation angle, node 6, rad
         52    9.997E-01,  8.077E-03, -2.232E-02         F               0         Tower X orientation angle, node 7, rad
         53   -7.067E-03,  9.990E-01,  4.495E-02         F               0         Tower Y orientation angle, node 7, rad
         54    2.266E-02, -4.477E-02,  9.987E-01         F               0         Tower Z orientation angle, node 7, rad
         55    9.997E-01,  8.086E-03, -2.253E-02         F               0         Tower X orientation angle, node 8, rad
         56   -7.064E-03,  9.990E-01,  4.508E-02         F               0         Tower Y orientation angle, node 8, rad
         57    2.287E-02, -4.491E-02,  9.987E-01         F               0         Tower Z orientation angle, node 8, rad
         58    9.997E-01,  8.092E-03, -2.266E-02         F               0         Tower X orientation angle, node 9, rad
         59   -7.062E-03,  9.990E-01,  4.518E-02         F               0         Tower Y orientation angle, node 9, rad
         60    2.300E-02, -4.501E-02,  9.987E-01         F               0         Tower Z orientation angle, node 9, rad
         61    9.997E-01,  8.095E-03, -2.273E-02         F               0         Tower X orientation angle, node 10, rad
         62   -7.061E-03,  9.990E-01,  4.525E-02         F               0         Tower Y orientation angle, node 10, rad
         63    2.307E-02, -4.507E-02,  9.987E-01         F               0         Tower Z orientation angle, node 10, rad
         64    9.997E-01,  8.097E-03, -2.276E-02         F               0         Tower X orientation angle, node 11, rad
         65   -7.060E-03,  9.989E-01,  4.528E-02         F               0         Tower Y orientation angle, node 11, rad
         66    2.310E-02, -4.511E-02,  9.987E-01         F               0         Tower Z orientation angle, node 11, rad
         67   -2.883E-06                                 F               0         Tower X translation velocity, node 1, m/s
         68   -1.253E-06                                 F               0         Tower Y translation velocity, node 1, m/s
         69    0.000E+00                                 F               0         Tower Z translation velocity, node 1, m/s
         70    1.788E-06                                 F               0         Tower X translation velocity, node 2, m/s
         71   -3.087E-05                                 F               0         Tower Y translation velocity, node 2, m/s
         72   -1.378E-06                                 F               0         Tower Z translation velocity, node 2, m/s
         73    2.402E-05                                 F               0         Tower X translation velocity, node 3, m/s
         74   -1.347E-04                                 F               0         Tower Y translation velocity, node 3, m/s
         75   -6.369E-06                                 F               0         Tower Z translation velocity, node 3, m/s
         76    6.111E-05                                 F               0         Tower X translation velocity, node 4, m/s
         77   -2.981E-04                                 F               0         Tower Y translation velocity, node 4, m/s
         78   -1.435E-05                                 F               0         Tower Z translation velocity, node 4, m/s
         79    1.120E-04                                 F               0         Tower X translation velocity, node 5, m/s
         80   -5.140E-04                                 F               0         Tower Y translation velocity, node 5, m/s
         81   -2.502E-05                                 F               0         Tower Z translation velocity, node 5, m/s
         82    1.755E-04                                 F               0         Tower X translation velocity, node 6, m/s
         83   -7.752E-04                                 F               0         Tower Y translation velocity, node 6, m/s
         84   -3.807E-05                                 F               0         Tower Z translation velocity, node 6, m/s
         85    2.493E-04                                 F               0         Tower X translation velocity, node 7, m/s
         86   -1.072E-03                                 F               0         Tower Y translation velocity, node 7, m/s
         87   -5.301E-05                                 F               0         Tower Z translation velocity, node 7, m/s
         88    3.329E-04                                 F               0         Tower X translation velocity, node 8, m/s
         89   -1.400E-03                                 F               0         Tower Y translation velocity, node 8, m/s
         90   -6.966E-05                                 F               0         Tower Z translation velocity, node 8, m/s
         91    4.245E-04                                 F               0         Tower X translation velocity, node 9, m/s
         92   -1.753E-03                                 F               0         Tower Y translation velocity, node 9, m/s
         93   -8.766E-05                                 F               0         Tower Z translation velocity, node 9, m/s
         94    5.221E-04                                 F               0         Tower X translation velocity, node 10, m/s
         95   -2.124E-03                                 F               0         Tower Y translation velocity, node 10, m/s
         96   -1.066E-04                                 F               0         Tower Z translation velocity, node 10, m/s
         97    6.235E-04                                 F               0         Tower X translation velocity, node 11, m/s
         98   -2.506E-03                                 F               0         Tower Y translation velocity, node 11, m/s
         99   -1.262E-04                                 F               0         Tower Z translation velocity, node 11, m/s
        100    3.040E+00                                 F               0         Hub X translation displacement, node 1, m
        101   -7.286E+00                                 F               0         Hub Y translation displacement, node 1, m
        102    3.589E-02                                 F               0         Hub Z translation displacement, node 1, m
        103    9.918E-01,  1.277E-02, -1.270E-01         F               0         Hub X orientation angle, node 1, rad
        104    6.103E-02,  8.265E-01,  5.596E-01         F               0         Hub Y orientation angle, node 1, rad
        105    1.121E-01, -5.627E-01,  8.190E-01         F               0         Hub Z orientation angle, node 1, rad
        106    8.864E-01                                 F               0         Hub X rotation velocity, node 1, rad/s
        107    1.142E-02                                 F               0         Hub Y rotation velocity, node 1, rad/s
        108   -1.135E-01                                 F               0         Hub Z rotation velocity, node 1, rad/s
        109    9.896E-01, -1.176E-02, -1.436E-01         F               0         Blade root 1 X orientation angle, node 1, rad
        110    9.042E-02,  8.266E-01,  5.555E-01         F               0         Blade root 1 Y orientation angle, node 1, rad
        111    1.121E-01, -5.627E-01,  8.190E-01         F               0         Blade root 1 Z orientation angle, node 1, rad
        112    9.894E-01,  3.948E-02, -1.397E-01         F               0         Blade root 2 X orientation angle, node 1, rad
        113    9.599E-02, -8.998E-01,  4.255E-01         F               0         Blade root 2 Y orientation angle, node 1, rad
        114   -1.089E-01, -4.344E-01, -8.941E-01         F               0         Blade root 2 Z orientation angle, node 1, rad
        115    9.952E-01,  1.056E-02, -9.763E-02         F               0         Blade root 3 X orientation angle, node 1, rad
        116   -9.815E-02,  7.442E-02, -9.924E-01         F               0         Blade root 3 Y orientation angle, node 1, rad
        117   -3.218E-03,  9.972E-01,  7.510E-02         F               0         Blade root 3 Z orientation angle, node 1, rad
        118    3.082E+00                                 F               0         Blade 1 X translation displacement, node 1, m
        119   -1.040E+01                                 F               0         Blade 1 Y translation displacement, node 1, m
        120   -9.365E-01                                 F               0         Blade 1 Z translation displacement, node 1, m
        121    3.092E+00                                 F               0         Blade 1 X translation displacement, node 2, m
        122   -1.116E+01                                 F               0         Blade 1 Y translation displacement, node 2, m
        123   -1.171E+00                                 F               0         Blade 1 Z translation displacement, node 2, m
        124    3.230E+00                                 F               0         Blade 1 X translation displacement, node 3, m
        125   -2.137E+01                                 F               0         Blade 1 Y translation displacement, node 3, m
        126   -4.357E+00                                 F               0         Blade 1 Z translation displacement, node 3, m
        127    3.259E+00                                 F               0         Blade 1 X translation displacement, node 4, m
        128   -2.355E+01                                 F               0         Blade 1 Y translation displacement, node 4, m
        129   -5.036E+00                                 F               0         Blade 1 Z translation displacement, node 4, m
        130    3.289E+00                                 F               0         Blade 1 X translation displacement, node 5, m
        131   -2.572E+01                                 F               0         Blade 1 Y translation displacement, node 5, m
        132   -5.715E+00                                 F               0         Blade 1 Z translation displacement, node 5, m
        133    3.318E+00                                 F               0         Blade 1 X translation displacement, node 6, m
        134   -2.790E+01                                 F               0         Blade 1 Y translation displacement, node 6, m
        135   -6.394E+00                                 F               0         Blade 1 Z translation displacement, node 6, m
        136    3.348E+00                                 F               0         Blade 1 X translation displacement, node 7, m
        137   -3.008E+01                                 F               0         Blade 1 Y translation displacement, node 7, m
        138   -7.073E+00                                 F               0         Blade 1 Z translation displacement, node 7, m
        139    3.377E+00                                 F               0         Blade 1 X translation displacement, node 8, m
        140   -3.225E+01                                 F               0         Blade 1 Y translation displacement, node 8, m
        141   -7.752E+00                                 F               0         Blade 1 Z translation displacement, node 8, m
        142    3.406E+00                                 F               0         Blade 1 X translation displacement, node 9, m
        143   -3.443E+01                                 F               0         Blade 1 Y translation displacement, node 9, m
        144   -8.430E+00                                 F               0         Blade 1 Z translation displacement, node 9, m
        145    3.436E+00                                 F               0         Blade 1 X translation displacement, node 10, m
        146   -3.661E+01                                 F               0         Blade 1 Y translation displacement, node 10, m
        147   -9.109E+00                                 F               0         Blade 1 Z translation displacement, node 10, m
        148    3.465E+00                                 F               0         Blade 1 X translation displacement, node 11, m
        149   -3.878E+01                                 F               0         Blade 1 Y translation displacement, node 11, m
        150   -9.788E+00                                 F               0         Blade 1 Z translation displacement, node 11, m
        151    3.495E+00                                 F               0         Blade 1 X translation displacement, node 12, m
        152   -4.096E+01                                 F               0         Blade 1 Y translation displacement, node 12, m
        153   -1.047E+01                                 F               0         Blade 1 Z translation displacement, node 12, m
        154    3.524E+00                                 F               0         Blade 1 X translation displacement, node 13, m
        155   -4.314E+01                                 F               0         Blade 1 Y translation displacement, node 13, m
        156   -1.115E+01                                 F               0         Blade 1 Z translation displacement, node 13, m
        157    3.554E+00                                 F               0         Blade 1 X translation displacement, node 14, m
        158   -4.531E+01                                 F               0         Blade 1 Y translation displacement, node 14, m
        159   -1.182E+01                                 F               0         Blade 1 Z translation displacement, node 14, m
        160    3.583E+00                                 F               0         Blade 1 X translation displacement, node 15, m
        161   -4.749E+01                                 F               0         Blade 1 Y translation displacement, node 15, m
        162   -1.250E+01                                 F               0         Blade 1 Z translation displacement, node 15, m
        163    3.612E+00                                 F               0         Blade 1 X translation displacement, node 16, m
        164   -4.966E+01                                 F               0         Blade 1 Y translation displacement, node 16, m
        165   -1.318E+01                                 F               0         Blade 1 Z translation displacement, node 16, m
        166    3.642E+00                                 F               0         Blade 1 X translation displacement, node 17, m
        167   -5.184E+01                                 F               0         Blade 1 Y translation displacement, node 17, m
        168   -1.386E+01                                 F               0         Blade 1 Z translation displacement, node 17, m
        169    3.671E+00                                 F               0         Blade 1 X translation displacement, node 18, m
        170   -5.402E+01                                 F               0         Blade 1 Y translation displacement, node 18, m
        171   -1.454E+01                                 F               0         Blade 1 Z translation displacement, node 18, m
        172    3.701E+00                                 F               0         Blade 1 X translation displacement, node 19, m
        173   -5.619E+01                                 F               0         Blade 1 Y translation displacement, node 19, m
        174   -1.522E+01                                 F               0         Blade 1 Z translation displacement, node 19, m
        175    3.730E+00                                 F               0         Blade 1 X translation displacement, node 20, m
        176   -5.837E+01                                 F               0         Blade 1 Y translation displacement, node 20, m
        177   -1.590E+01                                 F               0         Blade 1 Z translation displacement, node 20, m
        178    3.760E+00                                 F               0         Blade 1 X translation displacement, node 21, m
        179   -6.055E+01                                 F               0         Blade 1 Y translation displacement, node 21, m
        180   -1.658E+01                                 F               0         Blade 1 Z translation displacement, node 21, m
        181    3.789E+00                                 F               0         Blade 1 X translation displacement, node 22, m
        182   -6.272E+01                                 F               0         Blade 1 Y translation displacement, node 22, m
        183   -1.726E+01                                 F               0         Blade 1 Z translation displacement, node 22, m
        184    3.818E+00                                 F               0         Blade 1 X translation displacement, node 23, m
        185   -6.490E+01                                 F               0         Blade 1 Y translation displacement, node 23, m
        186   -1.793E+01                                 F               0         Blade 1 Z translation displacement, node 23, m
        187    3.848E+00                                 F               0         Blade 1 X translation displacement, node 24, m
        188   -6.708E+01                                 F               0         Blade 1 Y translation displacement, node 24, m
        189   -1.861E+01                                 F               0         Blade 1 Z translation displacement, node 24, m
        190    3.877E+00                                 F               0         Blade 1 X translation displacement, node 25, m
        191   -6.925E+01                                 F               0         Blade 1 Y translation displacement, node 25, m
        192   -1.929E+01                                 F               0         Blade 1 Z translation displacement, node 25, m
        193    3.907E+00                                 F               0         Blade 1 X translation displacement, node 26, m
        194   -7.143E+01                                 F               0         Blade 1 Y translation displacement, node 26, m
        195   -1.997E+01                                 F               0         Blade 1 Z translation displacement, node 26, m
        196    3.936E+00                                 F               0         Blade 1 X translation displacement, node 27, m
        197   -7.361E+01                                 F               0         Blade 1 Y translation displacement, node 27, m
        198   -2.065E+01                                 F               0         Blade 1 Z translation displacement, node 27, m
        199    3.961E+00                                 F               0         Blade 1 X translation displacement, node 28, m
        200   -7.545E+01                                 F               0         Blade 1 Y translation displacement, node 28, m
        201   -2.123E+01                                 F               0         Blade 1 Z translation displacement, node 28, m
        202    8.395E-01, -3.874E-01, -3.811E-01         F               0         Blade 1 X orientation angle, node 1, rad
        203    5.317E-01,  7.302E-01,  4.290E-01         F               0         Blade 1 Y orientation angle, node 1, rad
        204    1.121E-01, -5.627E-01,  8.190E-01         F               0         Blade 1 Z orientation angle, node 1, rad
        205    8.395E-01, -3.874E-01, -3.811E-01         F               0         Blade 1 X orientation angle, node 2, rad
        206    5.317E-01,  7.302E-01,  4.290E-01         F               0         Blade 1 Y orientation angle, node 2, rad
        207    1.121E-01, -5.627E-01,  8.190E-01         F               0         Blade 1 Z orientation angle, node 2, rad
        208    9.416E-01, -2.033E-01, -2.686E-01         F               0         Blade 1 X orientation angle, node 3, rad
        209    3.176E-01,  8.013E-01,  5.071E-01         F               0         Blade 1 Y orientation angle, node 3, rad
        210    1.121E-01, -5.627E-01,  8.190E-01         F               0         Blade 1 Z orientation angle, node 3, rad
        211    9.541E-01, -1.693E-01, -2.469E-01         F               0         Blade 1 X orientation angle, node 4, rad
        212    2.776E-01,  8.091E-01,  5.179E-01         F               0         Blade 1 Y orientation angle, node 4, rad
        213    1.121E-01, -5.627E-01,  8.190E-01         F               0         Blade 1 Z orientation angle, node 4, rad
        214    9.628E-01, -1.423E-01, -2.296E-01         F               0         Blade 1 X orientation angle, node 5, rad
        215    2.458E-01,  8.143E-01,  5.258E-01         F               0         Blade 1 Y orientation angle, node 5, rad
        216    1.121E-01, -5.627E-01,  8.190E-01         F               0         Blade 1 Z orientation angle, node 5, rad
        217    9.690E-01, -1.207E-01, -2.156E-01         F               0         Blade 1 X orientation angle, node 6, rad
        218    2.202E-01,  8.178E-01,  5.318E-01         F               0         Blade 1 Y orientation angle, node 6, rad
        219    1.121E-01, -5.627E-01,  8.190E-01         F               0         Blade 1 Z orientation angle, node 6, rad
        220    9.736E-01, -1.028E-01, -2.039E-01         F               0         Blade 1 X orientation angle, node 7, rad
        221    1.990E-01,  8.202E-01,  5.363E-01         F               0         Blade 1 Y orientation angle, node 7, rad
        222    1.121E-01, -5.627E-01,  8.190E-01         F               0         Blade 1 Z orientation angle, node 7, rad
        223    9.770E-01, -8.791E-02, -1.942E-01         F               0         Blade 1 X orientation angle, node 8, rad
        224    1.813E-01,  8.219E-01,  5.399E-01         F               0         Blade 1 Y orientation angle, node 8, rad
        225    1.121E-01, -5.627E-01,  8.190E-01         F               0         Blade 1 Z orientation angle, node 8, rad
        226    9.797E-01, -7.528E-02, -1.859E-01         F               0         Blade 1 X orientation angle, node 9, rad
        227    1.662E-01,  8.232E-01,  5.429E-01         F               0         Blade 1 Y orientation angle, node 9, rad
        228    1.121E-01, -5.627E-01,  8.190E-01         F               0         Blade 1 Z orientation angle, node 9, rad
        229    9.818E-01, -6.435E-02, -1.786E-01         F               0         Blade 1 X orientation angle, node 10, rad
        230    1.532E-01,  8.241E-01,  5.453E-01         F               0         Blade 1 Y orientation angle, node 10, rad
        231    1.121E-01, -5.627E-01,  8.190E-01         F               0         Blade 1 Z orientation angle, node 10, rad
        232    9.835E-01, -5.500E-02, -1.724E-01         F               0         Blade 1 X orientation angle, node 11, rad
        233    1.421E-01,  8.248E-01,  5.473E-01         F               0         Blade 1 Y orientation angle, node 11, rad
        234    1.121E-01, -5.627E-01,  8.190E-01         F               0         Blade 1 Z orientation angle, node 11, rad
        235    9.848E-01, -4.679E-02, -1.670E-01         F               0         Blade 1 X orientation angle, node 12, rad
        236    1.323E-01,  8.253E-01,  5.490E-01         F               0         Blade 1 Y orientation angle, node 12, rad
        237    1.121E-01, -5.627E-01,  8.190E-01         F               0         Blade 1 Z orientation angle, node 12, rad
        238    9.860E-01, -3.959E-02, -1.622E-01         F               0         Blade 1 X orientation angle, node 13, rad
        239    1.237E-01,  8.257E-01,  5.504E-01         F               0         Blade 1 Y orientation angle, node 13, rad
        240    1.121E-01, -5.627E-01,  8.190E-01         F               0         Blade 1 Z orientation angle, node 13, rad
        241    9.869E-01, -3.310E-02, -1.579E-01         F               0         Blade 1 X orientation angle, node 14, rad
        242    1.160E-01,  8.260E-01,  5.517E-01         F               0         Blade 1 Y orientation angle, node 14, rad
        243    1.121E-01, -5.627E-01,  8.190E-01         F               0         Blade 1 Z orientation angle, node 14, rad
        244    9.877E-01, -2.734E-02, -1.540E-01         F               0         Blade 1 X orientation angle, node 15, rad
        245    1.091E-01,  8.262E-01,  5.527E-01         F               0         Blade 1 Y orientation angle, node 15, rad
        246    1.121E-01, -5.627E-01,  8.190E-01         F               0         Blade 1 Z orientation angle, node 15, rad
        247    9.884E-01, -2.214E-02, -1.505E-01         F               0         Blade 1 X orientation angle, node 16, rad
        248    1.028E-01,  8.263E-01,  5.537E-01         F               0         Blade 1 Y orientation angle, node 16, rad
        249    1.121E-01, -5.627E-01,  8.190E-01         F               0         Blade 1 Z orientation angle, node 16, rad
        250    9.889E-01, -1.753E-02, -1.474E-01         F               0         Blade 1 X orientation angle, node 17, rad
        251    9.733E-02,  8.265E-01,  5.545E-01         F               0         Blade 1 Y orientation angle, node 17, rad
        252    1.121E-01, -5.627E-01,  8.190E-01         F               0         Blade 1 Z orientation angle, node 17, rad
        253    9.894E-01, -1.320E-02, -1.445E-01         F               0         Blade 1 X orientation angle, node 18, rad
        254    9.215E-02,  8.265E-01,  5.553E-01         F               0         Blade 1 Y orientation angle, node 18, rad
        255    1.121E-01, -5.627E-01,  8.190E-01         F               0         Blade 1 Z orientation angle, node 18, rad
        256    9.898E-01, -9.306E-03, -1.419E-01         F               0         Blade 1 X orientation angle, node 19, rad
        257    8.749E-02,  8.266E-01,  5.560E-01         F               0         Blade 1 Y orientation angle, node 19, rad
        258    1.121E-01, -5.627E-01,  8.190E-01         F               0         Blade 1 Z orientation angle, node 19, rad
        259    9.902E-01, -5.844E-03, -1.396E-01         F               0         Blade 1 X orientation angle, node 20, rad
        260    8.334E-02,  8.266E-01,  5.566E-01         F               0         Blade 1 Y orientation angle, node 20, rad
        261    1.121E-01, -5.627E-01,  8.190E-01         F               0         Blade 1 Z orientation angle, node 20, rad
        262    9.905E-01, -2.525E-03, -1.374E-01         F               0         Blade 1 X orientation angle, node 21, rad
        263    7.936E-02,  8.266E-01,  5.571E-01         F               0         Blade 1 Y orientation angle, node 21, rad
        264    1.121E-01, -5.627E-01,  8.190E-01         F               0         Blade 1 Z orientation angle, node 21, rad
        265    9.908E-01,  5.045E-04, -1.353E-01         F               0         Blade 1 X orientation angle, node 22, rad
        266    7.573E-02,  8.266E-01,  5.576E-01         F               0         Blade 1 Y orientation angle, node 22, rad
        267    1.121E-01, -5.627E-01,  8.190E-01         F               0         Blade 1 Z orientation angle, node 22, rad
        268    9.910E-01,  3.246E-03, -1.335E-01         F               0         Blade 1 X orientation angle, node 23, rad
        269    7.245E-02,  8.266E-01,  5.581E-01         F               0         Blade 1 Y orientation angle, node 23, rad
        270    1.121E-01, -5.627E-01,  8.190E-01         F               0         Blade 1 Z orientation angle, node 23, rad
        271    9.913E-01,  5.843E-03, -1.317E-01         F               0         Blade 1 X orientation angle, node 24, rad
        272    6.933E-02,  8.266E-01,  5.585E-01         F               0         Blade 1 Y orientation angle, node 24, rad
        273    1.121E-01, -5.627E-01,  8.190E-01         F               0         Blade 1 Z orientation angle, node 24, rad
        274    9.915E-01,  8.295E-03, -1.301E-01         F               0         Blade 1 X orientation angle, node 25, rad
        275    6.639E-02,  8.266E-01,  5.589E-01         F               0         Blade 1 Y orientation angle, node 25, rad
        276    1.121E-01, -5.627E-01,  8.190E-01         F               0         Blade 1 Z orientation angle, node 25, rad
        277    9.916E-01,  1.046E-02, -1.286E-01         F               0         Blade 1 X orientation angle, node 26, rad
        278    6.379E-02,  8.266E-01,  5.592E-01         F               0         Blade 1 Y orientation angle, node 26, rad
        279    1.121E-01, -5.627E-01,  8.190E-01         F               0         Blade 1 Z orientation angle, node 26, rad
        280    9.918E-01,  1.262E-02, -1.271E-01         F               0         Blade 1 X orientation angle, node 27, rad
        281    6.120E-02,  8.265E-01,  5.595E-01         F               0         Blade 1 Y orientation angle, node 27, rad
        282    1.121E-01, -5.627E-01,  8.190E-01         F               0         Blade 1 Z orientation angle, node 27, rad
        283    9.919E-01,  1.378E-02, -1.263E-01         F               0         Blade 1 X orientation angle, node 28, rad
        284    5.981E-02,  8.265E-01,  5.597E-01         F               0         Blade 1 Y orientation angle, node 28, rad
        285    1.121E-01, -5.627E-01,  8.190E-01         F               0         Blade 1 Z orientation angle, node 28, rad
        286   -3.014E-01                                 F               0         Blade 1 X translation velocity, node 1, m/s
        287   -4.095E+00                                 F               0         Blade 1 Y translation velocity, node 1, m/s
        288   -2.771E+00                                 F               0         Blade 1 Z translation velocity, node 1, m/s
        289   -3.742E-01                                 F               0         Blade 1 X translation velocity, node 2, m/s
        290   -5.081E+00                                 F               0         Blade 1 Y translation velocity, node 2, m/s
        291   -3.438E+00                                 F               0         Blade 1 Z translation velocity, node 2, m/s
        292   -1.364E+00                                 F               0         Blade 1 X translation velocity, node 3, m/s
        293   -1.849E+01                                 F               0         Blade 1 Y translation velocity, node 3, m/s
        294   -1.252E+01                                 F               0         Blade 1 Z translation velocity, node 3, m/s
        295   -1.575E+00                                 F               0         Blade 1 X translation velocity, node 4, m/s
        296   -2.135E+01                                 F               0         Blade 1 Y translation velocity, node 4, m/s
        297   -1.445E+01                                 F               0         Blade 1 Z translation velocity, node 4, m/s
        298   -1.786E+00                                 F               0         Blade 1 X translation velocity, node 5, m/s
        299   -2.420E+01                                 F               0         Blade 1 Y translation velocity, node 5, m/s
        300   -1.638E+01                                 F               0         Blade 1 Z translation velocity, node 5, m/s
        301   -1.997E+00                                 F               0         Blade 1 X translation velocity, node 6, m/s
        302   -2.706E+01                                 F               0         Blade 1 Y translation velocity, node 6, m/s
        303   -1.832E+01                                 F               0         Blade 1 Z translation velocity, node 6, m/s
        304   -2.208E+00                                 F               0         Blade 1 X translation velocity, node 7, m/s
        305   -2.992E+01                                 F               0         Blade 1 Y translation velocity, node 7, m/s
        306   -2.025E+01                                 F               0         Blade 1 Z translation velocity, node 7, m/s
        307   -2.419E+00                                 F               0         Blade 1 X translation velocity, node 8, m/s
