
Linearized model: Predictions were generated on 24-Jan-2024 at 11:24:37 using OpenFAST, compiled as a 64-bit application using single precision at commit v3.5.1
 linked with  NWTC Subroutine Library; ElastoDyn; InflowWind; AeroDyn; ServoDyn; HydroDyn; MAP++ (<1.20.10>, <Oct-20-2023>)

Description from the FAST input file: CCT-9 Campign 4 model. Input files to be run with OpenFAST 3.5.0. GitHub branch from Lu Wang (https://github.com/luwang00/openfast/tree/dev) compiled on March 7, 2023.

Simulation information:
   Simulation time:                   501.5000 s
   Rotor Speed:                         0.8940 rad/s
   Azimuth:                             2.8810 rad
   Wind Speed:                         10.0000 m/s
   Number of continuous states:         0
   Number of discrete states:           0
   Number of constraint states:         0
   Number of inputs:                 1746
   Number of outputs:                   4
   Jacobians included in this file?    No

Order of inputs:
     Column   Operating Point                     Rotating Frame? Derivative Order Description
   ---------- ---------------                     --------------- ---------------- -----------
          1    1.535E-01                                 F               0         Tower X translation displacement, node 1, m
          2   -1.355E+00                                 F               0         Tower Y translation displacement, node 1, m
          3   -4.807E-02                                 F               0         Tower Z translation displacement, node 1, m
          4    3.902E-01                                 F               0         Tower X translation displacement, node 2, m
          5   -1.889E+00                                 F               0         Tower Y translation displacement, node 2, m
          6   -6.192E-02                                 F               0         Tower Z translation displacement, node 2, m
          7    6.403E-01                                 F               0         Tower X translation displacement, node 3, m
          8   -2.429E+00                                 F               0         Tower Y translation displacement, node 3, m
          9   -7.625E-02                                 F               0         Tower Z translation displacement, node 3, m
         10    9.002E-01                                 F               0         Tower X translation displacement, node 4, m
         11   -2.973E+00                                 F               0         Tower Y translation displacement, node 4, m
         12   -9.097E-02                                 F               0         Tower Z translation displacement, node 4, m
         13    1.168E+00                                 F               0         Tower X translation displacement, node 5, m
         14   -3.521E+00                                 F               0         Tower Y translation displacement, node 5, m
         15   -1.060E-01                                 F               0         Tower Z translation displacement, node 5, m
         16    1.442E+00                                 F               0         Tower X translation displacement, node 6, m
         17   -4.071E+00                                 F               0         Tower Y translation displacement, node 6, m
         18   -1.213E-01                                 F               0         Tower Z translation displacement, node 6, m
         19    1.720E+00                                 F               0         Tower X translation displacement, node 7, m
         20   -4.624E+00                                 F               0         Tower Y translation displacement, node 7, m
         21   -1.368E-01                                 F               0         Tower Z translation displacement, node 7, m
         22    2.001E+00                                 F               0         Tower X translation displacement, node 8, m
         23   -5.179E+00                                 F               0         Tower Y translation displacement, node 8, m
         24   -1.525E-01                                 F               0         Tower Z translation displacement, node 8, m
         25    2.285E+00                                 F               0         Tower X translation displacement, node 9, m
         26   -5.736E+00                                 F               0         Tower Y translation displacement, node 9, m
         27   -1.683E-01                                 F               0         Tower Z translation displacement, node 9, m
         28    2.569E+00                                 F               0         Tower X translation displacement, node 10, m
         29   -6.293E+00                                 F               0         Tower Y translation displacement, node 10, m
         30   -1.842E-01                                 F               0         Tower Z translation displacement, node 10, m
         31    2.854E+00                                 F               0         Tower X translation displacement, node 11, m
         32   -6.851E+00                                 F               0         Tower Y translation displacement, node 11, m
         33   -2.001E-01                                 F               0         Tower Z translation displacement, node 11, m
         34    9.998E-01,  7.901E-03, -1.840E-02         F               0         Tower X orientation angle, node 1, rad
         35   -7.099E-03,  9.990E-01,  4.325E-02         F               0         Tower Y orientation angle, node 1, rad
         36    1.873E-02, -4.311E-02,  9.989E-01         F               0         Tower Z orientation angle, node 1, rad
         37    9.998E-01,  7.945E-03, -1.942E-02         F               0         Tower X orientation angle, node 2, rad
         38   -7.091E-03,  9.990E-01,  4.365E-02         F               0         Tower Y orientation angle, node 2, rad
         39    1.975E-02, -4.351E-02,  9.989E-01         F               0         Tower Z orientation angle, node 2, rad
         40    9.998E-01,  7.983E-03, -2.029E-02         F               0         Tower X orientation angle, node 3, rad
         41   -7.083E-03,  9.990E-01,  4.402E-02         F               0         Tower Y orientation angle, node 3, rad
         42    2.062E-02, -4.386E-02,  9.988E-01         F               0         Tower Z orientation angle, node 3, rad
         43    9.997E-01,  8.015E-03, -2.101E-02         F               0         Tower X orientation angle, node 4, rad
         44   -7.077E-03,  9.990E-01,  4.433E-02         F               0         Tower Y orientation angle, node 4, rad
         45    2.134E-02, -4.417E-02,  9.988E-01         F               0         Tower Z orientation angle, node 4, rad
         46    9.997E-01,  8.040E-03, -2.158E-02         F               0         Tower X orientation angle, node 5, rad
         47   -7.071E-03,  9.990E-01,  4.460E-02         F               0         Tower Y orientation angle, node 5, rad
         48    2.191E-02, -4.444E-02,  9.988E-01         F               0         Tower Z orientation angle, node 5, rad
         49    9.997E-01,  8.059E-03, -2.201E-02         F               0         Tower X orientation angle, node 6, rad
         50   -7.066E-03,  9.990E-01,  4.483E-02         F               0         Tower Y orientation angle, node 6, rad
         51    2.235E-02, -4.466E-02,  9.988E-01         F               0         Tower Z orientation angle, node 6, rad
         52    9.997E-01,  8.073E-03, -2.231E-02         F               0         Tower X orientation angle, node 7, rad
         53   -7.062E-03,  9.990E-01,  4.501E-02         F               0         Tower Y orientation angle, node 7, rad
         54    2.265E-02, -4.484E-02,  9.987E-01         F               0         Tower Z orientation angle, node 7, rad
         55    9.997E-01,  8.082E-03, -2.252E-02         F               0         Tower X orientation angle, node 8, rad
         56   -7.059E-03,  9.990E-01,  4.515E-02         F               0         Tower Y orientation angle, node 8, rad
         57    2.286E-02, -4.498E-02,  9.987E-01         F               0         Tower Z orientation angle, node 8, rad
         58    9.997E-01,  8.088E-03, -2.265E-02         F               0         Tower X orientation angle, node 9, rad
         59   -7.057E-03,  9.990E-01,  4.526E-02         F               0         Tower Y orientation angle, node 9, rad
         60    2.299E-02, -4.509E-02,  9.987E-01         F               0         Tower Z orientation angle, node 9, rad
         61    9.997E-01,  8.091E-03, -2.272E-02         F               0         Tower X orientation angle, node 10, rad
         62   -7.055E-03,  9.989E-01,  4.533E-02         F               0         Tower Y orientation angle, node 10, rad
         63    2.306E-02, -4.515E-02,  9.987E-01         F               0         Tower Z orientation angle, node 10, rad
         64    9.997E-01,  8.093E-03, -2.275E-02         F               0         Tower X orientation angle, node 11, rad
         65   -7.054E-03,  9.989E-01,  4.536E-02         F               0         Tower Y orientation angle, node 11, rad
         66    2.309E-02, -4.519E-02,  9.987E-01         F               0         Tower Z orientation angle, node 11, rad
         67    1.246E-06                                 F               0         Tower X translation velocity, node 1, m/s
         68    5.411E-07                                 F               0         Tower Y translation velocity, node 1, m/s
         69    0.000E+00                                 F               0         Tower Z translation velocity, node 1, m/s
         70   -7.663E-06                                 F               0         Tower X translation velocity, node 2, m/s
         71    1.097E-05                                 F               0         Tower Y translation velocity, node 2, m/s
         72    6.269E-07                                 F               0         Tower Z translation velocity, node 2, m/s
         73   -4.253E-05                                 F               0         Tower X translation velocity, node 3, m/s
         74    4.736E-05                                 F               0         Tower Y translation velocity, node 3, m/s
         75    2.926E-06                                 F               0         Tower Z translation velocity, node 3, m/s
         76   -9.945E-05                                 F               0         Tower X translation velocity, node 4, m/s
         77    1.046E-04                                 F               0         Tower Y translation velocity, node 4, m/s
         78    6.646E-06                                 F               0         Tower Z translation velocity, node 4, m/s
         79   -1.769E-04                                 F               0         Tower X translation velocity, node 5, m/s
         80    1.801E-04                                 F               0         Tower Y translation velocity, node 5, m/s
         81    1.168E-05                                 F               0         Tower Z translation velocity, node 5, m/s
         82   -2.733E-04                                 F               0         Tower X translation velocity, node 6, m/s
         83    2.713E-04                                 F               0         Tower Y translation velocity, node 6, m/s
         84    1.789E-05                                 F               0         Tower Z translation velocity, node 6, m/s
         85   -3.853E-04                                 F               0         Tower X translation velocity, node 7, m/s
         86    3.749E-04                                 F               0         Tower Y translation velocity, node 7, m/s
         87    2.505E-05                                 F               0         Tower Z translation velocity, node 7, m/s
         88   -5.120E-04                                 F               0         Tower X translation velocity, node 8, m/s
         89    4.896E-04                                 F               0         Tower Y translation velocity, node 8, m/s
         90    3.310E-05                                 F               0         Tower Z translation velocity, node 8, m/s
         91   -6.509E-04                                 F               0         Tower X translation velocity, node 9, m/s
         92    6.128E-04                                 F               0         Tower Y translation velocity, node 9, m/s
         93    4.184E-05                                 F               0         Tower Z translation velocity, node 9, m/s
         94   -7.988E-04                                 F               0         Tower X translation velocity, node 10, m/s
         95    7.421E-04                                 F               0         Tower Y translation velocity, node 10, m/s
         96    5.109E-05                                 F               0         Tower Z translation velocity, node 10, m/s
         97   -9.525E-04                                 F               0         Tower X translation velocity, node 11, m/s
         98    8.752E-04                                 F               0         Tower Y translation velocity, node 11, m/s
         99    6.066E-05                                 F               0         Tower Z translation velocity, node 11, m/s
        100    3.039E+00                                 F               0         Hub X translation displacement, node 1, m
        101   -7.294E+00                                 F               0         Hub Y translation displacement, node 1, m
        102    3.547E-02                                 F               0         Hub Z translation displacement, node 1, m
        103    9.918E-01,  1.277E-02, -1.270E-01         F               0         Hub X orientation angle, node 1, rad
        104    3.966E-02, -9.766E-01,  2.115E-01         F               0         Hub Y orientation angle, node 1, rad
        105   -1.213E-01, -2.148E-01, -9.691E-01         F               0         Hub Z orientation angle, node 1, rad
        106    8.867E-01                                 F               0         Hub X rotation velocity, node 1, rad/s
        107    1.141E-02                                 F               0         Hub Y rotation velocity, node 1, rad/s
        108   -1.135E-01                                 F               0         Hub Z rotation velocity, node 1, rad/s
        109    9.902E-01,  4.174E-02, -1.332E-01         F               0         Blade root 1 X orientation angle, node 1, rad
        110    6.907E-02, -9.758E-01,  2.076E-01         F               0         Blade root 1 Y orientation angle, node 1, rad
        111   -1.213E-01, -2.148E-01, -9.691E-01         F               0         Blade root 1 Z orientation angle, node 1, rad
        112    9.951E-01,  3.799E-03, -9.892E-02         F               0         Blade root 2 X orientation angle, node 1, rad
        113   -9.543E-02,  3.025E-01, -9.484E-01         F               0         Blade root 2 Y orientation angle, node 1, rad
        114    2.632E-02,  9.531E-01,  3.014E-01         F               0         Blade root 2 Z orientation angle, node 1, rad
        115    9.889E-01, -7.238E-03, -1.487E-01         F               0         Blade root 3 X orientation angle, node 1, rad
        116    1.146E-01,  6.744E-01,  7.294E-01         F               0         Blade root 3 Y orientation angle, node 1, rad
        117    9.502E-02, -7.383E-01,  6.677E-01         F               0         Blade root 3 Z orientation angle, node 1, rad
        118    1.787E+00                                 F               0         Blade 1 X translation displacement, node 1, m
        119   -8.484E+00                                 F               0         Blade 1 Y translation displacement, node 1, m
        120   -1.084E+01                                 F               0         Blade 1 Z translation displacement, node 1, m
        121    1.486E+00                                 F               0         Blade 1 X translation displacement, node 2, m
        122   -8.770E+00                                 F               0         Blade 1 Y translation displacement, node 2, m
        123   -1.346E+01                                 F               0         Blade 1 Z translation displacement, node 2, m
        124   -2.614E+00                                 F               0         Blade 1 X translation displacement, node 3, m
        125   -1.267E+01                                 F               0         Blade 1 Y translation displacement, node 3, m
        126   -4.911E+01                                 F               0         Blade 1 Z translation displacement, node 3, m
        127   -3.488E+00                                 F               0         Blade 1 X translation displacement, node 4, m
        128   -1.350E+01                                 F               0         Blade 1 Y translation displacement, node 4, m
        129   -5.670E+01                                 F               0         Blade 1 Z translation displacement, node 4, m
        130   -4.361E+00                                 F               0         Blade 1 X translation displacement, node 5, m
        131   -1.433E+01                                 F               0         Blade 1 Y translation displacement, node 5, m
        132   -6.430E+01                                 F               0         Blade 1 Z translation displacement, node 5, m
        133   -5.235E+00                                 F               0         Blade 1 X translation displacement, node 6, m
        134   -1.516E+01                                 F               0         Blade 1 Y translation displacement, node 6, m
        135   -7.189E+01                                 F               0         Blade 1 Z translation displacement, node 6, m
        136   -6.108E+00                                 F               0         Blade 1 X translation displacement, node 7, m
        137   -1.599E+01                                 F               0         Blade 1 Y translation displacement, node 7, m
        138   -7.949E+01                                 F               0         Blade 1 Z translation displacement, node 7, m
        139   -6.982E+00                                 F               0         Blade 1 X translation displacement, node 8, m
        140   -1.682E+01                                 F               0         Blade 1 Y translation displacement, node 8, m
        141   -8.708E+01                                 F               0         Blade 1 Z translation displacement, node 8, m
        142   -7.856E+00                                 F               0         Blade 1 X translation displacement, node 9, m
        143   -1.765E+01                                 F               0         Blade 1 Y translation displacement, node 9, m
        144   -9.468E+01                                 F               0         Blade 1 Z translation displacement, node 9, m
        145   -8.729E+00                                 F               0         Blade 1 X translation displacement, node 10, m
        146   -1.849E+01                                 F               0         Blade 1 Y translation displacement, node 10, m
        147   -1.023E+02                                 F               0         Blade 1 Z translation displacement, node 10, m
        148   -9.603E+00                                 F               0         Blade 1 X translation displacement, node 11, m
        149   -1.932E+01                                 F               0         Blade 1 Y translation displacement, node 11, m
        150   -1.099E+02                                 F               0         Blade 1 Z translation displacement, node 11, m
        151   -1.048E+01                                 F               0         Blade 1 X translation displacement, node 12, m
        152   -2.015E+01                                 F               0         Blade 1 Y translation displacement, node 12, m
        153   -1.175E+02                                 F               0         Blade 1 Z translation displacement, node 12, m
        154   -1.135E+01                                 F               0         Blade 1 X translation displacement, node 13, m
        155   -2.098E+01                                 F               0         Blade 1 Y translation displacement, node 13, m
        156   -1.251E+02                                 F               0         Blade 1 Z translation displacement, node 13, m
        157   -1.222E+01                                 F               0         Blade 1 X translation displacement, node 14, m
        158   -2.181E+01                                 F               0         Blade 1 Y translation displacement, node 14, m
        159   -1.326E+02                                 F               0         Blade 1 Z translation displacement, node 14, m
        160   -1.310E+01                                 F               0         Blade 1 X translation displacement, node 15, m
        161   -2.264E+01                                 F               0         Blade 1 Y translation displacement, node 15, m
        162   -1.402E+02                                 F               0         Blade 1 Z translation displacement, node 15, m
        163   -1.397E+01                                 F               0         Blade 1 X translation displacement, node 16, m
        164   -2.347E+01                                 F               0         Blade 1 Y translation displacement, node 16, m
        165   -1.478E+02                                 F               0         Blade 1 Z translation displacement, node 16, m
        166   -1.484E+01                                 F               0         Blade 1 X translation displacement, node 17, m
        167   -2.430E+01                                 F               0         Blade 1 Y translation displacement, node 17, m
        168   -1.554E+02                                 F               0         Blade 1 Z translation displacement, node 17, m
        169   -1.572E+01                                 F               0         Blade 1 X translation displacement, node 18, m
        170   -2.513E+01                                 F               0         Blade 1 Y translation displacement, node 18, m
        171   -1.630E+02                                 F               0         Blade 1 Z translation displacement, node 18, m
        172   -1.659E+01                                 F               0         Blade 1 X translation displacement, node 19, m
        173   -2.596E+01                                 F               0         Blade 1 Y translation displacement, node 19, m
        174   -1.706E+02                                 F               0         Blade 1 Z translation displacement, node 19, m
        175   -1.747E+01                                 F               0         Blade 1 X translation displacement, node 20, m
        176   -2.679E+01                                 F               0         Blade 1 Y translation displacement, node 20, m
        177   -1.782E+02                                 F               0         Blade 1 Z translation displacement, node 20, m
        178   -1.834E+01                                 F               0         Blade 1 X translation displacement, node 21, m
        179   -2.762E+01                                 F               0         Blade 1 Y translation displacement, node 21, m
        180   -1.858E+02                                 F               0         Blade 1 Z translation displacement, node 21, m
        181   -1.921E+01                                 F               0         Blade 1 X translation displacement, node 22, m
        182   -2.845E+01                                 F               0         Blade 1 Y translation displacement, node 22, m
        183   -1.934E+02                                 F               0         Blade 1 Z translation displacement, node 22, m
        184   -2.009E+01                                 F               0         Blade 1 X translation displacement, node 23, m
        185   -2.929E+01                                 F               0         Blade 1 Y translation displacement, node 23, m
        186   -2.010E+02                                 F               0         Blade 1 Z translation displacement, node 23, m
        187   -2.096E+01                                 F               0         Blade 1 X translation displacement, node 24, m
        188   -3.012E+01                                 F               0         Blade 1 Y translation displacement, node 24, m
        189   -2.086E+02                                 F               0         Blade 1 Z translation displacement, node 24, m
        190   -2.183E+01                                 F               0         Blade 1 X translation displacement, node 25, m
        191   -3.095E+01                                 F               0         Blade 1 Y translation displacement, node 25, m
        192   -2.162E+02                                 F               0         Blade 1 Z translation displacement, node 25, m
        193   -2.271E+01                                 F               0         Blade 1 X translation displacement, node 26, m
        194   -3.178E+01                                 F               0         Blade 1 Y translation displacement, node 26, m
        195   -2.238E+02                                 F               0         Blade 1 Z translation displacement, node 26, m
        196   -2.358E+01                                 F               0         Blade 1 X translation displacement, node 27, m
        197   -3.261E+01                                 F               0         Blade 1 Y translation displacement, node 27, m
        198   -2.314E+02                                 F               0         Blade 1 Z translation displacement, node 27, m
        199   -2.432E+01                                 F               0         Blade 1 X translation displacement, node 28, m
        200   -3.331E+01                                 F               0         Blade 1 Y translation displacement, node 28, m
        201   -2.378E+02                                 F               0         Blade 1 Z translation displacement, node 28, m
        202    8.498E-01,  4.821E-01, -2.133E-01         F               0         Blade 1 X orientation angle, node 1, rad
        203    5.130E-01, -8.494E-01,  1.240E-01         F               0         Blade 1 Y orientation angle, node 1, rad
        204   -1.213E-01, -2.148E-01, -9.691E-01         F               0         Blade 1 Z orientation angle, node 1, rad
        205    8.498E-01,  4.821E-01, -2.133E-01         F               0         Blade 1 X orientation angle, node 2, rad
        206    5.130E-01, -8.494E-01,  1.240E-01         F               0         Blade 1 Y orientation angle, node 2, rad
        207   -1.213E-01, -2.148E-01, -9.691E-01         F               0         Blade 1 Z orientation angle, node 2, rad
        208    9.471E-01,  2.671E-01, -1.778E-01         F               0         Blade 1 X orientation angle, node 3, rad
        209    2.970E-01, -9.394E-01,  1.710E-01         F               0         Blade 1 Y orientation angle, node 3, rad
        210   -1.213E-01, -2.148E-01, -9.691E-01         F               0         Blade 1 Z orientation angle, node 3, rad
        211    9.588E-01,  2.272E-01, -1.704E-01         F               0         Blade 1 X orientation angle, node 4, rad
        212    2.567E-01, -9.499E-01,  1.784E-01         F               0         Blade 1 Y orientation angle, node 4, rad
        213   -1.213E-01, -2.148E-01, -9.691E-01         F               0         Blade 1 Z orientation angle, node 4, rad
        214    9.668E-01,  1.955E-01, -1.644E-01         F               0         Blade 1 X orientation angle, node 5, rad
        215    2.248E-01, -9.569E-01,  1.839E-01         F               0         Blade 1 Y orientation angle, node 5, rad
        216   -1.213E-01, -2.148E-01, -9.691E-01         F               0         Blade 1 Z orientation angle, node 5, rad
        217    9.724E-01,  1.701E-01, -1.595E-01         F               0         Blade 1 X orientation angle, node 6, rad
        218    1.991E-01, -9.617E-01,  1.882E-01         F               0         Blade 1 Y orientation angle, node 6, rad
        219   -1.213E-01, -2.148E-01, -9.691E-01         F               0         Blade 1 Z orientation angle, node 6, rad
        220    9.766E-01,  1.491E-01, -1.553E-01         F               0         Blade 1 X orientation angle, node 7, rad
        221    1.778E-01, -9.652E-01,  1.917E-01         F               0         Blade 1 Y orientation angle, node 7, rad
        222   -1.213E-01, -2.148E-01, -9.691E-01         F               0         Blade 1 Z orientation angle, node 7, rad
        223    9.796E-01,  1.315E-01, -1.518E-01         F               0         Blade 1 X orientation angle, node 8, rad
        224    1.601E-01, -9.678E-01,  1.945E-01         F               0         Blade 1 Y orientation angle, node 8, rad
        225   -1.213E-01, -2.148E-01, -9.691E-01         F               0         Blade 1 Z orientation angle, node 8, rad
        226    9.820E-01,  1.166E-01, -1.488E-01         F               0         Blade 1 X orientation angle, node 9, rad
        227    1.450E-01, -9.697E-01,  1.968E-01         F               0         Blade 1 Y orientation angle, node 9, rad
        228   -1.213E-01, -2.148E-01, -9.691E-01         F               0         Blade 1 Z orientation angle, node 9, rad
        229    9.838E-01,  1.038E-01, -1.462E-01         F               0         Blade 1 X orientation angle, node 10, rad
        230    1.320E-01, -9.711E-01,  1.987E-01         F               0         Blade 1 Y orientation angle, node 10, rad
        231   -1.213E-01, -2.148E-01, -9.691E-01         F               0         Blade 1 Z orientation angle, node 10, rad
        232    9.852E-01,  9.275E-02, -1.439E-01         F               0         Blade 1 X orientation angle, node 11, rad
        233    1.208E-01, -9.722E-01,  2.004E-01         F               0         Blade 1 Y orientation angle, node 11, rad
        234   -1.213E-01, -2.148E-01, -9.691E-01         F               0         Blade 1 Z orientation angle, node 11, rad
        235    9.864E-01,  8.307E-02, -1.419E-01         F               0         Blade 1 X orientation angle, node 12, rad
        236    1.110E-01, -9.731E-01,  2.018E-01         F               0         Blade 1 Y orientation angle, node 12, rad
        237   -1.213E-01, -2.148E-01, -9.691E-01         F               0         Blade 1 Z orientation angle, node 12, rad
        238    9.873E-01,  7.458E-02, -1.402E-01         F               0         Blade 1 X orientation angle, node 13, rad
        239    1.024E-01, -9.738E-01,  2.030E-01         F               0         Blade 1 Y orientation angle, node 13, rad
        240   -1.213E-01, -2.148E-01, -9.691E-01         F               0         Blade 1 Z orientation angle, node 13, rad
        241    9.881E-01,  6.693E-02, -1.386E-01         F               0         Blade 1 X orientation angle, node 14, rad
        242    9.462E-02, -9.744E-01,  2.041E-01         F               0         Blade 1 Y orientation angle, node 14, rad
        243   -1.213E-01, -2.148E-01, -9.691E-01         F               0         Blade 1 Z orientation angle, node 14, rad
        244    9.887E-01,  6.012E-02, -1.371E-01         F               0         Blade 1 X orientation angle, node 15, rad
        245    8.772E-02, -9.748E-01,  2.051E-01         F               0         Blade 1 Y orientation angle, node 15, rad
        246   -1.213E-01, -2.148E-01, -9.691E-01         F               0         Blade 1 Z orientation angle, node 15, rad
        247    9.893E-01,  5.400E-02, -1.358E-01         F               0         Blade 1 X orientation angle, node 16, rad
        248    8.150E-02, -9.752E-01,  2.059E-01         F               0         Blade 1 Y orientation angle, node 16, rad
        249   -1.213E-01, -2.148E-01, -9.691E-01         F               0         Blade 1 Z orientation angle, node 16, rad
        250    9.897E-01,  4.855E-02, -1.347E-01         F               0         Blade 1 X orientation angle, node 17, rad
        251    7.598E-02, -9.755E-01,  2.067E-01         F               0         Blade 1 Y orientation angle, node 17, rad
        252   -1.213E-01, -2.148E-01, -9.691E-01         F               0         Blade 1 Z orientation angle, node 17, rad
        253    9.901E-01,  4.344E-02, -1.336E-01         F               0         Blade 1 X orientation angle, node 18, rad
        254    7.079E-02, -9.757E-01,  2.074E-01         F               0         Blade 1 Y orientation angle, node 18, rad
        255   -1.213E-01, -2.148E-01, -9.691E-01         F               0         Blade 1 Z orientation angle, node 18, rad
        256    9.904E-01,  3.884E-02, -1.326E-01         F               0         Blade 1 X orientation angle, node 19, rad
        257    6.613E-02, -9.759E-01,  2.080E-01         F               0         Blade 1 Y orientation angle, node 19, rad
        258   -1.213E-01, -2.148E-01, -9.691E-01         F               0         Blade 1 Z orientation angle, node 19, rad
        259    9.907E-01,  3.475E-02, -1.317E-01         F               0         Blade 1 X orientation angle, node 20, rad
        260    6.198E-02, -9.760E-01,  2.086E-01         F               0         Blade 1 Y orientation angle, node 20, rad
        261   -1.213E-01, -2.148E-01, -9.691E-01         F               0         Blade 1 Z orientation angle, node 20, rad
        262    9.909E-01,  3.084E-02, -1.309E-01         F               0         Blade 1 X orientation angle, node 21, rad
        263    5.800E-02, -9.762E-01,  2.091E-01         F               0         Blade 1 Y orientation angle, node 21, rad
        264   -1.213E-01, -2.148E-01, -9.691E-01         F               0         Blade 1 Z orientation angle, node 21, rad
        265    9.911E-01,  2.726E-02, -1.301E-01         F               0         Blade 1 X orientation angle, node 22, rad
        266    5.437E-02, -9.763E-01,  2.096E-01         F               0         Blade 1 Y orientation angle, node 22, rad
        267   -1.213E-01, -2.148E-01, -9.691E-01         F               0         Blade 1 Z orientation angle, node 22, rad
        268    9.913E-01,  2.402E-02, -1.294E-01         F               0         Blade 1 X orientation angle, node 23, rad
        269    5.108E-02, -9.764E-01,  2.100E-01         F               0         Blade 1 Y orientation angle, node 23, rad
        270   -1.213E-01, -2.148E-01, -9.691E-01         F               0         Blade 1 Z orientation angle, node 23, rad
        271    9.915E-01,  2.095E-02, -1.288E-01         F               0         Blade 1 X orientation angle, node 24, rad
        272    4.797E-02, -9.764E-01,  2.104E-01         F               0         Blade 1 Y orientation angle, node 24, rad
        273   -1.213E-01, -2.148E-01, -9.691E-01         F               0         Blade 1 Z orientation angle, node 24, rad
        274    9.916E-01,  1.806E-02, -1.282E-01         F               0         Blade 1 X orientation angle, node 25, rad
        275    4.503E-02, -9.765E-01,  2.108E-01         F               0         Blade 1 Y orientation angle, node 25, rad
        276   -1.213E-01, -2.148E-01, -9.691E-01         F               0         Blade 1 Z orientation angle, node 25, rad
        277    9.917E-01,  1.550E-02, -1.276E-01         F               0         Blade 1 X orientation angle, node 26, rad
        278    4.243E-02, -9.765E-01,  2.111E-01         F               0         Blade 1 Y orientation angle, node 26, rad
        279   -1.213E-01, -2.148E-01, -9.691E-01         F               0         Blade 1 Z orientation angle, node 26, rad
        280    9.918E-01,  1.294E-02, -1.271E-01         F               0         Blade 1 X orientation angle, node 27, rad
        281    3.983E-02, -9.766E-01,  2.115E-01         F               0         Blade 1 Y orientation angle, node 27, rad
        282   -1.213E-01, -2.148E-01, -9.691E-01         F               0         Blade 1 Z orientation angle, node 27, rad
        283    9.919E-01,  1.158E-02, -1.268E-01         F               0         Blade 1 X orientation angle, node 28, rad
        284    3.845E-02, -9.766E-01,  2.116E-01         F               0         Blade 1 Y orientation angle, node 28, rad
        285   -1.213E-01, -2.148E-01, -9.691E-01         F               0         Blade 1 Z orientation angle, node 28, rad
        286   -1.974E-01                                 F               0         Blade 1 X translation velocity, node 1, m/s
        287    4.838E+00                                 F               0         Blade 1 Y translation velocity, node 1, m/s
        288   -1.048E+00                                 F               0         Blade 1 Z translation velocity, node 1, m/s
        289   -2.447E-01                                 F               0         Blade 1 X translation velocity, node 2, m/s
        290    6.003E+00                                 F               0         Blade 1 Y translation velocity, node 2, m/s
        291   -1.300E+00                                 F               0         Blade 1 Z translation velocity, node 2, m/s
        292   -8.881E-01                                 F               0         Blade 1 X translation velocity, node 3, m/s
        293    2.185E+01                                 F               0         Blade 1 Y translation velocity, node 3, m/s
        294   -4.732E+00                                 F               0         Blade 1 Z translation velocity, node 3, m/s
        295   -1.025E+00                                 F               0         Blade 1 X translation velocity, node 4, m/s
        296    2.523E+01                                 F               0         Blade 1 Y translation velocity, node 4, m/s
        297   -5.463E+00                                 F               0         Blade 1 Z translation velocity, node 4, m/s
        298   -1.162E+00                                 F               0         Blade 1 X translation velocity, node 5, m/s
        299    2.860E+01                                 F               0         Blade 1 Y translation velocity, node 5, m/s
        300   -6.195E+00                                 F               0         Blade 1 Z translation velocity, node 5, m/s
        301   -1.299E+00                                 F               0         Blade 1 X translation velocity, node 6, m/s
        302    3.198E+01                                 F               0         Blade 1 Y translation velocity, node 6, m/s
        303   -6.926E+00                                 F               0         Blade 1 Z translation velocity, node 6, m/s
        304   -1.436E+00                                 F               0         Blade 1 X translation velocity, node 7, m/s
        305    3.536E+01                                 F               0         Blade 1 Y translation velocity, node 7, m/s
        306   -7.657E+00                                 F               0         Blade 1 Z translation velocity, node 7, m/s
        307   -1.574E+00                                 F               0         Blade 1 X translation velocity, node 8, m/s
