
Linearized model: Predictions were generated on 24-Jan-2024 at 11:24:37 using OpenFAST, compiled as a 64-bit application using single precision at commit v3.5.1
 linked with  NWTC Subroutine Library; ElastoDyn; InflowWind; AeroDyn; ServoDyn; HydroDyn; MAP++ (<1.20.10>, <Oct-20-2023>)

Description from the FAST input file: CCT-9 Campign 4 model. Input files to be run with OpenFAST 3.5.0. GitHub branch from Lu Wang (https://github.com/luwang00/openfast/tree/dev) compiled on March 7, 2023.

Simulation information:
   Simulation time:                   507.6750 s
   Rotor Speed:                         0.8938 rad/s
   Azimuth:                             2.1177 rad
   Wind Speed:                         10.0000 m/s
   Number of continuous states:         0
   Number of discrete states:           0
   Number of constraint states:         0
   Number of inputs:                 1746
   Number of outputs:                   4
   Jacobians included in this file?    No

Order of inputs:
     Column   Operating Point                     Rotating Frame? Derivative Order Description
   ---------- ---------------                     --------------- ---------------- -----------
          1    1.535E-01                                 F               0         Tower X translation displacement, node 1, m
          2   -1.355E+00                                 F               0         Tower Y translation displacement, node 1, m
          3   -4.807E-02                                 F               0         Tower Z translation displacement, node 1, m
          4    3.902E-01                                 F               0         Tower X translation displacement, node 2, m
          5   -1.889E+00                                 F               0         Tower Y translation displacement, node 2, m
          6   -6.192E-02                                 F               0         Tower Z translation displacement, node 2, m
          7    6.403E-01                                 F               0         Tower X translation displacement, node 3, m
          8   -2.429E+00                                 F               0         Tower Y translation displacement, node 3, m
          9   -7.625E-02                                 F               0         Tower Z translation displacement, node 3, m
         10    9.003E-01                                 F               0         Tower X translation displacement, node 4, m
         11   -2.973E+00                                 F               0         Tower Y translation displacement, node 4, m
         12   -9.097E-02                                 F               0         Tower Z translation displacement, node 4, m
         13    1.168E+00                                 F               0         Tower X translation displacement, node 5, m
         14   -3.520E+00                                 F               0         Tower Y translation displacement, node 5, m
         15   -1.060E-01                                 F               0         Tower Z translation displacement, node 5, m
         16    1.442E+00                                 F               0         Tower X translation displacement, node 6, m
         17   -4.071E+00                                 F               0         Tower Y translation displacement, node 6, m
         18   -1.213E-01                                 F               0         Tower Z translation displacement, node 6, m
         19    1.720E+00                                 F               0         Tower X translation displacement, node 7, m
         20   -4.624E+00                                 F               0         Tower Y translation displacement, node 7, m
         21   -1.368E-01                                 F               0         Tower Z translation displacement, node 7, m
         22    2.002E+00                                 F               0         Tower X translation displacement, node 8, m
         23   -5.178E+00                                 F               0         Tower Y translation displacement, node 8, m
         24   -1.525E-01                                 F               0         Tower Z translation displacement, node 8, m
         25    2.285E+00                                 F               0         Tower X translation displacement, node 9, m
         26   -5.735E+00                                 F               0         Tower Y translation displacement, node 9, m
         27   -1.683E-01                                 F               0         Tower Z translation displacement, node 9, m
         28    2.570E+00                                 F               0         Tower X translation displacement, node 10, m
         29   -6.292E+00                                 F               0         Tower Y translation displacement, node 10, m
         30   -1.841E-01                                 F               0         Tower Z translation displacement, node 10, m
         31    2.855E+00                                 F               0         Tower X translation displacement, node 11, m
         32   -6.850E+00                                 F               0         Tower Y translation displacement, node 11, m
         33   -2.000E-01                                 F               0         Tower Z translation displacement, node 11, m
         34    9.998E-01,  7.899E-03, -1.840E-02         F               0         Tower X orientation angle, node 1, rad
         35   -7.097E-03,  9.990E-01,  4.325E-02         F               0         Tower Y orientation angle, node 1, rad
         36    1.873E-02, -4.311E-02,  9.989E-01         F               0         Tower Z orientation angle, node 1, rad
         37    9.998E-01,  7.943E-03, -1.942E-02         F               0         Tower X orientation angle, node 2, rad
         38   -7.089E-03,  9.990E-01,  4.365E-02         F               0         Tower Y orientation angle, node 2, rad
         39    1.975E-02, -4.350E-02,  9.989E-01         F               0         Tower Z orientation angle, node 2, rad
         40    9.998E-01,  7.981E-03, -2.030E-02         F               0         Tower X orientation angle, node 3, rad
         41   -7.082E-03,  9.990E-01,  4.401E-02         F               0         Tower Y orientation angle, node 3, rad
         42    2.063E-02, -4.385E-02,  9.988E-01         F               0         Tower Z orientation angle, node 3, rad
         43    9.997E-01,  8.013E-03, -2.101E-02         F               0         Tower X orientation angle, node 4, rad
         44   -7.075E-03,  9.990E-01,  4.432E-02         F               0         Tower Y orientation angle, node 4, rad
         45    2.135E-02, -4.416E-02,  9.988E-01         F               0         Tower Z orientation angle, node 4, rad
         46    9.997E-01,  8.038E-03, -2.158E-02         F               0         Tower X orientation angle, node 5, rad
         47   -7.069E-03,  9.990E-01,  4.459E-02         F               0         Tower Y orientation angle, node 5, rad
         48    2.192E-02, -4.443E-02,  9.988E-01         F               0         Tower Z orientation angle, node 5, rad
         49    9.997E-01,  8.057E-03, -2.202E-02         F               0         Tower X orientation angle, node 6, rad
         50   -7.064E-03,  9.990E-01,  4.482E-02         F               0         Tower Y orientation angle, node 6, rad
         51    2.235E-02, -4.465E-02,  9.988E-01         F               0         Tower Z orientation angle, node 6, rad
         52    9.997E-01,  8.071E-03, -2.232E-02         F               0         Tower X orientation angle, node 7, rad
         53   -7.060E-03,  9.990E-01,  4.500E-02         F               0         Tower Y orientation angle, node 7, rad
         54    2.266E-02, -4.483E-02,  9.987E-01         F               0         Tower Z orientation angle, node 7, rad
         55    9.997E-01,  8.081E-03, -2.253E-02         F               0         Tower X orientation angle, node 8, rad
         56   -7.057E-03,  9.990E-01,  4.514E-02         F               0         Tower Y orientation angle, node 8, rad
         57    2.287E-02, -4.496E-02,  9.987E-01         F               0         Tower Z orientation angle, node 8, rad
         58    9.997E-01,  8.086E-03, -2.266E-02         F               0         Tower X orientation angle, node 9, rad
         59   -7.055E-03,  9.990E-01,  4.524E-02         F               0         Tower Y orientation angle, node 9, rad
         60    2.300E-02, -4.507E-02,  9.987E-01         F               0         Tower Z orientation angle, node 9, rad
         61    9.997E-01,  8.090E-03, -2.273E-02         F               0         Tower X orientation angle, node 10, rad
         62   -7.054E-03,  9.989E-01,  4.531E-02         F               0         Tower Y orientation angle, node 10, rad
         63    2.307E-02, -4.513E-02,  9.987E-01         F               0         Tower Z orientation angle, node 10, rad
         64    9.997E-01,  8.091E-03, -2.276E-02         F               0         Tower X orientation angle, node 11, rad
         65   -7.053E-03,  9.989E-01,  4.534E-02         F               0         Tower Y orientation angle, node 11, rad
         66    2.310E-02, -4.517E-02,  9.987E-01         F               0         Tower Z orientation angle, node 11, rad
         67   -1.130E-06                                 F               0         Tower X translation velocity, node 1, m/s
         68   -4.909E-07                                 F               0         Tower Y translation velocity, node 1, m/s
         69    0.000E+00                                 F               0         Tower Z translation velocity, node 1, m/s
         70   -5.383E-06                                 F               0         Tower X translation velocity, node 2, m/s
         71   -2.958E-05                                 F               0         Tower Y translation velocity, node 2, m/s
         72   -1.181E-06                                 F               0         Tower Z translation velocity, node 2, m/s
         73   -2.021E-05                                 F               0         Tower X translation velocity, node 3, m/s
         74   -1.329E-04                                 F               0         Tower Y translation velocity, node 3, m/s
         75   -5.399E-06                                 F               0         Tower Z translation velocity, node 3, m/s
         76   -4.591E-05                                 F               0         Tower X translation velocity, node 4, m/s
         77   -2.958E-04                                 F               0         Tower Y translation velocity, node 4, m/s
         78   -1.204E-05                                 F               0         Tower Z translation velocity, node 4, m/s
         79   -8.341E-05                                 F               0         Tower X translation velocity, node 5, m/s
         80   -5.111E-04                                 F               0         Tower Y translation velocity, node 5, m/s
         81   -2.078E-05                                 F               0         Tower Z translation velocity, node 5, m/s
         82   -1.332E-04                                 F               0         Tower X translation velocity, node 6, m/s
         83   -7.718E-04                                 F               0         Tower Y translation velocity, node 6, m/s
         84   -3.130E-05                                 F               0         Tower Z translation velocity, node 6, m/s
         85   -1.943E-04                                 F               0         Tower X translation velocity, node 7, m/s
         86   -1.068E-03                                 F               0         Tower Y translation velocity, node 7, m/s
         87   -4.319E-05                                 F               0         Tower Z translation velocity, node 7, m/s
         88   -2.669E-04                                 F               0         Tower X translation velocity, node 8, m/s
         89   -1.396E-03                                 F               0         Tower Y translation velocity, node 8, m/s
         90   -5.628E-05                                 F               0         Tower Z translation velocity, node 8, m/s
         91   -3.497E-04                                 F               0         Tower X translation velocity, node 9, m/s
         92   -1.749E-03                                 F               0         Tower Y translation velocity, node 9, m/s
         93   -7.028E-05                                 F               0         Tower Z translation velocity, node 9, m/s
         94   -4.406E-04                                 F               0         Tower X translation velocity, node 10, m/s
         95   -2.119E-03                                 F               0         Tower Y translation velocity, node 10, m/s
         96   -8.491E-05                                 F               0         Tower Z translation velocity, node 10, m/s
         97   -5.370E-04                                 F               0         Tower X translation velocity, node 11, m/s
         98   -2.500E-03                                 F               0         Tower Y translation velocity, node 11, m/s
         99   -9.992E-05                                 F               0         Tower Z translation velocity, node 11, m/s
        100    3.039E+00                                 F               0         Hub X translation displacement, node 1, m
        101   -7.292E+00                                 F               0         Hub Y translation displacement, node 1, m
        102    3.564E-02                                 F               0         Hub Z translation displacement, node 1, m
        103    9.918E-01,  1.277E-02, -1.270E-01         F               0         Hub X orientation angle, node 1, rad
        104    1.125E-01, -5.571E-01,  8.228E-01         F               0         Hub Y orientation angle, node 1, rad
        105   -6.026E-02, -8.303E-01, -5.540E-01         F               0         Hub Z orientation angle, node 1, rad
        106    8.865E-01                                 F               0         Hub X rotation velocity, node 1, rad/s
        107    1.140E-02                                 F               0         Hub Y rotation velocity, node 1, rad/s
        108   -1.135E-01                                 F               0         Hub Z rotation velocity, node 1, rad/s
        109    9.880E-01,  2.929E-02, -1.514E-01         F               0         Blade root 1 X orientation angle, node 1, rad
        110    1.419E-01, -5.565E-01,  8.186E-01         F               0         Blade root 1 Y orientation angle, node 1, rad
        111   -6.026E-02, -8.303E-01, -5.540E-01         F               0         Blade root 1 Z orientation angle, node 1, rad
        112    9.946E-01,  2.583E-02, -1.005E-01         F               0         Blade root 2 X orientation angle, node 1, rad
        113   -7.899E-02, -4.400E-01, -8.945E-01         F               0         Blade root 2 Y orientation angle, node 1, rad
        114   -6.734E-02,  8.976E-01, -4.355E-01         F               0         Blade root 2 Z orientation angle, node 1, rad
        115    9.915E-01, -1.683E-02, -1.290E-01         F               0         Blade root 3 X orientation angle, node 1, rad
        116    2.534E-02,  9.976E-01,  6.459E-02         F               0         Blade root 3 Y orientation angle, node 1, rad
        117    1.276E-01, -6.731E-02,  9.895E-01         F               0         Blade root 3 Z orientation angle, node 1, rad
        118    2.127E+00                                 F               0         Blade 1 X translation displacement, node 1, m
        119   -1.189E+01                                 F               0         Blade 1 Y translation displacement, node 1, m
        120   -8.543E+00                                 F               0         Blade 1 Z translation displacement, node 1, m
        121    1.907E+00                                 F               0         Blade 1 X translation displacement, node 2, m
        122   -1.300E+01                                 F               0         Blade 1 Y translation displacement, node 2, m
        123   -1.061E+01                                 F               0         Blade 1 Z translation displacement, node 2, m
        124   -1.085E+00                                 F               0         Blade 1 X translation displacement, node 3, m
        125   -2.807E+01                                 F               0         Blade 1 Y translation displacement, node 3, m
        126   -3.872E+01                                 F               0         Blade 1 Z translation displacement, node 3, m
        127   -1.722E+00                                 F               0         Blade 1 X translation displacement, node 4, m
        128   -3.128E+01                                 F               0         Blade 1 Y translation displacement, node 4, m
        129   -4.471E+01                                 F               0         Blade 1 Z translation displacement, node 4, m
        130   -2.360E+00                                 F               0         Blade 1 X translation displacement, node 5, m
        131   -3.450E+01                                 F               0         Blade 1 Y translation displacement, node 5, m
        132   -5.070E+01                                 F               0         Blade 1 Z translation displacement, node 5, m
        133   -2.997E+00                                 F               0         Blade 1 X translation displacement, node 6, m
        134   -3.771E+01                                 F               0         Blade 1 Y translation displacement, node 6, m
        135   -5.669E+01                                 F               0         Blade 1 Z translation displacement, node 6, m
        136   -3.634E+00                                 F               0         Blade 1 X translation displacement, node 7, m
        137   -4.092E+01                                 F               0         Blade 1 Y translation displacement, node 7, m
        138   -6.268E+01                                 F               0         Blade 1 Z translation displacement, node 7, m
        139   -4.272E+00                                 F               0         Blade 1 X translation displacement, node 8, m
        140   -4.413E+01                                 F               0         Blade 1 Y translation displacement, node 8, m
        141   -6.867E+01                                 F               0         Blade 1 Z translation displacement, node 8, m
        142   -4.909E+00                                 F               0         Blade 1 X translation displacement, node 9, m
        143   -4.734E+01                                 F               0         Blade 1 Y translation displacement, node 9, m
        144   -7.466E+01                                 F               0         Blade 1 Z translation displacement, node 9, m
        145   -5.546E+00                                 F               0         Blade 1 X translation displacement, node 10, m
        146   -5.055E+01                                 F               0         Blade 1 Y translation displacement, node 10, m
        147   -8.064E+01                                 F               0         Blade 1 Z translation displacement, node 10, m
        148   -6.184E+00                                 F               0         Blade 1 X translation displacement, node 11, m
        149   -5.376E+01                                 F               0         Blade 1 Y translation displacement, node 11, m
        150   -8.663E+01                                 F               0         Blade 1 Z translation displacement, node 11, m
        151   -6.821E+00                                 F               0         Blade 1 X translation displacement, node 12, m
        152   -5.698E+01                                 F               0         Blade 1 Y translation displacement, node 12, m
        153   -9.262E+01                                 F               0         Blade 1 Z translation displacement, node 12, m
        154   -7.458E+00                                 F               0         Blade 1 X translation displacement, node 13, m
        155   -6.019E+01                                 F               0         Blade 1 Y translation displacement, node 13, m
        156   -9.861E+01                                 F               0         Blade 1 Z translation displacement, node 13, m
        157   -8.096E+00                                 F               0         Blade 1 X translation displacement, node 14, m
        158   -6.340E+01                                 F               0         Blade 1 Y translation displacement, node 14, m
        159   -1.046E+02                                 F               0         Blade 1 Z translation displacement, node 14, m
        160   -8.733E+00                                 F               0         Blade 1 X translation displacement, node 15, m
        161   -6.661E+01                                 F               0         Blade 1 Y translation displacement, node 15, m
        162   -1.106E+02                                 F               0         Blade 1 Z translation displacement, node 15, m
        163   -9.371E+00                                 F               0         Blade 1 X translation displacement, node 16, m
        164   -6.982E+01                                 F               0         Blade 1 Y translation displacement, node 16, m
        165   -1.166E+02                                 F               0         Blade 1 Z translation displacement, node 16, m
        166   -1.001E+01                                 F               0         Blade 1 X translation displacement, node 17, m
        167   -7.303E+01                                 F               0         Blade 1 Y translation displacement, node 17, m
        168   -1.226E+02                                 F               0         Blade 1 Z translation displacement, node 17, m
        169   -1.065E+01                                 F               0         Blade 1 X translation displacement, node 18, m
        170   -7.624E+01                                 F               0         Blade 1 Y translation displacement, node 18, m
        171   -1.286E+02                                 F               0         Blade 1 Z translation displacement, node 18, m
        172   -1.128E+01                                 F               0         Blade 1 X translation displacement, node 19, m
        173   -7.946E+01                                 F               0         Blade 1 Y translation displacement, node 19, m
        174   -1.345E+02                                 F               0         Blade 1 Z translation displacement, node 19, m
        175   -1.192E+01                                 F               0         Blade 1 X translation displacement, node 20, m
        176   -8.267E+01                                 F               0         Blade 1 Y translation displacement, node 20, m
        177   -1.405E+02                                 F               0         Blade 1 Z translation displacement, node 20, m
        178   -1.256E+01                                 F               0         Blade 1 X translation displacement, node 21, m
        179   -8.588E+01                                 F               0         Blade 1 Y translation displacement, node 21, m
        180   -1.465E+02                                 F               0         Blade 1 Z translation displacement, node 21, m
        181   -1.319E+01                                 F               0         Blade 1 X translation displacement, node 22, m
        182   -8.909E+01                                 F               0         Blade 1 Y translation displacement, node 22, m
        183   -1.525E+02                                 F               0         Blade 1 Z translation displacement, node 22, m
        184   -1.383E+01                                 F               0         Blade 1 X translation displacement, node 23, m
        185   -9.230E+01                                 F               0         Blade 1 Y translation displacement, node 23, m
        186   -1.585E+02                                 F               0         Blade 1 Z translation displacement, node 23, m
        187   -1.447E+01                                 F               0         Blade 1 X translation displacement, node 24, m
        188   -9.551E+01                                 F               0         Blade 1 Y translation displacement, node 24, m
        189   -1.645E+02                                 F               0         Blade 1 Z translation displacement, node 24, m
        190   -1.511E+01                                 F               0         Blade 1 X translation displacement, node 25, m
        191   -9.873E+01                                 F               0         Blade 1 Y translation displacement, node 25, m
        192   -1.705E+02                                 F               0         Blade 1 Z translation displacement, node 25, m
        193   -1.574E+01                                 F               0         Blade 1 X translation displacement, node 26, m
        194   -1.019E+02                                 F               0         Blade 1 Y translation displacement, node 26, m
        195   -1.765E+02                                 F               0         Blade 1 Z translation displacement, node 26, m
        196   -1.638E+01                                 F               0         Blade 1 X translation displacement, node 27, m
        197   -1.051E+02                                 F               0         Blade 1 Y translation displacement, node 27, m
        198   -1.825E+02                                 F               0         Blade 1 Z translation displacement, node 27, m
        199   -1.692E+01                                 F               0         Blade 1 X translation displacement, node 28, m
        200   -1.079E+02                                 F               0         Blade 1 Y translation displacement, node 28, m
        201   -1.875E+02                                 F               0         Blade 1 Z translation displacement, node 28, m
        202    8.146E-01,  2.798E-01, -5.080E-01         F               0         Blade 1 X orientation angle, node 1, rad
        203    5.769E-01, -4.819E-01,  6.595E-01         F               0         Blade 1 Y orientation angle, node 1, rad
        204   -6.026E-02, -8.303E-01, -5.540E-01         F               0         Blade 1 Z orientation angle, node 1, rad
        205    8.146E-01,  2.798E-01, -5.080E-01         F               0         Blade 1 X orientation angle, node 2, rad
        206    5.769E-01, -4.819E-01,  6.595E-01         F               0         Blade 1 Y orientation angle, node 2, rad
        207   -6.026E-02, -8.303E-01, -5.540E-01         F               0         Blade 1 Z orientation angle, node 2, rad
        208    9.281E-01,  1.576E-01, -3.372E-01         F               0         Blade 1 X orientation angle, node 3, rad
        209    3.674E-01, -5.345E-01,  7.612E-01         F               0         Blade 1 Y orientation angle, node 3, rad
        210   -6.026E-02, -8.303E-01, -5.540E-01         F               0         Blade 1 Z orientation angle, node 3, rad
        211    9.428E-01,  1.349E-01, -3.048E-01         F               0         Blade 1 X orientation angle, node 4, rad
        212    3.278E-01, -5.407E-01,  7.747E-01         F               0         Blade 1 Y orientation angle, node 4, rad
        213   -6.026E-02, -8.303E-01, -5.540E-01         F               0         Blade 1 Z orientation angle, node 4, rad
        214    9.532E-01,  1.169E-01, -2.789E-01         F               0         Blade 1 X orientation angle, node 5, rad
        215    2.964E-01, -5.449E-01,  7.844E-01         F               0         Blade 1 Y orientation angle, node 5, rad
        216   -6.026E-02, -8.303E-01, -5.540E-01         F               0         Blade 1 Z orientation angle, node 5, rad
        217    9.607E-01,  1.024E-01, -2.580E-01         F               0         Blade 1 X orientation angle, node 6, rad
        218    2.710E-01, -5.478E-01,  7.915E-01         F               0         Blade 1 Y orientation angle, node 6, rad
        219   -6.026E-02, -8.303E-01, -5.540E-01         F               0         Blade 1 Z orientation angle, node 6, rad
        220    9.664E-01,  9.047E-02, -2.407E-01         F               0         Blade 1 X orientation angle, node 7, rad
        221    2.500E-01, -5.499E-01,  7.970E-01         F               0         Blade 1 Y orientation angle, node 7, rad
        222   -6.026E-02, -8.303E-01, -5.540E-01         F               0         Blade 1 Z orientation angle, node 7, rad
        223    9.707E-01,  8.047E-02, -2.262E-01         F               0         Blade 1 X orientation angle, node 8, rad
        224    2.324E-01, -5.514E-01,  8.012E-01         F               0         Blade 1 Y orientation angle, node 8, rad
        225   -6.026E-02, -8.303E-01, -5.540E-01         F               0         Blade 1 Z orientation angle, node 8, rad
        226    9.742E-01,  7.199E-02, -2.139E-01         F               0         Blade 1 X orientation angle, node 9, rad
        227    2.175E-01, -5.526E-01,  8.046E-01         F               0         Blade 1 Y orientation angle, node 9, rad
        228   -6.026E-02, -8.303E-01, -5.540E-01         F               0         Blade 1 Z orientation angle, node 9, rad
        229    9.770E-01,  6.466E-02, -2.032E-01         F               0         Blade 1 X orientation angle, node 10, rad
        230    2.045E-01, -5.535E-01,  8.073E-01         F               0         Blade 1 Y orientation angle, node 10, rad
        231   -6.026E-02, -8.303E-01, -5.540E-01         F               0         Blade 1 Z orientation angle, node 10, rad
        232    9.793E-01,  5.838E-02, -1.940E-01         F               0         Blade 1 X orientation angle, node 11, rad
        233    1.934E-01, -5.542E-01,  8.096E-01         F               0         Blade 1 Y orientation angle, node 11, rad
        234   -6.026E-02, -8.303E-01, -5.540E-01         F               0         Blade 1 Z orientation angle, node 11, rad
        235    9.811E-01,  5.286E-02, -1.860E-01         F               0         Blade 1 X orientation angle, node 12, rad
        236    1.837E-01, -5.548E-01,  8.115E-01         F               0         Blade 1 Y orientation angle, node 12, rad
        237   -6.026E-02, -8.303E-01, -5.540E-01         F               0         Blade 1 Z orientation angle, node 12, rad
        238    9.827E-01,  4.802E-02, -1.789E-01         F               0         Blade 1 X orientation angle, node 13, rad
        239    1.751E-01, -5.552E-01,  8.131E-01         F               0         Blade 1 Y orientation angle, node 13, rad
        240   -6.026E-02, -8.303E-01, -5.540E-01         F               0         Blade 1 Z orientation angle, node 13, rad
        241    9.840E-01,  4.365E-02, -1.725E-01         F               0         Blade 1 X orientation angle, node 14, rad
        242    1.674E-01, -5.556E-01,  8.145E-01         F               0         Blade 1 Y orientation angle, node 14, rad
        243   -6.026E-02, -8.303E-01, -5.540E-01         F               0         Blade 1 Z orientation angle, node 14, rad
        244    9.852E-01,  3.977E-02, -1.668E-01         F               0         Blade 1 X orientation angle, node 15, rad
        245    1.605E-01, -5.558E-01,  8.156E-01         F               0         Blade 1 Y orientation angle, node 15, rad
        246   -6.026E-02, -8.303E-01, -5.540E-01         F               0         Blade 1 Z orientation angle, node 15, rad
        247    9.862E-01,  3.628E-02, -1.617E-01         F               0         Blade 1 X orientation angle, node 16, rad
        248    1.543E-01, -5.561E-01,  8.167E-01         F               0         Blade 1 Y orientation angle, node 16, rad
        249   -6.026E-02, -8.303E-01, -5.540E-01         F               0         Blade 1 Z orientation angle, node 16, rad
        250    9.870E-01,  3.317E-02, -1.571E-01         F               0         Blade 1 X orientation angle, node 17, rad
        251    1.488E-01, -5.563E-01,  8.176E-01         F               0         Blade 1 Y orientation angle, node 17, rad
        252   -6.026E-02, -8.303E-01, -5.540E-01         F               0         Blade 1 Z orientation angle, node 17, rad
        253    9.878E-01,  3.026E-02, -1.528E-01         F               0         Blade 1 X orientation angle, node 18, rad
        254    1.436E-01, -5.564E-01,  8.184E-01         F               0         Blade 1 Y orientation angle, node 18, rad
        255   -6.026E-02, -8.303E-01, -5.540E-01         F               0         Blade 1 Z orientation angle, node 18, rad
        256    9.885E-01,  2.764E-02, -1.489E-01         F               0         Blade 1 X orientation angle, node 19, rad
        257    1.390E-01, -5.566E-01,  8.191E-01         F               0         Blade 1 Y orientation angle, node 19, rad
        258   -6.026E-02, -8.303E-01, -5.540E-01         F               0         Blade 1 Z orientation angle, node 19, rad
        259    9.890E-01,  2.531E-02, -1.455E-01         F               0         Blade 1 X orientation angle, node 20, rad
        260    1.348E-01, -5.567E-01,  8.197E-01         F               0         Blade 1 Y orientation angle, node 20, rad
        261   -6.026E-02, -8.303E-01, -5.540E-01         F               0         Blade 1 Z orientation angle, node 20, rad
        262    9.896E-01,  2.307E-02, -1.422E-01         F               0         Blade 1 X orientation angle, node 21, rad
        263    1.309E-01, -5.568E-01,  8.203E-01         F               0         Blade 1 Y orientation angle, node 21, rad
        264   -6.026E-02, -8.303E-01, -5.540E-01         F               0         Blade 1 Z orientation angle, node 21, rad
        265    9.900E-01,  2.103E-02, -1.392E-01         F               0         Blade 1 X orientation angle, node 22, rad
        266    1.272E-01, -5.569E-01,  8.208E-01         F               0         Blade 1 Y orientation angle, node 22, rad
        267   -6.026E-02, -8.303E-01, -5.540E-01         F               0         Blade 1 Z orientation angle, node 22, rad
        268    9.905E-01,  1.918E-02, -1.365E-01         F               0         Blade 1 X orientation angle, node 23, rad
        269    1.240E-01, -5.569E-01,  8.213E-01         F               0         Blade 1 Y orientation angle, node 23, rad
        270   -6.026E-02, -8.303E-01, -5.540E-01         F               0         Blade 1 Z orientation angle, node 23, rad
        271    9.908E-01,  1.744E-02, -1.339E-01         F               0         Blade 1 X orientation angle, node 24, rad
        272    1.209E-01, -5.570E-01,  8.217E-01         F               0         Blade 1 Y orientation angle, node 24, rad
        273   -6.026E-02, -8.303E-01, -5.540E-01         F               0         Blade 1 Z orientation angle, node 24, rad
        274    9.912E-01,  1.578E-02, -1.315E-01         F               0         Blade 1 X orientation angle, node 25, rad
        275    1.179E-01, -5.570E-01,  8.221E-01         F               0         Blade 1 Y orientation angle, node 25, rad
        276   -6.026E-02, -8.303E-01, -5.540E-01         F               0         Blade 1 Z orientation angle, node 25, rad
        277    9.915E-01,  1.432E-02, -1.293E-01         F               0         Blade 1 X orientation angle, node 26, rad
        278    1.153E-01, -5.571E-01,  8.224E-01         F               0         Blade 1 Y orientation angle, node 26, rad
        279   -6.026E-02, -8.303E-01, -5.540E-01         F               0         Blade 1 Z orientation angle, node 26, rad
        280    9.918E-01,  1.287E-02, -1.272E-01         F               0         Blade 1 X orientation angle, node 27, rad
        281    1.127E-01, -5.571E-01,  8.227E-01         F               0         Blade 1 Y orientation angle, node 27, rad
        282   -6.026E-02, -8.303E-01, -5.540E-01         F               0         Blade 1 Z orientation angle, node 27, rad
        283    9.920E-01,  1.209E-02, -1.260E-01         F               0         Blade 1 X orientation angle, node 28, rad
        284    1.113E-01, -5.571E-01,  8.229E-01         F               0         Blade 1 Y orientation angle, node 28, rad
        285   -6.026E-02, -8.303E-01, -5.540E-01         F               0         Blade 1 Z orientation angle, node 28, rad
        286   -5.579E-01                                 F               0         Blade 1 X translation velocity, node 1, m/s
        287    2.756E+00                                 F               0         Blade 1 Y translation velocity, node 1, m/s
        288   -4.074E+00                                 F               0         Blade 1 Z translation velocity, node 1, m/s
        289   -6.921E-01                                 F               0         Blade 1 X translation velocity, node 2, m/s
        290    3.421E+00                                 F               0         Blade 1 Y translation velocity, node 2, m/s
        291   -5.056E+00                                 F               0         Blade 1 Z translation velocity, node 2, m/s
        292   -2.518E+00                                 F               0         Blade 1 X translation velocity, node 3, m/s
        293    1.246E+01                                 F               0         Blade 1 Y translation velocity, node 3, m/s
        294   -1.841E+01                                 F               0         Blade 1 Z translation velocity, node 3, m/s
        295   -2.907E+00                                 F               0         Blade 1 X translation velocity, node 4, m/s
        296    1.439E+01                                 F               0         Blade 1 Y translation velocity, node 4, m/s
        297   -2.125E+01                                 F               0         Blade 1 Z translation velocity, node 4, m/s
        298   -3.296E+00                                 F               0         Blade 1 X translation velocity, node 5, m/s
        299    1.631E+01                                 F               0         Blade 1 Y translation velocity, node 5, m/s
        300   -2.409E+01                                 F               0         Blade 1 Z translation velocity, node 5, m/s
        301   -3.685E+00                                 F               0         Blade 1 X translation velocity, node 6, m/s
        302    1.824E+01                                 F               0         Blade 1 Y translation velocity, node 6, m/s
        303   -2.694E+01                                 F               0         Blade 1 Z translation velocity, node 6, m/s
        304   -4.074E+00                                 F               0         Blade 1 X translation velocity, node 7, m/s
        305    2.016E+01                                 F               0         Blade 1 Y translation velocity, node 7, m/s
        306   -2.978E+01                                 F               0         Blade 1 Z translation velocity, node 7, m/s
        307   -4.463E+00                                 F               0         Blade 1 X translation velocity, node 8, m/s
