
Linearized model: Predictions were generated on 24-Jan-2024 at 11:24:37 using OpenFAST, compiled as a 64-bit application using single precision at commit v3.5.1
 linked with  NWTC Subroutine Library; ElastoDyn; InflowWind; AeroDyn; ServoDyn; HydroDyn; MAP++ (<1.20.10>, <Oct-20-2023>)

Description from the FAST input file: CCT-9 Campign 4 model. Input files to be run with OpenFAST 3.5.0. GitHub branch from Lu Wang (https://github.com/luwang00/openfast/tree/dev) compiled on March 7, 2023.

Simulation information:
   Simulation time:                   505.4500 s
   Rotor Speed:                         0.8937 rad/s
   Azimuth:                             0.1292 rad
   Wind Speed:                         10.0000 m/s
   Number of continuous states:         0
   Number of discrete states:           0
   Number of constraint states:         0
   Number of inputs:                 1746
   Number of outputs:                   4
   Jacobians included in this file?    No

Order of inputs:
     Column   Operating Point                     Rotating Frame? Derivative Order Description
   ---------- ---------------                     --------------- ---------------- -----------
          1    1.535E-01                                 F               0         Tower X translation displacement, node 1, m
          2   -1.355E+00                                 F               0         Tower Y translation displacement, node 1, m
          3   -4.807E-02                                 F               0         Tower Z translation displacement, node 1, m
          4    3.903E-01                                 F               0         Tower X translation displacement, node 2, m
          5   -1.889E+00                                 F               0         Tower Y translation displacement, node 2, m
          6   -6.192E-02                                 F               0         Tower Z translation displacement, node 2, m
          7    6.403E-01                                 F               0         Tower X translation displacement, node 3, m
          8   -2.429E+00                                 F               0         Tower Y translation displacement, node 3, m
          9   -7.624E-02                                 F               0         Tower Z translation displacement, node 3, m
         10    9.002E-01                                 F               0         Tower X translation displacement, node 4, m
         11   -2.972E+00                                 F               0         Tower Y translation displacement, node 4, m
         12   -9.093E-02                                 F               0         Tower Z translation displacement, node 4, m
         13    1.168E+00                                 F               0         Tower X translation displacement, node 5, m
         14   -3.519E+00                                 F               0         Tower Y translation displacement, node 5, m
         15   -1.059E-01                                 F               0         Tower Z translation displacement, node 5, m
         16    1.442E+00                                 F               0         Tower X translation displacement, node 6, m
         17   -4.069E+00                                 F               0         Tower Y translation displacement, node 6, m
         18   -1.212E-01                                 F               0         Tower Z translation displacement, node 6, m
         19    1.720E+00                                 F               0         Tower X translation displacement, node 7, m
         20   -4.621E+00                                 F               0         Tower Y translation displacement, node 7, m
         21   -1.367E-01                                 F               0         Tower Z translation displacement, node 7, m
         22    2.001E+00                                 F               0         Tower X translation displacement, node 8, m
         23   -5.175E+00                                 F               0         Tower Y translation displacement, node 8, m
         24   -1.523E-01                                 F               0         Tower Z translation displacement, node 8, m
         25    2.285E+00                                 F               0         Tower X translation displacement, node 9, m
         26   -5.730E+00                                 F               0         Tower Y translation displacement, node 9, m
         27   -1.681E-01                                 F               0         Tower Z translation displacement, node 9, m
         28    2.569E+00                                 F               0         Tower X translation displacement, node 10, m
         29   -6.287E+00                                 F               0         Tower Y translation displacement, node 10, m
         30   -1.839E-01                                 F               0         Tower Z translation displacement, node 10, m
         31    2.855E+00                                 F               0         Tower X translation displacement, node 11, m
         32   -6.844E+00                                 F               0         Tower Y translation displacement, node 11, m
         33   -1.998E-01                                 F               0         Tower Z translation displacement, node 11, m
         34    9.998E-01,  7.906E-03, -1.840E-02         F               0         Tower X orientation angle, node 1, rad
         35   -7.104E-03,  9.990E-01,  4.325E-02         F               0         Tower Y orientation angle, node 1, rad
         36    1.873E-02, -4.311E-02,  9.989E-01         F               0         Tower Z orientation angle, node 1, rad
         37    9.998E-01,  7.950E-03, -1.942E-02         F               0         Tower X orientation angle, node 2, rad
         38   -7.097E-03,  9.990E-01,  4.364E-02         F               0         Tower Y orientation angle, node 2, rad
         39    1.975E-02, -4.349E-02,  9.989E-01         F               0         Tower Z orientation angle, node 2, rad
         40    9.998E-01,  7.989E-03, -2.029E-02         F               0         Tower X orientation angle, node 3, rad
         41   -7.090E-03,  9.990E-01,  4.398E-02         F               0         Tower Y orientation angle, node 3, rad
         42    2.063E-02, -4.383E-02,  9.988E-01         F               0         Tower Z orientation angle, node 3, rad
         43    9.997E-01,  8.020E-03, -2.101E-02         F               0         Tower X orientation angle, node 4, rad
         44   -7.083E-03,  9.990E-01,  4.429E-02         F               0         Tower Y orientation angle, node 4, rad
         45    2.135E-02, -4.413E-02,  9.988E-01         F               0         Tower Z orientation angle, node 4, rad
         46    9.997E-01,  8.045E-03, -2.158E-02         F               0         Tower X orientation angle, node 5, rad
         47   -7.078E-03,  9.990E-01,  4.454E-02         F               0         Tower Y orientation angle, node 5, rad
         48    2.192E-02, -4.438E-02,  9.988E-01         F               0         Tower Z orientation angle, node 5, rad
         49    9.997E-01,  8.065E-03, -2.201E-02         F               0         Tower X orientation angle, node 6, rad
         50   -7.073E-03,  9.990E-01,  4.476E-02         F               0         Tower Y orientation angle, node 6, rad
         51    2.235E-02, -4.459E-02,  9.988E-01         F               0         Tower Z orientation angle, node 6, rad
         52    9.997E-01,  8.078E-03, -2.232E-02         F               0         Tower X orientation angle, node 7, rad
         53   -7.069E-03,  9.990E-01,  4.493E-02         F               0         Tower Y orientation angle, node 7, rad
         54    2.266E-02, -4.476E-02,  9.987E-01         F               0         Tower Z orientation angle, node 7, rad
         55    9.997E-01,  8.088E-03, -2.252E-02         F               0         Tower X orientation angle, node 8, rad
         56   -7.066E-03,  9.990E-01,  4.507E-02         F               0         Tower Y orientation angle, node 8, rad
         57    2.286E-02, -4.490E-02,  9.987E-01         F               0         Tower Z orientation angle, node 8, rad
         58    9.997E-01,  8.094E-03, -2.265E-02         F               0         Tower X orientation angle, node 9, rad
         59   -7.064E-03,  9.990E-01,  4.517E-02         F               0         Tower Y orientation angle, node 9, rad
         60    2.299E-02, -4.499E-02,  9.987E-01         F               0         Tower Z orientation angle, node 9, rad
         61    9.997E-01,  8.097E-03, -2.272E-02         F               0         Tower X orientation angle, node 10, rad
         62   -7.063E-03,  9.990E-01,  4.523E-02         F               0         Tower Y orientation angle, node 10, rad
         63    2.306E-02, -4.506E-02,  9.987E-01         F               0         Tower Z orientation angle, node 10, rad
         64    9.997E-01,  8.098E-03, -2.275E-02         F               0         Tower X orientation angle, node 11, rad
         65   -7.062E-03,  9.989E-01,  4.527E-02         F               0         Tower Y orientation angle, node 11, rad
         66    2.309E-02, -4.509E-02,  9.987E-01         F               0         Tower Z orientation angle, node 11, rad
         67   -2.528E-06                                 F               0         Tower X translation velocity, node 1, m/s
         68   -1.098E-06                                 F               0         Tower Y translation velocity, node 1, m/s
         69    0.000E+00                                 F               0         Tower Z translation velocity, node 1, m/s
         70    6.179E-06                                 F               0         Tower X translation velocity, node 2, m/s
         71   -2.334E-05                                 F               0         Tower Y translation velocity, node 2, m/s
         72   -1.136E-06                                 F               0         Tower Z translation velocity, node 2, m/s
         73    4.203E-05                                 F               0         Tower X translation velocity, node 3, m/s
         74   -1.011E-04                                 F               0         Tower Y translation velocity, node 3, m/s
         75   -5.261E-06                                 F               0         Tower Z translation velocity, node 3, m/s
         76    1.001E-04                                 F               0         Tower X translation velocity, node 4, m/s
         77   -2.234E-04                                 F               0         Tower Y translation velocity, node 4, m/s
         78   -1.187E-05                                 F               0         Tower Z translation velocity, node 4, m/s
         79    1.781E-04                                 F               0         Tower X translation velocity, node 5, m/s
         80   -3.849E-04                                 F               0         Tower Y translation velocity, node 5, m/s
         81   -2.072E-05                                 F               0         Tower Z translation velocity, node 5, m/s
         82    2.738E-04                                 F               0         Tower X translation velocity, node 6, m/s
         83   -5.803E-04                                 F               0         Tower Y translation velocity, node 6, m/s
         84   -3.155E-05                                 F               0         Tower Z translation velocity, node 6, m/s
         85    3.835E-04                                 F               0         Tower X translation velocity, node 7, m/s
         86   -8.023E-04                                 F               0         Tower Y translation velocity, node 7, m/s
         87   -4.396E-05                                 F               0         Tower Z translation velocity, node 7, m/s
         88    5.062E-04                                 F               0         Tower X translation velocity, node 8, m/s
         89   -1.048E-03                                 F               0         Tower Y translation velocity, node 8, m/s
         90   -5.779E-05                                 F               0         Tower Z translation velocity, node 8, m/s
         91    6.391E-04                                 F               0         Tower X translation velocity, node 9, m/s
         92   -1.312E-03                                 F               0         Tower Y translation velocity, node 9, m/s
         93   -7.273E-05                                 F               0         Tower Z translation velocity, node 9, m/s
         94    7.795E-04                                 F               0         Tower X translation velocity, node 10, m/s
         95   -1.590E-03                                 F               0         Tower Y translation velocity, node 10, m/s
         96   -8.848E-05                                 F               0         Tower Z translation velocity, node 10, m/s
         97    9.245E-04                                 F               0         Tower X translation velocity, node 11, m/s
         98   -1.875E-03                                 F               0         Tower Y translation velocity, node 11, m/s
         99   -1.047E-04                                 F               0         Tower Z translation velocity, node 11, m/s
        100    3.039E+00                                 F               0         Hub X translation displacement, node 1, m
        101   -7.285E+00                                 F               0         Hub Y translation displacement, node 1, m
        102    3.590E-02                                 F               0         Hub Z translation displacement, node 1, m
        103    9.918E-01,  1.277E-02, -1.270E-01         F               0         Hub X orientation angle, node 1, rad
        104    9.420E-03,  9.850E-01,  1.726E-01         F               0         Hub Y orientation angle, node 1, rad
        105    1.273E-01, -1.723E-01,  9.768E-01         F               0         Hub Z orientation angle, node 1, rad
        106    8.865E-01                                 F               0         Hub X rotation velocity, node 1, rad/s
        107    1.142E-02                                 F               0         Hub Y rotation velocity, node 1, rad/s
        108   -1.135E-01                                 F               0         Hub Z rotation velocity, node 1, rad/s
        109    9.911E-01, -1.646E-02, -1.321E-01         F               0         Blade root 1 X orientation angle, node 1, rad
        110    3.884E-02,  9.849E-01,  1.687E-01         F               0         Blade root 1 Y orientation angle, node 1, rad
        111    1.273E-01, -1.723E-01,  9.768E-01         F               0         Blade root 1 Z orientation angle, node 1, rad
        112    9.883E-01,  3.180E-02, -1.495E-01         F               0         Blade root 2 X orientation angle, node 1, rad
        113    1.349E-01, -6.411E-01,  7.555E-01         F               0         Blade root 2 Y orientation angle, node 1, rad
        114   -7.181E-02, -7.668E-01, -6.378E-01         F               0         Blade root 2 Z orientation angle, node 1, rad
        115    9.948E-01,  2.294E-02, -9.931E-02         F               0         Blade root 3 X orientation angle, node 1, rad
        116   -8.549E-02, -3.427E-01, -9.355E-01         F               0         Blade root 3 Y orientation angle, node 1, rad
        117   -5.550E-02,  9.392E-01, -3.390E-01         F               0         Blade root 3 Z orientation angle, node 1, rad
        118    3.165E+00                                 F               0         Blade 1 X translation displacement, node 1, m
        119   -8.240E+00                                 F               0         Blade 1 Y translation displacement, node 1, m
        120   -6.242E-02                                 F               0         Blade 1 Z translation displacement, node 1, m
        121    3.196E+00                                 F               0         Blade 1 X translation displacement, node 2, m
        122   -8.470E+00                                 F               0         Blade 1 Y translation displacement, node 2, m
        123   -8.611E-02                                 F               0         Blade 1 Z translation displacement, node 2, m
        124    3.609E+00                                 F               0         Blade 1 X translation displacement, node 3, m
        125   -1.160E+01                                 F               0         Blade 1 Y translation displacement, node 3, m
        126   -4.083E-01                                 F               0         Blade 1 Z translation displacement, node 3, m
        127    3.697E+00                                 F               0         Blade 1 X translation displacement, node 4, m
        128   -1.226E+01                                 F               0         Blade 1 Y translation displacement, node 4, m
        129   -4.769E-01                                 F               0         Blade 1 Z translation displacement, node 4, m
        130    3.786E+00                                 F               0         Blade 1 X translation displacement, node 5, m
        131   -1.293E+01                                 F               0         Blade 1 Y translation displacement, node 5, m
        132   -5.455E-01                                 F               0         Blade 1 Z translation displacement, node 5, m
        133    3.874E+00                                 F               0         Blade 1 X translation displacement, node 6, m
        134   -1.360E+01                                 F               0         Blade 1 Y translation displacement, node 6, m
        135   -6.142E-01                                 F               0         Blade 1 Z translation displacement, node 6, m
        136    3.962E+00                                 F               0         Blade 1 X translation displacement, node 7, m
        137   -1.426E+01                                 F               0         Blade 1 Y translation displacement, node 7, m
        138   -6.828E-01                                 F               0         Blade 1 Z translation displacement, node 7, m
        139    4.050E+00                                 F               0         Blade 1 X translation displacement, node 8, m
        140   -1.493E+01                                 F               0         Blade 1 Y translation displacement, node 8, m
        141   -7.515E-01                                 F               0         Blade 1 Z translation displacement, node 8, m
        142    4.138E+00                                 F               0         Blade 1 X translation displacement, node 9, m
        143   -1.560E+01                                 F               0         Blade 1 Y translation displacement, node 9, m
        144   -8.201E-01                                 F               0         Blade 1 Z translation displacement, node 9, m
        145    4.226E+00                                 F               0         Blade 1 X translation displacement, node 10, m
        146   -1.626E+01                                 F               0         Blade 1 Y translation displacement, node 10, m
        147   -8.887E-01                                 F               0         Blade 1 Z translation displacement, node 10, m
        148    4.314E+00                                 F               0         Blade 1 X translation displacement, node 11, m
        149   -1.693E+01                                 F               0         Blade 1 Y translation displacement, node 11, m
        150   -9.574E-01                                 F               0         Blade 1 Z translation displacement, node 11, m
        151    4.402E+00                                 F               0         Blade 1 X translation displacement, node 12, m
        152   -1.760E+01                                 F               0         Blade 1 Y translation displacement, node 12, m
        153   -1.026E+00                                 F               0         Blade 1 Z translation displacement, node 12, m
        154    4.491E+00                                 F               0         Blade 1 X translation displacement, node 13, m
        155   -1.826E+01                                 F               0         Blade 1 Y translation displacement, node 13, m
        156   -1.095E+00                                 F               0         Blade 1 Z translation displacement, node 13, m
        157    4.579E+00                                 F               0         Blade 1 X translation displacement, node 14, m
        158   -1.893E+01                                 F               0         Blade 1 Y translation displacement, node 14, m
        159   -1.163E+00                                 F               0         Blade 1 Z translation displacement, node 14, m
        160    4.667E+00                                 F               0         Blade 1 X translation displacement, node 15, m
        161   -1.960E+01                                 F               0         Blade 1 Y translation displacement, node 15, m
        162   -1.232E+00                                 F               0         Blade 1 Z translation displacement, node 15, m
        163    4.755E+00                                 F               0         Blade 1 X translation displacement, node 16, m
        164   -2.026E+01                                 F               0         Blade 1 Y translation displacement, node 16, m
        165   -1.301E+00                                 F               0         Blade 1 Z translation displacement, node 16, m
        166    4.843E+00                                 F               0         Blade 1 X translation displacement, node 17, m
        167   -2.093E+01                                 F               0         Blade 1 Y translation displacement, node 17, m
        168   -1.369E+00                                 F               0         Blade 1 Z translation displacement, node 17, m
        169    4.931E+00                                 F               0         Blade 1 X translation displacement, node 18, m
        170   -2.160E+01                                 F               0         Blade 1 Y translation displacement, node 18, m
        171   -1.438E+00                                 F               0         Blade 1 Z translation displacement, node 18, m
        172    5.019E+00                                 F               0         Blade 1 X translation displacement, node 19, m
        173   -2.226E+01                                 F               0         Blade 1 Y translation displacement, node 19, m
        174   -1.506E+00                                 F               0         Blade 1 Z translation displacement, node 19, m
        175    5.107E+00                                 F               0         Blade 1 X translation displacement, node 20, m
        176   -2.293E+01                                 F               0         Blade 1 Y translation displacement, node 20, m
        177   -1.575E+00                                 F               0         Blade 1 Z translation displacement, node 20, m
        178    5.196E+00                                 F               0         Blade 1 X translation displacement, node 21, m
        179   -2.360E+01                                 F               0         Blade 1 Y translation displacement, node 21, m
        180   -1.644E+00                                 F               0         Blade 1 Z translation displacement, node 21, m
        181    5.284E+00                                 F               0         Blade 1 X translation displacement, node 22, m
        182   -2.426E+01                                 F               0         Blade 1 Y translation displacement, node 22, m
        183   -1.712E+00                                 F               0         Blade 1 Z translation displacement, node 22, m
        184    5.372E+00                                 F               0         Blade 1 X translation displacement, node 23, m
        185   -2.493E+01                                 F               0         Blade 1 Y translation displacement, node 23, m
        186   -1.781E+00                                 F               0         Blade 1 Z translation displacement, node 23, m
        187    5.460E+00                                 F               0         Blade 1 X translation displacement, node 24, m
        188   -2.560E+01                                 F               0         Blade 1 Y translation displacement, node 24, m
        189   -1.850E+00                                 F               0         Blade 1 Z translation displacement, node 24, m
        190    5.548E+00                                 F               0         Blade 1 X translation displacement, node 25, m
        191   -2.626E+01                                 F               0         Blade 1 Y translation displacement, node 25, m
        192   -1.918E+00                                 F               0         Blade 1 Z translation displacement, node 25, m
        193    5.636E+00                                 F               0         Blade 1 X translation displacement, node 26, m
        194   -2.693E+01                                 F               0         Blade 1 Y translation displacement, node 26, m
        195   -1.987E+00                                 F               0         Blade 1 Z translation displacement, node 26, m
        196    5.724E+00                                 F               0         Blade 1 X translation displacement, node 27, m
        197   -2.760E+01                                 F               0         Blade 1 Y translation displacement, node 27, m
        198   -2.056E+00                                 F               0         Blade 1 Z translation displacement, node 27, m
        199    5.799E+00                                 F               0         Blade 1 X translation displacement, node 28, m
        200   -2.816E+01                                 F               0         Blade 1 Y translation displacement, node 28, m
        201   -2.114E+00                                 F               0         Blade 1 Z translation displacement, node 28, m
        202    8.643E-01, -4.638E-01, -1.945E-01         F               0         Blade 1 X orientation angle, node 1, rad
        203    4.865E-01,  8.690E-01,  8.992E-02         F               0         Blade 1 Y orientation angle, node 1, rad
        204    1.273E-01, -1.723E-01,  9.768E-01         F               0         Blade 1 Z orientation angle, node 1, rad
        205    8.643E-01, -4.638E-01, -1.945E-01         F               0         Blade 1 X orientation angle, node 2, rad
        206    4.865E-01,  8.690E-01,  8.992E-02         F               0         Blade 1 Y orientation angle, node 2, rad
        207    1.273E-01, -1.723E-01,  9.768E-01         F               0         Blade 1 Z orientation angle, node 2, rad
        208    9.550E-01, -2.446E-01, -1.676E-01         F               0         Blade 1 X orientation angle, node 3, rad
        209    2.678E-01,  9.542E-01,  1.334E-01         F               0         Blade 1 Y orientation angle, node 3, rad
        210    1.273E-01, -1.723E-01,  9.768E-01         F               0         Blade 1 Z orientation angle, node 3, rad
        211    9.655E-01, -2.041E-01, -1.618E-01         F               0         Blade 1 X orientation angle, node 4, rad
        212    2.272E-01,  9.637E-01,  1.404E-01         F               0         Blade 1 Y orientation angle, node 4, rad
        213    1.273E-01, -1.723E-01,  9.768E-01         F               0         Blade 1 Z orientation angle, node 4, rad
        214    9.725E-01, -1.720E-01, -1.571E-01         F               0         Blade 1 X orientation angle, node 5, rad
        215    1.951E-01,  9.699E-01,  1.457E-01         F               0         Blade 1 Y orientation angle, node 5, rad
        216    1.273E-01, -1.723E-01,  9.768E-01         F               0         Blade 1 Z orientation angle, node 5, rad
        217    9.773E-01, -1.462E-01, -1.532E-01         F               0         Blade 1 X orientation angle, node 6, rad
        218    1.692E-01,  9.741E-01,  1.498E-01         F               0         Blade 1 Y orientation angle, node 6, rad
        219    1.273E-01, -1.723E-01,  9.768E-01         F               0         Blade 1 Z orientation angle, node 6, rad
        220    9.808E-01, -1.249E-01, -1.499E-01         F               0         Blade 1 X orientation angle, node 7, rad
        221    1.479E-01,  9.771E-01,  1.531E-01         F               0         Blade 1 Y orientation angle, node 7, rad
        222    1.273E-01, -1.723E-01,  9.768E-01         F               0         Blade 1 Z orientation angle, node 7, rad
        223    9.833E-01, -1.072E-01, -1.471E-01         F               0         Blade 1 X orientation angle, node 8, rad
        224    1.301E-01,  9.792E-01,  1.558E-01         F               0         Blade 1 Y orientation angle, node 8, rad
        225    1.273E-01, -1.723E-01,  9.768E-01         F               0         Blade 1 Z orientation angle, node 8, rad
        226    9.852E-01, -9.214E-02, -1.447E-01         F               0         Blade 1 X orientation angle, node 9, rad
        227    1.149E-01,  9.807E-01,  1.581E-01         F               0         Blade 1 Y orientation angle, node 9, rad
        228    1.273E-01, -1.723E-01,  9.768E-01         F               0         Blade 1 Z orientation angle, node 9, rad
        229    9.866E-01, -7.912E-02, -1.426E-01         F               0         Blade 1 X orientation angle, node 10, rad
        230    1.019E-01,  9.819E-01,  1.600E-01         F               0         Blade 1 Y orientation angle, node 10, rad
        231    1.273E-01, -1.723E-01,  9.768E-01         F               0         Blade 1 Z orientation angle, node 10, rad
        232    9.877E-01, -6.798E-02, -1.407E-01         F               0         Blade 1 X orientation angle, node 11, rad
        233    9.066E-02,  9.827E-01,  1.616E-01         F               0         Blade 1 Y orientation angle, node 11, rad
        234    1.273E-01, -1.723E-01,  9.768E-01         F               0         Blade 1 Z orientation angle, node 11, rad
        235    9.886E-01, -5.820E-02, -1.391E-01         F               0         Blade 1 X orientation angle, node 12, rad
        236    8.083E-02,  9.833E-01,  1.630E-01         F               0         Blade 1 Y orientation angle, node 12, rad
        237    1.273E-01, -1.723E-01,  9.768E-01         F               0         Blade 1 Z orientation angle, node 12, rad
        238    9.892E-01, -4.962E-02, -1.377E-01         F               0         Blade 1 X orientation angle, node 13, rad
        239    7.220E-02,  9.838E-01,  1.642E-01         F               0         Blade 1 Y orientation angle, node 13, rad
        240    1.273E-01, -1.723E-01,  9.768E-01         F               0         Blade 1 Z orientation angle, node 13, rad
        241    9.898E-01, -4.189E-02, -1.364E-01         F               0         Blade 1 X orientation angle, node 14, rad
        242    6.442E-02,  9.841E-01,  1.652E-01         F               0         Blade 1 Y orientation angle, node 14, rad
        243    1.273E-01, -1.723E-01,  9.768E-01         F               0         Blade 1 Z orientation angle, node 14, rad
        244    9.902E-01, -3.502E-02, -1.352E-01         F               0         Blade 1 X orientation angle, node 15, rad
        245    5.751E-02,  9.844E-01,  1.662E-01         F               0         Blade 1 Y orientation angle, node 15, rad
        246    1.273E-01, -1.723E-01,  9.768E-01         F               0         Blade 1 Z orientation angle, node 15, rad
        247    9.905E-01, -2.883E-02, -1.342E-01         F               0         Blade 1 X orientation angle, node 16, rad
        248    5.129E-02,  9.846E-01,  1.670E-01         F               0         Blade 1 Y orientation angle, node 16, rad
        249    1.273E-01, -1.723E-01,  9.768E-01         F               0         Blade 1 Z orientation angle, node 16, rad
        250    9.908E-01, -2.333E-02, -1.333E-01         F               0         Blade 1 X orientation angle, node 17, rad
        251    4.576E-02,  9.848E-01,  1.678E-01         F               0         Blade 1 Y orientation angle, node 17, rad
        252    1.273E-01, -1.723E-01,  9.768E-01         F               0         Blade 1 Z orientation angle, node 17, rad
        253    9.910E-01, -1.818E-02, -1.324E-01         F               0         Blade 1 X orientation angle, node 18, rad
        254    4.057E-02,  9.849E-01,  1.685E-01         F               0         Blade 1 Y orientation angle, node 18, rad
        255    1.273E-01, -1.723E-01,  9.768E-01         F               0         Blade 1 Z orientation angle, node 18, rad
        256    9.912E-01, -1.354E-02, -1.316E-01         F               0         Blade 1 X orientation angle, node 19, rad
        257    3.590E-02,  9.849E-01,  1.691E-01         F               0         Blade 1 Y orientation angle, node 19, rad
        258    1.273E-01, -1.723E-01,  9.768E-01         F               0         Blade 1 Z orientation angle, node 19, rad
        259    9.914E-01, -9.410E-03, -1.309E-01         F               0         Blade 1 X orientation angle, node 20, rad
        260    3.175E-02,  9.850E-01,  1.697E-01         F               0         Blade 1 Y orientation angle, node 20, rad
        261    1.273E-01, -1.723E-01,  9.768E-01         F               0         Blade 1 Z orientation angle, node 20, rad
        262    9.915E-01, -5.456E-03, -1.302E-01         F               0         Blade 1 X orientation angle, node 21, rad
        263    2.777E-02,  9.850E-01,  1.702E-01         F               0         Blade 1 Y orientation angle, node 21, rad
        264    1.273E-01, -1.723E-01,  9.768E-01         F               0         Blade 1 Z orientation angle, node 21, rad
        265    9.916E-01, -1.846E-03, -1.296E-01         F               0         Blade 1 X orientation angle, node 22, rad
        266    2.413E-02,  9.850E-01,  1.707E-01         F               0         Blade 1 Y orientation angle, node 22, rad
        267    1.273E-01, -1.723E-01,  9.768E-01         F               0         Blade 1 Z orientation angle, node 22, rad
        268    9.916E-01,  1.421E-03, -1.290E-01         F               0         Blade 1 X orientation angle, node 23, rad
        269    2.084E-02,  9.850E-01,  1.711E-01         F               0         Blade 1 Y orientation angle, node 23, rad
        270    1.273E-01, -1.723E-01,  9.768E-01         F               0         Blade 1 Z orientation angle, node 23, rad
        271    9.917E-01,  4.516E-03, -1.285E-01         F               0         Blade 1 X orientation angle, node 24, rad
        272    1.773E-02,  9.850E-01,  1.715E-01         F               0         Blade 1 Y orientation angle, node 24, rad
        273    1.273E-01, -1.723E-01,  9.768E-01         F               0         Blade 1 Z orientation angle, node 24, rad
        274    9.918E-01,  7.438E-03, -1.280E-01         F               0         Blade 1 X orientation angle, node 25, rad
        275    1.479E-02,  9.850E-01,  1.719E-01         F               0         Blade 1 Y orientation angle, node 25, rad
        276    1.273E-01, -1.723E-01,  9.768E-01         F               0         Blade 1 Z orientation angle, node 25, rad
        277    9.918E-01,  1.002E-02, -1.275E-01         F               0         Blade 1 X orientation angle, node 26, rad
        278    1.219E-02,  9.850E-01,  1.722E-01         F               0         Blade 1 Y orientation angle, node 26, rad
        279    1.273E-01, -1.723E-01,  9.768E-01         F               0         Blade 1 Z orientation angle, node 26, rad
        280    9.918E-01,  1.260E-02, -1.271E-01         F               0         Blade 1 X orientation angle, node 27, rad
        281    9.593E-03,  9.850E-01,  1.725E-01         F               0         Blade 1 Y orientation angle, node 27, rad
        282    1.273E-01, -1.723E-01,  9.768E-01         F               0         Blade 1 Z orientation angle, node 27, rad
        283    9.918E-01,  1.397E-02, -1.268E-01         F               0         Blade 1 X orientation angle, node 28, rad
        284    8.208E-03,  9.849E-01,  1.727E-01         F               0         Blade 1 Y orientation angle, node 28, rad
        285    1.273E-01, -1.723E-01,  9.768E-01         F               0         Blade 1 Z orientation angle, node 28, rad
        286   -4.556E-02                                 F               0         Blade 1 X translation velocity, node 1, m/s
        287   -4.879E+00                                 F               0         Blade 1 Y translation velocity, node 1, m/s
        288   -8.544E-01                                 F               0         Blade 1 Z translation velocity, node 1, m/s
        289   -5.678E-02                                 F               0         Blade 1 X translation velocity, node 2, m/s
        290   -6.054E+00                                 F               0         Blade 1 Y translation velocity, node 2, m/s
        291   -1.060E+00                                 F               0         Blade 1 Z translation velocity, node 2, m/s
        292   -2.094E-01                                 F               0         Blade 1 X translation velocity, node 3, m/s
        293   -2.203E+01                                 F               0         Blade 1 Y translation velocity, node 3, m/s
        294   -3.860E+00                                 F               0         Blade 1 Z translation velocity, node 3, m/s
        295   -2.419E-01                                 F               0         Blade 1 X translation velocity, node 4, m/s
        296   -2.544E+01                                 F               0         Blade 1 Y translation velocity, node 4, m/s
        297   -4.456E+00                                 F               0         Blade 1 Z translation velocity, node 4, m/s
        298   -2.744E-01                                 F               0         Blade 1 X translation velocity, node 5, m/s
        299   -2.884E+01                                 F               0         Blade 1 Y translation velocity, node 5, m/s
        300   -5.053E+00                                 F               0         Blade 1 Z translation velocity, node 5, m/s
        301   -3.070E-01                                 F               0         Blade 1 X translation velocity, node 6, m/s
        302   -3.225E+01                                 F               0         Blade 1 Y translation velocity, node 6, m/s
        303   -5.649E+00                                 F               0         Blade 1 Z translation velocity, node 6, m/s
        304   -3.395E-01                                 F               0         Blade 1 X translation velocity, node 7, m/s
        305   -3.565E+01                                 F               0         Blade 1 Y translation velocity, node 7, m/s
        306   -6.246E+00                                 F               0         Blade 1 Z translation velocity, node 7, m/s
        307   -3.720E-01                                 F               0         Blade 1 X translation velocity, node 8, m/s
