
Linearized model: Predictions were generated on 24-Jan-2024 at 11:24:37 using OpenFAST, compiled as a 64-bit application using single precision at commit v3.5.1
 linked with  NWTC Subroutine Library; ElastoDyn; InflowWind; AeroDyn; ServoDyn; HydroDyn; MAP++ (<1.20.10>, <Oct-20-2023>)

Description from the FAST input file: CCT-9 Campign 4 model. Input files to be run with OpenFAST 3.5.0. GitHub branch from Lu Wang (https://github.com/luwang00/openfast/tree/dev) compiled on March 7, 2023.

Simulation information:
   Simulation time:                   503.9500 s
   Rotor Speed:                         0.8941 rad/s
   Azimuth:                             5.0715 rad
   Wind Speed:                         10.0000 m/s
   Number of continuous states:         0
   Number of discrete states:           0
   Number of constraint states:         0
   Number of inputs:                 1746
   Number of outputs:                   4
   Jacobians included in this file?    No

Order of inputs:
     Column   Operating Point                     Rotating Frame? Derivative Order Description
   ---------- ---------------                     --------------- ---------------- -----------
          1    1.535E-01                                 F               0         Tower X translation displacement, node 1, m
          2   -1.355E+00                                 F               0         Tower Y translation displacement, node 1, m
          3   -4.807E-02                                 F               0         Tower Z translation displacement, node 1, m
          4    3.902E-01                                 F               0         Tower X translation displacement, node 2, m
          5   -1.889E+00                                 F               0         Tower Y translation displacement, node 2, m
          6   -6.192E-02                                 F               0         Tower Z translation displacement, node 2, m
          7    6.403E-01                                 F               0         Tower X translation displacement, node 3, m
          8   -2.429E+00                                 F               0         Tower Y translation displacement, node 3, m
          9   -7.624E-02                                 F               0         Tower Z translation displacement, node 3, m
         10    9.001E-01                                 F               0         Tower X translation displacement, node 4, m
         11   -2.972E+00                                 F               0         Tower Y translation displacement, node 4, m
         12   -9.093E-02                                 F               0         Tower Z translation displacement, node 4, m
         13    1.168E+00                                 F               0         Tower X translation displacement, node 5, m
         14   -3.519E+00                                 F               0         Tower Y translation displacement, node 5, m
         15   -1.059E-01                                 F               0         Tower Z translation displacement, node 5, m
         16    1.442E+00                                 F               0         Tower X translation displacement, node 6, m
         17   -4.069E+00                                 F               0         Tower Y translation displacement, node 6, m
         18   -1.212E-01                                 F               0         Tower Z translation displacement, node 6, m
         19    1.720E+00                                 F               0         Tower X translation displacement, node 7, m
         20   -4.621E+00                                 F               0         Tower Y translation displacement, node 7, m
         21   -1.367E-01                                 F               0         Tower Z translation displacement, node 7, m
         22    2.001E+00                                 F               0         Tower X translation displacement, node 8, m
         23   -5.175E+00                                 F               0         Tower Y translation displacement, node 8, m
         24   -1.523E-01                                 F               0         Tower Z translation displacement, node 8, m
         25    2.284E+00                                 F               0         Tower X translation displacement, node 9, m
         26   -5.730E+00                                 F               0         Tower Y translation displacement, node 9, m
         27   -1.680E-01                                 F               0         Tower Z translation displacement, node 9, m
         28    2.569E+00                                 F               0         Tower X translation displacement, node 10, m
         29   -6.286E+00                                 F               0         Tower Y translation displacement, node 10, m
         30   -1.839E-01                                 F               0         Tower Z translation displacement, node 10, m
         31    2.854E+00                                 F               0         Tower X translation displacement, node 11, m
         32   -6.843E+00                                 F               0         Tower Y translation displacement, node 11, m
         33   -1.997E-01                                 F               0         Tower Z translation displacement, node 11, m
         34    9.998E-01,  7.908E-03, -1.840E-02         F               0         Tower X orientation angle, node 1, rad
         35   -7.106E-03,  9.990E-01,  4.325E-02         F               0         Tower Y orientation angle, node 1, rad
         36    1.873E-02, -4.311E-02,  9.989E-01         F               0         Tower Z orientation angle, node 1, rad
         37    9.998E-01,  7.952E-03, -1.942E-02         F               0         Tower X orientation angle, node 2, rad
         38   -7.098E-03,  9.990E-01,  4.364E-02         F               0         Tower Y orientation angle, node 2, rad
         39    1.975E-02, -4.349E-02,  9.989E-01         F               0         Tower Z orientation angle, node 2, rad
         40    9.998E-01,  7.990E-03, -2.029E-02         F               0         Tower X orientation angle, node 3, rad
         41   -7.091E-03,  9.990E-01,  4.398E-02         F               0         Tower Y orientation angle, node 3, rad
         42    2.062E-02, -4.383E-02,  9.988E-01         F               0         Tower Z orientation angle, node 3, rad
         43    9.997E-01,  8.021E-03, -2.101E-02         F               0         Tower X orientation angle, node 4, rad
         44   -7.085E-03,  9.990E-01,  4.428E-02         F               0         Tower Y orientation angle, node 4, rad
         45    2.134E-02, -4.412E-02,  9.988E-01         F               0         Tower Z orientation angle, node 4, rad
         46    9.997E-01,  8.047E-03, -2.157E-02         F               0         Tower X orientation angle, node 5, rad
         47   -7.079E-03,  9.990E-01,  4.454E-02         F               0         Tower Y orientation angle, node 5, rad
         48    2.191E-02, -4.438E-02,  9.988E-01         F               0         Tower Z orientation angle, node 5, rad
         49    9.997E-01,  8.066E-03, -2.200E-02         F               0         Tower X orientation angle, node 6, rad
         50   -7.075E-03,  9.990E-01,  4.476E-02         F               0         Tower Y orientation angle, node 6, rad
         51    2.234E-02, -4.459E-02,  9.988E-01         F               0         Tower Z orientation angle, node 6, rad
         52    9.997E-01,  8.079E-03, -2.231E-02         F               0         Tower X orientation angle, node 7, rad
         53   -7.071E-03,  9.990E-01,  4.493E-02         F               0         Tower Y orientation angle, node 7, rad
         54    2.265E-02, -4.476E-02,  9.987E-01         F               0         Tower Z orientation angle, node 7, rad
         55    9.997E-01,  8.089E-03, -2.251E-02         F               0         Tower X orientation angle, node 8, rad
         56   -7.068E-03,  9.990E-01,  4.507E-02         F               0         Tower Y orientation angle, node 8, rad
         57    2.285E-02, -4.489E-02,  9.987E-01         F               0         Tower Z orientation angle, node 8, rad
         58    9.997E-01,  8.095E-03, -2.264E-02         F               0         Tower X orientation angle, node 9, rad
         59   -7.066E-03,  9.990E-01,  4.516E-02         F               0         Tower Y orientation angle, node 9, rad
         60    2.298E-02, -4.499E-02,  9.987E-01         F               0         Tower Z orientation angle, node 9, rad
         61    9.997E-01,  8.098E-03, -2.271E-02         F               0         Tower X orientation angle, node 10, rad
         62   -7.064E-03,  9.990E-01,  4.523E-02         F               0         Tower Y orientation angle, node 10, rad
         63    2.305E-02, -4.506E-02,  9.987E-01         F               0         Tower Z orientation angle, node 10, rad
         64    9.997E-01,  8.099E-03, -2.274E-02         F               0         Tower X orientation angle, node 11, rad
         65   -7.063E-03,  9.990E-01,  4.526E-02         F               0         Tower Y orientation angle, node 11, rad
         66    2.308E-02, -4.509E-02,  9.987E-01         F               0         Tower Z orientation angle, node 11, rad
         67    1.443E-06                                 F               0         Tower X translation velocity, node 1, m/s
         68    6.271E-07                                 F               0         Tower Y translation velocity, node 1, m/s
         69    0.000E+00                                 F               0         Tower Z translation velocity, node 1, m/s
         70    5.526E-06                                 F               0         Tower X translation velocity, node 2, m/s
         71    2.235E-05                                 F               0         Tower Y translation velocity, node 2, m/s
         72    8.639E-07                                 F               0         Tower Z translation velocity, node 2, m/s
         73    1.868E-05                                 F               0         Tower X translation velocity, node 3, m/s
         74    9.922E-05                                 F               0         Tower Y translation velocity, node 3, m/s
         75    3.958E-06                                 F               0         Tower Z translation velocity, node 3, m/s
         76    4.072E-05                                 F               0         Tower X translation velocity, node 4, m/s
         77    2.207E-04                                 F               0         Tower Y translation velocity, node 4, m/s
         78    8.844E-06                                 F               0         Tower Z translation velocity, node 4, m/s
         79    7.207E-05                                 F               0         Tower X translation velocity, node 5, m/s
         80    3.817E-04                                 F               0         Tower Y translation velocity, node 5, m/s
         81    1.530E-05                                 F               0         Tower Z translation velocity, node 5, m/s
         82    1.129E-04                                 F               0         Tower X translation velocity, node 6, m/s
         83    5.772E-04                                 F               0         Tower Y translation velocity, node 6, m/s
         84    2.310E-05                                 F               0         Tower Z translation velocity, node 6, m/s
         85    1.622E-04                                 F               0         Tower X translation velocity, node 7, m/s
         86    7.998E-04                                 F               0         Tower Y translation velocity, node 7, m/s
         87    3.195E-05                                 F               0         Tower Z translation velocity, node 7, m/s
         88    2.201E-04                                 F               0         Tower X translation velocity, node 8, m/s
         89    1.047E-03                                 F               0         Tower Y translation velocity, node 8, m/s
         90    4.173E-05                                 F               0         Tower Z translation velocity, node 8, m/s
         91    2.855E-04                                 F               0         Tower X translation velocity, node 9, m/s
         92    1.313E-03                                 F               0         Tower Y translation velocity, node 9, m/s
         93    5.222E-05                                 F               0         Tower Z translation velocity, node 9, m/s
         94    3.568E-04                                 F               0         Tower X translation velocity, node 10, m/s
         95    1.594E-03                                 F               0         Tower Y translation velocity, node 10, m/s
         96    6.320E-05                                 F               0         Tower Z translation velocity, node 10, m/s
         97    4.320E-04                                 F               0         Tower X translation velocity, node 11, m/s
         98    1.882E-03                                 F               0         Tower Y translation velocity, node 11, m/s
         99    7.449E-05                                 F               0         Tower Z translation velocity, node 11, m/s
        100    3.038E+00                                 F               0         Hub X translation displacement, node 1, m
        101   -7.285E+00                                 F               0         Hub Y translation displacement, node 1, m
        102    3.577E-02                                 F               0         Hub Z translation displacement, node 1, m
        103    9.918E-01,  1.277E-02, -1.270E-01         F               0         Hub X orientation angle, node 1, rad
        104   -1.218E-01,  3.923E-01, -9.117E-01         F               0         Hub Y orientation angle, node 1, rad
        105    3.818E-02,  9.197E-01,  3.906E-01         F               0         Hub Z orientation angle, node 1, rad
        106    8.867E-01                                 F               0         Hub X rotation velocity, node 1, rad/s
        107    1.142E-02                                 F               0         Hub Y rotation velocity, node 1, rad/s
        108   -1.135E-01                                 F               0         Hub Z rotation velocity, node 1, rad/s
        109    9.950E-01,  1.124E-03, -9.990E-02         F               0         Blade root 1 X orientation angle, node 1, rad
        110   -9.232E-02,  3.925E-01, -9.151E-01         F               0         Blade root 1 Y orientation angle, node 1, rad
        111    3.818E-02,  9.197E-01,  3.906E-01         F               0         Blade root 1 Z orientation angle, node 1, rad
        112    9.886E-01, -5.049E-03, -1.505E-01         F               0         Blade root 2 X orientation angle, node 1, rad
        113    1.234E-01,  6.005E-01,  7.901E-01         F               0         Blade root 2 Y orientation angle, node 1, rad
        114    8.639E-02, -7.996E-01,  5.943E-01         F               0         Blade root 2 Z orientation angle, node 1, rad
        115    9.906E-01,  4.221E-02, -1.304E-01         F               0         Blade root 3 X orientation angle, node 1, rad
        116    5.724E-02, -9.919E-01,  1.137E-01         F               0         Blade root 3 Y orientation angle, node 1, rad
        117   -1.246E-01, -1.201E-01, -9.849E-01         F               0         Blade root 3 Z orientation angle, node 1, rad
        118    2.670E+00                                 F               0         Blade 1 X translation displacement, node 1, m
        119   -2.189E+00                                 F               0         Blade 1 Y translation displacement, node 1, m
        120   -3.310E+00                                 F               0         Blade 1 Z translation displacement, node 1, m
        121    2.582E+00                                 F               0         Blade 1 X translation displacement, node 2, m
        122   -9.617E-01                                 F               0         Blade 1 Y translation displacement, node 2, m
        123   -4.116E+00                                 F               0         Blade 1 Z translation displacement, node 2, m
        124    1.377E+00                                 F               0         Blade 1 X translation displacement, node 3, m
        125    1.573E+01                                 F               0         Blade 1 Y translation displacement, node 3, m
        126   -1.508E+01                                 F               0         Blade 1 Z translation displacement, node 3, m
        127    1.121E+00                                 F               0         Blade 1 X translation displacement, node 4, m
        128    1.929E+01                                 F               0         Blade 1 Y translation displacement, node 4, m
        129   -1.741E+01                                 F               0         Blade 1 Z translation displacement, node 4, m
        130    8.642E-01                                 F               0         Blade 1 X translation displacement, node 5, m
        131    2.285E+01                                 F               0         Blade 1 Y translation displacement, node 5, m
        132   -1.975E+01                                 F               0         Blade 1 Z translation displacement, node 5, m
        133    6.076E-01                                 F               0         Blade 1 X translation displacement, node 6, m
        134    2.641E+01                                 F               0         Blade 1 Y translation displacement, node 6, m
        135   -2.208E+01                                 F               0         Blade 1 Z translation displacement, node 6, m
        136    3.510E-01                                 F               0         Blade 1 X translation displacement, node 7, m
        137    2.996E+01                                 F               0         Blade 1 Y translation displacement, node 7, m
        138   -2.442E+01                                 F               0         Blade 1 Z translation displacement, node 7, m
        139    9.437E-02                                 F               0         Blade 1 X translation displacement, node 8, m
        140    3.352E+01                                 F               0         Blade 1 Y translation displacement, node 8, m
        141   -2.676E+01                                 F               0         Blade 1 Z translation displacement, node 8, m
        142   -1.622E-01                                 F               0         Blade 1 X translation displacement, node 9, m
        143    3.708E+01                                 F               0         Blade 1 Y translation displacement, node 9, m
        144   -2.909E+01                                 F               0         Blade 1 Z translation displacement, node 9, m
        145   -4.188E-01                                 F               0         Blade 1 X translation displacement, node 10, m
        146    4.064E+01                                 F               0         Blade 1 Y translation displacement, node 10, m
        147   -3.143E+01                                 F               0         Blade 1 Z translation displacement, node 10, m
        148   -6.754E-01                                 F               0         Blade 1 X translation displacement, node 11, m
        149    4.419E+01                                 F               0         Blade 1 Y translation displacement, node 11, m
        150   -3.376E+01                                 F               0         Blade 1 Z translation displacement, node 11, m
        151   -9.320E-01                                 F               0         Blade 1 X translation displacement, node 12, m
        152    4.775E+01                                 F               0         Blade 1 Y translation displacement, node 12, m
        153   -3.610E+01                                 F               0         Blade 1 Z translation displacement, node 12, m
        154   -1.189E+00                                 F               0         Blade 1 X translation displacement, node 13, m
        155    5.131E+01                                 F               0         Blade 1 Y translation displacement, node 13, m
        156   -3.843E+01                                 F               0         Blade 1 Z translation displacement, node 13, m
        157   -1.445E+00                                 F               0         Blade 1 X translation displacement, node 14, m
        158    5.486E+01                                 F               0         Blade 1 Y translation displacement, node 14, m
        159   -4.077E+01                                 F               0         Blade 1 Z translation displacement, node 14, m
        160   -1.702E+00                                 F               0         Blade 1 X translation displacement, node 15, m
        161    5.842E+01                                 F               0         Blade 1 Y translation displacement, node 15, m
        162   -4.310E+01                                 F               0         Blade 1 Z translation displacement, node 15, m
        163   -1.958E+00                                 F               0         Blade 1 X translation displacement, node 16, m
        164    6.198E+01                                 F               0         Blade 1 Y translation displacement, node 16, m
        165   -4.544E+01                                 F               0         Blade 1 Z translation displacement, node 16, m
        166   -2.215E+00                                 F               0         Blade 1 X translation displacement, node 17, m
        167    6.554E+01                                 F               0         Blade 1 Y translation displacement, node 17, m
        168   -4.778E+01                                 F               0         Blade 1 Z translation displacement, node 17, m
        169   -2.472E+00                                 F               0         Blade 1 X translation displacement, node 18, m
        170    6.909E+01                                 F               0         Blade 1 Y translation displacement, node 18, m
        171   -5.011E+01                                 F               0         Blade 1 Z translation displacement, node 18, m
        172   -2.728E+00                                 F               0         Blade 1 X translation displacement, node 19, m
        173    7.265E+01                                 F               0         Blade 1 Y translation displacement, node 19, m
        174   -5.245E+01                                 F               0         Blade 1 Z translation displacement, node 19, m
        175   -2.985E+00                                 F               0         Blade 1 X translation displacement, node 20, m
        176    7.621E+01                                 F               0         Blade 1 Y translation displacement, node 20, m
        177   -5.478E+01                                 F               0         Blade 1 Z translation displacement, node 20, m
        178   -3.241E+00                                 F               0         Blade 1 X translation displacement, node 21, m
        179    7.977E+01                                 F               0         Blade 1 Y translation displacement, node 21, m
        180   -5.712E+01                                 F               0         Blade 1 Z translation displacement, node 21, m
        181   -3.498E+00                                 F               0         Blade 1 X translation displacement, node 22, m
        182    8.332E+01                                 F               0         Blade 1 Y translation displacement, node 22, m
        183   -5.945E+01                                 F               0         Blade 1 Z translation displacement, node 22, m
        184   -3.755E+00                                 F               0         Blade 1 X translation displacement, node 23, m
        185    8.688E+01                                 F               0         Blade 1 Y translation displacement, node 23, m
        186   -6.179E+01                                 F               0         Blade 1 Z translation displacement, node 23, m
        187   -4.011E+00                                 F               0         Blade 1 X translation displacement, node 24, m
        188    9.044E+01                                 F               0         Blade 1 Y translation displacement, node 24, m
        189   -6.413E+01                                 F               0         Blade 1 Z translation displacement, node 24, m
        190   -4.268E+00                                 F               0         Blade 1 X translation displacement, node 25, m
        191    9.399E+01                                 F               0         Blade 1 Y translation displacement, node 25, m
        192   -6.646E+01                                 F               0         Blade 1 Z translation displacement, node 25, m
        193   -4.524E+00                                 F               0         Blade 1 X translation displacement, node 26, m
        194    9.755E+01                                 F               0         Blade 1 Y translation displacement, node 26, m
        195   -6.880E+01                                 F               0         Blade 1 Z translation displacement, node 26, m
        196   -4.781E+00                                 F               0         Blade 1 X translation displacement, node 27, m
        197    1.011E+02                                 F               0         Blade 1 Y translation displacement, node 27, m
        198   -7.113E+01                                 F               0         Blade 1 Z translation displacement, node 27, m
        199   -4.999E+00                                 F               0         Blade 1 X translation displacement, node 28, m
        200    1.041E+02                                 F               0         Blade 1 Y translation displacement, node 28, m
        201   -7.311E+01                                 F               0         Blade 1 Z translation displacement, node 28, m
        202    9.276E-01, -1.780E-01,  3.284E-01         F               0         Blade 1 X orientation angle, node 1, rad
        203    3.716E-01,  3.498E-01, -8.600E-01         F               0         Blade 1 Y orientation angle, node 1, rad
        204    3.818E-02,  9.197E-01,  3.906E-01         F               0         Blade 1 Z orientation angle, node 1, rad
        205    9.276E-01, -1.780E-01,  3.284E-01         F               0         Blade 1 X orientation angle, node 2, rad
        206    3.716E-01,  3.498E-01, -8.600E-01         F               0         Blade 1 Y orientation angle, node 2, rad
        207    3.818E-02,  9.197E-01,  3.906E-01         F               0         Blade 1 Z orientation angle, node 2, rad
        208    9.893E-01, -9.000E-02,  1.152E-01         F               0         Blade 1 X orientation angle, node 3, rad
        209    1.411E-01,  3.821E-01, -9.133E-01         F               0         Blade 1 Y orientation angle, node 3, rad
        210    3.818E-02,  9.197E-01,  3.906E-01         F               0         Blade 1 Z orientation angle, node 3, rad
        211    9.943E-01, -7.379E-02,  7.654E-02         F               0         Blade 1 X orientation angle, node 4, rad
        212    9.923E-02,  3.855E-01, -9.174E-01         F               0         Blade 1 Y orientation angle, node 4, rad
        213    3.818E-02,  9.197E-01,  3.906E-01         F               0         Blade 1 Z orientation angle, node 4, rad
        214    9.971E-01, -6.097E-02,  4.609E-02         F               0         Blade 1 X orientation angle, node 5, rad
        215    6.621E-02,  3.877E-01, -9.194E-01         F               0         Blade 1 Y orientation angle, node 5, rad
        216    3.818E-02,  9.197E-01,  3.906E-01         F               0         Blade 1 Z orientation angle, node 5, rad
        217    9.985E-01, -5.066E-02,  2.168E-02         F               0         Blade 1 X orientation angle, node 6, rad
        218    3.973E-02,  3.892E-01, -9.203E-01         F               0         Blade 1 Y orientation angle, node 6, rad
        219    3.818E-02,  9.197E-01,  3.906E-01         F               0         Blade 1 Z orientation angle, node 6, rad
        220    9.991E-01, -4.216E-02,  1.602E-03         F               0         Blade 1 X orientation angle, node 7, rad
        221    1.794E-02,  3.902E-01, -9.205E-01         F               0         Blade 1 Y orientation angle, node 7, rad
        222    3.818E-02,  9.197E-01,  3.906E-01         F               0         Blade 1 Z orientation angle, node 7, rad
        223    9.993E-01, -3.507E-02, -1.511E-02         F               0         Blade 1 X orientation angle, node 8, rad
        224   -1.946E-04,  3.909E-01, -9.204E-01         F               0         Blade 1 Y orientation angle, node 8, rad
        225    3.818E-02,  9.197E-01,  3.906E-01         F               0         Blade 1 Z orientation angle, node 8, rad
        226    9.991E-01, -2.906E-02, -2.924E-02         F               0         Blade 1 X orientation angle, node 9, rad
        227   -1.554E-02,  3.914E-01, -9.201E-01         F               0         Blade 1 Y orientation angle, node 9, rad
        228    3.818E-02,  9.197E-01,  3.906E-01         F               0         Blade 1 Z orientation angle, node 9, rad
        229    9.989E-01, -2.387E-02, -4.144E-02         F               0         Blade 1 X orientation angle, node 10, rad
        230   -2.879E-02,  3.918E-01, -9.196E-01         F               0         Blade 1 Y orientation angle, node 10, rad
        231    3.818E-02,  9.197E-01,  3.906E-01         F               0         Blade 1 Z orientation angle, node 10, rad
        232    9.985E-01, -1.942E-02, -5.187E-02         F               0         Blade 1 X orientation angle, node 11, rad
        233   -4.012E-02,  3.920E-01, -9.191E-01         F               0         Blade 1 Y orientation angle, node 11, rad
        234    3.818E-02,  9.197E-01,  3.906E-01         F               0         Blade 1 Z orientation angle, node 11, rad
        235    9.980E-01, -1.552E-02, -6.101E-02         F               0         Blade 1 X orientation angle, node 12, rad
        236   -5.005E-02,  3.922E-01, -9.185E-01         F               0         Blade 1 Y orientation angle, node 12, rad
        237    3.818E-02,  9.197E-01,  3.906E-01         F               0         Blade 1 Z orientation angle, node 12, rad
        238    9.975E-01, -1.210E-02, -6.903E-02         F               0         Blade 1 X orientation angle, node 13, rad
        239   -5.876E-02,  3.923E-01, -9.179E-01         F               0         Blade 1 Y orientation angle, node 13, rad
        240    3.818E-02,  9.197E-01,  3.906E-01         F               0         Blade 1 Z orientation angle, node 13, rad
        241    9.970E-01, -9.014E-03, -7.623E-02         F               0         Blade 1 X orientation angle, node 14, rad
        242   -6.659E-02,  3.924E-01, -9.174E-01         F               0         Blade 1 Y orientation angle, node 14, rad
        243    3.818E-02,  9.197E-01,  3.906E-01         F               0         Blade 1 Z orientation angle, node 14, rad
        244    9.966E-01, -6.274E-03, -8.264E-02         F               0         Blade 1 X orientation angle, node 15, rad
        245   -7.355E-02,  3.925E-01, -9.168E-01         F               0         Blade 1 Y orientation angle, node 15, rad
        246    3.818E-02,  9.197E-01,  3.906E-01         F               0         Blade 1 Z orientation angle, node 15, rad
        247    9.961E-01, -3.808E-03, -8.839E-02         F               0         Blade 1 X orientation angle, node 16, rad
        248   -7.981E-02,  3.925E-01, -9.163E-01         F               0         Blade 1 Y orientation angle, node 16, rad
        249    3.818E-02,  9.197E-01,  3.906E-01         F               0         Blade 1 Z orientation angle, node 16, rad
        250    9.956E-01, -1.616E-03, -9.351E-02         F               0         Blade 1 X orientation angle, node 17, rad
        251   -8.537E-02,  3.925E-01, -9.158E-01         F               0         Blade 1 Y orientation angle, node 17, rad
        252    3.818E-02,  9.197E-01,  3.906E-01         F               0         Blade 1 Z orientation angle, node 17, rad
        253    9.952E-01,  4.391E-04, -9.830E-02         F               0         Blade 1 X orientation angle, node 18, rad
        254   -9.059E-02,  3.925E-01, -9.153E-01         F               0         Blade 1 Y orientation angle, node 18, rad
        255    3.818E-02,  9.197E-01,  3.906E-01         F               0         Blade 1 Z orientation angle, node 18, rad
        256    9.947E-01,  2.289E-03, -1.026E-01         F               0         Blade 1 X orientation angle, node 19, rad
        257   -9.528E-02,  3.925E-01, -9.148E-01         F               0         Blade 1 Y orientation angle, node 19, rad
        258    3.818E-02,  9.197E-01,  3.906E-01         F               0         Blade 1 Z orientation angle, node 19, rad
        259    9.943E-01,  3.933E-03, -1.064E-01         F               0         Blade 1 X orientation angle, node 20, rad
        260   -9.944E-02,  3.925E-01, -9.144E-01         F               0         Blade 1 Y orientation angle, node 20, rad
        261    3.818E-02,  9.197E-01,  3.906E-01         F               0         Blade 1 Z orientation angle, node 20, rad
        262    9.939E-01,  5.508E-03, -1.101E-01         F               0         Blade 1 X orientation angle, node 21, rad
        263   -1.034E-01,  3.925E-01, -9.139E-01         F               0         Blade 1 Y orientation angle, node 21, rad
        264    3.818E-02,  9.197E-01,  3.906E-01         F               0         Blade 1 Z orientation angle, node 21, rad
        265    9.935E-01,  6.947E-03, -1.135E-01         F               0         Blade 1 X orientation angle, node 22, rad
        266   -1.071E-01,  3.924E-01, -9.135E-01         F               0         Blade 1 Y orientation angle, node 22, rad
        267    3.818E-02,  9.197E-01,  3.906E-01         F               0         Blade 1 Z orientation angle, node 22, rad
        268    9.932E-01,  8.248E-03, -1.165E-01         F               0         Blade 1 X orientation angle, node 23, rad
        269   -1.104E-01,  3.924E-01, -9.131E-01         F               0         Blade 1 Y orientation angle, node 23, rad
        270    3.818E-02,  9.197E-01,  3.906E-01         F               0         Blade 1 Z orientation angle, node 23, rad
        271    9.928E-01,  9.481E-03, -1.194E-01         F               0         Blade 1 X orientation angle, node 24, rad
        272   -1.135E-01,  3.924E-01, -9.128E-01         F               0         Blade 1 Y orientation angle, node 24, rad
        273    3.818E-02,  9.197E-01,  3.906E-01         F               0         Blade 1 Z orientation angle, node 24, rad
        274    9.925E-01,  1.065E-02, -1.221E-01         F               0         Blade 1 X orientation angle, node 25, rad
        275   -1.164E-01,  3.924E-01, -9.124E-01         F               0         Blade 1 Y orientation angle, node 25, rad
        276    3.818E-02,  9.197E-01,  3.906E-01         F               0         Blade 1 Z orientation angle, node 25, rad
        277    9.922E-01,  1.167E-02, -1.245E-01         F               0         Blade 1 X orientation angle, node 26, rad
        278   -1.190E-01,  3.923E-01, -9.121E-01         F               0         Blade 1 Y orientation angle, node 26, rad
        279    3.818E-02,  9.197E-01,  3.906E-01         F               0         Blade 1 Z orientation angle, node 26, rad
        280    9.918E-01,  1.270E-02, -1.268E-01         F               0         Blade 1 X orientation angle, node 27, rad
        281   -1.216E-01,  3.923E-01, -9.118E-01         F               0         Blade 1 Y orientation angle, node 27, rad
        282    3.818E-02,  9.197E-01,  3.906E-01         F               0         Blade 1 Z orientation angle, node 27, rad
        283    9.917E-01,  1.325E-02, -1.281E-01         F               0         Blade 1 X orientation angle, node 28, rad
        284   -1.230E-01,  3.923E-01, -9.116E-01         F               0         Blade 1 Y orientation angle, node 28, rad
        285    3.818E-02,  9.197E-01,  3.906E-01         F               0         Blade 1 Z orientation angle, node 28, rad
        286    6.038E-01                                 F               0         Blade 1 X translation velocity, node 1, m/s
        287   -1.941E+00                                 F               0         Blade 1 Y translation velocity, node 1, m/s
        288    4.516E+00                                 F               0         Blade 1 Z translation velocity, node 1, m/s
        289    7.491E-01                                 F               0         Blade 1 X translation velocity, node 2, m/s
        290   -2.409E+00                                 F               0         Blade 1 Y translation velocity, node 2, m/s
        291    5.604E+00                                 F               0         Blade 1 Z translation velocity, node 2, m/s
        292    2.726E+00                                 F               0         Blade 1 X translation velocity, node 3, m/s
        293   -8.776E+00                                 F               0         Blade 1 Y translation velocity, node 3, m/s
        294    2.040E+01                                 F               0         Blade 1 Z translation velocity, node 3, m/s
        295    3.147E+00                                 F               0         Blade 1 X translation velocity, node 4, m/s
        296   -1.013E+01                                 F               0         Blade 1 Y translation velocity, node 4, m/s
        297    2.355E+01                                 F               0         Blade 1 Z translation velocity, node 4, m/s
        298    3.568E+00                                 F               0         Blade 1 X translation velocity, node 5, m/s
        299   -1.149E+01                                 F               0         Blade 1 Y translation velocity, node 5, m/s
        300    2.671E+01                                 F               0         Blade 1 Z translation velocity, node 5, m/s
        301    3.989E+00                                 F               0         Blade 1 X translation velocity, node 6, m/s
        302   -1.285E+01                                 F               0         Blade 1 Y translation velocity, node 6, m/s
        303    2.986E+01                                 F               0         Blade 1 Z translation velocity, node 6, m/s
        304    4.411E+00                                 F               0         Blade 1 X translation velocity, node 7, m/s
        305   -1.420E+01                                 F               0         Blade 1 Y translation velocity, node 7, m/s
        306    3.301E+01                                 F               0         Blade 1 Z translation velocity, node 7, m/s
        307    4.832E+00                                 F               0         Blade 1 X translation velocity, node 8, m/s
