
Linearized model: Predictions were generated on 24-Jan-2024 at 11:24:37 using OpenFAST, compiled as a 64-bit application using single precision at commit v3.5.1
 linked with  NWTC Subroutine Library; ElastoDyn; InflowWind; AeroDyn; ServoDyn; HydroDyn; MAP++ (<1.20.10>, <Oct-20-2023>)

Description from the FAST input file: CCT-9 Campign 4 model. Input files to be run with OpenFAST 3.5.0. GitHub branch from Lu Wang (https://github.com/luwang00/openfast/tree/dev) compiled on March 7, 2023.

Simulation information:
   Simulation time:                   501.9750 s
   Rotor Speed:                         0.8941 rad/s
   Azimuth:                             3.3056 rad
   Wind Speed:                         10.0000 m/s
   Number of continuous states:         0
   Number of discrete states:           0
   Number of constraint states:         0
   Number of inputs:                 1746
   Number of outputs:                   4
   Jacobians included in this file?    No

Order of inputs:
     Column   Operating Point                     Rotating Frame? Derivative Order Description
   ---------- ---------------                     --------------- ---------------- -----------
          1    1.535E-01                                 F               0         Tower X translation displacement, node 1, m
          2   -1.355E+00                                 F               0         Tower Y translation displacement, node 1, m
          3   -4.807E-02                                 F               0         Tower Z translation displacement, node 1, m
          4    3.902E-01                                 F               0         Tower X translation displacement, node 2, m
          5   -1.889E+00                                 F               0         Tower Y translation displacement, node 2, m
          6   -6.192E-02                                 F               0         Tower Z translation displacement, node 2, m
          7    6.403E-01                                 F               0         Tower X translation displacement, node 3, m
          8   -2.429E+00                                 F               0         Tower Y translation displacement, node 3, m
          9   -7.625E-02                                 F               0         Tower Z translation displacement, node 3, m
         10    9.002E-01                                 F               0         Tower X translation displacement, node 4, m
         11   -2.973E+00                                 F               0         Tower Y translation displacement, node 4, m
         12   -9.097E-02                                 F               0         Tower Z translation displacement, node 4, m
         13    1.168E+00                                 F               0         Tower X translation displacement, node 5, m
         14   -3.521E+00                                 F               0         Tower Y translation displacement, node 5, m
         15   -1.060E-01                                 F               0         Tower Z translation displacement, node 5, m
         16    1.442E+00                                 F               0         Tower X translation displacement, node 6, m
         17   -4.071E+00                                 F               0         Tower Y translation displacement, node 6, m
         18   -1.213E-01                                 F               0         Tower Z translation displacement, node 6, m
         19    1.720E+00                                 F               0         Tower X translation displacement, node 7, m
         20   -4.624E+00                                 F               0         Tower Y translation displacement, node 7, m
         21   -1.368E-01                                 F               0         Tower Z translation displacement, node 7, m
         22    2.001E+00                                 F               0         Tower X translation displacement, node 8, m
         23   -5.179E+00                                 F               0         Tower Y translation displacement, node 8, m
         24   -1.525E-01                                 F               0         Tower Z translation displacement, node 8, m
         25    2.284E+00                                 F               0         Tower X translation displacement, node 9, m
         26   -5.735E+00                                 F               0         Tower Y translation displacement, node 9, m
         27   -1.683E-01                                 F               0         Tower Z translation displacement, node 9, m
         28    2.569E+00                                 F               0         Tower X translation displacement, node 10, m
         29   -6.293E+00                                 F               0         Tower Y translation displacement, node 10, m
         30   -1.841E-01                                 F               0         Tower Z translation displacement, node 10, m
         31    2.854E+00                                 F               0         Tower X translation displacement, node 11, m
         32   -6.851E+00                                 F               0         Tower Y translation displacement, node 11, m
         33   -2.000E-01                                 F               0         Tower Z translation displacement, node 11, m
         34    9.998E-01,  7.902E-03, -1.840E-02         F               0         Tower X orientation angle, node 1, rad
         35   -7.100E-03,  9.990E-01,  4.325E-02         F               0         Tower Y orientation angle, node 1, rad
         36    1.873E-02, -4.311E-02,  9.989E-01         F               0         Tower Z orientation angle, node 1, rad
         37    9.998E-01,  7.946E-03, -1.942E-02         F               0         Tower X orientation angle, node 2, rad
         38   -7.092E-03,  9.990E-01,  4.365E-02         F               0         Tower Y orientation angle, node 2, rad
         39    1.975E-02, -4.350E-02,  9.989E-01         F               0         Tower Z orientation angle, node 2, rad
         40    9.998E-01,  7.984E-03, -2.029E-02         F               0         Tower X orientation angle, node 3, rad
         41   -7.085E-03,  9.990E-01,  4.401E-02         F               0         Tower Y orientation angle, node 3, rad
         42    2.062E-02, -4.386E-02,  9.988E-01         F               0         Tower Z orientation angle, node 3, rad
         43    9.997E-01,  8.015E-03, -2.101E-02         F               0         Tower X orientation angle, node 4, rad
         44   -7.078E-03,  9.990E-01,  4.433E-02         F               0         Tower Y orientation angle, node 4, rad
         45    2.134E-02, -4.417E-02,  9.988E-01         F               0         Tower Z orientation angle, node 4, rad
         46    9.997E-01,  8.041E-03, -2.157E-02         F               0         Tower X orientation angle, node 5, rad
         47   -7.072E-03,  9.990E-01,  4.460E-02         F               0         Tower Y orientation angle, node 5, rad
         48    2.191E-02, -4.443E-02,  9.988E-01         F               0         Tower Z orientation angle, node 5, rad
         49    9.997E-01,  8.060E-03, -2.201E-02         F               0         Tower X orientation angle, node 6, rad
         50   -7.067E-03,  9.990E-01,  4.482E-02         F               0         Tower Y orientation angle, node 6, rad
         51    2.234E-02, -4.466E-02,  9.988E-01         F               0         Tower Z orientation angle, node 6, rad
         52    9.997E-01,  8.074E-03, -2.231E-02         F               0         Tower X orientation angle, node 7, rad
         53   -7.063E-03,  9.990E-01,  4.500E-02         F               0         Tower Y orientation angle, node 7, rad
         54    2.265E-02, -4.483E-02,  9.987E-01         F               0         Tower Z orientation angle, node 7, rad
         55    9.997E-01,  8.083E-03, -2.251E-02         F               0         Tower X orientation angle, node 8, rad
         56   -7.060E-03,  9.990E-01,  4.514E-02         F               0         Tower Y orientation angle, node 8, rad
         57    2.286E-02, -4.497E-02,  9.987E-01         F               0         Tower Z orientation angle, node 8, rad
         58    9.997E-01,  8.089E-03, -2.264E-02         F               0         Tower X orientation angle, node 9, rad
         59   -7.058E-03,  9.990E-01,  4.525E-02         F               0         Tower Y orientation angle, node 9, rad
         60    2.298E-02, -4.507E-02,  9.987E-01         F               0         Tower Z orientation angle, node 9, rad
         61    9.997E-01,  8.092E-03, -2.271E-02         F               0         Tower X orientation angle, node 10, rad
         62   -7.056E-03,  9.989E-01,  4.532E-02         F               0         Tower Y orientation angle, node 10, rad
         63    2.305E-02, -4.514E-02,  9.987E-01         F               0         Tower Z orientation angle, node 10, rad
         64    9.997E-01,  8.093E-03, -2.274E-02         F               0         Tower X orientation angle, node 11, rad
         65   -7.056E-03,  9.989E-01,  4.535E-02         F               0         Tower Y orientation angle, node 11, rad
         66    2.308E-02, -4.518E-02,  9.987E-01         F               0         Tower Z orientation angle, node 11, rad
         67    2.114E-06                                 F               0         Tower X translation velocity, node 1, m/s
         68    9.182E-07                                 F               0         Tower Y translation velocity, node 1, m/s
         69    0.000E+00                                 F               0         Tower Z translation velocity, node 1, m/s
         70   -6.652E-06                                 F               0         Tower X translation velocity, node 2, m/s
         71    3.503E-05                                 F               0         Tower Y translation velocity, node 2, m/s
         72    1.653E-06                                 F               0         Tower Z translation velocity, node 2, m/s
         73   -4.201E-05                                 F               0         Tower X translation velocity, node 3, m/s
         74    1.555E-04                                 F               0         Tower Y translation velocity, node 3, m/s
         75    7.640E-06                                 F               0         Tower Z translation velocity, node 3, m/s
         76   -9.916E-05                                 F               0         Tower X translation velocity, node 4, m/s
         77    3.453E-04                                 F               0         Tower Y translation velocity, node 4, m/s
         78    1.721E-05                                 F               0         Tower Z translation velocity, node 4, m/s
         79   -1.759E-04                                 F               0         Tower X translation velocity, node 5, m/s
         80    5.960E-04                                 F               0         Tower Y translation velocity, node 5, m/s
         81    3.000E-05                                 F               0         Tower Z translation velocity, node 5, m/s
         82   -2.701E-04                                 F               0         Tower X translation velocity, node 6, m/s
         83    8.993E-04                                 F               0         Tower Y translation velocity, node 6, m/s
         84    4.562E-05                                 F               0         Tower Z translation velocity, node 6, m/s
         85   -3.782E-04                                 F               0         Tower X translation velocity, node 7, m/s
         86    1.244E-03                                 F               0         Tower Y translation velocity, node 7, m/s
         87    6.349E-05                                 F               0         Tower Z translation velocity, node 7, m/s
         88   -4.990E-04                                 F               0         Tower X translation velocity, node 8, m/s
         89    1.625E-03                                 F               0         Tower Y translation velocity, node 8, m/s
         90    8.339E-05                                 F               0         Tower Z translation velocity, node 8, m/s
         91   -6.300E-04                                 F               0         Tower X translation velocity, node 9, m/s
         92    2.035E-03                                 F               0         Tower Y translation velocity, node 9, m/s
         93    1.049E-04                                 F               0         Tower Z translation velocity, node 9, m/s
         94   -7.685E-04                                 F               0         Tower X translation velocity, node 10, m/s
         95    2.465E-03                                 F               0         Tower Y translation velocity, node 10, m/s
         96    1.275E-04                                 F               0         Tower Z translation velocity, node 10, m/s
         97   -9.115E-04                                 F               0         Tower X translation velocity, node 11, m/s
         98    2.908E-03                                 F               0         Tower Y translation velocity, node 11, m/s
         99    1.508E-04                                 F               0         Tower Z translation velocity, node 11, m/s
        100    3.038E+00                                 F               0         Hub X translation displacement, node 1, m
        101   -7.293E+00                                 F               0         Hub Y translation displacement, node 1, m
        102    3.546E-02                                 F               0         Hub Z translation displacement, node 1, m
        103    9.918E-01,  1.277E-02, -1.270E-01         F               0         Hub X orientation angle, node 1, rad
        104   -1.385E-02, -9.783E-01, -2.066E-01         F               0         Hub Y orientation angle, node 1, rad
        105   -1.269E-01,  2.066E-01, -9.702E-01         F               0         Hub Z orientation angle, node 1, rad
        106    8.867E-01                                 F               0         Hub X rotation velocity, node 1, rad/s
        107    1.141E-02                                 F               0         Hub Y rotation velocity, node 1, rad/s
        108   -1.136E-01                                 F               0         Hub Z rotation velocity, node 1, rad/s
        109    9.918E-01,  4.179E-02, -1.208E-01         F               0         Blade root 1 X orientation angle, node 1, rad
        110    1.558E-02, -9.775E-01, -2.102E-01         F               0         Blade root 1 Y orientation angle, node 1, rad
        111   -1.269E-01,  2.066E-01, -9.702E-01         F               0         Blade root 1 Z orientation angle, node 1, rad
        112    9.944E-01, -7.055E-03, -1.051E-01         F               0         Blade root 2 X orientation angle, node 1, rad
        113   -7.350E-02,  6.682E-01, -7.403E-01         F               0         Blade root 2 Y orientation angle, node 1, rad
        114    7.545E-02,  7.439E-01,  6.640E-01         F               0         Blade root 2 Z orientation angle, node 1, rad
        115    9.879E-01,  3.563E-03, -1.549E-01         F               0         Blade root 3 X orientation angle, node 1, rad
        116    1.462E-01,  3.105E-01,  9.393E-01         F               0         Blade root 3 Y orientation angle, node 1, rad
        117    5.145E-02, -9.506E-01,  3.062E-01         F               0         Blade root 3 Z orientation angle, node 1, rad
        118    1.756E+00                                 F               0         Blade 1 X translation displacement, node 1, m
        119   -6.148E+00                                 F               0         Blade 1 Y translation displacement, node 1, m
        120   -1.085E+01                                 F               0         Blade 1 Z translation displacement, node 1, m
        121    1.447E+00                                 F               0         Blade 1 X translation displacement, node 2, m
        122   -5.872E+00                                 F               0         Blade 1 Y translation displacement, node 2, m
        123   -1.347E+01                                 F               0         Blade 1 Z translation displacement, node 2, m
        124   -2.754E+00                                 F               0         Blade 1 X translation displacement, node 3, m
        125   -2.121E+00                                 F               0         Blade 1 Y translation displacement, node 3, m
        126   -4.914E+01                                 F               0         Blade 1 Z translation displacement, node 3, m
        127   -3.649E+00                                 F               0         Blade 1 X translation displacement, node 4, m
        128   -1.322E+00                                 F               0         Blade 1 Y translation displacement, node 4, m
        129   -5.673E+01                                 F               0         Blade 1 Z translation displacement, node 4, m
        130   -4.544E+00                                 F               0         Blade 1 X translation displacement, node 5, m
        131   -5.228E-01                                 F               0         Blade 1 Y translation displacement, node 5, m
        132   -6.433E+01                                 F               0         Blade 1 Z translation displacement, node 5, m
        133   -5.439E+00                                 F               0         Blade 1 X translation displacement, node 6, m
        134    2.763E-01                                 F               0         Blade 1 Y translation displacement, node 6, m
        135   -7.193E+01                                 F               0         Blade 1 Z translation displacement, node 6, m
        136   -6.334E+00                                 F               0         Blade 1 X translation displacement, node 7, m
        137    1.075E+00                                 F               0         Blade 1 Y translation displacement, node 7, m
        138   -7.953E+01                                 F               0         Blade 1 Z translation displacement, node 7, m
        139   -7.229E+00                                 F               0         Blade 1 X translation displacement, node 8, m
        140    1.875E+00                                 F               0         Blade 1 Y translation displacement, node 8, m
        141   -8.713E+01                                 F               0         Blade 1 Z translation displacement, node 8, m
        142   -8.124E+00                                 F               0         Blade 1 X translation displacement, node 9, m
        143    2.674E+00                                 F               0         Blade 1 Y translation displacement, node 9, m
        144   -9.473E+01                                 F               0         Blade 1 Z translation displacement, node 9, m
        145   -9.019E+00                                 F               0         Blade 1 X translation displacement, node 10, m
        146    3.473E+00                                 F               0         Blade 1 Y translation displacement, node 10, m
        147   -1.023E+02                                 F               0         Blade 1 Z translation displacement, node 10, m
        148   -9.914E+00                                 F               0         Blade 1 X translation displacement, node 11, m
        149    4.272E+00                                 F               0         Blade 1 Y translation displacement, node 11, m
        150   -1.099E+02                                 F               0         Blade 1 Z translation displacement, node 11, m
        151   -1.081E+01                                 F               0         Blade 1 X translation displacement, node 12, m
        152    5.071E+00                                 F               0         Blade 1 Y translation displacement, node 12, m
        153   -1.175E+02                                 F               0         Blade 1 Z translation displacement, node 12, m
        154   -1.170E+01                                 F               0         Blade 1 X translation displacement, node 13, m
        155    5.871E+00                                 F               0         Blade 1 Y translation displacement, node 13, m
        156   -1.251E+02                                 F               0         Blade 1 Z translation displacement, node 13, m
        157   -1.260E+01                                 F               0         Blade 1 X translation displacement, node 14, m
        158    6.670E+00                                 F               0         Blade 1 Y translation displacement, node 14, m
        159   -1.327E+02                                 F               0         Blade 1 Z translation displacement, node 14, m
        160   -1.349E+01                                 F               0         Blade 1 X translation displacement, node 15, m
        161    7.469E+00                                 F               0         Blade 1 Y translation displacement, node 15, m
        162   -1.403E+02                                 F               0         Blade 1 Z translation displacement, node 15, m
        163   -1.439E+01                                 F               0         Blade 1 X translation displacement, node 16, m
        164    8.268E+00                                 F               0         Blade 1 Y translation displacement, node 16, m
        165   -1.479E+02                                 F               0         Blade 1 Z translation displacement, node 16, m
        166   -1.528E+01                                 F               0         Blade 1 X translation displacement, node 17, m
        167    9.067E+00                                 F               0         Blade 1 Y translation displacement, node 17, m
        168   -1.555E+02                                 F               0         Blade 1 Z translation displacement, node 17, m
        169   -1.618E+01                                 F               0         Blade 1 X translation displacement, node 18, m
        170    9.867E+00                                 F               0         Blade 1 Y translation displacement, node 18, m
        171   -1.631E+02                                 F               0         Blade 1 Z translation displacement, node 18, m
        172   -1.708E+01                                 F               0         Blade 1 X translation displacement, node 19, m
        173    1.067E+01                                 F               0         Blade 1 Y translation displacement, node 19, m
        174   -1.707E+02                                 F               0         Blade 1 Z translation displacement, node 19, m
        175   -1.797E+01                                 F               0         Blade 1 X translation displacement, node 20, m
        176    1.146E+01                                 F               0         Blade 1 Y translation displacement, node 20, m
        177   -1.783E+02                                 F               0         Blade 1 Z translation displacement, node 20, m
        178   -1.887E+01                                 F               0         Blade 1 X translation displacement, node 21, m
        179    1.226E+01                                 F               0         Blade 1 Y translation displacement, node 21, m
        180   -1.859E+02                                 F               0         Blade 1 Z translation displacement, node 21, m
        181   -1.976E+01                                 F               0         Blade 1 X translation displacement, node 22, m
        182    1.306E+01                                 F               0         Blade 1 Y translation displacement, node 22, m
        183   -1.935E+02                                 F               0         Blade 1 Z translation displacement, node 22, m
        184   -2.066E+01                                 F               0         Blade 1 X translation displacement, node 23, m
        185    1.386E+01                                 F               0         Blade 1 Y translation displacement, node 23, m
        186   -2.011E+02                                 F               0         Blade 1 Z translation displacement, node 23, m
        187   -2.155E+01                                 F               0         Blade 1 X translation displacement, node 24, m
        188    1.466E+01                                 F               0         Blade 1 Y translation displacement, node 24, m
        189   -2.087E+02                                 F               0         Blade 1 Z translation displacement, node 24, m
        190   -2.245E+01                                 F               0         Blade 1 X translation displacement, node 25, m
        191    1.546E+01                                 F               0         Blade 1 Y translation displacement, node 25, m
        192   -2.163E+02                                 F               0         Blade 1 Z translation displacement, node 25, m
        193   -2.334E+01                                 F               0         Blade 1 X translation displacement, node 26, m
        194    1.626E+01                                 F               0         Blade 1 Y translation displacement, node 26, m
        195   -2.239E+02                                 F               0         Blade 1 Z translation displacement, node 26, m
        196   -2.424E+01                                 F               0         Blade 1 X translation displacement, node 27, m
        197    1.706E+01                                 F               0         Blade 1 Y translation displacement, node 27, m
        198   -2.315E+02                                 F               0         Blade 1 Z translation displacement, node 27, m
        199   -2.499E+01                                 F               0         Blade 1 X translation displacement, node 28, m
        200    1.774E+01                                 F               0         Blade 1 Y translation displacement, node 28, m
        201   -2.379E+02                                 F               0         Blade 1 Z translation displacement, node 28, m
        202    8.756E-01,  4.830E-01, -1.166E-02         F               0         Blade 1 X orientation angle, node 1, rad
        203    4.661E-01, -8.509E-01, -2.422E-01         F               0         Blade 1 Y orientation angle, node 1, rad
        204   -1.269E-01,  2.066E-01, -9.702E-01         F               0         Blade 1 Z orientation angle, node 1, rad
        205    8.756E-01,  4.830E-01, -1.166E-02         F               0         Blade 1 X orientation angle, node 2, rad
        206    4.661E-01, -8.509E-01, -2.422E-01         F               0         Blade 1 Y orientation angle, node 2, rad
        207   -1.269E-01,  2.066E-01, -9.702E-01         F               0         Blade 1 Z orientation angle, node 2, rad
        208    9.611E-01,  2.675E-01, -6.873E-02         F               0         Blade 1 X orientation angle, node 3, rad
        209    2.453E-01, -9.411E-01, -2.325E-01         F               0         Blade 1 Y orientation angle, node 3, rad
        210   -1.269E-01,  2.066E-01, -9.702E-01         F               0         Blade 1 Z orientation angle, node 3, rad
        211    9.706E-01,  2.275E-01, -7.849E-02         F               0         Blade 1 X orientation angle, node 4, rad
        212    2.045E-01, -9.516E-01, -2.294E-01         F               0         Blade 1 Y orientation angle, node 4, rad
        213   -1.269E-01,  2.066E-01, -9.702E-01         F               0         Blade 1 Z orientation angle, node 4, rad
        214    9.768E-01,  1.959E-01, -8.605E-02         F               0         Blade 1 X orientation angle, node 5, rad
        215    1.722E-01, -9.586E-01, -2.267E-01         F               0         Blade 1 Y orientation angle, node 5, rad
        216   -1.269E-01,  2.066E-01, -9.702E-01         F               0         Blade 1 Z orientation angle, node 5, rad
        217    9.811E-01,  1.704E-01, -9.204E-02         F               0         Blade 1 X orientation angle, node 6, rad
        218    1.463E-01, -9.635E-01, -2.243E-01         F               0         Blade 1 Y orientation angle, node 6, rad
        219   -1.269E-01,  2.066E-01, -9.702E-01         F               0         Blade 1 Z orientation angle, node 6, rad
        220    9.840E-01,  1.493E-01, -9.691E-02         F               0         Blade 1 X orientation angle, node 7, rad
        221    1.248E-01, -9.670E-01, -2.223E-01         F               0         Blade 1 Y orientation angle, node 7, rad
        222   -1.269E-01,  2.066E-01, -9.702E-01         F               0         Blade 1 Z orientation angle, node 7, rad
        223    9.861E-01,  1.317E-01, -1.009E-01         F               0         Blade 1 X orientation angle, node 8, rad
        224    1.069E-01, -9.695E-01, -2.205E-01         F               0         Blade 1 Y orientation angle, node 8, rad
        225   -1.269E-01,  2.066E-01, -9.702E-01         F               0         Blade 1 Z orientation angle, node 8, rad
        226    9.877E-01,  1.168E-01, -1.043E-01         F               0         Blade 1 X orientation angle, node 9, rad
        227    9.179E-02, -9.714E-01, -2.189E-01         F               0         Blade 1 Y orientation angle, node 9, rad
        228   -1.269E-01,  2.066E-01, -9.702E-01         F               0         Blade 1 Z orientation angle, node 9, rad
        229    9.888E-01,  1.039E-01, -1.072E-01         F               0         Blade 1 X orientation angle, node 10, rad
        230    7.868E-02, -9.729E-01, -2.175E-01         F               0         Blade 1 Y orientation angle, node 10, rad
        231   -1.269E-01,  2.066E-01, -9.702E-01         F               0         Blade 1 Z orientation angle, node 10, rad
        232    9.896E-01,  9.289E-02, -1.097E-01         F               0         Blade 1 X orientation angle, node 11, rad
        233    6.746E-02, -9.740E-01, -2.163E-01         F               0         Blade 1 Y orientation angle, node 11, rad
        234   -1.269E-01,  2.066E-01, -9.702E-01         F               0         Blade 1 Z orientation angle, node 11, rad
        235    9.902E-01,  8.320E-02, -1.118E-01         F               0         Blade 1 X orientation angle, node 12, rad
        236    5.761E-02, -9.749E-01, -2.152E-01         F               0         Blade 1 Y orientation angle, node 12, rad
        237   -1.269E-01,  2.066E-01, -9.702E-01         F               0         Blade 1 Z orientation angle, node 12, rad
        238    9.907E-01,  7.469E-02, -1.137E-01         F               0         Blade 1 X orientation angle, node 13, rad
        239    4.897E-02, -9.756E-01, -2.142E-01         F               0         Blade 1 Y orientation angle, node 13, rad
        240   -1.269E-01,  2.066E-01, -9.702E-01         F               0         Blade 1 Z orientation angle, node 13, rad
        241    9.911E-01,  6.702E-02, -1.154E-01         F               0         Blade 1 X orientation angle, node 14, rad
        242    4.119E-02, -9.761E-01, -2.133E-01         F               0         Blade 1 Y orientation angle, node 14, rad
        243   -1.269E-01,  2.066E-01, -9.702E-01         F               0         Blade 1 Z orientation angle, node 14, rad
        244    9.913E-01,  6.021E-02, -1.168E-01         F               0         Blade 1 X orientation angle, node 15, rad
        245    3.427E-02, -9.766E-01, -2.125E-01         F               0         Blade 1 Y orientation angle, node 15, rad
        246   -1.269E-01,  2.066E-01, -9.702E-01         F               0         Blade 1 Z orientation angle, node 15, rad
        247    9.915E-01,  5.407E-02, -1.182E-01         F               0         Blade 1 X orientation angle, node 16, rad
        248    2.804E-02, -9.769E-01, -2.117E-01         F               0         Blade 1 Y orientation angle, node 16, rad
        249   -1.269E-01,  2.066E-01, -9.702E-01         F               0         Blade 1 Z orientation angle, node 16, rad
        250    9.917E-01,  4.861E-02, -1.194E-01         F               0         Blade 1 X orientation angle, node 17, rad
        251    2.250E-02, -9.772E-01, -2.111E-01         F               0         Blade 1 Y orientation angle, node 17, rad
        252   -1.269E-01,  2.066E-01, -9.702E-01         F               0         Blade 1 Z orientation angle, node 17, rad
        253    9.918E-01,  4.350E-02, -1.205E-01         F               0         Blade 1 X orientation angle, node 18, rad
        254    1.731E-02, -9.775E-01, -2.104E-01         F               0         Blade 1 Y orientation angle, node 18, rad
        255   -1.269E-01,  2.066E-01, -9.702E-01         F               0         Blade 1 Z orientation angle, node 18, rad
        256    9.918E-01,  3.889E-02, -1.214E-01         F               0         Blade 1 X orientation angle, node 19, rad
        257    1.263E-02, -9.776E-01, -2.099E-01         F               0         Blade 1 Y orientation angle, node 19, rad
        258   -1.269E-01,  2.066E-01, -9.702E-01         F               0         Blade 1 Z orientation angle, node 19, rad
        259    9.919E-01,  3.479E-02, -1.223E-01         F               0         Blade 1 X orientation angle, node 20, rad
        260    8.478E-03, -9.778E-01, -2.094E-01         F               0         Blade 1 Y orientation angle, node 20, rad
        261   -1.269E-01,  2.066E-01, -9.702E-01         F               0         Blade 1 Z orientation angle, node 20, rad
        262    9.919E-01,  3.087E-02, -1.232E-01         F               0         Blade 1 X orientation angle, node 21, rad
        263    4.497E-03, -9.779E-01, -2.089E-01         F               0         Blade 1 Y orientation angle, node 21, rad
        264   -1.269E-01,  2.066E-01, -9.702E-01         F               0         Blade 1 Z orientation angle, node 21, rad
        265    9.919E-01,  2.728E-02, -1.239E-01         F               0         Blade 1 X orientation angle, node 22, rad
        266    8.612E-04, -9.780E-01, -2.084E-01         F               0         Blade 1 Y orientation angle, node 22, rad
        267   -1.269E-01,  2.066E-01, -9.702E-01         F               0         Blade 1 Z orientation angle, node 22, rad
        268    9.919E-01,  2.404E-02, -1.246E-01         F               0         Blade 1 X orientation angle, node 23, rad
        269   -2.428E-03, -9.781E-01, -2.080E-01         F               0         Blade 1 Y orientation angle, node 23, rad
        270   -1.269E-01,  2.066E-01, -9.702E-01         F               0         Blade 1 Z orientation angle, node 23, rad
        271    9.919E-01,  2.097E-02, -1.253E-01         F               0         Blade 1 X orientation angle, node 24, rad
        272   -5.544E-03, -9.782E-01, -2.076E-01         F               0         Blade 1 Y orientation angle, node 24, rad
        273   -1.269E-01,  2.066E-01, -9.702E-01         F               0         Blade 1 Z orientation angle, node 24, rad
        274    9.919E-01,  1.806E-02, -1.259E-01         F               0         Blade 1 X orientation angle, node 25, rad
        275   -8.487E-03, -9.783E-01, -2.072E-01         F               0         Blade 1 Y orientation angle, node 25, rad
        276   -1.269E-01,  2.066E-01, -9.702E-01         F               0         Blade 1 Z orientation angle, node 25, rad
        277    9.919E-01,  1.550E-02, -1.264E-01         F               0         Blade 1 X orientation angle, node 26, rad
        278   -1.108E-02, -9.783E-01, -2.069E-01         F               0         Blade 1 Y orientation angle, node 26, rad
        279   -1.269E-01,  2.066E-01, -9.702E-01         F               0         Blade 1 Z orientation angle, node 26, rad
        280    9.918E-01,  1.294E-02, -1.270E-01         F               0         Blade 1 X orientation angle, node 27, rad
        281   -1.368E-02, -9.783E-01, -2.066E-01         F               0         Blade 1 Y orientation angle, node 27, rad
        282   -1.269E-01,  2.066E-01, -9.702E-01         F               0         Blade 1 Z orientation angle, node 27, rad
        283    9.918E-01,  1.158E-02, -1.273E-01         F               0         Blade 1 X orientation angle, node 28, rad
        284   -1.507E-02, -9.784E-01, -2.064E-01         F               0         Blade 1 Y orientation angle, node 28, rad
        285   -1.269E-01,  2.066E-01, -9.702E-01         F               0         Blade 1 Z orientation angle, node 28, rad
        286    6.767E-02                                 F               0         Blade 1 X translation velocity, node 1, m/s
        287    4.849E+00                                 F               0         Blade 1 Y translation velocity, node 1, m/s
        288    1.023E+00                                 F               0         Blade 1 Z translation velocity, node 1, m/s
        289    8.422E-02                                 F               0         Blade 1 X translation velocity, node 2, m/s
        290    6.016E+00                                 F               0         Blade 1 Y translation velocity, node 2, m/s
        291    1.270E+00                                 F               0         Blade 1 Z translation velocity, node 2, m/s
        292    3.093E-01                                 F               0         Blade 1 X translation velocity, node 3, m/s
        293    2.189E+01                                 F               0         Blade 1 Y translation velocity, node 3, m/s
        294    4.622E+00                                 F               0         Blade 1 Z translation velocity, node 3, m/s
        295    3.572E-01                                 F               0         Blade 1 X translation velocity, node 4, m/s
        296    2.528E+01                                 F               0         Blade 1 Y translation velocity, node 4, m/s
        297    5.336E+00                                 F               0         Blade 1 Z translation velocity, node 4, m/s
        298    4.052E-01                                 F               0         Blade 1 X translation velocity, node 5, m/s
        299    2.866E+01                                 F               0         Blade 1 Y translation velocity, node 5, m/s
        300    6.050E+00                                 F               0         Blade 1 Z translation velocity, node 5, m/s
        301    4.531E-01                                 F               0         Blade 1 X translation velocity, node 6, m/s
        302    3.204E+01                                 F               0         Blade 1 Y translation velocity, node 6, m/s
        303    6.765E+00                                 F               0         Blade 1 Z translation velocity, node 6, m/s
        304    5.011E-01                                 F               0         Blade 1 X translation velocity, node 7, m/s
        305    3.543E+01                                 F               0         Blade 1 Y translation velocity, node 7, m/s
        306    7.479E+00                                 F               0         Blade 1 Z translation velocity, node 7, m/s
        307    5.490E-01                                 F               0         Blade 1 X translation velocity, node 8, m/s
