
Linearized model: Predictions were generated on 24-Jan-2024 at 11:24:37 using OpenFAST, compiled as a 64-bit application using single precision at commit v3.5.1
 linked with  NWTC Subroutine Library; ElastoDyn; InflowWind; AeroDyn; ServoDyn; HydroDyn; MAP++ (<1.20.10>, <Oct-20-2023>)

Description from the FAST input file: CCT-9 Campign 4 model. Input files to be run with OpenFAST 3.5.0. GitHub branch from Lu Wang (https://github.com/luwang00/openfast/tree/dev) compiled on March 7, 2023.

Simulation information:
   Simulation time:                   506.1750 s
   Rotor Speed:                         0.8937 rad/s
   Azimuth:                             0.7771 rad
   Wind Speed:                         10.0000 m/s
   Number of continuous states:         0
   Number of discrete states:           0
   Number of constraint states:         0
   Number of inputs:                 1746
   Number of outputs:                   4
   Jacobians included in this file?    No

Order of inputs:
     Column   Operating Point                     Rotating Frame? Derivative Order Description
   ---------- ---------------                     --------------- ---------------- -----------
          1    1.535E-01                                 F               0         Tower X translation displacement, node 1, m
          2   -1.355E+00                                 F               0         Tower Y translation displacement, node 1, m
          3   -4.807E-02                                 F               0         Tower Z translation displacement, node 1, m
          4    3.903E-01                                 F               0         Tower X translation displacement, node 2, m
          5   -1.889E+00                                 F               0         Tower Y translation displacement, node 2, m
          6   -6.192E-02                                 F               0         Tower Z translation displacement, node 2, m
          7    6.403E-01                                 F               0         Tower X translation displacement, node 3, m
          8   -2.429E+00                                 F               0         Tower Y translation displacement, node 3, m
          9   -7.624E-02                                 F               0         Tower Z translation displacement, node 3, m
         10    9.003E-01                                 F               0         Tower X translation displacement, node 4, m
         11   -2.972E+00                                 F               0         Tower Y translation displacement, node 4, m
         12   -9.094E-02                                 F               0         Tower Z translation displacement, node 4, m
         13    1.168E+00                                 F               0         Tower X translation displacement, node 5, m
         14   -3.520E+00                                 F               0         Tower Y translation displacement, node 5, m
         15   -1.060E-01                                 F               0         Tower Z translation displacement, node 5, m
         16    1.442E+00                                 F               0         Tower X translation displacement, node 6, m
         17   -4.070E+00                                 F               0         Tower Y translation displacement, node 6, m
         18   -1.213E-01                                 F               0         Tower Z translation displacement, node 6, m
         19    1.720E+00                                 F               0         Tower X translation displacement, node 7, m
         20   -4.622E+00                                 F               0         Tower Y translation displacement, node 7, m
         21   -1.367E-01                                 F               0         Tower Z translation displacement, node 7, m
         22    2.002E+00                                 F               0         Tower X translation displacement, node 8, m
         23   -5.176E+00                                 F               0         Tower Y translation displacement, node 8, m
         24   -1.524E-01                                 F               0         Tower Z translation displacement, node 8, m
         25    2.285E+00                                 F               0         Tower X translation displacement, node 9, m
         26   -5.732E+00                                 F               0         Tower Y translation displacement, node 9, m
         27   -1.681E-01                                 F               0         Tower Z translation displacement, node 9, m
         28    2.570E+00                                 F               0         Tower X translation displacement, node 10, m
         29   -6.288E+00                                 F               0         Tower Y translation displacement, node 10, m
         30   -1.840E-01                                 F               0         Tower Z translation displacement, node 10, m
         31    2.855E+00                                 F               0         Tower X translation displacement, node 11, m
         32   -6.845E+00                                 F               0         Tower Y translation displacement, node 11, m
         33   -1.998E-01                                 F               0         Tower Z translation displacement, node 11, m
         34    9.998E-01,  7.904E-03, -1.840E-02         F               0         Tower X orientation angle, node 1, rad
         35   -7.102E-03,  9.990E-01,  4.325E-02         F               0         Tower Y orientation angle, node 1, rad
         36    1.873E-02, -4.311E-02,  9.989E-01         F               0         Tower Z orientation angle, node 1, rad
         37    9.998E-01,  7.948E-03, -1.942E-02         F               0         Tower X orientation angle, node 2, rad
         38   -7.094E-03,  9.990E-01,  4.364E-02         F               0         Tower Y orientation angle, node 2, rad
         39    1.975E-02, -4.349E-02,  9.989E-01         F               0         Tower Z orientation angle, node 2, rad
         40    9.998E-01,  7.986E-03, -2.030E-02         F               0         Tower X orientation angle, node 3, rad
         41   -7.087E-03,  9.990E-01,  4.399E-02         F               0         Tower Y orientation angle, node 3, rad
         42    2.063E-02, -4.384E-02,  9.988E-01         F               0         Tower Z orientation angle, node 3, rad
         43    9.997E-01,  8.018E-03, -2.101E-02         F               0         Tower X orientation angle, node 4, rad
         44   -7.081E-03,  9.990E-01,  4.430E-02         F               0         Tower Y orientation angle, node 4, rad
         45    2.135E-02, -4.414E-02,  9.988E-01         F               0         Tower Z orientation angle, node 4, rad
         46    9.997E-01,  8.043E-03, -2.158E-02         F               0         Tower X orientation angle, node 5, rad
         47   -7.075E-03,  9.990E-01,  4.456E-02         F               0         Tower Y orientation angle, node 5, rad
         48    2.192E-02, -4.439E-02,  9.988E-01         F               0         Tower Z orientation angle, node 5, rad
         49    9.997E-01,  8.062E-03, -2.202E-02         F               0         Tower X orientation angle, node 6, rad
         50   -7.070E-03,  9.990E-01,  4.478E-02         F               0         Tower Y orientation angle, node 6, rad
         51    2.236E-02, -4.461E-02,  9.988E-01         F               0         Tower Z orientation angle, node 6, rad
         52    9.997E-01,  8.076E-03, -2.232E-02         F               0         Tower X orientation angle, node 7, rad
         53   -7.066E-03,  9.990E-01,  4.495E-02         F               0         Tower Y orientation angle, node 7, rad
         54    2.266E-02, -4.478E-02,  9.987E-01         F               0         Tower Z orientation angle, node 7, rad
         55    9.997E-01,  8.085E-03, -2.253E-02         F               0         Tower X orientation angle, node 8, rad
         56   -7.063E-03,  9.990E-01,  4.509E-02         F               0         Tower Y orientation angle, node 8, rad
         57    2.287E-02, -4.492E-02,  9.987E-01         F               0         Tower Z orientation angle, node 8, rad
         58    9.997E-01,  8.091E-03, -2.266E-02         F               0         Tower X orientation angle, node 9, rad
         59   -7.061E-03,  9.990E-01,  4.519E-02         F               0         Tower Y orientation angle, node 9, rad
         60    2.300E-02, -4.501E-02,  9.987E-01         F               0         Tower Z orientation angle, node 9, rad
         61    9.997E-01,  8.095E-03, -2.273E-02         F               0         Tower X orientation angle, node 10, rad
         62   -7.060E-03,  9.990E-01,  4.525E-02         F               0         Tower Y orientation angle, node 10, rad
         63    2.307E-02, -4.508E-02,  9.987E-01         F               0         Tower Z orientation angle, node 10, rad
         64    9.997E-01,  8.096E-03, -2.276E-02         F               0         Tower X orientation angle, node 11, rad
         65   -7.059E-03,  9.989E-01,  4.529E-02         F               0         Tower Y orientation angle, node 11, rad
         66    2.310E-02, -4.512E-02,  9.987E-01         F               0         Tower Z orientation angle, node 11, rad
         67   -2.988E-06                                 F               0         Tower X translation velocity, node 1, m/s
         68   -1.298E-06                                 F               0         Tower Y translation velocity, node 1, m/s
         69    0.000E+00                                 F               0         Tower Z translation velocity, node 1, m/s
         70   -1.261E-06                                 F               0         Tower X translation velocity, node 2, m/s
         71   -3.363E-05                                 F               0         Tower Y translation velocity, node 2, m/s
         72   -1.438E-06                                 F               0         Tower Z translation velocity, node 2, m/s
         73    1.076E-05                                 F               0         Tower X translation velocity, node 3, m/s
         74   -1.471E-04                                 F               0         Tower Y translation velocity, node 3, m/s
         75   -6.646E-06                                 F               0         Tower Z translation velocity, node 3, m/s
         76    3.204E-05                                 F               0         Tower X translation velocity, node 4, m/s
         77   -3.258E-04                                 F               0         Tower Y translation velocity, node 4, m/s
         78   -1.497E-05                                 F               0         Tower Z translation velocity, node 4, m/s
         79    6.238E-05                                 F               0         Tower X translation velocity, node 5, m/s
         80   -5.619E-04                                 F               0         Tower Y translation velocity, node 5, m/s
         81   -2.609E-05                                 F               0         Tower Z translation velocity, node 5, m/s
         82    1.014E-04                                 F               0         Tower X translation velocity, node 6, m/s
         83   -8.475E-04                                 F               0         Tower Y translation velocity, node 6, m/s
         84   -3.969E-05                                 F               0         Tower Z translation velocity, node 6, m/s
         85    1.480E-04                                 F               0         Tower X translation velocity, node 7, m/s
         86   -1.172E-03                                 F               0         Tower Y translation velocity, node 7, m/s
         87   -5.525E-05                                 F               0         Tower Z translation velocity, node 7, m/s
         88    2.019E-04                                 F               0         Tower X translation velocity, node 8, m/s
         89   -1.531E-03                                 F               0         Tower Y translation velocity, node 8, m/s
         90   -7.262E-05                                 F               0         Tower Z translation velocity, node 8, m/s
         91    2.619E-04                                 F               0         Tower X translation velocity, node 9, m/s
         92   -1.918E-03                                 F               0         Tower Y translation velocity, node 9, m/s
         93   -9.139E-05                                 F               0         Tower Z translation velocity, node 9, m/s
         94    3.268E-04                                 F               0         Tower X translation velocity, node 10, m/s
         95   -2.323E-03                                 F               0         Tower Y translation velocity, node 10, m/s
         96   -1.112E-04                                 F               0         Tower Z translation velocity, node 10, m/s
         97    3.947E-04                                 F               0         Tower X translation velocity, node 11, m/s
         98   -2.740E-03                                 F               0         Tower Y translation velocity, node 11, m/s
         99   -1.316E-04                                 F               0         Tower Z translation velocity, node 11, m/s
        100    3.040E+00                                 F               0         Hub X translation displacement, node 1, m
        101   -7.287E+00                                 F               0         Hub Y translation displacement, node 1, m
        102    3.587E-02                                 F               0         Hub Z translation displacement, node 1, m
        103    9.918E-01,  1.277E-02, -1.270E-01         F               0         Hub X orientation angle, node 1, rad
        104    8.436E-02,  6.813E-01,  7.271E-01         F               0         Hub Y orientation angle, node 1, rad
        105    9.583E-02, -7.319E-01,  6.747E-01         F               0         Hub Z orientation angle, node 1, rad
        106    8.864E-01                                 F               0         Hub X rotation velocity, node 1, rad/s
        107    1.142E-02                                 F               0         Hub Y rotation velocity, node 1, rad/s
        108   -1.135E-01                                 F               0         Hub Z rotation velocity, node 1, rad/s
        109    9.889E-01, -7.450E-03, -1.485E-01         F               0         Blade root 1 X orientation angle, node 1, rad
        110    1.137E-01,  6.814E-01,  7.230E-01         F               0         Blade root 1 Y orientation angle, node 1, rad
        111    9.583E-02, -7.319E-01,  6.747E-01         F               0         Blade root 1 Z orientation angle, node 1, rad
        112    9.902E-01,  4.167E-02, -1.335E-01         F               0         Blade root 2 X orientation angle, node 1, rad
        113    7.022E-02, -9.737E-01,  2.168E-01         F               0         Blade root 2 Y orientation angle, node 1, rad
        114   -1.210E-01, -2.241E-01, -9.670E-01         F               0         Blade root 2 Z orientation angle, node 1, rad
        115    9.951E-01,  4.064E-03, -9.885E-02         F               0         Blade root 3 X orientation angle, node 1, rad
        116   -9.569E-02,  2.934E-01, -9.512E-01         F               0         Blade root 3 Y orientation angle, node 1, rad
        117    2.514E-02,  9.560E-01,  2.924E-01         F               0         Blade root 3 Z orientation angle, node 1, rad
        118    2.991E+00                                 F               0         Blade 1 X translation displacement, node 1, m
        119   -1.134E+01                                 F               0         Blade 1 Y translation displacement, node 1, m
        120   -1.736E+00                                 F               0         Blade 1 Z translation displacement, node 1, m
        121    2.980E+00                                 F               0         Blade 1 X translation displacement, node 2, m
        122   -1.232E+01                                 F               0         Blade 1 Y translation displacement, node 2, m
        123   -2.163E+00                                 F               0         Blade 1 Z translation displacement, node 2, m
        124    2.822E+00                                 F               0         Blade 1 X translation displacement, node 3, m
        125   -2.560E+01                                 F               0         Blade 1 Y translation displacement, node 3, m
        126   -7.970E+00                                 F               0         Blade 1 Z translation displacement, node 3, m
        127    2.788E+00                                 F               0         Blade 1 X translation displacement, node 4, m
        128   -2.843E+01                                 F               0         Blade 1 Y translation displacement, node 4, m
        129   -9.207E+00                                 F               0         Blade 1 Z translation displacement, node 4, m
        130    2.755E+00                                 F               0         Blade 1 X translation displacement, node 5, m
        131   -3.127E+01                                 F               0         Blade 1 Y translation displacement, node 5, m
        132   -1.044E+01                                 F               0         Blade 1 Z translation displacement, node 5, m
        133    2.721E+00                                 F               0         Blade 1 X translation displacement, node 6, m
        134   -3.410E+01                                 F               0         Blade 1 Y translation displacement, node 6, m
        135   -1.168E+01                                 F               0         Blade 1 Z translation displacement, node 6, m
        136    2.687E+00                                 F               0         Blade 1 X translation displacement, node 7, m
        137   -3.693E+01                                 F               0         Blade 1 Y translation displacement, node 7, m
        138   -1.292E+01                                 F               0         Blade 1 Z translation displacement, node 7, m
        139    2.654E+00                                 F               0         Blade 1 X translation displacement, node 8, m
        140   -3.976E+01                                 F               0         Blade 1 Y translation displacement, node 8, m
        141   -1.416E+01                                 F               0         Blade 1 Z translation displacement, node 8, m
        142    2.620E+00                                 F               0         Blade 1 X translation displacement, node 9, m
        143   -4.259E+01                                 F               0         Blade 1 Y translation displacement, node 9, m
        144   -1.539E+01                                 F               0         Blade 1 Z translation displacement, node 9, m
        145    2.586E+00                                 F               0         Blade 1 X translation displacement, node 10, m
        146   -4.542E+01                                 F               0         Blade 1 Y translation displacement, node 10, m
        147   -1.663E+01                                 F               0         Blade 1 Z translation displacement, node 10, m
        148    2.553E+00                                 F               0         Blade 1 X translation displacement, node 11, m
        149   -4.825E+01                                 F               0         Blade 1 Y translation displacement, node 11, m
        150   -1.787E+01                                 F               0         Blade 1 Z translation displacement, node 11, m
        151    2.519E+00                                 F               0         Blade 1 X translation displacement, node 12, m
        152   -5.108E+01                                 F               0         Blade 1 Y translation displacement, node 12, m
        153   -1.910E+01                                 F               0         Blade 1 Z translation displacement, node 12, m
        154    2.485E+00                                 F               0         Blade 1 X translation displacement, node 13, m
        155   -5.391E+01                                 F               0         Blade 1 Y translation displacement, node 13, m
        156   -2.034E+01                                 F               0         Blade 1 Z translation displacement, node 13, m
        157    2.452E+00                                 F               0         Blade 1 X translation displacement, node 14, m
        158   -5.674E+01                                 F               0         Blade 1 Y translation displacement, node 14, m
        159   -2.158E+01                                 F               0         Blade 1 Z translation displacement, node 14, m
        160    2.418E+00                                 F               0         Blade 1 X translation displacement, node 15, m
        161   -5.957E+01                                 F               0         Blade 1 Y translation displacement, node 15, m
        162   -2.282E+01                                 F               0         Blade 1 Z translation displacement, node 15, m
        163    2.385E+00                                 F               0         Blade 1 X translation displacement, node 16, m
        164   -6.240E+01                                 F               0         Blade 1 Y translation displacement, node 16, m
        165   -2.405E+01                                 F               0         Blade 1 Z translation displacement, node 16, m
        166    2.351E+00                                 F               0         Blade 1 X translation displacement, node 17, m
        167   -6.523E+01                                 F               0         Blade 1 Y translation displacement, node 17, m
        168   -2.529E+01                                 F               0         Blade 1 Z translation displacement, node 17, m
        169    2.317E+00                                 F               0         Blade 1 X translation displacement, node 18, m
        170   -6.806E+01                                 F               0         Blade 1 Y translation displacement, node 18, m
        171   -2.653E+01                                 F               0         Blade 1 Z translation displacement, node 18, m
        172    2.284E+00                                 F               0         Blade 1 X translation displacement, node 19, m
        173   -7.090E+01                                 F               0         Blade 1 Y translation displacement, node 19, m
        174   -2.776E+01                                 F               0         Blade 1 Z translation displacement, node 19, m
        175    2.250E+00                                 F               0         Blade 1 X translation displacement, node 20, m
        176   -7.373E+01                                 F               0         Blade 1 Y translation displacement, node 20, m
        177   -2.900E+01                                 F               0         Blade 1 Z translation displacement, node 20, m
        178    2.216E+00                                 F               0         Blade 1 X translation displacement, node 21, m
        179   -7.656E+01                                 F               0         Blade 1 Y translation displacement, node 21, m
        180   -3.024E+01                                 F               0         Blade 1 Z translation displacement, node 21, m
        181    2.183E+00                                 F               0         Blade 1 X translation displacement, node 22, m
        182   -7.939E+01                                 F               0         Blade 1 Y translation displacement, node 22, m
        183   -3.148E+01                                 F               0         Blade 1 Z translation displacement, node 22, m
        184    2.149E+00                                 F               0         Blade 1 X translation displacement, node 23, m
        185   -8.222E+01                                 F               0         Blade 1 Y translation displacement, node 23, m
        186   -3.271E+01                                 F               0         Blade 1 Z translation displacement, node 23, m
        187    2.115E+00                                 F               0         Blade 1 X translation displacement, node 24, m
        188   -8.505E+01                                 F               0         Blade 1 Y translation displacement, node 24, m
        189   -3.395E+01                                 F               0         Blade 1 Z translation displacement, node 24, m
        190    2.082E+00                                 F               0         Blade 1 X translation displacement, node 25, m
        191   -8.788E+01                                 F               0         Blade 1 Y translation displacement, node 25, m
        192   -3.519E+01                                 F               0         Blade 1 Z translation displacement, node 25, m
        193    2.048E+00                                 F               0         Blade 1 X translation displacement, node 26, m
        194   -9.071E+01                                 F               0         Blade 1 Y translation displacement, node 26, m
        195   -3.642E+01                                 F               0         Blade 1 Z translation displacement, node 26, m
        196    2.014E+00                                 F               0         Blade 1 X translation displacement, node 27, m
        197   -9.354E+01                                 F               0         Blade 1 Y translation displacement, node 27, m
        198   -3.766E+01                                 F               0         Blade 1 Z translation displacement, node 27, m
        199    1.986E+00                                 F               0         Blade 1 X translation displacement, node 28, m
        200   -9.594E+01                                 F               0         Blade 1 Y translation displacement, node 28, m
        201   -3.871E+01                                 F               0         Blade 1 Z translation displacement, node 28, m
        202    8.282E-01, -3.174E-01, -4.619E-01         F               0         Blade 1 X orientation angle, node 1, rad
        203    5.522E-01,  6.030E-01,  5.757E-01         F               0         Blade 1 Y orientation angle, node 1, rad
        204    9.583E-02, -7.319E-01,  6.747E-01         F               0         Blade 1 Z orientation angle, node 1, rad
        205    8.282E-01, -3.174E-01, -4.619E-01         F               0         Blade 1 X orientation angle, node 2, rad
        206    5.522E-01,  6.030E-01,  5.757E-01         F               0         Blade 1 Y orientation angle, node 2, rad
        207    9.583E-02, -7.319E-01,  6.747E-01         F               0         Blade 1 Z orientation angle, node 2, rad
        208    9.355E-01, -1.654E-01, -3.123E-01         F               0         Blade 1 X orientation angle, node 3, rad
        209    3.401E-01,  6.611E-01,  6.688E-01         F               0         Blade 1 Y orientation angle, node 3, rad
        210    9.583E-02, -7.319E-01,  6.747E-01         F               0         Blade 1 Z orientation angle, node 3, rad
        211    9.490E-01, -1.373E-01, -2.838E-01         F               0         Blade 1 X orientation angle, node 4, rad
        212    3.003E-01,  6.674E-01,  6.814E-01         F               0         Blade 1 Y orientation angle, node 4, rad
        213    9.583E-02, -7.319E-01,  6.747E-01         F               0         Blade 1 Z orientation angle, node 4, rad
        214    9.584E-01, -1.151E-01, -2.610E-01         F               0         Blade 1 X orientation angle, node 5, rad
        215    2.687E-01,  6.716E-01,  6.904E-01         F               0         Blade 1 Y orientation angle, node 5, rad
        216    9.583E-02, -7.319E-01,  6.747E-01         F               0         Blade 1 Z orientation angle, node 5, rad
        217    9.652E-01, -9.727E-02, -2.426E-01         F               0         Blade 1 X orientation angle, node 6, rad
        218    2.432E-01,  6.744E-01,  6.971E-01         F               0         Blade 1 Y orientation angle, node 6, rad
        219    9.583E-02, -7.319E-01,  6.747E-01         F               0         Blade 1 Z orientation angle, node 6, rad
        220    9.703E-01, -8.253E-02, -2.274E-01         F               0         Blade 1 X orientation angle, node 7, rad
        221    2.221E-01,  6.764E-01,  7.022E-01         F               0         Blade 1 Y orientation angle, node 7, rad
        222    9.583E-02, -7.319E-01,  6.747E-01         F               0         Blade 1 Z orientation angle, node 7, rad
        223    9.742E-01, -7.024E-02, -2.146E-01         F               0         Blade 1 X orientation angle, node 8, rad
        224    2.044E-01,  6.778E-01,  7.063E-01         F               0         Blade 1 Y orientation angle, node 8, rad
        225    9.583E-02, -7.319E-01,  6.747E-01         F               0         Blade 1 Z orientation angle, node 8, rad
        226    9.772E-01, -5.982E-02, -2.037E-01         F               0         Blade 1 X orientation angle, node 9, rad
        227    1.894E-01,  6.788E-01,  7.095E-01         F               0         Blade 1 Y orientation angle, node 9, rad
        228    9.583E-02, -7.319E-01,  6.747E-01         F               0         Blade 1 Z orientation angle, node 9, rad
        229    9.796E-01, -5.081E-02, -1.943E-01         F               0         Blade 1 X orientation angle, node 10, rad
        230    1.765E-01,  6.795E-01,  7.121E-01         F               0         Blade 1 Y orientation angle, node 10, rad
        231    9.583E-02, -7.319E-01,  6.747E-01         F               0         Blade 1 Z orientation angle, node 10, rad
        232    9.816E-01, -4.310E-02, -1.862E-01         F               0         Blade 1 X orientation angle, node 11, rad
        233    1.653E-01,  6.801E-01,  7.143E-01         F               0         Blade 1 Y orientation angle, node 11, rad
        234    9.583E-02, -7.319E-01,  6.747E-01         F               0         Blade 1 Z orientation angle, node 11, rad
        235    9.832E-01, -3.633E-02, -1.791E-01         F               0         Blade 1 X orientation angle, node 12, rad
        236    1.556E-01,  6.805E-01,  7.161E-01         F               0         Blade 1 Y orientation angle, node 12, rad
        237    9.583E-02, -7.319E-01,  6.747E-01         F               0         Blade 1 Z orientation angle, node 12, rad
        238    9.845E-01, -3.039E-02, -1.728E-01         F               0         Blade 1 X orientation angle, node 13, rad
        239    1.470E-01,  6.807E-01,  7.176E-01         F               0         Blade 1 Y orientation angle, node 13, rad
        240    9.583E-02, -7.319E-01,  6.747E-01         F               0         Blade 1 Z orientation angle, node 13, rad
        241    9.856E-01, -2.505E-02, -1.672E-01         F               0         Blade 1 X orientation angle, node 14, rad
        242    1.392E-01,  6.810E-01,  7.190E-01         F               0         Blade 1 Y orientation angle, node 14, rad
        243    9.583E-02, -7.319E-01,  6.747E-01         F               0         Blade 1 Z orientation angle, node 14, rad
        244    9.866E-01, -2.029E-02, -1.621E-01         F               0         Blade 1 X orientation angle, node 15, rad
        245    1.324E-01,  6.811E-01,  7.201E-01         F               0         Blade 1 Y orientation angle, node 15, rad
        246    9.583E-02, -7.319E-01,  6.747E-01         F               0         Blade 1 Z orientation angle, node 15, rad
        247    9.874E-01, -1.601E-02, -1.576E-01         F               0         Blade 1 X orientation angle, node 16, rad
        248    1.262E-01,  6.812E-01,  7.211E-01         F               0         Blade 1 Y orientation angle, node 16, rad
        249    9.583E-02, -7.319E-01,  6.747E-01         F               0         Blade 1 Z orientation angle, node 16, rad
        250    9.881E-01, -1.221E-02, -1.536E-01         F               0         Blade 1 X orientation angle, node 17, rad
        251    1.206E-01,  6.813E-01,  7.220E-01         F               0         Blade 1 Y orientation angle, node 17, rad
        252    9.583E-02, -7.319E-01,  6.747E-01         F               0         Blade 1 Z orientation angle, node 17, rad
        253    9.887E-01, -8.639E-03, -1.498E-01         F               0         Blade 1 X orientation angle, node 18, rad
        254    1.155E-01,  6.814E-01,  7.228E-01         F               0         Blade 1 Y orientation angle, node 18, rad
        255    9.583E-02, -7.319E-01,  6.747E-01         F               0         Blade 1 Z orientation angle, node 18, rad
        256    9.892E-01, -5.428E-03, -1.464E-01         F               0         Blade 1 X orientation angle, node 19, rad
        257    1.108E-01,  6.814E-01,  7.235E-01         F               0         Blade 1 Y orientation angle, node 19, rad
        258    9.583E-02, -7.319E-01,  6.747E-01         F               0         Blade 1 Z orientation angle, node 19, rad
        259    9.897E-01, -2.574E-03, -1.434E-01         F               0         Blade 1 X orientation angle, node 20, rad
        260    1.067E-01,  6.814E-01,  7.241E-01         F               0         Blade 1 Y orientation angle, node 20, rad
        261    9.583E-02, -7.319E-01,  6.747E-01         F               0         Blade 1 Z orientation angle, node 20, rad
        262    9.901E-01,  1.615E-04, -1.405E-01         F               0         Blade 1 X orientation angle, node 21, rad
        263    1.027E-01,  6.814E-01,  7.246E-01         F               0         Blade 1 Y orientation angle, node 21, rad
        264    9.583E-02, -7.319E-01,  6.747E-01         F               0         Blade 1 Z orientation angle, node 21, rad
        265    9.905E-01,  2.659E-03, -1.378E-01         F               0         Blade 1 X orientation angle, node 22, rad
        266    9.906E-02,  6.814E-01,  7.252E-01         F               0         Blade 1 Y orientation angle, node 22, rad
        267    9.583E-02, -7.319E-01,  6.747E-01         F               0         Blade 1 Z orientation angle, node 22, rad
        268    9.908E-01,  4.919E-03, -1.354E-01         F               0         Blade 1 X orientation angle, node 23, rad
        269    9.577E-02,  6.814E-01,  7.256E-01         F               0         Blade 1 Y orientation angle, node 23, rad
        270    9.583E-02, -7.319E-01,  6.747E-01         F               0         Blade 1 Z orientation angle, node 23, rad
        271    9.911E-01,  7.059E-03, -1.331E-01         F               0         Blade 1 X orientation angle, node 24, rad
        272    9.266E-02,  6.814E-01,  7.260E-01         F               0         Blade 1 Y orientation angle, node 24, rad
        273    9.583E-02, -7.319E-01,  6.747E-01         F               0         Blade 1 Z orientation angle, node 24, rad
        274    9.913E-01,  9.081E-03, -1.310E-01         F               0         Blade 1 X orientation angle, node 25, rad
        275    8.972E-02,  6.814E-01,  7.264E-01         F               0         Blade 1 Y orientation angle, node 25, rad
        276    9.583E-02, -7.319E-01,  6.747E-01         F               0         Blade 1 Z orientation angle, node 25, rad
        277    9.916E-01,  1.086E-02, -1.291E-01         F               0         Blade 1 X orientation angle, node 26, rad
        278    8.713E-02,  6.813E-01,  7.268E-01         F               0         Blade 1 Y orientation angle, node 26, rad
        279    9.583E-02, -7.319E-01,  6.747E-01         F               0         Blade 1 Z orientation angle, node 26, rad
        280    9.918E-01,  1.265E-02, -1.272E-01         F               0         Blade 1 X orientation angle, node 27, rad
        281    8.453E-02,  6.813E-01,  7.271E-01         F               0         Blade 1 Y orientation angle, node 27, rad
        282    9.583E-02, -7.319E-01,  6.747E-01         F               0         Blade 1 Z orientation angle, node 27, rad
        283    9.919E-01,  1.360E-02, -1.261E-01         F               0         Blade 1 X orientation angle, node 28, rad
        284    8.314E-02,  6.813E-01,  7.273E-01         F               0         Blade 1 Y orientation angle, node 28, rad
        285    9.583E-02, -7.319E-01,  6.747E-01         F               0         Blade 1 Z orientation angle, node 28, rad
        286   -4.172E-01                                 F               0         Blade 1 X translation velocity, node 1, m/s
        287   -3.376E+00                                 F               0         Blade 1 Y translation velocity, node 1, m/s
        288   -3.600E+00                                 F               0         Blade 1 Z translation velocity, node 1, m/s
        289   -5.178E-01                                 F               0         Blade 1 X translation velocity, node 2, m/s
        290   -4.189E+00                                 F               0         Blade 1 Y translation velocity, node 2, m/s
        291   -4.468E+00                                 F               0         Blade 1 Z translation velocity, node 2, m/s
        292   -1.886E+00                                 F               0         Blade 1 X translation velocity, node 3, m/s
        293   -1.524E+01                                 F               0         Blade 1 Y translation velocity, node 3, m/s
        294   -1.626E+01                                 F               0         Blade 1 Z translation velocity, node 3, m/s
        295   -2.178E+00                                 F               0         Blade 1 X translation velocity, node 4, m/s
        296   -1.760E+01                                 F               0         Blade 1 Y translation velocity, node 4, m/s
        297   -1.878E+01                                 F               0         Blade 1 Z translation velocity, node 4, m/s
        298   -2.469E+00                                 F               0         Blade 1 X translation velocity, node 5, m/s
        299   -1.995E+01                                 F               0         Blade 1 Y translation velocity, node 5, m/s
        300   -2.129E+01                                 F               0         Blade 1 Z translation velocity, node 5, m/s
        301   -2.761E+00                                 F               0         Blade 1 X translation velocity, node 6, m/s
        302   -2.231E+01                                 F               0         Blade 1 Y translation velocity, node 6, m/s
        303   -2.380E+01                                 F               0         Blade 1 Z translation velocity, node 6, m/s
        304   -3.053E+00                                 F               0         Blade 1 X translation velocity, node 7, m/s
        305   -2.466E+01                                 F               0         Blade 1 Y translation velocity, node 7, m/s
        306   -2.632E+01                                 F               0         Blade 1 Z translation velocity, node 7, m/s
        307   -3.344E+00                                 F               0         Blade 1 X translation velocity, node 8, m/s
