
Linearized model: Predictions were generated on 24-Jan-2024 at 11:24:37 using OpenFAST, compiled as a 64-bit application using single precision at commit v3.5.1
 linked with  NWTC Subroutine Library; ElastoDyn; InflowWind; AeroDyn; ServoDyn; HydroDyn; MAP++ (<1.20.10>, <Oct-20-2023>)

Description from the FAST input file: CCT-9 Campign 4 model. Input files to be run with OpenFAST 3.5.0. GitHub branch from Lu Wang (https://github.com/luwang00/openfast/tree/dev) compiled on March 7, 2023.

Simulation information:
   Simulation time:                   504.7000 s
   Rotor Speed:                         0.8939 rad/s
   Azimuth:                             5.7420 rad
   Wind Speed:                         10.0000 m/s
   Number of continuous states:         0
   Number of discrete states:           0
   Number of constraint states:         0
   Number of inputs:                 1746
   Number of outputs:                   4
   Jacobians included in this file?    No

Order of inputs:
     Column   Operating Point                     Rotating Frame? Derivative Order Description
   ---------- ---------------                     --------------- ---------------- -----------
          1    1.535E-01                                 F               0         Tower X translation displacement, node 1, m
          2   -1.355E+00                                 F               0         Tower Y translation displacement, node 1, m
          3   -4.807E-02                                 F               0         Tower Z translation displacement, node 1, m
          4    3.902E-01                                 F               0         Tower X translation displacement, node 2, m
          5   -1.889E+00                                 F               0         Tower Y translation displacement, node 2, m
          6   -6.192E-02                                 F               0         Tower Z translation displacement, node 2, m
          7    6.403E-01                                 F               0         Tower X translation displacement, node 3, m
          8   -2.429E+00                                 F               0         Tower Y translation displacement, node 3, m
          9   -7.623E-02                                 F               0         Tower Z translation displacement, node 3, m
         10    9.002E-01                                 F               0         Tower X translation displacement, node 4, m
         11   -2.972E+00                                 F               0         Tower Y translation displacement, node 4, m
         12   -9.093E-02                                 F               0         Tower Z translation displacement, node 4, m
         13    1.168E+00                                 F               0         Tower X translation displacement, node 5, m
         14   -3.519E+00                                 F               0         Tower Y translation displacement, node 5, m
         15   -1.059E-01                                 F               0         Tower Z translation displacement, node 5, m
         16    1.442E+00                                 F               0         Tower X translation displacement, node 6, m
         17   -4.069E+00                                 F               0         Tower Y translation displacement, node 6, m
         18   -1.212E-01                                 F               0         Tower Z translation displacement, node 6, m
         19    1.720E+00                                 F               0         Tower X translation displacement, node 7, m
         20   -4.621E+00                                 F               0         Tower Y translation displacement, node 7, m
         21   -1.367E-01                                 F               0         Tower Z translation displacement, node 7, m
         22    2.001E+00                                 F               0         Tower X translation displacement, node 8, m
         23   -5.174E+00                                 F               0         Tower Y translation displacement, node 8, m
         24   -1.523E-01                                 F               0         Tower Z translation displacement, node 8, m
         25    2.284E+00                                 F               0         Tower X translation displacement, node 9, m
         26   -5.730E+00                                 F               0         Tower Y translation displacement, node 9, m
         27   -1.680E-01                                 F               0         Tower Z translation displacement, node 9, m
         28    2.569E+00                                 F               0         Tower X translation displacement, node 10, m
         29   -6.286E+00                                 F               0         Tower Y translation displacement, node 10, m
         30   -1.838E-01                                 F               0         Tower Z translation displacement, node 10, m
         31    2.854E+00                                 F               0         Tower X translation displacement, node 11, m
         32   -6.843E+00                                 F               0         Tower Y translation displacement, node 11, m
         33   -1.997E-01                                 F               0         Tower Z translation displacement, node 11, m
         34    9.998E-01,  7.908E-03, -1.840E-02         F               0         Tower X orientation angle, node 1, rad
         35   -7.106E-03,  9.990E-01,  4.325E-02         F               0         Tower Y orientation angle, node 1, rad
         36    1.873E-02, -4.311E-02,  9.989E-01         F               0         Tower Z orientation angle, node 1, rad
         37    9.998E-01,  7.952E-03, -1.942E-02         F               0         Tower X orientation angle, node 2, rad
         38   -7.098E-03,  9.990E-01,  4.363E-02         F               0         Tower Y orientation angle, node 2, rad
         39    1.975E-02, -4.349E-02,  9.989E-01         F               0         Tower Z orientation angle, node 2, rad
         40    9.998E-01,  7.990E-03, -2.029E-02         F               0         Tower X orientation angle, node 3, rad
         41   -7.092E-03,  9.990E-01,  4.398E-02         F               0         Tower Y orientation angle, node 3, rad
         42    2.062E-02, -4.382E-02,  9.988E-01         F               0         Tower Z orientation angle, node 3, rad
         43    9.997E-01,  8.022E-03, -2.101E-02         F               0         Tower X orientation angle, node 4, rad
         44   -7.085E-03,  9.990E-01,  4.428E-02         F               0         Tower Y orientation angle, node 4, rad
         45    2.134E-02, -4.412E-02,  9.988E-01         F               0         Tower Z orientation angle, node 4, rad
         46    9.997E-01,  8.047E-03, -2.157E-02         F               0         Tower X orientation angle, node 5, rad
         47   -7.080E-03,  9.990E-01,  4.454E-02         F               0         Tower Y orientation angle, node 5, rad
         48    2.191E-02, -4.437E-02,  9.988E-01         F               0         Tower Z orientation angle, node 5, rad
         49    9.997E-01,  8.066E-03, -2.201E-02         F               0         Tower X orientation angle, node 6, rad
         50   -7.075E-03,  9.990E-01,  4.475E-02         F               0         Tower Y orientation angle, node 6, rad
         51    2.234E-02, -4.459E-02,  9.988E-01         F               0         Tower Z orientation angle, node 6, rad
         52    9.997E-01,  8.080E-03, -2.231E-02         F               0         Tower X orientation angle, node 7, rad
         53   -7.071E-03,  9.990E-01,  4.493E-02         F               0         Tower Y orientation angle, node 7, rad
         54    2.265E-02, -4.476E-02,  9.987E-01         F               0         Tower Z orientation angle, node 7, rad
         55    9.997E-01,  8.089E-03, -2.252E-02         F               0         Tower X orientation angle, node 8, rad
         56   -7.068E-03,  9.990E-01,  4.506E-02         F               0         Tower Y orientation angle, node 8, rad
         57    2.286E-02, -4.489E-02,  9.987E-01         F               0         Tower Z orientation angle, node 8, rad
         58    9.997E-01,  8.095E-03, -2.264E-02         F               0         Tower X orientation angle, node 9, rad
         59   -7.066E-03,  9.990E-01,  4.516E-02         F               0         Tower Y orientation angle, node 9, rad
         60    2.299E-02, -4.498E-02,  9.987E-01         F               0         Tower Z orientation angle, node 9, rad
         61    9.997E-01,  8.098E-03, -2.271E-02         F               0         Tower X orientation angle, node 10, rad
         62   -7.065E-03,  9.990E-01,  4.522E-02         F               0         Tower Y orientation angle, node 10, rad
         63    2.306E-02, -4.505E-02,  9.987E-01         F               0         Tower Z orientation angle, node 10, rad
         64    9.997E-01,  8.100E-03, -2.274E-02         F               0         Tower X orientation angle, node 11, rad
         65   -7.064E-03,  9.990E-01,  4.526E-02         F               0         Tower Y orientation angle, node 11, rad
         66    2.308E-02, -4.508E-02,  9.987E-01         F               0         Tower Z orientation angle, node 11, rad
         67   -9.832E-07                                 F               0         Tower X translation velocity, node 1, m/s
         68   -4.271E-07                                 F               0         Tower Y translation velocity, node 1, m/s
         69    0.000E+00                                 F               0         Tower Z translation velocity, node 1, m/s
         70    5.484E-06                                 F               0         Tower X translation velocity, node 2, m/s
         71   -4.344E-06                                 F               0         Tower Y translation velocity, node 2, m/s
         72   -2.963E-07                                 F               0         Tower Z translation velocity, node 2, m/s
         73    3.175E-05                                 F               0         Tower X translation velocity, node 3, m/s
         74   -1.766E-05                                 F               0         Tower Y translation velocity, node 3, m/s
         75   -1.411E-06                                 F               0         Tower Z translation velocity, node 3, m/s
         76    7.603E-05                                 F               0         Tower X translation velocity, node 4, m/s
         77   -3.859E-05                                 F               0         Tower Y translation velocity, node 4, m/s
         78   -3.266E-06                                 F               0         Tower Z translation velocity, node 4, m/s
         79    1.382E-04                                 F               0         Tower X translation velocity, node 5, m/s
         80   -6.627E-05                                 F               0         Tower Y translation velocity, node 5, m/s
         81   -5.841E-06                                 F               0         Tower Z translation velocity, node 5, m/s
         82    2.176E-04                                 F               0         Tower X translation velocity, node 6, m/s
         83   -9.984E-05                                 F               0         Tower Y translation velocity, node 6, m/s
         84   -9.100E-06                                 F               0         Tower Z translation velocity, node 6, m/s
         85    3.121E-04                                 F               0         Tower X translation velocity, node 7, m/s
         86   -1.380E-04                                 F               0         Tower Y translation velocity, node 7, m/s
         87   -1.294E-05                                 F               0         Tower Z translation velocity, node 7, m/s
         88    4.214E-04                                 F               0         Tower X translation velocity, node 8, m/s
         89   -1.805E-04                                 F               0         Tower Y translation velocity, node 8, m/s
         90   -1.733E-05                                 F               0         Tower Z translation velocity, node 8, m/s
         91    5.432E-04                                 F               0         Tower X translation velocity, node 9, m/s
         92   -2.262E-04                                 F               0         Tower Y translation velocity, node 9, m/s
         93   -2.218E-05                                 F               0         Tower Z translation velocity, node 9, m/s
         94    6.747E-04                                 F               0         Tower X translation velocity, node 10, m/s
         95   -2.742E-04                                 F               0         Tower Y translation velocity, node 10, m/s
         96   -2.738E-05                                 F               0         Tower Z translation velocity, node 10, m/s
         97    8.127E-04                                 F               0         Tower X translation velocity, node 11, m/s
         98   -3.237E-04                                 F               0         Tower Y translation velocity, node 11, m/s
         99   -3.280E-05                                 F               0         Tower Z translation velocity, node 11, m/s
        100    3.038E+00                                 F               0         Hub X translation displacement, node 1, m
        101   -7.284E+00                                 F               0         Hub Y translation displacement, node 1, m
        102    3.586E-02                                 F               0         Hub Z translation displacement, node 1, m
        103    9.918E-01,  1.277E-02, -1.270E-01         F               0         Hub X orientation angle, node 1, rad
        104   -7.171E-02,  8.789E-01, -4.716E-01         F               0         Hub Y orientation angle, node 1, rad
        105    1.056E-01,  4.769E-01,  8.726E-01         F               0         Hub Z orientation angle, node 1, rad
        106    8.866E-01                                 F               0         Hub X rotation velocity, node 1, rad/s
        107    1.142E-02                                 F               0         Hub Y rotation velocity, node 1, rad/s
        108   -1.135E-01                                 F               0         Hub Z rotation velocity, node 1, rad/s
        109    9.935E-01, -1.331E-02, -1.130E-01         F               0         Blade root 1 X orientation angle, node 1, rad
        110   -4.226E-02,  8.789E-01, -4.752E-01         F               0         Blade root 1 Y orientation angle, node 1, rad
        111    1.056E-01,  4.769E-01,  8.726E-01         F               0         Blade root 1 Z orientation angle, node 1, rad
        112    9.876E-01,  1.355E-02, -1.564E-01         F               0         Blade root 2 X orientation angle, node 1, rad
        113    1.567E-01, -2.605E-02,  9.873E-01         F               0         Blade root 2 Y orientation angle, node 1, rad
        114    9.301E-03, -9.996E-01, -2.785E-02         F               0         Blade root 2 Z orientation angle, node 1, rad
        115    9.930E-01,  3.805E-02, -1.115E-01         F               0         Blade root 3 X orientation angle, node 1, rad
        116   -2.615E-02, -8.517E-01, -5.234E-01         F               0         Blade root 3 Y orientation angle, node 1, rad
        117   -1.149E-01,  5.227E-01, -8.447E-01         F               0         Blade root 3 Z orientation angle, node 1, rad
        118    3.044E+00                                 F               0         Blade 1 X translation displacement, node 1, m
        119   -4.642E+00                                 F               0         Blade 1 Y translation displacement, node 1, m
        120   -6.396E-01                                 F               0         Blade 1 Z translation displacement, node 1, m
        121    3.046E+00                                 F               0         Blade 1 X translation displacement, node 2, m
        122   -4.006E+00                                 F               0         Blade 1 Y translation displacement, node 2, m
        123   -8.024E-01                                 F               0         Blade 1 Z translation displacement, node 2, m
        124    3.065E+00                                 F               0         Blade 1 X translation displacement, node 3, m
        125    4.651E+00                                 F               0         Blade 1 Y translation displacement, node 3, m
        126   -3.016E+00                                 F               0         Blade 1 Z translation displacement, node 3, m
        127    3.069E+00                                 F               0         Blade 1 X translation displacement, node 4, m
        128    6.495E+00                                 F               0         Blade 1 Y translation displacement, node 4, m
        129   -3.487E+00                                 F               0         Blade 1 Z translation displacement, node 4, m
        130    3.074E+00                                 F               0         Blade 1 X translation displacement, node 5, m
        131    8.340E+00                                 F               0         Blade 1 Y translation displacement, node 5, m
        132   -3.959E+00                                 F               0         Blade 1 Z translation displacement, node 5, m
        133    3.078E+00                                 F               0         Blade 1 X translation displacement, node 6, m
        134    1.018E+01                                 F               0         Blade 1 Y translation displacement, node 6, m
        135   -4.430E+00                                 F               0         Blade 1 Z translation displacement, node 6, m
        136    3.082E+00                                 F               0         Blade 1 X translation displacement, node 7, m
        137    1.203E+01                                 F               0         Blade 1 Y translation displacement, node 7, m
        138   -4.902E+00                                 F               0         Blade 1 Z translation displacement, node 7, m
        139    3.086E+00                                 F               0         Blade 1 X translation displacement, node 8, m
        140    1.387E+01                                 F               0         Blade 1 Y translation displacement, node 8, m
        141   -5.373E+00                                 F               0         Blade 1 Z translation displacement, node 8, m
        142    3.090E+00                                 F               0         Blade 1 X translation displacement, node 9, m
        143    1.572E+01                                 F               0         Blade 1 Y translation displacement, node 9, m
        144   -5.845E+00                                 F               0         Blade 1 Z translation displacement, node 9, m
        145    3.094E+00                                 F               0         Blade 1 X translation displacement, node 10, m
        146    1.756E+01                                 F               0         Blade 1 Y translation displacement, node 10, m
        147   -6.317E+00                                 F               0         Blade 1 Z translation displacement, node 10, m
        148    3.099E+00                                 F               0         Blade 1 X translation displacement, node 11, m
        149    1.941E+01                                 F               0         Blade 1 Y translation displacement, node 11, m
        150   -6.788E+00                                 F               0         Blade 1 Z translation displacement, node 11, m
        151    3.103E+00                                 F               0         Blade 1 X translation displacement, node 12, m
        152    2.125E+01                                 F               0         Blade 1 Y translation displacement, node 12, m
        153   -7.260E+00                                 F               0         Blade 1 Z translation displacement, node 12, m
        154    3.107E+00                                 F               0         Blade 1 X translation displacement, node 13, m
        155    2.310E+01                                 F               0         Blade 1 Y translation displacement, node 13, m
        156   -7.731E+00                                 F               0         Blade 1 Z translation displacement, node 13, m
        157    3.111E+00                                 F               0         Blade 1 X translation displacement, node 14, m
        158    2.494E+01                                 F               0         Blade 1 Y translation displacement, node 14, m
        159   -8.203E+00                                 F               0         Blade 1 Z translation displacement, node 14, m
        160    3.115E+00                                 F               0         Blade 1 X translation displacement, node 15, m
        161    2.678E+01                                 F               0         Blade 1 Y translation displacement, node 15, m
        162   -8.674E+00                                 F               0         Blade 1 Z translation displacement, node 15, m
        163    3.119E+00                                 F               0         Blade 1 X translation displacement, node 16, m
        164    2.863E+01                                 F               0         Blade 1 Y translation displacement, node 16, m
        165   -9.146E+00                                 F               0         Blade 1 Z translation displacement, node 16, m
        166    3.124E+00                                 F               0         Blade 1 X translation displacement, node 17, m
        167    3.047E+01                                 F               0         Blade 1 Y translation displacement, node 17, m
        168   -9.618E+00                                 F               0         Blade 1 Z translation displacement, node 17, m
        169    3.128E+00                                 F               0         Blade 1 X translation displacement, node 18, m
        170    3.232E+01                                 F               0         Blade 1 Y translation displacement, node 18, m
        171   -1.009E+01                                 F               0         Blade 1 Z translation displacement, node 18, m
        172    3.132E+00                                 F               0         Blade 1 X translation displacement, node 19, m
        173    3.416E+01                                 F               0         Blade 1 Y translation displacement, node 19, m
        174   -1.056E+01                                 F               0         Blade 1 Z translation displacement, node 19, m
        175    3.136E+00                                 F               0         Blade 1 X translation displacement, node 20, m
        176    3.601E+01                                 F               0         Blade 1 Y translation displacement, node 20, m
        177   -1.103E+01                                 F               0         Blade 1 Z translation displacement, node 20, m
        178    3.140E+00                                 F               0         Blade 1 X translation displacement, node 21, m
        179    3.785E+01                                 F               0         Blade 1 Y translation displacement, node 21, m
        180   -1.150E+01                                 F               0         Blade 1 Z translation displacement, node 21, m
        181    3.144E+00                                 F               0         Blade 1 X translation displacement, node 22, m
        182    3.970E+01                                 F               0         Blade 1 Y translation displacement, node 22, m
        183   -1.198E+01                                 F               0         Blade 1 Z translation displacement, node 22, m
        184    3.149E+00                                 F               0         Blade 1 X translation displacement, node 23, m
        185    4.154E+01                                 F               0         Blade 1 Y translation displacement, node 23, m
        186   -1.245E+01                                 F               0         Blade 1 Z translation displacement, node 23, m
        187    3.153E+00                                 F               0         Blade 1 X translation displacement, node 24, m
        188    4.338E+01                                 F               0         Blade 1 Y translation displacement, node 24, m
        189   -1.292E+01                                 F               0         Blade 1 Z translation displacement, node 24, m
        190    3.157E+00                                 F               0         Blade 1 X translation displacement, node 25, m
        191    4.523E+01                                 F               0         Blade 1 Y translation displacement, node 25, m
        192   -1.339E+01                                 F               0         Blade 1 Z translation displacement, node 25, m
        193    3.161E+00                                 F               0         Blade 1 X translation displacement, node 26, m
        194    4.707E+01                                 F               0         Blade 1 Y translation displacement, node 26, m
        195   -1.386E+01                                 F               0         Blade 1 Z translation displacement, node 26, m
        196    3.165E+00                                 F               0         Blade 1 X translation displacement, node 27, m
        197    4.892E+01                                 F               0         Blade 1 Y translation displacement, node 27, m
        198   -1.433E+01                                 F               0         Blade 1 Z translation displacement, node 27, m
        199    3.169E+00                                 F               0         Blade 1 X translation displacement, node 28, m
        200    5.048E+01                                 F               0         Blade 1 Y translation displacement, node 28, m
        201   -1.473E+01                                 F               0         Blade 1 Z translation displacement, node 28, m
        202    9.035E-01, -4.126E-01,  1.162E-01         F               0         Blade 1 X orientation angle, node 1, rad
        203    4.154E-01,  7.761E-01, -4.744E-01         F               0         Blade 1 Y orientation angle, node 1, rad
        204    1.056E-01,  4.769E-01,  8.726E-01         F               0         Blade 1 Z orientation angle, node 1, rad
        205    9.035E-01, -4.126E-01,  1.162E-01         F               0         Blade 1 X orientation angle, node 2, rad
        206    4.154E-01,  7.761E-01, -4.744E-01         F               0         Blade 1 Y orientation angle, node 2, rad
        207    1.056E-01,  4.769E-01,  8.726E-01         F               0         Blade 1 Z orientation angle, node 2, rad
        208    9.762E-01, -2.169E-01,  4.076E-04         F               0         Blade 1 X orientation angle, node 3, rad
        209    1.895E-01,  8.518E-01, -4.884E-01         F               0         Blade 1 Y orientation angle, node 3, rad
        210    1.056E-01,  4.769E-01,  8.726E-01         F               0         Blade 1 Z orientation angle, node 3, rad
        211    9.833E-01, -1.808E-01, -2.022E-02         F               0         Blade 1 X orientation angle, node 4, rad
        212    1.481E-01,  8.602E-01, -4.880E-01         F               0         Blade 1 Y orientation angle, node 4, rad
        213    1.056E-01,  4.769E-01,  8.726E-01         F               0         Blade 1 Z orientation angle, node 4, rad
        214    9.877E-01, -1.521E-01, -3.639E-02         F               0         Blade 1 X orientation angle, node 5, rad
        215    1.154E-01,  8.657E-01, -4.871E-01         F               0         Blade 1 Y orientation angle, node 5, rad
        216    1.056E-01,  4.769E-01,  8.726E-01         F               0         Blade 1 Z orientation angle, node 5, rad
        217    9.904E-01, -1.291E-01, -4.929E-02         F               0         Blade 1 X orientation angle, node 6, rad
        218    8.917E-02,  8.694E-01, -4.859E-01         F               0         Blade 1 Y orientation angle, node 6, rad
        219    1.056E-01,  4.769E-01,  8.726E-01         F               0         Blade 1 Z orientation angle, node 6, rad
        220    9.921E-01, -1.101E-01, -5.988E-02         F               0         Blade 1 X orientation angle, node 7, rad
        221    6.754E-02,  8.720E-01, -4.848E-01         F               0         Blade 1 Y orientation angle, node 7, rad
        222    1.056E-01,  4.769E-01,  8.726E-01         F               0         Blade 1 Z orientation angle, node 7, rad
        223    9.932E-01, -9.428E-02, -6.867E-02         F               0         Blade 1 X orientation angle, node 8, rad
        224    4.952E-02,  8.739E-01, -4.836E-01         F               0         Blade 1 Y orientation angle, node 8, rad
        225    1.056E-01,  4.769E-01,  8.726E-01         F               0         Blade 1 Z orientation angle, node 8, rad
        226    9.938E-01, -8.085E-02, -7.609E-02         F               0         Blade 1 X orientation angle, node 9, rad
        227    3.426E-02,  8.752E-01, -4.825E-01         F               0         Blade 1 Y orientation angle, node 9, rad
        228    1.056E-01,  4.769E-01,  8.726E-01         F               0         Blade 1 Z orientation angle, node 9, rad
        229    9.942E-01, -6.923E-02, -8.248E-02         F               0         Blade 1 X orientation angle, node 10, rad
        230    2.108E-02,  8.762E-01, -4.814E-01         F               0         Blade 1 Y orientation angle, node 10, rad
        231    1.056E-01,  4.769E-01,  8.726E-01         F               0         Blade 1 Z orientation angle, node 10, rad
        232    9.944E-01, -5.929E-02, -8.794E-02         F               0         Blade 1 X orientation angle, node 11, rad
        233    9.798E-03,  8.770E-01, -4.805E-01         F               0         Blade 1 Y orientation angle, node 11, rad
        234    1.056E-01,  4.769E-01,  8.726E-01         F               0         Blade 1 Z orientation angle, node 11, rad
        235    9.944E-01, -5.056E-02, -9.271E-02         F               0         Blade 1 X orientation angle, node 12, rad
        236   -9.464E-05,  8.775E-01, -4.796E-01         F               0         Blade 1 Y orientation angle, node 12, rad
        237    1.056E-01,  4.769E-01,  8.726E-01         F               0         Blade 1 Z orientation angle, node 12, rad
        238    9.944E-01, -4.290E-02, -9.690E-02         F               0         Blade 1 X orientation angle, node 13, rad
        239   -8.772E-03,  8.779E-01, -4.787E-01         F               0         Blade 1 Y orientation angle, node 13, rad
        240    1.056E-01,  4.769E-01,  8.726E-01         F               0         Blade 1 Z orientation angle, node 13, rad
        241    9.943E-01, -3.601E-02, -1.007E-01         F               0         Blade 1 X orientation angle, node 14, rad
        242   -1.658E-02,  8.782E-01, -4.780E-01         F               0         Blade 1 Y orientation angle, node 14, rad
        243    1.056E-01,  4.769E-01,  8.726E-01         F               0         Blade 1 Z orientation angle, node 14, rad
        244    9.941E-01, -2.987E-02, -1.040E-01         F               0         Blade 1 X orientation angle, node 15, rad
        245   -2.352E-02,  8.785E-01, -4.772E-01         F               0         Blade 1 Y orientation angle, node 15, rad
        246    1.056E-01,  4.769E-01,  8.726E-01         F               0         Blade 1 Z orientation angle, node 15, rad
        247    9.940E-01, -2.435E-02, -1.070E-01         F               0         Blade 1 X orientation angle, node 16, rad
        248   -2.977E-02,  8.786E-01, -4.766E-01         F               0         Blade 1 Y orientation angle, node 16, rad
        249    1.056E-01,  4.769E-01,  8.726E-01         F               0         Blade 1 Z orientation angle, node 16, rad
        250    9.938E-01, -1.945E-02, -1.096E-01         F               0         Blade 1 X orientation angle, node 17, rad
        251   -3.532E-02,  8.787E-01, -4.760E-01         F               0         Blade 1 Y orientation angle, node 17, rad
        252    1.056E-01,  4.769E-01,  8.726E-01         F               0         Blade 1 Z orientation angle, node 17, rad
        253    9.936E-01, -1.484E-02, -1.121E-01         F               0         Blade 1 X orientation angle, node 18, rad
        254   -4.052E-02,  8.788E-01, -4.754E-01         F               0         Blade 1 Y orientation angle, node 18, rad
        255    1.056E-01,  4.769E-01,  8.726E-01         F               0         Blade 1 Z orientation angle, node 18, rad
        256    9.934E-01, -1.070E-02, -1.144E-01         F               0         Blade 1 X orientation angle, node 19, rad
        257   -4.520E-02,  8.789E-01, -4.749E-01         F               0         Blade 1 Y orientation angle, node 19, rad
        258    1.056E-01,  4.769E-01,  8.726E-01         F               0         Blade 1 Z orientation angle, node 19, rad
        259    9.932E-01, -7.021E-03, -1.164E-01         F               0         Blade 1 X orientation angle, node 20, rad
        260   -4.936E-02,  8.789E-01, -4.744E-01         F               0         Blade 1 Y orientation angle, node 20, rad
        261    1.056E-01,  4.769E-01,  8.726E-01         F               0         Blade 1 Z orientation angle, node 20, rad
        262    9.930E-01, -3.493E-03, -1.183E-01         F               0         Blade 1 X orientation angle, node 21, rad
        263   -5.335E-02,  8.790E-01, -4.739E-01         F               0         Blade 1 Y orientation angle, node 21, rad
        264    1.056E-01,  4.769E-01,  8.726E-01         F               0         Blade 1 Z orientation angle, node 21, rad
        265    9.928E-01, -2.716E-04, -1.200E-01         F               0         Blade 1 X orientation angle, node 22, rad
        266   -5.699E-02,  8.790E-01, -4.735E-01         F               0         Blade 1 Y orientation angle, node 22, rad
        267    1.056E-01,  4.769E-01,  8.726E-01         F               0         Blade 1 Z orientation angle, node 22, rad
        268    9.926E-01,  2.643E-03, -1.216E-01         F               0         Blade 1 X orientation angle, node 23, rad
        269   -6.028E-02,  8.790E-01, -4.731E-01         F               0         Blade 1 Y orientation angle, node 23, rad
        270    1.056E-01,  4.769E-01,  8.726E-01         F               0         Blade 1 Z orientation angle, node 23, rad
        271    9.924E-01,  5.405E-03, -1.231E-01         F               0         Blade 1 X orientation angle, node 24, rad
        272   -6.340E-02,  8.789E-01, -4.727E-01         F               0         Blade 1 Y orientation angle, node 24, rad
        273    1.056E-01,  4.769E-01,  8.726E-01         F               0         Blade 1 Z orientation angle, node 24, rad
        274    9.922E-01,  8.012E-03, -1.245E-01         F               0         Blade 1 X orientation angle, node 25, rad
        275   -6.634E-02,  8.789E-01, -4.723E-01         F               0         Blade 1 Y orientation angle, node 25, rad
        276    1.056E-01,  4.769E-01,  8.726E-01         F               0         Blade 1 Z orientation angle, node 25, rad
        277    9.920E-01,  1.031E-02, -1.257E-01         F               0         Blade 1 X orientation angle, node 26, rad
        278   -6.894E-02,  8.789E-01, -4.720E-01         F               0         Blade 1 Y orientation angle, node 26, rad
        279    1.056E-01,  4.769E-01,  8.726E-01         F               0         Blade 1 Z orientation angle, node 26, rad
        280    9.918E-01,  1.261E-02, -1.269E-01         F               0         Blade 1 X orientation angle, node 27, rad
        281   -7.154E-02,  8.789E-01, -4.717E-01         F               0         Blade 1 Y orientation angle, node 27, rad
        282    1.056E-01,  4.769E-01,  8.726E-01         F               0         Blade 1 Z orientation angle, node 27, rad
        283    9.917E-01,  1.384E-02, -1.276E-01         F               0         Blade 1 X orientation angle, node 28, rad
        284   -7.292E-02,  8.789E-01, -4.715E-01         F               0         Blade 1 Y orientation angle, node 28, rad
        285    1.056E-01,  4.769E-01,  8.726E-01         F               0         Blade 1 Z orientation angle, node 28, rad
        286    3.561E-01                                 F               0         Blade 1 X translation velocity, node 1, m/s
        287   -4.353E+00                                 F               0         Blade 1 Y translation velocity, node 1, m/s
        288    2.336E+00                                 F               0         Blade 1 Z translation velocity, node 1, m/s
        289    4.417E-01                                 F               0         Blade 1 X translation velocity, node 2, m/s
        290   -5.401E+00                                 F               0         Blade 1 Y translation velocity, node 2, m/s
        291    2.899E+00                                 F               0         Blade 1 Z translation velocity, node 2, m/s
        292    1.605E+00                                 F               0         Blade 1 X translation velocity, node 3, m/s
        293   -1.966E+01                                 F               0         Blade 1 Y translation velocity, node 3, m/s
        294    1.055E+01                                 F               0         Blade 1 Z translation velocity, node 3, m/s
        295    1.853E+00                                 F               0         Blade 1 X translation velocity, node 4, m/s
        296   -2.270E+01                                 F               0         Blade 1 Y translation velocity, node 4, m/s
        297    1.218E+01                                 F               0         Blade 1 Z translation velocity, node 4, m/s
        298    2.101E+00                                 F               0         Blade 1 X translation velocity, node 5, m/s
        299   -2.574E+01                                 F               0         Blade 1 Y translation velocity, node 5, m/s
        300    1.381E+01                                 F               0         Blade 1 Z translation velocity, node 5, m/s
        301    2.349E+00                                 F               0         Blade 1 X translation velocity, node 6, m/s
        302   -2.878E+01                                 F               0         Blade 1 Y translation velocity, node 6, m/s
        303    1.544E+01                                 F               0         Blade 1 Z translation velocity, node 6, m/s
        304    2.597E+00                                 F               0         Blade 1 X translation velocity, node 7, m/s
        305   -3.182E+01                                 F               0         Blade 1 Y translation velocity, node 7, m/s
        306    1.707E+01                                 F               0         Blade 1 Z translation velocity, node 7, m/s
        307    2.845E+00                                 F               0         Blade 1 X translation velocity, node 8, m/s
