
Linearized model: Predictions were generated on 24-Jan-2024 at 11:24:37 using OpenFAST, compiled as a 64-bit application using single precision at commit v3.5.1
 linked with  NWTC Subroutine Library; ElastoDyn; InflowWind; AeroDyn; ServoDyn; HydroDyn; MAP++ (<1.20.10>, <Oct-20-2023>)

Description from the FAST input file: CCT-9 Campign 4 model. Input files to be run with OpenFAST 3.5.0. GitHub branch from Lu Wang (https://github.com/luwang00/openfast/tree/dev) compiled on March 7, 2023.

Simulation information:
   Simulation time:                   503.4750 s
   Rotor Speed:                         0.8941 rad/s
   Azimuth:                             4.6469 rad
   Wind Speed:                         10.0000 m/s
   Number of continuous states:         0
   Number of discrete states:           0
   Number of constraint states:         0
   Number of inputs:                 1746
   Number of outputs:                   4
   Jacobians included in this file?    No

Order of inputs:
     Column   Operating Point                     Rotating Frame? Derivative Order Description
   ---------- ---------------                     --------------- ---------------- -----------
          1    1.535E-01                                 F               0         Tower X translation displacement, node 1, m
          2   -1.355E+00                                 F               0         Tower Y translation displacement, node 1, m
          3   -4.807E-02                                 F               0         Tower Z translation displacement, node 1, m
          4    3.902E-01                                 F               0         Tower X translation displacement, node 2, m
          5   -1.889E+00                                 F               0         Tower Y translation displacement, node 2, m
          6   -6.192E-02                                 F               0         Tower Z translation displacement, node 2, m
          7    6.403E-01                                 F               0         Tower X translation displacement, node 3, m
          8   -2.429E+00                                 F               0         Tower Y translation displacement, node 3, m
          9   -7.624E-02                                 F               0         Tower Z translation displacement, node 3, m
         10    9.001E-01                                 F               0         Tower X translation displacement, node 4, m
         11   -2.972E+00                                 F               0         Tower Y translation displacement, node 4, m
         12   -9.094E-02                                 F               0         Tower Z translation displacement, node 4, m
         13    1.168E+00                                 F               0         Tower X translation displacement, node 5, m
         14   -3.519E+00                                 F               0         Tower Y translation displacement, node 5, m
         15   -1.060E-01                                 F               0         Tower Z translation displacement, node 5, m
         16    1.442E+00                                 F               0         Tower X translation displacement, node 6, m
         17   -4.069E+00                                 F               0         Tower Y translation displacement, node 6, m
         18   -1.212E-01                                 F               0         Tower Z translation displacement, node 6, m
         19    1.719E+00                                 F               0         Tower X translation displacement, node 7, m
         20   -4.621E+00                                 F               0         Tower Y translation displacement, node 7, m
         21   -1.367E-01                                 F               0         Tower Z translation displacement, node 7, m
         22    2.001E+00                                 F               0         Tower X translation displacement, node 8, m
         23   -5.175E+00                                 F               0         Tower Y translation displacement, node 8, m
         24   -1.523E-01                                 F               0         Tower Z translation displacement, node 8, m
         25    2.284E+00                                 F               0         Tower X translation displacement, node 9, m
         26   -5.731E+00                                 F               0         Tower Y translation displacement, node 9, m
         27   -1.681E-01                                 F               0         Tower Z translation displacement, node 9, m
         28    2.568E+00                                 F               0         Tower X translation displacement, node 10, m
         29   -6.287E+00                                 F               0         Tower Y translation displacement, node 10, m
         30   -1.839E-01                                 F               0         Tower Z translation displacement, node 10, m
         31    2.853E+00                                 F               0         Tower X translation displacement, node 11, m
         32   -6.845E+00                                 F               0         Tower Y translation displacement, node 11, m
         33   -1.998E-01                                 F               0         Tower Z translation displacement, node 11, m
         34    9.998E-01,  7.907E-03, -1.840E-02         F               0         Tower X orientation angle, node 1, rad
         35   -7.104E-03,  9.990E-01,  4.325E-02         F               0         Tower Y orientation angle, node 1, rad
         36    1.873E-02, -4.311E-02,  9.989E-01         F               0         Tower Z orientation angle, node 1, rad
         37    9.998E-01,  7.951E-03, -1.942E-02         F               0         Tower X orientation angle, node 2, rad
         38   -7.097E-03,  9.990E-01,  4.364E-02         F               0         Tower Y orientation angle, node 2, rad
         39    1.975E-02, -4.349E-02,  9.989E-01         F               0         Tower Z orientation angle, node 2, rad
         40    9.998E-01,  7.989E-03, -2.029E-02         F               0         Tower X orientation angle, node 3, rad
         41   -7.090E-03,  9.990E-01,  4.399E-02         F               0         Tower Y orientation angle, node 3, rad
         42    2.062E-02, -4.383E-02,  9.988E-01         F               0         Tower Z orientation angle, node 3, rad
         43    9.997E-01,  8.020E-03, -2.100E-02         F               0         Tower X orientation angle, node 4, rad
         44   -7.084E-03,  9.990E-01,  4.429E-02         F               0         Tower Y orientation angle, node 4, rad
         45    2.134E-02, -4.413E-02,  9.988E-01         F               0         Tower Z orientation angle, node 4, rad
         46    9.997E-01,  8.045E-03, -2.157E-02         F               0         Tower X orientation angle, node 5, rad
         47   -7.078E-03,  9.990E-01,  4.455E-02         F               0         Tower Y orientation angle, node 5, rad
         48    2.191E-02, -4.439E-02,  9.988E-01         F               0         Tower Z orientation angle, node 5, rad
         49    9.997E-01,  8.065E-03, -2.200E-02         F               0         Tower X orientation angle, node 6, rad
         50   -7.073E-03,  9.990E-01,  4.477E-02         F               0         Tower Y orientation angle, node 6, rad
         51    2.234E-02, -4.460E-02,  9.988E-01         F               0         Tower Z orientation angle, node 6, rad
         52    9.997E-01,  8.078E-03, -2.230E-02         F               0         Tower X orientation angle, node 7, rad
         53   -7.069E-03,  9.990E-01,  4.494E-02         F               0         Tower Y orientation angle, node 7, rad
         54    2.264E-02, -4.477E-02,  9.987E-01         F               0         Tower Z orientation angle, node 7, rad
         55    9.997E-01,  8.087E-03, -2.251E-02         F               0         Tower X orientation angle, node 8, rad
         56   -7.066E-03,  9.990E-01,  4.508E-02         F               0         Tower Y orientation angle, node 8, rad
         57    2.285E-02, -4.491E-02,  9.987E-01         F               0         Tower Z orientation angle, node 8, rad
         58    9.997E-01,  8.093E-03, -2.264E-02         F               0         Tower X orientation angle, node 9, rad
         59   -7.064E-03,  9.990E-01,  4.518E-02         F               0         Tower Y orientation angle, node 9, rad
         60    2.298E-02, -4.501E-02,  9.987E-01         F               0         Tower Z orientation angle, node 9, rad
         61    9.997E-01,  8.096E-03, -2.270E-02         F               0         Tower X orientation angle, node 10, rad
         62   -7.063E-03,  9.990E-01,  4.524E-02         F               0         Tower Y orientation angle, node 10, rad
         63    2.305E-02, -4.507E-02,  9.987E-01         F               0         Tower Z orientation angle, node 10, rad
         64    9.997E-01,  8.098E-03, -2.273E-02         F               0         Tower X orientation angle, node 11, rad
         65   -7.062E-03,  9.989E-01,  4.528E-02         F               0         Tower Y orientation angle, node 11, rad
         66    2.308E-02, -4.511E-02,  9.987E-01         F               0         Tower Z orientation angle, node 11, rad
         67    2.436E-06                                 F               0         Tower X translation velocity, node 1, m/s
         68    1.058E-06                                 F               0         Tower Y translation velocity, node 1, m/s
         69    0.000E+00                                 F               0         Tower Z translation velocity, node 1, m/s
         70    6.776E-06                                 F               0         Tower X translation velocity, node 2, m/s
         71    3.967E-05                                 F               0         Tower Y translation velocity, node 2, m/s
         72    1.592E-06                                 F               0         Tower Z translation velocity, node 2, m/s
         73    1.789E-05                                 F               0         Tower X translation velocity, node 3, m/s
         74    1.761E-04                                 F               0         Tower Y translation velocity, node 3, m/s
         75    7.333E-06                                 F               0         Tower Z translation velocity, node 3, m/s
         76    3.416E-05                                 F               0         Tower X translation velocity, node 4, m/s
         77    3.911E-04                                 F               0         Tower Y translation velocity, node 4, m/s
         78    1.646E-05                                 F               0         Tower Z translation velocity, node 4, m/s
         79    5.469E-05                                 F               0         Tower X translation velocity, node 5, m/s
         80    6.753E-04                                 F               0         Tower Y translation velocity, node 5, m/s
         81    2.861E-05                                 F               0         Tower Z translation velocity, node 5, m/s
         82    7.866E-05                                 F               0         Tower X translation velocity, node 6, m/s
         83    1.019E-03                                 F               0         Tower Y translation velocity, node 6, m/s
         84    4.342E-05                                 F               0         Tower Z translation velocity, node 6, m/s
         85    1.051E-04                                 F               0         Tower X translation velocity, node 7, m/s
         86    1.410E-03                                 F               0         Tower Y translation velocity, node 7, m/s
         87    6.032E-05                                 F               0         Tower Z translation velocity, node 7, m/s
         88    1.337E-04                                 F               0         Tower X translation velocity, node 8, m/s
         89    1.844E-03                                 F               0         Tower Y translation velocity, node 8, m/s
         90    7.912E-05                                 F               0         Tower Z translation velocity, node 8, m/s
         91    1.637E-04                                 F               0         Tower X translation velocity, node 9, m/s
         92    2.310E-03                                 F               0         Tower Y translation velocity, node 9, m/s
         93    9.940E-05                                 F               0         Tower Z translation velocity, node 9, m/s
         94    1.946E-04                                 F               0         Tower X translation velocity, node 10, m/s
         95    2.799E-03                                 F               0         Tower Y translation velocity, node 10, m/s
         96    1.207E-04                                 F               0         Tower Z translation velocity, node 10, m/s
         97    2.261E-04                                 F               0         Tower X translation velocity, node 11, m/s
         98    3.302E-03                                 F               0         Tower Y translation velocity, node 11, m/s
         99    1.427E-04                                 F               0         Tower Z translation velocity, node 11, m/s
        100    3.038E+00                                 F               0         Hub X translation displacement, node 1, m
        101   -7.286E+00                                 F               0         Hub Y translation displacement, node 1, m
        102    3.569E-02                                 F               0         Hub Z translation displacement, node 1, m
        103    9.918E-01,  1.277E-02, -1.270E-01         F               0         Hub X orientation angle, node 1, rad
        104   -1.267E-01, -2.151E-02, -9.917E-01         F               0         Hub Y orientation angle, node 1, rad
        105   -1.539E-02,  9.997E-01, -1.971E-02         F               0         Hub Z orientation angle, node 1, rad
        106    8.868E-01                                 F               0         Hub X rotation velocity, node 1, rad/s
        107    1.142E-02                                 F               0         Hub Y rotation velocity, node 1, rad/s
        108   -1.136E-01                                 F               0         Hub Z rotation velocity, node 1, rad/s
        109    9.951E-01,  1.340E-02, -9.753E-02         F               0         Blade root 1 X orientation angle, node 1, rad
        110   -9.723E-02, -2.112E-02, -9.950E-01         F               0         Blade root 1 Y orientation angle, node 1, rad
        111   -1.539E-02,  9.997E-01, -1.971E-02         F               0         Blade root 1 Z orientation angle, node 1, rad
        112    9.899E-01, -1.324E-02, -1.412E-01         F               0         Blade root 2 X orientation angle, node 1, rad
        113    7.943E-02,  8.765E-01,  4.748E-01         F               0         Blade root 2 Y orientation angle, node 1, rad
        114    1.174E-01, -4.812E-01,  8.687E-01         F               0         Blade root 2 Z orientation angle, node 1, rad
        115    9.891E-01,  3.813E-02, -1.422E-01         F               0         Blade root 3 X orientation angle, node 1, rad
        116    1.061E-01, -8.542E-01,  5.089E-01         F               0         Blade root 3 Y orientation angle, node 1, rad
        117   -1.020E-01, -5.185E-01, -8.490E-01         F               0         Blade root 3 Z orientation angle, node 1, rad
        118    2.373E+00                                 F               0         Blade 1 X translation displacement, node 1, m
        119   -1.748E+00                                 F               0         Blade 1 Y translation displacement, node 1, m
        120   -5.583E+00                                 F               0         Blade 1 Z translation displacement, node 1, m
        121    2.213E+00                                 F               0         Blade 1 X translation displacement, node 2, m
        122   -4.135E-01                                 F               0         Blade 1 Y translation displacement, node 2, m
        123   -6.937E+00                                 F               0         Blade 1 Z translation displacement, node 2, m
        124    3.634E-02                                 F               0         Blade 1 X translation displacement, node 3, m
        125    1.773E+01                                 F               0         Blade 1 Y translation displacement, node 3, m
        126   -2.535E+01                                 F               0         Blade 1 Z translation displacement, node 3, m
        127   -4.275E-01                                 F               0         Blade 1 X translation displacement, node 4, m
        128    2.160E+01                                 F               0         Blade 1 Y translation displacement, node 4, m
        129   -2.927E+01                                 F               0         Blade 1 Z translation displacement, node 4, m
        130   -8.913E-01                                 F               0         Blade 1 X translation displacement, node 5, m
        131    2.547E+01                                 F               0         Blade 1 Y translation displacement, node 5, m
        132   -3.319E+01                                 F               0         Blade 1 Z translation displacement, node 5, m
        133   -1.355E+00                                 F               0         Blade 1 X translation displacement, node 6, m
        134    2.933E+01                                 F               0         Blade 1 Y translation displacement, node 6, m
        135   -3.712E+01                                 F               0         Blade 1 Z translation displacement, node 6, m
        136   -1.819E+00                                 F               0         Blade 1 X translation displacement, node 7, m
        137    3.320E+01                                 F               0         Blade 1 Y translation displacement, node 7, m
        138   -4.104E+01                                 F               0         Blade 1 Z translation displacement, node 7, m
        139   -2.283E+00                                 F               0         Blade 1 X translation displacement, node 8, m
        140    3.707E+01                                 F               0         Blade 1 Y translation displacement, node 8, m
        141   -4.496E+01                                 F               0         Blade 1 Z translation displacement, node 8, m
        142   -2.747E+00                                 F               0         Blade 1 X translation displacement, node 9, m
        143    4.093E+01                                 F               0         Blade 1 Y translation displacement, node 9, m
        144   -4.888E+01                                 F               0         Blade 1 Z translation displacement, node 9, m
        145   -3.210E+00                                 F               0         Blade 1 X translation displacement, node 10, m
        146    4.480E+01                                 F               0         Blade 1 Y translation displacement, node 10, m
        147   -5.281E+01                                 F               0         Blade 1 Z translation displacement, node 10, m
        148   -3.674E+00                                 F               0         Blade 1 X translation displacement, node 11, m
        149    4.866E+01                                 F               0         Blade 1 Y translation displacement, node 11, m
        150   -5.673E+01                                 F               0         Blade 1 Z translation displacement, node 11, m
        151   -4.138E+00                                 F               0         Blade 1 X translation displacement, node 12, m
        152    5.253E+01                                 F               0         Blade 1 Y translation displacement, node 12, m
        153   -6.065E+01                                 F               0         Blade 1 Z translation displacement, node 12, m
        154   -4.602E+00                                 F               0         Blade 1 X translation displacement, node 13, m
        155    5.640E+01                                 F               0         Blade 1 Y translation displacement, node 13, m
        156   -6.458E+01                                 F               0         Blade 1 Z translation displacement, node 13, m
        157   -5.066E+00                                 F               0         Blade 1 X translation displacement, node 14, m
        158    6.026E+01                                 F               0         Blade 1 Y translation displacement, node 14, m
        159   -6.850E+01                                 F               0         Blade 1 Z translation displacement, node 14, m
        160   -5.530E+00                                 F               0         Blade 1 X translation displacement, node 15, m
        161    6.413E+01                                 F               0         Blade 1 Y translation displacement, node 15, m
        162   -7.242E+01                                 F               0         Blade 1 Z translation displacement, node 15, m
        163   -5.993E+00                                 F               0         Blade 1 X translation displacement, node 16, m
        164    6.800E+01                                 F               0         Blade 1 Y translation displacement, node 16, m
        165   -7.634E+01                                 F               0         Blade 1 Z translation displacement, node 16, m
        166   -6.457E+00                                 F               0         Blade 1 X translation displacement, node 17, m
        167    7.186E+01                                 F               0         Blade 1 Y translation displacement, node 17, m
        168   -8.027E+01                                 F               0         Blade 1 Z translation displacement, node 17, m
        169   -6.921E+00                                 F               0         Blade 1 X translation displacement, node 18, m
        170    7.573E+01                                 F               0         Blade 1 Y translation displacement, node 18, m
        171   -8.419E+01                                 F               0         Blade 1 Z translation displacement, node 18, m
        172   -7.385E+00                                 F               0         Blade 1 X translation displacement, node 19, m
        173    7.960E+01                                 F               0         Blade 1 Y translation displacement, node 19, m
        174   -8.811E+01                                 F               0         Blade 1 Z translation displacement, node 19, m
        175   -7.849E+00                                 F               0         Blade 1 X translation displacement, node 20, m
        176    8.346E+01                                 F               0         Blade 1 Y translation displacement, node 20, m
        177   -9.203E+01                                 F               0         Blade 1 Z translation displacement, node 20, m
        178   -8.312E+00                                 F               0         Blade 1 X translation displacement, node 21, m
        179    8.733E+01                                 F               0         Blade 1 Y translation displacement, node 21, m
        180   -9.596E+01                                 F               0         Blade 1 Z translation displacement, node 21, m
        181   -8.776E+00                                 F               0         Blade 1 X translation displacement, node 22, m
        182    9.120E+01                                 F               0         Blade 1 Y translation displacement, node 22, m
        183   -9.988E+01                                 F               0         Blade 1 Z translation displacement, node 22, m
        184   -9.240E+00                                 F               0         Blade 1 X translation displacement, node 23, m
        185    9.506E+01                                 F               0         Blade 1 Y translation displacement, node 23, m
        186   -1.038E+02                                 F               0         Blade 1 Z translation displacement, node 23, m
        187   -9.704E+00                                 F               0         Blade 1 X translation displacement, node 24, m
        188    9.893E+01                                 F               0         Blade 1 Y translation displacement, node 24, m
        189   -1.077E+02                                 F               0         Blade 1 Z translation displacement, node 24, m
        190   -1.017E+01                                 F               0         Blade 1 X translation displacement, node 25, m
        191    1.028E+02                                 F               0         Blade 1 Y translation displacement, node 25, m
        192   -1.116E+02                                 F               0         Blade 1 Z translation displacement, node 25, m
        193   -1.063E+01                                 F               0         Blade 1 X translation displacement, node 26, m
        194    1.067E+02                                 F               0         Blade 1 Y translation displacement, node 26, m
        195   -1.156E+02                                 F               0         Blade 1 Z translation displacement, node 26, m
        196   -1.110E+01                                 F               0         Blade 1 X translation displacement, node 27, m
        197    1.105E+02                                 F               0         Blade 1 Y translation displacement, node 27, m
        198   -1.195E+02                                 F               0         Blade 1 Z translation displacement, node 27, m
        199   -1.149E+01                                 F               0         Blade 1 X translation displacement, node 28, m
        200    1.138E+02                                 F               0         Blade 1 Y translation displacement, node 28, m
        201   -1.228E+02                                 F               0         Blade 1 Z translation displacement, node 28, m
        202    9.300E-01,  2.156E-02,  3.670E-01         F               0         Blade 1 X orientation angle, node 1, rad
        203    3.673E-01, -1.268E-02, -9.300E-01         F               0         Blade 1 Y orientation angle, node 1, rad
        204   -1.539E-02,  9.997E-01, -1.971E-02         F               0         Blade 1 Z orientation angle, node 1, rad
        205    9.300E-01,  2.156E-02,  3.670E-01         F               0         Blade 1 X orientation angle, node 2, rad
        206    3.673E-01, -1.268E-02, -9.300E-01         F               0         Blade 1 Y orientation angle, node 2, rad
        207   -1.539E-02,  9.997E-01, -1.971E-02         F               0         Blade 1 Z orientation angle, node 2, rad
        208    9.905E-01,  1.794E-02,  1.361E-01         F               0         Blade 1 X orientation angle, node 3, rad
        209    1.364E-01, -1.743E-02, -9.905E-01         F               0         Blade 1 Y orientation angle, node 3, rad
        210   -1.539E-02,  9.997E-01, -1.971E-02         F               0         Blade 1 Z orientation angle, node 3, rad
        211    9.954E-01,  1.718E-02,  9.413E-02         F               0         Blade 1 X orientation angle, node 4, rad
        212    9.444E-02, -1.817E-02, -9.954E-01         F               0         Blade 1 Y orientation angle, node 4, rad
        213   -1.539E-02,  9.997E-01, -1.971E-02         F               0         Blade 1 Z orientation angle, node 4, rad
        214    9.980E-01,  1.657E-02,  6.107E-02         F               0         Blade 1 X orientation angle, node 5, rad
        215    6.138E-02, -1.873E-02, -9.979E-01         F               0         Blade 1 Y orientation angle, node 5, rad
        216   -1.539E-02,  9.997E-01, -1.971E-02         F               0         Blade 1 Z orientation angle, node 5, rad
        217    9.993E-01,  1.607E-02,  3.458E-02         F               0         Blade 1 X orientation angle, node 6, rad
        218    3.489E-02, -1.917E-02, -9.992E-01         F               0         Blade 1 Y orientation angle, node 6, rad
        219   -1.539E-02,  9.997E-01, -1.971E-02         F               0         Blade 1 Z orientation angle, node 6, rad
        220    9.998E-01,  1.565E-02,  1.278E-02         F               0         Blade 1 X orientation angle, node 7, rad
        221    1.308E-02, -1.951E-02, -9.997E-01         F               0         Blade 1 Y orientation angle, node 7, rad
        222   -1.539E-02,  9.997E-01, -1.971E-02         F               0         Blade 1 Z orientation angle, node 7, rad
        223    9.999E-01,  1.529E-02, -5.372E-03         F               0         Blade 1 X orientation angle, node 8, rad
        224   -5.069E-03, -1.979E-02, -9.998E-01         F               0         Blade 1 Y orientation angle, node 8, rad
        225   -1.539E-02,  9.997E-01, -1.971E-02         F               0         Blade 1 Z orientation angle, node 8, rad
        226    9.997E-01,  1.498E-02, -2.073E-02         F               0         Blade 1 X orientation angle, node 9, rad
        227   -2.042E-02, -2.002E-02, -9.996E-01         F               0         Blade 1 Y orientation angle, node 9, rad
        228   -1.539E-02,  9.997E-01, -1.971E-02         F               0         Blade 1 Z orientation angle, node 9, rad
        229    9.993E-01,  1.472E-02, -3.398E-02         F               0         Blade 1 X orientation angle, node 10, rad
        230   -3.368E-02, -2.022E-02, -9.992E-01         F               0         Blade 1 Y orientation angle, node 10, rad
        231   -1.539E-02,  9.997E-01, -1.971E-02         F               0         Blade 1 Z orientation angle, node 10, rad
        232    9.989E-01,  1.449E-02, -4.532E-02         F               0         Blade 1 X orientation angle, node 11, rad
        233   -4.502E-02, -2.039E-02, -9.988E-01         F               0         Blade 1 Y orientation angle, node 11, rad
        234   -1.539E-02,  9.997E-01, -1.971E-02         F               0         Blade 1 Z orientation angle, node 11, rad
        235    9.984E-01,  1.428E-02, -5.525E-02         F               0         Blade 1 X orientation angle, node 12, rad
        236   -5.495E-02, -2.053E-02, -9.983E-01         F               0         Blade 1 Y orientation angle, node 12, rad
        237   -1.539E-02,  9.997E-01, -1.971E-02         F               0         Blade 1 Z orientation angle, node 12, rad
        238    9.979E-01,  1.410E-02, -6.396E-02         F               0         Blade 1 X orientation angle, node 13, rad
        239   -6.366E-02, -2.065E-02, -9.978E-01         F               0         Blade 1 Y orientation angle, node 13, rad
        240   -1.539E-02,  9.997E-01, -1.971E-02         F               0         Blade 1 Z orientation angle, node 13, rad
        241    9.973E-01,  1.394E-02, -7.179E-02         F               0         Blade 1 X orientation angle, node 14, rad
        242   -7.150E-02, -2.076E-02, -9.972E-01         F               0         Blade 1 Y orientation angle, node 14, rad
        243   -1.539E-02,  9.997E-01, -1.971E-02         F               0         Blade 1 Z orientation angle, node 14, rad
        244    9.968E-01,  1.380E-02, -7.875E-02         F               0         Blade 1 X orientation angle, node 15, rad
        245   -7.846E-02, -2.086E-02, -9.967E-01         F               0         Blade 1 Y orientation angle, node 15, rad
        246   -1.539E-02,  9.997E-01, -1.971E-02         F               0         Blade 1 Z orientation angle, node 15, rad
        247    9.963E-01,  1.366E-02, -8.502E-02         F               0         Blade 1 X orientation angle, node 16, rad
        248   -8.472E-02, -2.095E-02, -9.962E-01         F               0         Blade 1 Y orientation angle, node 16, rad
        249   -1.539E-02,  9.997E-01, -1.971E-02         F               0         Blade 1 Z orientation angle, node 16, rad
        250    9.958E-01,  1.355E-02, -9.058E-02         F               0         Blade 1 X orientation angle, node 17, rad
        251   -9.028E-02, -2.102E-02, -9.957E-01         F               0         Blade 1 Y orientation angle, node 17, rad
        252   -1.539E-02,  9.997E-01, -1.971E-02         F               0         Blade 1 Z orientation angle, node 17, rad
        253    9.953E-01,  1.344E-02, -9.579E-02         F               0         Blade 1 X orientation angle, node 18, rad
        254   -9.550E-02, -2.109E-02, -9.952E-01         F               0         Blade 1 Y orientation angle, node 18, rad
        255   -1.539E-02,  9.997E-01, -1.971E-02         F               0         Blade 1 Z orientation angle, node 18, rad
        256    9.948E-01,  1.334E-02, -1.005E-01         F               0         Blade 1 X orientation angle, node 19, rad
        257   -1.002E-01, -2.116E-02, -9.947E-01         F               0         Blade 1 Y orientation angle, node 19, rad
        258   -1.539E-02,  9.997E-01, -1.971E-02         F               0         Blade 1 Z orientation angle, node 19, rad
        259    9.944E-01,  1.325E-02, -1.046E-01         F               0         Blade 1 X orientation angle, node 20, rad
        260   -1.044E-01, -2.121E-02, -9.943E-01         F               0         Blade 1 Y orientation angle, node 20, rad
        261   -1.539E-02,  9.997E-01, -1.971E-02         F               0         Blade 1 Z orientation angle, node 20, rad
        262    9.940E-01,  1.316E-02, -1.086E-01         F               0         Blade 1 X orientation angle, node 21, rad
        263   -1.083E-01, -2.127E-02, -9.939E-01         F               0         Blade 1 Y orientation angle, node 21, rad
        264   -1.539E-02,  9.997E-01, -1.971E-02         F               0         Blade 1 Z orientation angle, node 21, rad
        265    9.936E-01,  1.309E-02, -1.123E-01         F               0         Blade 1 X orientation angle, node 22, rad
        266   -1.120E-01, -2.131E-02, -9.935E-01         F               0         Blade 1 Y orientation angle, node 22, rad
        267   -1.539E-02,  9.997E-01, -1.971E-02         F               0         Blade 1 Z orientation angle, node 22, rad
        268    9.932E-01,  1.302E-02, -1.156E-01         F               0         Blade 1 X orientation angle, node 23, rad
        269   -1.153E-01, -2.136E-02, -9.931E-01         F               0         Blade 1 Y orientation angle, node 23, rad
        270   -1.539E-02,  9.997E-01, -1.971E-02         F               0         Blade 1 Z orientation angle, node 23, rad
        271    9.928E-01,  1.295E-02, -1.187E-01         F               0         Blade 1 X orientation angle, node 24, rad
        272   -1.184E-01, -2.140E-02, -9.927E-01         F               0         Blade 1 Y orientation angle, node 24, rad
        273   -1.539E-02,  9.997E-01, -1.971E-02         F               0         Blade 1 Z orientation angle, node 24, rad
        274    9.925E-01,  1.288E-02, -1.216E-01         F               0         Blade 1 X orientation angle, node 25, rad
        275   -1.213E-01, -2.144E-02, -9.924E-01         F               0         Blade 1 Y orientation angle, node 25, rad
        276   -1.539E-02,  9.997E-01, -1.971E-02         F               0         Blade 1 Z orientation angle, node 25, rad
        277    9.922E-01,  1.283E-02, -1.242E-01         F               0         Blade 1 X orientation angle, node 26, rad
        278   -1.239E-01, -2.147E-02, -9.921E-01         F               0         Blade 1 Y orientation angle, node 26, rad
        279   -1.539E-02,  9.997E-01, -1.971E-02         F               0         Blade 1 Z orientation angle, node 26, rad
        280    9.918E-01,  1.277E-02, -1.268E-01         F               0         Blade 1 X orientation angle, node 27, rad
        281   -1.265E-01, -2.150E-02, -9.917E-01         F               0         Blade 1 Y orientation angle, node 27, rad
        282   -1.539E-02,  9.997E-01, -1.971E-02         F               0         Blade 1 Z orientation angle, node 27, rad
        283    9.917E-01,  1.274E-02, -1.282E-01         F               0         Blade 1 X orientation angle, node 28, rad
        284   -1.279E-01, -2.152E-02, -9.916E-01         F               0         Blade 1 Y orientation angle, node 28, rad
        285   -1.539E-02,  9.997E-01, -1.971E-02         F               0         Blade 1 Z orientation angle, node 28, rad
        286    6.279E-01                                 F               0         Blade 1 X translation velocity, node 1, m/s
        287    1.101E-01                                 F               0         Blade 1 Y translation velocity, node 1, m/s
        288    4.912E+00                                 F               0         Blade 1 Z translation velocity, node 1, m/s
        289    7.791E-01                                 F               0         Blade 1 X translation velocity, node 2, m/s
        290    1.358E-01                                 F               0         Blade 1 Y translation velocity, node 2, m/s
        291    6.096E+00                                 F               0         Blade 1 Z translation velocity, node 2, m/s
        292    2.836E+00                                 F               0         Blade 1 X translation velocity, node 3, m/s
        293    4.848E-01                                 F               0         Blade 1 Y translation velocity, node 3, m/s
        294    2.219E+01                                 F               0         Blade 1 Z translation velocity, node 3, m/s
        295    3.274E+00                                 F               0         Blade 1 X translation velocity, node 4, m/s
        296    5.592E-01                                 F               0         Blade 1 Y translation velocity, node 4, m/s
        297    2.562E+01                                 F               0         Blade 1 Z translation velocity, node 4, m/s
        298    3.712E+00                                 F               0         Blade 1 X translation velocity, node 5, m/s
        299    6.336E-01                                 F               0         Blade 1 Y translation velocity, node 5, m/s
        300    2.905E+01                                 F               0         Blade 1 Z translation velocity, node 5, m/s
        301    4.150E+00                                 F               0         Blade 1 X translation velocity, node 6, m/s
        302    7.079E-01                                 F               0         Blade 1 Y translation velocity, node 6, m/s
        303    3.248E+01                                 F               0         Blade 1 Z translation velocity, node 6, m/s
        304    4.588E+00                                 F               0         Blade 1 X translation velocity, node 7, m/s
        305    7.823E-01                                 F               0         Blade 1 Y translation velocity, node 7, m/s
        306    3.591E+01                                 F               0         Blade 1 Z translation velocity, node 7, m/s
        307    5.027E+00                                 F               0         Blade 1 X translation velocity, node 8, m/s
