
Linearized model: Predictions were generated on 24-Jan-2024 at 11:24:37 using OpenFAST, compiled as a 64-bit application using single precision at commit v3.5.1
 linked with  NWTC Subroutine Library; ElastoDyn; InflowWind; AeroDyn; ServoDyn; HydroDyn; MAP++ (<1.20.10>, <Oct-20-2023>)

Description from the FAST input file: CCT-9 Campign 4 model. Input files to be run with OpenFAST 3.5.0. GitHub branch from Lu Wang (https://github.com/luwang00/openfast/tree/dev) compiled on March 7, 2023.

Simulation information:
   Simulation time:                   505.2000 s
   Rotor Speed:                         0.8938 rad/s
   Azimuth:                             6.1889 rad
   Wind Speed:                         10.0000 m/s
   Number of continuous states:         0
   Number of discrete states:           0
   Number of constraint states:         0
   Number of inputs:                 1746
   Number of outputs:                   4
   Jacobians included in this file?    No

Order of inputs:
     Column   Operating Point                     Rotating Frame? Derivative Order Description
   ---------- ---------------                     --------------- ---------------- -----------
          1    1.535E-01                                 F               0         Tower X translation displacement, node 1, m
          2   -1.355E+00                                 F               0         Tower Y translation displacement, node 1, m
          3   -4.807E-02                                 F               0         Tower Z translation displacement, node 1, m
          4    3.902E-01                                 F               0         Tower X translation displacement, node 2, m
          5   -1.889E+00                                 F               0         Tower Y translation displacement, node 2, m
          6   -6.192E-02                                 F               0         Tower Z translation displacement, node 2, m
          7    6.403E-01                                 F               0         Tower X translation displacement, node 3, m
          8   -2.429E+00                                 F               0         Tower Y translation displacement, node 3, m
          9   -7.624E-02                                 F               0         Tower Z translation displacement, node 3, m
         10    9.002E-01                                 F               0         Tower X translation displacement, node 4, m
         11   -2.972E+00                                 F               0         Tower Y translation displacement, node 4, m
         12   -9.093E-02                                 F               0         Tower Z translation displacement, node 4, m
         13    1.168E+00                                 F               0         Tower X translation displacement, node 5, m
         14   -3.519E+00                                 F               0         Tower Y translation displacement, node 5, m
         15   -1.059E-01                                 F               0         Tower Z translation displacement, node 5, m
         16    1.442E+00                                 F               0         Tower X translation displacement, node 6, m
         17   -4.069E+00                                 F               0         Tower Y translation displacement, node 6, m
         18   -1.212E-01                                 F               0         Tower Z translation displacement, node 6, m
         19    1.720E+00                                 F               0         Tower X translation displacement, node 7, m
         20   -4.621E+00                                 F               0         Tower Y translation displacement, node 7, m
         21   -1.367E-01                                 F               0         Tower Z translation displacement, node 7, m
         22    2.001E+00                                 F               0         Tower X translation displacement, node 8, m
         23   -5.175E+00                                 F               0         Tower Y translation displacement, node 8, m
         24   -1.523E-01                                 F               0         Tower Z translation displacement, node 8, m
         25    2.285E+00                                 F               0         Tower X translation displacement, node 9, m
         26   -5.730E+00                                 F               0         Tower Y translation displacement, node 9, m
         27   -1.681E-01                                 F               0         Tower Z translation displacement, node 9, m
         28    2.569E+00                                 F               0         Tower X translation displacement, node 10, m
         29   -6.286E+00                                 F               0         Tower Y translation displacement, node 10, m
         30   -1.839E-01                                 F               0         Tower Z translation displacement, node 10, m
         31    2.854E+00                                 F               0         Tower X translation displacement, node 11, m
         32   -6.843E+00                                 F               0         Tower Y translation displacement, node 11, m
         33   -1.997E-01                                 F               0         Tower Z translation displacement, node 11, m
         34    9.998E-01,  7.907E-03, -1.840E-02         F               0         Tower X orientation angle, node 1, rad
         35   -7.105E-03,  9.990E-01,  4.325E-02         F               0         Tower Y orientation angle, node 1, rad
         36    1.873E-02, -4.311E-02,  9.989E-01         F               0         Tower Z orientation angle, node 1, rad
         37    9.998E-01,  7.951E-03, -1.942E-02         F               0         Tower X orientation angle, node 2, rad
         38   -7.097E-03,  9.990E-01,  4.364E-02         F               0         Tower Y orientation angle, node 2, rad
         39    1.975E-02, -4.349E-02,  9.989E-01         F               0         Tower Z orientation angle, node 2, rad
         40    9.998E-01,  7.989E-03, -2.029E-02         F               0         Tower X orientation angle, node 3, rad
         41   -7.090E-03,  9.990E-01,  4.398E-02         F               0         Tower Y orientation angle, node 3, rad
         42    2.063E-02, -4.383E-02,  9.988E-01         F               0         Tower Z orientation angle, node 3, rad
         43    9.997E-01,  8.021E-03, -2.101E-02         F               0         Tower X orientation angle, node 4, rad
         44   -7.084E-03,  9.990E-01,  4.428E-02         F               0         Tower Y orientation angle, node 4, rad
         45    2.134E-02, -4.412E-02,  9.988E-01         F               0         Tower Z orientation angle, node 4, rad
         46    9.997E-01,  8.046E-03, -2.158E-02         F               0         Tower X orientation angle, node 5, rad
         47   -7.079E-03,  9.990E-01,  4.454E-02         F               0         Tower Y orientation angle, node 5, rad
         48    2.191E-02, -4.438E-02,  9.988E-01         F               0         Tower Z orientation angle, node 5, rad
         49    9.997E-01,  8.065E-03, -2.201E-02         F               0         Tower X orientation angle, node 6, rad
         50   -7.074E-03,  9.990E-01,  4.476E-02         F               0         Tower Y orientation angle, node 6, rad
         51    2.235E-02, -4.459E-02,  9.988E-01         F               0         Tower Z orientation angle, node 6, rad
         52    9.997E-01,  8.079E-03, -2.231E-02         F               0         Tower X orientation angle, node 7, rad
         53   -7.070E-03,  9.990E-01,  4.493E-02         F               0         Tower Y orientation angle, node 7, rad
         54    2.265E-02, -4.476E-02,  9.987E-01         F               0         Tower Z orientation angle, node 7, rad
         55    9.997E-01,  8.088E-03, -2.252E-02         F               0         Tower X orientation angle, node 8, rad
         56   -7.067E-03,  9.990E-01,  4.506E-02         F               0         Tower Y orientation angle, node 8, rad
         57    2.286E-02, -4.489E-02,  9.987E-01         F               0         Tower Z orientation angle, node 8, rad
         58    9.997E-01,  8.094E-03, -2.265E-02         F               0         Tower X orientation angle, node 9, rad
         59   -7.065E-03,  9.990E-01,  4.516E-02         F               0         Tower Y orientation angle, node 9, rad
         60    2.299E-02, -4.499E-02,  9.987E-01         F               0         Tower Z orientation angle, node 9, rad
         61    9.997E-01,  8.097E-03, -2.272E-02         F               0         Tower X orientation angle, node 10, rad
         62   -7.063E-03,  9.990E-01,  4.523E-02         F               0         Tower Y orientation angle, node 10, rad
         63    2.306E-02, -4.505E-02,  9.987E-01         F               0         Tower Z orientation angle, node 10, rad
         64    9.997E-01,  8.099E-03, -2.275E-02         F               0         Tower X orientation angle, node 11, rad
         65   -7.063E-03,  9.990E-01,  4.526E-02         F               0         Tower Y orientation angle, node 11, rad
         66    2.309E-02, -4.509E-02,  9.987E-01         F               0         Tower Z orientation angle, node 11, rad
         67   -2.179E-06                                 F               0         Tower X translation velocity, node 1, m/s
         68   -9.466E-07                                 F               0         Tower Y translation velocity, node 1, m/s
         69    0.000E+00                                 F               0         Tower Z translation velocity, node 1, m/s
         70    6.762E-06                                 F               0         Tower X translation velocity, node 2, m/s
         71   -1.802E-05                                 F               0         Tower Y translation velocity, node 2, m/s
         72   -9.159E-07                                 F               0         Tower Z translation velocity, node 2, m/s
         73    4.309E-05                                 F               0         Tower X translation velocity, node 3, m/s
         74   -7.753E-05                                 F               0         Tower Y translation velocity, node 3, m/s
         75   -4.254E-06                                 F               0         Tower Z translation velocity, node 3, m/s
         76    1.022E-04                                 F               0         Tower X translation velocity, node 4, m/s
         77   -1.712E-04                                 F               0         Tower Y translation velocity, node 4, m/s
         78   -9.623E-06                                 F               0         Tower Z translation velocity, node 4, m/s
         79    1.822E-04                                 F               0         Tower X translation velocity, node 5, m/s
         80   -2.949E-04                                 F               0         Tower Y translation velocity, node 5, m/s
         81   -1.684E-05                                 F               0         Tower Z translation velocity, node 5, m/s
         82    2.808E-04                                 F               0         Tower X translation velocity, node 6, m/s
         83   -4.446E-04                                 F               0         Tower Y translation velocity, node 6, m/s
         84   -2.570E-05                                 F               0         Tower Z translation velocity, node 6, m/s
         85    3.947E-04                                 F               0         Tower X translation velocity, node 7, m/s
         86   -6.148E-04                                 F               0         Tower Y translation velocity, node 7, m/s
         87   -3.588E-05                                 F               0         Tower Z translation velocity, node 7, m/s
         88    5.228E-04                                 F               0         Tower X translation velocity, node 8, m/s
         89   -8.033E-04                                 F               0         Tower Y translation velocity, node 8, m/s
         90   -4.726E-05                                 F               0         Tower Z translation velocity, node 8, m/s
         91    6.622E-04                                 F               0         Tower X translation velocity, node 9, m/s
         92   -1.006E-03                                 F               0         Tower Y translation velocity, node 9, m/s
         93   -5.958E-05                                 F               0         Tower Z translation velocity, node 9, m/s
         94    8.101E-04                                 F               0         Tower X translation velocity, node 10, m/s
         95   -1.219E-03                                 F               0         Tower Y translation velocity, node 10, m/s
         96   -7.259E-05                                 F               0         Tower Z translation velocity, node 10, m/s
         97    9.633E-04                                 F               0         Tower X translation velocity, node 11, m/s
         98   -1.438E-03                                 F               0         Tower Y translation velocity, node 11, m/s
         99   -8.602E-05                                 F               0         Tower Z translation velocity, node 11, m/s
        100    3.039E+00                                 F               0         Hub X translation displacement, node 1, m
        101   -7.285E+00                                 F               0         Hub Y translation displacement, node 1, m
        102    3.589E-02                                 F               0         Hub Z translation displacement, node 1, m
        103    9.918E-01,  1.277E-02, -1.270E-01         F               0         Hub X orientation angle, node 1, rad
        104   -1.903E-02,  9.987E-01, -4.818E-02         F               0         Hub Y orientation angle, node 1, rad
        105    1.262E-01,  5.020E-02,  9.907E-01         F               0         Hub Z orientation angle, node 1, rad
        106    8.865E-01                                 F               0         Hub X rotation velocity, node 1, rad/s
        107    1.142E-02                                 F               0         Hub Y rotation velocity, node 1, rad/s
        108   -1.135E-01                                 F               0         Hub Z rotation velocity, node 1, rad/s
        109    9.919E-01, -1.686E-02, -1.255E-01         F               0         Blade root 1 X orientation angle, node 1, rad
        110    1.041E-02,  9.986E-01, -5.193E-02         F               0         Blade root 1 Y orientation angle, node 1, rad
        111    1.262E-01,  5.020E-02,  9.907E-01         F               0         Blade root 1 Z orientation angle, node 1, rad
        112    9.879E-01,  2.629E-02, -1.531E-01         F               0         Blade root 2 X orientation angle, node 1, rad
        113    1.482E-01, -4.553E-01,  8.779E-01         F               0         Blade root 2 Y orientation angle, node 1, rad
        114   -4.664E-02, -8.900E-01, -4.536E-01         F               0         Blade root 2 Z orientation angle, node 1, rad
        115    9.943E-01,  2.886E-02, -1.022E-01         F               0         Blade root 3 X orientation angle, node 1, rad
        116   -7.034E-02, -5.422E-01, -8.373E-01         F               0         Blade root 3 Y orientation angle, node 1, rad
        117   -7.959E-02,  8.398E-01, -5.371E-01         F               0         Blade root 3 Z orientation angle, node 1, rad
        118    3.159E+00                                 F               0         Blade 1 X translation displacement, node 1, m
        119   -7.007E+00                                 F               0         Blade 1 Y translation displacement, node 1, m
        120    1.488E-02                                 F               0         Blade 1 Z translation displacement, node 1, m
        121    3.188E+00                                 F               0         Blade 1 X translation displacement, node 2, m
        122   -6.940E+00                                 F               0         Blade 1 Y translation displacement, node 2, m
        123    9.815E-03                                 F               0         Blade 1 Z translation displacement, node 2, m
        124    3.582E+00                                 F               0         Blade 1 X translation displacement, node 3, m
        125   -6.028E+00                                 F               0         Blade 1 Y translation displacement, node 3, m
        126   -5.902E-02                                 F               0         Blade 1 Z translation displacement, node 3, m
        127    3.666E+00                                 F               0         Blade 1 X translation displacement, node 4, m
        128   -5.834E+00                                 F               0         Blade 1 Y translation displacement, node 4, m
        129   -7.370E-02                                 F               0         Blade 1 Z translation displacement, node 4, m
        130    3.750E+00                                 F               0         Blade 1 X translation displacement, node 5, m
        131   -5.640E+00                                 F               0         Blade 1 Y translation displacement, node 5, m
        132   -8.836E-02                                 F               0         Blade 1 Z translation displacement, node 5, m
        133    3.834E+00                                 F               0         Blade 1 X translation displacement, node 6, m
        134   -5.446E+00                                 F               0         Blade 1 Y translation displacement, node 6, m
        135   -1.030E-01                                 F               0         Blade 1 Z translation displacement, node 6, m
        136    3.918E+00                                 F               0         Blade 1 X translation displacement, node 7, m
        137   -5.252E+00                                 F               0         Blade 1 Y translation displacement, node 7, m
        138   -1.177E-01                                 F               0         Blade 1 Z translation displacement, node 7, m
        139    4.002E+00                                 F               0         Blade 1 X translation displacement, node 8, m
        140   -5.057E+00                                 F               0         Blade 1 Y translation displacement, node 8, m
        141   -1.324E-01                                 F               0         Blade 1 Z translation displacement, node 8, m
        142    4.086E+00                                 F               0         Blade 1 X translation displacement, node 9, m
        143   -4.863E+00                                 F               0         Blade 1 Y translation displacement, node 9, m
        144   -1.470E-01                                 F               0         Blade 1 Z translation displacement, node 9, m
        145    4.170E+00                                 F               0         Blade 1 X translation displacement, node 10, m
        146   -4.669E+00                                 F               0         Blade 1 Y translation displacement, node 10, m
        147   -1.617E-01                                 F               0         Blade 1 Z translation displacement, node 10, m
        148    4.254E+00                                 F               0         Blade 1 X translation displacement, node 11, m
        149   -4.475E+00                                 F               0         Blade 1 Y translation displacement, node 11, m
        150   -1.764E-01                                 F               0         Blade 1 Z translation displacement, node 11, m
        151    4.338E+00                                 F               0         Blade 1 X translation displacement, node 12, m
        152   -4.281E+00                                 F               0         Blade 1 Y translation displacement, node 12, m
        153   -1.910E-01                                 F               0         Blade 1 Z translation displacement, node 12, m
        154    4.421E+00                                 F               0         Blade 1 X translation displacement, node 13, m
        155   -4.087E+00                                 F               0         Blade 1 Y translation displacement, node 13, m
        156   -2.057E-01                                 F               0         Blade 1 Z translation displacement, node 13, m
        157    4.505E+00                                 F               0         Blade 1 X translation displacement, node 14, m
        158   -3.892E+00                                 F               0         Blade 1 Y translation displacement, node 14, m
        159   -2.204E-01                                 F               0         Blade 1 Z translation displacement, node 14, m
        160    4.589E+00                                 F               0         Blade 1 X translation displacement, node 15, m
        161   -3.698E+00                                 F               0         Blade 1 Y translation displacement, node 15, m
        162   -2.350E-01                                 F               0         Blade 1 Z translation displacement, node 15, m
        163    4.673E+00                                 F               0         Blade 1 X translation displacement, node 16, m
        164   -3.504E+00                                 F               0         Blade 1 Y translation displacement, node 16, m
        165   -2.497E-01                                 F               0         Blade 1 Z translation displacement, node 16, m
        166    4.757E+00                                 F               0         Blade 1 X translation displacement, node 17, m
        167   -3.310E+00                                 F               0         Blade 1 Y translation displacement, node 17, m
        168   -2.644E-01                                 F               0         Blade 1 Z translation displacement, node 17, m
        169    4.841E+00                                 F               0         Blade 1 X translation displacement, node 18, m
        170   -3.116E+00                                 F               0         Blade 1 Y translation displacement, node 18, m
        171   -2.790E-01                                 F               0         Blade 1 Z translation displacement, node 18, m
        172    4.925E+00                                 F               0         Blade 1 X translation displacement, node 19, m
        173   -2.922E+00                                 F               0         Blade 1 Y translation displacement, node 19, m
        174   -2.937E-01                                 F               0         Blade 1 Z translation displacement, node 19, m
        175    5.009E+00                                 F               0         Blade 1 X translation displacement, node 20, m
        176   -2.727E+00                                 F               0         Blade 1 Y translation displacement, node 20, m
        177   -3.084E-01                                 F               0         Blade 1 Z translation displacement, node 20, m
        178    5.093E+00                                 F               0         Blade 1 X translation displacement, node 21, m
        179   -2.533E+00                                 F               0         Blade 1 Y translation displacement, node 21, m
        180   -3.230E-01                                 F               0         Blade 1 Z translation displacement, node 21, m
        181    5.177E+00                                 F               0         Blade 1 X translation displacement, node 22, m
        182   -2.339E+00                                 F               0         Blade 1 Y translation displacement, node 22, m
        183   -3.377E-01                                 F               0         Blade 1 Z translation displacement, node 22, m
        184    5.261E+00                                 F               0         Blade 1 X translation displacement, node 23, m
        185   -2.145E+00                                 F               0         Blade 1 Y translation displacement, node 23, m
        186   -3.524E-01                                 F               0         Blade 1 Z translation displacement, node 23, m
        187    5.345E+00                                 F               0         Blade 1 X translation displacement, node 24, m
        188   -1.951E+00                                 F               0         Blade 1 Y translation displacement, node 24, m
        189   -3.670E-01                                 F               0         Blade 1 Z translation displacement, node 24, m
        190    5.429E+00                                 F               0         Blade 1 X translation displacement, node 25, m
        191   -1.757E+00                                 F               0         Blade 1 Y translation displacement, node 25, m
        192   -3.817E-01                                 F               0         Blade 1 Z translation displacement, node 25, m
        193    5.513E+00                                 F               0         Blade 1 X translation displacement, node 26, m
        194   -1.562E+00                                 F               0         Blade 1 Y translation displacement, node 26, m
        195   -3.964E-01                                 F               0         Blade 1 Z translation displacement, node 26, m
        196    5.597E+00                                 F               0         Blade 1 X translation displacement, node 27, m
        197   -1.368E+00                                 F               0         Blade 1 Y translation displacement, node 27, m
        198   -4.111E-01                                 F               0         Blade 1 Z translation displacement, node 27, m
        199    5.668E+00                                 F               0         Blade 1 X translation displacement, node 28, m
        200   -1.204E+00                                 F               0         Blade 1 Y translation displacement, node 28, m
        201   -4.235E-01                                 F               0         Blade 1 Z translation displacement, node 28, m
        202    8.781E-01, -4.704E-01, -8.804E-02         F               0         Blade 1 X orientation angle, node 1, rad
        203    4.616E-01,  8.810E-01, -1.035E-01         F               0         Blade 1 Y orientation angle, node 1, rad
        204    1.262E-01,  5.020E-02,  9.907E-01         F               0         Blade 1 Z orientation angle, node 1, rad
        205    8.781E-01, -4.704E-01, -8.804E-02         F               0         Blade 1 X orientation angle, node 2, rad
        206    4.616E-01,  8.810E-01, -1.035E-01         F               0         Blade 1 Y orientation angle, node 2, rad
        207    1.262E-01,  5.020E-02,  9.907E-01         F               0         Blade 1 Z orientation angle, node 2, rad
        208    9.624E-01, -2.482E-01, -1.101E-01         F               0         Blade 1 X orientation angle, node 3, rad
        209    2.403E-01,  9.674E-01, -7.964E-02         F               0         Blade 1 Y orientation angle, node 3, rad
        210    1.262E-01,  5.020E-02,  9.907E-01         F               0         Blade 1 Z orientation angle, node 3, rad
        211    9.717E-01, -2.071E-01, -1.133E-01         F               0         Blade 1 X orientation angle, node 4, rad
        212    1.995E-01,  9.770E-01, -7.493E-02         F               0         Blade 1 Y orientation angle, node 4, rad
        213    1.262E-01,  5.020E-02,  9.907E-01         F               0         Blade 1 Z orientation angle, node 4, rad
        214    9.778E-01, -1.746E-01, -1.157E-01         F               0         Blade 1 X orientation angle, node 5, rad
        215    1.672E-01,  9.834E-01, -7.113E-02         F               0         Blade 1 Y orientation angle, node 5, rad
        216    1.262E-01,  5.020E-02,  9.907E-01         F               0         Blade 1 Z orientation angle, node 5, rad
        217    9.819E-01, -1.484E-01, -1.176E-01         F               0         Blade 1 X orientation angle, node 6, rad
        218    1.412E-01,  9.876E-01, -6.803E-02         F               0         Blade 1 Y orientation angle, node 6, rad
        219    1.262E-01,  5.020E-02,  9.907E-01         F               0         Blade 1 Z orientation angle, node 6, rad
        220    9.848E-01, -1.269E-01, -1.190E-01         F               0         Blade 1 X orientation angle, node 7, rad
        221    1.197E-01,  9.906E-01, -6.545E-02         F               0         Blade 1 Y orientation angle, node 7, rad
        222    1.262E-01,  5.020E-02,  9.907E-01         F               0         Blade 1 Z orientation angle, node 7, rad
        223    9.868E-01, -1.089E-01, -1.202E-01         F               0         Blade 1 X orientation angle, node 8, rad
        224    1.018E-01,  9.928E-01, -6.328E-02         F               0         Blade 1 Y orientation angle, node 8, rad
        225    1.262E-01,  5.020E-02,  9.907E-01         F               0         Blade 1 Z orientation angle, node 8, rad
        226    9.882E-01, -9.360E-02, -1.212E-01         F               0         Blade 1 X orientation angle, node 9, rad
        227    8.665E-02,  9.943E-01, -6.143E-02         F               0         Blade 1 Y orientation angle, node 9, rad
        228    1.262E-01,  5.020E-02,  9.907E-01         F               0         Blade 1 Z orientation angle, node 9, rad
        229    9.893E-01, -8.040E-02, -1.220E-01         F               0         Blade 1 X orientation angle, node 10, rad
        230    7.353E-02,  9.955E-01, -5.981E-02         F               0         Blade 1 Y orientation angle, node 10, rad
        231    1.262E-01,  5.020E-02,  9.907E-01         F               0         Blade 1 Z orientation angle, node 10, rad
        232    9.900E-01, -6.910E-02, -1.226E-01         F               0         Blade 1 X orientation angle, node 11, rad
        233    6.231E-02,  9.963E-01, -5.843E-02         F               0         Blade 1 Y orientation angle, node 11, rad
        234    1.262E-01,  5.020E-02,  9.907E-01         F               0         Blade 1 Z orientation angle, node 11, rad
        235    9.906E-01, -5.919E-02, -1.232E-01         F               0         Blade 1 X orientation angle, node 12, rad
        236    5.245E-02,  9.970E-01, -5.720E-02         F               0         Blade 1 Y orientation angle, node 12, rad
        237    1.262E-01,  5.020E-02,  9.907E-01         F               0         Blade 1 Z orientation angle, node 12, rad
        238    9.910E-01, -5.049E-02, -1.237E-01         F               0         Blade 1 X orientation angle, node 13, rad
        239    4.381E-02,  9.975E-01, -5.613E-02         F               0         Blade 1 Y orientation angle, node 13, rad
        240    1.262E-01,  5.020E-02,  9.907E-01         F               0         Blade 1 Z orientation angle, node 13, rad
        241    9.913E-01, -4.265E-02, -1.241E-01         F               0         Blade 1 X orientation angle, node 14, rad
        242    3.602E-02,  9.978E-01, -5.515E-02         F               0         Blade 1 Y orientation angle, node 14, rad
        243    1.262E-01,  5.020E-02,  9.907E-01         F               0         Blade 1 Z orientation angle, node 14, rad
        244    9.916E-01, -3.568E-02, -1.245E-01         F               0         Blade 1 X orientation angle, node 15, rad
        245    2.910E-02,  9.981E-01, -5.428E-02         F               0         Blade 1 Y orientation angle, node 15, rad
        246    1.262E-01,  5.020E-02,  9.907E-01         F               0         Blade 1 Z orientation angle, node 15, rad
        247    9.917E-01, -2.941E-02, -1.249E-01         F               0         Blade 1 X orientation angle, node 16, rad
        248    2.287E-02,  9.983E-01, -5.350E-02         F               0         Blade 1 Y orientation angle, node 16, rad
        249    1.262E-01,  5.020E-02,  9.907E-01         F               0         Blade 1 Z orientation angle, node 16, rad
        250    9.918E-01, -2.384E-02, -1.252E-01         F               0         Blade 1 X orientation angle, node 17, rad
        251    1.733E-02,  9.985E-01, -5.280E-02         F               0         Blade 1 Y orientation angle, node 17, rad
        252    1.262E-01,  5.020E-02,  9.907E-01         F               0         Blade 1 Z orientation angle, node 17, rad
        253    9.919E-01, -1.861E-02, -1.254E-01         F               0         Blade 1 X orientation angle, node 18, rad
        254    1.214E-02,  9.986E-01, -5.215E-02         F               0         Blade 1 Y orientation angle, node 18, rad
        255    1.262E-01,  5.020E-02,  9.907E-01         F               0         Blade 1 Z orientation angle, node 18, rad
        256    9.920E-01, -1.390E-02, -1.257E-01         F               0         Blade 1 X orientation angle, node 19, rad
        257    7.463E-03,  9.986E-01, -5.155E-02         F               0         Blade 1 Y orientation angle, node 19, rad
        258    1.262E-01,  5.020E-02,  9.907E-01         F               0         Blade 1 Z orientation angle, node 19, rad
        259    9.920E-01, -9.718E-03, -1.259E-01         F               0         Blade 1 X orientation angle, node 20, rad
        260    3.308E-03,  9.987E-01, -5.103E-02         F               0         Blade 1 Y orientation angle, node 20, rad
        261    1.262E-01,  5.020E-02,  9.907E-01         F               0         Blade 1 Z orientation angle, node 20, rad
        262    9.920E-01, -5.709E-03, -1.261E-01         F               0         Blade 1 X orientation angle, node 21, rad
        263   -6.744E-04,  9.987E-01, -5.052E-02         F               0         Blade 1 Y orientation angle, node 21, rad
        264    1.262E-01,  5.020E-02,  9.907E-01         F               0         Blade 1 Z orientation angle, node 21, rad
        265    9.920E-01, -2.049E-03, -1.263E-01         F               0         Blade 1 X orientation angle, node 22, rad
        266   -4.310E-03,  9.987E-01, -5.006E-02         F               0         Blade 1 Y orientation angle, node 22, rad
        267    1.262E-01,  5.020E-02,  9.907E-01         F               0         Blade 1 Z orientation angle, node 22, rad
        268    9.920E-01,  1.263E-03, -1.265E-01         F               0         Blade 1 X orientation angle, node 23, rad
        269   -7.600E-03,  9.987E-01, -4.964E-02         F               0         Blade 1 Y orientation angle, node 23, rad
        270    1.262E-01,  5.020E-02,  9.907E-01         F               0         Blade 1 Z orientation angle, node 23, rad
        271    9.919E-01,  4.401E-03, -1.266E-01         F               0         Blade 1 X orientation angle, node 24, rad
        272   -1.072E-02,  9.987E-01, -4.924E-02         F               0         Blade 1 Y orientation angle, node 24, rad
        273    1.262E-01,  5.020E-02,  9.907E-01         F               0         Blade 1 Z orientation angle, node 24, rad
        274    9.919E-01,  7.364E-03, -1.268E-01         F               0         Blade 1 X orientation angle, node 25, rad
        275   -1.366E-02,  9.987E-01, -4.887E-02         F               0         Blade 1 Y orientation angle, node 25, rad
        276    1.262E-01,  5.020E-02,  9.907E-01         F               0         Blade 1 Z orientation angle, node 25, rad
        277    9.919E-01,  9.979E-03, -1.269E-01         F               0         Blade 1 X orientation angle, node 26, rad
        278   -1.626E-02,  9.987E-01, -4.853E-02         F               0         Blade 1 Y orientation angle, node 26, rad
        279    1.262E-01,  5.020E-02,  9.907E-01         F               0         Blade 1 Z orientation angle, node 26, rad
        280    9.918E-01,  1.259E-02, -1.270E-01         F               0         Blade 1 X orientation angle, node 27, rad
        281   -1.885E-02,  9.987E-01, -4.820E-02         F               0         Blade 1 Y orientation angle, node 27, rad
        282    1.262E-01,  5.020E-02,  9.907E-01         F               0         Blade 1 Z orientation angle, node 27, rad
        283    9.918E-01,  1.399E-02, -1.271E-01         F               0         Blade 1 X orientation angle, node 28, rad
        284   -2.024E-02,  9.986E-01, -4.802E-02         F               0         Blade 1 Y orientation angle, node 28, rad
        285    1.262E-01,  5.020E-02,  9.907E-01         F               0         Blade 1 Z orientation angle, node 28, rad
        286    9.534E-02                                 F               0         Blade 1 X translation velocity, node 1, m/s
        287   -4.947E+00                                 F               0         Blade 1 Y translation velocity, node 1, m/s
        288    2.386E-01                                 F               0         Blade 1 Z translation velocity, node 1, m/s
        289    1.181E-01                                 F               0         Blade 1 X translation velocity, node 2, m/s
        290   -6.138E+00                                 F               0         Blade 1 Y translation velocity, node 2, m/s
        291    2.961E-01                                 F               0         Blade 1 Z translation velocity, node 2, m/s
        292    4.270E-01                                 F               0         Blade 1 X translation velocity, node 3, m/s
        293   -2.234E+01                                 F               0         Blade 1 Y translation velocity, node 3, m/s
        294    1.078E+00                                 F               0         Blade 1 Z translation velocity, node 3, m/s
        295    4.928E-01                                 F               0         Blade 1 X translation velocity, node 4, m/s
        296   -2.579E+01                                 F               0         Blade 1 Y translation velocity, node 4, m/s
        297    1.244E+00                                 F               0         Blade 1 Z translation velocity, node 4, m/s
        298    5.586E-01                                 F               0         Blade 1 X translation velocity, node 5, m/s
        299   -2.925E+01                                 F               0         Blade 1 Y translation velocity, node 5, m/s
        300    1.411E+00                                 F               0         Blade 1 Z translation velocity, node 5, m/s
        301    6.244E-01                                 F               0         Blade 1 X translation velocity, node 6, m/s
        302   -3.270E+01                                 F               0         Blade 1 Y translation velocity, node 6, m/s
        303    1.577E+00                                 F               0         Blade 1 Z translation velocity, node 6, m/s
        304    6.902E-01                                 F               0         Blade 1 X translation velocity, node 7, m/s
        305   -3.615E+01                                 F               0         Blade 1 Y translation velocity, node 7, m/s
        306    1.744E+00                                 F               0         Blade 1 Z translation velocity, node 7, m/s
        307    7.561E-01                                 F               0         Blade 1 X translation velocity, node 8, m/s
