
Linearized model: Predictions were generated on 24-Jan-2024 at 11:24:37 using OpenFAST, compiled as a 64-bit application using single precision at commit v3.5.1
 linked with  NWTC Subroutine Library; ElastoDyn; InflowWind; AeroDyn; ServoDyn; HydroDyn; MAP++ (<1.20.10>, <Oct-20-2023>)

Description from the FAST input file: CCT-9 Campign 4 model. Input files to be run with OpenFAST 3.5.0. GitHub branch from Lu Wang (https://github.com/luwang00/openfast/tree/dev) compiled on March 7, 2023.

Simulation information:
   Simulation time:                   508.4000 s
   Rotor Speed:                         0.8939 rad/s
   Azimuth:                             2.7657 rad
   Wind Speed:                         10.0000 m/s
   Number of continuous states:         0
   Number of discrete states:           0
   Number of constraint states:         0
   Number of inputs:                 1746
   Number of outputs:                   4
   Jacobians included in this file?    No

Order of inputs:
     Column   Operating Point                     Rotating Frame? Derivative Order Description
   ---------- ---------------                     --------------- ---------------- -----------
          1    1.535E-01                                 F               0         Tower X translation displacement, node 1, m
          2   -1.355E+00                                 F               0         Tower Y translation displacement, node 1, m
          3   -4.807E-02                                 F               0         Tower Z translation displacement, node 1, m
          4    3.902E-01                                 F               0         Tower X translation displacement, node 2, m
          5   -1.889E+00                                 F               0         Tower Y translation displacement, node 2, m
          6   -6.192E-02                                 F               0         Tower Z translation displacement, node 2, m
          7    6.403E-01                                 F               0         Tower X translation displacement, node 3, m
          8   -2.429E+00                                 F               0         Tower Y translation displacement, node 3, m
          9   -7.625E-02                                 F               0         Tower Z translation displacement, node 3, m
         10    9.002E-01                                 F               0         Tower X translation displacement, node 4, m
         11   -2.973E+00                                 F               0         Tower Y translation displacement, node 4, m
         12   -9.097E-02                                 F               0         Tower Z translation displacement, node 4, m
         13    1.168E+00                                 F               0         Tower X translation displacement, node 5, m
         14   -3.521E+00                                 F               0         Tower Y translation displacement, node 5, m
         15   -1.060E-01                                 F               0         Tower Z translation displacement, node 5, m
         16    1.442E+00                                 F               0         Tower X translation displacement, node 6, m
         17   -4.071E+00                                 F               0         Tower Y translation displacement, node 6, m
         18   -1.213E-01                                 F               0         Tower Z translation displacement, node 6, m
         19    1.720E+00                                 F               0         Tower X translation displacement, node 7, m
         20   -4.624E+00                                 F               0         Tower Y translation displacement, node 7, m
         21   -1.368E-01                                 F               0         Tower Z translation displacement, node 7, m
         22    2.001E+00                                 F               0         Tower X translation displacement, node 8, m
         23   -5.179E+00                                 F               0         Tower Y translation displacement, node 8, m
         24   -1.525E-01                                 F               0         Tower Z translation displacement, node 8, m
         25    2.285E+00                                 F               0         Tower X translation displacement, node 9, m
         26   -5.735E+00                                 F               0         Tower Y translation displacement, node 9, m
         27   -1.683E-01                                 F               0         Tower Z translation displacement, node 9, m
         28    2.569E+00                                 F               0         Tower X translation displacement, node 10, m
         29   -6.293E+00                                 F               0         Tower Y translation displacement, node 10, m
         30   -1.842E-01                                 F               0         Tower Z translation displacement, node 10, m
         31    2.854E+00                                 F               0         Tower X translation displacement, node 11, m
         32   -6.851E+00                                 F               0         Tower Y translation displacement, node 11, m
         33   -2.001E-01                                 F               0         Tower Z translation displacement, node 11, m
         34    9.998E-01,  7.899E-03, -1.840E-02         F               0         Tower X orientation angle, node 1, rad
         35   -7.097E-03,  9.990E-01,  4.325E-02         F               0         Tower Y orientation angle, node 1, rad
         36    1.873E-02, -4.311E-02,  9.989E-01         F               0         Tower Z orientation angle, node 1, rad
         37    9.998E-01,  7.943E-03, -1.942E-02         F               0         Tower X orientation angle, node 2, rad
         38   -7.089E-03,  9.990E-01,  4.365E-02         F               0         Tower Y orientation angle, node 2, rad
         39    1.975E-02, -4.351E-02,  9.989E-01         F               0         Tower Z orientation angle, node 2, rad
         40    9.998E-01,  7.981E-03, -2.029E-02         F               0         Tower X orientation angle, node 3, rad
         41   -7.082E-03,  9.990E-01,  4.401E-02         F               0         Tower Y orientation angle, node 3, rad
         42    2.063E-02, -4.386E-02,  9.988E-01         F               0         Tower Z orientation angle, node 3, rad
         43    9.997E-01,  8.013E-03, -2.101E-02         F               0         Tower X orientation angle, node 4, rad
         44   -7.075E-03,  9.990E-01,  4.433E-02         F               0         Tower Y orientation angle, node 4, rad
         45    2.134E-02, -4.417E-02,  9.988E-01         F               0         Tower Z orientation angle, node 4, rad
         46    9.997E-01,  8.038E-03, -2.158E-02         F               0         Tower X orientation angle, node 5, rad
         47   -7.069E-03,  9.990E-01,  4.460E-02         F               0         Tower Y orientation angle, node 5, rad
         48    2.192E-02, -4.444E-02,  9.988E-01         F               0         Tower Z orientation angle, node 5, rad
         49    9.997E-01,  8.057E-03, -2.201E-02         F               0         Tower X orientation angle, node 6, rad
         50   -7.064E-03,  9.990E-01,  4.483E-02         F               0         Tower Y orientation angle, node 6, rad
         51    2.235E-02, -4.466E-02,  9.988E-01         F               0         Tower Z orientation angle, node 6, rad
         52    9.997E-01,  8.071E-03, -2.231E-02         F               0         Tower X orientation angle, node 7, rad
         53   -7.060E-03,  9.990E-01,  4.501E-02         F               0         Tower Y orientation angle, node 7, rad
         54    2.265E-02, -4.484E-02,  9.987E-01         F               0         Tower Z orientation angle, node 7, rad
         55    9.997E-01,  8.080E-03, -2.252E-02         F               0         Tower X orientation angle, node 8, rad
         56   -7.057E-03,  9.990E-01,  4.515E-02         F               0         Tower Y orientation angle, node 8, rad
         57    2.286E-02, -4.498E-02,  9.987E-01         F               0         Tower Z orientation angle, node 8, rad
         58    9.997E-01,  8.086E-03, -2.265E-02         F               0         Tower X orientation angle, node 9, rad
         59   -7.055E-03,  9.990E-01,  4.525E-02         F               0         Tower Y orientation angle, node 9, rad
         60    2.299E-02, -4.508E-02,  9.987E-01         F               0         Tower Z orientation angle, node 9, rad
         61    9.997E-01,  8.089E-03, -2.272E-02         F               0         Tower X orientation angle, node 10, rad
         62   -7.053E-03,  9.989E-01,  4.532E-02         F               0         Tower Y orientation angle, node 10, rad
         63    2.306E-02, -4.515E-02,  9.987E-01         F               0         Tower Z orientation angle, node 10, rad
         64    9.997E-01,  8.091E-03, -2.275E-02         F               0         Tower X orientation angle, node 11, rad
         65   -7.053E-03,  9.989E-01,  4.536E-02         F               0         Tower Y orientation angle, node 11, rad
         66    2.309E-02, -4.518E-02,  9.987E-01         F               0         Tower Z orientation angle, node 11, rad
         67    1.276E-06                                 F               0         Tower X translation velocity, node 1, m/s
         68    5.543E-07                                 F               0         Tower Y translation velocity, node 1, m/s
         69    0.000E+00                                 F               0         Tower Z translation velocity, node 1, m/s
         70   -6.926E-06                                 F               0         Tower X translation velocity, node 2, m/s
         71   -7.123E-06                                 F               0         Tower Y translation velocity, node 2, m/s
         72   -1.735E-07                                 F               0         Tower Z translation velocity, node 2, m/s
         73   -3.946E-05                                 F               0         Tower X translation velocity, node 3, m/s
         74   -3.530E-05                                 F               0         Tower Y translation velocity, node 3, m/s
         75   -7.469E-07                                 F               0         Tower Z translation velocity, node 3, m/s
         76   -9.297E-05                                 F               0         Tower X translation velocity, node 4, m/s
         77   -7.953E-05                                 F               0         Tower Y translation velocity, node 4, m/s
         78   -1.569E-06                                 F               0         Tower Z translation velocity, node 4, m/s
         79   -1.663E-04                                 F               0         Tower X translation velocity, node 5, m/s
         80   -1.375E-04                                 F               0         Tower Y translation velocity, node 5, m/s
         81   -2.550E-06                                 F               0         Tower Z translation velocity, node 5, m/s
         82   -2.581E-04                                 F               0         Tower X translation velocity, node 6, m/s
         83   -2.070E-04                                 F               0         Tower Y translation velocity, node 6, m/s
         84   -3.615E-06                                 F               0         Tower Z translation velocity, node 6, m/s
         85   -3.652E-04                                 F               0         Tower X translation velocity, node 7, m/s
         86   -2.852E-04                                 F               0         Tower Y translation velocity, node 7, m/s
         87   -4.706E-06                                 F               0         Tower Z translation velocity, node 7, m/s
         88   -4.871E-04                                 F               0         Tower X translation velocity, node 8, m/s
         89   -3.711E-04                                 F               0         Tower Y translation velocity, node 8, m/s
         90   -5.789E-06                                 F               0         Tower Z translation velocity, node 8, m/s
         91   -6.211E-04                                 F               0         Tower X translation velocity, node 9, m/s
         92   -4.627E-04                                 F               0         Tower Y translation velocity, node 9, m/s
         93   -6.841E-06                                 F               0         Tower Z translation velocity, node 9, m/s
         94   -7.644E-04                                 F               0         Tower X translation velocity, node 10, m/s
         95   -5.582E-04                                 F               0         Tower Y translation velocity, node 10, m/s
         96   -7.855E-06                                 F               0         Tower Z translation velocity, node 10, m/s
         97   -9.135E-04                                 F               0         Tower X translation velocity, node 11, m/s
         98   -6.562E-04                                 F               0         Tower Y translation velocity, node 11, m/s
         99   -8.839E-06                                 F               0         Tower Z translation velocity, node 11, m/s
        100    3.039E+00                                 F               0         Hub X translation displacement, node 1, m
        101   -7.293E+00                                 F               0         Hub Y translation displacement, node 1, m
        102    3.551E-02                                 F               0         Hub Z translation displacement, node 1, m
        103    9.918E-01,  1.277E-02, -1.270E-01         F               0         Hub X orientation angle, node 1, rad
        104    5.335E-02, -9.454E-01,  3.215E-01         F               0         Hub Y orientation angle, node 1, rad
        105   -1.160E-01, -3.257E-01, -9.383E-01         F               0         Hub Z orientation angle, node 1, rad
        106    8.866E-01                                 F               0         Hub X rotation velocity, node 1, rad/s
        107    1.140E-02                                 F               0         Hub Y rotation velocity, node 1, rad/s
        108   -1.135E-01                                 F               0         Hub Z rotation velocity, node 1, rad/s
        109    9.898E-01,  4.081E-02, -1.365E-01         F               0         Blade root 1 X orientation angle, node 1, rad
        110    8.275E-02, -9.446E-01,  3.176E-01         F               0         Blade root 1 Y orientation angle, node 1, rad
        111   -1.160E-01, -3.257E-01, -9.383E-01         F               0         Blade root 1 Z orientation angle, node 1, rad
        112    9.952E-01,  7.108E-03, -9.808E-02         F               0         Blade root 2 X orientation angle, node 1, rad
        113   -9.763E-02,  1.909E-01, -9.767E-01         F               0         Blade root 2 Y orientation angle, node 1, rad
        114    1.178E-02,  9.816E-01,  1.907E-01         F               0         Blade root 2 Z orientation angle, node 1, rad
        115    9.892E-01, -9.627E-03, -1.463E-01         F               0         Blade root 3 X orientation angle, node 1, rad
        116    1.032E-01,  7.548E-01,  6.478E-01         F               0         Blade root 3 Y orientation angle, node 1, rad
        117    1.042E-01, -6.559E-01,  7.476E-01         F               0         Blade root 3 Z orientation angle, node 1, rad
        118    1.817E+00                                 F               0         Blade 1 X translation displacement, node 1, m
        119   -9.097E+00                                 F               0         Blade 1 Y translation displacement, node 1, m
        120   -1.067E+01                                 F               0         Blade 1 Z translation displacement, node 1, m
        121    1.523E+00                                 F               0         Blade 1 X translation displacement, node 2, m
        122   -9.532E+00                                 F               0         Blade 1 Y translation displacement, node 2, m
        123   -1.325E+01                                 F               0         Blade 1 Z translation displacement, node 2, m
        124   -2.480E+00                                 F               0         Blade 1 X translation displacement, node 3, m
        125   -1.544E+01                                 F               0         Blade 1 Y translation displacement, node 3, m
        126   -4.834E+01                                 F               0         Blade 1 Z translation displacement, node 3, m
        127   -3.333E+00                                 F               0         Blade 1 X translation displacement, node 4, m
        128   -1.670E+01                                 F               0         Blade 1 Y translation displacement, node 4, m
        129   -5.581E+01                                 F               0         Blade 1 Z translation displacement, node 4, m
        130   -4.185E+00                                 F               0         Blade 1 X translation displacement, node 5, m
        131   -1.796E+01                                 F               0         Blade 1 Y translation displacement, node 5, m
        132   -6.329E+01                                 F               0         Blade 1 Z translation displacement, node 5, m
        133   -5.038E+00                                 F               0         Blade 1 X translation displacement, node 6, m
        134   -1.922E+01                                 F               0         Blade 1 Y translation displacement, node 6, m
        135   -7.077E+01                                 F               0         Blade 1 Z translation displacement, node 6, m
        136   -5.891E+00                                 F               0         Blade 1 X translation displacement, node 7, m
        137   -2.048E+01                                 F               0         Blade 1 Y translation displacement, node 7, m
        138   -7.824E+01                                 F               0         Blade 1 Z translation displacement, node 7, m
        139   -6.744E+00                                 F               0         Blade 1 X translation displacement, node 8, m
        140   -2.174E+01                                 F               0         Blade 1 Y translation displacement, node 8, m
        141   -8.572E+01                                 F               0         Blade 1 Z translation displacement, node 8, m
        142   -7.597E+00                                 F               0         Blade 1 X translation displacement, node 9, m
        143   -2.300E+01                                 F               0         Blade 1 Y translation displacement, node 9, m
        144   -9.319E+01                                 F               0         Blade 1 Z translation displacement, node 9, m
        145   -8.450E+00                                 F               0         Blade 1 X translation displacement, node 10, m
        146   -2.426E+01                                 F               0         Blade 1 Y translation displacement, node 10, m
        147   -1.007E+02                                 F               0         Blade 1 Z translation displacement, node 10, m
        148   -9.302E+00                                 F               0         Blade 1 X translation displacement, node 11, m
        149   -2.552E+01                                 F               0         Blade 1 Y translation displacement, node 11, m
        150   -1.081E+02                                 F               0         Blade 1 Z translation displacement, node 11, m
        151   -1.016E+01                                 F               0         Blade 1 X translation displacement, node 12, m
        152   -2.678E+01                                 F               0         Blade 1 Y translation displacement, node 12, m
        153   -1.156E+02                                 F               0         Blade 1 Z translation displacement, node 12, m
        154   -1.101E+01                                 F               0         Blade 1 X translation displacement, node 13, m
        155   -2.804E+01                                 F               0         Blade 1 Y translation displacement, node 13, m
        156   -1.231E+02                                 F               0         Blade 1 Z translation displacement, node 13, m
        157   -1.186E+01                                 F               0         Blade 1 X translation displacement, node 14, m
        158   -2.930E+01                                 F               0         Blade 1 Y translation displacement, node 14, m
        159   -1.306E+02                                 F               0         Blade 1 Z translation displacement, node 14, m
        160   -1.271E+01                                 F               0         Blade 1 X translation displacement, node 15, m
        161   -3.056E+01                                 F               0         Blade 1 Y translation displacement, node 15, m
        162   -1.380E+02                                 F               0         Blade 1 Z translation displacement, node 15, m
        163   -1.357E+01                                 F               0         Blade 1 X translation displacement, node 16, m
        164   -3.182E+01                                 F               0         Blade 1 Y translation displacement, node 16, m
        165   -1.455E+02                                 F               0         Blade 1 Z translation displacement, node 16, m
        166   -1.442E+01                                 F               0         Blade 1 X translation displacement, node 17, m
        167   -3.308E+01                                 F               0         Blade 1 Y translation displacement, node 17, m
        168   -1.530E+02                                 F               0         Blade 1 Z translation displacement, node 17, m
        169   -1.527E+01                                 F               0         Blade 1 X translation displacement, node 18, m
        170   -3.434E+01                                 F               0         Blade 1 Y translation displacement, node 18, m
        171   -1.605E+02                                 F               0         Blade 1 Z translation displacement, node 18, m
        172   -1.613E+01                                 F               0         Blade 1 X translation displacement, node 19, m
        173   -3.560E+01                                 F               0         Blade 1 Y translation displacement, node 19, m
        174   -1.680E+02                                 F               0         Blade 1 Z translation displacement, node 19, m
        175   -1.698E+01                                 F               0         Blade 1 X translation displacement, node 20, m
        176   -3.686E+01                                 F               0         Blade 1 Y translation displacement, node 20, m
        177   -1.754E+02                                 F               0         Blade 1 Z translation displacement, node 20, m
        178   -1.783E+01                                 F               0         Blade 1 X translation displacement, node 21, m
        179   -3.812E+01                                 F               0         Blade 1 Y translation displacement, node 21, m
        180   -1.829E+02                                 F               0         Blade 1 Z translation displacement, node 21, m
        181   -1.868E+01                                 F               0         Blade 1 X translation displacement, node 22, m
        182   -3.938E+01                                 F               0         Blade 1 Y translation displacement, node 22, m
        183   -1.904E+02                                 F               0         Blade 1 Z translation displacement, node 22, m
        184   -1.954E+01                                 F               0         Blade 1 X translation displacement, node 23, m
        185   -4.064E+01                                 F               0         Blade 1 Y translation displacement, node 23, m
        186   -1.979E+02                                 F               0         Blade 1 Z translation displacement, node 23, m
        187   -2.039E+01                                 F               0         Blade 1 X translation displacement, node 24, m
        188   -4.190E+01                                 F               0         Blade 1 Y translation displacement, node 24, m
        189   -2.053E+02                                 F               0         Blade 1 Z translation displacement, node 24, m
        190   -2.124E+01                                 F               0         Blade 1 X translation displacement, node 25, m
        191   -4.316E+01                                 F               0         Blade 1 Y translation displacement, node 25, m
        192   -2.128E+02                                 F               0         Blade 1 Z translation displacement, node 25, m
        193   -2.210E+01                                 F               0         Blade 1 X translation displacement, node 26, m
        194   -4.442E+01                                 F               0         Blade 1 Y translation displacement, node 26, m
        195   -2.203E+02                                 F               0         Blade 1 Z translation displacement, node 26, m
        196   -2.295E+01                                 F               0         Blade 1 X translation displacement, node 27, m
        197   -4.568E+01                                 F               0         Blade 1 Y translation displacement, node 27, m
        198   -2.278E+02                                 F               0         Blade 1 Z translation displacement, node 27, m
        199   -2.367E+01                                 F               0         Blade 1 X translation displacement, node 28, m
        200   -4.674E+01                                 F               0         Blade 1 Y translation displacement, node 28, m
        201   -2.341E+02                                 F               0         Blade 1 Z translation displacement, node 28, m
        202    8.432E-01,  4.671E-01, -2.663E-01         F               0         Blade 1 X orientation angle, node 1, rad
        203    5.250E-01, -8.221E-01,  2.204E-01         F               0         Blade 1 Y orientation angle, node 1, rad
        204   -1.160E-01, -3.257E-01, -9.383E-01         F               0         Blade 1 Z orientation angle, node 1, rad
        205    8.432E-01,  4.671E-01, -2.663E-01         F               0         Blade 1 X orientation angle, node 2, rad
        206    5.250E-01, -8.221E-01,  2.204E-01         F               0         Blade 1 Y orientation angle, node 2, rad
        207   -1.160E-01, -3.257E-01, -9.383E-01         F               0         Blade 1 Z orientation angle, node 2, rad
        208    9.436E-01,  2.589E-01, -2.065E-01         F               0         Blade 1 X orientation angle, node 3, rad
        209    3.102E-01, -9.093E-01,  2.773E-01         F               0         Blade 1 Y orientation angle, node 3, rad
        210   -1.160E-01, -3.257E-01, -9.383E-01         F               0         Blade 1 Z orientation angle, node 3, rad
        211    9.558E-01,  2.203E-01, -1.946E-01         F               0         Blade 1 X orientation angle, node 4, rad
        212    2.701E-01, -9.195E-01,  2.858E-01         F               0         Blade 1 Y orientation angle, node 4, rad
        213   -1.160E-01, -3.257E-01, -9.383E-01         F               0         Blade 1 Z orientation angle, node 4, rad
        214    9.643E-01,  1.897E-01, -1.850E-01         F               0         Blade 1 X orientation angle, node 5, rad
        215    2.383E-01, -9.263E-01,  2.920E-01         F               0         Blade 1 Y orientation angle, node 5, rad
        216   -1.160E-01, -3.257E-01, -9.383E-01         F               0         Blade 1 Z orientation angle, node 5, rad
        217    9.702E-01,  1.651E-01, -1.772E-01         F               0         Blade 1 X orientation angle, node 6, rad
        218    2.126E-01, -9.310E-01,  2.968E-01         F               0         Blade 1 Y orientation angle, node 6, rad
        219   -1.160E-01, -3.257E-01, -9.383E-01         F               0         Blade 1 Z orientation angle, node 6, rad
        220    9.746E-01,  1.447E-01, -1.707E-01         F               0         Blade 1 X orientation angle, node 7, rad
        221    1.914E-01, -9.343E-01,  3.006E-01         F               0         Blade 1 Y orientation angle, node 7, rad
        222   -1.160E-01, -3.257E-01, -9.383E-01         F               0         Blade 1 Z orientation angle, node 7, rad
        223    9.780E-01,  1.277E-01, -1.652E-01         F               0         Blade 1 X orientation angle, node 8, rad
        224    1.737E-01, -9.368E-01,  3.037E-01         F               0         Blade 1 Y orientation angle, node 8, rad
        225   -1.160E-01, -3.257E-01, -9.383E-01         F               0         Blade 1 Z orientation angle, node 8, rad
        226    9.805E-01,  1.133E-01, -1.605E-01         F               0         Blade 1 X orientation angle, node 9, rad
        227    1.586E-01, -9.387E-01,  3.062E-01         F               0         Blade 1 Y orientation angle, node 9, rad
        228   -1.160E-01, -3.257E-01, -9.383E-01         F               0         Blade 1 Z orientation angle, node 9, rad
        229    9.825E-01,  1.009E-01, -1.564E-01         F               0         Blade 1 X orientation angle, node 10, rad
        230    1.456E-01, -9.401E-01,  3.083E-01         F               0         Blade 1 Y orientation angle, node 10, rad
        231   -1.160E-01, -3.257E-01, -9.383E-01         F               0         Blade 1 Z orientation angle, node 10, rad
        232    9.841E-01,  9.019E-02, -1.529E-01         F               0         Blade 1 X orientation angle, node 11, rad
        233    1.344E-01, -9.412E-01,  3.101E-01         F               0         Blade 1 Y orientation angle, node 11, rad
        234   -1.160E-01, -3.257E-01, -9.383E-01         F               0         Blade 1 Z orientation angle, node 11, rad
        235    9.854E-01,  8.082E-02, -1.498E-01         F               0         Blade 1 X orientation angle, node 12, rad
        236    1.246E-01, -9.420E-01,  3.116E-01         F               0         Blade 1 Y orientation angle, node 12, rad
        237   -1.160E-01, -3.257E-01, -9.383E-01         F               0         Blade 1 Z orientation angle, node 12, rad
        238    9.865E-01,  7.260E-02, -1.471E-01         F               0         Blade 1 X orientation angle, node 13, rad
        239    1.160E-01, -9.427E-01,  3.129E-01         F               0         Blade 1 Y orientation angle, node 13, rad
        240   -1.160E-01, -3.257E-01, -9.383E-01         F               0         Blade 1 Z orientation angle, node 13, rad
        241    9.873E-01,  6.519E-02, -1.447E-01         F               0         Blade 1 X orientation angle, node 14, rad
        242    1.083E-01, -9.432E-01,  3.140E-01         F               0         Blade 1 Y orientation angle, node 14, rad
        243   -1.160E-01, -3.257E-01, -9.383E-01         F               0         Blade 1 Z orientation angle, node 14, rad
        244    9.881E-01,  5.861E-02, -1.425E-01         F               0         Blade 1 X orientation angle, node 15, rad
        245    1.014E-01, -9.437E-01,  3.150E-01         F               0         Blade 1 Y orientation angle, node 15, rad
        246   -1.160E-01, -3.257E-01, -9.383E-01         F               0         Blade 1 Z orientation angle, node 15, rad
        247    9.887E-01,  5.268E-02, -1.405E-01         F               0         Blade 1 X orientation angle, node 16, rad
        248    9.518E-02, -9.440E-01,  3.159E-01         F               0         Blade 1 Y orientation angle, node 16, rad
        249   -1.160E-01, -3.257E-01, -9.383E-01         F               0         Blade 1 Z orientation angle, node 16, rad
        250    9.892E-01,  4.740E-02, -1.387E-01         F               0         Blade 1 X orientation angle, node 17, rad
        251    8.966E-02, -9.443E-01,  3.167E-01         F               0         Blade 1 Y orientation angle, node 17, rad
        252   -1.160E-01, -3.257E-01, -9.383E-01         F               0         Blade 1 Z orientation angle, node 17, rad
        253    9.897E-01,  4.246E-02, -1.371E-01         F               0         Blade 1 X orientation angle, node 18, rad
        254    8.448E-02, -9.445E-01,  3.174E-01         F               0         Blade 1 Y orientation angle, node 18, rad
        255   -1.160E-01, -3.257E-01, -9.383E-01         F               0         Blade 1 Z orientation angle, node 18, rad
        256    9.900E-01,  3.801E-02, -1.356E-01         F               0         Blade 1 X orientation angle, node 19, rad
        257    7.981E-02, -9.447E-01,  3.180E-01         F               0         Blade 1 Y orientation angle, node 19, rad
        258   -1.160E-01, -3.257E-01, -9.383E-01         F               0         Blade 1 Z orientation angle, node 19, rad
        259    9.904E-01,  3.405E-02, -1.342E-01         F               0         Blade 1 X orientation angle, node 20, rad
        260    7.567E-02, -9.449E-01,  3.186E-01         F               0         Blade 1 Y orientation angle, node 20, rad
        261   -1.160E-01, -3.257E-01, -9.383E-01         F               0         Blade 1 Z orientation angle, node 20, rad
        262    9.907E-01,  3.026E-02, -1.329E-01         F               0         Blade 1 X orientation angle, node 21, rad
        263    7.169E-02, -9.450E-01,  3.191E-01         F               0         Blade 1 Y orientation angle, node 21, rad
        264   -1.160E-01, -3.257E-01, -9.383E-01         F               0         Blade 1 Z orientation angle, node 21, rad
        265    9.909E-01,  2.679E-02, -1.318E-01         F               0         Blade 1 X orientation angle, node 22, rad
        266    6.806E-02, -9.451E-01,  3.196E-01         F               0         Blade 1 Y orientation angle, node 22, rad
        267   -1.160E-01, -3.257E-01, -9.383E-01         F               0         Blade 1 Z orientation angle, node 22, rad
        268    9.911E-01,  2.366E-02, -1.307E-01         F               0         Blade 1 X orientation angle, node 23, rad
        269    6.477E-02, -9.452E-01,  3.201E-01         F               0         Blade 1 Y orientation angle, node 23, rad
        270   -1.160E-01, -3.257E-01, -9.383E-01         F               0         Blade 1 Z orientation angle, node 23, rad
        271    9.913E-01,  2.069E-02, -1.297E-01         F               0         Blade 1 X orientation angle, node 24, rad
        272    6.166E-02, -9.453E-01,  3.205E-01         F               0         Blade 1 Y orientation angle, node 24, rad
        273   -1.160E-01, -3.257E-01, -9.383E-01         F               0         Blade 1 Z orientation angle, node 24, rad
        274    9.915E-01,  1.788E-02, -1.288E-01         F               0         Blade 1 X orientation angle, node 25, rad
        275    5.872E-02, -9.453E-01,  3.208E-01         F               0         Blade 1 Y orientation angle, node 25, rad
        276   -1.160E-01, -3.257E-01, -9.383E-01         F               0         Blade 1 Z orientation angle, node 25, rad
        277    9.917E-01,  1.541E-02, -1.279E-01         F               0         Blade 1 X orientation angle, node 26, rad
        278    5.612E-02, -9.454E-01,  3.212E-01         F               0         Blade 1 Y orientation angle, node 26, rad
        279   -1.160E-01, -3.257E-01, -9.383E-01         F               0         Blade 1 Z orientation angle, node 26, rad
        280    9.918E-01,  1.293E-02, -1.271E-01         F               0         Blade 1 X orientation angle, node 27, rad
        281    5.352E-02, -9.454E-01,  3.215E-01         F               0         Blade 1 Y orientation angle, node 27, rad
        282   -1.160E-01, -3.257E-01, -9.383E-01         F               0         Blade 1 Z orientation angle, node 27, rad
        283    9.919E-01,  1.161E-02, -1.266E-01         F               0         Blade 1 X orientation angle, node 28, rad
        284    5.214E-02, -9.454E-01,  3.217E-01         F               0         Blade 1 Y orientation angle, node 28, rad
        285   -1.160E-01, -3.257E-01, -9.383E-01         F               0         Blade 1 Z orientation angle, node 28, rad
        286   -2.652E-01                                 F               0         Blade 1 X translation velocity, node 1, m/s
        287    4.681E+00                                 F               0         Blade 1 Y translation velocity, node 1, m/s
        288   -1.593E+00                                 F               0         Blade 1 Z translation velocity, node 1, m/s
        289   -3.288E-01                                 F               0         Blade 1 X translation velocity, node 2, m/s
        290    5.809E+00                                 F               0         Blade 1 Y translation velocity, node 2, m/s
        291   -1.976E+00                                 F               0         Blade 1 Z translation velocity, node 2, m/s
        292   -1.194E+00                                 F               0         Blade 1 X translation velocity, node 3, m/s
        293    2.115E+01                                 F               0         Blade 1 Y translation velocity, node 3, m/s
        294   -7.194E+00                                 F               0         Blade 1 Z translation velocity, node 3, m/s
        295   -1.379E+00                                 F               0         Blade 1 X translation velocity, node 4, m/s
        296    2.442E+01                                 F               0         Blade 1 Y translation velocity, node 4, m/s
        297   -8.306E+00                                 F               0         Blade 1 Z translation velocity, node 4, m/s
        298   -1.563E+00                                 F               0         Blade 1 X translation velocity, node 5, m/s
        299    2.769E+01                                 F               0         Blade 1 Y translation velocity, node 5, m/s
        300   -9.418E+00                                 F               0         Blade 1 Z translation velocity, node 5, m/s
        301   -1.748E+00                                 F               0         Blade 1 X translation velocity, node 6, m/s
        302    3.096E+01                                 F               0         Blade 1 Y translation velocity, node 6, m/s
        303   -1.053E+01                                 F               0         Blade 1 Z translation velocity, node 6, m/s
        304   -1.932E+00                                 F               0         Blade 1 X translation velocity, node 7, m/s
        305    3.423E+01                                 F               0         Blade 1 Y translation velocity, node 7, m/s
        306   -1.164E+01                                 F               0         Blade 1 Z translation velocity, node 7, m/s
        307   -2.116E+00                                 F               0         Blade 1 X translation velocity, node 8, m/s
