
Linearized model: Predictions were generated on 24-Jan-2024 at 11:24:37 using OpenFAST, compiled as a 64-bit application using single precision at commit v3.5.1
 linked with  NWTC Subroutine Library; ElastoDyn; InflowWind; AeroDyn; ServoDyn; HydroDyn; MAP++ (<1.20.10>, <Oct-20-2023>)

Description from the FAST input file: CCT-9 Campign 4 model. Input files to be run with OpenFAST 3.5.0. GitHub branch from Lu Wang (https://github.com/luwang00/openfast/tree/dev) compiled on March 7, 2023.

Simulation information:
   Simulation time:                   507.9000 s
   Rotor Speed:                         0.8938 rad/s
   Azimuth:                             2.3188 rad
   Wind Speed:                         10.0000 m/s
   Number of continuous states:         0
   Number of discrete states:           0
   Number of constraint states:         0
   Number of inputs:                 1746
   Number of outputs:                   4
   Jacobians included in this file?    No

Order of inputs:
     Column   Operating Point                     Rotating Frame? Derivative Order Description
   ---------- ---------------                     --------------- ---------------- -----------
          1    1.535E-01                                 F               0         Tower X translation displacement, node 1, m
          2   -1.355E+00                                 F               0         Tower Y translation displacement, node 1, m
          3   -4.807E-02                                 F               0         Tower Z translation displacement, node 1, m
          4    3.902E-01                                 F               0         Tower X translation displacement, node 2, m
          5   -1.889E+00                                 F               0         Tower Y translation displacement, node 2, m
          6   -6.192E-02                                 F               0         Tower Z translation displacement, node 2, m
          7    6.403E-01                                 F               0         Tower X translation displacement, node 3, m
          8   -2.429E+00                                 F               0         Tower Y translation displacement, node 3, m
          9   -7.625E-02                                 F               0         Tower Z translation displacement, node 3, m
         10    9.003E-01                                 F               0         Tower X translation displacement, node 4, m
         11   -2.973E+00                                 F               0         Tower Y translation displacement, node 4, m
         12   -9.097E-02                                 F               0         Tower Z translation displacement, node 4, m
         13    1.168E+00                                 F               0         Tower X translation displacement, node 5, m
         14   -3.521E+00                                 F               0         Tower Y translation displacement, node 5, m
         15   -1.060E-01                                 F               0         Tower Z translation displacement, node 5, m
         16    1.442E+00                                 F               0         Tower X translation displacement, node 6, m
         17   -4.071E+00                                 F               0         Tower Y translation displacement, node 6, m
         18   -1.213E-01                                 F               0         Tower Z translation displacement, node 6, m
         19    1.720E+00                                 F               0         Tower X translation displacement, node 7, m
         20   -4.624E+00                                 F               0         Tower Y translation displacement, node 7, m
         21   -1.368E-01                                 F               0         Tower Z translation displacement, node 7, m
         22    2.001E+00                                 F               0         Tower X translation displacement, node 8, m
         23   -5.179E+00                                 F               0         Tower Y translation displacement, node 8, m
         24   -1.525E-01                                 F               0         Tower Z translation displacement, node 8, m
         25    2.285E+00                                 F               0         Tower X translation displacement, node 9, m
         26   -5.735E+00                                 F               0         Tower Y translation displacement, node 9, m
         27   -1.683E-01                                 F               0         Tower Z translation displacement, node 9, m
         28    2.570E+00                                 F               0         Tower X translation displacement, node 10, m
         29   -6.292E+00                                 F               0         Tower Y translation displacement, node 10, m
         30   -1.841E-01                                 F               0         Tower Z translation displacement, node 10, m
         31    2.855E+00                                 F               0         Tower X translation displacement, node 11, m
         32   -6.850E+00                                 F               0         Tower Y translation displacement, node 11, m
         33   -2.000E-01                                 F               0         Tower Z translation displacement, node 11, m
         34    9.998E-01,  7.899E-03, -1.840E-02         F               0         Tower X orientation angle, node 1, rad
         35   -7.096E-03,  9.990E-01,  4.325E-02         F               0         Tower Y orientation angle, node 1, rad
         36    1.873E-02, -4.311E-02,  9.989E-01         F               0         Tower Z orientation angle, node 1, rad
         37    9.998E-01,  7.943E-03, -1.942E-02         F               0         Tower X orientation angle, node 2, rad
         38   -7.089E-03,  9.990E-01,  4.365E-02         F               0         Tower Y orientation angle, node 2, rad
         39    1.975E-02, -4.350E-02,  9.989E-01         F               0         Tower Z orientation angle, node 2, rad
         40    9.998E-01,  7.981E-03, -2.030E-02         F               0         Tower X orientation angle, node 3, rad
         41   -7.081E-03,  9.990E-01,  4.401E-02         F               0         Tower Y orientation angle, node 3, rad
         42    2.063E-02, -4.386E-02,  9.988E-01         F               0         Tower Z orientation angle, node 3, rad
         43    9.997E-01,  8.013E-03, -2.101E-02         F               0         Tower X orientation angle, node 4, rad
         44   -7.075E-03,  9.990E-01,  4.432E-02         F               0         Tower Y orientation angle, node 4, rad
         45    2.135E-02, -4.417E-02,  9.988E-01         F               0         Tower Z orientation angle, node 4, rad
         46    9.997E-01,  8.038E-03, -2.158E-02         F               0         Tower X orientation angle, node 5, rad
         47   -7.069E-03,  9.990E-01,  4.459E-02         F               0         Tower Y orientation angle, node 5, rad
         48    2.192E-02, -4.443E-02,  9.988E-01         F               0         Tower Z orientation angle, node 5, rad
         49    9.997E-01,  8.057E-03, -2.201E-02         F               0         Tower X orientation angle, node 6, rad
         50   -7.064E-03,  9.990E-01,  4.482E-02         F               0         Tower Y orientation angle, node 6, rad
         51    2.235E-02, -4.465E-02,  9.988E-01         F               0         Tower Z orientation angle, node 6, rad
         52    9.997E-01,  8.071E-03, -2.232E-02         F               0         Tower X orientation angle, node 7, rad
         53   -7.060E-03,  9.990E-01,  4.500E-02         F               0         Tower Y orientation angle, node 7, rad
         54    2.266E-02, -4.483E-02,  9.987E-01         F               0         Tower Z orientation angle, node 7, rad
         55    9.997E-01,  8.080E-03, -2.253E-02         F               0         Tower X orientation angle, node 8, rad
         56   -7.057E-03,  9.990E-01,  4.514E-02         F               0         Tower Y orientation angle, node 8, rad
         57    2.287E-02, -4.497E-02,  9.987E-01         F               0         Tower Z orientation angle, node 8, rad
         58    9.997E-01,  8.086E-03, -2.265E-02         F               0         Tower X orientation angle, node 9, rad
         59   -7.055E-03,  9.990E-01,  4.524E-02         F               0         Tower Y orientation angle, node 9, rad
         60    2.300E-02, -4.507E-02,  9.987E-01         F               0         Tower Z orientation angle, node 9, rad
         61    9.997E-01,  8.089E-03, -2.272E-02         F               0         Tower X orientation angle, node 10, rad
         62   -7.053E-03,  9.989E-01,  4.531E-02         F               0         Tower Y orientation angle, node 10, rad
         63    2.307E-02, -4.514E-02,  9.987E-01         F               0         Tower Z orientation angle, node 10, rad
         64    9.997E-01,  8.091E-03, -2.275E-02         F               0         Tower X orientation angle, node 11, rad
         65   -7.052E-03,  9.989E-01,  4.535E-02         F               0         Tower Y orientation angle, node 11, rad
         66    2.310E-02, -4.518E-02,  9.987E-01         F               0         Tower Z orientation angle, node 11, rad
         67   -3.587E-07                                 F               0         Tower X translation velocity, node 1, m/s
         68   -1.558E-07                                 F               0         Tower Y translation velocity, node 1, m/s
         69    0.000E+00                                 F               0         Tower Z translation velocity, node 1, m/s
         70   -5.590E-06                                 F               0         Tower X translation velocity, node 2, m/s
         71   -2.432E-05                                 F               0         Tower Y translation velocity, node 2, m/s
         72   -9.475E-07                                 F               0         Tower Z translation velocity, node 2, m/s
         73   -2.524E-05                                 F               0         Tower X translation velocity, node 3, m/s
         74   -1.105E-04                                 F               0         Tower Y translation velocity, node 3, m/s
         75   -4.319E-06                                 F               0         Tower Z translation velocity, node 3, m/s
         76   -5.881E-05                                 F               0         Tower X translation velocity, node 4, m/s
         77   -2.463E-04                                 F               0         Tower Y translation velocity, node 4, m/s
         78   -9.600E-06                                 F               0         Tower Z translation velocity, node 4, m/s
         79   -1.068E-04                                 F               0         Tower X translation velocity, node 5, m/s
         80   -4.259E-04                                 F               0         Tower Y translation velocity, node 5, m/s
         81   -1.652E-05                                 F               0         Tower Z translation velocity, node 5, m/s
         82   -1.694E-04                                 F               0         Tower X translation velocity, node 6, m/s
         83   -6.431E-04                                 F               0         Tower Y translation velocity, node 6, m/s
         84   -2.483E-05                                 F               0         Tower Z translation velocity, node 6, m/s
         85   -2.450E-04                                 F               0         Tower X translation velocity, node 7, m/s
         86   -8.898E-04                                 F               0         Tower Y translation velocity, node 7, m/s
         87   -3.417E-05                                 F               0         Tower Z translation velocity, node 7, m/s
         88   -3.337E-04                                 F               0         Tower X translation velocity, node 8, m/s
         89   -1.163E-03                                 F               0         Tower Y translation velocity, node 8, m/s
         90   -4.442E-05                                 F               0         Tower Z translation velocity, node 8, m/s
         91   -4.337E-04                                 F               0         Tower X translation velocity, node 9, m/s
         92   -1.456E-03                                 F               0         Tower Y translation velocity, node 9, m/s
         93   -5.536E-05                                 F               0         Tower Z translation velocity, node 9, m/s
         94   -5.426E-04                                 F               0         Tower X translation velocity, node 10, m/s
         95   -1.764E-03                                 F               0         Tower Y translation velocity, node 10, m/s
         96   -6.675E-05                                 F               0         Tower Z translation velocity, node 10, m/s
         97   -6.576E-04                                 F               0         Tower X translation velocity, node 11, m/s
         98   -2.081E-03                                 F               0         Tower Y translation velocity, node 11, m/s
         99   -7.842E-05                                 F               0         Tower Z translation velocity, node 11, m/s
        100    3.039E+00                                 F               0         Hub X translation displacement, node 1, m
        101   -7.292E+00                                 F               0         Hub Y translation displacement, node 1, m
        102    3.559E-02                                 F               0         Hub Z translation displacement, node 1, m
        103    9.918E-01,  1.277E-02, -1.270E-01         F               0         Hub X orientation angle, node 1, rad
        104    9.824E-02, -7.118E-01,  6.955E-01         F               0         Hub Y orientation angle, node 1, rad
        105   -8.153E-02, -7.023E-01, -7.072E-01         F               0         Hub Z orientation angle, node 1, rad
        106    8.865E-01                                 F               0         Hub X rotation velocity, node 1, rad/s
        107    1.140E-02                                 F               0         Hub Y rotation velocity, node 1, rad/s
        108   -1.135E-01                                 F               0         Hub Z rotation velocity, node 1, rad/s
        109    9.885E-01,  3.388E-02, -1.476E-01         F               0         Blade root 1 X orientation angle, node 1, rad
        110    1.276E-01, -7.111E-01,  6.914E-01         F               0         Blade root 1 Y orientation angle, node 1, rad
        111   -8.153E-02, -7.023E-01, -7.072E-01         F               0         Blade root 1 Z orientation angle, node 1, rad
        112    9.949E-01,  2.025E-02, -9.848E-02         F               0         Blade root 2 X orientation angle, node 1, rad
        113   -9.025E-02, -2.518E-01, -9.635E-01         F               0         Blade root 2 Y orientation angle, node 1, rad
        114   -4.431E-02,  9.676E-01, -2.487E-01         F               0         Blade root 2 Z orientation angle, node 1, rad
        115    9.907E-01, -1.584E-02, -1.348E-01         F               0         Blade root 3 X orientation angle, node 1, rad
        116    5.090E-02,  9.641E-01,  2.608E-01         F               0         Blade root 3 Y orientation angle, node 1, rad
        117    1.258E-01, -2.652E-01,  9.559E-01         F               0         Blade root 3 Z orientation angle, node 1, rad
        118    2.009E+00                                 F               0         Blade 1 X translation displacement, node 1, m
        119   -1.118E+01                                 F               0         Blade 1 Y translation displacement, node 1, m
        120   -9.392E+00                                 F               0         Blade 1 Z translation displacement, node 1, m
        121    1.760E+00                                 F               0         Blade 1 X translation displacement, node 2, m
        122   -1.212E+01                                 F               0         Blade 1 Y translation displacement, node 2, m
        123   -1.166E+01                                 F               0         Blade 1 Z translation displacement, node 2, m
        124   -1.617E+00                                 F               0         Blade 1 X translation displacement, node 3, m
        125   -2.487E+01                                 F               0         Blade 1 Y translation displacement, node 3, m
        126   -4.255E+01                                 F               0         Blade 1 Z translation displacement, node 3, m
        127   -2.337E+00                                 F               0         Blade 1 X translation displacement, node 4, m
        128   -2.759E+01                                 F               0         Blade 1 Y translation displacement, node 4, m
        129   -4.914E+01                                 F               0         Blade 1 Z translation displacement, node 4, m
        130   -3.056E+00                                 F               0         Blade 1 X translation displacement, node 5, m
        131   -3.030E+01                                 F               0         Blade 1 Y translation displacement, node 5, m
        132   -5.572E+01                                 F               0         Blade 1 Z translation displacement, node 5, m
        133   -3.776E+00                                 F               0         Blade 1 X translation displacement, node 6, m
        134   -3.302E+01                                 F               0         Blade 1 Y translation displacement, node 6, m
        135   -6.230E+01                                 F               0         Blade 1 Z translation displacement, node 6, m
        136   -4.496E+00                                 F               0         Blade 1 X translation displacement, node 7, m
        137   -3.573E+01                                 F               0         Blade 1 Y translation displacement, node 7, m
        138   -6.888E+01                                 F               0         Blade 1 Z translation displacement, node 7, m
        139   -5.215E+00                                 F               0         Blade 1 X translation displacement, node 8, m
        140   -3.845E+01                                 F               0         Blade 1 Y translation displacement, node 8, m
        141   -7.546E+01                                 F               0         Blade 1 Z translation displacement, node 8, m
        142   -5.935E+00                                 F               0         Blade 1 X translation displacement, node 9, m
        143   -4.117E+01                                 F               0         Blade 1 Y translation displacement, node 9, m
        144   -8.204E+01                                 F               0         Blade 1 Z translation displacement, node 9, m
        145   -6.654E+00                                 F               0         Blade 1 X translation displacement, node 10, m
        146   -4.388E+01                                 F               0         Blade 1 Y translation displacement, node 10, m
        147   -8.863E+01                                 F               0         Blade 1 Z translation displacement, node 10, m
        148   -7.374E+00                                 F               0         Blade 1 X translation displacement, node 11, m
        149   -4.660E+01                                 F               0         Blade 1 Y translation displacement, node 11, m
        150   -9.521E+01                                 F               0         Blade 1 Z translation displacement, node 11, m
        151   -8.094E+00                                 F               0         Blade 1 X translation displacement, node 12, m
        152   -4.932E+01                                 F               0         Blade 1 Y translation displacement, node 12, m
        153   -1.018E+02                                 F               0         Blade 1 Z translation displacement, node 12, m
        154   -8.813E+00                                 F               0         Blade 1 X translation displacement, node 13, m
        155   -5.203E+01                                 F               0         Blade 1 Y translation displacement, node 13, m
        156   -1.084E+02                                 F               0         Blade 1 Z translation displacement, node 13, m
        157   -9.533E+00                                 F               0         Blade 1 X translation displacement, node 14, m
        158   -5.475E+01                                 F               0         Blade 1 Y translation displacement, node 14, m
        159   -1.150E+02                                 F               0         Blade 1 Z translation displacement, node 14, m
        160   -1.025E+01                                 F               0         Blade 1 X translation displacement, node 15, m
        161   -5.747E+01                                 F               0         Blade 1 Y translation displacement, node 15, m
        162   -1.215E+02                                 F               0         Blade 1 Z translation displacement, node 15, m
        163   -1.097E+01                                 F               0         Blade 1 X translation displacement, node 16, m
        164   -6.018E+01                                 F               0         Blade 1 Y translation displacement, node 16, m
        165   -1.281E+02                                 F               0         Blade 1 Z translation displacement, node 16, m
        166   -1.169E+01                                 F               0         Blade 1 X translation displacement, node 17, m
        167   -6.290E+01                                 F               0         Blade 1 Y translation displacement, node 17, m
        168   -1.347E+02                                 F               0         Blade 1 Z translation displacement, node 17, m
        169   -1.241E+01                                 F               0         Blade 1 X translation displacement, node 18, m
        170   -6.561E+01                                 F               0         Blade 1 Y translation displacement, node 18, m
        171   -1.413E+02                                 F               0         Blade 1 Z translation displacement, node 18, m
        172   -1.313E+01                                 F               0         Blade 1 X translation displacement, node 19, m
        173   -6.833E+01                                 F               0         Blade 1 Y translation displacement, node 19, m
        174   -1.479E+02                                 F               0         Blade 1 Z translation displacement, node 19, m
        175   -1.385E+01                                 F               0         Blade 1 X translation displacement, node 20, m
        176   -7.105E+01                                 F               0         Blade 1 Y translation displacement, node 20, m
        177   -1.544E+02                                 F               0         Blade 1 Z translation displacement, node 20, m
        178   -1.457E+01                                 F               0         Blade 1 X translation displacement, node 21, m
        179   -7.376E+01                                 F               0         Blade 1 Y translation displacement, node 21, m
        180   -1.610E+02                                 F               0         Blade 1 Z translation displacement, node 21, m
        181   -1.529E+01                                 F               0         Blade 1 X translation displacement, node 22, m
        182   -7.648E+01                                 F               0         Blade 1 Y translation displacement, node 22, m
        183   -1.676E+02                                 F               0         Blade 1 Z translation displacement, node 22, m
        184   -1.601E+01                                 F               0         Blade 1 X translation displacement, node 23, m
        185   -7.920E+01                                 F               0         Blade 1 Y translation displacement, node 23, m
        186   -1.742E+02                                 F               0         Blade 1 Z translation displacement, node 23, m
        187   -1.673E+01                                 F               0         Blade 1 X translation displacement, node 24, m
        188   -8.191E+01                                 F               0         Blade 1 Y translation displacement, node 24, m
        189   -1.808E+02                                 F               0         Blade 1 Z translation displacement, node 24, m
        190   -1.745E+01                                 F               0         Blade 1 X translation displacement, node 25, m
        191   -8.463E+01                                 F               0         Blade 1 Y translation displacement, node 25, m
        192   -1.874E+02                                 F               0         Blade 1 Z translation displacement, node 25, m
        193   -1.817E+01                                 F               0         Blade 1 X translation displacement, node 26, m
        194   -8.734E+01                                 F               0         Blade 1 Y translation displacement, node 26, m
        195   -1.939E+02                                 F               0         Blade 1 Z translation displacement, node 26, m
        196   -1.889E+01                                 F               0         Blade 1 X translation displacement, node 27, m
        197   -9.006E+01                                 F               0         Blade 1 Y translation displacement, node 27, m
        198   -2.005E+02                                 F               0         Blade 1 Z translation displacement, node 27, m
        199   -1.950E+01                                 F               0         Blade 1 X translation displacement, node 28, m
        200   -9.236E+01                                 F               0         Blade 1 Y translation displacement, node 28, m
        201   -2.061E+02                                 F               0         Blade 1 Z translation displacement, node 28, m
        202    8.215E-01,  3.544E-01, -4.467E-01         F               0         Blade 1 X orientation angle, node 1, rad
        203    5.643E-01, -6.174E-01,  5.481E-01         F               0         Blade 1 Y orientation angle, node 1, rad
        204   -8.153E-02, -7.023E-01, -7.072E-01         F               0         Blade 1 Z orientation angle, node 1, rad
        205    8.215E-01,  3.544E-01, -4.467E-01         F               0         Blade 1 X orientation angle, node 2, rad
        206    5.643E-01, -6.174E-01,  5.481E-01         F               0         Blade 1 Y orientation angle, node 2, rad
        207   -8.153E-02, -7.023E-01, -7.072E-01         F               0         Blade 1 Z orientation angle, node 2, rad
        208    9.319E-01,  1.980E-01, -3.040E-01         F               0         Blade 1 X orientation angle, node 3, rad
        209    3.535E-01, -6.838E-01,  6.383E-01         F               0         Blade 1 Y orientation angle, node 3, rad
        210   -8.153E-02, -7.023E-01, -7.072E-01         F               0         Blade 1 Z orientation angle, node 3, rad
        211    9.460E-01,  1.689E-01, -2.768E-01         F               0         Blade 1 X orientation angle, node 4, rad
        212    3.139E-01, -6.915E-01,  6.506E-01         F               0         Blade 1 Y orientation angle, node 4, rad
        213   -8.153E-02, -7.023E-01, -7.072E-01         F               0         Blade 1 Z orientation angle, node 4, rad
        214    9.558E-01,  1.459E-01, -2.551E-01         F               0         Blade 1 X orientation angle, node 5, rad
        215    2.823E-01, -6.968E-01,  6.594E-01         F               0         Blade 1 Y orientation angle, node 5, rad
        216   -8.153E-02, -7.023E-01, -7.072E-01         F               0         Blade 1 Z orientation angle, node 5, rad
        217    9.630E-01,  1.274E-01, -2.375E-01         F               0         Blade 1 X orientation angle, node 6, rad
        218    2.569E-01, -7.004E-01,  6.659E-01         F               0         Blade 1 Y orientation angle, node 6, rad
        219   -8.153E-02, -7.023E-01, -7.072E-01         F               0         Blade 1 Z orientation angle, node 6, rad
        220    9.684E-01,  1.121E-01, -2.229E-01         F               0         Blade 1 X orientation angle, node 7, rad
        221    2.358E-01, -7.030E-01,  6.710E-01         F               0         Blade 1 Y orientation angle, node 7, rad
        222   -8.153E-02, -7.023E-01, -7.072E-01         F               0         Blade 1 Z orientation angle, node 7, rad
        223    9.725E-01,  9.929E-02, -2.107E-01         F               0         Blade 1 X orientation angle, node 8, rad
        224    2.182E-01, -7.049E-01,  6.749E-01         F               0         Blade 1 Y orientation angle, node 8, rad
        225   -8.153E-02, -7.023E-01, -7.072E-01         F               0         Blade 1 Z orientation angle, node 8, rad
        226    9.757E-01,  8.845E-02, -2.003E-01         F               0         Blade 1 X orientation angle, node 9, rad
        227    2.032E-01, -7.064E-01,  6.780E-01         F               0         Blade 1 Y orientation angle, node 9, rad
        228   -8.153E-02, -7.023E-01, -7.072E-01         F               0         Blade 1 Z orientation angle, node 9, rad
        229    9.783E-01,  7.908E-02, -1.913E-01         F               0         Blade 1 X orientation angle, node 10, rad
        230    1.903E-01, -7.075E-01,  6.806E-01         F               0         Blade 1 Y orientation angle, node 10, rad
        231   -8.153E-02, -7.023E-01, -7.072E-01         F               0         Blade 1 Z orientation angle, node 10, rad
        232    9.804E-01,  7.105E-02, -1.836E-01         F               0         Blade 1 X orientation angle, node 11, rad
        233    1.792E-01, -7.083E-01,  6.828E-01         F               0         Blade 1 Y orientation angle, node 11, rad
        234   -8.153E-02, -7.023E-01, -7.072E-01         F               0         Blade 1 Z orientation angle, node 11, rad
        235    9.822E-01,  6.400E-02, -1.768E-01         F               0         Blade 1 X orientation angle, node 12, rad
        236    1.694E-01, -7.090E-01,  6.846E-01         F               0         Blade 1 Y orientation angle, node 12, rad
        237   -8.153E-02, -7.023E-01, -7.072E-01         F               0         Blade 1 Z orientation angle, node 12, rad
        238    9.836E-01,  5.781E-02, -1.708E-01         F               0         Blade 1 X orientation angle, node 13, rad
        239    1.608E-01, -7.095E-01,  6.861E-01         F               0         Blade 1 Y orientation angle, node 13, rad
        240   -8.153E-02, -7.023E-01, -7.072E-01         F               0         Blade 1 Z orientation angle, node 13, rad
        241    9.848E-01,  5.223E-02, -1.654E-01         F               0         Blade 1 X orientation angle, node 14, rad
        242    1.531E-01, -7.100E-01,  6.874E-01         F               0         Blade 1 Y orientation angle, node 14, rad
        243   -8.153E-02, -7.023E-01, -7.072E-01         F               0         Blade 1 Z orientation angle, node 14, rad
        244    9.859E-01,  4.727E-02, -1.606E-01         F               0         Blade 1 X orientation angle, node 15, rad
        245    1.462E-01, -7.103E-01,  6.885E-01         F               0         Blade 1 Y orientation angle, node 15, rad
        246   -8.153E-02, -7.023E-01, -7.072E-01         F               0         Blade 1 Z orientation angle, node 15, rad
        247    9.868E-01,  4.281E-02, -1.563E-01         F               0         Blade 1 X orientation angle, node 16, rad
        248    1.400E-01, -7.106E-01,  6.895E-01         F               0         Blade 1 Y orientation angle, node 16, rad
        249   -8.153E-02, -7.023E-01, -7.072E-01         F               0         Blade 1 Z orientation angle, node 16, rad
        250    9.876E-01,  3.884E-02, -1.524E-01         F               0         Blade 1 X orientation angle, node 17, rad
        251    1.345E-01, -7.108E-01,  6.904E-01         F               0         Blade 1 Y orientation angle, node 17, rad
        252   -8.153E-02, -7.023E-01, -7.072E-01         F               0         Blade 1 Z orientation angle, node 17, rad
        253    9.882E-01,  3.512E-02, -1.488E-01         F               0         Blade 1 X orientation angle, node 18, rad
        254    1.293E-01, -7.110E-01,  6.912E-01         F               0         Blade 1 Y orientation angle, node 18, rad
        255   -8.153E-02, -7.023E-01, -7.072E-01         F               0         Blade 1 Z orientation angle, node 18, rad
        256    9.888E-01,  3.177E-02, -1.455E-01         F               0         Blade 1 X orientation angle, node 19, rad
        257    1.247E-01, -7.112E-01,  6.919E-01         F               0         Blade 1 Y orientation angle, node 19, rad
        258   -8.153E-02, -7.023E-01, -7.072E-01         F               0         Blade 1 Z orientation angle, node 19, rad
        259    9.894E-01,  2.879E-02, -1.426E-01         F               0         Blade 1 X orientation angle, node 20, rad
        260    1.205E-01, -7.113E-01,  6.925E-01         F               0         Blade 1 Y orientation angle, node 20, rad
        261   -8.153E-02, -7.023E-01, -7.072E-01         F               0         Blade 1 Z orientation angle, node 20, rad
        262    9.898E-01,  2.593E-02, -1.399E-01         F               0         Blade 1 X orientation angle, node 21, rad
        263    1.166E-01, -7.114E-01,  6.931E-01         F               0         Blade 1 Y orientation angle, node 21, rad
        264   -8.153E-02, -7.023E-01, -7.072E-01         F               0         Blade 1 Z orientation angle, node 21, rad
        265    9.903E-01,  2.333E-02, -1.373E-01         F               0         Blade 1 X orientation angle, node 22, rad
        266    1.129E-01, -7.115E-01,  6.936E-01         F               0         Blade 1 Y orientation angle, node 22, rad
        267   -8.153E-02, -7.023E-01, -7.072E-01         F               0         Blade 1 Z orientation angle, node 22, rad
        268    9.906E-01,  2.097E-02, -1.350E-01         F               0         Blade 1 X orientation angle, node 23, rad
        269    1.097E-01, -7.116E-01,  6.940E-01         F               0         Blade 1 Y orientation angle, node 23, rad
        270   -8.153E-02, -7.023E-01, -7.072E-01         F               0         Blade 1 Z orientation angle, node 23, rad
        271    9.910E-01,  1.873E-02, -1.328E-01         F               0         Blade 1 X orientation angle, node 24, rad
        272    1.065E-01, -7.116E-01,  6.944E-01         F               0         Blade 1 Y orientation angle, node 24, rad
        273   -8.153E-02, -7.023E-01, -7.072E-01         F               0         Blade 1 Z orientation angle, node 24, rad
        274    9.913E-01,  1.662E-02, -1.308E-01         F               0         Blade 1 X orientation angle, node 25, rad
        275    1.036E-01, -7.117E-01,  6.948E-01         F               0         Blade 1 Y orientation angle, node 25, rad
        276   -8.153E-02, -7.023E-01, -7.072E-01         F               0         Blade 1 Z orientation angle, node 25, rad
        277    9.915E-01,  1.476E-02, -1.290E-01         F               0         Blade 1 X orientation angle, node 26, rad
        278    1.010E-01, -7.117E-01,  6.952E-01         F               0         Blade 1 Y orientation angle, node 26, rad
        279   -8.153E-02, -7.023E-01, -7.072E-01         F               0         Blade 1 Z orientation angle, node 26, rad
        280    9.918E-01,  1.289E-02, -1.271E-01         F               0         Blade 1 X orientation angle, node 27, rad
        281    9.841E-02, -7.118E-01,  6.955E-01         F               0         Blade 1 Y orientation angle, node 27, rad
        282   -8.153E-02, -7.023E-01, -7.072E-01         F               0         Blade 1 Z orientation angle, node 27, rad
        283    9.919E-01,  1.190E-02, -1.262E-01         F               0         Blade 1 X orientation angle, node 28, rad
        284    9.703E-02, -7.118E-01,  6.957E-01         F               0         Blade 1 Y orientation angle, node 28, rad
        285   -8.153E-02, -7.023E-01, -7.072E-01         F               0         Blade 1 Z orientation angle, node 28, rad
        286   -4.872E-01                                 F               0         Blade 1 X translation velocity, node 1, m/s
        287    3.522E+00                                 F               0         Blade 1 Y translation velocity, node 1, m/s
        288   -3.444E+00                                 F               0         Blade 1 Z translation velocity, node 1, m/s
        289   -6.044E-01                                 F               0         Blade 1 X translation velocity, node 2, m/s
        290    4.372E+00                                 F               0         Blade 1 Y translation velocity, node 2, m/s
        291   -4.274E+00                                 F               0         Blade 1 Z translation velocity, node 2, m/s
        292   -2.198E+00                                 F               0         Blade 1 X translation velocity, node 3, m/s
        293    1.592E+01                                 F               0         Blade 1 Y translation velocity, node 3, m/s
        294   -1.556E+01                                 F               0         Blade 1 Z translation velocity, node 3, m/s
        295   -2.538E+00                                 F               0         Blade 1 X translation velocity, node 4, m/s
        296    1.838E+01                                 F               0         Blade 1 Y translation velocity, node 4, m/s
        297   -1.796E+01                                 F               0         Blade 1 Z translation velocity, node 4, m/s
        298   -2.877E+00                                 F               0         Blade 1 X translation velocity, node 5, m/s
        299    2.084E+01                                 F               0         Blade 1 Y translation velocity, node 5, m/s
        300   -2.037E+01                                 F               0         Blade 1 Z translation velocity, node 5, m/s
        301   -3.217E+00                                 F               0         Blade 1 X translation velocity, node 6, m/s
        302    2.330E+01                                 F               0         Blade 1 Y translation velocity, node 6, m/s
        303   -2.277E+01                                 F               0         Blade 1 Z translation velocity, node 6, m/s
        304   -3.557E+00                                 F               0         Blade 1 X translation velocity, node 7, m/s
        305    2.576E+01                                 F               0         Blade 1 Y translation velocity, node 7, m/s
        306   -2.518E+01                                 F               0         Blade 1 Z translation velocity, node 7, m/s
        307   -3.896E+00                                 F               0         Blade 1 X translation velocity, node 8, m/s
