
Linearized model: Predictions were generated on 08-Jan-2024 at 09:43:14 using OpenFAST, compiled as a 64-bit application using single precision at commit v3.5.1
 linked with  NWTC Subroutine Library; ElastoDyn; InflowWind; AeroDyn; ServoDyn; HydroDyn; MoorDyn (v2.0.0, 2023-09-18)

Description from the FAST input file: CCT-9 Campign 4 model. Input files to be run with OpenFAST 3.5.0. GitHub branch from Lu Wang (https://github.com/luwang00/openfast/tree/dev) compiled on March 7, 2023.

Simulation information:
   Simulation time:                  1001.5000 s
   Rotor Speed:                         0.7074 rad/s
   Azimuth:                             0.2484 rad
   Wind Speed:                          8.0000 m/s
   Number of continuous states:         0
   Number of discrete states:           0
   Number of constraint states:         0
   Number of inputs:                 1746
   Number of outputs:                   4
   Jacobians included in this file?    No

Order of inputs:
     Column   Operating Point                     Rotating Frame? Derivative Order Description
   ---------- ---------------                     --------------- ---------------- -----------
          1    7.251E+00                                 F               0         Tower X translation displacement, node 1, m
          2   -1.279E+00                                 F               0         Tower Y translation displacement, node 1, m
          3   -1.494E-01                                 F               0         Tower Z translation displacement, node 1, m
          4    8.293E+00                                 F               0         Tower X translation displacement, node 2, m
          5   -1.822E+00                                 F               0         Tower Y translation displacement, node 2, m
          6   -2.054E-01                                 F               0         Tower Z translation displacement, node 2, m
          7    9.351E+00                                 F               0         Tower X translation displacement, node 3, m
          8   -2.370E+00                                 F               0         Tower Y translation displacement, node 3, m
          9   -2.630E-01                                 F               0         Tower Z translation displacement, node 3, m
         10    1.042E+01                                 F               0         Tower X translation displacement, node 4, m
         11   -2.922E+00                                 F               0         Tower Y translation displacement, node 4, m
         12   -3.218E-01                                 F               0         Tower Z translation displacement, node 4, m
         13    1.150E+01                                 F               0         Tower X translation displacement, node 5, m
         14   -3.477E+00                                 F               0         Tower Y translation displacement, node 5, m
         15   -3.815E-01                                 F               0         Tower Z translation displacement, node 5, m
         16    1.259E+01                                 F               0         Tower X translation displacement, node 6, m
         17   -4.036E+00                                 F               0         Tower Y translation displacement, node 6, m
         18   -4.421E-01                                 F               0         Tower Z translation displacement, node 6, m
         19    1.368E+01                                 F               0         Tower X translation displacement, node 7, m
         20   -4.597E+00                                 F               0         Tower Y translation displacement, node 7, m
         21   -5.031E-01                                 F               0         Tower Z translation displacement, node 7, m
         22    1.477E+01                                 F               0         Tower X translation displacement, node 8, m
         23   -5.159E+00                                 F               0         Tower Y translation displacement, node 8, m
         24   -5.647E-01                                 F               0         Tower Z translation displacement, node 8, m
         25    1.587E+01                                 F               0         Tower X translation displacement, node 9, m
         26   -5.724E+00                                 F               0         Tower Y translation displacement, node 9, m
         27   -6.265E-01                                 F               0         Tower Z translation displacement, node 9, m
         28    1.697E+01                                 F               0         Tower X translation displacement, node 10, m
         29   -6.289E+00                                 F               0         Tower Y translation displacement, node 10, m
         30   -6.885E-01                                 F               0         Tower Z translation displacement, node 10, m
         31    1.807E+01                                 F               0         Tower X translation displacement, node 11, m
         32   -6.855E+00                                 F               0         Tower Y translation displacement, node 11, m
         33   -7.506E-01                                 F               0         Tower Z translation displacement, node 11, m
         34    9.965E-01,  4.117E-03, -8.374E-02         F               0         Tower X orientation angle, node 1, rad
         35   -4.348E-04,  9.990E-01,  4.395E-02         F               0         Tower Y orientation angle, node 1, rad
         36    8.384E-02, -4.376E-02,  9.955E-01         F               0         Tower Z orientation angle, node 1, rad
         37    9.964E-01,  4.171E-03, -8.494E-02         F               0         Tower X orientation angle, node 2, rad
         38   -4.012E-04,  9.990E-01,  4.435E-02         F               0         Tower Y orientation angle, node 2, rad
         39    8.504E-02, -4.415E-02,  9.954E-01         F               0         Tower Z orientation angle, node 2, rad
         40    9.963E-01,  4.217E-03, -8.598E-02         F               0         Tower X orientation angle, node 3, rad
         41   -3.706E-04,  9.990E-01,  4.470E-02         F               0         Tower Y orientation angle, node 3, rad
         42    8.608E-02, -4.450E-02,  9.953E-01         F               0         Tower Z orientation angle, node 3, rad
         43    9.962E-01,  4.255E-03, -8.684E-02         F               0         Tower X orientation angle, node 4, rad
         44   -3.436E-04,  9.990E-01,  4.501E-02         F               0         Tower Y orientation angle, node 4, rad
         45    8.694E-02, -4.481E-02,  9.952E-01         F               0         Tower Z orientation angle, node 4, rad
         46    9.962E-01,  4.286E-03, -8.752E-02         F               0         Tower X orientation angle, node 5, rad
         47   -3.202E-04,  9.990E-01,  4.528E-02         F               0         Tower Y orientation angle, node 5, rad
         48    8.762E-02, -4.508E-02,  9.951E-01         F               0         Tower Z orientation angle, node 5, rad
         49    9.961E-01,  4.310E-03, -8.804E-02         F               0         Tower X orientation angle, node 6, rad
         50   -3.006E-04,  9.990E-01,  4.550E-02         F               0         Tower Y orientation angle, node 6, rad
         51    8.815E-02, -4.530E-02,  9.951E-01         F               0         Tower Z orientation angle, node 6, rad
         52    9.961E-01,  4.327E-03, -8.841E-02         F               0         Tower X orientation angle, node 7, rad
         53   -2.848E-04,  9.990E-01,  4.568E-02         F               0         Tower Y orientation angle, node 7, rad
         54    8.852E-02, -4.548E-02,  9.950E-01         F               0         Tower Z orientation angle, node 7, rad
         55    9.961E-01,  4.339E-03, -8.867E-02         F               0         Tower X orientation angle, node 8, rad
         56   -2.726E-04,  9.989E-01,  4.582E-02         F               0         Tower Y orientation angle, node 8, rad
         57    8.878E-02, -4.562E-02,  9.950E-01         F               0         Tower Z orientation angle, node 8, rad
         58    9.960E-01,  4.347E-03, -8.883E-02         F               0         Tower X orientation angle, node 9, rad
         59   -2.636E-04,  9.989E-01,  4.592E-02         F               0         Tower Y orientation angle, node 9, rad
         60    8.894E-02, -4.572E-02,  9.950E-01         F               0         Tower Z orientation angle, node 9, rad
         61    9.960E-01,  4.351E-03, -8.892E-02         F               0         Tower X orientation angle, node 10, rad
         62   -2.577E-04,  9.989E-01,  4.599E-02         F               0         Tower Y orientation angle, node 10, rad
         63    8.903E-02, -4.578E-02,  9.950E-01         F               0         Tower Z orientation angle, node 10, rad
         64    9.960E-01,  4.353E-03, -8.896E-02         F               0         Tower X orientation angle, node 11, rad
         65   -2.545E-04,  9.989E-01,  4.603E-02         F               0         Tower Y orientation angle, node 11, rad
         66    8.907E-02, -4.582E-02,  9.950E-01         F               0         Tower Z orientation angle, node 11, rad
         67   -2.076E-04                                 F               0         Tower X translation velocity, node 1, m/s
         68    7.938E-04                                 F               0         Tower Y translation velocity, node 1, m/s
         69   -2.749E-03                                 F               0         Tower Z translation velocity, node 1, m/s
         70   -2.447E-04                                 F               0         Tower X translation velocity, node 2, m/s
         71    1.215E-03                                 F               0         Tower Y translation velocity, node 2, m/s
         72   -2.728E-03                                 F               0         Tower Z translation velocity, node 2, m/s
         73   -2.935E-04                                 F               0         Tower X translation velocity, node 3, m/s
         74    1.634E-03                                 F               0         Tower Y translation velocity, node 3, m/s
         75   -2.705E-03                                 F               0         Tower Z translation velocity, node 3, m/s
         76   -3.522E-04                                 F               0         Tower X translation velocity, node 4, m/s
         77    2.052E-03                                 F               0         Tower Y translation velocity, node 4, m/s
         78   -2.681E-03                                 F               0         Tower Z translation velocity, node 4, m/s
         79   -4.201E-04                                 F               0         Tower X translation velocity, node 5, m/s
         80    2.468E-03                                 F               0         Tower Y translation velocity, node 5, m/s
         81   -2.656E-03                                 F               0         Tower Z translation velocity, node 5, m/s
         82   -4.963E-04                                 F               0         Tower X translation velocity, node 6, m/s
         83    2.881E-03                                 F               0         Tower Y translation velocity, node 6, m/s
         84   -2.631E-03                                 F               0         Tower Z translation velocity, node 6, m/s
         85   -5.793E-04                                 F               0         Tower X translation velocity, node 7, m/s
         86    3.293E-03                                 F               0         Tower Y translation velocity, node 7, m/s
         87   -2.604E-03                                 F               0         Tower Z translation velocity, node 7, m/s
         88   -6.689E-04                                 F               0         Tower X translation velocity, node 8, m/s
         89    3.704E-03                                 F               0         Tower Y translation velocity, node 8, m/s
         90   -2.578E-03                                 F               0         Tower Z translation velocity, node 8, m/s
         91   -7.638E-04                                 F               0         Tower X translation velocity, node 9, m/s
         92    4.112E-03                                 F               0         Tower Y translation velocity, node 9, m/s
         93   -2.550E-03                                 F               0         Tower Z translation velocity, node 9, m/s
         94   -8.627E-04                                 F               0         Tower X translation velocity, node 10, m/s
         95    4.520E-03                                 F               0         Tower Y translation velocity, node 10, m/s
         96   -2.523E-03                                 F               0         Tower Z translation velocity, node 10, m/s
         97   -9.640E-04                                 F               0         Tower X translation velocity, node 11, m/s
         98    4.927E-03                                 F               0         Tower Y translation velocity, node 11, m/s
         99   -2.495E-03                                 F               0         Tower Z translation velocity, node 11, m/s
        100    1.881E+01                                 F               0         Hub X translation displacement, node 1, m
        101   -7.262E+00                                 F               0         Hub Y translation displacement, node 1, m
        102    1.707E-01                                 F               0         Hub Z translation displacement, node 1, m
        103    9.813E-01,  9.118E-03, -1.925E-01         F               0         Hub X orientation angle, node 1, rad
        104    4.712E-02,  9.572E-01,  2.856E-01         F               0         Hub Y orientation angle, node 1, rad
        105    1.868E-01, -2.893E-01,  9.388E-01         F               0         Hub Z orientation angle, node 1, rad
        106    6.941E-01                                 F               0         Hub X rotation velocity, node 1, rad/s
        107    6.442E-03                                 F               0         Hub Y rotation velocity, node 1, rad/s
        108   -1.362E-01                                 F               0         Hub Z rotation velocity, node 1, rad/s
        109    9.794E-01, -1.928E-02, -2.009E-01         F               0         Blade root 1 X orientation angle, node 1, rad
        110    7.621E-02,  9.570E-01,  2.797E-01         F               0         Blade root 1 Y orientation angle, node 1, rad
        111    1.868E-01, -2.893E-01,  9.388E-01         F               0         Blade root 1 Z orientation angle, node 1, rad
        112    9.767E-01,  3.075E-02, -2.123E-01         F               0         Blade root 2 X orientation angle, node 1, rad
        113    1.673E-01, -7.285E-01,  6.643E-01         F               0         Blade root 2 Y orientation angle, node 1, rad
        114   -1.342E-01, -6.843E-01, -7.167E-01         F               0         Blade root 2 Z orientation angle, node 1, rad
        115    9.863E-01,  1.588E-02, -1.640E-01         F               0         Blade root 3 X orientation angle, node 1, rad
        116   -1.562E-01, -2.277E-01, -9.611E-01         F               0         Blade root 3 Y orientation angle, node 1, rad
        117   -5.261E-02,  9.736E-01, -2.221E-01         F               0         Blade root 3 Z orientation angle, node 1, rad
        118    1.927E+01                                 F               0         Blade 1 X translation displacement, node 1, m
        119   -8.864E+00                                 F               0         Blade 1 Y translation displacement, node 1, m
        120   -1.378E-01                                 F               0         Blade 1 Z translation displacement, node 1, m
        121    1.938E+01                                 F               0         Blade 1 X translation displacement, node 2, m
        122   -9.251E+00                                 F               0         Blade 1 Y translation displacement, node 2, m
        123   -2.122E-01                                 F               0         Blade 1 Z translation displacement, node 2, m
        124    2.087E+01                                 F               0         Blade 1 X translation displacement, node 3, m
        125   -1.450E+01                                 F               0         Blade 1 Y translation displacement, node 3, m
        126   -1.223E+00                                 F               0         Blade 1 Z translation displacement, node 3, m
        127    2.119E+01                                 F               0         Blade 1 X translation displacement, node 4, m
        128   -1.562E+01                                 F               0         Blade 1 Y translation displacement, node 4, m
        129   -1.439E+00                                 F               0         Blade 1 Z translation displacement, node 4, m
        130    2.151E+01                                 F               0         Blade 1 X translation displacement, node 5, m
        131   -1.674E+01                                 F               0         Blade 1 Y translation displacement, node 5, m
        132   -1.654E+00                                 F               0         Blade 1 Z translation displacement, node 5, m
        133    2.183E+01                                 F               0         Blade 1 X translation displacement, node 6, m
        134   -1.786E+01                                 F               0         Blade 1 Y translation displacement, node 6, m
        135   -1.869E+00                                 F               0         Blade 1 Z translation displacement, node 6, m
        136    2.215E+01                                 F               0         Blade 1 X translation displacement, node 7, m
        137   -1.898E+01                                 F               0         Blade 1 Y translation displacement, node 7, m
        138   -2.085E+00                                 F               0         Blade 1 Z translation displacement, node 7, m
        139    2.246E+01                                 F               0         Blade 1 X translation displacement, node 8, m
        140   -2.010E+01                                 F               0         Blade 1 Y translation displacement, node 8, m
        141   -2.300E+00                                 F               0         Blade 1 Z translation displacement, node 8, m
        142    2.278E+01                                 F               0         Blade 1 X translation displacement, node 9, m
        143   -2.122E+01                                 F               0         Blade 1 Y translation displacement, node 9, m
        144   -2.516E+00                                 F               0         Blade 1 Z translation displacement, node 9, m
        145    2.310E+01                                 F               0         Blade 1 X translation displacement, node 10, m
        146   -2.233E+01                                 F               0         Blade 1 Y translation displacement, node 10, m
        147   -2.731E+00                                 F               0         Blade 1 Z translation displacement, node 10, m
        148    2.342E+01                                 F               0         Blade 1 X translation displacement, node 11, m
        149   -2.345E+01                                 F               0         Blade 1 Y translation displacement, node 11, m
        150   -2.946E+00                                 F               0         Blade 1 Z translation displacement, node 11, m
        151    2.374E+01                                 F               0         Blade 1 X translation displacement, node 12, m
        152   -2.457E+01                                 F               0         Blade 1 Y translation displacement, node 12, m
        153   -3.162E+00                                 F               0         Blade 1 Z translation displacement, node 12, m
        154    2.406E+01                                 F               0         Blade 1 X translation displacement, node 13, m
        155   -2.569E+01                                 F               0         Blade 1 Y translation displacement, node 13, m
        156   -3.377E+00                                 F               0         Blade 1 Z translation displacement, node 13, m
        157    2.437E+01                                 F               0         Blade 1 X translation displacement, node 14, m
        158   -2.681E+01                                 F               0         Blade 1 Y translation displacement, node 14, m
        159   -3.593E+00                                 F               0         Blade 1 Z translation displacement, node 14, m
        160    2.469E+01                                 F               0         Blade 1 X translation displacement, node 15, m
        161   -2.793E+01                                 F               0         Blade 1 Y translation displacement, node 15, m
        162   -3.808E+00                                 F               0         Blade 1 Z translation displacement, node 15, m
        163    2.501E+01                                 F               0         Blade 1 X translation displacement, node 16, m
        164   -2.905E+01                                 F               0         Blade 1 Y translation displacement, node 16, m
        165   -4.024E+00                                 F               0         Blade 1 Z translation displacement, node 16, m
        166    2.533E+01                                 F               0         Blade 1 X translation displacement, node 17, m
        167   -3.017E+01                                 F               0         Blade 1 Y translation displacement, node 17, m
        168   -4.239E+00                                 F               0         Blade 1 Z translation displacement, node 17, m
        169    2.565E+01                                 F               0         Blade 1 X translation displacement, node 18, m
        170   -3.129E+01                                 F               0         Blade 1 Y translation displacement, node 18, m
        171   -4.454E+00                                 F               0         Blade 1 Z translation displacement, node 18, m
        172    2.597E+01                                 F               0         Blade 1 X translation displacement, node 19, m
        173   -3.241E+01                                 F               0         Blade 1 Y translation displacement, node 19, m
        174   -4.670E+00                                 F               0         Blade 1 Z translation displacement, node 19, m
        175    2.628E+01                                 F               0         Blade 1 X translation displacement, node 20, m
        176   -3.352E+01                                 F               0         Blade 1 Y translation displacement, node 20, m
        177   -4.885E+00                                 F               0         Blade 1 Z translation displacement, node 20, m
        178    2.660E+01                                 F               0         Blade 1 X translation displacement, node 21, m
        179   -3.464E+01                                 F               0         Blade 1 Y translation displacement, node 21, m
        180   -5.101E+00                                 F               0         Blade 1 Z translation displacement, node 21, m
        181    2.692E+01                                 F               0         Blade 1 X translation displacement, node 22, m
        182   -3.576E+01                                 F               0         Blade 1 Y translation displacement, node 22, m
        183   -5.316E+00                                 F               0         Blade 1 Z translation displacement, node 22, m
        184    2.724E+01                                 F               0         Blade 1 X translation displacement, node 23, m
        185   -3.688E+01                                 F               0         Blade 1 Y translation displacement, node 23, m
        186   -5.531E+00                                 F               0         Blade 1 Z translation displacement, node 23, m
        187    2.756E+01                                 F               0         Blade 1 X translation displacement, node 24, m
        188   -3.800E+01                                 F               0         Blade 1 Y translation displacement, node 24, m
        189   -5.747E+00                                 F               0         Blade 1 Z translation displacement, node 24, m
        190    2.788E+01                                 F               0         Blade 1 X translation displacement, node 25, m
        191   -3.912E+01                                 F               0         Blade 1 Y translation displacement, node 25, m
        192   -5.962E+00                                 F               0         Blade 1 Z translation displacement, node 25, m
        193    2.820E+01                                 F               0         Blade 1 X translation displacement, node 26, m
        194   -4.024E+01                                 F               0         Blade 1 Y translation displacement, node 26, m
        195   -6.178E+00                                 F               0         Blade 1 Z translation displacement, node 26, m
        196    2.851E+01                                 F               0         Blade 1 X translation displacement, node 27, m
        197   -4.136E+01                                 F               0         Blade 1 Y translation displacement, node 27, m
        198   -6.393E+00                                 F               0         Blade 1 Z translation displacement, node 27, m
        199    2.878E+01                                 F               0         Blade 1 X translation displacement, node 28, m
        200   -4.230E+01                                 F               0         Blade 1 Y translation displacement, node 28, m
        201   -6.576E+00                                 F               0         Blade 1 Z translation displacement, node 28, m
        202    8.369E-01, -4.536E-01, -3.063E-01         F               0         Blade 1 X orientation angle, node 1, rad
        203    5.145E-01,  8.430E-01,  1.574E-01         F               0         Blade 1 Y orientation angle, node 1, rad
        204    1.868E-01, -2.893E-01,  9.388E-01         F               0         Blade 1 Z orientation angle, node 1, rad
        205    8.369E-01, -4.536E-01, -3.063E-01         F               0         Blade 1 X orientation angle, node 2, rad
        206    5.145E-01,  8.430E-01,  1.574E-01         F               0         Blade 1 Y orientation angle, node 2, rad
        207    1.868E-01, -2.893E-01,  9.388E-01         F               0         Blade 1 Z orientation angle, node 2, rad
        208    9.350E-01, -2.409E-01, -2.603E-01         F               0         Blade 1 X orientation angle, node 3, rad
        209    3.014E-01,  9.264E-01,  2.255E-01         F               0         Blade 1 Y orientation angle, node 3, rad
        210    1.868E-01, -2.893E-01,  9.388E-01         F               0         Blade 1 Z orientation angle, node 3, rad
        211    9.469E-01, -2.015E-01, -2.506E-01         F               0         Blade 1 X orientation angle, node 4, rad
        212    2.617E-01,  9.358E-01,  2.363E-01         F               0         Blade 1 Y orientation angle, node 4, rad
        213    1.868E-01, -2.893E-01,  9.388E-01         F               0         Blade 1 Z orientation angle, node 4, rad
        214    9.550E-01, -1.704E-01, -2.426E-01         F               0         Blade 1 X orientation angle, node 5, rad
        215    2.302E-01,  9.419E-01,  2.445E-01         F               0         Blade 1 Y orientation angle, node 5, rad
        216    1.868E-01, -2.893E-01,  9.388E-01         F               0         Blade 1 Z orientation angle, node 5, rad
        217    9.608E-01, -1.454E-01, -2.360E-01         F               0         Blade 1 X orientation angle, node 6, rad
        218    2.047E-01,  9.461E-01,  2.508E-01         F               0         Blade 1 Y orientation angle, node 6, rad
        219    1.868E-01, -2.893E-01,  9.388E-01         F               0         Blade 1 Z orientation angle, node 6, rad
        220    9.651E-01, -1.247E-01, -2.305E-01         F               0         Blade 1 X orientation angle, node 7, rad
        221    1.837E-01,  9.491E-01,  2.559E-01         F               0         Blade 1 Y orientation angle, node 7, rad
        222    1.868E-01, -2.893E-01,  9.388E-01         F               0         Blade 1 Z orientation angle, node 7, rad
        223    9.682E-01, -1.074E-01, -2.258E-01         F               0         Blade 1 X orientation angle, node 8, rad
        224    1.662E-01,  9.512E-01,  2.600E-01         F               0         Blade 1 Y orientation angle, node 8, rad
        225    1.868E-01, -2.893E-01,  9.388E-01         F               0         Blade 1 Z orientation angle, node 8, rad
        226    9.707E-01, -9.282E-02, -2.218E-01         F               0         Blade 1 X orientation angle, node 9, rad
        227    1.513E-01,  9.527E-01,  2.635E-01         F               0         Blade 1 Y orientation angle, node 9, rad
        228    1.868E-01, -2.893E-01,  9.388E-01         F               0         Blade 1 Z orientation angle, node 9, rad
        229    9.726E-01, -8.017E-02, -2.183E-01         F               0         Blade 1 X orientation angle, node 10, rad
        230    1.384E-01,  9.539E-01,  2.664E-01         F               0         Blade 1 Y orientation angle, node 10, rad
        231    1.868E-01, -2.893E-01,  9.388E-01         F               0         Blade 1 Z orientation angle, node 10, rad
        232    9.741E-01, -6.934E-02, -2.152E-01         F               0         Blade 1 X orientation angle, node 11, rad
        233    1.274E-01,  9.547E-01,  2.689E-01         F               0         Blade 1 Y orientation angle, node 11, rad
        234    1.868E-01, -2.893E-01,  9.388E-01         F               0         Blade 1 Z orientation angle, node 11, rad
        235    9.753E-01, -5.984E-02, -2.125E-01         F               0         Blade 1 X orientation angle, node 12, rad
        236    1.177E-01,  9.554E-01,  2.710E-01         F               0         Blade 1 Y orientation angle, node 12, rad
        237    1.868E-01, -2.893E-01,  9.388E-01         F               0         Blade 1 Z orientation angle, node 12, rad
        238    9.763E-01, -5.150E-02, -2.102E-01         F               0         Blade 1 X orientation angle, node 13, rad
        239    1.092E-01,  9.559E-01,  2.728E-01         F               0         Blade 1 Y orientation angle, node 13, rad
        240    1.868E-01, -2.893E-01,  9.388E-01         F               0         Blade 1 Z orientation angle, node 13, rad
        241    9.771E-01, -4.399E-02, -2.080E-01         F               0         Blade 1 X orientation angle, node 14, rad
        242    1.015E-01,  9.562E-01,  2.745E-01         F               0         Blade 1 Y orientation angle, node 14, rad
        243    1.868E-01, -2.893E-01,  9.388E-01         F               0         Blade 1 Z orientation angle, node 14, rad
        244    9.778E-01, -3.732E-02, -2.061E-01         F               0         Blade 1 X orientation angle, node 15, rad
        245    9.466E-02,  9.565E-01,  2.759E-01         F               0         Blade 1 Y orientation angle, node 15, rad
        246    1.868E-01, -2.893E-01,  9.388E-01         F               0         Blade 1 Z orientation angle, node 15, rad
        247    9.784E-01, -3.131E-02, -2.044E-01         F               0         Blade 1 X orientation angle, node 16, rad
        248    8.851E-02,  9.567E-01,  2.772E-01         F               0         Blade 1 Y orientation angle, node 16, rad
        249    1.868E-01, -2.893E-01,  9.388E-01         F               0         Blade 1 Z orientation angle, node 16, rad
        250    9.789E-01, -2.596E-02, -2.028E-01         F               0         Blade 1 X orientation angle, node 17, rad
        251    8.305E-02,  9.569E-01,  2.783E-01         F               0         Blade 1 Y orientation angle, node 17, rad
        252    1.868E-01, -2.893E-01,  9.388E-01         F               0         Blade 1 Z orientation angle, node 17, rad
        253    9.793E-01, -2.095E-02, -2.014E-01         F               0         Blade 1 X orientation angle, node 18, rad
        254    7.792E-02,  9.570E-01,  2.794E-01         F               0         Blade 1 Y orientation angle, node 18, rad
        255    1.868E-01, -2.893E-01,  9.388E-01         F               0         Blade 1 Z orientation angle, node 18, rad
        256    9.797E-01, -1.644E-02, -2.000E-01         F               0         Blade 1 X orientation angle, node 19, rad
        257    7.331E-02,  9.571E-01,  2.803E-01         F               0         Blade 1 Y orientation angle, node 19, rad
        258    1.868E-01, -2.893E-01,  9.388E-01         F               0         Blade 1 Z orientation angle, node 19, rad
        259    9.799E-01, -1.243E-02, -1.989E-01         F               0         Blade 1 X orientation angle, node 20, rad
        260    6.920E-02,  9.572E-01,  2.812E-01         F               0         Blade 1 Y orientation angle, node 20, rad
        261    1.868E-01, -2.893E-01,  9.388E-01         F               0         Blade 1 Z orientation angle, node 20, rad
        262    9.802E-01, -8.591E-03, -1.977E-01         F               0         Blade 1 X orientation angle, node 21, rad
        263    6.527E-02,  9.572E-01,  2.820E-01         F               0         Blade 1 Y orientation angle, node 21, rad
        264    1.868E-01, -2.893E-01,  9.388E-01         F               0         Blade 1 Z orientation angle, node 21, rad
        265    9.805E-01, -5.083E-03, -1.967E-01         F               0         Blade 1 X orientation angle, node 22, rad
        266    6.167E-02,  9.572E-01,  2.827E-01         F               0         Blade 1 Y orientation angle, node 22, rad
        267    1.868E-01, -2.893E-01,  9.388E-01         F               0         Blade 1 Z orientation angle, node 22, rad
        268    9.807E-01, -1.908E-03, -1.958E-01         F               0         Blade 1 X orientation angle, node 23, rad
        269    5.842E-02,  9.572E-01,  2.833E-01         F               0         Blade 1 Y orientation angle, node 23, rad
        270    1.868E-01, -2.893E-01,  9.388E-01         F               0         Blade 1 Z orientation angle, node 23, rad
        271    9.808E-01,  1.099E-03, -1.949E-01         F               0         Blade 1 X orientation angle, node 24, rad
        272    5.534E-02,  9.572E-01,  2.840E-01         F               0         Blade 1 Y orientation angle, node 24, rad
        273    1.868E-01, -2.893E-01,  9.388E-01         F               0         Blade 1 Z orientation angle, node 24, rad
        274    9.810E-01,  3.939E-03, -1.940E-01         F               0         Blade 1 X orientation angle, node 25, rad
        275    5.243E-02,  9.572E-01,  2.845E-01         F               0         Blade 1 Y orientation angle, node 25, rad
        276    1.868E-01, -2.893E-01,  9.388E-01         F               0         Blade 1 Z orientation angle, node 25, rad
        277    9.811E-01,  6.445E-03, -1.933E-01         F               0         Blade 1 X orientation angle, node 26, rad
        278    4.986E-02,  9.572E-01,  2.850E-01         F               0         Blade 1 Y orientation angle, node 26, rad
        279    1.868E-01, -2.893E-01,  9.388E-01         F               0         Blade 1 Z orientation angle, node 26, rad
        280    9.813E-01,  8.951E-03, -1.925E-01         F               0         Blade 1 X orientation angle, node 27, rad
        281    4.729E-02,  9.572E-01,  2.855E-01         F               0         Blade 1 Y orientation angle, node 27, rad
        282    1.868E-01, -2.893E-01,  9.388E-01         F               0         Blade 1 Z orientation angle, node 27, rad
        283    9.813E-01,  1.029E-02, -1.921E-01         F               0         Blade 1 X orientation angle, node 28, rad
        284    4.592E-02,  9.572E-01,  2.858E-01         F               0         Blade 1 Y orientation angle, node 28, rad
        285    1.868E-01, -2.893E-01,  9.388E-01         F               0         Blade 1 Z orientation angle, node 28, rad
        286   -1.858E-01                                 F               0         Blade 1 X translation velocity, node 1, m/s
        287   -3.746E+00                                 F               0         Blade 1 Y translation velocity, node 1, m/s
        288   -1.122E+00                                 F               0         Blade 1 Z translation velocity, node 1, m/s
        289   -2.303E-01                                 F               0         Blade 1 X translation velocity, node 2, m/s
        290   -4.650E+00                                 F               0         Blade 1 Y translation velocity, node 2, m/s
        291   -1.391E+00                                 F               0         Blade 1 Z translation velocity, node 2, m/s
        292   -8.355E-01                                 F               0         Blade 1 X translation velocity, node 3, m/s
        293   -1.694E+01                                 F               0         Blade 1 Y translation velocity, node 3, m/s
        294   -5.058E+00                                 F               0         Blade 1 Z translation velocity, node 3, m/s
        295   -9.645E-01                                 F               0         Blade 1 X translation velocity, node 4, m/s
        296   -1.956E+01                                 F               0         Blade 1 Y translation velocity, node 4, m/s
        297   -5.840E+00                                 F               0         Blade 1 Z translation velocity, node 4, m/s
        298   -1.093E+00                                 F               0         Blade 1 X translation velocity, node 5, m/s
        299   -2.218E+01                                 F               0         Blade 1 Y translation velocity, node 5, m/s
        300   -6.621E+00                                 F               0         Blade 1 Z translation velocity, node 5, m/s
        301   -1.222E+00                                 F               0         Blade 1 X translation velocity, node 6, m/s
        302   -2.480E+01                                 F               0         Blade 1 Y translation velocity, node 6, m/s
        303   -7.402E+00                                 F               0         Blade 1 Z translation velocity, node 6, m/s
        304   -1.351E+00                                 F               0         Blade 1 X translation velocity, node 7, m/s
        305   -2.742E+01                                 F               0         Blade 1 Y translation velocity, node 7, m/s
        306   -8.184E+00                                 F               0         Blade 1 Z translation velocity, node 7, m/s
        307   -1.480E+00                                 F               0         Blade 1 X translation velocity, node 8, m/s
