
Linearized model: Predictions were generated on 08-Jan-2024 at 09:43:14 using OpenFAST, compiled as a 64-bit application using single precision at commit v3.5.1
 linked with  NWTC Subroutine Library; ElastoDyn; InflowWind; AeroDyn; ServoDyn; HydroDyn; MoorDyn (v2.0.0, 2023-09-18)

Description from the FAST input file: CCT-9 Campign 4 model. Input files to be run with OpenFAST 3.5.0. GitHub branch from Lu Wang (https://github.com/luwang00/openfast/tree/dev) compiled on March 7, 2023.

Simulation information:
   Simulation time:                  1005.4750 s
   Rotor Speed:                         0.7077 rad/s
   Azimuth:                             3.0605 rad
   Wind Speed:                          8.0000 m/s
   Number of continuous states:         0
   Number of discrete states:           0
   Number of constraint states:         0
   Number of inputs:                 1746
   Number of outputs:                   4
   Jacobians included in this file?    No

Order of inputs:
     Column   Operating Point                     Rotating Frame? Derivative Order Description
   ---------- ---------------                     --------------- ---------------- -----------
          1    7.250E+00                                 F               0         Tower X translation displacement, node 1, m
          2   -1.277E+00                                 F               0         Tower Y translation displacement, node 1, m
          3   -1.613E-01                                 F               0         Tower Z translation displacement, node 1, m
          4    8.293E+00                                 F               0         Tower X translation displacement, node 2, m
          5   -1.818E+00                                 F               0         Tower Y translation displacement, node 2, m
          6   -2.173E-01                                 F               0         Tower Z translation displacement, node 2, m
          7    9.350E+00                                 F               0         Tower X translation displacement, node 3, m
          8   -2.364E+00                                 F               0         Tower Y translation displacement, node 3, m
          9   -2.747E-01                                 F               0         Tower Z translation displacement, node 3, m
         10    1.042E+01                                 F               0         Tower X translation displacement, node 4, m
         11   -2.914E+00                                 F               0         Tower Y translation displacement, node 4, m
         12   -3.334E-01                                 F               0         Tower Z translation displacement, node 4, m
         13    1.150E+01                                 F               0         Tower X translation displacement, node 5, m
         14   -3.468E+00                                 F               0         Tower Y translation displacement, node 5, m
         15   -3.931E-01                                 F               0         Tower Z translation displacement, node 5, m
         16    1.259E+01                                 F               0         Tower X translation displacement, node 6, m
         17   -4.025E+00                                 F               0         Tower Y translation displacement, node 6, m
         18   -4.536E-01                                 F               0         Tower Z translation displacement, node 6, m
         19    1.368E+01                                 F               0         Tower X translation displacement, node 7, m
         20   -4.584E+00                                 F               0         Tower Y translation displacement, node 7, m
         21   -5.146E-01                                 F               0         Tower Z translation displacement, node 7, m
         22    1.477E+01                                 F               0         Tower X translation displacement, node 8, m
         23   -5.145E+00                                 F               0         Tower Y translation displacement, node 8, m
         24   -5.760E-01                                 F               0         Tower Z translation displacement, node 8, m
         25    1.587E+01                                 F               0         Tower X translation displacement, node 9, m
         26   -5.707E+00                                 F               0         Tower Y translation displacement, node 9, m
         27   -6.378E-01                                 F               0         Tower Z translation displacement, node 9, m
         28    1.697E+01                                 F               0         Tower X translation displacement, node 10, m
         29   -6.271E+00                                 F               0         Tower Y translation displacement, node 10, m
         30   -6.997E-01                                 F               0         Tower Z translation displacement, node 10, m
         31    1.807E+01                                 F               0         Tower X translation displacement, node 11, m
         32   -6.835E+00                                 F               0         Tower Y translation displacement, node 11, m
         33   -7.617E-01                                 F               0         Tower Z translation displacement, node 11, m
         34    9.965E-01,  4.117E-03, -8.374E-02         F               0         Tower X orientation angle, node 1, rad
         35   -4.466E-04,  9.990E-01,  4.381E-02         F               0         Tower Y orientation angle, node 1, rad
         36    8.384E-02, -4.362E-02,  9.955E-01         F               0         Tower Z orientation angle, node 1, rad
         37    9.964E-01,  4.171E-03, -8.494E-02         F               0         Tower X orientation angle, node 2, rad
         38   -4.129E-04,  9.990E-01,  4.421E-02         F               0         Tower Y orientation angle, node 2, rad
         39    8.504E-02, -4.401E-02,  9.954E-01         F               0         Tower Z orientation angle, node 2, rad
         40    9.963E-01,  4.217E-03, -8.598E-02         F               0         Tower X orientation angle, node 3, rad
         41   -3.823E-04,  9.990E-01,  4.456E-02         F               0         Tower Y orientation angle, node 3, rad
         42    8.608E-02, -4.436E-02,  9.953E-01         F               0         Tower Z orientation angle, node 3, rad
         43    9.962E-01,  4.255E-03, -8.684E-02         F               0         Tower X orientation angle, node 4, rad
         44   -3.552E-04,  9.990E-01,  4.487E-02         F               0         Tower Y orientation angle, node 4, rad
         45    8.694E-02, -4.467E-02,  9.952E-01         F               0         Tower Z orientation angle, node 4, rad
         46    9.962E-01,  4.286E-03, -8.752E-02         F               0         Tower X orientation angle, node 5, rad
         47   -3.318E-04,  9.990E-01,  4.514E-02         F               0         Tower Y orientation angle, node 5, rad
         48    8.762E-02, -4.494E-02,  9.951E-01         F               0         Tower Z orientation angle, node 5, rad
         49    9.961E-01,  4.309E-03, -8.804E-02         F               0         Tower X orientation angle, node 6, rad
         50   -3.121E-04,  9.990E-01,  4.537E-02         F               0         Tower Y orientation angle, node 6, rad
         51    8.815E-02, -4.516E-02,  9.951E-01         F               0         Tower Z orientation angle, node 6, rad
         52    9.961E-01,  4.326E-03, -8.841E-02         F               0         Tower X orientation angle, node 7, rad
         53   -2.963E-04,  9.990E-01,  4.555E-02         F               0         Tower Y orientation angle, node 7, rad
         54    8.852E-02, -4.534E-02,  9.950E-01         F               0         Tower Z orientation angle, node 7, rad
         55    9.961E-01,  4.338E-03, -8.867E-02         F               0         Tower X orientation angle, node 8, rad
         56   -2.840E-04,  9.990E-01,  4.568E-02         F               0         Tower Y orientation angle, node 8, rad
         57    8.877E-02, -4.548E-02,  9.950E-01         F               0         Tower Z orientation angle, node 8, rad
         58    9.960E-01,  4.346E-03, -8.883E-02         F               0         Tower X orientation angle, node 9, rad
         59   -2.750E-04,  9.990E-01,  4.579E-02         F               0         Tower Y orientation angle, node 9, rad
         60    8.893E-02, -4.558E-02,  9.950E-01         F               0         Tower Z orientation angle, node 9, rad
         61    9.960E-01,  4.350E-03, -8.892E-02         F               0         Tower X orientation angle, node 10, rad
         62   -2.691E-04,  9.989E-01,  4.585E-02         F               0         Tower Y orientation angle, node 10, rad
         63    8.902E-02, -4.565E-02,  9.950E-01         F               0         Tower Z orientation angle, node 10, rad
         64    9.960E-01,  4.352E-03, -8.896E-02         F               0         Tower X orientation angle, node 11, rad
         65   -2.659E-04,  9.989E-01,  4.589E-02         F               0         Tower Y orientation angle, node 11, rad
         66    8.906E-02, -4.568E-02,  9.950E-01         F               0         Tower Z orientation angle, node 11, rad
         67   -1.474E-04                                 F               0         Tower X translation velocity, node 1, m/s
         68   -3.322E-04                                 F               0         Tower Y translation velocity, node 1, m/s
         69   -2.624E-03                                 F               0         Tower Z translation velocity, node 1, m/s
         70   -1.382E-04                                 F               0         Tower X translation velocity, node 2, m/s
         71   -2.104E-04                                 F               0         Tower Y translation velocity, node 2, m/s
         72   -2.620E-03                                 F               0         Tower Z translation velocity, node 2, m/s
         73   -1.223E-04                                 F               0         Tower X translation velocity, node 3, m/s
         74   -8.010E-05                                 F               0         Tower Y translation velocity, node 3, m/s
         75   -2.615E-03                                 F               0         Tower Z translation velocity, node 3, m/s
         76   -1.010E-04                                 F               0         Tower X translation velocity, node 4, m/s
         77    5.730E-05                                 F               0         Tower Y translation velocity, node 4, m/s
         78   -2.611E-03                                 F               0         Tower Z translation velocity, node 4, m/s
         79   -7.507E-05                                 F               0         Tower X translation velocity, node 5, m/s
         80    2.010E-04                                 F               0         Tower Y translation velocity, node 5, m/s
         81   -2.607E-03                                 F               0         Tower Z translation velocity, node 5, m/s
         82   -4.500E-05                                 F               0         Tower X translation velocity, node 6, m/s
         83    3.504E-04                                 F               0         Tower Y translation velocity, node 6, m/s
         84   -2.603E-03                                 F               0         Tower Z translation velocity, node 6, m/s
         85   -1.173E-05                                 F               0         Tower X translation velocity, node 7, m/s
         86    5.042E-04                                 F               0         Tower Y translation velocity, node 7, m/s
         87   -2.598E-03                                 F               0         Tower Z translation velocity, node 7, m/s
         88    2.443E-05                                 F               0         Tower X translation velocity, node 8, m/s
         89    6.621E-04                                 F               0         Tower Y translation velocity, node 8, m/s
         90   -2.594E-03                                 F               0         Tower Z translation velocity, node 8, m/s
         91    6.285E-05                                 F               0         Tower X translation velocity, node 9, m/s
         92    8.233E-04                                 F               0         Tower Y translation velocity, node 9, m/s
         93   -2.591E-03                                 F               0         Tower Z translation velocity, node 9, m/s
         94    1.029E-04                                 F               0         Tower X translation velocity, node 10, m/s
         95    9.868E-04                                 F               0         Tower Y translation velocity, node 10, m/s
         96   -2.587E-03                                 F               0         Tower Z translation velocity, node 10, m/s
         97    1.439E-04                                 F               0         Tower X translation velocity, node 11, m/s
         98    1.152E-03                                 F               0         Tower Y translation velocity, node 11, m/s
         99   -2.583E-03                                 F               0         Tower Z translation velocity, node 11, m/s
        100    1.881E+01                                 F               0         Hub X translation displacement, node 1, m
        101   -7.241E+00                                 F               0         Hub Y translation displacement, node 1, m
        102    1.596E-01                                 F               0         Hub Z translation displacement, node 1, m
        103    9.813E-01,  9.103E-03, -1.925E-01         F               0         Hub X orientation angle, node 1, rad
        104    1.587E-02, -9.993E-01,  3.363E-02         F               0         Hub Y orientation angle, node 1, rad
        105   -1.920E-01, -3.606E-02, -9.807E-01         F               0         Hub Z orientation angle, node 1, rad
        106    6.944E-01                                 F               0         Hub X rotation velocity, node 1, rad/s
        107    6.445E-03                                 F               0         Hub Y rotation velocity, node 1, rad/s
        108   -1.362E-01                                 F               0         Hub Z rotation velocity, node 1, rad/s
        109    9.804E-01,  3.874E-02, -1.934E-01         F               0         Blade root 1 X orientation angle, node 1, rad
        110    4.497E-02, -9.986E-01,  2.791E-02         F               0         Blade root 1 Y orientation angle, node 1, rad
        111   -1.920E-01, -3.606E-02, -9.807E-01         F               0         Blade root 1 Z orientation angle, node 1, rad
        112    9.860E-01, -4.797E-03, -1.667E-01         F               0         Blade root 2 X orientation angle, node 1, rad
        113   -1.451E-01,  4.685E-01, -8.715E-01         F               0         Blade root 2 Y orientation angle, node 1, rad
        114    8.228E-02,  8.835E-01,  4.612E-01         F               0         Blade root 2 Z orientation angle, node 1, rad
        115    9.761E-01, -6.650E-03, -2.171E-01         F               0         Blade root 3 X orientation angle, node 1, rad
        116    1.874E-01,  5.309E-01,  8.264E-01         F               0         Blade root 3 Y orientation angle, node 1, rad
        117    1.098E-01, -8.474E-01,  5.195E-01         F               0         Blade root 3 Z orientation angle, node 1, rad
        118    1.717E+01                                 F               0         Blade 1 X translation displacement, node 1, m
        119   -7.441E+00                                 F               0         Blade 1 Y translation displacement, node 1, m
        120   -1.078E+01                                 F               0         Blade 1 Z translation displacement, node 1, m
        121    1.677E+01                                 F               0         Blade 1 X translation displacement, node 2, m
        122   -7.489E+00                                 F               0         Blade 1 Y translation displacement, node 2, m
        123   -1.342E+01                                 F               0         Blade 1 Z translation displacement, node 2, m
        124    1.139E+01                                 F               0         Blade 1 X translation displacement, node 3, m
        125   -8.143E+00                                 F               0         Blade 1 Y translation displacement, node 3, m
        126   -4.928E+01                                 F               0         Blade 1 Z translation displacement, node 3, m
        127    1.024E+01                                 F               0         Blade 1 X translation displacement, node 4, m
        128   -8.283E+00                                 F               0         Blade 1 Y translation displacement, node 4, m
        129   -5.691E+01                                 F               0         Blade 1 Z translation displacement, node 4, m
        130    9.096E+00                                 F               0         Blade 1 X translation displacement, node 5, m
        131   -8.422E+00                                 F               0         Blade 1 Y translation displacement, node 5, m
        132   -6.456E+01                                 F               0         Blade 1 Z translation displacement, node 5, m
        133    7.949E+00                                 F               0         Blade 1 X translation displacement, node 6, m
        134   -8.562E+00                                 F               0         Blade 1 Y translation displacement, node 6, m
        135   -7.219E+01                                 F               0         Blade 1 Z translation displacement, node 6, m
        136    6.802E+00                                 F               0         Blade 1 X translation displacement, node 7, m
        137   -8.701E+00                                 F               0         Blade 1 Y translation displacement, node 7, m
        138   -7.983E+01                                 F               0         Blade 1 Z translation displacement, node 7, m
        139    5.655E+00                                 F               0         Blade 1 X translation displacement, node 8, m
        140   -8.841E+00                                 F               0         Blade 1 Y translation displacement, node 8, m
        141   -8.747E+01                                 F               0         Blade 1 Z translation displacement, node 8, m
        142    4.508E+00                                 F               0         Blade 1 X translation displacement, node 9, m
        143   -8.980E+00                                 F               0         Blade 1 Y translation displacement, node 9, m
        144   -9.511E+01                                 F               0         Blade 1 Z translation displacement, node 9, m
        145    3.361E+00                                 F               0         Blade 1 X translation displacement, node 10, m
        146   -9.119E+00                                 F               0         Blade 1 Y translation displacement, node 10, m
        147   -1.028E+02                                 F               0         Blade 1 Z translation displacement, node 10, m
        148    2.214E+00                                 F               0         Blade 1 X translation displacement, node 11, m
        149   -9.259E+00                                 F               0         Blade 1 Y translation displacement, node 11, m
        150   -1.104E+02                                 F               0         Blade 1 Z translation displacement, node 11, m
        151    1.067E+00                                 F               0         Blade 1 X translation displacement, node 12, m
        152   -9.398E+00                                 F               0         Blade 1 Y translation displacement, node 12, m
        153   -1.180E+02                                 F               0         Blade 1 Z translation displacement, node 12, m
        154   -8.037E-02                                 F               0         Blade 1 X translation displacement, node 13, m
        155   -9.538E+00                                 F               0         Blade 1 Y translation displacement, node 13, m
        156   -1.257E+02                                 F               0         Blade 1 Z translation displacement, node 13, m
        157   -1.227E+00                                 F               0         Blade 1 X translation displacement, node 14, m
        158   -9.677E+00                                 F               0         Blade 1 Y translation displacement, node 14, m
        159   -1.333E+02                                 F               0         Blade 1 Z translation displacement, node 14, m
        160   -2.374E+00                                 F               0         Blade 1 X translation displacement, node 15, m
        161   -9.817E+00                                 F               0         Blade 1 Y translation displacement, node 15, m
        162   -1.410E+02                                 F               0         Blade 1 Z translation displacement, node 15, m
        163   -3.521E+00                                 F               0         Blade 1 X translation displacement, node 16, m
        164   -9.956E+00                                 F               0         Blade 1 Y translation displacement, node 16, m
        165   -1.486E+02                                 F               0         Blade 1 Z translation displacement, node 16, m
        166   -4.668E+00                                 F               0         Blade 1 X translation displacement, node 17, m
        167   -1.010E+01                                 F               0         Blade 1 Y translation displacement, node 17, m
        168   -1.562E+02                                 F               0         Blade 1 Z translation displacement, node 17, m
        169   -5.815E+00                                 F               0         Blade 1 X translation displacement, node 18, m
        170   -1.024E+01                                 F               0         Blade 1 Y translation displacement, node 18, m
        171   -1.639E+02                                 F               0         Blade 1 Z translation displacement, node 18, m
        172   -6.962E+00                                 F               0         Blade 1 X translation displacement, node 19, m
        173   -1.037E+01                                 F               0         Blade 1 Y translation displacement, node 19, m
        174   -1.715E+02                                 F               0         Blade 1 Z translation displacement, node 19, m
        175   -8.109E+00                                 F               0         Blade 1 X translation displacement, node 20, m
        176   -1.051E+01                                 F               0         Blade 1 Y translation displacement, node 20, m
        177   -1.792E+02                                 F               0         Blade 1 Z translation displacement, node 20, m
        178   -9.256E+00                                 F               0         Blade 1 X translation displacement, node 21, m
        179   -1.065E+01                                 F               0         Blade 1 Y translation displacement, node 21, m
        180   -1.868E+02                                 F               0         Blade 1 Z translation displacement, node 21, m
        181   -1.040E+01                                 F               0         Blade 1 X translation displacement, node 22, m
        182   -1.079E+01                                 F               0         Blade 1 Y translation displacement, node 22, m
        183   -1.944E+02                                 F               0         Blade 1 Z translation displacement, node 22, m
        184   -1.155E+01                                 F               0         Blade 1 X translation displacement, node 23, m
        185   -1.093E+01                                 F               0         Blade 1 Y translation displacement, node 23, m
        186   -2.021E+02                                 F               0         Blade 1 Z translation displacement, node 23, m
        187   -1.270E+01                                 F               0         Blade 1 X translation displacement, node 24, m
        188   -1.107E+01                                 F               0         Blade 1 Y translation displacement, node 24, m
        189   -2.097E+02                                 F               0         Blade 1 Z translation displacement, node 24, m
        190   -1.384E+01                                 F               0         Blade 1 X translation displacement, node 25, m
        191   -1.121E+01                                 F               0         Blade 1 Y translation displacement, node 25, m
        192   -2.173E+02                                 F               0         Blade 1 Z translation displacement, node 25, m
        193   -1.499E+01                                 F               0         Blade 1 X translation displacement, node 26, m
        194   -1.135E+01                                 F               0         Blade 1 Y translation displacement, node 26, m
        195   -2.250E+02                                 F               0         Blade 1 Z translation displacement, node 26, m
        196   -1.614E+01                                 F               0         Blade 1 X translation displacement, node 27, m
        197   -1.149E+01                                 F               0         Blade 1 Y translation displacement, node 27, m
        198   -2.326E+02                                 F               0         Blade 1 Z translation displacement, node 27, m
        199   -1.711E+01                                 F               0         Blade 1 X translation displacement, node 28, m
        200   -1.161E+01                                 F               0         Blade 1 Y translation displacement, node 28, m
        201   -2.391E+02                                 F               0         Blade 1 Z translation displacement, node 28, m
        202    8.520E-01,  4.899E-01, -1.848E-01         F               0         Blade 1 X orientation angle, node 1, rad
        203    4.871E-01, -8.711E-01, -6.335E-02         F               0         Blade 1 Y orientation angle, node 1, rad
        204   -1.920E-01, -3.606E-02, -9.807E-01         F               0         Blade 1 Z orientation angle, node 1, rad
        205    8.520E-01,  4.899E-01, -1.848E-01         F               0         Blade 1 X orientation angle, node 2, rad
        206    4.871E-01, -8.711E-01, -6.335E-02         F               0         Blade 1 Y orientation angle, node 2, rad
        207   -1.920E-01, -3.606E-02, -9.807E-01         F               0         Blade 1 Z orientation angle, node 2, rad
        208    9.432E-01,  2.694E-01, -1.946E-01         F               0         Blade 1 X orientation angle, node 3, rad
        209    2.713E-01, -9.623E-01, -1.774E-02         F               0         Blade 1 Y orientation angle, node 3, rad
        210   -1.920E-01, -3.606E-02, -9.807E-01         F               0         Blade 1 Z orientation angle, node 3, rad
        211    9.538E-01,  2.286E-01, -1.952E-01         F               0         Blade 1 X orientation angle, node 4, rad
        212    2.312E-01, -9.729E-01, -9.506E-03         F               0         Blade 1 Y orientation angle, node 4, rad
        213   -1.920E-01, -3.606E-02, -9.807E-01         F               0         Blade 1 Z orientation angle, node 4, rad
        214    9.609E-01,  1.962E-01, -1.954E-01         F               0         Blade 1 X orientation angle, node 5, rad
        215    1.995E-01, -9.799E-01, -3.030E-03         F               0         Blade 1 Y orientation angle, node 5, rad
        216   -1.920E-01, -3.606E-02, -9.807E-01         F               0         Blade 1 Z orientation angle, node 5, rad
        217    9.659E-01,  1.701E-01, -1.954E-01         F               0         Blade 1 X orientation angle, node 6, rad
        218    1.739E-01, -9.848E-01,  2.153E-03         F               0         Blade 1 Y orientation angle, node 6, rad
        219   -1.920E-01, -3.606E-02, -9.807E-01         F               0         Blade 1 Z orientation angle, node 6, rad
        220    9.694E-01,  1.486E-01, -1.953E-01         F               0         Blade 1 X orientation angle, node 7, rad
        221    1.528E-01, -9.882E-01,  6.415E-03         F               0         Blade 1 Y orientation angle, node 7, rad
        222   -1.920E-01, -3.606E-02, -9.807E-01         F               0         Blade 1 Z orientation angle, node 7, rad
        223    9.720E-01,  1.306E-01, -1.951E-01         F               0         Blade 1 X orientation angle, node 8, rad
        224    1.352E-01, -9.908E-01,  9.959E-03         F               0         Blade 1 Y orientation angle, node 8, rad
        225   -1.920E-01, -3.606E-02, -9.807E-01         F               0         Blade 1 Z orientation angle, node 8, rad
        226    9.740E-01,  1.154E-01, -1.950E-01         F               0         Blade 1 X orientation angle, node 9, rad
        227    1.202E-01, -9.927E-01,  1.295E-02         F               0         Blade 1 Y orientation angle, node 9, rad
        228   -1.920E-01, -3.606E-02, -9.807E-01         F               0         Blade 1 Z orientation angle, node 9, rad
        229    9.755E-01,  1.022E-01, -1.948E-01         F               0         Blade 1 X orientation angle, node 10, rad
        230    1.073E-01, -9.941E-01,  1.554E-02         F               0         Blade 1 Y orientation angle, node 10, rad
        231   -1.920E-01, -3.606E-02, -9.807E-01         F               0         Blade 1 Z orientation angle, node 10, rad
        232    9.767E-01,  9.095E-02, -1.946E-01         F               0         Blade 1 X orientation angle, node 11, rad
        233    9.622E-02, -9.952E-01,  1.775E-02         F               0         Blade 1 Y orientation angle, node 11, rad
        234   -1.920E-01, -3.606E-02, -9.807E-01         F               0         Blade 1 Z orientation angle, node 11, rad
        235    9.776E-01,  8.105E-02, -1.944E-01         F               0         Blade 1 X orientation angle, node 12, rad
        236    8.650E-02, -9.961E-01,  1.968E-02         F               0         Blade 1 Y orientation angle, node 12, rad
        237   -1.920E-01, -3.606E-02, -9.807E-01         F               0         Blade 1 Z orientation angle, node 12, rad
        238    9.783E-01,  7.235E-02, -1.942E-01         F               0         Blade 1 X orientation angle, node 13, rad
        239    7.796E-02, -9.967E-01,  2.138E-02         F               0         Blade 1 Y orientation angle, node 13, rad
        240   -1.920E-01, -3.606E-02, -9.807E-01         F               0         Blade 1 Z orientation angle, node 13, rad
        241    9.789E-01,  6.452E-02, -1.940E-01         F               0         Blade 1 X orientation angle, node 14, rad
        242    7.028E-02, -9.973E-01,  2.290E-02         F               0         Blade 1 Y orientation angle, node 14, rad
        243   -1.920E-01, -3.606E-02, -9.807E-01         F               0         Blade 1 Z orientation angle, node 14, rad
        244    9.793E-01,  5.756E-02, -1.939E-01         F               0         Blade 1 X orientation angle, node 15, rad
        245    6.344E-02, -9.977E-01,  2.426E-02         F               0         Blade 1 Y orientation angle, node 15, rad
        246   -1.920E-01, -3.606E-02, -9.807E-01         F               0         Blade 1 Z orientation angle, node 15, rad
        247    9.797E-01,  5.129E-02, -1.937E-01         F               0         Blade 1 X orientation angle, node 16, rad
        248    5.729E-02, -9.980E-01,  2.547E-02         F               0         Blade 1 Y orientation angle, node 16, rad
        249   -1.920E-01, -3.606E-02, -9.807E-01         F               0         Blade 1 Z orientation angle, node 16, rad
        250    9.800E-01,  4.572E-02, -1.936E-01         F               0         Blade 1 X orientation angle, node 17, rad
        251    5.181E-02, -9.983E-01,  2.656E-02         F               0         Blade 1 Y orientation angle, node 17, rad
        252   -1.920E-01, -3.606E-02, -9.807E-01         F               0         Blade 1 Z orientation angle, node 17, rad
        253    9.803E-01,  4.049E-02, -1.934E-01         F               0         Blade 1 X orientation angle, node 18, rad
        254    4.668E-02, -9.985E-01,  2.757E-02         F               0         Blade 1 Y orientation angle, node 18, rad
        255   -1.920E-01, -3.606E-02, -9.807E-01         F               0         Blade 1 Z orientation angle, node 18, rad
        256    9.805E-01,  3.578E-02, -1.933E-01         F               0         Blade 1 X orientation angle, node 19, rad
        257    4.206E-02, -9.987E-01,  2.848E-02         F               0         Blade 1 Y orientation angle, node 19, rad
        258   -1.920E-01, -3.606E-02, -9.807E-01         F               0         Blade 1 Z orientation angle, node 19, rad
        259    9.807E-01,  3.160E-02, -1.932E-01         F               0         Blade 1 X orientation angle, node 20, rad
        260    3.795E-02, -9.989E-01,  2.929E-02         F               0         Blade 1 Y orientation angle, node 20, rad
        261   -1.920E-01, -3.606E-02, -9.807E-01         F               0         Blade 1 Z orientation angle, node 20, rad
        262    9.808E-01,  2.759E-02, -1.931E-01         F               0         Blade 1 X orientation angle, node 21, rad
        263    3.402E-02, -9.990E-01,  3.007E-02         F               0         Blade 1 Y orientation angle, node 21, rad
        264   -1.920E-01, -3.606E-02, -9.807E-01         F               0         Blade 1 Z orientation angle, node 21, rad
        265    9.809E-01,  2.393E-02, -1.930E-01         F               0         Blade 1 X orientation angle, node 22, rad
        266    3.042E-02, -9.991E-01,  3.077E-02         F               0         Blade 1 Y orientation angle, node 22, rad
        267   -1.920E-01, -3.606E-02, -9.807E-01         F               0         Blade 1 Z orientation angle, node 22, rad
        268    9.810E-01,  2.061E-02, -1.928E-01         F               0         Blade 1 X orientation angle, node 23, rad
        269    2.717E-02, -9.991E-01,  3.141E-02         F               0         Blade 1 Y orientation angle, node 23, rad
        270   -1.920E-01, -3.606E-02, -9.807E-01         F               0         Blade 1 Z orientation angle, node 23, rad
        271    9.811E-01,  1.747E-02, -1.927E-01         F               0         Blade 1 X orientation angle, node 24, rad
        272    2.409E-02, -9.992E-01,  3.202E-02         F               0         Blade 1 Y orientation angle, node 24, rad
        273   -1.920E-01, -3.606E-02, -9.807E-01         F               0         Blade 1 Z orientation angle, node 24, rad
        274    9.812E-01,  1.451E-02, -1.927E-01         F               0         Blade 1 X orientation angle, node 25, rad
        275    2.118E-02, -9.992E-01,  3.259E-02         F               0         Blade 1 Y orientation angle, node 25, rad
        276   -1.920E-01, -3.606E-02, -9.807E-01         F               0         Blade 1 Z orientation angle, node 25, rad
        277    9.812E-01,  1.189E-02, -1.926E-01         F               0         Blade 1 X orientation angle, node 26, rad
        278    1.861E-02, -9.993E-01,  3.309E-02         F               0         Blade 1 Y orientation angle, node 26, rad
        279   -1.920E-01, -3.606E-02, -9.807E-01         F               0         Blade 1 Z orientation angle, node 26, rad
        280    9.813E-01,  9.277E-03, -1.925E-01         F               0         Blade 1 X orientation angle, node 27, rad
        281    1.604E-02, -9.993E-01,  3.360E-02         F               0         Blade 1 Y orientation angle, node 27, rad
        282   -1.920E-01, -3.606E-02, -9.807E-01         F               0         Blade 1 Z orientation angle, node 27, rad
        283    9.813E-01,  7.882E-03, -1.924E-01         F               0         Blade 1 X orientation angle, node 28, rad
        284    1.467E-02, -9.993E-01,  3.387E-02         F               0         Blade 1 Y orientation angle, node 28, rad
        285   -1.920E-01, -3.606E-02, -9.807E-01         F               0         Blade 1 Z orientation angle, node 28, rad
        286   -6.205E-02                                 F               0         Blade 1 X translation velocity, node 1, m/s
        287    3.919E+00                                 F               0         Blade 1 Y translation velocity, node 1, m/s
        288   -1.344E-01                                 F               0         Blade 1 Z translation velocity, node 1, m/s
        289   -7.705E-02                                 F               0         Blade 1 X translation velocity, node 2, m/s
        290    4.863E+00                                 F               0         Blade 1 Y translation velocity, node 2, m/s
        291   -1.662E-01                                 F               0         Blade 1 Z translation velocity, node 2, m/s
        292   -2.809E-01                                 F               0         Blade 1 X translation velocity, node 3, m/s
        293    1.770E+01                                 F               0         Blade 1 Y translation velocity, node 3, m/s
        294   -5.982E-01                                 F               0         Blade 1 Z translation velocity, node 3, m/s
        295   -3.244E-01                                 F               0         Blade 1 X translation velocity, node 4, m/s
        296    2.044E+01                                 F               0         Blade 1 Y translation velocity, node 4, m/s
        297   -6.902E-01                                 F               0         Blade 1 Z translation velocity, node 4, m/s
        298   -3.678E-01                                 F               0         Blade 1 X translation velocity, node 5, m/s
        299    2.317E+01                                 F               0         Blade 1 Y translation velocity, node 5, m/s
        300   -7.823E-01                                 F               0         Blade 1 Z translation velocity, node 5, m/s
        301   -4.113E-01                                 F               0         Blade 1 X translation velocity, node 6, m/s
        302    2.591E+01                                 F               0         Blade 1 Y translation velocity, node 6, m/s
        303   -8.743E-01                                 F               0         Blade 1 Z translation velocity, node 6, m/s
        304   -4.547E-01                                 F               0         Blade 1 X translation velocity, node 7, m/s
        305    2.864E+01                                 F               0         Blade 1 Y translation velocity, node 7, m/s
        306   -9.664E-01                                 F               0         Blade 1 Z translation velocity, node 7, m/s
        307   -4.982E-01                                 F               0         Blade 1 X translation velocity, node 8, m/s
