
Linearized model: Predictions were generated on 08-Jan-2024 at 09:43:14 using OpenFAST, compiled as a 64-bit application using single precision at commit v3.5.1
 linked with  NWTC Subroutine Library; ElastoDyn; InflowWind; AeroDyn; ServoDyn; HydroDyn; MoorDyn (v2.0.0, 2023-09-18)

Description from the FAST input file: CCT-9 Campign 4 model. Input files to be run with OpenFAST 3.5.0. GitHub branch from Lu Wang (https://github.com/luwang00/openfast/tree/dev) compiled on March 7, 2023.

Simulation information:
   Simulation time:                  1003.5000 s
   Rotor Speed:                         0.7074 rad/s
   Azimuth:                             1.6631 rad
   Wind Speed:                          8.0000 m/s
   Number of continuous states:         0
   Number of discrete states:           0
   Number of constraint states:         0
   Number of inputs:                 1746
   Number of outputs:                   4
   Jacobians included in this file?    No

Order of inputs:
     Column   Operating Point                     Rotating Frame? Derivative Order Description
   ---------- ---------------                     --------------- ---------------- -----------
          1    7.250E+00                                 F               0         Tower X translation displacement, node 1, m
          2   -1.277E+00                                 F               0         Tower Y translation displacement, node 1, m
          3   -1.555E-01                                 F               0         Tower Z translation displacement, node 1, m
          4    8.293E+00                                 F               0         Tower X translation displacement, node 2, m
          5   -1.819E+00                                 F               0         Tower Y translation displacement, node 2, m
          6   -2.115E-01                                 F               0         Tower Z translation displacement, node 2, m
          7    9.350E+00                                 F               0         Tower X translation displacement, node 3, m
          8   -2.366E+00                                 F               0         Tower Y translation displacement, node 3, m
          9   -2.690E-01                                 F               0         Tower Z translation displacement, node 3, m
         10    1.042E+01                                 F               0         Tower X translation displacement, node 4, m
         11   -2.917E+00                                 F               0         Tower Y translation displacement, node 4, m
         12   -3.277E-01                                 F               0         Tower Z translation displacement, node 4, m
         13    1.150E+01                                 F               0         Tower X translation displacement, node 5, m
         14   -3.471E+00                                 F               0         Tower Y translation displacement, node 5, m
         15   -3.874E-01                                 F               0         Tower Z translation displacement, node 5, m
         16    1.259E+01                                 F               0         Tower X translation displacement, node 6, m
         17   -4.029E+00                                 F               0         Tower Y translation displacement, node 6, m
         18   -4.479E-01                                 F               0         Tower Z translation displacement, node 6, m
         19    1.368E+01                                 F               0         Tower X translation displacement, node 7, m
         20   -4.588E+00                                 F               0         Tower Y translation displacement, node 7, m
         21   -5.089E-01                                 F               0         Tower Z translation displacement, node 7, m
         22    1.477E+01                                 F               0         Tower X translation displacement, node 8, m
         23   -5.150E+00                                 F               0         Tower Y translation displacement, node 8, m
         24   -5.704E-01                                 F               0         Tower Z translation displacement, node 8, m
         25    1.587E+01                                 F               0         Tower X translation displacement, node 9, m
         26   -5.713E+00                                 F               0         Tower Y translation displacement, node 9, m
         27   -6.322E-01                                 F               0         Tower Z translation displacement, node 9, m
         28    1.697E+01                                 F               0         Tower X translation displacement, node 10, m
         29   -6.278E+00                                 F               0         Tower Y translation displacement, node 10, m
         30   -6.941E-01                                 F               0         Tower Z translation displacement, node 10, m
         31    1.807E+01                                 F               0         Tower X translation displacement, node 11, m
         32   -6.843E+00                                 F               0         Tower Y translation displacement, node 11, m
         33   -7.562E-01                                 F               0         Tower Z translation displacement, node 11, m
         34    9.965E-01,  4.116E-03, -8.373E-02         F               0         Tower X orientation angle, node 1, rad
         35   -4.406E-04,  9.990E-01,  4.386E-02         F               0         Tower Y orientation angle, node 1, rad
         36    8.383E-02, -4.367E-02,  9.955E-01         F               0         Tower Z orientation angle, node 1, rad
         37    9.964E-01,  4.169E-03, -8.494E-02         F               0         Tower X orientation angle, node 2, rad
         38   -4.069E-04,  9.990E-01,  4.426E-02         F               0         Tower Y orientation angle, node 2, rad
         39    8.504E-02, -4.407E-02,  9.954E-01         F               0         Tower Z orientation angle, node 2, rad
         40    9.963E-01,  4.215E-03, -8.598E-02         F               0         Tower X orientation angle, node 3, rad
         41   -3.762E-04,  9.990E-01,  4.462E-02         F               0         Tower Y orientation angle, node 3, rad
         42    8.608E-02, -4.442E-02,  9.953E-01         F               0         Tower Z orientation angle, node 3, rad
         43    9.962E-01,  4.254E-03, -8.683E-02         F               0         Tower X orientation angle, node 4, rad
         44   -3.492E-04,  9.990E-01,  4.493E-02         F               0         Tower Y orientation angle, node 4, rad
         45    8.694E-02, -4.473E-02,  9.952E-01         F               0         Tower Z orientation angle, node 4, rad
         46    9.962E-01,  4.284E-03, -8.752E-02         F               0         Tower X orientation angle, node 5, rad
         47   -3.258E-04,  9.990E-01,  4.520E-02         F               0         Tower Y orientation angle, node 5, rad
         48    8.762E-02, -4.499E-02,  9.951E-01         F               0         Tower Z orientation angle, node 5, rad
         49    9.961E-01,  4.308E-03, -8.804E-02         F               0         Tower X orientation angle, node 6, rad
         50   -3.061E-04,  9.990E-01,  4.542E-02         F               0         Tower Y orientation angle, node 6, rad
         51    8.814E-02, -4.522E-02,  9.951E-01         F               0         Tower Z orientation angle, node 6, rad
         52    9.961E-01,  4.325E-03, -8.841E-02         F               0         Tower X orientation angle, node 7, rad
         53   -2.903E-04,  9.990E-01,  4.560E-02         F               0         Tower Y orientation angle, node 7, rad
         54    8.852E-02, -4.540E-02,  9.950E-01         F               0         Tower Z orientation angle, node 7, rad
         55    9.961E-01,  4.337E-03, -8.867E-02         F               0         Tower X orientation angle, node 8, rad
         56   -2.780E-04,  9.990E-01,  4.574E-02         F               0         Tower Y orientation angle, node 8, rad
         57    8.877E-02, -4.553E-02,  9.950E-01         F               0         Tower Z orientation angle, node 8, rad
         58    9.960E-01,  4.345E-03, -8.883E-02         F               0         Tower X orientation angle, node 9, rad
         59   -2.690E-04,  9.989E-01,  4.584E-02         F               0         Tower Y orientation angle, node 9, rad
         60    8.894E-02, -4.564E-02,  9.950E-01         F               0         Tower Z orientation angle, node 9, rad
         61    9.960E-01,  4.349E-03, -8.892E-02         F               0         Tower X orientation angle, node 10, rad
         62   -2.631E-04,  9.989E-01,  4.591E-02         F               0         Tower Y orientation angle, node 10, rad
         63    8.903E-02, -4.570E-02,  9.950E-01         F               0         Tower Z orientation angle, node 10, rad
         64    9.960E-01,  4.351E-03, -8.896E-02         F               0         Tower X orientation angle, node 11, rad
         65   -2.599E-04,  9.989E-01,  4.594E-02         F               0         Tower Y orientation angle, node 11, rad
         66    8.907E-02, -4.574E-02,  9.950E-01         F               0         Tower Z orientation angle, node 11, rad
         67   -1.328E-04                                 F               0         Tower X translation velocity, node 1, m/s
         68    9.033E-04                                 F               0         Tower Y translation velocity, node 1, m/s
         69   -3.140E-03                                 F               0         Tower Z translation velocity, node 1, m/s
         70   -1.259E-04                                 F               0         Tower X translation velocity, node 2, m/s
         71    1.439E-03                                 F               0         Tower Y translation velocity, node 2, m/s
         72   -3.117E-03                                 F               0         Tower Z translation velocity, node 2, m/s
         73   -1.170E-04                                 F               0         Tower X translation velocity, node 3, m/s
         74    1.967E-03                                 F               0         Tower Y translation velocity, node 3, m/s
         75   -3.094E-03                                 F               0         Tower Z translation velocity, node 3, m/s
         76   -1.068E-04                                 F               0         Tower X translation velocity, node 4, m/s
         77    2.488E-03                                 F               0         Tower Y translation velocity, node 4, m/s
         78   -3.071E-03                                 F               0         Tower Z translation velocity, node 4, m/s
         79   -9.592E-05                                 F               0         Tower X translation velocity, node 5, m/s
         80    3.003E-03                                 F               0         Tower Y translation velocity, node 5, m/s
         81   -3.049E-03                                 F               0         Tower Z translation velocity, node 5, m/s
         82   -8.465E-05                                 F               0         Tower X translation velocity, node 6, m/s
         83    3.511E-03                                 F               0         Tower Y translation velocity, node 6, m/s
         84   -3.027E-03                                 F               0         Tower Z translation velocity, node 6, m/s
         85   -7.333E-05                                 F               0         Tower X translation velocity, node 7, m/s
         86    4.014E-03                                 F               0         Tower Y translation velocity, node 7, m/s
         87   -3.005E-03                                 F               0         Tower Z translation velocity, node 7, m/s
         88   -6.218E-05                                 F               0         Tower X translation velocity, node 8, m/s
         89    4.512E-03                                 F               0         Tower Y translation velocity, node 8, m/s
         90   -2.984E-03                                 F               0         Tower Z translation velocity, node 8, m/s
         91   -5.132E-05                                 F               0         Tower X translation velocity, node 9, m/s
         92    5.006E-03                                 F               0         Tower Y translation velocity, node 9, m/s
         93   -2.962E-03                                 F               0         Tower Z translation velocity, node 9, m/s
         94   -4.080E-05                                 F               0         Tower X translation velocity, node 10, m/s
         95    5.497E-03                                 F               0         Tower Y translation velocity, node 10, m/s
         96   -2.940E-03                                 F               0         Tower Z translation velocity, node 10, m/s
         97   -3.056E-05                                 F               0         Tower X translation velocity, node 11, m/s
         98    5.986E-03                                 F               0         Tower Y translation velocity, node 11, m/s
         99   -2.919E-03                                 F               0         Tower Z translation velocity, node 11, m/s
        100    1.881E+01                                 F               0         Hub X translation displacement, node 1, m
        101   -7.249E+00                                 F               0         Hub Y translation displacement, node 1, m
        102    1.652E-01                                 F               0         Hub Z translation displacement, node 1, m
        103    9.813E-01,  9.108E-03, -1.925E-01         F               0         Hub X orientation angle, node 1, rad
        104    1.919E-01, -1.369E-01,  9.718E-01         F               0         Hub Y orientation angle, node 1, rad
        105   -1.751E-02, -9.905E-01, -1.361E-01         F               0         Hub Z orientation angle, node 1, rad
        106    6.941E-01                                 F               0         Hub X rotation velocity, node 1, rad/s
        107    6.444E-03                                 F               0         Hub Y rotation velocity, node 1, rad/s
        108   -1.362E-01                                 F               0         Hub Z rotation velocity, node 1, rad/s
        109    9.751E-01,  1.317E-02, -2.212E-01         F               0         Blade root 1 X orientation angle, node 1, rad
        110    2.209E-01, -1.366E-01,  9.657E-01         F               0         Blade root 1 Y orientation angle, node 1, rad
        111   -1.751E-02, -9.905E-01, -1.361E-01         F               0         Blade root 1 Z orientation angle, node 1, rad
        112    9.841E-01,  3.252E-02, -1.745E-01         F               0         Blade root 2 X orientation angle, node 1, rad
        113   -8.195E-02, -7.887E-01, -6.092E-01         F               0         Blade root 2 Y orientation angle, node 1, rad
        114   -1.574E-01,  6.139E-01, -7.735E-01         F               0         Blade root 2 Z orientation angle, node 1, rad
        115    9.832E-01, -1.838E-02, -1.815E-01         F               0         Blade root 3 X orientation angle, node 1, rad
        116   -5.164E-02,  9.262E-01, -3.736E-01         F               0         Blade root 3 Y orientation angle, node 1, rad
        117    1.749E-01,  3.767E-01,  9.097E-01         F               0         Blade root 3 Z orientation angle, node 1, rad
        118    1.814E+01                                 F               0         Blade 1 X translation displacement, node 1, m
        119   -1.274E+01                                 F               0         Blade 1 Y translation displacement, node 1, m
        120   -6.099E+00                                 F               0         Blade 1 Z translation displacement, node 1, m
        121    1.797E+01                                 F               0         Blade 1 X translation displacement, node 2, m
        122   -1.406E+01                                 F               0         Blade 1 Y translation displacement, node 2, m
        123   -7.608E+00                                 F               0         Blade 1 Z translation displacement, node 2, m
        124    1.576E+01                                 F               0         Blade 1 X translation displacement, node 3, m
        125   -3.204E+01                                 F               0         Blade 1 Y translation displacement, node 3, m
        126   -2.813E+01                                 F               0         Blade 1 Z translation displacement, node 3, m
        127    1.529E+01                                 F               0         Blade 1 X translation displacement, node 4, m
        128   -3.587E+01                                 F               0         Blade 1 Y translation displacement, node 4, m
        129   -3.250E+01                                 F               0         Blade 1 Z translation displacement, node 4, m
        130    1.481E+01                                 F               0         Blade 1 X translation displacement, node 5, m
        131   -3.970E+01                                 F               0         Blade 1 Y translation displacement, node 5, m
        132   -3.688E+01                                 F               0         Blade 1 Z translation displacement, node 5, m
        133    1.434E+01                                 F               0         Blade 1 X translation displacement, node 6, m
        134   -4.353E+01                                 F               0         Blade 1 Y translation displacement, node 6, m
        135   -4.125E+01                                 F               0         Blade 1 Z translation displacement, node 6, m
        136    1.387E+01                                 F               0         Blade 1 X translation displacement, node 7, m
        137   -4.736E+01                                 F               0         Blade 1 Y translation displacement, node 7, m
        138   -4.562E+01                                 F               0         Blade 1 Z translation displacement, node 7, m
        139    1.340E+01                                 F               0         Blade 1 X translation displacement, node 8, m
        140   -5.120E+01                                 F               0         Blade 1 Y translation displacement, node 8, m
        141   -5.000E+01                                 F               0         Blade 1 Z translation displacement, node 8, m
        142    1.293E+01                                 F               0         Blade 1 X translation displacement, node 9, m
        143   -5.503E+01                                 F               0         Blade 1 Y translation displacement, node 9, m
        144   -5.437E+01                                 F               0         Blade 1 Z translation displacement, node 9, m
        145    1.245E+01                                 F               0         Blade 1 X translation displacement, node 10, m
        146   -5.886E+01                                 F               0         Blade 1 Y translation displacement, node 10, m
        147   -5.874E+01                                 F               0         Blade 1 Z translation displacement, node 10, m
        148    1.198E+01                                 F               0         Blade 1 X translation displacement, node 11, m
        149   -6.269E+01                                 F               0         Blade 1 Y translation displacement, node 11, m
        150   -6.312E+01                                 F               0         Blade 1 Z translation displacement, node 11, m
        151    1.151E+01                                 F               0         Blade 1 X translation displacement, node 12, m
        152   -6.652E+01                                 F               0         Blade 1 Y translation displacement, node 12, m
        153   -6.749E+01                                 F               0         Blade 1 Z translation displacement, node 12, m
        154    1.104E+01                                 F               0         Blade 1 X translation displacement, node 13, m
        155   -7.035E+01                                 F               0         Blade 1 Y translation displacement, node 13, m
        156   -7.186E+01                                 F               0         Blade 1 Z translation displacement, node 13, m
        157    1.057E+01                                 F               0         Blade 1 X translation displacement, node 14, m
        158   -7.418E+01                                 F               0         Blade 1 Y translation displacement, node 14, m
        159   -7.624E+01                                 F               0         Blade 1 Z translation displacement, node 14, m
        160    1.009E+01                                 F               0         Blade 1 X translation displacement, node 15, m
        161   -7.801E+01                                 F               0         Blade 1 Y translation displacement, node 15, m
        162   -8.061E+01                                 F               0         Blade 1 Z translation displacement, node 15, m
        163    9.622E+00                                 F               0         Blade 1 X translation displacement, node 16, m
        164   -8.184E+01                                 F               0         Blade 1 Y translation displacement, node 16, m
        165   -8.498E+01                                 F               0         Blade 1 Z translation displacement, node 16, m
        166    9.150E+00                                 F               0         Blade 1 X translation displacement, node 17, m
        167   -8.567E+01                                 F               0         Blade 1 Y translation displacement, node 17, m
        168   -8.935E+01                                 F               0         Blade 1 Z translation displacement, node 17, m
        169    8.678E+00                                 F               0         Blade 1 X translation displacement, node 18, m
        170   -8.951E+01                                 F               0         Blade 1 Y translation displacement, node 18, m
        171   -9.373E+01                                 F               0         Blade 1 Z translation displacement, node 18, m
        172    8.206E+00                                 F               0         Blade 1 X translation displacement, node 19, m
        173   -9.334E+01                                 F               0         Blade 1 Y translation displacement, node 19, m
        174   -9.810E+01                                 F               0         Blade 1 Z translation displacement, node 19, m
        175    7.734E+00                                 F               0         Blade 1 X translation displacement, node 20, m
        176   -9.717E+01                                 F               0         Blade 1 Y translation displacement, node 20, m
        177   -1.025E+02                                 F               0         Blade 1 Z translation displacement, node 20, m
        178    7.262E+00                                 F               0         Blade 1 X translation displacement, node 21, m
        179   -1.010E+02                                 F               0         Blade 1 Y translation displacement, node 21, m
        180   -1.068E+02                                 F               0         Blade 1 Z translation displacement, node 21, m
        181    6.790E+00                                 F               0         Blade 1 X translation displacement, node 22, m
        182   -1.048E+02                                 F               0         Blade 1 Y translation displacement, node 22, m
        183   -1.112E+02                                 F               0         Blade 1 Z translation displacement, node 22, m
        184    6.318E+00                                 F               0         Blade 1 X translation displacement, node 23, m
        185   -1.087E+02                                 F               0         Blade 1 Y translation displacement, node 23, m
        186   -1.156E+02                                 F               0         Blade 1 Z translation displacement, node 23, m
        187    5.846E+00                                 F               0         Blade 1 X translation displacement, node 24, m
        188   -1.125E+02                                 F               0         Blade 1 Y translation displacement, node 24, m
        189   -1.200E+02                                 F               0         Blade 1 Z translation displacement, node 24, m
        190    5.374E+00                                 F               0         Blade 1 X translation displacement, node 25, m
        191   -1.163E+02                                 F               0         Blade 1 Y translation displacement, node 25, m
        192   -1.243E+02                                 F               0         Blade 1 Z translation displacement, node 25, m
        193    4.902E+00                                 F               0         Blade 1 X translation displacement, node 26, m
        194   -1.202E+02                                 F               0         Blade 1 Y translation displacement, node 26, m
        195   -1.287E+02                                 F               0         Blade 1 Z translation displacement, node 26, m
        196    4.430E+00                                 F               0         Blade 1 X translation displacement, node 27, m
        197   -1.240E+02                                 F               0         Blade 1 Y translation displacement, node 27, m
        198   -1.331E+02                                 F               0         Blade 1 Z translation displacement, node 27, m
        199    4.029E+00                                 F               0         Blade 1 X translation displacement, node 28, m
        200   -1.272E+02                                 F               0         Blade 1 Y translation displacement, node 28, m
        201   -1.368E+02                                 F               0         Blade 1 Z translation displacement, node 28, m
        202    7.671E-01,  7.402E-02, -6.372E-01         F               0         Blade 1 X orientation angle, node 1, rad
        203    6.413E-01, -1.156E-01,  7.585E-01         F               0         Blade 1 Y orientation angle, node 1, rad
        204   -1.751E-02, -9.905E-01, -1.361E-01         F               0         Blade 1 Z orientation angle, node 1, rad
        205    7.671E-01,  7.402E-02, -6.372E-01         F               0         Blade 1 X orientation angle, node 2, rad
        206    6.413E-01, -1.156E-01,  7.585E-01         F               0         Blade 1 Y orientation angle, node 2, rad
        207   -1.751E-02, -9.905E-01, -1.361E-01         F               0         Blade 1 Z orientation angle, node 2, rad
        208    8.972E-01,  4.451E-02, -4.393E-01         F               0         Blade 1 X orientation angle, node 3, rad
        209    4.412E-01, -1.298E-01,  8.880E-01         F               0         Blade 1 Y orientation angle, node 3, rad
        210   -1.751E-02, -9.905E-01, -1.361E-01         F               0         Blade 1 Z orientation angle, node 3, rad
        211    9.151E-01,  3.899E-02, -4.014E-01         F               0         Blade 1 X orientation angle, node 4, rad
        212    4.029E-01, -1.316E-01,  9.057E-01         F               0         Blade 1 Y orientation angle, node 4, rad
        213   -1.751E-02, -9.905E-01, -1.361E-01         F               0         Blade 1 Z orientation angle, node 4, rad
        214    9.279E-01,  3.461E-02, -3.712E-01         F               0         Blade 1 X orientation angle, node 5, rad
        215    3.724E-01, -1.328E-01,  9.185E-01         F               0         Blade 1 Y orientation angle, node 5, rad
        216   -1.751E-02, -9.905E-01, -1.361E-01         F               0         Blade 1 Z orientation angle, node 5, rad
        217    9.375E-01,  3.107E-02, -3.467E-01         F               0         Blade 1 X orientation angle, node 6, rad
        218    3.476E-01, -1.337E-01,  9.281E-01         F               0         Blade 1 Y orientation angle, node 6, rad
        219   -1.751E-02, -9.905E-01, -1.361E-01         F               0         Blade 1 Z orientation angle, node 6, rad
        220    9.448E-01,  2.815E-02, -3.263E-01         F               0         Blade 1 X orientation angle, node 7, rad
        221    3.271E-01, -1.343E-01,  9.354E-01         F               0         Blade 1 Y orientation angle, node 7, rad
        222   -1.751E-02, -9.905E-01, -1.361E-01         F               0         Blade 1 Z orientation angle, node 7, rad
        223    9.506E-01,  2.571E-02, -3.093E-01         F               0         Blade 1 X orientation angle, node 8, rad
        224    3.099E-01, -1.348E-01,  9.412E-01         F               0         Blade 1 Y orientation angle, node 8, rad
        225   -1.751E-02, -9.905E-01, -1.361E-01         F               0         Blade 1 Z orientation angle, node 8, rad
        226    9.553E-01,  2.363E-02, -2.948E-01         F               0         Blade 1 X orientation angle, node 9, rad
        227    2.952E-01, -1.352E-01,  9.458E-01         F               0         Blade 1 Y orientation angle, node 9, rad
        228   -1.751E-02, -9.905E-01, -1.361E-01         F               0         Blade 1 Z orientation angle, node 9, rad
        229    9.591E-01,  2.184E-02, -2.822E-01         F               0         Blade 1 X orientation angle, node 10, rad
        230    2.826E-01, -1.355E-01,  9.496E-01         F               0         Blade 1 Y orientation angle, node 10, rad
        231   -1.751E-02, -9.905E-01, -1.361E-01         F               0         Blade 1 Z orientation angle, node 10, rad
        232    9.622E-01,  2.030E-02, -2.715E-01         F               0         Blade 1 X orientation angle, node 11, rad
        233    2.717E-01, -1.357E-01,  9.528E-01         F               0         Blade 1 Y orientation angle, node 11, rad
        234   -1.751E-02, -9.905E-01, -1.361E-01         F               0         Blade 1 Z orientation angle, node 11, rad
        235    9.649E-01,  1.895E-02, -2.620E-01         F               0         Blade 1 X orientation angle, node 12, rad
        236    2.621E-01, -1.359E-01,  9.554E-01         F               0         Blade 1 Y orientation angle, node 12, rad
        237   -1.751E-02, -9.905E-01, -1.361E-01         F               0         Blade 1 Z orientation angle, node 12, rad
        238    9.671E-01,  1.776E-02, -2.536E-01         F               0         Blade 1 X orientation angle, node 13, rad
        239    2.536E-01, -1.361E-01,  9.577E-01         F               0         Blade 1 Y orientation angle, node 13, rad
        240   -1.751E-02, -9.905E-01, -1.361E-01         F               0         Blade 1 Z orientation angle, node 13, rad
        241    9.691E-01,  1.669E-02, -2.461E-01         F               0         Blade 1 X orientation angle, node 14, rad
        242    2.460E-01, -1.362E-01,  9.596E-01         F               0         Blade 1 Y orientation angle, node 14, rad
        243   -1.751E-02, -9.905E-01, -1.361E-01         F               0         Blade 1 Z orientation angle, node 14, rad
        244    9.708E-01,  1.574E-02, -2.394E-01         F               0         Blade 1 X orientation angle, node 15, rad
        245    2.393E-01, -1.363E-01,  9.613E-01         F               0         Blade 1 Y orientation angle, node 15, rad
        246   -1.751E-02, -9.905E-01, -1.361E-01         F               0         Blade 1 Z orientation angle, node 15, rad
        247    9.723E-01,  1.488E-02, -2.333E-01         F               0         Blade 1 X orientation angle, node 16, rad
        248    2.332E-01, -1.364E-01,  9.628E-01         F               0         Blade 1 Y orientation angle, node 16, rad
        249   -1.751E-02, -9.905E-01, -1.361E-01         F               0         Blade 1 Z orientation angle, node 16, rad
        250    9.736E-01,  1.412E-02, -2.280E-01         F               0         Blade 1 X orientation angle, node 17, rad
        251    2.277E-01, -1.365E-01,  9.641E-01         F               0         Blade 1 Y orientation angle, node 17, rad
        252   -1.751E-02, -9.905E-01, -1.361E-01         F               0         Blade 1 Z orientation angle, node 17, rad
        253    9.747E-01,  1.341E-02, -2.229E-01         F               0         Blade 1 X orientation angle, node 18, rad
        254    2.226E-01, -1.366E-01,  9.653E-01         F               0         Blade 1 Y orientation angle, node 18, rad
        255   -1.751E-02, -9.905E-01, -1.361E-01         F               0         Blade 1 Z orientation angle, node 18, rad
        256    9.758E-01,  1.276E-02, -2.184E-01         F               0         Blade 1 X orientation angle, node 19, rad
        257    2.180E-01, -1.367E-01,  9.663E-01         F               0         Blade 1 Y orientation angle, node 19, rad
        258   -1.751E-02, -9.905E-01, -1.361E-01         F               0         Blade 1 Z orientation angle, node 19, rad
        259    9.767E-01,  1.219E-02, -2.143E-01         F               0         Blade 1 X orientation angle, node 20, rad
        260    2.139E-01, -1.367E-01,  9.672E-01         F               0         Blade 1 Y orientation angle, node 20, rad
        261   -1.751E-02, -9.905E-01, -1.361E-01         F               0         Blade 1 Z orientation angle, node 20, rad
        262    9.775E-01,  1.164E-02, -2.104E-01         F               0         Blade 1 X orientation angle, node 21, rad
        263    2.100E-01, -1.368E-01,  9.681E-01         F               0         Blade 1 Y orientation angle, node 21, rad
        264   -1.751E-02, -9.905E-01, -1.361E-01         F               0         Blade 1 Z orientation angle, node 21, rad
        265    9.783E-01,  1.114E-02, -2.069E-01         F               0         Blade 1 X orientation angle, node 22, rad
        266    2.064E-01, -1.368E-01,  9.689E-01         F               0         Blade 1 Y orientation angle, node 22, rad
        267   -1.751E-02, -9.905E-01, -1.361E-01         F               0         Blade 1 Z orientation angle, node 22, rad
        268    9.790E-01,  1.068E-02, -2.037E-01         F               0         Blade 1 X orientation angle, node 23, rad
        269    2.032E-01, -1.368E-01,  9.695E-01         F               0         Blade 1 Y orientation angle, node 23, rad
        270   -1.751E-02, -9.905E-01, -1.361E-01         F               0         Blade 1 Z orientation angle, node 23, rad
        271    9.796E-01,  1.025E-02, -2.006E-01         F               0         Blade 1 X orientation angle, node 24, rad
        272    2.001E-01, -1.369E-01,  9.702E-01         F               0         Blade 1 Y orientation angle, node 24, rad
        273   -1.751E-02, -9.905E-01, -1.361E-01         F               0         Blade 1 Z orientation angle, node 24, rad
        274    9.802E-01,  9.849E-03, -1.977E-01         F               0         Blade 1 X orientation angle, node 25, rad
        275    1.972E-01, -1.369E-01,  9.708E-01         F               0         Blade 1 Y orientation angle, node 25, rad
        276   -1.751E-02, -9.905E-01, -1.361E-01         F               0         Blade 1 Z orientation angle, node 25, rad
        277    9.807E-01,  9.490E-03, -1.952E-01         F               0         Blade 1 X orientation angle, node 26, rad
        278    1.946E-01, -1.369E-01,  9.713E-01         F               0         Blade 1 Y orientation angle, node 26, rad
        279   -1.751E-02, -9.905E-01, -1.361E-01         F               0         Blade 1 Z orientation angle, node 26, rad
        280    9.812E-01,  9.132E-03, -1.926E-01         F               0         Blade 1 X orientation angle, node 27, rad
        281    1.921E-01, -1.369E-01,  9.718E-01         F               0         Blade 1 Y orientation angle, node 27, rad
        282   -1.751E-02, -9.905E-01, -1.361E-01         F               0         Blade 1 Z orientation angle, node 27, rad
        283    9.815E-01,  8.941E-03, -1.913E-01         F               0         Blade 1 X orientation angle, node 28, rad
        284    1.907E-01, -1.370E-01,  9.720E-01         F               0         Blade 1 Y orientation angle, node 28, rad
        285   -1.751E-02, -9.905E-01, -1.361E-01         F               0         Blade 1 Z orientation angle, node 28, rad
        286   -7.521E-01                                 F               0         Blade 1 X translation velocity, node 1, m/s
        287    5.430E-01                                 F               0         Blade 1 Y translation velocity, node 1, m/s
        288   -3.811E+00                                 F               0         Blade 1 Z translation velocity, node 1, m/s
        289   -9.333E-01                                 F               0         Blade 1 X translation velocity, node 2, m/s
        290    6.723E-01                                 F               0         Blade 1 Y translation velocity, node 2, m/s
        291   -4.729E+00                                 F               0         Blade 1 Z translation velocity, node 2, m/s
        292   -3.397E+00                                 F               0         Blade 1 X translation velocity, node 3, m/s
        293    2.431E+00                                 F               0         Blade 1 Y translation velocity, node 3, m/s
        294   -1.721E+01                                 F               0         Blade 1 Z translation velocity, node 3, m/s
        295   -3.922E+00                                 F               0         Blade 1 X translation velocity, node 4, m/s
        296    2.805E+00                                 F               0         Blade 1 Y translation velocity, node 4, m/s
        297   -1.987E+01                                 F               0         Blade 1 Z translation velocity, node 4, m/s
        298   -4.448E+00                                 F               0         Blade 1 X translation velocity, node 5, m/s
        299    3.180E+00                                 F               0         Blade 1 Y translation velocity, node 5, m/s
        300   -2.253E+01                                 F               0         Blade 1 Z translation velocity, node 5, m/s
        301   -4.973E+00                                 F               0         Blade 1 X translation velocity, node 6, m/s
        302    3.555E+00                                 F               0         Blade 1 Y translation velocity, node 6, m/s
        303   -2.518E+01                                 F               0         Blade 1 Z translation velocity, node 6, m/s
        304   -5.498E+00                                 F               0         Blade 1 X translation velocity, node 7, m/s
        305    3.930E+00                                 F               0         Blade 1 Y translation velocity, node 7, m/s
        306   -2.784E+01                                 F               0         Blade 1 Z translation velocity, node 7, m/s
        307   -6.023E+00                                 F               0         Blade 1 X translation velocity, node 8, m/s
