
Linearized model: Predictions were generated on 08-Jan-2024 at 09:43:14 using OpenFAST, compiled as a 64-bit application using single precision at commit v3.5.1
 linked with  NWTC Subroutine Library; ElastoDyn; InflowWind; AeroDyn; ServoDyn; HydroDyn; MoorDyn (v2.0.0, 2023-09-18)

Description from the FAST input file: CCT-9 Campign 4 model. Input files to be run with OpenFAST 3.5.0. GitHub branch from Lu Wang (https://github.com/luwang00/openfast/tree/dev) compiled on March 7, 2023.

Simulation information:
   Simulation time:                  1005.2250 s
   Rotor Speed:                         0.7077 rad/s
   Azimuth:                             2.8836 rad
   Wind Speed:                          8.0000 m/s
   Number of continuous states:         0
   Number of discrete states:           0
   Number of constraint states:         0
   Number of inputs:                 1746
   Number of outputs:                   4
   Jacobians included in this file?    No

Order of inputs:
     Column   Operating Point                     Rotating Frame? Derivative Order Description
   ---------- ---------------                     --------------- ---------------- -----------
          1    7.250E+00                                 F               0         Tower X translation displacement, node 1, m
          2   -1.277E+00                                 F               0         Tower Y translation displacement, node 1, m
          3   -1.607E-01                                 F               0         Tower Z translation displacement, node 1, m
          4    8.293E+00                                 F               0         Tower X translation displacement, node 2, m
          5   -1.818E+00                                 F               0         Tower Y translation displacement, node 2, m
          6   -2.166E-01                                 F               0         Tower Z translation displacement, node 2, m
          7    9.350E+00                                 F               0         Tower X translation displacement, node 3, m
          8   -2.364E+00                                 F               0         Tower Y translation displacement, node 3, m
          9   -2.741E-01                                 F               0         Tower Z translation displacement, node 3, m
         10    1.042E+01                                 F               0         Tower X translation displacement, node 4, m
         11   -2.914E+00                                 F               0         Tower Y translation displacement, node 4, m
         12   -3.328E-01                                 F               0         Tower Z translation displacement, node 4, m
         13    1.150E+01                                 F               0         Tower X translation displacement, node 5, m
         14   -3.468E+00                                 F               0         Tower Y translation displacement, node 5, m
         15   -3.924E-01                                 F               0         Tower Z translation displacement, node 5, m
         16    1.259E+01                                 F               0         Tower X translation displacement, node 6, m
         17   -4.025E+00                                 F               0         Tower Y translation displacement, node 6, m
         18   -4.529E-01                                 F               0         Tower Z translation displacement, node 6, m
         19    1.368E+01                                 F               0         Tower X translation displacement, node 7, m
         20   -4.584E+00                                 F               0         Tower Y translation displacement, node 7, m
         21   -5.139E-01                                 F               0         Tower Z translation displacement, node 7, m
         22    1.477E+01                                 F               0         Tower X translation displacement, node 8, m
         23   -5.145E+00                                 F               0         Tower Y translation displacement, node 8, m
         24   -5.754E-01                                 F               0         Tower Z translation displacement, node 8, m
         25    1.587E+01                                 F               0         Tower X translation displacement, node 9, m
         26   -5.708E+00                                 F               0         Tower Y translation displacement, node 9, m
         27   -6.371E-01                                 F               0         Tower Z translation displacement, node 9, m
         28    1.697E+01                                 F               0         Tower X translation displacement, node 10, m
         29   -6.271E+00                                 F               0         Tower Y translation displacement, node 10, m
         30   -6.990E-01                                 F               0         Tower Z translation displacement, node 10, m
         31    1.807E+01                                 F               0         Tower X translation displacement, node 11, m
         32   -6.836E+00                                 F               0         Tower Y translation displacement, node 11, m
         33   -7.611E-01                                 F               0         Tower Z translation displacement, node 11, m
         34    9.965E-01,  4.117E-03, -8.374E-02         F               0         Tower X orientation angle, node 1, rad
         35   -4.458E-04,  9.990E-01,  4.381E-02         F               0         Tower Y orientation angle, node 1, rad
         36    8.384E-02, -4.362E-02,  9.955E-01         F               0         Tower Z orientation angle, node 1, rad
         37    9.964E-01,  4.170E-03, -8.494E-02         F               0         Tower X orientation angle, node 2, rad
         38   -4.121E-04,  9.990E-01,  4.421E-02         F               0         Tower Y orientation angle, node 2, rad
         39    8.504E-02, -4.401E-02,  9.954E-01         F               0         Tower Z orientation angle, node 2, rad
         40    9.963E-01,  4.216E-03, -8.598E-02         F               0         Tower X orientation angle, node 3, rad
         41   -3.814E-04,  9.990E-01,  4.457E-02         F               0         Tower Y orientation angle, node 3, rad
         42    8.608E-02, -4.437E-02,  9.953E-01         F               0         Tower Z orientation angle, node 3, rad
         43    9.962E-01,  4.254E-03, -8.684E-02         F               0         Tower X orientation angle, node 4, rad
         44   -3.544E-04,  9.990E-01,  4.488E-02         F               0         Tower Y orientation angle, node 4, rad
         45    8.694E-02, -4.468E-02,  9.952E-01         F               0         Tower Z orientation angle, node 4, rad
         46    9.962E-01,  4.285E-03, -8.752E-02         F               0         Tower X orientation angle, node 5, rad
         47   -3.310E-04,  9.990E-01,  4.515E-02         F               0         Tower Y orientation angle, node 5, rad
         48    8.762E-02, -4.494E-02,  9.951E-01         F               0         Tower Z orientation angle, node 5, rad
         49    9.961E-01,  4.309E-03, -8.804E-02         F               0         Tower X orientation angle, node 6, rad
         50   -3.113E-04,  9.990E-01,  4.537E-02         F               0         Tower Y orientation angle, node 6, rad
         51    8.814E-02, -4.517E-02,  9.951E-01         F               0         Tower Z orientation angle, node 6, rad
         52    9.961E-01,  4.326E-03, -8.841E-02         F               0         Tower X orientation angle, node 7, rad
         53   -2.955E-04,  9.990E-01,  4.555E-02         F               0         Tower Y orientation angle, node 7, rad
         54    8.852E-02, -4.534E-02,  9.950E-01         F               0         Tower Z orientation angle, node 7, rad
         55    9.961E-01,  4.338E-03, -8.867E-02         F               0         Tower X orientation angle, node 8, rad
         56   -2.831E-04,  9.990E-01,  4.569E-02         F               0         Tower Y orientation angle, node 8, rad
         57    8.877E-02, -4.548E-02,  9.950E-01         F               0         Tower Z orientation angle, node 8, rad
         58    9.960E-01,  4.345E-03, -8.883E-02         F               0         Tower X orientation angle, node 9, rad
         59   -2.741E-04,  9.990E-01,  4.579E-02         F               0         Tower Y orientation angle, node 9, rad
         60    8.893E-02, -4.558E-02,  9.950E-01         F               0         Tower Z orientation angle, node 9, rad
         61    9.960E-01,  4.349E-03, -8.892E-02         F               0         Tower X orientation angle, node 10, rad
         62   -2.682E-04,  9.989E-01,  4.586E-02         F               0         Tower Y orientation angle, node 10, rad
         63    8.902E-02, -4.565E-02,  9.950E-01         F               0         Tower Z orientation angle, node 10, rad
         64    9.960E-01,  4.351E-03, -8.896E-02         F               0         Tower X orientation angle, node 11, rad
         65   -2.650E-04,  9.989E-01,  4.589E-02         F               0         Tower Y orientation angle, node 11, rad
         66    8.906E-02, -4.569E-02,  9.950E-01         F               0         Tower Z orientation angle, node 11, rad
         67   -9.430E-05                                 F               0         Tower X translation velocity, node 1, m/s
         68   -1.700E-04                                 F               0         Tower Y translation velocity, node 1, m/s
         69   -2.730E-03                                 F               0         Tower Z translation velocity, node 1, m/s
         70   -6.855E-05                                 F               0         Tower X translation velocity, node 2, m/s
         71    7.901E-06                                 F               0         Tower Y translation velocity, node 2, m/s
         72   -2.724E-03                                 F               0         Tower Z translation velocity, node 2, m/s
         73   -4.297E-05                                 F               0         Tower X translation velocity, node 3, m/s
         74    1.932E-04                                 F               0         Tower Y translation velocity, node 3, m/s
         75   -2.718E-03                                 F               0         Tower Z translation velocity, node 3, m/s
         76   -1.798E-05                                 F               0         Tower X translation velocity, node 4, m/s
         77    3.847E-04                                 F               0         Tower Y translation velocity, node 4, m/s
         78   -2.712E-03                                 F               0         Tower Z translation velocity, node 4, m/s
         79    6.041E-06                                 F               0         Tower X translation velocity, node 5, m/s
         80    5.816E-04                                 F               0         Tower Y translation velocity, node 5, m/s
         81   -2.705E-03                                 F               0         Tower Z translation velocity, node 5, m/s
         82    2.883E-05                                 F               0         Tower X translation velocity, node 6, m/s
         83    7.835E-04                                 F               0         Tower Y translation velocity, node 6, m/s
         84   -2.698E-03                                 F               0         Tower Z translation velocity, node 6, m/s
         85    5.033E-05                                 F               0         Tower X translation velocity, node 7, m/s
         86    9.894E-04                                 F               0         Tower Y translation velocity, node 7, m/s
         87   -2.690E-03                                 F               0         Tower Z translation velocity, node 7, m/s
         88    7.040E-05                                 F               0         Tower X translation velocity, node 8, m/s
         89    1.199E-03                                 F               0         Tower Y translation velocity, node 8, m/s
         90   -2.682E-03                                 F               0         Tower Z translation velocity, node 8, m/s
         91    8.912E-05                                 F               0         Tower X translation velocity, node 9, m/s
         92    1.411E-03                                 F               0         Tower Y translation velocity, node 9, m/s
         93   -2.674E-03                                 F               0         Tower Z translation velocity, node 9, m/s
         94    1.067E-04                                 F               0         Tower X translation velocity, node 10, m/s
         95    1.626E-03                                 F               0         Tower Y translation velocity, node 10, m/s
         96   -2.666E-03                                 F               0         Tower Z translation velocity, node 10, m/s
         97    1.235E-04                                 F               0         Tower X translation velocity, node 11, m/s
         98    1.842E-03                                 F               0         Tower Y translation velocity, node 11, m/s
         99   -2.658E-03                                 F               0         Tower Z translation velocity, node 11, m/s
        100    1.881E+01                                 F               0         Hub X translation displacement, node 1, m
        101   -7.241E+00                                 F               0         Hub Y translation displacement, node 1, m
        102    1.603E-01                                 F               0         Hub Z translation displacement, node 1, m
        103    9.813E-01,  9.103E-03, -1.925E-01         F               0         Hub X orientation angle, node 1, rad
        104    4.942E-02, -9.774E-01,  2.057E-01         F               0         Hub Y orientation angle, node 1, rad
        105   -1.862E-01, -2.114E-01, -9.595E-01         F               0         Hub Z orientation angle, node 1, rad
        106    6.944E-01                                 F               0         Hub X rotation velocity, node 1, rad/s
        107    6.443E-03                                 F               0         Hub Y rotation velocity, node 1, rad/s
        108   -1.362E-01                                 F               0         Hub Z rotation velocity, node 1, rad/s
        109    9.794E-01,  3.809E-02, -1.985E-01         F               0         Blade root 1 X orientation angle, node 1, rad
        110    7.850E-02, -9.767E-01,  1.999E-01         F               0         Blade root 1 Y orientation angle, node 1, rad
        111   -1.862E-01, -2.114E-01, -9.595E-01         F               0         Blade root 1 Z orientation angle, node 1, rad
        112    9.863E-01,  3.185E-05, -1.647E-01         F               0         Blade root 2 X orientation angle, node 1, rad
        113   -1.568E-01,  3.058E-01, -9.391E-01         F               0         Blade root 2 Y orientation angle, node 1, rad
        114    5.033E-02,  9.521E-01,  3.016E-01         F               0         Blade root 2 Z orientation angle, node 1, rad
        115    9.768E-01, -1.083E-02, -2.140E-01         F               0         Blade root 3 X orientation angle, node 1, rad
        116    1.656E-01,  6.717E-01,  7.221E-01         F               0         Blade root 3 Y orientation angle, node 1, rad
        117    1.359E-01, -7.407E-01,  6.579E-01         F               0         Blade root 3 Z orientation angle, node 1, rad
        118    1.720E+01                                 F               0         Blade 1 X translation displacement, node 1, m
        119   -8.412E+00                                 F               0         Blade 1 Y translation displacement, node 1, m
        120   -1.067E+01                                 F               0         Blade 1 Z translation displacement, node 1, m
        121    1.681E+01                                 F               0         Blade 1 X translation displacement, node 2, m
        122   -8.694E+00                                 F               0         Blade 1 Y translation displacement, node 2, m
        123   -1.327E+01                                 F               0         Blade 1 Z translation displacement, node 2, m
        124    1.153E+01                                 F               0         Blade 1 X translation displacement, node 3, m
        125   -1.253E+01                                 F               0         Blade 1 Y translation displacement, node 3, m
        126   -4.874E+01                                 F               0         Blade 1 Z translation displacement, node 3, m
        127    1.041E+01                                 F               0         Blade 1 X translation displacement, node 4, m
        128   -1.335E+01                                 F               0         Blade 1 Y translation displacement, node 4, m
        129   -5.630E+01                                 F               0         Blade 1 Z translation displacement, node 4, m
        130    9.285E+00                                 F               0         Blade 1 X translation displacement, node 5, m
        131   -1.417E+01                                 F               0         Blade 1 Y translation displacement, node 5, m
        132   -6.386E+01                                 F               0         Blade 1 Z translation displacement, node 5, m
        133    8.161E+00                                 F               0         Blade 1 X translation displacement, node 6, m
        134   -1.498E+01                                 F               0         Blade 1 Y translation displacement, node 6, m
        135   -7.142E+01                                 F               0         Blade 1 Z translation displacement, node 6, m
        136    7.036E+00                                 F               0         Blade 1 X translation displacement, node 7, m
        137   -1.580E+01                                 F               0         Blade 1 Y translation displacement, node 7, m
        138   -7.897E+01                                 F               0         Blade 1 Z translation displacement, node 7, m
        139    5.911E+00                                 F               0         Blade 1 X translation displacement, node 8, m
        140   -1.662E+01                                 F               0         Blade 1 Y translation displacement, node 8, m
        141   -8.653E+01                                 F               0         Blade 1 Z translation displacement, node 8, m
        142    4.787E+00                                 F               0         Blade 1 X translation displacement, node 9, m
        143   -1.744E+01                                 F               0         Blade 1 Y translation displacement, node 9, m
        144   -9.409E+01                                 F               0         Blade 1 Z translation displacement, node 9, m
        145    3.662E+00                                 F               0         Blade 1 X translation displacement, node 10, m
        146   -1.825E+01                                 F               0         Blade 1 Y translation displacement, node 10, m
        147   -1.016E+02                                 F               0         Blade 1 Z translation displacement, node 10, m
        148    2.538E+00                                 F               0         Blade 1 X translation displacement, node 11, m
        149   -1.907E+01                                 F               0         Blade 1 Y translation displacement, node 11, m
        150   -1.092E+02                                 F               0         Blade 1 Z translation displacement, node 11, m
        151    1.413E+00                                 F               0         Blade 1 X translation displacement, node 12, m
        152   -1.989E+01                                 F               0         Blade 1 Y translation displacement, node 12, m
        153   -1.168E+02                                 F               0         Blade 1 Z translation displacement, node 12, m
        154    2.885E-01                                 F               0         Blade 1 X translation displacement, node 13, m
        155   -2.071E+01                                 F               0         Blade 1 Y translation displacement, node 13, m
        156   -1.243E+02                                 F               0         Blade 1 Z translation displacement, node 13, m
        157   -8.361E-01                                 F               0         Blade 1 X translation displacement, node 14, m
        158   -2.152E+01                                 F               0         Blade 1 Y translation displacement, node 14, m
        159   -1.319E+02                                 F               0         Blade 1 Z translation displacement, node 14, m
        160   -1.961E+00                                 F               0         Blade 1 X translation displacement, node 15, m
        161   -2.234E+01                                 F               0         Blade 1 Y translation displacement, node 15, m
        162   -1.394E+02                                 F               0         Blade 1 Z translation displacement, node 15, m
        163   -3.085E+00                                 F               0         Blade 1 X translation displacement, node 16, m
        164   -2.316E+01                                 F               0         Blade 1 Y translation displacement, node 16, m
        165   -1.470E+02                                 F               0         Blade 1 Z translation displacement, node 16, m
        166   -4.210E+00                                 F               0         Blade 1 X translation displacement, node 17, m
        167   -2.398E+01                                 F               0         Blade 1 Y translation displacement, node 17, m
        168   -1.545E+02                                 F               0         Blade 1 Z translation displacement, node 17, m
        169   -5.335E+00                                 F               0         Blade 1 X translation displacement, node 18, m
        170   -2.479E+01                                 F               0         Blade 1 Y translation displacement, node 18, m
        171   -1.621E+02                                 F               0         Blade 1 Z translation displacement, node 18, m
        172   -6.459E+00                                 F               0         Blade 1 X translation displacement, node 19, m
        173   -2.561E+01                                 F               0         Blade 1 Y translation displacement, node 19, m
        174   -1.697E+02                                 F               0         Blade 1 Z translation displacement, node 19, m
        175   -7.584E+00                                 F               0         Blade 1 X translation displacement, node 20, m
        176   -2.643E+01                                 F               0         Blade 1 Y translation displacement, node 20, m
        177   -1.772E+02                                 F               0         Blade 1 Z translation displacement, node 20, m
        178   -8.708E+00                                 F               0         Blade 1 X translation displacement, node 21, m
        179   -2.725E+01                                 F               0         Blade 1 Y translation displacement, node 21, m
        180   -1.848E+02                                 F               0         Blade 1 Z translation displacement, node 21, m
        181   -9.833E+00                                 F               0         Blade 1 X translation displacement, node 22, m
        182   -2.806E+01                                 F               0         Blade 1 Y translation displacement, node 22, m
        183   -1.923E+02                                 F               0         Blade 1 Z translation displacement, node 22, m
        184   -1.096E+01                                 F               0         Blade 1 X translation displacement, node 23, m
        185   -2.888E+01                                 F               0         Blade 1 Y translation displacement, node 23, m
        186   -1.999E+02                                 F               0         Blade 1 Z translation displacement, node 23, m
        187   -1.208E+01                                 F               0         Blade 1 X translation displacement, node 24, m
        188   -2.970E+01                                 F               0         Blade 1 Y translation displacement, node 24, m
        189   -2.075E+02                                 F               0         Blade 1 Z translation displacement, node 24, m
        190   -1.321E+01                                 F               0         Blade 1 X translation displacement, node 25, m
        191   -3.052E+01                                 F               0         Blade 1 Y translation displacement, node 25, m
        192   -2.150E+02                                 F               0         Blade 1 Z translation displacement, node 25, m
        193   -1.433E+01                                 F               0         Blade 1 X translation displacement, node 26, m
        194   -3.133E+01                                 F               0         Blade 1 Y translation displacement, node 26, m
        195   -2.226E+02                                 F               0         Blade 1 Z translation displacement, node 26, m
        196   -1.546E+01                                 F               0         Blade 1 X translation displacement, node 27, m
        197   -3.215E+01                                 F               0         Blade 1 Y translation displacement, node 27, m
        198   -2.301E+02                                 F               0         Blade 1 Z translation displacement, node 27, m
        199   -1.641E+01                                 F               0         Blade 1 X translation displacement, node 28, m
        200   -3.284E+01                                 F               0         Blade 1 Y translation displacement, node 28, m
        201   -2.365E+02                                 F               0         Blade 1 Z translation displacement, node 28, m
        202    8.358E-01,  4.793E-01, -2.678E-01         F               0         Blade 1 X orientation angle, node 1, rad
        203    5.165E-01, -8.518E-01,  8.740E-02         F               0         Blade 1 Y orientation angle, node 1, rad
        204   -1.862E-01, -2.114E-01, -9.595E-01         F               0         Blade 1 Z orientation angle, node 1, rad
        205    8.358E-01,  4.793E-01, -2.678E-01         F               0         Blade 1 X orientation angle, node 2, rad
        206    5.165E-01, -8.518E-01,  8.740E-02         F               0         Blade 1 Y orientation angle, node 2, rad
        207   -1.862E-01, -2.114E-01, -9.595E-01         F               0         Blade 1 Z orientation angle, node 2, rad
        208    9.344E-01,  2.637E-01, -2.395E-01         F               0         Blade 1 X orientation angle, node 3, rad
        209    3.037E-01, -9.412E-01,  1.484E-01         F               0         Blade 1 Y orientation angle, node 3, rad
        210   -1.862E-01, -2.114E-01, -9.595E-01         F               0         Blade 1 Z orientation angle, node 3, rad
        211    9.464E-01,  2.238E-01, -2.330E-01         F               0         Blade 1 X orientation angle, node 4, rad
        212    2.639E-01, -9.515E-01,  1.584E-01         F               0         Blade 1 Y orientation angle, node 4, rad
        213   -1.862E-01, -2.114E-01, -9.595E-01         F               0         Blade 1 Z orientation angle, node 4, rad
        214    9.546E-01,  1.921E-01, -2.276E-01         F               0         Blade 1 X orientation angle, node 5, rad
        215    2.324E-01, -9.583E-01,  1.660E-01         F               0         Blade 1 Y orientation angle, node 5, rad
        216   -1.862E-01, -2.114E-01, -9.595E-01         F               0         Blade 1 Z orientation angle, node 5, rad
        217    9.604E-01,  1.666E-01, -2.231E-01         F               0         Blade 1 X orientation angle, node 6, rad
        218    2.070E-01, -9.631E-01,  1.720E-01         F               0         Blade 1 Y orientation angle, node 6, rad
        219   -1.862E-01, -2.114E-01, -9.595E-01         F               0         Blade 1 Z orientation angle, node 6, rad
        220    9.647E-01,  1.455E-01, -2.193E-01         F               0         Blade 1 X orientation angle, node 7, rad
        221    1.860E-01, -9.665E-01,  1.768E-01         F               0         Blade 1 Y orientation angle, node 7, rad
        222   -1.862E-01, -2.114E-01, -9.595E-01         F               0         Blade 1 Z orientation angle, node 7, rad
        223    9.680E-01,  1.280E-01, -2.161E-01         F               0         Blade 1 X orientation angle, node 8, rad
        224    1.685E-01, -9.690E-01,  1.808E-01         F               0         Blade 1 Y orientation angle, node 8, rad
        225   -1.862E-01, -2.114E-01, -9.595E-01         F               0         Blade 1 Z orientation angle, node 8, rad
        226    9.704E-01,  1.131E-01, -2.133E-01         F               0         Blade 1 X orientation angle, node 9, rad
        227    1.536E-01, -9.708E-01,  1.841E-01         F               0         Blade 1 Y orientation angle, node 9, rad
        228   -1.862E-01, -2.114E-01, -9.595E-01         F               0         Blade 1 Z orientation angle, node 9, rad
        229    9.724E-01,  1.002E-01, -2.108E-01         F               0         Blade 1 X orientation angle, node 10, rad
        230    1.407E-01, -9.723E-01,  1.869E-01         F               0         Blade 1 Y orientation angle, node 10, rad
        231   -1.862E-01, -2.114E-01, -9.595E-01         F               0         Blade 1 Z orientation angle, node 10, rad
        232    9.739E-01,  8.916E-02, -2.087E-01         F               0         Blade 1 X orientation angle, node 11, rad
        233    1.297E-01, -9.733E-01,  1.892E-01         F               0         Blade 1 Y orientation angle, node 11, rad
        234   -1.862E-01, -2.114E-01, -9.595E-01         F               0         Blade 1 Z orientation angle, node 11, rad
        235    9.752E-01,  7.947E-02, -2.068E-01         F               0         Blade 1 X orientation angle, node 12, rad
        236    1.200E-01, -9.742E-01,  1.913E-01         F               0         Blade 1 Y orientation angle, node 12, rad
        237   -1.862E-01, -2.114E-01, -9.595E-01         F               0         Blade 1 Z orientation angle, node 12, rad
        238    9.762E-01,  7.096E-02, -2.051E-01         F               0         Blade 1 X orientation angle, node 13, rad
        239    1.114E-01, -9.748E-01,  1.931E-01         F               0         Blade 1 Y orientation angle, node 13, rad
        240   -1.862E-01, -2.114E-01, -9.595E-01         F               0         Blade 1 Z orientation angle, node 13, rad
        241    9.770E-01,  6.331E-02, -2.036E-01         F               0         Blade 1 X orientation angle, node 14, rad
        242    1.038E-01, -9.754E-01,  1.947E-01         F               0         Blade 1 Y orientation angle, node 14, rad
        243   -1.862E-01, -2.114E-01, -9.595E-01         F               0         Blade 1 Z orientation angle, node 14, rad
        244    9.777E-01,  5.650E-02, -2.022E-01         F               0         Blade 1 X orientation angle, node 15, rad
        245    9.695E-02, -9.758E-01,  1.961E-01         F               0         Blade 1 Y orientation angle, node 15, rad
        246   -1.862E-01, -2.114E-01, -9.595E-01         F               0         Blade 1 Z orientation angle, node 15, rad
        247    9.783E-01,  5.036E-02, -2.010E-01         F               0         Blade 1 X orientation angle, node 16, rad
        248    9.081E-02, -9.761E-01,  1.974E-01         F               0         Blade 1 Y orientation angle, node 16, rad
        249   -1.862E-01, -2.114E-01, -9.595E-01         F               0         Blade 1 Z orientation angle, node 16, rad
        250    9.788E-01,  4.491E-02, -1.999E-01         F               0         Blade 1 X orientation angle, node 17, rad
        251    8.534E-02, -9.764E-01,  1.985E-01         F               0         Blade 1 Y orientation angle, node 17, rad
        252   -1.862E-01, -2.114E-01, -9.595E-01         F               0         Blade 1 Z orientation angle, node 17, rad
        253    9.792E-01,  3.980E-02, -1.988E-01         F               0         Blade 1 X orientation angle, node 18, rad
        254    8.021E-02, -9.766E-01,  1.996E-01         F               0         Blade 1 Y orientation angle, node 18, rad
        255   -1.862E-01, -2.114E-01, -9.595E-01         F               0         Blade 1 Z orientation angle, node 18, rad
        256    9.796E-01,  3.520E-02, -1.979E-01         F               0         Blade 1 X orientation angle, node 19, rad
        257    7.560E-02, -9.768E-01,  2.005E-01         F               0         Blade 1 Y orientation angle, node 19, rad
        258   -1.862E-01, -2.114E-01, -9.595E-01         F               0         Blade 1 Z orientation angle, node 19, rad
        259    9.799E-01,  3.110E-02, -1.971E-01         F               0         Blade 1 X orientation angle, node 20, rad
        260    7.149E-02, -9.769E-01,  2.013E-01         F               0         Blade 1 Y orientation angle, node 20, rad
        261   -1.862E-01, -2.114E-01, -9.595E-01         F               0         Blade 1 Z orientation angle, node 20, rad
        262    9.802E-01,  2.718E-02, -1.962E-01         F               0         Blade 1 X orientation angle, node 21, rad
        263    6.756E-02, -9.770E-01,  2.021E-01         F               0         Blade 1 Y orientation angle, node 21, rad
        264   -1.862E-01, -2.114E-01, -9.595E-01         F               0         Blade 1 Z orientation angle, node 21, rad
        265    9.804E-01,  2.360E-02, -1.955E-01         F               0         Blade 1 X orientation angle, node 22, rad
        266    6.397E-02, -9.771E-01,  2.028E-01         F               0         Blade 1 Y orientation angle, node 22, rad
        267   -1.862E-01, -2.114E-01, -9.595E-01         F               0         Blade 1 Z orientation angle, node 22, rad
        268    9.806E-01,  2.036E-02, -1.948E-01         F               0         Blade 1 X orientation angle, node 23, rad
        269    6.072E-02, -9.772E-01,  2.035E-01         F               0         Blade 1 Y orientation angle, node 23, rad
        270   -1.862E-01, -2.114E-01, -9.595E-01         F               0         Blade 1 Z orientation angle, node 23, rad
        271    9.808E-01,  1.729E-02, -1.942E-01         F               0         Blade 1 X orientation angle, node 24, rad
        272    5.763E-02, -9.773E-01,  2.041E-01         F               0         Blade 1 Y orientation angle, node 24, rad
        273   -1.862E-01, -2.114E-01, -9.595E-01         F               0         Blade 1 Z orientation angle, node 24, rad
        274    9.810E-01,  1.439E-02, -1.936E-01         F               0         Blade 1 X orientation angle, node 25, rad
        275    5.472E-02, -9.773E-01,  2.047E-01         F               0         Blade 1 Y orientation angle, node 25, rad
        276   -1.862E-01, -2.114E-01, -9.595E-01         F               0         Blade 1 Z orientation angle, node 25, rad
        277    9.811E-01,  1.183E-02, -1.930E-01         F               0         Blade 1 X orientation angle, node 26, rad
        278    5.216E-02, -9.773E-01,  2.052E-01         F               0         Blade 1 Y orientation angle, node 26, rad
        279   -1.862E-01, -2.114E-01, -9.595E-01         F               0         Blade 1 Z orientation angle, node 26, rad
        280    9.813E-01,  9.273E-03, -1.925E-01         F               0         Blade 1 X orientation angle, node 27, rad
        281    4.959E-02, -9.774E-01,  2.057E-01         F               0         Blade 1 Y orientation angle, node 27, rad
        282   -1.862E-01, -2.114E-01, -9.595E-01         F               0         Blade 1 Z orientation angle, node 27, rad
        283    9.813E-01,  7.909E-03, -1.922E-01         F               0         Blade 1 X orientation angle, node 28, rad
        284    4.822E-02, -9.774E-01,  2.059E-01         F               0         Blade 1 Y orientation angle, node 28, rad
        285   -1.862E-01, -2.114E-01, -9.595E-01         F               0         Blade 1 Z orientation angle, node 28, rad
        286   -1.936E-01                                 F               0         Blade 1 X translation velocity, node 1, m/s
        287    3.834E+00                                 F               0         Blade 1 Y translation velocity, node 1, m/s
        288   -8.091E-01                                 F               0         Blade 1 Z translation velocity, node 1, m/s
        289   -2.403E-01                                 F               0         Blade 1 X translation velocity, node 2, m/s
        290    4.757E+00                                 F               0         Blade 1 Y translation velocity, node 2, m/s
        291   -1.003E+00                                 F               0         Blade 1 Z translation velocity, node 2, m/s
        292   -8.751E-01                                 F               0         Blade 1 X translation velocity, node 3, m/s
        293    1.731E+01                                 F               0         Blade 1 Y translation velocity, node 3, m/s
        294   -3.646E+00                                 F               0         Blade 1 Z translation velocity, node 3, m/s
        295   -1.010E+00                                 F               0         Blade 1 X translation velocity, node 4, m/s
        296    1.999E+01                                 F               0         Blade 1 Y translation velocity, node 4, m/s
        297   -4.209E+00                                 F               0         Blade 1 Z translation velocity, node 4, m/s
        298   -1.146E+00                                 F               0         Blade 1 X translation velocity, node 5, m/s
        299    2.266E+01                                 F               0         Blade 1 Y translation velocity, node 5, m/s
        300   -4.772E+00                                 F               0         Blade 1 Z translation velocity, node 5, m/s
        301   -1.281E+00                                 F               0         Blade 1 X translation velocity, node 6, m/s
        302    2.534E+01                                 F               0         Blade 1 Y translation velocity, node 6, m/s
        303   -5.335E+00                                 F               0         Blade 1 Z translation velocity, node 6, m/s
        304   -1.416E+00                                 F               0         Blade 1 X translation velocity, node 7, m/s
        305    2.801E+01                                 F               0         Blade 1 Y translation velocity, node 7, m/s
        306   -5.898E+00                                 F               0         Blade 1 Z translation velocity, node 7, m/s
        307   -1.551E+00                                 F               0         Blade 1 X translation velocity, node 8, m/s
