
Linearized model: Predictions were generated on 08-Jan-2024 at 09:43:14 using OpenFAST, compiled as a 64-bit application using single precision at commit v3.5.1
 linked with  NWTC Subroutine Library; ElastoDyn; InflowWind; AeroDyn; ServoDyn; HydroDyn; MoorDyn (v2.0.0, 2023-09-18)

Description from the FAST input file: CCT-9 Campign 4 model. Input files to be run with OpenFAST 3.5.0. GitHub branch from Lu Wang (https://github.com/luwang00/openfast/tree/dev) compiled on March 7, 2023.

Simulation information:
   Simulation time:                  1003.9750 s
   Rotor Speed:                         0.7075 rad/s
   Azimuth:                             1.9992 rad
   Wind Speed:                          8.0000 m/s
   Number of continuous states:         0
   Number of discrete states:           0
   Number of constraint states:         0
   Number of inputs:                 1746
   Number of outputs:                   4
   Jacobians included in this file?    No

Order of inputs:
     Column   Operating Point                     Rotating Frame? Derivative Order Description
   ---------- ---------------                     --------------- ---------------- -----------
          1    7.250E+00                                 F               0         Tower X translation displacement, node 1, m
          2   -1.277E+00                                 F               0         Tower Y translation displacement, node 1, m
          3   -1.570E-01                                 F               0         Tower Z translation displacement, node 1, m
          4    8.293E+00                                 F               0         Tower X translation displacement, node 2, m
          5   -1.818E+00                                 F               0         Tower Y translation displacement, node 2, m
          6   -2.129E-01                                 F               0         Tower Z translation displacement, node 2, m
          7    9.350E+00                                 F               0         Tower X translation displacement, node 3, m
          8   -2.365E+00                                 F               0         Tower Y translation displacement, node 3, m
          9   -2.704E-01                                 F               0         Tower Z translation displacement, node 3, m
         10    1.042E+01                                 F               0         Tower X translation displacement, node 4, m
         11   -2.916E+00                                 F               0         Tower Y translation displacement, node 4, m
         12   -3.291E-01                                 F               0         Tower Z translation displacement, node 4, m
         13    1.150E+01                                 F               0         Tower X translation displacement, node 5, m
         14   -3.470E+00                                 F               0         Tower Y translation displacement, node 5, m
         15   -3.888E-01                                 F               0         Tower Z translation displacement, node 5, m
         16    1.259E+01                                 F               0         Tower X translation displacement, node 6, m
         17   -4.027E+00                                 F               0         Tower Y translation displacement, node 6, m
         18   -4.493E-01                                 F               0         Tower Z translation displacement, node 6, m
         19    1.368E+01                                 F               0         Tower X translation displacement, node 7, m
         20   -4.587E+00                                 F               0         Tower Y translation displacement, node 7, m
         21   -5.103E-01                                 F               0         Tower Z translation displacement, node 7, m
         22    1.477E+01                                 F               0         Tower X translation displacement, node 8, m
         23   -5.148E+00                                 F               0         Tower Y translation displacement, node 8, m
         24   -5.718E-01                                 F               0         Tower Z translation displacement, node 8, m
         25    1.587E+01                                 F               0         Tower X translation displacement, node 9, m
         26   -5.711E+00                                 F               0         Tower Y translation displacement, node 9, m
         27   -6.336E-01                                 F               0         Tower Z translation displacement, node 9, m
         28    1.697E+01                                 F               0         Tower X translation displacement, node 10, m
         29   -6.275E+00                                 F               0         Tower Y translation displacement, node 10, m
         30   -6.955E-01                                 F               0         Tower Z translation displacement, node 10, m
         31    1.807E+01                                 F               0         Tower X translation displacement, node 11, m
         32   -6.840E+00                                 F               0         Tower Y translation displacement, node 11, m
         33   -7.576E-01                                 F               0         Tower Z translation displacement, node 11, m
         34    9.965E-01,  4.115E-03, -8.373E-02         F               0         Tower X orientation angle, node 1, rad
         35   -4.418E-04,  9.990E-01,  4.384E-02         F               0         Tower Y orientation angle, node 1, rad
         36    8.383E-02, -4.365E-02,  9.955E-01         F               0         Tower Z orientation angle, node 1, rad
         37    9.964E-01,  4.168E-03, -8.494E-02         F               0         Tower X orientation angle, node 2, rad
         38   -4.081E-04,  9.990E-01,  4.424E-02         F               0         Tower Y orientation angle, node 2, rad
         39    8.504E-02, -4.405E-02,  9.954E-01         F               0         Tower Z orientation angle, node 2, rad
         40    9.963E-01,  4.215E-03, -8.598E-02         F               0         Tower X orientation angle, node 3, rad
         41   -3.774E-04,  9.990E-01,  4.460E-02         F               0         Tower Y orientation angle, node 3, rad
         42    8.608E-02, -4.440E-02,  9.953E-01         F               0         Tower Z orientation angle, node 3, rad
         43    9.962E-01,  4.253E-03, -8.683E-02         F               0         Tower X orientation angle, node 4, rad
         44   -3.503E-04,  9.990E-01,  4.491E-02         F               0         Tower Y orientation angle, node 4, rad
         45    8.694E-02, -4.471E-02,  9.952E-01         F               0         Tower Z orientation angle, node 4, rad
         46    9.962E-01,  4.284E-03, -8.752E-02         F               0         Tower X orientation angle, node 5, rad
         47   -3.269E-04,  9.990E-01,  4.518E-02         F               0         Tower Y orientation angle, node 5, rad
         48    8.762E-02, -4.498E-02,  9.951E-01         F               0         Tower Z orientation angle, node 5, rad
         49    9.961E-01,  4.308E-03, -8.804E-02         F               0         Tower X orientation angle, node 6, rad
         50   -3.072E-04,  9.990E-01,  4.540E-02         F               0         Tower Y orientation angle, node 6, rad
         51    8.814E-02, -4.520E-02,  9.951E-01         F               0         Tower Z orientation angle, node 6, rad
         52    9.961E-01,  4.325E-03, -8.841E-02         F               0         Tower X orientation angle, node 7, rad
         53   -2.914E-04,  9.990E-01,  4.558E-02         F               0         Tower Y orientation angle, node 7, rad
         54    8.852E-02, -4.538E-02,  9.950E-01         F               0         Tower Z orientation angle, node 7, rad
         55    9.961E-01,  4.337E-03, -8.867E-02         F               0         Tower X orientation angle, node 8, rad
         56   -2.791E-04,  9.990E-01,  4.572E-02         F               0         Tower Y orientation angle, node 8, rad
         57    8.877E-02, -4.552E-02,  9.950E-01         F               0         Tower Z orientation angle, node 8, rad
         58    9.960E-01,  4.344E-03, -8.883E-02         F               0         Tower X orientation angle, node 9, rad
         59   -2.700E-04,  9.989E-01,  4.582E-02         F               0         Tower Y orientation angle, node 9, rad
         60    8.894E-02, -4.562E-02,  9.950E-01         F               0         Tower Z orientation angle, node 9, rad
         61    9.960E-01,  4.348E-03, -8.892E-02         F               0         Tower X orientation angle, node 10, rad
         62   -2.642E-04,  9.989E-01,  4.589E-02         F               0         Tower Y orientation angle, node 10, rad
         63    8.903E-02, -4.568E-02,  9.950E-01         F               0         Tower Z orientation angle, node 10, rad
         64    9.960E-01,  4.350E-03, -8.896E-02         F               0         Tower X orientation angle, node 11, rad
         65   -2.609E-04,  9.989E-01,  4.593E-02         F               0         Tower Y orientation angle, node 11, rad
         66    8.907E-02, -4.572E-02,  9.950E-01         F               0         Tower Z orientation angle, node 11, rad
         67   -1.892E-05                                 F               0         Tower X translation velocity, node 1, m/s
         68    6.762E-04                                 F               0         Tower Y translation velocity, node 1, m/s
         69   -3.087E-03                                 F               0         Tower Z translation velocity, node 1, m/s
         70    2.648E-05                                 F               0         Tower X translation velocity, node 2, m/s
         71    1.141E-03                                 F               0         Tower Y translation velocity, node 2, m/s
         72   -3.071E-03                                 F               0         Tower Z translation velocity, node 2, m/s
         73    6.036E-05                                 F               0         Tower X translation velocity, node 3, m/s
         74    1.600E-03                                 F               0         Tower Y translation velocity, node 3, m/s
         75   -3.053E-03                                 F               0         Tower Z translation velocity, node 3, m/s
         76    8.316E-05                                 F               0         Tower X translation velocity, node 4, m/s
         77    2.055E-03                                 F               0         Tower Y translation velocity, node 4, m/s
         78   -3.035E-03                                 F               0         Tower Z translation velocity, node 4, m/s
         79    9.448E-05                                 F               0         Tower X translation velocity, node 5, m/s
         80    2.505E-03                                 F               0         Tower Y translation velocity, node 5, m/s
         81   -3.016E-03                                 F               0         Tower Z translation velocity, node 5, m/s
         82    9.428E-05                                 F               0         Tower X translation velocity, node 6, m/s
         83    2.950E-03                                 F               0         Tower Y translation velocity, node 6, m/s
         84   -2.995E-03                                 F               0         Tower Z translation velocity, node 6, m/s
         85    8.380E-05                                 F               0         Tower X translation velocity, node 7, m/s
         86    3.393E-03                                 F               0         Tower Y translation velocity, node 7, m/s
         87   -2.974E-03                                 F               0         Tower Z translation velocity, node 7, m/s
         88    6.296E-05                                 F               0         Tower X translation velocity, node 8, m/s
         89    3.831E-03                                 F               0         Tower Y translation velocity, node 8, m/s
         90   -2.952E-03                                 F               0         Tower Z translation velocity, node 8, m/s
         91    3.317E-05                                 F               0         Tower X translation velocity, node 9, m/s
         92    4.267E-03                                 F               0         Tower Y translation velocity, node 9, m/s
         93   -2.930E-03                                 F               0         Tower Z translation velocity, node 9, m/s
         94   -3.641E-06                                 F               0         Tower X translation velocity, node 10, m/s
         95    4.701E-03                                 F               0         Tower Y translation velocity, node 10, m/s
         96   -2.907E-03                                 F               0         Tower Z translation velocity, node 10, m/s
         97   -4.520E-05                                 F               0         Tower X translation velocity, node 11, m/s
         98    5.133E-03                                 F               0         Tower Y translation velocity, node 11, m/s
         99   -2.883E-03                                 F               0         Tower Z translation velocity, node 11, m/s
        100    1.881E+01                                 F               0         Hub X translation displacement, node 1, m
        101   -7.246E+00                                 F               0         Hub Y translation displacement, node 1, m
        102    1.638E-01                                 F               0         Hub Z translation displacement, node 1, m
        103    9.813E-01,  9.105E-03, -1.925E-01         F               0         Hub X orientation angle, node 1, rad
        104    1.754E-01, -4.559E-01,  8.726E-01         F               0         Hub Y orientation angle, node 1, rad
        105   -7.980E-02, -8.900E-01, -4.489E-01         F               0         Hub Z orientation angle, node 1, rad
        106    6.942E-01                                 F               0         Hub X rotation velocity, node 1, rad/s
        107    6.438E-03                                 F               0         Hub Y rotation velocity, node 1, rad/s
        108   -1.362E-01                                 F               0         Hub Z rotation velocity, node 1, rad/s
        109    9.756E-01,  2.263E-02, -2.183E-01         F               0         Blade root 1 X orientation angle, node 1, rad
        110    2.044E-01, -4.554E-01,  8.665E-01         F               0         Blade root 1 Y orientation angle, node 1, rad
        111   -7.980E-02, -8.900E-01, -4.489E-01         F               0         Blade root 1 Z orientation angle, node 1, rad
        112    9.855E-01,  2.520E-02, -1.679E-01         F               0         Blade root 2 X orientation angle, node 1, rad
        113   -1.276E-01, -5.423E-01, -8.304E-01         F               0         Blade root 2 Y orientation angle, node 1, rad
        114   -1.120E-01,  8.398E-01, -5.312E-01         F               0         Blade root 2 Z orientation angle, node 1, rad
        115    9.814E-01, -2.053E-02, -1.910E-01         F               0         Blade root 3 X orientation angle, node 1, rad
        116    1.054E-02,  9.985E-01, -5.318E-02         F               0         Blade root 3 Y orientation angle, node 1, rad
        117    1.918E-01,  5.018E-02,  9.802E-01         F               0         Blade root 3 Z orientation angle, node 1, rad
        118    1.779E+01                                 F               0         Blade 1 X translation displacement, node 1, m
        119   -1.218E+01                                 F               0         Blade 1 Y translation displacement, node 1, m
        120   -7.833E+00                                 F               0         Blade 1 Z translation displacement, node 1, m
        121    1.754E+01                                 F               0         Blade 1 X translation displacement, node 2, m
        122   -1.336E+01                                 F               0         Blade 1 Y translation displacement, node 2, m
        123   -9.760E+00                                 F               0         Blade 1 Z translation displacement, node 2, m
        124    1.420E+01                                 F               0         Blade 1 X translation displacement, node 3, m
        125   -2.952E+01                                 F               0         Blade 1 Y translation displacement, node 3, m
        126   -3.596E+01                                 F               0         Blade 1 Z translation displacement, node 3, m
        127    1.349E+01                                 F               0         Blade 1 X translation displacement, node 4, m
        128   -3.296E+01                                 F               0         Blade 1 Y translation displacement, node 4, m
        129   -4.155E+01                                 F               0         Blade 1 Z translation displacement, node 4, m
        130    1.277E+01                                 F               0         Blade 1 X translation displacement, node 5, m
        131   -3.640E+01                                 F               0         Blade 1 Y translation displacement, node 5, m
        132   -4.713E+01                                 F               0         Blade 1 Z translation displacement, node 5, m
        133    1.206E+01                                 F               0         Blade 1 X translation displacement, node 6, m
        134   -3.985E+01                                 F               0         Blade 1 Y translation displacement, node 6, m
        135   -5.271E+01                                 F               0         Blade 1 Z translation displacement, node 6, m
        136    1.135E+01                                 F               0         Blade 1 X translation displacement, node 7, m
        137   -4.329E+01                                 F               0         Blade 1 Y translation displacement, node 7, m
        138   -5.829E+01                                 F               0         Blade 1 Z translation displacement, node 7, m
        139    1.063E+01                                 F               0         Blade 1 X translation displacement, node 8, m
        140   -4.673E+01                                 F               0         Blade 1 Y translation displacement, node 8, m
        141   -6.388E+01                                 F               0         Blade 1 Z translation displacement, node 8, m
        142    9.921E+00                                 F               0         Blade 1 X translation displacement, node 9, m
        143   -5.017E+01                                 F               0         Blade 1 Y translation displacement, node 9, m
        144   -6.946E+01                                 F               0         Blade 1 Z translation displacement, node 9, m
        145    9.208E+00                                 F               0         Blade 1 X translation displacement, node 10, m
        146   -5.362E+01                                 F               0         Blade 1 Y translation displacement, node 10, m
        147   -7.504E+01                                 F               0         Blade 1 Z translation displacement, node 10, m
        148    8.495E+00                                 F               0         Blade 1 X translation displacement, node 11, m
        149   -5.706E+01                                 F               0         Blade 1 Y translation displacement, node 11, m
        150   -8.063E+01                                 F               0         Blade 1 Z translation displacement, node 11, m
        151    7.782E+00                                 F               0         Blade 1 X translation displacement, node 12, m
        152   -6.050E+01                                 F               0         Blade 1 Y translation displacement, node 12, m
        153   -8.621E+01                                 F               0         Blade 1 Z translation displacement, node 12, m
        154    7.069E+00                                 F               0         Blade 1 X translation displacement, node 13, m
        155   -6.394E+01                                 F               0         Blade 1 Y translation displacement, node 13, m
        156   -9.179E+01                                 F               0         Blade 1 Z translation displacement, node 13, m
        157    6.356E+00                                 F               0         Blade 1 X translation displacement, node 14, m
        158   -6.738E+01                                 F               0         Blade 1 Y translation displacement, node 14, m
        159   -9.737E+01                                 F               0         Blade 1 Z translation displacement, node 14, m
        160    5.643E+00                                 F               0         Blade 1 X translation displacement, node 15, m
        161   -7.083E+01                                 F               0         Blade 1 Y translation displacement, node 15, m
        162   -1.030E+02                                 F               0         Blade 1 Z translation displacement, node 15, m
        163    4.930E+00                                 F               0         Blade 1 X translation displacement, node 16, m
        164   -7.427E+01                                 F               0         Blade 1 Y translation displacement, node 16, m
        165   -1.085E+02                                 F               0         Blade 1 Z translation displacement, node 16, m
        166    4.217E+00                                 F               0         Blade 1 X translation displacement, node 17, m
        167   -7.771E+01                                 F               0         Blade 1 Y translation displacement, node 17, m
        168   -1.141E+02                                 F               0         Blade 1 Z translation displacement, node 17, m
        169    3.504E+00                                 F               0         Blade 1 X translation displacement, node 18, m
        170   -8.115E+01                                 F               0         Blade 1 Y translation displacement, node 18, m
        171   -1.197E+02                                 F               0         Blade 1 Z translation displacement, node 18, m
        172    2.791E+00                                 F               0         Blade 1 X translation displacement, node 19, m
        173   -8.460E+01                                 F               0         Blade 1 Y translation displacement, node 19, m
        174   -1.253E+02                                 F               0         Blade 1 Z translation displacement, node 19, m
        175    2.079E+00                                 F               0         Blade 1 X translation displacement, node 20, m
        176   -8.804E+01                                 F               0         Blade 1 Y translation displacement, node 20, m
        177   -1.309E+02                                 F               0         Blade 1 Z translation displacement, node 20, m
        178    1.366E+00                                 F               0         Blade 1 X translation displacement, node 21, m
        179   -9.148E+01                                 F               0         Blade 1 Y translation displacement, node 21, m
        180   -1.365E+02                                 F               0         Blade 1 Z translation displacement, node 21, m
        181    6.526E-01                                 F               0         Blade 1 X translation displacement, node 22, m
        182   -9.492E+01                                 F               0         Blade 1 Y translation displacement, node 22, m
        183   -1.420E+02                                 F               0         Blade 1 Z translation displacement, node 22, m
        184   -6.031E-02                                 F               0         Blade 1 X translation displacement, node 23, m
        185   -9.836E+01                                 F               0         Blade 1 Y translation displacement, node 23, m
        186   -1.476E+02                                 F               0         Blade 1 Z translation displacement, node 23, m
        187   -7.732E-01                                 F               0         Blade 1 X translation displacement, node 24, m
        188   -1.018E+02                                 F               0         Blade 1 Y translation displacement, node 24, m
        189   -1.532E+02                                 F               0         Blade 1 Z translation displacement, node 24, m
        190   -1.486E+00                                 F               0         Blade 1 X translation displacement, node 25, m
        191   -1.052E+02                                 F               0         Blade 1 Y translation displacement, node 25, m
        192   -1.588E+02                                 F               0         Blade 1 Z translation displacement, node 25, m
        193   -2.199E+00                                 F               0         Blade 1 X translation displacement, node 26, m
        194   -1.087E+02                                 F               0         Blade 1 Y translation displacement, node 26, m
        195   -1.644E+02                                 F               0         Blade 1 Z translation displacement, node 26, m
        196   -2.912E+00                                 F               0         Blade 1 X translation displacement, node 27, m
        197   -1.121E+02                                 F               0         Blade 1 Y translation displacement, node 27, m
        198   -1.700E+02                                 F               0         Blade 1 Z translation displacement, node 27, m
        199   -3.516E+00                                 F               0         Blade 1 X translation displacement, node 28, m
        200   -1.151E+02                                 F               0         Blade 1 Y translation displacement, node 28, m
        201   -1.747E+02                                 F               0         Blade 1 Z translation displacement, node 28, m
        202    7.751E-01,  2.278E-01, -5.894E-01         F               0         Blade 1 X orientation angle, node 1, rad
        203    6.268E-01, -3.950E-01,  6.716E-01         F               0         Blade 1 Y orientation angle, node 1, rad
        204   -7.980E-02, -8.900E-01, -4.489E-01         F               0         Blade 1 Z orientation angle, node 1, rad
        205    7.751E-01,  2.278E-01, -5.894E-01         F               0         Blade 1 X orientation angle, node 2, rad
        206    6.268E-01, -3.950E-01,  6.716E-01         F               0         Blade 1 Y orientation angle, node 2, rad
        207   -7.980E-02, -8.900E-01, -4.489E-01         F               0         Blade 1 Z orientation angle, node 2, rad
        208    9.015E-01,  1.277E-01, -4.134E-01         F               0         Blade 1 X orientation angle, node 3, rad
        209    4.253E-01, -4.377E-01,  7.922E-01         F               0         Blade 1 Y orientation angle, node 3, rad
        210   -7.980E-02, -8.900E-01, -4.489E-01         F               0         Blade 1 Z orientation angle, node 3, rad
        211    9.187E-01,  1.091E-01, -3.796E-01         F               0         Blade 1 X orientation angle, node 4, rad
        212    3.868E-01, -4.427E-01,  8.089E-01         F               0         Blade 1 Y orientation angle, node 4, rad
        213   -7.980E-02, -8.900E-01, -4.489E-01         F               0         Blade 1 Z orientation angle, node 4, rad
        214    9.310E-01,  9.437E-02, -3.526E-01         F               0         Blade 1 X orientation angle, node 5, rad
        215    3.562E-01, -4.461E-01,  8.211E-01         F               0         Blade 1 Y orientation angle, node 5, rad
        216   -7.980E-02, -8.900E-01, -4.489E-01         F               0         Blade 1 Z orientation angle, node 5, rad
        217    9.401E-01,  8.250E-02, -3.307E-01         F               0         Blade 1 X orientation angle, node 6, rad
        218    3.313E-01, -4.485E-01,  8.301E-01         F               0         Blade 1 Y orientation angle, node 6, rad
        219   -7.980E-02, -8.900E-01, -4.489E-01         F               0         Blade 1 Z orientation angle, node 6, rad
        220    9.471E-01,  7.270E-02, -3.125E-01         F               0         Blade 1 X orientation angle, node 7, rad
        221    3.107E-01, -4.502E-01,  8.371E-01         F               0         Blade 1 Y orientation angle, node 7, rad
        222   -7.980E-02, -8.900E-01, -4.489E-01         F               0         Blade 1 Z orientation angle, node 7, rad
        223    9.526E-01,  6.452E-02, -2.972E-01         F               0         Blade 1 X orientation angle, node 8, rad
        224    2.935E-01, -4.514E-01,  8.427E-01         F               0         Blade 1 Y orientation angle, node 8, rad
        225   -7.980E-02, -8.900E-01, -4.489E-01         F               0         Blade 1 Z orientation angle, node 8, rad
        226    9.570E-01,  5.758E-02, -2.843E-01         F               0         Blade 1 X orientation angle, node 9, rad
        227    2.788E-01, -4.523E-01,  8.471E-01         F               0         Blade 1 Y orientation angle, node 9, rad
        228   -7.980E-02, -8.900E-01, -4.489E-01         F               0         Blade 1 Z orientation angle, node 9, rad
        229    9.606E-01,  5.157E-02, -2.730E-01         F               0         Blade 1 X orientation angle, node 10, rad
        230    2.661E-01, -4.531E-01,  8.508E-01         F               0         Blade 1 Y orientation angle, node 10, rad
        231   -7.980E-02, -8.900E-01, -4.489E-01         F               0         Blade 1 Z orientation angle, node 10, rad
        232    9.636E-01,  4.643E-02, -2.633E-01         F               0         Blade 1 X orientation angle, node 11, rad
        233    2.552E-01, -4.536E-01,  8.539E-01         F               0         Blade 1 Y orientation angle, node 11, rad
        234   -7.980E-02, -8.900E-01, -4.489E-01         F               0         Blade 1 Z orientation angle, node 11, rad
        235    9.661E-01,  4.192E-02, -2.548E-01         F               0         Blade 1 X orientation angle, node 12, rad
        236    2.456E-01, -4.541E-01,  8.565E-01         F               0         Blade 1 Y orientation angle, node 12, rad
        237   -7.980E-02, -8.900E-01, -4.489E-01         F               0         Blade 1 Z orientation angle, node 12, rad
        238    9.682E-01,  3.795E-02, -2.473E-01         F               0         Blade 1 X orientation angle, node 13, rad
        239    2.372E-01, -4.544E-01,  8.586E-01         F               0         Blade 1 Y orientation angle, node 13, rad
        240   -7.980E-02, -8.900E-01, -4.489E-01         F               0         Blade 1 Z orientation angle, node 13, rad
        241    9.700E-01,  3.438E-02, -2.406E-01         F               0         Blade 1 X orientation angle, node 14, rad
        242    2.296E-01, -4.547E-01,  8.606E-01         F               0         Blade 1 Y orientation angle, node 14, rad
        243   -7.980E-02, -8.900E-01, -4.489E-01         F               0         Blade 1 Z orientation angle, node 14, rad
        244    9.716E-01,  3.121E-02, -2.346E-01         F               0         Blade 1 X orientation angle, node 15, rad
        245    2.228E-01, -4.549E-01,  8.622E-01         F               0         Blade 1 Y orientation angle, node 15, rad
        246   -7.980E-02, -8.900E-01, -4.489E-01         F               0         Blade 1 Z orientation angle, node 15, rad
        247    9.730E-01,  2.835E-02, -2.291E-01         F               0         Blade 1 X orientation angle, node 16, rad
        248    2.167E-01, -4.551E-01,  8.637E-01         F               0         Blade 1 Y orientation angle, node 16, rad
        249   -7.980E-02, -8.900E-01, -4.489E-01         F               0         Blade 1 Z orientation angle, node 16, rad
        250    9.742E-01,  2.581E-02, -2.243E-01         F               0         Blade 1 X orientation angle, node 17, rad
        251    2.112E-01, -4.553E-01,  8.649E-01         F               0         Blade 1 Y orientation angle, node 17, rad
        252   -7.980E-02, -8.900E-01, -4.489E-01         F               0         Blade 1 Z orientation angle, node 17, rad
        253    9.753E-01,  2.342E-02, -2.198E-01         F               0         Blade 1 X orientation angle, node 18, rad
        254    2.061E-01, -4.554E-01,  8.661E-01         F               0         Blade 1 Y orientation angle, node 18, rad
        255   -7.980E-02, -8.900E-01, -4.489E-01         F               0         Blade 1 Z orientation angle, node 18, rad
        256    9.762E-01,  2.127E-02, -2.157E-01         F               0         Blade 1 X orientation angle, node 19, rad
        257    2.015E-01, -4.555E-01,  8.671E-01         F               0         Blade 1 Y orientation angle, node 19, rad
        258   -7.980E-02, -8.900E-01, -4.489E-01         F               0         Blade 1 Z orientation angle, node 19, rad
        259    9.771E-01,  1.937E-02, -2.121E-01         F               0         Blade 1 X orientation angle, node 20, rad
        260    1.974E-01, -4.556E-01,  8.680E-01         F               0         Blade 1 Y orientation angle, node 20, rad
        261   -7.980E-02, -8.900E-01, -4.489E-01         F               0         Blade 1 Z orientation angle, node 20, rad
        262    9.778E-01,  1.754E-02, -2.086E-01         F               0         Blade 1 X orientation angle, node 21, rad
        263    1.935E-01, -4.557E-01,  8.689E-01         F               0         Blade 1 Y orientation angle, node 21, rad
        264   -7.980E-02, -8.900E-01, -4.489E-01         F               0         Blade 1 Z orientation angle, node 21, rad
        265    9.785E-01,  1.587E-02, -2.054E-01         F               0         Blade 1 X orientation angle, node 22, rad
        266    1.899E-01, -4.557E-01,  8.696E-01         F               0         Blade 1 Y orientation angle, node 22, rad
        267   -7.980E-02, -8.900E-01, -4.489E-01         F               0         Blade 1 Z orientation angle, node 22, rad
        268    9.792E-01,  1.436E-02, -2.025E-01         F               0         Blade 1 X orientation angle, node 23, rad
        269    1.867E-01, -4.558E-01,  8.703E-01         F               0         Blade 1 Y orientation angle, node 23, rad
        270   -7.980E-02, -8.900E-01, -4.489E-01         F               0         Blade 1 Z orientation angle, node 23, rad
        271    9.798E-01,  1.292E-02, -1.998E-01         F               0         Blade 1 X orientation angle, node 24, rad
        272    1.836E-01, -4.558E-01,  8.709E-01         F               0         Blade 1 Y orientation angle, node 24, rad
        273   -7.980E-02, -8.900E-01, -4.489E-01         F               0         Blade 1 Z orientation angle, node 24, rad
        274    9.803E-01,  1.157E-02, -1.972E-01         F               0         Blade 1 X orientation angle, node 25, rad
        275    1.807E-01, -4.558E-01,  8.715E-01         F               0         Blade 1 Y orientation angle, node 25, rad
        276   -7.980E-02, -8.900E-01, -4.489E-01         F               0         Blade 1 Z orientation angle, node 25, rad
        277    9.808E-01,  1.038E-02, -1.949E-01         F               0         Blade 1 X orientation angle, node 26, rad
        278    1.781E-01, -4.559E-01,  8.720E-01         F               0         Blade 1 Y orientation angle, node 26, rad
        279   -7.980E-02, -8.900E-01, -4.489E-01         F               0         Blade 1 Z orientation angle, node 26, rad
        280    9.812E-01,  9.185E-03, -1.926E-01         F               0         Blade 1 X orientation angle, node 27, rad
        281    1.756E-01, -4.559E-01,  8.725E-01         F               0         Blade 1 Y orientation angle, node 27, rad
        282   -7.980E-02, -8.900E-01, -4.489E-01         F               0         Blade 1 Z orientation angle, node 27, rad
        283    9.815E-01,  8.548E-03, -1.914E-01         F               0         Blade 1 X orientation angle, node 28, rad
        284    1.742E-01, -4.559E-01,  8.728E-01         F               0         Blade 1 Y orientation angle, node 28, rad
        285   -7.980E-02, -8.900E-01, -4.489E-01         F               0         Blade 1 Z orientation angle, node 28, rad
        286   -6.875E-01                                 F               0         Blade 1 X translation velocity, node 1, m/s
        287    1.792E+00                                 F               0         Blade 1 Y translation velocity, node 1, m/s
        288   -3.423E+00                                 F               0         Blade 1 Z translation velocity, node 1, m/s
        289   -8.531E-01                                 F               0         Blade 1 X translation velocity, node 2, m/s
        290    2.223E+00                                 F               0         Blade 1 Y translation velocity, node 2, m/s
        291   -4.247E+00                                 F               0         Blade 1 Z translation velocity, node 2, m/s
        292   -3.105E+00                                 F               0         Blade 1 X translation velocity, node 3, m/s
        293    8.077E+00                                 F               0         Blade 1 Y translation velocity, node 3, m/s
        294   -1.545E+01                                 F               0         Blade 1 Z translation velocity, node 3, m/s
        295   -3.585E+00                                 F               0         Blade 1 X translation velocity, node 4, m/s
        296    9.324E+00                                 F               0         Blade 1 Y translation velocity, node 4, m/s
        297   -1.784E+01                                 F               0         Blade 1 Z translation velocity, node 4, m/s
        298   -4.065E+00                                 F               0         Blade 1 X translation velocity, node 5, m/s
        299    1.057E+01                                 F               0         Blade 1 Y translation velocity, node 5, m/s
        300   -2.023E+01                                 F               0         Blade 1 Z translation velocity, node 5, m/s
        301   -4.545E+00                                 F               0         Blade 1 X translation velocity, node 6, m/s
        302    1.182E+01                                 F               0         Blade 1 Y translation velocity, node 6, m/s
        303   -2.261E+01                                 F               0         Blade 1 Z translation velocity, node 6, m/s
        304   -5.025E+00                                 F               0         Blade 1 X translation velocity, node 7, m/s
        305    1.307E+01                                 F               0         Blade 1 Y translation velocity, node 7, m/s
        306   -2.500E+01                                 F               0         Blade 1 Z translation velocity, node 7, m/s
        307   -5.505E+00                                 F               0         Blade 1 X translation velocity, node 8, m/s
