
Linearized model: Predictions were generated on 08-Jan-2024 at 09:43:14 using OpenFAST, compiled as a 64-bit application using single precision at commit v3.5.1
 linked with  NWTC Subroutine Library; ElastoDyn; InflowWind; AeroDyn; ServoDyn; HydroDyn; MoorDyn (v2.0.0, 2023-09-18)

Description from the FAST input file: CCT-9 Campign 4 model. Input files to be run with OpenFAST 3.5.0. GitHub branch from Lu Wang (https://github.com/luwang00/openfast/tree/dev) compiled on March 7, 2023.

Simulation information:
   Simulation time:                  1008.7000 s
   Rotor Speed:                         0.7077 rad/s
   Azimuth:                             5.3431 rad
   Wind Speed:                          8.0000 m/s
   Number of continuous states:         0
   Number of discrete states:           0
   Number of constraint states:         0
   Number of inputs:                 1746
   Number of outputs:                   4
   Jacobians included in this file?    No

Order of inputs:
     Column   Operating Point                     Rotating Frame? Derivative Order Description
   ---------- ---------------                     --------------- ---------------- -----------
          1    7.250E+00                                 F               0         Tower X translation displacement, node 1, m
          2   -1.279E+00                                 F               0         Tower Y translation displacement, node 1, m
          3   -1.666E-01                                 F               0         Tower Z translation displacement, node 1, m
          4    8.292E+00                                 F               0         Tower X translation displacement, node 2, m
          5   -1.821E+00                                 F               0         Tower Y translation displacement, node 2, m
          6   -2.225E-01                                 F               0         Tower Z translation displacement, node 2, m
          7    9.349E+00                                 F               0         Tower X translation displacement, node 3, m
          8   -2.367E+00                                 F               0         Tower Y translation displacement, node 3, m
          9   -2.800E-01                                 F               0         Tower Z translation displacement, node 3, m
         10    1.042E+01                                 F               0         Tower X translation displacement, node 4, m
         11   -2.917E+00                                 F               0         Tower Y translation displacement, node 4, m
         12   -3.387E-01                                 F               0         Tower Z translation displacement, node 4, m
         13    1.150E+01                                 F               0         Tower X translation displacement, node 5, m
         14   -3.471E+00                                 F               0         Tower Y translation displacement, node 5, m
         15   -3.983E-01                                 F               0         Tower Z translation displacement, node 5, m
         16    1.258E+01                                 F               0         Tower X translation displacement, node 6, m
         17   -4.028E+00                                 F               0         Tower Y translation displacement, node 6, m
         18   -4.588E-01                                 F               0         Tower Z translation displacement, node 6, m
         19    1.368E+01                                 F               0         Tower X translation displacement, node 7, m
         20   -4.587E+00                                 F               0         Tower Y translation displacement, node 7, m
         21   -5.198E-01                                 F               0         Tower Z translation displacement, node 7, m
         22    1.477E+01                                 F               0         Tower X translation displacement, node 8, m
         23   -5.148E+00                                 F               0         Tower Y translation displacement, node 8, m
         24   -5.812E-01                                 F               0         Tower Z translation displacement, node 8, m
         25    1.587E+01                                 F               0         Tower X translation displacement, node 9, m
         26   -5.710E+00                                 F               0         Tower Y translation displacement, node 9, m
         27   -6.430E-01                                 F               0         Tower Z translation displacement, node 9, m
         28    1.697E+01                                 F               0         Tower X translation displacement, node 10, m
         29   -6.274E+00                                 F               0         Tower Y translation displacement, node 10, m
         30   -7.049E-01                                 F               0         Tower Z translation displacement, node 10, m
         31    1.807E+01                                 F               0         Tower X translation displacement, node 11, m
         32   -6.838E+00                                 F               0         Tower Y translation displacement, node 11, m
         33   -7.669E-01                                 F               0         Tower Z translation displacement, node 11, m
         34    9.965E-01,  4.124E-03, -8.373E-02         F               0         Tower X orientation angle, node 1, rad
         35   -4.528E-04,  9.990E-01,  4.382E-02         F               0         Tower Y orientation angle, node 1, rad
         36    8.383E-02, -4.363E-02,  9.955E-01         F               0         Tower Z orientation angle, node 1, rad
         37    9.964E-01,  4.178E-03, -8.493E-02         F               0         Tower X orientation angle, node 2, rad
         38   -4.194E-04,  9.990E-01,  4.422E-02         F               0         Tower Y orientation angle, node 2, rad
         39    8.504E-02, -4.402E-02,  9.954E-01         F               0         Tower Z orientation angle, node 2, rad
         40    9.963E-01,  4.224E-03, -8.597E-02         F               0         Tower X orientation angle, node 3, rad
         41   -3.890E-04,  9.990E-01,  4.457E-02         F               0         Tower Y orientation angle, node 3, rad
         42    8.608E-02, -4.437E-02,  9.953E-01         F               0         Tower Z orientation angle, node 3, rad
         43    9.962E-01,  4.262E-03, -8.683E-02         F               0         Tower X orientation angle, node 4, rad
         44   -3.621E-04,  9.990E-01,  4.488E-02         F               0         Tower Y orientation angle, node 4, rad
         45    8.693E-02, -4.468E-02,  9.952E-01         F               0         Tower Z orientation angle, node 4, rad
         46    9.962E-01,  4.293E-03, -8.751E-02         F               0         Tower X orientation angle, node 5, rad
         47   -3.389E-04,  9.990E-01,  4.515E-02         F               0         Tower Y orientation angle, node 5, rad
         48    8.762E-02, -4.494E-02,  9.951E-01         F               0         Tower Z orientation angle, node 5, rad
         49    9.961E-01,  4.316E-03, -8.803E-02         F               0         Tower X orientation angle, node 6, rad
         50   -3.194E-04,  9.990E-01,  4.537E-02         F               0         Tower Y orientation angle, node 6, rad
         51    8.814E-02, -4.516E-02,  9.951E-01         F               0         Tower Z orientation angle, node 6, rad
         52    9.961E-01,  4.333E-03, -8.840E-02         F               0         Tower X orientation angle, node 7, rad
         53   -3.037E-04,  9.990E-01,  4.554E-02         F               0         Tower Y orientation angle, node 7, rad
         54    8.851E-02, -4.534E-02,  9.950E-01         F               0         Tower Z orientation angle, node 7, rad
         55    9.961E-01,  4.345E-03, -8.866E-02         F               0         Tower X orientation angle, node 8, rad
         56   -2.915E-04,  9.990E-01,  4.568E-02         F               0         Tower Y orientation angle, node 8, rad
         57    8.877E-02, -4.548E-02,  9.950E-01         F               0         Tower Z orientation angle, node 8, rad
         58    9.960E-01,  4.353E-03, -8.882E-02         F               0         Tower X orientation angle, node 9, rad
         59   -2.826E-04,  9.990E-01,  4.578E-02         F               0         Tower Y orientation angle, node 9, rad
         60    8.893E-02, -4.558E-02,  9.950E-01         F               0         Tower Z orientation angle, node 9, rad
         61    9.960E-01,  4.357E-03, -8.891E-02         F               0         Tower X orientation angle, node 10, rad
         62   -2.768E-04,  9.989E-01,  4.585E-02         F               0         Tower Y orientation angle, node 10, rad
         63    8.902E-02, -4.564E-02,  9.950E-01         F               0         Tower Z orientation angle, node 10, rad
         64    9.960E-01,  4.359E-03, -8.895E-02         F               0         Tower X orientation angle, node 11, rad
         65   -2.736E-04,  9.989E-01,  4.589E-02         F               0         Tower Y orientation angle, node 11, rad
         66    8.906E-02, -4.568E-02,  9.950E-01         F               0         Tower Z orientation angle, node 11, rad
         67   -4.579E-04                                 F               0         Tower X translation velocity, node 1, m/s
         68   -7.491E-04                                 F               0         Tower Y translation velocity, node 1, m/s
         69   -3.384E-04                                 F               0         Tower Z translation velocity, node 1, m/s
         70   -5.557E-04                                 F               0         Tower X translation velocity, node 2, m/s
         71   -7.280E-04                                 F               0         Tower Y translation velocity, node 2, m/s
         72   -3.292E-04                                 F               0         Tower Z translation velocity, node 2, m/s
         73   -6.378E-04                                 F               0         Tower X translation velocity, node 3, m/s
         74   -6.978E-04                                 F               0         Tower Y translation velocity, node 3, m/s
         75   -3.208E-04                                 F               0         Tower Z translation velocity, node 3, m/s
         76   -7.049E-04                                 F               0         Tower X translation velocity, node 4, m/s
         77   -6.601E-04                                 F               0         Tower Y translation velocity, node 4, m/s
         78   -3.133E-04                                 F               0         Tower Z translation velocity, node 4, m/s
         79   -7.569E-04                                 F               0         Tower X translation velocity, node 5, m/s
         80   -6.155E-04                                 F               0         Tower Y translation velocity, node 5, m/s
         81   -3.067E-04                                 F               0         Tower Z translation velocity, node 5, m/s
         82   -7.939E-04                                 F               0         Tower X translation velocity, node 6, m/s
         83   -5.650E-04                                 F               0         Tower Y translation velocity, node 6, m/s
         84   -3.012E-04                                 F               0         Tower Z translation velocity, node 6, m/s
         85   -8.175E-04                                 F               0         Tower X translation velocity, node 7, m/s
         86   -5.096E-04                                 F               0         Tower Y translation velocity, node 7, m/s
         87   -2.965E-04                                 F               0         Tower Z translation velocity, node 7, m/s
         88   -8.279E-04                                 F               0         Tower X translation velocity, node 8, m/s
         89   -4.497E-04                                 F               0         Tower Y translation velocity, node 8, m/s
         90   -2.929E-04                                 F               0         Tower Z translation velocity, node 8, m/s
         91   -8.269E-04                                 F               0         Tower X translation velocity, node 9, m/s
         92   -3.863E-04                                 F               0         Tower Y translation velocity, node 9, m/s
         93   -2.901E-04                                 F               0         Tower Z translation velocity, node 9, m/s
         94   -8.170E-04                                 F               0         Tower X translation velocity, node 10, m/s
         95   -3.203E-04                                 F               0         Tower Y translation velocity, node 10, m/s
         96   -2.879E-04                                 F               0         Tower Z translation velocity, node 10, m/s
         97   -8.011E-04                                 F               0         Tower X translation velocity, node 11, m/s
         98   -2.527E-04                                 F               0         Tower Y translation velocity, node 11, m/s
         99   -2.863E-04                                 F               0         Tower Z translation velocity, node 11, m/s
        100    1.881E+01                                 F               0         Hub X translation displacement, node 1, m
        101   -7.244E+00                                 F               0         Hub Y translation displacement, node 1, m
        102    1.544E-01                                 F               0         Hub Z translation displacement, node 1, m
        103    9.813E-01,  9.110E-03, -1.925E-01         F               0         Hub X orientation angle, node 1, rad
        104   -1.558E-01,  6.254E-01, -7.646E-01         F               0         Hub Y orientation angle, node 1, rad
        105    1.134E-01,  7.803E-01,  6.151E-01         F               0         Hub Z orientation angle, node 1, rad
        106    6.944E-01                                 F               0         Hub X rotation velocity, node 1, rad/s
        107    6.448E-03                                 F               0         Hub Y rotation velocity, node 1, rad/s
        108   -1.362E-01                                 F               0         Hub Z rotation velocity, node 1, rad/s
        109    9.855E-01, -9.447E-03, -1.697E-01         F               0         Blade root 1 X orientation angle, node 1, rad
        110   -1.266E-01,  6.254E-01, -7.700E-01         F               0         Blade root 1 Y orientation angle, node 1, rad
        111    1.134E-01,  7.803E-01,  6.151E-01         F               0         Blade root 1 Z orientation angle, node 1, rad
        112    9.756E-01, -1.664E-03, -2.195E-01         F               0         Blade root 2 X orientation angle, node 1, rad
        113    2.051E-01,  3.631E-01,  9.089E-01         F               0         Blade root 2 Y orientation angle, node 1, rad
        114    7.821E-02, -9.317E-01,  3.546E-01         F               0         Blade root 2 Z orientation angle, node 1, rad
        115    9.814E-01,  3.843E-02, -1.879E-01         F               0         Blade root 3 X orientation angle, node 1, rad
        116    8.799E-03, -9.877E-01, -1.560E-01         F               0         Blade root 3 Y orientation angle, node 1, rad
        117   -1.916E-01,  1.515E-01, -9.697E-01         F               0         Blade root 3 Z orientation angle, node 1, rad
        118    1.886E+01                                 F               0         Blade 1 X translation displacement, node 1, m
        119   -2.921E+00                                 F               0         Blade 1 Y translation displacement, node 1, m
        120   -1.948E+00                                 F               0         Blade 1 Z translation displacement, node 1, m
        121    1.887E+01                                 F               0         Blade 1 X translation displacement, node 2, m
        122   -1.880E+00                                 F               0         Blade 1 Y translation displacement, node 2, m
        123   -2.454E+00                                 F               0         Blade 1 Z translation displacement, node 2, m
        124    1.903E+01                                 F               0         Blade 1 X translation displacement, node 3, m
        125    1.228E+01                                 F               0         Blade 1 Y translation displacement, node 3, m
        126   -9.342E+00                                 F               0         Blade 1 Z translation displacement, node 3, m
        127    1.907E+01                                 F               0         Blade 1 X translation displacement, node 4, m
        128    1.530E+01                                 F               0         Blade 1 Y translation displacement, node 4, m
        129   -1.081E+01                                 F               0         Blade 1 Z translation displacement, node 4, m
        130    1.910E+01                                 F               0         Blade 1 X translation displacement, node 5, m
        131    1.832E+01                                 F               0         Blade 1 Y translation displacement, node 5, m
        132   -1.228E+01                                 F               0         Blade 1 Z translation displacement, node 5, m
        133    1.914E+01                                 F               0         Blade 1 X translation displacement, node 6, m
        134    2.134E+01                                 F               0         Blade 1 Y translation displacement, node 6, m
        135   -1.374E+01                                 F               0         Blade 1 Z translation displacement, node 6, m
        136    1.917E+01                                 F               0         Blade 1 X translation displacement, node 7, m
        137    2.435E+01                                 F               0         Blade 1 Y translation displacement, node 7, m
        138   -1.521E+01                                 F               0         Blade 1 Z translation displacement, node 7, m
        139    1.920E+01                                 F               0         Blade 1 X translation displacement, node 8, m
        140    2.737E+01                                 F               0         Blade 1 Y translation displacement, node 8, m
        141   -1.668E+01                                 F               0         Blade 1 Z translation displacement, node 8, m
        142    1.924E+01                                 F               0         Blade 1 X translation displacement, node 9, m
        143    3.039E+01                                 F               0         Blade 1 Y translation displacement, node 9, m
        144   -1.815E+01                                 F               0         Blade 1 Z translation displacement, node 9, m
        145    1.927E+01                                 F               0         Blade 1 X translation displacement, node 10, m
        146    3.341E+01                                 F               0         Blade 1 Y translation displacement, node 10, m
        147   -1.961E+01                                 F               0         Blade 1 Z translation displacement, node 10, m
        148    1.931E+01                                 F               0         Blade 1 X translation displacement, node 11, m
        149    3.643E+01                                 F               0         Blade 1 Y translation displacement, node 11, m
        150   -2.108E+01                                 F               0         Blade 1 Z translation displacement, node 11, m
        151    1.934E+01                                 F               0         Blade 1 X translation displacement, node 12, m
        152    3.944E+01                                 F               0         Blade 1 Y translation displacement, node 12, m
        153   -2.255E+01                                 F               0         Blade 1 Z translation displacement, node 12, m
        154    1.938E+01                                 F               0         Blade 1 X translation displacement, node 13, m
        155    4.246E+01                                 F               0         Blade 1 Y translation displacement, node 13, m
        156   -2.402E+01                                 F               0         Blade 1 Z translation displacement, node 13, m
        157    1.941E+01                                 F               0         Blade 1 X translation displacement, node 14, m
        158    4.548E+01                                 F               0         Blade 1 Y translation displacement, node 14, m
        159   -2.548E+01                                 F               0         Blade 1 Z translation displacement, node 14, m
        160    1.944E+01                                 F               0         Blade 1 X translation displacement, node 15, m
        161    4.850E+01                                 F               0         Blade 1 Y translation displacement, node 15, m
        162   -2.695E+01                                 F               0         Blade 1 Z translation displacement, node 15, m
        163    1.948E+01                                 F               0         Blade 1 X translation displacement, node 16, m
        164    5.152E+01                                 F               0         Blade 1 Y translation displacement, node 16, m
        165   -2.842E+01                                 F               0         Blade 1 Z translation displacement, node 16, m
        166    1.951E+01                                 F               0         Blade 1 X translation displacement, node 17, m
        167    5.453E+01                                 F               0         Blade 1 Y translation displacement, node 17, m
        168   -2.989E+01                                 F               0         Blade 1 Z translation displacement, node 17, m
        169    1.955E+01                                 F               0         Blade 1 X translation displacement, node 18, m
        170    5.755E+01                                 F               0         Blade 1 Y translation displacement, node 18, m
        171   -3.135E+01                                 F               0         Blade 1 Z translation displacement, node 18, m
        172    1.958E+01                                 F               0         Blade 1 X translation displacement, node 19, m
        173    6.057E+01                                 F               0         Blade 1 Y translation displacement, node 19, m
        174   -3.282E+01                                 F               0         Blade 1 Z translation displacement, node 19, m
        175    1.962E+01                                 F               0         Blade 1 X translation displacement, node 20, m
        176    6.359E+01                                 F               0         Blade 1 Y translation displacement, node 20, m
        177   -3.429E+01                                 F               0         Blade 1 Z translation displacement, node 20, m
        178    1.965E+01                                 F               0         Blade 1 X translation displacement, node 21, m
        179    6.660E+01                                 F               0         Blade 1 Y translation displacement, node 21, m
        180   -3.576E+01                                 F               0         Blade 1 Z translation displacement, node 21, m
        181    1.968E+01                                 F               0         Blade 1 X translation displacement, node 22, m
        182    6.962E+01                                 F               0         Blade 1 Y translation displacement, node 22, m
        183   -3.722E+01                                 F               0         Blade 1 Z translation displacement, node 22, m
        184    1.972E+01                                 F               0         Blade 1 X translation displacement, node 23, m
        185    7.264E+01                                 F               0         Blade 1 Y translation displacement, node 23, m
        186   -3.869E+01                                 F               0         Blade 1 Z translation displacement, node 23, m
        187    1.975E+01                                 F               0         Blade 1 X translation displacement, node 24, m
        188    7.566E+01                                 F               0         Blade 1 Y translation displacement, node 24, m
        189   -4.016E+01                                 F               0         Blade 1 Z translation displacement, node 24, m
        190    1.979E+01                                 F               0         Blade 1 X translation displacement, node 25, m
        191    7.868E+01                                 F               0         Blade 1 Y translation displacement, node 25, m
        192   -4.163E+01                                 F               0         Blade 1 Z translation displacement, node 25, m
        193    1.982E+01                                 F               0         Blade 1 X translation displacement, node 26, m
        194    8.169E+01                                 F               0         Blade 1 Y translation displacement, node 26, m
        195   -4.309E+01                                 F               0         Blade 1 Z translation displacement, node 26, m
        196    1.986E+01                                 F               0         Blade 1 X translation displacement, node 27, m
        197    8.471E+01                                 F               0         Blade 1 Y translation displacement, node 27, m
        198   -4.456E+01                                 F               0         Blade 1 Z translation displacement, node 27, m
        199    1.988E+01                                 F               0         Blade 1 X translation displacement, node 28, m
        200    8.727E+01                                 F               0         Blade 1 Y translation displacement, node 28, m
        201   -4.581E+01                                 F               0         Blade 1 Z translation displacement, node 28, m
        202    9.348E-01, -2.936E-01,  2.001E-01         F               0         Blade 1 X orientation angle, node 1, rad
        203    3.367E-01,  5.523E-01, -7.626E-01         F               0         Blade 1 Y orientation angle, node 1, rad
        204    1.134E-01,  7.803E-01,  6.151E-01         F               0         Blade 1 Z orientation angle, node 1, rad
        205    9.348E-01, -2.936E-01,  2.001E-01         F               0         Blade 1 X orientation angle, node 2, rad
        206    3.367E-01,  5.523E-01, -7.626E-01         F               0         Blade 1 Y orientation angle, node 2, rad
        207    1.134E-01,  7.803E-01,  6.151E-01         F               0         Blade 1 Z orientation angle, node 2, rad
        208    9.879E-01, -1.543E-01,  1.364E-02         F               0         Blade 1 X orientation angle, node 3, rad
        209    1.056E-01,  6.061E-01, -7.883E-01         F               0         Blade 1 Y orientation angle, node 3, rad
        210    1.134E-01,  7.803E-01,  6.151E-01         F               0         Blade 1 Z orientation angle, node 3, rad
        211    9.915E-01, -1.286E-01, -1.966E-02         F               0         Blade 1 X orientation angle, node 4, rad
        212    6.376E-02,  6.121E-01, -7.882E-01         F               0         Blade 1 Y orientation angle, node 4, rad
        213    1.134E-01,  7.803E-01,  6.151E-01         F               0         Blade 1 Z orientation angle, node 4, rad
        214    9.931E-01, -1.082E-01, -4.578E-02         F               0         Blade 1 X orientation angle, node 5, rad
        215    3.085E-02,  6.160E-01, -7.871E-01         F               0         Blade 1 Y orientation angle, node 5, rad
        216    1.134E-01,  7.803E-01,  6.151E-01         F               0         Blade 1 Z orientation angle, node 5, rad
        217    9.935E-01, -9.186E-02, -6.665E-02         F               0         Blade 1 X orientation angle, node 6, rad
        218    4.500E-03,  6.187E-01, -7.856E-01         F               0         Blade 1 Y orientation angle, node 6, rad
        219    1.134E-01,  7.803E-01,  6.151E-01         F               0         Blade 1 Z orientation angle, node 6, rad
        220    9.934E-01, -7.834E-02, -8.377E-02         F               0         Blade 1 X orientation angle, node 7, rad
        221   -1.717E-02,  6.205E-01, -7.840E-01         F               0         Blade 1 Y orientation angle, node 7, rad
        222    1.134E-01,  7.803E-01,  6.151E-01         F               0         Blade 1 Z orientation angle, node 7, rad
        223    9.929E-01, -6.707E-02, -9.799E-02         F               0         Blade 1 X orientation angle, node 8, rad
        224   -3.520E-02,  6.219E-01, -7.823E-01         F               0         Blade 1 Y orientation angle, node 8, rad
        225    1.134E-01,  7.803E-01,  6.151E-01         F               0         Blade 1 Z orientation angle, node 8, rad
        226    9.923E-01, -5.751E-02, -1.100E-01         F               0         Blade 1 X orientation angle, node 9, rad
        227   -5.045E-02,  6.228E-01, -7.807E-01         F               0         Blade 1 Y orientation angle, node 9, rad
        228    1.134E-01,  7.803E-01,  6.151E-01         F               0         Blade 1 Z orientation angle, node 9, rad
        229    9.915E-01, -4.924E-02, -1.203E-01         F               0         Blade 1 X orientation angle, node 10, rad
        230   -6.361E-02,  6.235E-01, -7.792E-01         F               0         Blade 1 Y orientation angle, node 10, rad
        231    1.134E-01,  7.803E-01,  6.151E-01         F               0         Blade 1 Z orientation angle, node 10, rad
        232    9.907E-01, -4.216E-02, -1.292E-01         F               0         Blade 1 X orientation angle, node 11, rad
        233   -7.485E-02,  6.240E-01, -7.778E-01         F               0         Blade 1 Y orientation angle, node 11, rad
        234    1.134E-01,  7.803E-01,  6.151E-01         F               0         Blade 1 Z orientation angle, node 11, rad
        235    9.899E-01, -3.595E-02, -1.369E-01         F               0         Blade 1 X orientation angle, node 12, rad
        236   -8.470E-02,  6.244E-01, -7.765E-01         F               0         Blade 1 Y orientation angle, node 12, rad
        237    1.134E-01,  7.803E-01,  6.151E-01         F               0         Blade 1 Z orientation angle, node 12, rad
        238    9.892E-01, -3.050E-02, -1.437E-01         F               0         Blade 1 X orientation angle, node 13, rad
        239   -9.334E-02,  6.247E-01, -7.753E-01         F               0         Blade 1 Y orientation angle, node 13, rad
        240    1.134E-01,  7.803E-01,  6.151E-01         F               0         Blade 1 Z orientation angle, node 13, rad
        241    9.884E-01, -2.560E-02, -1.498E-01         F               0         Blade 1 X orientation angle, node 14, rad
        242   -1.011E-01,  6.249E-01, -7.741E-01         F               0         Blade 1 Y orientation angle, node 14, rad
        243    1.134E-01,  7.803E-01,  6.151E-01         F               0         Blade 1 Z orientation angle, node 14, rad
        244    9.877E-01, -2.123E-02, -1.552E-01         F               0         Blade 1 X orientation angle, node 15, rad
        245   -1.080E-01,  6.251E-01, -7.730E-01         F               0         Blade 1 Y orientation angle, node 15, rad
        246    1.134E-01,  7.803E-01,  6.151E-01         F               0         Blade 1 Z orientation angle, node 15, rad
        247    9.870E-01, -1.731E-02, -1.600E-01         F               0         Blade 1 X orientation angle, node 16, rad
        248   -1.142E-01,  6.252E-01, -7.720E-01         F               0         Blade 1 Y orientation angle, node 16, rad
        249    1.134E-01,  7.803E-01,  6.151E-01         F               0         Blade 1 Z orientation angle, node 16, rad
        250    9.863E-01, -1.381E-02, -1.643E-01         F               0         Blade 1 X orientation angle, node 17, rad
        251   -1.197E-01,  6.253E-01, -7.711E-01         F               0         Blade 1 Y orientation angle, node 17, rad
        252    1.134E-01,  7.803E-01,  6.151E-01         F               0         Blade 1 Z orientation angle, node 17, rad
        253    9.857E-01, -1.054E-02, -1.684E-01         F               0         Blade 1 X orientation angle, node 18, rad
        254   -1.249E-01,  6.254E-01, -7.703E-01         F               0         Blade 1 Y orientation angle, node 18, rad
        255    1.134E-01,  7.803E-01,  6.151E-01         F               0         Blade 1 Z orientation angle, node 18, rad
        256    9.851E-01, -7.592E-03, -1.720E-01         F               0         Blade 1 X orientation angle, node 19, rad
        257   -1.295E-01,  6.254E-01, -7.695E-01         F               0         Blade 1 Y orientation angle, node 19, rad
        258    1.134E-01,  7.803E-01,  6.151E-01         F               0         Blade 1 Z orientation angle, node 19, rad
        259    9.845E-01, -4.972E-03, -1.752E-01         F               0         Blade 1 X orientation angle, node 20, rad
        260   -1.336E-01,  6.254E-01, -7.687E-01         F               0         Blade 1 Y orientation angle, node 20, rad
        261    1.134E-01,  7.803E-01,  6.151E-01         F               0         Blade 1 Z orientation angle, node 20, rad
        262    9.840E-01, -2.461E-03, -1.783E-01         F               0         Blade 1 X orientation angle, node 21, rad
        263   -1.376E-01,  6.255E-01, -7.680E-01         F               0         Blade 1 Y orientation angle, node 21, rad
        264    1.134E-01,  7.803E-01,  6.151E-01         F               0         Blade 1 Z orientation angle, node 21, rad
        265    9.835E-01, -1.689E-04, -1.811E-01         F               0         Blade 1 X orientation angle, node 22, rad
        266   -1.412E-01,  6.255E-01, -7.674E-01         F               0         Blade 1 Y orientation angle, node 22, rad
        267    1.134E-01,  7.803E-01,  6.151E-01         F               0         Blade 1 Z orientation angle, node 22, rad
        268    9.830E-01,  1.905E-03, -1.836E-01         F               0         Blade 1 X orientation angle, node 23, rad
        269   -1.445E-01,  6.255E-01, -7.668E-01         F               0         Blade 1 Y orientation angle, node 23, rad
        270    1.134E-01,  7.803E-01,  6.151E-01         F               0         Blade 1 Z orientation angle, node 23, rad
        271    9.825E-01,  3.870E-03, -1.861E-01         F               0         Blade 1 X orientation angle, node 24, rad
        272   -1.476E-01,  6.254E-01, -7.662E-01         F               0         Blade 1 Y orientation angle, node 24, rad
        273    1.134E-01,  7.803E-01,  6.151E-01         F               0         Blade 1 Z orientation angle, node 24, rad
        274    9.821E-01,  5.726E-03, -1.883E-01         F               0         Blade 1 X orientation angle, node 25, rad
        275   -1.505E-01,  6.254E-01, -7.656E-01         F               0         Blade 1 Y orientation angle, node 25, rad
        276    1.134E-01,  7.803E-01,  6.151E-01         F               0         Blade 1 Z orientation angle, node 25, rad
        277    9.817E-01,  7.363E-03, -1.903E-01         F               0         Blade 1 X orientation angle, node 26, rad
        278   -1.530E-01,  6.254E-01, -7.651E-01         F               0         Blade 1 Y orientation angle, node 26, rad
        279    1.134E-01,  7.803E-01,  6.151E-01         F               0         Blade 1 Z orientation angle, node 26, rad
        280    9.813E-01,  9.000E-03, -1.923E-01         F               0         Blade 1 X orientation angle, node 27, rad
        281   -1.556E-01,  6.254E-01, -7.646E-01         F               0         Blade 1 Y orientation angle, node 27, rad
        282    1.134E-01,  7.803E-01,  6.151E-01         F               0         Blade 1 Z orientation angle, node 27, rad
        283    9.811E-01,  9.874E-03, -1.934E-01         F               0         Blade 1 X orientation angle, node 28, rad
        284   -1.570E-01,  6.254E-01, -7.644E-01         F               0         Blade 1 Y orientation angle, node 28, rad
        285    1.134E-01,  7.803E-01,  6.151E-01         F               0         Blade 1 Z orientation angle, node 28, rad
        286    6.099E-01                                 F               0         Blade 1 X translation velocity, node 1, m/s
        287   -2.452E+00                                 F               0         Blade 1 Y translation velocity, node 1, m/s
        288    2.997E+00                                 F               0         Blade 1 Z translation velocity, node 1, m/s
        289    7.571E-01                                 F               0         Blade 1 X translation velocity, node 2, m/s
        290   -3.043E+00                                 F               0         Blade 1 Y translation velocity, node 2, m/s
        291    3.720E+00                                 F               0         Blade 1 Z translation velocity, node 2, m/s
        292    2.758E+00                                 F               0         Blade 1 X translation velocity, node 3, m/s
        293   -1.108E+01                                 F               0         Blade 1 Y translation velocity, node 3, m/s
        294    1.354E+01                                 F               0         Blade 1 Z translation velocity, node 3, m/s
        295    3.184E+00                                 F               0         Blade 1 X translation velocity, node 4, m/s
        296   -1.279E+01                                 F               0         Blade 1 Y translation velocity, node 4, m/s
        297    1.563E+01                                 F               0         Blade 1 Z translation velocity, node 4, m/s
        298    3.611E+00                                 F               0         Blade 1 X translation velocity, node 5, m/s
        299   -1.450E+01                                 F               0         Blade 1 Y translation velocity, node 5, m/s
        300    1.773E+01                                 F               0         Blade 1 Z translation velocity, node 5, m/s
        301    4.037E+00                                 F               0         Blade 1 X translation velocity, node 6, m/s
        302   -1.621E+01                                 F               0         Blade 1 Y translation velocity, node 6, m/s
        303    1.982E+01                                 F               0         Blade 1 Z translation velocity, node 6, m/s
        304    4.464E+00                                 F               0         Blade 1 X translation velocity, node 7, m/s
        305   -1.792E+01                                 F               0         Blade 1 Y translation velocity, node 7, m/s
        306    2.191E+01                                 F               0         Blade 1 Z translation velocity, node 7, m/s
        307    4.890E+00                                 F               0         Blade 1 X translation velocity, node 8, m/s
