
Linearized model: Predictions were generated on 08-Jan-2024 at 09:43:14 using OpenFAST, compiled as a 64-bit application using single precision at commit v3.5.1
 linked with  NWTC Subroutine Library; ElastoDyn; InflowWind; AeroDyn; ServoDyn; HydroDyn; MoorDyn (v2.0.0, 2023-09-18)

Description from the FAST input file: CCT-9 Campign 4 model. Input files to be run with OpenFAST 3.5.0. GitHub branch from Lu Wang (https://github.com/luwang00/openfast/tree/dev) compiled on March 7, 2023.

Simulation information:
   Simulation time:                  1008.2000 s
   Rotor Speed:                         0.7077 rad/s
   Azimuth:                             4.9892 rad
   Wind Speed:                          8.0000 m/s
   Number of continuous states:         0
   Number of discrete states:           0
   Number of constraint states:         0
   Number of inputs:                 1746
   Number of outputs:                   4
   Jacobians included in this file?    No

Order of inputs:
     Column   Operating Point                     Rotating Frame? Derivative Order Description
   ---------- ---------------                     --------------- ---------------- -----------
          1    7.250E+00                                 F               0         Tower X translation displacement, node 1, m
          2   -1.279E+00                                 F               0         Tower Y translation displacement, node 1, m
          3   -1.663E-01                                 F               0         Tower Z translation displacement, node 1, m
          4    8.292E+00                                 F               0         Tower X translation displacement, node 2, m
          5   -1.820E+00                                 F               0         Tower Y translation displacement, node 2, m
          6   -2.222E-01                                 F               0         Tower Z translation displacement, node 2, m
          7    9.350E+00                                 F               0         Tower X translation displacement, node 3, m
          8   -2.366E+00                                 F               0         Tower Y translation displacement, node 3, m
          9   -2.797E-01                                 F               0         Tower Z translation displacement, node 3, m
         10    1.042E+01                                 F               0         Tower X translation displacement, node 4, m
         11   -2.917E+00                                 F               0         Tower Y translation displacement, node 4, m
         12   -3.384E-01                                 F               0         Tower Z translation displacement, node 4, m
         13    1.150E+01                                 F               0         Tower X translation displacement, node 5, m
         14   -3.471E+00                                 F               0         Tower Y translation displacement, node 5, m
         15   -3.981E-01                                 F               0         Tower Z translation displacement, node 5, m
         16    1.258E+01                                 F               0         Tower X translation displacement, node 6, m
         17   -4.027E+00                                 F               0         Tower Y translation displacement, node 6, m
         18   -4.585E-01                                 F               0         Tower Z translation displacement, node 6, m
         19    1.368E+01                                 F               0         Tower X translation displacement, node 7, m
         20   -4.586E+00                                 F               0         Tower Y translation displacement, node 7, m
         21   -5.195E-01                                 F               0         Tower Z translation displacement, node 7, m
         22    1.477E+01                                 F               0         Tower X translation displacement, node 8, m
         23   -5.147E+00                                 F               0         Tower Y translation displacement, node 8, m
         24   -5.810E-01                                 F               0         Tower Z translation displacement, node 8, m
         25    1.587E+01                                 F               0         Tower X translation displacement, node 9, m
         26   -5.710E+00                                 F               0         Tower Y translation displacement, node 9, m
         27   -6.427E-01                                 F               0         Tower Z translation displacement, node 9, m
         28    1.697E+01                                 F               0         Tower X translation displacement, node 10, m
         29   -6.274E+00                                 F               0         Tower Y translation displacement, node 10, m
         30   -7.046E-01                                 F               0         Tower Z translation displacement, node 10, m
         31    1.807E+01                                 F               0         Tower X translation displacement, node 11, m
         32   -6.838E+00                                 F               0         Tower Y translation displacement, node 11, m
         33   -7.667E-01                                 F               0         Tower Z translation displacement, node 11, m
         34    9.965E-01,  4.124E-03, -8.373E-02         F               0         Tower X orientation angle, node 1, rad
         35   -4.523E-04,  9.990E-01,  4.382E-02         F               0         Tower Y orientation angle, node 1, rad
         36    8.383E-02, -4.363E-02,  9.955E-01         F               0         Tower Z orientation angle, node 1, rad
         37    9.964E-01,  4.177E-03, -8.494E-02         F               0         Tower X orientation angle, node 2, rad
         38   -4.188E-04,  9.990E-01,  4.422E-02         F               0         Tower Y orientation angle, node 2, rad
         39    8.504E-02, -4.402E-02,  9.954E-01         F               0         Tower Z orientation angle, node 2, rad
         40    9.963E-01,  4.223E-03, -8.598E-02         F               0         Tower X orientation angle, node 3, rad
         41   -3.884E-04,  9.990E-01,  4.457E-02         F               0         Tower Y orientation angle, node 3, rad
         42    8.608E-02, -4.437E-02,  9.953E-01         F               0         Tower Z orientation angle, node 3, rad
         43    9.962E-01,  4.261E-03, -8.683E-02         F               0         Tower X orientation angle, node 4, rad
         44   -3.615E-04,  9.990E-01,  4.488E-02         F               0         Tower Y orientation angle, node 4, rad
         45    8.694E-02, -4.468E-02,  9.952E-01         F               0         Tower Z orientation angle, node 4, rad
         46    9.962E-01,  4.292E-03, -8.751E-02         F               0         Tower X orientation angle, node 5, rad
         47   -3.383E-04,  9.990E-01,  4.515E-02         F               0         Tower Y orientation angle, node 5, rad
         48    8.762E-02, -4.494E-02,  9.951E-01         F               0         Tower Z orientation angle, node 5, rad
         49    9.961E-01,  4.316E-03, -8.803E-02         F               0         Tower X orientation angle, node 6, rad
         50   -3.187E-04,  9.990E-01,  4.537E-02         F               0         Tower Y orientation angle, node 6, rad
         51    8.814E-02, -4.516E-02,  9.951E-01         F               0         Tower Z orientation angle, node 6, rad
         52    9.961E-01,  4.333E-03, -8.841E-02         F               0         Tower X orientation angle, node 7, rad
         53   -3.030E-04,  9.990E-01,  4.555E-02         F               0         Tower Y orientation angle, node 7, rad
         54    8.851E-02, -4.534E-02,  9.950E-01         F               0         Tower Z orientation angle, node 7, rad
         55    9.961E-01,  4.345E-03, -8.866E-02         F               0         Tower X orientation angle, node 8, rad
         56   -2.908E-04,  9.990E-01,  4.568E-02         F               0         Tower Y orientation angle, node 8, rad
         57    8.877E-02, -4.548E-02,  9.950E-01         F               0         Tower Z orientation angle, node 8, rad
         58    9.960E-01,  4.352E-03, -8.882E-02         F               0         Tower X orientation angle, node 9, rad
         59   -2.819E-04,  9.990E-01,  4.579E-02         F               0         Tower Y orientation angle, node 9, rad
         60    8.893E-02, -4.558E-02,  9.950E-01         F               0         Tower Z orientation angle, node 9, rad
         61    9.960E-01,  4.356E-03, -8.891E-02         F               0         Tower X orientation angle, node 10, rad
         62   -2.761E-04,  9.989E-01,  4.585E-02         F               0         Tower Y orientation angle, node 10, rad
         63    8.902E-02, -4.564E-02,  9.950E-01         F               0         Tower Z orientation angle, node 10, rad
         64    9.960E-01,  4.358E-03, -8.895E-02         F               0         Tower X orientation angle, node 11, rad
         65   -2.729E-04,  9.989E-01,  4.589E-02         F               0         Tower Y orientation angle, node 11, rad
         66    8.906E-02, -4.568E-02,  9.950E-01         F               0         Tower Z orientation angle, node 11, rad
         67   -3.755E-04                                 F               0         Tower X translation velocity, node 1, m/s
         68   -9.427E-04                                 F               0         Tower Y translation velocity, node 1, m/s
         69   -8.084E-04                                 F               0         Tower Z translation velocity, node 1, m/s
         70   -4.486E-04                                 F               0         Tower X translation velocity, node 2, m/s
         71   -1.000E-03                                 F               0         Tower Y translation velocity, node 2, m/s
         72   -8.047E-04                                 F               0         Tower Z translation velocity, node 2, m/s
         73   -5.164E-04                                 F               0         Tower X translation velocity, node 3, m/s
         74   -1.044E-03                                 F               0         Tower Y translation velocity, node 3, m/s
         75   -8.008E-04                                 F               0         Tower Z translation velocity, node 3, m/s
         76   -5.786E-04                                 F               0         Tower X translation velocity, node 4, m/s
         77   -1.075E-03                                 F               0         Tower Y translation velocity, node 4, m/s
         78   -7.968E-04                                 F               0         Tower Z translation velocity, node 4, m/s
         79   -6.347E-04                                 F               0         Tower X translation velocity, node 5, m/s
         80   -1.096E-03                                 F               0         Tower Y translation velocity, node 5, m/s
         81   -7.928E-04                                 F               0         Tower Z translation velocity, node 5, m/s
         82   -6.847E-04                                 F               0         Tower X translation velocity, node 6, m/s
         83   -1.108E-03                                 F               0         Tower Y translation velocity, node 6, m/s
         84   -7.889E-04                                 F               0         Tower Z translation velocity, node 6, m/s
         85   -7.289E-04                                 F               0         Tower X translation velocity, node 7, m/s
         86   -1.111E-03                                 F               0         Tower Y translation velocity, node 7, m/s
         87   -7.851E-04                                 F               0         Tower Z translation velocity, node 7, m/s
         88   -7.673E-04                                 F               0         Tower X translation velocity, node 8, m/s
         89   -1.108E-03                                 F               0         Tower Y translation velocity, node 8, m/s
         90   -7.816E-04                                 F               0         Tower Z translation velocity, node 8, m/s
         91   -8.005E-04                                 F               0         Tower X translation velocity, node 9, m/s
         92   -1.098E-03                                 F               0         Tower Y translation velocity, node 9, m/s
         93   -7.782E-04                                 F               0         Tower Z translation velocity, node 9, m/s
         94   -8.297E-04                                 F               0         Tower X translation velocity, node 10, m/s
         95   -1.085E-03                                 F               0         Tower Y translation velocity, node 10, m/s
         96   -7.749E-04                                 F               0         Tower Z translation velocity, node 10, m/s
         97   -8.560E-04                                 F               0         Tower X translation velocity, node 11, m/s
         98   -1.069E-03                                 F               0         Tower Y translation velocity, node 11, m/s
         99   -7.718E-04                                 F               0         Tower Z translation velocity, node 11, m/s
        100    1.881E+01                                 F               0         Hub X translation displacement, node 1, m
        101   -7.244E+00                                 F               0         Hub Y translation displacement, node 1, m
        102    1.546E-01                                 F               0         Hub Z translation displacement, node 1, m
        103    9.813E-01,  9.109E-03, -1.925E-01         F               0         Hub X orientation angle, node 1, rad
        104   -1.854E-01,  3.163E-01, -9.304E-01         F               0         Hub Y orientation angle, node 1, rad
        105    5.240E-02,  9.486E-01,  3.120E-01         F               0         Hub Z orientation angle, node 1, rad
        106    6.945E-01                                 F               0         Hub X rotation velocity, node 1, rad/s
        107    6.445E-03                                 F               0         Hub Y rotation velocity, node 1, rad/s
        108   -1.362E-01                                 F               0         Hub Z rotation velocity, node 1, rad/s
        109    9.863E-01, -2.776E-04, -1.648E-01         F               0         Blade root 1 X orientation angle, node 1, rad
        110   -1.562E-01,  3.164E-01, -9.357E-01         F               0         Blade root 1 Y orientation angle, node 1, rad
        111    5.240E-02,  9.486E-01,  3.120E-01         F               0         Blade root 1 Z orientation angle, node 1, rad
        112    9.767E-01, -1.058E-02, -2.142E-01         F               0         Blade root 2 X orientation angle, node 1, rad
        113    1.671E-01,  6.634E-01,  7.294E-01         F               0         Blade root 2 Y orientation angle, node 1, rad
        114    1.344E-01, -7.482E-01,  6.497E-01         F               0         Blade root 2 Z orientation angle, node 1, rad
        115    9.794E-01,  3.817E-02, -1.982E-01         F               0         Blade root 3 X orientation angle, node 1, rad
        116    7.642E-02, -9.790E-01,  1.892E-01         F               0         Blade root 3 Y orientation angle, node 1, rad
        117   -1.868E-01, -2.004E-01, -9.617E-01         F               0         Blade root 3 Z orientation angle, node 1, rad
        118    1.852E+01                                 F               0         Blade 1 X translation displacement, node 1, m
        119   -1.988E+00                                 F               0         Blade 1 Y translation displacement, node 1, m
        120   -3.626E+00                                 F               0         Blade 1 Z translation displacement, node 1, m
        121    1.845E+01                                 F               0         Blade 1 X translation displacement, node 2, m
        122   -7.220E-01                                 F               0         Blade 1 Y translation displacement, node 2, m
        123   -4.537E+00                                 F               0         Blade 1 Z translation displacement, node 2, m
        124    1.751E+01                                 F               0         Blade 1 X translation displacement, node 3, m
        125    1.650E+01                                 F               0         Blade 1 Y translation displacement, node 3, m
        126   -1.693E+01                                 F               0         Blade 1 Z translation displacement, node 3, m
        127    1.730E+01                                 F               0         Blade 1 X translation displacement, node 4, m
        128    2.017E+01                                 F               0         Blade 1 Y translation displacement, node 4, m
        129   -1.957E+01                                 F               0         Blade 1 Z translation displacement, node 4, m
        130    1.710E+01                                 F               0         Blade 1 X translation displacement, node 5, m
        131    2.384E+01                                 F               0         Blade 1 Y translation displacement, node 5, m
        132   -2.221E+01                                 F               0         Blade 1 Z translation displacement, node 5, m
        133    1.690E+01                                 F               0         Blade 1 X translation displacement, node 6, m
        134    2.750E+01                                 F               0         Blade 1 Y translation displacement, node 6, m
        135   -2.484E+01                                 F               0         Blade 1 Z translation displacement, node 6, m
        136    1.670E+01                                 F               0         Blade 1 X translation displacement, node 7, m
        137    3.117E+01                                 F               0         Blade 1 Y translation displacement, node 7, m
        138   -2.748E+01                                 F               0         Blade 1 Z translation displacement, node 7, m
        139    1.650E+01                                 F               0         Blade 1 X translation displacement, node 8, m
        140    3.484E+01                                 F               0         Blade 1 Y translation displacement, node 8, m
        141   -3.012E+01                                 F               0         Blade 1 Z translation displacement, node 8, m
        142    1.630E+01                                 F               0         Blade 1 X translation displacement, node 9, m
        143    3.851E+01                                 F               0         Blade 1 Y translation displacement, node 9, m
        144   -3.276E+01                                 F               0         Blade 1 Z translation displacement, node 9, m
        145    1.609E+01                                 F               0         Blade 1 X translation displacement, node 10, m
        146    4.218E+01                                 F               0         Blade 1 Y translation displacement, node 10, m
        147   -3.540E+01                                 F               0         Blade 1 Z translation displacement, node 10, m
        148    1.589E+01                                 F               0         Blade 1 X translation displacement, node 11, m
        149    4.585E+01                                 F               0         Blade 1 Y translation displacement, node 11, m
        150   -3.804E+01                                 F               0         Blade 1 Z translation displacement, node 11, m
        151    1.569E+01                                 F               0         Blade 1 X translation displacement, node 12, m
        152    4.952E+01                                 F               0         Blade 1 Y translation displacement, node 12, m
        153   -4.068E+01                                 F               0         Blade 1 Z translation displacement, node 12, m
        154    1.549E+01                                 F               0         Blade 1 X translation displacement, node 13, m
        155    5.319E+01                                 F               0         Blade 1 Y translation displacement, node 13, m
        156   -4.332E+01                                 F               0         Blade 1 Z translation displacement, node 13, m
        157    1.529E+01                                 F               0         Blade 1 X translation displacement, node 14, m
        158    5.686E+01                                 F               0         Blade 1 Y translation displacement, node 14, m
        159   -4.596E+01                                 F               0         Blade 1 Z translation displacement, node 14, m
        160    1.509E+01                                 F               0         Blade 1 X translation displacement, node 15, m
        161    6.053E+01                                 F               0         Blade 1 Y translation displacement, node 15, m
        162   -4.860E+01                                 F               0         Blade 1 Z translation displacement, node 15, m
        163    1.488E+01                                 F               0         Blade 1 X translation displacement, node 16, m
        164    6.419E+01                                 F               0         Blade 1 Y translation displacement, node 16, m
        165   -5.124E+01                                 F               0         Blade 1 Z translation displacement, node 16, m
        166    1.468E+01                                 F               0         Blade 1 X translation displacement, node 17, m
        167    6.786E+01                                 F               0         Blade 1 Y translation displacement, node 17, m
        168   -5.388E+01                                 F               0         Blade 1 Z translation displacement, node 17, m
        169    1.448E+01                                 F               0         Blade 1 X translation displacement, node 18, m
        170    7.153E+01                                 F               0         Blade 1 Y translation displacement, node 18, m
        171   -5.652E+01                                 F               0         Blade 1 Z translation displacement, node 18, m
        172    1.428E+01                                 F               0         Blade 1 X translation displacement, node 19, m
        173    7.520E+01                                 F               0         Blade 1 Y translation displacement, node 19, m
        174   -5.916E+01                                 F               0         Blade 1 Z translation displacement, node 19, m
        175    1.408E+01                                 F               0         Blade 1 X translation displacement, node 20, m
        176    7.887E+01                                 F               0         Blade 1 Y translation displacement, node 20, m
        177   -6.180E+01                                 F               0         Blade 1 Z translation displacement, node 20, m
        178    1.388E+01                                 F               0         Blade 1 X translation displacement, node 21, m
        179    8.254E+01                                 F               0         Blade 1 Y translation displacement, node 21, m
        180   -6.444E+01                                 F               0         Blade 1 Z translation displacement, node 21, m
        181    1.368E+01                                 F               0         Blade 1 X translation displacement, node 22, m
        182    8.621E+01                                 F               0         Blade 1 Y translation displacement, node 22, m
        183   -6.708E+01                                 F               0         Blade 1 Z translation displacement, node 22, m
        184    1.347E+01                                 F               0         Blade 1 X translation displacement, node 23, m
        185    8.988E+01                                 F               0         Blade 1 Y translation displacement, node 23, m
        186   -6.972E+01                                 F               0         Blade 1 Z translation displacement, node 23, m
        187    1.327E+01                                 F               0         Blade 1 X translation displacement, node 24, m
        188    9.355E+01                                 F               0         Blade 1 Y translation displacement, node 24, m
        189   -7.236E+01                                 F               0         Blade 1 Z translation displacement, node 24, m
        190    1.307E+01                                 F               0         Blade 1 X translation displacement, node 25, m
        191    9.722E+01                                 F               0         Blade 1 Y translation displacement, node 25, m
        192   -7.500E+01                                 F               0         Blade 1 Z translation displacement, node 25, m
        193    1.287E+01                                 F               0         Blade 1 X translation displacement, node 26, m
        194    1.009E+02                                 F               0         Blade 1 Y translation displacement, node 26, m
        195   -7.764E+01                                 F               0         Blade 1 Z translation displacement, node 26, m
        196    1.267E+01                                 F               0         Blade 1 X translation displacement, node 27, m
        197    1.046E+02                                 F               0         Blade 1 Y translation displacement, node 27, m
        198   -8.028E+01                                 F               0         Blade 1 Z translation displacement, node 27, m
        199    1.250E+01                                 F               0         Blade 1 X translation displacement, node 28, m
        200    1.077E+02                                 F               0         Blade 1 Y translation displacement, node 28, m
        201   -8.251E+01                                 F               0         Blade 1 Z translation displacement, node 28, m
        202    9.491E-01, -1.445E-01,  2.800E-01         F               0         Blade 1 X orientation angle, node 1, rad
        203    3.107E-01,  2.815E-01, -9.079E-01         F               0         Blade 1 Y orientation angle, node 1, rad
        204    5.240E-02,  9.486E-01,  3.120E-01         F               0         Blade 1 Z orientation angle, node 1, rad
        205    9.491E-01, -1.445E-01,  2.800E-01         F               0         Blade 1 X orientation angle, node 2, rad
        206    3.107E-01,  2.815E-01, -9.079E-01         F               0         Blade 1 Y orientation angle, node 2, rad
        207    5.240E-02,  9.486E-01,  3.120E-01         F               0         Blade 1 Z orientation angle, node 2, rad
        208    9.957E-01, -7.371E-02,  5.688E-02         F               0         Blade 1 X orientation angle, node 3, rad
        209    7.695E-02,  3.077E-01, -9.484E-01         F               0         Blade 1 Y orientation angle, node 3, rad
        210    5.240E-02,  9.486E-01,  3.120E-01         F               0         Blade 1 Z orientation angle, node 3, rad
        211    9.980E-01, -6.065E-02,  1.678E-02         F               0         Blade 1 X orientation angle, node 4, rad
        212    3.484E-02,  3.105E-01, -9.499E-01         F               0         Blade 1 Y orientation angle, node 4, rad
        213    5.240E-02,  9.486E-01,  3.120E-01         F               0         Blade 1 Z orientation angle, node 4, rad
        214    9.986E-01, -5.032E-02, -1.472E-02         F               0         Blade 1 X orientation angle, node 5, rad
        215    1.735E-03,  3.124E-01, -9.500E-01         F               0         Blade 1 Y orientation angle, node 5, rad
        216    5.240E-02,  9.486E-01,  3.120E-01         F               0         Blade 1 Z orientation angle, node 5, rad
        217    9.983E-01, -4.201E-02, -3.992E-02         F               0         Blade 1 X orientation angle, node 6, rad
        218   -2.476E-02,  3.136E-01, -9.492E-01         F               0         Blade 1 Y orientation angle, node 6, rad
        219    5.240E-02,  9.486E-01,  3.120E-01         F               0         Blade 1 Z orientation angle, node 6, rad
        220    9.975E-01, -3.516E-02, -6.061E-02         F               0         Blade 1 X orientation angle, node 7, rad
        221   -4.653E-02,  3.145E-01, -9.481E-01         F               0         Blade 1 Y orientation angle, node 7, rad
        222    5.240E-02,  9.486E-01,  3.120E-01         F               0         Blade 1 Z orientation angle, node 7, rad
        223    9.965E-01, -2.945E-02, -7.781E-02         F               0         Blade 1 X orientation angle, node 8, rad
        224   -6.463E-02,  3.150E-01, -9.469E-01         F               0         Blade 1 Y orientation angle, node 8, rad
        225    5.240E-02,  9.486E-01,  3.120E-01         F               0         Blade 1 Z orientation angle, node 8, rad
        226    9.954E-01, -2.461E-02, -9.235E-02         F               0         Blade 1 X orientation angle, node 9, rad
        227   -7.992E-02,  3.155E-01, -9.456E-01         F               0         Blade 1 Y orientation angle, node 9, rad
        228    5.240E-02,  9.486E-01,  3.120E-01         F               0         Blade 1 Z orientation angle, node 9, rad
        229    9.943E-01, -2.042E-02, -1.049E-01         F               0         Blade 1 X orientation angle, node 10, rad
        230   -9.312E-02,  3.158E-01, -9.443E-01         F               0         Blade 1 Y orientation angle, node 10, rad
        231    5.240E-02,  9.486E-01,  3.120E-01         F               0         Blade 1 Z orientation angle, node 10, rad
        232    9.932E-01, -1.684E-02, -1.156E-01         F               0         Blade 1 X orientation angle, node 11, rad
        233   -1.044E-01,  3.160E-01, -9.430E-01         F               0         Blade 1 Y orientation angle, node 11, rad
        234    5.240E-02,  9.486E-01,  3.120E-01         F               0         Blade 1 Z orientation angle, node 11, rad
        235    9.921E-01, -1.369E-02, -1.250E-01         F               0         Blade 1 X orientation angle, node 12, rad
        236   -1.143E-01,  3.161E-01, -9.418E-01         F               0         Blade 1 Y orientation angle, node 12, rad
        237    5.240E-02,  9.486E-01,  3.120E-01         F               0         Blade 1 Z orientation angle, node 12, rad
        238    9.910E-01, -1.093E-02, -1.332E-01         F               0         Blade 1 X orientation angle, node 13, rad
        239   -1.229E-01,  3.162E-01, -9.407E-01         F               0         Blade 1 Y orientation angle, node 13, rad
        240    5.240E-02,  9.486E-01,  3.120E-01         F               0         Blade 1 Z orientation angle, node 13, rad
        241    9.900E-01, -8.450E-03, -1.406E-01         F               0         Blade 1 X orientation angle, node 14, rad
        242   -1.307E-01,  3.163E-01, -9.396E-01         F               0         Blade 1 Y orientation angle, node 14, rad
        243    5.240E-02,  9.486E-01,  3.120E-01         F               0         Blade 1 Z orientation angle, node 14, rad
        244    9.891E-01, -6.241E-03, -1.471E-01         F               0         Blade 1 X orientation angle, node 15, rad
        245   -1.376E-01,  3.163E-01, -9.386E-01         F               0         Blade 1 Y orientation angle, node 15, rad
        246    5.240E-02,  9.486E-01,  3.120E-01         F               0         Blade 1 Z orientation angle, node 15, rad
        247    9.882E-01, -4.254E-03, -1.530E-01         F               0         Blade 1 X orientation angle, node 16, rad
        248   -1.438E-01,  3.164E-01, -9.377E-01         F               0         Blade 1 Y orientation angle, node 16, rad
        249    5.240E-02,  9.486E-01,  3.120E-01         F               0         Blade 1 Z orientation angle, node 16, rad
        250    9.874E-01, -2.487E-03, -1.582E-01         F               0         Blade 1 X orientation angle, node 17, rad
        251   -1.493E-01,  3.164E-01, -9.368E-01         F               0         Blade 1 Y orientation angle, node 17, rad
        252    5.240E-02,  9.486E-01,  3.120E-01         F               0         Blade 1 Z orientation angle, node 17, rad
        253    9.866E-01, -8.299E-04, -1.631E-01         F               0         Blade 1 X orientation angle, node 18, rad
        254   -1.545E-01,  3.164E-01, -9.360E-01         F               0         Blade 1 Y orientation angle, node 18, rad
        255    5.240E-02,  9.486E-01,  3.120E-01         F               0         Blade 1 Z orientation angle, node 18, rad
        256    9.859E-01,  6.612E-04, -1.676E-01         F               0         Blade 1 X orientation angle, node 19, rad
        257   -1.592E-01,  3.164E-01, -9.352E-01         F               0         Blade 1 Y orientation angle, node 19, rad
        258    5.240E-02,  9.486E-01,  3.120E-01         F               0         Blade 1 Z orientation angle, node 19, rad
        259    9.852E-01,  1.987E-03, -1.715E-01         F               0         Blade 1 X orientation angle, node 20, rad
        260   -1.633E-01,  3.164E-01, -9.345E-01         F               0         Blade 1 Y orientation angle, node 20, rad
        261    5.240E-02,  9.486E-01,  3.120E-01         F               0         Blade 1 Z orientation angle, node 20, rad
        262    9.845E-01,  3.257E-03, -1.752E-01         F               0         Blade 1 X orientation angle, node 21, rad
        263   -1.672E-01,  3.164E-01, -9.338E-01         F               0         Blade 1 Y orientation angle, node 21, rad
        264    5.240E-02,  9.486E-01,  3.120E-01         F               0         Blade 1 Z orientation angle, node 21, rad
        265    9.839E-01,  4.416E-03, -1.786E-01         F               0         Blade 1 X orientation angle, node 22, rad
        266   -1.708E-01,  3.164E-01, -9.331E-01         F               0         Blade 1 Y orientation angle, node 22, rad
        267    5.240E-02,  9.486E-01,  3.120E-01         F               0         Blade 1 Z orientation angle, node 22, rad
        268    9.833E-01,  5.465E-03, -1.817E-01         F               0         Blade 1 X orientation angle, node 23, rad
        269   -1.741E-01,  3.164E-01, -9.325E-01         F               0         Blade 1 Y orientation angle, node 23, rad
        270    5.240E-02,  9.486E-01,  3.120E-01         F               0         Blade 1 Z orientation angle, node 23, rad
        271    9.828E-01,  6.459E-03, -1.847E-01         F               0         Blade 1 X orientation angle, node 24, rad
        272   -1.772E-01,  3.163E-01, -9.319E-01         F               0         Blade 1 Y orientation angle, node 24, rad
        273    5.240E-02,  9.486E-01,  3.120E-01         F               0         Blade 1 Z orientation angle, node 24, rad
        274    9.823E-01,  7.398E-03, -1.874E-01         F               0         Blade 1 X orientation angle, node 25, rad
        275   -1.801E-01,  3.163E-01, -9.314E-01         F               0         Blade 1 Y orientation angle, node 25, rad
        276    5.240E-02,  9.486E-01,  3.120E-01         F               0         Blade 1 Z orientation angle, node 25, rad
        277    9.818E-01,  8.226E-03, -1.899E-01         F               0         Blade 1 X orientation angle, node 26, rad
        278   -1.827E-01,  3.163E-01, -9.309E-01         F               0         Blade 1 Y orientation angle, node 26, rad
        279    5.240E-02,  9.486E-01,  3.120E-01         F               0         Blade 1 Z orientation angle, node 26, rad
        280    9.813E-01,  9.054E-03, -1.923E-01         F               0         Blade 1 X orientation angle, node 27, rad
        281   -1.852E-01,  3.163E-01, -9.304E-01         F               0         Blade 1 Y orientation angle, node 27, rad
        282    5.240E-02,  9.486E-01,  3.120E-01         F               0         Blade 1 Z orientation angle, node 27, rad
        283    9.810E-01,  9.496E-03, -1.936E-01         F               0         Blade 1 X orientation angle, node 28, rad
        284   -1.866E-01,  3.163E-01, -9.301E-01         F               0         Blade 1 Y orientation angle, node 28, rad
        285    5.240E-02,  9.486E-01,  3.120E-01         F               0         Blade 1 Z orientation angle, node 28, rad
        286    7.261E-01                                 F               0         Blade 1 X translation velocity, node 1, m/s
        287   -1.241E+00                                 F               0         Blade 1 Y translation velocity, node 1, m/s
        288    3.647E+00                                 F               0         Blade 1 Z translation velocity, node 1, m/s
        289    9.013E-01                                 F               0         Blade 1 X translation velocity, node 2, m/s
        290   -1.540E+00                                 F               0         Blade 1 Y translation velocity, node 2, m/s
        291    4.526E+00                                 F               0         Blade 1 Z translation velocity, node 2, m/s
        292    3.283E+00                                 F               0         Blade 1 X translation velocity, node 3, m/s
        293   -5.603E+00                                 F               0         Blade 1 Y translation velocity, node 3, m/s
        294    1.648E+01                                 F               0         Blade 1 Z translation velocity, node 3, m/s
        295    3.791E+00                                 F               0         Blade 1 X translation velocity, node 4, m/s
        296   -6.469E+00                                 F               0         Blade 1 Y translation velocity, node 4, m/s
        297    1.902E+01                                 F               0         Blade 1 Z translation velocity, node 4, m/s
        298    4.298E+00                                 F               0         Blade 1 X translation velocity, node 5, m/s
        299   -7.335E+00                                 F               0         Blade 1 Y translation velocity, node 5, m/s
        300    2.157E+01                                 F               0         Blade 1 Z translation velocity, node 5, m/s
        301    4.806E+00                                 F               0         Blade 1 X translation velocity, node 6, m/s
        302   -8.200E+00                                 F               0         Blade 1 Y translation velocity, node 6, m/s
        303    2.412E+01                                 F               0         Blade 1 Z translation velocity, node 6, m/s
        304    5.313E+00                                 F               0         Blade 1 X translation velocity, node 7, m/s
        305   -9.066E+00                                 F               0         Blade 1 Y translation velocity, node 7, m/s
        306    2.667E+01                                 F               0         Blade 1 Z translation velocity, node 7, m/s
        307    5.821E+00                                 F               0         Blade 1 X translation velocity, node 8, m/s
