
Linearized model: Predictions were generated on 08-Jan-2024 at 09:43:14 using OpenFAST, compiled as a 64-bit application using single precision at commit v3.5.1
 linked with  NWTC Subroutine Library; ElastoDyn; InflowWind; AeroDyn; ServoDyn; HydroDyn; MoorDyn (v2.0.0, 2023-09-18)

Description from the FAST input file: CCT-9 Campign 4 model. Input files to be run with OpenFAST 3.5.0. GitHub branch from Lu Wang (https://github.com/luwang00/openfast/tree/dev) compiled on March 7, 2023.

Simulation information:
   Simulation time:                  1005.9750 s
   Rotor Speed:                         0.7078 rad/s
   Azimuth:                             3.4144 rad
   Wind Speed:                          8.0000 m/s
   Number of continuous states:         0
   Number of discrete states:           0
   Number of constraint states:         0
   Number of inputs:                 1746
   Number of outputs:                   4
   Jacobians included in this file?    No

Order of inputs:
     Column   Operating Point                     Rotating Frame? Derivative Order Description
   ---------- ---------------                     --------------- ---------------- -----------
          1    7.250E+00                                 F               0         Tower X translation displacement, node 1, m
          2   -1.277E+00                                 F               0         Tower Y translation displacement, node 1, m
          3   -1.626E-01                                 F               0         Tower Z translation displacement, node 1, m
          4    8.292E+00                                 F               0         Tower X translation displacement, node 2, m
          5   -1.818E+00                                 F               0         Tower Y translation displacement, node 2, m
          6   -2.185E-01                                 F               0         Tower Z translation displacement, node 2, m
          7    9.350E+00                                 F               0         Tower X translation displacement, node 3, m
          8   -2.364E+00                                 F               0         Tower Y translation displacement, node 3, m
          9   -2.760E-01                                 F               0         Tower Z translation displacement, node 3, m
         10    1.042E+01                                 F               0         Tower X translation displacement, node 4, m
         11   -2.914E+00                                 F               0         Tower Y translation displacement, node 4, m
         12   -3.347E-01                                 F               0         Tower Z translation displacement, node 4, m
         13    1.150E+01                                 F               0         Tower X translation displacement, node 5, m
         14   -3.468E+00                                 F               0         Tower Y translation displacement, node 5, m
         15   -3.944E-01                                 F               0         Tower Z translation displacement, node 5, m
         16    1.259E+01                                 F               0         Tower X translation displacement, node 6, m
         17   -4.025E+00                                 F               0         Tower Y translation displacement, node 6, m
         18   -4.548E-01                                 F               0         Tower Z translation displacement, node 6, m
         19    1.368E+01                                 F               0         Tower X translation displacement, node 7, m
         20   -4.584E+00                                 F               0         Tower Y translation displacement, node 7, m
         21   -5.158E-01                                 F               0         Tower Z translation displacement, node 7, m
         22    1.477E+01                                 F               0         Tower X translation displacement, node 8, m
         23   -5.145E+00                                 F               0         Tower Y translation displacement, node 8, m
         24   -5.773E-01                                 F               0         Tower Z translation displacement, node 8, m
         25    1.587E+01                                 F               0         Tower X translation displacement, node 9, m
         26   -5.707E+00                                 F               0         Tower Y translation displacement, node 9, m
         27   -6.390E-01                                 F               0         Tower Z translation displacement, node 9, m
         28    1.697E+01                                 F               0         Tower X translation displacement, node 10, m
         29   -6.271E+00                                 F               0         Tower Y translation displacement, node 10, m
         30   -7.009E-01                                 F               0         Tower Z translation displacement, node 10, m
         31    1.807E+01                                 F               0         Tower X translation displacement, node 11, m
         32   -6.835E+00                                 F               0         Tower Y translation displacement, node 11, m
         33   -7.630E-01                                 F               0         Tower Z translation displacement, node 11, m
         34    9.965E-01,  4.119E-03, -8.374E-02         F               0         Tower X orientation angle, node 1, rad
         35   -4.480E-04,  9.990E-01,  4.381E-02         F               0         Tower Y orientation angle, node 1, rad
         36    8.384E-02, -4.361E-02,  9.955E-01         F               0         Tower Z orientation angle, node 1, rad
         37    9.964E-01,  4.172E-03, -8.494E-02         F               0         Tower X orientation angle, node 2, rad
         38   -4.143E-04,  9.990E-01,  4.420E-02         F               0         Tower Y orientation angle, node 2, rad
         39    8.504E-02, -4.401E-02,  9.954E-01         F               0         Tower Z orientation angle, node 2, rad
         40    9.963E-01,  4.218E-03, -8.598E-02         F               0         Tower X orientation angle, node 3, rad
         41   -3.837E-04,  9.990E-01,  4.456E-02         F               0         Tower Y orientation angle, node 3, rad
         42    8.608E-02, -4.436E-02,  9.953E-01         F               0         Tower Z orientation angle, node 3, rad
         43    9.962E-01,  4.256E-03, -8.684E-02         F               0         Tower X orientation angle, node 4, rad
         44   -3.566E-04,  9.990E-01,  4.487E-02         F               0         Tower Y orientation angle, node 4, rad
         45    8.694E-02, -4.467E-02,  9.952E-01         F               0         Tower Z orientation angle, node 4, rad
         46    9.962E-01,  4.287E-03, -8.752E-02         F               0         Tower X orientation angle, node 5, rad
         47   -3.333E-04,  9.990E-01,  4.514E-02         F               0         Tower Y orientation angle, node 5, rad
         48    8.762E-02, -4.494E-02,  9.951E-01         F               0         Tower Z orientation angle, node 5, rad
         49    9.961E-01,  4.311E-03, -8.804E-02         F               0         Tower X orientation angle, node 6, rad
         50   -3.136E-04,  9.990E-01,  4.536E-02         F               0         Tower Y orientation angle, node 6, rad
         51    8.815E-02, -4.516E-02,  9.951E-01         F               0         Tower Z orientation angle, node 6, rad
         52    9.961E-01,  4.328E-03, -8.841E-02         F               0         Tower X orientation angle, node 7, rad
         53   -2.978E-04,  9.990E-01,  4.554E-02         F               0         Tower Y orientation angle, node 7, rad
         54    8.852E-02, -4.534E-02,  9.950E-01         F               0         Tower Z orientation angle, node 7, rad
         55    9.961E-01,  4.339E-03, -8.867E-02         F               0         Tower X orientation angle, node 8, rad
         56   -2.855E-04,  9.990E-01,  4.568E-02         F               0         Tower Y orientation angle, node 8, rad
         57    8.877E-02, -4.547E-02,  9.950E-01         F               0         Tower Z orientation angle, node 8, rad
         58    9.960E-01,  4.347E-03, -8.883E-02         F               0         Tower X orientation angle, node 9, rad
         59   -2.765E-04,  9.990E-01,  4.578E-02         F               0         Tower Y orientation angle, node 9, rad
         60    8.894E-02, -4.558E-02,  9.950E-01         F               0         Tower Z orientation angle, node 9, rad
         61    9.960E-01,  4.351E-03, -8.892E-02         F               0         Tower X orientation angle, node 10, rad
         62   -2.706E-04,  9.989E-01,  4.585E-02         F               0         Tower Y orientation angle, node 10, rad
         63    8.902E-02, -4.564E-02,  9.950E-01         F               0         Tower Z orientation angle, node 10, rad
         64    9.960E-01,  4.353E-03, -8.896E-02         F               0         Tower X orientation angle, node 11, rad
         65   -2.674E-04,  9.989E-01,  4.589E-02         F               0         Tower Y orientation angle, node 11, rad
         66    8.906E-02, -4.568E-02,  9.950E-01         F               0         Tower Z orientation angle, node 11, rad
         67   -2.086E-04                                 F               0         Tower X translation velocity, node 1, m/s
         68   -6.163E-04                                 F               0         Tower Y translation velocity, node 1, m/s
         69   -2.384E-03                                 F               0         Tower Z translation velocity, node 1, m/s
         70   -2.200E-04                                 F               0         Tower X translation velocity, node 2, m/s
         71   -5.929E-04                                 F               0         Tower Y translation velocity, node 2, m/s
         72   -2.382E-03                                 F               0         Tower Z translation velocity, node 2, m/s
         73   -2.204E-04                                 F               0         Tower X translation velocity, node 3, m/s
         74   -5.604E-04                                 F               0         Tower Y translation velocity, node 3, m/s
         75   -2.381E-03                                 F               0         Tower Z translation velocity, node 3, m/s
         76   -2.116E-04                                 F               0         Tower X translation velocity, node 4, m/s
         77   -5.203E-04                                 F               0         Tower Y translation velocity, node 4, m/s
         78   -2.380E-03                                 F               0         Tower Z translation velocity, node 4, m/s
         79   -1.942E-04                                 F               0         Tower X translation velocity, node 5, m/s
         80   -4.734E-04                                 F               0         Tower Y translation velocity, node 5, m/s
         81   -2.379E-03                                 F               0         Tower Z translation velocity, node 5, m/s
         82   -1.690E-04                                 F               0         Tower X translation velocity, node 6, m/s
         83   -4.205E-04                                 F               0         Tower Y translation velocity, node 6, m/s
         84   -2.379E-03                                 F               0         Tower Z translation velocity, node 6, m/s
         85   -1.374E-04                                 F               0         Tower X translation velocity, node 7, m/s
         86   -3.628E-04                                 F               0         Tower Y translation velocity, node 7, m/s
         87   -2.379E-03                                 F               0         Tower Z translation velocity, node 7, m/s
         88   -9.970E-05                                 F               0         Tower X translation velocity, node 8, m/s
         89   -3.006E-04                                 F               0         Tower Y translation velocity, node 8, m/s
         90   -2.380E-03                                 F               0         Tower Z translation velocity, node 8, m/s
         91   -5.710E-05                                 F               0         Tower X translation velocity, node 9, m/s
         92   -2.350E-04                                 F               0         Tower Y translation velocity, node 9, m/s
         93   -2.380E-03                                 F               0         Tower Z translation velocity, node 9, m/s
         94   -1.082E-05                                 F               0         Tower X translation velocity, node 10, m/s
         95   -1.668E-04                                 F               0         Tower Y translation velocity, node 10, m/s
         96   -2.381E-03                                 F               0         Tower Z translation velocity, node 10, m/s
         97    3.782E-05                                 F               0         Tower X translation velocity, node 11, m/s
         98   -9.701E-05                                 F               0         Tower Y translation velocity, node 11, m/s
         99   -2.382E-03                                 F               0         Tower Z translation velocity, node 11, m/s
        100    1.881E+01                                 F               0         Hub X translation displacement, node 1, m
        101   -7.241E+00                                 F               0         Hub Y translation displacement, node 1, m
        102    1.584E-01                                 F               0         Hub Z translation displacement, node 1, m
        103    9.813E-01,  9.104E-03, -1.925E-01         F               0         Hub X orientation angle, node 1, rad
        104   -5.166E-02, -9.499E-01, -3.083E-01         F               0         Hub Y orientation angle, node 1, rad
        105   -1.856E-01,  3.125E-01, -9.316E-01         F               0         Hub Z orientation angle, node 1, rad
        106    6.945E-01                                 F               0         Hub X rotation velocity, node 1, rad/s
        107    6.447E-03                                 F               0         Hub Y rotation velocity, node 1, rad/s
        108   -1.362E-01                                 F               0         Hub Z rotation velocity, node 1, rad/s
        109    9.824E-01,  3.728E-02, -1.832E-01         F               0         Blade root 1 X orientation angle, node 1, rad
        110   -2.253E-02, -9.492E-01, -3.139E-01         F               0         Blade root 1 Y orientation angle, node 1, rad
        111   -1.856E-01,  3.125E-01, -9.316E-01         F               0         Blade root 1 Z orientation angle, node 1, rad
        112    9.848E-01, -1.302E-02, -1.730E-01         F               0         Blade root 2 X orientation angle, node 1, rad
        113   -1.058E-01,  7.455E-01, -6.581E-01         F               0         Blade root 2 Y orientation angle, node 1, rad
        114    1.376E-01,  6.664E-01,  7.328E-01         F               0         Blade root 2 Z orientation angle, node 1, rad
        115    9.753E-01,  3.038E-03, -2.209E-01         F               0         Blade root 3 X orientation angle, node 1, rad
        116    2.156E-01,  2.045E-01,  9.548E-01         F               0         Blade root 3 Y orientation angle, node 1, rad
        117    4.808E-02, -9.789E-01,  1.988E-01         F               0         Blade root 3 Z orientation angle, node 1, rad
        118    1.720E+01                                 F               0         Blade 1 X translation displacement, node 1, m
        119   -5.510E+00                                 F               0         Blade 1 Y translation displacement, node 1, m
        120   -1.051E+01                                 F               0         Blade 1 Z translation displacement, node 1, m
        121    1.682E+01                                 F               0         Blade 1 X translation displacement, node 2, m
        122   -5.093E+00                                 F               0         Blade 1 Y translation displacement, node 2, m
        123   -1.308E+01                                 F               0         Blade 1 Z translation displacement, node 2, m
        124    1.155E+01                                 F               0         Blade 1 X translation displacement, node 3, m
        125    5.793E-01                                 F               0         Blade 1 Y translation displacement, node 3, m
        126   -4.805E+01                                 F               0         Blade 1 Z translation displacement, node 3, m
        127    1.043E+01                                 F               0         Blade 1 X translation displacement, node 4, m
        128    1.788E+00                                 F               0         Blade 1 Y translation displacement, node 4, m
        129   -5.550E+01                                 F               0         Blade 1 Z translation displacement, node 4, m
        130    9.305E+00                                 F               0         Blade 1 X translation displacement, node 5, m
        131    2.996E+00                                 F               0         Blade 1 Y translation displacement, node 5, m
        132   -6.295E+01                                 F               0         Blade 1 Z translation displacement, node 5, m
        133    8.183E+00                                 F               0         Blade 1 X translation displacement, node 6, m
        134    4.205E+00                                 F               0         Blade 1 Y translation displacement, node 6, m
        135   -7.040E+01                                 F               0         Blade 1 Z translation displacement, node 6, m
        136    7.061E+00                                 F               0         Blade 1 X translation displacement, node 7, m
        137    5.413E+00                                 F               0         Blade 1 Y translation displacement, node 7, m
        138   -7.785E+01                                 F               0         Blade 1 Z translation displacement, node 7, m
        139    5.938E+00                                 F               0         Blade 1 X translation displacement, node 8, m
        140    6.622E+00                                 F               0         Blade 1 Y translation displacement, node 8, m
        141   -8.530E+01                                 F               0         Blade 1 Z translation displacement, node 8, m
        142    4.816E+00                                 F               0         Blade 1 X translation displacement, node 9, m
        143    7.830E+00                                 F               0         Blade 1 Y translation displacement, node 9, m
        144   -9.275E+01                                 F               0         Blade 1 Z translation displacement, node 9, m
        145    3.694E+00                                 F               0         Blade 1 X translation displacement, node 10, m
        146    9.039E+00                                 F               0         Blade 1 Y translation displacement, node 10, m
        147   -1.002E+02                                 F               0         Blade 1 Z translation displacement, node 10, m
        148    2.572E+00                                 F               0         Blade 1 X translation displacement, node 11, m
        149    1.025E+01                                 F               0         Blade 1 Y translation displacement, node 11, m
        150   -1.076E+02                                 F               0         Blade 1 Z translation displacement, node 11, m
        151    1.449E+00                                 F               0         Blade 1 X translation displacement, node 12, m
        152    1.146E+01                                 F               0         Blade 1 Y translation displacement, node 12, m
        153   -1.151E+02                                 F               0         Blade 1 Z translation displacement, node 12, m
        154    3.272E-01                                 F               0         Blade 1 X translation displacement, node 13, m
        155    1.266E+01                                 F               0         Blade 1 Y translation displacement, node 13, m
        156   -1.225E+02                                 F               0         Blade 1 Z translation displacement, node 13, m
        157   -7.950E-01                                 F               0         Blade 1 X translation displacement, node 14, m
        158    1.387E+01                                 F               0         Blade 1 Y translation displacement, node 14, m
        159   -1.300E+02                                 F               0         Blade 1 Z translation displacement, node 14, m
        160   -1.917E+00                                 F               0         Blade 1 X translation displacement, node 15, m
        161    1.508E+01                                 F               0         Blade 1 Y translation displacement, node 15, m
        162   -1.374E+02                                 F               0         Blade 1 Z translation displacement, node 15, m
        163   -3.040E+00                                 F               0         Blade 1 X translation displacement, node 16, m
        164    1.629E+01                                 F               0         Blade 1 Y translation displacement, node 16, m
        165   -1.449E+02                                 F               0         Blade 1 Z translation displacement, node 16, m
        166   -4.162E+00                                 F               0         Blade 1 X translation displacement, node 17, m
        167    1.750E+01                                 F               0         Blade 1 Y translation displacement, node 17, m
        168   -1.523E+02                                 F               0         Blade 1 Z translation displacement, node 17, m
        169   -5.284E+00                                 F               0         Blade 1 X translation displacement, node 18, m
        170    1.871E+01                                 F               0         Blade 1 Y translation displacement, node 18, m
        171   -1.598E+02                                 F               0         Blade 1 Z translation displacement, node 18, m
        172   -6.406E+00                                 F               0         Blade 1 X translation displacement, node 19, m
        173    1.992E+01                                 F               0         Blade 1 Y translation displacement, node 19, m
        174   -1.672E+02                                 F               0         Blade 1 Z translation displacement, node 19, m
        175   -7.529E+00                                 F               0         Blade 1 X translation displacement, node 20, m
        176    2.112E+01                                 F               0         Blade 1 Y translation displacement, node 20, m
        177   -1.747E+02                                 F               0         Blade 1 Z translation displacement, node 20, m
        178   -8.651E+00                                 F               0         Blade 1 X translation displacement, node 21, m
        179    2.233E+01                                 F               0         Blade 1 Y translation displacement, node 21, m
        180   -1.821E+02                                 F               0         Blade 1 Z translation displacement, node 21, m
        181   -9.773E+00                                 F               0         Blade 1 X translation displacement, node 22, m
        182    2.354E+01                                 F               0         Blade 1 Y translation displacement, node 22, m
        183   -1.896E+02                                 F               0         Blade 1 Z translation displacement, node 22, m
        184   -1.090E+01                                 F               0         Blade 1 X translation displacement, node 23, m
        185    2.475E+01                                 F               0         Blade 1 Y translation displacement, node 23, m
        186   -1.970E+02                                 F               0         Blade 1 Z translation displacement, node 23, m
        187   -1.202E+01                                 F               0         Blade 1 X translation displacement, node 24, m
        188    2.596E+01                                 F               0         Blade 1 Y translation displacement, node 24, m
        189   -2.045E+02                                 F               0         Blade 1 Z translation displacement, node 24, m
        190   -1.314E+01                                 F               0         Blade 1 X translation displacement, node 25, m
        191    2.717E+01                                 F               0         Blade 1 Y translation displacement, node 25, m
        192   -2.119E+02                                 F               0         Blade 1 Z translation displacement, node 25, m
        193   -1.426E+01                                 F               0         Blade 1 X translation displacement, node 26, m
        194    2.837E+01                                 F               0         Blade 1 Y translation displacement, node 26, m
        195   -2.194E+02                                 F               0         Blade 1 Z translation displacement, node 26, m
        196   -1.538E+01                                 F               0         Blade 1 X translation displacement, node 27, m
        197    2.958E+01                                 F               0         Blade 1 Y translation displacement, node 27, m
        198   -2.268E+02                                 F               0         Blade 1 Z translation displacement, node 27, m
        199   -1.634E+01                                 F               0         Blade 1 X translation displacement, node 28, m
        200    3.061E+01                                 F               0         Blade 1 Y translation displacement, node 28, m
        201   -2.332E+02                                 F               0         Blade 1 Z translation displacement, node 28, m
        202    8.845E-01,  4.660E-01, -1.996E-02         F               0         Blade 1 X orientation angle, node 1, rad
        203    4.279E-01, -8.278E-01, -3.629E-01         F               0         Blade 1 Y orientation angle, node 1, rad
        204   -1.856E-01,  3.125E-01, -9.316E-01         F               0         Blade 1 Z orientation angle, node 1, rad
        205    8.845E-01,  4.660E-01, -1.996E-02         F               0         Blade 1 X orientation angle, node 2, rad
        206    4.279E-01, -8.278E-01, -3.629E-01         F               0         Blade 1 Y orientation angle, node 2, rad
        207   -1.856E-01,  3.125E-01, -9.316E-01         F               0         Blade 1 Z orientation angle, node 2, rad
        208    9.608E-01,  2.566E-01, -1.054E-01         F               0         Blade 1 X orientation angle, node 3, rad
        209    2.061E-01, -9.146E-01, -3.478E-01         F               0         Blade 1 Y orientation angle, node 3, rad
        210   -1.856E-01,  3.125E-01, -9.316E-01         F               0         Blade 1 Z orientation angle, node 3, rad
        211    9.686E-01,  2.177E-01, -1.200E-01         F               0         Blade 1 X orientation angle, node 4, rad
        212    1.653E-01, -9.246E-01, -3.431E-01         F               0         Blade 1 Y orientation angle, node 4, rad
        213   -1.856E-01,  3.125E-01, -9.316E-01         F               0         Blade 1 Z orientation angle, node 4, rad
        214    9.736E-01,  1.869E-01, -1.313E-01         F               0         Blade 1 X orientation angle, node 5, rad
        215    1.331E-01, -9.314E-01, -3.389E-01         F               0         Blade 1 Y orientation angle, node 5, rad
        216   -1.856E-01,  3.125E-01, -9.316E-01         F               0         Blade 1 Z orientation angle, node 5, rad
        217    9.767E-01,  1.622E-01, -1.402E-01         F               0         Blade 1 X orientation angle, node 6, rad
        218    1.073E-01, -9.360E-01, -3.353E-01         F               0         Blade 1 Y orientation angle, node 6, rad
        219   -1.856E-01,  3.125E-01, -9.316E-01         F               0         Blade 1 Z orientation angle, node 6, rad
        220    9.789E-01,  1.417E-01, -1.475E-01         F               0         Blade 1 X orientation angle, node 7, rad
        221    8.592E-02, -9.393E-01, -3.322E-01         F               0         Blade 1 Y orientation angle, node 7, rad
        222   -1.856E-01,  3.125E-01, -9.316E-01         F               0         Blade 1 Z orientation angle, node 7, rad
        223    9.803E-01,  1.246E-01, -1.535E-01         F               0         Blade 1 X orientation angle, node 8, rad
        224    6.814E-02, -9.417E-01, -3.294E-01         F               0         Blade 1 Y orientation angle, node 8, rad
        225   -1.856E-01,  3.125E-01, -9.316E-01         F               0         Blade 1 Z orientation angle, node 8, rad
        226    9.812E-01,  1.102E-01, -1.586E-01         F               0         Blade 1 X orientation angle, node 9, rad
        227    5.308E-02, -9.435E-01, -3.270E-01         F               0         Blade 1 Y orientation angle, node 9, rad
        228   -1.856E-01,  3.125E-01, -9.316E-01         F               0         Blade 1 Z orientation angle, node 9, rad
        229    9.818E-01,  9.763E-02, -1.629E-01         F               0         Blade 1 X orientation angle, node 10, rad
        230    4.006E-02, -9.449E-01, -3.249E-01         F               0         Blade 1 Y orientation angle, node 10, rad
        231   -1.856E-01,  3.125E-01, -9.316E-01         F               0         Blade 1 Z orientation angle, node 10, rad
        232    9.822E-01,  8.691E-02, -1.666E-01         F               0         Blade 1 X orientation angle, node 11, rad
        233    2.892E-02, -9.459E-01, -3.230E-01         F               0         Blade 1 Y orientation angle, node 11, rad
        234   -1.856E-01,  3.125E-01, -9.316E-01         F               0         Blade 1 Z orientation angle, node 11, rad
        235    9.824E-01,  7.749E-02, -1.698E-01         F               0         Blade 1 X orientation angle, node 12, rad
        236    1.915E-02, -9.468E-01, -3.214E-01         F               0         Blade 1 Y orientation angle, node 12, rad
        237   -1.856E-01,  3.125E-01, -9.316E-01         F               0         Blade 1 Z orientation angle, node 12, rad
        238    9.826E-01,  6.923E-02, -1.726E-01         F               0         Blade 1 X orientation angle, node 13, rad
        239    1.057E-02, -9.474E-01, -3.199E-01         F               0         Blade 1 Y orientation angle, node 13, rad
        240   -1.856E-01,  3.125E-01, -9.316E-01         F               0         Blade 1 Z orientation angle, node 13, rad
        241    9.826E-01,  6.178E-02, -1.751E-01         F               0         Blade 1 X orientation angle, node 14, rad
        242    2.854E-03, -9.479E-01, -3.185E-01         F               0         Blade 1 Y orientation angle, node 14, rad
        243   -1.856E-01,  3.125E-01, -9.316E-01         F               0         Blade 1 Z orientation angle, node 14, rad
        244    9.826E-01,  5.516E-02, -1.773E-01         F               0         Blade 1 X orientation angle, node 15, rad
        245   -4.006E-03, -9.483E-01, -3.173E-01         F               0         Blade 1 Y orientation angle, node 15, rad
        246   -1.856E-01,  3.125E-01, -9.316E-01         F               0         Blade 1 Z orientation angle, node 15, rad
        247    9.826E-01,  4.920E-02, -1.793E-01         F               0         Blade 1 X orientation angle, node 16, rad
        248   -1.018E-02, -9.487E-01, -3.161E-01         F               0         Blade 1 Y orientation angle, node 16, rad
        249   -1.856E-01,  3.125E-01, -9.316E-01         F               0         Blade 1 Z orientation angle, node 16, rad
        250    9.825E-01,  4.391E-02, -1.810E-01         F               0         Blade 1 X orientation angle, node 17, rad
        251   -1.567E-02, -9.489E-01, -3.151E-01         F               0         Blade 1 Y orientation angle, node 17, rad
        252   -1.856E-01,  3.125E-01, -9.316E-01         F               0         Blade 1 Z orientation angle, node 17, rad
        253    9.824E-01,  3.894E-02, -1.827E-01         F               0         Blade 1 X orientation angle, node 18, rad
        254   -2.081E-02, -9.491E-01, -3.142E-01         F               0         Blade 1 Y orientation angle, node 18, rad
        255   -1.856E-01,  3.125E-01, -9.316E-01         F               0         Blade 1 Z orientation angle, node 18, rad
        256    9.823E-01,  3.446E-02, -1.842E-01         F               0         Blade 1 X orientation angle, node 19, rad
        257   -2.544E-02, -9.493E-01, -3.133E-01         F               0         Blade 1 Y orientation angle, node 19, rad
        258   -1.856E-01,  3.125E-01, -9.316E-01         F               0         Blade 1 Z orientation angle, node 19, rad
        259    9.822E-01,  3.049E-02, -1.855E-01         F               0         Blade 1 X orientation angle, node 20, rad
        260   -2.955E-02, -9.494E-01, -3.125E-01         F               0         Blade 1 Y orientation angle, node 20, rad
        261   -1.856E-01,  3.125E-01, -9.316E-01         F               0         Blade 1 Z orientation angle, node 20, rad
        262    9.820E-01,  2.667E-02, -1.867E-01         F               0         Blade 1 X orientation angle, node 21, rad
        263   -3.350E-02, -9.496E-01, -3.118E-01         F               0         Blade 1 Y orientation angle, node 21, rad
        264   -1.856E-01,  3.125E-01, -9.316E-01         F               0         Blade 1 Z orientation angle, node 21, rad
        265    9.819E-01,  2.319E-02, -1.879E-01         F               0         Blade 1 X orientation angle, node 22, rad
        266   -3.710E-02, -9.496E-01, -3.111E-01         F               0         Blade 1 Y orientation angle, node 22, rad
        267   -1.856E-01,  3.125E-01, -9.316E-01         F               0         Blade 1 Z orientation angle, node 22, rad
        268    9.818E-01,  2.004E-02, -1.889E-01         F               0         Blade 1 X orientation angle, node 23, rad
        269   -4.035E-02, -9.497E-01, -3.105E-01         F               0         Blade 1 Y orientation angle, node 23, rad
        270   -1.856E-01,  3.125E-01, -9.316E-01         F               0         Blade 1 Z orientation angle, node 23, rad
        271    9.817E-01,  1.706E-02, -1.899E-01         F               0         Blade 1 X orientation angle, node 24, rad
        272   -4.344E-02, -9.498E-01, -3.099E-01         F               0         Blade 1 Y orientation angle, node 24, rad
        273   -1.856E-01,  3.125E-01, -9.316E-01         F               0         Blade 1 Z orientation angle, node 24, rad
        274    9.815E-01,  1.424E-02, -1.908E-01         F               0         Blade 1 X orientation angle, node 25, rad
        275   -4.635E-02, -9.498E-01, -3.093E-01         F               0         Blade 1 Y orientation angle, node 25, rad
        276   -1.856E-01,  3.125E-01, -9.316E-01         F               0         Blade 1 Z orientation angle, node 25, rad
        277    9.814E-01,  1.176E-02, -1.916E-01         F               0         Blade 1 X orientation angle, node 26, rad
        278   -4.892E-02, -9.499E-01, -3.088E-01         F               0         Blade 1 Y orientation angle, node 26, rad
        279   -1.856E-01,  3.125E-01, -9.316E-01         F               0         Blade 1 Z orientation angle, node 26, rad
        280    9.813E-01,  9.270E-03, -1.924E-01         F               0         Blade 1 X orientation angle, node 27, rad
        281   -5.149E-02, -9.499E-01, -3.083E-01         F               0         Blade 1 Y orientation angle, node 27, rad
        282   -1.856E-01,  3.125E-01, -9.316E-01         F               0         Blade 1 Z orientation angle, node 27, rad
        283    9.812E-01,  7.943E-03, -1.929E-01         F               0         Blade 1 X orientation angle, node 28, rad
        284   -5.286E-02, -9.499E-01, -3.081E-01         F               0         Blade 1 Y orientation angle, node 28, rad
        285   -1.856E-01,  3.125E-01, -9.316E-01         F               0         Blade 1 Z orientation angle, node 28, rad
        286    2.026E-01                                 F               0         Blade 1 X translation velocity, node 1, m/s
        287    3.724E+00                                 F               0         Blade 1 Y translation velocity, node 1, m/s
        288    1.206E+00                                 F               0         Blade 1 Z translation velocity, node 1, m/s
        289    2.514E-01                                 F               0         Blade 1 X translation velocity, node 2, m/s
        290    4.622E+00                                 F               0         Blade 1 Y translation velocity, node 2, m/s
        291    1.498E+00                                 F               0         Blade 1 Z translation velocity, node 2, m/s
        292    9.150E-01                                 F               0         Blade 1 X translation velocity, node 3, m/s
        293    1.683E+01                                 F               0         Blade 1 Y translation velocity, node 3, m/s
        294    5.458E+00                                 F               0         Blade 1 Z translation velocity, node 3, m/s
        295    1.056E+00                                 F               0         Blade 1 X translation velocity, node 4, m/s
        296    1.943E+01                                 F               0         Blade 1 Y translation velocity, node 4, m/s
        297    6.302E+00                                 F               0         Blade 1 Z translation velocity, node 4, m/s
        298    1.198E+00                                 F               0         Blade 1 X translation velocity, node 5, m/s
        299    2.203E+01                                 F               0         Blade 1 Y translation velocity, node 5, m/s
        300    7.146E+00                                 F               0         Blade 1 Z translation velocity, node 5, m/s
        301    1.339E+00                                 F               0         Blade 1 X translation velocity, node 6, m/s
        302    2.463E+01                                 F               0         Blade 1 Y translation velocity, node 6, m/s
        303    7.990E+00                                 F               0         Blade 1 Z translation velocity, node 6, m/s
        304    1.481E+00                                 F               0         Blade 1 X translation velocity, node 7, m/s
        305    2.723E+01                                 F               0         Blade 1 Y translation velocity, node 7, m/s
        306    8.834E+00                                 F               0         Blade 1 Z translation velocity, node 7, m/s
        307    1.622E+00                                 F               0         Blade 1 X translation velocity, node 8, m/s
