
Linearized model: Predictions were generated on 08-Jan-2024 at 09:43:14 using OpenFAST, compiled as a 64-bit application using single precision at commit v3.5.1
 linked with  NWTC Subroutine Library; ElastoDyn; InflowWind; AeroDyn; ServoDyn; HydroDyn; MoorDyn (v2.0.0, 2023-09-18)

Description from the FAST input file: CCT-9 Campign 4 model. Input files to be run with OpenFAST 3.5.0. GitHub branch from Lu Wang (https://github.com/luwang00/openfast/tree/dev) compiled on March 7, 2023.

Simulation information:
   Simulation time:                  1008.9500 s
   Rotor Speed:                         0.7076 rad/s
   Azimuth:                             5.5200 rad
   Wind Speed:                          8.0000 m/s
   Number of continuous states:         0
   Number of discrete states:           0
   Number of constraint states:         0
   Number of inputs:                 1746
   Number of outputs:                   4
   Jacobians included in this file?    No

Order of inputs:
     Column   Operating Point                     Rotating Frame? Derivative Order Description
   ---------- ---------------                     --------------- ---------------- -----------
          1    7.250E+00                                 F               0         Tower X translation displacement, node 1, m
          2   -1.280E+00                                 F               0         Tower Y translation displacement, node 1, m
          3   -1.666E-01                                 F               0         Tower Z translation displacement, node 1, m
          4    8.292E+00                                 F               0         Tower X translation displacement, node 2, m
          5   -1.821E+00                                 F               0         Tower Y translation displacement, node 2, m
          6   -2.226E-01                                 F               0         Tower Z translation displacement, node 2, m
          7    9.349E+00                                 F               0         Tower X translation displacement, node 3, m
          8   -2.367E+00                                 F               0         Tower Y translation displacement, node 3, m
          9   -2.800E-01                                 F               0         Tower Z translation displacement, node 3, m
         10    1.042E+01                                 F               0         Tower X translation displacement, node 4, m
         11   -2.917E+00                                 F               0         Tower Y translation displacement, node 4, m
         12   -3.387E-01                                 F               0         Tower Z translation displacement, node 4, m
         13    1.150E+01                                 F               0         Tower X translation displacement, node 5, m
         14   -3.471E+00                                 F               0         Tower Y translation displacement, node 5, m
         15   -3.984E-01                                 F               0         Tower Z translation displacement, node 5, m
         16    1.258E+01                                 F               0         Tower X translation displacement, node 6, m
         17   -4.028E+00                                 F               0         Tower Y translation displacement, node 6, m
         18   -4.588E-01                                 F               0         Tower Z translation displacement, node 6, m
         19    1.368E+01                                 F               0         Tower X translation displacement, node 7, m
         20   -4.587E+00                                 F               0         Tower Y translation displacement, node 7, m
         21   -5.198E-01                                 F               0         Tower Z translation displacement, node 7, m
         22    1.477E+01                                 F               0         Tower X translation displacement, node 8, m
         23   -5.148E+00                                 F               0         Tower Y translation displacement, node 8, m
         24   -5.813E-01                                 F               0         Tower Z translation displacement, node 8, m
         25    1.587E+01                                 F               0         Tower X translation displacement, node 9, m
         26   -5.710E+00                                 F               0         Tower Y translation displacement, node 9, m
         27   -6.430E-01                                 F               0         Tower Z translation displacement, node 9, m
         28    1.697E+01                                 F               0         Tower X translation displacement, node 10, m
         29   -6.274E+00                                 F               0         Tower Y translation displacement, node 10, m
         30   -7.049E-01                                 F               0         Tower Z translation displacement, node 10, m
         31    1.807E+01                                 F               0         Tower X translation displacement, node 11, m
         32   -6.838E+00                                 F               0         Tower Y translation displacement, node 11, m
         33   -7.670E-01                                 F               0         Tower Z translation displacement, node 11, m
         34    9.965E-01,  4.124E-03, -8.373E-02         F               0         Tower X orientation angle, node 1, rad
         35   -4.529E-04,  9.990E-01,  4.382E-02         F               0         Tower Y orientation angle, node 1, rad
         36    8.383E-02, -4.363E-02,  9.955E-01         F               0         Tower Z orientation angle, node 1, rad
         37    9.964E-01,  4.177E-03, -8.493E-02         F               0         Tower X orientation angle, node 2, rad
         38   -4.195E-04,  9.990E-01,  4.422E-02         F               0         Tower Y orientation angle, node 2, rad
         39    8.503E-02, -4.402E-02,  9.954E-01         F               0         Tower Z orientation angle, node 2, rad
         40    9.963E-01,  4.224E-03, -8.597E-02         F               0         Tower X orientation angle, node 3, rad
         41   -3.890E-04,  9.990E-01,  4.457E-02         F               0         Tower Y orientation angle, node 3, rad
         42    8.607E-02, -4.437E-02,  9.953E-01         F               0         Tower Z orientation angle, node 3, rad
         43    9.962E-01,  4.262E-03, -8.683E-02         F               0         Tower X orientation angle, node 4, rad
         44   -3.622E-04,  9.990E-01,  4.488E-02         F               0         Tower Y orientation angle, node 4, rad
         45    8.693E-02, -4.468E-02,  9.952E-01         F               0         Tower Z orientation angle, node 4, rad
         46    9.962E-01,  4.293E-03, -8.751E-02         F               0         Tower X orientation angle, node 5, rad
         47   -3.390E-04,  9.990E-01,  4.514E-02         F               0         Tower Y orientation angle, node 5, rad
         48    8.761E-02, -4.494E-02,  9.951E-01         F               0         Tower Z orientation angle, node 5, rad
         49    9.961E-01,  4.316E-03, -8.803E-02         F               0         Tower X orientation angle, node 6, rad
         50   -3.195E-04,  9.990E-01,  4.537E-02         F               0         Tower Y orientation angle, node 6, rad
         51    8.814E-02, -4.516E-02,  9.951E-01         F               0         Tower Z orientation angle, node 6, rad
         52    9.961E-01,  4.333E-03, -8.840E-02         F               0         Tower X orientation angle, node 7, rad
         53   -3.039E-04,  9.990E-01,  4.554E-02         F               0         Tower Y orientation angle, node 7, rad
         54    8.851E-02, -4.534E-02,  9.950E-01         F               0         Tower Z orientation angle, node 7, rad
         55    9.961E-01,  4.345E-03, -8.866E-02         F               0         Tower X orientation angle, node 8, rad
         56   -2.917E-04,  9.990E-01,  4.568E-02         F               0         Tower Y orientation angle, node 8, rad
         57    8.877E-02, -4.548E-02,  9.950E-01         F               0         Tower Z orientation angle, node 8, rad
         58    9.960E-01,  4.353E-03, -8.882E-02         F               0         Tower X orientation angle, node 9, rad
         59   -2.828E-04,  9.990E-01,  4.578E-02         F               0         Tower Y orientation angle, node 9, rad
         60    8.893E-02, -4.558E-02,  9.950E-01         F               0         Tower Z orientation angle, node 9, rad
         61    9.960E-01,  4.357E-03, -8.891E-02         F               0         Tower X orientation angle, node 10, rad
         62   -2.769E-04,  9.989E-01,  4.585E-02         F               0         Tower Y orientation angle, node 10, rad
         63    8.902E-02, -4.564E-02,  9.950E-01         F               0         Tower Z orientation angle, node 10, rad
         64    9.960E-01,  4.359E-03, -8.895E-02         F               0         Tower X orientation angle, node 11, rad
         65   -2.737E-04,  9.989E-01,  4.588E-02         F               0         Tower Y orientation angle, node 11, rad
         66    8.906E-02, -4.568E-02,  9.950E-01         F               0         Tower Z orientation angle, node 11, rad
         67   -4.586E-04                                 F               0         Tower X translation velocity, node 1, m/s
         68   -6.303E-04                                 F               0         Tower Y translation velocity, node 1, m/s
         69   -9.255E-05                                 F               0         Tower Z translation velocity, node 1, m/s
         70   -5.559E-04                                 F               0         Tower X translation velocity, node 2, m/s
         71   -5.623E-04                                 F               0         Tower Y translation velocity, node 2, m/s
         72   -8.131E-05                                 F               0         Tower Z translation velocity, node 2, m/s
         73   -6.376E-04                                 F               0         Tower X translation velocity, node 3, m/s
         74   -4.881E-04                                 F               0         Tower Y translation velocity, node 3, m/s
         75   -7.100E-05                                 F               0         Tower Z translation velocity, node 3, m/s
         76   -7.044E-04                                 F               0         Tower X translation velocity, node 4, m/s
         77   -4.092E-04                                 F               0         Tower Y translation velocity, node 4, m/s
         78   -6.165E-05                                 F               0         Tower Z translation velocity, node 4, m/s
         79   -7.562E-04                                 F               0         Tower X translation velocity, node 5, m/s
         80   -3.259E-04                                 F               0         Tower Y translation velocity, node 5, m/s
         81   -5.336E-05                                 F               0         Tower Z translation velocity, node 5, m/s
         82   -7.929E-04                                 F               0         Tower X translation velocity, node 6, m/s
         83   -2.389E-04                                 F               0         Tower Y translation velocity, node 6, m/s
         84   -4.618E-05                                 F               0         Tower Z translation velocity, node 6, m/s
         85   -8.163E-04                                 F               0         Tower X translation velocity, node 7, m/s
         86   -1.490E-04                                 F               0         Tower Y translation velocity, node 7, m/s
         87   -4.001E-05                                 F               0         Tower Z translation velocity, node 7, m/s
         88   -8.263E-04                                 F               0         Tower X translation velocity, node 8, m/s
         89   -5.647E-05                                 F               0         Tower Y translation velocity, node 8, m/s
         90   -3.489E-05                                 F               0         Tower Z translation velocity, node 8, m/s
         91   -8.249E-04                                 F               0         Tower X translation velocity, node 9, m/s
         92    3.811E-05                                 F               0         Tower Y translation velocity, node 9, m/s
         93   -3.069E-05                                 F               0         Tower Z translation velocity, node 9, m/s
         94   -8.146E-04                                 F               0         Tower X translation velocity, node 10, m/s
         95    1.341E-04                                 F               0         Tower Y translation velocity, node 10, m/s
         96   -2.720E-05                                 F               0         Tower Z translation velocity, node 10, m/s
         97   -7.983E-04                                 F               0         Tower X translation velocity, node 11, m/s
         98    2.311E-04                                 F               0         Tower Y translation velocity, node 11, m/s
         99   -2.421E-05                                 F               0         Tower Z translation velocity, node 11, m/s
        100    1.881E+01                                 F               0         Hub X translation displacement, node 1, m
        101   -7.244E+00                                 F               0         Hub Y translation displacement, node 1, m
        102    1.543E-01                                 F               0         Hub Z translation displacement, node 1, m
        103    9.813E-01,  9.109E-03, -1.925E-01         F               0         Hub X orientation angle, node 1, rad
        104   -1.334E-01,  7.529E-01, -6.444E-01         F               0         Hub Y orientation angle, node 1, rad
        105    1.390E-01,  6.580E-01,  7.401E-01         F               0         Hub Z orientation angle, node 1, rad
        106    6.944E-01                                 F               0         Hub X rotation velocity, node 1, rad/s
        107    6.447E-03                                 F               0         Hub Y rotation velocity, node 1, rad/s
        108   -1.362E-01                                 F               0         Hub Z rotation velocity, node 1, rad/s
        109    9.848E-01, -1.323E-02, -1.733E-01         F               0         Blade root 1 X orientation angle, node 1, rad
        110   -1.042E-01,  7.529E-01, -6.498E-01         F               0         Blade root 1 Y orientation angle, node 1, rad
        111    1.390E-01,  6.580E-01,  7.401E-01         F               0         Blade root 1 Z orientation angle, node 1, rad
        112    9.753E-01,  3.368E-03, -2.210E-01         F               0         Blade root 2 X orientation angle, node 1, rad
        113    2.161E-01,  1.936E-01,  9.570E-01         F               0         Blade root 2 Y orientation angle, node 1, rad
        114    4.599E-02, -9.811E-01,  1.881E-01         F               0         Blade root 2 Z orientation angle, node 1, rad
        115    9.824E-01,  3.718E-02, -1.829E-01         F               0         Blade root 3 X orientation angle, node 1, rad
        116   -2.459E-02, -9.456E-01, -3.243E-01         F               0         Blade root 3 Y orientation angle, node 1, rad
        117   -1.850E-01,  3.231E-01, -9.281E-01         F               0         Blade root 3 Z orientation angle, node 1, rad
        118    1.900E+01                                 F               0         Blade 1 X translation displacement, node 1, m
        119   -3.599E+00                                 F               0         Blade 1 Y translation displacement, node 1, m
        120   -1.255E+00                                 F               0         Blade 1 Z translation displacement, node 1, m
        121    1.905E+01                                 F               0         Blade 1 X translation displacement, node 2, m
        122   -2.720E+00                                 F               0         Blade 1 Y translation displacement, node 2, m
        123   -1.595E+00                                 F               0         Blade 1 Z translation displacement, node 2, m
        124    1.967E+01                                 F               0         Blade 1 X translation displacement, node 3, m
        125    9.224E+00                                 F               0         Blade 1 Y translation displacement, node 3, m
        126   -6.214E+00                                 F               0         Blade 1 Z translation displacement, node 3, m
        127    1.981E+01                                 F               0         Blade 1 X translation displacement, node 4, m
        128    1.177E+01                                 F               0         Blade 1 Y translation displacement, node 4, m
        129   -7.199E+00                                 F               0         Blade 1 Z translation displacement, node 4, m
        130    1.994E+01                                 F               0         Blade 1 X translation displacement, node 5, m
        131    1.431E+01                                 F               0         Blade 1 Y translation displacement, node 5, m
        132   -8.183E+00                                 F               0         Blade 1 Z translation displacement, node 5, m
        133    2.007E+01                                 F               0         Blade 1 X translation displacement, node 6, m
        134    1.686E+01                                 F               0         Blade 1 Y translation displacement, node 6, m
        135   -9.167E+00                                 F               0         Blade 1 Z translation displacement, node 6, m
        136    2.021E+01                                 F               0         Blade 1 X translation displacement, node 7, m
        137    1.940E+01                                 F               0         Blade 1 Y translation displacement, node 7, m
        138   -1.015E+01                                 F               0         Blade 1 Z translation displacement, node 7, m
        139    2.034E+01                                 F               0         Blade 1 X translation displacement, node 8, m
        140    2.195E+01                                 F               0         Blade 1 Y translation displacement, node 8, m
        141   -1.114E+01                                 F               0         Blade 1 Z translation displacement, node 8, m
        142    2.047E+01                                 F               0         Blade 1 X translation displacement, node 9, m
        143    2.449E+01                                 F               0         Blade 1 Y translation displacement, node 9, m
        144   -1.212E+01                                 F               0         Blade 1 Z translation displacement, node 9, m
        145    2.061E+01                                 F               0         Blade 1 X translation displacement, node 10, m
        146    2.704E+01                                 F               0         Blade 1 Y translation displacement, node 10, m
        147   -1.310E+01                                 F               0         Blade 1 Z translation displacement, node 10, m
        148    2.074E+01                                 F               0         Blade 1 X translation displacement, node 11, m
        149    2.958E+01                                 F               0         Blade 1 Y translation displacement, node 11, m
        150   -1.409E+01                                 F               0         Blade 1 Z translation displacement, node 11, m
        151    2.088E+01                                 F               0         Blade 1 X translation displacement, node 12, m
        152    3.213E+01                                 F               0         Blade 1 Y translation displacement, node 12, m
        153   -1.507E+01                                 F               0         Blade 1 Z translation displacement, node 12, m
        154    2.101E+01                                 F               0         Blade 1 X translation displacement, node 13, m
        155    3.467E+01                                 F               0         Blade 1 Y translation displacement, node 13, m
        156   -1.606E+01                                 F               0         Blade 1 Z translation displacement, node 13, m
        157    2.114E+01                                 F               0         Blade 1 X translation displacement, node 14, m
        158    3.722E+01                                 F               0         Blade 1 Y translation displacement, node 14, m
        159   -1.704E+01                                 F               0         Blade 1 Z translation displacement, node 14, m
        160    2.128E+01                                 F               0         Blade 1 X translation displacement, node 15, m
        161    3.976E+01                                 F               0         Blade 1 Y translation displacement, node 15, m
        162   -1.803E+01                                 F               0         Blade 1 Z translation displacement, node 15, m
        163    2.141E+01                                 F               0         Blade 1 X translation displacement, node 16, m
        164    4.231E+01                                 F               0         Blade 1 Y translation displacement, node 16, m
        165   -1.901E+01                                 F               0         Blade 1 Z translation displacement, node 16, m
        166    2.154E+01                                 F               0         Blade 1 X translation displacement, node 17, m
        167    4.485E+01                                 F               0         Blade 1 Y translation displacement, node 17, m
        168   -1.999E+01                                 F               0         Blade 1 Z translation displacement, node 17, m
        169    2.168E+01                                 F               0         Blade 1 X translation displacement, node 18, m
        170    4.740E+01                                 F               0         Blade 1 Y translation displacement, node 18, m
        171   -2.098E+01                                 F               0         Blade 1 Z translation displacement, node 18, m
        172    2.181E+01                                 F               0         Blade 1 X translation displacement, node 19, m
        173    4.994E+01                                 F               0         Blade 1 Y translation displacement, node 19, m
        174   -2.196E+01                                 F               0         Blade 1 Z translation displacement, node 19, m
        175    2.194E+01                                 F               0         Blade 1 X translation displacement, node 20, m
        176    5.249E+01                                 F               0         Blade 1 Y translation displacement, node 20, m
        177   -2.295E+01                                 F               0         Blade 1 Z translation displacement, node 20, m
        178    2.208E+01                                 F               0         Blade 1 X translation displacement, node 21, m
        179    5.503E+01                                 F               0         Blade 1 Y translation displacement, node 21, m
        180   -2.393E+01                                 F               0         Blade 1 Z translation displacement, node 21, m
        181    2.221E+01                                 F               0         Blade 1 X translation displacement, node 22, m
        182    5.758E+01                                 F               0         Blade 1 Y translation displacement, node 22, m
        183   -2.491E+01                                 F               0         Blade 1 Z translation displacement, node 22, m
        184    2.234E+01                                 F               0         Blade 1 X translation displacement, node 23, m
        185    6.013E+01                                 F               0         Blade 1 Y translation displacement, node 23, m
        186   -2.590E+01                                 F               0         Blade 1 Z translation displacement, node 23, m
        187    2.248E+01                                 F               0         Blade 1 X translation displacement, node 24, m
        188    6.267E+01                                 F               0         Blade 1 Y translation displacement, node 24, m
        189   -2.688E+01                                 F               0         Blade 1 Z translation displacement, node 24, m
        190    2.261E+01                                 F               0         Blade 1 X translation displacement, node 25, m
        191    6.521E+01                                 F               0         Blade 1 Y translation displacement, node 25, m
        192   -2.787E+01                                 F               0         Blade 1 Z translation displacement, node 25, m
        193    2.274E+01                                 F               0         Blade 1 X translation displacement, node 26, m
        194    6.776E+01                                 F               0         Blade 1 Y translation displacement, node 26, m
        195   -2.885E+01                                 F               0         Blade 1 Z translation displacement, node 26, m
        196    2.288E+01                                 F               0         Blade 1 X translation displacement, node 27, m
        197    7.031E+01                                 F               0         Blade 1 Y translation displacement, node 27, m
        198   -2.984E+01                                 F               0         Blade 1 Z translation displacement, node 27, m
        199    2.299E+01                                 F               0         Blade 1 X translation displacement, node 28, m
        200    7.246E+01                                 F               0         Blade 1 Y translation displacement, node 28, m
        201   -3.067E+01                                 F               0         Blade 1 Z translation displacement, node 28, m
        202    9.240E-01, -3.551E-01,  1.421E-01         F               0         Blade 1 X orientation angle, node 1, rad
        203    3.563E-01,  6.640E-01, -6.574E-01         F               0         Blade 1 Y orientation angle, node 1, rad
        204    1.390E-01,  6.580E-01,  7.401E-01         F               0         Blade 1 Z orientation angle, node 1, rad
        205    9.240E-01, -3.551E-01,  1.421E-01         F               0         Blade 1 X orientation angle, node 2, rad
        206    3.563E-01,  6.640E-01, -6.574E-01         F               0         Blade 1 Y orientation angle, node 2, rad
        207    1.390E-01,  6.580E-01,  7.401E-01         F               0         Blade 1 Z orientation angle, node 2, rad
        208    9.821E-01, -1.876E-01, -1.771E-02         F               0         Blade 1 X orientation angle, node 3, rad
        209    1.272E-01,  7.293E-01, -6.723E-01         F               0         Blade 1 Y orientation angle, node 3, rad
        210    1.390E-01,  6.580E-01,  7.401E-01         F               0         Blade 1 Z orientation angle, node 3, rad
        211    9.866E-01, -1.566E-01, -4.608E-02         F               0         Blade 1 X orientation angle, node 4, rad
        212    8.560E-02,  7.365E-01, -6.710E-01         F               0         Blade 1 Y orientation angle, node 4, rad
        213    1.390E-01,  6.580E-01,  7.401E-01         F               0         Blade 1 Z orientation angle, node 4, rad
        214    9.889E-01, -1.321E-01, -6.830E-02         F               0         Blade 1 X orientation angle, node 5, rad
        215    5.284E-02,  7.413E-01, -6.691E-01         F               0         Blade 1 Y orientation angle, node 5, rad
        216    1.390E-01,  6.580E-01,  7.401E-01         F               0         Blade 1 Z orientation angle, node 5, rad
        217    9.899E-01, -1.124E-01, -8.603E-02         F               0         Blade 1 X orientation angle, node 6, rad
        218    2.660E-02,  7.446E-01, -6.670E-01         F               0         Blade 1 Y orientation angle, node 6, rad
        219    1.390E-01,  6.580E-01,  7.401E-01         F               0         Blade 1 Z orientation angle, node 6, rad
        220    9.903E-01, -9.616E-02, -1.006E-01         F               0         Blade 1 X orientation angle, node 7, rad
        221    4.994E-03,  7.468E-01, -6.650E-01         F               0         Blade 1 Y orientation angle, node 7, rad
        222    1.390E-01,  6.580E-01,  7.401E-01         F               0         Blade 1 Z orientation angle, node 7, rad
        223    9.902E-01, -8.259E-02, -1.126E-01         F               0         Blade 1 X orientation angle, node 8, rad
        224   -1.298E-02,  7.485E-01, -6.631E-01         F               0         Blade 1 Y orientation angle, node 8, rad
        225    1.390E-01,  6.580E-01,  7.401E-01         F               0         Blade 1 Z orientation angle, node 8, rad
        226    9.899E-01, -7.108E-02, -1.228E-01         F               0         Blade 1 X orientation angle, node 9, rad
        227   -2.819E-02,  7.496E-01, -6.612E-01         F               0         Blade 1 Y orientation angle, node 9, rad
        228    1.390E-01,  6.580E-01,  7.401E-01         F               0         Blade 1 Z orientation angle, node 9, rad
        229    9.894E-01, -6.113E-02, -1.315E-01         F               0         Blade 1 X orientation angle, node 10, rad
        230   -4.131E-02,  7.505E-01, -6.596E-01         F               0         Blade 1 Y orientation angle, node 10, rad
        231    1.390E-01,  6.580E-01,  7.401E-01         F               0         Blade 1 Z orientation angle, node 10, rad
        232    9.889E-01, -5.262E-02, -1.390E-01         F               0         Blade 1 X orientation angle, node 11, rad
        233   -5.254E-02,  7.512E-01, -6.580E-01         F               0         Blade 1 Y orientation angle, node 11, rad
        234    1.390E-01,  6.580E-01,  7.401E-01         F               0         Blade 1 Z orientation angle, node 11, rad
        235    9.883E-01, -4.514E-02, -1.456E-01         F               0         Blade 1 X orientation angle, node 12, rad
        236   -6.237E-02,  7.516E-01, -6.566E-01         F               0         Blade 1 Y orientation angle, node 12, rad
        237    1.390E-01,  6.580E-01,  7.401E-01         F               0         Blade 1 Z orientation angle, node 12, rad
        238    9.877E-01, -3.858E-02, -1.513E-01         F               0         Blade 1 X orientation angle, node 13, rad
        239   -7.099E-02,  7.520E-01, -6.553E-01         F               0         Blade 1 Y orientation angle, node 13, rad
        240    1.390E-01,  6.580E-01,  7.401E-01         F               0         Blade 1 Z orientation angle, node 13, rad
        241    9.871E-01, -3.267E-02, -1.564E-01         F               0         Blade 1 X orientation angle, node 14, rad
        242   -7.875E-02,  7.523E-01, -6.541E-01         F               0         Blade 1 Y orientation angle, node 14, rad
        243    1.390E-01,  6.580E-01,  7.401E-01         F               0         Blade 1 Z orientation angle, node 14, rad
        244    9.866E-01, -2.742E-02, -1.610E-01         F               0         Blade 1 X orientation angle, node 15, rad
        245   -8.564E-02,  7.525E-01, -6.530E-01         F               0         Blade 1 Y orientation angle, node 15, rad
        246    1.390E-01,  6.580E-01,  7.401E-01         F               0         Blade 1 Z orientation angle, node 15, rad
        247    9.860E-01, -2.269E-02, -1.651E-01         F               0         Blade 1 X orientation angle, node 16, rad
        248   -9.184E-02,  7.527E-01, -6.520E-01         F               0         Blade 1 Y orientation angle, node 16, rad
        249    1.390E-01,  6.580E-01,  7.401E-01         F               0         Blade 1 Z orientation angle, node 16, rad
        250    9.855E-01, -1.849E-02, -1.687E-01         F               0         Blade 1 X orientation angle, node 17, rad
        251   -9.734E-02,  7.528E-01, -6.510E-01         F               0         Blade 1 Y orientation angle, node 17, rad
        252    1.390E-01,  6.580E-01,  7.401E-01         F               0         Blade 1 Z orientation angle, node 17, rad
        253    9.850E-01, -1.455E-02, -1.721E-01         F               0         Blade 1 X orientation angle, node 18, rad
        254   -1.025E-01,  7.529E-01, -6.501E-01         F               0         Blade 1 Y orientation angle, node 18, rad
        255    1.390E-01,  6.580E-01,  7.401E-01         F               0         Blade 1 Z orientation angle, node 18, rad
        256    9.845E-01, -1.100E-02, -1.752E-01         F               0         Blade 1 X orientation angle, node 19, rad
        257   -1.071E-01,  7.529E-01, -6.493E-01         F               0         Blade 1 Y orientation angle, node 19, rad
        258    1.390E-01,  6.580E-01,  7.401E-01         F               0         Blade 1 Z orientation angle, node 19, rad
        259    9.840E-01, -7.844E-03, -1.779E-01         F               0         Blade 1 X orientation angle, node 20, rad
        260   -1.113E-01,  7.530E-01, -6.486E-01         F               0         Blade 1 Y orientation angle, node 20, rad
        261    1.390E-01,  6.580E-01,  7.401E-01         F               0         Blade 1 Z orientation angle, node 20, rad
        262    9.836E-01, -4.821E-03, -1.805E-01         F               0         Blade 1 X orientation angle, node 21, rad
        263   -1.152E-01,  7.530E-01, -6.479E-01         F               0         Blade 1 Y orientation angle, node 21, rad
        264    1.390E-01,  6.580E-01,  7.401E-01         F               0         Blade 1 Z orientation angle, node 21, rad
        265    9.831E-01, -2.061E-03, -1.829E-01         F               0         Blade 1 X orientation angle, node 22, rad
        266   -1.188E-01,  7.530E-01, -6.472E-01         F               0         Blade 1 Y orientation angle, node 22, rad
        267    1.390E-01,  6.580E-01,  7.401E-01         F               0         Blade 1 Z orientation angle, node 22, rad
        268    9.827E-01,  4.357E-04, -1.850E-01         F               0         Blade 1 X orientation angle, node 23, rad
        269   -1.221E-01,  7.530E-01, -6.466E-01         F               0         Blade 1 Y orientation angle, node 23, rad
        270    1.390E-01,  6.580E-01,  7.401E-01         F               0         Blade 1 Z orientation angle, node 23, rad
        271    9.823E-01,  2.801E-03, -1.871E-01         F               0         Blade 1 X orientation angle, node 24, rad
        272   -1.252E-01,  7.530E-01, -6.460E-01         F               0         Blade 1 Y orientation angle, node 24, rad
        273    1.390E-01,  6.580E-01,  7.401E-01         F               0         Blade 1 Z orientation angle, node 24, rad
        274    9.820E-01,  5.036E-03, -1.890E-01         F               0         Blade 1 X orientation angle, node 25, rad
        275   -1.281E-01,  7.530E-01, -6.455E-01         F               0         Blade 1 Y orientation angle, node 25, rad
        276    1.390E-01,  6.580E-01,  7.401E-01         F               0         Blade 1 Z orientation angle, node 25, rad
        277    9.816E-01,  7.007E-03, -1.907E-01         F               0         Blade 1 X orientation angle, node 26, rad
        278   -1.306E-01,  7.530E-01, -6.450E-01         F               0         Blade 1 Y orientation angle, node 26, rad
        279    1.390E-01,  6.580E-01,  7.401E-01         F               0         Blade 1 Z orientation angle, node 26, rad
        280    9.813E-01,  8.978E-03, -1.924E-01         F               0         Blade 1 X orientation angle, node 27, rad
        281   -1.332E-01,  7.529E-01, -6.445E-01         F               0         Blade 1 Y orientation angle, node 27, rad
        282    1.390E-01,  6.580E-01,  7.401E-01         F               0         Blade 1 Z orientation angle, node 27, rad
        283    9.811E-01,  1.003E-02, -1.933E-01         F               0         Blade 1 X orientation angle, node 28, rad
        284   -1.346E-01,  7.529E-01, -6.442E-01         F               0         Blade 1 Y orientation angle, node 28, rad
        285    1.390E-01,  6.580E-01,  7.401E-01         F               0         Blade 1 Z orientation angle, node 28, rad
        286    5.221E-01                                 F               0         Blade 1 X translation velocity, node 1, m/s
        287   -2.951E+00                                 F               0         Blade 1 Y translation velocity, node 1, m/s
        288    2.526E+00                                 F               0         Blade 1 Z translation velocity, node 1, m/s
        289    6.481E-01                                 F               0         Blade 1 X translation velocity, node 2, m/s
        290   -3.663E+00                                 F               0         Blade 1 Y translation velocity, node 2, m/s
        291    3.135E+00                                 F               0         Blade 1 Z translation velocity, node 2, m/s
        292    2.362E+00                                 F               0         Blade 1 X translation velocity, node 3, m/s
        293   -1.333E+01                                 F               0         Blade 1 Y translation velocity, node 3, m/s
        294    1.141E+01                                 F               0         Blade 1 Z translation velocity, node 3, m/s
        295    2.727E+00                                 F               0         Blade 1 X translation velocity, node 4, m/s
        296   -1.539E+01                                 F               0         Blade 1 Y translation velocity, node 4, m/s
        297    1.318E+01                                 F               0         Blade 1 Z translation velocity, node 4, m/s
        298    3.092E+00                                 F               0         Blade 1 X translation velocity, node 5, m/s
        299   -1.746E+01                                 F               0         Blade 1 Y translation velocity, node 5, m/s
        300    1.494E+01                                 F               0         Blade 1 Z translation velocity, node 5, m/s
        301    3.457E+00                                 F               0         Blade 1 X translation velocity, node 6, m/s
        302   -1.952E+01                                 F               0         Blade 1 Y translation velocity, node 6, m/s
        303    1.670E+01                                 F               0         Blade 1 Z translation velocity, node 6, m/s
        304    3.822E+00                                 F               0         Blade 1 X translation velocity, node 7, m/s
        305   -2.158E+01                                 F               0         Blade 1 Y translation velocity, node 7, m/s
        306    1.847E+01                                 F               0         Blade 1 Z translation velocity, node 7, m/s
        307    4.187E+00                                 F               0         Blade 1 X translation velocity, node 8, m/s
