
Linearized model: Predictions were generated on 08-Jan-2024 at 09:43:14 using OpenFAST, compiled as a 64-bit application using single precision at commit v3.5.1
 linked with  NWTC Subroutine Library; ElastoDyn; InflowWind; AeroDyn; ServoDyn; HydroDyn; MoorDyn (v2.0.0, 2023-09-18)

Description from the FAST input file: CCT-9 Campign 4 model. Input files to be run with OpenFAST 3.5.0. GitHub branch from Lu Wang (https://github.com/luwang00/openfast/tree/dev) compiled on March 7, 2023.

Simulation information:
   Simulation time:                  1007.9500 s
   Rotor Speed:                         0.7078 rad/s
   Azimuth:                             4.8123 rad
   Wind Speed:                          8.0000 m/s
   Number of continuous states:         0
   Number of discrete states:           0
   Number of constraint states:         0
   Number of inputs:                 1746
   Number of outputs:                   4
   Jacobians included in this file?    No

Order of inputs:
     Column   Operating Point                     Rotating Frame? Derivative Order Description
   ---------- ---------------                     --------------- ---------------- -----------
          1    7.250E+00                                 F               0         Tower X translation displacement, node 1, m
          2   -1.279E+00                                 F               0         Tower Y translation displacement, node 1, m
          3   -1.661E-01                                 F               0         Tower Z translation displacement, node 1, m
          4    8.292E+00                                 F               0         Tower X translation displacement, node 2, m
          5   -1.820E+00                                 F               0         Tower Y translation displacement, node 2, m
          6   -2.220E-01                                 F               0         Tower Z translation displacement, node 2, m
          7    9.350E+00                                 F               0         Tower X translation displacement, node 3, m
          8   -2.366E+00                                 F               0         Tower Y translation displacement, node 3, m
          9   -2.795E-01                                 F               0         Tower Z translation displacement, node 3, m
         10    1.042E+01                                 F               0         Tower X translation displacement, node 4, m
         11   -2.916E+00                                 F               0         Tower Y translation displacement, node 4, m
         12   -3.382E-01                                 F               0         Tower Z translation displacement, node 4, m
         13    1.150E+01                                 F               0         Tower X translation displacement, node 5, m
         14   -3.470E+00                                 F               0         Tower Y translation displacement, node 5, m
         15   -3.978E-01                                 F               0         Tower Z translation displacement, node 5, m
         16    1.258E+01                                 F               0         Tower X translation displacement, node 6, m
         17   -4.027E+00                                 F               0         Tower Y translation displacement, node 6, m
         18   -4.583E-01                                 F               0         Tower Z translation displacement, node 6, m
         19    1.368E+01                                 F               0         Tower X translation displacement, node 7, m
         20   -4.586E+00                                 F               0         Tower Y translation displacement, node 7, m
         21   -5.193E-01                                 F               0         Tower Z translation displacement, node 7, m
         22    1.477E+01                                 F               0         Tower X translation displacement, node 8, m
         23   -5.147E+00                                 F               0         Tower Y translation displacement, node 8, m
         24   -5.807E-01                                 F               0         Tower Z translation displacement, node 8, m
         25    1.587E+01                                 F               0         Tower X translation displacement, node 9, m
         26   -5.710E+00                                 F               0         Tower Y translation displacement, node 9, m
         27   -6.425E-01                                 F               0         Tower Z translation displacement, node 9, m
         28    1.697E+01                                 F               0         Tower X translation displacement, node 10, m
         29   -6.273E+00                                 F               0         Tower Y translation displacement, node 10, m
         30   -7.044E-01                                 F               0         Tower Z translation displacement, node 10, m
         31    1.807E+01                                 F               0         Tower X translation displacement, node 11, m
         32   -6.838E+00                                 F               0         Tower Y translation displacement, node 11, m
         33   -7.664E-01                                 F               0         Tower Z translation displacement, node 11, m
         34    9.965E-01,  4.124E-03, -8.373E-02         F               0         Tower X orientation angle, node 1, rad
         35   -4.519E-04,  9.990E-01,  4.382E-02         F               0         Tower Y orientation angle, node 1, rad
         36    8.383E-02, -4.363E-02,  9.955E-01         F               0         Tower Z orientation angle, node 1, rad
         37    9.964E-01,  4.177E-03, -8.494E-02         F               0         Tower X orientation angle, node 2, rad
         38   -4.184E-04,  9.990E-01,  4.422E-02         F               0         Tower Y orientation angle, node 2, rad
         39    8.504E-02, -4.402E-02,  9.954E-01         F               0         Tower Z orientation angle, node 2, rad
         40    9.963E-01,  4.223E-03, -8.598E-02         F               0         Tower X orientation angle, node 3, rad
         41   -3.879E-04,  9.990E-01,  4.457E-02         F               0         Tower Y orientation angle, node 3, rad
         42    8.608E-02, -4.437E-02,  9.953E-01         F               0         Tower Z orientation angle, node 3, rad
         43    9.962E-01,  4.261E-03, -8.683E-02         F               0         Tower X orientation angle, node 4, rad
         44   -3.610E-04,  9.990E-01,  4.488E-02         F               0         Tower Y orientation angle, node 4, rad
         45    8.694E-02, -4.468E-02,  9.952E-01         F               0         Tower Z orientation angle, node 4, rad
         46    9.962E-01,  4.292E-03, -8.751E-02         F               0         Tower X orientation angle, node 5, rad
         47   -3.378E-04,  9.990E-01,  4.515E-02         F               0         Tower Y orientation angle, node 5, rad
         48    8.762E-02, -4.494E-02,  9.951E-01         F               0         Tower Z orientation angle, node 5, rad
         49    9.961E-01,  4.315E-03, -8.804E-02         F               0         Tower X orientation angle, node 6, rad
         50   -3.182E-04,  9.990E-01,  4.537E-02         F               0         Tower Y orientation angle, node 6, rad
         51    8.814E-02, -4.516E-02,  9.951E-01         F               0         Tower Z orientation angle, node 6, rad
         52    9.961E-01,  4.332E-03, -8.841E-02         F               0         Tower X orientation angle, node 7, rad
         53   -3.025E-04,  9.990E-01,  4.555E-02         F               0         Tower Y orientation angle, node 7, rad
         54    8.851E-02, -4.534E-02,  9.950E-01         F               0         Tower Z orientation angle, node 7, rad
         55    9.961E-01,  4.344E-03, -8.866E-02         F               0         Tower X orientation angle, node 8, rad
         56   -2.903E-04,  9.990E-01,  4.568E-02         F               0         Tower Y orientation angle, node 8, rad
         57    8.877E-02, -4.548E-02,  9.950E-01         F               0         Tower Z orientation angle, node 8, rad
         58    9.960E-01,  4.352E-03, -8.882E-02         F               0         Tower X orientation angle, node 9, rad
         59   -2.813E-04,  9.990E-01,  4.579E-02         F               0         Tower Y orientation angle, node 9, rad
         60    8.893E-02, -4.558E-02,  9.950E-01         F               0         Tower Z orientation angle, node 9, rad
         61    9.960E-01,  4.356E-03, -8.891E-02         F               0         Tower X orientation angle, node 10, rad
         62   -2.755E-04,  9.989E-01,  4.585E-02         F               0         Tower Y orientation angle, node 10, rad
         63    8.902E-02, -4.564E-02,  9.950E-01         F               0         Tower Z orientation angle, node 10, rad
         64    9.960E-01,  4.358E-03, -8.895E-02         F               0         Tower X orientation angle, node 11, rad
         65   -2.723E-04,  9.989E-01,  4.589E-02         F               0         Tower Y orientation angle, node 11, rad
         66    8.906E-02, -4.568E-02,  9.950E-01         F               0         Tower Z orientation angle, node 11, rad
         67   -3.115E-04                                 F               0         Tower X translation velocity, node 1, m/s
         68   -1.006E-03                                 F               0         Tower Y translation velocity, node 1, m/s
         69   -1.030E-03                                 F               0         Tower Z translation velocity, node 1, m/s
         70   -3.647E-04                                 F               0         Tower X translation velocity, node 2, m/s
         71   -1.091E-03                                 F               0         Tower Y translation velocity, node 2, m/s
         72   -1.029E-03                                 F               0         Tower Z translation velocity, node 2, m/s
         73   -4.201E-04                                 F               0         Tower X translation velocity, node 3, m/s
         74   -1.160E-03                                 F               0         Tower Y translation velocity, node 3, m/s
         75   -1.027E-03                                 F               0         Tower Z translation velocity, node 3, m/s
         76   -4.770E-04                                 F               0         Tower X translation velocity, node 4, m/s
         77   -1.217E-03                                 F               0         Tower Y translation velocity, node 4, m/s
         78   -1.025E-03                                 F               0         Tower Z translation velocity, node 4, m/s
         79   -5.347E-04                                 F               0         Tower X translation velocity, node 5, m/s
         80   -1.263E-03                                 F               0         Tower Y translation velocity, node 5, m/s
         81   -1.022E-03                                 F               0         Tower Z translation velocity, node 5, m/s
         82   -5.928E-04                                 F               0         Tower X translation velocity, node 6, m/s
         83   -1.298E-03                                 F               0         Tower Y translation velocity, node 6, m/s
         84   -1.018E-03                                 F               0         Tower Z translation velocity, node 6, m/s
         85   -6.511E-04                                 F               0         Tower X translation velocity, node 7, m/s
         86   -1.325E-03                                 F               0         Tower Y translation velocity, node 7, m/s
         87   -1.014E-03                                 F               0         Tower Z translation velocity, node 7, m/s
         88   -7.092E-04                                 F               0         Tower X translation velocity, node 8, m/s
         89   -1.343E-03                                 F               0         Tower Y translation velocity, node 8, m/s
         90   -1.010E-03                                 F               0         Tower Z translation velocity, node 8, m/s
         91   -7.670E-04                                 F               0         Tower X translation velocity, node 9, m/s
         92   -1.356E-03                                 F               0         Tower Y translation velocity, node 9, m/s
         93   -1.005E-03                                 F               0         Tower Z translation velocity, node 9, m/s
         94   -8.244E-04                                 F               0         Tower X translation velocity, node 10, m/s
         95   -1.364E-03                                 F               0         Tower Y translation velocity, node 10, m/s
         96   -1.001E-03                                 F               0         Tower Z translation velocity, node 10, m/s
         97   -8.816E-04                                 F               0         Tower X translation velocity, node 11, m/s
         98   -1.369E-03                                 F               0         Tower Y translation velocity, node 11, m/s
         99   -9.958E-04                                 F               0         Tower Z translation velocity, node 11, m/s
        100    1.881E+01                                 F               0         Hub X translation displacement, node 1, m
        101   -7.243E+00                                 F               0         Hub Y translation displacement, node 1, m
        102    1.549E-01                                 F               0         Hub Z translation displacement, node 1, m
        103    9.813E-01,  9.109E-03, -1.925E-01         F               0         Hub X orientation angle, node 1, rad
        104   -1.917E-01,  1.444E-01, -9.708E-01         F               0         Hub Y orientation angle, node 1, rad
        105    1.894E-02,  9.895E-01,  1.434E-01         F               0         Hub Z orientation angle, node 1, rad
        106    6.945E-01                                 F               0         Hub X rotation velocity, node 1, rad/s
        107    6.442E-03                                 F               0         Hub Y rotation velocity, node 1, rad/s
        108   -1.362E-01                                 F               0         Hub Z rotation velocity, node 1, rad/s
        109    9.865E-01,  4.822E-03, -1.636E-01         F               0         Blade root 1 X orientation angle, node 1, rad
        110   -1.626E-01,  1.446E-01, -9.760E-01         F               0         Blade root 1 Y orientation angle, node 1, rad
        111    1.894E-02,  9.895E-01,  1.434E-01         F               0         Blade root 1 Z orientation angle, node 1, rad
        112    9.775E-01, -1.418E-02, -2.105E-01         F               0         Blade root 2 X orientation angle, node 1, rad
        113    1.413E-01,  7.847E-01,  6.036E-01         F               0         Blade root 2 Y orientation angle, node 1, rad
        114    1.566E-01, -6.198E-01,  7.690E-01         F               0         Blade root 2 Z orientation angle, node 1, rad
        115    9.785E-01,  3.667E-02, -2.031E-01         F               0         Blade root 3 X orientation angle, node 1, rad
        116    1.085E-01, -9.284E-01,  3.553E-01         F               0         Blade root 3 Y orientation angle, node 1, rad
        117   -1.755E-01, -3.697E-01, -9.124E-01         F               0         Blade root 3 Z orientation angle, node 1, rad
        118    1.834E+01                                 F               0         Blade 1 X translation displacement, node 1, m
        119   -1.762E+00                                 F               0         Blade 1 Y translation displacement, node 1, m
        120   -4.560E+00                                 F               0         Blade 1 Z translation displacement, node 1, m
        121    1.822E+01                                 F               0         Blade 1 X translation displacement, node 2, m
        122   -4.408E-01                                 F               0         Blade 1 Y translation displacement, node 2, m
        123   -5.696E+00                                 F               0         Blade 1 Z translation displacement, node 2, m
        124    1.667E+01                                 F               0         Blade 1 X translation displacement, node 3, m
        125    1.752E+01                                 F               0         Blade 1 Y translation displacement, node 3, m
        126   -2.115E+01                                 F               0         Blade 1 Z translation displacement, node 3, m
        127    1.634E+01                                 F               0         Blade 1 X translation displacement, node 4, m
        128    2.135E+01                                 F               0         Blade 1 Y translation displacement, node 4, m
        129   -2.444E+01                                 F               0         Blade 1 Z translation displacement, node 4, m
        130    1.601E+01                                 F               0         Blade 1 X translation displacement, node 5, m
        131    2.518E+01                                 F               0         Blade 1 Y translation displacement, node 5, m
        132   -2.773E+01                                 F               0         Blade 1 Z translation displacement, node 5, m
        133    1.568E+01                                 F               0         Blade 1 X translation displacement, node 6, m
        134    2.900E+01                                 F               0         Blade 1 Y translation displacement, node 6, m
        135   -3.102E+01                                 F               0         Blade 1 Z translation displacement, node 6, m
        136    1.534E+01                                 F               0         Blade 1 X translation displacement, node 7, m
        137    3.283E+01                                 F               0         Blade 1 Y translation displacement, node 7, m
        138   -3.431E+01                                 F               0         Blade 1 Z translation displacement, node 7, m
        139    1.501E+01                                 F               0         Blade 1 X translation displacement, node 8, m
        140    3.666E+01                                 F               0         Blade 1 Y translation displacement, node 8, m
        141   -3.761E+01                                 F               0         Blade 1 Z translation displacement, node 8, m
        142    1.468E+01                                 F               0         Blade 1 X translation displacement, node 9, m
        143    4.048E+01                                 F               0         Blade 1 Y translation displacement, node 9, m
        144   -4.090E+01                                 F               0         Blade 1 Z translation displacement, node 9, m
        145    1.435E+01                                 F               0         Blade 1 X translation displacement, node 10, m
        146    4.431E+01                                 F               0         Blade 1 Y translation displacement, node 10, m
        147   -4.419E+01                                 F               0         Blade 1 Z translation displacement, node 10, m
        148    1.402E+01                                 F               0         Blade 1 X translation displacement, node 11, m
        149    4.814E+01                                 F               0         Blade 1 Y translation displacement, node 11, m
        150   -4.748E+01                                 F               0         Blade 1 Z translation displacement, node 11, m
        151    1.369E+01                                 F               0         Blade 1 X translation displacement, node 12, m
        152    5.196E+01                                 F               0         Blade 1 Y translation displacement, node 12, m
        153   -5.077E+01                                 F               0         Blade 1 Z translation displacement, node 12, m
        154    1.336E+01                                 F               0         Blade 1 X translation displacement, node 13, m
        155    5.579E+01                                 F               0         Blade 1 Y translation displacement, node 13, m
        156   -5.406E+01                                 F               0         Blade 1 Z translation displacement, node 13, m
        157    1.303E+01                                 F               0         Blade 1 X translation displacement, node 14, m
        158    5.962E+01                                 F               0         Blade 1 Y translation displacement, node 14, m
        159   -5.736E+01                                 F               0         Blade 1 Z translation displacement, node 14, m
        160    1.270E+01                                 F               0         Blade 1 X translation displacement, node 15, m
        161    6.345E+01                                 F               0         Blade 1 Y translation displacement, node 15, m
        162   -6.065E+01                                 F               0         Blade 1 Z translation displacement, node 15, m
        163    1.237E+01                                 F               0         Blade 1 X translation displacement, node 16, m
        164    6.727E+01                                 F               0         Blade 1 Y translation displacement, node 16, m
        165   -6.394E+01                                 F               0         Blade 1 Z translation displacement, node 16, m
        166    1.203E+01                                 F               0         Blade 1 X translation displacement, node 17, m
        167    7.110E+01                                 F               0         Blade 1 Y translation displacement, node 17, m
        168   -6.723E+01                                 F               0         Blade 1 Z translation displacement, node 17, m
        169    1.170E+01                                 F               0         Blade 1 X translation displacement, node 18, m
        170    7.493E+01                                 F               0         Blade 1 Y translation displacement, node 18, m
        171   -7.052E+01                                 F               0         Blade 1 Z translation displacement, node 18, m
        172    1.137E+01                                 F               0         Blade 1 X translation displacement, node 19, m
        173    7.875E+01                                 F               0         Blade 1 Y translation displacement, node 19, m
        174   -7.382E+01                                 F               0         Blade 1 Z translation displacement, node 19, m
        175    1.104E+01                                 F               0         Blade 1 X translation displacement, node 20, m
        176    8.258E+01                                 F               0         Blade 1 Y translation displacement, node 20, m
        177   -7.711E+01                                 F               0         Blade 1 Z translation displacement, node 20, m
        178    1.071E+01                                 F               0         Blade 1 X translation displacement, node 21, m
        179    8.641E+01                                 F               0         Blade 1 Y translation displacement, node 21, m
        180   -8.040E+01                                 F               0         Blade 1 Z translation displacement, node 21, m
        181    1.038E+01                                 F               0         Blade 1 X translation displacement, node 22, m
        182    9.023E+01                                 F               0         Blade 1 Y translation displacement, node 22, m
        183   -8.369E+01                                 F               0         Blade 1 Z translation displacement, node 22, m
        184    1.005E+01                                 F               0         Blade 1 X translation displacement, node 23, m
        185    9.406E+01                                 F               0         Blade 1 Y translation displacement, node 23, m
        186   -8.698E+01                                 F               0         Blade 1 Z translation displacement, node 23, m
        187    9.718E+00                                 F               0         Blade 1 X translation displacement, node 24, m
        188    9.789E+01                                 F               0         Blade 1 Y translation displacement, node 24, m
        189   -9.027E+01                                 F               0         Blade 1 Z translation displacement, node 24, m
        190    9.387E+00                                 F               0         Blade 1 X translation displacement, node 25, m
        191    1.017E+02                                 F               0         Blade 1 Y translation displacement, node 25, m
        192   -9.357E+01                                 F               0         Blade 1 Z translation displacement, node 25, m
        193    9.056E+00                                 F               0         Blade 1 X translation displacement, node 26, m
        194    1.055E+02                                 F               0         Blade 1 Y translation displacement, node 26, m
        195   -9.686E+01                                 F               0         Blade 1 Z translation displacement, node 26, m
        196    8.725E+00                                 F               0         Blade 1 X translation displacement, node 27, m
        197    1.094E+02                                 F               0         Blade 1 Y translation displacement, node 27, m
        198   -1.002E+02                                 F               0         Blade 1 Z translation displacement, node 27, m
        199    8.444E+00                                 F               0         Blade 1 X translation displacement, node 28, m
        200    1.126E+02                                 F               0         Blade 1 Y translation displacement, node 28, m
        201   -1.029E+02                                 F               0         Blade 1 Z translation displacement, node 28, m
        202    9.521E-01, -6.164E-02,  2.995E-01         F               0         Blade 1 X orientation angle, node 1, rad
        203    3.052E-01,  1.309E-01, -9.433E-01         F               0         Blade 1 Y orientation angle, node 1, rad
        204    1.894E-02,  9.895E-01,  1.434E-01         F               0         Blade 1 Z orientation angle, node 1, rad
        205    9.521E-01, -6.164E-02,  2.995E-01         F               0         Blade 1 X orientation angle, node 2, rad
        206    3.052E-01,  1.309E-01, -9.433E-01         F               0         Blade 1 Y orientation angle, node 2, rad
        207    1.894E-02,  9.895E-01,  1.434E-01         F               0         Blade 1 Z orientation angle, node 2, rad
        208    9.973E-01, -2.886E-02,  6.741E-02         F               0         Blade 1 X orientation angle, node 3, rad
        209    7.084E-02,  1.417E-01, -9.874E-01         F               0         Blade 1 Y orientation angle, node 3, rad
        210    1.894E-02,  9.895E-01,  1.434E-01         F               0         Blade 1 Z orientation angle, node 3, rad
        211    9.994E-01, -2.285E-02,  2.566E-02         F               0         Blade 1 X orientation angle, node 4, rad
        212    2.867E-02,  1.428E-01, -9.893E-01         F               0         Blade 1 Y orientation angle, node 4, rad
        213    1.894E-02,  9.895E-01,  1.434E-01         F               0         Blade 1 Z orientation angle, node 4, rad
        214    9.998E-01, -1.811E-02, -7.154E-03         F               0         Blade 1 X orientation angle, node 5, rad
        215   -4.482E-03,  1.435E-01, -9.896E-01         F               0         Blade 1 Y orientation angle, node 5, rad
        216    1.894E-02,  9.895E-01,  1.434E-01         F               0         Blade 1 Z orientation angle, node 5, rad
        217    9.993E-01, -1.429E-02, -3.340E-02         F               0         Blade 1 X orientation angle, node 6, rad
        218   -3.100E-02,  1.440E-01, -9.891E-01         F               0         Blade 1 Y orientation angle, node 6, rad
        219    1.894E-02,  9.895E-01,  1.434E-01         F               0         Blade 1 Z orientation angle, node 6, rad
        220    9.984E-01, -1.115E-02, -5.497E-02         F               0         Blade 1 X orientation angle, node 7, rad
        221   -5.279E-02,  1.442E-01, -9.881E-01         F               0         Blade 1 Y orientation angle, node 7, rad
        222    1.894E-02,  9.895E-01,  1.434E-01         F               0         Blade 1 Z orientation angle, node 7, rad
        223    9.973E-01, -8.528E-03, -7.290E-02         F               0         Blade 1 X orientation angle, node 8, rad
        224   -7.091E-02,  1.444E-01, -9.870E-01         F               0         Blade 1 Y orientation angle, node 8, rad
        225    1.894E-02,  9.895E-01,  1.434E-01         F               0         Blade 1 Z orientation angle, node 8, rad
        226    9.961E-01, -6.310E-03, -8.805E-02         F               0         Blade 1 X orientation angle, node 9, rad
        227   -8.622E-02,  1.445E-01, -9.857E-01         F               0         Blade 1 Y orientation angle, node 9, rad
        228    1.894E-02,  9.895E-01,  1.434E-01         F               0         Blade 1 Z orientation angle, node 9, rad
        229    9.949E-01, -4.392E-03, -1.011E-01         F               0         Blade 1 X orientation angle, node 10, rad
        230   -9.942E-02,  1.446E-01, -9.845E-01         F               0         Blade 1 Y orientation angle, node 10, rad
        231    1.894E-02,  9.895E-01,  1.434E-01         F               0         Blade 1 Z orientation angle, node 10, rad
        232    9.937E-01, -2.751E-03, -1.123E-01         F               0         Blade 1 X orientation angle, node 11, rad
        233   -1.107E-01,  1.446E-01, -9.833E-01         F               0         Blade 1 Y orientation angle, node 11, rad
        234    1.894E-02,  9.895E-01,  1.434E-01         F               0         Blade 1 Z orientation angle, node 11, rad
        235    9.925E-01, -1.313E-03, -1.221E-01         F               0         Blade 1 X orientation angle, node 12, rad
        236   -1.206E-01,  1.447E-01, -9.821E-01         F               0         Blade 1 Y orientation angle, node 12, rad
        237    1.894E-02,  9.895E-01,  1.434E-01         F               0         Blade 1 Z orientation angle, node 12, rad
        238    9.914E-01, -5.016E-05, -1.306E-01         F               0         Blade 1 X orientation angle, node 13, rad
        239   -1.292E-01,  1.447E-01, -9.810E-01         F               0         Blade 1 Y orientation angle, node 13, rad
        240    1.894E-02,  9.895E-01,  1.434E-01         F               0         Blade 1 Z orientation angle, node 13, rad
        241    9.904E-01,  1.086E-03, -1.383E-01         F               0         Blade 1 X orientation angle, node 14, rad
        242   -1.370E-01,  1.447E-01, -9.799E-01         F               0         Blade 1 Y orientation angle, node 14, rad
        243    1.894E-02,  9.895E-01,  1.434E-01         F               0         Blade 1 Z orientation angle, node 14, rad
        244    9.894E-01,  2.096E-03, -1.452E-01         F               0         Blade 1 X orientation angle, node 15, rad
        245   -1.439E-01,  1.446E-01, -9.790E-01         F               0         Blade 1 Y orientation angle, node 15, rad
        246    1.894E-02,  9.895E-01,  1.434E-01         F               0         Blade 1 Z orientation angle, node 15, rad
        247    9.885E-01,  3.005E-03, -1.513E-01         F               0         Blade 1 X orientation angle, node 16, rad
        248   -1.501E-01,  1.446E-01, -9.780E-01         F               0         Blade 1 Y orientation angle, node 16, rad
        249    1.894E-02,  9.895E-01,  1.434E-01         F               0         Blade 1 Z orientation angle, node 16, rad
        250    9.876E-01,  3.812E-03, -1.568E-01         F               0         Blade 1 X orientation angle, node 17, rad
        251   -1.557E-01,  1.446E-01, -9.772E-01         F               0         Blade 1 Y orientation angle, node 17, rad
        252    1.894E-02,  9.895E-01,  1.434E-01         F               0         Blade 1 Z orientation angle, node 17, rad
        253    9.868E-01,  4.569E-03, -1.619E-01         F               0         Blade 1 X orientation angle, node 18, rad
        254   -1.608E-01,  1.446E-01, -9.763E-01         F               0         Blade 1 Y orientation angle, node 18, rad
        255    1.894E-02,  9.895E-01,  1.434E-01         F               0         Blade 1 Z orientation angle, node 18, rad
        256    9.860E-01,  5.251E-03, -1.665E-01         F               0         Blade 1 X orientation angle, node 19, rad
        257   -1.655E-01,  1.446E-01, -9.756E-01         F               0         Blade 1 Y orientation angle, node 19, rad
        258    1.894E-02,  9.895E-01,  1.434E-01         F               0         Blade 1 Z orientation angle, node 19, rad
        259    9.853E-01,  5.856E-03, -1.706E-01         F               0         Blade 1 X orientation angle, node 20, rad
        260   -1.696E-01,  1.445E-01, -9.749E-01         F               0         Blade 1 Y orientation angle, node 20, rad
        261    1.894E-02,  9.895E-01,  1.434E-01         F               0         Blade 1 Z orientation angle, node 20, rad
        262    9.846E-01,  6.436E-03, -1.745E-01         F               0         Blade 1 X orientation angle, node 21, rad
        263   -1.736E-01,  1.445E-01, -9.742E-01         F               0         Blade 1 Y orientation angle, node 21, rad
        264    1.894E-02,  9.895E-01,  1.434E-01         F               0         Blade 1 Z orientation angle, node 21, rad
        265    9.840E-01,  6.966E-03, -1.780E-01         F               0         Blade 1 X orientation angle, node 22, rad
        266   -1.772E-01,  1.445E-01, -9.735E-01         F               0         Blade 1 Y orientation angle, node 22, rad
        267    1.894E-02,  9.895E-01,  1.434E-01         F               0         Blade 1 Z orientation angle, node 22, rad
        268    9.834E-01,  7.445E-03, -1.813E-01         F               0         Blade 1 X orientation angle, node 23, rad
        269   -1.804E-01,  1.445E-01, -9.729E-01         F               0         Blade 1 Y orientation angle, node 23, rad
        270    1.894E-02,  9.895E-01,  1.434E-01         F               0         Blade 1 Z orientation angle, node 23, rad
        271    9.828E-01,  7.899E-03, -1.843E-01         F               0         Blade 1 X orientation angle, node 24, rad
        272   -1.835E-01,  1.444E-01, -9.723E-01         F               0         Blade 1 Y orientation angle, node 24, rad
        273    1.894E-02,  9.895E-01,  1.434E-01         F               0         Blade 1 Z orientation angle, node 24, rad
        274    9.823E-01,  8.327E-03, -1.872E-01         F               0         Blade 1 X orientation angle, node 25, rad
        275   -1.864E-01,  1.444E-01, -9.718E-01         F               0         Blade 1 Y orientation angle, node 25, rad
        276    1.894E-02,  9.895E-01,  1.434E-01         F               0         Blade 1 Z orientation angle, node 25, rad
        277    9.818E-01,  8.706E-03, -1.898E-01         F               0         Blade 1 X orientation angle, node 26, rad
        278   -1.890E-01,  1.444E-01, -9.713E-01         F               0         Blade 1 Y orientation angle, node 26, rad
        279    1.894E-02,  9.895E-01,  1.434E-01         F               0         Blade 1 Z orientation angle, node 26, rad
        280    9.813E-01,  9.084E-03, -1.923E-01         F               0         Blade 1 X orientation angle, node 27, rad
        281   -1.916E-01,  1.444E-01, -9.708E-01         F               0         Blade 1 Y orientation angle, node 27, rad
        282    1.894E-02,  9.895E-01,  1.434E-01         F               0         Blade 1 Z orientation angle, node 27, rad
        283    9.810E-01,  9.285E-03, -1.937E-01         F               0         Blade 1 X orientation angle, node 28, rad
        284   -1.929E-01,  1.444E-01, -9.705E-01         F               0         Blade 1 Y orientation angle, node 28, rad
        285    1.894E-02,  9.895E-01,  1.434E-01         F               0         Blade 1 Z orientation angle, node 28, rad
        286    7.509E-01                                 F               0         Blade 1 X translation velocity, node 1, m/s
        287   -5.675E-01                                 F               0         Blade 1 Y translation velocity, node 1, m/s
        288    3.805E+00                                 F               0         Blade 1 Z translation velocity, node 1, m/s
        289    9.321E-01                                 F               0         Blade 1 X translation velocity, node 2, m/s
        290   -7.039E-01                                 F               0         Blade 1 Y translation velocity, node 2, m/s
        291    4.722E+00                                 F               0         Blade 1 Z translation velocity, node 2, m/s
        292    3.395E+00                                 F               0         Blade 1 X translation velocity, node 3, m/s
        293   -2.559E+00                                 F               0         Blade 1 Y translation velocity, node 3, m/s
        294    1.719E+01                                 F               0         Blade 1 Z translation velocity, node 3, m/s
        295    3.920E+00                                 F               0         Blade 1 X translation velocity, node 4, m/s
        296   -2.954E+00                                 F               0         Blade 1 Y translation velocity, node 4, m/s
        297    1.985E+01                                 F               0         Blade 1 Z translation velocity, node 4, m/s
        298    4.445E+00                                 F               0         Blade 1 X translation velocity, node 5, m/s
        299   -3.349E+00                                 F               0         Blade 1 Y translation velocity, node 5, m/s
        300    2.251E+01                                 F               0         Blade 1 Z translation velocity, node 5, m/s
        301    4.970E+00                                 F               0         Blade 1 X translation velocity, node 6, m/s
        302   -3.744E+00                                 F               0         Blade 1 Y translation velocity, node 6, m/s
        303    2.517E+01                                 F               0         Blade 1 Z translation velocity, node 6, m/s
        304    5.495E+00                                 F               0         Blade 1 X translation velocity, node 7, m/s
        305   -4.139E+00                                 F               0         Blade 1 Y translation velocity, node 7, m/s
        306    2.782E+01                                 F               0         Blade 1 Z translation velocity, node 7, m/s
        307    6.020E+00                                 F               0         Blade 1 X translation velocity, node 8, m/s
