
Linearized model: Predictions were generated on 08-Jan-2024 at 09:43:14 using OpenFAST, compiled as a 64-bit application using single precision at commit v3.5.1
 linked with  NWTC Subroutine Library; ElastoDyn; InflowWind; AeroDyn; ServoDyn; HydroDyn; MoorDyn (v2.0.0, 2023-09-18)

Description from the FAST input file: CCT-9 Campign 4 model. Input files to be run with OpenFAST 3.5.0. GitHub branch from Lu Wang (https://github.com/luwang00/openfast/tree/dev) compiled on March 7, 2023.

Simulation information:
   Simulation time:                  1005.7250 s
   Rotor Speed:                         0.7077 rad/s
   Azimuth:                             3.2375 rad
   Wind Speed:                          8.0000 m/s
   Number of continuous states:         0
   Number of discrete states:           0
   Number of constraint states:         0
   Number of inputs:                 1746
   Number of outputs:                   4
   Jacobians included in this file?    No

Order of inputs:
     Column   Operating Point                     Rotating Frame? Derivative Order Description
   ---------- ---------------                     --------------- ---------------- -----------
          1    7.250E+00                                 F               0         Tower X translation displacement, node 1, m
          2   -1.277E+00                                 F               0         Tower Y translation displacement, node 1, m
          3   -1.620E-01                                 F               0         Tower Z translation displacement, node 1, m
          4    8.293E+00                                 F               0         Tower X translation displacement, node 2, m
          5   -1.818E+00                                 F               0         Tower Y translation displacement, node 2, m
          6   -2.179E-01                                 F               0         Tower Z translation displacement, node 2, m
          7    9.350E+00                                 F               0         Tower X translation displacement, node 3, m
          8   -2.364E+00                                 F               0         Tower Y translation displacement, node 3, m
          9   -2.754E-01                                 F               0         Tower Z translation displacement, node 3, m
         10    1.042E+01                                 F               0         Tower X translation displacement, node 4, m
         11   -2.914E+00                                 F               0         Tower Y translation displacement, node 4, m
         12   -3.341E-01                                 F               0         Tower Z translation displacement, node 4, m
         13    1.150E+01                                 F               0         Tower X translation displacement, node 5, m
         14   -3.468E+00                                 F               0         Tower Y translation displacement, node 5, m
         15   -3.937E-01                                 F               0         Tower Z translation displacement, node 5, m
         16    1.259E+01                                 F               0         Tower X translation displacement, node 6, m
         17   -4.025E+00                                 F               0         Tower Y translation displacement, node 6, m
         18   -4.542E-01                                 F               0         Tower Z translation displacement, node 6, m
         19    1.368E+01                                 F               0         Tower X translation displacement, node 7, m
         20   -4.584E+00                                 F               0         Tower Y translation displacement, node 7, m
         21   -5.152E-01                                 F               0         Tower Z translation displacement, node 7, m
         22    1.477E+01                                 F               0         Tower X translation displacement, node 8, m
         23   -5.145E+00                                 F               0         Tower Y translation displacement, node 8, m
         24   -5.766E-01                                 F               0         Tower Z translation displacement, node 8, m
         25    1.587E+01                                 F               0         Tower X translation displacement, node 9, m
         26   -5.707E+00                                 F               0         Tower Y translation displacement, node 9, m
         27   -6.384E-01                                 F               0         Tower Z translation displacement, node 9, m
         28    1.697E+01                                 F               0         Tower X translation displacement, node 10, m
         29   -6.271E+00                                 F               0         Tower Y translation displacement, node 10, m
         30   -7.003E-01                                 F               0         Tower Z translation displacement, node 10, m
         31    1.807E+01                                 F               0         Tower X translation displacement, node 11, m
         32   -6.835E+00                                 F               0         Tower Y translation displacement, node 11, m
         33   -7.624E-01                                 F               0         Tower Z translation displacement, node 11, m
         34    9.965E-01,  4.118E-03, -8.374E-02         F               0         Tower X orientation angle, node 1, rad
         35   -4.473E-04,  9.990E-01,  4.381E-02         F               0         Tower Y orientation angle, node 1, rad
         36    8.384E-02, -4.362E-02,  9.955E-01         F               0         Tower Z orientation angle, node 1, rad
         37    9.964E-01,  4.171E-03, -8.494E-02         F               0         Tower X orientation angle, node 2, rad
         38   -4.137E-04,  9.990E-01,  4.420E-02         F               0         Tower Y orientation angle, node 2, rad
         39    8.504E-02, -4.401E-02,  9.954E-01         F               0         Tower Z orientation angle, node 2, rad
         40    9.963E-01,  4.217E-03, -8.598E-02         F               0         Tower X orientation angle, node 3, rad
         41   -3.830E-04,  9.990E-01,  4.456E-02         F               0         Tower Y orientation angle, node 3, rad
         42    8.608E-02, -4.436E-02,  9.953E-01         F               0         Tower Z orientation angle, node 3, rad
         43    9.962E-01,  4.256E-03, -8.684E-02         F               0         Tower X orientation angle, node 4, rad
         44   -3.560E-04,  9.990E-01,  4.487E-02         F               0         Tower Y orientation angle, node 4, rad
         45    8.694E-02, -4.467E-02,  9.952E-01         F               0         Tower Z orientation angle, node 4, rad
         46    9.962E-01,  4.286E-03, -8.752E-02         F               0         Tower X orientation angle, node 5, rad
         47   -3.326E-04,  9.990E-01,  4.514E-02         F               0         Tower Y orientation angle, node 5, rad
         48    8.762E-02, -4.494E-02,  9.951E-01         F               0         Tower Z orientation angle, node 5, rad
         49    9.961E-01,  4.310E-03, -8.804E-02         F               0         Tower X orientation angle, node 6, rad
         50   -3.129E-04,  9.990E-01,  4.536E-02         F               0         Tower Y orientation angle, node 6, rad
         51    8.815E-02, -4.516E-02,  9.951E-01         F               0         Tower Z orientation angle, node 6, rad
         52    9.961E-01,  4.327E-03, -8.841E-02         F               0         Tower X orientation angle, node 7, rad
         53   -2.971E-04,  9.990E-01,  4.554E-02         F               0         Tower Y orientation angle, node 7, rad
         54    8.852E-02, -4.534E-02,  9.950E-01         F               0         Tower Z orientation angle, node 7, rad
         55    9.961E-01,  4.339E-03, -8.867E-02         F               0         Tower X orientation angle, node 8, rad
         56   -2.848E-04,  9.990E-01,  4.568E-02         F               0         Tower Y orientation angle, node 8, rad
         57    8.877E-02, -4.548E-02,  9.950E-01         F               0         Tower Z orientation angle, node 8, rad
         58    9.960E-01,  4.346E-03, -8.883E-02         F               0         Tower X orientation angle, node 9, rad
         59   -2.758E-04,  9.990E-01,  4.578E-02         F               0         Tower Y orientation angle, node 9, rad
         60    8.893E-02, -4.558E-02,  9.950E-01         F               0         Tower Z orientation angle, node 9, rad
         61    9.960E-01,  4.350E-03, -8.892E-02         F               0         Tower X orientation angle, node 10, rad
         62   -2.699E-04,  9.989E-01,  4.585E-02         F               0         Tower Y orientation angle, node 10, rad
         63    8.902E-02, -4.564E-02,  9.950E-01         F               0         Tower Z orientation angle, node 10, rad
         64    9.960E-01,  4.352E-03, -8.896E-02         F               0         Tower X orientation angle, node 11, rad
         65   -2.667E-04,  9.989E-01,  4.589E-02         F               0         Tower Y orientation angle, node 11, rad
         66    8.906E-02, -4.568E-02,  9.950E-01         F               0         Tower Z orientation angle, node 11, rad
         67   -1.878E-04                                 F               0         Tower X translation velocity, node 1, m/s
         68   -4.815E-04                                 F               0         Tower Y translation velocity, node 1, m/s
         69   -2.509E-03                                 F               0         Tower Z translation velocity, node 1, m/s
         70   -1.917E-04                                 F               0         Tower X translation velocity, node 2, m/s
         71   -4.116E-04                                 F               0         Tower Y translation velocity, node 2, m/s
         72   -2.505E-03                                 F               0         Tower Z translation velocity, node 2, m/s
         73   -1.853E-04                                 F               0         Tower X translation velocity, node 3, m/s
         74   -3.326E-04                                 F               0         Tower Y translation velocity, node 3, m/s
         75   -2.502E-03                                 F               0         Tower Z translation velocity, node 3, m/s
         76   -1.701E-04                                 F               0         Tower X translation velocity, node 4, m/s
         77   -2.461E-04                                 F               0         Tower Y translation velocity, node 4, m/s
         78   -2.500E-03                                 F               0         Tower Z translation velocity, node 4, m/s
         79   -1.466E-04                                 F               0         Tower X translation velocity, node 5, m/s
         80   -1.530E-04                                 F               0         Tower Y translation velocity, node 5, m/s
         81   -2.498E-03                                 F               0         Tower Z translation velocity, node 5, m/s
         82   -1.156E-04                                 F               0         Tower X translation velocity, node 6, m/s
         83   -5.393E-05                                 F               0         Tower Y translation velocity, node 6, m/s
         84   -2.496E-03                                 F               0         Tower Z translation velocity, node 6, m/s
         85   -7.844E-05                                 F               0         Tower X translation velocity, node 7, m/s
         86    4.983E-05                                 F               0         Tower Y translation velocity, node 7, m/s
         87   -2.495E-03                                 F               0         Tower Z translation velocity, node 7, m/s
         88   -3.537E-05                                 F               0         Tower X translation velocity, node 8, m/s
         89    1.579E-04                                 F               0         Tower Y translation velocity, node 8, m/s
         90   -2.494E-03                                 F               0         Tower Z translation velocity, node 8, m/s
         91    1.248E-05                                 F               0         Tower X translation velocity, node 9, m/s
         92    2.694E-04                                 F               0         Tower Y translation velocity, node 9, m/s
         93   -2.493E-03                                 F               0         Tower Z translation velocity, node 9, m/s
         94    6.392E-05                                 F               0         Tower X translation velocity, node 10, m/s
         95    3.833E-04                                 F               0         Tower Y translation velocity, node 10, m/s
         96   -2.492E-03                                 F               0         Tower Z translation velocity, node 10, m/s
         97    1.177E-04                                 F               0         Tower X translation velocity, node 11, m/s
         98    4.988E-04                                 F               0         Tower Y translation velocity, node 11, m/s
         99   -2.492E-03                                 F               0         Tower Z translation velocity, node 11, m/s
        100    1.881E+01                                 F               0         Hub X translation displacement, node 1, m
        101   -7.241E+00                                 F               0         Hub Y translation displacement, node 1, m
        102    1.590E-01                                 F               0         Hub Z translation displacement, node 1, m
        103    9.813E-01,  9.103E-03, -1.925E-01         F               0         Hub X orientation angle, node 1, rad
        104   -1.818E-02, -9.901E-01, -1.395E-01         F               0         Hub Y orientation angle, node 1, rad
        105   -1.918E-01,  1.404E-01, -9.713E-01         F               0         Hub Z orientation angle, node 1, rad
        106    6.945E-01                                 F               0         Hub X rotation velocity, node 1, rad/s
        107    6.447E-03                                 F               0         Hub Y rotation velocity, node 1, rad/s
        108   -1.362E-01                                 F               0         Hub Z rotation velocity, node 1, rad/s
        109    9.814E-01,  3.847E-02, -1.883E-01         F               0         Blade root 1 X orientation angle, node 1, rad
        110    1.094E-02, -9.893E-01, -1.452E-01         F               0         Blade root 1 Y orientation angle, node 1, rad
        111   -1.918E-01,  1.404E-01, -9.713E-01         F               0         Blade root 1 Z orientation angle, node 1, rad
        112    9.855E-01, -9.193E-03, -1.695E-01         F               0         Blade root 2 X orientation angle, node 1, rad
        113   -1.279E-01,  6.166E-01, -7.768E-01         F               0         Blade root 2 Y orientation angle, node 1, rad
        114    1.117E-01,  7.872E-01,  6.065E-01         F               0         Blade root 2 Z orientation angle, node 1, rad
        115    9.756E-01, -1.979E-03, -2.194E-01         F               0         Blade root 3 X orientation angle, node 1, rad
        116    2.043E-01,  3.736E-01,  9.048E-01         F               0         Blade root 3 Y orientation angle, node 1, rad
        117    8.017E-02, -9.276E-01,  3.649E-01         F               0         Blade root 3 Z orientation angle, node 1, rad
        118    1.717E+01                                 F               0         Blade 1 X translation displacement, node 1, m
        119   -6.463E+00                                 F               0         Blade 1 Y translation displacement, node 1, m
        120   -1.073E+01                                 F               0         Blade 1 Z translation displacement, node 1, m
        121    1.677E+01                                 F               0         Blade 1 X translation displacement, node 2, m
        122   -6.276E+00                                 F               0         Blade 1 Y translation displacement, node 2, m
        123   -1.336E+01                                 F               0         Blade 1 Z translation displacement, node 2, m
        124    1.139E+01                                 F               0         Blade 1 X translation displacement, node 3, m
        125   -3.727E+00                                 F               0         Blade 1 Y translation displacement, node 3, m
        126   -4.904E+01                                 F               0         Blade 1 Z translation displacement, node 3, m
        127    1.025E+01                                 F               0         Blade 1 X translation displacement, node 4, m
        128   -3.184E+00                                 F               0         Blade 1 Y translation displacement, node 4, m
        129   -5.664E+01                                 F               0         Blade 1 Z translation displacement, node 4, m
        130    9.102E+00                                 F               0         Blade 1 X translation displacement, node 5, m
        131   -2.641E+00                                 F               0         Blade 1 Y translation displacement, node 5, m
        132   -6.425E+01                                 F               0         Blade 1 Z translation displacement, node 5, m
        133    7.956E+00                                 F               0         Blade 1 X translation displacement, node 6, m
        134   -2.098E+00                                 F               0         Blade 1 Y translation displacement, node 6, m
        135   -7.185E+01                                 F               0         Blade 1 Z translation displacement, node 6, m
        136    6.810E+00                                 F               0         Blade 1 X translation displacement, node 7, m
        137   -1.555E+00                                 F               0         Blade 1 Y translation displacement, node 7, m
        138   -7.945E+01                                 F               0         Blade 1 Z translation displacement, node 7, m
        139    5.664E+00                                 F               0         Blade 1 X translation displacement, node 8, m
        140   -1.012E+00                                 F               0         Blade 1 Y translation displacement, node 8, m
        141   -8.706E+01                                 F               0         Blade 1 Z translation displacement, node 8, m
        142    4.518E+00                                 F               0         Blade 1 X translation displacement, node 9, m
        143   -4.693E-01                                 F               0         Blade 1 Y translation displacement, node 9, m
        144   -9.466E+01                                 F               0         Blade 1 Z translation displacement, node 9, m
        145    3.371E+00                                 F               0         Blade 1 X translation displacement, node 10, m
        146    7.367E-02                                 F               0         Blade 1 Y translation displacement, node 10, m
        147   -1.023E+02                                 F               0         Blade 1 Z translation displacement, node 10, m
        148    2.225E+00                                 F               0         Blade 1 X translation displacement, node 11, m
        149    6.166E-01                                 F               0         Blade 1 Y translation displacement, node 11, m
        150   -1.099E+02                                 F               0         Blade 1 Z translation displacement, node 11, m
        151    1.079E+00                                 F               0         Blade 1 X translation displacement, node 12, m
        152    1.160E+00                                 F               0         Blade 1 Y translation displacement, node 12, m
        153   -1.175E+02                                 F               0         Blade 1 Z translation displacement, node 12, m
        154   -6.733E-02                                 F               0         Blade 1 X translation displacement, node 13, m
        155    1.703E+00                                 F               0         Blade 1 Y translation displacement, node 13, m
        156   -1.251E+02                                 F               0         Blade 1 Z translation displacement, node 13, m
        157   -1.213E+00                                 F               0         Blade 1 X translation displacement, node 14, m
        158    2.246E+00                                 F               0         Blade 1 Y translation displacement, node 14, m
        159   -1.327E+02                                 F               0         Blade 1 Z translation displacement, node 14, m
        160   -2.360E+00                                 F               0         Blade 1 X translation displacement, node 15, m
        161    2.789E+00                                 F               0         Blade 1 Y translation displacement, node 15, m
        162   -1.403E+02                                 F               0         Blade 1 Z translation displacement, node 15, m
        163   -3.506E+00                                 F               0         Blade 1 X translation displacement, node 16, m
        164    3.332E+00                                 F               0         Blade 1 Y translation displacement, node 16, m
        165   -1.479E+02                                 F               0         Blade 1 Z translation displacement, node 16, m
        166   -4.652E+00                                 F               0         Blade 1 X translation displacement, node 17, m
        167    3.875E+00                                 F               0         Blade 1 Y translation displacement, node 17, m
        168   -1.555E+02                                 F               0         Blade 1 Z translation displacement, node 17, m
        169   -5.798E+00                                 F               0         Blade 1 X translation displacement, node 18, m
        170    4.417E+00                                 F               0         Blade 1 Y translation displacement, node 18, m
        171   -1.631E+02                                 F               0         Blade 1 Z translation displacement, node 18, m
        172   -6.945E+00                                 F               0         Blade 1 X translation displacement, node 19, m
        173    4.961E+00                                 F               0         Blade 1 Y translation displacement, node 19, m
        174   -1.707E+02                                 F               0         Blade 1 Z translation displacement, node 19, m
        175   -8.091E+00                                 F               0         Blade 1 X translation displacement, node 20, m
        176    5.504E+00                                 F               0         Blade 1 Y translation displacement, node 20, m
        177   -1.783E+02                                 F               0         Blade 1 Z translation displacement, node 20, m
        178   -9.237E+00                                 F               0         Blade 1 X translation displacement, node 21, m
        179    6.046E+00                                 F               0         Blade 1 Y translation displacement, node 21, m
        180   -1.859E+02                                 F               0         Blade 1 Z translation displacement, node 21, m
        181   -1.038E+01                                 F               0         Blade 1 X translation displacement, node 22, m
        182    6.590E+00                                 F               0         Blade 1 Y translation displacement, node 22, m
        183   -1.935E+02                                 F               0         Blade 1 Z translation displacement, node 22, m
        184   -1.153E+01                                 F               0         Blade 1 X translation displacement, node 23, m
        185    7.132E+00                                 F               0         Blade 1 Y translation displacement, node 23, m
        186   -2.011E+02                                 F               0         Blade 1 Z translation displacement, node 23, m
        187   -1.268E+01                                 F               0         Blade 1 X translation displacement, node 24, m
        188    7.675E+00                                 F               0         Blade 1 Y translation displacement, node 24, m
        189   -2.087E+02                                 F               0         Blade 1 Z translation displacement, node 24, m
        190   -1.382E+01                                 F               0         Blade 1 X translation displacement, node 25, m
        191    8.218E+00                                 F               0         Blade 1 Y translation displacement, node 25, m
        192   -2.163E+02                                 F               0         Blade 1 Z translation displacement, node 25, m
        193   -1.497E+01                                 F               0         Blade 1 X translation displacement, node 26, m
        194    8.761E+00                                 F               0         Blade 1 Y translation displacement, node 26, m
        195   -2.239E+02                                 F               0         Blade 1 Z translation displacement, node 26, m
        196   -1.611E+01                                 F               0         Blade 1 X translation displacement, node 27, m
        197    9.304E+00                                 F               0         Blade 1 Y translation displacement, node 27, m
        198   -2.315E+02                                 F               0         Blade 1 Z translation displacement, node 27, m
        199   -1.709E+01                                 F               0         Blade 1 X translation displacement, node 28, m
        200    9.765E+00                                 F               0         Blade 1 Y translation displacement, node 28, m
        201   -2.380E+02                                 F               0         Blade 1 Z translation displacement, node 28, m
        202    8.684E-01,  4.854E-01, -1.013E-01         F               0         Blade 1 X orientation angle, node 1, rad
        203    4.573E-01, -8.630E-01, -2.150E-01         F               0         Blade 1 Y orientation angle, node 1, rad
        204   -1.918E-01,  1.404E-01, -9.713E-01         F               0         Blade 1 Z orientation angle, node 1, rad
        205    8.684E-01,  4.854E-01, -1.013E-01         F               0         Blade 1 X orientation angle, node 2, rad
        206    4.573E-01, -8.630E-01, -2.150E-01         F               0         Blade 1 Y orientation angle, node 2, rad
        207   -1.918E-01,  1.404E-01, -9.713E-01         F               0         Blade 1 Z orientation angle, node 2, rad
        208    9.520E-01,  2.670E-01, -1.494E-01         F               0         Blade 1 X orientation angle, node 3, rad
        209    2.384E-01, -9.534E-01, -1.849E-01         F               0         Blade 1 Y orientation angle, node 3, rad
        210   -1.918E-01,  1.404E-01, -9.713E-01         F               0         Blade 1 Z orientation angle, node 3, rad
        211    9.612E-01,  2.265E-01, -1.571E-01         F               0         Blade 1 X orientation angle, node 4, rad
        212    1.980E-01, -9.638E-01, -1.784E-01         F               0         Blade 1 Y orientation angle, node 4, rad
        213   -1.918E-01,  1.404E-01, -9.713E-01         F               0         Blade 1 Z orientation angle, node 4, rad
        214    9.673E-01,  1.945E-01, -1.629E-01         F               0         Blade 1 X orientation angle, node 5, rad
        215    1.660E-01, -9.708E-01, -1.731E-01         F               0         Blade 1 Y orientation angle, node 5, rad
        216   -1.918E-01,  1.404E-01, -9.713E-01         F               0         Blade 1 Z orientation angle, node 5, rad
        217    9.713E-01,  1.686E-01, -1.675E-01         F               0         Blade 1 X orientation angle, node 6, rad
        218    1.403E-01, -9.756E-01, -1.687E-01         F               0         Blade 1 Y orientation angle, node 6, rad
        219   -1.918E-01,  1.404E-01, -9.713E-01         F               0         Blade 1 Z orientation angle, node 6, rad
        220    9.742E-01,  1.473E-01, -1.711E-01         F               0         Blade 1 X orientation angle, node 7, rad
        221    1.191E-01, -9.791E-01, -1.650E-01         F               0         Blade 1 Y orientation angle, node 7, rad
        222   -1.918E-01,  1.404E-01, -9.713E-01         F               0         Blade 1 Z orientation angle, node 7, rad
        223    9.762E-01,  1.295E-01, -1.741E-01         F               0         Blade 1 X orientation angle, node 8, rad
        224    1.014E-01, -9.816E-01, -1.619E-01         F               0         Blade 1 Y orientation angle, node 8, rad
        225   -1.918E-01,  1.404E-01, -9.713E-01         F               0         Blade 1 Z orientation angle, node 8, rad
        226    9.776E-01,  1.144E-01, -1.765E-01         F               0         Blade 1 X orientation angle, node 9, rad
        227    8.637E-02, -9.835E-01, -1.592E-01         F               0         Blade 1 Y orientation angle, node 9, rad
        228   -1.918E-01,  1.404E-01, -9.713E-01         F               0         Blade 1 Z orientation angle, node 9, rad
        229    9.787E-01,  1.014E-01, -1.786E-01         F               0         Blade 1 X orientation angle, node 10, rad
        230    7.339E-02, -9.849E-01, -1.568E-01         F               0         Blade 1 Y orientation angle, node 10, rad
        231   -1.918E-01,  1.404E-01, -9.713E-01         F               0         Blade 1 Z orientation angle, node 10, rad
        232    9.794E-01,  9.020E-02, -1.804E-01         F               0         Blade 1 X orientation angle, node 11, rad
        233    6.229E-02, -9.860E-01, -1.548E-01         F               0         Blade 1 Y orientation angle, node 11, rad
        234   -1.918E-01,  1.404E-01, -9.713E-01         F               0         Blade 1 Z orientation angle, node 11, rad
        235    9.800E-01,  8.038E-02, -1.819E-01         F               0         Blade 1 X orientation angle, node 12, rad
        236    5.254E-02, -9.868E-01, -1.530E-01         F               0         Blade 1 Y orientation angle, node 12, rad
        237   -1.918E-01,  1.404E-01, -9.713E-01         F               0         Blade 1 Z orientation angle, node 12, rad
        238    9.804E-01,  7.177E-02, -1.833E-01         F               0         Blade 1 X orientation angle, node 13, rad
        239    4.398E-02, -9.875E-01, -1.514E-01         F               0         Blade 1 Y orientation angle, node 13, rad
        240   -1.918E-01,  1.404E-01, -9.713E-01         F               0         Blade 1 Z orientation angle, node 13, rad
        241    9.808E-01,  6.401E-02, -1.844E-01         F               0         Blade 1 X orientation angle, node 14, rad
        242    3.628E-02, -9.880E-01, -1.500E-01         F               0         Blade 1 Y orientation angle, node 14, rad
        243   -1.918E-01,  1.404E-01, -9.713E-01         F               0         Blade 1 Z orientation angle, node 14, rad
        244    9.810E-01,  5.711E-02, -1.855E-01         F               0         Blade 1 X orientation angle, node 15, rad
        245    2.943E-02, -9.884E-01, -1.487E-01         F               0         Blade 1 Y orientation angle, node 15, rad
        246   -1.918E-01,  1.404E-01, -9.713E-01         F               0         Blade 1 Z orientation angle, node 15, rad
        247    9.812E-01,  5.090E-02, -1.864E-01         F               0         Blade 1 X orientation angle, node 16, rad
        248    2.327E-02, -9.888E-01, -1.475E-01         F               0         Blade 1 Y orientation angle, node 16, rad
        249   -1.918E-01,  1.404E-01, -9.713E-01         F               0         Blade 1 Z orientation angle, node 16, rad
        250    9.813E-01,  4.538E-02, -1.872E-01         F               0         Blade 1 X orientation angle, node 17, rad
        251    1.779E-02, -9.891E-01, -1.465E-01         F               0         Blade 1 Y orientation angle, node 17, rad
        252   -1.918E-01,  1.404E-01, -9.713E-01         F               0         Blade 1 Z orientation angle, node 17, rad
        253    9.813E-01,  4.020E-02, -1.880E-01         F               0         Blade 1 X orientation angle, node 18, rad
        254    1.265E-02, -9.893E-01, -1.455E-01         F               0         Blade 1 Y orientation angle, node 18, rad
        255   -1.918E-01,  1.404E-01, -9.713E-01         F               0         Blade 1 Z orientation angle, node 18, rad
        256    9.814E-01,  3.553E-02, -1.887E-01         F               0         Blade 1 X orientation angle, node 19, rad
        257    8.028E-03, -9.895E-01, -1.446E-01         F               0         Blade 1 Y orientation angle, node 19, rad
        258   -1.918E-01,  1.404E-01, -9.713E-01         F               0         Blade 1 Z orientation angle, node 19, rad
        259    9.814E-01,  3.139E-02, -1.893E-01         F               0         Blade 1 X orientation angle, node 20, rad
        260    3.917E-03, -9.896E-01, -1.438E-01         F               0         Blade 1 Y orientation angle, node 20, rad
        261   -1.918E-01,  1.404E-01, -9.713E-01         F               0         Blade 1 Z orientation angle, node 20, rad
        262    9.814E-01,  2.742E-02, -1.899E-01         F               0         Blade 1 X orientation angle, node 21, rad
        263   -2.278E-05, -9.897E-01, -1.430E-01         F               0         Blade 1 Y orientation angle, node 21, rad
        264   -1.918E-01,  1.404E-01, -9.713E-01         F               0         Blade 1 Z orientation angle, node 21, rad
        265    9.814E-01,  2.379E-02, -1.904E-01         F               0         Blade 1 X orientation angle, node 22, rad
        266   -3.620E-03, -9.898E-01, -1.423E-01         F               0         Blade 1 Y orientation angle, node 22, rad
        267   -1.918E-01,  1.404E-01, -9.713E-01         F               0         Blade 1 Z orientation angle, node 22, rad
        268    9.814E-01,  2.051E-02, -1.909E-01         F               0         Blade 1 X orientation angle, node 23, rad
        269   -6.874E-03, -9.899E-01, -1.417E-01         F               0         Blade 1 Y orientation angle, node 23, rad
        270   -1.918E-01,  1.404E-01, -9.713E-01         F               0         Blade 1 Z orientation angle, node 23, rad
        271    9.814E-01,  1.740E-02, -1.913E-01         F               0         Blade 1 X orientation angle, node 24, rad
        272   -9.958E-03, -9.899E-01, -1.411E-01         F               0         Blade 1 Y orientation angle, node 24, rad
        273   -1.918E-01,  1.404E-01, -9.713E-01         F               0         Blade 1 Z orientation angle, node 24, rad
        274    9.813E-01,  1.446E-02, -1.917E-01         F               0         Blade 1 X orientation angle, node 25, rad
        275   -1.287E-02, -9.900E-01, -1.405E-01         F               0         Blade 1 Y orientation angle, node 25, rad
        276   -1.918E-01,  1.404E-01, -9.713E-01         F               0         Blade 1 Z orientation angle, node 25, rad
        277    9.813E-01,  1.187E-02, -1.921E-01         F               0         Blade 1 X orientation angle, node 26, rad
        278   -1.544E-02, -9.900E-01, -1.400E-01         F               0         Blade 1 Y orientation angle, node 26, rad
        279   -1.918E-01,  1.404E-01, -9.713E-01         F               0         Blade 1 Z orientation angle, node 26, rad
        280    9.813E-01,  9.276E-03, -1.924E-01         F               0         Blade 1 X orientation angle, node 27, rad
        281   -1.801E-02, -9.901E-01, -1.395E-01         F               0         Blade 1 Y orientation angle, node 27, rad
        282   -1.918E-01,  1.404E-01, -9.713E-01         F               0         Blade 1 Z orientation angle, node 27, rad
        283    9.812E-01,  7.894E-03, -1.926E-01         F               0         Blade 1 X orientation angle, node 28, rad
        284   -1.938E-02, -9.901E-01, -1.393E-01         F               0         Blade 1 Y orientation angle, node 28, rad
        285   -1.918E-01,  1.404E-01, -9.713E-01         F               0         Blade 1 Z orientation angle, node 28, rad
        286    7.141E-02                                 F               0         Blade 1 X translation velocity, node 1, m/s
        287    3.882E+00                                 F               0         Blade 1 Y translation velocity, node 1, m/s
        288    5.445E-01                                 F               0         Blade 1 Z translation velocity, node 1, m/s
        289    8.857E-02                                 F               0         Blade 1 X translation velocity, node 2, m/s
        290    4.818E+00                                 F               0         Blade 1 Y translation velocity, node 2, m/s
        291    6.763E-01                                 F               0         Blade 1 Z translation velocity, node 2, m/s
        292    3.220E-01                                 F               0         Blade 1 X translation velocity, node 3, m/s
        293    1.754E+01                                 F               0         Blade 1 Y translation velocity, node 3, m/s
        294    2.469E+00                                 F               0         Blade 1 Z translation velocity, node 3, m/s
        295    3.718E-01                                 F               0         Blade 1 X translation velocity, node 4, m/s
        296    2.025E+01                                 F               0         Blade 1 Y translation velocity, node 4, m/s
        297    2.850E+00                                 F               0         Blade 1 Z translation velocity, node 4, m/s
        298    4.215E-01                                 F               0         Blade 1 X translation velocity, node 5, m/s
        299    2.296E+01                                 F               0         Blade 1 Y translation velocity, node 5, m/s
        300    3.232E+00                                 F               0         Blade 1 Z translation velocity, node 5, m/s
        301    4.713E-01                                 F               0         Blade 1 X translation velocity, node 6, m/s
        302    2.567E+01                                 F               0         Blade 1 Y translation velocity, node 6, m/s
        303    3.614E+00                                 F               0         Blade 1 Z translation velocity, node 6, m/s
        304    5.210E-01                                 F               0         Blade 1 X translation velocity, node 7, m/s
        305    2.838E+01                                 F               0         Blade 1 Y translation velocity, node 7, m/s
        306    3.996E+00                                 F               0         Blade 1 Z translation velocity, node 7, m/s
        307    5.707E-01                                 F               0         Blade 1 X translation velocity, node 8, m/s
