
Linearized model: Predictions were generated on 31-Jan-2024 at 12:35:17 using OpenFAST, compiled as a 64-bit application using single precision at commit v3.5.1
 linked with  NWTC Subroutine Library; ElastoDyn; InflowWind; AeroDyn; ServoDyn; HydroDyn; MAP++ (<1.20.10>, <Oct-20-2023>)

Description from the FAST input file: CCT-9 Campign 4 model. Input files to be run with OpenFAST 3.5.0. GitHub branch from Lu Wang (https://github.com/luwang00/openfast/tree/dev) compiled on March 7, 2023.

Simulation information:
   Simulation time:                   502.9750 s
   Rotor Speed:                         0.8939 rad/s
   Azimuth:                             3.4049 rad
   Wind Speed:                         10.0000 m/s
   Number of continuous states:         0
   Number of discrete states:           0
   Number of constraint states:         0
   Number of inputs:                 1746
   Number of outputs:                   4
   Jacobians included in this file?    No

Order of inputs:
     Column   Operating Point                     Rotating Frame? Derivative Order Description
   ---------- ---------------                     --------------- ---------------- -----------
          1    8.515E+00                                 F               0         Tower X translation displacement, node 1, m
          2   -1.355E+00                                 F               0         Tower Y translation displacement, node 1, m
          3   -7.774E-02                                 F               0         Tower Z translation displacement, node 1, m
          4    8.751E+00                                 F               0         Tower X translation displacement, node 2, m
          5   -1.887E+00                                 F               0         Tower Y translation displacement, node 2, m
          6   -9.150E-02                                 F               0         Tower Z translation displacement, node 2, m
          7    9.001E+00                                 F               0         Tower X translation displacement, node 3, m
          8   -2.420E+00                                 F               0         Tower Y translation displacement, node 3, m
          9   -1.055E-01                                 F               0         Tower Z translation displacement, node 3, m
         10    9.261E+00                                 F               0         Tower X translation displacement, node 4, m
         11   -2.952E+00                                 F               0         Tower Y translation displacement, node 4, m
         12   -1.197E-01                                 F               0         Tower Z translation displacement, node 4, m
         13    9.528E+00                                 F               0         Tower X translation displacement, node 5, m
         14   -3.485E+00                                 F               0         Tower Y translation displacement, node 5, m
         15   -1.341E-01                                 F               0         Tower Z translation displacement, node 5, m
         16    9.802E+00                                 F               0         Tower X translation displacement, node 6, m
         17   -4.017E+00                                 F               0         Tower Y translation displacement, node 6, m
         18   -1.486E-01                                 F               0         Tower Z translation displacement, node 6, m
         19    1.008E+01                                 F               0         Tower X translation displacement, node 7, m
         20   -4.549E+00                                 F               0         Tower Y translation displacement, node 7, m
         21   -1.632E-01                                 F               0         Tower Z translation displacement, node 7, m
         22    1.036E+01                                 F               0         Tower X translation displacement, node 8, m
         23   -5.082E+00                                 F               0         Tower Y translation displacement, node 8, m
         24   -1.779E-01                                 F               0         Tower Z translation displacement, node 8, m
         25    1.064E+01                                 F               0         Tower X translation displacement, node 9, m
         26   -5.614E+00                                 F               0         Tower Y translation displacement, node 9, m
         27   -1.926E-01                                 F               0         Tower Z translation displacement, node 9, m
         28    1.093E+01                                 F               0         Tower X translation displacement, node 10, m
         29   -6.146E+00                                 F               0         Tower Y translation displacement, node 10, m
         30   -2.073E-01                                 F               0         Tower Z translation displacement, node 10, m
         31    1.121E+01                                 F               0         Tower X translation displacement, node 11, m
         32   -6.679E+00                                 F               0         Tower Y translation displacement, node 11, m
         33   -2.221E-01                                 F               0         Tower Z translation displacement, node 11, m
         34    9.998E-01,  7.487E-03, -1.841E-02         F               0         Tower X orientation angle, node 1, rad
         35   -6.685E-03,  9.990E-01,  4.325E-02         F               0         Tower Y orientation angle, node 1, rad
         36    1.872E-02, -4.312E-02,  9.989E-01         F               0         Tower Z orientation angle, node 1, rad
         37    9.998E-01,  7.531E-03, -1.943E-02         F               0         Tower X orientation angle, node 2, rad
         38   -6.685E-03,  9.990E-01,  4.325E-02         F               0         Tower Y orientation angle, node 2, rad
         39    1.974E-02, -4.311E-02,  9.989E-01         F               0         Tower Z orientation angle, node 2, rad
         40    9.998E-01,  7.569E-03, -2.030E-02         F               0         Tower X orientation angle, node 3, rad
         41   -6.685E-03,  9.990E-01,  4.325E-02         F               0         Tower Y orientation angle, node 3, rad
         42    2.061E-02, -4.310E-02,  9.989E-01         F               0         Tower Z orientation angle, node 3, rad
         43    9.998E-01,  7.600E-03, -2.102E-02         F               0         Tower X orientation angle, node 4, rad
         44   -6.685E-03,  9.990E-01,  4.325E-02         F               0         Tower Y orientation angle, node 4, rad
         45    2.133E-02, -4.310E-02,  9.988E-01         F               0         Tower Z orientation angle, node 4, rad
         46    9.997E-01,  7.624E-03, -2.158E-02         F               0         Tower X orientation angle, node 5, rad
         47   -6.685E-03,  9.990E-01,  4.325E-02         F               0         Tower Y orientation angle, node 5, rad
         48    2.189E-02, -4.309E-02,  9.988E-01         F               0         Tower Z orientation angle, node 5, rad
         49    9.997E-01,  7.643E-03, -2.202E-02         F               0         Tower X orientation angle, node 6, rad
         50   -6.685E-03,  9.990E-01,  4.325E-02         F               0         Tower Y orientation angle, node 6, rad
         51    2.232E-02, -4.309E-02,  9.988E-01         F               0         Tower Z orientation angle, node 6, rad
         52    9.997E-01,  7.656E-03, -2.232E-02         F               0         Tower X orientation angle, node 7, rad
         53   -6.685E-03,  9.990E-01,  4.325E-02         F               0         Tower Y orientation angle, node 7, rad
         54    2.263E-02, -4.309E-02,  9.988E-01         F               0         Tower Z orientation angle, node 7, rad
         55    9.997E-01,  7.665E-03, -2.252E-02         F               0         Tower X orientation angle, node 8, rad
         56   -6.685E-03,  9.990E-01,  4.325E-02         F               0         Tower Y orientation angle, node 8, rad
         57    2.283E-02, -4.308E-02,  9.988E-01         F               0         Tower Z orientation angle, node 8, rad
         58    9.997E-01,  7.670E-03, -2.265E-02         F               0         Tower X orientation angle, node 9, rad
         59   -6.685E-03,  9.990E-01,  4.325E-02         F               0         Tower Y orientation angle, node 9, rad
         60    2.296E-02, -4.308E-02,  9.988E-01         F               0         Tower Z orientation angle, node 9, rad
         61    9.997E-01,  7.673E-03, -2.272E-02         F               0         Tower X orientation angle, node 10, rad
         62   -6.685E-03,  9.990E-01,  4.325E-02         F               0         Tower Y orientation angle, node 10, rad
         63    2.303E-02, -4.308E-02,  9.988E-01         F               0         Tower Z orientation angle, node 10, rad
         64    9.997E-01,  7.675E-03, -2.275E-02         F               0         Tower X orientation angle, node 11, rad
         65   -6.685E-03,  9.990E-01,  4.325E-02         F               0         Tower Y orientation angle, node 11, rad
         66    2.306E-02, -4.308E-02,  9.988E-01         F               0         Tower Z orientation angle, node 11, rad
         67   -9.239E-04                                 F               0         Tower X translation velocity, node 1, m/s
         68    1.372E-06                                 F               0         Tower Y translation velocity, node 1, m/s
         69   -5.558E-03                                 F               0         Tower Z translation velocity, node 1, m/s
         70   -9.309E-04                                 F               0         Tower X translation velocity, node 2, m/s
         71    2.249E-06                                 F               0         Tower Y translation velocity, node 2, m/s
         72   -5.558E-03                                 F               0         Tower Z translation velocity, node 2, m/s
         73   -9.618E-04                                 F               0         Tower X translation velocity, node 3, m/s
         74    2.999E-06                                 F               0         Tower Y translation velocity, node 3, m/s
         75   -5.557E-03                                 F               0         Tower Z translation velocity, node 3, m/s
         76   -1.012E-03                                 F               0         Tower X translation velocity, node 4, m/s
         77    3.637E-06                                 F               0         Tower Y translation velocity, node 4, m/s
         78   -5.556E-03                                 F               0         Tower Z translation velocity, node 4, m/s
         79   -1.081E-03                                 F               0         Tower X translation velocity, node 5, m/s
         80    4.169E-06                                 F               0         Tower Y translation velocity, node 5, m/s
         81   -5.554E-03                                 F               0         Tower Z translation velocity, node 5, m/s
         82   -1.165E-03                                 F               0         Tower X translation velocity, node 6, m/s
         83    4.603E-06                                 F               0         Tower Y translation velocity, node 6, m/s
         84   -5.552E-03                                 F               0         Tower Z translation velocity, node 6, m/s
         85   -1.262E-03                                 F               0         Tower X translation velocity, node 7, m/s
         86    4.955E-06                                 F               0         Tower Y translation velocity, node 7, m/s
         87   -5.550E-03                                 F               0         Tower Z translation velocity, node 7, m/s
         88   -1.371E-03                                 F               0         Tower X translation velocity, node 8, m/s
         89    5.230E-06                                 F               0         Tower Y translation velocity, node 8, m/s
         90   -5.548E-03                                 F               0         Tower Z translation velocity, node 8, m/s
         91   -1.489E-03                                 F               0         Tower X translation velocity, node 9, m/s
         92    5.439E-06                                 F               0         Tower Y translation velocity, node 9, m/s
         93   -5.545E-03                                 F               0         Tower Z translation velocity, node 9, m/s
         94   -1.613E-03                                 F               0         Tower X translation velocity, node 10, m/s
         95    5.601E-06                                 F               0         Tower Y translation velocity, node 10, m/s
         96   -5.542E-03                                 F               0         Tower Z translation velocity, node 10, m/s
         97   -1.743E-03                                 F               0         Tower X translation velocity, node 11, m/s
         98    5.732E-06                                 F               0         Tower Y translation velocity, node 11, m/s
         99   -5.539E-03                                 F               0         Tower Z translation velocity, node 11, m/s
        100    1.140E+01                                 F               0         Hub X translation displacement, node 1, m
        101   -7.100E+00                                 F               0         Hub Y translation displacement, node 1, m
        102    1.425E-02                                 F               0         Hub Z translation displacement, node 1, m
        103    9.918E-01,  1.214E-02, -1.270E-01         F               0         Hub X orientation angle, node 1, rad
        104   -2.671E-02, -9.537E-01, -2.996E-01         F               0         Hub Y orientation angle, node 1, rad
        105   -1.248E-01,  3.006E-01, -9.456E-01         F               0         Hub Z orientation angle, node 1, rad
        106    8.866E-01                                 F               0         Hub X rotation velocity, node 1, rad/s
        107    1.084E-02                                 F               0         Hub Y rotation velocity, node 1, rad/s
        108   -1.135E-01                                 F               0         Hub Z rotation velocity, node 1, rad/s
        109    9.922E-01,  4.042E-02, -1.181E-01         F               0         Blade root 1 X orientation angle, node 1, rad
        110    2.727E-03, -9.529E-01, -3.033E-01         F               0         Blade root 1 Y orientation angle, node 1, rad
        111   -1.248E-01,  3.006E-01, -9.456E-01         F               0         Blade root 1 Z orientation angle, node 1, rad
        112    9.942E-01, -9.738E-03, -1.071E-01         F               0         Blade root 2 X orientation angle, node 1, rad
        113   -6.524E-02,  7.372E-01, -6.725E-01         F               0         Blade root 2 Y orientation angle, node 1, rad
        114    8.552E-02,  6.756E-01,  7.323E-01         F               0         Blade root 2 Z orientation angle, node 1, rad
        115    9.878E-01,  5.707E-03, -1.557E-01         F               0         Blade root 3 X orientation angle, node 1, rad
        116    1.508E-01,  2.168E-01,  9.645E-01         F               0         Blade root 3 Y orientation angle, node 1, rad
        117    3.926E-02, -9.762E-01,  2.133E-01         F               0         Blade root 3 Z orientation angle, node 1, rad
        118    1.013E+01                                 F               0         Blade 1 X translation displacement, node 1, m
        119   -5.434E+00                                 F               0         Blade 1 Y translation displacement, node 1, m
        120   -1.073E+01                                 F               0         Blade 1 Z translation displacement, node 1, m
        121    9.821E+00                                 F               0         Blade 1 X translation displacement, node 2, m
        122   -5.033E+00                                 F               0         Blade 1 Y translation displacement, node 2, m
        123   -1.332E+01                                 F               0         Blade 1 Z translation displacement, node 2, m
        124    5.658E+00                                 F               0         Blade 1 X translation displacement, node 3, m
        125    4.231E-01                                 F               0         Blade 1 Y translation displacement, node 3, m
        126   -4.854E+01                                 F               0         Blade 1 Z translation displacement, node 3, m
        127    4.771E+00                                 F               0         Blade 1 X translation displacement, node 4, m
        128    1.586E+00                                 F               0         Blade 1 Y translation displacement, node 4, m
        129   -5.604E+01                                 F               0         Blade 1 Z translation displacement, node 4, m
        130    3.884E+00                                 F               0         Blade 1 X translation displacement, node 5, m
        131    2.748E+00                                 F               0         Blade 1 Y translation displacement, node 5, m
        132   -6.355E+01                                 F               0         Blade 1 Z translation displacement, node 5, m
        133    2.997E+00                                 F               0         Blade 1 X translation displacement, node 6, m
        134    3.911E+00                                 F               0         Blade 1 Y translation displacement, node 6, m
        135   -7.105E+01                                 F               0         Blade 1 Z translation displacement, node 6, m
        136    2.110E+00                                 F               0         Blade 1 X translation displacement, node 7, m
        137    5.073E+00                                 F               0         Blade 1 Y translation displacement, node 7, m
        138   -7.856E+01                                 F               0         Blade 1 Z translation displacement, node 7, m
        139    1.223E+00                                 F               0         Blade 1 X translation displacement, node 8, m
        140    6.236E+00                                 F               0         Blade 1 Y translation displacement, node 8, m
        141   -8.606E+01                                 F               0         Blade 1 Z translation displacement, node 8, m
        142    3.366E-01                                 F               0         Blade 1 X translation displacement, node 9, m
        143    7.399E+00                                 F               0         Blade 1 Y translation displacement, node 9, m
        144   -9.356E+01                                 F               0         Blade 1 Z translation displacement, node 9, m
        145   -5.503E-01                                 F               0         Blade 1 X translation displacement, node 10, m
        146    8.561E+00                                 F               0         Blade 1 Y translation displacement, node 10, m
        147   -1.011E+02                                 F               0         Blade 1 Z translation displacement, node 10, m
        148   -1.437E+00                                 F               0         Blade 1 X translation displacement, node 11, m
        149    9.724E+00                                 F               0         Blade 1 Y translation displacement, node 11, m
        150   -1.086E+02                                 F               0         Blade 1 Z translation displacement, node 11, m
        151   -2.324E+00                                 F               0         Blade 1 X translation displacement, node 12, m
        152    1.089E+01                                 F               0         Blade 1 Y translation displacement, node 12, m
        153   -1.161E+02                                 F               0         Blade 1 Z translation displacement, node 12, m
        154   -3.211E+00                                 F               0         Blade 1 X translation displacement, node 13, m
        155    1.205E+01                                 F               0         Blade 1 Y translation displacement, node 13, m
        156   -1.236E+02                                 F               0         Blade 1 Z translation displacement, node 13, m
        157   -4.098E+00                                 F               0         Blade 1 X translation displacement, node 14, m
        158    1.321E+01                                 F               0         Blade 1 Y translation displacement, node 14, m
        159   -1.311E+02                                 F               0         Blade 1 Z translation displacement, node 14, m
        160   -4.985E+00                                 F               0         Blade 1 X translation displacement, node 15, m
        161    1.437E+01                                 F               0         Blade 1 Y translation displacement, node 15, m
        162   -1.386E+02                                 F               0         Blade 1 Z translation displacement, node 15, m
        163   -5.872E+00                                 F               0         Blade 1 X translation displacement, node 16, m
        164    1.554E+01                                 F               0         Blade 1 Y translation displacement, node 16, m
        165   -1.461E+02                                 F               0         Blade 1 Z translation displacement, node 16, m
        166   -6.759E+00                                 F               0         Blade 1 X translation displacement, node 17, m
        167    1.670E+01                                 F               0         Blade 1 Y translation displacement, node 17, m
        168   -1.536E+02                                 F               0         Blade 1 Z translation displacement, node 17, m
        169   -7.645E+00                                 F               0         Blade 1 X translation displacement, node 18, m
        170    1.786E+01                                 F               0         Blade 1 Y translation displacement, node 18, m
        171   -1.611E+02                                 F               0         Blade 1 Z translation displacement, node 18, m
        172   -8.532E+00                                 F               0         Blade 1 X translation displacement, node 19, m
        173    1.902E+01                                 F               0         Blade 1 Y translation displacement, node 19, m
        174   -1.686E+02                                 F               0         Blade 1 Z translation displacement, node 19, m
        175   -9.419E+00                                 F               0         Blade 1 X translation displacement, node 20, m
        176    2.019E+01                                 F               0         Blade 1 Y translation displacement, node 20, m
        177   -1.761E+02                                 F               0         Blade 1 Z translation displacement, node 20, m
        178   -1.031E+01                                 F               0         Blade 1 X translation displacement, node 21, m
        179    2.135E+01                                 F               0         Blade 1 Y translation displacement, node 21, m
        180   -1.836E+02                                 F               0         Blade 1 Z translation displacement, node 21, m
        181   -1.119E+01                                 F               0         Blade 1 X translation displacement, node 22, m
        182    2.251E+01                                 F               0         Blade 1 Y translation displacement, node 22, m
        183   -1.911E+02                                 F               0         Blade 1 Z translation displacement, node 22, m
        184   -1.208E+01                                 F               0         Blade 1 X translation displacement, node 23, m
        185    2.367E+01                                 F               0         Blade 1 Y translation displacement, node 23, m
        186   -1.986E+02                                 F               0         Blade 1 Z translation displacement, node 23, m
        187   -1.297E+01                                 F               0         Blade 1 X translation displacement, node 24, m
        188    2.484E+01                                 F               0         Blade 1 Y translation displacement, node 24, m
        189   -2.061E+02                                 F               0         Blade 1 Z translation displacement, node 24, m
        190   -1.385E+01                                 F               0         Blade 1 X translation displacement, node 25, m
        191    2.600E+01                                 F               0         Blade 1 Y translation displacement, node 25, m
        192   -2.136E+02                                 F               0         Blade 1 Z translation displacement, node 25, m
        193   -1.474E+01                                 F               0         Blade 1 X translation displacement, node 26, m
        194    2.716E+01                                 F               0         Blade 1 Y translation displacement, node 26, m
        195   -2.211E+02                                 F               0         Blade 1 Z translation displacement, node 26, m
        196   -1.563E+01                                 F               0         Blade 1 X translation displacement, node 27, m
        197    2.832E+01                                 F               0         Blade 1 Y translation displacement, node 27, m
        198   -2.286E+02                                 F               0         Blade 1 Z translation displacement, node 27, m
        199   -1.638E+01                                 F               0         Blade 1 X translation displacement, node 28, m
        200    2.931E+01                                 F               0         Blade 1 Y translation displacement, node 28, m
        201   -2.350E+02                                 F               0         Blade 1 Z translation displacement, node 28, m
        202    8.818E-01,  4.705E-01,  3.321E-02         F               0         Blade 1 X orientation angle, node 1, rad
        203    4.549E-01, -8.296E-01, -3.238E-01         F               0         Blade 1 Y orientation angle, node 1, rad
        204   -1.248E-01,  3.006E-01, -9.456E-01         F               0         Blade 1 Z orientation angle, node 1, rad
        205    8.818E-01,  4.705E-01,  3.321E-02         F               0         Blade 1 X orientation angle, node 2, rad
        206    4.549E-01, -8.296E-01, -3.238E-01         F               0         Blade 1 Y orientation angle, node 2, rad
        207   -1.248E-01,  3.006E-01, -9.456E-01         F               0         Blade 1 Z orientation angle, node 2, rad
        208    9.645E-01,  2.605E-01, -4.447E-02         F               0         Blade 1 X orientation angle, node 3, rad
        209    2.329E-01, -9.175E-01, -3.224E-01         F               0         Blade 1 Y orientation angle, node 3, rad
        210   -1.248E-01,  3.006E-01, -9.456E-01         F               0         Blade 1 Z orientation angle, node 3, rad
        211    9.734E-01,  2.215E-01, -5.805E-02         F               0         Blade 1 X orientation angle, node 4, rad
        212    1.920E-01, -9.277E-01, -3.202E-01         F               0         Blade 1 Y orientation angle, node 4, rad
        213   -1.248E-01,  3.006E-01, -9.456E-01         F               0         Blade 1 Z orientation angle, node 4, rad
        214    9.793E-01,  1.906E-01, -6.863E-02         F               0         Blade 1 X orientation angle, node 5, rad
        215    1.596E-01, -9.345E-01, -3.181E-01         F               0         Blade 1 Y orientation angle, node 5, rad
        216   -1.248E-01,  3.006E-01, -9.456E-01         F               0         Blade 1 Z orientation angle, node 5, rad
        217    9.832E-01,  1.658E-01, -7.705E-02         F               0         Blade 1 X orientation angle, node 6, rad
        218    1.336E-01, -9.392E-01, -3.162E-01         F               0         Blade 1 Y orientation angle, node 6, rad
        219   -1.248E-01,  3.006E-01, -9.456E-01         F               0         Blade 1 Z orientation angle, node 6, rad
        220    9.858E-01,  1.452E-01, -8.393E-02         F               0         Blade 1 X orientation angle, node 7, rad
        221    1.121E-01, -9.426E-01, -3.144E-01         F               0         Blade 1 Y orientation angle, node 7, rad
        222   -1.248E-01,  3.006E-01, -9.456E-01         F               0         Blade 1 Z orientation angle, node 7, rad
        223    9.877E-01,  1.281E-01, -8.962E-02         F               0         Blade 1 X orientation angle, node 8, rad
        224    9.419E-02, -9.451E-01, -3.129E-01         F               0         Blade 1 Y orientation angle, node 8, rad
        225   -1.248E-01,  3.006E-01, -9.456E-01         F               0         Blade 1 Z orientation angle, node 8, rad
        226    9.890E-01,  1.136E-01, -9.441E-02         F               0         Blade 1 X orientation angle, node 9, rad
        227    7.901E-02, -9.470E-01, -3.115E-01         F               0         Blade 1 Y orientation angle, node 9, rad
        228   -1.248E-01,  3.006E-01, -9.456E-01         F               0         Blade 1 Z orientation angle, node 9, rad
        229    9.900E-01,  1.010E-01, -9.854E-02         F               0         Blade 1 X orientation angle, node 10, rad
        230    6.589E-02, -9.484E-01, -3.102E-01         F               0         Blade 1 Y orientation angle, node 10, rad
        231   -1.248E-01,  3.006E-01, -9.456E-01         F               0         Blade 1 Z orientation angle, node 10, rad
        232    9.907E-01,  9.024E-02, -1.021E-01         F               0         Blade 1 X orientation angle, node 11, rad
        233    5.465E-02, -9.495E-01, -3.090E-01         F               0         Blade 1 Y orientation angle, node 11, rad
        234   -1.248E-01,  3.006E-01, -9.456E-01         F               0         Blade 1 Z orientation angle, node 11, rad
        235    9.912E-01,  8.079E-02, -1.051E-01         F               0         Blade 1 X orientation angle, node 12, rad
        236    4.479E-02, -9.503E-01, -3.080E-01         F               0         Blade 1 Y orientation angle, node 12, rad
        237   -1.248E-01,  3.006E-01, -9.456E-01         F               0         Blade 1 Z orientation angle, node 12, rad
        238    9.915E-01,  7.249E-02, -1.078E-01         F               0         Blade 1 X orientation angle, node 13, rad
        239    3.614E-02, -9.510E-01, -3.071E-01         F               0         Blade 1 Y orientation angle, node 13, rad
        240   -1.248E-01,  3.006E-01, -9.456E-01         F               0         Blade 1 Z orientation angle, node 13, rad
        241    9.918E-01,  6.502E-02, -1.102E-01         F               0         Blade 1 X orientation angle, node 14, rad
        242    2.835E-02, -9.515E-01, -3.062E-01         F               0         Blade 1 Y orientation angle, node 14, rad
        243   -1.248E-01,  3.006E-01, -9.456E-01         F               0         Blade 1 Z orientation angle, node 14, rad
        244    9.920E-01,  5.838E-02, -1.123E-01         F               0         Blade 1 X orientation angle, node 15, rad
        245    2.143E-02, -9.520E-01, -3.055E-01         F               0         Blade 1 Y orientation angle, node 15, rad
        246   -1.248E-01,  3.006E-01, -9.456E-01         F               0         Blade 1 Z orientation angle, node 15, rad
        247    9.921E-01,  5.239E-02, -1.143E-01         F               0         Blade 1 X orientation angle, node 16, rad
        248    1.520E-02, -9.523E-01, -3.047E-01         F               0         Blade 1 Y orientation angle, node 16, rad
        249   -1.248E-01,  3.006E-01, -9.456E-01         F               0         Blade 1 Z orientation angle, node 16, rad
        250    9.921E-01,  4.707E-02, -1.160E-01         F               0         Blade 1 X orientation angle, node 17, rad
        251    9.654E-03, -9.526E-01, -3.041E-01         F               0         Blade 1 Y orientation angle, node 17, rad
        252   -1.248E-01,  3.006E-01, -9.456E-01         F               0         Blade 1 Z orientation angle, node 17, rad
        253    9.922E-01,  4.209E-02, -1.176E-01         F               0         Blade 1 X orientation angle, node 18, rad
        254    4.459E-03, -9.528E-01, -3.035E-01         F               0         Blade 1 Y orientation angle, node 18, rad
        255   -1.248E-01,  3.006E-01, -9.456E-01         F               0         Blade 1 Z orientation angle, node 18, rad
        256    9.922E-01,  3.760E-02, -1.190E-01         F               0         Blade 1 X orientation angle, node 19, rad
        257   -2.164E-04, -9.530E-01, -3.029E-01         F               0         Blade 1 Y orientation angle, node 19, rad
        258   -1.248E-01,  3.006E-01, -9.456E-01         F               0         Blade 1 Z orientation angle, node 19, rad
        259    9.922E-01,  3.360E-02, -1.203E-01         F               0         Blade 1 X orientation angle, node 20, rad
        260   -4.372E-03, -9.532E-01, -3.024E-01         F               0         Blade 1 Y orientation angle, node 20, rad
        261   -1.248E-01,  3.006E-01, -9.456E-01         F               0         Blade 1 Z orientation angle, node 20, rad
        262    9.921E-01,  2.978E-02, -1.215E-01         F               0         Blade 1 X orientation angle, node 21, rad
        263   -8.355E-03, -9.533E-01, -3.019E-01         F               0         Blade 1 Y orientation angle, node 21, rad
        264   -1.248E-01,  3.006E-01, -9.456E-01         F               0         Blade 1 Z orientation angle, node 21, rad
        265    9.921E-01,  2.628E-02, -1.226E-01         F               0         Blade 1 X orientation angle, node 22, rad
        266   -1.199E-02, -9.534E-01, -3.015E-01         F               0         Blade 1 Y orientation angle, node 22, rad
        267   -1.248E-01,  3.006E-01, -9.456E-01         F               0         Blade 1 Z orientation angle, node 22, rad
        268    9.921E-01,  2.312E-02, -1.236E-01         F               0         Blade 1 X orientation angle, node 23, rad
        269   -1.528E-02, -9.535E-01, -3.011E-01         F               0         Blade 1 Y orientation angle, node 23, rad
        270   -1.248E-01,  3.006E-01, -9.456E-01         F               0         Blade 1 Z orientation angle, node 23, rad
        271    9.920E-01,  2.012E-02, -1.245E-01         F               0         Blade 1 X orientation angle, node 24, rad
        272   -1.840E-02, -9.535E-01, -3.007E-01         F               0         Blade 1 Y orientation angle, node 24, rad
        273   -1.248E-01,  3.006E-01, -9.456E-01         F               0         Blade 1 Z orientation angle, node 24, rad
        274    9.920E-01,  1.730E-02, -1.254E-01         F               0         Blade 1 X orientation angle, node 25, rad
        275   -2.134E-02, -9.536E-01, -3.003E-01         F               0         Blade 1 Y orientation angle, node 25, rad
        276   -1.248E-01,  3.006E-01, -9.456E-01         F               0         Blade 1 Z orientation angle, node 25, rad
        277    9.919E-01,  1.480E-02, -1.262E-01         F               0         Blade 1 X orientation angle, node 26, rad
        278   -2.394E-02, -9.536E-01, -3.000E-01         F               0         Blade 1 Y orientation angle, node 26, rad
        279   -1.248E-01,  3.006E-01, -9.456E-01         F               0         Blade 1 Z orientation angle, node 26, rad
        280    9.918E-01,  1.230E-02, -1.270E-01         F               0         Blade 1 X orientation angle, node 27, rad
        281   -2.653E-02, -9.537E-01, -2.997E-01         F               0         Blade 1 Y orientation angle, node 27, rad
        282   -1.248E-01,  3.006E-01, -9.456E-01         F               0         Blade 1 Z orientation angle, node 27, rad
        283    9.918E-01,  1.097E-02, -1.274E-01         F               0         Blade 1 X orientation angle, node 28, rad
        284   -2.792E-02, -9.537E-01, -2.995E-01         F               0         Blade 1 Y orientation angle, node 28, rad
        285   -1.248E-01,  3.006E-01, -9.456E-01         F               0         Blade 1 Z orientation angle, node 28, rad
        286    1.305E-01                                 F               0         Blade 1 X translation velocity, node 1, m/s
        287    4.723E+00                                 F               0         Blade 1 Y translation velocity, node 1, m/s
        288    1.478E+00                                 F               0         Blade 1 Z translation velocity, node 1, m/s
        289    1.624E-01                                 F               0         Blade 1 X translation velocity, node 2, m/s
        290    5.861E+00                                 F               0         Blade 1 Y translation velocity, node 2, m/s
        291    1.836E+00                                 F               0         Blade 1 Z translation velocity, node 2, m/s
        292    5.959E-01                                 F               0         Blade 1 X translation velocity, node 3, m/s
        293    2.133E+01                                 F               0         Blade 1 Y translation velocity, node 3, m/s
        294    6.698E+00                                 F               0         Blade 1 Z translation velocity, node 3, m/s
        295    6.883E-01                                 F               0         Blade 1 X translation velocity, node 4, m/s
        296    2.463E+01                                 F               0         Blade 1 Y translation velocity, node 4, m/s
        297    7.734E+00                                 F               0         Blade 1 Z translation velocity, node 4, m/s
        298    7.806E-01                                 F               0         Blade 1 X translation velocity, node 5, m/s
        299    2.793E+01                                 F               0         Blade 1 Y translation velocity, node 5, m/s
        300    8.770E+00                                 F               0         Blade 1 Z translation velocity, node 5, m/s
        301    8.730E-01                                 F               0         Blade 1 X translation velocity, node 6, m/s
        302    3.123E+01                                 F               0         Blade 1 Y translation velocity, node 6, m/s
        303    9.805E+00                                 F               0         Blade 1 Z translation velocity, node 6, m/s
        304    9.654E-01                                 F               0         Blade 1 X translation velocity, node 7, m/s
        305    3.452E+01                                 F               0         Blade 1 Y translation velocity, node 7, m/s
        306    1.084E+01                                 F               0         Blade 1 Z translation velocity, node 7, m/s
        307    1.058E+00                                 F               0         Blade 1 X translation velocity, node 8, m/s
