
Linearized model: Predictions were generated on 31-Jan-2024 at 12:35:17 using OpenFAST, compiled as a 64-bit application using single precision at commit v3.5.1
 linked with  NWTC Subroutine Library; ElastoDyn; InflowWind; AeroDyn; ServoDyn; HydroDyn; MAP++ (<1.20.10>, <Oct-20-2023>)

Description from the FAST input file: CCT-9 Campign 4 model. Input files to be run with OpenFAST 3.5.0. GitHub branch from Lu Wang (https://github.com/luwang00/openfast/tree/dev) compiled on March 7, 2023.

Simulation information:
   Simulation time:                   506.4250 s
   Rotor Speed:                         0.8936 rad/s
   Azimuth:                             0.2054 rad
   Wind Speed:                         10.0000 m/s
   Number of continuous states:         0
   Number of discrete states:           0
   Number of constraint states:         0
   Number of inputs:                 1746
   Number of outputs:                   4
   Jacobians included in this file?    No

Order of inputs:
     Column   Operating Point                     Rotating Frame? Derivative Order Description
   ---------- ---------------                     --------------- ---------------- -----------
          1    8.509E+00                                 F               0         Tower X translation displacement, node 1, m
          2   -1.355E+00                                 F               0         Tower Y translation displacement, node 1, m
          3   -1.039E-01                                 F               0         Tower Z translation displacement, node 1, m
          4    8.746E+00                                 F               0         Tower X translation displacement, node 2, m
          5   -1.887E+00                                 F               0         Tower Y translation displacement, node 2, m
          6   -1.176E-01                                 F               0         Tower Z translation displacement, node 2, m
          7    8.995E+00                                 F               0         Tower X translation displacement, node 3, m
          8   -2.420E+00                                 F               0         Tower Y translation displacement, node 3, m
          9   -1.317E-01                                 F               0         Tower Z translation displacement, node 3, m
         10    9.255E+00                                 F               0         Tower X translation displacement, node 4, m
         11   -2.952E+00                                 F               0         Tower Y translation displacement, node 4, m
         12   -1.459E-01                                 F               0         Tower Z translation displacement, node 4, m
         13    9.523E+00                                 F               0         Tower X translation displacement, node 5, m
         14   -3.485E+00                                 F               0         Tower Y translation displacement, node 5, m
         15   -1.602E-01                                 F               0         Tower Z translation displacement, node 5, m
         16    9.796E+00                                 F               0         Tower X translation displacement, node 6, m
         17   -4.017E+00                                 F               0         Tower Y translation displacement, node 6, m
         18   -1.748E-01                                 F               0         Tower Z translation displacement, node 6, m
         19    1.007E+01                                 F               0         Tower X translation displacement, node 7, m
         20   -4.549E+00                                 F               0         Tower Y translation displacement, node 7, m
         21   -1.894E-01                                 F               0         Tower Z translation displacement, node 7, m
         22    1.036E+01                                 F               0         Tower X translation displacement, node 8, m
         23   -5.082E+00                                 F               0         Tower Y translation displacement, node 8, m
         24   -2.040E-01                                 F               0         Tower Z translation displacement, node 8, m
         25    1.064E+01                                 F               0         Tower X translation displacement, node 9, m
         26   -5.614E+00                                 F               0         Tower Y translation displacement, node 9, m
         27   -2.188E-01                                 F               0         Tower Z translation displacement, node 9, m
         28    1.092E+01                                 F               0         Tower X translation displacement, node 10, m
         29   -6.146E+00                                 F               0         Tower Y translation displacement, node 10, m
         30   -2.335E-01                                 F               0         Tower Z translation displacement, node 10, m
         31    1.121E+01                                 F               0         Tower X translation displacement, node 11, m
         32   -6.679E+00                                 F               0         Tower Y translation displacement, node 11, m
         33   -2.483E-01                                 F               0         Tower Z translation displacement, node 11, m
         34    9.998E-01,  7.496E-03, -1.841E-02         F               0         Tower X orientation angle, node 1, rad
         35   -6.693E-03,  9.990E-01,  4.325E-02         F               0         Tower Y orientation angle, node 1, rad
         36    1.872E-02, -4.312E-02,  9.989E-01         F               0         Tower Z orientation angle, node 1, rad
         37    9.998E-01,  7.540E-03, -1.943E-02         F               0         Tower X orientation angle, node 2, rad
         38   -6.693E-03,  9.990E-01,  4.325E-02         F               0         Tower Y orientation angle, node 2, rad
         39    1.974E-02, -4.311E-02,  9.989E-01         F               0         Tower Z orientation angle, node 2, rad
         40    9.998E-01,  7.577E-03, -2.031E-02         F               0         Tower X orientation angle, node 3, rad
         41   -6.693E-03,  9.990E-01,  4.325E-02         F               0         Tower Y orientation angle, node 3, rad
         42    2.061E-02, -4.310E-02,  9.989E-01         F               0         Tower Z orientation angle, node 3, rad
         43    9.998E-01,  7.608E-03, -2.102E-02         F               0         Tower X orientation angle, node 4, rad
         44   -6.693E-03,  9.990E-01,  4.325E-02         F               0         Tower Y orientation angle, node 4, rad
         45    2.133E-02, -4.310E-02,  9.988E-01         F               0         Tower Z orientation angle, node 4, rad
         46    9.997E-01,  7.633E-03, -2.159E-02         F               0         Tower X orientation angle, node 5, rad
         47   -6.693E-03,  9.990E-01,  4.325E-02         F               0         Tower Y orientation angle, node 5, rad
         48    2.190E-02, -4.309E-02,  9.988E-01         F               0         Tower Z orientation angle, node 5, rad
         49    9.997E-01,  7.651E-03, -2.202E-02         F               0         Tower X orientation angle, node 6, rad
         50   -6.693E-03,  9.990E-01,  4.325E-02         F               0         Tower Y orientation angle, node 6, rad
         51    2.233E-02, -4.309E-02,  9.988E-01         F               0         Tower Z orientation angle, node 6, rad
         52    9.997E-01,  7.665E-03, -2.233E-02         F               0         Tower X orientation angle, node 7, rad
         53   -6.693E-03,  9.990E-01,  4.325E-02         F               0         Tower Y orientation angle, node 7, rad
         54    2.264E-02, -4.309E-02,  9.988E-01         F               0         Tower Z orientation angle, node 7, rad
         55    9.997E-01,  7.674E-03, -2.254E-02         F               0         Tower X orientation angle, node 8, rad
         56   -6.693E-03,  9.990E-01,  4.325E-02         F               0         Tower Y orientation angle, node 8, rad
         57    2.285E-02, -4.308E-02,  9.988E-01         F               0         Tower Z orientation angle, node 8, rad
         58    9.997E-01,  7.679E-03, -2.267E-02         F               0         Tower X orientation angle, node 9, rad
         59   -6.693E-03,  9.990E-01,  4.325E-02         F               0         Tower Y orientation angle, node 9, rad
         60    2.298E-02, -4.308E-02,  9.988E-01         F               0         Tower Z orientation angle, node 9, rad
         61    9.997E-01,  7.682E-03, -2.273E-02         F               0         Tower X orientation angle, node 10, rad
         62   -6.693E-03,  9.990E-01,  4.325E-02         F               0         Tower Y orientation angle, node 10, rad
         63    2.304E-02, -4.308E-02,  9.988E-01         F               0         Tower Z orientation angle, node 10, rad
         64    9.997E-01,  7.683E-03, -2.276E-02         F               0         Tower X orientation angle, node 11, rad
         65   -6.693E-03,  9.990E-01,  4.325E-02         F               0         Tower Y orientation angle, node 11, rad
         66    2.307E-02, -4.308E-02,  9.988E-01         F               0         Tower Z orientation angle, node 11, rad
         67   -2.403E-03                                 F               0         Tower X translation velocity, node 1, m/s
         68   -6.013E-07                                 F               0         Tower Y translation velocity, node 1, m/s
         69   -7.879E-03                                 F               0         Tower Z translation velocity, node 1, m/s
         70   -2.394E-03                                 F               0         Tower X translation velocity, node 2, m/s
         71   -9.412E-07                                 F               0         Tower Y translation velocity, node 2, m/s
         72   -7.879E-03                                 F               0         Tower Z translation velocity, node 2, m/s
         73   -2.359E-03                                 F               0         Tower X translation velocity, node 3, m/s
         74   -1.108E-06                                 F               0         Tower Y translation velocity, node 3, m/s
         75   -7.880E-03                                 F               0         Tower Z translation velocity, node 3, m/s
         76   -2.303E-03                                 F               0         Tower X translation velocity, node 4, m/s
         77   -1.130E-06                                 F               0         Tower Y translation velocity, node 4, m/s
         78   -7.881E-03                                 F               0         Tower Z translation velocity, node 4, m/s
         79   -2.228E-03                                 F               0         Tower X translation velocity, node 5, m/s
         80   -1.019E-06                                 F               0         Tower Y translation velocity, node 5, m/s
         81   -7.883E-03                                 F               0         Tower Z translation velocity, node 5, m/s
         82   -2.136E-03                                 F               0         Tower X translation velocity, node 6, m/s
         83   -7.868E-07                                 F               0         Tower Y translation velocity, node 6, m/s
         84   -7.885E-03                                 F               0         Tower Z translation velocity, node 6, m/s
         85   -2.030E-03                                 F               0         Tower X translation velocity, node 7, m/s
         86   -4.572E-07                                 F               0         Tower Y translation velocity, node 7, m/s
         87   -7.887E-03                                 F               0         Tower Z translation velocity, node 7, m/s
         88   -1.912E-03                                 F               0         Tower X translation velocity, node 8, m/s
         89   -3.654E-08                                 F               0         Tower Y translation velocity, node 8, m/s
         90   -7.890E-03                                 F               0         Tower Z translation velocity, node 8, m/s
         91   -1.784E-03                                 F               0         Tower X translation velocity, node 9, m/s
         92    4.573E-07                                 F               0         Tower Y translation velocity, node 9, m/s
         93   -7.893E-03                                 F               0         Tower Z translation velocity, node 9, m/s
         94   -1.649E-03                                 F               0         Tower X translation velocity, node 10, m/s
         95    1.005E-06                                 F               0         Tower Y translation velocity, node 10, m/s
         96   -7.896E-03                                 F               0         Tower Z translation velocity, node 10, m/s
         97   -1.509E-03                                 F               0         Tower X translation velocity, node 11, m/s
         98    1.587E-06                                 F               0         Tower Y translation velocity, node 11, m/s
         99   -7.899E-03                                 F               0         Tower Z translation velocity, node 11, m/s
        100    1.139E+01                                 F               0         Hub X translation displacement, node 1, m
        101   -7.100E+00                                 F               0         Hub Y translation displacement, node 1, m
        102   -1.178E-02                                 F               0         Hub Z translation displacement, node 1, m
        103    9.918E-01,  1.214E-02, -1.270E-01         F               0         Hub X orientation angle, node 1, rad
        104    1.944E-02,  9.695E-01,  2.445E-01         F               0         Hub Y orientation angle, node 1, rad
        105    1.261E-01, -2.449E-01,  9.613E-01         F               0         Hub Z orientation angle, node 1, rad
        106    8.863E-01                                 F               0         Hub X rotation velocity, node 1, rad/s
        107    1.086E-02                                 F               0         Hub Y rotation velocity, node 1, rad/s
        108   -1.135E-01                                 F               0         Hub Z rotation velocity, node 1, rad/s
        109    9.908E-01, -1.662E-02, -1.342E-01         F               0         Blade root 1 X orientation angle, node 1, rad
        110    4.886E-02,  9.694E-01,  2.406E-01         F               0         Blade root 1 Y orientation angle, node 1, rad
        111    1.261E-01, -2.449E-01,  9.613E-01         F               0         Blade root 1 Z orientation angle, node 1, rad
        112    9.884E-01,  3.281E-02, -1.481E-01         F               0         Blade root 2 X orientation angle, node 1, rad
        113    1.289E-01, -6.962E-01,  7.062E-01         F               0         Blade root 2 Y orientation angle, node 1, rad
        114   -7.990E-02, -7.171E-01, -6.924E-01         F               0         Blade root 2 Z orientation angle, node 1, rad
        115    9.949E-01,  2.023E-02, -9.866E-02         F               0         Blade root 3 X orientation angle, node 1, rad
        116   -8.948E-02, -2.721E-01, -9.581E-01         F               0         Blade root 3 Y orientation angle, node 1, rad
        117   -4.623E-02,  9.620E-01, -2.689E-01         F               0         Blade root 3 Z orientation angle, node 1, rad
        118    1.151E+01                                 F               0         Blade 1 X translation displacement, node 1, m
        119   -8.457E+00                                 F               0         Blade 1 Y translation displacement, node 1, m
        120   -1.958E-01                                 F               0         Blade 1 Z translation displacement, node 1, m
        121    1.154E+01                                 F               0         Blade 1 X translation displacement, node 2, m
        122   -8.784E+00                                 F               0         Blade 1 Y translation displacement, node 2, m
        123   -2.402E-01                                 F               0         Blade 1 Z translation displacement, node 2, m
        124    1.193E+01                                 F               0         Blade 1 X translation displacement, node 3, m
        125   -1.323E+01                                 F               0         Blade 1 Y translation displacement, node 3, m
        126   -8.433E-01                                 F               0         Blade 1 Z translation displacement, node 3, m
        127    1.202E+01                                 F               0         Blade 1 X translation displacement, node 4, m
        128   -1.418E+01                                 F               0         Blade 1 Y translation displacement, node 4, m
        129   -9.718E-01                                 F               0         Blade 1 Z translation displacement, node 4, m
        130    1.210E+01                                 F               0         Blade 1 X translation displacement, node 5, m
        131   -1.512E+01                                 F               0         Blade 1 Y translation displacement, node 5, m
        132   -1.100E+00                                 F               0         Blade 1 Z translation displacement, node 5, m
        133    1.218E+01                                 F               0         Blade 1 X translation displacement, node 6, m
        134   -1.607E+01                                 F               0         Blade 1 Y translation displacement, node 6, m
        135   -1.229E+00                                 F               0         Blade 1 Z translation displacement, node 6, m
        136    1.227E+01                                 F               0         Blade 1 X translation displacement, node 7, m
        137   -1.702E+01                                 F               0         Blade 1 Y translation displacement, node 7, m
        138   -1.357E+00                                 F               0         Blade 1 Z translation displacement, node 7, m
        139    1.235E+01                                 F               0         Blade 1 X translation displacement, node 8, m
        140   -1.797E+01                                 F               0         Blade 1 Y translation displacement, node 8, m
        141   -1.486E+00                                 F               0         Blade 1 Z translation displacement, node 8, m
        142    1.243E+01                                 F               0         Blade 1 X translation displacement, node 9, m
        143   -1.891E+01                                 F               0         Blade 1 Y translation displacement, node 9, m
        144   -1.614E+00                                 F               0         Blade 1 Z translation displacement, node 9, m
        145    1.252E+01                                 F               0         Blade 1 X translation displacement, node 10, m
        146   -1.986E+01                                 F               0         Blade 1 Y translation displacement, node 10, m
        147   -1.743E+00                                 F               0         Blade 1 Z translation displacement, node 10, m
        148    1.260E+01                                 F               0         Blade 1 X translation displacement, node 11, m
        149   -2.081E+01                                 F               0         Blade 1 Y translation displacement, node 11, m
        150   -1.871E+00                                 F               0         Blade 1 Z translation displacement, node 11, m
        151    1.269E+01                                 F               0         Blade 1 X translation displacement, node 12, m
        152   -2.176E+01                                 F               0         Blade 1 Y translation displacement, node 12, m
        153   -2.000E+00                                 F               0         Blade 1 Z translation displacement, node 12, m
        154    1.277E+01                                 F               0         Blade 1 X translation displacement, node 13, m
        155   -2.270E+01                                 F               0         Blade 1 Y translation displacement, node 13, m
        156   -2.128E+00                                 F               0         Blade 1 Z translation displacement, node 13, m
        157    1.285E+01                                 F               0         Blade 1 X translation displacement, node 14, m
        158   -2.365E+01                                 F               0         Blade 1 Y translation displacement, node 14, m
        159   -2.257E+00                                 F               0         Blade 1 Z translation displacement, node 14, m
        160    1.294E+01                                 F               0         Blade 1 X translation displacement, node 15, m
        161   -2.460E+01                                 F               0         Blade 1 Y translation displacement, node 15, m
        162   -2.385E+00                                 F               0         Blade 1 Z translation displacement, node 15, m
        163    1.302E+01                                 F               0         Blade 1 X translation displacement, node 16, m
        164   -2.555E+01                                 F               0         Blade 1 Y translation displacement, node 16, m
        165   -2.514E+00                                 F               0         Blade 1 Z translation displacement, node 16, m
        166    1.310E+01                                 F               0         Blade 1 X translation displacement, node 17, m
        167   -2.649E+01                                 F               0         Blade 1 Y translation displacement, node 17, m
        168   -2.642E+00                                 F               0         Blade 1 Z translation displacement, node 17, m
        169    1.319E+01                                 F               0         Blade 1 X translation displacement, node 18, m
        170   -2.744E+01                                 F               0         Blade 1 Y translation displacement, node 18, m
        171   -2.771E+00                                 F               0         Blade 1 Z translation displacement, node 18, m
        172    1.327E+01                                 F               0         Blade 1 X translation displacement, node 19, m
        173   -2.839E+01                                 F               0         Blade 1 Y translation displacement, node 19, m
        174   -2.899E+00                                 F               0         Blade 1 Z translation displacement, node 19, m
        175    1.335E+01                                 F               0         Blade 1 X translation displacement, node 20, m
        176   -2.934E+01                                 F               0         Blade 1 Y translation displacement, node 20, m
        177   -3.028E+00                                 F               0         Blade 1 Z translation displacement, node 20, m
        178    1.344E+01                                 F               0         Blade 1 X translation displacement, node 21, m
        179   -3.028E+01                                 F               0         Blade 1 Y translation displacement, node 21, m
        180   -3.156E+00                                 F               0         Blade 1 Z translation displacement, node 21, m
        181    1.352E+01                                 F               0         Blade 1 X translation displacement, node 22, m
        182   -3.123E+01                                 F               0         Blade 1 Y translation displacement, node 22, m
        183   -3.285E+00                                 F               0         Blade 1 Z translation displacement, node 22, m
        184    1.360E+01                                 F               0         Blade 1 X translation displacement, node 23, m
        185   -3.218E+01                                 F               0         Blade 1 Y translation displacement, node 23, m
        186   -3.413E+00                                 F               0         Blade 1 Z translation displacement, node 23, m
        187    1.369E+01                                 F               0         Blade 1 X translation displacement, node 24, m
        188   -3.312E+01                                 F               0         Blade 1 Y translation displacement, node 24, m
        189   -3.542E+00                                 F               0         Blade 1 Z translation displacement, node 24, m
        190    1.377E+01                                 F               0         Blade 1 X translation displacement, node 25, m
        191   -3.407E+01                                 F               0         Blade 1 Y translation displacement, node 25, m
        192   -3.670E+00                                 F               0         Blade 1 Z translation displacement, node 25, m
        193    1.385E+01                                 F               0         Blade 1 X translation displacement, node 26, m
        194   -3.502E+01                                 F               0         Blade 1 Y translation displacement, node 26, m
        195   -3.799E+00                                 F               0         Blade 1 Z translation displacement, node 26, m
        196    1.394E+01                                 F               0         Blade 1 X translation displacement, node 27, m
        197   -3.597E+01                                 F               0         Blade 1 Y translation displacement, node 27, m
        198   -3.927E+00                                 F               0         Blade 1 Z translation displacement, node 27, m
        199    1.401E+01                                 F               0         Blade 1 X translation displacement, node 28, m
        200   -3.677E+01                                 F               0         Blade 1 Y translation displacement, node 28, m
        201   -4.036E+00                                 F               0         Blade 1 Z translation displacement, node 28, m
        202    8.595E-01, -4.568E-01, -2.292E-01         F               0         Blade 1 X orientation angle, node 1, rad
        203    4.953E-01,  8.552E-01,  1.529E-01         F               0         Blade 1 Y orientation angle, node 1, rad
        204    1.261E-01, -2.449E-01,  9.613E-01         F               0         Blade 1 Z orientation angle, node 1, rad
        205    8.595E-01, -4.568E-01, -2.292E-01         F               0         Blade 1 X orientation angle, node 2, rad
        206    4.953E-01,  8.552E-01,  1.529E-01         F               0         Blade 1 Y orientation angle, node 2, rad
        207    1.261E-01, -2.449E-01,  9.613E-01         F               0         Blade 1 Z orientation angle, node 2, rad
        208    9.524E-01, -2.412E-01, -1.864E-01         F               0         Blade 1 X orientation angle, node 3, rad
        209    2.775E-01,  9.391E-01,  2.029E-01         F               0         Blade 1 Y orientation angle, node 3, rad
        210    1.261E-01, -2.449E-01,  9.613E-01         F               0         Blade 1 Z orientation angle, node 3, rad
        211    9.633E-01, -2.013E-01, -1.777E-01         F               0         Blade 1 X orientation angle, node 4, rad
        212    2.370E-01,  9.484E-01,  2.106E-01         F               0         Blade 1 Y orientation angle, node 4, rad
        213    1.261E-01, -2.449E-01,  9.613E-01         F               0         Blade 1 Z orientation angle, node 4, rad
        214    9.706E-01, -1.697E-01, -1.706E-01         F               0         Blade 1 X orientation angle, node 5, rad
        215    2.049E-01,  9.546E-01,  2.163E-01         F               0         Blade 1 Y orientation angle, node 5, rad
        216    1.261E-01, -2.449E-01,  9.613E-01         F               0         Blade 1 Z orientation angle, node 5, rad
        217    9.757E-01, -1.443E-01, -1.648E-01         F               0         Blade 1 X orientation angle, node 6, rad
        218    1.791E-01,  9.587E-01,  2.208E-01         F               0         Blade 1 Y orientation angle, node 6, rad
        219    1.261E-01, -2.449E-01,  9.613E-01         F               0         Blade 1 Z orientation angle, node 6, rad
        220    9.794E-01, -1.234E-01, -1.599E-01         F               0         Blade 1 X orientation angle, node 7, rad
        221    1.578E-01,  9.617E-01,  2.243E-01         F               0         Blade 1 Y orientation angle, node 7, rad
        222    1.261E-01, -2.449E-01,  9.613E-01         F               0         Blade 1 Z orientation angle, node 7, rad
        223    9.821E-01, -1.059E-01, -1.558E-01         F               0         Blade 1 X orientation angle, node 8, rad
        224    1.400E-01,  9.637E-01,  2.272E-01         F               0         Blade 1 Y orientation angle, node 8, rad
        225    1.261E-01, -2.449E-01,  9.613E-01         F               0         Blade 1 Z orientation angle, node 8, rad
        226    9.841E-01, -9.111E-02, -1.523E-01         F               0         Blade 1 X orientation angle, node 9, rad
        227    1.249E-01,  9.652E-01,  2.296E-01         F               0         Blade 1 Y orientation angle, node 9, rad
        228    1.261E-01, -2.449E-01,  9.613E-01         F               0         Blade 1 Z orientation angle, node 9, rad
        229    9.857E-01, -7.830E-02, -1.493E-01         F               0         Blade 1 X orientation angle, node 10, rad
        230    1.118E-01,  9.664E-01,  2.316E-01         F               0         Blade 1 Y orientation angle, node 10, rad
        231    1.261E-01, -2.449E-01,  9.613E-01         F               0         Blade 1 Z orientation angle, node 10, rad
        232    9.869E-01, -6.733E-02, -1.466E-01         F               0         Blade 1 X orientation angle, node 11, rad
        233    1.006E-01,  9.672E-01,  2.332E-01         F               0         Blade 1 Y orientation angle, node 11, rad
        234    1.261E-01, -2.449E-01,  9.613E-01         F               0         Blade 1 Z orientation angle, node 11, rad
        235    9.878E-01, -5.771E-02, -1.443E-01         F               0         Blade 1 X orientation angle, node 12, rad
        236    9.082E-02,  9.678E-01,  2.347E-01         F               0         Blade 1 Y orientation angle, node 12, rad
        237    1.261E-01, -2.449E-01,  9.613E-01         F               0         Blade 1 Z orientation angle, node 12, rad
        238    9.886E-01, -4.926E-02, -1.423E-01         F               0         Blade 1 X orientation angle, node 13, rad
        239    8.220E-02,  9.683E-01,  2.359E-01         F               0         Blade 1 Y orientation angle, node 13, rad
        240    1.261E-01, -2.449E-01,  9.613E-01         F               0         Blade 1 Z orientation angle, node 13, rad
        241    9.892E-01, -4.165E-02, -1.404E-01         F               0         Blade 1 X orientation angle, node 14, rad
        242    7.443E-02,  9.686E-01,  2.370E-01         F               0         Blade 1 Y orientation angle, node 14, rad
        243    1.261E-01, -2.449E-01,  9.613E-01         F               0         Blade 1 Z orientation angle, node 14, rad
        244    9.897E-01, -3.489E-02, -1.388E-01         F               0         Blade 1 X orientation angle, node 15, rad
        245    6.753E-02,  9.689E-01,  2.380E-01         F               0         Blade 1 Y orientation angle, node 15, rad
        246    1.261E-01, -2.449E-01,  9.613E-01         F               0         Blade 1 Z orientation angle, node 15, rad
        247    9.901E-01, -2.880E-02, -1.373E-01         F               0         Blade 1 X orientation angle, node 16, rad
        248    6.131E-02,  9.691E-01,  2.389E-01         F               0         Blade 1 Y orientation angle, node 16, rad
        249    1.261E-01, -2.449E-01,  9.613E-01         F               0         Blade 1 Z orientation angle, node 16, rad
        250    9.904E-01, -2.339E-02, -1.359E-01         F               0         Blade 1 X orientation angle, node 17, rad
        251    5.577E-02,  9.693E-01,  2.397E-01         F               0         Blade 1 Y orientation angle, node 17, rad
        252    1.261E-01, -2.449E-01,  9.613E-01         F               0         Blade 1 Z orientation angle, node 17, rad
        253    9.907E-01, -1.831E-02, -1.347E-01         F               0         Blade 1 X orientation angle, node 18, rad
        254    5.059E-02,  9.694E-01,  2.404E-01         F               0         Blade 1 Y orientation angle, node 18, rad
        255    1.261E-01, -2.449E-01,  9.613E-01         F               0         Blade 1 Z orientation angle, node 18, rad
        256    9.910E-01, -1.374E-02, -1.335E-01         F               0         Blade 1 X orientation angle, node 19, rad
        257    4.592E-02,  9.694E-01,  2.410E-01         F               0         Blade 1 Y orientation angle, node 19, rad
        258    1.261E-01, -2.449E-01,  9.613E-01         F               0         Blade 1 Z orientation angle, node 19, rad
        259    9.911E-01, -9.684E-03, -1.325E-01         F               0         Blade 1 X orientation angle, node 20, rad
        260    4.177E-02,  9.695E-01,  2.415E-01         F               0         Blade 1 Y orientation angle, node 20, rad
        261    1.261E-01, -2.449E-01,  9.613E-01         F               0         Blade 1 Z orientation angle, node 20, rad
        262    9.913E-01, -5.792E-03, -1.315E-01         F               0         Blade 1 X orientation angle, node 21, rad
        263    3.779E-02,  9.695E-01,  2.421E-01         F               0         Blade 1 Y orientation angle, node 21, rad
        264    1.261E-01, -2.449E-01,  9.613E-01         F               0         Blade 1 Z orientation angle, node 21, rad
        265    9.914E-01, -2.238E-03, -1.307E-01         F               0         Blade 1 X orientation angle, node 22, rad
        266    3.415E-02,  9.695E-01,  2.426E-01         F               0         Blade 1 Y orientation angle, node 22, rad
        267    1.261E-01, -2.449E-01,  9.613E-01         F               0         Blade 1 Z orientation angle, node 22, rad
        268    9.915E-01,  9.766E-04, -1.299E-01         F               0         Blade 1 X orientation angle, node 23, rad
        269    3.087E-02,  9.695E-01,  2.430E-01         F               0         Blade 1 Y orientation angle, node 23, rad
        270    1.261E-01, -2.449E-01,  9.613E-01         F               0         Blade 1 Z orientation angle, node 23, rad
        271    9.916E-01,  4.023E-03, -1.291E-01         F               0         Blade 1 X orientation angle, node 24, rad
        272    2.775E-02,  9.695E-01,  2.434E-01         F               0         Blade 1 Y orientation angle, node 24, rad
        273    1.261E-01, -2.449E-01,  9.613E-01         F               0         Blade 1 Z orientation angle, node 24, rad
        274    9.917E-01,  6.899E-03, -1.284E-01         F               0         Blade 1 X orientation angle, node 25, rad
        275    2.481E-02,  9.695E-01,  2.438E-01         F               0         Blade 1 Y orientation angle, node 25, rad
        276    1.261E-01, -2.449E-01,  9.613E-01         F               0         Blade 1 Z orientation angle, node 25, rad
        277    9.918E-01,  9.437E-03, -1.277E-01         F               0         Blade 1 X orientation angle, node 26, rad
        278    2.221E-02,  9.695E-01,  2.441E-01         F               0         Blade 1 Y orientation angle, node 26, rad
        279    1.261E-01, -2.449E-01,  9.613E-01         F               0         Blade 1 Z orientation angle, node 26, rad
        280    9.918E-01,  1.198E-02, -1.271E-01         F               0         Blade 1 X orientation angle, node 27, rad
        281    1.962E-02,  9.695E-01,  2.444E-01         F               0         Blade 1 Y orientation angle, node 27, rad
        282    1.261E-01, -2.449E-01,  9.613E-01         F               0         Blade 1 Z orientation angle, node 27, rad
        283    9.918E-01,  1.333E-02, -1.267E-01         F               0         Blade 1 X orientation angle, node 28, rad
        284    1.823E-02,  9.694E-01,  2.446E-01         F               0         Blade 1 Y orientation angle, node 28, rad
        285    1.261E-01, -2.449E-01,  9.613E-01         F               0         Blade 1 Z orientation angle, node 28, rad
        286   -9.762E-02                                 F               0         Blade 1 X translation velocity, node 1, m/s
        287   -4.800E+00                                 F               0         Blade 1 Y translation velocity, node 1, m/s
        288   -1.218E+00                                 F               0         Blade 1 Z translation velocity, node 1, m/s
        289   -1.208E-01                                 F               0         Blade 1 X translation velocity, node 2, m/s
        290   -5.956E+00                                 F               0         Blade 1 Y translation velocity, node 2, m/s
        291   -1.510E+00                                 F               0         Blade 1 Z translation velocity, node 2, m/s
        292   -4.360E-01                                 F               0         Blade 1 X translation velocity, node 3, m/s
        293   -2.168E+01                                 F               0         Blade 1 Y translation velocity, node 3, m/s
        294   -5.475E+00                                 F               0         Blade 1 Z translation velocity, node 3, m/s
        295   -5.032E-01                                 F               0         Blade 1 X translation velocity, node 4, m/s
        296   -2.503E+01                                 F               0         Blade 1 Y translation velocity, node 4, m/s
        297   -6.320E+00                                 F               0         Blade 1 Z translation velocity, node 4, m/s
        298   -5.703E-01                                 F               0         Blade 1 X translation velocity, node 5, m/s
        299   -2.838E+01                                 F               0         Blade 1 Y translation velocity, node 5, m/s
        300   -7.165E+00                                 F               0         Blade 1 Z translation velocity, node 5, m/s
        301   -6.375E-01                                 F               0         Blade 1 X translation velocity, node 6, m/s
        302   -3.173E+01                                 F               0         Blade 1 Y translation velocity, node 6, m/s
        303   -8.010E+00                                 F               0         Blade 1 Z translation velocity, node 6, m/s
        304   -7.046E-01                                 F               0         Blade 1 X translation velocity, node 7, m/s
        305   -3.509E+01                                 F               0         Blade 1 Y translation velocity, node 7, m/s
        306   -8.855E+00                                 F               0         Blade 1 Z translation velocity, node 7, m/s
        307   -7.718E-01                                 F               0         Blade 1 X translation velocity, node 8, m/s
