
Linearized model: Predictions were generated on 13-Feb-2024 at 11:29:37 using OpenFAST, compiled as a 64-bit application using single precision at commit v3.5.1
 linked with  NWTC Subroutine Library; ElastoDyn; InflowWind; AeroDyn; ServoDyn; HydroDyn; MAP++ (<1.20.10>, <Oct-20-2023>)

Description from the FAST input file: CCT-9 Campign 4 model. Input files to be run with OpenFAST 3.5.0. GitHub branch from Lu Wang (https://github.com/luwang00/openfast/tree/dev) compiled on March 7, 2023.

Simulation information:
   Simulation time:                  1211.7250 s
   Rotor Speed:                         0.7915 rad/s
   Azimuth:                             0.7125 rad
   Wind Speed:                         16.0000 m/s
   Number of continuous states:         0
   Number of discrete states:           0
   Number of constraint states:         0
   Number of inputs:                 1746
   Number of outputs:                   4
   Jacobians included in this file?    No

Order of inputs:
     Column   Operating Point                                                   Rotating Frame? Derivative Order Description
   ---------- ---------------                                                   --------------- ---------------- -----------
          1     1.07026824951E+001                                                     F               0         Tower X translation displacement, node 1, m
          2    -1.56027352810E+000                                                     F               0         Tower Y translation displacement, node 1, m
          3    -2.69842207432E-001                                                     F               0         Tower Z translation displacement, node 1, m
          4     1.20886058807E+001                                                     F               0         Tower X translation displacement, node 2, m
          5    -2.19400119781E+000                                                     F               0         Tower Y translation displacement, node 2, m
          6    -3.64189743996E-001                                                     F               0         Tower Z translation displacement, node 2, m
          7     1.34745283127E+001                                                     F               0         Tower X translation displacement, node 3, m
          8    -2.82772922516E+000                                                     F               0         Tower Y translation displacement, node 3, m
          9    -4.58535194397E-001                                                     F               0         Tower Z translation displacement, node 3, m
         10     1.48604516983E+001                                                     F               0         Tower X translation displacement, node 4, m
         11    -3.46145701408E+000                                                     F               0         Tower Y translation displacement, node 4, m
         12    -5.52880823612E-001                                                     F               0         Tower Z translation displacement, node 4, m
         13     1.62463760376E+001                                                     F               0         Tower X translation displacement, node 5, m
         14    -4.09518527985E+000                                                     F               0         Tower Y translation displacement, node 5, m
         15    -6.47223651409E-001                                                     F               0         Tower Z translation displacement, node 5, m
         16     1.76322975159E+001                                                     F               0         Tower X translation displacement, node 6, m
         17    -4.72891235352E+000                                                     F               0         Tower Y translation displacement, node 6, m
         18    -7.41577029228E-001                                                     F               0         Tower Z translation displacement, node 6, m
         19     1.90182209015E+001                                                     F               0         Tower X translation displacement, node 7, m
         20    -5.36264085770E+000                                                     F               0         Tower Y translation displacement, node 7, m
         21    -8.35916459560E-001                                                     F               0         Tower Z translation displacement, node 7, m
         22     2.04041423798E+001                                                     F               0         Tower X translation displacement, node 8, m
         23    -5.99636840820E+000                                                     F               0         Tower Y translation displacement, node 8, m
         24    -9.30267930031E-001                                                     F               0         Tower Z translation displacement, node 8, m
         25     2.17900676727E+001                                                     F               0         Tower X translation displacement, node 9, m
         26    -6.63009691238E+000                                                     F               0         Tower Y translation displacement, node 9, m
         27    -1.02461040020E+000                                                     F               0         Tower Z translation displacement, node 9, m
         28     2.31759910583E+001                                                     F               0         Tower X translation displacement, node 10, m
         29    -7.26382446289E+000                                                     F               0         Tower Y translation displacement, node 10, m
         30    -1.11895883083E+000                                                     F               0         Tower Z translation displacement, node 10, m
         31     2.45619125366E+001                                                     F               0         Tower X translation displacement, node 11, m
         32    -7.89755201340E+000                                                     F               0         Tower Y translation displacement, node 11, m
         33    -1.21330428123E+000                                                     F               0         Tower Z translation displacement, node 11, m
         34     9.93685603142E-001,   3.40435211547E-003,  -1.12148530781E-001         F               0         Tower X orientation angle, node 1, rad
         35     2.37410515547E-003,   9.98677849770E-001,   5.13512305915E-002         F               0         Tower Y orientation angle, node 1, rad
         36     1.12175069749E-001,  -5.12932315469E-002,   9.92363750935E-001         F               0         Tower Z orientation angle, node 1, rad
         37     9.93685603142E-001,   3.40435211547E-003,  -1.12148530781E-001         F               0         Tower X orientation angle, node 2, rad
         38     2.37410515547E-003,   9.98677849770E-001,   5.13512305915E-002         F               0         Tower Y orientation angle, node 2, rad
         39     1.12175069749E-001,  -5.12932315469E-002,   9.92363750935E-001         F               0         Tower Z orientation angle, node 2, rad
         40     9.93685603142E-001,   3.40435211547E-003,  -1.12148530781E-001         F               0         Tower X orientation angle, node 3, rad
         41     2.37410515547E-003,   9.98677849770E-001,   5.13512305915E-002         F               0         Tower Y orientation angle, node 3, rad
         42     1.12175069749E-001,  -5.12932315469E-002,   9.92363750935E-001         F               0         Tower Z orientation angle, node 3, rad
         43     9.93685603142E-001,   3.40435211547E-003,  -1.12148530781E-001         F               0         Tower X orientation angle, node 4, rad
         44     2.37410515547E-003,   9.98677849770E-001,   5.13512305915E-002         F               0         Tower Y orientation angle, node 4, rad
         45     1.12175069749E-001,  -5.12932315469E-002,   9.92363750935E-001         F               0         Tower Z orientation angle, node 4, rad
         46     9.93685603142E-001,   3.40435211547E-003,  -1.12148530781E-001         F               0         Tower X orientation angle, node 5, rad
         47     2.37410515547E-003,   9.98677849770E-001,   5.13512305915E-002         F               0         Tower Y orientation angle, node 5, rad
         48     1.12175069749E-001,  -5.12932315469E-002,   9.92363750935E-001         F               0         Tower Z orientation angle, node 5, rad
         49     9.93685603142E-001,   3.40435211547E-003,  -1.12148530781E-001         F               0         Tower X orientation angle, node 6, rad
         50     2.37410515547E-003,   9.98677849770E-001,   5.13512305915E-002         F               0         Tower Y orientation angle, node 6, rad
         51     1.12175069749E-001,  -5.12932315469E-002,   9.92363750935E-001         F               0         Tower Z orientation angle, node 6, rad
         52     9.93685603142E-001,   3.40435211547E-003,  -1.12148530781E-001         F               0         Tower X orientation angle, node 7, rad
         53     2.37410515547E-003,   9.98677849770E-001,   5.13512305915E-002         F               0         Tower Y orientation angle, node 7, rad
         54     1.12175069749E-001,  -5.12932315469E-002,   9.92363750935E-001         F               0         Tower Z orientation angle, node 7, rad
         55     9.93685603142E-001,   3.40435188264E-003,  -1.12148530781E-001         F               0         Tower X orientation angle, node 8, rad
         56     2.37410515547E-003,   9.98677849770E-001,   5.13512305915E-002         F               0         Tower Y orientation angle, node 8, rad
         57     1.12175069749E-001,  -5.12932315469E-002,   9.92363750935E-001         F               0         Tower Z orientation angle, node 8, rad
         58     9.93685603142E-001,   3.40435234830E-003,  -1.12148538232E-001         F               0         Tower X orientation angle, node 9, rad
         59     2.37410538830E-003,   9.98677849770E-001,   5.13512305915E-002         F               0         Tower Y orientation angle, node 9, rad
         60     1.12175077200E-001,  -5.12932315469E-002,   9.92363750935E-001         F               0         Tower Z orientation angle, node 9, rad
         61     9.93685603142E-001,   3.40435211547E-003,  -1.12148530781E-001         F               0         Tower X orientation angle, node 10, rad
         62     2.37410515547E-003,   9.98677849770E-001,   5.13512305915E-002         F               0         Tower Y orientation angle, node 10, rad
         63     1.12175069749E-001,  -5.12932315469E-002,   9.92363750935E-001         F               0         Tower Z orientation angle, node 10, rad
         64     9.93685603142E-001,   3.40435211547E-003,  -1.12148530781E-001         F               0         Tower X orientation angle, node 11, rad
         65     2.37410515547E-003,   9.98677849770E-001,   5.13512305915E-002         F               0         Tower Y orientation angle, node 11, rad
         66     1.12175069749E-001,  -5.12932315469E-002,   9.92363750935E-001         F               0         Tower Z orientation angle, node 11, rad
         67     2.06242344575E-004                                                     F               0         Tower X translation velocity, node 1, m/s
         68     1.13611365668E-003                                                     F               0         Tower Y translation velocity, node 1, m/s
         69     1.48062082008E-003                                                     F               0         Tower Z translation velocity, node 1, m/s
         70     3.06747329887E-004                                                     F               0         Tower X translation velocity, node 2, m/s
         71     1.55885948334E-003                                                     F               0         Tower Y translation velocity, node 2, m/s
         72     1.49111088831E-003                                                     F               0         Tower Z translation velocity, node 2, m/s
         73     4.07252315199E-004                                                     F               0         Tower X translation velocity, node 3, m/s
         74     1.98160507716E-003                                                     F               0         Tower Y translation velocity, node 3, m/s
         75     1.50160072371E-003                                                     F               0         Tower Z translation velocity, node 3, m/s
         76     5.07757300511E-004                                                     F               0         Tower X translation velocity, node 4, m/s
         77     2.40435055457E-003                                                     F               0         Tower Y translation velocity, node 4, m/s
         78     1.51209067553E-003                                                     F               0         Tower Z translation velocity, node 4, m/s
         79     6.08262314927E-004                                                     F               0         Tower X translation velocity, node 5, m/s
         80     2.82709673047E-003                                                     F               0         Tower Y translation velocity, node 5, m/s
         81     1.52258062735E-003                                                     F               0         Tower Z translation velocity, node 5, m/s
         82     7.08767212927E-004                                                     F               0         Tower X translation velocity, node 6, m/s
         83     3.24984197505E-003                                                     F               0         Tower Y translation velocity, node 6, m/s
         84     1.53307057917E-003                                                     F               0         Tower Z translation velocity, node 6, m/s
         85     8.09272343758E-004                                                     F               0         Tower X translation velocity, node 7, m/s
         86     3.67258815095E-003                                                     F               0         Tower Y translation velocity, node 7, m/s
         87     1.54356053099E-003                                                     F               0         Tower Z translation velocity, node 7, m/s
         88     9.09777183551E-004                                                     F               0         Tower X translation velocity, node 8, m/s
         89     4.09533362836E-003                                                     F               0         Tower Y translation velocity, node 8, m/s
         90     1.55405036639E-003                                                     F               0         Tower Z translation velocity, node 8, m/s
         91     1.01028231438E-003                                                     F               0         Tower X translation velocity, node 9, m/s
         92     4.51807957143E-003                                                     F               0         Tower Y translation velocity, node 9, m/s
         93     1.56454043463E-003                                                     F               0         Tower Z translation velocity, node 9, m/s
         94     1.11078738701E-003                                                     F               0         Tower X translation velocity, node 10, m/s
         95     4.94082504883E-003                                                     F               0         Tower Y translation velocity, node 10, m/s
         96     1.57503027003E-003                                                     F               0         Tower Z translation velocity, node 10, m/s
         97     1.21129234321E-003                                                     F               0         Tower X translation velocity, node 11, m/s
         98     5.36357099190E-003                                                     F               0         Tower Y translation velocity, node 11, m/s
         99     1.58552022185E-003                                                     F               0         Tower Z translation velocity, node 11, m/s
        100     2.55107059479E+001                                                     F               0         Hub X translation displacement, node 1, m
        101    -8.33698177338E+000                                                     F               0         Hub Y translation displacement, node 1, m
        102    -6.19840621948E-002                                                     F               0         Hub Z translation displacement, node 1, m
        103     9.76516604424E-001,   8.74730572104E-003,  -2.15264424682E-001         F               0         Hub X orientation angle, node 1, rad
        104     1.42631679773E-001,   7.22600102425E-001,   6.76391422749E-001         F               0         Hub Y orientation angle, node 1, rad
        105     1.61466702819E-001,  -6.91210985184E-001,   7.04383373260E-001         F               0         Hub Z orientation angle, node 1, rad
        106     7.72907078266E-001                                                     F               0         Hub X rotation velocity, node 1, rad/s
        107     6.93147303537E-003                                                     F               0         Hub Y rotation velocity, node 1, rad/s
        108    -1.70378893614E-001                                                     F               0         Hub Z rotation velocity, node 1, rad/s
        109     9.46736395359E-001,  -9.30039361119E-002,  -3.08286309242E-001         F               0         Blade root 1 X orientation angle, node 1, rad
        110     2.78601288795E-001,   7.16643333435E-001,   6.39377534389E-001         F               0         Blade root 1 Y orientation angle, node 1, rad
        111     1.61466702819E-001,  -6.91210985184E-001,   7.04383373260E-001         F               0         Blade root 1 Z orientation angle, node 1, rad
        112     9.57163572311E-001,   1.43711686134E-001,  -2.51365989447E-001         F               0         Blade root 2 X orientation angle, node 1, rad
        113     2.05225229263E-001,  -9.49127793312E-001,   2.38828465343E-001         F               0         Blade root 2 Y orientation angle, node 1, rad
        114    -2.04256013036E-001,  -2.80184537172E-001,  -9.37963783741E-001         F               0         Blade root 2 Z orientation angle, node 1, rad
        115     9.96510744095E-001,  -2.47268471867E-002,  -7.97175318003E-002         F               0         Blade root 3 X orientation angle, node 1, rad
        116    -7.16615393758E-002,   2.36176490784E-001,  -9.69064116478E-001         F               0         Blade root 3 Y orientation angle, node 1, rad
        117     4.27893064916E-002,   9.71395492554E-001,   2.33580455184E-001         F               0         Blade root 3 Z orientation angle, node 1, rad
        118     2.58261432648E+001                                                     F               0         Blade 1 X translation displacement, node 1, m
        119    -1.21662902832E+001                                                     F               0         Blade 1 Y translation displacement, node 1, m
        120    -1.66935908794E+000                                                     F               0         Blade 1 Z translation displacement, node 1, m
        121     2.59021511078E+001                                                     F               0         Blade 1 X translation displacement, node 2, m
        122    -1.30889921188E+001                                                     F               0         Blade 1 Y translation displacement, node 2, m
        123    -2.05666446686E+000                                                     F               0         Blade 1 Z translation displacement, node 2, m
        124     2.69357166290E+001                                                     F               0         Blade 1 X translation displacement, node 3, m
        125    -2.56361351013E+001                                                     F               0         Blade 1 Y translation displacement, node 3, m
        126    -7.32337427139E+000                                                     F               0         Blade 1 Z translation displacement, node 3, m
        127     2.71559238434E+001                                                     F               0         Blade 1 X translation displacement, node 4, m
        128    -2.83093776703E+001                                                     F               0         Blade 1 Y translation displacement, node 4, m
        129    -8.44548606873E+000                                                     F               0         Blade 1 Z translation displacement, node 4, m
        130     2.73761730194E+001                                                     F               0         Blade 1 X translation displacement, node 5, m
        131    -3.09831295013E+001                                                     F               0         Blade 1 Y translation displacement, node 5, m
        132    -9.56779670715E+000                                                     F               0         Blade 1 Z translation displacement, node 5, m
        133     2.75963821411E+001                                                     F               0         Blade 1 X translation displacement, node 6, m
        134    -3.36563835144E+001                                                     F               0         Blade 1 Y translation displacement, node 6, m
        135    -1.06899127960E+001                                                     F               0         Blade 1 Z translation displacement, node 6, m
        136     2.78165912628E+001                                                     F               0         Blade 1 X translation displacement, node 7, m
        137    -3.63296470642E+001                                                     F               0         Blade 1 Y translation displacement, node 7, m
        138    -1.18120193481E+001                                                     F               0         Blade 1 Z translation displacement, node 7, m
        139     2.80368385315E+001                                                     F               0         Blade 1 X translation displacement, node 8, m
        140    -3.90033874512E+001                                                     F               0         Blade 1 Y translation displacement, node 8, m
        141    -1.29343395233E+001                                                     F               0         Blade 1 Z translation displacement, node 8, m
        142     2.82570476532E+001                                                     F               0         Blade 1 X translation displacement, node 9, m
        143    -4.16766471863E+001                                                     F               0         Blade 1 Y translation displacement, node 9, m
        144    -1.40564451218E+001                                                     F               0         Blade 1 Z translation displacement, node 9, m
        145     2.84772567749E+001                                                     F               0         Blade 1 X translation displacement, node 10, m
        146    -4.43499031067E+001                                                     F               0         Blade 1 Y translation displacement, node 10, m
        147    -1.51785612106E+001                                                     F               0         Blade 1 Z translation displacement, node 10, m
        148     2.86974639893E+001                                                     F               0         Blade 1 X translation displacement, node 11, m
        149    -4.70231666565E+001                                                     F               0         Blade 1 Y translation displacement, node 11, m
        150    -1.63006668091E+001                                                     F               0         Blade 1 Z translation displacement, node 11, m
        151     2.89177131653E+001                                                     F               0         Blade 1 X translation displacement, node 12, m
        152    -4.96968994141E+001                                                     F               0         Blade 1 Y translation displacement, node 12, m
        153    -1.74229831696E+001                                                     F               0         Blade 1 Z translation displacement, node 12, m
        154     2.91379222870E+001                                                     F               0         Blade 1 X translation displacement, node 13, m
        155    -5.23701629639E+001                                                     F               0         Blade 1 Y translation displacement, node 13, m
        156    -1.85450878143E+001                                                     F               0         Blade 1 Z translation displacement, node 13, m
        157     2.93581295013E+001                                                     F               0         Blade 1 X translation displacement, node 14, m
        158    -5.50434150696E+001                                                     F               0         Blade 1 Y translation displacement, node 14, m
        159    -1.96672039032E+001                                                     F               0         Blade 1 Z translation displacement, node 14, m
        160     2.95783786774E+001                                                     F               0         Blade 1 X translation displacement, node 15, m
        161    -5.77171630859E+001                                                     F               0         Blade 1 Y translation displacement, node 15, m
        162    -2.07895183563E+001                                                     F               0         Blade 1 Z translation displacement, node 15, m
        163     2.97985877991E+001                                                     F               0         Blade 1 X translation displacement, node 16, m
        164    -6.03904190063E+001                                                     F               0         Blade 1 Y translation displacement, node 16, m
        165    -2.19116325378E+001                                                     F               0         Blade 1 Z translation displacement, node 16, m
        166     3.00187969208E+001                                                     F               0         Blade 1 X translation displacement, node 17, m
        167    -6.30636863708E+001                                                     F               0         Blade 1 Y translation displacement, node 17, m
        168    -2.30337371826E+001                                                     F               0         Blade 1 Z translation displacement, node 17, m
        169     3.02390060425E+001                                                     F               0         Blade 1 X translation displacement, node 18, m
        170    -6.57369384766E+001                                                     F               0         Blade 1 Y translation displacement, node 18, m
        171    -2.41558513641E+001                                                     F               0         Blade 1 Z translation displacement, node 18, m
        172     3.04592514038E+001                                                     F               0         Blade 1 X translation displacement, node 19, m
        173    -6.84106750488E+001                                                     F               0         Blade 1 Y translation displacement, node 19, m
        174    -2.52781658173E+001                                                     F               0         Blade 1 Z translation displacement, node 19, m
        175     3.06794605255E+001                                                     F               0         Blade 1 X translation displacement, node 20, m
        176    -7.10839385986E+001                                                     F               0         Blade 1 Y translation displacement, node 20, m
        177    -2.64002666473E+001                                                     F               0         Blade 1 Z translation displacement, node 20, m
        178     3.08996715546E+001                                                     F               0         Blade 1 X translation displacement, node 21, m
        179    -7.37571945190E+001                                                     F               0         Blade 1 Y translation displacement, node 21, m
        180    -2.75223827362E+001                                                     F               0         Blade 1 Z translation displacement, node 21, m
        181     3.11199188232E+001                                                     F               0         Blade 1 X translation displacement, node 22, m
        182    -7.64309387207E+001                                                     F               0         Blade 1 Y translation displacement, node 22, m
        183    -2.86447010040E+001                                                     F               0         Blade 1 Z translation displacement, node 22, m
        184     3.13401260376E+001                                                     F               0         Blade 1 X translation displacement, node 23, m
        185    -7.91042022705E+001                                                     F               0         Blade 1 Y translation displacement, node 23, m
        186    -2.97668037415E+001                                                     F               0         Blade 1 Z translation displacement, node 23, m
        187     3.15603351593E+001                                                     F               0         Blade 1 X translation displacement, node 24, m
        188    -8.17774581909E+001                                                     F               0         Blade 1 Y translation displacement, node 24, m
        189    -3.08889198303E+001                                                     F               0         Blade 1 Z translation displacement, node 24, m
        190     3.17805442810E+001                                                     F               0         Blade 1 X translation displacement, node 25, m
        191    -8.44507141113E+001                                                     F               0         Blade 1 Y translation displacement, node 25, m
        192    -3.20110321045E+001                                                     F               0         Blade 1 Z translation displacement, node 25, m
        193     3.20007934570E+001                                                     F               0         Blade 1 X translation displacement, node 26, m
        194    -8.71244583130E+001                                                     F               0         Blade 1 Y translation displacement, node 26, m
        195    -3.31333541870E+001                                                     F               0         Blade 1 Z translation displacement, node 26, m
        196     3.22210006714E+001                                                     F               0         Blade 1 X translation displacement, node 27, m
        197    -8.97977066040E+001                                                     F               0         Blade 1 Y translation displacement, node 27, m
        198    -3.42554664612E+001                                                     F               0         Blade 1 Z translation displacement, node 27, m
        199     3.24076919556E+001                                                     F               0         Blade 1 X translation displacement, node 28, m
        200    -9.20640640259E+001                                                     F               0         Blade 1 Y translation displacement, node 28, m
        201    -3.52067565918E+001                                                     F               0         Blade 1 Z translation displacement, node 28, m
        202     7.15525686741E-001,  -4.09568309784E-001,  -5.65930008888E-001         F               0         Blade 1 X orientation angle, node 1, rad
        203     6.79670155048E-001,   5.95383226871E-001,   4.28447574377E-001         F               0         Blade 1 Y orientation angle, node 1, rad
        204     1.61466702819E-001,  -6.91210985184E-001,   7.04383373260E-001         F               0         Blade 1 Z orientation angle, node 1, rad
        205     7.15525686741E-001,  -4.09568309784E-001,  -5.65930008888E-001         F               0         Blade 1 X orientation angle, node 2, rad
        206     6.79670155048E-001,   5.95383226871E-001,   4.28447574377E-001         F               0         Blade 1 Y orientation angle, node 2, rad
        207     1.61466702819E-001,  -6.91210985184E-001,   7.04383373260E-001         F               0         Blade 1 Z orientation angle, node 2, rad
        208     8.56225848198E-001,  -2.56788372993E-001,  -4.48260039091E-001         F               0         Blade 1 X orientation angle, node 3, rad
        209     4.90719705820E-001,   6.75490260124E-001,   5.50369918346E-001         F               0         Blade 1 Y orientation angle, node 3, rad
        210     1.61466702819E-001,  -6.91210985184E-001,   7.04383373260E-001         F               0         Blade 1 Z orientation angle, node 3, rad
        211     8.76182556152E-001,  -2.28037193418E-001,  -4.24621194601E-001         F               0         Blade 1 X orientation angle, node 4, rad
        212     4.54128444195E-001,   6.85730576515E-001,   5.68806588650E-001         F               0         Blade 1 Y orientation angle, node 4, rad
        213     1.61466702819E-001,  -6.91210985184E-001,   7.04383373260E-001         F               0         Blade 1 Z orientation angle, node 4, rad
        214     8.90757560730E-001,  -2.05176293850E-001,  -4.05528873205E-001         F               0         Blade 1 X orientation angle, node 5, rad
        215     4.24828767776E-001,   6.92914187908E-001,   5.82572221756E-001         F               0         Blade 1 Y orientation angle, node 5, rad
        216     1.61466702819E-001,  -6.91210985184E-001,   7.04383373260E-001         F               0         Blade 1 Z orientation angle, node 5, rad
        217     9.01713073254E-001,  -1.86723932624E-001,  -3.89932930470E-001         F               0         Blade 1 X orientation angle, node 6, rad
        218     4.01051133871E-001,   6.98112845421E-001,   5.93124270439E-001         F               0         Blade 1 Y orientation angle, node 6, rad
        219     1.61466702819E-001,  -6.91210985184E-001,   7.04383373260E-001         F               0         Blade 1 Z orientation angle, node 6, rad
        220     9.10247385502E-001,  -1.71450242400E-001,  -3.76901209354E-001         F               0         Blade 1 X orientation angle, node 7, rad
        221     3.81284952164E-001,   7.02020108700E-001,   6.01489484310E-001         F               0         Blade 1 Y orientation angle, node 7, rad
        222     1.61466702819E-001,  -6.91210985184E-001,   7.04383373260E-001         F               0         Blade 1 Z orientation angle, node 7, rad
        223     9.17017936707E-001,  -1.58680036664E-001,  -3.65921825171E-001         F               0         Blade 1 X orientation angle, node 8, rad
        224     3.64700764418E-001,   7.05016314983E-001,   6.08231306076E-001         F               0         Blade 1 Y orientation angle, node 8, rad
        225     1.61466702819E-001,  -6.91210985184E-001,   7.04383373260E-001         F               0         Blade 1 Z orientation angle, node 8, rad
        226     9.22510921955E-001,  -1.47833481431E-001,  -3.56537252665E-001         F               0         Blade 1 X orientation angle, node 9, rad
        227     3.50573897362E-001,   7.07370281219E-001,   6.13779485226E-001         F               0         Blade 1 Y orientation angle, node 9, rad
        228     1.61466702819E-001,  -6.91210925579E-001,   7.04383373260E-001         F               0         Blade 1 Z orientation angle, node 9, rad
        229     9.27079856396E-001,  -1.38437837362E-001,  -3.48364651203E-001         F               0         Blade 1 X orientation angle, node 10, rad
        230     3.38306784630E-001,   7.09268867970E-001,   6.18454635143E-001         F               0         Blade 1 Y orientation angle, node 10, rad
        231     1.61466702819E-001,  -6.91210985184E-001,   7.04383373260E-001         F               0         Blade 1 Z orientation angle, node 10, rad
        232     9.30858075619E-001,  -1.30382701755E-001,  -3.41326236725E-001         F               0         Blade 1 X orientation angle, node 11, rad
        233     3.27767848969E-001,   7.10793733597E-001,   6.22366845608E-001         F               0         Blade 1 Y orientation angle, node 11, rad
        234     1.61466702819E-001,  -6.91210985184E-001,   7.04383373260E-001         F               0         Blade 1 Z orientation angle, node 11, rad
        235     9.34072732925E-001,  -1.23305112123E-001,  -3.35117906332E-001         F               0         Blade 1 X orientation angle, node 12, rad
        236     3.18491250277E-001,   7.12055623531E-001,   6.25731647015E-001         F               0         Blade 1 Y orientation angle, node 12, rad
        237     1.61466702819E-001,  -6.91210985184E-001,   7.04383373260E-001         F               0         Blade 1 Z orientation angle, node 12, rad
        238     9.36816453934E-001,  -1.17086641490E-001,  -3.29644680023E-001         F               0         Blade 1 X orientation angle, node 13, rad
        239     3.10327917337E-001,   7.13104546070E-001,   6.28632247448E-001         F               0         Blade 1 Y orientation angle, node 13, rad
        240     1.61466702819E-001,  -6.91210985184E-001,   7.04383373260E-001         F               0         Blade 1 Z orientation angle, node 13, rad
        241     9.39224839211E-001,  -1.11482374370E-001,  -3.24697315693E-001         F               0         Blade 1 X orientation angle, node 14, rad
        242     3.02960664034E-001,   7.14002132416E-001,   6.31201863289E-001         F               0         Blade 1 Y orientation angle, node 14, rad
        243     1.61466702819E-001,  -6.91210985184E-001,   7.04383373260E-001         F               0         Blade 1 Z orientation angle, node 14, rad
        244     9.41317021847E-001,  -1.06495030224E-001,  -3.20282787085E-001         F               0         Blade 1 X orientation angle, node 15, rad
        245     2.96396315098E-001,   7.14763045311E-001,   6.33453249931E-001         F               0         Blade 1 Y orientation angle, node 15, rad
        246     1.61466702819E-001,  -6.91210925579E-001,   7.04383373260E-001         F               0         Blade 1 Z orientation angle, node 15, rad
        247     9.43160712719E-001,  -1.02001965046E-001,  -3.16296398640E-001         F               0         Blade 1 X orientation angle, node 16, rad
