
Linearized model: Predictions were generated on 13-Feb-2024 at 11:29:37 using OpenFAST, compiled as a 64-bit application using single precision at commit v3.5.1
 linked with  NWTC Subroutine Library; ElastoDyn; InflowWind; AeroDyn; ServoDyn; HydroDyn; MAP++ (<1.20.10>, <Oct-20-2023>)

Description from the FAST input file: CCT-9 Campign 4 model. Input files to be run with OpenFAST 3.5.0. GitHub branch from Lu Wang (https://github.com/luwang00/openfast/tree/dev) compiled on March 7, 2023.

Simulation information:
   Simulation time:                  1218.5500 s
   Rotor Speed:                         0.7916 rad/s
   Azimuth:                             6.1156 rad
   Wind Speed:                         16.0000 m/s
   Number of continuous states:         0
   Number of discrete states:           0
   Number of constraint states:         0
   Number of inputs:                 1746
   Number of outputs:                   4
   Jacobians included in this file?    No

Order of inputs:
     Column   Operating Point                                                   Rotating Frame? Derivative Order Description
   ---------- ---------------                                                   --------------- ---------------- -----------
          1     1.07017803192E+001                                                     F               0         Tower X translation displacement, node 1, m
          2    -1.56252074242E+000                                                     F               0         Tower Y translation displacement, node 1, m
          3    -3.00397306681E-001                                                     F               0         Tower Z translation displacement, node 1, m
          4     1.20873765945E+001                                                     F               0         Tower X translation displacement, node 2, m
          5    -2.19784593582E+000                                                     F               0         Tower Y translation displacement, node 2, m
          6    -3.94790589809E-001                                                     F               0         Tower Z translation displacement, node 2, m
          7     1.34729728699E+001                                                     F               0         Tower X translation displacement, node 3, m
          8    -2.83317112923E+000                                                     F               0         Tower Y translation displacement, node 3, m
          9    -4.89181786776E-001                                                     F               0         Tower Z translation displacement, node 3, m
         10     1.48585691452E+001                                                     F               0         Tower X translation displacement, node 4, m
         11    -3.46849656105E+000                                                     F               0         Tower Y translation displacement, node 4, m
         12    -5.83573162556E-001                                                     F               0         Tower Z translation displacement, node 4, m
         13     1.62441654205E+001                                                     F               0         Tower X translation displacement, node 5, m
         14    -4.10382223129E+000                                                     F               0         Tower Y translation displacement, node 5, m
         15    -6.77961707115E-001                                                     F               0         Tower Z translation displacement, node 5, m
         16     1.76297607422E+001                                                     F               0         Tower X translation displacement, node 6, m
         17    -4.73914670944E+000                                                     F               0         Tower Y translation displacement, node 6, m
         18    -7.72360861301E-001                                                     F               0         Tower Z translation displacement, node 6, m
         19     1.90153579712E+001                                                     F               0         Tower X translation displacement, node 7, m
         20    -5.37447261810E+000                                                     F               0         Tower Y translation displacement, node 7, m
         21    -8.66746008396E-001                                                     F               0         Tower Z translation displacement, node 7, m
         22     2.04009532928E+001                                                     F               0         Tower X translation displacement, node 8, m
         23    -6.00979757309E+000                                                     F               0         Tower Y translation displacement, node 8, m
         24    -9.61143195629E-001                                                     F               0         Tower Z translation displacement, node 8, m
         25     2.17865505219E+001                                                     F               0         Tower X translation displacement, node 9, m
         26    -6.64512348175E+000                                                     F               0         Tower Y translation displacement, node 9, m
         27    -1.05553150177E+000                                                     F               0         Tower Z translation displacement, node 9, m
         28     2.31721477509E+001                                                     F               0         Tower X translation displacement, node 10, m
         29    -7.28044843674E+000                                                     F               0         Tower Y translation displacement, node 10, m
         30    -1.14992570877E+000                                                     F               0         Tower Z translation displacement, node 10, m
         31     2.45577430725E+001                                                     F               0         Tower X translation displacement, node 11, m
         32    -7.91577339172E+000                                                     F               0         Tower Y translation displacement, node 11, m
         33    -1.24431681633E+000                                                     F               0         Tower Z translation displacement, node 11, m
         34     9.93688583374E-001,   3.39624937624E-003,  -1.12122781575E-001         F               0         Tower X orientation angle, node 1, rad
         35     2.39533418790E-003,   9.98671233654E-001,   5.14788590372E-002         F               0         Tower Y orientation angle, node 1, rad
         36     1.12148627639E-001,  -5.14225251973E-002,   9.92359995842E-001         F               0         Tower Z orientation angle, node 1, rad
         37     9.93688583374E-001,   3.39624937624E-003,  -1.12122781575E-001         F               0         Tower X orientation angle, node 2, rad
         38     2.39533418790E-003,   9.98671233654E-001,   5.14788590372E-002         F               0         Tower Y orientation angle, node 2, rad
         39     1.12148627639E-001,  -5.14225251973E-002,   9.92359995842E-001         F               0         Tower Z orientation angle, node 2, rad
         40     9.93688583374E-001,   3.39624937624E-003,  -1.12122781575E-001         F               0         Tower X orientation angle, node 3, rad
         41     2.39533418790E-003,   9.98671233654E-001,   5.14788590372E-002         F               0         Tower Y orientation angle, node 3, rad
         42     1.12148627639E-001,  -5.14225251973E-002,   9.92359995842E-001         F               0         Tower Z orientation angle, node 3, rad
         43     9.93688583374E-001,   3.39624937624E-003,  -1.12122781575E-001         F               0         Tower X orientation angle, node 4, rad
         44     2.39533418790E-003,   9.98671233654E-001,   5.14788590372E-002         F               0         Tower Y orientation angle, node 4, rad
         45     1.12148627639E-001,  -5.14225251973E-002,   9.92359995842E-001         F               0         Tower Z orientation angle, node 4, rad
         46     9.93688583374E-001,   3.39624937624E-003,  -1.12122781575E-001         F               0         Tower X orientation angle, node 5, rad
         47     2.39533418790E-003,   9.98671233654E-001,   5.14788590372E-002         F               0         Tower Y orientation angle, node 5, rad
         48     1.12148627639E-001,  -5.14225251973E-002,   9.92359995842E-001         F               0         Tower Z orientation angle, node 5, rad
         49     9.93688583374E-001,   3.39624937624E-003,  -1.12122781575E-001         F               0         Tower X orientation angle, node 6, rad
         50     2.39533418790E-003,   9.98671233654E-001,   5.14788590372E-002         F               0         Tower Y orientation angle, node 6, rad
         51     1.12148627639E-001,  -5.14225251973E-002,   9.92359995842E-001         F               0         Tower Z orientation angle, node 6, rad
         52     9.93688583374E-001,   3.39624937624E-003,  -1.12122781575E-001         F               0         Tower X orientation angle, node 7, rad
         53     2.39533418790E-003,   9.98671233654E-001,   5.14788590372E-002         F               0         Tower Y orientation angle, node 7, rad
         54     1.12148627639E-001,  -5.14225251973E-002,   9.92359995842E-001         F               0         Tower Z orientation angle, node 7, rad
         55     9.93688583374E-001,   3.39624937624E-003,  -1.12122781575E-001         F               0         Tower X orientation angle, node 8, rad
         56     2.39533418790E-003,   9.98671233654E-001,   5.14788590372E-002         F               0         Tower Y orientation angle, node 8, rad
         57     1.12148627639E-001,  -5.14225251973E-002,   9.92359995842E-001         F               0         Tower Z orientation angle, node 8, rad
         58     9.93688583374E-001,   3.39624960907E-003,  -1.12122781575E-001         F               0         Tower X orientation angle, node 9, rad
         59     2.39533442073E-003,   9.98671233654E-001,   5.14788590372E-002         F               0         Tower Y orientation angle, node 9, rad
         60     1.12148627639E-001,  -5.14225251973E-002,   9.92359995842E-001         F               0         Tower Z orientation angle, node 9, rad
         61     9.93688583374E-001,   3.39624937624E-003,  -1.12122781575E-001         F               0         Tower X orientation angle, node 10, rad
         62     2.39533418790E-003,   9.98671233654E-001,   5.14788590372E-002         F               0         Tower Y orientation angle, node 10, rad
         63     1.12148627639E-001,  -5.14225251973E-002,   9.92359995842E-001         F               0         Tower Z orientation angle, node 10, rad
         64     9.93688583374E-001,   3.39624937624E-003,  -1.12122781575E-001         F               0         Tower X orientation angle, node 11, rad
         65     2.39533418790E-003,   9.98671233654E-001,   5.14788590372E-002         F               0         Tower Y orientation angle, node 11, rad
         66     1.12148627639E-001,  -5.14225251973E-002,   9.92359995842E-001         F               0         Tower Z orientation angle, node 11, rad
         67    -3.15715064062E-004                                                     F               0         Tower X translation velocity, node 1, m/s
         68    -4.82298550196E-004                                                     F               0         Tower Y translation velocity, node 1, m/s
         69    -7.03572202474E-003                                                     F               0         Tower Z translation velocity, node 1, m/s
         70    -4.46652265964E-004                                                     F               0         Tower X translation velocity, node 2, m/s
         71    -8.71308846399E-004                                                     F               0         Tower Y translation velocity, node 2, m/s
         72    -7.04108225182E-003                                                     F               0         Tower Z translation velocity, node 2, m/s
         73    -5.77589496970E-004                                                     F               0         Tower X translation velocity, node 3, m/s
         74    -1.26031925902E-003                                                     F               0         Tower Y translation velocity, node 3, m/s
         75    -7.04644247890E-003                                                     F               0         Tower Z translation velocity, node 3, m/s
         76    -7.08526757080E-004                                                     F               0         Tower X translation velocity, node 4, m/s
         77    -1.64932967164E-003                                                     F               0         Tower Y translation velocity, node 4, m/s
         78    -7.05180317163E-003                                                     F               0         Tower Z translation velocity, node 4, m/s
         79    -8.39464075398E-004                                                     F               0         Tower X translation velocity, node 5, m/s
         80    -2.03834031709E-003                                                     F               0         Tower Y translation velocity, node 5, m/s
         81    -7.05716386437E-003                                                     F               0         Tower Z translation velocity, node 5, m/s
         82    -9.70401160885E-004                                                     F               0         Tower X translation velocity, node 6, m/s
         83    -2.42735026404E-003                                                     F               0         Tower Y translation velocity, node 6, m/s
         84    -7.06252409145E-003                                                     F               0         Tower Z translation velocity, node 6, m/s
         85    -1.10133853741E-003                                                     F               0         Tower X translation velocity, node 7, m/s
         86    -2.81636090949E-003                                                     F               0         Tower Y translation velocity, node 7, m/s
         87    -7.06788431853E-003                                                     F               0         Tower Z translation velocity, node 7, m/s
         88    -1.23227573931E-003                                                     F               0         Tower X translation velocity, node 8, m/s
         89    -3.20537108928E-003                                                     F               0         Tower Y translation velocity, node 8, m/s
         90    -7.07324454561E-003                                                     F               0         Tower Z translation velocity, node 8, m/s
         91    -1.36321305763E-003                                                     F               0         Tower X translation velocity, node 9, m/s
         92    -3.59438173473E-003                                                     F               0         Tower Y translation velocity, node 9, m/s
         93    -7.07860523835E-003                                                     F               0         Tower Z translation velocity, node 9, m/s
         94    -1.49415025953E-003                                                     F               0         Tower X translation velocity, node 10, m/s
         95    -3.98339191452E-003                                                     F               0         Tower Y translation velocity, node 10, m/s
         96    -7.08396546543E-003                                                     F               0         Tower Z translation velocity, node 10, m/s
         97    -1.62508746143E-003                                                     F               0         Tower X translation velocity, node 11, m/s
         98    -4.37240209430E-003                                                     F               0         Tower Y translation velocity, node 11, m/s
         99    -7.08932615817E-003                                                     F               0         Tower Z translation velocity, node 11, m/s
        100     2.55062961578E+001                                                     F               0         Hub X translation displacement, node 1, m
        101    -8.35613059998E+000                                                     F               0         Hub Y translation displacement, node 1, m
        102    -9.33038219810E-002                                                     F               0         Hub Z translation displacement, node 1, m
        103     9.76522326469E-001,   8.75276234001E-003,  -2.15238437057E-001         F               0         Hub X orientation angle, node 1, rad
        104    -3.35736609995E-002,   9.93148267269E-001,  -1.11934654415E-001         F               0         Hub Y orientation angle, node 1, rad
        105     2.12783932686E-001,   1.16533033550E-001,   9.70125257969E-001         F               0         Hub Z orientation angle, node 1, rad
        106     7.73050546646E-001                                                     F               0         Hub X rotation velocity, node 1, rad/s
        107     6.91906223074E-003                                                     F               0         Hub Y rotation velocity, node 1, rad/s
        108    -1.70403391123E-001                                                     F               0         Hub Z rotation velocity, node 1, rad/s
        109     9.71532821655E-001,  -1.31061851978E-001,  -1.97349295020E-001         F               0         Blade root 1 X orientation angle, node 1, rad
        110     1.04148700833E-001,   9.84501302242E-001,  -1.41103520989E-001         F               0         Blade root 1 Y orientation angle, node 1, rad
        111     2.12783932686E-001,   1.16533033550E-001,   9.70125257969E-001         F               0         Blade root 1 Z orientation angle, node 1, rad
        112     9.38521444798E-001,   6.43308088183E-002,  -3.39174121618E-001         F               0         Blade root 2 X orientation angle, node 1, rad
        113     3.36451679468E-001,  -3.90486747026E-001,   8.56924951077E-001         F               0         Blade root 2 Y orientation angle, node 1, rad
        114    -7.73163214326E-002,  -9.18358147144E-001,  -3.88124376535E-001         F               0         Blade root 2 Z orientation angle, node 1, rad
        115     9.90373671055E-001,   9.27281454206E-002,  -1.02769255638E-001         F               0         Blade root 3 X orientation angle, node 1, rad
        116    -2.84351017326E-002,  -5.90320229530E-001,  -8.06668102741E-001         F               0         Blade root 3 Y orientation angle, node 1, rad
        117    -1.35467603803E-001,   8.01825106144E-001,  -5.82000911236E-001         F               0         Blade root 3 Z orientation angle, node 1, rad
        118     2.61060314178E+001                                                     F               0         Blade 1 X translation displacement, node 1, m
        119    -7.71053791046E+000                                                     F               0         Blade 1 Y translation displacement, node 1, m
        120    -2.28468641639E-001                                                     F               0         Blade 1 Z translation displacement, node 1, m
        121     2.62505435944E+001                                                     F               0         Blade 1 X translation displacement, node 2, m
        122    -7.55497741699E+000                                                     F               0         Blade 1 Y translation displacement, node 2, m
        123    -2.61033475399E-001                                                     F               0         Blade 1 Z translation displacement, node 2, m
        124     2.82156410217E+001                                                     F               0         Blade 1 X translation displacement, node 3, m
        125    -5.43962240219E+000                                                     F               0         Blade 1 Y translation displacement, node 3, m
        126    -7.03887999058E-001                                                     F               0         Blade 1 Z translation displacement, node 3, m
        127     2.86343154907E+001                                                     F               0         Blade 1 X translation displacement, node 4, m
        128    -4.98893356323E+000                                                     F               0         Blade 1 Y translation displacement, node 4, m
        129    -7.98249006271E-001                                                     F               0         Blade 1 Z translation displacement, node 4, m
        130     2.90530700684E+001                                                     F               0         Blade 1 X translation displacement, node 5, m
        131    -4.53815889359E+000                                                     F               0         Blade 1 Y translation displacement, node 5, m
        132    -8.92612397671E-001                                                     F               0         Blade 1 Z translation displacement, node 5, m
        133     2.94717483521E+001                                                     F               0         Blade 1 X translation displacement, node 6, m
        134    -4.08746814728E+000                                                     F               0         Blade 1 Y translation displacement, node 6, m
        135    -9.86973643303E-001                                                     F               0         Blade 1 Z translation displacement, node 6, m
        136     2.98904266357E+001                                                     F               0         Blade 1 X translation displacement, node 7, m
        137    -3.63677597046E+000                                                     F               0         Blade 1 Y translation displacement, node 7, m
        138    -1.08132171631E+000                                                     F               0         Blade 1 Z translation displacement, node 7, m
        139     3.03091793060E+001                                                     F               0         Blade 1 X translation displacement, node 8, m
        140    -3.18600296974E+000                                                     F               0         Blade 1 Y translation displacement, node 8, m
        141    -1.17570006847E+000                                                     F               0         Blade 1 Z translation displacement, node 8, m
        142     3.07278575897E+001                                                     F               0         Blade 1 X translation displacement, node 9, m
        143    -2.73531055450E+000                                                     F               0         Blade 1 Y translation displacement, node 9, m
        144    -1.27004635334E+000                                                     F               0         Blade 1 Z translation displacement, node 9, m
        145     3.11465358734E+001                                                     F               0         Blade 1 X translation displacement, node 10, m
        146    -2.28462004662E+000                                                     F               0         Blade 1 Y translation displacement, node 10, m
        147    -1.36440753937E+000                                                     F               0         Blade 1 Z translation displacement, node 10, m
        148     3.15652141571E+001                                                     F               0         Blade 1 X translation displacement, node 11, m
        149    -1.83392739296E+000                                                     F               0         Blade 1 Y translation displacement, node 11, m
        150    -1.45875382423E+000                                                     F               0         Blade 1 Z translation displacement, node 11, m
        151     3.19839668274E+001                                                     F               0         Blade 1 X translation displacement, node 12, m
        152    -1.38315665722E+000                                                     F               0         Blade 1 Y translation displacement, node 12, m
        153    -1.55313205719E+000                                                     F               0         Blade 1 Z translation displacement, node 12, m
        154     3.24026451111E+001                                                     F               0         Blade 1 X translation displacement, node 13, m
        155    -9.32464063168E-001                                                     F               0         Blade 1 Y translation displacement, node 13, m
        156    -1.64747822285E+000                                                     F               0         Blade 1 Z translation displacement, node 13, m
        157     3.28213233948E+001                                                     F               0         Blade 1 X translation displacement, node 14, m
        158    -4.81773555279E-001                                                     F               0         Blade 1 Y translation displacement, node 14, m
        159    -1.74183940887E+000                                                     F               0         Blade 1 Z translation displacement, node 14, m
        160     3.32400779724E+001                                                     F               0         Blade 1 X translation displacement, node 15, m
        161    -3.09994108975E-002                                                     F               0         Blade 1 Y translation displacement, node 15, m
        162    -1.83620786667E+000                                                     F               0         Blade 1 Z translation displacement, node 15, m
        163     3.36587562561E+001                                                     F               0         Blade 1 X translation displacement, node 16, m
        164     4.19691473246E-001                                                     F               0         Blade 1 Y translation displacement, node 16, m
        165    -1.93056666851E+000                                                     F               0         Blade 1 Z translation displacement, node 16, m
        166     3.40774345398E+001                                                     F               0         Blade 1 X translation displacement, node 17, m
        167     8.70384335518E-001                                                     F               0         Blade 1 Y translation displacement, node 17, m
        168    -2.02491044998E+000                                                     F               0         Blade 1 Z translation displacement, node 17, m
        169     3.44961128235E+001                                                     F               0         Blade 1 X translation displacement, node 18, m
        170     1.32107520103E+000                                                     F               0         Blade 1 Y translation displacement, node 18, m
        171    -2.11926913261E+000                                                     F               0         Blade 1 Z translation displacement, node 18, m
        172     3.49148635864E+001                                                     F               0         Blade 1 X translation displacement, node 19, m
        173     1.77184641361E+000                                                     F               0         Blade 1 Y translation displacement, node 19, m
        174    -2.21364450455E+000                                                     F               0         Blade 1 Z translation displacement, node 19, m
        175     3.53335418701E+001                                                     F               0         Blade 1 X translation displacement, node 20, m
        176     2.22253918648E+000                                                     F               0         Blade 1 Y translation displacement, node 20, m
        177    -2.30798816681E+000                                                     F               0         Blade 1 Z translation displacement, node 20, m
        178     3.57522239685E+001                                                     F               0         Blade 1 X translation displacement, node 21, m
        179     2.67323017120E+000                                                     F               0         Blade 1 Y translation displacement, node 21, m
        180    -2.40234708786E+000                                                     F               0         Blade 1 Z translation displacement, node 21, m
        181     3.61709747314E+001                                                     F               0         Blade 1 X translation displacement, node 22, m
        182     3.12400341034E+000                                                     F               0         Blade 1 Y translation displacement, node 22, m
        183    -2.49672269821E+000                                                     F               0         Blade 1 Z translation displacement, node 22, m
        184     3.65896530151E+001                                                     F               0         Blade 1 X translation displacement, node 23, m
        185     3.57469606400E+000                                                     F               0         Blade 1 Y translation displacement, node 23, m
        186    -2.59106636047E+000                                                     F               0         Blade 1 Z translation displacement, node 23, m
        187     3.70083312988E+001                                                     F               0         Blade 1 X translation displacement, node 24, m
        188     4.02538728714E+000                                                     F               0         Blade 1 Y translation displacement, node 24, m
        189    -2.68542504311E+000                                                     F               0         Blade 1 Z translation displacement, node 24, m
        190     3.74270095825E+001                                                     F               0         Blade 1 X translation displacement, node 25, m
        191     4.47607803345E+000                                                     F               0         Blade 1 Y translation displacement, node 25, m
        192    -2.77978372574E+000                                                     F               0         Blade 1 Z translation displacement, node 25, m
        193     3.78457641602E+001                                                     F               0         Blade 1 X translation displacement, node 26, m
        194     4.92685127258E+000                                                     F               0         Blade 1 Y translation displacement, node 26, m
        195    -2.87415981293E+000                                                     F               0         Blade 1 Z translation displacement, node 26, m
        196     3.82644386292E+001                                                     F               0         Blade 1 X translation displacement, node 27, m
        197     5.37754201889E+000                                                     F               0         Blade 1 Y translation displacement, node 27, m
        198    -2.96851825714E+000                                                     F               0         Blade 1 Z translation displacement, node 27, m
        199     3.86193885803E+001                                                     F               0         Blade 1 X translation displacement, node 28, m
        200     5.75963258743E+000                                                     F               0         Blade 1 Y translation displacement, node 28, m
        201    -3.04849123955E+000                                                     F               0         Blade 1 Z translation displacement, node 28, m
        202     8.17146182060E-001,  -5.65585017204E-001,  -1.11291028559E-001         F               0         Blade 1 X orientation angle, node 1, rad
        203     5.35719275475E-001,   8.16415071487E-001,  -2.15571925044E-001         F               0         Blade 1 Y orientation angle, node 1, rad
        204     2.12783932686E-001,   1.16533033550E-001,   9.70125257969E-001         F               0         Blade 1 Z orientation angle, node 1, rad
        205     8.17146182060E-001,  -5.65585017204E-001,  -1.11291028559E-001         F               0         Blade 1 X orientation angle, node 2, rad
        206     5.35719275475E-001,   8.16415071487E-001,  -2.15571925044E-001         F               0         Blade 1 Y orientation angle, node 2, rad
        207     2.12783932686E-001,   1.16533033550E-001,   9.70125257969E-001         F               0         Blade 1 Z orientation angle, node 2, rad
        208     9.20833468437E-001,  -3.55973601341E-001,  -1.59212306142E-001         F               0         Blade 1 X orientation angle, node 3, rad
        209     3.26785504818E-001,   9.27201628685E-001,  -1.83052971959E-001         F               0         Blade 1 Y orientation angle, node 3, rad
        210     2.12783932686E-001,   1.16533033550E-001,   9.70125257969E-001         F               0         Blade 1 Z orientation angle, node 3, rad
        211     9.33810532093E-001,  -3.16505581141E-001,  -1.66799619794E-001         F               0         Blade 1 X orientation angle, node 4, rad
        212     2.87612408400E-001,   9.41405475140E-001,  -1.76167070866E-001         F               0         Blade 1 Y orientation angle, node 4, rad
        213     2.12783932686E-001,   1.16533033550E-001,   9.70125257969E-001         F               0         Blade 1 Z orientation angle, node 4, rad
        214     9.42832946777E-001,  -2.85119116306E-001,  -1.72548756003E-001         F               0         Blade 1 X orientation angle, node 5, rad
        215     2.56493628025E-001,   9.51381683350E-001,  -1.70539945364E-001         F               0         Blade 1 Y orientation angle, node 5, rad
        216     2.12783932686E-001,   1.16533033550E-001,   9.70125257969E-001         F               0         Blade 1 Z orientation angle, node 5, rad
        217     9.49304938316E-001,  -2.59782522917E-001,  -1.77011772990E-001         F               0         Blade 1 X orientation angle, node 6, rad
        218     2.31393873692E-001,   9.58609998226E-001,  -1.65902927518E-001         F               0         Blade 1 Y orientation angle, node 6, rad
        219     2.12783932686E-001,   1.16533033550E-001,   9.70125257969E-001         F               0         Blade 1 Z orientation angle, node 6, rad
        220     9.54126834869E-001,  -2.38808736205E-001,  -1.80588796735E-001         F               0         Blade 1 X orientation angle, node 7, rad
        221     2.10629835725E-001,   9.64048981667E-001,  -1.62001952529E-001         F               0         Blade 1 Y orientation angle, node 7, rad
        222     2.12783932686E-001,   1.16533033550E-001,   9.70125257969E-001         F               0         Blade 1 Z orientation angle, node 7, rad
        223     9.57792699337E-001,  -2.21271499991E-001,  -1.83499455452E-001         F               0         Blade 1 X orientation angle, node 8, rad
        224     1.93277329206E-001,   9.68224644661E-001,  -1.58697500825E-001         F               0         Blade 1 Y orientation angle, node 8, rad
        225     2.12783932686E-001,   1.16533033550E-001,   9.70125257969E-001         F               0         Blade 1 Z orientation angle, node 8, rad
        226     9.60648179054E-001,  -2.06375122070E-001,  -1.85915127397E-001         F               0         Blade 1 X orientation angle, node 9, rad
        227     1.78544461727E-001,   9.71508800983E-001,  -1.55860543251E-001         F               0         Blade 1 Y orientation angle, node 9, rad
        228     2.12783932686E-001,   1.16533026099E-001,   9.70125257969E-001         F               0         Blade 1 Z orientation angle, node 9, rad
        229     9.62931871414E-001,  -1.93470776081E-001,  -1.87966138124E-001         F               0         Blade 1 X orientation angle, node 10, rad
        230     1.65786623955E-001,   9.74160730839E-001,  -1.53380841017E-001         F               0         Blade 1 Y orientation angle, node 10, rad
        231     2.12783932686E-001,   1.16533033550E-001,   9.70125257969E-001         F               0         Blade 1 Z orientation angle, node 10, rad
        232     9.64750647545E-001,  -1.82407051325E-001,  -1.89694046974E-001         F               0         Blade 1 X orientation angle, node 11, rad
        233     1.54852062464E-001,   9.76292848587E-001,  -1.51238605380E-001         F               0         Blade 1 Y orientation angle, node 11, rad
        234     2.12783932686E-001,   1.16533033550E-001,   9.70125257969E-001         F               0         Blade 1 Z orientation angle, node 11, rad
        235     9.66243445873E-001,  -1.72685652971E-001,  -1.91189214587E-001         F               0         Blade 1 X orientation angle, node 12, rad
        236     1.45246863365E-001,   9.78059172630E-001,  -1.49344012141E-001         F               0         Blade 1 Y orientation angle, node 12, rad
        237     2.12783932686E-001,   1.16533033550E-001,   9.70125257969E-001         F               0         Blade 1 Z orientation angle, node 12, rad
        238     9.67474102974E-001,  -1.64144009352E-001,  -1.92485198379E-001         F               0         Blade 1 X orientation angle, node 13, rad
        239     1.36809363961E-001,   9.79528844357E-001,  -1.47669896483E-001         F               0         Blade 1 Y orientation angle, node 13, rad
        240     2.12783932686E-001,   1.16533033550E-001,   9.70125257969E-001         F               0         Blade 1 Z orientation angle, node 13, rad
        241     9.68518793583E-001,  -1.56445831060E-001,  -1.93639039993E-001         F               0         Blade 1 X orientation angle, node 14, rad
        242     1.29206702113E-001,   9.80787813663E-001,  -1.46153584123E-001         F               0         Blade 1 Y orientation angle, node 14, rad
        243     2.12783932686E-001,   1.16533033550E-001,   9.70125257969E-001         F               0         Blade 1 Z orientation angle, node 14, rad
        244     9.69397187233E-001,  -1.49594873190E-001,  -1.94654658437E-001         F               0         Blade 1 X orientation angle, node 15, rad
        245     1.22442074120E-001,   9.81856107712E-001,  -1.44798174500E-001         F               0         Blade 1 Y orientation angle, node 15, rad
        246     2.12783932686E-001,   1.16533026099E-001,   9.70125257969E-001         F               0         Blade 1 Z orientation angle, node 15, rad
        247     9.70147371292E-001,  -1.43422782421E-001,  -1.95560604334E-001         F               0         Blade 1 X orientation angle, node 16, rad
