
Linearized model: Predictions were generated on 31-Jan-2024 at 12:35:17 using OpenFAST, compiled as a 64-bit application using single precision at commit v3.5.1
 linked with  NWTC Subroutine Library; ElastoDyn; InflowWind; AeroDyn; ServoDyn; HydroDyn; MAP++ (<1.20.10>, <Oct-20-2023>)

Description from the FAST input file: CCT-9 Campign 4 model. Input files to be run with OpenFAST 3.5.0. GitHub branch from Lu Wang (https://github.com/luwang00/openfast/tree/dev) compiled on March 7, 2023.

Simulation information:
   Simulation time:                   506.6750 s
   Rotor Speed:                         0.8936 rad/s
   Azimuth:                             0.4288 rad
   Wind Speed:                         10.0000 m/s
   Number of continuous states:         0
   Number of discrete states:           0
   Number of constraint states:         0
   Number of inputs:                 1746
   Number of outputs:                   4
   Jacobians included in this file?    No

Order of inputs:
     Column   Operating Point                     Rotating Frame? Derivative Order Description
   ---------- ---------------                     --------------- ---------------- -----------
          1    8.508E+00                                 F               0         Tower X translation displacement, node 1, m
          2   -1.355E+00                                 F               0         Tower Y translation displacement, node 1, m
          3   -1.058E-01                                 F               0         Tower Z translation displacement, node 1, m
          4    8.745E+00                                 F               0         Tower X translation displacement, node 2, m
          5   -1.887E+00                                 F               0         Tower Y translation displacement, node 2, m
          6   -1.196E-01                                 F               0         Tower Z translation displacement, node 2, m
          7    8.995E+00                                 F               0         Tower X translation displacement, node 3, m
          8   -2.420E+00                                 F               0         Tower Y translation displacement, node 3, m
          9   -1.336E-01                                 F               0         Tower Z translation displacement, node 3, m
         10    9.255E+00                                 F               0         Tower X translation displacement, node 4, m
         11   -2.952E+00                                 F               0         Tower Y translation displacement, node 4, m
         12   -1.478E-01                                 F               0         Tower Z translation displacement, node 4, m
         13    9.522E+00                                 F               0         Tower X translation displacement, node 5, m
         14   -3.485E+00                                 F               0         Tower Y translation displacement, node 5, m
         15   -1.622E-01                                 F               0         Tower Z translation displacement, node 5, m
         16    9.796E+00                                 F               0         Tower X translation displacement, node 6, m
         17   -4.017E+00                                 F               0         Tower Y translation displacement, node 6, m
         18   -1.767E-01                                 F               0         Tower Z translation displacement, node 6, m
         19    1.007E+01                                 F               0         Tower X translation displacement, node 7, m
         20   -4.549E+00                                 F               0         Tower Y translation displacement, node 7, m
         21   -1.913E-01                                 F               0         Tower Z translation displacement, node 7, m
         22    1.035E+01                                 F               0         Tower X translation displacement, node 8, m
         23   -5.082E+00                                 F               0         Tower Y translation displacement, node 8, m
         24   -2.060E-01                                 F               0         Tower Z translation displacement, node 8, m
         25    1.064E+01                                 F               0         Tower X translation displacement, node 9, m
         26   -5.614E+00                                 F               0         Tower Y translation displacement, node 9, m
         27   -2.207E-01                                 F               0         Tower Z translation displacement, node 9, m
         28    1.092E+01                                 F               0         Tower X translation displacement, node 10, m
         29   -6.146E+00                                 F               0         Tower Y translation displacement, node 10, m
         30   -2.354E-01                                 F               0         Tower Z translation displacement, node 10, m
         31    1.121E+01                                 F               0         Tower X translation displacement, node 11, m
         32   -6.679E+00                                 F               0         Tower Y translation displacement, node 11, m
         33   -2.502E-01                                 F               0         Tower Z translation displacement, node 11, m
         34    9.998E-01,  7.495E-03, -1.841E-02         F               0         Tower X orientation angle, node 1, rad
         35   -6.693E-03,  9.990E-01,  4.325E-02         F               0         Tower Y orientation angle, node 1, rad
         36    1.872E-02, -4.312E-02,  9.989E-01         F               0         Tower Z orientation angle, node 1, rad
         37    9.998E-01,  7.539E-03, -1.943E-02         F               0         Tower X orientation angle, node 2, rad
         38   -6.693E-03,  9.990E-01,  4.325E-02         F               0         Tower Y orientation angle, node 2, rad
         39    1.974E-02, -4.311E-02,  9.989E-01         F               0         Tower Z orientation angle, node 2, rad
         40    9.998E-01,  7.577E-03, -2.031E-02         F               0         Tower X orientation angle, node 3, rad
         41   -6.693E-03,  9.990E-01,  4.325E-02         F               0         Tower Y orientation angle, node 3, rad
         42    2.061E-02, -4.310E-02,  9.989E-01         F               0         Tower Z orientation angle, node 3, rad
         43    9.998E-01,  7.608E-03, -2.102E-02         F               0         Tower X orientation angle, node 4, rad
         44   -6.693E-03,  9.990E-01,  4.325E-02         F               0         Tower Y orientation angle, node 4, rad
         45    2.133E-02, -4.310E-02,  9.988E-01         F               0         Tower Z orientation angle, node 4, rad
         46    9.997E-01,  7.632E-03, -2.159E-02         F               0         Tower X orientation angle, node 5, rad
         47   -6.693E-03,  9.990E-01,  4.325E-02         F               0         Tower Y orientation angle, node 5, rad
         48    2.190E-02, -4.309E-02,  9.988E-01         F               0         Tower Z orientation angle, node 5, rad
         49    9.997E-01,  7.651E-03, -2.203E-02         F               0         Tower X orientation angle, node 6, rad
         50   -6.693E-03,  9.990E-01,  4.325E-02         F               0         Tower Y orientation angle, node 6, rad
         51    2.234E-02, -4.309E-02,  9.988E-01         F               0         Tower Z orientation angle, node 6, rad
         52    9.997E-01,  7.664E-03, -2.233E-02         F               0         Tower X orientation angle, node 7, rad
         53   -6.693E-03,  9.990E-01,  4.325E-02         F               0         Tower Y orientation angle, node 7, rad
         54    2.264E-02, -4.309E-02,  9.988E-01         F               0         Tower Z orientation angle, node 7, rad
         55    9.997E-01,  7.673E-03, -2.254E-02         F               0         Tower X orientation angle, node 8, rad
         56   -6.693E-03,  9.990E-01,  4.325E-02         F               0         Tower Y orientation angle, node 8, rad
         57    2.285E-02, -4.308E-02,  9.988E-01         F               0         Tower Z orientation angle, node 8, rad
         58    9.997E-01,  7.679E-03, -2.267E-02         F               0         Tower X orientation angle, node 9, rad
         59   -6.693E-03,  9.990E-01,  4.325E-02         F               0         Tower Y orientation angle, node 9, rad
         60    2.298E-02, -4.308E-02,  9.988E-01         F               0         Tower Z orientation angle, node 9, rad
         61    9.997E-01,  7.682E-03, -2.274E-02         F               0         Tower X orientation angle, node 10, rad
         62   -6.693E-03,  9.990E-01,  4.325E-02         F               0         Tower Y orientation angle, node 10, rad
         63    2.305E-02, -4.308E-02,  9.988E-01         F               0         Tower Z orientation angle, node 10, rad
         64    9.997E-01,  7.683E-03, -2.277E-02         F               0         Tower X orientation angle, node 11, rad
         65   -6.693E-03,  9.990E-01,  4.325E-02         F               0         Tower Y orientation angle, node 11, rad
         66    2.308E-02, -4.308E-02,  9.988E-01         F               0         Tower Z orientation angle, node 11, rad
         67   -2.476E-03                                 F               0         Tower X translation velocity, node 1, m/s
         68   -6.844E-07                                 F               0         Tower Y translation velocity, node 1, m/s
         69   -7.618E-03                                 F               0         Tower Z translation velocity, node 1, m/s
         70   -2.469E-03                                 F               0         Tower X translation velocity, node 2, m/s
         71   -1.095E-06                                 F               0         Tower Y translation velocity, node 2, m/s
         72   -7.618E-03                                 F               0         Tower Z translation velocity, node 2, m/s
         73   -2.441E-03                                 F               0         Tower X translation velocity, node 3, m/s
         74   -1.371E-06                                 F               0         Tower Y translation velocity, node 3, m/s
         75   -7.618E-03                                 F               0         Tower Z translation velocity, node 3, m/s
         76   -2.395E-03                                 F               0         Tower X translation velocity, node 4, m/s
         77   -1.533E-06                                 F               0         Tower Y translation velocity, node 4, m/s
         78   -7.619E-03                                 F               0         Tower Z translation velocity, node 4, m/s
         79   -2.333E-03                                 F               0         Tower X translation velocity, node 5, m/s
         80   -1.590E-06                                 F               0         Tower Y translation velocity, node 5, m/s
         81   -7.621E-03                                 F               0         Tower Z translation velocity, node 5, m/s
         82   -2.258E-03                                 F               0         Tower X translation velocity, node 6, m/s
         83   -1.550E-06                                 F               0         Tower Y translation velocity, node 6, m/s
         84   -7.622E-03                                 F               0         Tower Z translation velocity, node 6, m/s
         85   -2.171E-03                                 F               0         Tower X translation velocity, node 7, m/s
         86   -1.432E-06                                 F               0         Tower Y translation velocity, node 7, m/s
         87   -7.624E-03                                 F               0         Tower Z translation velocity, node 7, m/s
         88   -2.074E-03                                 F               0         Tower X translation velocity, node 8, m/s
         89   -1.239E-06                                 F               0         Tower Y translation velocity, node 8, m/s
         90   -7.626E-03                                 F               0         Tower Z translation velocity, node 8, m/s
         91   -1.969E-03                                 F               0         Tower X translation velocity, node 9, m/s
         92   -9.875E-07                                 F               0         Tower Y translation velocity, node 9, m/s
         93   -7.629E-03                                 F               0         Tower Z translation velocity, node 9, m/s
         94   -1.858E-03                                 F               0         Tower X translation velocity, node 10, m/s
         95   -6.913E-07                                 F               0         Tower Y translation velocity, node 10, m/s
         96   -7.631E-03                                 F               0         Tower Z translation velocity, node 10, m/s
         97   -1.743E-03                                 F               0         Tower X translation velocity, node 11, m/s
         98   -3.670E-07                                 F               0         Tower Y translation velocity, node 11, m/s
         99   -7.634E-03                                 F               0         Tower Z translation velocity, node 11, m/s
        100    1.139E+01                                 F               0         Hub X translation displacement, node 1, m
        101   -7.100E+00                                 F               0         Hub Y translation displacement, node 1, m
        102   -1.369E-02                                 F               0         Hub Z translation displacement, node 1, m
        103    9.918E-01,  1.214E-02, -1.270E-01         F               0         Hub X orientation angle, node 1, rad
        104    4.691E-02,  8.911E-01,  4.514E-01         F               0         Hub Y orientation angle, node 1, rad
        105    1.187E-01, -4.536E-01,  8.832E-01         F               0         Hub Z orientation angle, node 1, rad
        106    8.863E-01                                 F               0         Hub X rotation velocity, node 1, rad/s
        107    1.086E-02                                 F               0         Hub Y rotation velocity, node 1, rad/s
        108   -1.135E-01                                 F               0         Hub Z rotation velocity, node 1, rad/s
        109    9.900E-01, -1.430E-02, -1.404E-01         F               0         Blade root 1 X orientation angle, node 1, rad
        110    7.631E-02,  8.911E-01,  4.474E-01         F               0         Blade root 1 Y orientation angle, node 1, rad
        111    1.187E-01, -4.536E-01,  8.832E-01         F               0         Blade root 1 Z orientation angle, node 1, rad
        112    9.890E-01,  3.701E-02, -1.430E-01         F               0         Blade root 2 X orientation angle, node 1, rad
        113    1.087E-01, -8.377E-01,  5.352E-01         F               0         Blade root 2 Y orientation angle, node 1, rad
        114   -9.997E-02, -5.449E-01, -8.325E-01         F               0         Blade root 2 Z orientation angle, node 1, rad
        115    9.951E-01,  1.370E-02, -9.760E-02         F               0         Blade root 3 X orientation angle, node 1, rad
        116   -9.676E-02, -5.231E-02, -9.939E-01         F               0         Blade root 3 Y orientation angle, node 1, rad
        117   -1.872E-02,  9.985E-01, -5.072E-02         F               0         Blade root 3 Z orientation angle, node 1, rad
        118    1.147E+01                                 F               0         Blade 1 X translation displacement, node 1, m
        119   -9.613E+00                                 F               0         Blade 1 Y translation displacement, node 1, m
        120   -6.302E-01                                 F               0         Blade 1 Z translation displacement, node 1, m
        121    1.149E+01                                 F               0         Blade 1 X translation displacement, node 2, m
        122   -1.022E+01                                 F               0         Blade 1 Y translation displacement, node 2, m
        123   -7.787E-01                                 F               0         Blade 1 Z translation displacement, node 2, m
        124    1.175E+01                                 F               0         Blade 1 X translation displacement, node 3, m
        125   -1.845E+01                                 F               0         Blade 1 Y translation displacement, node 3, m
        126   -2.799E+00                                 F               0         Blade 1 Z translation displacement, node 3, m
        127    1.180E+01                                 F               0         Blade 1 X translation displacement, node 4, m
        128   -2.021E+01                                 F               0         Blade 1 Y translation displacement, node 4, m
        129   -3.229E+00                                 F               0         Blade 1 Z translation displacement, node 4, m
        130    1.186E+01                                 F               0         Blade 1 X translation displacement, node 5, m
        131   -2.196E+01                                 F               0         Blade 1 Y translation displacement, node 5, m
        132   -3.659E+00                                 F               0         Blade 1 Z translation displacement, node 5, m
        133    1.191E+01                                 F               0         Blade 1 X translation displacement, node 6, m
        134   -2.372E+01                                 F               0         Blade 1 Y translation displacement, node 6, m
        135   -4.090E+00                                 F               0         Blade 1 Z translation displacement, node 6, m
        136    1.197E+01                                 F               0         Blade 1 X translation displacement, node 7, m
        137   -2.547E+01                                 F               0         Blade 1 Y translation displacement, node 7, m
        138   -4.520E+00                                 F               0         Blade 1 Z translation displacement, node 7, m
        139    1.202E+01                                 F               0         Blade 1 X translation displacement, node 8, m
        140   -2.723E+01                                 F               0         Blade 1 Y translation displacement, node 8, m
        141   -4.951E+00                                 F               0         Blade 1 Z translation displacement, node 8, m
        142    1.208E+01                                 F               0         Blade 1 X translation displacement, node 9, m
        143   -2.898E+01                                 F               0         Blade 1 Y translation displacement, node 9, m
        144   -5.381E+00                                 F               0         Blade 1 Z translation displacement, node 9, m
        145    1.213E+01                                 F               0         Blade 1 X translation displacement, node 10, m
        146   -3.073E+01                                 F               0         Blade 1 Y translation displacement, node 10, m
        147   -5.811E+00                                 F               0         Blade 1 Z translation displacement, node 10, m
        148    1.218E+01                                 F               0         Blade 1 X translation displacement, node 11, m
        149   -3.249E+01                                 F               0         Blade 1 Y translation displacement, node 11, m
        150   -6.242E+00                                 F               0         Blade 1 Z translation displacement, node 11, m
        151    1.224E+01                                 F               0         Blade 1 X translation displacement, node 12, m
        152   -3.424E+01                                 F               0         Blade 1 Y translation displacement, node 12, m
        153   -6.672E+00                                 F               0         Blade 1 Z translation displacement, node 12, m
        154    1.229E+01                                 F               0         Blade 1 X translation displacement, node 13, m
        155   -3.600E+01                                 F               0         Blade 1 Y translation displacement, node 13, m
        156   -7.102E+00                                 F               0         Blade 1 Z translation displacement, node 13, m
        157    1.235E+01                                 F               0         Blade 1 X translation displacement, node 14, m
        158   -3.775E+01                                 F               0         Blade 1 Y translation displacement, node 14, m
        159   -7.533E+00                                 F               0         Blade 1 Z translation displacement, node 14, m
        160    1.240E+01                                 F               0         Blade 1 X translation displacement, node 15, m
        161   -3.951E+01                                 F               0         Blade 1 Y translation displacement, node 15, m
        162   -7.963E+00                                 F               0         Blade 1 Z translation displacement, node 15, m
        163    1.246E+01                                 F               0         Blade 1 X translation displacement, node 16, m
        164   -4.126E+01                                 F               0         Blade 1 Y translation displacement, node 16, m
        165   -8.394E+00                                 F               0         Blade 1 Z translation displacement, node 16, m
        166    1.251E+01                                 F               0         Blade 1 X translation displacement, node 17, m
        167   -4.302E+01                                 F               0         Blade 1 Y translation displacement, node 17, m
        168   -8.824E+00                                 F               0         Blade 1 Z translation displacement, node 17, m
        169    1.257E+01                                 F               0         Blade 1 X translation displacement, node 18, m
        170   -4.477E+01                                 F               0         Blade 1 Y translation displacement, node 18, m
        171   -9.254E+00                                 F               0         Blade 1 Z translation displacement, node 18, m
        172    1.262E+01                                 F               0         Blade 1 X translation displacement, node 19, m
        173   -4.653E+01                                 F               0         Blade 1 Y translation displacement, node 19, m
        174   -9.685E+00                                 F               0         Blade 1 Z translation displacement, node 19, m
        175    1.268E+01                                 F               0         Blade 1 X translation displacement, node 20, m
        176   -4.828E+01                                 F               0         Blade 1 Y translation displacement, node 20, m
        177   -1.012E+01                                 F               0         Blade 1 Z translation displacement, node 20, m
        178    1.273E+01                                 F               0         Blade 1 X translation displacement, node 21, m
        179   -5.003E+01                                 F               0         Blade 1 Y translation displacement, node 21, m
        180   -1.055E+01                                 F               0         Blade 1 Z translation displacement, node 21, m
        181    1.279E+01                                 F               0         Blade 1 X translation displacement, node 22, m
        182   -5.179E+01                                 F               0         Blade 1 Y translation displacement, node 22, m
        183   -1.098E+01                                 F               0         Blade 1 Z translation displacement, node 22, m
        184    1.284E+01                                 F               0         Blade 1 X translation displacement, node 23, m
        185   -5.354E+01                                 F               0         Blade 1 Y translation displacement, node 23, m
        186   -1.141E+01                                 F               0         Blade 1 Z translation displacement, node 23, m
        187    1.290E+01                                 F               0         Blade 1 X translation displacement, node 24, m
        188   -5.530E+01                                 F               0         Blade 1 Y translation displacement, node 24, m
        189   -1.184E+01                                 F               0         Blade 1 Z translation displacement, node 24, m
        190    1.295E+01                                 F               0         Blade 1 X translation displacement, node 25, m
        191   -5.705E+01                                 F               0         Blade 1 Y translation displacement, node 25, m
        192   -1.227E+01                                 F               0         Blade 1 Z translation displacement, node 25, m
        193    1.301E+01                                 F               0         Blade 1 X translation displacement, node 26, m
        194   -5.881E+01                                 F               0         Blade 1 Y translation displacement, node 26, m
        195   -1.270E+01                                 F               0         Blade 1 Z translation displacement, node 26, m
        196    1.306E+01                                 F               0         Blade 1 X translation displacement, node 27, m
        197   -6.056E+01                                 F               0         Blade 1 Y translation displacement, node 27, m
        198   -1.313E+01                                 F               0         Blade 1 Z translation displacement, node 27, m
        199    1.311E+01                                 F               0         Blade 1 X translation displacement, node 28, m
        200   -6.205E+01                                 F               0         Blade 1 Y translation displacement, node 28, m
        201   -1.349E+01                                 F               0         Blade 1 Z translation displacement, node 28, m
        202    8.463E-01, -4.191E-01, -3.290E-01         F               0         Blade 1 X orientation angle, node 1, rad
        203    5.194E-01,  7.865E-01,  3.342E-01         F               0         Blade 1 Y orientation angle, node 1, rad
        204    1.187E-01, -4.536E-01,  8.832E-01         F               0         Blade 1 Z orientation angle, node 1, rad
        205    8.463E-01, -4.191E-01, -3.290E-01         F               0         Blade 1 X orientation angle, node 2, rad
        206    5.194E-01,  7.865E-01,  3.342E-01         F               0         Blade 1 Y orientation angle, node 2, rad
        207    1.187E-01, -4.536E-01,  8.832E-01         F               0         Blade 1 Z orientation angle, node 2, rad
        208    9.453E-01, -2.207E-01, -2.404E-01         F               0         Blade 1 X orientation angle, node 3, rad
        209    3.040E-01,  8.634E-01,  4.026E-01         F               0         Blade 1 Y orientation angle, node 3, rad
        210    1.187E-01, -4.536E-01,  8.832E-01         F               0         Blade 1 Z orientation angle, node 3, rad
        211    9.572E-01, -1.841E-01, -2.232E-01         F               0         Blade 1 X orientation angle, node 4, rad
        212    2.638E-01,  8.720E-01,  4.124E-01         F               0         Blade 1 Y orientation angle, node 4, rad
        213    1.187E-01, -4.536E-01,  8.832E-01         F               0         Blade 1 Z orientation angle, node 4, rad
        214    9.655E-01, -1.550E-01, -2.094E-01         F               0         Blade 1 X orientation angle, node 5, rad
        215    2.319E-01,  8.776E-01,  4.196E-01         F               0         Blade 1 Y orientation angle, node 5, rad
        216    1.187E-01, -4.536E-01,  8.832E-01         F               0         Blade 1 Z orientation angle, node 5, rad
        217    9.713E-01, -1.317E-01, -1.982E-01         F               0         Blade 1 X orientation angle, node 6, rad
        218    2.062E-01,  8.814E-01,  4.250E-01         F               0         Blade 1 Y orientation angle, node 6, rad
        219    1.187E-01, -4.536E-01,  8.832E-01         F               0         Blade 1 Z orientation angle, node 6, rad
        220    9.755E-01, -1.125E-01, -1.889E-01         F               0         Blade 1 X orientation angle, node 7, rad
        221    1.850E-01,  8.841E-01,  4.292E-01         F               0         Blade 1 Y orientation angle, node 7, rad
        222    1.187E-01, -4.536E-01,  8.832E-01         F               0         Blade 1 Z orientation angle, node 7, rad
        223    9.787E-01, -9.639E-02, -1.810E-01         F               0         Blade 1 X orientation angle, node 8, rad
        224    1.673E-01,  8.860E-01,  4.326E-01         F               0         Blade 1 Y orientation angle, node 8, rad
        225    1.187E-01, -4.536E-01,  8.832E-01         F               0         Blade 1 Z orientation angle, node 8, rad
        226    9.812E-01, -8.277E-02, -1.744E-01         F               0         Blade 1 X orientation angle, node 9, rad
        227    1.522E-01,  8.873E-01,  4.353E-01         F               0         Blade 1 Y orientation angle, node 9, rad
        228    1.187E-01, -4.536E-01,  8.832E-01         F               0         Blade 1 Z orientation angle, node 9, rad
        229    9.831E-01, -7.099E-02, -1.686E-01         F               0         Blade 1 X orientation angle, node 10, rad
        230    1.392E-01,  8.884E-01,  4.376E-01         F               0         Blade 1 Y orientation angle, node 10, rad
        231    1.187E-01, -4.536E-01,  8.832E-01         F               0         Blade 1 Z orientation angle, node 10, rad
        232    9.846E-01, -6.091E-02, -1.636E-01         F               0         Blade 1 X orientation angle, node 11, rad
        233    1.280E-01,  8.891E-01,  4.394E-01         F               0         Blade 1 Y orientation angle, node 11, rad
        234    1.187E-01, -4.536E-01,  8.832E-01         F               0         Blade 1 Z orientation angle, node 11, rad
        235    9.859E-01, -5.206E-02, -1.592E-01         F               0         Blade 1 X orientation angle, node 12, rad
        236    1.182E-01,  8.897E-01,  4.410E-01         F               0         Blade 1 Y orientation angle, node 12, rad
        237    1.187E-01, -4.536E-01,  8.832E-01         F               0         Blade 1 Z orientation angle, node 12, rad
        238    9.869E-01, -4.430E-02, -1.554E-01         F               0         Blade 1 X orientation angle, node 13, rad
        239    1.096E-01,  8.901E-01,  4.424E-01         F               0         Blade 1 Y orientation angle, node 13, rad
        240    1.187E-01, -4.536E-01,  8.832E-01         F               0         Blade 1 Z orientation angle, node 13, rad
        241    9.877E-01, -3.731E-02, -1.519E-01         F               0         Blade 1 X orientation angle, node 14, rad
        242    1.019E-01,  8.904E-01,  4.436E-01         F               0         Blade 1 Y orientation angle, node 14, rad
        243    1.187E-01, -4.536E-01,  8.832E-01         F               0         Blade 1 Z orientation angle, node 14, rad
        244    9.884E-01, -3.109E-02, -1.488E-01         F               0         Blade 1 X orientation angle, node 15, rad
        245    9.496E-02,  8.906E-01,  4.447E-01         F               0         Blade 1 Y orientation angle, node 15, rad
        246    1.187E-01, -4.536E-01,  8.832E-01         F               0         Blade 1 Z orientation angle, node 15, rad
        247    9.890E-01, -2.549E-02, -1.460E-01         F               0         Blade 1 X orientation angle, node 16, rad
        248    8.874E-02,  8.908E-01,  4.456E-01         F               0         Blade 1 Y orientation angle, node 16, rad
        249    1.187E-01, -4.536E-01,  8.832E-01         F               0         Blade 1 Z orientation angle, node 16, rad
        250    9.894E-01, -2.052E-02, -1.435E-01         F               0         Blade 1 X orientation angle, node 17, rad
        251    8.322E-02,  8.909E-01,  4.464E-01         F               0         Blade 1 Y orientation angle, node 17, rad
        252    1.187E-01, -4.536E-01,  8.832E-01         F               0         Blade 1 Z orientation angle, node 17, rad
        253    9.899E-01, -1.585E-02, -1.412E-01         F               0         Blade 1 X orientation angle, node 18, rad
        254    7.804E-02,  8.910E-01,  4.472E-01         F               0         Blade 1 Y orientation angle, node 18, rad
        255    1.187E-01, -4.536E-01,  8.832E-01         F               0         Blade 1 Z orientation angle, node 18, rad
        256    9.902E-01, -1.165E-02, -1.391E-01         F               0         Blade 1 X orientation angle, node 19, rad
        257    7.337E-02,  8.911E-01,  4.478E-01         F               0         Blade 1 Y orientation angle, node 19, rad
        258    1.187E-01, -4.536E-01,  8.832E-01         F               0         Blade 1 Z orientation angle, node 19, rad
        259    9.905E-01, -7.920E-03, -1.372E-01         F               0         Blade 1 X orientation angle, node 20, rad
        260    6.922E-02,  8.912E-01,  4.484E-01         F               0         Blade 1 Y orientation angle, node 20, rad
        261    1.187E-01, -4.536E-01,  8.832E-01         F               0         Blade 1 Z orientation angle, node 20, rad
        262    9.908E-01, -4.343E-03, -1.354E-01         F               0         Blade 1 X orientation angle, node 21, rad
        263    6.525E-02,  8.912E-01,  4.489E-01         F               0         Blade 1 Y orientation angle, node 21, rad
        264    1.187E-01, -4.536E-01,  8.832E-01         F               0         Blade 1 Z orientation angle, node 21, rad
        265    9.910E-01, -1.076E-03, -1.337E-01         F               0         Blade 1 X orientation angle, node 22, rad
        266    6.161E-02,  8.912E-01,  4.494E-01         F               0         Blade 1 Y orientation angle, node 22, rad
        267    1.187E-01, -4.536E-01,  8.832E-01         F               0         Blade 1 Z orientation angle, node 22, rad
        268    9.912E-01,  1.879E-03, -1.322E-01         F               0         Blade 1 X orientation angle, node 23, rad
        269    5.833E-02,  8.912E-01,  4.499E-01         F               0         Blade 1 Y orientation angle, node 23, rad
        270    1.187E-01, -4.536E-01,  8.832E-01         F               0         Blade 1 Z orientation angle, node 23, rad
        271    9.914E-01,  4.679E-03, -1.308E-01         F               0         Blade 1 X orientation angle, node 24, rad
        272    5.521E-02,  8.912E-01,  4.503E-01         F               0         Blade 1 Y orientation angle, node 24, rad
        273    1.187E-01, -4.536E-01,  8.832E-01         F               0         Blade 1 Z orientation angle, node 24, rad
        274    9.916E-01,  7.323E-03, -1.295E-01         F               0         Blade 1 X orientation angle, node 25, rad
        275    5.227E-02,  8.912E-01,  4.507E-01         F               0         Blade 1 Y orientation angle, node 25, rad
        276    1.187E-01, -4.536E-01,  8.832E-01         F               0         Blade 1 Z orientation angle, node 25, rad
        277    9.917E-01,  9.656E-03, -1.283E-01         F               0         Blade 1 X orientation angle, node 26, rad
        278    4.968E-02,  8.911E-01,  4.510E-01         F               0         Blade 1 Y orientation angle, node 26, rad
        279    1.187E-01, -4.536E-01,  8.832E-01         F               0         Blade 1 Z orientation angle, node 26, rad
        280    9.918E-01,  1.199E-02, -1.271E-01         F               0         Blade 1 X orientation angle, node 27, rad
        281    4.708E-02,  8.911E-01,  4.513E-01         F               0         Blade 1 Y orientation angle, node 27, rad
        282    1.187E-01, -4.536E-01,  8.832E-01         F               0         Blade 1 Z orientation angle, node 27, rad
        283    9.919E-01,  1.323E-02, -1.265E-01         F               0         Blade 1 X orientation angle, node 28, rad
        284    4.569E-02,  8.911E-01,  4.515E-01         F               0         Blade 1 Y orientation angle, node 28, rad
        285    1.187E-01, -4.536E-01,  8.832E-01         F               0         Blade 1 Z orientation angle, node 28, rad
        286   -2.338E-01                                 F               0         Blade 1 X translation velocity, node 1, m/s
        287   -4.411E+00                                 F               0         Blade 1 Y translation velocity, node 1, m/s
        288   -2.242E+00                                 F               0         Blade 1 Z translation velocity, node 1, m/s
        289   -2.898E-01                                 F               0         Blade 1 X translation velocity, node 2, m/s
        290   -5.474E+00                                 F               0         Blade 1 Y translation velocity, node 2, m/s
        291   -2.781E+00                                 F               0         Blade 1 Z translation velocity, node 2, m/s
        292   -1.051E+00                                 F               0         Blade 1 X translation velocity, node 3, m/s
        293   -1.993E+01                                 F               0         Blade 1 Y translation velocity, node 3, m/s
        294   -1.010E+01                                 F               0         Blade 1 Z translation velocity, node 3, m/s
        295   -1.213E+00                                 F               0         Blade 1 X translation velocity, node 4, m/s
        296   -2.301E+01                                 F               0         Blade 1 Y translation velocity, node 4, m/s
        297   -1.166E+01                                 F               0         Blade 1 Z translation velocity, node 4, m/s
        298   -1.375E+00                                 F               0         Blade 1 X translation velocity, node 5, m/s
        299   -2.609E+01                                 F               0         Blade 1 Y translation velocity, node 5, m/s
        300   -1.322E+01                                 F               0         Blade 1 Z translation velocity, node 5, m/s
        301   -1.537E+00                                 F               0         Blade 1 X translation velocity, node 6, m/s
        302   -2.917E+01                                 F               0         Blade 1 Y translation velocity, node 6, m/s
        303   -1.478E+01                                 F               0         Blade 1 Z translation velocity, node 6, m/s
        304   -1.699E+00                                 F               0         Blade 1 X translation velocity, node 7, m/s
        305   -3.225E+01                                 F               0         Blade 1 Y translation velocity, node 7, m/s
        306   -1.634E+01                                 F               0         Blade 1 Z translation velocity, node 7, m/s
        307   -1.861E+00                                 F               0         Blade 1 X translation velocity, node 8, m/s
