
Linearized model: Predictions were generated on 31-Jan-2024 at 12:35:17 using OpenFAST, compiled as a 64-bit application using single precision at commit v3.5.1
 linked with  NWTC Subroutine Library; ElastoDyn; InflowWind; AeroDyn; ServoDyn; HydroDyn; MAP++ (<1.20.10>, <Oct-20-2023>)

Description from the FAST input file: CCT-9 Campign 4 model. Input files to be run with OpenFAST 3.5.0. GitHub branch from Lu Wang (https://github.com/luwang00/openfast/tree/dev) compiled on March 7, 2023.

Simulation information:
   Simulation time:                   500.7500 s
   Rotor Speed:                         0.8935 rad/s
   Azimuth:                             1.4164 rad
   Wind Speed:                         10.0000 m/s
   Number of continuous states:         0
   Number of discrete states:           0
   Number of constraint states:         0
   Number of inputs:                 1746
   Number of outputs:                   4
   Jacobians included in this file?    No

Order of inputs:
     Column   Operating Point                     Rotating Frame? Derivative Order Description
   ---------- ---------------                     --------------- ---------------- -----------
          1    8.516E+00                                 F               0         Tower X translation displacement, node 1, m
          2   -1.355E+00                                 F               0         Tower Y translation displacement, node 1, m
          3   -7.066E-02                                 F               0         Tower Z translation displacement, node 1, m
          4    8.752E+00                                 F               0         Tower X translation displacement, node 2, m
          5   -1.887E+00                                 F               0         Tower Y translation displacement, node 2, m
          6   -8.442E-02                                 F               0         Tower Z translation displacement, node 2, m
          7    9.002E+00                                 F               0         Tower X translation displacement, node 3, m
          8   -2.420E+00                                 F               0         Tower Y translation displacement, node 3, m
          9   -9.843E-02                                 F               0         Tower Z translation displacement, node 3, m
         10    9.262E+00                                 F               0         Tower X translation displacement, node 4, m
         11   -2.952E+00                                 F               0         Tower Y translation displacement, node 4, m
         12   -1.126E-01                                 F               0         Tower Z translation displacement, node 4, m
         13    9.530E+00                                 F               0         Tower X translation displacement, node 5, m
         14   -3.485E+00                                 F               0         Tower Y translation displacement, node 5, m
         15   -1.270E-01                                 F               0         Tower Z translation displacement, node 5, m
         16    9.804E+00                                 F               0         Tower X translation displacement, node 6, m
         17   -4.017E+00                                 F               0         Tower Y translation displacement, node 6, m
         18   -1.415E-01                                 F               0         Tower Z translation displacement, node 6, m
         19    1.008E+01                                 F               0         Tower X translation displacement, node 7, m
         20   -4.549E+00                                 F               0         Tower Y translation displacement, node 7, m
         21   -1.561E-01                                 F               0         Tower Z translation displacement, node 7, m
         22    1.036E+01                                 F               0         Tower X translation displacement, node 8, m
         23   -5.082E+00                                 F               0         Tower Y translation displacement, node 8, m
         24   -1.708E-01                                 F               0         Tower Z translation displacement, node 8, m
         25    1.065E+01                                 F               0         Tower X translation displacement, node 9, m
         26   -5.614E+00                                 F               0         Tower Y translation displacement, node 9, m
         27   -1.855E-01                                 F               0         Tower Z translation displacement, node 9, m
         28    1.093E+01                                 F               0         Tower X translation displacement, node 10, m
         29   -6.146E+00                                 F               0         Tower Y translation displacement, node 10, m
         30   -2.003E-01                                 F               0         Tower Z translation displacement, node 10, m
         31    1.122E+01                                 F               0         Tower X translation displacement, node 11, m
         32   -6.679E+00                                 F               0         Tower Y translation displacement, node 11, m
         33   -2.150E-01                                 F               0         Tower Z translation displacement, node 11, m
         34    9.998E-01,  7.485E-03, -1.841E-02         F               0         Tower X orientation angle, node 1, rad
         35   -6.683E-03,  9.990E-01,  4.325E-02         F               0         Tower Y orientation angle, node 1, rad
         36    1.872E-02, -4.312E-02,  9.989E-01         F               0         Tower Z orientation angle, node 1, rad
         37    9.998E-01,  7.529E-03, -1.943E-02         F               0         Tower X orientation angle, node 2, rad
         38   -6.683E-03,  9.990E-01,  4.325E-02         F               0         Tower Y orientation angle, node 2, rad
         39    1.974E-02, -4.311E-02,  9.989E-01         F               0         Tower Z orientation angle, node 2, rad
         40    9.998E-01,  7.566E-03, -2.031E-02         F               0         Tower X orientation angle, node 3, rad
         41   -6.683E-03,  9.990E-01,  4.325E-02         F               0         Tower Y orientation angle, node 3, rad
         42    2.061E-02, -4.310E-02,  9.989E-01         F               0         Tower Z orientation angle, node 3, rad
         43    9.998E-01,  7.597E-03, -2.103E-02         F               0         Tower X orientation angle, node 4, rad
         44   -6.683E-03,  9.990E-01,  4.325E-02         F               0         Tower Y orientation angle, node 4, rad
         45    2.133E-02, -4.310E-02,  9.988E-01         F               0         Tower Z orientation angle, node 4, rad
         46    9.997E-01,  7.622E-03, -2.159E-02         F               0         Tower X orientation angle, node 5, rad
         47   -6.683E-03,  9.990E-01,  4.325E-02         F               0         Tower Y orientation angle, node 5, rad
         48    2.190E-02, -4.309E-02,  9.988E-01         F               0         Tower Z orientation angle, node 5, rad
         49    9.997E-01,  7.641E-03, -2.203E-02         F               0         Tower X orientation angle, node 6, rad
         50   -6.683E-03,  9.990E-01,  4.325E-02         F               0         Tower Y orientation angle, node 6, rad
         51    2.234E-02, -4.309E-02,  9.988E-01         F               0         Tower Z orientation angle, node 6, rad
         52    9.997E-01,  7.654E-03, -2.233E-02         F               0         Tower X orientation angle, node 7, rad
         53   -6.683E-03,  9.990E-01,  4.325E-02         F               0         Tower Y orientation angle, node 7, rad
         54    2.264E-02, -4.309E-02,  9.988E-01         F               0         Tower Z orientation angle, node 7, rad
         55    9.997E-01,  7.663E-03, -2.254E-02         F               0         Tower X orientation angle, node 8, rad
         56   -6.683E-03,  9.990E-01,  4.325E-02         F               0         Tower Y orientation angle, node 8, rad
         57    2.285E-02, -4.308E-02,  9.988E-01         F               0         Tower Z orientation angle, node 8, rad
         58    9.997E-01,  7.668E-03, -2.267E-02         F               0         Tower X orientation angle, node 9, rad
         59   -6.683E-03,  9.990E-01,  4.325E-02         F               0         Tower Y orientation angle, node 9, rad
         60    2.298E-02, -4.308E-02,  9.988E-01         F               0         Tower Z orientation angle, node 9, rad
         61    9.997E-01,  7.671E-03, -2.274E-02         F               0         Tower X orientation angle, node 10, rad
         62   -6.683E-03,  9.990E-01,  4.325E-02         F               0         Tower Y orientation angle, node 10, rad
         63    2.305E-02, -4.308E-02,  9.988E-01         F               0         Tower Z orientation angle, node 10, rad
         64    9.997E-01,  7.673E-03, -2.277E-02         F               0         Tower X orientation angle, node 11, rad
         65   -6.683E-03,  9.990E-01,  4.325E-02         F               0         Tower Y orientation angle, node 11, rad
         66    2.308E-02, -4.308E-02,  9.988E-01         F               0         Tower Z orientation angle, node 11, rad
         67   -7.918E-05                                 F               0         Tower X translation velocity, node 1, m/s
         68   -6.284E-07                                 F               0         Tower Y translation velocity, node 1, m/s
         69   -6.855E-04                                 F               0         Tower Z translation velocity, node 1, m/s
         70   -8.281E-05                                 F               0         Tower X translation velocity, node 2, m/s
         71   -1.081E-06                                 F               0         Tower Y translation velocity, node 2, m/s
         72   -6.855E-04                                 F               0         Tower Z translation velocity, node 2, m/s
         73   -9.305E-05                                 F               0         Tower X translation velocity, node 3, m/s
         74   -1.609E-06                                 F               0         Tower Y translation velocity, node 3, m/s
         75   -6.853E-04                                 F               0         Tower Z translation velocity, node 3, m/s
         76   -1.082E-04                                 F               0         Tower X translation velocity, node 4, m/s
         77   -2.192E-06                                 F               0         Tower Y translation velocity, node 4, m/s
         78   -6.850E-04                                 F               0         Tower Z translation velocity, node 4, m/s
         79   -1.273E-04                                 F               0         Tower X translation velocity, node 5, m/s
         80   -2.820E-06                                 F               0         Tower Y translation velocity, node 5, m/s
         81   -6.846E-04                                 F               0         Tower Z translation velocity, node 5, m/s
         82   -1.494E-04                                 F               0         Tower X translation velocity, node 6, m/s
         83   -3.482E-06                                 F               0         Tower Y translation velocity, node 6, m/s
         84   -6.841E-04                                 F               0         Tower Z translation velocity, node 6, m/s
         85   -1.737E-04                                 F               0         Tower X translation velocity, node 7, m/s
         86   -4.169E-06                                 F               0         Tower Y translation velocity, node 7, m/s
         87   -6.836E-04                                 F               0         Tower Z translation velocity, node 7, m/s
         88   -1.997E-04                                 F               0         Tower X translation velocity, node 8, m/s
         89   -4.875E-06                                 F               0         Tower Y translation velocity, node 8, m/s
         90   -6.831E-04                                 F               0         Tower Z translation velocity, node 8, m/s
         91   -2.268E-04                                 F               0         Tower X translation velocity, node 9, m/s
         92   -5.594E-06                                 F               0         Tower Y translation velocity, node 9, m/s
         93   -6.825E-04                                 F               0         Tower Z translation velocity, node 9, m/s
         94   -2.545E-04                                 F               0         Tower X translation velocity, node 10, m/s
         95   -6.320E-06                                 F               0         Tower Y translation velocity, node 10, m/s
         96   -6.819E-04                                 F               0         Tower Z translation velocity, node 10, m/s
         97   -2.826E-04                                 F               0         Tower X translation velocity, node 11, m/s
         98   -7.050E-06                                 F               0         Tower Y translation velocity, node 11, m/s
         99   -6.813E-04                                 F               0         Tower Z translation velocity, node 11, m/s
        100    1.140E+01                                 F               0         Hub X translation displacement, node 1, m
        101   -7.100E+00                                 F               0         Hub Y translation displacement, node 1, m
        102    2.151E-02                                 F               0         Hub Z translation displacement, node 1, m
        103    9.918E-01,  1.213E-02, -1.270E-01         F               0         Hub X orientation angle, node 1, rad
        104    1.249E-01,  1.120E-01,  9.858E-01         F               0         Hub Y orientation angle, node 1, rad
        105    2.620E-02, -9.936E-01,  1.096E-01         F               0         Hub Z orientation angle, node 1, rad
        106    8.862E-01                                 F               0         Hub X rotation velocity, node 1, rad/s
        107    1.084E-02                                 F               0         Hub Y rotation velocity, node 1, rad/s
        108   -1.135E-01                                 F               0         Hub Z rotation velocity, node 1, rad/s
        109    9.877E-01,  8.805E-03, -1.562E-01         F               0         Blade root 1 X orientation angle, node 1, rad
        110    1.543E-01,  1.124E-01,  9.816E-01         F               0         Blade root 1 Y orientation angle, node 1, rad
        111    2.620E-02, -9.936E-01,  1.096E-01         F               0         Blade root 1 Z orientation angle, node 1, rad
        112    9.926E-01,  3.932E-02, -1.152E-01         F               0         Blade root 2 X orientation angle, node 1, rad
        113   -1.033E-02, -9.158E-01, -4.016E-01         F               0         Blade root 2 Y orientation angle, node 1, rad
        114   -1.213E-01,  3.998E-01, -9.086E-01         F               0         Blade root 2 Z orientation angle, node 1, rad
        115    9.939E-01, -1.174E-02, -1.096E-01         F               0         Blade root 3 X orientation angle, node 1, rad
        116   -5.568E-02,  8.045E-01, -5.913E-01         F               0         Blade root 3 Y orientation angle, node 1, rad
        117    9.508E-02,  5.938E-01,  7.989E-01         F               0         Blade root 3 Z orientation angle, node 1, rad
        118    1.097E+01                                 F               0         Blade 1 X translation displacement, node 1, m
        119   -1.260E+01                                 F               0         Blade 1 Y translation displacement, node 1, m
        120   -4.881E+00                                 F               0         Blade 1 Z translation displacement, node 1, m
        121    1.086E+01                                 F               0         Blade 1 X translation displacement, node 2, m
        122   -1.393E+01                                 F               0         Blade 1 Y translation displacement, node 2, m
        123   -6.062E+00                                 F               0         Blade 1 Z translation displacement, node 2, m
        124    9.439E+00                                 F               0         Blade 1 X translation displacement, node 3, m
        125   -3.197E+01                                 F               0         Blade 1 Y translation displacement, node 3, m
        126   -2.213E+01                                 F               0         Blade 1 Z translation displacement, node 3, m
        127    9.136E+00                                 F               0         Blade 1 X translation displacement, node 4, m
        128   -3.581E+01                                 F               0         Blade 1 Y translation displacement, node 4, m
        129   -2.555E+01                                 F               0         Blade 1 Z translation displacement, node 4, m
        130    8.833E+00                                 F               0         Blade 1 X translation displacement, node 5, m
        131   -3.965E+01                                 F               0         Blade 1 Y translation displacement, node 5, m
        132   -2.897E+01                                 F               0         Blade 1 Z translation displacement, node 5, m
        133    8.530E+00                                 F               0         Blade 1 X translation displacement, node 6, m
        134   -4.350E+01                                 F               0         Blade 1 Y translation displacement, node 6, m
        135   -3.239E+01                                 F               0         Blade 1 Z translation displacement, node 6, m
        136    8.228E+00                                 F               0         Blade 1 X translation displacement, node 7, m
        137   -4.734E+01                                 F               0         Blade 1 Y translation displacement, node 7, m
        138   -3.582E+01                                 F               0         Blade 1 Z translation displacement, node 7, m
        139    7.925E+00                                 F               0         Blade 1 X translation displacement, node 8, m
        140   -5.118E+01                                 F               0         Blade 1 Y translation displacement, node 8, m
        141   -3.924E+01                                 F               0         Blade 1 Z translation displacement, node 8, m
        142    7.622E+00                                 F               0         Blade 1 X translation displacement, node 9, m
        143   -5.503E+01                                 F               0         Blade 1 Y translation displacement, node 9, m
        144   -4.266E+01                                 F               0         Blade 1 Z translation displacement, node 9, m
        145    7.319E+00                                 F               0         Blade 1 X translation displacement, node 10, m
        146   -5.887E+01                                 F               0         Blade 1 Y translation displacement, node 10, m
        147   -4.608E+01                                 F               0         Blade 1 Z translation displacement, node 10, m
        148    7.016E+00                                 F               0         Blade 1 X translation displacement, node 11, m
        149   -6.271E+01                                 F               0         Blade 1 Y translation displacement, node 11, m
        150   -4.951E+01                                 F               0         Blade 1 Z translation displacement, node 11, m
        151    6.713E+00                                 F               0         Blade 1 X translation displacement, node 12, m
        152   -6.656E+01                                 F               0         Blade 1 Y translation displacement, node 12, m
        153   -5.293E+01                                 F               0         Blade 1 Z translation displacement, node 12, m
        154    6.410E+00                                 F               0         Blade 1 X translation displacement, node 13, m
        155   -7.040E+01                                 F               0         Blade 1 Y translation displacement, node 13, m
        156   -5.635E+01                                 F               0         Blade 1 Z translation displacement, node 13, m
        157    6.107E+00                                 F               0         Blade 1 X translation displacement, node 14, m
        158   -7.424E+01                                 F               0         Blade 1 Y translation displacement, node 14, m
        159   -5.977E+01                                 F               0         Blade 1 Z translation displacement, node 14, m
        160    5.804E+00                                 F               0         Blade 1 X translation displacement, node 15, m
        161   -7.808E+01                                 F               0         Blade 1 Y translation displacement, node 15, m
        162   -6.320E+01                                 F               0         Blade 1 Z translation displacement, node 15, m
        163    5.501E+00                                 F               0         Blade 1 X translation displacement, node 16, m
        164   -8.193E+01                                 F               0         Blade 1 Y translation displacement, node 16, m
        165   -6.662E+01                                 F               0         Blade 1 Z translation displacement, node 16, m
        166    5.198E+00                                 F               0         Blade 1 X translation displacement, node 17, m
        167   -8.577E+01                                 F               0         Blade 1 Y translation displacement, node 17, m
        168   -7.004E+01                                 F               0         Blade 1 Z translation displacement, node 17, m
        169    4.895E+00                                 F               0         Blade 1 X translation displacement, node 18, m
        170   -8.961E+01                                 F               0         Blade 1 Y translation displacement, node 18, m
        171   -7.346E+01                                 F               0         Blade 1 Z translation displacement, node 18, m
        172    4.592E+00                                 F               0         Blade 1 X translation displacement, node 19, m
        173   -9.346E+01                                 F               0         Blade 1 Y translation displacement, node 19, m
        174   -7.689E+01                                 F               0         Blade 1 Z translation displacement, node 19, m
        175    4.289E+00                                 F               0         Blade 1 X translation displacement, node 20, m
        176   -9.730E+01                                 F               0         Blade 1 Y translation displacement, node 20, m
        177   -8.031E+01                                 F               0         Blade 1 Z translation displacement, node 20, m
        178    3.986E+00                                 F               0         Blade 1 X translation displacement, node 21, m
        179   -1.011E+02                                 F               0         Blade 1 Y translation displacement, node 21, m
        180   -8.373E+01                                 F               0         Blade 1 Z translation displacement, node 21, m
        181    3.683E+00                                 F               0         Blade 1 X translation displacement, node 22, m
        182   -1.050E+02                                 F               0         Blade 1 Y translation displacement, node 22, m
        183   -8.715E+01                                 F               0         Blade 1 Z translation displacement, node 22, m
        184    3.380E+00                                 F               0         Blade 1 X translation displacement, node 23, m
        185   -1.088E+02                                 F               0         Blade 1 Y translation displacement, node 23, m
        186   -9.058E+01                                 F               0         Blade 1 Z translation displacement, node 23, m
        187    3.077E+00                                 F               0         Blade 1 X translation displacement, node 24, m
        188   -1.127E+02                                 F               0         Blade 1 Y translation displacement, node 24, m
        189   -9.400E+01                                 F               0         Blade 1 Z translation displacement, node 24, m
        190    2.774E+00                                 F               0         Blade 1 X translation displacement, node 25, m
        191   -1.165E+02                                 F               0         Blade 1 Y translation displacement, node 25, m
        192   -9.742E+01                                 F               0         Blade 1 Z translation displacement, node 25, m
        193    2.471E+00                                 F               0         Blade 1 X translation displacement, node 26, m
        194   -1.204E+02                                 F               0         Blade 1 Y translation displacement, node 26, m
        195   -1.008E+02                                 F               0         Blade 1 Z translation displacement, node 26, m
        196    2.168E+00                                 F               0         Blade 1 X translation displacement, node 27, m
        197   -1.242E+02                                 F               0         Blade 1 Y translation displacement, node 27, m
        198   -1.043E+02                                 F               0         Blade 1 Z translation displacement, node 27, m
        199    1.911E+00                                 F               0         Blade 1 X translation displacement, node 28, m
        200   -1.275E+02                                 F               0         Blade 1 Y translation displacement, node 28, m
        201   -1.072E+02                                 F               0         Blade 1 Z translation displacement, node 28, m
        202    8.087E-01, -4.340E-02, -5.867E-01         F               0         Blade 1 X orientation angle, node 1, rad
        203    5.877E-01,  1.040E-01,  8.024E-01         F               0         Blade 1 Y orientation angle, node 1, rad
        204    2.620E-02, -9.936E-01,  1.096E-01         F               0         Blade 1 Z orientation angle, node 1, rad
        205    8.087E-01, -4.340E-02, -5.867E-01         F               0         Blade 1 X orientation angle, node 2, rad
        206    5.877E-01,  1.040E-01,  8.024E-01         F               0         Blade 1 Y orientation angle, node 2, rad
        207    2.620E-02, -9.936E-01,  1.096E-01         F               0         Blade 1 Z orientation angle, node 2, rad
        208    9.249E-01, -1.751E-02, -3.798E-01         F               0         Blade 1 X orientation angle, node 3, rad
        209    3.793E-01,  1.113E-01,  9.186E-01         F               0         Blade 1 Y orientation angle, node 3, rad
        210    2.620E-02, -9.936E-01,  1.096E-01         F               0         Blade 1 Z orientation angle, node 3, rad
        211    9.401E-01, -1.280E-02, -3.407E-01         F               0         Blade 1 X orientation angle, node 4, rad
        212    3.399E-01,  1.120E-01,  9.338E-01         F               0         Blade 1 Y orientation angle, node 4, rad
        213    2.620E-02, -9.936E-01,  1.096E-01         F               0         Blade 1 Z orientation angle, node 4, rad
        214    9.508E-01, -9.076E-03, -3.095E-01         F               0         Blade 1 X orientation angle, node 5, rad
        215    3.085E-01,  1.123E-01,  9.446E-01         F               0         Blade 1 Y orientation angle, node 5, rad
        216    2.620E-02, -9.936E-01,  1.096E-01         F               0         Blade 1 Z orientation angle, node 5, rad
        217    9.587E-01, -6.093E-03, -2.844E-01         F               0         Blade 1 X orientation angle, node 6, rad
        218    2.832E-01,  1.125E-01,  9.524E-01         F               0         Blade 1 Y orientation angle, node 6, rad
        219    2.620E-02, -9.936E-01,  1.096E-01         F               0         Blade 1 Z orientation angle, node 6, rad
        220    9.646E-01, -3.637E-03, -2.635E-01         F               0         Blade 1 X orientation angle, node 7, rad
        221    2.622E-01,  1.126E-01,  9.584E-01         F               0         Blade 1 Y orientation angle, node 7, rad
        222    2.620E-02, -9.936E-01,  1.096E-01         F               0         Blade 1 Z orientation angle, node 7, rad
        223    9.692E-01, -1.592E-03, -2.461E-01         F               0         Blade 1 X orientation angle, node 8, rad
        224    2.447E-01,  1.127E-01,  9.630E-01         F               0         Blade 1 Y orientation angle, node 8, rad
        225    2.620E-02, -9.936E-01,  1.096E-01         F               0         Blade 1 Z orientation angle, node 8, rad
        226    9.729E-01,  1.393E-04, -2.313E-01         F               0         Blade 1 X orientation angle, node 9, rad
        227    2.298E-01,  1.127E-01,  9.667E-01         F               0         Blade 1 Y orientation angle, node 9, rad
        228    2.620E-02, -9.936E-01,  1.096E-01         F               0         Blade 1 Z orientation angle, node 9, rad
        229    9.759E-01,  1.634E-03, -2.184E-01         F               0         Blade 1 X orientation angle, node 10, rad
        230    2.168E-01,  1.127E-01,  9.697E-01         F               0         Blade 1 Y orientation angle, node 10, rad
        231    2.620E-02, -9.936E-01,  1.096E-01         F               0         Blade 1 Z orientation angle, node 10, rad
        232    9.783E-01,  2.912E-03, -2.074E-01         F               0         Blade 1 X orientation angle, node 11, rad
        233    2.058E-01,  1.127E-01,  9.721E-01         F               0         Blade 1 Y orientation angle, node 11, rad
        234    2.620E-02, -9.936E-01,  1.096E-01         F               0         Blade 1 Z orientation angle, node 11, rad
        235    9.803E-01,  4.033E-03, -1.977E-01         F               0         Blade 1 X orientation angle, node 12, rad
        236    1.960E-01,  1.126E-01,  9.741E-01         F               0         Blade 1 Y orientation angle, node 12, rad
        237    2.620E-02, -9.936E-01,  1.096E-01         F               0         Blade 1 Z orientation angle, node 12, rad
        238    9.819E-01,  5.016E-03, -1.892E-01         F               0         Blade 1 X orientation angle, node 13, rad
        239    1.875E-01,  1.126E-01,  9.758E-01         F               0         Blade 1 Y orientation angle, node 13, rad
        240    2.620E-02, -9.936E-01,  1.096E-01         F               0         Blade 1 Z orientation angle, node 13, rad
        241    9.834E-01,  5.900E-03, -1.815E-01         F               0         Blade 1 X orientation angle, node 14, rad
        242    1.797E-01,  1.125E-01,  9.773E-01         F               0         Blade 1 Y orientation angle, node 14, rad
        243    2.620E-02, -9.936E-01,  1.096E-01         F               0         Blade 1 Z orientation angle, node 14, rad
        244    9.846E-01,  6.685E-03, -1.747E-01         F               0         Blade 1 X orientation angle, node 15, rad
        245    1.729E-01,  1.125E-01,  9.785E-01         F               0         Blade 1 Y orientation angle, node 15, rad
        246    2.620E-02, -9.936E-01,  1.096E-01         F               0         Blade 1 Z orientation angle, node 15, rad
        247    9.857E-01,  7.392E-03, -1.686E-01         F               0         Blade 1 X orientation angle, node 16, rad
        248    1.667E-01,  1.125E-01,  9.796E-01         F               0         Blade 1 Y orientation angle, node 16, rad
        249    2.620E-02, -9.936E-01,  1.096E-01         F               0         Blade 1 Z orientation angle, node 16, rad
        250    9.866E-01,  8.020E-03, -1.631E-01         F               0         Blade 1 X orientation angle, node 17, rad
        251    1.612E-01,  1.124E-01,  9.805E-01         F               0         Blade 1 Y orientation angle, node 17, rad
        252    2.620E-02, -9.936E-01,  1.096E-01         F               0         Blade 1 Z orientation angle, node 17, rad
        253    9.874E-01,  8.609E-03, -1.580E-01         F               0         Blade 1 X orientation angle, node 18, rad
        254    1.560E-01,  1.124E-01,  9.813E-01         F               0         Blade 1 Y orientation angle, node 18, rad
        255    2.620E-02, -9.936E-01,  1.096E-01         F               0         Blade 1 Z orientation angle, node 18, rad
        256    9.881E-01,  9.138E-03, -1.533E-01         F               0         Blade 1 X orientation angle, node 19, rad
        257    1.513E-01,  1.123E-01,  9.821E-01         F               0         Blade 1 Y orientation angle, node 19, rad
        258    2.620E-02, -9.936E-01,  1.096E-01         F               0         Blade 1 Z orientation angle, node 19, rad
        259    9.888E-01,  9.609E-03, -1.492E-01         F               0         Blade 1 X orientation angle, node 20, rad
        260    1.472E-01,  1.123E-01,  9.827E-01         F               0         Blade 1 Y orientation angle, node 20, rad
        261    2.620E-02, -9.936E-01,  1.096E-01         F               0         Blade 1 Z orientation angle, node 20, rad
        262    9.893E-01,  1.006E-02, -1.453E-01         F               0         Blade 1 X orientation angle, node 21, rad
        263    1.432E-01,  1.123E-01,  9.833E-01         F               0         Blade 1 Y orientation angle, node 21, rad
        264    2.620E-02, -9.936E-01,  1.096E-01         F               0         Blade 1 Z orientation angle, node 21, rad
        265    9.899E-01,  1.047E-02, -1.417E-01         F               0         Blade 1 X orientation angle, node 22, rad
        266    1.396E-01,  1.122E-01,  9.838E-01         F               0         Blade 1 Y orientation angle, node 22, rad
        267    2.620E-02, -9.936E-01,  1.096E-01         F               0         Blade 1 Z orientation angle, node 22, rad
        268    9.903E-01,  1.084E-02, -1.384E-01         F               0         Blade 1 X orientation angle, node 23, rad
        269    1.363E-01,  1.122E-01,  9.843E-01         F               0         Blade 1 Y orientation angle, node 23, rad
        270    2.620E-02, -9.936E-01,  1.096E-01         F               0         Blade 1 Z orientation angle, node 23, rad
        271    9.907E-01,  1.119E-02, -1.353E-01         F               0         Blade 1 X orientation angle, node 24, rad
        272    1.332E-01,  1.121E-01,  9.847E-01         F               0         Blade 1 Y orientation angle, node 24, rad
        273    2.620E-02, -9.936E-01,  1.096E-01         F               0         Blade 1 Z orientation angle, node 24, rad
        274    9.911E-01,  1.153E-02, -1.324E-01         F               0         Blade 1 X orientation angle, node 25, rad
        275    1.303E-01,  1.121E-01,  9.851E-01         F               0         Blade 1 Y orientation angle, node 25, rad
        276    2.620E-02, -9.936E-01,  1.096E-01         F               0         Blade 1 Z orientation angle, node 25, rad
        277    9.915E-01,  1.182E-02, -1.298E-01         F               0         Blade 1 X orientation angle, node 26, rad
        278    1.277E-01,  1.121E-01,  9.855E-01         F               0         Blade 1 Y orientation angle, node 26, rad
        279    2.620E-02, -9.936E-01,  1.096E-01         F               0         Blade 1 Z orientation angle, node 26, rad
        280    9.918E-01,  1.211E-02, -1.272E-01         F               0         Blade 1 X orientation angle, node 27, rad
        281    1.251E-01,  1.120E-01,  9.858E-01         F               0         Blade 1 Y orientation angle, node 27, rad
        282    2.620E-02, -9.936E-01,  1.096E-01         F               0         Blade 1 Z orientation angle, node 27, rad
        283    9.920E-01,  1.227E-02, -1.258E-01         F               0         Blade 1 X orientation angle, node 28, rad
        284    1.237E-01,  1.120E-01,  9.860E-01         F               0         Blade 1 Y orientation angle, node 28, rad
        285    2.620E-02, -9.936E-01,  1.096E-01         F               0         Blade 1 Z orientation angle, node 28, rad
        286   -6.186E-01                                 F               0         Blade 1 X translation velocity, node 1, m/s
        287   -5.546E-01                                 F               0         Blade 1 Y translation velocity, node 1, m/s
        288   -4.880E+00                                 F               0         Blade 1 Z translation velocity, node 1, m/s
        289   -7.676E-01                                 F               0         Blade 1 X translation velocity, node 2, m/s
        290   -6.882E-01                                 F               0         Blade 1 Y translation velocity, node 2, m/s
        291   -6.056E+00                                 F               0         Blade 1 Z translation velocity, node 2, m/s
        292   -2.794E+00                                 F               0         Blade 1 X translation velocity, node 3, m/s
        293   -2.506E+00                                 F               0         Blade 1 Y translation velocity, node 3, m/s
        294   -2.205E+01                                 F               0         Blade 1 Z translation velocity, node 3, m/s
        295   -3.225E+00                                 F               0         Blade 1 X translation velocity, node 4, m/s
        296   -2.893E+00                                 F               0         Blade 1 Y translation velocity, node 4, m/s
        297   -2.545E+01                                 F               0         Blade 1 Z translation velocity, node 4, m/s
        298   -3.657E+00                                 F               0         Blade 1 X translation velocity, node 5, m/s
        299   -3.280E+00                                 F               0         Blade 1 Y translation velocity, node 5, m/s
        300   -2.886E+01                                 F               0         Blade 1 Z translation velocity, node 5, m/s
        301   -4.089E+00                                 F               0         Blade 1 X translation velocity, node 6, m/s
        302   -3.667E+00                                 F               0         Blade 1 Y translation velocity, node 6, m/s
        303   -3.227E+01                                 F               0         Blade 1 Z translation velocity, node 6, m/s
        304   -4.520E+00                                 F               0         Blade 1 X translation velocity, node 7, m/s
        305   -4.054E+00                                 F               0         Blade 1 Y translation velocity, node 7, m/s
        306   -3.567E+01                                 F               0         Blade 1 Z translation velocity, node 7, m/s
        307   -4.952E+00                                 F               0         Blade 1 X translation velocity, node 8, m/s
