
Linearized model: Predictions were generated on 31-Jan-2024 at 12:35:17 using OpenFAST, compiled as a 64-bit application using single precision at commit v3.5.1
 linked with  NWTC Subroutine Library; ElastoDyn; InflowWind; AeroDyn; ServoDyn; HydroDyn; MAP++ (<1.20.10>, <Oct-20-2023>)

Description from the FAST input file: CCT-9 Campign 4 model. Input files to be run with OpenFAST 3.5.0. GitHub branch from Lu Wang (https://github.com/luwang00/openfast/tree/dev) compiled on March 7, 2023.

Simulation information:
   Simulation time:                   501.2500 s
   Rotor Speed:                         0.8936 rad/s
   Azimuth:                             1.8632 rad
   Wind Speed:                         10.0000 m/s
   Number of continuous states:         0
   Number of discrete states:           0
   Number of constraint states:         0
   Number of inputs:                 1746
   Number of outputs:                   4
   Jacobians included in this file?    No

Order of inputs:
     Column   Operating Point                     Rotating Frame? Derivative Order Description
   ---------- ---------------                     --------------- ---------------- -----------
          1    8.516E+00                                 F               0         Tower X translation displacement, node 1, m
          2   -1.355E+00                                 F               0         Tower Y translation displacement, node 1, m
          3   -7.129E-02                                 F               0         Tower Z translation displacement, node 1, m
          4    8.752E+00                                 F               0         Tower X translation displacement, node 2, m
          5   -1.887E+00                                 F               0         Tower Y translation displacement, node 2, m
          6   -8.505E-02                                 F               0         Tower Z translation displacement, node 2, m
          7    9.002E+00                                 F               0         Tower X translation displacement, node 3, m
          8   -2.420E+00                                 F               0         Tower Y translation displacement, node 3, m
          9   -9.906E-02                                 F               0         Tower Z translation displacement, node 3, m
         10    9.262E+00                                 F               0         Tower X translation displacement, node 4, m
         11   -2.952E+00                                 F               0         Tower Y translation displacement, node 4, m
         12   -1.133E-01                                 F               0         Tower Z translation displacement, node 4, m
         13    9.530E+00                                 F               0         Tower X translation displacement, node 5, m
         14   -3.485E+00                                 F               0         Tower Y translation displacement, node 5, m
         15   -1.276E-01                                 F               0         Tower Z translation displacement, node 5, m
         16    9.803E+00                                 F               0         Tower X translation displacement, node 6, m
         17   -4.017E+00                                 F               0         Tower Y translation displacement, node 6, m
         18   -1.422E-01                                 F               0         Tower Z translation displacement, node 6, m
         19    1.008E+01                                 F               0         Tower X translation displacement, node 7, m
         20   -4.549E+00                                 F               0         Tower Y translation displacement, node 7, m
         21   -1.568E-01                                 F               0         Tower Z translation displacement, node 7, m
         22    1.036E+01                                 F               0         Tower X translation displacement, node 8, m
         23   -5.082E+00                                 F               0         Tower Y translation displacement, node 8, m
         24   -1.714E-01                                 F               0         Tower Z translation displacement, node 8, m
         25    1.065E+01                                 F               0         Tower X translation displacement, node 9, m
         26   -5.614E+00                                 F               0         Tower Y translation displacement, node 9, m
         27   -1.862E-01                                 F               0         Tower Z translation displacement, node 9, m
         28    1.093E+01                                 F               0         Tower X translation displacement, node 10, m
         29   -6.146E+00                                 F               0         Tower Y translation displacement, node 10, m
         30   -2.009E-01                                 F               0         Tower Z translation displacement, node 10, m
         31    1.122E+01                                 F               0         Tower X translation displacement, node 11, m
         32   -6.679E+00                                 F               0         Tower Y translation displacement, node 11, m
         33   -2.157E-01                                 F               0         Tower Z translation displacement, node 11, m
         34    9.998E-01,  7.484E-03, -1.841E-02         F               0         Tower X orientation angle, node 1, rad
         35   -6.682E-03,  9.990E-01,  4.325E-02         F               0         Tower Y orientation angle, node 1, rad
         36    1.872E-02, -4.312E-02,  9.989E-01         F               0         Tower Z orientation angle, node 1, rad
         37    9.998E-01,  7.528E-03, -1.943E-02         F               0         Tower X orientation angle, node 2, rad
         38   -6.682E-03,  9.990E-01,  4.325E-02         F               0         Tower Y orientation angle, node 2, rad
         39    1.974E-02, -4.311E-02,  9.989E-01         F               0         Tower Z orientation angle, node 2, rad
         40    9.998E-01,  7.566E-03, -2.031E-02         F               0         Tower X orientation angle, node 3, rad
         41   -6.682E-03,  9.990E-01,  4.325E-02         F               0         Tower Y orientation angle, node 3, rad
         42    2.061E-02, -4.310E-02,  9.989E-01         F               0         Tower Z orientation angle, node 3, rad
         43    9.998E-01,  7.597E-03, -2.102E-02         F               0         Tower X orientation angle, node 4, rad
         44   -6.682E-03,  9.990E-01,  4.325E-02         F               0         Tower Y orientation angle, node 4, rad
         45    2.133E-02, -4.310E-02,  9.988E-01         F               0         Tower Z orientation angle, node 4, rad
         46    9.997E-01,  7.621E-03, -2.159E-02         F               0         Tower X orientation angle, node 5, rad
         47   -6.682E-03,  9.990E-01,  4.325E-02         F               0         Tower Y orientation angle, node 5, rad
         48    2.190E-02, -4.309E-02,  9.988E-01         F               0         Tower Z orientation angle, node 5, rad
         49    9.997E-01,  7.640E-03, -2.203E-02         F               0         Tower X orientation angle, node 6, rad
         50   -6.682E-03,  9.990E-01,  4.325E-02         F               0         Tower Y orientation angle, node 6, rad
         51    2.234E-02, -4.309E-02,  9.988E-01         F               0         Tower Z orientation angle, node 6, rad
         52    9.997E-01,  7.653E-03, -2.233E-02         F               0         Tower X orientation angle, node 7, rad
         53   -6.682E-03,  9.990E-01,  4.325E-02         F               0         Tower Y orientation angle, node 7, rad
         54    2.264E-02, -4.309E-02,  9.988E-01         F               0         Tower Z orientation angle, node 7, rad
         55    9.997E-01,  7.662E-03, -2.254E-02         F               0         Tower X orientation angle, node 8, rad
         56   -6.682E-03,  9.990E-01,  4.325E-02         F               0         Tower Y orientation angle, node 8, rad
         57    2.285E-02, -4.308E-02,  9.988E-01         F               0         Tower Z orientation angle, node 8, rad
         58    9.997E-01,  7.668E-03, -2.267E-02         F               0         Tower X orientation angle, node 9, rad
         59   -6.682E-03,  9.990E-01,  4.325E-02         F               0         Tower Y orientation angle, node 9, rad
         60    2.298E-02, -4.308E-02,  9.988E-01         F               0         Tower Z orientation angle, node 9, rad
         61    9.997E-01,  7.671E-03, -2.274E-02         F               0         Tower X orientation angle, node 10, rad
         62   -6.682E-03,  9.990E-01,  4.325E-02         F               0         Tower Y orientation angle, node 10, rad
         63    2.305E-02, -4.308E-02,  9.988E-01         F               0         Tower Z orientation angle, node 10, rad
         64    9.997E-01,  7.672E-03, -2.277E-02         F               0         Tower X orientation angle, node 11, rad
         65   -6.682E-03,  9.990E-01,  4.325E-02         F               0         Tower Y orientation angle, node 11, rad
         66    2.308E-02, -4.308E-02,  9.988E-01         F               0         Tower Z orientation angle, node 11, rad
         67   -2.580E-04                                 F               0         Tower X translation velocity, node 1, m/s
         68   -2.967E-07                                 F               0         Tower Y translation velocity, node 1, m/s
         69   -1.827E-03                                 F               0         Tower Z translation velocity, node 1, m/s
         70   -2.615E-04                                 F               0         Tower X translation velocity, node 2, m/s
         71   -5.241E-07                                 F               0         Tower Y translation velocity, node 2, m/s
         72   -1.827E-03                                 F               0         Tower Z translation velocity, node 2, m/s
         73   -2.739E-04                                 F               0         Tower X translation velocity, node 3, m/s
         74   -8.297E-07                                 F               0         Tower Y translation velocity, node 3, m/s
         75   -1.827E-03                                 F               0         Tower Z translation velocity, node 3, m/s
         76   -2.948E-04                                 F               0         Tower X translation velocity, node 4, m/s
         77   -1.209E-06                                 F               0         Tower Y translation velocity, node 4, m/s
         78   -1.826E-03                                 F               0         Tower Z translation velocity, node 4, m/s
         79   -3.246E-04                                 F               0         Tower X translation velocity, node 5, m/s
         80   -1.664E-06                                 F               0         Tower Y translation velocity, node 5, m/s
         81   -1.826E-03                                 F               0         Tower Z translation velocity, node 5, m/s
         82   -3.634E-04                                 F               0         Tower X translation velocity, node 6, m/s
         83   -2.194E-06                                 F               0         Tower Y translation velocity, node 6, m/s
         84   -1.825E-03                                 F               0         Tower Z translation velocity, node 6, m/s
         85   -4.104E-04                                 F               0         Tower X translation velocity, node 7, m/s
         86   -2.789E-06                                 F               0         Tower Y translation velocity, node 7, m/s
         87   -1.824E-03                                 F               0         Tower Z translation velocity, node 7, m/s
         88   -4.655E-04                                 F               0         Tower X translation velocity, node 8, m/s
         89   -3.451E-06                                 F               0         Tower Y translation velocity, node 8, m/s
         90   -1.823E-03                                 F               0         Tower Z translation velocity, node 8, m/s
         91   -5.276E-04                                 F               0         Tower X translation velocity, node 9, m/s
         92   -4.169E-06                                 F               0         Tower Y translation velocity, node 9, m/s
         93   -1.821E-03                                 F               0         Tower Z translation velocity, node 9, m/s
         94   -5.954E-04                                 F               0         Tower X translation velocity, node 10, m/s
         95   -4.931E-06                                 F               0         Tower Y translation velocity, node 10, m/s
         96   -1.820E-03                                 F               0         Tower Z translation velocity, node 10, m/s
         97   -6.669E-04                                 F               0         Tower X translation velocity, node 11, m/s
         98   -5.722E-06                                 F               0         Tower Y translation velocity, node 11, m/s
         99   -1.818E-03                                 F               0         Tower Z translation velocity, node 11, m/s
        100    1.140E+01                                 F               0         Hub X translation displacement, node 1, m
        101   -7.100E+00                                 F               0         Hub Y translation displacement, node 1, m
        102    2.086E-02                                 F               0         Hub Z translation displacement, node 1, m
        103    9.918E-01,  1.213E-02, -1.270E-01         F               0         Hub X orientation angle, node 1, rad
        104    1.240E-01, -3.282E-01,  9.364E-01         F               0         Hub Y orientation angle, node 1, rad
        105   -3.034E-02, -9.445E-01, -3.271E-01         F               0         Hub Z orientation angle, node 1, rad
        106    8.862E-01                                 F               0         Hub X rotation velocity, node 1, rad/s
        107    1.084E-02                                 F               0         Hub Y rotation velocity, node 1, rad/s
        108   -1.135E-01                                 F               0         Hub Z rotation velocity, node 1, rad/s
        109    9.877E-01,  2.187E-02, -1.548E-01         F               0         Blade root 1 X orientation angle, node 1, rad
        110    1.533E-01, -3.277E-01,  9.322E-01         F               0         Blade root 1 Y orientation angle, node 1, rad
        111   -3.034E-02, -9.445E-01, -3.271E-01         F               0         Blade root 1 Z orientation angle, node 1, rad
        112    9.940E-01,  3.153E-02, -1.047E-01         F               0         Blade root 2 X orientation angle, node 1, rad
        113   -5.880E-02, -6.532E-01, -7.549E-01         F               0         Blade root 2 Y orientation angle, node 1, rad
        114   -9.219E-02,  7.565E-01, -6.474E-01         F               0         Blade root 2 Z orientation angle, node 1, rad
        115    9.924E-01, -1.701E-02, -1.215E-01         F               0         Blade root 3 X orientation angle, node 1, rad
        116   -6.268E-03,  9.820E-01, -1.887E-01         F               0         Blade root 3 Y orientation angle, node 1, rad
        117    1.225E-01,  1.880E-01,  9.745E-01         F               0         Blade root 3 Z orientation angle, node 1, rad
        118    1.065E+01                                 F               0         Blade 1 X translation displacement, node 1, m
        119   -1.233E+01                                 F               0         Blade 1 Y translation displacement, node 1, m
        120   -7.301E+00                                 F               0         Blade 1 Z translation displacement, node 1, m
        121    1.047E+01                                 F               0         Blade 1 X translation displacement, node 2, m
        122   -1.359E+01                                 F               0         Blade 1 Y translation displacement, node 2, m
        123   -9.065E+00                                 F               0         Blade 1 Z translation displacement, node 2, m
        124    8.024E+00                                 F               0         Blade 1 X translation displacement, node 3, m
        125   -3.074E+01                                 F               0         Blade 1 Y translation displacement, node 3, m
        126   -3.305E+01                                 F               0         Blade 1 Z translation displacement, node 3, m
        127    7.503E+00                                 F               0         Blade 1 X translation displacement, node 4, m
        128   -3.439E+01                                 F               0         Blade 1 Y translation displacement, node 4, m
        129   -3.817E+01                                 F               0         Blade 1 Z translation displacement, node 4, m
        130    6.981E+00                                 F               0         Blade 1 X translation displacement, node 5, m
        131   -3.804E+01                                 F               0         Blade 1 Y translation displacement, node 5, m
        132   -4.328E+01                                 F               0         Blade 1 Z translation displacement, node 5, m
        133    6.459E+00                                 F               0         Blade 1 X translation displacement, node 6, m
        134   -4.170E+01                                 F               0         Blade 1 Y translation displacement, node 6, m
        135   -4.839E+01                                 F               0         Blade 1 Z translation displacement, node 6, m
        136    5.938E+00                                 F               0         Blade 1 X translation displacement, node 7, m
        137   -4.535E+01                                 F               0         Blade 1 Y translation displacement, node 7, m
        138   -5.350E+01                                 F               0         Blade 1 Z translation displacement, node 7, m
        139    5.416E+00                                 F               0         Blade 1 X translation displacement, node 8, m
        140   -4.900E+01                                 F               0         Blade 1 Y translation displacement, node 8, m
        141   -5.861E+01                                 F               0         Blade 1 Z translation displacement, node 8, m
        142    4.894E+00                                 F               0         Blade 1 X translation displacement, node 9, m
        143   -5.266E+01                                 F               0         Blade 1 Y translation displacement, node 9, m
        144   -6.372E+01                                 F               0         Blade 1 Z translation displacement, node 9, m
        145    4.373E+00                                 F               0         Blade 1 X translation displacement, node 10, m
        146   -5.631E+01                                 F               0         Blade 1 Y translation displacement, node 10, m
        147   -6.884E+01                                 F               0         Blade 1 Z translation displacement, node 10, m
        148    3.851E+00                                 F               0         Blade 1 X translation displacement, node 11, m
        149   -5.996E+01                                 F               0         Blade 1 Y translation displacement, node 11, m
        150   -7.395E+01                                 F               0         Blade 1 Z translation displacement, node 11, m
        151    3.329E+00                                 F               0         Blade 1 X translation displacement, node 12, m
        152   -6.362E+01                                 F               0         Blade 1 Y translation displacement, node 12, m
        153   -7.906E+01                                 F               0         Blade 1 Z translation displacement, node 12, m
        154    2.808E+00                                 F               0         Blade 1 X translation displacement, node 13, m
        155   -6.727E+01                                 F               0         Blade 1 Y translation displacement, node 13, m
        156   -8.417E+01                                 F               0         Blade 1 Z translation displacement, node 13, m
        157    2.286E+00                                 F               0         Blade 1 X translation displacement, node 14, m
        158   -7.092E+01                                 F               0         Blade 1 Y translation displacement, node 14, m
        159   -8.928E+01                                 F               0         Blade 1 Z translation displacement, node 14, m
        160    1.764E+00                                 F               0         Blade 1 X translation displacement, node 15, m
        161   -7.458E+01                                 F               0         Blade 1 Y translation displacement, node 15, m
        162   -9.439E+01                                 F               0         Blade 1 Z translation displacement, node 15, m
        163    1.243E+00                                 F               0         Blade 1 X translation displacement, node 16, m
        164   -7.823E+01                                 F               0         Blade 1 Y translation displacement, node 16, m
        165   -9.950E+01                                 F               0         Blade 1 Z translation displacement, node 16, m
        166    7.212E-01                                 F               0         Blade 1 X translation displacement, node 17, m
        167   -8.188E+01                                 F               0         Blade 1 Y translation displacement, node 17, m
        168   -1.046E+02                                 F               0         Blade 1 Z translation displacement, node 17, m
        169    1.996E-01                                 F               0         Blade 1 X translation displacement, node 18, m
        170   -8.553E+01                                 F               0         Blade 1 Y translation displacement, node 18, m
        171   -1.097E+02                                 F               0         Blade 1 Z translation displacement, node 18, m
        172   -3.221E-01                                 F               0         Blade 1 X translation displacement, node 19, m
        173   -8.919E+01                                 F               0         Blade 1 Y translation displacement, node 19, m
        174   -1.148E+02                                 F               0         Blade 1 Z translation displacement, node 19, m
        175   -8.437E-01                                 F               0         Blade 1 X translation displacement, node 20, m
        176   -9.284E+01                                 F               0         Blade 1 Y translation displacement, node 20, m
        177   -1.200E+02                                 F               0         Blade 1 Z translation displacement, node 20, m
        178   -1.365E+00                                 F               0         Blade 1 X translation displacement, node 21, m
        179   -9.649E+01                                 F               0         Blade 1 Y translation displacement, node 21, m
        180   -1.251E+02                                 F               0         Blade 1 Z translation displacement, node 21, m
        181   -1.887E+00                                 F               0         Blade 1 X translation displacement, node 22, m
        182   -1.001E+02                                 F               0         Blade 1 Y translation displacement, node 22, m
        183   -1.302E+02                                 F               0         Blade 1 Z translation displacement, node 22, m
        184   -2.409E+00                                 F               0         Blade 1 X translation displacement, node 23, m
        185   -1.038E+02                                 F               0         Blade 1 Y translation displacement, node 23, m
        186   -1.353E+02                                 F               0         Blade 1 Z translation displacement, node 23, m
        187   -2.930E+00                                 F               0         Blade 1 X translation displacement, node 24, m
        188   -1.075E+02                                 F               0         Blade 1 Y translation displacement, node 24, m
        189   -1.404E+02                                 F               0         Blade 1 Z translation displacement, node 24, m
        190   -3.452E+00                                 F               0         Blade 1 X translation displacement, node 25, m
        191   -1.111E+02                                 F               0         Blade 1 Y translation displacement, node 25, m
        192   -1.455E+02                                 F               0         Blade 1 Z translation displacement, node 25, m
        193   -3.973E+00                                 F               0         Blade 1 X translation displacement, node 26, m
        194   -1.148E+02                                 F               0         Blade 1 Y translation displacement, node 26, m
        195   -1.506E+02                                 F               0         Blade 1 Z translation displacement, node 26, m
        196   -4.495E+00                                 F               0         Blade 1 X translation displacement, node 27, m
        197   -1.184E+02                                 F               0         Blade 1 Y translation displacement, node 27, m
        198   -1.557E+02                                 F               0         Blade 1 Z translation displacement, node 27, m
        199   -4.937E+00                                 F               0         Blade 1 X translation displacement, node 28, m
        200   -1.215E+02                                 F               0         Blade 1 Y translation displacement, node 28, m
        201   -1.601E+02                                 F               0         Blade 1 Z translation displacement, node 28, m
        202    8.091E-01,  1.689E-01, -5.629E-01         F               0         Blade 1 X orientation angle, node 1, rad
        203    5.869E-01, -2.817E-01,  7.591E-01         F               0         Blade 1 Y orientation angle, node 1, rad
        204   -3.034E-02, -9.445E-01, -3.271E-01         F               0         Blade 1 Z orientation angle, node 1, rad
        205    8.091E-01,  1.689E-01, -5.629E-01         F               0         Blade 1 X orientation angle, node 2, rad
        206    5.869E-01, -2.817E-01,  7.591E-01         F               0         Blade 1 Y orientation angle, node 2, rad
        207   -3.034E-02, -9.445E-01, -3.271E-01         F               0         Blade 1 Z orientation angle, node 2, rad
        208    9.252E-01,  9.733E-02, -3.669E-01         F               0         Blade 1 X orientation angle, node 3, rad
        209    3.784E-01, -3.137E-01,  8.709E-01         F               0         Blade 1 Y orientation angle, node 3, rad
        210   -3.034E-02, -9.445E-01, -3.271E-01         F               0         Blade 1 Z orientation angle, node 3, rad
        211    9.403E-01,  8.400E-02, -3.298E-01         F               0         Blade 1 X orientation angle, node 4, rad
        212    3.390E-01, -3.175E-01,  8.856E-01         F               0         Blade 1 Y orientation angle, node 4, rad
        213   -3.034E-02, -9.445E-01, -3.271E-01         F               0         Blade 1 Z orientation angle, node 4, rad
        214    9.510E-01,  7.343E-02, -3.003E-01         F               0         Blade 1 X orientation angle, node 5, rad
        215    3.076E-01, -3.202E-01,  8.960E-01         F               0         Blade 1 Y orientation angle, node 5, rad
        216   -3.034E-02, -9.445E-01, -3.271E-01         F               0         Blade 1 Z orientation angle, node 5, rad
        217    9.589E-01,  6.491E-02, -2.764E-01         F               0         Blade 1 X orientation angle, node 6, rad
        218    2.823E-01, -3.220E-01,  9.037E-01         F               0         Blade 1 Y orientation angle, node 6, rad
        219   -3.034E-02, -9.445E-01, -3.271E-01         F               0         Blade 1 Z orientation angle, node 6, rad
        220    9.648E-01,  5.787E-02, -2.566E-01         F               0         Blade 1 X orientation angle, node 7, rad
        221    2.613E-01, -3.233E-01,  9.095E-01         F               0         Blade 1 Y orientation angle, node 7, rad
        222   -3.034E-02, -9.445E-01, -3.271E-01         F               0         Blade 1 Z orientation angle, node 7, rad
        223    9.694E-01,  5.199E-02, -2.401E-01         F               0         Blade 1 X orientation angle, node 8, rad
        224    2.437E-01, -3.243E-01,  9.140E-01         F               0         Blade 1 Y orientation angle, node 8, rad
        225   -3.034E-02, -9.445E-01, -3.271E-01         F               0         Blade 1 Z orientation angle, node 8, rad
        226    9.730E-01,  4.700E-02, -2.260E-01         F               0         Blade 1 X orientation angle, node 9, rad
        227    2.288E-01, -3.251E-01,  9.176E-01         F               0         Blade 1 Y orientation angle, node 9, rad
        228   -3.034E-02, -9.445E-01, -3.271E-01         F               0         Blade 1 Z orientation angle, node 9, rad
        229    9.759E-01,  4.269E-02, -2.138E-01         F               0         Blade 1 X orientation angle, node 10, rad
        230    2.159E-01, -3.257E-01,  9.205E-01         F               0         Blade 1 Y orientation angle, node 10, rad
        231   -3.034E-02, -9.445E-01, -3.271E-01         F               0         Blade 1 Z orientation angle, node 10, rad
        232    9.783E-01,  3.899E-02, -2.033E-01         F               0         Blade 1 X orientation angle, node 11, rad
        233    2.048E-01, -3.261E-01,  9.229E-01         F               0         Blade 1 Y orientation angle, node 11, rad
        234   -3.034E-02, -9.445E-01, -3.271E-01         F               0         Blade 1 Z orientation angle, node 11, rad
        235    9.803E-01,  3.574E-02, -1.942E-01         F               0         Blade 1 X orientation angle, node 12, rad
        236    1.951E-01, -3.265E-01,  9.248E-01         F               0         Blade 1 Y orientation angle, node 12, rad
        237   -3.034E-02, -9.445E-01, -3.271E-01         F               0         Blade 1 Z orientation angle, node 12, rad
        238    9.820E-01,  3.289E-02, -1.861E-01         F               0         Blade 1 X orientation angle, node 13, rad
        239    1.865E-01, -3.268E-01,  9.265E-01         F               0         Blade 1 Y orientation angle, node 13, rad
        240   -3.034E-02, -9.445E-01, -3.271E-01         F               0         Blade 1 Z orientation angle, node 13, rad
        241    9.834E-01,  3.032E-02, -1.788E-01         F               0         Blade 1 X orientation angle, node 14, rad
        242    1.788E-01, -3.271E-01,  9.279E-01         F               0         Blade 1 Y orientation angle, node 14, rad
        243   -3.034E-02, -9.445E-01, -3.271E-01         F               0         Blade 1 Z orientation angle, node 14, rad
        244    9.846E-01,  2.804E-02, -1.723E-01         F               0         Blade 1 X orientation angle, node 15, rad
        245    1.719E-01, -3.273E-01,  9.292E-01         F               0         Blade 1 Y orientation angle, node 15, rad
        246   -3.034E-02, -9.445E-01, -3.271E-01         F               0         Blade 1 Z orientation angle, node 15, rad
        247    9.857E-01,  2.598E-02, -1.665E-01         F               0         Blade 1 X orientation angle, node 16, rad
        248    1.657E-01, -3.274E-01,  9.302E-01         F               0         Blade 1 Y orientation angle, node 16, rad
        249   -3.034E-02, -9.445E-01, -3.271E-01         F               0         Blade 1 Z orientation angle, node 16, rad
        250    9.866E-01,  2.415E-02, -1.613E-01         F               0         Blade 1 X orientation angle, node 17, rad
        251    1.602E-01, -3.276E-01,  9.311E-01         F               0         Blade 1 Y orientation angle, node 17, rad
        252   -3.034E-02, -9.445E-01, -3.271E-01         F               0         Blade 1 Z orientation angle, node 17, rad
        253    9.874E-01,  2.244E-02, -1.564E-01         F               0         Blade 1 X orientation angle, node 18, rad
        254    1.551E-01, -3.277E-01,  9.320E-01         F               0         Blade 1 Y orientation angle, node 18, rad
        255   -3.034E-02, -9.445E-01, -3.271E-01         F               0         Blade 1 Z orientation angle, node 18, rad
        256    9.882E-01,  2.089E-02, -1.520E-01         F               0         Blade 1 X orientation angle, node 19, rad
        257    1.504E-01, -3.278E-01,  9.327E-01         F               0         Blade 1 Y orientation angle, node 19, rad
        258   -3.034E-02, -9.445E-01, -3.271E-01         F               0         Blade 1 Z orientation angle, node 19, rad
        259    9.888E-01,  1.952E-02, -1.481E-01         F               0         Blade 1 X orientation angle, node 20, rad
        260    1.463E-01, -3.279E-01,  9.333E-01         F               0         Blade 1 Y orientation angle, node 20, rad
        261   -3.034E-02, -9.445E-01, -3.271E-01         F               0         Blade 1 Z orientation angle, node 20, rad
        262    9.894E-01,  1.820E-02, -1.443E-01         F               0         Blade 1 X orientation angle, node 21, rad
        263    1.423E-01, -3.280E-01,  9.339E-01         F               0         Blade 1 Y orientation angle, node 21, rad
        264   -3.034E-02, -9.445E-01, -3.271E-01         F               0         Blade 1 Z orientation angle, node 21, rad
        265    9.899E-01,  1.700E-02, -1.409E-01         F               0         Blade 1 X orientation angle, node 22, rad
        266    1.387E-01, -3.280E-01,  9.344E-01         F               0         Blade 1 Y orientation angle, node 22, rad
        267   -3.034E-02, -9.445E-01, -3.271E-01         F               0         Blade 1 Z orientation angle, node 22, rad
        268    9.903E-01,  1.591E-02, -1.378E-01         F               0         Blade 1 X orientation angle, node 23, rad
        269    1.354E-01, -3.281E-01,  9.349E-01         F               0         Blade 1 Y orientation angle, node 23, rad
        270   -3.034E-02, -9.445E-01, -3.271E-01         F               0         Blade 1 Z orientation angle, node 23, rad
        271    9.907E-01,  1.488E-02, -1.349E-01         F               0         Blade 1 X orientation angle, node 24, rad
        272    1.323E-01, -3.281E-01,  9.353E-01         F               0         Blade 1 Y orientation angle, node 24, rad
        273   -3.034E-02, -9.445E-01, -3.271E-01         F               0         Blade 1 Z orientation angle, node 24, rad
        274    9.911E-01,  1.391E-02, -1.321E-01         F               0         Blade 1 X orientation angle, node 25, rad
        275    1.293E-01, -3.282E-01,  9.357E-01         F               0         Blade 1 Y orientation angle, node 25, rad
        276   -3.034E-02, -9.445E-01, -3.271E-01         F               0         Blade 1 Z orientation angle, node 25, rad
        277    9.915E-01,  1.305E-02, -1.297E-01         F               0         Blade 1 X orientation angle, node 26, rad
        278    1.267E-01, -3.282E-01,  9.361E-01         F               0         Blade 1 Y orientation angle, node 26, rad
        279   -3.034E-02, -9.445E-01, -3.271E-01         F               0         Blade 1 Z orientation angle, node 26, rad
        280    9.918E-01,  1.219E-02, -1.272E-01         F               0         Blade 1 X orientation angle, node 27, rad
        281    1.241E-01, -3.282E-01,  9.364E-01         F               0         Blade 1 Y orientation angle, node 27, rad
        282   -3.034E-02, -9.445E-01, -3.271E-01         F               0         Blade 1 Z orientation angle, node 27, rad
        283    9.920E-01,  1.173E-02, -1.259E-01         F               0         Blade 1 X orientation angle, node 28, rad
        284    1.228E-01, -3.283E-01,  9.366E-01         F               0         Blade 1 Y orientation angle, node 28, rad
        285   -3.034E-02, -9.445E-01, -3.271E-01         F               0         Blade 1 Z orientation angle, node 28, rad
        286   -6.144E-01                                 F               0         Blade 1 X translation velocity, node 1, m/s
        287    1.625E+00                                 F               0         Blade 1 Y translation velocity, node 1, m/s
        288   -4.637E+00                                 F               0         Blade 1 Z translation velocity, node 1, m/s
        289   -7.622E-01                                 F               0         Blade 1 X translation velocity, node 2, m/s
        290    2.016E+00                                 F               0         Blade 1 Y translation velocity, node 2, m/s
        291   -5.754E+00                                 F               0         Blade 1 Z translation velocity, node 2, m/s
        292   -2.773E+00                                 F               0         Blade 1 X translation velocity, node 3, m/s
        293    7.341E+00                                 F               0         Blade 1 Y translation velocity, node 3, m/s
        294   -2.094E+01                                 F               0         Blade 1 Z translation velocity, node 3, m/s
        295   -3.201E+00                                 F               0         Blade 1 X translation velocity, node 4, m/s
        296    8.475E+00                                 F               0         Blade 1 Y translation velocity, node 4, m/s
        297   -2.418E+01                                 F               0         Blade 1 Z translation velocity, node 4, m/s
        298   -3.630E+00                                 F               0         Blade 1 X translation velocity, node 5, m/s
        299    9.610E+00                                 F               0         Blade 1 Y translation velocity, node 5, m/s
        300   -2.742E+01                                 F               0         Blade 1 Z translation velocity, node 5, m/s
        301   -4.058E+00                                 F               0         Blade 1 X translation velocity, node 6, m/s
        302    1.074E+01                                 F               0         Blade 1 Y translation velocity, node 6, m/s
        303   -3.065E+01                                 F               0         Blade 1 Z translation velocity, node 6, m/s
        304   -4.487E+00                                 F               0         Blade 1 X translation velocity, node 7, m/s
        305    1.188E+01                                 F               0         Blade 1 Y translation velocity, node 7, m/s
        306   -3.389E+01                                 F               0         Blade 1 Z translation velocity, node 7, m/s
        307   -4.915E+00                                 F               0         Blade 1 X translation velocity, node 8, m/s
