
Linearized model: Predictions were generated on 13-Feb-2024 at 11:29:37 using OpenFAST, compiled as a 64-bit application using single precision at commit v3.5.1
 linked with  NWTC Subroutine Library; ElastoDyn; InflowWind; AeroDyn; ServoDyn; HydroDyn; MAP++ (<1.20.10>, <Oct-20-2023>)

Description from the FAST input file: CCT-9 Campign 4 model. Input files to be run with OpenFAST 3.5.0. GitHub branch from Lu Wang (https://github.com/luwang00/openfast/tree/dev) compiled on March 7, 2023.

Simulation information:
   Simulation time:                  1212.6000 s
   Rotor Speed:                         0.7914 rad/s
   Azimuth:                             1.4050 rad
   Wind Speed:                         16.0000 m/s
   Number of continuous states:         0
   Number of discrete states:           0
   Number of constraint states:         0
   Number of inputs:                 1746
   Number of outputs:                   4
   Jacobians included in this file?    No

Order of inputs:
     Column   Operating Point                                                   Rotating Frame? Derivative Order Description
   ---------- ---------------                                                   --------------- ---------------- -----------
          1     1.07026109695E+001                                                     F               0         Tower X translation displacement, node 1, m
          2    -1.55907237530E+000                                                     F               0         Tower Y translation displacement, node 1, m
          3    -2.69328862429E-001                                                     F               0         Tower Z translation displacement, node 1, m
          4     1.20885248184E+001                                                     F               0         Tower X translation displacement, node 2, m
          5    -2.19237399101E+000                                                     F               0         Tower Y translation displacement, node 2, m
          6    -3.63653421402E-001                                                     F               0         Tower Z translation displacement, node 2, m
          7     1.34744396210E+001                                                     F               0         Tower X translation displacement, node 3, m
          8    -2.82567572594E+000                                                     F               0         Tower Y translation displacement, node 3, m
          9    -4.57975894213E-001                                                     F               0         Tower Z translation displacement, node 3, m
         10     1.48603544235E+001                                                     F               0         Tower X translation displacement, node 4, m
         11    -3.45897746086E+000                                                     F               0         Tower Y translation displacement, node 4, m
         12    -5.52298545837E-001                                                     F               0         Tower Z translation displacement, node 4, m
         13     1.62462692261E+001                                                     F               0         Tower X translation displacement, node 5, m
         14    -4.09227943420E+000                                                     F               0         Tower Y translation displacement, node 5, m
         15    -6.46618425846E-001                                                     F               0         Tower Z translation displacement, node 5, m
         16     1.76321830750E+001                                                     F               0         Tower X translation displacement, node 6, m
         17    -4.72558069229E+000                                                     F               0         Tower Y translation displacement, node 6, m
         18    -7.40948855877E-001                                                     F               0         Tower Z translation displacement, node 6, m
         19     1.90180988312E+001                                                     F               0         Tower X translation displacement, node 7, m
         20    -5.35888290405E+000                                                     F               0         Tower Y translation displacement, node 7, m
         21    -8.35265278816E-001                                                     F               0         Tower Z translation displacement, node 7, m
         22     2.04040126801E+001                                                     F               0         Tower X translation displacement, node 8, m
         23    -5.99218368530E+000                                                     F               0         Tower Y translation displacement, node 8, m
         24    -9.29593801498E-001                                                     F               0         Tower Z translation displacement, node 8, m
         25     2.17899284363E+001                                                     F               0         Tower X translation displacement, node 9, m
         26    -6.62548637390E+000                                                     F               0         Tower Y translation displacement, node 9, m
         27    -1.02391326427E+000                                                     F               0         Tower Z translation displacement, node 9, m
         28     2.31758422852E+001                                                     F               0         Tower X translation displacement, node 10, m
         29    -7.25878763199E+000                                                     F               0         Tower Y translation displacement, node 10, m
         30    -1.11823880672E+000                                                     F               0         Tower Z translation displacement, node 10, m
         31     2.45617561340E+001                                                     F               0         Tower X translation displacement, node 11, m
         32    -7.89208936691E+000                                                     F               0         Tower Y translation displacement, node 11, m
         33    -1.21256124973E+000                                                     F               0         Tower Z translation displacement, node 11, m
         34     9.93685722351E-001,   3.41012235731E-003,  -1.12147472799E-001         F               0         Tower X orientation angle, node 1, rad
         35     2.36444990151E-003,   9.98679578304E-001,   5.13176023960E-002         F               0         Tower Y orientation angle, node 1, rad
         36     1.12174391747E-001,  -5.12587353587E-002,   9.92365598679E-001         F               0         Tower Z orientation angle, node 1, rad
         37     9.93685722351E-001,   3.41012235731E-003,  -1.12147472799E-001         F               0         Tower X orientation angle, node 2, rad
         38     2.36444990151E-003,   9.98679578304E-001,   5.13176023960E-002         F               0         Tower Y orientation angle, node 2, rad
         39     1.12174391747E-001,  -5.12587353587E-002,   9.92365598679E-001         F               0         Tower Z orientation angle, node 2, rad
         40     9.93685722351E-001,   3.41012235731E-003,  -1.12147472799E-001         F               0         Tower X orientation angle, node 3, rad
         41     2.36444990151E-003,   9.98679578304E-001,   5.13176023960E-002         F               0         Tower Y orientation angle, node 3, rad
         42     1.12174391747E-001,  -5.12587353587E-002,   9.92365598679E-001         F               0         Tower Z orientation angle, node 3, rad
         43     9.93685722351E-001,   3.41012235731E-003,  -1.12147472799E-001         F               0         Tower X orientation angle, node 4, rad
         44     2.36444990151E-003,   9.98679578304E-001,   5.13176023960E-002         F               0         Tower Y orientation angle, node 4, rad
         45     1.12174391747E-001,  -5.12587353587E-002,   9.92365598679E-001         F               0         Tower Z orientation angle, node 4, rad
         46     9.93685722351E-001,   3.41012235731E-003,  -1.12147472799E-001         F               0         Tower X orientation angle, node 5, rad
         47     2.36444990151E-003,   9.98679578304E-001,   5.13176023960E-002         F               0         Tower Y orientation angle, node 5, rad
         48     1.12174391747E-001,  -5.12587353587E-002,   9.92365598679E-001         F               0         Tower Z orientation angle, node 5, rad
         49     9.93685722351E-001,   3.41012235731E-003,  -1.12147472799E-001         F               0         Tower X orientation angle, node 6, rad
         50     2.36444990151E-003,   9.98679578304E-001,   5.13176023960E-002         F               0         Tower Y orientation angle, node 6, rad
         51     1.12174391747E-001,  -5.12587353587E-002,   9.92365598679E-001         F               0         Tower Z orientation angle, node 6, rad
         52     9.93685722351E-001,   3.41012235731E-003,  -1.12147472799E-001         F               0         Tower X orientation angle, node 7, rad
         53     2.36444990151E-003,   9.98679578304E-001,   5.13176023960E-002         F               0         Tower Y orientation angle, node 7, rad
         54     1.12174391747E-001,  -5.12587353587E-002,   9.92365598679E-001         F               0         Tower Z orientation angle, node 7, rad
         55     9.93685722351E-001,   3.41012235731E-003,  -1.12147472799E-001         F               0         Tower X orientation angle, node 8, rad
         56     2.36444990151E-003,   9.98679578304E-001,   5.13176023960E-002         F               0         Tower Y orientation angle, node 8, rad
         57     1.12174391747E-001,  -5.12587353587E-002,   9.92365598679E-001         F               0         Tower Z orientation angle, node 8, rad
         58     9.93685722351E-001,   3.41012259014E-003,  -1.12147480249E-001         F               0         Tower X orientation angle, node 9, rad
         59     2.36445013434E-003,   9.98679578304E-001,   5.13176061213E-002         F               0         Tower Y orientation angle, node 9, rad
         60     1.12174399197E-001,  -5.12587390840E-002,   9.92365598679E-001         F               0         Tower Z orientation angle, node 9, rad
         61     9.93685722351E-001,   3.41012235731E-003,  -1.12147472799E-001         F               0         Tower X orientation angle, node 10, rad
         62     2.36444990151E-003,   9.98679578304E-001,   5.13176023960E-002         F               0         Tower Y orientation angle, node 10, rad
         63     1.12174391747E-001,  -5.12587353587E-002,   9.92365598679E-001         F               0         Tower Z orientation angle, node 10, rad
         64     9.93685722351E-001,   3.41012235731E-003,  -1.12147472799E-001         F               0         Tower X orientation angle, node 11, rad
         65     2.36444990151E-003,   9.98679578304E-001,   5.13176023960E-002         F               0         Tower Y orientation angle, node 11, rad
         66     1.12174391747E-001,  -5.12587353587E-002,   9.92365598679E-001         F               0         Tower Z orientation angle, node 11, rad
         67    -2.29018958635E-004                                                     F               0         Tower X translation velocity, node 1, m/s
         68     1.61165604368E-003                                                     F               0         Tower Y translation velocity, node 1, m/s
         69    -2.70537042525E-004                                                     F               0         Tower Z translation velocity, node 1, m/s
         70    -3.01916268654E-004                                                     F               0         Tower X translation velocity, node 2, m/s
         71     2.17153574340E-003                                                     F               0         Tower Y translation velocity, node 2, m/s
         72    -2.33377417317E-004                                                     F               0         Tower Z translation velocity, node 2, m/s
         73    -3.74813564122E-004                                                     F               0         Tower X translation velocity, node 3, m/s
         74     2.73141544312E-003                                                     F               0         Tower Y translation velocity, node 3, m/s
         75    -1.96217792109E-004                                                     F               0         Tower Z translation velocity, node 3, m/s
         76    -4.47710830485E-004                                                     F               0         Tower X translation velocity, node 4, m/s
         77     3.29129537567E-003                                                     F               0         Tower Y translation velocity, node 4, m/s
         78    -1.59058152349E-004                                                     F               0         Tower Z translation velocity, node 4, m/s
         79    -5.20608213264E-004                                                     F               0         Tower X translation velocity, node 5, m/s
         80     3.85117554106E-003                                                     F               0         Tower Y translation velocity, node 5, m/s
         81    -1.21898505313E-004                                                     F               0         Tower Z translation velocity, node 5, m/s
         82    -5.93505392317E-004                                                     F               0         Tower X translation velocity, node 6, m/s
         83     4.41105477512E-003                                                     F               0         Tower Y translation velocity, node 6, m/s
         84    -8.47389092087E-005                                                     F               0         Tower Z translation velocity, node 6, m/s
         85    -6.66402862407E-004                                                     F               0         Tower X translation velocity, node 7, m/s
         86     4.97093517333E-003                                                     F               0         Tower Y translation velocity, node 7, m/s
         87    -4.75792476209E-005                                                     F               0         Tower Z translation velocity, node 7, m/s
         88    -7.39300041460E-004                                                     F               0         Tower X translation velocity, node 8, m/s
         89     5.53081417456E-003                                                     F               0         Tower Y translation velocity, node 8, m/s
         90    -1.04196506072E-005                                                     F               0         Tower Z translation velocity, node 8, m/s
         91    -8.12197453342E-004                                                     F               0         Tower X translation velocity, node 9, m/s
         92     6.09069457278E-003                                                     F               0         Tower Y translation velocity, node 9, m/s
         93     2.67400282610E-005                                                     F               0         Tower Z translation velocity, node 9, m/s
         94    -8.85094690602E-004                                                     F               0         Tower X translation velocity, node 10, m/s
         95     6.65057403967E-003                                                     F               0         Tower Y translation velocity, node 10, m/s
         96     6.38996498310E-005                                                     F               0         Tower Z translation velocity, node 10, m/s
         97    -9.57991986070E-004                                                     F               0         Tower X translation velocity, node 11, m/s
         98     7.21045350656E-003                                                     F               0         Tower Y translation velocity, node 11, m/s
         99     1.01059282315E-004                                                     F               0         Tower Z translation velocity, node 11, m/s
        100     2.55105438232E+001                                                     F               0         Hub X translation displacement, node 1, m
        101    -8.33131027222E+000                                                     F               0         Hub Y translation displacement, node 1, m
        102    -6.12378641963E-002                                                     F               0         Hub Z translation displacement, node 1, m
        103     9.76516783237E-001,   8.74943844974E-003,  -2.15263575315E-001         F               0         Hub X orientation angle, node 1, rad
        104     2.12864875793E-001,   1.14879481494E-001,   9.70304727554E-001         F               0         Hub Y orientation angle, node 1, rad
        105     3.32189872861E-002,  -9.93340909481E-001,   1.10319294035E-001         F               0         Hub Z orientation angle, node 1, rad
        106     7.72780716419E-001                                                     F               0         Hub X rotation velocity, node 1, rad/s
        107     6.91822031513E-003                                                     F               0         Hub Y rotation velocity, node 1, rad/s
        108    -1.70357376337E-001                                                     F               0         Hub Z rotation velocity, node 1, rad/s
        109     9.36855614185E-001,  -7.50014092773E-003,  -3.49635958672E-001         F               0         Blade root 1 X orientation angle, node 1, rad
        110     3.48135113716E-001,   1.14967800677E-001,   9.30367827415E-001         F               0         Blade root 1 Y orientation angle, node 1, rad
        111     3.32189872861E-002,  -9.93340909481E-001,   1.10319294035E-001         F               0         Blade root 1 Z orientation angle, node 1, rad
        112     9.77730512619E-001,   1.37774646282E-001,  -1.58307254314E-001         F               0         Blade root 2 X orientation angle, node 1, rad
        113     6.04960359633E-002,  -9.07339334488E-001,  -4.16023492813E-001         F               0         Blade root 2 Y orientation angle, node 1, rad
        114    -2.00955882668E-001,   3.97181898355E-001,  -8.95468175411E-001         F               0         Blade root 2 Z orientation angle, node 1, rad
        115     9.85825479031E-001,  -1.04287266731E-001,  -1.31424143910E-001         F               0         Blade root 3 X orientation angle, node 1, rad
        116     3.53134959005E-003,   7.96064436436E-001,  -6.05201542377E-001         F               0         Blade root 3 Y orientation angle, node 1, rad
        117     1.67736902833E-001,   5.96158981323E-001,   7.85148918629E-001         F               0         Blade root 3 Z orientation angle, node 1, rad
        118     2.51154880524E+001                                                     F               0         Blade 1 X translation displacement, node 1, m
        119    -1.38344192505E+001                                                     F               0         Blade 1 Y translation displacement, node 1, m
        120    -4.95972776413E+000                                                     F               0         Blade 1 Z translation displacement, node 1, m
        121     2.50202980042E+001                                                     F               0         Blade 1 X translation displacement, node 2, m
        122    -1.51604356766E+001                                                     F               0         Blade 1 Y translation displacement, node 2, m
        123    -6.14005279541E+000                                                     F               0         Blade 1 Z translation displacement, node 2, m
        124     2.37258586884E+001                                                     F               0         Blade 1 X translation displacement, node 3, m
        125    -3.31919631958E+001                                                     F               0         Blade 1 Y translation displacement, node 3, m
        126    -2.21904544830E+001                                                     F               0         Blade 1 Z translation displacement, node 3, m
        127     2.34500713348E+001                                                     F               0         Blade 1 X translation displacement, node 4, m
        128    -3.70336875916E+001                                                     F               0         Blade 1 Y translation displacement, node 4, m
        129    -2.56100959778E+001                                                     F               0         Blade 1 Z translation displacement, node 4, m
        130     2.31742305756E+001                                                     F               0         Blade 1 X translation displacement, node 5, m
        131    -4.08761405945E+001                                                     F               0         Blade 1 Y translation displacement, node 5, m
        132    -2.90303726196E+001                                                     F               0         Blade 1 Z translation displacement, node 5, m
        133     2.28984413147E+001                                                     F               0         Blade 1 X translation displacement, node 6, m
        134    -4.47178802490E+001                                                     F               0         Blade 1 Y translation displacement, node 6, m
        135    -3.24500274658E+001                                                     F               0         Blade 1 Z translation displacement, node 6, m
        136     2.26226520538E+001                                                     F               0         Blade 1 X translation displacement, node 7, m
        137    -4.85596313477E+001                                                     F               0         Blade 1 Y translation displacement, node 7, m
        138    -3.58696823120E+001                                                     F               0         Blade 1 Z translation displacement, node 7, m
        139     2.23468132019E+001                                                     F               0         Blade 1 X translation displacement, node 8, m
        140    -5.24020729065E+001                                                     F               0         Blade 1 Y translation displacement, node 8, m
        141    -3.92899589539E+001                                                     F               0         Blade 1 Z translation displacement, node 8, m
        142     2.20710220337E+001                                                     F               0         Blade 1 X translation displacement, node 9, m
        143    -5.62438240051E+001                                                     F               0         Blade 1 Y translation displacement, node 9, m
        144    -4.27096099854E+001                                                     F               0         Blade 1 Z translation displacement, node 9, m
        145     2.17952346802E+001                                                     F               0         Blade 1 X translation displacement, node 10, m
        146    -6.00855636597E+001                                                     F               0         Blade 1 Y translation displacement, node 10, m
        147    -4.61292648315E+001                                                     F               0         Blade 1 Z translation displacement, node 10, m
        148     2.15194435120E+001                                                     F               0         Blade 1 X translation displacement, node 11, m
        149    -6.39273185730E+001                                                     F               0         Blade 1 Y translation displacement, node 11, m
        150    -4.95489196777E+001                                                     F               0         Blade 1 Z translation displacement, node 11, m
        151     2.12436065674E+001                                                     F               0         Blade 1 X translation displacement, node 12, m
        152    -6.77697448730E+001                                                     F               0         Blade 1 Y translation displacement, node 12, m
        153    -5.29691848755E+001                                                     F               0         Blade 1 Z translation displacement, node 12, m
        154     2.09678153992E+001                                                     F               0         Blade 1 X translation displacement, node 13, m
        155    -7.16114959717E+001                                                     F               0         Blade 1 Y translation displacement, node 13, m
        156    -5.63888359070E+001                                                     F               0         Blade 1 Z translation displacement, node 13, m
        157     2.06920280457E+001                                                     F               0         Blade 1 X translation displacement, node 14, m
        158    -7.54532394409E+001                                                     F               0         Blade 1 Y translation displacement, node 14, m
        159    -5.98084907532E+001                                                     F               0         Blade 1 Z translation displacement, node 14, m
        160     2.04161872864E+001                                                     F               0         Blade 1 X translation displacement, node 15, m
        161    -7.92956848145E+001                                                     F               0         Blade 1 Y translation displacement, node 15, m
        162    -6.32287673950E+001                                                     F               0         Blade 1 Z translation displacement, node 15, m
        163     2.01403980255E+001                                                     F               0         Blade 1 X translation displacement, node 16, m
        164    -8.31374282837E+001                                                     F               0         Blade 1 Y translation displacement, node 16, m
        165    -6.66484222412E+001                                                     F               0         Blade 1 Z translation displacement, node 16, m
        166     1.98646087646E+001                                                     F               0         Blade 1 X translation displacement, node 17, m
        167    -8.69791870117E+001                                                     F               0         Blade 1 Y translation displacement, node 17, m
        168    -7.00680770874E+001                                                     F               0         Blade 1 Z translation displacement, node 17, m
        169     1.95888195038E+001                                                     F               0         Blade 1 X translation displacement, node 18, m
        170    -9.08209304810E+001                                                     F               0         Blade 1 Y translation displacement, node 18, m
        171    -7.34877319336E+001                                                     F               0         Blade 1 Z translation displacement, node 18, m
        172     1.93129806519E+001                                                     F               0         Blade 1 X translation displacement, node 19, m
        173    -9.46633529663E+001                                                     F               0         Blade 1 Y translation displacement, node 19, m
        174    -7.69079971313E+001                                                     F               0         Blade 1 Z translation displacement, node 19, m
        175     1.90371894836E+001                                                     F               0         Blade 1 X translation displacement, node 20, m
        176    -9.85051040649E+001                                                     F               0         Blade 1 Y translation displacement, node 20, m
        177    -8.03276443481E+001                                                     F               0         Blade 1 Z translation displacement, node 20, m
        178     1.87614021301E+001                                                     F               0         Blade 1 X translation displacement, node 21, m
        179    -1.02346855164E+002                                                     F               0         Blade 1 Y translation displacement, node 21, m
        180    -8.37472991943E+001                                                     F               0         Blade 1 Z translation displacement, node 21, m
        181     1.84855613708E+001                                                     F               0         Blade 1 X translation displacement, node 22, m
        182    -1.06189292908E+002                                                     F               0         Blade 1 Y translation displacement, node 22, m
        183    -8.71675796509E+001                                                     F               0         Blade 1 Z translation displacement, node 22, m
        184     1.82097721100E+001                                                     F               0         Blade 1 X translation displacement, node 23, m
        185    -1.10031044006E+002                                                     F               0         Blade 1 Y translation displacement, node 23, m
        186    -9.05872268677E+001                                                     F               0         Blade 1 Z translation displacement, node 23, m
        187     1.79339828491E+001                                                     F               0         Blade 1 X translation displacement, node 24, m
        188    -1.13872787476E+002                                                     F               0         Blade 1 Y translation displacement, node 24, m
        189    -9.40068817139E+001                                                     F               0         Blade 1 Z translation displacement, node 24, m
        190     1.76581935883E+001                                                     F               0         Blade 1 X translation displacement, node 25, m
        191    -1.17714530945E+002                                                     F               0         Blade 1 Y translation displacement, node 25, m
        192    -9.74265365601E+001                                                     F               0         Blade 1 Z translation displacement, node 25, m
        193     1.73823547363E+001                                                     F               0         Blade 1 X translation displacement, node 26, m
        194    -1.21556976318E+002                                                     F               0         Blade 1 Y translation displacement, node 26, m
        195    -1.00846817017E+002                                                     F               0         Blade 1 Z translation displacement, node 26, m
        196     1.71065654755E+001                                                     F               0         Blade 1 X translation displacement, node 27, m
        197    -1.25398712158E+002                                                     F               0         Blade 1 Y translation displacement, node 27, m
        198    -1.04266471863E+002                                                     F               0         Blade 1 Z translation displacement, node 27, m
        199     1.68727550507E+001                                                     F               0         Blade 1 X translation displacement, node 28, m
        200    -1.28655700684E+002                                                     F               0         Blade 1 Y translation displacement, node 28, m
        201    -1.07165588379E+002                                                     F               0         Blade 1 Z translation displacement, node 28, m
        202     6.75023853779E-001,  -5.91015070677E-002,  -7.35424935818E-001         F               0         Blade 1 X orientation angle, node 1, rad
        203     7.37047672272E-001,   9.88982245326E-002,   6.68565511703E-001         F               0         Blade 1 Y orientation angle, node 1, rad
        204     3.32189872861E-002,  -9.93340909481E-001,   1.10319294035E-001         F               0         Blade 1 Z orientation angle, node 1, rad
        205     6.75023853779E-001,  -5.91015070677E-002,  -7.35424935818E-001         F               0         Blade 1 X orientation angle, node 2, rad
        206     7.37047672272E-001,   9.88982245326E-002,   6.68565511703E-001         F               0         Blade 1 Y orientation angle, node 2, rad
        207     3.32189872861E-002,  -9.93340909481E-001,   1.10319294035E-001         F               0         Blade 1 Z orientation angle, node 2, rad
        208     8.30476880074E-001,  -3.39779332280E-002,  -5.56015849113E-001         F               0         Blade 1 X orientation angle, node 3, rad
        209     5.56061685085E-001,   1.10087908804E-001,   8.23817968369E-001         F               0         Blade 1 Y orientation angle, node 3, rad
        210     3.32189872861E-002,  -9.93340909481E-001,   1.10319294035E-001         F               0         Blade 1 Z orientation angle, node 3, rad
        211     8.53215634823E-001,  -2.92992331088E-002,  -5.20734727383E-001         F               0         Blade 1 X orientation angle, node 4, rad
        212     5.20499348640E-001,   1.11424423754E-001,   8.46560657024E-001         F               0         Blade 1 Y orientation angle, node 4, rad
        213     3.32189872861E-002,  -9.93340909481E-001,   1.10319294035E-001         F               0         Blade 1 Z orientation angle, node 4, rad
        214     8.70003759861E-001,  -2.55888290703E-002,  -4.92380559444E-001         F               0         Blade 1 X orientation angle, node 5, rad
        215     4.91924703121E-001,   1.12334586680E-001,   8.63360285759E-001         F               0         Blade 1 Y orientation angle, node 5, rad
        216     3.32189872861E-002,  -9.93340909481E-001,   1.10319294035E-001         F               0         Blade 1 Z orientation angle, node 5, rad
        217     8.82746398449E-001,  -2.26000472903E-002,  -4.69305902719E-001         F               0         Blade 1 X orientation angle, node 6, rad
        218     4.68673974276E-001,   1.12973824143E-001,   8.76117348671E-001         F               0         Blade 1 Y orientation angle, node 6, rad
        219     3.32189872861E-002,  -9.93340909481E-001,   1.10319294035E-001         F               0         Blade 1 Z orientation angle, node 6, rad
        220     8.92760396004E-001,  -2.01301593333E-002,  -4.50081825256E-001         F               0         Blade 1 X orientation angle, node 7, rad
        221     4.49305444956E-001,   1.13439954817E-001,   8.86146724224E-001         F               0         Blade 1 Y orientation angle, node 7, rad
        222     3.32189872861E-002,  -9.93340909481E-001,   1.10319294035E-001         F               0         Blade 1 Z orientation angle, node 7, rad
        223     9.00768399239E-001,  -1.80678591132E-002,  -4.33923751116E-001         F               0         Blade 1 X orientation angle, node 8, rad
        224     4.33027446270E-001,   1.13786645234E-001,   8.94169926643E-001         F               0         Blade 1 Y orientation angle, node 8, rad
        225     3.32189872861E-002,  -9.93340909481E-001,   1.10319294035E-001         F               0         Blade 1 Z orientation angle, node 8, rad
        226     9.07312750816E-001,  -1.63181684911E-002,  -4.20139640570E-001         F               0         Blade 1 X orientation angle, node 9, rad
        227     4.19142097235E-001,   1.14050753415E-001,   9.00728762150E-001         F               0         Blade 1 Y orientation angle, node 9, rad
        228     3.32189984620E-002,  -9.93340909481E-001,   1.10319338739E-001         F               0         Blade 1 Z orientation angle, node 9, rad
        229     9.12792444229E-001,  -1.48039432243E-002,  -4.08155322075E-001         F               0         Blade 1 X orientation angle, node 10, rad
        230     4.07070517540E-001,   1.14257127047E-001,   9.06222343445E-001         F               0         Blade 1 Y orientation angle, node 10, rad
        231     3.32189872861E-002,  -9.93340909481E-001,   1.10319294035E-001         F               0         Blade 1 Z orientation angle, node 10, rad
        232     9.17351722717E-001,  -1.35068148375E-002,  -3.97848486900E-001         F               0         Blade 1 X orientation angle, node 11, rad
        233     3.96689236164E-001,   1.14417724311E-001,   9.10794258118E-001         F               0         Blade 1 Y orientation angle, node 11, rad
        234     3.32189910114E-002,  -9.93340909481E-001,   1.10319301486E-001         F               0         Blade 1 Z orientation angle, node 11, rad
        235     9.21252667904E-001,  -1.23678920791E-002,  -3.88768047094E-001         F               0         Blade 1 X orientation angle, node 12, rad
        236     3.87543618679E-001,   1.14546418190E-001,   9.14707064629E-001         F               0         Blade 1 Y orientation angle, node 12, rad
        237     3.32189872861E-002,  -9.93340909481E-001,   1.10319294035E-001         F               0         Blade 1 Z orientation angle, node 12, rad
        238     9.24599468708E-001,  -1.13678276539E-002,  -3.80771011114E-001         F               0         Blade 1 X orientation angle, node 13, rad
        239     3.79489511251E-001,   1.14649988711E-001,   9.18064892292E-001         F               0         Blade 1 Y orientation angle, node 13, rad
        240     3.32189872861E-002,  -9.93340909481E-001,   1.10319294035E-001         F               0         Blade 1 Z orientation angle, node 13, rad
        241     9.27551448345E-001,  -1.04670254514E-002,  -3.73548865318E-001         F               0         Blade 1 X orientation angle, node 14, rad
        242     3.72216105461E-001,   1.14735729992E-001,   9.21027064323E-001         F               0         Blade 1 Y orientation angle, node 14, rad
        243     3.32189872861E-002,  -9.93340909481E-001,   1.10319286585E-001         F               0         Blade 1 Z orientation angle, node 14, rad
        244     9.30127382278E-001,  -9.66578070074E-003,  -3.67109835148E-001         F               0         Blade 1 X orientation angle, node 15, rad
        245     3.65731537342E-001,   1.14806056023E-001,   9.23612475395E-001         F               0         Blade 1 Y orientation angle, node 15, rad
        246     3.32189947367E-002,  -9.93340909481E-001,   1.10319338739E-001         F               0         Blade 1 Z orientation angle, node 15, rad
        247     9.32406961918E-001,  -8.94423853606E-003,  -3.61299395561E-001         F               0         Blade 1 X orientation angle, node 16, rad
