
Linearized model: Predictions were generated on 13-Feb-2024 at 11:29:37 using OpenFAST, compiled as a 64-bit application using single precision at commit v3.5.1
 linked with  NWTC Subroutine Library; ElastoDyn; InflowWind; AeroDyn; ServoDyn; HydroDyn; MAP++ (<1.20.10>, <Oct-20-2023>)

Description from the FAST input file: CCT-9 Campign 4 model. Input files to be run with OpenFAST 3.5.0. GitHub branch from Lu Wang (https://github.com/luwang00/openfast/tree/dev) compiled on March 7, 2023.

Simulation information:
   Simulation time:                  1217.4500 s
   Rotor Speed:                         0.7916 rad/s
   Azimuth:                             5.2449 rad
   Wind Speed:                         16.0000 m/s
   Number of continuous states:         0
   Number of discrete states:           0
   Number of constraint states:         0
   Number of inputs:                 1746
   Number of outputs:                   4
   Jacobians included in this file?    No

Order of inputs:
     Column   Operating Point                                                   Rotating Frame? Derivative Order Description
   ---------- ---------------                                                   --------------- ---------------- -----------
          1     1.07025375366E+001                                                     F               0         Tower X translation displacement, node 1, m
          2    -1.56179809570E+000                                                     F               0         Tower Y translation displacement, node 1, m
          3    -2.92260289192E-001                                                     F               0         Tower Z translation displacement, node 1, m
          4     1.20884199142E+001                                                     F               0         Tower X translation displacement, node 2, m
          5    -2.19663286209E+000                                                     F               0         Tower Y translation displacement, node 2, m
          6    -3.86660486460E-001                                                     F               0         Tower Z translation displacement, node 2, m
          7     1.34743022919E+001                                                     F               0         Tower X translation displacement, node 3, m
          8    -2.83146762848E+000                                                     F               0         Tower Y translation displacement, node 3, m
          9    -4.81058627367E-001                                                     F               0         Tower Z translation displacement, node 3, m
         10     1.48601846695E+001                                                     F               0         Tower X translation displacement, node 4, m
         11    -3.46630239487E+000                                                     F               0         Tower Y translation displacement, node 4, m
         12    -5.75456917286E-001                                                     F               0         Tower Z translation displacement, node 4, m
         13     1.62460670471E+001                                                     F               0         Tower X translation displacement, node 5, m
         14    -4.10113763809E+000                                                     F               0         Tower Y translation displacement, node 5, m
         15    -6.69852435589E-001                                                     F               0         Tower Z translation displacement, node 5, m
         16     1.76319484711E+001                                                     F               0         Tower X translation displacement, node 6, m
         17    -4.73597192764E+000                                                     F               0         Tower Y translation displacement, node 6, m
         18    -7.64258503914E-001                                                     F               0         Tower Z translation displacement, node 6, m
         19     1.90178337097E+001                                                     F               0         Tower X translation displacement, node 7, m
         20    -5.37080717087E+000                                                     F               0         Tower Y translation displacement, node 7, m
         21    -8.58650624752E-001                                                     F               0         Tower Z translation displacement, node 7, m
         22     2.04037132263E+001                                                     F               0         Tower X translation displacement, node 8, m
         23    -6.00564146042E+000                                                     F               0         Tower Y translation displacement, node 8, m
         24    -9.53054726124E-001                                                     F               0         Tower Z translation displacement, node 8, m
         25     2.17895984650E+001                                                     F               0         Tower X translation displacement, node 9, m
         26    -6.64047670364E+000                                                     F               0         Tower Y translation displacement, node 9, m
         27    -1.04744994640E+000                                                     F               0         Tower Z translation displacement, node 9, m
         28     2.31754798889E+001                                                     F               0         Tower X translation displacement, node 10, m
         29    -7.27531147003E+000                                                     F               0         Tower Y translation displacement, node 10, m
         30    -1.14185106754E+000                                                     F               0         Tower Z translation displacement, node 10, m
         31     2.45613613129E+001                                                     F               0         Tower X translation displacement, node 11, m
         32    -7.91014575958E+000                                                     F               0         Tower Y translation displacement, node 11, m
         33    -1.23624920845E+000                                                     F               0         Tower Z translation displacement, node 11, m
         34     9.93685960770E-001,   3.40526946820E-003,  -1.12145416439E-001         F               0         Tower X orientation angle, node 1, rad
         35     2.38309660926E-003,   9.98673200607E-001,   5.14403656125E-002         F               0         Tower Y orientation angle, node 1, rad
         36     1.12171791494E-001,  -5.13828247786E-002,   9.92359459400E-001         F               0         Tower Z orientation angle, node 1, rad
         37     9.93685960770E-001,   3.40526946820E-003,  -1.12145416439E-001         F               0         Tower X orientation angle, node 2, rad
         38     2.38309660926E-003,   9.98673200607E-001,   5.14403656125E-002         F               0         Tower Y orientation angle, node 2, rad
         39     1.12171791494E-001,  -5.13828247786E-002,   9.92359459400E-001         F               0         Tower Z orientation angle, node 2, rad
         40     9.93685960770E-001,   3.40526946820E-003,  -1.12145416439E-001         F               0         Tower X orientation angle, node 3, rad
         41     2.38309660926E-003,   9.98673200607E-001,   5.14403656125E-002         F               0         Tower Y orientation angle, node 3, rad
         42     1.12171791494E-001,  -5.13828247786E-002,   9.92359459400E-001         F               0         Tower Z orientation angle, node 3, rad
         43     9.93685960770E-001,   3.40526946820E-003,  -1.12145416439E-001         F               0         Tower X orientation angle, node 4, rad
         44     2.38309660926E-003,   9.98673200607E-001,   5.14403656125E-002         F               0         Tower Y orientation angle, node 4, rad
         45     1.12171791494E-001,  -5.13828247786E-002,   9.92359459400E-001         F               0         Tower Z orientation angle, node 4, rad
         46     9.93685960770E-001,   3.40526946820E-003,  -1.12145416439E-001         F               0         Tower X orientation angle, node 5, rad
         47     2.38309660926E-003,   9.98673200607E-001,   5.14403656125E-002         F               0         Tower Y orientation angle, node 5, rad
         48     1.12171791494E-001,  -5.13828247786E-002,   9.92359459400E-001         F               0         Tower Z orientation angle, node 5, rad
         49     9.93685960770E-001,   3.40526946820E-003,  -1.12145416439E-001         F               0         Tower X orientation angle, node 6, rad
         50     2.38309660926E-003,   9.98673200607E-001,   5.14403656125E-002         F               0         Tower Y orientation angle, node 6, rad
         51     1.12171791494E-001,  -5.13828247786E-002,   9.92359459400E-001         F               0         Tower Z orientation angle, node 6, rad
         52     9.93685960770E-001,   3.40526946820E-003,  -1.12145416439E-001         F               0         Tower X orientation angle, node 7, rad
         53     2.38309660926E-003,   9.98673200607E-001,   5.14403656125E-002         F               0         Tower Y orientation angle, node 7, rad
         54     1.12171791494E-001,  -5.13828247786E-002,   9.92359459400E-001         F               0         Tower Z orientation angle, node 7, rad
         55     9.93685960770E-001,   3.40526946820E-003,  -1.12145408988E-001         F               0         Tower X orientation angle, node 8, rad
         56     2.38309660926E-003,   9.98673200607E-001,   5.14403656125E-002         F               0         Tower Y orientation angle, node 8, rad
         57     1.12171791494E-001,  -5.13828247786E-002,   9.92359459400E-001         F               0         Tower Z orientation angle, node 8, rad
         58     9.93685960770E-001,   3.40526970103E-003,  -1.12145416439E-001         F               0         Tower X orientation angle, node 9, rad
         59     2.38309684210E-003,   9.98673200607E-001,   5.14403693378E-002         F               0         Tower Y orientation angle, node 9, rad
         60     1.12171791494E-001,  -5.13828247786E-002,   9.92359459400E-001         F               0         Tower Z orientation angle, node 9, rad
         61     9.93685960770E-001,   3.40526946820E-003,  -1.12145416439E-001         F               0         Tower X orientation angle, node 10, rad
         62     2.38309660926E-003,   9.98673200607E-001,   5.14403656125E-002         F               0         Tower Y orientation angle, node 10, rad
         63     1.12171791494E-001,  -5.13828247786E-002,   9.92359459400E-001         F               0         Tower Z orientation angle, node 10, rad
         64     9.93685960770E-001,   3.40526946820E-003,  -1.12145416439E-001         F               0         Tower X orientation angle, node 11, rad
         65     2.38309660926E-003,   9.98673200607E-001,   5.14403656125E-002         F               0         Tower Y orientation angle, node 11, rad
         66     1.12171791494E-001,  -5.13828247786E-002,   9.92359459400E-001         F               0         Tower Z orientation angle, node 11, rad
         67    -7.49352446292E-004                                                     F               0         Tower X translation velocity, node 1, m/s
         68    -1.26590405125E-003                                                     F               0         Tower Y translation velocity, node 1, m/s
         69    -7.61445704848E-003                                                     F               0         Tower Z translation velocity, node 1, m/s
         70    -1.02303328458E-003                                                     F               0         Tower X translation velocity, node 2, m/s
         71    -1.92572711967E-003                                                     F               0         Tower Y translation velocity, node 2, m/s
         72    -7.61768594384E-003                                                     F               0         Tower Z translation velocity, node 2, m/s
         73    -1.29671429750E-003                                                     F               0         Tower X translation velocity, node 3, m/s
         74    -2.58555030450E-003                                                     F               0         Tower Y translation velocity, node 3, m/s
         75    -7.62091530487E-003                                                     F               0         Tower Z translation velocity, node 3, m/s
         76    -1.57039519399E-003                                                     F               0         Tower X translation velocity, node 4, m/s
         77    -3.24537372217E-003                                                     F               0         Tower Y translation velocity, node 4, m/s
         78    -7.62414373457E-003                                                     F               0         Tower Z translation velocity, node 4, m/s
         79    -1.84407632332E-003                                                     F               0         Tower X translation velocity, node 5, m/s
         80    -3.90519713983E-003                                                     F               0         Tower Y translation velocity, node 5, m/s
         81    -7.62737309560E-003                                                     F               0         Tower Z translation velocity, node 5, m/s
         82    -2.11775675416E-003                                                     F               0         Tower X translation velocity, node 6, m/s
         83    -4.56501916051E-003                                                     F               0         Tower Y translation velocity, node 6, m/s
         84    -7.63060199097E-003                                                     F               0         Tower Z translation velocity, node 6, m/s
         85    -2.39143799990E-003                                                     F               0         Tower X translation velocity, node 7, m/s
         86    -5.22484350950E-003                                                     F               0         Tower Y translation velocity, node 7, m/s
         87    -7.63383042067E-003                                                     F               0         Tower Z translation velocity, node 7, m/s
         88    -2.66511877999E-003                                                     F               0         Tower X translation velocity, node 8, m/s
         89    -5.88466646150E-003                                                     F               0         Tower Y translation velocity, node 8, m/s
         90    -7.63705978170E-003                                                     F               0         Tower Z translation velocity, node 8, m/s
         91    -2.93880002573E-003                                                     F               0         Tower X translation velocity, node 9, m/s
         92    -6.54449034482E-003                                                     F               0         Tower Y translation velocity, node 9, m/s
         93    -7.64028914273E-003                                                     F               0         Tower Z translation velocity, node 9, m/s
         94    -3.21248103864E-003                                                     F               0         Tower X translation velocity, node 10, m/s
         95    -7.20431329682E-003                                                     F               0         Tower Y translation velocity, node 10, m/s
         96    -7.64351803809E-003                                                     F               0         Tower Z translation velocity, node 10, m/s
         97    -3.48616158590E-003                                                     F               0         Tower X translation velocity, node 11, m/s
         98    -7.86413624883E-003                                                     F               0         Tower Y translation velocity, node 11, m/s
         99    -7.64674693346E-003                                                     F               0         Tower Z translation velocity, node 11, m/s
        100     2.55101261139E+001                                                     F               0         Hub X translation displacement, node 1, m
        101    -8.35028934479E+000                                                     F               0         Hub Y translation displacement, node 1, m
        102    -8.49961116910E-002                                                     F               0         Hub Z translation displacement, node 1, m
        103     9.76517319679E-001,   8.75758286566E-003,  -2.15260878205E-001         F               0         Hub X orientation angle, node 1, rad
        104    -1.84390589595E-001,   5.50716280937E-001,  -8.14071059227E-001         F               0         Hub Y orientation angle, node 1, rad
        105     1.11418381333E-001,   8.34646582603E-001,   5.39398789406E-001         F               0         Hub Z orientation angle, node 1, rad
        106     7.73025691509E-001                                                     F               0         Hub X rotation velocity, node 1, rad/s
        107     6.90986588597E-003                                                     F               0         Hub Y rotation velocity, node 1, rad/s
        108    -1.70392587781E-001                                                     F               0         Hub Z rotation velocity, node 1, rad/s
        109     9.92746591568E-001,  -6.88109621406E-002,  -9.85863953829E-002         F               0         Blade root 1 X orientation angle, node 1, rad
        110    -4.51682433486E-002,   5.46470642090E-001,  -8.36259305477E-001         F               0         Blade root 1 Y orientation angle, node 1, rad
        111     1.11418381333E-001,   8.34646582603E-001,   5.39398789406E-001         F               0         Blade root 1 Z orientation angle, node 1, rad
        112     9.40257608891E-001,  -5.42845986784E-002,  -3.36108386517E-001         F               0         Blade root 2 X orientation angle, node 1, rad
        113     3.24197918177E-001,   4.44248318672E-001,   8.35188090801E-001         F               0         Blade root 2 Y orientation angle, node 1, rad
        114     1.03977739811E-001,  -8.94257545471E-001,   4.35306817293E-001         F               0         Blade root 2 Z orientation angle, node 1, rad
        115     9.67408657074E-001,   1.49106979370E-001,  -2.04664513469E-001         F               0         Blade root 3 X orientation angle, node 1, rad
        116     1.33135154843E-001,  -9.87022638321E-001,  -8.97852852941E-002         F               0         Blade root 3 Y orientation angle, node 1, rad
        117    -2.15396121144E-001,   5.96110187471E-002,  -9.74705636501E-001         F               0         Blade root 3 Z orientation angle, node 1, rad
        118     2.55482959747E+001                                                     F               0         Blade 1 X translation displacement, node 1, m
        119    -3.72634720802E+000                                                     F               0         Blade 1 Y translation displacement, node 1, m
        120    -2.60638546944E+000                                                     F               0         Blade 1 Z translation displacement, node 1, m
        121     2.55574932098E+001                                                     F               0         Blade 1 X translation displacement, node 2, m
        122    -2.61217236519E+000                                                     F               0         Blade 1 Y translation displacement, node 2, m
        123    -3.21392989159E+000                                                     F               0         Blade 1 Z translation displacement, node 2, m
        124     2.56825618744E+001                                                     F               0         Blade 1 X translation displacement, node 3, m
        125     1.25386714935E+001                                                     F               0         Blade 1 Y translation displacement, node 3, m
        126    -1.14755067825E+001                                                     F               0         Blade 1 Z translation displacement, node 3, m
        127     2.57092075348E+001                                                     F               0         Blade 1 X translation displacement, node 4, m
        128     1.57666482925E+001                                                     F               0         Blade 1 Y translation displacement, node 4, m
        129    -1.32356920242E+001                                                     F               0         Blade 1 Z translation displacement, node 4, m
        130     2.57358589172E+001                                                     F               0         Blade 1 X translation displacement, node 5, m
        131     1.89952392578E+001                                                     F               0         Blade 1 Y translation displacement, node 5, m
        132    -1.49961977005E+001                                                     F               0         Blade 1 Z translation displacement, node 5, m
        133     2.57625064850E+001                                                     F               0         Blade 1 X translation displacement, node 6, m
        134     2.22232284546E+001                                                     F               0         Blade 1 Y translation displacement, node 6, m
        135    -1.67563896179E+001                                                     F               0         Blade 1 Z translation displacement, node 6, m
        136     2.57891540527E+001                                                     F               0         Blade 1 X translation displacement, node 7, m
        137     2.54512290955E+001                                                     F               0         Blade 1 Y translation displacement, node 7, m
        138    -1.85165748596E+001                                                     F               0         Blade 1 Z translation displacement, node 7, m
        139     2.58158054352E+001                                                     F               0         Blade 1 X translation displacement, node 8, m
        140     2.86798076630E+001                                                     F               0         Blade 1 Y translation displacement, node 8, m
        141    -2.02770900726E+001                                                     F               0         Blade 1 Z translation displacement, node 8, m
        142     2.58424510956E+001                                                     F               0         Blade 1 X translation displacement, node 9, m
        143     3.19078083038E+001                                                     F               0         Blade 1 Y translation displacement, node 9, m
        144    -2.20372734070E+001                                                     F               0         Blade 1 Z translation displacement, node 9, m
        145     2.58690986633E+001                                                     F               0         Blade 1 X translation displacement, node 10, m
        146     3.51357994080E+001                                                     F               0         Blade 1 Y translation displacement, node 10, m
        147    -2.37974662781E+001                                                     F               0         Blade 1 Z translation displacement, node 10, m
        148     2.58957443237E+001                                                     F               0         Blade 1 X translation displacement, node 11, m
        149     3.83638000488E+001                                                     F               0         Blade 1 Y translation displacement, node 11, m
        150    -2.55576496124E+001                                                     F               0         Blade 1 Z translation displacement, node 11, m
        151     2.59223957062E+001                                                     F               0         Blade 1 X translation displacement, node 12, m
        152     4.15923652649E+001                                                     F               0         Blade 1 Y translation displacement, node 12, m
        153    -2.73181571960E+001                                                     F               0         Blade 1 Z translation displacement, node 12, m
        154     2.59490432739E+001                                                     F               0         Blade 1 X translation displacement, node 13, m
        155     4.48203697205E+001                                                     F               0         Blade 1 Y translation displacement, node 13, m
        156    -2.90783424377E+001                                                     F               0         Blade 1 Z translation displacement, node 13, m
        157     2.59756908417E+001                                                     F               0         Blade 1 X translation displacement, node 14, m
        158     4.80483589172E+001                                                     F               0         Blade 1 Y translation displacement, node 14, m
        159    -3.08385353088E+001                                                     F               0         Blade 1 Z translation displacement, node 14, m
        160     2.60023403168E+001                                                     F               0         Blade 1 X translation displacement, node 15, m
        161     5.12769432068E+001                                                     F               0         Blade 1 Y translation displacement, node 15, m
        162    -3.25990409851E+001                                                     F               0         Blade 1 Z translation displacement, node 15, m
        163     2.60289878845E+001                                                     F               0         Blade 1 X translation displacement, node 16, m
        164     5.45049362183E+001                                                     F               0         Blade 1 Y translation displacement, node 16, m
        165    -3.43592338562E+001                                                     F               0         Blade 1 Z translation displacement, node 16, m
        166     2.60556354523E+001                                                     F               0         Blade 1 X translation displacement, node 17, m
        167     5.77329406738E+001                                                     F               0         Blade 1 Y translation displacement, node 17, m
        168    -3.61194190979E+001                                                     F               0         Blade 1 Z translation displacement, node 17, m
        169     2.60822830200E+001                                                     F               0         Blade 1 X translation displacement, node 18, m
        170     6.09609336853E+001                                                     F               0         Blade 1 Y translation displacement, node 18, m
        171    -3.78796081543E+001                                                     F               0         Blade 1 Z translation displacement, node 18, m
        172     2.61089324951E+001                                                     F               0         Blade 1 X translation displacement, node 19, m
        173     6.41894989014E+001                                                     F               0         Blade 1 Y translation displacement, node 19, m
        174    -3.96401138306E+001                                                     F               0         Blade 1 Z translation displacement, node 19, m
        175     2.61355800629E+001                                                     F               0         Blade 1 X translation displacement, node 20, m
        176     6.74175033569E+001                                                     F               0         Blade 1 Y translation displacement, node 20, m
        177    -4.14002952576E+001                                                     F               0         Blade 1 Z translation displacement, node 20, m
        178     2.61622276306E+001                                                     F               0         Blade 1 X translation displacement, node 21, m
        179     7.06455001831E+001                                                     F               0         Blade 1 Y translation displacement, node 21, m
        180    -4.31604881287E+001                                                     F               0         Blade 1 Z translation displacement, node 21, m
        181     2.61888790131E+001                                                     F               0         Blade 1 X translation displacement, node 22, m
        182     7.38740768433E+001                                                     F               0         Blade 1 Y translation displacement, node 22, m
        183    -4.49210014343E+001                                                     F               0         Blade 1 Z translation displacement, node 22, m
        184     2.62155246735E+001                                                     F               0         Blade 1 X translation displacement, node 23, m
        185     7.71020812988E+001                                                     F               0         Blade 1 Y translation displacement, node 23, m
        186    -4.66811828613E+001                                                     F               0         Blade 1 Z translation displacement, node 23, m
        187     2.62421722412E+001                                                     F               0         Blade 1 X translation displacement, node 24, m
        188     8.03300704956E+001                                                     F               0         Blade 1 Y translation displacement, node 24, m
        189    -4.84413757324E+001                                                     F               0         Blade 1 Z translation displacement, node 24, m
        190     2.62688179016E+001                                                     F               0         Blade 1 X translation displacement, node 25, m
        191     8.35580673218E+001                                                     F               0         Blade 1 Y translation displacement, node 25, m
        192    -5.02015647888E+001                                                     F               0         Blade 1 Z translation displacement, node 25, m
        193     2.62954711914E+001                                                     F               0         Blade 1 X translation displacement, node 26, m
        194     8.67866439819E+001                                                     F               0         Blade 1 Y translation displacement, node 26, m
        195    -5.19620780945E+001                                                     F               0         Blade 1 Z translation displacement, node 26, m
        196     2.63221168518E+001                                                     F               0         Blade 1 X translation displacement, node 27, m
        197     9.00146331787E+001                                                     F               0         Blade 1 Y translation displacement, node 27, m
        198    -5.37222671509E+001                                                     F               0         Blade 1 Z translation displacement, node 27, m
        199     2.63447074890E+001                                                     F               0         Blade 1 X translation displacement, node 28, m
        200     9.27512893677E+001                                                     F               0         Blade 1 Y translation displacement, node 28, m
        201    -5.52145156860E+001                                                     F               0         Blade 1 Z translation displacement, node 28, m
        202     9.04116034508E-001,  -3.10436576605E-001,   2.93604075909E-001         F               0         Blade 1 X orientation angle, node 1, rad
        203     4.12504732609E-001,   4.54966217279E-001,  -7.89205670357E-001         F               0         Blade 1 Y orientation angle, node 1, rad
        204     1.11418381333E-001,   8.34646582603E-001,   5.39398789406E-001         F               0         Blade 1 Z orientation angle, node 1, rad
        205     9.04116034508E-001,  -3.10436576605E-001,   2.93604075909E-001         F               0         Blade 1 X orientation angle, node 2, rad
        206     4.12504732609E-001,   4.54966217279E-001,  -7.89205670357E-001         F               0         Blade 1 Y orientation angle, node 2, rad
        207     1.11418381333E-001,   8.34646582603E-001,   5.39398789406E-001         F               0         Blade 1 Z orientation angle, node 2, rad
        208     9.76122558117E-001,  -1.93761050701E-001,   9.81908142567E-002         F               0         Blade 1 X orientation angle, node 3, rad
        209     1.86469107866E-001,   5.15579044819E-001,  -8.36305856705E-001         F               0         Blade 1 Y orientation angle, node 3, rad
        210     1.11418381333E-001,   8.34646582603E-001,   5.39398789406E-001         F               0         Blade 1 Z orientation angle, node 3, rad
        211     9.83125507832E-001,  -1.71818226576E-001,   6.27907142043E-002         F               0         Blade 1 X orientation angle, node 4, rad
        212     1.45086601377E-001,   5.23300707340E-001,  -8.39706063271E-001         F               0         Blade 1 Y orientation angle, node 4, rad
        213     1.11418381333E-001,   8.34646582603E-001,   5.39398789406E-001         F               0         Blade 1 Z orientation angle, node 4, rad
        214     9.87395405769E-001,  -1.54373645782E-001,   3.49155962467E-002         F               0         Blade 1 X orientation angle, node 5, rad
        215     1.12411133945E-001,   5.28709650040E-001,  -8.41326236725E-001         F               0         Blade 1 Y orientation angle, node 5, rad
        216     1.11418381333E-001,   8.34646582603E-001,   5.39398789406E-001         F               0         Blade 1 Z orientation angle, node 5, rad
        217     9.90029752254E-001,  -1.40294820070E-001,   1.25863719732E-002         F               0         Blade 1 X orientation angle, node 6, rad
        218     8.61800312996E-002,   5.32618522644E-001,  -8.41956377029E-001         F               0         Blade 1 Y orientation angle, node 6, rad
        219     1.11418381333E-001,   8.34646582603E-001,   5.39398789406E-001         F               0         Blade 1 Z orientation angle, node 6, rad
        220     9.91674184799E-001,  -1.28642424941E-001,  -5.78380096704E-003         F               0         Blade 1 X orientation angle, node 7, rad
        221     6.45621418953E-002,   5.35552263260E-001,  -8.42030584812E-001         F               0         Blade 1 Y orientation angle, node 7, rad
        222     1.11418381333E-001,   8.34646582603E-001,   5.39398789406E-001         F               0         Blade 1 Z orientation angle, node 7, rad
        223     9.92682635784E-001,  -1.18900723755E-001,  -2.10660640150E-002         F               0         Blade 1 X orientation angle, node 8, rad
        224     4.65521924198E-002,   5.37799000740E-001,  -8.41786861420E-001         F               0         Blade 1 Y orientation angle, node 8, rad
        225     1.11418381333E-001,   8.34646582603E-001,   5.39398789406E-001         F               0         Blade 1 Z orientation angle, node 8, rad
        226     9.93280529976E-001,  -1.10627025366E-001,  -3.39919887483E-002         F               0         Blade 1 X orientation angle, node 9, rad
        227     3.13007943332E-002,   5.39561688900E-001,  -8.41364026070E-001         F               0         Blade 1 Y orientation angle, node 9, rad
        228     1.11418373883E-001,   8.34646522999E-001,   5.39398849010E-001         F               0         Blade 1 Z orientation angle, node 9, rad
        229     9.93608295918E-001,  -1.03460490704E-001,  -4.51489426196E-002         F               0         Blade 1 X orientation angle, node 10, rad
        230     1.81230567396E-002,   5.40981590748E-001,  -8.40839147568E-001         F               0         Blade 1 Y orientation angle, node 10, rad
        231     1.11418381333E-001,   8.34646582603E-001,   5.39398789406E-001         F               0         Blade 1 Z orientation angle, node 10, rad
        232     9.93749976158E-001,  -9.73167195916E-002,  -5.46848513186E-002         F               0         Blade 1 X orientation angle, node 11, rad
        233     6.85000186786E-003,   5.42120456696E-001,  -8.40272843838E-001         F               0         Blade 1 Y orientation angle, node 11, rad
        234     1.11418381333E-001,   8.34646522999E-001,   5.39398789406E-001         F               0         Blade 1 Z orientation angle, node 11, rad
        235     9.93768930435E-001,  -9.19187813997E-002,  -6.30413591862E-002         F               0         Blade 1 X orientation angle, node 12, rad
        236    -3.03637329489E-003,   5.43061733246E-001,  -8.39687287807E-001         F               0         Blade 1 Y orientation angle, node 12, rad
        237     1.11418381333E-001,   8.34646582603E-001,   5.39398789406E-001         F               0         Blade 1 Z orientation angle, node 12, rad
        238     9.93704617023E-001,  -8.71762260795E-002,  -7.03665241599E-002         F               0         Blade 1 X orientation angle, node 13, rad
        239    -1.17084207013E-002,   5.43843209743E-001,  -8.39105188847E-001         F               0         Blade 1 Y orientation angle, node 13, rad
        240     1.11418381333E-001,   8.34646582603E-001,   5.39398789406E-001         F               0         Blade 1 Z orientation angle, node 13, rad
        241     9.93582010269E-001,  -8.29022526741E-002,  -7.69545957446E-002         F               0         Blade 1 X orientation angle, node 14, rad
        242    -1.95125173777E-002,   5.44511079788E-001,  -8.38526666164E-001         F               0         Blade 1 Y orientation angle, node 14, rad
        243     1.11418381333E-001,   8.34646582603E-001,   5.39398789406E-001         F               0         Blade 1 Z orientation angle, node 14, rad
        244     9.93421554565E-001,  -7.90988579392E-002,  -8.28066915274E-002         F               0         Blade 1 X orientation angle, node 15, rad
        245    -2.64484919608E-002,   5.45076608658E-001,  -8.37968945503E-001         F               0         Blade 1 Y orientation angle, node 15, rad
        246     1.11418373883E-001,   8.34646522999E-001,   5.39398849010E-001         F               0         Blade 1 Z orientation angle, node 15, rad
        247     9.93235766888E-001,  -7.56724998355E-002,  -8.80701392889E-002         F               0         Blade 1 X orientation angle, node 16, rad
