
Linearized model: Predictions were generated on 13-Feb-2024 at 11:29:37 using OpenFAST, compiled as a 64-bit application using single precision at commit v3.5.1
 linked with  NWTC Subroutine Library; ElastoDyn; InflowWind; AeroDyn; ServoDyn; HydroDyn; MAP++ (<1.20.10>, <Oct-20-2023>)

Description from the FAST input file: CCT-9 Campign 4 model. Input files to be run with OpenFAST 3.5.0. GitHub branch from Lu Wang (https://github.com/luwang00/openfast/tree/dev) compiled on March 7, 2023.

Simulation information:
   Simulation time:                  1217.9000 s
   Rotor Speed:                         0.7915 rad/s
   Azimuth:                             5.6010 rad
   Wind Speed:                         16.0000 m/s
   Number of continuous states:         0
   Number of discrete states:           0
   Number of constraint states:         0
   Number of inputs:                 1746
   Number of outputs:                   4
   Jacobians included in this file?    No

Order of inputs:
     Column   Operating Point                                                   Rotating Frame? Derivative Order Description
   ---------- ---------------                                                   --------------- ---------------- -----------
          1     1.07021350861E+001                                                     F               0         Tower X translation displacement, node 1, m
          2    -1.56223046780E+000                                                     F               0         Tower Y translation displacement, node 1, m
          3    -2.95665681362E-001                                                     F               0         Tower Z translation displacement, node 1, m
          4     1.20878705978E+001                                                     F               0         Tower X translation displacement, node 2, m
          5    -2.19731450081E+000                                                     F               0         Tower Y translation displacement, node 2, m
          6    -3.90062212944E-001                                                     F               0         Tower Z translation displacement, node 2, m
          7     1.34736070633E+001                                                     F               0         Tower X translation displacement, node 3, m
          8    -2.83239865303E+000                                                     F               0         Tower Y translation displacement, node 3, m
          9    -4.84456658363E-001                                                     F               0         Tower Z translation displacement, node 3, m
         10     1.48593425751E+001                                                     F               0         Tower X translation displacement, node 4, m
         11    -3.46748280525E+000                                                     F               0         Tower Y translation displacement, node 4, m
         12    -5.78851342201E-001                                                     F               0         Tower Z translation displacement, node 4, m
         13     1.62450790405E+001                                                     F               0         Tower X translation displacement, node 5, m
         14    -4.10256719589E+000                                                     F               0         Tower Y translation displacement, node 5, m
         15    -6.73243165016E-001                                                     F               0         Tower Z translation displacement, node 5, m
         16     1.76308135986E+001                                                     F               0         Tower X translation displacement, node 6, m
         17    -4.73765087128E+000                                                     F               0         Tower Y translation displacement, node 6, m
         18    -7.67645537853E-001                                                     F               0         Tower Z translation displacement, node 6, m
         19     1.90165500641E+001                                                     F               0         Tower X translation displacement, node 7, m
         20    -5.37273550034E+000                                                     F               0         Tower Y translation displacement, node 7, m
         21    -8.62033963203E-001                                                     F               0         Tower Z translation displacement, node 7, m
         22     2.04022846222E+001                                                     F               0         Tower X translation displacement, node 8, m
         23    -6.00781869888E+000                                                     F               0         Tower Y translation displacement, node 8, m
         24    -9.56434428692E-001                                                     F               0         Tower Z translation displacement, node 8, m
         25     2.17880210876E+001                                                     F               0         Tower X translation displacement, node 9, m
         26    -6.64290380478E+000                                                     F               0         Tower Y translation displacement, node 9, m
         27    -1.05082595348E+000                                                     F               0         Tower Z translation displacement, node 9, m
         28     2.31737575531E+001                                                     F               0         Tower X translation displacement, node 10, m
         29    -7.27798748016E+000                                                     F               0         Tower Y translation displacement, node 10, m
         30    -1.14522337914E+000                                                     F               0         Tower Z translation displacement, node 10, m
         31     2.45594921112E+001                                                     F               0         Tower X translation displacement, node 11, m
         32    -7.91307163239E+000                                                     F               0         Tower Y translation displacement, node 11, m
         33    -1.23961782455E+000                                                     F               0         Tower Z translation displacement, node 11, m
         34     9.93687331676E-001,   3.40465130284E-003,  -1.12133599818E-001         F               0         Tower X orientation angle, node 1, rad
         35     2.38536484540E-003,   9.98672187328E-001,   5.14603778720E-002         F               0         Tower Y orientation angle, node 1, rad
         36     1.12159907818E-001,  -5.14030046761E-002,   9.92359757423E-001         F               0         Tower Z orientation angle, node 1, rad
         37     9.93687331676E-001,   3.40465130284E-003,  -1.12133599818E-001         F               0         Tower X orientation angle, node 2, rad
         38     2.38536484540E-003,   9.98672187328E-001,   5.14603778720E-002         F               0         Tower Y orientation angle, node 2, rad
         39     1.12159907818E-001,  -5.14030046761E-002,   9.92359757423E-001         F               0         Tower Z orientation angle, node 2, rad
         40     9.93687331676E-001,   3.40465130284E-003,  -1.12133599818E-001         F               0         Tower X orientation angle, node 3, rad
         41     2.38536484540E-003,   9.98672187328E-001,   5.14603778720E-002         F               0         Tower Y orientation angle, node 3, rad
         42     1.12159907818E-001,  -5.14030046761E-002,   9.92359757423E-001         F               0         Tower Z orientation angle, node 3, rad
         43     9.93687331676E-001,   3.40465130284E-003,  -1.12133599818E-001         F               0         Tower X orientation angle, node 4, rad
         44     2.38536484540E-003,   9.98672187328E-001,   5.14603778720E-002         F               0         Tower Y orientation angle, node 4, rad
         45     1.12159907818E-001,  -5.14030046761E-002,   9.92359757423E-001         F               0         Tower Z orientation angle, node 4, rad
         46     9.93687331676E-001,   3.40465130284E-003,  -1.12133599818E-001         F               0         Tower X orientation angle, node 5, rad
         47     2.38536484540E-003,   9.98672187328E-001,   5.14603778720E-002         F               0         Tower Y orientation angle, node 5, rad
         48     1.12159907818E-001,  -5.14030046761E-002,   9.92359757423E-001         F               0         Tower Z orientation angle, node 5, rad
         49     9.93687331676E-001,   3.40465130284E-003,  -1.12133599818E-001         F               0         Tower X orientation angle, node 6, rad
         50     2.38536484540E-003,   9.98672187328E-001,   5.14603778720E-002         F               0         Tower Y orientation angle, node 6, rad
         51     1.12159907818E-001,  -5.14030046761E-002,   9.92359757423E-001         F               0         Tower Z orientation angle, node 6, rad
         52     9.93687331676E-001,   3.40465130284E-003,  -1.12133599818E-001         F               0         Tower X orientation angle, node 7, rad
         53     2.38536484540E-003,   9.98672187328E-001,   5.14603778720E-002         F               0         Tower Y orientation angle, node 7, rad
         54     1.12159907818E-001,  -5.14030046761E-002,   9.92359757423E-001         F               0         Tower Z orientation angle, node 7, rad
         55     9.93687331676E-001,   3.40465107001E-003,  -1.12133599818E-001         F               0         Tower X orientation angle, node 8, rad
         56     2.38536461256E-003,   9.98672187328E-001,   5.14603778720E-002         F               0         Tower Y orientation angle, node 8, rad
         57     1.12159907818E-001,  -5.14030009508E-002,   9.92359757423E-001         F               0         Tower Z orientation angle, node 8, rad
         58     9.93687331676E-001,   3.40465153567E-003,  -1.12133599818E-001         F               0         Tower X orientation angle, node 9, rad
         59     2.38536484540E-003,   9.98672187328E-001,   5.14603778720E-002         F               0         Tower Y orientation angle, node 9, rad
         60     1.12159915268E-001,  -5.14030046761E-002,   9.92359757423E-001         F               0         Tower Z orientation angle, node 9, rad
         61     9.93687331676E-001,   3.40465130284E-003,  -1.12133599818E-001         F               0         Tower X orientation angle, node 10, rad
         62     2.38536484540E-003,   9.98672187328E-001,   5.14603778720E-002         F               0         Tower Y orientation angle, node 10, rad
         63     1.12159907818E-001,  -5.14030046761E-002,   9.92359757423E-001         F               0         Tower Z orientation angle, node 10, rad
         64     9.93687331676E-001,   3.40465130284E-003,  -1.12133599818E-001         F               0         Tower X orientation angle, node 11, rad
         65     2.38536484540E-003,   9.98672187328E-001,   5.14603778720E-002         F               0         Tower Y orientation angle, node 11, rad
         66     1.12159907818E-001,  -5.14030046761E-002,   9.92359757423E-001         F               0         Tower Z orientation angle, node 11, rad
         67    -9.11612238269E-004                                                     F               0         Tower X translation velocity, node 1, m/s
         68    -6.30207126960E-004                                                     F               0         Tower Y translation velocity, node 1, m/s
         69    -7.48787075281E-003                                                     F               0         Tower Z translation velocity, node 1, m/s
         70    -1.25322944950E-003                                                     F               0         Tower X translation velocity, node 2, m/s
         71    -1.07013341039E-003                                                     F               0         Tower Y translation velocity, node 2, m/s
         72    -7.47204758227E-003                                                     F               0         Tower Z translation velocity, node 2, m/s
         73    -1.59484683536E-003                                                     F               0         Tower X translation velocity, node 3, m/s
         74    -1.51005969383E-003                                                     F               0         Tower Y translation velocity, node 3, m/s
         75    -7.45622441173E-003                                                     F               0         Tower Z translation velocity, node 3, m/s
         76    -1.93646410480E-003                                                     F               0         Tower X translation velocity, node 4, m/s
         77    -1.94998597726E-003                                                     F               0         Tower Y translation velocity, node 4, m/s
         78    -7.44040077552E-003                                                     F               0         Tower Z translation velocity, node 4, m/s
         79    -2.27808137424E-003                                                     F               0         Tower X translation velocity, node 5, m/s
         80    -2.38991272636E-003                                                     F               0         Tower Y translation velocity, node 5, m/s
         81    -7.42457807064E-003                                                     F               0         Tower Z translation velocity, node 5, m/s
         82    -2.61969841085E-003                                                     F               0         Tower X translation velocity, node 6, m/s
         83    -2.82983877696E-003                                                     F               0         Tower Y translation velocity, node 6, m/s
         84    -7.40875490010E-003                                                     F               0         Tower Z translation velocity, node 6, m/s
         85    -2.96131614596E-003                                                     F               0         Tower X translation velocity, node 7, m/s
         86    -3.26976529323E-003                                                     F               0         Tower Y translation velocity, node 7, m/s
         87    -7.39293172956E-003                                                     F               0         Tower Z translation velocity, node 7, m/s
         88    -3.30293294974E-003                                                     F               0         Tower X translation velocity, node 8, m/s
         89    -3.70969111100E-003                                                     F               0         Tower Y translation velocity, node 8, m/s
         90    -7.37710855901E-003                                                     F               0         Tower Z translation velocity, node 8, m/s
         91    -3.64455068484E-003                                                     F               0         Tower X translation velocity, node 9, m/s
         92    -4.14961762726E-003                                                     F               0         Tower Y translation velocity, node 9, m/s
         93    -7.36128538847E-003                                                     F               0         Tower Z translation velocity, node 9, m/s
         94    -3.98616772145E-003                                                     F               0         Tower X translation velocity, node 10, m/s
         95    -4.58954414353E-003                                                     F               0         Tower Y translation velocity, node 10, m/s
         96    -7.34546268359E-003                                                     F               0         Tower Z translation velocity, node 10, m/s
         97    -4.32778475806E-003                                                     F               0         Tower X translation velocity, node 11, m/s
         98    -5.02947019413E-003                                                     F               0         Tower Y translation velocity, node 11, m/s
         99    -7.32963951305E-003                                                     F               0         Tower Z translation velocity, node 11, m/s
        100     2.55081481934E+001                                                     F               0         Hub X translation displacement, node 1, m
        101    -8.35336589813E+000                                                     F               0         Hub Y translation displacement, node 1, m
        102    -8.84900167584E-002                                                     F               0         Hub Z translation displacement, node 1, m
        103     9.76519882679E-001,   8.75907763839E-003,  -2.15249165893E-001         F               0         Hub X orientation angle, node 1, rad
        104    -1.33957684040E-001,   8.07199180126E-001,  -5.74878036976E-001         F               0         Hub Y orientation angle, node 1, rad
        105     1.68713554740E-001,   5.90214133263E-001,   7.89419412613E-001         F               0         Hub Z orientation angle, node 1, rad
        106     7.72956311703E-001                                                     F               0         Hub X rotation velocity, node 1, rad/s
        107     6.90536294132E-003                                                     F               0         Hub Y rotation velocity, node 1, rad/s
        108    -1.70378014445E-001                                                     F               0         Hub Z rotation velocity, node 1, rad/s
        109     9.85653638840E-001,  -1.04894340038E-001,  -1.32227554917E-001         F               0         Blade root 1 X orientation angle, node 1, rad
        110     4.76305978373E-003,   8.00402700901E-001,  -5.99443793297E-001         F               0         Blade root 1 Y orientation angle, node 1, rad
        111     1.68713554740E-001,   5.90214133263E-001,   7.89419412613E-001         F               0         Blade root 1 Z orientation angle, node 1, rad
        112     9.36827003956E-001,  -6.45815720782E-003,  -3.49733442068E-001         F               0         Blade root 2 X orientation angle, node 1, rad
        113     3.48357886076E-001,   1.07703499496E-001,   9.31153416634E-001         F               0         Blade root 2 Y orientation angle, node 1, rad
        114     3.16539816558E-002,  -9.94162082672E-001,   1.03149294853E-001         F               0         Blade root 2 Z orientation angle, node 1, rad
        115     9.77940022945E-001,   1.37368366122E-001,  -1.57363519073E-001         F               0         Blade root 3 X orientation angle, node 1, rad
        116     5.90440332890E-002,  -9.04409170151E-001,  -4.22561019659E-001         F               0         Blade root 3 Y orientation angle, node 1, rad
        117    -2.00367525220E-001,   4.03947949409E-001,  -8.92568707466E-001         F               0         Blade root 3 Z orientation angle, node 1, rad
        118     2.58637332916E+001                                                     F               0         Blade 1 X translation displacement, node 1, m
        119    -5.08358001709E+000                                                     F               0         Blade 1 Y translation displacement, node 1, m
        120    -1.22476530075E+000                                                     F               0         Blade 1 Z translation displacement, node 1, m
        121     2.59494132996E+001                                                     F               0         Blade 1 X translation displacement, node 2, m
        122    -4.29569959641E+000                                                     F               0         Blade 1 Y translation displacement, node 2, m
        123    -1.49855554104E+000                                                     F               0         Blade 1 Z translation displacement, node 2, m
        124     2.71145286560E+001                                                     F               0         Blade 1 X translation displacement, node 3, m
        125     6.41810750961E+000                                                     F               0         Blade 1 Y translation displacement, node 3, m
        126    -5.22165632248E+000                                                     F               0         Blade 1 Z translation displacement, node 3, m
        127     2.73627624512E+001                                                     F               0         Blade 1 X translation displacement, node 4, m
        128     8.70074748993E+000                                                     F               0         Blade 1 Y translation displacement, node 4, m
        129    -6.01489305496E+000                                                     F               0         Blade 1 Z translation displacement, node 4, m
        130     2.76110439301E+001                                                     F               0         Blade 1 X translation displacement, node 5, m
        131     1.09838218689E+001                                                     F               0         Blade 1 Y translation displacement, node 5, m
        132    -6.80826520920E+000                                                     F               0         Blade 1 Z translation displacement, node 5, m
        133     2.78592796326E+001                                                     F               0         Blade 1 X translation displacement, node 6, m
        134     1.32664699554E+001                                                     F               0         Blade 1 Y translation displacement, node 6, m
        135    -7.60150527954E+000                                                     F               0         Blade 1 Z translation displacement, node 6, m
        136     2.81075153351E+001                                                     F               0         Blade 1 X translation displacement, node 7, m
        137     1.55491275787E+001                                                     F               0         Blade 1 Y translation displacement, node 7, m
        138    -8.39473438263E+000                                                     F               0         Blade 1 Z translation displacement, node 7, m
        139     2.83557968140E+001                                                     F               0         Blade 1 X translation displacement, node 8, m
        140     1.78321933746E+001                                                     F               0         Blade 1 Y translation displacement, node 8, m
        141    -9.18811893463E+000                                                     F               0         Blade 1 Z translation displacement, node 8, m
        142     2.86040325165E+001                                                     F               0         Blade 1 X translation displacement, node 9, m
        143     2.01148490906E+001                                                     F               0         Blade 1 Y translation displacement, node 9, m
        144    -9.98134613037E+000                                                     F               0         Blade 1 Z translation displacement, node 9, m
        145     2.88522682190E+001                                                     F               0         Blade 1 X translation displacement, node 10, m
        146     2.23974990845E+001                                                     F               0         Blade 1 Y translation displacement, node 10, m
        147    -1.07745857239E+001                                                     F               0         Blade 1 Z translation displacement, node 10, m
        148     2.91005039215E+001                                                     F               0         Blade 1 X translation displacement, node 11, m
        149     2.46801567078E+001                                                     F               0         Blade 1 Y translation displacement, node 11, m
        150    -1.15678138733E+001                                                     F               0         Blade 1 Z translation displacement, node 11, m
        151     2.93487834930E+001                                                     F               0         Blade 1 X translation displacement, node 12, m
        152     2.69632129669E+001                                                     F               0         Blade 1 Y translation displacement, node 12, m
        153    -1.23611955643E+001                                                     F               0         Blade 1 Z translation displacement, node 12, m
        154     2.95970191956E+001                                                     F               0         Blade 1 X translation displacement, node 13, m
        155     2.92458705902E+001                                                     F               0         Blade 1 Y translation displacement, node 13, m
        156    -1.31544227600E+001                                                     F               0         Blade 1 Z translation displacement, node 13, m
        157     2.98452548981E+001                                                     F               0         Blade 1 X translation displacement, node 14, m
        158     3.15285205841E+001                                                     F               0         Blade 1 Y translation displacement, node 14, m
        159    -1.39476623535E+001                                                     F               0         Blade 1 Z translation displacement, node 14, m
        160     3.00935363770E+001                                                     F               0         Blade 1 X translation displacement, node 15, m
        161     3.38115882874E+001                                                     F               0         Blade 1 Y translation displacement, node 15, m
        162    -1.47410383224E+001                                                     F               0         Blade 1 Z translation displacement, node 15, m
        163     3.03417720795E+001                                                     F               0         Blade 1 X translation displacement, node 16, m
        164     3.60942420959E+001                                                     F               0         Blade 1 Y translation displacement, node 16, m
        165    -1.55342769623E+001                                                     F               0         Blade 1 Z translation displacement, node 16, m
        166     3.05900096893E+001                                                     F               0         Blade 1 X translation displacement, node 17, m
        167     3.83769035339E+001                                                     F               0         Blade 1 Y translation displacement, node 17, m
        168    -1.63275032043E+001                                                     F               0         Blade 1 Z translation displacement, node 17, m
        169     3.08382453918E+001                                                     F               0         Blade 1 X translation displacement, node 18, m
        170     4.06595535278E+001                                                     F               0         Blade 1 Y translation displacement, node 18, m
        171    -1.71207408905E+001                                                     F               0         Blade 1 Z translation displacement, node 18, m
        172     3.10865249634E+001                                                     F               0         Blade 1 X translation displacement, node 19, m
        173     4.29426078796E+001                                                     F               0         Blade 1 Y translation displacement, node 19, m
        174    -1.79141197205E+001                                                     F               0         Blade 1 Z translation displacement, node 19, m
        175     3.13347606659E+001                                                     F               0         Blade 1 X translation displacement, node 20, m
        176     4.52252655029E+001                                                     F               0         Blade 1 Y translation displacement, node 20, m
        177    -1.87073440552E+001                                                     F               0         Blade 1 Z translation displacement, node 20, m
        178     3.15829963684E+001                                                     F               0         Blade 1 X translation displacement, node 21, m
        179     4.75079193115E+001                                                     F               0         Blade 1 Y translation displacement, node 21, m
        180    -1.95005836487E+001                                                     F               0         Blade 1 Z translation displacement, node 21, m
        181     3.18312759399E+001                                                     F               0         Blade 1 X translation displacement, node 22, m
        182     4.97909851074E+001                                                     F               0         Blade 1 Y translation displacement, node 22, m
        183    -2.02939643860E+001                                                     F               0         Blade 1 Z translation displacement, node 22, m
        184     3.20795135498E+001                                                     F               0         Blade 1 X translation displacement, node 23, m
        185     5.20736427307E+001                                                     F               0         Blade 1 Y translation displacement, node 23, m
        186    -2.10871906281E+001                                                     F               0         Blade 1 Z translation displacement, node 23, m
        187     3.23277473450E+001                                                     F               0         Blade 1 X translation displacement, node 24, m
        188     5.43562965393E+001                                                     F               0         Blade 1 Y translation displacement, node 24, m
        189    -2.18804283142E+001                                                     F               0         Blade 1 Z translation displacement, node 24, m
        190     3.25759849548E+001                                                     F               0         Blade 1 X translation displacement, node 25, m
        191     5.66389465332E+001                                                     F               0         Blade 1 Y translation displacement, node 25, m
        192    -2.26736660004E+001                                                     F               0         Blade 1 Z translation displacement, node 25, m
        193     3.28242645264E+001                                                     F               0         Blade 1 X translation displacement, node 26, m
        194     5.89220123291E+001                                                     F               0         Blade 1 Y translation displacement, node 26, m
        195    -2.34670486450E+001                                                     F               0         Blade 1 Z translation displacement, node 26, m
        196     3.30724983215E+001                                                     F               0         Blade 1 X translation displacement, node 27, m
        197     6.12046623230E+001                                                     F               0         Blade 1 Y translation displacement, node 27, m
        198    -2.42602863312E+001                                                     F               0         Blade 1 Z translation displacement, node 27, m
        199     3.32829513550E+001                                                     F               0         Blade 1 X translation displacement, node 28, m
        200     6.31398658752E+001                                                     F               0         Blade 1 Y translation displacement, node 28, m
        201    -2.49327602386E+001                                                     F               0         Blade 1 Z translation displacement, node 28, m
        202     8.75034272671E-001,  -4.58345651627E-001,   1.55673831701E-001         F               0         Blade 1 X orientation angle, node 1, rad
        203     4.53707844019E-001,   6.64504706860E-001,  -5.93786716461E-001         F               0         Blade 1 Y orientation angle, node 1, rad
        204     1.68713554740E-001,   5.90214133263E-001,   7.89419412613E-001         F               0         Blade 1 Z orientation angle, node 1, rad
        205     8.75034272671E-001,  -4.58345651627E-001,   1.55673831701E-001         F               0         Blade 1 X orientation angle, node 2, rad
        206     4.53707844019E-001,   6.64504706860E-001,  -5.93786716461E-001         F               0         Blade 1 Y orientation angle, node 2, rad
        207     1.68713554740E-001,   5.90214133263E-001,   7.89419412613E-001         F               0         Blade 1 Z orientation angle, node 2, rad
        208     9.57634806633E-001,  -2.87793606520E-001,   1.05063142255E-002         F               0         Blade 1 X orientation angle, node 3, rad
        209     2.33390837908E-001,   7.54202961922E-001,  -6.13764286041E-001         F               0         Blade 1 Y orientation angle, node 3, rad
        210     1.68713554740E-001,   5.90214133263E-001,   7.89419412613E-001         F               0         Blade 1 Z orientation angle, node 3, rad
        211     9.66635525227E-001,  -2.55691170692E-001,  -1.54188917950E-002         F               0         Blade 1 X orientation angle, node 4, rad
        212     1.92747130990E-001,   7.65682220459E-001,  -6.13660514355E-001         F               0         Blade 1 Y orientation angle, node 4, rad
        213     1.68713554740E-001,   5.90214133263E-001,   7.89419412613E-001         F               0         Blade 1 Z orientation angle, node 4, rad
        214     9.72494661808E-001,  -2.30164259672E-001,  -3.57564389706E-002         F               0         Blade 1 X orientation angle, node 5, rad
        215     1.60592183471E-001,   7.73738741875E-001,  -6.12811923027E-001         F               0         Blade 1 Y orientation angle, node 5, rad
        216     1.68713554740E-001,   5.90214133263E-001,   7.89419412613E-001         F               0         Blade 1 Z orientation angle, node 5, rad
        217     9.76412355900E-001,  -2.09559157491E-001,  -5.19992448390E-002         F               0         Blade 1 X orientation angle, node 6, rad
        218     1.34739384055E-001,   7.79571831226E-001,  -6.11647844315E-001         F               0         Blade 1 Y orientation angle, node 6, rad
        219     1.68713554740E-001,   5.90214133263E-001,   7.89419412613E-001         F               0         Blade 1 Z orientation angle, node 6, rad
        220     9.79119300842E-001,  -1.92503020167E-001,  -6.53298944235E-002         F               0         Blade 1 X orientation angle, node 7, rad
        221     1.13406993449E-001,   7.83957839012E-001,  -6.10367894173E-001         F               0         Blade 1 Y orientation angle, node 7, rad
        222     1.68713554740E-001,   5.90214133263E-001,   7.89419412613E-001         F               0         Blade 1 Z orientation angle, node 7, rad
        223     9.81016397476E-001,  -1.78242146969E-001,  -7.63975754380E-002         F               0         Blade 1 X orientation angle, node 8, rad
        224     9.56168770790E-002,   7.87322700024E-001,  -6.09081625938E-001         F               0         Blade 1 Y orientation angle, node 8, rad
        225     1.68713554740E-001,   5.90214133263E-001,   7.89419412613E-001         F               0         Blade 1 Z orientation angle, node 8, rad
        226     9.82369184494E-001,  -1.66129186749E-001,  -8.57430100441E-002         F               0         Blade 1 X orientation angle, node 9, rad
        227     8.05388689041E-002,   7.89967358112E-001,  -6.07836425304E-001         F               0         Blade 1 Y orientation angle, node 9, rad
        228     1.68713539839E-001,   5.90214133263E-001,   7.89419412613E-001         F               0         Blade 1 Z orientation angle, node 9, rad
        229     9.83351051807E-001,  -1.55636355281E-001,  -9.37978774309E-002         F               0         Blade 1 X orientation angle, node 10, rad
        230     6.75015300512E-002,   7.92101383209E-001,  -6.06645643711E-001         F               0         Blade 1 Y orientation angle, node 10, rad
        231     1.68713554740E-001,   5.90214133263E-001,   7.89419412613E-001         F               0         Blade 1 Z orientation angle, node 10, rad
        232     9.84053552151E-001,  -1.46640434861E-001,  -1.00673876703E-001         F               0         Blade 1 X orientation angle, node 11, rad
        233     5.63416592777E-002,   7.93816030025E-001,  -6.05542540550E-001         F               0         Blade 1 Y orientation angle, node 11, rad
        234     1.68713554740E-001,   5.90214133263E-001,   7.89419412613E-001         F               0         Blade 1 Z orientation angle, node 11, rad
        235     9.84565317631E-001,  -1.38736128807E-001,  -1.06692954898E-001         F               0         Blade 1 X orientation angle, node 12, rad
        236     4.65492978692E-002,   7.95235514641E-001,  -6.04511022568E-001         F               0         Blade 1 Y orientation angle, node 12, rad
        237     1.68713554740E-001,   5.90214133263E-001,   7.89419412613E-001         F               0         Blade 1 Z orientation angle, node 12, rad
        238     9.84934031963E-001,  -1.31791189313E-001,  -1.11964181066E-001         F               0         Blade 1 X orientation angle, node 13, rad
        239     3.79556789994E-002,   7.96415925026E-001,  -6.03556990623E-001         F               0         Blade 1 Y orientation angle, node 13, rad
        240     1.68713554740E-001,   5.90214133263E-001,   7.89419412613E-001         F               0         Blade 1 Z orientation angle, node 13, rad
        241     9.85201776028E-001,  -1.25532150269E-001,  -1.16701006889E-001         F               0         Blade 1 X orientation angle, node 14, rad
        242     3.02189327776E-002,   7.97426462173E-001,  -6.02658987045E-001         F               0         Blade 1 Y orientation angle, node 14, rad
        243     1.68713554740E-001,   5.90214133263E-001,   7.89419412613E-001         F               0         Blade 1 Z orientation angle, node 14, rad
        244     9.85388755798E-001,  -1.19962044060E-001,  -1.20905481279E-001         F               0         Blade 1 X orientation angle, node 15, rad
        245     2.33402494341E-002,   7.98283398151E-001,  -6.01829588413E-001         F               0         Blade 1 Y orientation angle, node 15, rad
        246     1.68713539839E-001,   5.90214133263E-001,   7.89419412613E-001         F               0         Blade 1 Z orientation angle, node 15, rad
        247     9.85515952110E-001,  -1.14943951368E-001,  -1.24684475362E-001         F               0         Blade 1 X orientation angle, node 16, rad
