
Linearized model: Predictions were generated on 31-Jan-2024 at 12:35:17 using OpenFAST, compiled as a 64-bit application using single precision at commit v3.5.1
 linked with  NWTC Subroutine Library; ElastoDyn; InflowWind; AeroDyn; ServoDyn; HydroDyn; MAP++ (<1.20.10>, <Oct-20-2023>)

Description from the FAST input file: CCT-9 Campign 4 model. Input files to be run with OpenFAST 3.5.0. GitHub branch from Lu Wang (https://github.com/luwang00/openfast/tree/dev) compiled on March 7, 2023.

Simulation information:
   Simulation time:                   506.9250 s
   Rotor Speed:                         0.8936 rad/s
   Azimuth:                             0.6522 rad
   Wind Speed:                         10.0000 m/s
   Number of continuous states:         0
   Number of discrete states:           0
   Number of constraint states:         0
   Number of inputs:                 1746
   Number of outputs:                   4
   Jacobians included in this file?    No

Order of inputs:
     Column   Operating Point                     Rotating Frame? Derivative Order Description
   ---------- ---------------                     --------------- ---------------- -----------
          1    8.508E+00                                 F               0         Tower X translation displacement, node 1, m
          2   -1.355E+00                                 F               0         Tower Y translation displacement, node 1, m
          3   -1.077E-01                                 F               0         Tower Z translation displacement, node 1, m
          4    8.744E+00                                 F               0         Tower X translation displacement, node 2, m
          5   -1.887E+00                                 F               0         Tower Y translation displacement, node 2, m
          6   -1.215E-01                                 F               0         Tower Z translation displacement, node 2, m
          7    8.994E+00                                 F               0         Tower X translation displacement, node 3, m
          8   -2.420E+00                                 F               0         Tower Y translation displacement, node 3, m
          9   -1.355E-01                                 F               0         Tower Z translation displacement, node 3, m
         10    9.254E+00                                 F               0         Tower X translation displacement, node 4, m
         11   -2.952E+00                                 F               0         Tower Y translation displacement, node 4, m
         12   -1.497E-01                                 F               0         Tower Z translation displacement, node 4, m
         13    9.522E+00                                 F               0         Tower X translation displacement, node 5, m
         14   -3.485E+00                                 F               0         Tower Y translation displacement, node 5, m
         15   -1.641E-01                                 F               0         Tower Z translation displacement, node 5, m
         16    9.795E+00                                 F               0         Tower X translation displacement, node 6, m
         17   -4.017E+00                                 F               0         Tower Y translation displacement, node 6, m
         18   -1.786E-01                                 F               0         Tower Z translation displacement, node 6, m
         19    1.007E+01                                 F               0         Tower X translation displacement, node 7, m
         20   -4.549E+00                                 F               0         Tower Y translation displacement, node 7, m
         21   -1.932E-01                                 F               0         Tower Z translation displacement, node 7, m
         22    1.035E+01                                 F               0         Tower X translation displacement, node 8, m
         23   -5.082E+00                                 F               0         Tower Y translation displacement, node 8, m
         24   -2.078E-01                                 F               0         Tower Z translation displacement, node 8, m
         25    1.064E+01                                 F               0         Tower X translation displacement, node 9, m
         26   -5.614E+00                                 F               0         Tower Y translation displacement, node 9, m
         27   -2.226E-01                                 F               0         Tower Z translation displacement, node 9, m
         28    1.092E+01                                 F               0         Tower X translation displacement, node 10, m
         29   -6.146E+00                                 F               0         Tower Y translation displacement, node 10, m
         30   -2.373E-01                                 F               0         Tower Z translation displacement, node 10, m
         31    1.121E+01                                 F               0         Tower X translation displacement, node 11, m
         32   -6.679E+00                                 F               0         Tower Y translation displacement, node 11, m
         33   -2.521E-01                                 F               0         Tower Z translation displacement, node 11, m
         34    9.998E-01,  7.495E-03, -1.841E-02         F               0         Tower X orientation angle, node 1, rad
         35   -6.692E-03,  9.990E-01,  4.325E-02         F               0         Tower Y orientation angle, node 1, rad
         36    1.872E-02, -4.312E-02,  9.989E-01         F               0         Tower Z orientation angle, node 1, rad
         37    9.998E-01,  7.539E-03, -1.943E-02         F               0         Tower X orientation angle, node 2, rad
         38   -6.692E-03,  9.990E-01,  4.325E-02         F               0         Tower Y orientation angle, node 2, rad
         39    1.974E-02, -4.311E-02,  9.989E-01         F               0         Tower Z orientation angle, node 2, rad
         40    9.998E-01,  7.576E-03, -2.031E-02         F               0         Tower X orientation angle, node 3, rad
         41   -6.692E-03,  9.990E-01,  4.325E-02         F               0         Tower Y orientation angle, node 3, rad
         42    2.061E-02, -4.310E-02,  9.989E-01         F               0         Tower Z orientation angle, node 3, rad
         43    9.998E-01,  7.607E-03, -2.103E-02         F               0         Tower X orientation angle, node 4, rad
         44   -6.692E-03,  9.990E-01,  4.325E-02         F               0         Tower Y orientation angle, node 4, rad
         45    2.133E-02, -4.310E-02,  9.988E-01         F               0         Tower Z orientation angle, node 4, rad
         46    9.997E-01,  7.632E-03, -2.159E-02         F               0         Tower X orientation angle, node 5, rad
         47   -6.692E-03,  9.990E-01,  4.325E-02         F               0         Tower Y orientation angle, node 5, rad
         48    2.190E-02, -4.309E-02,  9.988E-01         F               0         Tower Z orientation angle, node 5, rad
         49    9.997E-01,  7.651E-03, -2.203E-02         F               0         Tower X orientation angle, node 6, rad
         50   -6.692E-03,  9.990E-01,  4.325E-02         F               0         Tower Y orientation angle, node 6, rad
         51    2.234E-02, -4.309E-02,  9.988E-01         F               0         Tower Z orientation angle, node 6, rad
         52    9.997E-01,  7.664E-03, -2.233E-02         F               0         Tower X orientation angle, node 7, rad
         53   -6.692E-03,  9.990E-01,  4.325E-02         F               0         Tower Y orientation angle, node 7, rad
         54    2.264E-02, -4.309E-02,  9.988E-01         F               0         Tower Z orientation angle, node 7, rad
         55    9.997E-01,  7.673E-03, -2.254E-02         F               0         Tower X orientation angle, node 8, rad
         56   -6.692E-03,  9.990E-01,  4.325E-02         F               0         Tower Y orientation angle, node 8, rad
         57    2.285E-02, -4.308E-02,  9.988E-01         F               0         Tower Z orientation angle, node 8, rad
         58    9.997E-01,  7.678E-03, -2.267E-02         F               0         Tower X orientation angle, node 9, rad
         59   -6.692E-03,  9.990E-01,  4.325E-02         F               0         Tower Y orientation angle, node 9, rad
         60    2.298E-02, -4.308E-02,  9.988E-01         F               0         Tower Z orientation angle, node 9, rad
         61    9.997E-01,  7.681E-03, -2.274E-02         F               0         Tower X orientation angle, node 10, rad
         62   -6.692E-03,  9.990E-01,  4.325E-02         F               0         Tower Y orientation angle, node 10, rad
         63    2.305E-02, -4.308E-02,  9.988E-01         F               0         Tower Z orientation angle, node 10, rad
         64    9.997E-01,  7.683E-03, -2.277E-02         F               0         Tower X orientation angle, node 11, rad
         65   -6.692E-03,  9.990E-01,  4.325E-02         F               0         Tower Y orientation angle, node 11, rad
         66    2.308E-02, -4.308E-02,  9.988E-01         F               0         Tower Z orientation angle, node 11, rad
         67   -2.542E-03                                 F               0         Tower X translation velocity, node 1, m/s
         68   -7.472E-07                                 F               0         Tower Y translation velocity, node 1, m/s
         69   -7.302E-03                                 F               0         Tower Z translation velocity, node 1, m/s
         70   -2.539E-03                                 F               0         Tower X translation velocity, node 2, m/s
         71   -1.224E-06                                 F               0         Tower Y translation velocity, node 2, m/s
         72   -7.302E-03                                 F               0         Tower Z translation velocity, node 2, m/s
         73   -2.521E-03                                 F               0         Tower X translation velocity, node 3, m/s
         74   -1.626E-06                                 F               0         Tower Y translation velocity, node 3, m/s
         75   -7.302E-03                                 F               0         Tower Z translation velocity, node 3, m/s
         76   -2.491E-03                                 F               0         Tower X translation velocity, node 4, m/s
         77   -1.958E-06                                 F               0         Tower Y translation velocity, node 4, m/s
         78   -7.303E-03                                 F               0         Tower Z translation velocity, node 4, m/s
         79   -2.450E-03                                 F               0         Tower X translation velocity, node 5, m/s
         80   -2.220E-06                                 F               0         Tower Y translation velocity, node 5, m/s
         81   -7.304E-03                                 F               0         Tower Z translation velocity, node 5, m/s
         82   -2.399E-03                                 F               0         Tower X translation velocity, node 6, m/s
         83   -2.413E-06                                 F               0         Tower Y translation velocity, node 6, m/s
         84   -7.305E-03                                 F               0         Tower Z translation velocity, node 6, m/s
         85   -2.339E-03                                 F               0         Tower X translation velocity, node 7, m/s
         86   -2.547E-06                                 F               0         Tower Y translation velocity, node 7, m/s
         87   -7.306E-03                                 F               0         Tower Z translation velocity, node 7, m/s
         88   -2.270E-03                                 F               0         Tower X translation velocity, node 8, m/s
         89   -2.622E-06                                 F               0         Tower Y translation velocity, node 8, m/s
         90   -7.308E-03                                 F               0         Tower Z translation velocity, node 8, m/s
         91   -2.194E-03                                 F               0         Tower X translation velocity, node 9, m/s
         92   -2.647E-06                                 F               0         Tower Y translation velocity, node 9, m/s
         93   -7.310E-03                                 F               0         Tower Z translation velocity, node 9, m/s
         94   -2.113E-03                                 F               0         Tower X translation velocity, node 10, m/s
         95   -2.633E-06                                 F               0         Tower Y translation velocity, node 10, m/s
         96   -7.312E-03                                 F               0         Tower Z translation velocity, node 10, m/s
         97   -2.028E-03                                 F               0         Tower X translation velocity, node 11, m/s
         98   -2.594E-06                                 F               0         Tower Y translation velocity, node 11, m/s
         99   -7.314E-03                                 F               0         Tower Z translation velocity, node 11, m/s
        100    1.139E+01                                 F               0         Hub X translation displacement, node 1, m
        101   -7.100E+00                                 F               0         Hub Y translation displacement, node 1, m
        102   -1.554E-02                                 F               0         Hub Z translation displacement, node 1, m
        103    9.918E-01,  1.214E-02, -1.270E-01         F               0         Hub X orientation angle, node 1, rad
        104    7.204E-02,  7.685E-01,  6.358E-01         F               0         Hub Y orientation angle, node 1, rad
        105    1.054E-01, -6.398E-01,  7.613E-01         F               0         Hub Z orientation angle, node 1, rad
        106    8.863E-01                                 F               0         Hub X rotation velocity, node 1, rad/s
        107    1.086E-02                                 F               0         Hub Y rotation velocity, node 1, rad/s
        108   -1.135E-01                                 F               0         Hub Z rotation velocity, node 1, rad/s
        109    9.892E-01, -1.066E-02, -1.459E-01         F               0         Blade root 1 X orientation angle, node 1, rad
        110    1.014E-01,  7.685E-01,  6.318E-01         F               0         Blade root 1 Y orientation angle, node 1, rad
        111    1.054E-01, -6.398E-01,  7.613E-01         F               0         Blade root 1 Z orientation angle, node 1, rad
        112    9.897E-01,  3.997E-02, -1.371E-01         F               0         Blade root 2 X orientation angle, node 1, rad
        113    8.462E-02, -9.375E-01,  3.375E-01         F               0         Blade root 2 Y orientation angle, node 1, rad
        114   -1.151E-01, -3.456E-01, -9.313E-01         F               0         Blade root 2 Z orientation angle, node 1, rad
        115    9.952E-01,  7.100E-03, -9.800E-02         F               0         Blade root 3 X orientation angle, node 1, rad
        116   -9.778E-02,  1.701E-01, -9.806E-01         F               0         Blade root 3 Y orientation angle, node 1, rad
        117    9.711E-03,  9.854E-01,  1.700E-01         F               0         Blade root 3 Z orientation angle, node 1, rad
        118    1.140E+01                                 F               0         Blade 1 X translation displacement, node 1, m
        119   -1.064E+01                                 F               0         Blade 1 Y translation displacement, node 1, m
        120   -1.308E+00                                 F               0         Blade 1 Z translation displacement, node 1, m
        121    1.140E+01                                 F               0         Blade 1 X translation displacement, node 2, m
        122   -1.150E+01                                 F               0         Blade 1 Y translation displacement, node 2, m
        123   -1.619E+00                                 F               0         Blade 1 Z translation displacement, node 2, m
        124    1.141E+01                                 F               0         Blade 1 X translation displacement, node 3, m
        125   -2.311E+01                                 F               0         Blade 1 Y translation displacement, node 3, m
        126   -5.853E+00                                 F               0         Blade 1 Z translation displacement, node 3, m
        127    1.142E+01                                 F               0         Blade 1 X translation displacement, node 4, m
        128   -2.559E+01                                 F               0         Blade 1 Y translation displacement, node 4, m
        129   -6.754E+00                                 F               0         Blade 1 Z translation displacement, node 4, m
        130    1.142E+01                                 F               0         Blade 1 X translation displacement, node 5, m
        131   -2.806E+01                                 F               0         Blade 1 Y translation displacement, node 5, m
        132   -7.657E+00                                 F               0         Blade 1 Z translation displacement, node 5, m
        133    1.142E+01                                 F               0         Blade 1 X translation displacement, node 6, m
        134   -3.054E+01                                 F               0         Blade 1 Y translation displacement, node 6, m
        135   -8.559E+00                                 F               0         Blade 1 Z translation displacement, node 6, m
        136    1.142E+01                                 F               0         Blade 1 X translation displacement, node 7, m
        137   -3.301E+01                                 F               0         Blade 1 Y translation displacement, node 7, m
        138   -9.461E+00                                 F               0         Blade 1 Z translation displacement, node 7, m
        139    1.143E+01                                 F               0         Blade 1 X translation displacement, node 8, m
        140   -3.548E+01                                 F               0         Blade 1 Y translation displacement, node 8, m
        141   -1.036E+01                                 F               0         Blade 1 Z translation displacement, node 8, m
        142    1.143E+01                                 F               0         Blade 1 X translation displacement, node 9, m
        143   -3.796E+01                                 F               0         Blade 1 Y translation displacement, node 9, m
        144   -1.126E+01                                 F               0         Blade 1 Z translation displacement, node 9, m
        145    1.143E+01                                 F               0         Blade 1 X translation displacement, node 10, m
        146   -4.043E+01                                 F               0         Blade 1 Y translation displacement, node 10, m
        147   -1.217E+01                                 F               0         Blade 1 Z translation displacement, node 10, m
        148    1.144E+01                                 F               0         Blade 1 X translation displacement, node 11, m
        149   -4.291E+01                                 F               0         Blade 1 Y translation displacement, node 11, m
        150   -1.307E+01                                 F               0         Blade 1 Z translation displacement, node 11, m
        151    1.144E+01                                 F               0         Blade 1 X translation displacement, node 12, m
        152   -4.538E+01                                 F               0         Blade 1 Y translation displacement, node 12, m
        153   -1.397E+01                                 F               0         Blade 1 Z translation displacement, node 12, m
        154    1.144E+01                                 F               0         Blade 1 X translation displacement, node 13, m
        155   -4.786E+01                                 F               0         Blade 1 Y translation displacement, node 13, m
        156   -1.487E+01                                 F               0         Blade 1 Z translation displacement, node 13, m
        157    1.145E+01                                 F               0         Blade 1 X translation displacement, node 14, m
        158   -5.033E+01                                 F               0         Blade 1 Y translation displacement, node 14, m
        159   -1.577E+01                                 F               0         Blade 1 Z translation displacement, node 14, m
        160    1.145E+01                                 F               0         Blade 1 X translation displacement, node 15, m
        161   -5.281E+01                                 F               0         Blade 1 Y translation displacement, node 15, m
        162   -1.668E+01                                 F               0         Blade 1 Z translation displacement, node 15, m
        163    1.145E+01                                 F               0         Blade 1 X translation displacement, node 16, m
        164   -5.528E+01                                 F               0         Blade 1 Y translation displacement, node 16, m
        165   -1.758E+01                                 F               0         Blade 1 Z translation displacement, node 16, m
        166    1.146E+01                                 F               0         Blade 1 X translation displacement, node 17, m
        167   -5.775E+01                                 F               0         Blade 1 Y translation displacement, node 17, m
        168   -1.848E+01                                 F               0         Blade 1 Z translation displacement, node 17, m
        169    1.146E+01                                 F               0         Blade 1 X translation displacement, node 18, m
        170   -6.023E+01                                 F               0         Blade 1 Y translation displacement, node 18, m
        171   -1.938E+01                                 F               0         Blade 1 Z translation displacement, node 18, m
        172    1.146E+01                                 F               0         Blade 1 X translation displacement, node 19, m
        173   -6.270E+01                                 F               0         Blade 1 Y translation displacement, node 19, m
        174   -2.029E+01                                 F               0         Blade 1 Z translation displacement, node 19, m
        175    1.147E+01                                 F               0         Blade 1 X translation displacement, node 20, m
        176   -6.518E+01                                 F               0         Blade 1 Y translation displacement, node 20, m
        177   -2.119E+01                                 F               0         Blade 1 Z translation displacement, node 20, m
        178    1.147E+01                                 F               0         Blade 1 X translation displacement, node 21, m
        179   -6.765E+01                                 F               0         Blade 1 Y translation displacement, node 21, m
        180   -2.209E+01                                 F               0         Blade 1 Z translation displacement, node 21, m
        181    1.147E+01                                 F               0         Blade 1 X translation displacement, node 22, m
        182   -7.013E+01                                 F               0         Blade 1 Y translation displacement, node 22, m
        183   -2.299E+01                                 F               0         Blade 1 Z translation displacement, node 22, m
        184    1.148E+01                                 F               0         Blade 1 X translation displacement, node 23, m
        185   -7.260E+01                                 F               0         Blade 1 Y translation displacement, node 23, m
        186   -2.389E+01                                 F               0         Blade 1 Z translation displacement, node 23, m
        187    1.148E+01                                 F               0         Blade 1 X translation displacement, node 24, m
        188   -7.508E+01                                 F               0         Blade 1 Y translation displacement, node 24, m
        189   -2.480E+01                                 F               0         Blade 1 Z translation displacement, node 24, m
        190    1.148E+01                                 F               0         Blade 1 X translation displacement, node 25, m
        191   -7.755E+01                                 F               0         Blade 1 Y translation displacement, node 25, m
        192   -2.570E+01                                 F               0         Blade 1 Z translation displacement, node 25, m
        193    1.149E+01                                 F               0         Blade 1 X translation displacement, node 26, m
        194   -8.003E+01                                 F               0         Blade 1 Y translation displacement, node 26, m
        195   -2.660E+01                                 F               0         Blade 1 Z translation displacement, node 26, m
        196    1.149E+01                                 F               0         Blade 1 X translation displacement, node 27, m
        197   -8.250E+01                                 F               0         Blade 1 Y translation displacement, node 27, m
        198   -2.750E+01                                 F               0         Blade 1 Z translation displacement, node 27, m
        199    1.149E+01                                 F               0         Blade 1 X translation displacement, node 28, m
        200   -8.460E+01                                 F               0         Blade 1 Y translation displacement, node 28, m
        201   -2.827E+01                                 F               0         Blade 1 Z translation displacement, node 28, m
        202    8.342E-01, -3.599E-01, -4.179E-01         F               0         Blade 1 X orientation angle, node 1, rad
        203    5.414E-01,  6.791E-01,  4.958E-01         F               0         Blade 1 Y orientation angle, node 1, rad
        204    1.054E-01, -6.398E-01,  7.613E-01         F               0         Blade 1 Z orientation angle, node 1, rad
        205    8.342E-01, -3.599E-01, -4.179E-01         F               0         Blade 1 X orientation angle, node 2, rad
        206    5.414E-01,  6.791E-01,  4.958E-01         F               0         Blade 1 Y orientation angle, node 2, rad
        207    1.054E-01, -6.398E-01,  7.613E-01         F               0         Blade 1 Z orientation angle, node 2, rad
        208    9.387E-01, -1.887E-01, -2.885E-01         F               0         Blade 1 X orientation angle, node 3, rad
        209    3.283E-01,  7.450E-01,  5.807E-01         F               0         Blade 1 Y orientation angle, node 3, rad
        210    1.054E-01, -6.398E-01,  7.613E-01         F               0         Blade 1 Z orientation angle, node 3, rad
        211    9.517E-01, -1.571E-01, -2.637E-01         F               0         Blade 1 X orientation angle, node 4, rad
        212    2.883E-01,  7.523E-01,  5.923E-01         F               0         Blade 1 Y orientation angle, node 4, rad
        213    1.054E-01, -6.398E-01,  7.613E-01         F               0         Blade 1 Z orientation angle, node 4, rad
        214    9.608E-01, -1.321E-01, -2.439E-01         F               0         Blade 1 X orientation angle, node 5, rad
        215    2.566E-01,  7.571E-01,  6.008E-01         F               0         Blade 1 Y orientation angle, node 5, rad
        216    1.054E-01, -6.398E-01,  7.613E-01         F               0         Blade 1 Z orientation angle, node 5, rad
        217    9.672E-01, -1.119E-01, -2.279E-01         F               0         Blade 1 X orientation angle, node 6, rad
        218    2.310E-01,  7.604E-01,  6.070E-01         F               0         Blade 1 Y orientation angle, node 6, rad
        219    1.054E-01, -6.398E-01,  7.613E-01         F               0         Blade 1 Z orientation angle, node 6, rad
        220    9.720E-01, -9.532E-02, -2.146E-01         F               0         Blade 1 X orientation angle, node 7, rad
        221    2.099E-01,  7.626E-01,  6.119E-01         F               0         Blade 1 Y orientation angle, node 7, rad
        222    1.054E-01, -6.398E-01,  7.613E-01         F               0         Blade 1 Z orientation angle, node 7, rad
        223    9.757E-01, -8.146E-02, -2.035E-01         F               0         Blade 1 X orientation angle, node 8, rad
        224    1.922E-01,  7.642E-01,  6.156E-01         F               0         Blade 1 Y orientation angle, node 8, rad
        225    1.054E-01, -6.398E-01,  7.613E-01         F               0         Blade 1 Z orientation angle, node 8, rad
        226    9.785E-01, -6.972E-02, -1.940E-01         F               0         Blade 1 X orientation angle, node 9, rad
        227    1.772E-01,  7.654E-01,  6.187E-01         F               0         Blade 1 Y orientation angle, node 9, rad
        228    1.054E-01, -6.398E-01,  7.613E-01         F               0         Blade 1 Z orientation angle, node 9, rad
        229    9.808E-01, -5.956E-02, -1.858E-01         F               0         Blade 1 X orientation angle, node 10, rad
        230    1.642E-01,  7.662E-01,  6.212E-01         F               0         Blade 1 Y orientation angle, node 10, rad
        231    1.054E-01, -6.398E-01,  7.613E-01         F               0         Blade 1 Z orientation angle, node 10, rad
        232    9.826E-01, -5.086E-02, -1.787E-01         F               0         Blade 1 X orientation angle, node 11, rad
        233    1.531E-01,  7.669E-01,  6.233E-01         F               0         Blade 1 Y orientation angle, node 11, rad
        234    1.054E-01, -6.398E-01,  7.613E-01         F               0         Blade 1 Z orientation angle, node 11, rad
        235    9.841E-01, -4.323E-02, -1.725E-01         F               0         Blade 1 X orientation angle, node 12, rad
        236    1.433E-01,  7.673E-01,  6.250E-01         F               0         Blade 1 Y orientation angle, node 12, rad
        237    1.054E-01, -6.398E-01,  7.613E-01         F               0         Blade 1 Z orientation angle, node 12, rad
        238    9.853E-01, -3.653E-02, -1.670E-01         F               0         Blade 1 X orientation angle, node 13, rad
        239    1.347E-01,  7.677E-01,  6.265E-01         F               0         Blade 1 Y orientation angle, node 13, rad
        240    1.054E-01, -6.398E-01,  7.613E-01         F               0         Blade 1 Z orientation angle, node 13, rad
        241    9.863E-01, -3.050E-02, -1.621E-01         F               0         Blade 1 X orientation angle, node 14, rad
        242    1.269E-01,  7.679E-01,  6.278E-01         F               0         Blade 1 Y orientation angle, node 14, rad
        243    1.054E-01, -6.398E-01,  7.613E-01         F               0         Blade 1 Z orientation angle, node 14, rad
        244    9.872E-01, -2.514E-02, -1.577E-01         F               0         Blade 1 X orientation angle, node 15, rad
        245    1.201E-01,  7.681E-01,  6.289E-01         F               0         Blade 1 Y orientation angle, node 15, rad
        246    1.054E-01, -6.398E-01,  7.613E-01         F               0         Blade 1 Z orientation angle, node 15, rad
        247    9.879E-01, -2.031E-02, -1.538E-01         F               0         Blade 1 X orientation angle, node 16, rad
        248    1.139E-01,  7.683E-01,  6.299E-01         F               0         Blade 1 Y orientation angle, node 16, rad
        249    1.054E-01, -6.398E-01,  7.613E-01         F               0         Blade 1 Z orientation angle, node 16, rad
        250    9.885E-01, -1.602E-02, -1.503E-01         F               0         Blade 1 X orientation angle, node 17, rad
        251    1.083E-01,  7.684E-01,  6.308E-01         F               0         Blade 1 Y orientation angle, node 17, rad
        252    1.054E-01, -6.398E-01,  7.613E-01         F               0         Blade 1 Z orientation angle, node 17, rad
        253    9.891E-01, -1.200E-02, -1.470E-01         F               0         Blade 1 X orientation angle, node 18, rad
        254    1.032E-01,  7.685E-01,  6.315E-01         F               0         Blade 1 Y orientation angle, node 18, rad
        255    1.054E-01, -6.398E-01,  7.613E-01         F               0         Blade 1 Z orientation angle, node 18, rad
        256    9.895E-01, -8.379E-03, -1.440E-01         F               0         Blade 1 X orientation angle, node 19, rad
        257    9.849E-02,  7.685E-01,  6.322E-01         F               0         Blade 1 Y orientation angle, node 19, rad
        258    1.054E-01, -6.398E-01,  7.613E-01         F               0         Blade 1 Z orientation angle, node 19, rad
        259    9.899E-01, -5.159E-03, -1.413E-01         F               0         Blade 1 X orientation angle, node 20, rad
        260    9.435E-02,  7.685E-01,  6.328E-01         F               0         Blade 1 Y orientation angle, node 20, rad
        261    1.054E-01, -6.398E-01,  7.613E-01         F               0         Blade 1 Z orientation angle, node 20, rad
        262    9.903E-01, -2.074E-03, -1.388E-01         F               0         Blade 1 X orientation angle, node 21, rad
        263    9.037E-02,  7.686E-01,  6.334E-01         F               0         Blade 1 Y orientation angle, node 21, rad
        264    1.054E-01, -6.398E-01,  7.613E-01         F               0         Blade 1 Z orientation angle, node 21, rad
        265    9.906E-01,  7.426E-04, -1.365E-01         F               0         Blade 1 X orientation angle, node 22, rad
        266    8.674E-02,  7.686E-01,  6.339E-01         F               0         Blade 1 Y orientation angle, node 22, rad
        267    1.054E-01, -6.398E-01,  7.613E-01         F               0         Blade 1 Z orientation angle, node 22, rad
        268    9.909E-01,  3.291E-03, -1.344E-01         F               0         Blade 1 X orientation angle, node 23, rad
        269    8.346E-02,  7.685E-01,  6.343E-01         F               0         Blade 1 Y orientation angle, node 23, rad
        270    1.054E-01, -6.398E-01,  7.613E-01         F               0         Blade 1 Z orientation angle, node 23, rad
        271    9.912E-01,  5.706E-03, -1.324E-01         F               0         Blade 1 X orientation angle, node 24, rad
        272    8.034E-02,  7.685E-01,  6.347E-01         F               0         Blade 1 Y orientation angle, node 24, rad
        273    1.054E-01, -6.398E-01,  7.613E-01         F               0         Blade 1 Z orientation angle, node 24, rad
        274    9.914E-01,  7.986E-03, -1.305E-01         F               0         Blade 1 X orientation angle, node 25, rad
        275    7.740E-02,  7.685E-01,  6.351E-01         F               0         Blade 1 Y orientation angle, node 25, rad
        276    1.054E-01, -6.398E-01,  7.613E-01         F               0         Blade 1 Z orientation angle, node 25, rad
        277    9.916E-01,  9.998E-03, -1.288E-01         F               0         Blade 1 X orientation angle, node 26, rad
        278    7.481E-02,  7.685E-01,  6.355E-01         F               0         Blade 1 Y orientation angle, node 26, rad
        279    1.054E-01, -6.398E-01,  7.613E-01         F               0         Blade 1 Z orientation angle, node 26, rad
        280    9.918E-01,  1.201E-02, -1.272E-01         F               0         Blade 1 X orientation angle, node 27, rad
        281    7.221E-02,  7.685E-01,  6.358E-01         F               0         Blade 1 Y orientation angle, node 27, rad
        282    1.054E-01, -6.398E-01,  7.613E-01         F               0         Blade 1 Z orientation angle, node 27, rad
        283    9.919E-01,  1.308E-02, -1.263E-01         F               0         Blade 1 X orientation angle, node 28, rad
        284    7.083E-02,  7.684E-01,  6.360E-01         F               0         Blade 1 Y orientation angle, node 28, rad
        285    1.054E-01, -6.398E-01,  7.613E-01         F               0         Blade 1 Z orientation angle, node 28, rad
        286   -3.586E-01                                 F               0         Blade 1 X translation velocity, node 1, m/s
        287   -3.804E+00                                 F               0         Blade 1 Y translation velocity, node 1, m/s
        288   -3.155E+00                                 F               0         Blade 1 Z translation velocity, node 1, m/s
        289   -4.445E-01                                 F               0         Blade 1 X translation velocity, node 2, m/s
        290   -4.721E+00                                 F               0         Blade 1 Y translation velocity, node 2, m/s
        291   -3.913E+00                                 F               0         Blade 1 Z translation velocity, node 2, m/s
        292   -1.613E+00                                 F               0         Blade 1 X translation velocity, node 3, m/s
        293   -1.719E+01                                 F               0         Blade 1 Y translation velocity, node 3, m/s
        294   -1.423E+01                                 F               0         Blade 1 Z translation velocity, node 3, m/s
        295   -1.862E+00                                 F               0         Blade 1 X translation velocity, node 4, m/s
        296   -1.984E+01                                 F               0         Blade 1 Y translation velocity, node 4, m/s
        297   -1.642E+01                                 F               0         Blade 1 Z translation velocity, node 4, m/s
        298   -2.111E+00                                 F               0         Blade 1 X translation velocity, node 5, m/s
        299   -2.250E+01                                 F               0         Blade 1 Y translation velocity, node 5, m/s
        300   -1.862E+01                                 F               0         Blade 1 Z translation velocity, node 5, m/s
        301   -2.360E+00                                 F               0         Blade 1 X translation velocity, node 6, m/s
        302   -2.515E+01                                 F               0         Blade 1 Y translation velocity, node 6, m/s
        303   -2.082E+01                                 F               0         Blade 1 Z translation velocity, node 6, m/s
        304   -2.609E+00                                 F               0         Blade 1 X translation velocity, node 7, m/s
        305   -2.781E+01                                 F               0         Blade 1 Y translation velocity, node 7, m/s
        306   -2.302E+01                                 F               0         Blade 1 Z translation velocity, node 7, m/s
        307   -2.858E+00                                 F               0         Blade 1 X translation velocity, node 8, m/s
