
Linearized model: Predictions were generated on 31-Jan-2024 at 12:35:17 using OpenFAST, compiled as a 64-bit application using single precision at commit v3.5.1
 linked with  NWTC Subroutine Library; ElastoDyn; InflowWind; AeroDyn; ServoDyn; HydroDyn; MAP++ (<1.20.10>, <Oct-20-2023>)

Description from the FAST input file: CCT-9 Campign 4 model. Input files to be run with OpenFAST 3.5.0. GitHub branch from Lu Wang (https://github.com/luwang00/openfast/tree/dev) compiled on March 7, 2023.

Simulation information:
   Simulation time:                   503.2250 s
   Rotor Speed:                         0.8939 rad/s
   Azimuth:                             3.6283 rad
   Wind Speed:                         10.0000 m/s
   Number of continuous states:         0
   Number of discrete states:           0
   Number of constraint states:         0
   Number of inputs:                 1746
   Number of outputs:                   4
   Jacobians included in this file?    No

Order of inputs:
     Column   Operating Point                     Rotating Frame? Derivative Order Description
   ---------- ---------------                     --------------- ---------------- -----------
          1    8.514E+00                                 F               0         Tower X translation displacement, node 1, m
          2   -1.355E+00                                 F               0         Tower Y translation displacement, node 1, m
          3   -7.919E-02                                 F               0         Tower Z translation displacement, node 1, m
          4    8.751E+00                                 F               0         Tower X translation displacement, node 2, m
          5   -1.887E+00                                 F               0         Tower Y translation displacement, node 2, m
          6   -9.295E-02                                 F               0         Tower Z translation displacement, node 2, m
          7    9.001E+00                                 F               0         Tower X translation displacement, node 3, m
          8   -2.420E+00                                 F               0         Tower Y translation displacement, node 3, m
          9   -1.070E-01                                 F               0         Tower Z translation displacement, node 3, m
         10    9.261E+00                                 F               0         Tower X translation displacement, node 4, m
         11   -2.952E+00                                 F               0         Tower Y translation displacement, node 4, m
         12   -1.212E-01                                 F               0         Tower Z translation displacement, node 4, m
         13    9.528E+00                                 F               0         Tower X translation displacement, node 5, m
         14   -3.485E+00                                 F               0         Tower Y translation displacement, node 5, m
         15   -1.355E-01                                 F               0         Tower Z translation displacement, node 5, m
         16    9.802E+00                                 F               0         Tower X translation displacement, node 6, m
         17   -4.017E+00                                 F               0         Tower Y translation displacement, node 6, m
         18   -1.501E-01                                 F               0         Tower Z translation displacement, node 6, m
         19    1.008E+01                                 F               0         Tower X translation displacement, node 7, m
         20   -4.549E+00                                 F               0         Tower Y translation displacement, node 7, m
         21   -1.646E-01                                 F               0         Tower Z translation displacement, node 7, m
         22    1.036E+01                                 F               0         Tower X translation displacement, node 8, m
         23   -5.082E+00                                 F               0         Tower Y translation displacement, node 8, m
         24   -1.793E-01                                 F               0         Tower Z translation displacement, node 8, m
         25    1.064E+01                                 F               0         Tower X translation displacement, node 9, m
         26   -5.614E+00                                 F               0         Tower Y translation displacement, node 9, m
         27   -1.940E-01                                 F               0         Tower Z translation displacement, node 9, m
         28    1.093E+01                                 F               0         Tower X translation displacement, node 10, m
         29   -6.146E+00                                 F               0         Tower Y translation displacement, node 10, m
         30   -2.088E-01                                 F               0         Tower Z translation displacement, node 10, m
         31    1.121E+01                                 F               0         Tower X translation displacement, node 11, m
         32   -6.679E+00                                 F               0         Tower Y translation displacement, node 11, m
         33   -2.235E-01                                 F               0         Tower Z translation displacement, node 11, m
         34    9.998E-01,  7.488E-03, -1.841E-02         F               0         Tower X orientation angle, node 1, rad
         35   -6.686E-03,  9.990E-01,  4.325E-02         F               0         Tower Y orientation angle, node 1, rad
         36    1.872E-02, -4.312E-02,  9.989E-01         F               0         Tower Z orientation angle, node 1, rad
         37    9.998E-01,  7.532E-03, -1.943E-02         F               0         Tower X orientation angle, node 2, rad
         38   -6.686E-03,  9.990E-01,  4.325E-02         F               0         Tower Y orientation angle, node 2, rad
         39    1.974E-02, -4.311E-02,  9.989E-01         F               0         Tower Z orientation angle, node 2, rad
         40    9.998E-01,  7.570E-03, -2.030E-02         F               0         Tower X orientation angle, node 3, rad
         41   -6.686E-03,  9.990E-01,  4.325E-02         F               0         Tower Y orientation angle, node 3, rad
         42    2.061E-02, -4.310E-02,  9.989E-01         F               0         Tower Z orientation angle, node 3, rad
         43    9.998E-01,  7.601E-03, -2.102E-02         F               0         Tower X orientation angle, node 4, rad
         44   -6.686E-03,  9.990E-01,  4.325E-02         F               0         Tower Y orientation angle, node 4, rad
         45    2.132E-02, -4.310E-02,  9.988E-01         F               0         Tower Z orientation angle, node 4, rad
         46    9.997E-01,  7.625E-03, -2.158E-02         F               0         Tower X orientation angle, node 5, rad
         47   -6.686E-03,  9.990E-01,  4.325E-02         F               0         Tower Y orientation angle, node 5, rad
         48    2.189E-02, -4.309E-02,  9.988E-01         F               0         Tower Z orientation angle, node 5, rad
         49    9.997E-01,  7.644E-03, -2.201E-02         F               0         Tower X orientation angle, node 6, rad
         50   -6.686E-03,  9.990E-01,  4.325E-02         F               0         Tower Y orientation angle, node 6, rad
         51    2.232E-02, -4.309E-02,  9.988E-01         F               0         Tower Z orientation angle, node 6, rad
         52    9.997E-01,  7.657E-03, -2.232E-02         F               0         Tower X orientation angle, node 7, rad
         53   -6.686E-03,  9.990E-01,  4.325E-02         F               0         Tower Y orientation angle, node 7, rad
         54    2.263E-02, -4.309E-02,  9.988E-01         F               0         Tower Z orientation angle, node 7, rad
         55    9.997E-01,  7.666E-03, -2.252E-02         F               0         Tower X orientation angle, node 8, rad
         56   -6.686E-03,  9.990E-01,  4.325E-02         F               0         Tower Y orientation angle, node 8, rad
         57    2.283E-02, -4.308E-02,  9.988E-01         F               0         Tower Z orientation angle, node 8, rad
         58    9.997E-01,  7.671E-03, -2.265E-02         F               0         Tower X orientation angle, node 9, rad
         59   -6.686E-03,  9.990E-01,  4.325E-02         F               0         Tower Y orientation angle, node 9, rad
         60    2.296E-02, -4.308E-02,  9.988E-01         F               0         Tower Z orientation angle, node 9, rad
         61    9.997E-01,  7.674E-03, -2.272E-02         F               0         Tower X orientation angle, node 10, rad
         62   -6.686E-03,  9.990E-01,  4.325E-02         F               0         Tower Y orientation angle, node 10, rad
         63    2.303E-02, -4.308E-02,  9.988E-01         F               0         Tower Z orientation angle, node 10, rad
         64    9.997E-01,  7.676E-03, -2.275E-02         F               0         Tower X orientation angle, node 11, rad
         65   -6.686E-03,  9.990E-01,  4.325E-02         F               0         Tower Y orientation angle, node 11, rad
         66    2.306E-02, -4.308E-02,  9.988E-01         F               0         Tower Z orientation angle, node 11, rad
         67   -1.039E-03                                 F               0         Tower X translation velocity, node 1, m/s
         68    1.437E-06                                 F               0         Tower Y translation velocity, node 1, m/s
         69   -6.029E-03                                 F               0         Tower Z translation velocity, node 1, m/s
         70   -1.043E-03                                 F               0         Tower X translation velocity, node 2, m/s
         71    2.377E-06                                 F               0         Tower Y translation velocity, node 2, m/s
         72   -6.029E-03                                 F               0         Tower Z translation velocity, node 2, m/s
         73   -1.066E-03                                 F               0         Tower X translation velocity, node 3, m/s
         74    3.235E-06                                 F               0         Tower Y translation velocity, node 3, m/s
         75   -6.029E-03                                 F               0         Tower Z translation velocity, node 3, m/s
         76   -1.104E-03                                 F               0         Tower X translation velocity, node 4, m/s
         77    4.019E-06                                 F               0         Tower Y translation velocity, node 4, m/s
         78   -6.028E-03                                 F               0         Tower Z translation velocity, node 4, m/s
         79   -1.155E-03                                 F               0         Tower X translation velocity, node 5, m/s
         80    4.727E-06                                 F               0         Tower Y translation velocity, node 5, m/s
         81   -6.027E-03                                 F               0         Tower Z translation velocity, node 5, m/s
         82   -1.220E-03                                 F               0         Tower X translation velocity, node 6, m/s
         83    5.362E-06                                 F               0         Tower Y translation velocity, node 6, m/s
         84   -6.025E-03                                 F               0         Tower Z translation velocity, node 6, m/s
         85   -1.295E-03                                 F               0         Tower X translation velocity, node 7, m/s
         86    5.932E-06                                 F               0         Tower Y translation velocity, node 7, m/s
         87   -6.024E-03                                 F               0         Tower Z translation velocity, node 7, m/s
         88   -1.380E-03                                 F               0         Tower X translation velocity, node 8, m/s
         89    6.440E-06                                 F               0         Tower Y translation velocity, node 8, m/s
         90   -6.022E-03                                 F               0         Tower Z translation velocity, node 8, m/s
         91   -1.473E-03                                 F               0         Tower X translation velocity, node 9, m/s
         92    6.894E-06                                 F               0         Tower Y translation velocity, node 9, m/s
         93   -6.020E-03                                 F               0         Tower Z translation velocity, node 9, m/s
         94   -1.572E-03                                 F               0         Tower X translation velocity, node 10, m/s
         95    7.306E-06                                 F               0         Tower Y translation velocity, node 10, m/s
         96   -6.017E-03                                 F               0         Tower Z translation velocity, node 10, m/s
         97   -1.675E-03                                 F               0         Tower X translation velocity, node 11, m/s
         98    7.691E-06                                 F               0         Tower Y translation velocity, node 11, m/s
         99   -6.015E-03                                 F               0         Tower Z translation velocity, node 11, m/s
        100    1.140E+01                                 F               0         Hub X translation displacement, node 1, m
        101   -7.100E+00                                 F               0         Hub Y translation displacement, node 1, m
        102    1.278E-02                                 F               0         Hub Z translation displacement, node 1, m
        103    9.918E-01,  1.214E-02, -1.270E-01         F               0         Hub X orientation angle, node 1, rad
        104   -5.370E-02, -8.633E-01, -5.017E-01         F               0         Hub Y orientation angle, node 1, rad
        105   -1.158E-01,  5.045E-01, -8.556E-01         F               0         Hub Z orientation angle, node 1, rad
        106    8.866E-01                                 F               0         Hub X rotation velocity, node 1, rad/s
        107    1.084E-02                                 F               0         Hub Y rotation velocity, node 1, rad/s
        108   -1.135E-01                                 F               0         Hub Z rotation velocity, node 1, rad/s
        109    9.930E-01,  3.774E-02, -1.121E-01         F               0         Blade root 1 X orientation angle, node 1, rad
        110   -2.425E-02, -8.626E-01, -5.053E-01         F               0         Blade root 1 Y orientation angle, node 1, rad
        111   -1.158E-01,  5.045E-01, -8.556E-01         F               0         Blade root 1 Z orientation angle, node 1, rad
        112    9.936E-01, -1.364E-02, -1.124E-01         F               0         Blade root 2 X orientation angle, node 1, rad
        113   -4.395E-02,  8.685E-01, -4.937E-01         F               0         Blade root 2 Y orientation angle, node 1, rad
        114    1.044E-01,  4.955E-01,  8.623E-01         F               0         Blade root 2 Z orientation angle, node 1, rad
        115    9.876E-01,  1.229E-02, -1.564E-01         F               0         Blade root 3 X orientation angle, node 1, rad
        116    1.565E-01, -4.839E-03,  9.877E-01         F               0         Blade root 3 Y orientation angle, node 1, rad
        117    1.138E-02, -9.999E-01, -6.701E-03         F               0         Blade root 3 Z orientation angle, node 1, rad
        118    1.018E+01                                 F               0         Blade 1 X translation displacement, node 1, m
        119   -4.305E+00                                 F               0         Blade 1 Y translation displacement, node 1, m
        120   -1.024E+01                                 F               0         Blade 1 Z translation displacement, node 1, m
        121    9.882E+00                                 F               0         Blade 1 X translation displacement, node 2, m
        122   -3.632E+00                                 F               0         Blade 1 Y translation displacement, node 2, m
        123   -1.271E+01                                 F               0         Blade 1 Z translation displacement, node 2, m
        124    5.883E+00                                 F               0         Blade 1 X translation displacement, node 3, m
        125    5.526E+00                                 F               0         Blade 1 Y translation displacement, node 3, m
        126   -4.629E+01                                 F               0         Blade 1 Z translation displacement, node 3, m
        127    5.031E+00                                 F               0         Blade 1 X translation displacement, node 4, m
        128    7.477E+00                                 F               0         Blade 1 Y translation displacement, node 4, m
        129   -5.345E+01                                 F               0         Blade 1 Z translation displacement, node 4, m
        130    4.179E+00                                 F               0         Blade 1 X translation displacement, node 5, m
        131    9.428E+00                                 F               0         Blade 1 Y translation displacement, node 5, m
        132   -6.060E+01                                 F               0         Blade 1 Z translation displacement, node 5, m
        133    3.327E+00                                 F               0         Blade 1 X translation displacement, node 6, m
        134    1.138E+01                                 F               0         Blade 1 Y translation displacement, node 6, m
        135   -6.776E+01                                 F               0         Blade 1 Z translation displacement, node 6, m
        136    2.475E+00                                 F               0         Blade 1 X translation displacement, node 7, m
        137    1.333E+01                                 F               0         Blade 1 Y translation displacement, node 7, m
        138   -7.492E+01                                 F               0         Blade 1 Z translation displacement, node 7, m
        139    1.623E+00                                 F               0         Blade 1 X translation displacement, node 8, m
        140    1.528E+01                                 F               0         Blade 1 Y translation displacement, node 8, m
        141   -8.207E+01                                 F               0         Blade 1 Z translation displacement, node 8, m
        142    7.714E-01                                 F               0         Blade 1 X translation displacement, node 9, m
        143    1.723E+01                                 F               0         Blade 1 Y translation displacement, node 9, m
        144   -8.923E+01                                 F               0         Blade 1 Z translation displacement, node 9, m
        145   -8.058E-02                                 F               0         Blade 1 X translation displacement, node 10, m
        146    1.918E+01                                 F               0         Blade 1 Y translation displacement, node 10, m
        147   -9.638E+01                                 F               0         Blade 1 Z translation displacement, node 10, m
        148   -9.325E-01                                 F               0         Blade 1 X translation displacement, node 11, m
        149    2.113E+01                                 F               0         Blade 1 Y translation displacement, node 11, m
        150   -1.035E+02                                 F               0         Blade 1 Z translation displacement, node 11, m
        151   -1.785E+00                                 F               0         Blade 1 X translation displacement, node 12, m
        152    2.309E+01                                 F               0         Blade 1 Y translation displacement, node 12, m
        153   -1.107E+02                                 F               0         Blade 1 Z translation displacement, node 12, m
        154   -2.637E+00                                 F               0         Blade 1 X translation displacement, node 13, m
        155    2.504E+01                                 F               0         Blade 1 Y translation displacement, node 13, m
        156   -1.179E+02                                 F               0         Blade 1 Z translation displacement, node 13, m
        157   -3.489E+00                                 F               0         Blade 1 X translation displacement, node 14, m
        158    2.699E+01                                 F               0         Blade 1 Y translation displacement, node 14, m
        159   -1.250E+02                                 F               0         Blade 1 Z translation displacement, node 14, m
        160   -4.341E+00                                 F               0         Blade 1 X translation displacement, node 15, m
        161    2.894E+01                                 F               0         Blade 1 Y translation displacement, node 15, m
        162   -1.322E+02                                 F               0         Blade 1 Z translation displacement, node 15, m
        163   -5.193E+00                                 F               0         Blade 1 X translation displacement, node 16, m
        164    3.089E+01                                 F               0         Blade 1 Y translation displacement, node 16, m
        165   -1.393E+02                                 F               0         Blade 1 Z translation displacement, node 16, m
        166   -6.045E+00                                 F               0         Blade 1 X translation displacement, node 17, m
        167    3.284E+01                                 F               0         Blade 1 Y translation displacement, node 17, m
        168   -1.465E+02                                 F               0         Blade 1 Z translation displacement, node 17, m
        169   -6.897E+00                                 F               0         Blade 1 X translation displacement, node 18, m
        170    3.479E+01                                 F               0         Blade 1 Y translation displacement, node 18, m
        171   -1.536E+02                                 F               0         Blade 1 Z translation displacement, node 18, m
        172   -7.749E+00                                 F               0         Blade 1 X translation displacement, node 19, m
        173    3.674E+01                                 F               0         Blade 1 Y translation displacement, node 19, m
        174   -1.608E+02                                 F               0         Blade 1 Z translation displacement, node 19, m
        175   -8.601E+00                                 F               0         Blade 1 X translation displacement, node 20, m
        176    3.869E+01                                 F               0         Blade 1 Y translation displacement, node 20, m
        177   -1.679E+02                                 F               0         Blade 1 Z translation displacement, node 20, m
        178   -9.453E+00                                 F               0         Blade 1 X translation displacement, node 21, m
        179    4.065E+01                                 F               0         Blade 1 Y translation displacement, node 21, m
        180   -1.751E+02                                 F               0         Blade 1 Z translation displacement, node 21, m
        181   -1.030E+01                                 F               0         Blade 1 X translation displacement, node 22, m
        182    4.260E+01                                 F               0         Blade 1 Y translation displacement, node 22, m
        183   -1.823E+02                                 F               0         Blade 1 Z translation displacement, node 22, m
        184   -1.116E+01                                 F               0         Blade 1 X translation displacement, node 23, m
        185    4.455E+01                                 F               0         Blade 1 Y translation displacement, node 23, m
        186   -1.894E+02                                 F               0         Blade 1 Z translation displacement, node 23, m
        187   -1.201E+01                                 F               0         Blade 1 X translation displacement, node 24, m
        188    4.650E+01                                 F               0         Blade 1 Y translation displacement, node 24, m
        189   -1.966E+02                                 F               0         Blade 1 Z translation displacement, node 24, m
        190   -1.286E+01                                 F               0         Blade 1 X translation displacement, node 25, m
        191    4.845E+01                                 F               0         Blade 1 Y translation displacement, node 25, m
        192   -2.037E+02                                 F               0         Blade 1 Z translation displacement, node 25, m
        193   -1.371E+01                                 F               0         Blade 1 X translation displacement, node 26, m
        194    5.040E+01                                 F               0         Blade 1 Y translation displacement, node 26, m
        195   -2.109E+02                                 F               0         Blade 1 Z translation displacement, node 26, m
        196   -1.456E+01                                 F               0         Blade 1 X translation displacement, node 27, m
        197    5.235E+01                                 F               0         Blade 1 Y translation displacement, node 27, m
        198   -2.180E+02                                 F               0         Blade 1 Z translation displacement, node 27, m
        199   -1.529E+01                                 F               0         Blade 1 X translation displacement, node 28, m
        200    5.401E+01                                 F               0         Blade 1 Y translation displacement, node 28, m
        201   -2.241E+02                                 F               0         Blade 1 Z translation displacement, node 28, m
        202    8.948E-01,  4.270E-01,  1.307E-01         F               0         Blade 1 X orientation angle, node 1, rad
        203    4.312E-01, -7.505E-01, -5.008E-01         F               0         Blade 1 Y orientation angle, node 1, rad
        204   -1.158E-01,  5.045E-01, -8.556E-01         F               0         Blade 1 Z orientation angle, node 1, rad
        205    8.948E-01,  4.270E-01,  1.307E-01         F               0         Blade 1 X orientation angle, node 2, rad
        206    4.312E-01, -7.505E-01, -5.008E-01         F               0         Blade 1 Y orientation angle, node 2, rad
        207   -1.158E-01,  5.045E-01, -8.556E-01         F               0         Blade 1 Z orientation angle, node 2, rad
        208    9.715E-01,  2.369E-01,  8.245E-03         F               0         Blade 1 X orientation angle, node 3, rad
        209    2.069E-01, -8.303E-01, -5.175E-01         F               0         Blade 1 Y orientation angle, node 3, rad
        210   -1.158E-01,  5.045E-01, -8.556E-01         F               0         Blade 1 Z orientation angle, node 3, rad
        211    9.794E-01,  2.016E-01, -1.361E-02         F               0         Blade 1 X orientation angle, node 4, rad
        212    1.657E-01, -8.396E-01, -5.174E-01         F               0         Blade 1 Y orientation angle, node 4, rad
        213   -1.158E-01,  5.045E-01, -8.556E-01         F               0         Blade 1 Z orientation angle, node 4, rad
        214    9.843E-01,  1.737E-01, -3.076E-02         F               0         Blade 1 X orientation angle, node 5, rad
        215    1.331E-01, -8.458E-01, -5.167E-01         F               0         Blade 1 Y orientation angle, node 5, rad
        216   -1.158E-01,  5.045E-01, -8.556E-01         F               0         Blade 1 Z orientation angle, node 5, rad
        217    9.875E-01,  1.512E-01, -4.445E-02         F               0         Blade 1 X orientation angle, node 6, rad
        218    1.069E-01, -8.501E-01, -5.157E-01         F               0         Blade 1 Y orientation angle, node 6, rad
        219   -1.158E-01,  5.045E-01, -8.556E-01         F               0         Blade 1 Z orientation angle, node 6, rad
        220    9.896E-01,  1.326E-01, -5.569E-02         F               0         Blade 1 X orientation angle, node 7, rad
        221    8.538E-02, -8.532E-01, -5.146E-01         F               0         Blade 1 Y orientation angle, node 7, rad
        222   -1.158E-01,  5.045E-01, -8.556E-01         F               0         Blade 1 Z orientation angle, node 7, rad
        223    9.910E-01,  1.171E-01, -6.502E-02         F               0         Blade 1 X orientation angle, node 8, rad
        224    6.740E-02, -8.555E-01, -5.135E-01         F               0         Blade 1 Y orientation angle, node 8, rad
        225   -1.158E-01,  5.045E-01, -8.556E-01         F               0         Blade 1 Z orientation angle, node 8, rad
        226    9.919E-01,  1.040E-01, -7.290E-02         F               0         Blade 1 X orientation angle, node 9, rad
        227    5.218E-02, -8.572E-01, -5.124E-01         F               0         Blade 1 Y orientation angle, node 9, rad
        228   -1.158E-01,  5.045E-01, -8.556E-01         F               0         Blade 1 Z orientation angle, node 9, rad
        229    9.925E-01,  9.258E-02, -7.969E-02         F               0         Blade 1 X orientation angle, node 10, rad
        230    3.902E-02, -8.585E-01, -5.114E-01         F               0         Blade 1 Y orientation angle, node 10, rad
        231   -1.158E-01,  5.045E-01, -8.556E-01         F               0         Blade 1 Z orientation angle, node 10, rad
        232    9.929E-01,  8.284E-02, -8.549E-02         F               0         Blade 1 X orientation angle, node 11, rad
        233    2.775E-02, -8.595E-01, -5.105E-01         F               0         Blade 1 Y orientation angle, node 11, rad
        234   -1.158E-01,  5.045E-01, -8.556E-01         F               0         Blade 1 Z orientation angle, node 11, rad
        235    9.931E-01,  7.428E-02, -9.056E-02         F               0         Blade 1 X orientation angle, node 12, rad
        236    1.787E-02, -8.602E-01, -5.096E-01         F               0         Blade 1 Y orientation angle, node 12, rad
        237   -1.158E-01,  5.045E-01, -8.556E-01         F               0         Blade 1 Z orientation angle, node 12, rad
        238    9.932E-01,  6.677E-02, -9.501E-02         F               0         Blade 1 X orientation angle, node 13, rad
        239    9.208E-03, -8.608E-01, -5.088E-01         F               0         Blade 1 Y orientation angle, node 13, rad
        240   -1.158E-01,  5.045E-01, -8.556E-01         F               0         Blade 1 Z orientation angle, node 13, rad
        241    9.933E-01,  6.001E-02, -9.900E-02         F               0         Blade 1 X orientation angle, node 14, rad
        242    1.407E-03, -8.613E-01, -5.080E-01         F               0         Blade 1 Y orientation angle, node 14, rad
        243   -1.158E-01,  5.045E-01, -8.556E-01         F               0         Blade 1 Z orientation angle, node 14, rad
        244    9.933E-01,  5.400E-02, -1.025E-01         F               0         Blade 1 X orientation angle, node 15, rad
        245   -5.528E-03, -8.617E-01, -5.073E-01         F               0         Blade 1 Y orientation angle, node 15, rad
        246   -1.158E-01,  5.045E-01, -8.556E-01         F               0         Blade 1 Z orientation angle, node 15, rad
        247    9.932E-01,  4.858E-02, -1.057E-01         F               0         Blade 1 X orientation angle, node 16, rad
        248   -1.177E-02, -8.621E-01, -5.067E-01         F               0         Blade 1 Y orientation angle, node 16, rad
        249   -1.158E-01,  5.045E-01, -8.556E-01         F               0         Blade 1 Z orientation angle, node 16, rad
        250    9.931E-01,  4.376E-02, -1.086E-01         F               0         Blade 1 X orientation angle, node 17, rad
        251   -1.732E-02, -8.623E-01, -5.061E-01         F               0         Blade 1 Y orientation angle, node 17, rad
        252   -1.158E-01,  5.045E-01, -8.556E-01         F               0         Blade 1 Z orientation angle, node 17, rad
        253    9.930E-01,  3.925E-02, -1.112E-01         F               0         Blade 1 X orientation angle, node 18, rad
        254   -2.252E-02, -8.625E-01, -5.055E-01         F               0         Blade 1 Y orientation angle, node 18, rad
        255   -1.158E-01,  5.045E-01, -8.556E-01         F               0         Blade 1 Z orientation angle, node 18, rad
        256    9.929E-01,  3.518E-02, -1.136E-01         F               0         Blade 1 X orientation angle, node 19, rad
        257   -2.719E-02, -8.627E-01, -5.050E-01         F               0         Blade 1 Y orientation angle, node 19, rad
        258   -1.158E-01,  5.045E-01, -8.556E-01         F               0         Blade 1 Z orientation angle, node 19, rad
        259    9.928E-01,  3.157E-02, -1.157E-01         F               0         Blade 1 X orientation angle, node 20, rad
        260   -3.135E-02, -8.629E-01, -5.045E-01         F               0         Blade 1 Y orientation angle, node 20, rad
        261   -1.158E-01,  5.045E-01, -8.556E-01         F               0         Blade 1 Z orientation angle, node 20, rad
        262    9.926E-01,  2.811E-02, -1.177E-01         F               0         Blade 1 X orientation angle, node 21, rad
        263   -3.534E-02, -8.630E-01, -5.040E-01         F               0         Blade 1 Y orientation angle, node 21, rad
        264   -1.158E-01,  5.045E-01, -8.556E-01         F               0         Blade 1 Z orientation angle, node 21, rad
        265    9.925E-01,  2.494E-02, -1.196E-01         F               0         Blade 1 X orientation angle, node 22, rad
        266   -3.898E-02, -8.631E-01, -5.036E-01         F               0         Blade 1 Y orientation angle, node 22, rad
        267   -1.158E-01,  5.045E-01, -8.556E-01         F               0         Blade 1 Z orientation angle, node 22, rad
        268    9.924E-01,  2.208E-02, -1.212E-01         F               0         Blade 1 X orientation angle, node 23, rad
        269   -4.227E-02, -8.632E-01, -5.032E-01         F               0         Blade 1 Y orientation angle, node 23, rad
        270   -1.158E-01,  5.045E-01, -8.556E-01         F               0         Blade 1 Z orientation angle, node 23, rad
        271    9.922E-01,  1.937E-02, -1.228E-01         F               0         Blade 1 X orientation angle, node 24, rad
        272   -4.538E-02, -8.632E-01, -5.028E-01         F               0         Blade 1 Y orientation angle, node 24, rad
        273   -1.158E-01,  5.045E-01, -8.556E-01         F               0         Blade 1 Z orientation angle, node 24, rad
        274    9.921E-01,  1.681E-02, -1.243E-01         F               0         Blade 1 X orientation angle, node 25, rad
        275   -4.833E-02, -8.633E-01, -5.024E-01         F               0         Blade 1 Y orientation angle, node 25, rad
        276   -1.158E-01,  5.045E-01, -8.556E-01         F               0         Blade 1 Z orientation angle, node 25, rad
        277    9.920E-01,  1.455E-02, -1.256E-01         F               0         Blade 1 X orientation angle, node 26, rad
        278   -5.093E-02, -8.633E-01, -5.021E-01         F               0         Blade 1 Y orientation angle, node 26, rad
        279   -1.158E-01,  5.045E-01, -8.556E-01         F               0         Blade 1 Z orientation angle, node 26, rad
        280    9.918E-01,  1.229E-02, -1.269E-01         F               0         Blade 1 X orientation angle, node 27, rad
        281   -5.352E-02, -8.633E-01, -5.018E-01         F               0         Blade 1 Y orientation angle, node 27, rad
        282   -1.158E-01,  5.045E-01, -8.556E-01         F               0         Blade 1 Z orientation angle, node 27, rad
        283    9.918E-01,  1.108E-02, -1.276E-01         F               0         Blade 1 X orientation angle, node 28, rad
        284   -5.491E-02, -8.634E-01, -5.016E-01         F               0         Blade 1 Y orientation angle, node 28, rad
        285   -1.158E-01,  5.045E-01, -8.556E-01         F               0         Blade 1 Z orientation angle, node 28, rad
        286    2.642E-01                                 F               0         Blade 1 X translation velocity, node 1, m/s
        287    4.275E+00                                 F               0         Blade 1 Y translation velocity, node 1, m/s
        288    2.479E+00                                 F               0         Blade 1 Z translation velocity, node 1, m/s
        289    3.283E-01                                 F               0         Blade 1 X translation velocity, node 2, m/s
        290    5.306E+00                                 F               0         Blade 1 Y translation velocity, node 2, m/s
        291    3.077E+00                                 F               0         Blade 1 Z translation velocity, node 2, m/s
        292    1.200E+00                                 F               0         Blade 1 X translation velocity, node 3, m/s
        293    1.931E+01                                 F               0         Blade 1 Y translation velocity, node 3, m/s
        294    1.122E+01                                 F               0         Blade 1 Z translation velocity, node 3, m/s
        295    1.385E+00                                 F               0         Blade 1 X translation velocity, node 4, m/s
        296    2.230E+01                                 F               0         Blade 1 Y translation velocity, node 4, m/s
        297    1.295E+01                                 F               0         Blade 1 Z translation velocity, node 4, m/s
        298    1.571E+00                                 F               0         Blade 1 X translation velocity, node 5, m/s
        299    2.528E+01                                 F               0         Blade 1 Y translation velocity, node 5, m/s
        300    1.469E+01                                 F               0         Blade 1 Z translation velocity, node 5, m/s
        301    1.757E+00                                 F               0         Blade 1 X translation velocity, node 6, m/s
        302    2.827E+01                                 F               0         Blade 1 Y translation velocity, node 6, m/s
        303    1.642E+01                                 F               0         Blade 1 Z translation velocity, node 6, m/s
        304    1.942E+00                                 F               0         Blade 1 X translation velocity, node 7, m/s
        305    3.125E+01                                 F               0         Blade 1 Y translation velocity, node 7, m/s
        306    1.816E+01                                 F               0         Blade 1 Z translation velocity, node 7, m/s
        307    2.128E+00                                 F               0         Blade 1 X translation velocity, node 8, m/s
