
Linearized model: Predictions were generated on 31-Jan-2024 at 12:35:17 using OpenFAST, compiled as a 64-bit application using single precision at commit v3.5.1
 linked with  NWTC Subroutine Library; ElastoDyn; InflowWind; AeroDyn; ServoDyn; HydroDyn; MAP++ (<1.20.10>, <Oct-20-2023>)

Description from the FAST input file: CCT-9 Campign 4 model. Input files to be run with OpenFAST 3.5.0. GitHub branch from Lu Wang (https://github.com/luwang00/openfast/tree/dev) compiled on March 7, 2023.

Simulation information:
   Simulation time:                   501.7500 s
   Rotor Speed:                         0.8936 rad/s
   Azimuth:                             2.3100 rad
   Wind Speed:                         10.0000 m/s
   Number of continuous states:         0
   Number of discrete states:           0
   Number of constraint states:         0
   Number of inputs:                 1746
   Number of outputs:                   4
   Jacobians included in this file?    No

Order of inputs:
     Column   Operating Point                     Rotating Frame? Derivative Order Description
   ---------- ---------------                     --------------- ---------------- -----------
          1    8.516E+00                                 F               0         Tower X translation displacement, node 1, m
          2   -1.355E+00                                 F               0         Tower Y translation displacement, node 1, m
          3   -7.249E-02                                 F               0         Tower Z translation displacement, node 1, m
          4    8.752E+00                                 F               0         Tower X translation displacement, node 2, m
          5   -1.887E+00                                 F               0         Tower Y translation displacement, node 2, m
          6   -8.625E-02                                 F               0         Tower Z translation displacement, node 2, m
          7    9.002E+00                                 F               0         Tower X translation displacement, node 3, m
          8   -2.420E+00                                 F               0         Tower Y translation displacement, node 3, m
          9   -1.003E-01                                 F               0         Tower Z translation displacement, node 3, m
         10    9.262E+00                                 F               0         Tower X translation displacement, node 4, m
         11   -2.952E+00                                 F               0         Tower Y translation displacement, node 4, m
         12   -1.145E-01                                 F               0         Tower Z translation displacement, node 4, m
         13    9.529E+00                                 F               0         Tower X translation displacement, node 5, m
         14   -3.485E+00                                 F               0         Tower Y translation displacement, node 5, m
         15   -1.288E-01                                 F               0         Tower Z translation displacement, node 5, m
         16    9.803E+00                                 F               0         Tower X translation displacement, node 6, m
         17   -4.017E+00                                 F               0         Tower Y translation displacement, node 6, m
         18   -1.434E-01                                 F               0         Tower Z translation displacement, node 6, m
         19    1.008E+01                                 F               0         Tower X translation displacement, node 7, m
         20   -4.549E+00                                 F               0         Tower Y translation displacement, node 7, m
         21   -1.580E-01                                 F               0         Tower Z translation displacement, node 7, m
         22    1.036E+01                                 F               0         Tower X translation displacement, node 8, m
         23   -5.082E+00                                 F               0         Tower Y translation displacement, node 8, m
         24   -1.726E-01                                 F               0         Tower Z translation displacement, node 8, m
         25    1.065E+01                                 F               0         Tower X translation displacement, node 9, m
         26   -5.614E+00                                 F               0         Tower Y translation displacement, node 9, m
         27   -1.874E-01                                 F               0         Tower Z translation displacement, node 9, m
         28    1.093E+01                                 F               0         Tower X translation displacement, node 10, m
         29   -6.146E+00                                 F               0         Tower Y translation displacement, node 10, m
         30   -2.021E-01                                 F               0         Tower Z translation displacement, node 10, m
         31    1.121E+01                                 F               0         Tower X translation displacement, node 11, m
         32   -6.679E+00                                 F               0         Tower Y translation displacement, node 11, m
         33   -2.169E-01                                 F               0         Tower Z translation displacement, node 11, m
         34    9.998E-01,  7.484E-03, -1.841E-02         F               0         Tower X orientation angle, node 1, rad
         35   -6.682E-03,  9.990E-01,  4.325E-02         F               0         Tower Y orientation angle, node 1, rad
         36    1.872E-02, -4.312E-02,  9.989E-01         F               0         Tower Z orientation angle, node 1, rad
         37    9.998E-01,  7.528E-03, -1.943E-02         F               0         Tower X orientation angle, node 2, rad
         38   -6.682E-03,  9.990E-01,  4.325E-02         F               0         Tower Y orientation angle, node 2, rad
         39    1.974E-02, -4.311E-02,  9.989E-01         F               0         Tower Z orientation angle, node 2, rad
         40    9.998E-01,  7.566E-03, -2.031E-02         F               0         Tower X orientation angle, node 3, rad
         41   -6.682E-03,  9.990E-01,  4.325E-02         F               0         Tower Y orientation angle, node 3, rad
         42    2.061E-02, -4.310E-02,  9.989E-01         F               0         Tower Z orientation angle, node 3, rad
         43    9.998E-01,  7.597E-03, -2.102E-02         F               0         Tower X orientation angle, node 4, rad
         44   -6.682E-03,  9.990E-01,  4.325E-02         F               0         Tower Y orientation angle, node 4, rad
         45    2.133E-02, -4.310E-02,  9.988E-01         F               0         Tower Z orientation angle, node 4, rad
         46    9.997E-01,  7.621E-03, -2.159E-02         F               0         Tower X orientation angle, node 5, rad
         47   -6.682E-03,  9.990E-01,  4.325E-02         F               0         Tower Y orientation angle, node 5, rad
         48    2.190E-02, -4.309E-02,  9.988E-01         F               0         Tower Z orientation angle, node 5, rad
         49    9.997E-01,  7.640E-03, -2.202E-02         F               0         Tower X orientation angle, node 6, rad
         50   -6.682E-03,  9.990E-01,  4.325E-02         F               0         Tower Y orientation angle, node 6, rad
         51    2.233E-02, -4.309E-02,  9.988E-01         F               0         Tower Z orientation angle, node 6, rad
         52    9.997E-01,  7.653E-03, -2.233E-02         F               0         Tower X orientation angle, node 7, rad
         53   -6.682E-03,  9.990E-01,  4.325E-02         F               0         Tower Y orientation angle, node 7, rad
         54    2.264E-02, -4.309E-02,  9.988E-01         F               0         Tower Z orientation angle, node 7, rad
         55    9.997E-01,  7.662E-03, -2.254E-02         F               0         Tower X orientation angle, node 8, rad
         56   -6.682E-03,  9.990E-01,  4.325E-02         F               0         Tower Y orientation angle, node 8, rad
         57    2.285E-02, -4.308E-02,  9.988E-01         F               0         Tower Z orientation angle, node 8, rad
         58    9.997E-01,  7.668E-03, -2.267E-02         F               0         Tower X orientation angle, node 9, rad
         59   -6.682E-03,  9.990E-01,  4.325E-02         F               0         Tower Y orientation angle, node 9, rad
         60    2.298E-02, -4.308E-02,  9.988E-01         F               0         Tower Z orientation angle, node 9, rad
         61    9.997E-01,  7.671E-03, -2.274E-02         F               0         Tower X orientation angle, node 10, rad
         62   -6.682E-03,  9.990E-01,  4.325E-02         F               0         Tower Y orientation angle, node 10, rad
         63    2.305E-02, -4.308E-02,  9.988E-01         F               0         Tower Z orientation angle, node 10, rad
         64    9.997E-01,  7.672E-03, -2.276E-02         F               0         Tower X orientation angle, node 11, rad
         65   -6.682E-03,  9.990E-01,  4.325E-02         F               0         Tower Y orientation angle, node 11, rad
         66    2.307E-02, -4.308E-02,  9.988E-01         F               0         Tower Z orientation angle, node 11, rad
         67   -4.390E-04                                 F               0         Tower X translation velocity, node 1, m/s
         68    3.088E-07                                 F               0         Tower Y translation velocity, node 1, m/s
         69   -2.957E-03                                 F               0         Tower Z translation velocity, node 1, m/s
         70   -4.431E-04                                 F               0         Tower X translation velocity, node 2, m/s
         71    4.867E-07                                 F               0         Tower Y translation velocity, node 2, m/s
         72   -2.957E-03                                 F               0         Tower Z translation velocity, node 2, m/s
         73   -4.609E-04                                 F               0         Tower X translation velocity, node 3, m/s
         74    5.735E-07                                 F               0         Tower Y translation velocity, node 3, m/s
         75   -2.957E-03                                 F               0         Tower Z translation velocity, node 3, m/s
         76   -4.921E-04                                 F               0         Tower X translation velocity, node 4, m/s
         77    5.671E-07                                 F               0         Tower Y translation velocity, node 4, m/s
         78   -2.956E-03                                 F               0         Tower Z translation velocity, node 4, m/s
         79   -5.373E-04                                 F               0         Tower X translation velocity, node 5, m/s
         80    4.598E-07                                 F               0         Tower Y translation velocity, node 5, m/s
         81   -2.955E-03                                 F               0         Tower Z translation velocity, node 5, m/s
         82   -5.969E-04                                 F               0         Tower X translation velocity, node 6, m/s
         83    2.478E-07                                 F               0         Tower Y translation velocity, node 6, m/s
         84   -2.954E-03                                 F               0         Tower Z translation velocity, node 6, m/s
         85   -6.693E-04                                 F               0         Tower X translation velocity, node 7, m/s
         86   -5.978E-08                                 F               0         Tower Y translation velocity, node 7, m/s
         87   -2.952E-03                                 F               0         Tower Z translation velocity, node 7, m/s
         88   -7.548E-04                                 F               0         Tower X translation velocity, node 8, m/s
         89   -4.652E-07                                 F               0         Tower Y translation velocity, node 8, m/s
         90   -2.950E-03                                 F               0         Tower Z translation velocity, node 8, m/s
         91   -8.516E-04                                 F               0         Tower X translation velocity, node 9, m/s
         92   -9.565E-07                                 F               0         Tower Y translation velocity, node 9, m/s
         93   -2.948E-03                                 F               0         Tower Z translation velocity, node 9, m/s
         94   -9.573E-04                                 F               0         Tower X translation velocity, node 10, m/s
         95   -1.516E-06                                 F               0         Tower Y translation velocity, node 10, m/s
         96   -2.946E-03                                 F               0         Tower Z translation velocity, node 10, m/s
         97   -1.069E-03                                 F               0         Tower X translation velocity, node 11, m/s
         98   -2.121E-06                                 F               0         Tower Y translation velocity, node 11, m/s
         99   -2.943E-03                                 F               0         Tower Z translation velocity, node 11, m/s
        100    1.140E+01                                 F               0         Hub X translation displacement, node 1, m
        101   -7.100E+00                                 F               0         Hub Y translation displacement, node 1, m
        102    1.963E-02                                 F               0         Hub Z translation displacement, node 1, m
        103    9.918E-01,  1.213E-02, -1.270E-01         F               0         Hub X orientation angle, node 1, rad
        104    9.869E-02, -7.041E-01,  7.032E-01         F               0         Hub Y orientation angle, node 1, rad
        105   -8.092E-02, -7.100E-01, -6.996E-01         F               0         Hub Z orientation angle, node 1, rad
        106    8.863E-01                                 F               0         Hub X rotation velocity, node 1, rad/s
        107    1.083E-02                                 F               0         Hub Y rotation velocity, node 1, rad/s
        108   -1.135E-01                                 F               0         Hub Z rotation velocity, node 1, rad/s
        109    9.885E-01,  3.302E-02, -1.478E-01         F               0         Blade root 1 X orientation angle, node 1, rad
        110    1.281E-01, -7.035E-01,  6.991E-01         F               0         Blade root 1 Y orientation angle, node 1, rad
        111   -8.092E-02, -7.100E-01, -6.996E-01         F               0         Blade root 1 Z orientation angle, node 1, rad
        112    9.949E-01,  1.992E-02, -9.858E-02         F               0         Blade root 2 X orientation angle, node 1, rad
        113   -8.995E-02, -2.623E-01, -9.608E-01         F               0         Blade root 2 Y orientation angle, node 1, rad
        114   -4.500E-02,  9.648E-01, -2.592E-01         F               0         Blade root 2 Z orientation angle, node 1, rad
        115    9.908E-01, -1.656E-02, -1.345E-01         F               0         Blade root 3 X orientation angle, node 1, rad
        116    5.015E-02,  9.668E-01,  2.504E-01         F               0         Blade root 3 Y orientation angle, node 1, rad
        117    1.259E-01, -2.548E-01,  9.588E-01         F               0         Blade root 3 Z orientation angle, node 1, rad
        118    1.037E+01                                 F               0         Blade 1 X translation displacement, node 1, m
        119   -1.103E+01                                 F               0         Blade 1 Y translation displacement, node 1, m
        120   -9.366E+00                                 F               0         Blade 1 Z translation displacement, node 1, m
        121    1.012E+01                                 F               0         Blade 1 X translation displacement, node 2, m
        122   -1.198E+01                                 F               0         Blade 1 Y translation displacement, node 2, m
        123   -1.163E+01                                 F               0         Blade 1 Z translation displacement, node 2, m
        124    6.758E+00                                 F               0         Blade 1 X translation displacement, node 3, m
        125   -2.487E+01                                 F               0         Blade 1 Y translation displacement, node 3, m
        126   -4.238E+01                                 F               0         Blade 1 Z translation displacement, node 3, m
        127    6.040E+00                                 F               0         Blade 1 X translation displacement, node 4, m
        128   -2.761E+01                                 F               0         Blade 1 Y translation displacement, node 4, m
        129   -4.893E+01                                 F               0         Blade 1 Z translation displacement, node 4, m
        130    5.323E+00                                 F               0         Blade 1 X translation displacement, node 5, m
        131   -3.036E+01                                 F               0         Blade 1 Y translation displacement, node 5, m
        132   -5.548E+01                                 F               0         Blade 1 Z translation displacement, node 5, m
        133    4.606E+00                                 F               0         Blade 1 X translation displacement, node 6, m
        134   -3.311E+01                                 F               0         Blade 1 Y translation displacement, node 6, m
        135   -6.204E+01                                 F               0         Blade 1 Z translation displacement, node 6, m
        136    3.889E+00                                 F               0         Blade 1 X translation displacement, node 7, m
        137   -3.585E+01                                 F               0         Blade 1 Y translation displacement, node 7, m
        138   -6.859E+01                                 F               0         Blade 1 Z translation displacement, node 7, m
        139    3.171E+00                                 F               0         Blade 1 X translation displacement, node 8, m
        140   -3.860E+01                                 F               0         Blade 1 Y translation displacement, node 8, m
        141   -7.514E+01                                 F               0         Blade 1 Z translation displacement, node 8, m
        142    2.454E+00                                 F               0         Blade 1 X translation displacement, node 9, m
        143   -4.134E+01                                 F               0         Blade 1 Y translation displacement, node 9, m
        144   -8.169E+01                                 F               0         Blade 1 Z translation displacement, node 9, m
        145    1.737E+00                                 F               0         Blade 1 X translation displacement, node 10, m
        146   -4.409E+01                                 F               0         Blade 1 Y translation displacement, node 10, m
        147   -8.824E+01                                 F               0         Blade 1 Z translation displacement, node 10, m
        148    1.020E+00                                 F               0         Blade 1 X translation displacement, node 11, m
        149   -4.684E+01                                 F               0         Blade 1 Y translation displacement, node 11, m
        150   -9.480E+01                                 F               0         Blade 1 Z translation displacement, node 11, m
        151    3.022E-01                                 F               0         Blade 1 X translation displacement, node 12, m
        152   -4.958E+01                                 F               0         Blade 1 Y translation displacement, node 12, m
        153   -1.013E+02                                 F               0         Blade 1 Z translation displacement, node 12, m
        154   -4.150E-01                                 F               0         Blade 1 X translation displacement, node 13, m
        155   -5.233E+01                                 F               0         Blade 1 Y translation displacement, node 13, m
        156   -1.079E+02                                 F               0         Blade 1 Z translation displacement, node 13, m
        157   -1.132E+00                                 F               0         Blade 1 X translation displacement, node 14, m
        158   -5.507E+01                                 F               0         Blade 1 Y translation displacement, node 14, m
        159   -1.145E+02                                 F               0         Blade 1 Z translation displacement, node 14, m
        160   -1.850E+00                                 F               0         Blade 1 X translation displacement, node 15, m
        161   -5.782E+01                                 F               0         Blade 1 Y translation displacement, node 15, m
        162   -1.210E+02                                 F               0         Blade 1 Z translation displacement, node 15, m
        163   -2.567E+00                                 F               0         Blade 1 X translation displacement, node 16, m
        164   -6.057E+01                                 F               0         Blade 1 Y translation displacement, node 16, m
        165   -1.276E+02                                 F               0         Blade 1 Z translation displacement, node 16, m
        166   -3.284E+00                                 F               0         Blade 1 X translation displacement, node 17, m
        167   -6.331E+01                                 F               0         Blade 1 Y translation displacement, node 17, m
        168   -1.341E+02                                 F               0         Blade 1 Z translation displacement, node 17, m
        169   -4.001E+00                                 F               0         Blade 1 X translation displacement, node 18, m
        170   -6.606E+01                                 F               0         Blade 1 Y translation displacement, node 18, m
        171   -1.407E+02                                 F               0         Blade 1 Z translation displacement, node 18, m
        172   -4.719E+00                                 F               0         Blade 1 X translation displacement, node 19, m
        173   -6.880E+01                                 F               0         Blade 1 Y translation displacement, node 19, m
        174   -1.472E+02                                 F               0         Blade 1 Z translation displacement, node 19, m
        175   -5.436E+00                                 F               0         Blade 1 X translation displacement, node 20, m
        176   -7.155E+01                                 F               0         Blade 1 Y translation displacement, node 20, m
        177   -1.538E+02                                 F               0         Blade 1 Z translation displacement, node 20, m
        178   -6.153E+00                                 F               0         Blade 1 X translation displacement, node 21, m
        179   -7.430E+01                                 F               0         Blade 1 Y translation displacement, node 21, m
        180   -1.603E+02                                 F               0         Blade 1 Z translation displacement, node 21, m
        181   -6.871E+00                                 F               0         Blade 1 X translation displacement, node 22, m
        182   -7.704E+01                                 F               0         Blade 1 Y translation displacement, node 22, m
        183   -1.669E+02                                 F               0         Blade 1 Z translation displacement, node 22, m
        184   -7.588E+00                                 F               0         Blade 1 X translation displacement, node 23, m
        185   -7.979E+01                                 F               0         Blade 1 Y translation displacement, node 23, m
        186   -1.734E+02                                 F               0         Blade 1 Z translation displacement, node 23, m
        187   -8.305E+00                                 F               0         Blade 1 X translation displacement, node 24, m
        188   -8.253E+01                                 F               0         Blade 1 Y translation displacement, node 24, m
        189   -1.800E+02                                 F               0         Blade 1 Z translation displacement, node 24, m
        190   -9.022E+00                                 F               0         Blade 1 X translation displacement, node 25, m
        191   -8.528E+01                                 F               0         Blade 1 Y translation displacement, node 25, m
        192   -1.865E+02                                 F               0         Blade 1 Z translation displacement, node 25, m
        193   -9.740E+00                                 F               0         Blade 1 X translation displacement, node 26, m
        194   -8.803E+01                                 F               0         Blade 1 Y translation displacement, node 26, m
        195   -1.931E+02                                 F               0         Blade 1 Z translation displacement, node 26, m
        196   -1.046E+01                                 F               0         Blade 1 X translation displacement, node 27, m
        197   -9.077E+01                                 F               0         Blade 1 Y translation displacement, node 27, m
        198   -1.996E+02                                 F               0         Blade 1 Z translation displacement, node 27, m
        199   -1.106E+01                                 F               0         Blade 1 X translation displacement, node 28, m
        200   -9.310E+01                                 F               0         Blade 1 Y translation displacement, node 28, m
        201   -2.052E+02                                 F               0         Blade 1 Z translation displacement, node 28, m
        202    8.213E-01,  3.502E-01, -4.504E-01         F               0         Blade 1 X orientation angle, node 1, rad
        203    5.647E-01, -6.110E-01,  5.548E-01         F               0         Blade 1 Y orientation angle, node 1, rad
        204   -8.092E-02, -7.100E-01, -6.996E-01         F               0         Blade 1 Z orientation angle, node 1, rad
        205    8.213E-01,  3.502E-01, -4.504E-01         F               0         Blade 1 X orientation angle, node 2, rad
        206    5.647E-01, -6.110E-01,  5.548E-01         F               0         Blade 1 Y orientation angle, node 2, rad
        207   -8.092E-02, -7.100E-01, -6.996E-01         F               0         Blade 1 Z orientation angle, node 2, rad
        208    9.317E-01,  1.954E-01, -3.061E-01         F               0         Blade 1 X orientation angle, node 3, rad
        209    3.540E-01, -6.766E-01,  6.457E-01         F               0         Blade 1 Y orientation angle, node 3, rad
        210   -8.092E-02, -7.100E-01, -6.996E-01         F               0         Blade 1 Z orientation angle, node 3, rad
        211    9.459E-01,  1.666E-01, -2.785E-01         F               0         Blade 1 X orientation angle, node 4, rad
        212    3.143E-01, -6.842E-01,  6.580E-01         F               0         Blade 1 Y orientation angle, node 4, rad
        213   -8.092E-02, -7.100E-01, -6.996E-01         F               0         Blade 1 Z orientation angle, node 4, rad
        214    9.558E-01,  1.439E-01, -2.566E-01         F               0         Blade 1 X orientation angle, node 5, rad
        215    2.828E-01, -6.894E-01,  6.669E-01         F               0         Blade 1 Y orientation angle, node 5, rad
        216   -8.092E-02, -7.100E-01, -6.996E-01         F               0         Blade 1 Z orientation angle, node 5, rad
        217    9.629E-01,  1.255E-01, -2.388E-01         F               0         Blade 1 X orientation angle, node 6, rad
        218    2.573E-01, -6.930E-01,  6.735E-01         F               0         Blade 1 Y orientation angle, node 6, rad
        219   -8.092E-02, -7.100E-01, -6.996E-01         F               0         Blade 1 Z orientation angle, node 6, rad
        220    9.683E-01,  1.104E-01, -2.240E-01         F               0         Blade 1 X orientation angle, node 7, rad
        221    2.363E-01, -6.955E-01,  6.785E-01         F               0         Blade 1 Y orientation angle, node 7, rad
        222   -8.092E-02, -7.100E-01, -6.996E-01         F               0         Blade 1 Z orientation angle, node 7, rad
        223    9.724E-01,  9.773E-02, -2.117E-01         F               0         Blade 1 X orientation angle, node 8, rad
        224    2.187E-01, -6.974E-01,  6.825E-01         F               0         Blade 1 Y orientation angle, node 8, rad
        225   -8.092E-02, -7.100E-01, -6.996E-01         F               0         Blade 1 Z orientation angle, node 8, rad
        226    9.757E-01,  8.701E-02, -2.012E-01         F               0         Blade 1 X orientation angle, node 9, rad
        227    2.037E-01, -6.988E-01,  6.857E-01         F               0         Blade 1 Y orientation angle, node 9, rad
        228   -8.092E-02, -7.100E-01, -6.996E-01         F               0         Blade 1 Z orientation angle, node 9, rad
        229    9.783E-01,  7.773E-02, -1.921E-01         F               0         Blade 1 X orientation angle, node 10, rad
        230    1.907E-01, -6.999E-01,  6.883E-01         F               0         Blade 1 Y orientation angle, node 10, rad
        231   -8.092E-02, -7.100E-01, -6.996E-01         F               0         Blade 1 Z orientation angle, node 10, rad
        232    9.804E-01,  6.979E-02, -1.842E-01         F               0         Blade 1 X orientation angle, node 11, rad
        233    1.796E-01, -7.008E-01,  6.904E-01         F               0         Blade 1 Y orientation angle, node 11, rad
        234   -8.092E-02, -7.100E-01, -6.996E-01         F               0         Blade 1 Z orientation angle, node 11, rad
        235    9.821E-01,  6.281E-02, -1.774E-01         F               0         Blade 1 X orientation angle, node 12, rad
        236    1.699E-01, -7.014E-01,  6.922E-01         F               0         Blade 1 Y orientation angle, node 12, rad
        237   -8.092E-02, -7.100E-01, -6.996E-01         F               0         Blade 1 Z orientation angle, node 12, rad
        238    9.836E-01,  5.669E-02, -1.713E-01         F               0         Blade 1 X orientation angle, node 13, rad
        239    1.613E-01, -7.019E-01,  6.937E-01         F               0         Blade 1 Y orientation angle, node 13, rad
        240   -8.092E-02, -7.100E-01, -6.996E-01         F               0         Blade 1 Z orientation angle, node 13, rad
        241    9.848E-01,  5.117E-02, -1.659E-01         F               0         Blade 1 X orientation angle, node 14, rad
        242    1.536E-01, -7.024E-01,  6.951E-01         F               0         Blade 1 Y orientation angle, node 14, rad
        243   -8.092E-02, -7.100E-01, -6.996E-01         F               0         Blade 1 Z orientation angle, node 14, rad
        244    9.859E-01,  4.627E-02, -1.610E-01         F               0         Blade 1 X orientation angle, node 15, rad
        245    1.467E-01, -7.027E-01,  6.962E-01         F               0         Blade 1 Y orientation angle, node 15, rad
        246   -8.092E-02, -7.100E-01, -6.996E-01         F               0         Blade 1 Z orientation angle, node 15, rad
        247    9.868E-01,  4.185E-02, -1.566E-01         F               0         Blade 1 X orientation angle, node 16, rad
        248    1.405E-01, -7.030E-01,  6.972E-01         F               0         Blade 1 Y orientation angle, node 16, rad
        249   -8.092E-02, -7.100E-01, -6.996E-01         F               0         Blade 1 Z orientation angle, node 16, rad
        250    9.875E-01,  3.793E-02, -1.527E-01         F               0         Blade 1 X orientation angle, node 17, rad
        251    1.350E-01, -7.032E-01,  6.981E-01         F               0         Blade 1 Y orientation angle, node 17, rad
        252   -8.092E-02, -7.100E-01, -6.996E-01         F               0         Blade 1 Z orientation angle, node 17, rad
        253    9.882E-01,  3.424E-02, -1.491E-01         F               0         Blade 1 X orientation angle, node 18, rad
        254    1.298E-01, -7.034E-01,  6.988E-01         F               0         Blade 1 Y orientation angle, node 18, rad
        255   -8.092E-02, -7.100E-01, -6.996E-01         F               0         Blade 1 Z orientation angle, node 18, rad
        256    9.888E-01,  3.093E-02, -1.458E-01         F               0         Blade 1 X orientation angle, node 19, rad
        257    1.251E-01, -7.036E-01,  6.995E-01         F               0         Blade 1 Y orientation angle, node 19, rad
        258   -8.092E-02, -7.100E-01, -6.996E-01         F               0         Blade 1 Z orientation angle, node 19, rad
        259    9.893E-01,  2.798E-02, -1.428E-01         F               0         Blade 1 X orientation angle, node 20, rad
        260    1.210E-01, -7.037E-01,  7.001E-01         F               0         Blade 1 Y orientation angle, node 20, rad
        261   -8.092E-02, -7.100E-01, -6.996E-01         F               0         Blade 1 Z orientation angle, node 20, rad
        262    9.898E-01,  2.516E-02, -1.400E-01         F               0         Blade 1 X orientation angle, node 21, rad
        263    1.170E-01, -7.038E-01,  7.007E-01         F               0         Blade 1 Y orientation angle, node 21, rad
        264   -8.092E-02, -7.100E-01, -6.996E-01         F               0         Blade 1 Z orientation angle, node 21, rad
        265    9.902E-01,  2.258E-02, -1.375E-01         F               0         Blade 1 X orientation angle, node 22, rad
        266    1.134E-01, -7.039E-01,  7.012E-01         F               0         Blade 1 Y orientation angle, node 22, rad
        267   -8.092E-02, -7.100E-01, -6.996E-01         F               0         Blade 1 Z orientation angle, node 22, rad
        268    9.906E-01,  2.024E-02, -1.351E-01         F               0         Blade 1 X orientation angle, node 23, rad
        269    1.101E-01, -7.039E-01,  7.017E-01         F               0         Blade 1 Y orientation angle, node 23, rad
        270   -8.092E-02, -7.100E-01, -6.996E-01         F               0         Blade 1 Z orientation angle, node 23, rad
        271    9.910E-01,  1.803E-02, -1.329E-01         F               0         Blade 1 X orientation angle, node 24, rad
        272    1.070E-01, -7.040E-01,  7.021E-01         F               0         Blade 1 Y orientation angle, node 24, rad
        273   -8.092E-02, -7.100E-01, -6.996E-01         F               0         Blade 1 Z orientation angle, node 24, rad
        274    9.913E-01,  1.594E-02, -1.308E-01         F               0         Blade 1 X orientation angle, node 25, rad
        275    1.040E-01, -7.041E-01,  7.025E-01         F               0         Blade 1 Y orientation angle, node 25, rad
        276   -8.092E-02, -7.100E-01, -6.996E-01         F               0         Blade 1 Z orientation angle, node 25, rad
        277    9.915E-01,  1.410E-02, -1.290E-01         F               0         Blade 1 X orientation angle, node 26, rad
        278    1.015E-01, -7.041E-01,  7.028E-01         F               0         Blade 1 Y orientation angle, node 26, rad
        279   -8.092E-02, -7.100E-01, -6.996E-01         F               0         Blade 1 Z orientation angle, node 26, rad
        280    9.918E-01,  1.226E-02, -1.272E-01         F               0         Blade 1 X orientation angle, node 27, rad
        281    9.886E-02, -7.041E-01,  7.032E-01         F               0         Blade 1 Y orientation angle, node 27, rad
        282   -8.092E-02, -7.100E-01, -6.996E-01         F               0         Blade 1 Z orientation angle, node 27, rad
        283    9.919E-01,  1.127E-02, -1.262E-01         F               0         Blade 1 X orientation angle, node 28, rad
        284    9.747E-02, -7.041E-01,  7.033E-01         F               0         Blade 1 Y orientation angle, node 28, rad
        285   -8.092E-02, -7.100E-01, -6.996E-01         F               0         Blade 1 Z orientation angle, node 28, rad
        286   -4.897E-01                                 F               0         Blade 1 X translation velocity, node 1, m/s
        287    3.486E+00                                 F               0         Blade 1 Y translation velocity, node 1, m/s
        288   -3.484E+00                                 F               0         Blade 1 Z translation velocity, node 1, m/s
        289   -6.074E-01                                 F               0         Blade 1 X translation velocity, node 2, m/s
        290    4.326E+00                                 F               0         Blade 1 Y translation velocity, node 2, m/s
        291   -4.323E+00                                 F               0         Blade 1 Z translation velocity, node 2, m/s
        292   -2.208E+00                                 F               0         Blade 1 X translation velocity, node 3, m/s
        293    1.575E+01                                 F               0         Blade 1 Y translation velocity, node 3, m/s
        294   -1.573E+01                                 F               0         Blade 1 Z translation velocity, node 3, m/s
        295   -2.549E+00                                 F               0         Blade 1 X translation velocity, node 4, m/s
        296    1.818E+01                                 F               0         Blade 1 Y translation velocity, node 4, m/s
        297   -1.816E+01                                 F               0         Blade 1 Z translation velocity, node 4, m/s
        298   -2.890E+00                                 F               0         Blade 1 X translation velocity, node 5, m/s
        299    2.062E+01                                 F               0         Blade 1 Y translation velocity, node 5, m/s
        300   -2.059E+01                                 F               0         Blade 1 Z translation velocity, node 5, m/s
        301   -3.231E+00                                 F               0         Blade 1 X translation velocity, node 6, m/s
        302    2.305E+01                                 F               0         Blade 1 Y translation velocity, node 6, m/s
        303   -2.302E+01                                 F               0         Blade 1 Z translation velocity, node 6, m/s
        304   -3.572E+00                                 F               0         Blade 1 X translation velocity, node 7, m/s
        305    2.548E+01                                 F               0         Blade 1 Y translation velocity, node 7, m/s
        306   -2.545E+01                                 F               0         Blade 1 Z translation velocity, node 7, m/s
        307   -3.913E+00                                 F               0         Blade 1 X translation velocity, node 8, m/s
