
Linearized model: Predictions were generated on 13-Feb-2024 at 11:29:37 using OpenFAST, compiled as a 64-bit application using single precision at commit v3.5.1
 linked with  NWTC Subroutine Library; ElastoDyn; InflowWind; AeroDyn; ServoDyn; HydroDyn; MAP++ (<1.20.10>, <Oct-20-2023>)

Description from the FAST input file: CCT-9 Campign 4 model. Input files to be run with OpenFAST 3.5.0. GitHub branch from Lu Wang (https://github.com/luwang00/openfast/tree/dev) compiled on March 7, 2023.

Simulation information:
   Simulation time:                  1212.8250 s
   Rotor Speed:                         0.7915 rad/s
   Azimuth:                             1.5831 rad
   Wind Speed:                         16.0000 m/s
   Number of continuous states:         0
   Number of discrete states:           0
   Number of constraint states:         0
   Number of inputs:                 1746
   Number of outputs:                   4
   Jacobians included in this file?    No

Order of inputs:
     Column   Operating Point                                                   Rotating Frame? Derivative Order Description
   ---------- ---------------                                                   --------------- ---------------- -----------
          1     1.07025899887E+001                                                     F               0         Tower X translation displacement, node 1, m
          2    -1.55871343613E+000                                                     F               0         Tower Y translation displacement, node 1, m
          3    -2.69438832998E-001                                                     F               0         Tower Z translation displacement, node 1, m
          4     1.20884981155E+001                                                     F               0         Tower X translation displacement, node 2, m
          5    -2.19189143181E+000                                                     F               0         Tower Y translation displacement, node 2, m
          6    -3.63756299019E-001                                                     F               0         Tower Z translation displacement, node 2, m
          7     1.34744062424E+001                                                     F               0         Tower X translation displacement, node 3, m
          8    -2.82506966591E+000                                                     F               0         Tower Y translation displacement, node 3, m
          9    -4.58071678877E-001                                                     F               0         Tower Z translation displacement, node 3, m
         10     1.48603143692E+001                                                     F               0         Tower X translation displacement, node 4, m
         11    -3.45824790001E+000                                                     F               0         Tower Y translation displacement, node 4, m
         12    -5.52387297153E-001                                                     F               0         Tower Z translation displacement, node 4, m
         13     1.62462234497E+001                                                     F               0         Tower X translation displacement, node 5, m
         14    -4.09142637253E+000                                                     F               0         Tower Y translation displacement, node 5, m
         15    -6.46700024605E-001                                                     F               0         Tower Z translation displacement, node 5, m
         16     1.76321315765E+001                                                     F               0         Tower X translation displacement, node 6, m
         17    -4.72460412979E+000                                                     F               0         Tower Y translation displacement, node 6, m
         18    -7.41023361683E-001                                                     F               0         Tower Z translation displacement, node 6, m
         19     1.90180397034E+001                                                     F               0         Tower X translation displacement, node 7, m
         20    -5.35778284073E+000                                                     F               0         Tower Y translation displacement, node 7, m
         21    -8.35332691669E-001                                                     F               0         Tower Z translation displacement, node 7, m
         22     2.04039478302E+001                                                     F               0         Tower X translation displacement, node 8, m
         23    -5.99096059799E+000                                                     F               0         Tower Y translation displacement, node 8, m
         24    -9.29654121399E-001                                                     F               0         Tower Z translation displacement, node 8, m
         25     2.17898578644E+001                                                     F               0         Tower X translation displacement, node 9, m
         26    -6.62413930893E+000                                                     F               0         Tower Y translation displacement, node 9, m
         27    -1.02396655083E+000                                                     F               0         Tower Z translation displacement, node 9, m
         28     2.31757659912E+001                                                     F               0         Tower X translation displacement, node 10, m
         29    -7.25731706619E+000                                                     F               0         Tower Y translation displacement, node 10, m
         30    -1.11828494072E+000                                                     F               0         Tower Z translation displacement, node 10, m
         31     2.45616722107E+001                                                     F               0         Tower X translation displacement, node 11, m
         32    -7.89049530029E+000                                                     F               0         Tower Y translation displacement, node 11, m
         33    -1.21260035038E+000                                                     F               0         Tower Z translation displacement, node 11, m
         34     9.93685781956E-001,   3.40999988839E-003,  -1.12146951258E-001         F               0         Tower X orientation angle, node 1, rad
         35     2.36342125572E-003,   9.98680114746E-001,   5.13076595962E-002         F               0         Tower Y orientation angle, node 1, rad
         36     1.12173885107E-001,  -5.12487404048E-002,   9.92366135120E-001         F               0         Tower Z orientation angle, node 1, rad
         37     9.93685781956E-001,   3.40999988839E-003,  -1.12146951258E-001         F               0         Tower X orientation angle, node 2, rad
         38     2.36342125572E-003,   9.98680114746E-001,   5.13076595962E-002         F               0         Tower Y orientation angle, node 2, rad
         39     1.12173885107E-001,  -5.12487404048E-002,   9.92366135120E-001         F               0         Tower Z orientation angle, node 2, rad
         40     9.93685781956E-001,   3.40999988839E-003,  -1.12146951258E-001         F               0         Tower X orientation angle, node 3, rad
         41     2.36342125572E-003,   9.98680114746E-001,   5.13076595962E-002         F               0         Tower Y orientation angle, node 3, rad
         42     1.12173885107E-001,  -5.12487404048E-002,   9.92366135120E-001         F               0         Tower Z orientation angle, node 3, rad
         43     9.93685781956E-001,   3.40999988839E-003,  -1.12146951258E-001         F               0         Tower X orientation angle, node 4, rad
         44     2.36342125572E-003,   9.98680114746E-001,   5.13076595962E-002         F               0         Tower Y orientation angle, node 4, rad
         45     1.12173885107E-001,  -5.12487404048E-002,   9.92366135120E-001         F               0         Tower Z orientation angle, node 4, rad
         46     9.93685781956E-001,   3.40999988839E-003,  -1.12146951258E-001         F               0         Tower X orientation angle, node 5, rad
         47     2.36342125572E-003,   9.98680114746E-001,   5.13076595962E-002         F               0         Tower Y orientation angle, node 5, rad
         48     1.12173885107E-001,  -5.12487404048E-002,   9.92366135120E-001         F               0         Tower Z orientation angle, node 5, rad
         49     9.93685781956E-001,   3.40999988839E-003,  -1.12146951258E-001         F               0         Tower X orientation angle, node 6, rad
         50     2.36342125572E-003,   9.98680114746E-001,   5.13076595962E-002         F               0         Tower Y orientation angle, node 6, rad
         51     1.12173885107E-001,  -5.12487404048E-002,   9.92366135120E-001         F               0         Tower Z orientation angle, node 6, rad
         52     9.93685781956E-001,   3.40999988839E-003,  -1.12146951258E-001         F               0         Tower X orientation angle, node 7, rad
         53     2.36342125572E-003,   9.98680114746E-001,   5.13076595962E-002         F               0         Tower Y orientation angle, node 7, rad
         54     1.12173885107E-001,  -5.12487404048E-002,   9.92366135120E-001         F               0         Tower Z orientation angle, node 7, rad
         55     9.93685781956E-001,   3.40999988839E-003,  -1.12146943808E-001         F               0         Tower X orientation angle, node 8, rad
         56     2.36342125572E-003,   9.98680114746E-001,   5.13076558709E-002         F               0         Tower Y orientation angle, node 8, rad
         57     1.12173885107E-001,  -5.12487404048E-002,   9.92366135120E-001         F               0         Tower Z orientation angle, node 8, rad
         58     9.93685781956E-001,   3.41000012122E-003,  -1.12146951258E-001         F               0         Tower X orientation angle, node 9, rad
         59     2.36342148855E-003,   9.98680114746E-001,   5.13076595962E-002         F               0         Tower Y orientation angle, node 9, rad
         60     1.12173885107E-001,  -5.12487404048E-002,   9.92366135120E-001         F               0         Tower Z orientation angle, node 9, rad
         61     9.93685781956E-001,   3.40999988839E-003,  -1.12146951258E-001         F               0         Tower X orientation angle, node 10, rad
         62     2.36342125572E-003,   9.98680114746E-001,   5.13076595962E-002         F               0         Tower Y orientation angle, node 10, rad
         63     1.12173885107E-001,  -5.12487404048E-002,   9.92366135120E-001         F               0         Tower Z orientation angle, node 10, rad
         64     9.93685781956E-001,   3.40999988839E-003,  -1.12146951258E-001         F               0         Tower X orientation angle, node 11, rad
         65     2.36342125572E-003,   9.98680114746E-001,   5.13076595962E-002         F               0         Tower Y orientation angle, node 11, rad
         66     1.12173885107E-001,  -5.12487404048E-002,   9.92366135120E-001         F               0         Tower Z orientation angle, node 11, rad
         67     6.71177767799E-005                                                     F               0         Tower X translation velocity, node 1, m/s
         68     1.55624223407E-003                                                     F               0         Tower Y translation velocity, node 1, m/s
         69    -7.06704100594E-004                                                     F               0         Tower Z translation velocity, node 1, m/s
         70     9.06278728507E-005                                                     F               0         Tower X translation velocity, node 2, m/s
         71     2.08903173916E-003                                                     F               0         Tower Y translation velocity, node 2, m/s
         72    -6.81846751831E-004                                                     F               0         Tower Z translation velocity, node 2, m/s
         73     1.14137976198E-004                                                     F               0         Tower X translation velocity, node 3, m/s
         74     2.62182159349E-003                                                     F               0         Tower Y translation velocity, node 3, m/s
         75    -6.56989403069E-004                                                     F               0         Tower Z translation velocity, node 3, m/s
         76     1.37648064992E-004                                                     F               0         Tower X translation velocity, node 4, m/s
         77     3.15461121500E-003                                                     F               0         Tower Y translation velocity, node 4, m/s
         78    -6.32132112514E-004                                                     F               0         Tower Z translation velocity, node 4, m/s
         79     1.61158182891E-004                                                     F               0         Tower X translation velocity, node 5, m/s
         80     3.68740106933E-003                                                     F               0         Tower Y translation velocity, node 5, m/s
         81    -6.07274705544E-004                                                     F               0         Tower Z translation velocity, node 5, m/s
         82     1.84668271686E-004                                                     F               0         Tower X translation velocity, node 6, m/s
         83     4.22019045800E-003                                                     F               0         Tower Y translation velocity, node 6, m/s
         84    -5.82417414989E-004                                                     F               0         Tower Z translation velocity, node 6, m/s
         85     2.08178375033E-004                                                     F               0         Tower X translation velocity, node 7, m/s
         86     4.75298007950E-003                                                     F               0         Tower Y translation velocity, node 7, m/s
         87    -5.57560066227E-004                                                     F               0         Tower Z translation velocity, node 7, m/s
         88     2.31688449276E-004                                                     F               0         Tower X translation velocity, node 8, m/s
         89     5.28576970100E-003                                                     F               0         Tower Y translation velocity, node 8, m/s
         90    -5.32702717464E-004                                                     F               0         Tower Z translation velocity, node 8, m/s
         91     2.55198567174E-004                                                     F               0         Tower X translation velocity, node 9, m/s
         92     5.81856025383E-003                                                     F               0         Tower Y translation velocity, node 9, m/s
         93    -5.07845368702E-004                                                     F               0         Tower Z translation velocity, node 9, m/s
         94     2.78708670521E-004                                                     F               0         Tower X translation velocity, node 10, m/s
         95     6.35134940967E-003                                                     F               0         Tower Y translation velocity, node 10, m/s
         96    -4.82988049043E-004                                                     F               0         Tower Z translation velocity, node 10, m/s
         97     3.02218802972E-004                                                     F               0         Tower X translation velocity, node 11, m/s
         98     6.88413903117E-003                                                     F               0         Tower Y translation velocity, node 11, m/s
         99    -4.58130729385E-004                                                     F               0         Tower Z translation velocity, node 11, m/s
        100     2.55104541779E+001                                                     F               0         Hub X translation displacement, node 1, m
        101    -8.32963657379E+000                                                     F               0         Hub Y translation displacement, node 1, m
        102    -6.12781234086E-002                                                     F               0         Hub Z translation displacement, node 1, m
        103     9.76516902447E-001,   8.74827150255E-003,  -2.15263113379E-001         F               0         Hub X orientation angle, node 1, rad
        104     2.15382486582E-001,  -6.28881976008E-002,   9.74502682686E-001         F               0         Hub Y orientation angle, node 1, rad
        105    -5.01229474321E-003,  -9.97982263565E-001,  -6.32956102490E-002         F               0         Hub Z orientation angle, node 1, rad
        106     7.72898793221E-001                                                     F               0         Hub X rotation velocity, node 1, rad/s
        107     6.92646531388E-003                                                     F               0         Hub Y rotation velocity, node 1, rad/s
        108    -1.70387759805E-001                                                     F               0         Hub Z rotation velocity, node 1, rad/s
        109     9.36501562595E-001,   1.75090730190E-002,  -3.50225925446E-001         F               0         Blade root 1 X orientation angle, node 1, rad
        110     3.50627511740E-001,  -6.10318779945E-002,   9.34524178505E-001         F               0         Blade root 1 Y orientation angle, node 1, rad
        111    -5.01229474321E-003,  -9.97982263565E-001,  -6.32956102490E-002         F               0         Blade root 1 Z orientation angle, node 1, rad
        112     9.82565939426E-001,   1.25833630562E-001,  -1.36857956648E-001         F               0         Blade root 2 X orientation angle, node 1, rad
        113     2.64696218073E-002,  -8.23319315910E-001,  -5.66960930824E-001         F               0         Blade root 2 Y orientation angle, node 1, rad
        114    -1.84020549059E-001,   5.53453922272E-001,  -8.12296271324E-001         F               0         Blade root 2 Z orientation angle, node 1, rad
        115     9.81344521046E-001,  -1.17358937860E-001,  -1.52282103896E-001         F               0         Blade root 3 X orientation angle, node 1, rad
        116     3.50648202002E-002,   8.88043582439E-001,  -4.58420127630E-001         F               0         Blade root 3 Y orientation angle, node 1, rad
        117     1.89032852650E-001,   4.44528341293E-001,   8.75591874123E-001         F               0         Blade root 3 Z orientation angle, node 1, rad
        118     2.49035987854E+001                                                     F               0         Blade 1 X translation displacement, node 1, m
        119    -1.38584585190E+001                                                     F               0         Blade 1 Y translation displacement, node 1, m
        120    -5.92159461975E+000                                                     F               0         Blade 1 Z translation displacement, node 1, m
        121     2.47573719025E+001                                                     F               0         Blade 1 X translation displacement, node 2, m
        122    -1.51906709671E+001                                                     F               0         Blade 1 Y translation displacement, node 2, m
        123    -7.33367919922E+000                                                     F               0         Blade 1 Z translation displacement, node 2, m
        124     2.27689437866E+001                                                     F               0         Blade 1 X translation displacement, node 3, m
        125    -3.33064498901E+001                                                     F               0         Blade 1 Y translation displacement, node 3, m
        126    -2.65356101990E+001                                                     F               0         Blade 1 Z translation displacement, node 3, m
        127     2.23452968597E+001                                                     F               0         Blade 1 X translation displacement, node 4, m
        128    -3.71661224365E+001                                                     F               0         Blade 1 Y translation displacement, node 4, m
        129    -3.06267032623E+001                                                     F               0         Blade 1 Z translation displacement, node 4, m
        130     2.19215698242E+001                                                     F               0         Blade 1 X translation displacement, node 5, m
        131    -4.10265312195E+001                                                     F               0         Blade 1 Y translation displacement, node 5, m
        132    -3.47185592651E+001                                                     F               0         Blade 1 Z translation displacement, node 5, m
        133     2.14979228973E+001                                                     F               0         Blade 1 X translation displacement, node 6, m
        134    -4.48862228394E+001                                                     F               0         Blade 1 Y translation displacement, node 6, m
        135    -3.88096694946E+001                                                     F               0         Blade 1 Z translation displacement, node 6, m
        136     2.10742721558E+001                                                     F               0         Blade 1 X translation displacement, node 7, m
        137    -4.87459220886E+001                                                     F               0         Blade 1 Y translation displacement, node 7, m
        138    -4.29007759094E+001                                                     F               0         Blade 1 Z translation displacement, node 7, m
        139     2.06505470276E+001                                                     F               0         Blade 1 X translation displacement, node 8, m
        140    -5.26063156128E+001                                                     F               0         Blade 1 Y translation displacement, node 8, m
        141    -4.69926338196E+001                                                     F               0         Blade 1 Z translation displacement, node 8, m
        142     2.02268981934E+001                                                     F               0         Blade 1 X translation displacement, node 9, m
        143    -5.64660186768E+001                                                     F               0         Blade 1 Y translation displacement, node 9, m
        144    -5.10837402344E+001                                                     F               0         Blade 1 Z translation displacement, node 9, m
        145     1.98032493591E+001                                                     F               0         Blade 1 X translation displacement, node 10, m
        146    -6.03257102966E+001                                                     F               0         Blade 1 Y translation displacement, node 10, m
        147    -5.51748504639E+001                                                     F               0         Blade 1 Z translation displacement, node 10, m
        148     1.93796005249E+001                                                     F               0         Blade 1 X translation displacement, node 11, m
        149    -6.41854171753E+001                                                     F               0         Blade 1 Y translation displacement, node 11, m
        150    -5.92659606934E+001                                                     F               0         Blade 1 Z translation displacement, node 11, m
        151     1.89558753967E+001                                                     F               0         Blade 1 X translation displacement, node 12, m
        152    -6.80457916260E+001                                                     F               0         Blade 1 Y translation displacement, node 12, m
        153    -6.33577995300E+001                                                     F               0         Blade 1 Z translation displacement, node 12, m
        154     1.85322265625E+001                                                     F               0         Blade 1 X translation displacement, node 13, m
        155    -7.19054946899E+001                                                     F               0         Blade 1 Y translation displacement, node 13, m
        156    -6.74489135742E+001                                                     F               0         Blade 1 Z translation displacement, node 13, m
        157     1.81085777283E+001                                                     F               0         Blade 1 X translation displacement, node 14, m
        158    -7.57651824951E+001                                                     F               0         Blade 1 Y translation displacement, node 14, m
        159    -7.15400161743E+001                                                     F               0         Blade 1 Z translation displacement, node 14, m
        160     1.76848506927E+001                                                     F               0         Blade 1 X translation displacement, node 15, m
        161    -7.96255874634E+001                                                     F               0         Blade 1 Y translation displacement, node 15, m
        162    -7.56318740845E+001                                                     F               0         Blade 1 Z translation displacement, node 15, m
        163     1.72612037659E+001                                                     F               0         Blade 1 X translation displacement, node 16, m
        164    -8.34852828979E+001                                                     F               0         Blade 1 Y translation displacement, node 16, m
        165    -7.97229843140E+001                                                     F               0         Blade 1 Z translation displacement, node 16, m
        166     1.68375530243E+001                                                     F               0         Blade 1 X translation displacement, node 17, m
        167    -8.73449859619E+001                                                     F               0         Blade 1 Y translation displacement, node 17, m
        168    -8.38140945435E+001                                                     F               0         Blade 1 Z translation displacement, node 17, m
        169     1.64139060974E+001                                                     F               0         Blade 1 X translation displacement, node 18, m
        170    -9.12046813965E+001                                                     F               0         Blade 1 Y translation displacement, node 18, m
        171    -8.79052047729E+001                                                     F               0         Blade 1 Z translation displacement, node 18, m
        172     1.59901809692E+001                                                     F               0         Blade 1 X translation displacement, node 19, m
        173    -9.50650558472E+001                                                     F               0         Blade 1 Y translation displacement, node 19, m
        174    -9.19970397949E+001                                                     F               0         Blade 1 Z translation displacement, node 19, m
        175     1.55665302277E+001                                                     F               0         Blade 1 X translation displacement, node 20, m
        176    -9.89247665405E+001                                                     F               0         Blade 1 Y translation displacement, node 20, m
        177    -9.60881500244E+001                                                     F               0         Blade 1 Z translation displacement, node 20, m
        178     1.51428833008E+001                                                     F               0         Blade 1 X translation displacement, node 21, m
        179    -1.02784461975E+002                                                     F               0         Blade 1 Y translation displacement, node 21, m
        180    -1.00179267883E+002                                                     F               0         Blade 1 Z translation displacement, node 21, m
        181     1.47191572189E+001                                                     F               0         Blade 1 X translation displacement, node 22, m
        182    -1.06644851685E+002                                                     F               0         Blade 1 Y translation displacement, node 22, m
        183    -1.04271118164E+002                                                     F               0         Blade 1 Z translation displacement, node 22, m
        184     1.42955064774E+001                                                     F               0         Blade 1 X translation displacement, node 23, m
        185    -1.10504554749E+002                                                     F               0         Blade 1 Y translation displacement, node 23, m
        186    -1.08362220764E+002                                                     F               0         Blade 1 Z translation displacement, node 23, m
        187     1.38718585968E+001                                                     F               0         Blade 1 X translation displacement, node 24, m
        188    -1.14364250183E+002                                                     F               0         Blade 1 Y translation displacement, node 24, m
        189    -1.12453338623E+002                                                     F               0         Blade 1 Z translation displacement, node 24, m
        190     1.34482097626E+001                                                     F               0         Blade 1 X translation displacement, node 25, m
        191    -1.18223945618E+002                                                     F               0         Blade 1 Y translation displacement, node 25, m
        192    -1.16544441223E+002                                                     F               0         Blade 1 Z translation displacement, node 25, m
        193     1.30244846344E+001                                                     F               0         Blade 1 X translation displacement, node 26, m
        194    -1.22084342957E+002                                                     F               0         Blade 1 Y translation displacement, node 26, m
        195    -1.20636306763E+002                                                     F               0         Blade 1 Z translation displacement, node 26, m
        196     1.26008358002E+001                                                     F               0         Blade 1 X translation displacement, node 27, m
        197    -1.25944023132E+002                                                     F               0         Blade 1 Y translation displacement, node 27, m
        198    -1.24727409363E+002                                                     F               0         Blade 1 Z translation displacement, node 27, m
        199     1.22416725159E+001                                                     F               0         Blade 1 X translation displacement, node 28, m
        200    -1.29216232300E+002                                                     F               0         Blade 1 Y translation displacement, node 28, m
        201    -1.28195770264E+002                                                     F               0         Blade 1 Z translation displacement, node 28, m
        202     6.73572242260E-001,   4.34138253331E-002,  -7.37845301628E-001         F               0         Blade 1 X orientation angle, node 1, rad
        203     7.39104390144E-001,  -4.63324673474E-002,   6.71995520592E-001         F               0         Blade 1 Y orientation angle, node 1, rad
        204    -5.01229474321E-003,  -9.97982263565E-001,  -6.32956102490E-002         F               0         Blade 1 Z orientation angle, node 1, rad
        205     6.73572242260E-001,   4.34138253331E-002,  -7.37845301628E-001         F               0         Blade 1 X orientation angle, node 2, rad
        206     7.39104390144E-001,  -4.63324673474E-002,   6.71995520592E-001         F               0         Blade 1 Y orientation angle, node 2, rad
        207    -5.01229474321E-003,  -9.97982263565E-001,  -6.32956102490E-002         F               0         Blade 1 Z orientation angle, node 2, rad
        208     8.29554080963E-001,   3.11957187951E-002,  -5.57554304600E-001         F               0         Blade 1 X orientation angle, node 3, rad
        209     5.58403849602E-001,  -5.53017631173E-002,   8.27723920345E-001         F               0         Blade 1 Y orientation angle, node 3, rad
        210    -5.01229474321E-003,  -9.97982263565E-001,  -6.32956102490E-002         F               0         Blade 1 Z orientation angle, node 3, rad
        211     8.52392554283E-001,   2.88328118622E-002,  -5.22106945515E-001         F               0         Blade 1 X orientation angle, node 4, rad
        212     5.22878408432E-001,  -5.65696619451E-002,   8.50528061390E-001         F               0         Blade 1 Y orientation angle, node 4, rad
        213    -5.01229474321E-003,  -9.97982263565E-001,  -6.32956102490E-002         F               0         Blade 1 Z orientation angle, node 4, rad
        214     8.69260013103E-001,   2.69413832575E-002,  -4.93620455265E-001         F               0         Blade 1 X orientation angle, node 5, rad
        215     4.94329720736E-001,  -5.74945174158E-002,   8.67371022701E-001         F               0         Blade 1 Y orientation angle, node 5, rad
        216    -5.01229474321E-003,  -9.97982263565E-001,  -6.32956102490E-002         F               0         Blade 1 Z orientation angle, node 5, rad
        217     8.82066726685E-001,   2.54068095237E-002,  -4.70438957214E-001         F               0         Blade 1 X orientation angle, node 6, rad
        218     4.71097886562E-001,  -5.81889301538E-002,   8.80159556866E-001         F               0         Blade 1 Y orientation angle, node 6, rad
        219    -5.01229474321E-003,  -9.97982263565E-001,  -6.32956102490E-002         F               0         Blade 1 Z orientation angle, node 6, rad
        220     8.92133712769E-001,   2.41313800216E-002,  -4.51126456261E-001         F               0         Blade 1 X orientation angle, node 7, rad
        221     4.51743572950E-001,  -5.87293319404E-002,   8.90212655067E-001         F               0         Blade 1 Y orientation angle, node 7, rad
        222    -5.01229474321E-003,  -9.97982263565E-001,  -6.32956102490E-002         F               0         Blade 1 Z orientation angle, node 7, rad
        223     9.00186121464E-001,   2.30614412576E-002,  -4.34894382954E-001         F               0         Blade 1 X orientation angle, node 8, rad
        224     4.35476571321E-001,  -5.91576509178E-002,   8.98254156113E-001         F               0         Blade 1 Y orientation angle, node 8, rad
        225    -5.01229474321E-003,  -9.97982263565E-001,  -6.32956102490E-002         F               0         Blade 1 Z orientation angle, node 8, rad
        226     9.06768143177E-001,   2.21501495689E-002,  -4.21047449112E-001         F               0         Blade 1 X orientation angle, node 9, rad
        227     4.21599864960E-001,  -5.95048107207E-002,   9.04827475548E-001         F               0         Blade 1 Y orientation angle, node 9, rad
        228    -5.01228403300E-003,  -9.97982263565E-001,  -6.32955655456E-002         F               0         Blade 1 Z orientation angle, node 9, rad
        229     9.12280499935E-001,   2.13589332998E-002,  -4.09008681774E-001         F               0         Blade 1 X orientation angle, node 10, rad
        230     4.09535318613E-001,  -5.97934238613E-002,   9.10332679749E-001         F               0         Blade 1 Y orientation angle, node 10, rad
        231    -5.01229474321E-003,  -9.97982263565E-001,  -6.32956102490E-002         F               0         Blade 1 Z orientation angle, node 10, rad
        232     9.16867733002E-001,   2.06792354584E-002,  -3.98655176163E-001         F               0         Blade 1 X orientation angle, node 11, rad
        233     3.99159699678E-001,  -6.00318685174E-002,   9.14914071560E-001         F               0         Blade 1 Y orientation angle, node 11, rad
        234    -5.01229194924E-003,  -9.97982263565E-001,  -6.32956027985E-002         F               0         Blade 1 Z orientation angle, node 11, rad
        235     9.20793294907E-001,   2.00810059905E-002,  -3.89533698559E-001         F               0         Blade 1 X orientation angle, node 12, rad
        236     3.90018731356E-001,  -6.02346323431E-002,   9.18834686279E-001         F               0         Blade 1 Y orientation angle, node 12, rad
        237    -5.01229474321E-003,  -9.97982263565E-001,  -6.32956102490E-002         F               0         Blade 1 Z orientation angle, node 12, rad
        238     9.24161732197E-001,   1.95546001196E-002,  -3.81500601768E-001         F               0         Blade 1 X orientation angle, node 13, rad
        239     3.81968557835E-001,  -6.04075752199E-002,   9.22198951244E-001         F               0         Blade 1 Y orientation angle, node 13, rad
        240    -5.01229474321E-003,  -9.97982263565E-001,  -6.32956102490E-002         F               0         Blade 1 Z orientation angle, node 13, rad
        241     9.27133142948E-001,   1.90795641392E-002,  -3.74246001244E-001         F               0         Blade 1 X orientation angle, node 14, rad
        242     3.74698489904E-001,  -6.05593025684E-002,   9.25166785717E-001         F               0         Blade 1 Y orientation angle, node 14, rad
        243    -5.01229660586E-003,  -9.97982263565E-001,  -6.32956251502E-002         F               0         Blade 1 Z orientation angle, node 14, rad
        244     9.29726421833E-001,   1.86563078314E-002,  -3.67778033018E-001         F               0         Blade 1 X orientation angle, node 15, rad
        245     3.68216812611E-001,  -6.06909692287E-002,   9.27756965160E-001         F               0         Blade 1 Y orientation angle, node 15, rad
        246    -5.01228542998E-003,  -9.97982263565E-001,  -6.32955655456E-002         F               0         Blade 1 Z orientation angle, node 15, rad
        247     9.32021677494E-001,   1.82746183127E-002,  -3.61941546202E-001         F               0         Blade 1 X orientation angle, node 16, rad
