
Linearized model: Predictions were generated on 31-Jan-2024 at 12:35:17 using OpenFAST, compiled as a 64-bit application using single precision at commit v3.5.1
 linked with  NWTC Subroutine Library; ElastoDyn; InflowWind; AeroDyn; ServoDyn; HydroDyn; MAP++ (<1.20.10>, <Oct-20-2023>)

Description from the FAST input file: CCT-9 Campign 4 model. Input files to be run with OpenFAST 3.5.0. GitHub branch from Lu Wang (https://github.com/luwang00/openfast/tree/dev) compiled on March 7, 2023.

Simulation information:
   Simulation time:                   508.1500 s
   Rotor Speed:                         0.8937 rad/s
   Azimuth:                             1.7469 rad
   Wind Speed:                         10.0000 m/s
   Number of continuous states:         0
   Number of discrete states:           0
   Number of constraint states:         0
   Number of inputs:                 1746
   Number of outputs:                   4
   Jacobians included in this file?    No

Order of inputs:
     Column   Operating Point                     Rotating Frame? Derivative Order Description
   ---------- ---------------                     --------------- ---------------- -----------
          1    8.504E+00                                 F               0         Tower X translation displacement, node 1, m
          2   -1.355E+00                                 F               0         Tower Y translation displacement, node 1, m
          3   -1.154E-01                                 F               0         Tower Z translation displacement, node 1, m
          4    8.741E+00                                 F               0         Tower X translation displacement, node 2, m
          5   -1.887E+00                                 F               0         Tower Y translation displacement, node 2, m
          6   -1.292E-01                                 F               0         Tower Z translation displacement, node 2, m
          7    8.991E+00                                 F               0         Tower X translation displacement, node 3, m
          8   -2.420E+00                                 F               0         Tower Y translation displacement, node 3, m
          9   -1.432E-01                                 F               0         Tower Z translation displacement, node 3, m
         10    9.251E+00                                 F               0         Tower X translation displacement, node 4, m
         11   -2.952E+00                                 F               0         Tower Y translation displacement, node 4, m
         12   -1.574E-01                                 F               0         Tower Z translation displacement, node 4, m
         13    9.518E+00                                 F               0         Tower X translation displacement, node 5, m
         14   -3.485E+00                                 F               0         Tower Y translation displacement, node 5, m
         15   -1.718E-01                                 F               0         Tower Z translation displacement, node 5, m
         16    9.792E+00                                 F               0         Tower X translation displacement, node 6, m
         17   -4.017E+00                                 F               0         Tower Y translation displacement, node 6, m
         18   -1.863E-01                                 F               0         Tower Z translation displacement, node 6, m
         19    1.007E+01                                 F               0         Tower X translation displacement, node 7, m
         20   -4.549E+00                                 F               0         Tower Y translation displacement, node 7, m
         21   -2.009E-01                                 F               0         Tower Z translation displacement, node 7, m
         22    1.035E+01                                 F               0         Tower X translation displacement, node 8, m
         23   -5.082E+00                                 F               0         Tower Y translation displacement, node 8, m
         24   -2.156E-01                                 F               0         Tower Z translation displacement, node 8, m
         25    1.063E+01                                 F               0         Tower X translation displacement, node 9, m
         26   -5.614E+00                                 F               0         Tower Y translation displacement, node 9, m
         27   -2.303E-01                                 F               0         Tower Z translation displacement, node 9, m
         28    1.092E+01                                 F               0         Tower X translation displacement, node 10, m
         29   -6.146E+00                                 F               0         Tower Y translation displacement, node 10, m
         30   -2.450E-01                                 F               0         Tower Z translation displacement, node 10, m
         31    1.120E+01                                 F               0         Tower X translation displacement, node 11, m
         32   -6.679E+00                                 F               0         Tower Y translation displacement, node 11, m
         33   -2.598E-01                                 F               0         Tower Z translation displacement, node 11, m
         34    9.998E-01,  7.492E-03, -1.841E-02         F               0         Tower X orientation angle, node 1, rad
         35   -6.690E-03,  9.990E-01,  4.325E-02         F               0         Tower Y orientation angle, node 1, rad
         36    1.872E-02, -4.312E-02,  9.989E-01         F               0         Tower Z orientation angle, node 1, rad
         37    9.998E-01,  7.536E-03, -1.943E-02         F               0         Tower X orientation angle, node 2, rad
         38   -6.690E-03,  9.990E-01,  4.325E-02         F               0         Tower Y orientation angle, node 2, rad
         39    1.974E-02, -4.311E-02,  9.989E-01         F               0         Tower Z orientation angle, node 2, rad
         40    9.998E-01,  7.574E-03, -2.031E-02         F               0         Tower X orientation angle, node 3, rad
         41   -6.690E-03,  9.990E-01,  4.325E-02         F               0         Tower Y orientation angle, node 3, rad
         42    2.061E-02, -4.310E-02,  9.989E-01         F               0         Tower Z orientation angle, node 3, rad
         43    9.998E-01,  7.605E-03, -2.103E-02         F               0         Tower X orientation angle, node 4, rad
         44   -6.690E-03,  9.990E-01,  4.325E-02         F               0         Tower Y orientation angle, node 4, rad
         45    2.133E-02, -4.310E-02,  9.988E-01         F               0         Tower Z orientation angle, node 4, rad
         46    9.997E-01,  7.629E-03, -2.159E-02         F               0         Tower X orientation angle, node 5, rad
         47   -6.690E-03,  9.990E-01,  4.325E-02         F               0         Tower Y orientation angle, node 5, rad
         48    2.190E-02, -4.309E-02,  9.988E-01         F               0         Tower Z orientation angle, node 5, rad
         49    9.997E-01,  7.648E-03, -2.203E-02         F               0         Tower X orientation angle, node 6, rad
         50   -6.690E-03,  9.990E-01,  4.325E-02         F               0         Tower Y orientation angle, node 6, rad
         51    2.234E-02, -4.309E-02,  9.988E-01         F               0         Tower Z orientation angle, node 6, rad
         52    9.997E-01,  7.661E-03, -2.233E-02         F               0         Tower X orientation angle, node 7, rad
         53   -6.690E-03,  9.990E-01,  4.325E-02         F               0         Tower Y orientation angle, node 7, rad
         54    2.264E-02, -4.309E-02,  9.988E-01         F               0         Tower Z orientation angle, node 7, rad
         55    9.997E-01,  7.670E-03, -2.254E-02         F               0         Tower X orientation angle, node 8, rad
         56   -6.690E-03,  9.990E-01,  4.325E-02         F               0         Tower Y orientation angle, node 8, rad
         57    2.285E-02, -4.308E-02,  9.988E-01         F               0         Tower Z orientation angle, node 8, rad
         58    9.997E-01,  7.676E-03, -2.267E-02         F               0         Tower X orientation angle, node 9, rad
         59   -6.690E-03,  9.990E-01,  4.325E-02         F               0         Tower Y orientation angle, node 9, rad
         60    2.298E-02, -4.308E-02,  9.988E-01         F               0         Tower Z orientation angle, node 9, rad
         61    9.997E-01,  7.679E-03, -2.274E-02         F               0         Tower X orientation angle, node 10, rad
         62   -6.690E-03,  9.990E-01,  4.325E-02         F               0         Tower Y orientation angle, node 10, rad
         63    2.305E-02, -4.308E-02,  9.988E-01         F               0         Tower Z orientation angle, node 10, rad
         64    9.997E-01,  7.680E-03, -2.277E-02         F               0         Tower X orientation angle, node 11, rad
         65   -6.690E-03,  9.990E-01,  4.325E-02         F               0         Tower Y orientation angle, node 11, rad
         66    2.308E-02, -4.308E-02,  9.988E-01         F               0         Tower Z orientation angle, node 11, rad
         67   -2.841E-03                                 F               0         Tower X translation velocity, node 1, m/s
         68   -5.981E-07                                 F               0         Tower Y translation velocity, node 1, m/s
         69   -5.130E-03                                 F               0         Tower Z translation velocity, node 1, m/s
         70   -2.844E-03                                 F               0         Tower X translation velocity, node 2, m/s
         71   -1.028E-06                                 F               0         Tower Y translation velocity, node 2, m/s
         72   -5.130E-03                                 F               0         Tower Z translation velocity, node 2, m/s
         73   -2.854E-03                                 F               0         Tower X translation velocity, node 3, m/s
         74   -1.531E-06                                 F               0         Tower Y translation velocity, node 3, m/s
         75   -5.130E-03                                 F               0         Tower Z translation velocity, node 3, m/s
         76   -2.871E-03                                 F               0         Tower X translation velocity, node 4, m/s
         77   -2.101E-06                                 F               0         Tower Y translation velocity, node 4, m/s
         78   -5.130E-03                                 F               0         Tower Z translation velocity, node 4, m/s
         79   -2.894E-03                                 F               0         Tower X translation velocity, node 5, m/s
         80   -2.735E-06                                 F               0         Tower Y translation velocity, node 5, m/s
         81   -5.129E-03                                 F               0         Tower Z translation velocity, node 5, m/s
         82   -2.923E-03                                 F               0         Tower X translation velocity, node 6, m/s
         83   -3.431E-06                                 F               0         Tower Y translation velocity, node 6, m/s
         84   -5.128E-03                                 F               0         Tower Z translation velocity, node 6, m/s
         85   -2.959E-03                                 F               0         Tower X translation velocity, node 7, m/s
         86   -4.180E-06                                 F               0         Tower Y translation velocity, node 7, m/s
         87   -5.128E-03                                 F               0         Tower Z translation velocity, node 7, m/s
         88   -3.000E-03                                 F               0         Tower X translation velocity, node 8, m/s
         89   -4.981E-06                                 F               0         Tower Y translation velocity, node 8, m/s
         90   -5.127E-03                                 F               0         Tower Z translation velocity, node 8, m/s
         91   -3.047E-03                                 F               0         Tower X translation velocity, node 9, m/s
         92   -5.825E-06                                 F               0         Tower Y translation velocity, node 9, m/s
         93   -5.126E-03                                 F               0         Tower Z translation velocity, node 9, m/s
         94   -3.098E-03                                 F               0         Tower X translation velocity, node 10, m/s
         95   -6.703E-06                                 F               0         Tower Y translation velocity, node 10, m/s
         96   -5.125E-03                                 F               0         Tower Z translation velocity, node 10, m/s
         97   -3.151E-03                                 F               0         Tower X translation velocity, node 11, m/s
         98   -7.602E-06                                 F               0         Tower Y translation velocity, node 11, m/s
         99   -5.123E-03                                 F               0         Tower Z translation velocity, node 11, m/s
        100    1.139E+01                                 F               0         Hub X translation displacement, node 1, m
        101   -7.100E+00                                 F               0         Hub Y translation displacement, node 1, m
        102   -2.324E-02                                 F               0         Hub Z translation displacement, node 1, m
        103    9.918E-01,  1.214E-02, -1.270E-01         F               0         Hub X orientation angle, node 1, rad
        104    1.267E-01, -2.164E-01,  9.681E-01         F               0         Hub Y orientation angle, node 1, rad
        105   -1.574E-02, -9.762E-01, -2.162E-01         F               0         Hub Z orientation angle, node 1, rad
        106    8.863E-01                                 F               0         Hub X rotation velocity, node 1, rad/s
        107    1.085E-02                                 F               0         Hub Y rotation velocity, node 1, rad/s
        108   -1.135E-01                                 F               0         Hub Z rotation velocity, node 1, rad/s
        109    9.876E-01,  1.856E-02, -1.557E-01         F               0         Blade root 1 X orientation angle, node 1, rad
        110    1.560E-01, -2.160E-01,  9.639E-01         F               0         Blade root 1 Y orientation angle, node 1, rad
        111   -1.574E-02, -9.762E-01, -2.162E-01         F               0         Blade root 1 Z orientation angle, node 1, rad
        112    9.937E-01,  3.401E-02, -1.071E-01         F               0         Blade root 2 X orientation angle, node 1, rad
        113   -4.750E-02, -7.366E-01, -6.747E-01         F               0         Blade root 2 Y orientation angle, node 1, rad
        114   -1.018E-01,  6.755E-01, -7.303E-01         F               0         Blade root 2 Z orientation angle, node 1, rad
        115    9.929E-01, -1.616E-02, -1.182E-01         F               0         Blade root 3 X orientation angle, node 1, rad
        116   -2.025E-02,  9.536E-01, -3.005E-01         F               0         Blade root 3 Y orientation angle, node 1, rad
        117    1.176E-01,  3.007E-01,  9.464E-01         F               0         Blade root 3 Z orientation angle, node 1, rad
        118    1.072E+01                                 F               0         Blade 1 X translation displacement, node 1, m
        119   -1.251E+01                                 F               0         Blade 1 Y translation displacement, node 1, m
        120   -6.731E+00                                 F               0         Blade 1 Z translation displacement, node 1, m
        121    1.056E+01                                 F               0         Blade 1 X translation displacement, node 2, m
        122   -1.381E+01                                 F               0         Blade 1 Y translation displacement, node 2, m
        123   -8.347E+00                                 F               0         Blade 1 Z translation displacement, node 2, m
        124    8.378E+00                                 F               0         Blade 1 X translation displacement, node 3, m
        125   -3.153E+01                                 F               0         Blade 1 Y translation displacement, node 3, m
        126   -3.032E+01                                 F               0         Blade 1 Z translation displacement, node 3, m
        127    7.913E+00                                 F               0         Blade 1 X translation displacement, node 4, m
        128   -3.531E+01                                 F               0         Blade 1 Y translation displacement, node 4, m
        129   -3.501E+01                                 F               0         Blade 1 Z translation displacement, node 4, m
        130    7.448E+00                                 F               0         Blade 1 X translation displacement, node 5, m
        131   -3.908E+01                                 F               0         Blade 1 Y translation displacement, node 5, m
        132   -3.969E+01                                 F               0         Blade 1 Z translation displacement, node 5, m
        133    6.983E+00                                 F               0         Blade 1 X translation displacement, node 6, m
        134   -4.286E+01                                 F               0         Blade 1 Y translation displacement, node 6, m
        135   -4.437E+01                                 F               0         Blade 1 Z translation displacement, node 6, m
        136    6.518E+00                                 F               0         Blade 1 X translation displacement, node 7, m
        137   -4.664E+01                                 F               0         Blade 1 Y translation displacement, node 7, m
        138   -4.905E+01                                 F               0         Blade 1 Z translation displacement, node 7, m
        139    6.052E+00                                 F               0         Blade 1 X translation displacement, node 8, m
        140   -5.041E+01                                 F               0         Blade 1 Y translation displacement, node 8, m
        141   -5.374E+01                                 F               0         Blade 1 Z translation displacement, node 8, m
        142    5.587E+00                                 F               0         Blade 1 X translation displacement, node 9, m
        143   -5.419E+01                                 F               0         Blade 1 Y translation displacement, node 9, m
        144   -5.842E+01                                 F               0         Blade 1 Z translation displacement, node 9, m
        145    5.122E+00                                 F               0         Blade 1 X translation displacement, node 10, m
        146   -5.796E+01                                 F               0         Blade 1 Y translation displacement, node 10, m
        147   -6.310E+01                                 F               0         Blade 1 Z translation displacement, node 10, m
        148    4.657E+00                                 F               0         Blade 1 X translation displacement, node 11, m
        149   -6.174E+01                                 F               0         Blade 1 Y translation displacement, node 11, m
        150   -6.778E+01                                 F               0         Blade 1 Z translation displacement, node 11, m
        151    4.192E+00                                 F               0         Blade 1 X translation displacement, node 12, m
        152   -6.551E+01                                 F               0         Blade 1 Y translation displacement, node 12, m
        153   -7.247E+01                                 F               0         Blade 1 Z translation displacement, node 12, m
        154    3.727E+00                                 F               0         Blade 1 X translation displacement, node 13, m
        155   -6.929E+01                                 F               0         Blade 1 Y translation displacement, node 13, m
        156   -7.715E+01                                 F               0         Blade 1 Z translation displacement, node 13, m
        157    3.261E+00                                 F               0         Blade 1 X translation displacement, node 14, m
        158   -7.307E+01                                 F               0         Blade 1 Y translation displacement, node 14, m
        159   -8.183E+01                                 F               0         Blade 1 Z translation displacement, node 14, m
        160    2.796E+00                                 F               0         Blade 1 X translation displacement, node 15, m
        161   -7.684E+01                                 F               0         Blade 1 Y translation displacement, node 15, m
        162   -8.652E+01                                 F               0         Blade 1 Z translation displacement, node 15, m
        163    2.331E+00                                 F               0         Blade 1 X translation displacement, node 16, m
        164   -8.062E+01                                 F               0         Blade 1 Y translation displacement, node 16, m
        165   -9.120E+01                                 F               0         Blade 1 Z translation displacement, node 16, m
        166    1.866E+00                                 F               0         Blade 1 X translation displacement, node 17, m
        167   -8.439E+01                                 F               0         Blade 1 Y translation displacement, node 17, m
        168   -9.588E+01                                 F               0         Blade 1 Z translation displacement, node 17, m
        169    1.401E+00                                 F               0         Blade 1 X translation displacement, node 18, m
        170   -8.817E+01                                 F               0         Blade 1 Y translation displacement, node 18, m
        171   -1.006E+02                                 F               0         Blade 1 Z translation displacement, node 18, m
        172    9.356E-01                                 F               0         Blade 1 X translation displacement, node 19, m
        173   -9.194E+01                                 F               0         Blade 1 Y translation displacement, node 19, m
        174   -1.052E+02                                 F               0         Blade 1 Z translation displacement, node 19, m
        175    4.704E-01                                 F               0         Blade 1 X translation displacement, node 20, m
        176   -9.572E+01                                 F               0         Blade 1 Y translation displacement, node 20, m
        177   -1.099E+02                                 F               0         Blade 1 Z translation displacement, node 20, m
        178    5.291E-03                                 F               0         Blade 1 X translation displacement, node 21, m
        179   -9.950E+01                                 F               0         Blade 1 Y translation displacement, node 21, m
        180   -1.146E+02                                 F               0         Blade 1 Z translation displacement, node 21, m
        181   -4.599E-01                                 F               0         Blade 1 X translation displacement, node 22, m
        182   -1.033E+02                                 F               0         Blade 1 Y translation displacement, node 22, m
        183   -1.193E+02                                 F               0         Blade 1 Z translation displacement, node 22, m
        184   -9.251E-01                                 F               0         Blade 1 X translation displacement, node 23, m
        185   -1.070E+02                                 F               0         Blade 1 Y translation displacement, node 23, m
        186   -1.240E+02                                 F               0         Blade 1 Z translation displacement, node 23, m
        187   -1.390E+00                                 F               0         Blade 1 X translation displacement, node 24, m
        188   -1.108E+02                                 F               0         Blade 1 Y translation displacement, node 24, m
        189   -1.287E+02                                 F               0         Blade 1 Z translation displacement, node 24, m
        190   -1.855E+00                                 F               0         Blade 1 X translation displacement, node 25, m
        191   -1.146E+02                                 F               0         Blade 1 Y translation displacement, node 25, m
        192   -1.333E+02                                 F               0         Blade 1 Z translation displacement, node 25, m
        193   -2.321E+00                                 F               0         Blade 1 X translation displacement, node 26, m
        194   -1.184E+02                                 F               0         Blade 1 Y translation displacement, node 26, m
        195   -1.380E+02                                 F               0         Blade 1 Z translation displacement, node 26, m
        196   -2.786E+00                                 F               0         Blade 1 X translation displacement, node 27, m
        197   -1.222E+02                                 F               0         Blade 1 Y translation displacement, node 27, m
        198   -1.427E+02                                 F               0         Blade 1 Z translation displacement, node 27, m
        199   -3.180E+00                                 F               0         Blade 1 X translation displacement, node 28, m
        200   -1.254E+02                                 F               0         Blade 1 Y translation displacement, node 28, m
        201   -1.467E+02                                 F               0         Blade 1 Z translation displacement, node 28, m
        202    8.078E-01,  1.150E-01, -5.781E-01         F               0         Blade 1 X orientation angle, node 1, rad
        203    5.892E-01, -1.837E-01,  7.868E-01         F               0         Blade 1 Y orientation angle, node 1, rad
        204   -1.574E-02, -9.762E-01, -2.162E-01         F               0         Blade 1 Z orientation angle, node 1, rad
        205    8.078E-01,  1.150E-01, -5.781E-01         F               0         Blade 1 X orientation angle, node 2, rad
        206    5.892E-01, -1.837E-01,  7.868E-01         F               0         Blade 1 Y orientation angle, node 2, rad
        207   -1.574E-02, -9.762E-01, -2.162E-01         F               0         Blade 1 Z orientation angle, node 2, rad
        208    9.245E-01,  6.817E-02, -3.752E-01         F               0         Blade 1 X orientation angle, node 3, rad
        209    3.810E-01, -2.057E-01,  9.014E-01         F               0         Blade 1 Y orientation angle, node 3, rad
        210   -1.574E-02, -9.762E-01, -2.162E-01         F               0         Blade 1 Z orientation angle, node 3, rad
        211    9.397E-01,  5.942E-02, -3.368E-01         F               0         Blade 1 X orientation angle, node 4, rad
        212    3.416E-01, -2.084E-01,  9.164E-01         F               0         Blade 1 Y orientation angle, node 4, rad
        213   -1.574E-02, -9.762E-01, -2.162E-01         F               0         Blade 1 Z orientation angle, node 4, rad
        214    9.505E-01,  5.248E-02, -3.062E-01         F               0         Blade 1 X orientation angle, node 5, rad
        215    3.103E-01, -2.103E-01,  9.271E-01         F               0         Blade 1 Y orientation angle, node 5, rad
        216   -1.574E-02, -9.762E-01, -2.162E-01         F               0         Blade 1 Z orientation angle, node 5, rad
        217    9.584E-01,  4.688E-02, -2.815E-01         F               0         Blade 1 X orientation angle, node 6, rad
        218    2.849E-01, -2.116E-01,  9.349E-01         F               0         Blade 1 Y orientation angle, node 6, rad
        219   -1.574E-02, -9.762E-01, -2.162E-01         F               0         Blade 1 Z orientation angle, node 6, rad
        220    9.644E-01,  4.225E-02, -2.610E-01         F               0         Blade 1 X orientation angle, node 7, rad
        221    2.640E-01, -2.126E-01,  9.408E-01         F               0         Blade 1 Y orientation angle, node 7, rad
        222   -1.574E-02, -9.762E-01, -2.162E-01         F               0         Blade 1 Z orientation angle, node 7, rad
        223    9.690E-01,  3.839E-02, -2.439E-01         F               0         Blade 1 X orientation angle, node 8, rad
        224    2.464E-01, -2.133E-01,  9.454E-01         F               0         Blade 1 Y orientation angle, node 8, rad
        225   -1.574E-02, -9.762E-01, -2.162E-01         F               0         Blade 1 Z orientation angle, node 8, rad
        226    9.727E-01,  3.511E-02, -2.294E-01         F               0         Blade 1 X orientation angle, node 9, rad
        227    2.315E-01, -2.139E-01,  9.490E-01         F               0         Blade 1 Y orientation angle, node 9, rad
        228   -1.574E-02, -9.762E-01, -2.162E-01         F               0         Blade 1 Z orientation angle, node 9, rad
        229    9.757E-01,  3.227E-02, -2.168E-01         F               0         Blade 1 X orientation angle, node 10, rad
        230    2.186E-01, -2.143E-01,  9.520E-01         F               0         Blade 1 Y orientation angle, node 10, rad
        231   -1.574E-02, -9.762E-01, -2.162E-01         F               0         Blade 1 Z orientation angle, node 10, rad
        232    9.781E-01,  2.983E-02, -2.059E-01         F               0         Blade 1 X orientation angle, node 11, rad
        233    2.075E-01, -2.147E-01,  9.544E-01         F               0         Blade 1 Y orientation angle, node 11, rad
        234   -1.574E-02, -9.762E-01, -2.162E-01         F               0         Blade 1 Z orientation angle, node 11, rad
        235    9.801E-01,  2.770E-02, -1.964E-01         F               0         Blade 1 X orientation angle, node 12, rad
        236    1.978E-01, -2.150E-01,  9.564E-01         F               0         Blade 1 Y orientation angle, node 12, rad
        237   -1.574E-02, -9.762E-01, -2.162E-01         F               0         Blade 1 Z orientation angle, node 12, rad
        238    9.818E-01,  2.582E-02, -1.881E-01         F               0         Blade 1 X orientation angle, node 13, rad
        239    1.892E-01, -2.152E-01,  9.581E-01         F               0         Blade 1 Y orientation angle, node 13, rad
        240   -1.574E-02, -9.762E-01, -2.162E-01         F               0         Blade 1 Z orientation angle, node 13, rad
        241    9.833E-01,  2.413E-02, -1.806E-01         F               0         Blade 1 X orientation angle, node 14, rad
        242    1.815E-01, -2.154E-01,  9.595E-01         F               0         Blade 1 Y orientation angle, node 14, rad
        243   -1.574E-02, -9.762E-01, -2.162E-01         F               0         Blade 1 Z orientation angle, node 14, rad
        244    9.845E-01,  2.262E-02, -1.739E-01         F               0         Blade 1 X orientation angle, node 15, rad
        245    1.746E-01, -2.156E-01,  9.608E-01         F               0         Blade 1 Y orientation angle, node 15, rad
        246   -1.574E-02, -9.762E-01, -2.162E-01         F               0         Blade 1 Z orientation angle, node 15, rad
        247    9.856E-01,  2.127E-02, -1.678E-01         F               0         Blade 1 X orientation angle, node 16, rad
        248    1.684E-01, -2.157E-01,  9.618E-01         F               0         Blade 1 Y orientation angle, node 16, rad
        249   -1.574E-02, -9.762E-01, -2.162E-01         F               0         Blade 1 Z orientation angle, node 16, rad
        250    9.865E-01,  2.006E-02, -1.624E-01         F               0         Blade 1 X orientation angle, node 17, rad
        251    1.629E-01, -2.158E-01,  9.627E-01         F               0         Blade 1 Y orientation angle, node 17, rad
        252   -1.574E-02, -9.762E-01, -2.162E-01         F               0         Blade 1 Z orientation angle, node 17, rad
        253    9.874E-01,  1.893E-02, -1.574E-01         F               0         Blade 1 X orientation angle, node 18, rad
        254    1.577E-01, -2.159E-01,  9.636E-01         F               0         Blade 1 Y orientation angle, node 18, rad
        255   -1.574E-02, -9.762E-01, -2.162E-01         F               0         Blade 1 Z orientation angle, node 18, rad
        256    9.881E-01,  1.791E-02, -1.529E-01         F               0         Blade 1 X orientation angle, node 19, rad
        257    1.531E-01, -2.160E-01,  9.643E-01         F               0         Blade 1 Y orientation angle, node 19, rad
        258   -1.574E-02, -9.762E-01, -2.162E-01         F               0         Blade 1 Z orientation angle, node 19, rad
        259    9.887E-01,  1.701E-02, -1.488E-01         F               0         Blade 1 X orientation angle, node 20, rad
        260    1.489E-01, -2.161E-01,  9.649E-01         F               0         Blade 1 Y orientation angle, node 20, rad
        261   -1.574E-02, -9.762E-01, -2.162E-01         F               0         Blade 1 Z orientation angle, node 20, rad
        262    9.893E-01,  1.614E-02, -1.449E-01         F               0         Blade 1 X orientation angle, node 21, rad
        263    1.450E-01, -2.161E-01,  9.655E-01         F               0         Blade 1 Y orientation angle, node 21, rad
        264   -1.574E-02, -9.762E-01, -2.162E-01         F               0         Blade 1 Z orientation angle, node 21, rad
        265    9.898E-01,  1.535E-02, -1.414E-01         F               0         Blade 1 X orientation angle, node 22, rad
        266    1.414E-01, -2.162E-01,  9.661E-01         F               0         Blade 1 Y orientation angle, node 22, rad
        267   -1.574E-02, -9.762E-01, -2.162E-01         F               0         Blade 1 Z orientation angle, node 22, rad
        268    9.903E-01,  1.463E-02, -1.382E-01         F               0         Blade 1 X orientation angle, node 23, rad
        269    1.381E-01, -2.163E-01,  9.665E-01         F               0         Blade 1 Y orientation angle, node 23, rad
        270   -1.574E-02, -9.762E-01, -2.162E-01         F               0         Blade 1 Z orientation angle, node 23, rad
        271    9.907E-01,  1.395E-02, -1.352E-01         F               0         Blade 1 X orientation angle, node 24, rad
        272    1.350E-01, -2.163E-01,  9.670E-01         F               0         Blade 1 Y orientation angle, node 24, rad
        273   -1.574E-02, -9.762E-01, -2.162E-01         F               0         Blade 1 Z orientation angle, node 24, rad
        274    9.911E-01,  1.331E-02, -1.323E-01         F               0         Blade 1 X orientation angle, node 25, rad
        275    1.320E-01, -2.163E-01,  9.674E-01         F               0         Blade 1 Y orientation angle, node 25, rad
        276   -1.574E-02, -9.762E-01, -2.162E-01         F               0         Blade 1 Z orientation angle, node 25, rad
        277    9.915E-01,  1.275E-02, -1.298E-01         F               0         Blade 1 X orientation angle, node 26, rad
        278    1.294E-01, -2.164E-01,  9.677E-01         F               0         Blade 1 Y orientation angle, node 26, rad
        279   -1.574E-02, -9.762E-01, -2.162E-01         F               0         Blade 1 Z orientation angle, node 26, rad
        280    9.918E-01,  1.218E-02, -1.272E-01         F               0         Blade 1 X orientation angle, node 27, rad
        281    1.268E-01, -2.164E-01,  9.680E-01         F               0         Blade 1 Y orientation angle, node 27, rad
        282   -1.574E-02, -9.762E-01, -2.162E-01         F               0         Blade 1 Z orientation angle, node 27, rad
        283    9.920E-01,  1.188E-02, -1.259E-01         F               0         Blade 1 X orientation angle, node 28, rad
        284    1.254E-01, -2.164E-01,  9.682E-01         F               0         Blade 1 Y orientation angle, node 28, rad
        285   -1.574E-02, -9.762E-01, -2.162E-01         F               0         Blade 1 Z orientation angle, node 28, rad
        286   -6.302E-01                                 F               0         Blade 1 X translation velocity, node 1, m/s
        287    1.071E+00                                 F               0         Blade 1 Y translation velocity, node 1, m/s
        288   -4.798E+00                                 F               0         Blade 1 Z translation velocity, node 1, m/s
        289   -7.813E-01                                 F               0         Blade 1 X translation velocity, node 2, m/s
        290    1.330E+00                                 F               0         Blade 1 Y translation velocity, node 2, m/s
        291   -5.953E+00                                 F               0         Blade 1 Z translation velocity, node 2, m/s
        292   -2.836E+00                                 F               0         Blade 1 X translation velocity, node 3, m/s
        293    4.840E+00                                 F               0         Blade 1 Y translation velocity, node 3, m/s
        294   -2.166E+01                                 F               0         Blade 1 Z translation velocity, node 3, m/s
        295   -3.274E+00                                 F               0         Blade 1 X translation velocity, node 4, m/s
        296    5.588E+00                                 F               0         Blade 1 Y translation velocity, node 4, m/s
        297   -2.500E+01                                 F               0         Blade 1 Z translation velocity, node 4, m/s
        298   -3.711E+00                                 F               0         Blade 1 X translation velocity, node 5, m/s
        299    6.336E+00                                 F               0         Blade 1 Y translation velocity, node 5, m/s
        300   -2.835E+01                                 F               0         Blade 1 Z translation velocity, node 5, m/s
        301   -4.149E+00                                 F               0         Blade 1 X translation velocity, node 6, m/s
        302    7.084E+00                                 F               0         Blade 1 Y translation velocity, node 6, m/s
        303   -3.169E+01                                 F               0         Blade 1 Z translation velocity, node 6, m/s
        304   -4.587E+00                                 F               0         Blade 1 X translation velocity, node 7, m/s
        305    7.832E+00                                 F               0         Blade 1 Y translation velocity, node 7, m/s
        306   -3.504E+01                                 F               0         Blade 1 Z translation velocity, node 7, m/s
        307   -5.025E+00                                 F               0         Blade 1 X translation velocity, node 8, m/s
