
Linearized model: Predictions were generated on 31-Jan-2024 at 12:35:17 using OpenFAST, compiled as a 64-bit application using single precision at commit v3.5.1
 linked with  NWTC Subroutine Library; ElastoDyn; InflowWind; AeroDyn; ServoDyn; HydroDyn; MAP++ (<1.20.10>, <Oct-20-2023>)

Description from the FAST input file: CCT-9 Campign 4 model. Input files to be run with OpenFAST 3.5.0. GitHub branch from Lu Wang (https://github.com/luwang00/openfast/tree/dev) compiled on March 7, 2023.

Simulation information:
   Simulation time:                   503.7250 s
   Rotor Speed:                         0.8939 rad/s
   Azimuth:                             4.0753 rad
   Wind Speed:                         10.0000 m/s
   Number of continuous states:         0
   Number of discrete states:           0
   Number of constraint states:         0
   Number of inputs:                 1746
   Number of outputs:                   4
   Jacobians included in this file?    No

Order of inputs:
     Column   Operating Point                     Rotating Frame? Derivative Order Description
   ---------- ---------------                     --------------- ---------------- -----------
          1    8.514E+00                                 F               0         Tower X translation displacement, node 1, m
          2   -1.355E+00                                 F               0         Tower Y translation displacement, node 1, m
          3   -8.242E-02                                 F               0         Tower Z translation displacement, node 1, m
          4    8.751E+00                                 F               0         Tower X translation displacement, node 2, m
          5   -1.887E+00                                 F               0         Tower Y translation displacement, node 2, m
          6   -9.618E-02                                 F               0         Tower Z translation displacement, node 2, m
          7    9.000E+00                                 F               0         Tower X translation displacement, node 3, m
          8   -2.420E+00                                 F               0         Tower Y translation displacement, node 3, m
          9   -1.102E-01                                 F               0         Tower Z translation displacement, node 3, m
         10    9.260E+00                                 F               0         Tower X translation displacement, node 4, m
         11   -2.952E+00                                 F               0         Tower Y translation displacement, node 4, m
         12   -1.244E-01                                 F               0         Tower Z translation displacement, node 4, m
         13    9.528E+00                                 F               0         Tower X translation displacement, node 5, m
         14   -3.485E+00                                 F               0         Tower Y translation displacement, node 5, m
         15   -1.388E-01                                 F               0         Tower Z translation displacement, node 5, m
         16    9.801E+00                                 F               0         Tower X translation displacement, node 6, m
         17   -4.017E+00                                 F               0         Tower Y translation displacement, node 6, m
         18   -1.533E-01                                 F               0         Tower Z translation displacement, node 6, m
         19    1.008E+01                                 F               0         Tower X translation displacement, node 7, m
         20   -4.549E+00                                 F               0         Tower Y translation displacement, node 7, m
         21   -1.679E-01                                 F               0         Tower Z translation displacement, node 7, m
         22    1.036E+01                                 F               0         Tower X translation displacement, node 8, m
         23   -5.082E+00                                 F               0         Tower Y translation displacement, node 8, m
         24   -1.826E-01                                 F               0         Tower Z translation displacement, node 8, m
         25    1.064E+01                                 F               0         Tower X translation displacement, node 9, m
         26   -5.614E+00                                 F               0         Tower Y translation displacement, node 9, m
         27   -1.973E-01                                 F               0         Tower Z translation displacement, node 9, m
         28    1.093E+01                                 F               0         Tower X translation displacement, node 10, m
         29   -6.146E+00                                 F               0         Tower Y translation displacement, node 10, m
         30   -2.120E-01                                 F               0         Tower Z translation displacement, node 10, m
         31    1.121E+01                                 F               0         Tower X translation displacement, node 11, m
         32   -6.679E+00                                 F               0         Tower Y translation displacement, node 11, m
         33   -2.268E-01                                 F               0         Tower Z translation displacement, node 11, m
         34    9.998E-01,  7.491E-03, -1.841E-02         F               0         Tower X orientation angle, node 1, rad
         35   -6.688E-03,  9.990E-01,  4.325E-02         F               0         Tower Y orientation angle, node 1, rad
         36    1.872E-02, -4.312E-02,  9.989E-01         F               0         Tower Z orientation angle, node 1, rad
         37    9.998E-01,  7.534E-03, -1.943E-02         F               0         Tower X orientation angle, node 2, rad
         38   -6.688E-03,  9.990E-01,  4.325E-02         F               0         Tower Y orientation angle, node 2, rad
         39    1.974E-02, -4.311E-02,  9.989E-01         F               0         Tower Z orientation angle, node 2, rad
         40    9.998E-01,  7.572E-03, -2.030E-02         F               0         Tower X orientation angle, node 3, rad
         41   -6.688E-03,  9.990E-01,  4.325E-02         F               0         Tower Y orientation angle, node 3, rad
         42    2.061E-02, -4.310E-02,  9.989E-01         F               0         Tower Z orientation angle, node 3, rad
         43    9.998E-01,  7.603E-03, -2.101E-02         F               0         Tower X orientation angle, node 4, rad
         44   -6.688E-03,  9.990E-01,  4.325E-02         F               0         Tower Y orientation angle, node 4, rad
         45    2.132E-02, -4.310E-02,  9.988E-01         F               0         Tower Z orientation angle, node 4, rad
         46    9.997E-01,  7.627E-03, -2.158E-02         F               0         Tower X orientation angle, node 5, rad
         47   -6.688E-03,  9.990E-01,  4.325E-02         F               0         Tower Y orientation angle, node 5, rad
         48    2.189E-02, -4.309E-02,  9.988E-01         F               0         Tower Z orientation angle, node 5, rad
         49    9.997E-01,  7.646E-03, -2.201E-02         F               0         Tower X orientation angle, node 6, rad
         50   -6.688E-03,  9.990E-01,  4.325E-02         F               0         Tower Y orientation angle, node 6, rad
         51    2.232E-02, -4.309E-02,  9.988E-01         F               0         Tower Z orientation angle, node 6, rad
         52    9.997E-01,  7.659E-03, -2.231E-02         F               0         Tower X orientation angle, node 7, rad
         53   -6.688E-03,  9.990E-01,  4.325E-02         F               0         Tower Y orientation angle, node 7, rad
         54    2.262E-02, -4.309E-02,  9.988E-01         F               0         Tower Z orientation angle, node 7, rad
         55    9.997E-01,  7.668E-03, -2.252E-02         F               0         Tower X orientation angle, node 8, rad
         56   -6.688E-03,  9.990E-01,  4.325E-02         F               0         Tower Y orientation angle, node 8, rad
         57    2.283E-02, -4.308E-02,  9.988E-01         F               0         Tower Z orientation angle, node 8, rad
         58    9.997E-01,  7.673E-03, -2.265E-02         F               0         Tower X orientation angle, node 9, rad
         59   -6.688E-03,  9.990E-01,  4.325E-02         F               0         Tower Y orientation angle, node 9, rad
         60    2.296E-02, -4.308E-02,  9.988E-01         F               0         Tower Z orientation angle, node 9, rad
         61    9.997E-01,  7.676E-03, -2.272E-02         F               0         Tower X orientation angle, node 10, rad
         62   -6.688E-03,  9.990E-01,  4.325E-02         F               0         Tower Y orientation angle, node 10, rad
         63    2.303E-02, -4.308E-02,  9.988E-01         F               0         Tower Z orientation angle, node 10, rad
         64    9.997E-01,  7.678E-03, -2.275E-02         F               0         Tower X orientation angle, node 11, rad
         65   -6.688E-03,  9.990E-01,  4.325E-02         F               0         Tower Y orientation angle, node 11, rad
         66    2.306E-02, -4.308E-02,  9.988E-01         F               0         Tower Z orientation angle, node 11, rad
         67   -1.277E-03                                 F               0         Tower X translation velocity, node 1, m/s
         68    1.520E-06                                 F               0         Tower Y translation velocity, node 1, m/s
         69   -6.876E-03                                 F               0         Tower Z translation velocity, node 1, m/s
         70   -1.276E-03                                 F               0         Tower X translation velocity, node 2, m/s
         71    2.561E-06                                 F               0         Tower Y translation velocity, node 2, m/s
         72   -6.876E-03                                 F               0         Tower Z translation velocity, node 2, m/s
         73   -1.277E-03                                 F               0         Tower X translation velocity, node 3, m/s
         74    3.637E-06                                 F               0         Tower Y translation velocity, node 3, m/s
         75   -6.876E-03                                 F               0         Tower Z translation velocity, node 3, m/s
         76   -1.283E-03                                 F               0         Tower X translation velocity, node 4, m/s
         77    4.727E-06                                 F               0         Tower Y translation velocity, node 4, m/s
         78   -6.876E-03                                 F               0         Tower Z translation velocity, node 4, m/s
         79   -1.293E-03                                 F               0         Tower X translation velocity, node 5, m/s
         80    5.818E-06                                 F               0         Tower Y translation velocity, node 5, m/s
         81   -6.875E-03                                 F               0         Tower Z translation velocity, node 5, m/s
         82   -1.308E-03                                 F               0         Tower X translation velocity, node 6, m/s
         83    6.897E-06                                 F               0         Tower Y translation velocity, node 6, m/s
         84   -6.875E-03                                 F               0         Tower Z translation velocity, node 6, m/s
         85   -1.327E-03                                 F               0         Tower X translation velocity, node 7, m/s
         86    7.957E-06                                 F               0         Tower Y translation velocity, node 7, m/s
         87   -6.874E-03                                 F               0         Tower Z translation velocity, node 7, m/s
         88   -1.352E-03                                 F               0         Tower X translation velocity, node 8, m/s
         89    8.992E-06                                 F               0         Tower Y translation velocity, node 8, m/s
         90   -6.874E-03                                 F               0         Tower Z translation velocity, node 8, m/s
         91   -1.381E-03                                 F               0         Tower X translation velocity, node 9, m/s
         92    1.000E-05                                 F               0         Tower Y translation velocity, node 9, m/s
         93   -6.873E-03                                 F               0         Tower Z translation velocity, node 9, m/s
         94   -1.415E-03                                 F               0         Tower X translation velocity, node 10, m/s
         95    1.099E-05                                 F               0         Tower Y translation velocity, node 10, m/s
         96   -6.872E-03                                 F               0         Tower Z translation velocity, node 10, m/s
         97   -1.450E-03                                 F               0         Tower X translation velocity, node 11, m/s
         98    1.196E-05                                 F               0         Tower Y translation velocity, node 11, m/s
         99   -6.871E-03                                 F               0         Tower Z translation velocity, node 11, m/s
        100    1.140E+01                                 F               0         Hub X translation displacement, node 1, m
        101   -7.100E+00                                 F               0         Hub Y translation displacement, node 1, m
        102    9.523E-03                                 F               0         Hub Z translation displacement, node 1, m
        103    9.918E-01,  1.214E-02, -1.270E-01         F               0         Hub X orientation angle, node 1, rad
        104   -9.845E-02, -5.605E-01, -8.223E-01         F               0         Hub Y orientation angle, node 1, rad
        105   -8.118E-02,  8.281E-01, -5.547E-01         F               0         Hub Z orientation angle, node 1, rad
        106    8.866E-01                                 F               0         Hub X rotation velocity, node 1, rad/s
        107    1.085E-02                                 F               0         Hub Y rotation velocity, node 1, rad/s
        108   -1.135E-01                                 F               0         Hub Z rotation velocity, node 1, rad/s
        109    9.943E-01,  2.876E-02, -1.026E-01         F               0         Blade root 1 X orientation angle, node 1, rad
        110   -6.898E-02, -5.599E-01, -8.257E-01         F               0         Blade root 1 Y orientation angle, node 1, rad
        111   -8.118E-02,  8.281E-01, -5.547E-01         F               0         Blade root 1 Z orientation angle, node 1, rad
        112    9.920E-01, -1.745E-02, -1.249E-01         F               0         Blade root 2 X orientation angle, node 1, rad
        113    8.356E-03,  9.973E-01, -7.300E-02         F               0         Blade root 2 Y orientation angle, node 1, rad
        114    1.259E-01,  7.137E-02,  9.895E-01         F               0         Blade root 2 Z orientation angle, node 1, rad
        115    9.878E-01,  2.509E-02, -1.534E-01         F               0         Blade root 3 X orientation angle, node 1, rad
        116    1.489E-01, -4.363E-01,  8.874E-01         F               0         Blade root 3 Y orientation angle, node 1, rad
        117   -4.467E-02, -8.994E-01, -4.348E-01         F               0         Blade root 3 Z orientation angle, node 1, rad
        118    1.037E+01                                 F               0         Blade 1 X translation displacement, node 1, m
        119   -2.512E+00                                 F               0         Blade 1 Y translation displacement, node 1, m
        120   -8.573E+00                                 F               0         Blade 1 Z translation displacement, node 1, m
        121    1.012E+01                                 F               0         Blade 1 X translation displacement, node 2, m
        122   -1.407E+00                                 F               0         Blade 1 Y translation displacement, node 2, m
        123   -1.064E+01                                 F               0         Blade 1 Z translation displacement, node 2, m
        124    6.748E+00                                 F               0         Blade 1 X translation displacement, node 3, m
        125    1.362E+01                                 F               0         Blade 1 Y translation displacement, node 3, m
        126   -3.876E+01                                 F               0         Blade 1 Z translation displacement, node 3, m
        127    6.030E+00                                 F               0         Blade 1 X translation displacement, node 4, m
        128    1.683E+01                                 F               0         Blade 1 Y translation displacement, node 4, m
        129   -4.476E+01                                 F               0         Blade 1 Z translation displacement, node 4, m
        130    5.312E+00                                 F               0         Blade 1 X translation displacement, node 5, m
        131    2.003E+01                                 F               0         Blade 1 Y translation displacement, node 5, m
        132   -5.075E+01                                 F               0         Blade 1 Z translation displacement, node 5, m
        133    4.593E+00                                 F               0         Blade 1 X translation displacement, node 6, m
        134    2.323E+01                                 F               0         Blade 1 Y translation displacement, node 6, m
        135   -5.674E+01                                 F               0         Blade 1 Z translation displacement, node 6, m
        136    3.875E+00                                 F               0         Blade 1 X translation displacement, node 7, m
        137    2.644E+01                                 F               0         Blade 1 Y translation displacement, node 7, m
        138   -6.273E+01                                 F               0         Blade 1 Z translation displacement, node 7, m
        139    3.157E+00                                 F               0         Blade 1 X translation displacement, node 8, m
        140    2.964E+01                                 F               0         Blade 1 Y translation displacement, node 8, m
        141   -6.872E+01                                 F               0         Blade 1 Z translation displacement, node 8, m
        142    2.438E+00                                 F               0         Blade 1 X translation displacement, node 9, m
        143    3.284E+01                                 F               0         Blade 1 Y translation displacement, node 9, m
        144   -7.472E+01                                 F               0         Blade 1 Z translation displacement, node 9, m
        145    1.720E+00                                 F               0         Blade 1 X translation displacement, node 10, m
        146    3.604E+01                                 F               0         Blade 1 Y translation displacement, node 10, m
        147   -8.071E+01                                 F               0         Blade 1 Z translation displacement, node 10, m
        148    1.002E+00                                 F               0         Blade 1 X translation displacement, node 11, m
        149    3.925E+01                                 F               0         Blade 1 Y translation displacement, node 11, m
        150   -8.670E+01                                 F               0         Blade 1 Z translation displacement, node 11, m
        151    2.837E-01                                 F               0         Blade 1 X translation displacement, node 12, m
        152    4.245E+01                                 F               0         Blade 1 Y translation displacement, node 12, m
        153   -9.269E+01                                 F               0         Blade 1 Z translation displacement, node 12, m
        154   -4.345E-01                                 F               0         Blade 1 X translation displacement, node 13, m
        155    4.565E+01                                 F               0         Blade 1 Y translation displacement, node 13, m
        156   -9.868E+01                                 F               0         Blade 1 Z translation displacement, node 13, m
        157   -1.153E+00                                 F               0         Blade 1 X translation displacement, node 14, m
        158    4.885E+01                                 F               0         Blade 1 Y translation displacement, node 14, m
        159   -1.047E+02                                 F               0         Blade 1 Z translation displacement, node 14, m
        160   -1.871E+00                                 F               0         Blade 1 X translation displacement, node 15, m
        161    5.206E+01                                 F               0         Blade 1 Y translation displacement, node 15, m
        162   -1.107E+02                                 F               0         Blade 1 Z translation displacement, node 15, m
        163   -2.589E+00                                 F               0         Blade 1 X translation displacement, node 16, m
        164    5.526E+01                                 F               0         Blade 1 Y translation displacement, node 16, m
        165   -1.167E+02                                 F               0         Blade 1 Z translation displacement, node 16, m
        166   -3.308E+00                                 F               0         Blade 1 X translation displacement, node 17, m
        167    5.846E+01                                 F               0         Blade 1 Y translation displacement, node 17, m
        168   -1.227E+02                                 F               0         Blade 1 Z translation displacement, node 17, m
        169   -4.026E+00                                 F               0         Blade 1 X translation displacement, node 18, m
        170    6.167E+01                                 F               0         Blade 1 Y translation displacement, node 18, m
        171   -1.286E+02                                 F               0         Blade 1 Z translation displacement, node 18, m
        172   -4.744E+00                                 F               0         Blade 1 X translation displacement, node 19, m
        173    6.487E+01                                 F               0         Blade 1 Y translation displacement, node 19, m
        174   -1.346E+02                                 F               0         Blade 1 Z translation displacement, node 19, m
        175   -5.462E+00                                 F               0         Blade 1 X translation displacement, node 20, m
        176    6.807E+01                                 F               0         Blade 1 Y translation displacement, node 20, m
        177   -1.406E+02                                 F               0         Blade 1 Z translation displacement, node 20, m
        178   -6.181E+00                                 F               0         Blade 1 X translation displacement, node 21, m
        179    7.127E+01                                 F               0         Blade 1 Y translation displacement, node 21, m
        180   -1.466E+02                                 F               0         Blade 1 Z translation displacement, node 21, m
        181   -6.899E+00                                 F               0         Blade 1 X translation displacement, node 22, m
        182    7.448E+01                                 F               0         Blade 1 Y translation displacement, node 22, m
        183   -1.526E+02                                 F               0         Blade 1 Z translation displacement, node 22, m
        184   -7.617E+00                                 F               0         Blade 1 X translation displacement, node 23, m
        185    7.768E+01                                 F               0         Blade 1 Y translation displacement, node 23, m
        186   -1.586E+02                                 F               0         Blade 1 Z translation displacement, node 23, m
        187   -8.335E+00                                 F               0         Blade 1 X translation displacement, node 24, m
        188    8.088E+01                                 F               0         Blade 1 Y translation displacement, node 24, m
        189   -1.646E+02                                 F               0         Blade 1 Z translation displacement, node 24, m
        190   -9.054E+00                                 F               0         Blade 1 X translation displacement, node 25, m
        191    8.408E+01                                 F               0         Blade 1 Y translation displacement, node 25, m
        192   -1.706E+02                                 F               0         Blade 1 Z translation displacement, node 25, m
        193   -9.772E+00                                 F               0         Blade 1 X translation displacement, node 26, m
        194    8.729E+01                                 F               0         Blade 1 Y translation displacement, node 26, m
        195   -1.766E+02                                 F               0         Blade 1 Z translation displacement, node 26, m
        196   -1.049E+01                                 F               0         Blade 1 X translation displacement, node 27, m
        197    9.049E+01                                 F               0         Blade 1 Y translation displacement, node 27, m
        198   -1.826E+02                                 F               0         Blade 1 Z translation displacement, node 27, m
        199   -1.110E+01                                 F               0         Blade 1 X translation displacement, node 28, m
        200    9.320E+01                                 F               0         Blade 1 Y translation displacement, node 28, m
        201   -1.877E+02                                 F               0         Blade 1 Z translation displacement, node 28, m
        202    9.164E-01,  2.809E-01,  2.852E-01         F               0         Blade 1 X orientation angle, node 1, rad
        203    3.920E-01, -4.852E-01, -7.816E-01         F               0         Blade 1 Y orientation angle, node 1, rad
        204   -8.118E-02,  8.281E-01, -5.547E-01         F               0         Blade 1 Z orientation angle, node 1, rad
        205    9.164E-01,  2.809E-01,  2.852E-01         F               0         Blade 1 X orientation angle, node 2, rad
        206    3.920E-01, -4.852E-01, -7.816E-01         F               0         Blade 1 Y orientation angle, node 2, rad
        207   -8.118E-02,  8.281E-01, -5.547E-01         F               0         Blade 1 Z orientation angle, node 2, rad
        208    9.832E-01,  1.579E-01,  9.186E-02         F               0         Blade 1 X orientation angle, node 3, rad
        209    1.637E-01, -5.379E-01, -8.270E-01         F               0         Blade 1 Y orientation angle, node 3, rad
        210   -8.118E-02,  8.281E-01, -5.547E-01         F               0         Blade 1 Z orientation angle, node 3, rad
        211    9.892E-01,  1.351E-01,  5.686E-02         F               0         Blade 1 X orientation angle, node 4, rad
        212    1.220E-01, -5.441E-01, -8.301E-01         F               0         Blade 1 Y orientation angle, node 4, rad
        213   -8.118E-02,  8.281E-01, -5.547E-01         F               0         Blade 1 Z orientation angle, node 4, rad
        214    9.927E-01,  1.170E-01,  2.931E-02         F               0         Blade 1 X orientation angle, node 5, rad
        215    8.914E-02, -5.483E-01, -8.315E-01         F               0         Blade 1 Y orientation angle, node 5, rad
        216   -8.118E-02,  8.281E-01, -5.547E-01         F               0         Blade 1 Z orientation angle, node 5, rad
        217    9.947E-01,  1.024E-01,  7.239E-03         F               0         Blade 1 X orientation angle, node 6, rad
        218    6.278E-02, -5.512E-01, -8.320E-01         F               0         Blade 1 Y orientation angle, node 6, rad
        219   -8.118E-02,  8.281E-01, -5.547E-01         F               0         Blade 1 Z orientation angle, node 6, rad
        220    9.959E-01,  9.032E-02, -1.091E-02         F               0         Blade 1 X orientation angle, node 7, rad
        221    4.106E-02, -5.533E-01, -8.320E-01         F               0         Blade 1 Y orientation angle, node 7, rad
        222   -8.118E-02,  8.281E-01, -5.547E-01         F               0         Blade 1 Z orientation angle, node 7, rad
        223    9.964E-01,  8.026E-02, -2.601E-02         F               0         Blade 1 X orientation angle, node 8, rad
        224    2.298E-02, -5.549E-01, -8.316E-01         F               0         Blade 1 Y orientation angle, node 8, rad
        225   -8.118E-02,  8.281E-01, -5.547E-01         F               0         Blade 1 Z orientation angle, node 8, rad
        226    9.967E-01,  7.173E-02, -3.878E-02         F               0         Blade 1 X orientation angle, node 9, rad
        227    7.676E-03, -5.560E-01, -8.311E-01         F               0         Blade 1 Y orientation angle, node 9, rad
        228   -8.118E-02,  8.281E-01, -5.547E-01         F               0         Blade 1 Z orientation angle, node 9, rad
        229    9.967E-01,  6.435E-02, -4.980E-02         F               0         Blade 1 X orientation angle, node 10, rad
        230   -5.545E-03, -5.569E-01, -8.305E-01         F               0         Blade 1 Y orientation angle, node 10, rad
        231   -8.118E-02,  8.281E-01, -5.547E-01         F               0         Blade 1 Z orientation angle, node 10, rad
        232    9.966E-01,  5.802E-02, -5.922E-02         F               0         Blade 1 X orientation angle, node 11, rad
        233   -1.685E-02, -5.576E-01, -8.299E-01         F               0         Blade 1 Y orientation angle, node 11, rad
        234   -8.118E-02,  8.281E-01, -5.547E-01         F               0         Blade 1 Z orientation angle, node 11, rad
        235    9.963E-01,  5.247E-02, -6.747E-02         F               0         Blade 1 X orientation angle, node 12, rad
        236   -2.676E-02, -5.582E-01, -8.293E-01         F               0         Blade 1 Y orientation angle, node 12, rad
        237   -8.118E-02,  8.281E-01, -5.547E-01         F               0         Blade 1 Z orientation angle, node 12, rad
        238    9.961E-01,  4.760E-02, -7.471E-02         F               0         Blade 1 X orientation angle, node 13, rad
        239   -3.546E-02, -5.586E-01, -8.287E-01         F               0         Blade 1 Y orientation angle, node 13, rad
        240   -8.118E-02,  8.281E-01, -5.547E-01         F               0         Blade 1 Z orientation angle, node 13, rad
        241    9.958E-01,  4.321E-02, -8.121E-02         F               0         Blade 1 X orientation angle, node 14, rad
        242   -4.328E-02, -5.590E-01, -8.281E-01         F               0         Blade 1 Y orientation angle, node 14, rad
        243   -8.118E-02,  8.281E-01, -5.547E-01         F               0         Blade 1 Z orientation angle, node 14, rad
        244    9.954E-01,  3.931E-02, -8.699E-02         F               0         Blade 1 X orientation angle, node 15, rad
        245   -5.023E-02, -5.592E-01, -8.275E-01         F               0         Blade 1 Y orientation angle, node 15, rad
        246   -8.118E-02,  8.281E-01, -5.547E-01         F               0         Blade 1 Z orientation angle, node 15, rad
        247    9.951E-01,  3.579E-02, -9.219E-02         F               0         Blade 1 X orientation angle, node 16, rad
        248   -5.648E-02, -5.595E-01, -8.269E-01         F               0         Blade 1 Y orientation angle, node 16, rad
        249   -8.118E-02,  8.281E-01, -5.547E-01         F               0         Blade 1 Z orientation angle, node 16, rad
        250    9.948E-01,  3.267E-02, -9.681E-02         F               0         Blade 1 X orientation angle, node 17, rad
        251   -6.204E-02, -5.597E-01, -8.264E-01         F               0         Blade 1 Y orientation angle, node 17, rad
        252   -8.118E-02,  8.281E-01, -5.547E-01         F               0         Blade 1 Z orientation angle, node 17, rad
        253    9.944E-01,  2.974E-02, -1.011E-01         F               0         Blade 1 X orientation angle, node 18, rad
        254   -6.725E-02, -5.598E-01, -8.259E-01         F               0         Blade 1 Y orientation angle, node 18, rad
        255   -8.118E-02,  8.281E-01, -5.547E-01         F               0         Blade 1 Z orientation angle, node 18, rad
        256    9.941E-01,  2.710E-02, -1.050E-01         F               0         Blade 1 X orientation angle, node 19, rad
        257   -7.193E-02, -5.600E-01, -8.254E-01         F               0         Blade 1 Y orientation angle, node 19, rad
        258   -8.118E-02,  8.281E-01, -5.547E-01         F               0         Blade 1 Z orientation angle, node 19, rad
        259    9.938E-01,  2.475E-02, -1.085E-01         F               0         Blade 1 X orientation angle, node 20, rad
        260   -7.610E-02, -5.601E-01, -8.249E-01         F               0         Blade 1 Y orientation angle, node 20, rad
        261   -8.118E-02,  8.281E-01, -5.547E-01         F               0         Blade 1 Z orientation angle, node 20, rad
        262    9.935E-01,  2.251E-02, -1.118E-01         F               0         Blade 1 X orientation angle, node 21, rad
        263   -8.009E-02, -5.602E-01, -8.245E-01         F               0         Blade 1 Y orientation angle, node 21, rad
        264   -8.118E-02,  8.281E-01, -5.547E-01         F               0         Blade 1 Z orientation angle, node 21, rad
        265    9.932E-01,  2.045E-02, -1.148E-01         F               0         Blade 1 X orientation angle, node 22, rad
        266   -8.373E-02, -5.603E-01, -8.241E-01         F               0         Blade 1 Y orientation angle, node 22, rad
        267   -8.118E-02,  8.281E-01, -5.547E-01         F               0         Blade 1 Z orientation angle, node 22, rad
        268    9.929E-01,  1.859E-02, -1.175E-01         F               0         Blade 1 X orientation angle, node 23, rad
        269   -8.702E-02, -5.603E-01, -8.237E-01         F               0         Blade 1 Y orientation angle, node 23, rad
        270   -8.118E-02,  8.281E-01, -5.547E-01         F               0         Blade 1 Z orientation angle, node 23, rad
        271    9.926E-01,  1.683E-02, -1.201E-01         F               0         Blade 1 X orientation angle, node 24, rad
        272   -9.014E-02, -5.604E-01, -8.233E-01         F               0         Blade 1 Y orientation angle, node 24, rad
        273   -8.118E-02,  8.281E-01, -5.547E-01         F               0         Blade 1 Z orientation angle, node 24, rad
        274    9.923E-01,  1.517E-02, -1.226E-01         F               0         Blade 1 X orientation angle, node 25, rad
        275   -9.308E-02, -5.604E-01, -8.230E-01         F               0         Blade 1 Y orientation angle, node 25, rad
        276   -8.118E-02,  8.281E-01, -5.547E-01         F               0         Blade 1 Z orientation angle, node 25, rad
        277    9.921E-01,  1.370E-02, -1.247E-01         F               0         Blade 1 X orientation angle, node 26, rad
        278   -9.568E-02, -5.605E-01, -8.226E-01         F               0         Blade 1 Y orientation angle, node 26, rad
        279   -8.118E-02,  8.281E-01, -5.547E-01         F               0         Blade 1 Z orientation angle, node 26, rad
        280    9.918E-01,  1.224E-02, -1.269E-01         F               0         Blade 1 X orientation angle, node 27, rad
        281   -9.828E-02, -5.605E-01, -8.223E-01         F               0         Blade 1 Y orientation angle, node 27, rad
        282   -8.118E-02,  8.281E-01, -5.547E-01         F               0         Blade 1 Z orientation angle, node 27, rad
        283    9.917E-01,  1.145E-02, -1.280E-01         F               0         Blade 1 X orientation angle, node 28, rad
        284   -9.966E-02, -5.605E-01, -8.221E-01         F               0         Blade 1 Y orientation angle, node 28, rad
        285   -8.118E-02,  8.281E-01, -5.547E-01         F               0         Blade 1 Z orientation angle, node 28, rad
        286    4.861E-01                                 F               0         Blade 1 X translation velocity, node 1, m/s
        287    2.776E+00                                 F               0         Blade 1 Y translation velocity, node 1, m/s
        288    4.065E+00                                 F               0         Blade 1 Z translation velocity, node 1, m/s
        289    6.036E-01                                 F               0         Blade 1 X translation velocity, node 2, m/s
        290    3.445E+00                                 F               0         Blade 1 Y translation velocity, node 2, m/s
        291    5.047E+00                                 F               0         Blade 1 Z translation velocity, node 2, m/s
        292    2.201E+00                                 F               0         Blade 1 X translation velocity, node 3, m/s
        293    1.254E+01                                 F               0         Blade 1 Y translation velocity, node 3, m/s
        294    1.839E+01                                 F               0         Blade 1 Z translation velocity, node 3, m/s
        295    2.541E+00                                 F               0         Blade 1 X translation velocity, node 4, m/s
        296    1.448E+01                                 F               0         Blade 1 Y translation velocity, node 4, m/s
        297    2.123E+01                                 F               0         Blade 1 Z translation velocity, node 4, m/s
        298    2.882E+00                                 F               0         Blade 1 X translation velocity, node 5, m/s
        299    1.642E+01                                 F               0         Blade 1 Y translation velocity, node 5, m/s
        300    2.408E+01                                 F               0         Blade 1 Z translation velocity, node 5, m/s
        301    3.222E+00                                 F               0         Blade 1 X translation velocity, node 6, m/s
        302    1.835E+01                                 F               0         Blade 1 Y translation velocity, node 6, m/s
        303    2.692E+01                                 F               0         Blade 1 Z translation velocity, node 6, m/s
        304    3.563E+00                                 F               0         Blade 1 X translation velocity, node 7, m/s
        305    2.029E+01                                 F               0         Blade 1 Y translation velocity, node 7, m/s
        306    2.976E+01                                 F               0         Blade 1 Z translation velocity, node 7, m/s
        307    3.903E+00                                 F               0         Blade 1 X translation velocity, node 8, m/s
