
Linearized model: Predictions were generated on 31-Jan-2024 at 12:35:17 using OpenFAST, compiled as a 64-bit application using single precision at commit v3.5.1
 linked with  NWTC Subroutine Library; ElastoDyn; InflowWind; AeroDyn; ServoDyn; HydroDyn; MAP++ (<1.20.10>, <Oct-20-2023>)

Description from the FAST input file: CCT-9 Campign 4 model. Input files to be run with OpenFAST 3.5.0. GitHub branch from Lu Wang (https://github.com/luwang00/openfast/tree/dev) compiled on March 7, 2023.

Simulation information:
   Simulation time:                   507.9000 s
   Rotor Speed:                         0.8936 rad/s
   Azimuth:                             1.5235 rad
   Wind Speed:                         10.0000 m/s
   Number of continuous states:         0
   Number of discrete states:           0
   Number of constraint states:         0
   Number of inputs:                 1746
   Number of outputs:                   4
   Jacobians included in this file?    No

Order of inputs:
     Column   Operating Point                     Rotating Frame? Derivative Order Description
   ---------- ---------------                     --------------- ---------------- -----------
          1    8.505E+00                                 F               0         Tower X translation displacement, node 1, m
          2   -1.355E+00                                 F               0         Tower Y translation displacement, node 1, m
          3   -1.141E-01                                 F               0         Tower Z translation displacement, node 1, m
          4    8.742E+00                                 F               0         Tower X translation displacement, node 2, m
          5   -1.887E+00                                 F               0         Tower Y translation displacement, node 2, m
          6   -1.278E-01                                 F               0         Tower Z translation displacement, node 2, m
          7    8.992E+00                                 F               0         Tower X translation displacement, node 3, m
          8   -2.420E+00                                 F               0         Tower Y translation displacement, node 3, m
          9   -1.418E-01                                 F               0         Tower Z translation displacement, node 3, m
         10    9.251E+00                                 F               0         Tower X translation displacement, node 4, m
         11   -2.952E+00                                 F               0         Tower Y translation displacement, node 4, m
         12   -1.560E-01                                 F               0         Tower Z translation displacement, node 4, m
         13    9.519E+00                                 F               0         Tower X translation displacement, node 5, m
         14   -3.485E+00                                 F               0         Tower Y translation displacement, node 5, m
         15   -1.704E-01                                 F               0         Tower Z translation displacement, node 5, m
         16    9.793E+00                                 F               0         Tower X translation displacement, node 6, m
         17   -4.017E+00                                 F               0         Tower Y translation displacement, node 6, m
         18   -1.849E-01                                 F               0         Tower Z translation displacement, node 6, m
         19    1.007E+01                                 F               0         Tower X translation displacement, node 7, m
         20   -4.549E+00                                 F               0         Tower Y translation displacement, node 7, m
         21   -1.995E-01                                 F               0         Tower Z translation displacement, node 7, m
         22    1.035E+01                                 F               0         Tower X translation displacement, node 8, m
         23   -5.082E+00                                 F               0         Tower Y translation displacement, node 8, m
         24   -2.142E-01                                 F               0         Tower Z translation displacement, node 8, m
         25    1.064E+01                                 F               0         Tower X translation displacement, node 9, m
         26   -5.614E+00                                 F               0         Tower Y translation displacement, node 9, m
         27   -2.289E-01                                 F               0         Tower Z translation displacement, node 9, m
         28    1.092E+01                                 F               0         Tower X translation displacement, node 10, m
         29   -6.146E+00                                 F               0         Tower Y translation displacement, node 10, m
         30   -2.437E-01                                 F               0         Tower Z translation displacement, node 10, m
         31    1.120E+01                                 F               0         Tower X translation displacement, node 11, m
         32   -6.679E+00                                 F               0         Tower Y translation displacement, node 11, m
         33   -2.584E-01                                 F               0         Tower Z translation displacement, node 11, m
         34    9.998E-01,  7.492E-03, -1.841E-02         F               0         Tower X orientation angle, node 1, rad
         35   -6.690E-03,  9.990E-01,  4.325E-02         F               0         Tower Y orientation angle, node 1, rad
         36    1.872E-02, -4.312E-02,  9.989E-01         F               0         Tower Z orientation angle, node 1, rad
         37    9.998E-01,  7.536E-03, -1.943E-02         F               0         Tower X orientation angle, node 2, rad
         38   -6.690E-03,  9.990E-01,  4.325E-02         F               0         Tower Y orientation angle, node 2, rad
         39    1.974E-02, -4.311E-02,  9.989E-01         F               0         Tower Z orientation angle, node 2, rad
         40    9.998E-01,  7.574E-03, -2.031E-02         F               0         Tower X orientation angle, node 3, rad
         41   -6.690E-03,  9.990E-01,  4.325E-02         F               0         Tower Y orientation angle, node 3, rad
         42    2.062E-02, -4.310E-02,  9.989E-01         F               0         Tower Z orientation angle, node 3, rad
         43    9.998E-01,  7.605E-03, -2.103E-02         F               0         Tower X orientation angle, node 4, rad
         44   -6.690E-03,  9.990E-01,  4.325E-02         F               0         Tower Y orientation angle, node 4, rad
         45    2.133E-02, -4.310E-02,  9.988E-01         F               0         Tower Z orientation angle, node 4, rad
         46    9.997E-01,  7.630E-03, -2.160E-02         F               0         Tower X orientation angle, node 5, rad
         47   -6.690E-03,  9.990E-01,  4.325E-02         F               0         Tower Y orientation angle, node 5, rad
         48    2.190E-02, -4.309E-02,  9.988E-01         F               0         Tower Z orientation angle, node 5, rad
         49    9.997E-01,  7.648E-03, -2.203E-02         F               0         Tower X orientation angle, node 6, rad
         50   -6.690E-03,  9.990E-01,  4.325E-02         F               0         Tower Y orientation angle, node 6, rad
         51    2.234E-02, -4.309E-02,  9.988E-01         F               0         Tower Z orientation angle, node 6, rad
         52    9.997E-01,  7.662E-03, -2.233E-02         F               0         Tower X orientation angle, node 7, rad
         53   -6.690E-03,  9.990E-01,  4.325E-02         F               0         Tower Y orientation angle, node 7, rad
         54    2.264E-02, -4.309E-02,  9.988E-01         F               0         Tower Z orientation angle, node 7, rad
         55    9.997E-01,  7.671E-03, -2.254E-02         F               0         Tower X orientation angle, node 8, rad
         56   -6.690E-03,  9.990E-01,  4.325E-02         F               0         Tower Y orientation angle, node 8, rad
         57    2.285E-02, -4.308E-02,  9.988E-01         F               0         Tower Z orientation angle, node 8, rad
         58    9.997E-01,  7.676E-03, -2.267E-02         F               0         Tower X orientation angle, node 9, rad
         59   -6.690E-03,  9.990E-01,  4.325E-02         F               0         Tower Y orientation angle, node 9, rad
         60    2.298E-02, -4.308E-02,  9.988E-01         F               0         Tower Z orientation angle, node 9, rad
         61    9.997E-01,  7.679E-03, -2.274E-02         F               0         Tower X orientation angle, node 10, rad
         62   -6.690E-03,  9.990E-01,  4.325E-02         F               0         Tower Y orientation angle, node 10, rad
         63    2.305E-02, -4.308E-02,  9.988E-01         F               0         Tower Z orientation angle, node 10, rad
         64    9.997E-01,  7.680E-03, -2.277E-02         F               0         Tower X orientation angle, node 11, rad
         65   -6.690E-03,  9.990E-01,  4.325E-02         F               0         Tower Y orientation angle, node 11, rad
         66    2.308E-02, -4.308E-02,  9.988E-01         F               0         Tower Z orientation angle, node 11, rad
         67   -2.780E-03                                 F               0         Tower X translation velocity, node 1, m/s
         68   -7.570E-07                                 F               0         Tower Y translation velocity, node 1, m/s
         69   -5.641E-03                                 F               0         Tower Z translation velocity, node 1, m/s
         70   -2.784E-03                                 F               0         Tower X translation velocity, node 2, m/s
         71   -1.297E-06                                 F               0         Tower Y translation velocity, node 2, m/s
         72   -5.641E-03                                 F               0         Tower Z translation velocity, node 2, m/s
         73   -2.794E-03                                 F               0         Tower X translation velocity, node 3, m/s
         74   -1.912E-06                                 F               0         Tower Y translation velocity, node 3, m/s
         75   -5.641E-03                                 F               0         Tower Z translation velocity, node 3, m/s
         76   -2.808E-03                                 F               0         Tower X translation velocity, node 4, m/s
         77   -2.586E-06                                 F               0         Tower Y translation velocity, node 4, m/s
         78   -5.641E-03                                 F               0         Tower Z translation velocity, node 4, m/s
         79   -2.827E-03                                 F               0         Tower X translation velocity, node 5, m/s
         80   -3.310E-06                                 F               0         Tower Y translation velocity, node 5, m/s
         81   -5.640E-03                                 F               0         Tower Z translation velocity, node 5, m/s
         82   -2.849E-03                                 F               0         Tower X translation velocity, node 6, m/s
         83   -4.075E-06                                 F               0         Tower Y translation velocity, node 6, m/s
         84   -5.640E-03                                 F               0         Tower Z translation velocity, node 6, m/s
         85   -2.874E-03                                 F               0         Tower X translation velocity, node 7, m/s
         86   -4.871E-06                                 F               0         Tower Y translation velocity, node 7, m/s
         87   -5.639E-03                                 F               0         Tower Z translation velocity, node 7, m/s
         88   -2.902E-03                                 F               0         Tower X translation velocity, node 8, m/s
         89   -5.693E-06                                 F               0         Tower Y translation velocity, node 8, m/s
         90   -5.639E-03                                 F               0         Tower Z translation velocity, node 8, m/s
         91   -2.931E-03                                 F               0         Tower X translation velocity, node 9, m/s
         92   -6.534E-06                                 F               0         Tower Y translation velocity, node 9, m/s
         93   -5.638E-03                                 F               0         Tower Z translation velocity, node 9, m/s
         94   -2.962E-03                                 F               0         Tower X translation velocity, node 10, m/s
         95   -7.388E-06                                 F               0         Tower Y translation velocity, node 10, m/s
         96   -5.637E-03                                 F               0         Tower Z translation velocity, node 10, m/s
         97   -2.993E-03                                 F               0         Tower X translation velocity, node 11, m/s
         98   -8.249E-06                                 F               0         Tower Y translation velocity, node 11, m/s
         99   -5.637E-03                                 F               0         Tower Z translation velocity, node 11, m/s
        100    1.139E+01                                 F               0         Hub X translation displacement, node 1, m
        101   -7.100E+00                                 F               0         Hub Y translation displacement, node 1, m
        102   -2.188E-02                                 F               0         Hub Z translation displacement, node 1, m
        103    9.918E-01,  1.214E-02, -1.270E-01         F               0         Hub X orientation angle, node 1, rad
        104    1.270E-01,  5.261E-03,  9.919E-01         F               0         Hub Y orientation angle, node 1, rad
        105    1.271E-02, -9.999E-01,  3.676E-03         F               0         Hub Z orientation angle, node 1, rad
        106    8.863E-01                                 F               0         Hub X rotation velocity, node 1, rad/s
        107    1.085E-02                                 F               0         Hub Y rotation velocity, node 1, rad/s
        108   -1.135E-01                                 F               0         Hub Z rotation velocity, node 1, rad/s
        109    9.876E-01,  1.198E-02, -1.564E-01         F               0         Blade root 1 X orientation angle, node 1, rad
        110    1.564E-01,  5.619E-03,  9.877E-01         F               0         Blade root 1 Y orientation angle, node 1, rad
        111    1.271E-02, -9.999E-01,  3.676E-03         F               0         Blade root 1 Z orientation angle, node 1, rad
        112    9.929E-01,  3.790E-02, -1.124E-01         F               0         Blade root 2 X orientation angle, node 1, rad
        113   -2.304E-02, -8.678E-01, -4.963E-01         F               0         Blade root 2 Y orientation angle, node 1, rad
        114   -1.163E-01,  4.954E-01, -8.608E-01         F               0         Blade root 2 Z orientation angle, node 1, rad
        115    9.936E-01, -1.348E-02, -1.122E-01         F               0         Blade root 3 X orientation angle, node 1, rad
        116   -4.505E-02,  8.633E-01, -5.027E-01         F               0         Blade root 3 Y orientation angle, node 1, rad
        117    1.036E-01,  5.045E-01,  8.572E-01         F               0         Blade root 3 Z orientation angle, node 1, rad
        118    1.088E+01                                 F               0         Blade 1 X translation displacement, node 1, m
        119   -1.264E+01                                 F               0         Blade 1 Y translation displacement, node 1, m
        120   -5.511E+00                                 F               0         Blade 1 Z translation displacement, node 1, m
        121    1.076E+01                                 F               0         Blade 1 X translation displacement, node 2, m
        122   -1.397E+01                                 F               0         Blade 1 Y translation displacement, node 2, m
        123   -6.834E+00                                 F               0         Blade 1 Z translation displacement, node 2, m
        124    9.091E+00                                 F               0         Blade 1 X translation displacement, node 3, m
        125   -3.212E+01                                 F               0         Blade 1 Y translation displacement, node 3, m
        126   -2.482E+01                                 F               0         Blade 1 Z translation displacement, node 3, m
        127    8.736E+00                                 F               0         Blade 1 X translation displacement, node 4, m
        128   -3.599E+01                                 F               0         Blade 1 Y translation displacement, node 4, m
        129   -2.865E+01                                 F               0         Blade 1 Z translation displacement, node 4, m
        130    8.381E+00                                 F               0         Blade 1 X translation displacement, node 5, m
        131   -3.986E+01                                 F               0         Blade 1 Y translation displacement, node 5, m
        132   -3.248E+01                                 F               0         Blade 1 Z translation displacement, node 5, m
        133    8.026E+00                                 F               0         Blade 1 X translation displacement, node 6, m
        134   -4.373E+01                                 F               0         Blade 1 Y translation displacement, node 6, m
        135   -3.632E+01                                 F               0         Blade 1 Z translation displacement, node 6, m
        136    7.671E+00                                 F               0         Blade 1 X translation displacement, node 7, m
        137   -4.759E+01                                 F               0         Blade 1 Y translation displacement, node 7, m
        138   -4.015E+01                                 F               0         Blade 1 Z translation displacement, node 7, m
        139    7.315E+00                                 F               0         Blade 1 X translation displacement, node 8, m
        140   -5.146E+01                                 F               0         Blade 1 Y translation displacement, node 8, m
        141   -4.398E+01                                 F               0         Blade 1 Z translation displacement, node 8, m
        142    6.960E+00                                 F               0         Blade 1 X translation displacement, node 9, m
        143   -5.533E+01                                 F               0         Blade 1 Y translation displacement, node 9, m
        144   -4.781E+01                                 F               0         Blade 1 Z translation displacement, node 9, m
        145    6.605E+00                                 F               0         Blade 1 X translation displacement, node 10, m
        146   -5.920E+01                                 F               0         Blade 1 Y translation displacement, node 10, m
        147   -5.165E+01                                 F               0         Blade 1 Z translation displacement, node 10, m
        148    6.250E+00                                 F               0         Blade 1 X translation displacement, node 11, m
        149   -6.306E+01                                 F               0         Blade 1 Y translation displacement, node 11, m
        150   -5.548E+01                                 F               0         Blade 1 Z translation displacement, node 11, m
        151    5.895E+00                                 F               0         Blade 1 X translation displacement, node 12, m
        152   -6.693E+01                                 F               0         Blade 1 Y translation displacement, node 12, m
        153   -5.931E+01                                 F               0         Blade 1 Z translation displacement, node 12, m
        154    5.540E+00                                 F               0         Blade 1 X translation displacement, node 13, m
        155   -7.080E+01                                 F               0         Blade 1 Y translation displacement, node 13, m
        156   -6.314E+01                                 F               0         Blade 1 Z translation displacement, node 13, m
        157    5.185E+00                                 F               0         Blade 1 X translation displacement, node 14, m
        158   -7.467E+01                                 F               0         Blade 1 Y translation displacement, node 14, m
        159   -6.698E+01                                 F               0         Blade 1 Z translation displacement, node 14, m
        160    4.830E+00                                 F               0         Blade 1 X translation displacement, node 15, m
        161   -7.853E+01                                 F               0         Blade 1 Y translation displacement, node 15, m
        162   -7.081E+01                                 F               0         Blade 1 Z translation displacement, node 15, m
        163    4.475E+00                                 F               0         Blade 1 X translation displacement, node 16, m
        164   -8.240E+01                                 F               0         Blade 1 Y translation displacement, node 16, m
        165   -7.464E+01                                 F               0         Blade 1 Z translation displacement, node 16, m
        166    4.119E+00                                 F               0         Blade 1 X translation displacement, node 17, m
        167   -8.627E+01                                 F               0         Blade 1 Y translation displacement, node 17, m
        168   -7.847E+01                                 F               0         Blade 1 Z translation displacement, node 17, m
        169    3.764E+00                                 F               0         Blade 1 X translation displacement, node 18, m
        170   -9.014E+01                                 F               0         Blade 1 Y translation displacement, node 18, m
        171   -8.230E+01                                 F               0         Blade 1 Z translation displacement, node 18, m
        172    3.409E+00                                 F               0         Blade 1 X translation displacement, node 19, m
        173   -9.400E+01                                 F               0         Blade 1 Y translation displacement, node 19, m
        174   -8.614E+01                                 F               0         Blade 1 Z translation displacement, node 19, m
        175    3.054E+00                                 F               0         Blade 1 X translation displacement, node 20, m
        176   -9.787E+01                                 F               0         Blade 1 Y translation displacement, node 20, m
        177   -8.997E+01                                 F               0         Blade 1 Z translation displacement, node 20, m
        178    2.699E+00                                 F               0         Blade 1 X translation displacement, node 21, m
        179   -1.017E+02                                 F               0         Blade 1 Y translation displacement, node 21, m
        180   -9.380E+01                                 F               0         Blade 1 Z translation displacement, node 21, m
        181    2.344E+00                                 F               0         Blade 1 X translation displacement, node 22, m
        182   -1.056E+02                                 F               0         Blade 1 Y translation displacement, node 22, m
        183   -9.763E+01                                 F               0         Blade 1 Z translation displacement, node 22, m
        184    1.989E+00                                 F               0         Blade 1 X translation displacement, node 23, m
        185   -1.095E+02                                 F               0         Blade 1 Y translation displacement, node 23, m
        186   -1.015E+02                                 F               0         Blade 1 Z translation displacement, node 23, m
        187    1.634E+00                                 F               0         Blade 1 X translation displacement, node 24, m
        188   -1.133E+02                                 F               0         Blade 1 Y translation displacement, node 24, m
        189   -1.053E+02                                 F               0         Blade 1 Z translation displacement, node 24, m
        190    1.279E+00                                 F               0         Blade 1 X translation displacement, node 25, m
        191   -1.172E+02                                 F               0         Blade 1 Y translation displacement, node 25, m
        192   -1.091E+02                                 F               0         Blade 1 Z translation displacement, node 25, m
        193    9.233E-01                                 F               0         Blade 1 X translation displacement, node 26, m
        194   -1.211E+02                                 F               0         Blade 1 Y translation displacement, node 26, m
        195   -1.130E+02                                 F               0         Blade 1 Z translation displacement, node 26, m
        196    5.682E-01                                 F               0         Blade 1 X translation displacement, node 27, m
        197   -1.249E+02                                 F               0         Blade 1 Y translation displacement, node 27, m
        198   -1.168E+02                                 F               0         Blade 1 Z translation displacement, node 27, m
        199    2.672E-01                                 F               0         Blade 1 X translation displacement, node 28, m
        200   -1.282E+02                                 F               0         Blade 1 Y translation displacement, node 28, m
        201   -1.200E+02                                 F               0         Blade 1 Z translation displacement, node 28, m
        202    8.077E-01,  8.100E-03, -5.896E-01         F               0         Blade 1 X orientation angle, node 1, rad
        203    5.895E-01,  1.046E-02,  8.077E-01         F               0         Blade 1 Y orientation angle, node 1, rad
        204    1.271E-02, -9.999E-01,  3.676E-03         F               0         Blade 1 Z orientation angle, node 1, rad
        205    8.077E-01,  8.100E-03, -5.896E-01         F               0         Blade 1 X orientation angle, node 2, rad
        206    5.895E-01,  1.046E-02,  8.077E-01         F               0         Blade 1 Y orientation angle, node 2, rad
        207    1.271E-02, -9.999E-01,  3.676E-03         F               0         Blade 1 Z orientation angle, node 2, rad
        208    9.244E-01,  1.035E-02, -3.814E-01         F               0         Blade 1 X orientation angle, node 3, rad
        209    3.813E-01,  8.246E-03,  9.244E-01         F               0         Blade 1 Y orientation angle, node 3, rad
        210    1.271E-02, -9.999E-01,  3.676E-03         F               0         Blade 1 Z orientation angle, node 3, rad
        211    9.396E-01,  1.069E-02, -3.420E-01         F               0         Blade 1 X orientation angle, node 4, rad
        212    3.419E-01,  7.802E-03,  9.397E-01         F               0         Blade 1 Y orientation angle, node 4, rad
        213    1.271E-02, -9.999E-01,  3.676E-03         F               0         Blade 1 Z orientation angle, node 4, rad
        214    9.505E-01,  1.094E-02, -3.107E-01         F               0         Blade 1 X orientation angle, node 5, rad
        215    3.106E-01,  7.443E-03,  9.505E-01         F               0         Blade 1 Y orientation angle, node 5, rad
        216    1.271E-02, -9.999E-01,  3.676E-03         F               0         Blade 1 Z orientation angle, node 5, rad
        217    9.584E-01,  1.113E-02, -2.853E-01         F               0         Blade 1 X orientation angle, node 6, rad
        218    2.853E-01,  7.150E-03,  9.584E-01         F               0         Blade 1 Y orientation angle, node 6, rad
        219    1.271E-02, -9.999E-01,  3.676E-03         F               0         Blade 1 Z orientation angle, node 6, rad
        220    9.644E-01,  1.129E-02, -2.644E-01         F               0         Blade 1 X orientation angle, node 7, rad
        221    2.643E-01,  6.906E-03,  9.644E-01         F               0         Blade 1 Y orientation angle, node 7, rad
        222    1.271E-02, -9.999E-01,  3.676E-03         F               0         Blade 1 Z orientation angle, node 7, rad
        223    9.690E-01,  1.141E-02, -2.468E-01         F               0         Blade 1 X orientation angle, node 8, rad
        224    2.468E-01,  6.700E-03,  9.691E-01         F               0         Blade 1 Y orientation angle, node 8, rad
        225    1.271E-02, -9.999E-01,  3.676E-03         F               0         Blade 1 Z orientation angle, node 8, rad
        226    9.727E-01,  1.151E-02, -2.319E-01         F               0         Blade 1 X orientation angle, node 9, rad
        227    2.318E-01,  6.524E-03,  9.727E-01         F               0         Blade 1 Y orientation angle, node 9, rad
        228    1.271E-02, -9.999E-01,  3.676E-03         F               0         Blade 1 Z orientation angle, node 9, rad
        229    9.757E-01,  1.160E-02, -2.190E-01         F               0         Blade 1 X orientation angle, node 10, rad
        230    2.189E-01,  6.370E-03,  9.757E-01         F               0         Blade 1 Y orientation angle, node 10, rad
        231    1.271E-02, -9.999E-01,  3.676E-03         F               0         Blade 1 Z orientation angle, node 10, rad
        232    9.781E-01,  1.167E-02, -2.079E-01         F               0         Blade 1 X orientation angle, node 11, rad
        233    2.078E-01,  6.238E-03,  9.781E-01         F               0         Blade 1 Y orientation angle, node 11, rad
        234    1.271E-02, -9.999E-01,  3.676E-03         F               0         Blade 1 Z orientation angle, node 11, rad
        235    9.801E-01,  1.173E-02, -1.982E-01         F               0         Blade 1 X orientation angle, node 12, rad
        236    1.981E-01,  6.122E-03,  9.802E-01         F               0         Blade 1 Y orientation angle, node 12, rad
        237    1.271E-02, -9.999E-01,  3.676E-03         F               0         Blade 1 Z orientation angle, node 12, rad
        238    9.818E-01,  1.178E-02, -1.896E-01         F               0         Blade 1 X orientation angle, node 13, rad
        239    1.895E-01,  6.019E-03,  9.819E-01         F               0         Blade 1 Y orientation angle, node 13, rad
        240    1.271E-02, -9.999E-01,  3.676E-03         F               0         Blade 1 Z orientation angle, node 13, rad
        241    9.833E-01,  1.183E-02, -1.819E-01         F               0         Blade 1 X orientation angle, node 14, rad
        242    1.818E-01,  5.927E-03,  9.833E-01         F               0         Blade 1 Y orientation angle, node 14, rad
        243    1.271E-02, -9.999E-01,  3.676E-03         F               0         Blade 1 Z orientation angle, node 14, rad
        244    9.845E-01,  1.187E-02, -1.750E-01         F               0         Blade 1 X orientation angle, node 15, rad
        245    1.749E-01,  5.844E-03,  9.846E-01         F               0         Blade 1 Y orientation angle, node 15, rad
        246    1.271E-02, -9.999E-01,  3.676E-03         F               0         Blade 1 Z orientation angle, node 15, rad
        247    9.856E-01,  1.191E-02, -1.688E-01         F               0         Blade 1 X orientation angle, node 16, rad
        248    1.688E-01,  5.769E-03,  9.856E-01         F               0         Blade 1 Y orientation angle, node 16, rad
        249    1.271E-02, -9.999E-01,  3.676E-03         F               0         Blade 1 Z orientation angle, node 16, rad
        250    9.865E-01,  1.194E-02, -1.633E-01         F               0         Blade 1 X orientation angle, node 17, rad
        251    1.633E-01,  5.703E-03,  9.866E-01         F               0         Blade 1 Y orientation angle, node 17, rad
        252    1.271E-02, -9.999E-01,  3.676E-03         F               0         Blade 1 Z orientation angle, node 17, rad
        253    9.873E-01,  1.197E-02, -1.581E-01         F               0         Blade 1 X orientation angle, node 18, rad
        254    1.581E-01,  5.640E-03,  9.874E-01         F               0         Blade 1 Y orientation angle, node 18, rad
        255    1.271E-02, -9.999E-01,  3.676E-03         F               0         Blade 1 Z orientation angle, node 18, rad
        256    9.881E-01,  1.200E-02, -1.535E-01         F               0         Blade 1 X orientation angle, node 19, rad
        257    1.534E-01,  5.584E-03,  9.881E-01         F               0         Blade 1 Y orientation angle, node 19, rad
        258    1.271E-02, -9.999E-01,  3.676E-03         F               0         Blade 1 Z orientation angle, node 19, rad
        259    9.887E-01,  1.202E-02, -1.493E-01         F               0         Blade 1 X orientation angle, node 20, rad
        260    1.493E-01,  5.533E-03,  9.888E-01         F               0         Blade 1 Y orientation angle, node 20, rad
        261    1.271E-02, -9.999E-01,  3.676E-03         F               0         Blade 1 Z orientation angle, node 20, rad
        262    9.893E-01,  1.204E-02, -1.454E-01         F               0         Blade 1 X orientation angle, node 21, rad
        263    1.453E-01,  5.485E-03,  9.894E-01         F               0         Blade 1 Y orientation angle, node 21, rad
        264    1.271E-02, -9.999E-01,  3.676E-03         F               0         Blade 1 Z orientation angle, node 21, rad
        265    9.898E-01,  1.206E-02, -1.418E-01         F               0         Blade 1 X orientation angle, node 22, rad
        266    1.417E-01,  5.441E-03,  9.899E-01         F               0         Blade 1 Y orientation angle, node 22, rad
        267    1.271E-02, -9.999E-01,  3.676E-03         F               0         Blade 1 Z orientation angle, node 22, rad
        268    9.903E-01,  1.208E-02, -1.385E-01         F               0         Blade 1 X orientation angle, node 23, rad
        269    1.384E-01,  5.401E-03,  9.904E-01         F               0         Blade 1 Y orientation angle, node 23, rad
        270    1.271E-02, -9.999E-01,  3.676E-03         F               0         Blade 1 Z orientation angle, node 23, rad
        271    9.907E-01,  1.210E-02, -1.354E-01         F               0         Blade 1 X orientation angle, node 24, rad
        272    1.353E-01,  5.363E-03,  9.908E-01         F               0         Blade 1 Y orientation angle, node 24, rad
        273    1.271E-02, -9.999E-01,  3.676E-03         F               0         Blade 1 Z orientation angle, node 24, rad
        274    9.911E-01,  1.211E-02, -1.324E-01         F               0         Blade 1 X orientation angle, node 25, rad
        275    1.324E-01,  5.327E-03,  9.912E-01         F               0         Blade 1 Y orientation angle, node 25, rad
        276    1.271E-02, -9.999E-01,  3.676E-03         F               0         Blade 1 Z orientation angle, node 25, rad
        277    9.915E-01,  1.213E-02, -1.298E-01         F               0         Blade 1 X orientation angle, node 26, rad
        278    1.298E-01,  5.295E-03,  9.915E-01         F               0         Blade 1 Y orientation angle, node 26, rad
        279    1.271E-02, -9.999E-01,  3.676E-03         F               0         Blade 1 Z orientation angle, node 26, rad
        280    9.918E-01,  1.214E-02, -1.272E-01         F               0         Blade 1 X orientation angle, node 27, rad
        281    1.272E-01,  5.263E-03,  9.919E-01         F               0         Blade 1 Y orientation angle, node 27, rad
        282    1.271E-02, -9.999E-01,  3.676E-03         F               0         Blade 1 Z orientation angle, node 27, rad
        283    9.920E-01,  1.215E-02, -1.258E-01         F               0         Blade 1 X orientation angle, node 28, rad
        284    1.258E-01,  5.246E-03,  9.920E-01         F               0         Blade 1 Y orientation angle, node 28, rad
        285    1.271E-02, -9.999E-01,  3.676E-03         F               0         Blade 1 Z orientation angle, node 28, rad
        286   -6.317E-01                                 F               0         Blade 1 X translation velocity, node 1, m/s
        287   -2.603E-02                                 F               0         Blade 1 Y translation velocity, node 1, m/s
        288   -4.916E+00                                 F               0         Blade 1 Z translation velocity, node 1, m/s
        289   -7.832E-01                                 F               0         Blade 1 X translation velocity, node 2, m/s
        290   -3.231E-02                                 F               0         Blade 1 Y translation velocity, node 2, m/s
        291   -6.099E+00                                 F               0         Blade 1 Z translation velocity, node 2, m/s
        292   -2.843E+00                                 F               0         Blade 1 X translation velocity, node 3, m/s
        293   -1.177E-01                                 F               0         Blade 1 Y translation velocity, node 3, m/s
        294   -2.219E+01                                 F               0         Blade 1 Z translation velocity, node 3, m/s
        295   -3.282E+00                                 F               0         Blade 1 X translation velocity, node 4, m/s
        296   -1.358E-01                                 F               0         Blade 1 Y translation velocity, node 4, m/s
        297   -2.562E+01                                 F               0         Blade 1 Z translation velocity, node 4, m/s
        298   -3.721E+00                                 F               0         Blade 1 X translation velocity, node 5, m/s
        299   -1.540E-01                                 F               0         Blade 1 Y translation velocity, node 5, m/s
        300   -2.905E+01                                 F               0         Blade 1 Z translation velocity, node 5, m/s
        301   -4.160E+00                                 F               0         Blade 1 X translation velocity, node 6, m/s
        302   -1.722E-01                                 F               0         Blade 1 Y translation velocity, node 6, m/s
        303   -3.247E+01                                 F               0         Blade 1 Z translation velocity, node 6, m/s
        304   -4.599E+00                                 F               0         Blade 1 X translation velocity, node 7, m/s
        305   -1.904E-01                                 F               0         Blade 1 Y translation velocity, node 7, m/s
        306   -3.590E+01                                 F               0         Blade 1 Z translation velocity, node 7, m/s
        307   -5.038E+00                                 F               0         Blade 1 X translation velocity, node 8, m/s
