
Linearized model: Predictions were generated on 13-Feb-2024 at 11:29:37 using OpenFAST, compiled as a 64-bit application using single precision at commit v3.5.1
 linked with  NWTC Subroutine Library; ElastoDyn; InflowWind; AeroDyn; ServoDyn; HydroDyn; MAP++ (<1.20.10>, <Oct-20-2023>)

Description from the FAST input file: CCT-9 Campign 4 model. Input files to be run with OpenFAST 3.5.0. GitHub branch from Lu Wang (https://github.com/luwang00/openfast/tree/dev) compiled on March 7, 2023.

Simulation information:
   Simulation time:                  1211.9500 s
   Rotor Speed:                         0.7915 rad/s
   Azimuth:                             0.8906 rad
   Wind Speed:                         16.0000 m/s
   Number of continuous states:         0
   Number of discrete states:           0
   Number of constraint states:         0
   Number of inputs:                 1746
   Number of outputs:                   4
   Jacobians included in this file?    No

Order of inputs:
     Column   Operating Point                                                   Rotating Frame? Derivative Order Description
   ---------- ---------------                                                   --------------- ---------------- -----------
          1     1.07027168274E+001                                                     F               0         Tower X translation displacement, node 1, m
          2    -1.56000363827E+000                                                     F               0         Tower Y translation displacement, node 1, m
          3    -2.69563287497E-001                                                     F               0         Tower Z translation displacement, node 1, m
          4     1.20886573792E+001                                                     F               0         Tower X translation displacement, node 2, m
          5    -2.19363307953E+000                                                     F               0         Tower Y translation displacement, node 2, m
          6    -3.63907665014E-001                                                     F               0         Tower Z translation displacement, node 2, m
          7     1.34745979309E+001                                                     F               0         Tower X translation displacement, node 3, m
          8    -2.82726240158E+000                                                     F               0         Tower Y translation displacement, node 3, m
          9    -4.58249986172E-001                                                     F               0         Tower Z translation displacement, node 3, m
         10     1.48605375290E+001                                                     F               0         Tower X translation displacement, node 4, m
         11    -3.46089196205E+000                                                     F               0         Tower Y translation displacement, node 4, m
         12    -5.52592515945E-001                                                     F               0         Tower Z translation displacement, node 4, m
         13     1.62464790344E+001                                                     F               0         Tower X translation displacement, node 5, m
         14    -4.09452152252E+000                                                     F               0         Tower Y translation displacement, node 5, m
         15    -6.46932184696E-001                                                     F               0         Tower Z translation displacement, node 5, m
         16     1.76324176788E+001                                                     F               0         Tower X translation displacement, node 6, m
         17    -4.72815036774E+000                                                     F               0         Tower Y translation displacement, node 6, m
         18    -7.41282403469E-001                                                     F               0         Tower Z translation displacement, node 6, m
         19     1.90183601379E+001                                                     F               0         Tower X translation displacement, node 7, m
         20    -5.36178064346E+000                                                     F               0         Tower Y translation displacement, node 7, m
         21    -8.35618734360E-001                                                     F               0         Tower Z translation displacement, node 7, m
         22     2.04042987823E+001                                                     F               0         Tower X translation displacement, node 8, m
         23    -5.99540948868E+000                                                     F               0         Tower Y translation displacement, node 8, m
         24    -9.29967045784E-001                                                     F               0         Tower Z translation displacement, node 8, m
         25     2.17902412415E+001                                                     F               0         Tower X translation displacement, node 9, m
         26    -6.62903928757E+000                                                     F               0         Tower Y translation displacement, node 9, m
         27    -1.02430641651E+000                                                     F               0         Tower Z translation displacement, node 9, m
         28     2.31761798859E+001                                                     F               0         Tower X translation displacement, node 10, m
         29    -7.26266860962E+000                                                     F               0         Tower Y translation displacement, node 10, m
         30    -1.11865174770E+000                                                     F               0         Tower Z translation displacement, node 10, m
         31     2.45621204376E+001                                                     F               0         Tower X translation displacement, node 11, m
         32    -7.89629793167E+000                                                     F               0         Tower Y translation displacement, node 11, m
         33    -1.21299409866E+000                                                     F               0         Tower Z translation displacement, node 11, m
         34     9.93685483932E-001,   3.40614211746E-003,  -1.12149827182E-001         F               0         Tower X orientation angle, node 1, rad
         35     2.37150071189E-003,   9.98678207397E-001,   5.13435117900E-002         F               0         Tower Y orientation angle, node 1, rad
         36     1.12176470459E-001,  -5.12852668762E-002,   9.92363989353E-001         F               0         Tower Z orientation angle, node 1, rad
         37     9.93685483932E-001,   3.40614211746E-003,  -1.12149827182E-001         F               0         Tower X orientation angle, node 2, rad
         38     2.37150071189E-003,   9.98678207397E-001,   5.13435117900E-002         F               0         Tower Y orientation angle, node 2, rad
         39     1.12176470459E-001,  -5.12852668762E-002,   9.92363989353E-001         F               0         Tower Z orientation angle, node 2, rad
         40     9.93685483932E-001,   3.40614211746E-003,  -1.12149827182E-001         F               0         Tower X orientation angle, node 3, rad
         41     2.37150071189E-003,   9.98678207397E-001,   5.13435117900E-002         F               0         Tower Y orientation angle, node 3, rad
         42     1.12176470459E-001,  -5.12852668762E-002,   9.92363989353E-001         F               0         Tower Z orientation angle, node 3, rad
         43     9.93685483932E-001,   3.40614211746E-003,  -1.12149827182E-001         F               0         Tower X orientation angle, node 4, rad
         44     2.37150071189E-003,   9.98678207397E-001,   5.13435117900E-002         F               0         Tower Y orientation angle, node 4, rad
         45     1.12176470459E-001,  -5.12852668762E-002,   9.92363989353E-001         F               0         Tower Z orientation angle, node 4, rad
         46     9.93685483932E-001,   3.40614211746E-003,  -1.12149827182E-001         F               0         Tower X orientation angle, node 5, rad
         47     2.37150071189E-003,   9.98678207397E-001,   5.13435117900E-002         F               0         Tower Y orientation angle, node 5, rad
         48     1.12176470459E-001,  -5.12852668762E-002,   9.92363989353E-001         F               0         Tower Z orientation angle, node 5, rad
         49     9.93685483932E-001,   3.40614211746E-003,  -1.12149827182E-001         F               0         Tower X orientation angle, node 6, rad
         50     2.37150071189E-003,   9.98678207397E-001,   5.13435117900E-002         F               0         Tower Y orientation angle, node 6, rad
         51     1.12176470459E-001,  -5.12852668762E-002,   9.92363989353E-001         F               0         Tower Z orientation angle, node 6, rad
         52     9.93685483932E-001,   3.40614211746E-003,  -1.12149827182E-001         F               0         Tower X orientation angle, node 7, rad
         53     2.37150071189E-003,   9.98678207397E-001,   5.13435117900E-002         F               0         Tower Y orientation angle, node 7, rad
         54     1.12176470459E-001,  -5.12852668762E-002,   9.92363989353E-001         F               0         Tower Z orientation angle, node 7, rad
         55     9.93685483932E-001,   3.40614211746E-003,  -1.12149819732E-001         F               0         Tower X orientation angle, node 8, rad
         56     2.37150071189E-003,   9.98678207397E-001,   5.13435117900E-002         F               0         Tower Y orientation angle, node 8, rad
         57     1.12176470459E-001,  -5.12852631509E-002,   9.92363989353E-001         F               0         Tower Z orientation angle, node 8, rad
         58     9.93685483932E-001,   3.40614235029E-003,  -1.12149827182E-001         F               0         Tower X orientation angle, node 9, rad
         59     2.37150094472E-003,   9.98678207397E-001,   5.13435117900E-002         F               0         Tower Y orientation angle, node 9, rad
         60     1.12176477909E-001,  -5.12852668762E-002,   9.92363989353E-001         F               0         Tower Z orientation angle, node 9, rad
         61     9.93685483932E-001,   3.40614211746E-003,  -1.12149827182E-001         F               0         Tower X orientation angle, node 10, rad
         62     2.37150071189E-003,   9.98678207397E-001,   5.13435117900E-002         F               0         Tower Y orientation angle, node 10, rad
         63     1.12176470459E-001,  -5.12852668762E-002,   9.92363989353E-001         F               0         Tower Z orientation angle, node 10, rad
         64     9.93685483932E-001,   3.40614211746E-003,  -1.12149827182E-001         F               0         Tower X orientation angle, node 11, rad
         65     2.37150071189E-003,   9.98678207397E-001,   5.13435117900E-002         F               0         Tower Y orientation angle, node 11, rad
         66     1.12176470459E-001,  -5.12852668762E-002,   9.92363989353E-001         F               0         Tower Z orientation angle, node 11, rad
         67     8.93038813956E-005                                                     F               0         Tower X translation velocity, node 1, m/s
         68     1.28375284839E-003                                                     F               0         Tower Y translation velocity, node 1, m/s
         69     1.00342370570E-003                                                     F               0         Tower Z translation velocity, node 1, m/s
         70     1.41045020428E-004                                                     F               0         Tower X translation velocity, node 2, m/s
         71     1.75034988206E-003                                                     F               0         Tower Y translation velocity, node 2, m/s
         72     1.02168857120E-003                                                     F               0         Tower Z translation velocity, node 2, m/s
         73     1.92786130356E-004                                                     F               0         Tower X translation velocity, node 3, m/s
         74     2.21694679931E-003                                                     F               0         Tower Y translation velocity, node 3, m/s
         75     1.03995343670E-003                                                     F               0         Tower Z translation velocity, node 3, m/s
         76     2.44527240284E-004                                                     F               0         Tower X translation velocity, node 4, m/s
         77     2.68354406580E-003                                                     F               0         Tower Y translation velocity, node 4, m/s
         78     1.05821841862E-003                                                     F               0         Tower Z translation velocity, node 4, m/s
         79     2.96268408420E-004                                                     F               0         Tower X translation velocity, node 5, m/s
         80     3.15014133230E-003                                                     F               0         Tower Y translation velocity, node 5, m/s
         81     1.07648328412E-003                                                     F               0         Tower Z translation velocity, node 5, m/s
         82     3.48009518348E-004                                                     F               0         Tower X translation velocity, node 6, m/s
         83     3.61673836596E-003                                                     F               0         Tower Y translation velocity, node 6, m/s
         84     1.09474814963E-003                                                     F               0         Tower Z translation velocity, node 6, m/s
         85     3.99750657380E-004                                                     F               0         Tower X translation velocity, node 7, m/s
         86     4.08333539963E-003                                                     F               0         Tower Y translation velocity, node 7, m/s
         87     1.11301301513E-003                                                     F               0         Tower Z translation velocity, node 7, m/s
         88     4.51491767308E-004                                                     F               0         Tower X translation velocity, node 8, m/s
         89     4.54993266612E-003                                                     F               0         Tower Y translation velocity, node 8, m/s
         90     1.13127788063E-003                                                     F               0         Tower Z translation velocity, node 8, m/s
         91     5.03232935444E-004                                                     F               0         Tower X translation velocity, node 9, m/s
         92     5.01652993262E-003                                                     F               0         Tower Y translation velocity, node 9, m/s
         93     1.14954286255E-003                                                     F               0         Tower Z translation velocity, node 9, m/s
         94     5.54974074475E-004                                                     F               0         Tower X translation velocity, node 10, m/s
         95     5.48312719911E-003                                                     F               0         Tower Y translation velocity, node 10, m/s
         96     1.16780772805E-003                                                     F               0         Tower Z translation velocity, node 10, m/s
         97     6.06715155300E-004                                                     F               0         Tower X translation velocity, node 11, m/s
         98     5.94972353429E-003                                                     F               0         Tower Y translation velocity, node 11, m/s
         99     1.18607259355E-003                                                     F               0         Tower Z translation velocity, node 11, m/s
        100     2.55109252930E+001                                                     F               0         Hub X translation displacement, node 1, m
        101    -8.33568477631E+000                                                     F               0         Hub Y translation displacement, node 1, m
        102    -6.16578832269E-002                                                     F               0         Hub Z translation displacement, node 1, m
        103     9.76516306400E-001,   8.74825287610E-003,  -2.15265735984E-001         F               0         Hub X orientation angle, node 1, rad
        104     1.68978929520E-001,   5.88730633259E-001,   7.90469706059E-001         F               0         Hub Y orientation angle, node 1, rad
        105     1.33648768067E-001,  -8.08281958103E-001,   5.73426783085E-001         F               0         Hub Z orientation angle, node 1, rad
        106     7.72855401039E-001                                                     F               0         Hub X rotation velocity, node 1, rad/s
        107     6.92774588242E-003                                                     F               0         Hub Y rotation velocity, node 1, rad/s
        108    -1.70368015766E-001                                                     F               0         Hub Z rotation velocity, node 1, rad/s
        109     9.43029284477E-001,  -7.41685181856E-002,  -3.24337422848E-001         F               0         Blade root 1 X orientation angle, node 1, rad
        110     3.04686307907E-001,   5.84105551243E-001,   7.52321004868E-001         F               0         Blade root 1 Y orientation angle, node 1, rad
        111     1.33648768067E-001,  -8.08281958103E-001,   5.73426783085E-001         F               0         Blade root 1 Z orientation angle, node 1, rad
        112     9.62406158447E-001,   1.48559570312E-001,  -2.27386161685E-001         F               0         Blade root 2 X orientation angle, node 1, rad
        113     1.68331041932E-001,  -9.83236730099E-001,   7.00728744268E-002         F               0         Blade root 2 Y orientation angle, node 1, rad
        114    -2.13164433837E-001,  -1.05714716017E-001,  -9.71280276775E-001         F               0         Blade root 2 Z orientation angle, node 1, rad
        115     9.94974434376E-001,  -4.84073348343E-002,  -8.76501426101E-002         F               0         Blade root 3 X orientation angle, node 1, rad
        116    -6.08529150486E-002,   4.02823567390E-001,  -9.13252472878E-001         F               0         Blade root 3 Y orientation angle, node 1, rad
        117     7.95156657696E-002,   9.13996636868E-001,   3.97853434086E-001         F               0         Blade root 3 Z orientation angle, node 1, rad
        118     2.56722526550E+001                                                     F               0         Blade 1 X translation displacement, node 1, m
        119    -1.28135662079E+001                                                     F               0         Blade 1 Y translation displacement, node 1, m
        120    -2.39453220367E+000                                                     F               0         Blade 1 Z translation displacement, node 1, m
        121     2.57111244202E+001                                                     F               0         Blade 1 X translation displacement, node 2, m
        122    -1.38925466537E+001                                                     F               0         Blade 1 Y translation displacement, node 2, m
        123    -2.95665216446E+000                                                     F               0         Blade 1 Z translation displacement, node 2, m
        124     2.62397289276E+001                                                     F               0         Blade 1 X translation displacement, node 3, m
        125    -2.85648097992E+001                                                     F               0         Blade 1 Y translation displacement, node 3, m
        126    -1.06005382538E+001                                                     F               0         Blade 1 Z translation displacement, node 3, m
        127     2.63523502350E+001                                                     F               0         Blade 1 X translation displacement, node 4, m
        128    -3.16908226013E+001                                                     F               0         Blade 1 Y translation displacement, node 4, m
        129    -1.22291221619E+001                                                     F               0         Blade 1 Z translation displacement, node 4, m
        130     2.64649944305E+001                                                     F               0         Blade 1 X translation displacement, node 5, m
        131    -3.48174285889E+001                                                     F               0         Blade 1 Y translation displacement, node 5, m
        132    -1.38579998016E+001                                                     F               0         Blade 1 Z translation displacement, node 5, m
        133     2.65776157379E+001                                                     F               0         Blade 1 X translation displacement, node 6, m
        134    -3.79434547424E+001                                                     F               0         Blade 1 Y translation displacement, node 6, m
        135    -1.54865894318E+001                                                     F               0         Blade 1 Z translation displacement, node 6, m
        136     2.66902389526E+001                                                     F               0         Blade 1 X translation displacement, node 7, m
        137    -4.10694885254E+001                                                     F               0         Blade 1 Y translation displacement, node 7, m
        138    -1.71151714325E+001                                                     F               0         Blade 1 Z translation displacement, node 7, m
        139     2.68028831482E+001                                                     F               0         Blade 1 X translation displacement, node 8, m
        140    -4.41960830688E+001                                                     F               0         Blade 1 Y translation displacement, node 8, m
        141    -1.87440586090E+001                                                     F               0         Blade 1 Z translation displacement, node 8, m
        142     2.69155044556E+001                                                     F               0         Blade 1 X translation displacement, node 9, m
        143    -4.73221206665E+001                                                     F               0         Blade 1 Y translation displacement, node 9, m
        144    -2.03726387024E+001                                                     F               0         Blade 1 Z translation displacement, node 9, m
        145     2.70281276703E+001                                                     F               0         Blade 1 X translation displacement, node 10, m
        146    -5.04481468201E+001                                                     F               0         Blade 1 Y translation displacement, node 10, m
        147    -2.20012283325E+001                                                     F               0         Blade 1 Z translation displacement, node 10, m
        148     2.71407508850E+001                                                     F               0         Blade 1 X translation displacement, node 11, m
        149    -5.35741806030E+001                                                     F               0         Blade 1 Y translation displacement, node 11, m
        150    -2.36298084259E+001                                                     F               0         Blade 1 Z translation displacement, node 11, m
        151     2.72533931732E+001                                                     F               0         Blade 1 X translation displacement, node 12, m
        152    -5.67007637024E+001                                                     F               0         Blade 1 Y translation displacement, node 12, m
        153    -2.52586898804E+001                                                     F               0         Blade 1 Z translation displacement, node 12, m
        154     2.73660163879E+001                                                     F               0         Blade 1 X translation displacement, node 13, m
        155    -5.98268013000E+001                                                     F               0         Blade 1 Y translation displacement, node 13, m
        156    -2.68872699738E+001                                                     F               0         Blade 1 Z translation displacement, node 13, m
        157     2.74786396027E+001                                                     F               0         Blade 1 X translation displacement, node 14, m
        158    -6.29528274536E+001                                                     F               0         Blade 1 Y translation displacement, node 14, m
        159    -2.85158596039E+001                                                     F               0         Blade 1 Z translation displacement, node 14, m
        160     2.75912818909E+001                                                     F               0         Blade 1 X translation displacement, node 15, m
        161    -6.60794296265E+001                                                     F               0         Blade 1 Y translation displacement, node 15, m
        162    -3.01447391510E+001                                                     F               0         Blade 1 Z translation displacement, node 15, m
        163     2.77039051056E+001                                                     F               0         Blade 1 X translation displacement, node 16, m
        164    -6.92054519653E+001                                                     F               0         Blade 1 Y translation displacement, node 16, m
        165    -3.17733287811E+001                                                     F               0         Blade 1 Z translation displacement, node 16, m
        166     2.78165283203E+001                                                     F               0         Blade 1 X translation displacement, node 17, m
        167    -7.23314971924E+001                                                     F               0         Blade 1 Y translation displacement, node 17, m
        168    -3.34019088745E+001                                                     F               0         Blade 1 Z translation displacement, node 17, m
        169     2.79291515350E+001                                                     F               0         Blade 1 X translation displacement, node 18, m
        170    -7.54575195312E+001                                                     F               0         Blade 1 Y translation displacement, node 18, m
        171    -3.50304985046E+001                                                     F               0         Blade 1 Z translation displacement, node 18, m
        172     2.80417938232E+001                                                     F               0         Blade 1 X translation displacement, node 19, m
        173    -7.85841064453E+001                                                     F               0         Blade 1 Y translation displacement, node 19, m
        174    -3.66593742371E+001                                                     F               0         Blade 1 Z translation displacement, node 19, m
        175     2.81544170380E+001                                                     F               0         Blade 1 X translation displacement, node 20, m
        176    -8.17101440430E+001                                                     F               0         Blade 1 Y translation displacement, node 20, m
        177    -3.82879524231E+001                                                     F               0         Blade 1 Z translation displacement, node 20, m
        178     2.82670402527E+001                                                     F               0         Blade 1 X translation displacement, node 21, m
        179    -8.48361740112E+001                                                     F               0         Blade 1 Y translation displacement, node 21, m
        180    -3.99165420532E+001                                                     F               0         Blade 1 Z translation displacement, node 21, m
        181     2.83796825409E+001                                                     F               0         Blade 1 X translation displacement, node 22, m
        182    -8.79627685547E+001                                                     F               0         Blade 1 Y translation displacement, node 22, m
        183    -4.15454292297E+001                                                     F               0         Blade 1 Z translation displacement, node 22, m
        184     2.84923057556E+001                                                     F               0         Blade 1 X translation displacement, node 23, m
        185    -9.10888061523E+001                                                     F               0         Blade 1 Y translation displacement, node 23, m
        186    -4.31740074158E+001                                                     F               0         Blade 1 Z translation displacement, node 23, m
        187     2.86049289703E+001                                                     F               0         Blade 1 X translation displacement, node 24, m
        188    -9.42148361206E+001                                                     F               0         Blade 1 Y translation displacement, node 24, m
        189    -4.48025932312E+001                                                     F               0         Blade 1 Z translation displacement, node 24, m
        190     2.87175502777E+001                                                     F               0         Blade 1 X translation displacement, node 25, m
        191    -9.73408584595E+001                                                     F               0         Blade 1 Y translation displacement, node 25, m
        192    -4.64311828613E+001                                                     F               0         Blade 1 Z translation displacement, node 25, m
        193     2.88301944733E+001                                                     F               0         Blade 1 X translation displacement, node 26, m
        194    -1.00467460632E+002                                                     F               0         Blade 1 Y translation displacement, node 26, m
        195    -4.80600700378E+001                                                     F               0         Blade 1 Z translation displacement, node 26, m
        196     2.89428157806E+001                                                     F               0         Blade 1 X translation displacement, node 27, m
        197    -1.03593482971E+002                                                     F               0         Blade 1 Y translation displacement, node 27, m
        198    -4.96886558533E+001                                                     F               0         Blade 1 Z translation displacement, node 27, m
        199     2.90382976532E+001                                                     F               0         Blade 1 X translation displacement, node 28, m
        200    -1.06243690491E+002                                                     F               0         Blade 1 Y translation displacement, node 28, m
        201    -5.10693283081E+001                                                     F               0         Blade 1 Z translation displacement, node 28, m
        202     7.00331389904E-001,  -3.32366615534E-001,  -6.31718575954E-001         F               0         Blade 1 X orientation angle, node 1, rad
        203     7.01194643974E-001,   4.86017227173E-001,   5.21644830704E-001         F               0         Blade 1 Y orientation angle, node 1, rad
        204     1.33648768067E-001,  -8.08281958103E-001,   5.73426783085E-001         F               0         Blade 1 Z orientation angle, node 1, rad
        205     7.00331389904E-001,  -3.32366615534E-001,  -6.31718575954E-001         F               0         Blade 1 X orientation angle, node 2, rad
        206     7.01194643974E-001,   4.86017227173E-001,   5.21644830704E-001         F               0         Blade 1 Y orientation angle, node 2, rad
        207     1.33648768067E-001,  -8.08281958103E-001,   5.73426783085E-001         F               0         Blade 1 Z orientation angle, node 2, rad
        208     8.46565961838E-001,  -2.07706913352E-001,  -4.90085631609E-001         F               0         Blade 1 X orientation angle, node 3, rad
        209     5.15232086182E-001,   5.50942957401E-001,   6.56504213810E-001         F               0         Blade 1 Y orientation angle, node 3, rad
        210     1.33648768067E-001,  -8.08281958103E-001,   5.73426783085E-001         F               0         Blade 1 Z orientation angle, node 3, rad
        211     8.67566287518E-001,  -1.84258431196E-001,  -4.61928069592E-001         F               0         Blade 1 X orientation angle, node 4, rad
        212     4.79026824236E-001,   5.59221863747E-001,   6.76612257957E-001         F               0         Blade 1 Y orientation angle, node 4, rad
        213     1.33648768067E-001,  -8.08281958103E-001,   5.73426783085E-001         F               0         Blade 1 Z orientation angle, node 4, rad
        214     8.82971525192E-001,  -1.65616035461E-001,  -4.39240902662E-001         F               0         Blade 1 X orientation angle, node 5, rad
        215     4.49999153614E-001,   5.65023541451E-001,   6.91555559635E-001         F               0         Blade 1 Y orientation angle, node 5, rad
        216     1.33648768067E-001,  -8.08281958103E-001,   5.73426783085E-001         F               0         Blade 1 Z orientation angle, node 5, rad
        217     8.94597470760E-001,  -1.50569990277E-001,  -4.20742213726E-001         F               0         Blade 1 X orientation angle, node 6, rad
        218     4.26419198513E-001,   5.69217860699E-001,   7.02963531017E-001         F               0         Blade 1 Y orientation angle, node 6, rad
        219     1.33648768067E-001,  -8.08281958103E-001,   5.73426783085E-001         F               0         Blade 1 Z orientation angle, node 6, rad
        220     9.03686881065E-001,  -1.38116747141E-001,  -4.05307024717E-001         F               0         Blade 1 X orientation angle, node 7, rad
        221     4.06802177429E-001,   5.72367072105E-001,   7.11974680424E-001         F               0         Blade 1 Y orientation angle, node 7, rad
        222     1.33648768067E-001,  -8.08281958103E-001,   5.73426783085E-001         F               0         Blade 1 Z orientation angle, node 7, rad
        223     9.10921633244E-001,  -1.27705276012E-001,  -3.92317593098E-001         F               0         Blade 1 X orientation angle, node 8, rad
        224     3.90332877636E-001,   5.74779629707E-001,   7.19213902950E-001         F               0         Blade 1 Y orientation angle, node 8, rad
        225     1.33648768067E-001,  -8.08281958103E-001,   5.73426783085E-001         F               0         Blade 1 Z orientation angle, node 8, rad
        226     9.16809082031E-001,  -1.18862591684E-001,  -3.81225407124E-001         F               0         Blade 1 X orientation angle, node 9, rad
        227     3.76296609640E-001,   5.76673209667E-001,   7.25154340267E-001         F               0         Blade 1 Y orientation angle, node 9, rad
        228     1.33648768067E-001,  -8.08281958103E-001,   5.73426842690E-001         F               0         Blade 1 Z orientation angle, node 9, rad
        229     9.21719670296E-001,  -1.11203074455E-001,  -3.71573358774E-001         F               0         Blade 1 X orientation angle, node 10, rad
        230     3.64102870226E-001,   5.78199088573E-001,   7.30147182941E-001         F               0         Blade 1 Y orientation angle, node 10, rad
        231     1.33648768067E-001,  -8.08281958103E-001,   5.73426783085E-001         F               0         Blade 1 Z orientation angle, node 10, rad
        232     9.25790846348E-001,  -1.04636594653E-001,  -3.63266378641E-001         F               0         Blade 1 X orientation angle, node 11, rad
        233     3.53623092175E-001,   5.79423427582E-001,   7.34315514565E-001         F               0         Blade 1 Y orientation angle, node 11, rad
        234     1.33648768067E-001,  -8.08281958103E-001,   5.73426842690E-001         F               0         Blade 1 Z orientation angle, node 11, rad
        235     9.29262995720E-001,  -9.88671928644E-002,  -3.55943262577E-001         F               0         Blade 1 X orientation angle, node 12, rad
        236     3.44395607710E-001,   5.80435693264E-001,   7.37892985344E-001         F               0         Blade 1 Y orientation angle, node 12, rad
        237     1.33648768067E-001,  -8.08281958103E-001,   5.73426783085E-001         F               0         Blade 1 Z orientation angle, node 12, rad
        238     9.32232975960E-001,  -9.37982350588E-002,  -3.49490463734E-001         F               0         Blade 1 X orientation angle, node 13, rad
        239     3.36273252964E-001,   5.81276357174E-001,   7.40971028805E-001         F               0         Blade 1 Y orientation angle, node 13, rad
        240     1.33648768067E-001,  -8.08281958103E-001,   5.73426783085E-001         F               0         Blade 1 Z orientation angle, node 13, rad
        241     9.34845268726E-001,  -8.92300531268E-002,  -3.43660175800E-001         F               0         Blade 1 X orientation angle, node 14, rad
        242     3.28941226006E-001,   5.81995069981E-001,   7.43693053722E-001         F               0         Blade 1 Y orientation angle, node 14, rad
        243     1.33648768067E-001,  -8.08281958103E-001,   5.73426783085E-001         F               0         Blade 1 Z orientation angle, node 14, rad
        244     9.37118887901E-001,  -8.51648226380E-002,  -3.38459879160E-001         F               0         Blade 1 X orientation angle, node 15, rad
        245     3.22406798601E-001,   5.82603871822E-001,   7.46074140072E-001         F               0         Blade 1 Y orientation angle, node 15, rad
        246     1.33648768067E-001,  -8.08281958103E-001,   5.73426842690E-001         F               0         Blade 1 Z orientation angle, node 15, rad
        247     9.39126133919E-001,  -8.15025568008E-002,  -3.33765506744E-001         F               0         Blade 1 X orientation angle, node 16, rad
