
Linearized model: Predictions were generated on 13-Feb-2024 at 11:29:37 using OpenFAST, compiled as a 64-bit application using single precision at commit v3.5.1
 linked with  NWTC Subroutine Library; ElastoDyn; InflowWind; AeroDyn; ServoDyn; HydroDyn; MAP++ (<1.20.10>, <Oct-20-2023>)

Description from the FAST input file: CCT-9 Campign 4 model. Input files to be run with OpenFAST 3.5.0. GitHub branch from Lu Wang (https://github.com/luwang00/openfast/tree/dev) compiled on March 7, 2023.

Simulation information:
   Simulation time:                  1210.8250 s
   Rotor Speed:                         0.7917 rad/s
   Azimuth:                             0.0001 rad
   Wind Speed:                         16.0000 m/s
   Number of continuous states:         0
   Number of discrete states:           0
   Number of constraint states:         0
   Number of inputs:                 1746
   Number of outputs:                   4
   Jacobians included in this file?    No

Order of inputs:
     Column   Operating Point                                                   Rotating Frame? Derivative Order Description
   ---------- ---------------                                                   --------------- ---------------- -----------
          1     1.07024450302E+001                                                     F               0         Tower X translation displacement, node 1, m
          2    -1.56118452549E+000                                                     F               0         Tower Y translation displacement, node 1, m
          3    -2.72064059973E-001                                                     F               0         Tower Z translation displacement, node 1, m
          4     1.20882558823E+001                                                     F               0         Tower X translation displacement, node 2, m
          5    -2.19526743889E+000                                                     F               0         Tower Y translation displacement, node 2, m
          6    -3.66417229176E-001                                                     F               0         Tower Z translation displacement, node 2, m
          7     1.34740657806E+001                                                     F               0         Tower X translation displacement, node 3, m
          8    -2.82935047150E+000                                                     F               0         Tower Y translation displacement, node 3, m
          9    -4.60768312216E-001                                                     F               0         Tower Z translation displacement, node 3, m
         10     1.48598766327E+001                                                     F               0         Tower X translation displacement, node 4, m
         11    -3.46343374252E+000                                                     F               0         Tower Y translation displacement, node 4, m
         12    -5.55119633675E-001                                                     F               0         Tower Z translation displacement, node 4, m
         13     1.62456874847E+001                                                     F               0         Tower X translation displacement, node 5, m
         14    -4.09751701355E+000                                                     F               0         Tower Y translation displacement, node 5, m
         15    -6.49468064308E-001                                                     F               0         Tower Z translation displacement, node 5, m
         16     1.76314964294E+001                                                     F               0         Tower X translation displacement, node 6, m
         17    -4.73159933090E+000                                                     F               0         Tower Y translation displacement, node 6, m
         18    -7.43827104568E-001                                                     F               0         Tower Z translation displacement, node 6, m
         19     1.90173091888E+001                                                     F               0         Tower X translation displacement, node 7, m
         20    -5.36568307877E+000                                                     F               0         Tower Y translation displacement, node 7, m
         21    -8.38172137737E-001                                                     F               0         Tower Z translation displacement, node 7, m
         22     2.04031181335E+001                                                     F               0         Tower X translation displacement, node 8, m
         23    -5.99976539612E+000                                                     F               0         Tower Y translation displacement, node 8, m
         24    -9.32529270649E-001                                                     F               0         Tower Z translation displacement, node 8, m
         25     2.17889308929E+001                                                     F               0         Tower X translation displacement, node 9, m
         26    -6.63384914398E+000                                                     F               0         Tower Y translation displacement, node 9, m
         27    -1.02687740326E+000                                                     F               0         Tower Z translation displacement, node 9, m
         28     2.31747398376E+001                                                     F               0         Tower X translation displacement, node 10, m
         29    -7.26793241501E+000                                                     F               0         Tower Y translation displacement, node 10, m
         30    -1.12123155594E+000                                                     F               0         Tower Z translation displacement, node 10, m
         31     2.45605506897E+001                                                     F               0         Tower X translation displacement, node 11, m
         32    -7.90201520920E+000                                                     F               0         Tower Y translation displacement, node 11, m
         33    -1.21558260918E+000                                                     F               0         Tower Z translation displacement, node 11, m
         34     9.93686616421E-001,   3.40321264230E-003,  -1.12139537930E-001         F               0         Tower X orientation angle, node 1, rad
         35     2.37800017931E-003,   9.98676359653E-001,   5.13796918094E-002         F               0         Tower Y orientation angle, node 1, rad
         36     1.12165965140E-001,  -5.13219796121E-002,   9.92363274097E-001         F               0         Tower Z orientation angle, node 1, rad
         37     9.93686616421E-001,   3.40321264230E-003,  -1.12139537930E-001         F               0         Tower X orientation angle, node 2, rad
         38     2.37800017931E-003,   9.98676359653E-001,   5.13796918094E-002         F               0         Tower Y orientation angle, node 2, rad
         39     1.12165965140E-001,  -5.13219796121E-002,   9.92363274097E-001         F               0         Tower Z orientation angle, node 2, rad
         40     9.93686616421E-001,   3.40321264230E-003,  -1.12139537930E-001         F               0         Tower X orientation angle, node 3, rad
         41     2.37800017931E-003,   9.98676359653E-001,   5.13796918094E-002         F               0         Tower Y orientation angle, node 3, rad
         42     1.12165965140E-001,  -5.13219796121E-002,   9.92363274097E-001         F               0         Tower Z orientation angle, node 3, rad
         43     9.93686616421E-001,   3.40321264230E-003,  -1.12139537930E-001         F               0         Tower X orientation angle, node 4, rad
         44     2.37800017931E-003,   9.98676359653E-001,   5.13796918094E-002         F               0         Tower Y orientation angle, node 4, rad
         45     1.12165965140E-001,  -5.13219796121E-002,   9.92363274097E-001         F               0         Tower Z orientation angle, node 4, rad
         46     9.93686616421E-001,   3.40321264230E-003,  -1.12139537930E-001         F               0         Tower X orientation angle, node 5, rad
         47     2.37800017931E-003,   9.98676359653E-001,   5.13796918094E-002         F               0         Tower Y orientation angle, node 5, rad
         48     1.12165965140E-001,  -5.13219796121E-002,   9.92363274097E-001         F               0         Tower Z orientation angle, node 5, rad
         49     9.93686616421E-001,   3.40321264230E-003,  -1.12139537930E-001         F               0         Tower X orientation angle, node 6, rad
         50     2.37800017931E-003,   9.98676359653E-001,   5.13796918094E-002         F               0         Tower Y orientation angle, node 6, rad
         51     1.12165965140E-001,  -5.13219796121E-002,   9.92363274097E-001         F               0         Tower Z orientation angle, node 6, rad
         52     9.93686616421E-001,   3.40321264230E-003,  -1.12139537930E-001         F               0         Tower X orientation angle, node 7, rad
         53     2.37800017931E-003,   9.98676359653E-001,   5.13796918094E-002         F               0         Tower Y orientation angle, node 7, rad
         54     1.12165965140E-001,  -5.13219796121E-002,   9.92363274097E-001         F               0         Tower Z orientation angle, node 7, rad
         55     9.93686616421E-001,   3.40321264230E-003,  -1.12139537930E-001         F               0         Tower X orientation angle, node 8, rad
         56     2.37800017931E-003,   9.98676359653E-001,   5.13796918094E-002         F               0         Tower Y orientation angle, node 8, rad
         57     1.12165965140E-001,  -5.13219796121E-002,   9.92363274097E-001         F               0         Tower Z orientation angle, node 8, rad
         58     9.93686616421E-001,   3.40321287513E-003,  -1.12139545381E-001         F               0         Tower X orientation angle, node 9, rad
         59     2.37800041214E-003,   9.98676359653E-001,   5.13796918094E-002         F               0         Tower Y orientation angle, node 9, rad
         60     1.12165965140E-001,  -5.13219833374E-002,   9.92363274097E-001         F               0         Tower Z orientation angle, node 9, rad
         61     9.93686616421E-001,   3.40321264230E-003,  -1.12139537930E-001         F               0         Tower X orientation angle, node 10, rad
         62     2.37800017931E-003,   9.98676359653E-001,   5.13796918094E-002         F               0         Tower Y orientation angle, node 10, rad
         63     1.12165965140E-001,  -5.13219796121E-002,   9.92363274097E-001         F               0         Tower Z orientation angle, node 10, rad
         64     9.93686616421E-001,   3.40321264230E-003,  -1.12139537930E-001         F               0         Tower X orientation angle, node 11, rad
         65     2.37800017931E-003,   9.98676359653E-001,   5.13796918094E-002         F               0         Tower Y orientation angle, node 11, rad
         66     1.12165965140E-001,  -5.13219796121E-002,   9.92363274097E-001         F               0         Tower Z orientation angle, node 11, rad
         67     2.45845410973E-004                                                     F               0         Tower X translation velocity, node 1, m/s
         68     1.08686904423E-003                                                     F               0         Tower Y translation velocity, node 1, m/s
         69     3.43374744989E-003                                                     F               0         Tower Z translation velocity, node 1, m/s
         70     3.57567711035E-004                                                     F               0         Tower X translation velocity, node 2, m/s
         71     1.52488343883E-003                                                     F               0         Tower Y translation velocity, node 2, m/s
         72     3.44377243891E-003                                                     F               0         Tower Z translation velocity, node 2, m/s
         73     4.69290069304E-004                                                     F               0         Tower X translation velocity, node 3, m/s
         74     1.96289806627E-003                                                     F               0         Tower Y translation velocity, node 3, m/s
         75     3.45379719511E-003                                                     F               0         Tower Z translation velocity, node 3, m/s
         76     5.81012340263E-004                                                     F               0         Tower X translation velocity, node 4, m/s
         77     2.40091234446E-003                                                     F               0         Tower Y translation velocity, node 4, m/s
         78     3.46382195130E-003                                                     F               0         Tower Z translation velocity, node 4, m/s
         79     6.92734669428E-004                                                     F               0         Tower X translation velocity, node 5, m/s
         80     2.83892708831E-003                                                     F               0         Tower Y translation velocity, node 5, m/s
         81     3.47384717315E-003                                                     F               0         Tower Z translation velocity, node 5, m/s
         82     8.04456940386E-004                                                     F               0         Tower X translation velocity, node 6, m/s
         83     3.27694113366E-003                                                     F               0         Tower Y translation velocity, node 6, m/s
         84     3.48387192935E-003                                                     F               0         Tower Z translation velocity, node 6, m/s
         85     9.16179385968E-004                                                     F               0         Tower X translation velocity, node 7, m/s
         86     3.71495611034E-003                                                     F               0         Tower Y translation velocity, node 7, m/s
         87     3.49389668554E-003                                                     F               0         Tower Z translation velocity, node 7, m/s
         88     1.02790154051E-003                                                     F               0         Tower X translation velocity, node 8, m/s
         89     4.15297038853E-003                                                     F               0         Tower Y translation velocity, node 8, m/s
         90     3.50392144173E-003                                                     F               0         Tower Z translation velocity, node 8, m/s
         91     1.13962404430E-003                                                     F               0         Tower X translation velocity, node 9, m/s
         92     4.59098489955E-003                                                     F               0         Tower Y translation velocity, node 9, m/s
         93     3.51394666359E-003                                                     F               0         Tower Z translation velocity, node 9, m/s
         94     1.25134631526E-003                                                     F               0         Tower X translation velocity, node 10, m/s
         95     5.02899941057E-003                                                     F               0         Tower Y translation velocity, node 10, m/s
         96     3.52397141978E-003                                                     F               0         Tower Z translation velocity, node 10, m/s
         97     1.36306858622E-003                                                     F               0         Tower X translation velocity, node 11, m/s
         98     5.46701392159E-003                                                     F               0         Tower Y translation velocity, node 11, m/s
         99     3.53399617597E-003                                                     F               0         Tower Z translation velocity, node 11, m/s
        100     2.55092601776E+001                                                     F               0         Hub X translation displacement, node 1, m
        101    -8.34165859222E+000                                                     F               0         Hub Y translation displacement, node 1, m
        102    -6.43630772829E-002                                                     F               0         Hub Z translation displacement, node 1, m
        103     9.76518571377E-001,   8.74917767942E-003,  -2.15255439281E-001         F               0         Hub X orientation angle, node 1, rad
        104     2.39405152388E-003,   9.98672604561E-001,   5.14523573220E-002         F               0         Hub Y orientation angle, node 1, rad
        105     2.15419873595E-001,  -5.07595129311E-002,   9.75201368332E-001         F               0         Hub Z orientation angle, node 1, rad
        106     7.73062169552E-001                                                     F               0         Hub X rotation velocity, node 1, rad/s
        107     6.93582743406E-003                                                     F               0         Hub Y rotation velocity, node 1, rad/s
        108    -1.70417010784E-001                                                     F               0         Hub Z rotation velocity, node 1, rad/s
        109     9.66468632221E-001,  -1.31843611598E-001,  -2.20353335142E-001         F               0         Blade root 1 X orientation angle, node 1, rad
        110     1.39759108424E-001,   9.89970088005E-001,   2.06557456404E-002         F               0         Blade root 1 Y orientation angle, node 1, rad
        111     2.15419873595E-001,  -5.07595129311E-002,   9.75201368332E-001         F               0         Blade root 1 Z orientation angle, node 1, rad
        112     9.40726459026E-001,   8.50997418165E-002,  -3.28316628933E-001         F               0         Blade root 2 X orientation angle, node 1, rad
        113     3.20907175541E-001,  -5.36660373211E-001,   7.80393600464E-001         F               0         Blade root 2 Y orientation angle, node 1, rad
        114    -1.09783247113E-001,  -8.39496076107E-001,  -5.32159745693E-001         F               0         Blade root 2 Z orientation angle, node 1, rad
        115     9.93221342564E-001,   7.27303251624E-002,  -9.06731337309E-002         F               0         Blade root 3 X orientation angle, node 1, rad
        116    -4.84996959567E-002,  -4.49616849422E-001,  -8.91903877258E-001         F               0         Blade root 3 Y orientation angle, node 1, rad
        117    -1.05636626482E-001,   8.90255570412E-001,  -4.43041652441E-001         F               0         Blade root 3 Z orientation angle, node 1, rad
        118     2.61235980988E+001                                                     F               0         Blade 1 X translation displacement, node 1, m
        119    -8.62286567688E+000                                                     F               0         Blade 1 Y translation displacement, node 1, m
        120    -1.71406224370E-001                                                     F               0         Blade 1 Z translation displacement, node 1, m
        121     2.62716293335E+001                                                     F               0         Blade 1 X translation displacement, node 2, m
        122    -8.69062519073E+000                                                     F               0         Blade 1 Y translation displacement, node 2, m
        123    -1.97194904089E-001                                                     F               0         Blade 1 Z translation displacement, node 2, m
        124     2.82845745087E+001                                                     F               0         Blade 1 X translation displacement, node 3, m
        125    -9.61203289032E+000                                                     F               0         Blade 1 Y translation displacement, node 3, m
        126    -5.47905743122E-001                                                     F               0         Blade 1 Z translation displacement, node 3, m
        127     2.87134437561E+001                                                     F               0         Blade 1 X translation displacement, node 4, m
        128    -9.80834388733E+000                                                     F               0         Blade 1 Y translation displacement, node 4, m
        129    -6.22635006905E-001                                                     F               0         Blade 1 Z translation displacement, node 4, m
        130     2.91423969269E+001                                                     F               0         Blade 1 X translation displacement, node 5, m
        131    -1.00046920776E+001                                                     F               0         Blade 1 Y translation displacement, node 5, m
        132    -6.97362899780E-001                                                     F               0         Blade 1 Z translation displacement, node 5, m
        133     2.95712680817E+001                                                     F               0         Blade 1 X translation displacement, node 6, m
        134    -1.02010049820E+001                                                     F               0         Blade 1 Y translation displacement, node 6, m
        135    -7.72092282772E-001                                                     F               0         Blade 1 Z translation displacement, node 6, m
        136     3.00001411438E+001                                                     F               0         Blade 1 X translation displacement, node 7, m
        137    -1.03973169327E+001                                                     F               0         Blade 1 Y translation displacement, node 7, m
        138    -8.46808493137E-001                                                     F               0         Blade 1 Z translation displacement, node 7, m
        139     3.04290904999E+001                                                     F               0         Blade 1 X translation displacement, node 8, m
        140    -1.05936651230E+001                                                     F               0         Blade 1 Y translation displacement, node 8, m
        141    -9.21551465988E-001                                                     F               0         Blade 1 Z translation displacement, node 8, m
        142     3.08579635620E+001                                                     F               0         Blade 1 X translation displacement, node 9, m
        143    -1.07899780273E+001                                                     F               0         Blade 1 Y translation displacement, node 9, m
        144    -9.96265769005E-001                                                     F               0         Blade 1 Z translation displacement, node 9, m
        145     3.12868366241E+001                                                     F               0         Blade 1 X translation displacement, node 10, m
        146    -1.09862899780E+001                                                     F               0         Blade 1 Y translation displacement, node 10, m
        147    -1.07099521160E+000                                                     F               0         Blade 1 Z translation displacement, node 10, m
        148     3.17157096863E+001                                                     F               0         Blade 1 X translation displacement, node 11, m
        149    -1.11826028824E+001                                                     F               0         Blade 1 Y translation displacement, node 11, m
        150    -1.14570939541E+000                                                     F               0         Blade 1 Z translation displacement, node 11, m
        151     3.21446571350E+001                                                     F               0         Blade 1 X translation displacement, node 12, m
        152    -1.13789501190E+001                                                     F               0         Blade 1 Y translation displacement, node 12, m
        153    -1.22045242786E+000                                                     F               0         Blade 1 Z translation displacement, node 12, m
        154     3.25735321045E+001                                                     F               0         Blade 1 X translation displacement, node 13, m
        155    -1.15752630234E+001                                                     F               0         Blade 1 Y translation displacement, node 13, m
        156    -1.29516661167E+000                                                     F               0         Blade 1 Z translation displacement, node 13, m
        157     3.30024032593E+001                                                     F               0         Blade 1 X translation displacement, node 14, m
        158    -1.17715749741E+001                                                     F               0         Blade 1 Y translation displacement, node 14, m
        159    -1.36989605427E+000                                                     F               0         Blade 1 Z translation displacement, node 14, m
        160     3.34313545227E+001                                                     F               0         Blade 1 X translation displacement, node 15, m
        161    -1.19679231644E+001                                                     F               0         Blade 1 Y translation displacement, node 15, m
        162    -1.44462907314E+000                                                     F               0         Blade 1 Z translation displacement, node 15, m
        163     3.38602256775E+001                                                     F               0         Blade 1 X translation displacement, node 16, m
        164    -1.21642351151E+001                                                     F               0         Blade 1 Y translation displacement, node 16, m
        165    -1.51935589314E+000                                                     F               0         Blade 1 Z translation displacement, node 16, m
        166     3.42891006470E+001                                                     F               0         Blade 1 X translation displacement, node 17, m
        167    -1.23605489731E+001                                                     F               0         Blade 1 Y translation displacement, node 17, m
        168    -1.59406769276E+000                                                     F               0         Blade 1 Z translation displacement, node 17, m
        169     3.47179718018E+001                                                     F               0         Blade 1 X translation displacement, node 18, m
        170    -1.25568609238E+001                                                     F               0         Blade 1 Y translation displacement, node 18, m
        171    -1.66879451275E+000                                                     F               0         Blade 1 Z translation displacement, node 18, m
        172     3.51469192505E+001                                                     F               0         Blade 1 X translation displacement, node 19, m
        173    -1.27532081604E+001                                                     F               0         Blade 1 Y translation displacement, node 19, m
        174    -1.74353480339E+000                                                     F               0         Blade 1 Z translation displacement, node 19, m
        175     3.55757942200E+001                                                     F               0         Blade 1 X translation displacement, node 20, m
        176    -1.29495201111E+001                                                     F               0         Blade 1 Y translation displacement, node 20, m
        177    -1.81824636459E+000                                                     F               0         Blade 1 Z translation displacement, node 20, m
        178     3.60046653748E+001                                                     F               0         Blade 1 X translation displacement, node 21, m
        179    -1.31458330154E+001                                                     F               0         Blade 1 Y translation displacement, node 21, m
        180    -1.89297342300E+000                                                     F               0         Blade 1 Z translation displacement, node 21, m
        181     3.64336166382E+001                                                     F               0         Blade 1 X translation displacement, node 22, m
        182    -1.33421812057E+001                                                     F               0         Blade 1 Y translation displacement, node 22, m
        183    -1.96771371365E+000                                                     F               0         Blade 1 Z translation displacement, node 22, m
        184     3.68624877930E+001                                                     F               0         Blade 1 X translation displacement, node 23, m
        185    -1.35384931564E+001                                                     F               0         Blade 1 Y translation displacement, node 23, m
        186    -2.04242539406E+000                                                     F               0         Blade 1 Z translation displacement, node 23, m
        187     3.72913627625E+001                                                     F               0         Blade 1 X translation displacement, node 24, m
        188    -1.37348060608E+001                                                     F               0         Blade 1 Y translation displacement, node 24, m
        189    -2.11715221405E+000                                                     F               0         Blade 1 Z translation displacement, node 24, m
        190     3.77202339172E+001                                                     F               0         Blade 1 X translation displacement, node 25, m
        191    -1.39311180115E+001                                                     F               0         Blade 1 Y translation displacement, node 25, m
        192    -2.19187927246E+000                                                     F               0         Blade 1 Z translation displacement, node 25, m
        193     3.81491851807E+001                                                     F               0         Blade 1 X translation displacement, node 26, m
        194    -1.41274662018E+001                                                     F               0         Blade 1 Y translation displacement, node 26, m
        195    -2.26661968231E+000                                                     F               0         Blade 1 Z translation displacement, node 26, m
        196     3.85780563354E+001                                                     F               0         Blade 1 X translation displacement, node 27, m
        197    -1.43237781525E+001                                                     F               0         Blade 1 Y translation displacement, node 27, m
        198    -2.34134650230E+000                                                     F               0         Blade 1 Z translation displacement, node 27, m
        199     3.89416465759E+001                                                     F               0         Blade 1 X translation displacement, node 28, m
        200    -1.44902095795E+001                                                     F               0         Blade 1 Y translation displacement, node 28, m
        201    -2.40467572212E+000                                                     F               0         Blade 1 Z translation displacement, node 28, m
        202     7.96400427818E-001,  -5.68774580956E-001,  -2.05528020859E-001         F               0         Blade 1 X orientation angle, node 1, rad
        203     5.65102279186E-001,   8.20925652981E-001,  -8.21004509926E-002         F               0         Blade 1 Y orientation angle, node 1, rad
        204     2.15419873595E-001,  -5.07595129311E-002,   9.75201368332E-001         F               0         Blade 1 Z orientation angle, node 1, rad
        205     7.96400427818E-001,  -5.68774580956E-001,  -2.05528020859E-001         F               0         Blade 1 X orientation angle, node 2, rad
        206     5.65102279186E-001,   8.20925652981E-001,  -8.21004509926E-002         F               0         Blade 1 Y orientation angle, node 2, rad
        207     2.15419873595E-001,  -5.07595129311E-002,   9.75201368332E-001         F               0         Blade 1 Z orientation angle, node 2, rad
        208     9.07642841339E-001,  -3.58003258705E-001,  -2.19130501151E-001         F               0         Blade 1 X orientation angle, node 3, rad
        209     3.60248208046E-001,   9.32339608669E-001,  -3.10495048761E-002         F               0         Blade 1 Y orientation angle, node 3, rad
        210     2.15419873595E-001,  -5.07595129311E-002,   9.75201368332E-001         F               0         Blade 1 Z orientation angle, node 3, rad
        211     9.22044634819E-001,  -3.18316459656E-001,  -2.20246121287E-001         F               0         Blade 1 X orientation angle, node 4, rad
        212     3.21602255106E-001,   9.46624577045E-001,  -2.17691566795E-002         F               0         Blade 1 Y orientation angle, node 4, rad
        213     2.15419873595E-001,  -5.07595129311E-002,   9.75201368332E-001         F               0         Blade 1 Z orientation angle, node 4, rad
        214     9.32200491428E-001,  -2.86755949259E-001,  -2.20846787095E-001         F               0         Blade 1 X orientation angle, node 5, rad
        215     2.90854871273E-001,   9.56658005714E-001,  -1.44548891112E-002         F               0         Blade 1 Y orientation angle, node 5, rad
        216     2.15419873595E-001,  -5.07595129311E-002,   9.75201368332E-001         F               0         Blade 1 Z orientation angle, node 5, rad
        217     9.39587652683E-001,  -2.61278837919E-001,  -2.21152514219E-001         F               0         Blade 1 X orientation angle, node 6, rad
        218     2.66025096178E-001,   9.63927805424E-001,  -8.59164260328E-003         F               0         Blade 1 Y orientation angle, node 6, rad
        219     2.15419873595E-001,  -5.07595129311E-002,   9.75201368332E-001         F               0         Blade 1 Z orientation angle, node 6, rad
        220     9.45167362690E-001,  -2.40188688040E-001,  -2.21287310123E-001         F               0         Blade 1 X orientation angle, node 7, rad
        221     2.45464786887E-001,   9.69398200512E-001,  -3.76518210396E-003         F               0         Blade 1 Y orientation angle, node 7, rad
        222     2.15419873595E-001,  -5.07595129311E-002,   9.75201368332E-001         F               0         Blade 1 Z orientation angle, node 7, rad
        223     9.49466943741E-001,  -2.22554132342E-001,  -2.21319198608E-001         F               0         Blade 1 X orientation angle, node 8, rad
        224     2.28269159794E-001,   9.73598003387E-001,   2.51897552516E-004         F               0         Blade 1 Y orientation angle, node 8, rad
        225     2.15419873595E-001,  -5.07595129311E-002,   9.75201368332E-001         F               0         Blade 1 Z orientation angle, node 8, rad
        226     9.52860772610E-001,  -2.07575082779E-001,  -2.21289217472E-001         F               0         Blade 1 X orientation angle, node 9, rad
        227     2.13660031557E-001,   9.76901233196E-001,   3.65095306188E-003         F               0         Blade 1 Y orientation angle, node 9, rad
        228     2.15419858694E-001,  -5.07595129311E-002,   9.75201368332E-001         F               0         Blade 1 Z orientation angle, node 9, rad
        229     9.55610990524E-001,  -1.94599092007E-001,  -2.21221327782E-001         F               0         Blade 1 X orientation angle, node 10, rad
        230     2.01002389193E-001,   9.79568600655E-001,   6.58583594486E-003         F               0         Blade 1 Y orientation angle, node 10, rad
        231     2.15419873595E-001,  -5.07595129311E-002,   9.75201368332E-001         F               0         Blade 1 Z orientation angle, node 10, rad
        232     9.57829713821E-001,  -1.83473959565E-001,  -2.21132382751E-001         F               0         Blade 1 X orientation angle, node 11, rad
        233     1.90148621798E-001,   9.81713175774E-001,   9.09503549337E-003         F               0         Blade 1 Y orientation angle, node 11, rad
        234     2.15419873595E-001,  -5.07595129311E-002,   9.75201368332E-001         F               0         Blade 1 Z orientation angle, node 11, rad
        235     9.59673941135E-001,  -1.73698589206E-001,  -2.21030950546E-001         F               0         Blade 1 X orientation angle, node 12, rad
        236     1.80610522628E-001,   9.83489871025E-001,   1.12944571301E-002         F               0         Blade 1 Y orientation angle, node 12, rad
        237     2.15419873595E-001,  -5.07595129311E-002,   9.75201368332E-001         F               0         Blade 1 Z orientation angle, node 12, rad
        238     9.61213529110E-001,  -1.65109515190E-001,  -2.20923975110E-001         F               0         Blade 1 X orientation angle, node 13, rad
        239     1.72229021788E-001,   9.84968185425E-001,   1.32228620350E-002         F               0         Blade 1 Y orientation angle, node 13, rad
        240     2.15419873595E-001,  -5.07595129311E-002,   9.75201368332E-001         F               0         Blade 1 Z orientation angle, node 13, rad
        241     9.62536573410E-001,  -1.57368570566E-001,  -2.20813319087E-001         F               0         Blade 1 X orientation angle, node 14, rad
        242     1.64674431086E-001,   9.86234545708E-001,   1.49575686082E-002         F               0         Blade 1 Y orientation angle, node 14, rad
        243     2.15419873595E-001,  -5.07595129311E-002,   9.75201368332E-001         F               0         Blade 1 Z orientation angle, node 14, rad
        244     9.63662743568E-001,  -1.50479584932E-001,  -2.20703512430E-001         F               0         Blade 1 X orientation angle, node 15, rad
        245     1.57950699329E-001,   9.87309157848E-001,   1.64987593889E-002         F               0         Blade 1 Y orientation angle, node 15, rad
        246     2.15419858694E-001,  -5.07595129311E-002,   9.75201368332E-001         F               0         Blade 1 Z orientation angle, node 15, rad
        247     9.64636147022E-001,  -1.44273206592E-001,  -2.20595493913E-001         F               0         Blade 1 X orientation angle, node 16, rad
