
Linearized model: Predictions were generated on 13-Feb-2024 at 11:29:37 using OpenFAST, compiled as a 64-bit application using single precision at commit v3.5.1
 linked with  NWTC Subroutine Library; ElastoDyn; InflowWind; AeroDyn; ServoDyn; HydroDyn; MAP++ (<1.20.10>, <Oct-20-2023>)

Description from the FAST input file: CCT-9 Campign 4 model. Input files to be run with OpenFAST 3.5.0. GitHub branch from Lu Wang (https://github.com/luwang00/openfast/tree/dev) compiled on March 7, 2023.

Simulation information:
   Simulation time:                  1213.7000 s
   Rotor Speed:                         0.7917 rad/s
   Azimuth:                             2.2758 rad
   Wind Speed:                         16.0000 m/s
   Number of continuous states:         0
   Number of discrete states:           0
   Number of constraint states:         0
   Number of inputs:                 1746
   Number of outputs:                   4
   Jacobians included in this file?    No

Order of inputs:
     Column   Operating Point                                                   Rotating Frame? Derivative Order Description
   ---------- ---------------                                                   --------------- ---------------- -----------
          1     1.07028865814E+001                                                     F               0         Tower X translation displacement, node 1, m
          2    -1.55791223049E+000                                                     F               0         Tower Y translation displacement, node 1, m
          3    -2.70845800638E-001                                                     F               0         Tower Z translation displacement, node 1, m
          4     1.20889034271E+001                                                     F               0         Tower X translation displacement, node 2, m
          5    -2.19083666801E+000                                                     F               0         Tower Y translation displacement, node 2, m
          6    -3.65162491798E-001                                                     F               0         Tower Z translation displacement, node 2, m
          7     1.34749212265E+001                                                     F               0         Tower X translation displacement, node 3, m
          8    -2.82376146317E+000                                                     F               0         Tower Y translation displacement, node 3, m
          9    -4.59477096796E-001                                                     F               0         Tower Z translation displacement, node 3, m
         10     1.48609380722E+001                                                     F               0         Tower X translation displacement, node 4, m
         11    -3.45668601990E+000                                                     F               0         Tower Y translation displacement, node 4, m
         12    -5.53791880608E-001                                                     F               0         Tower Z translation displacement, node 4, m
         13     1.62469558716E+001                                                     F               0         Tower X translation displacement, node 5, m
         14    -4.08961105347E+000                                                     F               0         Tower Y translation displacement, node 5, m
         15    -6.48103892803E-001                                                     F               0         Tower Z translation displacement, node 5, m
         16     1.76329727173E+001                                                     F               0         Tower X translation displacement, node 6, m
         17    -4.72253513336E+000                                                     F               0         Tower Y translation displacement, node 6, m
         18    -7.42426455021E-001                                                     F               0         Tower Z translation displacement, node 6, m
         19     1.90189914703E+001                                                     F               0         Tower X translation displacement, node 7, m
         20    -5.35546016693E+000                                                     F               0         Tower Y translation displacement, node 7, m
         21    -8.36735010147E-001                                                     F               0         Tower Z translation displacement, node 7, m
         22     2.04050064087E+001                                                     F               0         Tower X translation displacement, node 8, m
         23    -5.98838424683E+000                                                     F               0         Tower Y translation displacement, node 8, m
         24    -9.31055665016E-001                                                     F               0         Tower Z translation displacement, node 8, m
         25     2.17910251617E+001                                                     F               0         Tower X translation displacement, node 9, m
         26    -6.62130928040E+000                                                     F               0         Tower Y translation displacement, node 9, m
         27    -1.02536725998E+000                                                     F               0         Tower Z translation displacement, node 9, m
         28     2.31770420074E+001                                                     F               0         Tower X translation displacement, node 10, m
         29    -7.25423383713E+000                                                     F               0         Tower Y translation displacement, node 10, m
         30    -1.11968493462E+000                                                     F               0         Tower Z translation displacement, node 10, m
         31     2.45630588531E+001                                                     F               0         Tower X translation displacement, node 11, m
         32    -7.88715839386E+000                                                     F               0         Tower Y translation displacement, node 11, m
         33    -1.21399950981E+000                                                     F               0         Tower Z translation displacement, node 11, m
         34     9.93684768677E-001,   3.40432510711E-003,  -1.12156018615E-001         F               0         Tower X orientation angle, node 1, rad
         35     2.36721569672E-003,   9.98681187630E-001,   5.12866042554E-002         F               0         Tower Y orientation angle, node 1, rad
         36     1.12182699144E-001,  -5.12282177806E-002,   9.92366194725E-001         F               0         Tower Z orientation angle, node 1, rad
         37     9.93684768677E-001,   3.40432510711E-003,  -1.12156018615E-001         F               0         Tower X orientation angle, node 2, rad
         38     2.36721569672E-003,   9.98681187630E-001,   5.12866042554E-002         F               0         Tower Y orientation angle, node 2, rad
         39     1.12182699144E-001,  -5.12282177806E-002,   9.92366194725E-001         F               0         Tower Z orientation angle, node 2, rad
         40     9.93684768677E-001,   3.40432510711E-003,  -1.12156018615E-001         F               0         Tower X orientation angle, node 3, rad
         41     2.36721569672E-003,   9.98681187630E-001,   5.12866042554E-002         F               0         Tower Y orientation angle, node 3, rad
         42     1.12182699144E-001,  -5.12282177806E-002,   9.92366194725E-001         F               0         Tower Z orientation angle, node 3, rad
         43     9.93684768677E-001,   3.40432510711E-003,  -1.12156018615E-001         F               0         Tower X orientation angle, node 4, rad
         44     2.36721569672E-003,   9.98681187630E-001,   5.12866042554E-002         F               0         Tower Y orientation angle, node 4, rad
         45     1.12182699144E-001,  -5.12282177806E-002,   9.92366194725E-001         F               0         Tower Z orientation angle, node 4, rad
         46     9.93684768677E-001,   3.40432510711E-003,  -1.12156018615E-001         F               0         Tower X orientation angle, node 5, rad
         47     2.36721569672E-003,   9.98681187630E-001,   5.12866042554E-002         F               0         Tower Y orientation angle, node 5, rad
         48     1.12182699144E-001,  -5.12282177806E-002,   9.92366194725E-001         F               0         Tower Z orientation angle, node 5, rad
         49     9.93684768677E-001,   3.40432510711E-003,  -1.12156018615E-001         F               0         Tower X orientation angle, node 6, rad
         50     2.36721569672E-003,   9.98681187630E-001,   5.12866042554E-002         F               0         Tower Y orientation angle, node 6, rad
         51     1.12182699144E-001,  -5.12282177806E-002,   9.92366194725E-001         F               0         Tower Z orientation angle, node 6, rad
         52     9.93684768677E-001,   3.40432510711E-003,  -1.12156018615E-001         F               0         Tower X orientation angle, node 7, rad
         53     2.36721569672E-003,   9.98681187630E-001,   5.12866042554E-002         F               0         Tower Y orientation angle, node 7, rad
         54     1.12182699144E-001,  -5.12282177806E-002,   9.92366194725E-001         F               0         Tower Z orientation angle, node 7, rad
         55     9.93684768677E-001,   3.40432487428E-003,  -1.12156018615E-001         F               0         Tower X orientation angle, node 8, rad
         56     2.36721546389E-003,   9.98681187630E-001,   5.12866042554E-002         F               0         Tower Y orientation angle, node 8, rad
         57     1.12182699144E-001,  -5.12282140553E-002,   9.92366194725E-001         F               0         Tower Z orientation angle, node 8, rad
         58     9.93684768677E-001,   3.40432533994E-003,  -1.12156018615E-001         F               0         Tower X orientation angle, node 9, rad
         59     2.36721569672E-003,   9.98681187630E-001,   5.12866079807E-002         F               0         Tower Y orientation angle, node 9, rad
         60     1.12182706594E-001,  -5.12282177806E-002,   9.92366194725E-001         F               0         Tower Z orientation angle, node 9, rad
         61     9.93684768677E-001,   3.40432510711E-003,  -1.12156018615E-001         F               0         Tower X orientation angle, node 10, rad
         62     2.36721569672E-003,   9.98681187630E-001,   5.12866042554E-002         F               0         Tower Y orientation angle, node 10, rad
         63     1.12182699144E-001,  -5.12282177806E-002,   9.92366194725E-001         F               0         Tower Z orientation angle, node 10, rad
         64     9.93684768677E-001,   3.40432510711E-003,  -1.12156018615E-001         F               0         Tower X orientation angle, node 11, rad
         65     2.36721569672E-003,   9.98681187630E-001,   5.12866042554E-002         F               0         Tower Y orientation angle, node 11, rad
         66     1.12182699144E-001,  -5.12282177806E-002,   9.92366194725E-001         F               0         Tower Z orientation angle, node 11, rad
         67     4.33889304986E-004                                                     F               0         Tower X translation velocity, node 1, m/s
         68     1.44396442920E-004                                                     F               0         Tower Y translation velocity, node 1, m/s
         69    -2.55650677718E-003                                                     F               0         Tower Z translation velocity, node 1, m/s
         70     6.01303298026E-004                                                     F               0         Tower X translation velocity, node 2, m/s
         71     1.38566916576E-004                                                     F               0         Tower Y translation velocity, node 2, m/s
         72    -2.57573300041E-003                                                     F               0         Tower Z translation velocity, node 2, m/s
         73     7.68717320170E-004                                                     F               0         Tower X translation velocity, node 3, m/s
         74     1.32737390231E-004                                                     F               0         Tower Y translation velocity, node 3, m/s
         75    -2.59495922364E-003                                                     F               0         Tower Z translation velocity, node 3, m/s
         76     9.36131342314E-004                                                     F               0         Tower X translation velocity, node 4, m/s
         77     1.26907849335E-004                                                     F               0         Tower Y translation velocity, node 4, m/s
         78    -2.61418567970E-003                                                     F               0         Tower Z translation velocity, node 4, m/s
         79     1.10354553908E-003                                                     F               0         Tower X translation velocity, node 5, m/s
         80     1.21078315715E-004                                                     F               0         Tower Y translation velocity, node 5, m/s
         81    -2.63341213576E-003                                                     F               0         Tower Z translation velocity, node 5, m/s
         82     1.27095927019E-003                                                     F               0         Tower X translation velocity, node 6, m/s
         83     1.15248796646E-004                                                     F               0         Tower Y translation velocity, node 6, m/s
         84    -2.65263835900E-003                                                     F               0         Tower Z translation velocity, node 6, m/s
         85     1.43837346695E-003                                                     F               0         Tower X translation velocity, node 7, m/s
         86     1.09419263026E-004                                                     F               0         Tower Y translation velocity, node 7, m/s
         87    -2.67186481506E-003                                                     F               0         Tower Z translation velocity, node 7, m/s
         88     1.60578743089E-003                                                     F               0         Tower X translation velocity, node 8, m/s
         89     1.03589729406E-004                                                     F               0         Tower Y translation velocity, node 8, m/s
         90    -2.69109127112E-003                                                     F               0         Tower Z translation velocity, node 8, m/s
         91     1.77320162766E-003                                                     F               0         Tower X translation velocity, node 9, m/s
         92     9.77601957857E-005                                                     F               0         Tower Y translation velocity, node 9, m/s
         93    -2.71031749435E-003                                                     F               0         Tower Z translation velocity, node 9, m/s
         94     1.94061547518E-003                                                     F               0         Tower X translation velocity, node 10, m/s
         95     9.19306621654E-005                                                     F               0         Tower Y translation velocity, node 10, m/s
         96    -2.72954395041E-003                                                     F               0         Tower Z translation velocity, node 10, m/s
         97     2.10802955553E-003                                                     F               0         Tower X translation velocity, node 11, m/s
         98     8.61011430970E-005                                                     F               0         Tower Y translation velocity, node 11, m/s
         99    -2.74877040647E-003                                                     F               0         Tower Z translation velocity, node 11, m/s
        100     2.55119209290E+001                                                     F               0         Hub X translation displacement, node 1, m
        101    -8.32607746124E+000                                                     F               0         Hub Y translation displacement, node 1, m
        102    -6.25788345933E-002                                                     F               0         Hub Z translation displacement, node 1, m
        103     9.76514995098E-001,   8.74048285186E-003,  -2.15272128582E-001         F               0         Hub X orientation angle, node 1, rad
        104     1.62546634674E-001,  -6.85701429844E-001,   7.09501326084E-001         F               0         Hub Y orientation angle, node 1, rad
        105    -1.41411021352E-001,  -7.27830469608E-001,  -6.71018481255E-001         F               0         Hub Z orientation angle, node 1, rad
        106     7.73106813431E-001                                                     F               0         Hub X rotation velocity, node 1, rad/s
        107     6.93375524133E-003                                                     F               0         Hub Y rotation velocity, node 1, rad/s
        108    -1.70435994864E-001                                                     F               0         Hub Z rotation velocity, node 1, rad/s
        109     9.43933248520E-001,   1.05125598609E-001,  -3.12951415777E-001         F               0         Blade root 1 X orientation angle, node 1, rad
        110     2.98316806555E-001,  -6.77651405334E-001,   6.72157466412E-001         F               0         Blade root 1 Y orientation angle, node 1, rad
        111    -1.41411021352E-001,  -7.27830469608E-001,  -6.71018481255E-001         F               0         Blade root 1 Z orientation angle, node 1, rad
        112     9.95466351509E-001,   4.90978509188E-002,  -8.14624503255E-002         F               0         Blade root 2 X orientation angle, node 1, rad
        113    -6.43254667521E-002,  -2.83379942179E-001,  -9.56847965717E-001         F               0         Blade root 2 Y orientation angle, node 1, rad
        114    -7.00640082359E-002,   9.57750082016E-001,  -2.78936952353E-001         F               0         Blade root 2 Z orientation angle, node 1, rad
        115     9.61006760597E-001,  -1.28262817860E-001,  -2.44978949428E-001         F               0         Blade root 3 X orientation angle, node 1, rad
        116     1.78169414401E-001,   9.64720487595E-001,   1.93829938769E-001         F               0         Blade root 3 Y orientation angle, node 1, rad
        117     2.11475029588E-001,  -2.29919627309E-001,   9.49955403805E-001         F               0         Blade root 3 Z orientation angle, node 1, rad
        118     2.41494159698E+001                                                     F               0         Blade 1 X translation displacement, node 1, m
        119    -1.23582582474E+001                                                     F               0         Blade 1 Y translation displacement, node 1, m
        120    -9.28967952728E+000                                                     F               0         Blade 1 Z translation displacement, node 1, m
        121     2.38211097717E+001                                                     F               0         Blade 1 X translation displacement, node 2, m
        122    -1.33298435211E+001                                                     F               0         Blade 1 Y translation displacement, node 2, m
        123    -1.15130176544E+001                                                     F               0         Blade 1 Z translation displacement, node 2, m
        124     1.93567161560E+001                                                     F               0         Blade 1 X translation displacement, node 3, m
        125    -2.65417175293E+001                                                     F               0         Blade 1 Y translation displacement, node 3, m
        126    -4.17465820312E+001                                                     F               0         Blade 1 Z translation displacement, node 3, m
        127     1.84055500031E+001                                                     F               0         Blade 1 X translation displacement, node 4, m
        128    -2.93565845490E+001                                                     F               0         Blade 1 Y translation displacement, node 4, m
        129    -4.81880264282E+001                                                     F               0         Blade 1 Z translation displacement, node 4, m
        130     1.74542045593E+001                                                     F               0         Blade 1 X translation displacement, node 5, m
        131    -3.21719894409E+001                                                     F               0         Blade 1 Y translation displacement, node 5, m
        132    -5.46306838989E+001                                                     F               0         Blade 1 Z translation displacement, node 5, m
        133     1.65030345917E+001                                                     F               0         Blade 1 X translation displacement, node 6, m
        134    -3.49868659973E+001                                                     F               0         Blade 1 Y translation displacement, node 6, m
        135    -6.10721588135E+001                                                     F               0         Blade 1 Z translation displacement, node 6, m
        136     1.55518627167E+001                                                     F               0         Blade 1 X translation displacement, node 7, m
        137    -3.78017578125E+001                                                     F               0         Blade 1 Y translation displacement, node 7, m
        138    -6.75136413574E+001                                                     F               0         Blade 1 Z translation displacement, node 7, m
        139     1.46005201340E+001                                                     F               0         Blade 1 X translation displacement, node 8, m
        140    -4.06171493530E+001                                                     F               0         Blade 1 Y translation displacement, node 8, m
        141    -7.39562835693E+001                                                     F               0         Blade 1 Z translation displacement, node 8, m
        142     1.36493473053E+001                                                     F               0         Blade 1 X translation displacement, node 9, m
        143    -4.34320373535E+001                                                     F               0         Blade 1 Y translation displacement, node 9, m
        144    -8.03977661133E+001                                                     F               0         Blade 1 Z translation displacement, node 9, m
        145     1.26981782913E+001                                                     F               0         Blade 1 X translation displacement, node 10, m
        146    -4.62469177246E+001                                                     F               0         Blade 1 Y translation displacement, node 10, m
        147    -8.68392410278E+001                                                     F               0         Blade 1 Z translation displacement, node 10, m
        148     1.17470054626E+001                                                     F               0         Blade 1 X translation displacement, node 11, m
        149    -4.90618057251E+001                                                     F               0         Blade 1 Y translation displacement, node 11, m
        150    -9.32807235718E+001                                                     F               0         Blade 1 Z translation displacement, node 11, m
        151     1.07956666946E+001                                                     F               0         Blade 1 X translation displacement, node 12, m
        152    -5.18771896362E+001                                                     F               0         Blade 1 Y translation displacement, node 12, m
        153    -9.97233505249E+001                                                     F               0         Blade 1 Z translation displacement, node 12, m
        154     9.84449291229E+000                                                     F               0         Blade 1 X translation displacement, node 13, m
        155    -5.46920776367E+001                                                     F               0         Blade 1 Y translation displacement, node 13, m
        156    -1.06164833069E+002                                                     F               0         Blade 1 Z translation displacement, node 13, m
        157     8.89332389832E+000                                                     F               0         Blade 1 X translation displacement, node 14, m
        158    -5.75069580078E+001                                                     F               0         Blade 1 Y translation displacement, node 14, m
        159    -1.12606300354E+002                                                     F               0         Blade 1 Z translation displacement, node 14, m
        160     7.94197845459E+000                                                     F               0         Blade 1 X translation displacement, node 15, m
        161    -6.03223571777E+001                                                     F               0         Blade 1 Y translation displacement, node 15, m
        162    -1.19048950195E+002                                                     F               0         Blade 1 Z translation displacement, node 15, m
        163     6.99080896378E+000                                                     F               0         Blade 1 X translation displacement, node 16, m
        164    -6.31372375488E+001                                                     F               0         Blade 1 Y translation displacement, node 16, m
        165    -1.25490432739E+002                                                     F               0         Blade 1 Z translation displacement, node 16, m
        166     6.03963565826E+000                                                     F               0         Blade 1 X translation displacement, node 17, m
        167    -6.59521331787E+001                                                     F               0         Blade 1 Y translation displacement, node 17, m
        168    -1.31931915283E+002                                                     F               0         Blade 1 Z translation displacement, node 17, m
        169     5.08846569061E+000                                                     F               0         Blade 1 X translation displacement, node 18, m
        170    -6.87670135498E+001                                                     F               0         Blade 1 Y translation displacement, node 18, m
        171    -1.38373397827E+002                                                     F               0         Blade 1 Z translation displacement, node 18, m
        172     4.13712596893E+000                                                     F               0         Blade 1 X translation displacement, node 19, m
        173    -7.15823974609E+001                                                     F               0         Blade 1 Y translation displacement, node 19, m
        174    -1.44816009521E+002                                                     F               0         Blade 1 Z translation displacement, node 19, m
        175     3.18595242500E+000                                                     F               0         Blade 1 X translation displacement, node 20, m
        176    -7.43972854614E+001                                                     F               0         Blade 1 Y translation displacement, node 20, m
        177    -1.51257492065E+002                                                     F               0         Blade 1 Z translation displacement, node 20, m
        178     2.23478293419E+000                                                     F               0         Blade 1 X translation displacement, node 21, m
        179    -7.72121734619E+001                                                     F               0         Blade 1 Y translation displacement, node 21, m
        180    -1.57698974609E+002                                                     F               0         Blade 1 Z translation displacement, node 21, m
        181     1.28343939781E+000                                                     F               0         Blade 1 X translation displacement, node 22, m
        182    -8.00275650024E+001                                                     F               0         Blade 1 Y translation displacement, node 22, m
        183    -1.64141616821E+002                                                     F               0         Blade 1 Z translation displacement, node 22, m
        184     3.32265853882E-001                                                     F               0         Blade 1 X translation displacement, node 23, m
        185    -8.28424530029E+001                                                     F               0         Blade 1 Y translation displacement, node 23, m
        186    -1.70583099365E+002                                                     F               0         Blade 1 Z translation displacement, node 23, m
        187    -6.18903994560E-001                                                     F               0         Blade 1 X translation displacement, node 24, m
        188    -8.56573333740E+001                                                     F               0         Blade 1 Y translation displacement, node 24, m
        189    -1.77024581909E+002                                                     F               0         Blade 1 Z translation displacement, node 24, m
        190    -1.57007384300E+000                                                     F               0         Blade 1 X translation displacement, node 25, m
        191    -8.84722137451E+001                                                     F               0         Blade 1 Y translation displacement, node 25, m
        192    -1.83466049194E+002                                                     F               0         Blade 1 Z translation displacement, node 25, m
        193    -2.52141714096E+000                                                     F               0         Blade 1 X translation displacement, node 26, m
        194    -9.12876129150E+001                                                     F               0         Blade 1 Y translation displacement, node 26, m
        195    -1.89908706665E+002                                                     F               0         Blade 1 Z translation displacement, node 26, m
        196    -3.47258687019E+000                                                     F               0         Blade 1 X translation displacement, node 27, m
        197    -9.41024856567E+001                                                     F               0         Blade 1 Y translation displacement, node 27, m
        198    -1.96350173950E+002                                                     F               0         Blade 1 Z translation displacement, node 27, m
        199    -4.27897691727E+000                                                     F               0         Blade 1 X translation displacement, node 28, m
        200    -9.64889144897E+001                                                     F               0         Blade 1 Y translation displacement, node 28, m
        201    -2.01811157227E+002                                                     F               0         Blade 1 Z translation displacement, node 28, m
        202     7.04040467739E-001,   4.02575552464E-001,  -5.85029840469E-001         F               0         Blade 1 X orientation angle, node 1, rad
        203     6.95938169956E-001,  -5.55153846741E-001,   4.55493479967E-001         F               0         Blade 1 Y orientation angle, node 1, rad
        204    -1.41411021352E-001,  -7.27830469608E-001,  -6.71018481255E-001         F               0         Blade 1 Z orientation angle, node 1, rad
        205     7.04040467739E-001,   4.02575552464E-001,  -5.85029840469E-001         F               0         Blade 1 X orientation angle, node 2, rad
        206     6.95938169956E-001,  -5.55153846741E-001,   4.55493479967E-001         F               0         Blade 1 Y orientation angle, node 2, rad
        207    -1.41411021352E-001,  -7.27830469608E-001,  -6.71018481255E-001         F               0         Blade 1 Z orientation angle, node 2, rad
        208     8.48923504353E-001,   2.59529531002E-001,  -4.60405588150E-001         F               0         Blade 1 X orientation angle, node 3, rad
        209     5.09246289730E-001,  -6.34749770164E-001,   5.81172049046E-001         F               0         Blade 1 Y orientation angle, node 3, rad
        210    -1.41411021352E-001,  -7.27830469608E-001,  -6.71018481255E-001         F               0         Blade 1 Z orientation angle, node 3, rad
        211     8.69669020176E-001,   2.32496127486E-001,  -4.35455322266E-001         F               0         Blade 1 X orientation angle, node 4, rad
        212     4.72946822643E-001,  -6.45142138004E-001,   6.00094079971E-001         F               0         Blade 1 Y orientation angle, node 4, rad
        213    -1.41411021352E-001,  -7.27830469608E-001,  -6.71018481255E-001         F               0         Blade 1 Z orientation angle, node 4, rad
        214     8.84871542454E-001,   2.10978507996E-001,  -4.15319681168E-001         F               0         Blade 1 X orientation angle, node 5, rad
        215     4.43852782249E-001,  -6.52495920658E-001,   6.14201724529E-001         F               0         Blade 1 Y orientation angle, node 5, rad
        216    -1.41411021352E-001,  -7.27830469608E-001,  -6.71018481255E-001         F               0         Blade 1 Z orientation angle, node 5, rad
        217     8.96333754063E-001,   1.93596228957E-001,  -3.98881286383E-001         F               0         Blade 1 X orientation angle, node 6, rad
        218     4.20224577188E-001,  -6.57862722874E-001,   6.25002384186E-001         F               0         Blade 1 Y orientation angle, node 6, rad
        219    -1.41411021352E-001,  -7.27830469608E-001,  -6.71018481255E-001         F               0         Blade 1 Z orientation angle, node 6, rad
        220     9.05287623405E-001,   1.79198965430E-001,  -3.85152012110E-001         F               0         Blade 1 X orientation angle, node 7, rad
        221     4.00571167469E-001,  -6.61929428577E-001,   6.33555173874E-001         F               0         Blade 1 Y orientation angle, node 7, rad
        222    -1.41411021352E-001,  -7.27830469608E-001,  -6.71018481255E-001         F               0         Blade 1 Z orientation angle, node 7, rad
        223     9.12409007549E-001,   1.67155131698E-001,  -3.73589277267E-001         F               0         Blade 1 X orientation angle, node 8, rad
        224     3.84073823690E-001,  -6.65072917938E-001,   6.40441477299E-001         F               0         Blade 1 Y orientation angle, node 8, rad
        225    -1.41411021352E-001,  -7.27830469608E-001,  -6.71018481255E-001         F               0         Blade 1 Z orientation angle, node 8, rad
        226     9.18200135231E-001,   1.56921029091E-001,  -3.63709121943E-001         F               0         Blade 1 X orientation angle, node 9, rad
        227     3.70015472174E-001,  -6.67561650276E-001,   6.46103680134E-001         F               0         Blade 1 Y orientation angle, node 9, rad
        228    -1.41411006451E-001,  -7.27830469608E-001,  -6.71018421650E-001         F               0         Blade 1 Z orientation angle, node 9, rad
        229     9.23027276993E-001,   1.48052617908E-001,  -3.55107128620E-001         F               0         Blade 1 X orientation angle, node 10, rad
        230     3.57803821564E-001,  -6.69584393501E-001,   6.50871098042E-001         F               0         Blade 1 Y orientation angle, node 10, rad
        231    -1.41411021352E-001,  -7.27830469608E-001,  -6.71018481255E-001         F               0         Blade 1 Z orientation angle, node 10, rad
        232     9.27026927471E-001,   1.40447065234E-001,  -3.47700536251E-001         F               0         Blade 1 X orientation angle, node 11, rad
        233     3.47309619188E-001,  -6.71220839024E-001,   6.54857695103E-001         F               0         Blade 1 Y orientation angle, node 11, rad
        234    -1.41411021352E-001,  -7.27830469608E-001,  -6.71018421650E-001         F               0         Blade 1 Z orientation angle, node 11, rad
        235     9.30436193943E-001,   1.33762672544E-001,  -3.41168671846E-001         F               0         Blade 1 X orientation angle, node 12, rad
        236     3.38070154190E-001,  -6.72584831715E-001,   6.58284246922E-001         F               0         Blade 1 Y orientation angle, node 12, rad
        237    -1.41411021352E-001,  -7.27830469608E-001,  -6.71018481255E-001         F               0         Blade 1 Z orientation angle, node 12, rad
        238     9.33350920677E-001,   1.27888232470E-001,  -3.35411131382E-001         F               0         Blade 1 X orientation angle, node 13, rad
        239     3.29937815666E-001,  -6.73726558685E-001,   6.61236405373E-001         F               0         Blade 1 Y orientation angle, node 13, rad
        240    -1.41411021352E-001,  -7.27830469608E-001,  -6.71018481255E-001         F               0         Blade 1 Z orientation angle, node 13, rad
        241     9.35913443565E-001,   1.22592911124E-001,  -3.30207496881E-001         F               0         Blade 1 X orientation angle, node 14, rad
        242     3.22597175837E-001,  -6.74710154533E-001,   6.63850307465E-001         F               0         Blade 1 Y orientation angle, node 14, rad
        243    -1.41411021352E-001,  -7.27830410004E-001,  -6.71018481255E-001         F               0         Blade 1 Z orientation angle, node 14, rad
        244     9.38142776489E-001,   1.17879584432E-001,  -3.25564950705E-001         F               0         Blade 1 X orientation angle, node 15, rad
        245     3.16055476665E-001,  -6.75549507141E-001,   6.66139423847E-001         F               0         Blade 1 Y orientation angle, node 15, rad
        246    -1.41411006451E-001,  -7.27830469608E-001,  -6.71018421650E-001         F               0         Blade 1 Z orientation angle, node 15, rad
        247     9.40110087395E-001,   1.13632693887E-001,  -3.21373075247E-001         F               0         Blade 1 X orientation angle, node 16, rad
