
Linearized model: Predictions were generated on 31-Jan-2024 at 12:35:17 using OpenFAST, compiled as a 64-bit application using single precision at commit v3.5.1
 linked with  NWTC Subroutine Library; ElastoDyn; InflowWind; AeroDyn; ServoDyn; HydroDyn; MAP++ (<1.20.10>, <Oct-20-2023>)

Description from the FAST input file: CCT-9 Campign 4 model. Input files to be run with OpenFAST 3.5.0. GitHub branch from Lu Wang (https://github.com/luwang00/openfast/tree/dev) compiled on March 7, 2023.

Simulation information:
   Simulation time:                   508.6500 s
   Rotor Speed:                         0.8937 rad/s
   Azimuth:                             2.1937 rad
   Wind Speed:                         10.0000 m/s
   Number of continuous states:         0
   Number of discrete states:           0
   Number of constraint states:         0
   Number of inputs:                 1746
   Number of outputs:                   4
   Jacobians included in this file?    No

Order of inputs:
     Column   Operating Point                     Rotating Frame? Derivative Order Description
   ---------- ---------------                     --------------- ---------------- -----------
          1    8.503E+00                                 F               0         Tower X translation displacement, node 1, m
          2   -1.355E+00                                 F               0         Tower Y translation displacement, node 1, m
          3   -1.177E-01                                 F               0         Tower Z translation displacement, node 1, m
          4    8.740E+00                                 F               0         Tower X translation displacement, node 2, m
          5   -1.887E+00                                 F               0         Tower Y translation displacement, node 2, m
          6   -1.315E-01                                 F               0         Tower Z translation displacement, node 2, m
          7    8.989E+00                                 F               0         Tower X translation displacement, node 3, m
          8   -2.420E+00                                 F               0         Tower Y translation displacement, node 3, m
          9   -1.455E-01                                 F               0         Tower Z translation displacement, node 3, m
         10    9.249E+00                                 F               0         Tower X translation displacement, node 4, m
         11   -2.952E+00                                 F               0         Tower Y translation displacement, node 4, m
         12   -1.597E-01                                 F               0         Tower Z translation displacement, node 4, m
         13    9.517E+00                                 F               0         Tower X translation displacement, node 5, m
         14   -3.485E+00                                 F               0         Tower Y translation displacement, node 5, m
         15   -1.741E-01                                 F               0         Tower Z translation displacement, node 5, m
         16    9.791E+00                                 F               0         Tower X translation displacement, node 6, m
         17   -4.017E+00                                 F               0         Tower Y translation displacement, node 6, m
         18   -1.886E-01                                 F               0         Tower Z translation displacement, node 6, m
         19    1.007E+01                                 F               0         Tower X translation displacement, node 7, m
         20   -4.549E+00                                 F               0         Tower Y translation displacement, node 7, m
         21   -2.032E-01                                 F               0         Tower Z translation displacement, node 7, m
         22    1.035E+01                                 F               0         Tower X translation displacement, node 8, m
         23   -5.082E+00                                 F               0         Tower Y translation displacement, node 8, m
         24   -2.178E-01                                 F               0         Tower Z translation displacement, node 8, m
         25    1.063E+01                                 F               0         Tower X translation displacement, node 9, m
         26   -5.614E+00                                 F               0         Tower Y translation displacement, node 9, m
         27   -2.326E-01                                 F               0         Tower Z translation displacement, node 9, m
         28    1.092E+01                                 F               0         Tower X translation displacement, node 10, m
         29   -6.146E+00                                 F               0         Tower Y translation displacement, node 10, m
         30   -2.473E-01                                 F               0         Tower Z translation displacement, node 10, m
         31    1.120E+01                                 F               0         Tower X translation displacement, node 11, m
         32   -6.679E+00                                 F               0         Tower Y translation displacement, node 11, m
         33   -2.621E-01                                 F               0         Tower Z translation displacement, node 11, m
         34    9.998E-01,  7.491E-03, -1.841E-02         F               0         Tower X orientation angle, node 1, rad
         35   -6.689E-03,  9.990E-01,  4.325E-02         F               0         Tower Y orientation angle, node 1, rad
         36    1.872E-02, -4.312E-02,  9.989E-01         F               0         Tower Z orientation angle, node 1, rad
         37    9.998E-01,  7.535E-03, -1.943E-02         F               0         Tower X orientation angle, node 2, rad
         38   -6.689E-03,  9.990E-01,  4.325E-02         F               0         Tower Y orientation angle, node 2, rad
         39    1.974E-02, -4.311E-02,  9.989E-01         F               0         Tower Z orientation angle, node 2, rad
         40    9.998E-01,  7.573E-03, -2.031E-02         F               0         Tower X orientation angle, node 3, rad
         41   -6.689E-03,  9.990E-01,  4.325E-02         F               0         Tower Y orientation angle, node 3, rad
         42    2.061E-02, -4.310E-02,  9.989E-01         F               0         Tower Z orientation angle, node 3, rad
         43    9.998E-01,  7.604E-03, -2.102E-02         F               0         Tower X orientation angle, node 4, rad
         44   -6.689E-03,  9.990E-01,  4.325E-02         F               0         Tower Y orientation angle, node 4, rad
         45    2.133E-02, -4.310E-02,  9.988E-01         F               0         Tower Z orientation angle, node 4, rad
         46    9.997E-01,  7.629E-03, -2.159E-02         F               0         Tower X orientation angle, node 5, rad
         47   -6.689E-03,  9.990E-01,  4.325E-02         F               0         Tower Y orientation angle, node 5, rad
         48    2.190E-02, -4.309E-02,  9.988E-01         F               0         Tower Z orientation angle, node 5, rad
         49    9.997E-01,  7.647E-03, -2.203E-02         F               0         Tower X orientation angle, node 6, rad
         50   -6.689E-03,  9.990E-01,  4.325E-02         F               0         Tower Y orientation angle, node 6, rad
         51    2.234E-02, -4.309E-02,  9.988E-01         F               0         Tower Z orientation angle, node 6, rad
         52    9.997E-01,  7.660E-03, -2.233E-02         F               0         Tower X orientation angle, node 7, rad
         53   -6.689E-03,  9.990E-01,  4.325E-02         F               0         Tower Y orientation angle, node 7, rad
         54    2.264E-02, -4.309E-02,  9.988E-01         F               0         Tower Z orientation angle, node 7, rad
         55    9.997E-01,  7.669E-03, -2.254E-02         F               0         Tower X orientation angle, node 8, rad
         56   -6.689E-03,  9.990E-01,  4.325E-02         F               0         Tower Y orientation angle, node 8, rad
         57    2.285E-02, -4.308E-02,  9.988E-01         F               0         Tower Z orientation angle, node 8, rad
         58    9.997E-01,  7.675E-03, -2.267E-02         F               0         Tower X orientation angle, node 9, rad
         59   -6.689E-03,  9.990E-01,  4.325E-02         F               0         Tower Y orientation angle, node 9, rad
         60    2.298E-02, -4.308E-02,  9.988E-01         F               0         Tower Z orientation angle, node 9, rad
         61    9.997E-01,  7.678E-03, -2.274E-02         F               0         Tower X orientation angle, node 10, rad
         62   -6.689E-03,  9.990E-01,  4.325E-02         F               0         Tower Y orientation angle, node 10, rad
         63    2.305E-02, -4.308E-02,  9.988E-01         F               0         Tower Z orientation angle, node 10, rad
         64    9.997E-01,  7.679E-03, -2.277E-02         F               0         Tower X orientation angle, node 11, rad
         65   -6.689E-03,  9.990E-01,  4.325E-02         F               0         Tower Y orientation angle, node 11, rad
         66    2.308E-02, -4.308E-02,  9.988E-01         F               0         Tower Z orientation angle, node 11, rad
         67   -2.960E-03                                 F               0         Tower X translation velocity, node 1, m/s
         68   -5.318E-08                                 F               0         Tower Y translation velocity, node 1, m/s
         69   -4.042E-03                                 F               0         Tower Z translation velocity, node 1, m/s
         70   -2.964E-03                                 F               0         Tower X translation velocity, node 2, m/s
         71   -1.141E-07                                 F               0         Tower Y translation velocity, node 2, m/s
         72   -4.042E-03                                 F               0         Tower Z translation velocity, node 2, m/s
         73   -2.977E-03                                 F               0         Tower X translation velocity, node 3, m/s
         74   -2.522E-07                                 F               0         Tower Y translation velocity, node 3, m/s
         75   -4.042E-03                                 F               0         Tower Z translation velocity, node 3, m/s
         76   -3.001E-03                                 F               0         Tower X translation velocity, node 4, m/s
         77   -4.712E-07                                 F               0         Tower Y translation velocity, node 4, m/s
         78   -4.041E-03                                 F               0         Tower Z translation velocity, node 4, m/s
         79   -3.036E-03                                 F               0         Tower X translation velocity, node 5, m/s
         80   -7.792E-07                                 F               0         Tower Y translation velocity, node 5, m/s
         81   -4.040E-03                                 F               0         Tower Z translation velocity, node 5, m/s
         82   -3.083E-03                                 F               0         Tower X translation velocity, node 6, m/s
         83   -1.181E-06                                 F               0         Tower Y translation velocity, node 6, m/s
         84   -4.039E-03                                 F               0         Tower Z translation velocity, node 6, m/s
         85   -3.141E-03                                 F               0         Tower X translation velocity, node 7, m/s
         86   -1.669E-06                                 F               0         Tower Y translation velocity, node 7, m/s
         87   -4.038E-03                                 F               0         Tower Z translation velocity, node 7, m/s
         88   -3.211E-03                                 F               0         Tower X translation velocity, node 8, m/s
         89   -2.245E-06                                 F               0         Tower Y translation velocity, node 8, m/s
         90   -4.037E-03                                 F               0         Tower Z translation velocity, node 8, m/s
         91   -3.290E-03                                 F               0         Tower X translation velocity, node 9, m/s
         92   -2.900E-06                                 F               0         Tower Y translation velocity, node 9, m/s
         93   -4.035E-03                                 F               0         Tower Z translation velocity, node 9, m/s
         94   -3.378E-03                                 F               0         Tower X translation velocity, node 10, m/s
         95   -3.618E-06                                 F               0         Tower Y translation velocity, node 10, m/s
         96   -4.033E-03                                 F               0         Tower Z translation velocity, node 10, m/s
         97   -3.471E-03                                 F               0         Tower X translation velocity, node 11, m/s
         98   -4.378E-06                                 F               0         Tower Y translation velocity, node 11, m/s
         99   -4.031E-03                                 F               0         Tower Z translation velocity, node 11, m/s
        100    1.139E+01                                 F               0         Hub X translation displacement, node 1, m
        101   -7.100E+00                                 F               0         Hub Y translation displacement, node 1, m
        102   -2.556E-02                                 F               0         Hub Z translation displacement, node 1, m
        103    9.918E-01,  1.214E-02, -1.270E-01         F               0         Hub X orientation angle, node 1, rad
        104    1.074E-01, -6.170E-01,  7.796E-01         F               0         Hub Y orientation angle, node 1, rad
        105   -6.892E-02, -7.869E-01, -6.133E-01         F               0         Hub Z orientation angle, node 1, rad
        106    8.864E-01                                 F               0         Hub X rotation velocity, node 1, rad/s
        107    1.084E-02                                 F               0         Hub Y rotation velocity, node 1, rad/s
        108   -1.135E-01                                 F               0         Hub Z rotation velocity, node 1, rad/s
        109    9.882E-01,  3.044E-02, -1.501E-01         F               0         Blade root 1 X orientation angle, node 1, rad
        110    1.368E-01, -6.164E-01,  7.755E-01         F               0         Blade root 1 Y orientation angle, node 1, rad
        111   -6.892E-02, -7.869E-01, -6.133E-01         F               0         Blade root 1 Z orientation angle, node 1, rad
        112    9.948E-01,  2.320E-02, -9.967E-02         F               0         Blade root 2 X orientation angle, node 1, rad
        113   -8.392E-02, -3.724E-01, -9.243E-01         F               0         Blade root 2 Y orientation angle, node 1, rad
        114   -5.856E-02,  9.278E-01, -3.685E-01         F               0         Blade root 2 Z orientation angle, node 1, rad
        115    9.912E-01, -1.723E-02, -1.312E-01         F               0         Blade root 3 X orientation angle, node 1, rad
        116    3.540E-02,  9.899E-01,  1.375E-01         F               0         Blade root 3 Y orientation angle, node 1, rad
        117    1.275E-01, -1.409E-01,  9.818E-01         F               0         Blade root 3 Z orientation angle, node 1, rad
        118    1.043E+01                                 F               0         Blade 1 X translation displacement, node 1, m
        119   -1.146E+01                                 F               0         Blade 1 Y translation displacement, node 1, m
        120   -8.933E+00                                 F               0         Blade 1 Z translation displacement, node 1, m
        121    1.019E+01                                 F               0         Blade 1 X translation displacement, node 2, m
        122   -1.251E+01                                 F               0         Blade 1 Y translation displacement, node 2, m
        123   -1.108E+01                                 F               0         Blade 1 Z translation displacement, node 2, m
        124    7.046E+00                                 F               0         Blade 1 X translation displacement, node 3, m
        125   -2.679E+01                                 F               0         Blade 1 Y translation displacement, node 3, m
        126   -4.026E+01                                 F               0         Blade 1 Z translation displacement, node 3, m
        127    6.375E+00                                 F               0         Blade 1 X translation displacement, node 4, m
        128   -2.984E+01                                 F               0         Blade 1 Y translation displacement, node 4, m
        129   -4.648E+01                                 F               0         Blade 1 Z translation displacement, node 4, m
        130    5.704E+00                                 F               0         Blade 1 X translation displacement, node 5, m
        131   -3.288E+01                                 F               0         Blade 1 Y translation displacement, node 5, m
        132   -5.270E+01                                 F               0         Blade 1 Z translation displacement, node 5, m
        133    5.033E+00                                 F               0         Blade 1 X translation displacement, node 6, m
        134   -3.592E+01                                 F               0         Blade 1 Y translation displacement, node 6, m
        135   -5.892E+01                                 F               0         Blade 1 Z translation displacement, node 6, m
        136    4.362E+00                                 F               0         Blade 1 X translation displacement, node 7, m
        137   -3.897E+01                                 F               0         Blade 1 Y translation displacement, node 7, m
        138   -6.514E+01                                 F               0         Blade 1 Z translation displacement, node 7, m
        139    3.691E+00                                 F               0         Blade 1 X translation displacement, node 8, m
        140   -4.201E+01                                 F               0         Blade 1 Y translation displacement, node 8, m
        141   -7.136E+01                                 F               0         Blade 1 Z translation displacement, node 8, m
        142    3.020E+00                                 F               0         Blade 1 X translation displacement, node 9, m
        143   -4.505E+01                                 F               0         Blade 1 Y translation displacement, node 9, m
        144   -7.758E+01                                 F               0         Blade 1 Z translation displacement, node 9, m
        145    2.350E+00                                 F               0         Blade 1 X translation displacement, node 10, m
        146   -4.810E+01                                 F               0         Blade 1 Y translation displacement, node 10, m
        147   -8.379E+01                                 F               0         Blade 1 Z translation displacement, node 10, m
        148    1.679E+00                                 F               0         Blade 1 X translation displacement, node 11, m
        149   -5.114E+01                                 F               0         Blade 1 Y translation displacement, node 11, m
        150   -9.001E+01                                 F               0         Blade 1 Z translation displacement, node 11, m
        151    1.008E+00                                 F               0         Blade 1 X translation displacement, node 12, m
        152   -5.418E+01                                 F               0         Blade 1 Y translation displacement, node 12, m
        153   -9.623E+01                                 F               0         Blade 1 Z translation displacement, node 12, m
        154    3.369E-01                                 F               0         Blade 1 X translation displacement, node 13, m
        155   -5.723E+01                                 F               0         Blade 1 Y translation displacement, node 13, m
        156   -1.024E+02                                 F               0         Blade 1 Z translation displacement, node 13, m
        157   -3.339E-01                                 F               0         Blade 1 X translation displacement, node 14, m
        158   -6.027E+01                                 F               0         Blade 1 Y translation displacement, node 14, m
        159   -1.087E+02                                 F               0         Blade 1 Z translation displacement, node 14, m
        160   -1.005E+00                                 F               0         Blade 1 X translation displacement, node 15, m
        161   -6.331E+01                                 F               0         Blade 1 Y translation displacement, node 15, m
        162   -1.149E+02                                 F               0         Blade 1 Z translation displacement, node 15, m
        163   -1.676E+00                                 F               0         Blade 1 X translation displacement, node 16, m
        164   -6.636E+01                                 F               0         Blade 1 Y translation displacement, node 16, m
        165   -1.211E+02                                 F               0         Blade 1 Z translation displacement, node 16, m
        166   -2.347E+00                                 F               0         Blade 1 X translation displacement, node 17, m
        167   -6.940E+01                                 F               0         Blade 1 Y translation displacement, node 17, m
        168   -1.273E+02                                 F               0         Blade 1 Z translation displacement, node 17, m
        169   -3.017E+00                                 F               0         Blade 1 X translation displacement, node 18, m
        170   -7.244E+01                                 F               0         Blade 1 Y translation displacement, node 18, m
        171   -1.335E+02                                 F               0         Blade 1 Z translation displacement, node 18, m
        172   -3.688E+00                                 F               0         Blade 1 X translation displacement, node 19, m
        173   -7.549E+01                                 F               0         Blade 1 Y translation displacement, node 19, m
        174   -1.398E+02                                 F               0         Blade 1 Z translation displacement, node 19, m
        175   -4.359E+00                                 F               0         Blade 1 X translation displacement, node 20, m
        176   -7.853E+01                                 F               0         Blade 1 Y translation displacement, node 20, m
        177   -1.460E+02                                 F               0         Blade 1 Z translation displacement, node 20, m
        178   -5.030E+00                                 F               0         Blade 1 X translation displacement, node 21, m
        179   -8.157E+01                                 F               0         Blade 1 Y translation displacement, node 21, m
        180   -1.522E+02                                 F               0         Blade 1 Z translation displacement, node 21, m
        181   -5.701E+00                                 F               0         Blade 1 X translation displacement, node 22, m
        182   -8.462E+01                                 F               0         Blade 1 Y translation displacement, node 22, m
        183   -1.584E+02                                 F               0         Blade 1 Z translation displacement, node 22, m
        184   -6.372E+00                                 F               0         Blade 1 X translation displacement, node 23, m
        185   -8.766E+01                                 F               0         Blade 1 Y translation displacement, node 23, m
        186   -1.646E+02                                 F               0         Blade 1 Z translation displacement, node 23, m
        187   -7.043E+00                                 F               0         Blade 1 X translation displacement, node 24, m
        188   -9.070E+01                                 F               0         Blade 1 Y translation displacement, node 24, m
        189   -1.709E+02                                 F               0         Blade 1 Z translation displacement, node 24, m
        190   -7.713E+00                                 F               0         Blade 1 X translation displacement, node 25, m
        191   -9.375E+01                                 F               0         Blade 1 Y translation displacement, node 25, m
        192   -1.771E+02                                 F               0         Blade 1 Z translation displacement, node 25, m
        193   -8.384E+00                                 F               0         Blade 1 X translation displacement, node 26, m
        194   -9.679E+01                                 F               0         Blade 1 Y translation displacement, node 26, m
        195   -1.833E+02                                 F               0         Blade 1 Z translation displacement, node 26, m
        196   -9.055E+00                                 F               0         Blade 1 X translation displacement, node 27, m
        197   -9.983E+01                                 F               0         Blade 1 Y translation displacement, node 27, m
        198   -1.895E+02                                 F               0         Blade 1 Z translation displacement, node 27, m
        199   -9.624E+00                                 F               0         Blade 1 X translation displacement, node 28, m
        200   -1.024E+02                                 F               0         Blade 1 Y translation displacement, node 28, m
        201   -1.948E+02                                 F               0         Blade 1 Z translation displacement, node 28, m
        202    8.171E-01,  3.082E-01, -4.872E-01         F               0         Blade 1 X orientation angle, node 1, rad
        203    5.724E-01, -5.347E-01,  6.217E-01         F               0         Blade 1 Y orientation angle, node 1, rad
        204   -6.892E-02, -7.869E-01, -6.133E-01         F               0         Blade 1 Z orientation angle, node 1, rad
        205    8.171E-01,  3.082E-01, -4.872E-01         F               0         Blade 1 X orientation angle, node 2, rad
        206    5.724E-01, -5.347E-01,  6.217E-01         F               0         Blade 1 Y orientation angle, node 2, rad
        207   -6.892E-02, -7.869E-01, -6.133E-01         F               0         Blade 1 Z orientation angle, node 2, rad
        208    9.295E-01,  1.727E-01, -3.260E-01         F               0         Blade 1 X orientation angle, node 3, rad
        209    3.624E-01, -5.925E-01,  7.195E-01         F               0         Blade 1 Y orientation angle, node 3, rad
        210   -6.892E-02, -7.869E-01, -6.133E-01         F               0         Blade 1 Z orientation angle, node 3, rad
        211    9.439E-01,  1.475E-01, -2.953E-01         F               0         Blade 1 X orientation angle, node 4, rad
        212    3.228E-01, -5.992E-01,  7.326E-01         F               0         Blade 1 Y orientation angle, node 4, rad
        213   -6.892E-02, -7.869E-01, -6.133E-01         F               0         Blade 1 Z orientation angle, node 4, rad
        214    9.541E-01,  1.275E-01, -2.709E-01         F               0         Blade 1 X orientation angle, node 5, rad
        215    2.914E-01, -6.038E-01,  7.420E-01         F               0         Blade 1 Y orientation angle, node 5, rad
        216   -6.892E-02, -7.869E-01, -6.133E-01         F               0         Blade 1 Z orientation angle, node 5, rad
        217    9.615E-01,  1.115E-01, -2.511E-01         F               0         Blade 1 X orientation angle, node 6, rad
        218    2.659E-01, -6.070E-01,  7.489E-01         F               0         Blade 1 Y orientation angle, node 6, rad
        219   -6.892E-02, -7.869E-01, -6.133E-01         F               0         Blade 1 Z orientation angle, node 6, rad
        220    9.671E-01,  9.821E-02, -2.347E-01         F               0         Blade 1 X orientation angle, node 7, rad
        221    2.449E-01, -6.093E-01,  7.542E-01         F               0         Blade 1 Y orientation angle, node 7, rad
        222   -6.892E-02, -7.869E-01, -6.133E-01         F               0         Blade 1 Z orientation angle, node 7, rad
        223    9.714E-01,  8.714E-02, -2.210E-01         F               0         Blade 1 X orientation angle, node 8, rad
        224    2.273E-01, -6.109E-01,  7.583E-01         F               0         Blade 1 Y orientation angle, node 8, rad
        225   -6.892E-02, -7.869E-01, -6.133E-01         F               0         Blade 1 Z orientation angle, node 8, rad
        226    9.748E-01,  7.774E-02, -2.093E-01         F               0         Blade 1 X orientation angle, node 9, rad
        227    2.124E-01, -6.122E-01,  7.616E-01         F               0         Blade 1 Y orientation angle, node 9, rad
        228   -6.892E-02, -7.869E-01, -6.133E-01         F               0         Blade 1 Z orientation angle, node 9, rad
        229    9.775E-01,  6.962E-02, -1.992E-01         F               0         Blade 1 X orientation angle, node 10, rad
        230    1.994E-01, -6.132E-01,  7.643E-01         F               0         Blade 1 Y orientation angle, node 10, rad
        231   -6.892E-02, -7.869E-01, -6.133E-01         F               0         Blade 1 Z orientation angle, node 10, rad
        232    9.797E-01,  6.266E-02, -1.905E-01         F               0         Blade 1 X orientation angle, node 11, rad
        233    1.883E-01, -6.139E-01,  7.666E-01         F               0         Blade 1 Y orientation angle, node 11, rad
        234   -6.892E-02, -7.869E-01, -6.133E-01         F               0         Blade 1 Z orientation angle, node 11, rad
        235    9.815E-01,  5.655E-02, -1.829E-01         F               0         Blade 1 X orientation angle, node 12, rad
        236    1.786E-01, -6.145E-01,  7.684E-01         F               0         Blade 1 Y orientation angle, node 12, rad
        237   -6.892E-02, -7.869E-01, -6.133E-01         F               0         Blade 1 Z orientation angle, node 12, rad
        238    9.830E-01,  5.118E-02, -1.761E-01         F               0         Blade 1 X orientation angle, node 13, rad
        239    1.700E-01, -6.150E-01,  7.700E-01         F               0         Blade 1 Y orientation angle, node 13, rad
        240   -6.892E-02, -7.869E-01, -6.133E-01         F               0         Blade 1 Z orientation angle, node 13, rad
        241    9.843E-01,  4.635E-02, -1.701E-01         F               0         Blade 1 X orientation angle, node 14, rad
        242    1.623E-01, -6.154E-01,  7.713E-01         F               0         Blade 1 Y orientation angle, node 14, rad
        243   -6.892E-02, -7.869E-01, -6.133E-01         F               0         Blade 1 Z orientation angle, node 14, rad
        244    9.854E-01,  4.205E-02, -1.647E-01         F               0         Blade 1 X orientation angle, node 15, rad
        245    1.554E-01, -6.157E-01,  7.725E-01         F               0         Blade 1 Y orientation angle, node 15, rad
        246   -6.892E-02, -7.869E-01, -6.133E-01         F               0         Blade 1 Z orientation angle, node 15, rad
        247    9.864E-01,  3.818E-02, -1.599E-01         F               0         Blade 1 X orientation angle, node 16, rad
        248    1.492E-01, -6.159E-01,  7.735E-01         F               0         Blade 1 Y orientation angle, node 16, rad
        249   -6.892E-02, -7.869E-01, -6.133E-01         F               0         Blade 1 Z orientation angle, node 16, rad
        250    9.872E-01,  3.474E-02, -1.555E-01         F               0         Blade 1 X orientation angle, node 17, rad
        251    1.437E-01, -6.162E-01,  7.744E-01         F               0         Blade 1 Y orientation angle, node 17, rad
        252   -6.892E-02, -7.869E-01, -6.133E-01         F               0         Blade 1 Z orientation angle, node 17, rad
        253    9.880E-01,  3.152E-02, -1.515E-01         F               0         Blade 1 X orientation angle, node 18, rad
        254    1.385E-01, -6.163E-01,  7.752E-01         F               0         Blade 1 Y orientation angle, node 18, rad
        255   -6.892E-02, -7.869E-01, -6.133E-01         F               0         Blade 1 Z orientation angle, node 18, rad
        256    9.886E-01,  2.861E-02, -1.478E-01         F               0         Blade 1 X orientation angle, node 19, rad
        257    1.339E-01, -6.165E-01,  7.759E-01         F               0         Blade 1 Y orientation angle, node 19, rad
        258   -6.892E-02, -7.869E-01, -6.133E-01         F               0         Blade 1 Z orientation angle, node 19, rad
        259    9.892E-01,  2.603E-02, -1.446E-01         F               0         Blade 1 X orientation angle, node 20, rad
        260    1.297E-01, -6.166E-01,  7.765E-01         F               0         Blade 1 Y orientation angle, node 20, rad
        261   -6.892E-02, -7.869E-01, -6.133E-01         F               0         Blade 1 Z orientation angle, node 20, rad
        262    9.897E-01,  2.355E-02, -1.414E-01         F               0         Blade 1 X orientation angle, node 21, rad
        263    1.257E-01, -6.167E-01,  7.771E-01         F               0         Blade 1 Y orientation angle, node 21, rad
        264   -6.892E-02, -7.869E-01, -6.133E-01         F               0         Blade 1 Z orientation angle, node 21, rad
        265    9.901E-01,  2.129E-02, -1.386E-01         F               0         Blade 1 X orientation angle, node 22, rad
        266    1.221E-01, -6.168E-01,  7.776E-01         F               0         Blade 1 Y orientation angle, node 22, rad
        267   -6.892E-02, -7.869E-01, -6.133E-01         F               0         Blade 1 Z orientation angle, node 22, rad
        268    9.905E-01,  1.925E-02, -1.360E-01         F               0         Blade 1 X orientation angle, node 23, rad
        269    1.188E-01, -6.168E-01,  7.781E-01         F               0         Blade 1 Y orientation angle, node 23, rad
        270   -6.892E-02, -7.869E-01, -6.133E-01         F               0         Blade 1 Z orientation angle, node 23, rad
        271    9.909E-01,  1.731E-02, -1.336E-01         F               0         Blade 1 X orientation angle, node 24, rad
        272    1.157E-01, -6.169E-01,  7.785E-01         F               0         Blade 1 Y orientation angle, node 24, rad
        273   -6.892E-02, -7.869E-01, -6.133E-01         F               0         Blade 1 Z orientation angle, node 24, rad
        274    9.912E-01,  1.548E-02, -1.313E-01         F               0         Blade 1 X orientation angle, node 25, rad
        275    1.128E-01, -6.169E-01,  7.789E-01         F               0         Blade 1 Y orientation angle, node 25, rad
        276   -6.892E-02, -7.869E-01, -6.133E-01         F               0         Blade 1 Z orientation angle, node 25, rad
        277    9.915E-01,  1.386E-02, -1.292E-01         F               0         Blade 1 X orientation angle, node 26, rad
        278    1.102E-01, -6.170E-01,  7.792E-01         F               0         Blade 1 Y orientation angle, node 26, rad
        279   -6.892E-02, -7.869E-01, -6.133E-01         F               0         Blade 1 Z orientation angle, node 26, rad
        280    9.918E-01,  1.225E-02, -1.272E-01         F               0         Blade 1 X orientation angle, node 27, rad
        281    1.076E-01, -6.170E-01,  7.796E-01         F               0         Blade 1 Y orientation angle, node 27, rad
        282   -6.892E-02, -7.869E-01, -6.133E-01         F               0         Blade 1 Z orientation angle, node 27, rad
        283    9.920E-01,  1.139E-02, -1.261E-01         F               0         Blade 1 X orientation angle, node 28, rad
        284    1.062E-01, -6.170E-01,  7.797E-01         F               0         Blade 1 Y orientation angle, node 28, rad
        285   -6.892E-02, -7.869E-01, -6.133E-01         F               0         Blade 1 Z orientation angle, node 28, rad
        286   -5.353E-01                                 F               0         Blade 1 X translation velocity, node 1, m/s
        287    3.055E+00                                 F               0         Blade 1 Y translation velocity, node 1, m/s
        288   -3.864E+00                                 F               0         Blade 1 Z translation velocity, node 1, m/s
        289   -6.635E-01                                 F               0         Blade 1 X translation velocity, node 2, m/s
        290    3.791E+00                                 F               0         Blade 1 Y translation velocity, node 2, m/s
        291   -4.794E+00                                 F               0         Blade 1 Z translation velocity, node 2, m/s
        292   -2.406E+00                                 F               0         Blade 1 X translation velocity, node 3, m/s
        293    1.380E+01                                 F               0         Blade 1 Y translation velocity, node 3, m/s
        294   -1.744E+01                                 F               0         Blade 1 Z translation velocity, node 3, m/s
        295   -2.777E+00                                 F               0         Blade 1 X translation velocity, node 4, m/s
        296    1.593E+01                                 F               0         Blade 1 Y translation velocity, node 4, m/s
        297   -2.014E+01                                 F               0         Blade 1 Z translation velocity, node 4, m/s
        298   -3.149E+00                                 F               0         Blade 1 X translation velocity, node 5, m/s
        299    1.807E+01                                 F               0         Blade 1 Y translation velocity, node 5, m/s
        300   -2.283E+01                                 F               0         Blade 1 Z translation velocity, node 5, m/s
        301   -3.520E+00                                 F               0         Blade 1 X translation velocity, node 6, m/s
        302    2.020E+01                                 F               0         Blade 1 Y translation velocity, node 6, m/s
        303   -2.553E+01                                 F               0         Blade 1 Z translation velocity, node 6, m/s
        304   -3.891E+00                                 F               0         Blade 1 X translation velocity, node 7, m/s
        305    2.233E+01                                 F               0         Blade 1 Y translation velocity, node 7, m/s
        306   -2.822E+01                                 F               0         Blade 1 Z translation velocity, node 7, m/s
        307   -4.262E+00                                 F               0         Blade 1 X translation velocity, node 8, m/s
