
Linearized model: Predictions were generated on 13-Feb-2024 at 11:29:37 using OpenFAST, compiled as a 64-bit application using single precision at commit v3.5.1
 linked with  NWTC Subroutine Library; ElastoDyn; InflowWind; AeroDyn; ServoDyn; HydroDyn; MAP++ (<1.20.10>, <Oct-20-2023>)

Description from the FAST input file: CCT-9 Campign 4 model. Input files to be run with OpenFAST 3.5.0. GitHub branch from Lu Wang (https://github.com/luwang00/openfast/tree/dev) compiled on March 7, 2023.

Simulation information:
   Simulation time:                  1217.6750 s
   Rotor Speed:                         0.7915 rad/s
   Azimuth:                             5.4230 rad
   Wind Speed:                         16.0000 m/s
   Number of continuous states:         0
   Number of discrete states:           0
   Number of constraint states:         0
   Number of inputs:                 1746
   Number of outputs:                   4
   Jacobians included in this file?    No

Order of inputs:
     Column   Operating Point                                                   Rotating Frame? Derivative Order Description
   ---------- ---------------                                                   --------------- ---------------- -----------
          1     1.07023439407E+001                                                     F               0         Tower X translation displacement, node 1, m
          2    -1.56205141544E+000                                                     F               0         Tower Y translation displacement, node 1, m
          3    -2.93970018625E-001                                                     F               0         Tower Z translation displacement, node 1, m
          4     1.20881567001E+001                                                     F               0         Tower X translation displacement, node 2, m
          5    -2.19702363014E+000                                                     F               0         Tower Y translation displacement, node 2, m
          6    -3.88369441032E-001                                                     F               0         Tower Z translation displacement, node 2, m
          7     1.34739694595E+001                                                     F               0         Tower X translation displacement, node 3, m
          8    -2.83199620247E+000                                                     F               0         Tower Y translation displacement, node 3, m
          9    -4.82766807079E-001                                                     F               0         Tower Z translation displacement, node 3, m
         10     1.48597822189E+001                                                     F               0         Tower X translation displacement, node 4, m
         11    -3.46696853638E+000                                                     F               0         Tower Y translation displacement, node 4, m
         12    -5.77164351940E-001                                                     F               0         Tower Z translation displacement, node 4, m
         13     1.62455959320E+001                                                     F               0         Tower X translation displacement, node 5, m
         14    -4.10194110870E+000                                                     F               0         Tower Y translation displacement, node 5, m
         15    -6.71559035778E-001                                                     F               0         Tower Z translation displacement, node 5, m
         16     1.76314067841E+001                                                     F               0         Tower X translation displacement, node 6, m
         17    -4.73691320419E+000                                                     F               0         Tower Y translation displacement, node 6, m
         18    -7.65964329243E-001                                                     F               0         Tower Z translation displacement, node 6, m
         19     1.90172195435E+001                                                     F               0         Tower X translation displacement, node 7, m
         20    -5.37188625336E+000                                                     F               0         Tower Y translation displacement, node 7, m
         21    -8.60355675220E-001                                                     F               0         Tower Z translation displacement, node 7, m
         22     2.04030303955E+001                                                     F               0         Tower X translation displacement, node 8, m
         23    -6.00685787201E+000                                                     F               0         Tower Y translation displacement, node 8, m
         24    -9.54759001732E-001                                                     F               0         Tower Z translation displacement, node 8, m
         25     2.17888450623E+001                                                     F               0         Tower X translation displacement, node 9, m
         26    -6.64183092117E+000                                                     F               0         Tower Y translation displacement, node 9, m
         27    -1.04915344715E+000                                                     F               0         Tower Z translation displacement, node 9, m
         28     2.31746578217E+001                                                     F               0         Tower X translation displacement, node 10, m
         29    -7.27680301666E+000                                                     F               0         Tower Y translation displacement, node 10, m
         30    -1.14355373383E+000                                                     F               0         Tower Z translation displacement, node 10, m
         31     2.45604686737E+001                                                     F               0         Tower X translation displacement, node 11, m
         32    -7.91177558899E+000                                                     F               0         Tower Y translation displacement, node 11, m
         33    -1.23795115948E+000                                                     F               0         Tower Z translation displacement, node 11, m
         34     9.93686616421E-001,   3.40538262390E-003,  -1.12139761448E-001         F               0         Tower X orientation angle, node 1, rad
         35     2.38394318148E-003,   9.98672664165E-001,   5.14514595270E-002         F               0         Tower Y orientation angle, node 1, rad
         36     1.12166129053E-001,  -5.13939633965E-002,   9.92359519005E-001         F               0         Tower Z orientation angle, node 1, rad
         37     9.93686616421E-001,   3.40538262390E-003,  -1.12139761448E-001         F               0         Tower X orientation angle, node 2, rad
         38     2.38394318148E-003,   9.98672664165E-001,   5.14514595270E-002         F               0         Tower Y orientation angle, node 2, rad
         39     1.12166129053E-001,  -5.13939633965E-002,   9.92359519005E-001         F               0         Tower Z orientation angle, node 2, rad
         40     9.93686616421E-001,   3.40538262390E-003,  -1.12139761448E-001         F               0         Tower X orientation angle, node 3, rad
         41     2.38394318148E-003,   9.98672664165E-001,   5.14514595270E-002         F               0         Tower Y orientation angle, node 3, rad
         42     1.12166129053E-001,  -5.13939633965E-002,   9.92359519005E-001         F               0         Tower Z orientation angle, node 3, rad
         43     9.93686616421E-001,   3.40538262390E-003,  -1.12139761448E-001         F               0         Tower X orientation angle, node 4, rad
         44     2.38394318148E-003,   9.98672664165E-001,   5.14514595270E-002         F               0         Tower Y orientation angle, node 4, rad
         45     1.12166129053E-001,  -5.13939633965E-002,   9.92359519005E-001         F               0         Tower Z orientation angle, node 4, rad
         46     9.93686616421E-001,   3.40538262390E-003,  -1.12139761448E-001         F               0         Tower X orientation angle, node 5, rad
         47     2.38394318148E-003,   9.98672664165E-001,   5.14514595270E-002         F               0         Tower Y orientation angle, node 5, rad
         48     1.12166129053E-001,  -5.13939633965E-002,   9.92359519005E-001         F               0         Tower Z orientation angle, node 5, rad
         49     9.93686616421E-001,   3.40538262390E-003,  -1.12139761448E-001         F               0         Tower X orientation angle, node 6, rad
         50     2.38394318148E-003,   9.98672664165E-001,   5.14514595270E-002         F               0         Tower Y orientation angle, node 6, rad
         51     1.12166129053E-001,  -5.13939633965E-002,   9.92359519005E-001         F               0         Tower Z orientation angle, node 6, rad
         52     9.93686616421E-001,   3.40538262390E-003,  -1.12139761448E-001         F               0         Tower X orientation angle, node 7, rad
         53     2.38394318148E-003,   9.98672664165E-001,   5.14514595270E-002         F               0         Tower Y orientation angle, node 7, rad
         54     1.12166129053E-001,  -5.13939633965E-002,   9.92359519005E-001         F               0         Tower Z orientation angle, node 7, rad
         55     9.93686616421E-001,   3.40538239107E-003,  -1.12139761448E-001         F               0         Tower X orientation angle, node 8, rad
         56     2.38394294865E-003,   9.98672664165E-001,   5.14514595270E-002         F               0         Tower Y orientation angle, node 8, rad
         57     1.12166129053E-001,  -5.13939633965E-002,   9.92359519005E-001         F               0         Tower Z orientation angle, node 8, rad
         58     9.93686616421E-001,   3.40538262390E-003,  -1.12139768898E-001         F               0         Tower X orientation angle, node 9, rad
         59     2.38394318148E-003,   9.98672664165E-001,   5.14514632523E-002         F               0         Tower Y orientation angle, node 9, rad
         60     1.12166129053E-001,  -5.13939633965E-002,   9.92359519005E-001         F               0         Tower Z orientation angle, node 9, rad
         61     9.93686616421E-001,   3.40538262390E-003,  -1.12139761448E-001         F               0         Tower X orientation angle, node 10, rad
         62     2.38394318148E-003,   9.98672664165E-001,   5.14514595270E-002         F               0         Tower Y orientation angle, node 10, rad
         63     1.12166129053E-001,  -5.13939633965E-002,   9.92359519005E-001         F               0         Tower Z orientation angle, node 10, rad
         64     9.93686616421E-001,   3.40538262390E-003,  -1.12139761448E-001         F               0         Tower X orientation angle, node 11, rad
         65     2.38394318148E-003,   9.98672664165E-001,   5.14514595270E-002         F               0         Tower Y orientation angle, node 11, rad
         66     1.12166129053E-001,  -5.13939633965E-002,   9.92359519005E-001         F               0         Tower Z orientation angle, node 11, rad
         67    -9.27974877413E-004                                                     F               0         Tower X translation velocity, node 1, m/s
         68    -9.72975220066E-004                                                     F               0         Tower Y translation velocity, node 1, m/s
         69    -7.57549423724E-003                                                     F               0         Tower Z translation velocity, node 1, m/s
         70    -1.26593571622E-003                                                     F               0         Tower X translation velocity, node 2, m/s
         71    -1.53229746502E-003                                                     F               0         Tower Y translation velocity, node 2, m/s
         72    -7.56626203656E-003                                                     F               0         Tower Z translation velocity, node 2, m/s
         73    -1.60389638040E-003                                                     F               0         Tower X translation velocity, node 3, m/s
         74    -2.09161965176E-003                                                     F               0         Tower Y translation velocity, node 3, m/s
         75    -7.55702937022E-003                                                     F               0         Tower Z translation velocity, node 3, m/s
         76    -1.94185716100E-003                                                     F               0         Tower X translation velocity, node 4, m/s
         77    -2.65094172210E-003                                                     F               0         Tower Y translation velocity, node 4, m/s
         78    -7.54779670388E-003                                                     F               0         Tower Z translation velocity, node 4, m/s
         79    -2.27981805801E-003                                                     F               0         Tower X translation velocity, node 5, m/s
         80    -3.21026449092E-003                                                     F               0         Tower Y translation velocity, node 5, m/s
         81    -7.53856403753E-003                                                     F               0         Tower Z translation velocity, node 5, m/s
         82    -2.61777872220E-003                                                     F               0         Tower X translation velocity, node 6, m/s
         83    -3.76958632842E-003                                                     F               0         Tower Y translation velocity, node 6, m/s
         84    -7.52933183685E-003                                                     F               0         Tower Z translation velocity, node 6, m/s
         85    -2.95573985204E-003                                                     F               0         Tower X translation velocity, node 7, m/s
         86    -4.32890886441E-003                                                     F               0         Tower Y translation velocity, node 7, m/s
         87    -7.52009917051E-003                                                     F               0         Tower Z translation velocity, node 7, m/s
         88    -3.29370028339E-003                                                     F               0         Tower X translation velocity, node 8, m/s
         89    -4.88823046908E-003                                                     F               0         Tower Y translation velocity, node 8, m/s
         90    -7.51086603850E-003                                                     F               0         Tower Z translation velocity, node 8, m/s
         91    -3.63166141324E-003                                                     F               0         Tower X translation velocity, node 9, m/s
         92    -5.44755347073E-003                                                     F               0         Tower Y translation velocity, node 9, m/s
         93    -7.50163430348E-003                                                     F               0         Tower Z translation velocity, node 9, m/s
         94    -3.96962231025E-003                                                     F               0         Tower X translation velocity, node 10, m/s
         95    -6.00687554106E-003                                                     F               0         Tower Y translation velocity, node 10, m/s
         96    -7.49240163714E-003                                                     F               0         Tower Z translation velocity, node 10, m/s
         97    -4.30758250877E-003                                                     F               0         Tower X translation velocity, node 11, m/s
         98    -6.56619761139E-003                                                     F               0         Tower Y translation velocity, node 11, m/s
         99    -7.48316943645E-003                                                     F               0         Tower Z translation velocity, node 11, m/s
        100     2.55091819763E+001                                                     F               0         Hub X translation displacement, node 1, m
        101    -8.35200691223E+000                                                     F               0         Hub Y translation displacement, node 1, m
        102    -8.67585539818E-002                                                     F               0         Hub Z translation displacement, node 1, m
        103     9.76518511772E-001,   8.75885970891E-003,  -2.15255275369E-001         F               0         Hub X orientation angle, node 1, rad
        104    -1.61731600761E-001,   6.89872264862E-001,  -7.05633878708E-001         F               0         Hub Y orientation angle, node 1, rad
        105     1.42318084836E-001,   7.23878145218E-001,   6.75089597702E-001         F               0         Hub Z orientation angle, node 1, rad
        106     7.72949099541E-001                                                     F               0         Hub X rotation velocity, node 1, rad/s
        107     6.90512778237E-003                                                     F               0         Hub Y rotation velocity, node 1, rad/s
        108    -1.70375123620E-001                                                     F               0         Hub Z rotation velocity, node 1, rad/s
        109     9.89559829235E-001,  -8.83877426386E-002,  -1.13837197423E-001         F               0         Blade root 1 X orientation angle, node 1, rad
        110    -2.27346140891E-002,   6.84242665768E-001,  -7.28899896145E-001         F               0         Blade root 1 Y orientation angle, node 1, rad
        111     1.42318084836E-001,   7.23878145218E-001,   6.75089597702E-001         F               0         Blade root 1 Z orientation angle, node 1, rad
        112     9.38087880611E-001,  -3.09978704900E-002,  -3.45007538795E-001         F               0         Blade root 2 X orientation angle, node 1, rad
        113     3.39474916458E-001,   2.80388504267E-001,   8.97852480412E-001         F               0         Blade root 2 Y orientation angle, node 1, rad
        114     6.89046308398E-002,  -9.59385991096E-001,   2.73552060127E-001         F               0         Blade root 2 Z orientation angle, node 1, rad
        115     9.72768783569E-001,   1.45400822163E-001,  -1.80497899652E-001         F               0         Blade root 3 X orientation angle, node 1, rad
        116     9.54246148467E-002,  -9.60934281349E-001,  -2.59806603193E-001         F               0         Blade root 3 Y orientation angle, node 1, rad
        117    -2.11222723126E-001,   2.35507816076E-001,  -9.48641657829E-001         F               0         Blade root 3 Z orientation angle, node 1, rad
        118     2.57185363770E+001                                                     F               0         Blade 1 X translation displacement, node 1, m
        119    -4.34172248840E+000                                                     F               0         Blade 1 Y translation displacement, node 1, m
        120    -1.85642087460E+000                                                     F               0         Blade 1 Z translation displacement, node 1, m
        121     2.57689819336E+001                                                     F               0         Blade 1 X translation displacement, node 2, m
        122    -3.37541294098E+000                                                     F               0         Blade 1 Y translation displacement, node 2, m
        123    -2.28283071518E+000                                                     F               0         Blade 1 Z translation displacement, node 2, m
        124     2.64549541473E+001                                                     F               0         Blade 1 X translation displacement, node 3, m
        125     9.76471710205E+000                                                     F               0         Blade 1 Y translation displacement, node 3, m
        126    -8.08129215240E+000                                                     F               0         Blade 1 Z translation displacement, node 3, m
        127     2.66011047363E+001                                                     F               0         Blade 1 X translation displacement, node 4, m
        128     1.25642995834E+001                                                     F               0         Blade 1 Y translation displacement, node 4, m
        129    -9.31669712067E+000                                                     F               0         Blade 1 Z translation displacement, node 4, m
        130     2.67472839355E+001                                                     F               0         Blade 1 X translation displacement, node 5, m
        131     1.53644151688E+001                                                     F               0         Blade 1 Y translation displacement, node 5, m
        132    -1.05523214340E+001                                                     F               0         Blade 1 Z translation displacement, node 5, m
        133     2.68934345245E+001                                                     F               0         Blade 1 X translation displacement, node 6, m
        134     1.81640090942E+001                                                     F               0         Blade 1 Y translation displacement, node 6, m
        135    -1.17877311707E+001                                                     F               0         Blade 1 Z translation displacement, node 6, m
        136     2.70395851135E+001                                                     F               0         Blade 1 X translation displacement, node 7, m
        137     2.09636116028E+001                                                     F               0         Blade 1 Y translation displacement, node 7, m
        138    -1.30231313705E+001                                                     F               0         Blade 1 Z translation displacement, node 7, m
        139     2.71857643127E+001                                                     F               0         Blade 1 X translation displacement, node 8, m
        140     2.37637157440E+001                                                     F               0         Blade 1 Y translation displacement, node 8, m
        141    -1.42587661743E+001                                                     F               0         Blade 1 Z translation displacement, node 8, m
        142     2.73319149017E+001                                                     F               0         Blade 1 X translation displacement, node 9, m
        143     2.65633201599E+001                                                     F               0         Blade 1 Y translation displacement, node 9, m
        144    -1.54941644669E+001                                                     F               0         Blade 1 Z translation displacement, node 9, m
        145     2.74780654907E+001                                                     F               0         Blade 1 X translation displacement, node 10, m
        146     2.93629131317E+001                                                     F               0         Blade 1 Y translation displacement, node 10, m
        147    -1.67295742035E+001                                                     F               0         Blade 1 Z translation displacement, node 10, m
        148     2.76242179871E+001                                                     F               0         Blade 1 X translation displacement, node 11, m
        149     3.21625175476E+001                                                     F               0         Blade 1 Y translation displacement, node 11, m
        150    -1.79649734497E+001                                                     F               0         Blade 1 Z translation displacement, node 11, m
        151     2.77703952789E+001                                                     F               0         Blade 1 X translation displacement, node 12, m
        152     3.49626121521E+001                                                     F               0         Blade 1 Y translation displacement, node 12, m
        153    -1.92006034851E+001                                                     F               0         Blade 1 Z translation displacement, node 12, m
        154     2.79165458679E+001                                                     F               0         Blade 1 X translation displacement, node 13, m
        155     3.77622146606E+001                                                     F               0         Blade 1 Y translation displacement, node 13, m
        156    -2.04360027313E+001                                                     F               0         Blade 1 Z translation displacement, node 13, m
        157     2.80626983643E+001                                                     F               0         Blade 1 X translation displacement, node 14, m
        158     4.05618095398E+001                                                     F               0         Blade 1 Y translation displacement, node 14, m
        159    -2.16714115143E+001                                                     F               0         Blade 1 Z translation displacement, node 14, m
        160     2.82088756561E+001                                                     F               0         Blade 1 X translation displacement, node 15, m
        161     4.33619194031E+001                                                     F               0         Blade 1 Y translation displacement, node 15, m
        162    -2.29070396423E+001                                                     F               0         Blade 1 Z translation displacement, node 15, m
        163     2.83550281525E+001                                                     F               0         Blade 1 X translation displacement, node 16, m
        164     4.61615142822E+001                                                     F               0         Blade 1 Y translation displacement, node 16, m
        165    -2.41424465179E+001                                                     F               0         Blade 1 Z translation displacement, node 16, m
        166     2.85011806488E+001                                                     F               0         Blade 1 X translation displacement, node 17, m
        167     4.89611244202E+001                                                     F               0         Blade 1 Y translation displacement, node 17, m
        168    -2.53778457642E+001                                                     F               0         Blade 1 Z translation displacement, node 17, m
        169     2.86473312378E+001                                                     F               0         Blade 1 X translation displacement, node 18, m
        170     5.17607192993E+001                                                     F               0         Blade 1 Y translation displacement, node 18, m
        171    -2.66132526398E+001                                                     F               0         Blade 1 Z translation displacement, node 18, m
        172     2.87935066223E+001                                                     F               0         Blade 1 X translation displacement, node 19, m
        173     5.45608139038E+001                                                     F               0         Blade 1 Y translation displacement, node 19, m
        174    -2.78488807678E+001                                                     F               0         Blade 1 Z translation displacement, node 19, m
        175     2.89396591187E+001                                                     F               0         Blade 1 X translation displacement, node 20, m
        176     5.73604164124E+001                                                     F               0         Blade 1 Y translation displacement, node 20, m
        177    -2.90842761993E+001                                                     F               0         Blade 1 Z translation displacement, node 20, m
        178     2.90858116150E+001                                                     F               0         Blade 1 X translation displacement, node 21, m
        179     6.01600151062E+001                                                     F               0         Blade 1 Y translation displacement, node 21, m
        180    -3.03196849823E+001                                                     F               0         Blade 1 Z translation displacement, node 21, m
        181     2.92319889069E+001                                                     F               0         Blade 1 X translation displacement, node 22, m
        182     6.29601211548E+001                                                     F               0         Blade 1 Y translation displacement, node 22, m
        183    -3.15553188324E+001                                                     F               0         Blade 1 Z translation displacement, node 22, m
        184     2.93781394958E+001                                                     F               0         Blade 1 X translation displacement, node 23, m
        185     6.57597274780E+001                                                     F               0         Blade 1 Y translation displacement, node 23, m
        186    -3.27907142639E+001                                                     F               0         Blade 1 Z translation displacement, node 23, m
        187     2.95242919922E+001                                                     F               0         Blade 1 X translation displacement, node 24, m
        188     6.85593185425E+001                                                     F               0         Blade 1 Y translation displacement, node 24, m
        189    -3.40261230469E+001                                                     F               0         Blade 1 Z translation displacement, node 24, m
        190     2.96704425812E+001                                                     F               0         Blade 1 X translation displacement, node 25, m
        191     7.13589172363E+001                                                     F               0         Blade 1 Y translation displacement, node 25, m
        192    -3.52615318298E+001                                                     F               0         Blade 1 Z translation displacement, node 25, m
        193     2.98166217804E+001                                                     F               0         Blade 1 X translation displacement, node 26, m
        194     7.41590270996E+001                                                     F               0         Blade 1 Y translation displacement, node 26, m
        195    -3.64971656799E+001                                                     F               0         Blade 1 Z translation displacement, node 26, m
        196     2.99627704620E+001                                                     F               0         Blade 1 X translation displacement, node 27, m
        197     7.69586181641E+001                                                     F               0         Blade 1 Y translation displacement, node 27, m
        198    -3.77325706482E+001                                                     F               0         Blade 1 Z translation displacement, node 27, m
        199     3.00866756439E+001                                                     F               0         Blade 1 X translation displacement, node 28, m
        200     7.93320770264E+001                                                     F               0         Blade 1 Y translation displacement, node 28, m
        201    -3.87799110413E+001                                                     F               0         Blade 1 Z translation displacement, node 28, m
        202     8.91049921513E-001,  -3.90684962273E-001,   2.31074184179E-001         F               0         Blade 1 X orientation angle, node 1, rad
        203     4.31016921997E-001,   5.68652510643E-001,  -7.00613081455E-001         F               0         Blade 1 Y orientation angle, node 1, rad
        204     1.42318084836E-001,   7.23878145218E-001,   6.75089597702E-001         F               0         Blade 1 Z orientation angle, node 1, rad
        205     8.91049921513E-001,  -3.90684962273E-001,   2.31074184179E-001         F               0         Blade 1 X orientation angle, node 2, rad
        206     4.31016921997E-001,   5.68652510643E-001,  -7.00613081455E-001         F               0         Blade 1 Y orientation angle, node 2, rad
        207     1.42318084836E-001,   7.23878145218E-001,   6.75089597702E-001         F               0         Blade 1 Z orientation angle, node 2, rad
        208     9.67816233635E-001,  -2.44778454304E-001,   5.84396570921E-002         F               0         Blade 1 X orientation angle, node 3, rad
        209     2.07550585270E-001,   6.45045697689E-001,  -7.35417425632E-001         F               0         Blade 1 Y orientation angle, node 3, rad
        210     1.42318084836E-001,   7.23878145218E-001,   6.75089597702E-001         F               0         Blade 1 Z orientation angle, node 3, rad
        211     9.75716829300E-001,  -2.17323467135E-001,   2.73349713534E-002         F               0         Blade 1 X orientation angle, node 4, rad
        212     1.66500002146E-001,   6.54806017876E-001,  -7.37229108810E-001         F               0         Blade 1 Y orientation angle, node 4, rad
        213     1.42318084836E-001,   7.23878145218E-001,   6.75089597702E-001         F               0         Blade 1 Z orientation angle, node 4, rad
        214     9.80700731277E-001,  -1.95493772626E-001,   2.87698092870E-003         F               0         Blade 1 X orientation angle, node 5, rad
        215     1.34058400989E-001,   6.61651432514E-001,  -7.37730145454E-001         F               0         Blade 1 Y orientation angle, node 5, rad
        216     1.42318084836E-001,   7.23878145218E-001,   6.75089597702E-001         F               0         Blade 1 Z orientation angle, node 5, rad
        217     9.83911633492E-001,  -1.77874088287E-001,  -1.66929885745E-002         F               0         Blade 1 X orientation angle, node 6, rad
        218     1.07997260988E-001,   6.66604280472E-001,  -7.37546861172E-001         F               0         Blade 1 Y orientation angle, node 6, rad
        219     1.42318084836E-001,   7.23878145218E-001,   6.75089597702E-001         F               0         Blade 1 Z orientation angle, node 6, rad
        220     9.86033439636E-001,  -1.63289859891E-001,  -3.27785126865E-002         F               0         Blade 1 X orientation angle, node 7, rad
        221     8.65076482296E-002,   6.70325934887E-001,  -7.37007141113E-001         F               0         Blade 1 Y orientation angle, node 7, rad
        222     1.42318084836E-001,   7.23878145218E-001,   6.75089597702E-001         F               0         Blade 1 Z orientation angle, node 7, rad
        223     9.87441182137E-001,  -1.51096269488E-001,  -4.61501069367E-002         F               0         Blade 1 X orientation angle, node 8, rad
        224     6.85964673758E-002,   6.73179268837E-001,  -7.36290812492E-001         F               0         Blade 1 Y orientation angle, node 8, rad
        225     1.42318084836E-001,   7.23878145218E-001,   6.75089597702E-001         F               0         Blade 1 Z orientation angle, node 8, rad
        226     9.88378226757E-001,  -1.40739560127E-001,  -5.74528351426E-002         F               0         Blade 1 X orientation angle, node 9, rad
        227     5.34229651093E-002,   6.75420463085E-001,  -7.35495150089E-001         F               0         Blade 1 Y orientation angle, node 9, rad
        228     1.42318084836E-001,   7.23878145218E-001,   6.75089657307E-001         F               0         Blade 1 Z orientation angle, node 9, rad
        229     9.88999903202E-001,  -1.31768330932E-001,  -6.72034695745E-002         F               0         Blade 1 X orientation angle, node 10, rad
        230     4.03083078563E-002,   6.77227854729E-001,  -7.34668433666E-001         F               0         Blade 1 Y orientation angle, node 10, rad
        231     1.42318084836E-001,   7.23878145218E-001,   6.75089597702E-001         F               0         Blade 1 Z orientation angle, node 10, rad
        232     9.89393532276E-001,  -1.24077104032E-001,  -7.55335167050E-002         F               0         Blade 1 X orientation angle, node 11, rad
        233     2.90861055255E-002,   6.78679108620E-001,  -7.33858764172E-001         F               0         Blade 1 Y orientation angle, node 11, rad
        234     1.42318084836E-001,   7.23878145218E-001,   6.75089657307E-001         F               0         Blade 1 Z orientation angle, node 11, rad
        235     9.89633917809E-001,  -1.17319323123E-001,  -8.28303620219E-002         F               0         Blade 1 X orientation angle, node 12, rad
        236     1.92419681698E-002,   6.79879844189E-001,  -7.33071029186E-001         F               0         Blade 1 Y orientation angle, node 12, rad
        237     1.42318084836E-001,   7.23878145218E-001,   6.75089597702E-001         F               0         Blade 1 Z orientation angle, node 12, rad
        238     9.89764153957E-001,  -1.11381858587E-001,  -8.92243757844E-002         F               0         Blade 1 X orientation angle, node 13, rad
        239     1.06051582843E-002,   6.80877745152E-001,  -7.32320308685E-001         F               0         Blade 1 Y orientation angle, node 13, rad
        240     1.42318084836E-001,   7.23878145218E-001,   6.75089597702E-001         F               0         Blade 1 Z orientation angle, node 13, rad
        241     9.89816904068E-001,  -1.06030873954E-001,  -9.49731990695E-002         F               0         Blade 1 X orientation angle, node 14, rad
        242     2.83132144250E-003,   6.81731522083E-001,  -7.31596946716E-001         F               0         Blade 1 Y orientation angle, node 14, rad
        243     1.42318084836E-001,   7.23878145218E-001,   6.75089597702E-001         F               0         Blade 1 Z orientation angle, node 14, rad
        244     9.89812552929E-001,  -1.01268947124E-001,  -1.00078351796E-001         F               0         Blade 1 X orientation angle, node 15, rad
        245    -4.07891301438E-003,   6.82455182076E-001,  -7.30916082859E-001         F               0         Blade 1 Y orientation angle, node 15, rad
        246     1.42318084836E-001,   7.23878145218E-001,   6.75089657307E-001         F               0         Blade 1 Z orientation angle, node 15, rad
        247     9.89767432213E-001,  -9.69789847732E-002,  -1.04668825865E-001         F               0         Blade 1 X orientation angle, node 16, rad
