
Linearized model: Predictions were generated on 31-Jan-2024 at 12:35:17 using OpenFAST, compiled as a 64-bit application using single precision at commit v3.5.1
 linked with  NWTC Subroutine Library; ElastoDyn; InflowWind; AeroDyn; ServoDyn; HydroDyn; MAP++ (<1.20.10>, <Oct-20-2023>)

Description from the FAST input file: CCT-9 Campign 4 model. Input files to be run with OpenFAST 3.5.0. GitHub branch from Lu Wang (https://github.com/luwang00/openfast/tree/dev) compiled on March 7, 2023.

Simulation information:
   Simulation time:                   501.9750 s
   Rotor Speed:                         0.8937 rad/s
   Azimuth:                             2.5111 rad
   Wind Speed:                         10.0000 m/s
   Number of continuous states:         0
   Number of discrete states:           0
   Number of constraint states:         0
   Number of inputs:                 1746
   Number of outputs:                   4
   Jacobians included in this file?    No

Order of inputs:
     Column   Operating Point                     Rotating Frame? Derivative Order Description
   ---------- ---------------                     --------------- ---------------- -----------
          1    8.515E+00                                 F               0         Tower X translation displacement, node 1, m
          2   -1.355E+00                                 F               0         Tower Y translation displacement, node 1, m
          3   -7.321E-02                                 F               0         Tower Z translation displacement, node 1, m
          4    8.752E+00                                 F               0         Tower X translation displacement, node 2, m
          5   -1.887E+00                                 F               0         Tower Y translation displacement, node 2, m
          6   -8.697E-02                                 F               0         Tower Z translation displacement, node 2, m
          7    9.002E+00                                 F               0         Tower X translation displacement, node 3, m
          8   -2.420E+00                                 F               0         Tower Y translation displacement, node 3, m
          9   -1.010E-01                                 F               0         Tower Z translation displacement, node 3, m
         10    9.262E+00                                 F               0         Tower X translation displacement, node 4, m
         11   -2.952E+00                                 F               0         Tower Y translation displacement, node 4, m
         12   -1.152E-01                                 F               0         Tower Z translation displacement, node 4, m
         13    9.529E+00                                 F               0         Tower X translation displacement, node 5, m
         14   -3.485E+00                                 F               0         Tower Y translation displacement, node 5, m
         15   -1.296E-01                                 F               0         Tower Z translation displacement, node 5, m
         16    9.803E+00                                 F               0         Tower X translation displacement, node 6, m
         17   -4.017E+00                                 F               0         Tower Y translation displacement, node 6, m
         18   -1.441E-01                                 F               0         Tower Z translation displacement, node 6, m
         19    1.008E+01                                 F               0         Tower X translation displacement, node 7, m
         20   -4.549E+00                                 F               0         Tower Y translation displacement, node 7, m
         21   -1.587E-01                                 F               0         Tower Z translation displacement, node 7, m
         22    1.036E+01                                 F               0         Tower X translation displacement, node 8, m
         23   -5.082E+00                                 F               0         Tower Y translation displacement, node 8, m
         24   -1.734E-01                                 F               0         Tower Z translation displacement, node 8, m
         25    1.065E+01                                 F               0         Tower X translation displacement, node 9, m
         26   -5.614E+00                                 F               0         Tower Y translation displacement, node 9, m
         27   -1.881E-01                                 F               0         Tower Z translation displacement, node 9, m
         28    1.093E+01                                 F               0         Tower X translation displacement, node 10, m
         29   -6.146E+00                                 F               0         Tower Y translation displacement, node 10, m
         30   -2.028E-01                                 F               0         Tower Z translation displacement, node 10, m
         31    1.121E+01                                 F               0         Tower X translation displacement, node 11, m
         32   -6.679E+00                                 F               0         Tower Y translation displacement, node 11, m
         33   -2.176E-01                                 F               0         Tower Z translation displacement, node 11, m
         34    9.998E-01,  7.484E-03, -1.841E-02         F               0         Tower X orientation angle, node 1, rad
         35   -6.682E-03,  9.990E-01,  4.325E-02         F               0         Tower Y orientation angle, node 1, rad
         36    1.872E-02, -4.312E-02,  9.989E-01         F               0         Tower Z orientation angle, node 1, rad
         37    9.998E-01,  7.528E-03, -1.943E-02         F               0         Tower X orientation angle, node 2, rad
         38   -6.682E-03,  9.990E-01,  4.325E-02         F               0         Tower Y orientation angle, node 2, rad
         39    1.974E-02, -4.311E-02,  9.989E-01         F               0         Tower Z orientation angle, node 2, rad
         40    9.998E-01,  7.566E-03, -2.030E-02         F               0         Tower X orientation angle, node 3, rad
         41   -6.682E-03,  9.990E-01,  4.325E-02         F               0         Tower Y orientation angle, node 3, rad
         42    2.061E-02, -4.310E-02,  9.989E-01         F               0         Tower Z orientation angle, node 3, rad
         43    9.998E-01,  7.597E-03, -2.102E-02         F               0         Tower X orientation angle, node 4, rad
         44   -6.682E-03,  9.990E-01,  4.325E-02         F               0         Tower Y orientation angle, node 4, rad
         45    2.133E-02, -4.310E-02,  9.988E-01         F               0         Tower Z orientation angle, node 4, rad
         46    9.997E-01,  7.621E-03, -2.159E-02         F               0         Tower X orientation angle, node 5, rad
         47   -6.682E-03,  9.990E-01,  4.325E-02         F               0         Tower Y orientation angle, node 5, rad
         48    2.190E-02, -4.309E-02,  9.988E-01         F               0         Tower Z orientation angle, node 5, rad
         49    9.997E-01,  7.640E-03, -2.202E-02         F               0         Tower X orientation angle, node 6, rad
         50   -6.682E-03,  9.990E-01,  4.325E-02         F               0         Tower Y orientation angle, node 6, rad
         51    2.233E-02, -4.309E-02,  9.988E-01         F               0         Tower Z orientation angle, node 6, rad
         52    9.997E-01,  7.653E-03, -2.233E-02         F               0         Tower X orientation angle, node 7, rad
         53   -6.682E-03,  9.990E-01,  4.325E-02         F               0         Tower Y orientation angle, node 7, rad
         54    2.264E-02, -4.309E-02,  9.988E-01         F               0         Tower Z orientation angle, node 7, rad
         55    9.997E-01,  7.662E-03, -2.254E-02         F               0         Tower X orientation angle, node 8, rad
         56   -6.682E-03,  9.990E-01,  4.325E-02         F               0         Tower Y orientation angle, node 8, rad
         57    2.284E-02, -4.308E-02,  9.988E-01         F               0         Tower Z orientation angle, node 8, rad
         58    9.997E-01,  7.668E-03, -2.266E-02         F               0         Tower X orientation angle, node 9, rad
         59   -6.682E-03,  9.990E-01,  4.325E-02         F               0         Tower Y orientation angle, node 9, rad
         60    2.297E-02, -4.308E-02,  9.988E-01         F               0         Tower Z orientation angle, node 9, rad
         61    9.997E-01,  7.671E-03, -2.273E-02         F               0         Tower X orientation angle, node 10, rad
         62   -6.682E-03,  9.990E-01,  4.325E-02         F               0         Tower Y orientation angle, node 10, rad
         63    2.304E-02, -4.308E-02,  9.988E-01         F               0         Tower Z orientation angle, node 10, rad
         64    9.997E-01,  7.672E-03, -2.276E-02         F               0         Tower X orientation angle, node 11, rad
         65   -6.682E-03,  9.990E-01,  4.325E-02         F               0         Tower Y orientation angle, node 11, rad
         66    2.307E-02, -4.308E-02,  9.988E-01         F               0         Tower Z orientation angle, node 11, rad
         67   -5.211E-04                                 F               0         Tower X translation velocity, node 1, m/s
         68    6.025E-07                                 F               0         Tower Y translation velocity, node 1, m/s
         69   -3.458E-03                                 F               0         Tower Z translation velocity, node 1, m/s
         70   -5.262E-04                                 F               0         Tower X translation velocity, node 2, m/s
         71    9.724E-07                                 F               0         Tower Y translation velocity, node 2, m/s
         72   -3.458E-03                                 F               0         Tower Z translation velocity, node 2, m/s
         73   -5.485E-04                                 F               0         Tower X translation velocity, node 3, m/s
         74    1.236E-06                                 F               0         Tower Y translation velocity, node 3, m/s
         75   -3.458E-03                                 F               0         Tower Z translation velocity, node 3, m/s
         76   -5.870E-04                                 F               0         Tower X translation velocity, node 4, m/s
         77    1.392E-06                                 F               0         Tower Y translation velocity, node 4, m/s
         78   -3.457E-03                                 F               0         Tower Z translation velocity, node 4, m/s
         79   -6.421E-04                                 F               0         Tower X translation velocity, node 5, m/s
         80    1.435E-06                                 F               0         Tower Y translation velocity, node 5, m/s
         81   -3.456E-03                                 F               0         Tower Z translation velocity, node 5, m/s
         82   -7.138E-04                                 F               0         Tower X translation velocity, node 6, m/s
         83    1.361E-06                                 F               0         Tower Y translation velocity, node 6, m/s
         84   -3.454E-03                                 F               0         Tower Z translation velocity, node 6, m/s
         85   -8.001E-04                                 F               0         Tower X translation velocity, node 7, m/s
         86    1.181E-06                                 F               0         Tower Y translation velocity, node 7, m/s
         87   -3.452E-03                                 F               0         Tower Z translation velocity, node 7, m/s
         88   -9.010E-04                                 F               0         Tower X translation velocity, node 8, m/s
         89    8.943E-07                                 F               0         Tower Y translation velocity, node 8, m/s
         90   -3.450E-03                                 F               0         Tower Z translation velocity, node 8, m/s
         91   -1.014E-03                                 F               0         Tower X translation velocity, node 9, m/s
         92    5.140E-07                                 F               0         Tower Y translation velocity, node 9, m/s
         93   -3.447E-03                                 F               0         Tower Z translation velocity, node 9, m/s
         94   -1.138E-03                                 F               0         Tower X translation velocity, node 10, m/s
         95    6.004E-08                                 F               0         Tower Y translation velocity, node 10, m/s
         96   -3.445E-03                                 F               0         Tower Z translation velocity, node 10, m/s
         97   -1.268E-03                                 F               0         Tower X translation velocity, node 11, m/s
         98   -4.440E-07                                 F               0         Tower Y translation velocity, node 11, m/s
         99   -3.442E-03                                 F               0         Tower Z translation velocity, node 11, m/s
        100    1.140E+01                                 F               0         Hub X translation displacement, node 1, m
        101   -7.100E+00                                 F               0         Hub Y translation displacement, node 1, m
        102    1.889E-02                                 F               0         Hub Z translation displacement, node 1, m
        103    9.918E-01,  1.213E-02, -1.270E-01         F               0         Hub X orientation angle, node 1, rad
        104    8.053E-02, -8.317E-01,  5.493E-01         F               0         Hub Y orientation angle, node 1, rad
        105   -9.900E-02, -5.550E-01, -8.259E-01         F               0         Hub Z orientation angle, node 1, rad
        106    8.864E-01                                 F               0         Hub X rotation velocity, node 1, rad/s
        107    1.083E-02                                 F               0         Hub Y rotation velocity, node 1, rad/s
        108   -1.135E-01                                 F               0         Hub Z rotation velocity, node 1, rad/s
        109    9.890E-01,  3.680E-02, -1.433E-01         F               0         Blade root 1 X orientation angle, node 1, rad
        110    1.099E-01, -8.310E-01,  5.453E-01         F               0         Blade root 1 Y orientation angle, node 1, rad
        111   -9.900E-02, -5.550E-01, -8.259E-01         F               0         Blade root 1 Z orientation angle, node 1, rad
        112    9.951E-01,  1.405E-02, -9.762E-02         F               0         Blade root 2 X orientation angle, node 1, rad
        113   -9.652E-02, -6.442E-02, -9.932E-01         F               0         Blade root 2 Y orientation angle, node 1, rad
        114   -2.024E-02,  9.978E-01, -6.275E-02         F               0         Blade root 2 Z orientation angle, node 1, rad
        115    9.900E-01, -1.447E-02, -1.401E-01         F               0         Blade root 3 X orientation angle, node 1, rad
        116    7.487E-02,  8.965E-01,  4.367E-01         F               0         Blade root 3 Y orientation angle, node 1, rad
        117    1.192E-01, -4.428E-01,  8.887E-01         F               0         Blade root 3 Z orientation angle, node 1, rad
        118    1.027E+01                                 F               0         Blade 1 X translation displacement, node 1, m
        119   -1.017E+01                                 F               0         Blade 1 Y translation displacement, node 1, m
        120   -1.007E+01                                 F               0         Blade 1 Z translation displacement, node 1, m
        121    1.000E+01                                 F               0         Blade 1 X translation displacement, node 2, m
        122   -1.092E+01                                 F               0         Blade 1 Y translation displacement, node 2, m
        123   -1.250E+01                                 F               0         Blade 1 Z translation displacement, node 2, m
        124    6.305E+00                                 F               0         Blade 1 X translation displacement, node 3, m
        125   -2.099E+01                                 F               0         Blade 1 Y translation displacement, node 3, m
        126   -4.554E+01                                 F               0         Blade 1 Z translation displacement, node 3, m
        127    5.518E+00                                 F               0         Blade 1 X translation displacement, node 4, m
        128   -2.314E+01                                 F               0         Blade 1 Y translation displacement, node 4, m
        129   -5.258E+01                                 F               0         Blade 1 Z translation displacement, node 4, m
        130    4.731E+00                                 F               0         Blade 1 X translation displacement, node 5, m
        131   -2.528E+01                                 F               0         Blade 1 Y translation displacement, node 5, m
        132   -5.962E+01                                 F               0         Blade 1 Z translation displacement, node 5, m
        133    3.943E+00                                 F               0         Blade 1 X translation displacement, node 6, m
        134   -2.743E+01                                 F               0         Blade 1 Y translation displacement, node 6, m
        135   -6.666E+01                                 F               0         Blade 1 Z translation displacement, node 6, m
        136    3.156E+00                                 F               0         Blade 1 X translation displacement, node 7, m
        137   -2.958E+01                                 F               0         Blade 1 Y translation displacement, node 7, m
        138   -7.371E+01                                 F               0         Blade 1 Z translation displacement, node 7, m
        139    2.369E+00                                 F               0         Blade 1 X translation displacement, node 8, m
        140   -3.172E+01                                 F               0         Blade 1 Y translation displacement, node 8, m
        141   -8.075E+01                                 F               0         Blade 1 Z translation displacement, node 8, m
        142    1.582E+00                                 F               0         Blade 1 X translation displacement, node 9, m
        143   -3.387E+01                                 F               0         Blade 1 Y translation displacement, node 9, m
        144   -8.779E+01                                 F               0         Blade 1 Z translation displacement, node 9, m
        145    7.947E-01                                 F               0         Blade 1 X translation displacement, node 10, m
        146   -3.602E+01                                 F               0         Blade 1 Y translation displacement, node 10, m
        147   -9.483E+01                                 F               0         Blade 1 Z translation displacement, node 10, m
        148    7.531E-03                                 F               0         Blade 1 X translation displacement, node 11, m
        149   -3.816E+01                                 F               0         Blade 1 Y translation displacement, node 11, m
        150   -1.019E+02                                 F               0         Blade 1 Z translation displacement, node 11, m
        151   -7.798E-01                                 F               0         Blade 1 X translation displacement, node 12, m
        152   -4.031E+01                                 F               0         Blade 1 Y translation displacement, node 12, m
        153   -1.089E+02                                 F               0         Blade 1 Z translation displacement, node 12, m
        154   -1.567E+00                                 F               0         Blade 1 X translation displacement, node 13, m
        155   -4.246E+01                                 F               0         Blade 1 Y translation displacement, node 13, m
        156   -1.160E+02                                 F               0         Blade 1 Z translation displacement, node 13, m
        157   -2.354E+00                                 F               0         Blade 1 X translation displacement, node 14, m
        158   -4.460E+01                                 F               0         Blade 1 Y translation displacement, node 14, m
        159   -1.230E+02                                 F               0         Blade 1 Z translation displacement, node 14, m
        160   -3.141E+00                                 F               0         Blade 1 X translation displacement, node 15, m
        161   -4.675E+01                                 F               0         Blade 1 Y translation displacement, node 15, m
        162   -1.300E+02                                 F               0         Blade 1 Z translation displacement, node 15, m
        163   -3.928E+00                                 F               0         Blade 1 X translation displacement, node 16, m
        164   -4.890E+01                                 F               0         Blade 1 Y translation displacement, node 16, m
        165   -1.371E+02                                 F               0         Blade 1 Z translation displacement, node 16, m
        166   -4.716E+00                                 F               0         Blade 1 X translation displacement, node 17, m
        167   -5.104E+01                                 F               0         Blade 1 Y translation displacement, node 17, m
        168   -1.441E+02                                 F               0         Blade 1 Z translation displacement, node 17, m
        169   -5.503E+00                                 F               0         Blade 1 X translation displacement, node 18, m
        170   -5.319E+01                                 F               0         Blade 1 Y translation displacement, node 18, m
        171   -1.512E+02                                 F               0         Blade 1 Z translation displacement, node 18, m
        172   -6.290E+00                                 F               0         Blade 1 X translation displacement, node 19, m
        173   -5.534E+01                                 F               0         Blade 1 Y translation displacement, node 19, m
        174   -1.582E+02                                 F               0         Blade 1 Z translation displacement, node 19, m
        175   -7.077E+00                                 F               0         Blade 1 X translation displacement, node 20, m
        176   -5.748E+01                                 F               0         Blade 1 Y translation displacement, node 20, m
        177   -1.652E+02                                 F               0         Blade 1 Z translation displacement, node 20, m
        178   -7.864E+00                                 F               0         Blade 1 X translation displacement, node 21, m
        179   -5.963E+01                                 F               0         Blade 1 Y translation displacement, node 21, m
        180   -1.723E+02                                 F               0         Blade 1 Z translation displacement, node 21, m
        181   -8.652E+00                                 F               0         Blade 1 X translation displacement, node 22, m
        182   -6.178E+01                                 F               0         Blade 1 Y translation displacement, node 22, m
        183   -1.793E+02                                 F               0         Blade 1 Z translation displacement, node 22, m
        184   -9.439E+00                                 F               0         Blade 1 X translation displacement, node 23, m
        185   -6.393E+01                                 F               0         Blade 1 Y translation displacement, node 23, m
        186   -1.864E+02                                 F               0         Blade 1 Z translation displacement, node 23, m
        187   -1.023E+01                                 F               0         Blade 1 X translation displacement, node 24, m
        188   -6.607E+01                                 F               0         Blade 1 Y translation displacement, node 24, m
        189   -1.934E+02                                 F               0         Blade 1 Z translation displacement, node 24, m
        190   -1.101E+01                                 F               0         Blade 1 X translation displacement, node 25, m
        191   -6.822E+01                                 F               0         Blade 1 Y translation displacement, node 25, m
        192   -2.004E+02                                 F               0         Blade 1 Z translation displacement, node 25, m
        193   -1.180E+01                                 F               0         Blade 1 X translation displacement, node 26, m
        194   -7.037E+01                                 F               0         Blade 1 Y translation displacement, node 26, m
        195   -2.075E+02                                 F               0         Blade 1 Z translation displacement, node 26, m
        196   -1.259E+01                                 F               0         Blade 1 X translation displacement, node 27, m
        197   -7.251E+01                                 F               0         Blade 1 Y translation displacement, node 27, m
        198   -2.145E+02                                 F               0         Blade 1 Z translation displacement, node 27, m
        199   -1.325E+01                                 F               0         Blade 1 X translation displacement, node 28, m
        200   -7.433E+01                                 F               0         Blade 1 Y translation displacement, node 28, m
        201   -2.205E+02                                 F               0         Blade 1 Z translation displacement, node 28, m
        202    8.301E-01,  4.117E-01, -3.762E-01         F               0         Blade 1 X orientation angle, node 1, rad
        203    5.488E-01, -7.228E-01,  4.200E-01         F               0         Blade 1 Y orientation angle, node 1, rad
        204   -9.900E-02, -5.550E-01, -8.259E-01         F               0         Blade 1 Z orientation angle, node 1, rad
        205    8.301E-01,  4.117E-01, -3.762E-01         F               0         Blade 1 X orientation angle, node 2, rad
        206    5.488E-01, -7.228E-01,  4.200E-01         F               0         Blade 1 Y orientation angle, node 2, rad
        207   -9.900E-02, -5.550E-01, -8.259E-01         F               0         Blade 1 Z orientation angle, node 2, rad
        208    9.365E-01,  2.287E-01, -2.659E-01         F               0         Blade 1 X orientation angle, node 3, rad
        209    3.365E-01, -7.998E-01,  4.971E-01         F               0         Blade 1 Y orientation angle, node 3, rad
        210   -9.900E-02, -5.550E-01, -8.259E-01         F               0         Blade 1 Z orientation angle, node 3, rad
        211    9.499E-01,  1.947E-01, -2.447E-01         F               0         Blade 1 X orientation angle, node 4, rad
        212    2.966E-01, -8.087E-01,  5.079E-01         F               0         Blade 1 Y orientation angle, node 4, rad
        213   -9.900E-02, -5.550E-01, -8.259E-01         F               0         Blade 1 Z orientation angle, node 4, rad
        214    9.592E-01,  1.678E-01, -2.277E-01         F               0         Blade 1 X orientation angle, node 5, rad
        215    2.650E-01, -8.147E-01,  5.158E-01         F               0         Blade 1 Y orientation angle, node 5, rad
        216   -9.900E-02, -5.550E-01, -8.259E-01         F               0         Blade 1 Z orientation angle, node 5, rad
        217    9.659E-01,  1.461E-01, -2.140E-01         F               0         Blade 1 X orientation angle, node 6, rad
        218    2.394E-01, -8.189E-01,  5.216E-01         F               0         Blade 1 Y orientation angle, node 6, rad
        219   -9.900E-02, -5.550E-01, -8.259E-01         F               0         Blade 1 Z orientation angle, node 6, rad
        220    9.708E-01,  1.282E-01, -2.025E-01         F               0         Blade 1 X orientation angle, node 7, rad
        221    2.183E-01, -8.219E-01,  5.262E-01         F               0         Blade 1 Y orientation angle, node 7, rad
        222   -9.900E-02, -5.550E-01, -8.259E-01         F               0         Blade 1 Z orientation angle, node 7, rad
        223    9.747E-01,  1.133E-01, -1.929E-01         F               0         Blade 1 X orientation angle, node 8, rad
        224    2.006E-01, -8.241E-01,  5.298E-01         F               0         Blade 1 Y orientation angle, node 8, rad
        225   -9.900E-02, -5.550E-01, -8.259E-01         F               0         Blade 1 Z orientation angle, node 8, rad
        226    9.776E-01,  1.006E-01, -1.848E-01         F               0         Blade 1 X orientation angle, node 9, rad
        227    1.856E-01, -8.257E-01,  5.327E-01         F               0         Blade 1 Y orientation angle, node 9, rad
        228   -9.900E-02, -5.550E-01, -8.259E-01         F               0         Blade 1 Z orientation angle, node 9, rad
        229    9.800E-01,  8.963E-02, -1.777E-01         F               0         Blade 1 X orientation angle, node 10, rad
        230    1.727E-01, -8.270E-01,  5.351E-01         F               0         Blade 1 Y orientation angle, node 10, rad
        231   -9.900E-02, -5.550E-01, -8.259E-01         F               0         Blade 1 Z orientation angle, node 10, rad
        232    9.819E-01,  8.024E-02, -1.716E-01         F               0         Blade 1 X orientation angle, node 11, rad
        233    1.615E-01, -8.279E-01,  5.370E-01         F               0         Blade 1 Y orientation angle, node 11, rad
        234   -9.900E-02, -5.550E-01, -8.259E-01         F               0         Blade 1 Z orientation angle, node 11, rad
        235    9.834E-01,  7.200E-02, -1.663E-01         F               0         Blade 1 X orientation angle, node 12, rad
        236    1.518E-01, -8.287E-01,  5.387E-01         F               0         Blade 1 Y orientation angle, node 12, rad
        237   -9.900E-02, -5.550E-01, -8.259E-01         F               0         Blade 1 Z orientation angle, node 12, rad
        238    9.847E-01,  6.477E-02, -1.616E-01         F               0         Blade 1 X orientation angle, node 13, rad
        239    1.432E-01, -8.293E-01,  5.402E-01         F               0         Blade 1 Y orientation angle, node 13, rad
        240   -9.900E-02, -5.550E-01, -8.259E-01         F               0         Blade 1 Z orientation angle, node 13, rad
        241    9.858E-01,  5.825E-02, -1.573E-01         F               0         Blade 1 X orientation angle, node 14, rad
        242    1.354E-01, -8.298E-01,  5.414E-01         F               0         Blade 1 Y orientation angle, node 14, rad
        243   -9.900E-02, -5.550E-01, -8.259E-01         F               0         Blade 1 Z orientation angle, node 14, rad
        244    9.868E-01,  5.246E-02, -1.535E-01         F               0         Blade 1 X orientation angle, node 15, rad
        245    1.285E-01, -8.302E-01,  5.425E-01         F               0         Blade 1 Y orientation angle, node 15, rad
        246   -9.900E-02, -5.550E-01, -8.259E-01         F               0         Blade 1 Z orientation angle, node 15, rad
        247    9.875E-01,  4.724E-02, -1.501E-01         F               0         Blade 1 X orientation angle, node 16, rad
        248    1.223E-01, -8.305E-01,  5.434E-01         F               0         Blade 1 Y orientation angle, node 16, rad
        249   -9.900E-02, -5.550E-01, -8.259E-01         F               0         Blade 1 Z orientation angle, node 16, rad
        250    9.882E-01,  4.260E-02, -1.471E-01         F               0         Blade 1 X orientation angle, node 17, rad
        251    1.168E-01, -8.307E-01,  5.443E-01         F               0         Blade 1 Y orientation angle, node 17, rad
        252   -9.900E-02, -5.550E-01, -8.259E-01         F               0         Blade 1 Z orientation angle, node 17, rad
        253    9.888E-01,  3.825E-02, -1.442E-01         F               0         Blade 1 X orientation angle, node 18, rad
        254    1.116E-01, -8.309E-01,  5.450E-01         F               0         Blade 1 Y orientation angle, node 18, rad
        255   -9.900E-02, -5.550E-01, -8.259E-01         F               0         Blade 1 Z orientation angle, node 18, rad
        256    9.893E-01,  3.434E-02, -1.417E-01         F               0         Blade 1 X orientation angle, node 19, rad
        257    1.070E-01, -8.311E-01,  5.457E-01         F               0         Blade 1 Y orientation angle, node 19, rad
        258   -9.900E-02, -5.550E-01, -8.259E-01         F               0         Blade 1 Z orientation angle, node 19, rad
        259    9.898E-01,  3.086E-02, -1.394E-01         F               0         Blade 1 X orientation angle, node 20, rad
        260    1.028E-01, -8.313E-01,  5.463E-01         F               0         Blade 1 Y orientation angle, node 20, rad
        261   -9.900E-02, -5.550E-01, -8.259E-01         F               0         Blade 1 Z orientation angle, node 20, rad
        262    9.902E-01,  2.752E-02, -1.372E-01         F               0         Blade 1 X orientation angle, node 21, rad
        263    9.887E-02, -8.314E-01,  5.469E-01         F               0         Blade 1 Y orientation angle, node 21, rad
        264   -9.900E-02, -5.550E-01, -8.259E-01         F               0         Blade 1 Z orientation angle, node 21, rad
        265    9.905E-01,  2.447E-02, -1.352E-01         F               0         Blade 1 X orientation angle, node 22, rad
        266    9.524E-02, -8.315E-01,  5.474E-01         F               0         Blade 1 Y orientation angle, node 22, rad
        267   -9.900E-02, -5.550E-01, -8.259E-01         F               0         Blade 1 Z orientation angle, node 22, rad
        268    9.908E-01,  2.171E-02, -1.334E-01         F               0         Blade 1 X orientation angle, node 23, rad
        269    9.195E-02, -8.315E-01,  5.478E-01         F               0         Blade 1 Y orientation angle, node 23, rad
        270   -9.900E-02, -5.550E-01, -8.259E-01         F               0         Blade 1 Z orientation angle, node 23, rad
        271    9.911E-01,  1.910E-02, -1.316E-01         F               0         Blade 1 X orientation angle, node 24, rad
        272    8.884E-02, -8.316E-01,  5.482E-01         F               0         Blade 1 Y orientation angle, node 24, rad
        273   -9.900E-02, -5.550E-01, -8.259E-01         F               0         Blade 1 Z orientation angle, node 24, rad
        274    9.914E-01,  1.663E-02, -1.300E-01         F               0         Blade 1 X orientation angle, node 25, rad
        275    8.590E-02, -8.317E-01,  5.486E-01         F               0         Blade 1 Y orientation angle, node 25, rad
        276   -9.900E-02, -5.550E-01, -8.259E-01         F               0         Blade 1 Z orientation angle, node 25, rad
        277    9.916E-01,  1.446E-02, -1.286E-01         F               0         Blade 1 X orientation angle, node 26, rad
        278    8.330E-02, -8.317E-01,  5.489E-01         F               0         Blade 1 Y orientation angle, node 26, rad
        279   -9.900E-02, -5.550E-01, -8.259E-01         F               0         Blade 1 Z orientation angle, node 26, rad
        280    9.918E-01,  1.228E-02, -1.271E-01         F               0         Blade 1 X orientation angle, node 27, rad
        281    8.071E-02, -8.317E-01,  5.493E-01         F               0         Blade 1 Y orientation angle, node 27, rad
        282   -9.900E-02, -5.550E-01, -8.259E-01         F               0         Blade 1 Z orientation angle, node 27, rad
        283    9.919E-01,  1.112E-02, -1.264E-01         F               0         Blade 1 X orientation angle, node 28, rad
        284    7.932E-02, -8.318E-01,  5.495E-01         F               0         Blade 1 Y orientation angle, node 28, rad
        285   -9.900E-02, -5.550E-01, -8.259E-01         F               0         Blade 1 Z orientation angle, node 28, rad
        286   -4.000E-01                                 F               0         Blade 1 X translation velocity, node 1, m/s
        287    4.118E+00                                 F               0         Blade 1 Y translation velocity, node 1, m/s
        288   -2.723E+00                                 F               0         Blade 1 Z translation velocity, node 1, m/s
        289   -4.961E-01                                 F               0         Blade 1 X translation velocity, node 2, m/s
        290    5.110E+00                                 F               0         Blade 1 Y translation velocity, node 2, m/s
        291   -3.378E+00                                 F               0         Blade 1 Z translation velocity, node 2, m/s
        292   -1.802E+00                                 F               0         Blade 1 X translation velocity, node 3, m/s
        293    1.860E+01                                 F               0         Blade 1 Y translation velocity, node 3, m/s
        294   -1.229E+01                                 F               0         Blade 1 Z translation velocity, node 3, m/s
        295   -2.081E+00                                 F               0         Blade 1 X translation velocity, node 4, m/s
        296    2.148E+01                                 F               0         Blade 1 Y translation velocity, node 4, m/s
        297   -1.419E+01                                 F               0         Blade 1 Z translation velocity, node 4, m/s
        298   -2.359E+00                                 F               0         Blade 1 X translation velocity, node 5, m/s
        299    2.435E+01                                 F               0         Blade 1 Y translation velocity, node 5, m/s
        300   -1.609E+01                                 F               0         Blade 1 Z translation velocity, node 5, m/s
        301   -2.637E+00                                 F               0         Blade 1 X translation velocity, node 6, m/s
        302    2.723E+01                                 F               0         Blade 1 Y translation velocity, node 6, m/s
        303   -1.799E+01                                 F               0         Blade 1 Z translation velocity, node 6, m/s
        304   -2.916E+00                                 F               0         Blade 1 X translation velocity, node 7, m/s
        305    3.010E+01                                 F               0         Blade 1 Y translation velocity, node 7, m/s
        306   -1.988E+01                                 F               0         Blade 1 Z translation velocity, node 7, m/s
        307   -3.194E+00                                 F               0         Blade 1 X translation velocity, node 8, m/s
