
Linearized model: Predictions were generated on 13-Feb-2024 at 11:29:37 using OpenFAST, compiled as a 64-bit application using single precision at commit v3.5.1
 linked with  NWTC Subroutine Library; ElastoDyn; InflowWind; AeroDyn; ServoDyn; HydroDyn; MAP++ (<1.20.10>, <Oct-20-2023>)

Description from the FAST input file: CCT-9 Campign 4 model. Input files to be run with OpenFAST 3.5.0. GitHub branch from Lu Wang (https://github.com/luwang00/openfast/tree/dev) compiled on March 7, 2023.

Simulation information:
   Simulation time:                  1214.8000 s
   Rotor Speed:                         0.7916 rad/s
   Azimuth:                             3.1467 rad
   Wind Speed:                         16.0000 m/s
   Number of continuous states:         0
   Number of discrete states:           0
   Number of constraint states:         0
   Number of inputs:                 1746
   Number of outputs:                   4
   Jacobians included in this file?    No

Order of inputs:
     Column   Operating Point                                                   Rotating Frame? Derivative Order Description
   ---------- ---------------                                                   --------------- ---------------- -----------
          1     1.07031536102E+001                                                     F               0         Tower X translation displacement, node 1, m
          2    -1.55834972858E+000                                                     F               0         Tower Y translation displacement, node 1, m
          3    -2.74963796139E-001                                                     F               0         Tower Z translation displacement, node 1, m
          4     1.20892744064E+001                                                     F               0         Tower X translation displacement, node 2, m
          5    -2.19152474403E+000                                                     F               0         Tower Y translation displacement, node 2, m
          6    -3.69305163622E-001                                                     F               0         Tower Z translation displacement, node 2, m
          7     1.34753952026E+001                                                     F               0         Tower X translation displacement, node 3, m
          8    -2.82469987869E+000                                                     F               0         Tower Y translation displacement, node 3, m
          9    -4.63644444942E-001                                                     F               0         Tower Z translation displacement, node 3, m
         10     1.48615159988E+001                                                     F               0         Tower X translation displacement, node 4, m
         11    -3.45787501335E+000                                                     F               0         Tower Y translation displacement, node 4, m
         12    -5.57983934879E-001                                                     F               0         Tower Z translation displacement, node 4, m
         13     1.62476387024E+001                                                     F               0         Tower X translation displacement, node 5, m
         14    -4.09105062485E+000                                                     F               0         Tower Y translation displacement, node 5, m
         15    -6.52320563793E-001                                                     F               0         Tower Z translation displacement, node 5, m
         16     1.76337585449E+001                                                     F               0         Tower X translation displacement, node 6, m
         17    -4.72422504425E+000                                                     F               0         Tower Y translation displacement, node 6, m
         18    -7.46667802334E-001                                                     F               0         Tower Z translation displacement, node 6, m
         19     1.90198802948E+001                                                     F               0         Tower X translation displacement, node 7, m
         20    -5.35740041733E+000                                                     F               0         Tower Y translation displacement, node 7, m
         21    -8.41001033783E-001                                                     F               0         Tower Z translation displacement, node 7, m
         22     2.04060001373E+001                                                     F               0         Tower X translation displacement, node 8, m
         23    -5.99057531357E+000                                                     F               0         Tower Y translation displacement, node 8, m
         24    -9.35346364975E-001                                                     F               0         Tower Z translation displacement, node 8, m
         25     2.17921218872E+001                                                     F               0         Tower X translation displacement, node 9, m
         26    -6.62375068665E+000                                                     F               0         Tower Y translation displacement, node 9, m
         27    -1.02968263626E+000                                                     F               0         Tower Z translation displacement, node 9, m
         28     2.31782436371E+001                                                     F               0         Tower X translation displacement, node 10, m
         29    -7.25692605972E+000                                                     F               0         Tower Y translation displacement, node 10, m
         30    -1.12402498722E+000                                                     F               0         Tower Z translation displacement, node 10, m
         31     2.45643634796E+001                                                     F               0         Tower X translation displacement, node 11, m
         32    -7.89010095596E+000                                                     F               0         Tower Y translation displacement, node 11, m
         33    -1.21836423874E+000                                                     F               0         Tower Z translation displacement, node 11, m
         34     9.93683815002E-001,   3.40858520940E-003,  -1.12164266407E-001         F               0         Tower X orientation angle, node 1, rad
         35     2.36569112167E-003,   9.98680114746E-001,   5.13072088361E-002         F               0         Tower Y orientation angle, node 1, rad
         36     1.12191103399E-001,  -5.12484908104E-002,   9.92364227772E-001         F               0         Tower Z orientation angle, node 1, rad
         37     9.93683815002E-001,   3.40858520940E-003,  -1.12164266407E-001         F               0         Tower X orientation angle, node 2, rad
         38     2.36569112167E-003,   9.98680114746E-001,   5.13072088361E-002         F               0         Tower Y orientation angle, node 2, rad
         39     1.12191103399E-001,  -5.12484908104E-002,   9.92364227772E-001         F               0         Tower Z orientation angle, node 2, rad
         40     9.93683815002E-001,   3.40858520940E-003,  -1.12164266407E-001         F               0         Tower X orientation angle, node 3, rad
         41     2.36569112167E-003,   9.98680114746E-001,   5.13072088361E-002         F               0         Tower Y orientation angle, node 3, rad
         42     1.12191103399E-001,  -5.12484908104E-002,   9.92364227772E-001         F               0         Tower Z orientation angle, node 3, rad
         43     9.93683815002E-001,   3.40858520940E-003,  -1.12164266407E-001         F               0         Tower X orientation angle, node 4, rad
         44     2.36569112167E-003,   9.98680114746E-001,   5.13072088361E-002         F               0         Tower Y orientation angle, node 4, rad
         45     1.12191103399E-001,  -5.12484908104E-002,   9.92364227772E-001         F               0         Tower Z orientation angle, node 4, rad
         46     9.93683815002E-001,   3.40858520940E-003,  -1.12164266407E-001         F               0         Tower X orientation angle, node 5, rad
         47     2.36569112167E-003,   9.98680114746E-001,   5.13072088361E-002         F               0         Tower Y orientation angle, node 5, rad
         48     1.12191103399E-001,  -5.12484908104E-002,   9.92364227772E-001         F               0         Tower Z orientation angle, node 5, rad
         49     9.93683815002E-001,   3.40858520940E-003,  -1.12164266407E-001         F               0         Tower X orientation angle, node 6, rad
         50     2.36569112167E-003,   9.98680114746E-001,   5.13072088361E-002         F               0         Tower Y orientation angle, node 6, rad
         51     1.12191103399E-001,  -5.12484908104E-002,   9.92364227772E-001         F               0         Tower Z orientation angle, node 6, rad
         52     9.93683815002E-001,   3.40858520940E-003,  -1.12164266407E-001         F               0         Tower X orientation angle, node 7, rad
         53     2.36569112167E-003,   9.98680114746E-001,   5.13072088361E-002         F               0         Tower Y orientation angle, node 7, rad
         54     1.12191103399E-001,  -5.12484908104E-002,   9.92364227772E-001         F               0         Tower Z orientation angle, node 7, rad
         55     9.93683815002E-001,   3.40858520940E-003,  -1.12164258957E-001         F               0         Tower X orientation angle, node 8, rad
         56     2.36569112167E-003,   9.98680114746E-001,   5.13072088361E-002         F               0         Tower Y orientation angle, node 8, rad
         57     1.12191103399E-001,  -5.12484908104E-002,   9.92364227772E-001         F               0         Tower Z orientation angle, node 8, rad
         58     9.93683815002E-001,   3.40858544223E-003,  -1.12164266407E-001         F               0         Tower X orientation angle, node 9, rad
         59     2.36569135450E-003,   9.98680114746E-001,   5.13072125614E-002         F               0         Tower Y orientation angle, node 9, rad
         60     1.12191110849E-001,  -5.12484945357E-002,   9.92364227772E-001         F               0         Tower Z orientation angle, node 9, rad
         61     9.93683815002E-001,   3.40858520940E-003,  -1.12164266407E-001         F               0         Tower X orientation angle, node 10, rad
         62     2.36569112167E-003,   9.98680114746E-001,   5.13072088361E-002         F               0         Tower Y orientation angle, node 10, rad
         63     1.12191103399E-001,  -5.12484908104E-002,   9.92364227772E-001         F               0         Tower Z orientation angle, node 10, rad
         64     9.93683815002E-001,   3.40858520940E-003,  -1.12164266407E-001         F               0         Tower X orientation angle, node 11, rad
         65     2.36569112167E-003,   9.98680114746E-001,   5.13072088361E-002         F               0         Tower Y orientation angle, node 11, rad
         66     1.12191103399E-001,  -5.12484908104E-002,   9.92364227772E-001         F               0         Tower Z orientation angle, node 11, rad
         67    -1.99973394047E-004                                                     F               0         Tower X translation velocity, node 1, m/s
         68    -6.68471329845E-004                                                     F               0         Tower Y translation velocity, node 1, m/s
         69    -4.81631373987E-003                                                     F               0         Tower Z translation velocity, node 1, m/s
         70    -2.68620089628E-004                                                     F               0         Tower X translation velocity, node 2, m/s
         71    -1.02010893170E-003                                                     F               0         Tower Y translation velocity, node 2, m/s
         72    -4.82671242207E-003                                                     F               0         Tower Z translation velocity, node 2, m/s
         73    -3.37266799761E-004                                                     F               0         Tower X translation velocity, node 3, m/s
         74    -1.37174676638E-003                                                     F               0         Tower Y translation velocity, node 3, m/s
         75    -4.83711110428E-003                                                     F               0         Tower Z translation velocity, node 3, m/s
         76    -4.05913538998E-004                                                     F               0         Tower X translation velocity, node 4, m/s
         77    -1.72338448465E-003                                                     F               0         Tower Y translation velocity, node 4, m/s
         78    -4.84751025215E-003                                                     F               0         Tower Z translation velocity, node 4, m/s
         79    -4.74560278235E-004                                                     F               0         Tower X translation velocity, node 5, m/s
         80    -2.07502231933E-003                                                     F               0         Tower Y translation velocity, node 5, m/s
         81    -4.85790846869E-003                                                     F               0         Tower Z translation velocity, node 5, m/s
         82    -5.43206930161E-004                                                     F               0         Tower X translation velocity, node 6, m/s
         83    -2.42665968835E-003                                                     F               0         Tower Y translation velocity, node 6, m/s
         84    -4.86830761656E-003                                                     F               0         Tower Z translation velocity, node 6, m/s
         85    -6.11853669398E-004                                                     F               0         Tower X translation velocity, node 7, m/s
         86    -2.77829775587E-003                                                     F               0         Tower Y translation velocity, node 7, m/s
         87    -4.87870583311E-003                                                     F               0         Tower Z translation velocity, node 7, m/s
         88    -6.80500408635E-004                                                     F               0         Tower X translation velocity, node 8, m/s
         89    -3.12993512489E-003                                                     F               0         Tower Y translation velocity, node 8, m/s
         90    -4.88910498098E-003                                                     F               0         Tower Z translation velocity, node 8, m/s
         91    -7.49147147872E-004                                                     F               0         Tower X translation velocity, node 9, m/s
         92    -3.48157342523E-003                                                     F               0         Tower Y translation velocity, node 9, m/s
         93    -4.89950366318E-003                                                     F               0         Tower Z translation velocity, node 9, m/s
         94    -8.17793887109E-004                                                     F               0         Tower X translation velocity, node 10, m/s
         95    -3.83321079426E-003                                                     F               0         Tower Y translation velocity, node 10, m/s
         96    -4.90990234539E-003                                                     F               0         Tower Z translation velocity, node 10, m/s
         97    -8.86440626346E-004                                                     F               0         Tower X translation velocity, node 11, m/s
         98    -4.18484862894E-003                                                     F               0         Tower Y translation velocity, node 11, m/s
         99    -4.92030149326E-003                                                     F               0         Tower Z translation velocity, node 11, m/s
        100     2.55133018494E+001                                                     F               0         Hub X translation displacement, node 1, m
        101    -8.32922554016E+000                                                     F               0         Hub Y translation displacement, node 1, m
        102    -6.68701902032E-002                                                     F               0         Hub Z translation displacement, node 1, m
        103     9.76513147354E-001,   8.74683912843E-003,  -2.15280130506E-001         F               0         Hub X orientation angle, node 1, rad
        104    -3.45748919062E-003,  -9.98410820961E-001,  -5.62486760318E-002         F               0         Hub Y orientation angle, node 1, rad
        105    -2.15430006385E-001,   5.56719005108E-002,  -9.74931061268E-001         F               0         Hub Z orientation angle, node 1, rad
        106     7.73076355457E-001                                                     F               0         Hub X rotation velocity, node 1, rad/s
        107     6.91841309890E-003                                                     F               0         Hub Y rotation velocity, node 1, rad/s
        108    -1.70417860150E-001                                                     F               0         Hub Z rotation velocity, node 1, rad/s
        109     9.67286765575E-001,   1.49127364159E-001,  -2.05225154757E-001         F               0         Blade root 1 X orientation angle, node 1, rad
        110     1.33963614702E-001,  -9.87249553204E-001,  -8.59772041440E-002         F               0         Blade root 1 Y orientation angle, node 1, rad
        111    -2.15430006385E-001,   5.56719005108E-002,  -9.74931061268E-001         F               0         Blade root 1 Z orientation angle, node 1, rad
        112     9.92805540562E-001,  -6.83571025729E-002,  -9.83080714941E-002         F               0         Blade root 2 X orientation angle, node 1, rad
        113    -4.56138961017E-002,   5.43204426765E-001,  -8.38360488415E-001         F               0         Blade root 2 Y orientation angle, node 1, rad
        114     1.10709272325E-001,   8.36813151836E-001,   5.36178290844E-001         F               0         Blade root 2 Z orientation angle, node 1, rad
        115     9.40308630466E-001,  -5.47907426953E-002,  -3.35883319378E-001         F               0         Blade root 3 X orientation angle, node 1, rad
        116     3.23810428381E-001,   4.47736948729E-001,   8.33473742008E-001         F               0         Blade root 3 Y orientation angle, node 1, rad
        117     1.04720726609E-001,  -8.92485082150E-001,   4.38752740622E-001         F               0         Blade root 3 Z orientation angle, node 1, rad
        118     2.37407321930E+001                                                     F               0         Blade 1 X translation displacement, node 1, m
        119    -8.02080249786E+000                                                     F               0         Blade 1 Y translation displacement, node 1, m
        120    -1.09776468277E+001                                                     F               0         Blade 1 Z translation displacement, node 1, m
        121     2.33136177063E+001                                                     F               0         Blade 1 X translation displacement, node 2, m
        122    -7.94648599625E+000                                                     F               0         Blade 1 Y translation displacement, node 2, m
        123    -1.36066789627E+001                                                     F               0         Blade 1 Z translation displacement, node 2, m
        124     1.75056018829E+001                                                     F               0         Blade 1 X translation displacement, node 3, m
        125    -6.93590688705E+000                                                     F               0         Blade 1 Y translation displacement, node 3, m
        126    -4.93569869995E+001                                                     F               0         Blade 1 Z translation displacement, node 3, m
        127     1.62681694031E+001                                                     F               0         Blade 1 X translation displacement, node 4, m
        128    -6.72059679031E+000                                                     F               0         Blade 1 Y translation displacement, node 4, m
        129    -5.69738082886E+001                                                     F               0         Blade 1 Z translation displacement, node 4, m
        130     1.50305013657E+001                                                     F               0         Blade 1 X translation displacement, node 5, m
        131    -6.50524616241E+000                                                     F               0         Blade 1 Y translation displacement, node 5, m
        132    -6.45920639038E+001                                                     F               0         Blade 1 Z translation displacement, node 5, m
        133     1.37930641174E+001                                                     F               0         Blade 1 X translation displacement, node 6, m
        134    -6.28993558884E+000                                                     F               0         Blade 1 Y translation displacement, node 6, m
        135    -7.22089157104E+001                                                     F               0         Blade 1 Z translation displacement, node 6, m
        136     1.25556230545E+001                                                     F               0         Blade 1 X translation displacement, node 7, m
        137    -6.07462406158E+000                                                     F               0         Blade 1 Y translation displacement, node 7, m
        138    -7.98257827759E+001                                                     F               0         Blade 1 Z translation displacement, node 7, m
        139     1.13179607391E+001                                                     F               0         Blade 1 X translation displacement, node 8, m
        140    -5.85927438736E+000                                                     F               0         Blade 1 Y translation displacement, node 8, m
        141    -8.74440231323E+001                                                     F               0         Blade 1 Z translation displacement, node 8, m
        142     1.00805187225E+001                                                     F               0         Blade 1 X translation displacement, node 9, m
        143    -5.64396286011E+000                                                     F               0         Blade 1 Y translation displacement, node 9, m
        144    -9.50608901978E+001                                                     F               0         Blade 1 Z translation displacement, node 9, m
        145     8.84308147430E+000                                                     F               0         Blade 1 X translation displacement, node 10, m
        146    -5.42865228653E+000                                                     F               0         Blade 1 Y translation displacement, node 10, m
        147    -1.02677742004E+002                                                     F               0         Blade 1 Z translation displacement, node 10, m
        148     7.60563945770E+000                                                     F               0         Blade 1 X translation displacement, node 11, m
        149    -5.21334075928E+000                                                     F               0         Blade 1 Y translation displacement, node 11, m
        150    -1.10294609070E+002                                                     F               0         Blade 1 Z translation displacement, node 11, m
        151     6.36798191071E+000                                                     F               0         Blade 1 X translation displacement, node 12, m
        152    -4.99799108505E+000                                                     F               0         Blade 1 Y translation displacement, node 12, m
        153    -1.17912826538E+002                                                     F               0         Blade 1 Z translation displacement, node 12, m
        154     5.13053989410E+000                                                     F               0         Blade 1 X translation displacement, node 13, m
        155    -4.78268003464E+000                                                     F               0         Blade 1 Y translation displacement, node 13, m
        156    -1.25529693604E+002                                                     F               0         Blade 1 Z translation displacement, node 13, m
        157     3.89310288429E+000                                                     F               0         Blade 1 X translation displacement, node 14, m
        158    -4.56736898422E+000                                                     F               0         Blade 1 Y translation displacement, node 14, m
        159    -1.33146545410E+002                                                     F               0         Blade 1 Z translation displacement, node 14, m
        160     2.65543675423E+000                                                     F               0         Blade 1 X translation displacement, node 15, m
        161    -4.35201835632E+000                                                     F               0         Blade 1 Y translation displacement, node 15, m
        162    -1.40764785767E+002                                                     F               0         Blade 1 Z translation displacement, node 15, m
        163     1.41799902916E+000                                                     F               0         Blade 1 X translation displacement, node 16, m
        164    -4.13670778275E+000                                                     F               0         Blade 1 Y translation displacement, node 16, m
        165    -1.48381652832E+002                                                     F               0         Blade 1 Z translation displacement, node 16, m
        166     1.80556431413E-001                                                     F               0         Blade 1 X translation displacement, node 17, m
        167    -3.92139649391E+000                                                     F               0         Blade 1 Y translation displacement, node 17, m
        168    -1.55998519897E+002                                                     F               0         Blade 1 Z translation displacement, node 17, m
        169    -1.05688154697E+000                                                     F               0         Blade 1 X translation displacement, node 18, m
        170    -3.70608568192E+000                                                     F               0         Blade 1 Y translation displacement, node 18, m
        171    -1.63615371704E+002                                                     F               0         Blade 1 Z translation displacement, node 18, m
        172    -2.29454016685E+000                                                     F               0         Blade 1 X translation displacement, node 19, m
        173    -3.49073600769E+000                                                     F               0         Blade 1 Y translation displacement, node 19, m
        174    -1.71233581543E+002                                                     F               0         Blade 1 Z translation displacement, node 19, m
        175    -3.53198289871E+000                                                     F               0         Blade 1 X translation displacement, node 20, m
        176    -3.27542448044E+000                                                     F               0         Blade 1 Y translation displacement, node 20, m
        177    -1.78850448608E+002                                                     F               0         Blade 1 Z translation displacement, node 20, m
        178    -4.76942110062E+000                                                     F               0         Blade 1 X translation displacement, node 21, m
        179    -3.06011366844E+000                                                     F               0         Blade 1 Y translation displacement, node 21, m
        180    -1.86467315674E+002                                                     F               0         Blade 1 Z translation displacement, node 21, m
        181    -6.00708436966E+000                                                     F               0         Blade 1 X translation displacement, node 22, m
        182    -2.84476351738E+000                                                     F               0         Blade 1 Y translation displacement, node 22, m
        183    -1.94085556030E+002                                                     F               0         Blade 1 Z translation displacement, node 22, m
        184    -7.24452686310E+000                                                     F               0         Blade 1 X translation displacement, node 23, m
        185    -2.62945199013E+000                                                     F               0         Blade 1 Y translation displacement, node 23, m
        186    -2.01702423096E+002                                                     F               0         Blade 1 Z translation displacement, node 23, m
        187    -8.48196506500E+000                                                     F               0         Blade 1 X translation displacement, node 24, m
        188    -2.41414117813E+000                                                     F               0         Blade 1 Y translation displacement, node 24, m
        189    -2.09319274902E+002                                                     F               0         Blade 1 Z translation displacement, node 24, m
        190    -9.71940326691E+000                                                     F               0         Blade 1 X translation displacement, node 25, m
        191    -2.19883012772E+000                                                     F               0         Blade 1 Y translation displacement, node 25, m
        192    -2.16936141968E+002                                                     F               0         Blade 1 Z translation displacement, node 25, m
        193    -1.09570665359E+001                                                     F               0         Blade 1 X translation displacement, node 26, m
        194    -1.98348009586E+000                                                     F               0         Blade 1 Y translation displacement, node 26, m
        195    -2.24554382324E+002                                                     F               0         Blade 1 Z translation displacement, node 26, m
        196    -1.21945037842E+001                                                     F               0         Blade 1 X translation displacement, node 27, m
        197    -1.76816916466E+000                                                     F               0         Blade 1 Y translation displacement, node 27, m
        198    -2.32171234131E+002                                                     F               0         Blade 1 Z translation displacement, node 27, m
        199    -1.32435884476E+001                                                     F               0         Blade 1 X translation displacement, node 28, m
        200    -1.58563160896E+000                                                     F               0         Blade 1 Y translation displacement, node 28, m
        201    -2.38628692627E+002                                                     F               0         Blade 1 Z translation displacement, node 28, m
        202     7.99771368504E-001,   5.82916080952E-001,  -1.43438547850E-001         F               0         Blade 1 X orientation angle, node 1, rad
        203     5.60317516327E-001,  -8.10622870922E-001,  -1.70102402568E-001         F               0         Blade 1 Y orientation angle, node 1, rad
        204    -2.15430006385E-001,   5.56719005108E-002,  -9.74931061268E-001         F               0         Blade 1 Z orientation angle, node 1, rad
        205     7.99771368504E-001,   5.82916080952E-001,  -1.43438547850E-001         F               0         Blade 1 X orientation angle, node 2, rad
        206     5.60317516327E-001,  -8.10622870922E-001,  -1.70102402568E-001         F               0         Blade 1 Y orientation angle, node 2, rad
        207    -2.15430006385E-001,   5.56719005108E-002,  -9.74931061268E-001         F               0         Blade 1 Z orientation angle, node 2, rad
        208     9.09783661366E-001,   3.74183654785E-001,  -1.79667249322E-001         F               0         Blade 1 X orientation angle, node 3, rad
        209     3.54800850153E-001,  -9.25682008266E-001,  -1.31259769201E-001         F               0         Blade 1 Y orientation angle, node 3, rad
        210    -2.15430006385E-001,   5.56719005108E-002,  -9.74931061268E-001         F               0         Blade 1 Z orientation angle, node 3, rad
        211     9.23953533173E-001,   3.34763556719E-001,  -1.85049369931E-001         F               0         Blade 1 X orientation angle, node 4, rad
        212     3.16069334745E-001,  -9.40656125546E-001,  -1.23556360602E-001         F               0         Blade 1 Y orientation angle, node 4, rad
        213    -2.15430006385E-001,   5.56719005108E-002,  -9.74931061268E-001         F               0         Blade 1 Z orientation angle, node 4, rad
        214     9.33924853802E-001,   3.03391903639E-001,  -1.89044162631E-001         F               0         Blade 1 X orientation angle, node 5, rad
        215     2.85261720419E-001,  -9.51238155365E-001,  -1.17353089154E-001         F               0         Blade 1 Y orientation angle, node 5, rad
        216    -2.15430006385E-001,   5.56719005108E-002,  -9.74931061268E-001         F               0         Blade 1 Z orientation angle, node 5, rad
        217     9.41163063049E-001,   2.78052687645E-001,  -1.92090541124E-001         F               0         Blade 1 X orientation angle, node 6, rad
        218     2.60388165712E-001,  -9.58951175213E-001,  -1.12297229469E-001         F               0         Blade 1 Y orientation angle, node 6, rad
        219    -2.15430006385E-001,   5.56719005108E-002,  -9.74931061268E-001         F               0         Blade 1 Z orientation angle, node 6, rad
        220     9.46619451046E-001,   2.57067114115E-001,  -1.94494590163E-001         F               0         Blade 1 X orientation angle, node 7, rad
        221     2.39794835448E-001,  -9.64788675308E-001,  -1.08080074191E-001         F               0         Blade 1 Y orientation angle, node 7, rad
        222    -2.15430006385E-001,   5.56719005108E-002,  -9.74931061268E-001         F               0         Blade 1 Z orientation angle, node 7, rad
        223     9.50815856457E-001,   2.39513441920E-001,  -1.96424245834E-001         F               0         Blade 1 X orientation angle, node 8, rad
        224     2.22573786974E-001,  -9.69295620918E-001,  -1.04532107711E-001         F               0         Blade 1 Y orientation angle, node 8, rad
        225    -2.15430006385E-001,   5.56719005108E-002,  -9.74931061268E-001         F               0         Blade 1 Z orientation angle, node 8, rad
        226     9.54122066498E-001,   2.24598482251E-001,  -1.98006495833E-001         F               0         Blade 1 X orientation angle, node 9, rad
        227     2.07944616675E-001,  -9.72859799862E-001,  -1.01503126323E-001         F               0         Blade 1 Y orientation angle, node 9, rad
        228    -2.15430006385E-001,   5.56719936430E-002,  -9.74931061268E-001         F               0         Blade 1 Z orientation angle, node 9, rad
        229     9.56796348095E-001,   2.11674585938E-001,  -1.99335440993E-001         F               0         Blade 1 X orientation angle, node 10, rad
        230     1.95270746946E-001,  -9.75753307343E-001,  -9.88677293062E-002         F               0         Blade 1 Y orientation angle, node 10, rad
        231    -2.15430006385E-001,   5.56719005108E-002,  -9.74931061268E-001         F               0         Blade 1 Z orientation angle, node 10, rad
        232     9.58949983120E-001,   2.00591638684E-001,  -2.00444206595E-001         F               0         Blade 1 X orientation angle, node 11, rad
        233     1.84403896332E-001,  -9.78091835976E-001,  -9.66000482440E-002         F               0         Blade 1 Y orientation angle, node 11, rad
        234    -2.15430006385E-001,   5.56719228625E-002,  -9.74931061268E-001         F               0         Blade 1 Z orientation angle, node 11, rad
        235     9.60737049580E-001,   1.90851449966E-001,  -2.01395288110E-001         F               0         Blade 1 X orientation angle, node 12, rad
        236     1.74854934216E-001,  -9.80038940907E-001,  -9.46011841297E-002         F               0         Blade 1 Y orientation angle, node 12, rad
        237    -2.15430006385E-001,   5.56719005108E-002,  -9.74931061268E-001         F               0         Blade 1 Z orientation angle, node 12, rad
        238     9.62226331234E-001,   1.82291835546E-001,  -2.02213153243E-001         F               0         Blade 1 X orientation angle, node 13, rad
        239     1.66464373469E-001,  -9.81667101383E-001,  -9.28400978446E-002         F               0         Blade 1 Y orientation angle, node 13, rad
        240    -2.15430006385E-001,   5.56719005108E-002,  -9.74931061268E-001         F               0         Blade 1 Z orientation angle, node 13, rad
        241     9.63504076004E-001,   1.74576297402E-001,  -2.02936083078E-001         F               0         Blade 1 X orientation angle, node 14, rad
        242     1.58902019262E-001,  -9.83068525791E-001,  -9.12490561604E-002         F               0         Blade 1 Y orientation angle, node 14, rad
        243    -2.15430006385E-001,   5.56718856096E-002,  -9.74931061268E-001         F               0         Blade 1 Z orientation angle, node 14, rad
        244     9.64589893818E-001,   1.67708992958E-001,  -2.03568160534E-001         F               0         Blade 1 X orientation angle, node 15, rad
        245     1.52171656489E-001,  -9.84263360500E-001,  -8.98301899433E-002         F               0         Blade 1 Y orientation angle, node 15, rad
        246    -2.15430006385E-001,   5.56719936430E-002,  -9.74931061268E-001         F               0         Blade 1 Z orientation angle, node 15, rad
        247     9.65526998043E-001,   1.61521404982E-001,  -2.04128563404E-001         F               0         Blade 1 X orientation angle, node 16, rad
