
Linearized model: Predictions were generated on 13-Feb-2024 at 11:29:37 using OpenFAST, compiled as a 64-bit application using single precision at commit v3.5.1
 linked with  NWTC Subroutine Library; ElastoDyn; InflowWind; AeroDyn; ServoDyn; HydroDyn; MAP++ (<1.20.10>, <Oct-20-2023>)

Description from the FAST input file: CCT-9 Campign 4 model. Input files to be run with OpenFAST 3.5.0. GitHub branch from Lu Wang (https://github.com/luwang00/openfast/tree/dev) compiled on March 7, 2023.

Simulation information:
   Simulation time:                  1211.0500 s
   Rotor Speed:                         0.7916 rad/s
   Azimuth:                             0.1782 rad
   Wind Speed:                         16.0000 m/s
   Number of continuous states:         0
   Number of discrete states:           0
   Number of constraint states:         0
   Number of inputs:                 1746
   Number of outputs:                   4
   Jacobians included in this file?    No

Order of inputs:
     Column   Operating Point                                                   Rotating Frame? Derivative Order Description
   ---------- ---------------                                                   --------------- ---------------- -----------
          1     1.07025051117E+001                                                     F               0         Tower X translation displacement, node 1, m
          2    -1.56095099449E+000                                                     F               0         Tower Y translation displacement, node 1, m
          3    -2.71343737841E-001                                                     F               0         Tower Z translation displacement, node 1, m
          4     1.20883426666E+001                                                     F               0         Tower X translation displacement, node 2, m
          5    -2.19494009018E+000                                                     F               0         Tower Y translation displacement, node 2, m
          6    -3.65695148706E-001                                                     F               0         Tower Z translation displacement, node 2, m
          7     1.34741811752E+001                                                     F               0         Tower X translation displacement, node 3, m
          8    -2.82892942429E+000                                                     F               0         Tower Y translation displacement, node 3, m
          9    -4.60044503212E-001                                                     F               0         Tower Z translation displacement, node 3, m
         10     1.48600187302E+001                                                     F               0         Tower X translation displacement, node 4, m
         11    -3.46291851997E+000                                                     F               0         Tower Y translation displacement, node 4, m
         12    -5.54394066334E-001                                                     F               0         Tower Z translation displacement, node 4, m
         13     1.62458572388E+001                                                     F               0         Tower X translation displacement, node 5, m
         14    -4.09690809250E+000                                                     F               0         Tower Y translation displacement, node 5, m
         15    -6.48740768433E-001                                                     F               0         Tower Z translation displacement, node 5, m
         16     1.76316947937E+001                                                     F               0         Tower X translation displacement, node 6, m
         17    -4.73089694977E+000                                                     F               0         Tower Y translation displacement, node 6, m
         18    -7.43098080158E-001                                                     F               0         Tower Z translation displacement, node 6, m
         19     1.90175342560E+001                                                     F               0         Tower X translation displacement, node 7, m
         20    -5.36488628387E+000                                                     F               0         Tower Y translation displacement, node 7, m
         21    -8.37441384792E-001                                                     F               0         Tower Z translation displacement, node 7, m
         22     2.04033699036E+001                                                     F               0         Tower X translation displacement, node 8, m
         23    -5.99887514114E+000                                                     F               0         Tower Y translation displacement, node 8, m
         24    -9.31796729565E-001                                                     F               0         Tower Z translation displacement, node 8, m
         25     2.17892093658E+001                                                     F               0         Tower X translation displacement, node 9, m
         26    -6.63286495209E+000                                                     F               0         Tower Y translation displacement, node 9, m
         27    -1.02614319324E+000                                                     F               0         Tower Z translation displacement, node 9, m
         28     2.31750469208E+001                                                     F               0         Tower X translation displacement, node 10, m
         29    -7.26685380936E+000                                                     F               0         Tower Y translation displacement, node 10, m
         30    -1.12049555779E+000                                                     F               0         Tower Z translation displacement, node 10, m
         31     2.45608844757E+001                                                     F               0         Tower X translation displacement, node 11, m
         32    -7.90084314346E+000                                                     F               0         Tower Y translation displacement, node 11, m
         33    -1.21484482288E+000                                                     F               0         Tower Z translation displacement, node 11, m
         34     9.93686378002E-001,   3.40254860930E-003,  -1.12141788006E-001         F               0         Tower X orientation angle, node 1, rad
         35     2.37792218104E-003,   9.98676776886E-001,   5.13720624149E-002         F               0         Tower Y orientation angle, node 1, rad
         36     1.12168192863E-001,  -5.13143837452E-002,   9.92363393307E-001         F               0         Tower Z orientation angle, node 1, rad
         37     9.93686378002E-001,   3.40254860930E-003,  -1.12141788006E-001         F               0         Tower X orientation angle, node 2, rad
         38     2.37792218104E-003,   9.98676776886E-001,   5.13720624149E-002         F               0         Tower Y orientation angle, node 2, rad
         39     1.12168192863E-001,  -5.13143837452E-002,   9.92363393307E-001         F               0         Tower Z orientation angle, node 2, rad
         40     9.93686378002E-001,   3.40254860930E-003,  -1.12141788006E-001         F               0         Tower X orientation angle, node 3, rad
         41     2.37792218104E-003,   9.98676776886E-001,   5.13720624149E-002         F               0         Tower Y orientation angle, node 3, rad
         42     1.12168192863E-001,  -5.13143837452E-002,   9.92363393307E-001         F               0         Tower Z orientation angle, node 3, rad
         43     9.93686378002E-001,   3.40254860930E-003,  -1.12141788006E-001         F               0         Tower X orientation angle, node 4, rad
         44     2.37792218104E-003,   9.98676776886E-001,   5.13720624149E-002         F               0         Tower Y orientation angle, node 4, rad
         45     1.12168192863E-001,  -5.13143837452E-002,   9.92363393307E-001         F               0         Tower Z orientation angle, node 4, rad
         46     9.93686378002E-001,   3.40254860930E-003,  -1.12141788006E-001         F               0         Tower X orientation angle, node 5, rad
         47     2.37792218104E-003,   9.98676776886E-001,   5.13720624149E-002         F               0         Tower Y orientation angle, node 5, rad
         48     1.12168192863E-001,  -5.13143837452E-002,   9.92363393307E-001         F               0         Tower Z orientation angle, node 5, rad
         49     9.93686378002E-001,   3.40254860930E-003,  -1.12141788006E-001         F               0         Tower X orientation angle, node 6, rad
         50     2.37792218104E-003,   9.98676776886E-001,   5.13720624149E-002         F               0         Tower Y orientation angle, node 6, rad
         51     1.12168192863E-001,  -5.13143837452E-002,   9.92363393307E-001         F               0         Tower Z orientation angle, node 6, rad
         52     9.93686378002E-001,   3.40254860930E-003,  -1.12141788006E-001         F               0         Tower X orientation angle, node 7, rad
         53     2.37792218104E-003,   9.98676776886E-001,   5.13720624149E-002         F               0         Tower Y orientation angle, node 7, rad
         54     1.12168192863E-001,  -5.13143837452E-002,   9.92363393307E-001         F               0         Tower Z orientation angle, node 7, rad
         55     9.93686378002E-001,   3.40254837647E-003,  -1.12141788006E-001         F               0         Tower X orientation angle, node 8, rad
         56     2.37792194821E-003,   9.98676776886E-001,   5.13720624149E-002         F               0         Tower Y orientation angle, node 8, rad
         57     1.12168192863E-001,  -5.13143837452E-002,   9.92363393307E-001         F               0         Tower Z orientation angle, node 8, rad
         58     9.93686378002E-001,   3.40254860930E-003,  -1.12141788006E-001         F               0         Tower X orientation angle, node 9, rad
         59     2.37792218104E-003,   9.98676776886E-001,   5.13720624149E-002         F               0         Tower Y orientation angle, node 9, rad
         60     1.12168192863E-001,  -5.13143837452E-002,   9.92363393307E-001         F               0         Tower Z orientation angle, node 9, rad
         61     9.93686378002E-001,   3.40254860930E-003,  -1.12141788006E-001         F               0         Tower X orientation angle, node 10, rad
         62     2.37792218104E-003,   9.98676776886E-001,   5.13720624149E-002         F               0         Tower Y orientation angle, node 10, rad
         63     1.12168192863E-001,  -5.13143837452E-002,   9.92363393307E-001         F               0         Tower Z orientation angle, node 10, rad
         64     9.93686378002E-001,   3.40254860930E-003,  -1.12141788006E-001         F               0         Tower X orientation angle, node 11, rad
         65     2.37792218104E-003,   9.98676776886E-001,   5.13720624149E-002         F               0         Tower Y orientation angle, node 11, rad
         66     1.12168192863E-001,  -5.13143837452E-002,   9.92363393307E-001         F               0         Tower Z orientation angle, node 11, rad
         67     2.75625061477E-004                                                     F               0         Tower X translation velocity, node 1, m/s
         68     9.94150410406E-004                                                     F               0         Tower Y translation velocity, node 1, m/s
         69     2.96494876966E-003                                                     F               0         Tower Z translation velocity, node 1, m/s
         70     4.04460413847E-004                                                     F               0         Tower X translation velocity, node 2, m/s
         71     1.39189907350E-003                                                     F               0         Tower Y translation velocity, node 2, m/s
         72     2.97095370479E-003                                                     F               0         Tower Z translation velocity, node 2, m/s
         73     5.33295795321E-004                                                     F               0         Tower X translation velocity, node 3, m/s
         74     1.78964785300E-003                                                     F               0         Tower Y translation velocity, node 3, m/s
         75     2.97695840709E-003                                                     F               0         Tower Z translation velocity, node 3, m/s
         76     6.62131118588E-004                                                     F               0         Tower X translation velocity, node 4, m/s
         77     2.18739663251E-003                                                     F               0         Tower Y translation velocity, node 4, m/s
         78     2.98296334222E-003                                                     F               0         Tower Z translation velocity, node 4, m/s
         79     7.90966558270E-004                                                     F               0         Tower X translation velocity, node 5, m/s
         80     2.58514587767E-003                                                     F               0         Tower Y translation velocity, node 5, m/s
         81     2.98896827735E-003                                                     F               0         Tower Z translation velocity, node 5, m/s
         82     9.19801939745E-004                                                     F               0         Tower X translation velocity, node 6, m/s
         83     2.98289442435E-003                                                     F               0         Tower Y translation velocity, node 6, m/s
         84     2.99497321248E-003                                                     F               0         Tower Z translation velocity, node 6, m/s
         85     1.04863720480E-003                                                     F               0         Tower X translation velocity, node 7, m/s
         86     3.38064343669E-003                                                     F               0         Tower Y translation velocity, node 7, m/s
         87     3.00097814761E-003                                                     F               0         Tower Z translation velocity, node 7, m/s
         88     1.17747264449E-003                                                     F               0         Tower X translation velocity, node 8, m/s
         89     3.77839198336E-003                                                     F               0         Tower Y translation velocity, node 8, m/s
         90     3.00698261708E-003                                                     F               0         Tower Z translation velocity, node 8, m/s
         91     1.30630820058E-003                                                     F               0         Tower X translation velocity, node 9, m/s
         92     4.17614076287E-003                                                     F               0         Tower Y translation velocity, node 9, m/s
         93     3.01298778504E-003                                                     F               0         Tower Z translation velocity, node 9, m/s
         94     1.43514352385E-003                                                     F               0         Tower X translation velocity, node 10, m/s
         95     4.57388954237E-003                                                     F               0         Tower Y translation velocity, node 10, m/s
         96     3.01899248734E-003                                                     F               0         Tower Z translation velocity, node 10, m/s
         97     1.56397873070E-003                                                     F               0         Tower X translation velocity, node 11, m/s
         98     4.97163878754E-003                                                     F               0         Tower Y translation velocity, node 11, m/s
         99     3.02499742247E-003                                                     F               0         Tower Z translation velocity, node 11, m/s
        100     2.55096149445E+001                                                     F               0         Hub X translation displacement, node 1, m
        101    -8.34041976929E+000                                                     F               0         Hub Y translation displacement, node 1, m
        102    -6.35999515653E-002                                                     F               0         Hub Z translation displacement, node 1, m
        103     9.76518094540E-001,   8.74772295356E-003,  -2.15257689357E-001         F               0         Hub X orientation angle, node 1, rad
        104     4.05256226659E-002,   9.73879039288E-001,   2.23421648145E-001         F               0         Hub Y orientation angle, node 1, rad
        105     2.11589381099E-001,  -2.26898744702E-001,   9.50656056404E-001         F               0         Hub Z orientation angle, node 1, rad
        106     7.73025155067E-001                                                     F               0         Hub X rotation velocity, node 1, rad/s
        107     6.93564116955E-003                                                     F               0         Hub Y rotation velocity, node 1, rad/s
        108    -1.70408576727E-001                                                     F               0         Hub Z rotation velocity, node 1, rad/s
        109     9.61103379726E-001,  -1.28356784582E-001,  -2.44550347328E-001         F               0         Blade root 1 X orientation angle, node 1, rad
        110     1.77511319518E-001,   9.65422987938E-001,   1.90914213657E-001         F               0         Blade root 1 Y orientation angle, node 1, rad
        111     2.11589381099E-001,  -2.26898744702E-001,   9.50656056404E-001         F               0         Blade root 1 Z orientation angle, node 1, rad
        112     9.43875074387E-001,   1.04815557599E-001,  -3.13230782747E-001         F               0         Blade root 2 X orientation angle, node 1, rad
        113     2.98746675253E-001,  -6.75410926342E-001,   6.74218416214E-001         F               0         Blade root 2 Y orientation angle, node 1, rad
        114    -1.40890911222E-001,  -7.29954659939E-001,  -6.68816864491E-001         F               0         Blade root 2 Z orientation angle, node 1, rad
        115     9.95436608791E-001,   4.95233722031E-002,  -8.15686509013E-002         F               0         Blade root 3 X orientation angle, node 1, rad
        116    -6.40916079283E-002,  -2.86319822073E-001,  -9.55988109112E-001         F               0         Blade root 3 Y orientation angle, node 1, rad
        117    -7.06984773278E-002,   9.56853389740E-001,  -2.81839191914E-001         F               0         Blade root 3 Z orientation angle, node 1, rad
        118     2.61027336121E+001                                                     F               0         Blade 1 X translation displacement, node 1, m
        119    -9.59743881226E+000                                                     F               0         Blade 1 Y translation displacement, node 1, m
        120    -3.06624382734E-001                                                     F               0         Blade 1 Z translation displacement, node 1, m
        121     2.62456493378E+001                                                     F               0         Blade 1 X translation displacement, node 2, m
        122    -9.90032672882E+000                                                     F               0         Blade 1 Y translation displacement, node 2, m
        123    -3.65178793669E-001                                                     F               0         Blade 1 Z translation displacement, node 2, m
        124     2.81890621185E+001                                                     F               0         Blade 1 X translation displacement, node 3, m
        125    -1.40190849304E+001                                                     F               0         Blade 1 Y translation displacement, node 3, m
        126    -1.16144692898E+000                                                     F               0         Blade 1 Z translation displacement, node 3, m
        127     2.86031188965E+001                                                     F               0         Blade 1 X translation displacement, node 4, m
        128    -1.48966112137E+001                                                     F               0         Blade 1 Y translation displacement, node 4, m
        129    -1.33110487461E+000                                                     F               0         Blade 1 Z translation displacement, node 4, m
        130     2.90172538757E+001                                                     F               0         Blade 1 X translation displacement, node 5, m
        131    -1.57743034363E+001                                                     F               0         Blade 1 Y translation displacement, node 5, m
        132    -1.50077939034E+000                                                     F               0         Blade 1 Z translation displacement, node 5, m
        133     2.94313106537E+001                                                     F               0         Blade 1 X translation displacement, node 6, m
        134    -1.66518325806E+001                                                     F               0         Blade 1 Y translation displacement, node 6, m
        135    -1.67043781281E+000                                                     F               0         Blade 1 Z translation displacement, node 6, m
        136     2.98453693390E+001                                                     F               0         Blade 1 X translation displacement, node 7, m
        137    -1.75293655396E+001                                                     F               0         Blade 1 Y translation displacement, node 7, m
        138    -1.84008336067E+000                                                     F               0         Blade 1 Z translation displacement, node 7, m
        139     3.02595024109E+001                                                     F               0         Blade 1 X translation displacement, node 8, m
        140    -1.84070549011E+001                                                     F               0         Blade 1 Y translation displacement, node 8, m
        141    -2.00977253914E+000                                                     F               0         Blade 1 Z translation displacement, node 8, m
        142     3.06735610962E+001                                                     F               0         Blade 1 X translation displacement, node 9, m
        143    -1.92845859528E+001                                                     F               0         Blade 1 Y translation displacement, node 9, m
        144    -2.17941617966E+000                                                     F               0         Blade 1 Z translation displacement, node 9, m
        145     3.10876178741E+001                                                     F               0         Blade 1 X translation displacement, node 10, m
        146    -2.01621170044E+001                                                     F               0         Blade 1 Y translation displacement, node 10, m
        147    -2.34907460213E+000                                                     F               0         Blade 1 Z translation displacement, node 10, m
        148     3.15016765594E+001                                                     F               0         Blade 1 X translation displacement, node 11, m
        149    -2.10396480560E+001                                                     F               0         Blade 1 Y translation displacement, node 11, m
        150    -2.51871824265E+000                                                     F               0         Blade 1 Z translation displacement, node 11, m
        151     3.19158077240E+001                                                     F               0         Blade 1 X translation displacement, node 12, m
        152    -2.19173355103E+001                                                     F               0         Blade 1 Y translation displacement, node 12, m
        153    -2.68840718269E+000                                                     F               0         Blade 1 Z translation displacement, node 12, m
        154     3.23298683167E+001                                                     F               0         Blade 1 X translation displacement, node 13, m
        155    -2.27948684692E+001                                                     F               0         Blade 1 Y translation displacement, node 13, m
        156    -2.85805082321E+000                                                     F               0         Blade 1 Z translation displacement, node 13, m
        157     3.27439231873E+001                                                     F               0         Blade 1 X translation displacement, node 14, m
        158    -2.36723976135E+001                                                     F               0         Blade 1 Y translation displacement, node 14, m
        159    -3.02770924568E+000                                                     F               0         Blade 1 Z translation displacement, node 14, m
        160     3.31580581665E+001                                                     F               0         Blade 1 X translation displacement, node 15, m
        161    -2.45500869751E+001                                                     F               0         Blade 1 Y translation displacement, node 15, m
        162    -3.19738864899E+000                                                     F               0         Blade 1 Z translation displacement, node 15, m
        163     3.35721168518E+001                                                     F               0         Blade 1 X translation displacement, node 16, m
        164    -2.54276180267E+001                                                     F               0         Blade 1 Y translation displacement, node 16, m
        165    -3.36704468727E+000                                                     F               0         Blade 1 Z translation displacement, node 16, m
        166     3.39861755371E+001                                                     F               0         Blade 1 X translation displacement, node 17, m
        167    -2.63051528931E+001                                                     F               0         Blade 1 Y translation displacement, node 17, m
        168    -3.53668594360E+000                                                     F               0         Blade 1 Z translation displacement, node 17, m
        169     3.44002342224E+001                                                     F               0         Blade 1 X translation displacement, node 18, m
        170    -2.71826820374E+001                                                     F               0         Blade 1 Y translation displacement, node 18, m
        171    -3.70634174347E+000                                                     F               0         Blade 1 Z translation displacement, node 18, m
        172     3.48143653870E+001                                                     F               0         Blade 1 X translation displacement, node 19, m
        173    -2.80603675842E+001                                                     F               0         Blade 1 Y translation displacement, node 19, m
        174    -3.87602806091E+000                                                     F               0         Blade 1 Z translation displacement, node 19, m
        175     3.52284240723E+001                                                     F               0         Blade 1 X translation displacement, node 20, m
        176    -2.89379005432E+001                                                     F               0         Blade 1 Y translation displacement, node 20, m
        177    -4.04566907883E+000                                                     F               0         Blade 1 Z translation displacement, node 20, m
        178     3.56424827576E+001                                                     F               0         Blade 1 X translation displacement, node 21, m
        179    -2.98154315948E+001                                                     F               0         Blade 1 Y translation displacement, node 21, m
        180    -4.21532535553E+000                                                     F               0         Blade 1 Z translation displacement, node 21, m
        181     3.60566139221E+001                                                     F               0         Blade 1 X translation displacement, node 22, m
        182    -3.06931209564E+001                                                     F               0         Blade 1 Y translation displacement, node 22, m
        183    -4.38501167297E+000                                                     F               0         Blade 1 Z translation displacement, node 22, m
        184     3.64706726074E+001                                                     F               0         Blade 1 X translation displacement, node 23, m
        185    -3.15706539154E+001                                                     F               0         Blade 1 Y translation displacement, node 23, m
        186    -4.55465269089E+000                                                     F               0         Blade 1 Z translation displacement, node 23, m
        187     3.68847312927E+001                                                     F               0         Blade 1 X translation displacement, node 24, m
        188    -3.24481849670E+001                                                     F               0         Blade 1 Y translation displacement, node 24, m
        189    -4.72430896759E+000                                                     F               0         Blade 1 Z translation displacement, node 24, m
        190     3.72987899780E+001                                                     F               0         Blade 1 X translation displacement, node 25, m
        191    -3.33257141113E+001                                                     F               0         Blade 1 Y translation displacement, node 25, m
        192    -4.89396476746E+000                                                     F               0         Blade 1 Z translation displacement, node 25, m
        193     3.77129249573E+001                                                     F               0         Blade 1 X translation displacement, node 26, m
        194    -3.42034034729E+001                                                     F               0         Blade 1 Y translation displacement, node 26, m
        195    -5.06365203857E+000                                                     F               0         Blade 1 Z translation displacement, node 26, m
        196     3.81269798279E+001                                                     F               0         Blade 1 X translation displacement, node 27, m
        197    -3.50809326172E+001                                                     F               0         Blade 1 Y translation displacement, node 27, m
        198    -5.23330736160E+000                                                     F               0         Blade 1 Z translation displacement, node 27, m
        199     3.84780120850E+001                                                     F               0         Blade 1 X translation displacement, node 28, m
        200    -3.58248939514E+001                                                     F               0         Blade 1 Y translation displacement, node 28, m
        201    -5.37711668015E+000                                                     F               0         Blade 1 Z translation displacement, node 28, m
        202     7.74410068989E-001,  -5.54477691650E-001,  -3.04702460766E-001         F               0         Blade 1 X orientation angle, node 1, rad
        203     5.96254169941E-001,   8.00669372082E-001,   5.83910755813E-002         F               0         Blade 1 Y orientation angle, node 1, rad
        204     2.11589381099E-001,  -2.26898744702E-001,   9.50656056404E-001         F               0         Blade 1 Z orientation angle, node 1, rad
        205     7.74410068989E-001,  -5.54477691650E-001,  -3.04702460766E-001         F               0         Blade 1 X orientation angle, node 2, rad
        206     5.96254169941E-001,   8.00669372082E-001,   5.83910755813E-002         F               0         Blade 1 Y orientation angle, node 2, rad
        207     2.11589381099E-001,  -2.26898744702E-001,   9.50656056404E-001         F               0         Blade 1 Z orientation angle, node 2, rad
        208     8.93662214279E-001,  -3.48914563656E-001,  -2.82181680202E-001         F               0         Blade 1 X orientation angle, node 3, rad
        209     3.95724385977E-001,   9.09272015095E-001,   1.28944218159E-001         F               0         Blade 1 Y orientation angle, node 3, rad
        210     2.11589381099E-001,  -2.26898744702E-001,   9.50656056404E-001         F               0         Blade 1 Z orientation angle, node 3, rad
        211     9.09574449062E-001,  -3.10209900141E-001,  -2.76485413313E-001         F               0         Blade 1 X orientation angle, node 4, rad
        212     3.57637107372E-001,   9.23193812370E-001,   1.40744164586E-001         F               0         Blade 1 Y orientation angle, node 4, rad
        213     2.11589381099E-001,  -2.26898744702E-001,   9.50656056404E-001         F               0         Blade 1 Z orientation angle, node 4, rad
        214     9.20931875706E-001,  -2.79430687428E-001,  -2.71667003632E-001         F               0         Blade 1 X orientation angle, node 5, rad
        215     3.27283382416E-001,   9.32971298695E-001,   1.49833709002E-001         F               0         Blade 1 Y orientation angle, node 5, rad
        216     2.11589381099E-001,  -2.26898744702E-001,   9.50656056404E-001         F               0         Blade 1 Z orientation angle, node 5, rad
        217     9.29289281368E-001,  -2.54584461451E-001,  -2.67596960068E-001         F               0         Blade 1 X orientation angle, node 6, rad
        218     3.02739679813E-001,   9.40055191517E-001,   1.56987205148E-001         F               0         Blade 1 Y orientation angle, node 6, rad
        219     2.11589381099E-001,  -2.26898744702E-001,   9.50656056404E-001         F               0         Blade 1 Z orientation angle, node 6, rad
        220     9.35672402382E-001,  -2.34016701579E-001,  -2.64108598232E-001         F               0         Blade 1 X orientation angle, node 7, rad
        221     2.82395303249E-001,   9.45385158062E-001,   1.62787437439E-001         F               0         Blade 1 Y orientation angle, node 7, rad
        222     2.11589381099E-001,  -2.26898744702E-001,   9.50656056404E-001         F               0         Blade 1 Z orientation angle, node 7, rad
        223     9.40643846989E-001,  -2.16819003224E-001,  -2.61110454798E-001         F               0         Blade 1 X orientation angle, node 8, rad
        224     2.65365928411E-001,   9.49476957321E-001,   1.67554304004E-001         F               0         Blade 1 Y orientation angle, node 8, rad
        225     2.11589381099E-001,  -2.26898744702E-001,   9.50656056404E-001         F               0         Blade 1 Z orientation angle, node 8, rad
        226     9.44608449936E-001,  -2.02211081982E-001,  -2.58506298065E-001         F               0         Blade 1 X orientation angle, node 9, rad
        227     2.50887930393E-001,   9.52694952488E-001,   1.71544745564E-001         F               0         Blade 1 Y orientation angle, node 9, rad
        228     2.11589381099E-001,  -2.26898729801E-001,   9.50656056404E-001         F               0         Blade 1 Z orientation angle, node 9, rad
        229     9.47853207588E-001,  -1.89556643367E-001,  -2.56208151579E-001         F               0         Blade 1 X orientation angle, node 10, rad
        230     2.38336473703E-001,   9.55293297768E-001,   1.74958527088E-001         F               0         Blade 1 Y orientation angle, node 10, rad
        231     2.11589381099E-001,  -2.26898744702E-001,   9.50656056404E-001         F               0         Blade 1 Z orientation angle, node 10, rad
        232     9.50495958328E-001,  -1.78707212210E-001,  -2.54206866026E-001         F               0         Blade 1 X orientation angle, node 11, rad
        233     2.27568313479E-001,   9.57382202148E-001,   1.77853792906E-001         F               0         Blade 1 Y orientation angle, node 11, rad
        234     2.11589381099E-001,  -2.26898744702E-001,   9.50656056404E-001         F               0         Blade 1 Z orientation angle, node 11, rad
        235     9.52712833881E-001,  -1.69174134731E-001,  -2.52424985170E-001         F               0         Blade 1 X orientation angle, node 12, rad
        236     2.18101322651E-001,   9.59112644196E-001,   1.80373892188E-001         F               0         Blade 1 Y orientation angle, node 12, rad
        237     2.11589381099E-001,  -2.26898744702E-001,   9.50656056404E-001         F               0         Blade 1 Z orientation angle, node 12, rad
        238     9.54579830170E-001,  -1.60797953606E-001,  -2.50841319561E-001         F               0         Blade 1 X orientation angle, node 13, rad
        239     2.09779128432E-001,   9.60552453995E-001,   1.82569816709E-001         F               0         Blade 1 Y orientation angle, node 13, rad
        240     2.11589381099E-001,  -2.26898744702E-001,   9.50656056404E-001         F               0         Blade 1 Z orientation angle, node 13, rad
        241     9.56197977066E-001,  -1.53248921037E-001,  -2.49399706721E-001         F               0         Blade 1 X orientation angle, node 14, rad
        242     2.02275484800E-001,   9.61785674095E-001,   1.84534281492E-001         F               0         Blade 1 Y orientation angle, node 14, rad
        243     2.11589381099E-001,  -2.26898744702E-001,   9.50656056404E-001         F               0         Blade 1 Z orientation angle, node 14, rad
        244     9.57586824894E-001,  -1.46530702710E-001,  -2.48105332255E-001         F               0         Blade 1 X orientation angle, node 15, rad
        245     1.95595085621E-001,   9.62832152843E-001,   1.86270892620E-001         F               0         Blade 1 Y orientation angle, node 15, rad
        246     2.11589381099E-001,  -2.26898729801E-001,   9.50656056404E-001         F               0         Blade 1 Z orientation angle, node 15, rad
        247     9.58796858788E-001,  -1.40478193760E-001,  -2.46930077672E-001         F               0         Blade 1 X orientation angle, node 16, rad
