
Linearized model: Predictions were generated on 31-Jan-2024 at 12:35:17 using OpenFAST, compiled as a 64-bit application using single precision at commit v3.5.1
 linked with  NWTC Subroutine Library; ElastoDyn; InflowWind; AeroDyn; ServoDyn; HydroDyn; MAP++ (<1.20.10>, <Oct-20-2023>)

Description from the FAST input file: CCT-9 Campign 4 model. Input files to be run with OpenFAST 3.5.0. GitHub branch from Lu Wang (https://github.com/luwang00/openfast/tree/dev) compiled on March 7, 2023.

Simulation information:
   Simulation time:                   504.4500 s
   Rotor Speed:                         0.8939 rad/s
   Azimuth:                             4.7234 rad
   Wind Speed:                         10.0000 m/s
   Number of continuous states:         0
   Number of discrete states:           0
   Number of constraint states:         0
   Number of inputs:                 1746
   Number of outputs:                   4
   Jacobians included in this file?    No

Order of inputs:
     Column   Operating Point                     Rotating Frame? Derivative Order Description
   ---------- ---------------                     --------------- ---------------- -----------
          1    8.513E+00                                 F               0         Tower X translation displacement, node 1, m
          2   -1.355E+00                                 F               0         Tower Y translation displacement, node 1, m
          3   -8.777E-02                                 F               0         Tower Z translation displacement, node 1, m
          4    8.749E+00                                 F               0         Tower X translation displacement, node 2, m
          5   -1.887E+00                                 F               0         Tower Y translation displacement, node 2, m
          6   -1.015E-01                                 F               0         Tower Z translation displacement, node 2, m
          7    8.999E+00                                 F               0         Tower X translation displacement, node 3, m
          8   -2.420E+00                                 F               0         Tower Y translation displacement, node 3, m
          9   -1.155E-01                                 F               0         Tower Z translation displacement, node 3, m
         10    9.259E+00                                 F               0         Tower X translation displacement, node 4, m
         11   -2.952E+00                                 F               0         Tower Y translation displacement, node 4, m
         12   -1.297E-01                                 F               0         Tower Z translation displacement, node 4, m
         13    9.527E+00                                 F               0         Tower X translation displacement, node 5, m
         14   -3.485E+00                                 F               0         Tower Y translation displacement, node 5, m
         15   -1.441E-01                                 F               0         Tower Z translation displacement, node 5, m
         16    9.800E+00                                 F               0         Tower X translation displacement, node 6, m
         17   -4.017E+00                                 F               0         Tower Y translation displacement, node 6, m
         18   -1.586E-01                                 F               0         Tower Z translation displacement, node 6, m
         19    1.008E+01                                 F               0         Tower X translation displacement, node 7, m
         20   -4.549E+00                                 F               0         Tower Y translation displacement, node 7, m
         21   -1.732E-01                                 F               0         Tower Z translation displacement, node 7, m
         22    1.036E+01                                 F               0         Tower X translation displacement, node 8, m
         23   -5.082E+00                                 F               0         Tower Y translation displacement, node 8, m
         24   -1.879E-01                                 F               0         Tower Z translation displacement, node 8, m
         25    1.064E+01                                 F               0         Tower X translation displacement, node 9, m
         26   -5.614E+00                                 F               0         Tower Y translation displacement, node 9, m
         27   -2.026E-01                                 F               0         Tower Z translation displacement, node 9, m
         28    1.093E+01                                 F               0         Tower X translation displacement, node 10, m
         29   -6.146E+00                                 F               0         Tower Y translation displacement, node 10, m
         30   -2.174E-01                                 F               0         Tower Z translation displacement, node 10, m
         31    1.121E+01                                 F               0         Tower X translation displacement, node 11, m
         32   -6.679E+00                                 F               0         Tower Y translation displacement, node 11, m
         33   -2.321E-01                                 F               0         Tower Z translation displacement, node 11, m
         34    9.998E-01,  7.494E-03, -1.841E-02         F               0         Tower X orientation angle, node 1, rad
         35   -6.692E-03,  9.990E-01,  4.325E-02         F               0         Tower Y orientation angle, node 1, rad
         36    1.872E-02, -4.312E-02,  9.989E-01         F               0         Tower Z orientation angle, node 1, rad
         37    9.998E-01,  7.538E-03, -1.943E-02         F               0         Tower X orientation angle, node 2, rad
         38   -6.692E-03,  9.990E-01,  4.325E-02         F               0         Tower Y orientation angle, node 2, rad
         39    1.974E-02, -4.311E-02,  9.989E-01         F               0         Tower Z orientation angle, node 2, rad
         40    9.998E-01,  7.575E-03, -2.030E-02         F               0         Tower X orientation angle, node 3, rad
         41   -6.692E-03,  9.990E-01,  4.325E-02         F               0         Tower Y orientation angle, node 3, rad
         42    2.061E-02, -4.310E-02,  9.989E-01         F               0         Tower Z orientation angle, node 3, rad
         43    9.998E-01,  7.606E-03, -2.102E-02         F               0         Tower X orientation angle, node 4, rad
         44   -6.692E-03,  9.990E-01,  4.325E-02         F               0         Tower Y orientation angle, node 4, rad
         45    2.132E-02, -4.310E-02,  9.988E-01         F               0         Tower Z orientation angle, node 4, rad
         46    9.997E-01,  7.631E-03, -2.158E-02         F               0         Tower X orientation angle, node 5, rad
         47   -6.692E-03,  9.990E-01,  4.325E-02         F               0         Tower Y orientation angle, node 5, rad
         48    2.189E-02, -4.309E-02,  9.988E-01         F               0         Tower Z orientation angle, node 5, rad
         49    9.997E-01,  7.649E-03, -2.201E-02         F               0         Tower X orientation angle, node 6, rad
         50   -6.692E-03,  9.990E-01,  4.325E-02         F               0         Tower Y orientation angle, node 6, rad
         51    2.232E-02, -4.309E-02,  9.988E-01         F               0         Tower Z orientation angle, node 6, rad
         52    9.997E-01,  7.662E-03, -2.232E-02         F               0         Tower X orientation angle, node 7, rad
         53   -6.692E-03,  9.990E-01,  4.325E-02         F               0         Tower Y orientation angle, node 7, rad
         54    2.263E-02, -4.309E-02,  9.988E-01         F               0         Tower Z orientation angle, node 7, rad
         55    9.997E-01,  7.671E-03, -2.252E-02         F               0         Tower X orientation angle, node 8, rad
         56   -6.692E-03,  9.990E-01,  4.325E-02         F               0         Tower Y orientation angle, node 8, rad
         57    2.283E-02, -4.308E-02,  9.988E-01         F               0         Tower Z orientation angle, node 8, rad
         58    9.997E-01,  7.677E-03, -2.265E-02         F               0         Tower X orientation angle, node 9, rad
         59   -6.692E-03,  9.990E-01,  4.325E-02         F               0         Tower Y orientation angle, node 9, rad
         60    2.296E-02, -4.308E-02,  9.988E-01         F               0         Tower Z orientation angle, node 9, rad
         61    9.997E-01,  7.679E-03, -2.272E-02         F               0         Tower X orientation angle, node 10, rad
         62   -6.692E-03,  9.990E-01,  4.325E-02         F               0         Tower Y orientation angle, node 10, rad
         63    2.303E-02, -4.308E-02,  9.988E-01         F               0         Tower Z orientation angle, node 10, rad
         64    9.997E-01,  7.681E-03, -2.275E-02         F               0         Tower X orientation angle, node 11, rad
         65   -6.692E-03,  9.990E-01,  4.325E-02         F               0         Tower Y orientation angle, node 11, rad
         66    2.306E-02, -4.308E-02,  9.988E-01         F               0         Tower Z orientation angle, node 11, rad
         67   -1.613E-03                                 F               0         Tower X translation velocity, node 1, m/s
         68    1.390E-06                                 F               0         Tower Y translation velocity, node 1, m/s
         69   -7.804E-03                                 F               0         Tower Z translation velocity, node 1, m/s
         70   -1.608E-03                                 F               0         Tower X translation velocity, node 2, m/s
         71    2.372E-06                                 F               0         Tower Y translation velocity, node 2, m/s
         72   -7.804E-03                                 F               0         Tower Z translation velocity, node 2, m/s
         73   -1.595E-03                                 F               0         Tower X translation velocity, node 3, m/s
         74    3.468E-06                                 F               0         Tower Y translation velocity, node 3, m/s
         75   -7.804E-03                                 F               0         Tower Z translation velocity, node 3, m/s
         76   -1.575E-03                                 F               0         Tower X translation velocity, node 4, m/s
         77    4.654E-06                                 F               0         Tower Y translation velocity, node 4, m/s
         78   -7.805E-03                                 F               0         Tower Z translation velocity, node 4, m/s
         79   -1.549E-03                                 F               0         Tower X translation velocity, node 5, m/s
         80    5.917E-06                                 F               0         Tower Y translation velocity, node 5, m/s
         81   -7.805E-03                                 F               0         Tower Z translation velocity, node 5, m/s
         82   -1.518E-03                                 F               0         Tower X translation velocity, node 6, m/s
         83    7.245E-06                                 F               0         Tower Y translation velocity, node 6, m/s
         84   -7.806E-03                                 F               0         Tower Z translation velocity, node 6, m/s
         85   -1.483E-03                                 F               0         Tower X translation velocity, node 7, m/s
         86    8.621E-06                                 F               0         Tower Y translation velocity, node 7, m/s
         87   -7.806E-03                                 F               0         Tower Z translation velocity, node 7, m/s
         88   -1.444E-03                                 F               0         Tower X translation velocity, node 8, m/s
         89    1.004E-05                                 F               0         Tower Y translation velocity, node 8, m/s
         90   -7.807E-03                                 F               0         Tower Z translation velocity, node 8, m/s
         91   -1.403E-03                                 F               0         Tower X translation velocity, node 9, m/s
         92    1.149E-05                                 F               0         Tower Y translation velocity, node 9, m/s
         93   -7.808E-03                                 F               0         Tower Z translation velocity, node 9, m/s
         94   -1.359E-03                                 F               0         Tower X translation velocity, node 10, m/s
         95    1.296E-05                                 F               0         Tower Y translation velocity, node 10, m/s
         96   -7.809E-03                                 F               0         Tower Z translation velocity, node 10, m/s
         97   -1.313E-03                                 F               0         Tower X translation velocity, node 11, m/s
         98    1.445E-05                                 F               0         Tower Y translation velocity, node 11, m/s
         99   -7.810E-03                                 F               0         Tower Z translation velocity, node 11, m/s
        100    1.139E+01                                 F               0         Hub X translation displacement, node 1, m
        101   -7.100E+00                                 F               0         Hub Y translation displacement, node 1, m
        102    4.178E-03                                 F               0         Hub Z translation displacement, node 1, m
        103    9.918E-01,  1.214E-02, -1.270E-01         F               0         Hub X orientation angle, node 1, rad
        104   -1.275E-01,  5.304E-02, -9.904E-01         F               0         Hub Y orientation angle, node 1, rad
        105   -5.289E-03,  9.985E-01,  5.415E-02         F               0         Hub Z orientation angle, node 1, rad
        106    8.866E-01                                 F               0         Hub X rotation velocity, node 1, rad/s
        107    1.086E-02                                 F               0         Hub Y rotation velocity, node 1, rad/s
        108   -1.135E-01                                 F               0         Hub Z rotation velocity, node 1, rad/s
        109    9.952E-01,  1.056E-02, -9.759E-02         F               0         Blade root 1 X orientation angle, node 1, rad
        110   -9.801E-02,  5.337E-02, -9.938E-01         F               0         Blade root 1 Y orientation angle, node 1, rad
        111   -5.289E-03,  9.985E-01,  5.415E-02         F               0         Blade root 1 Z orientation angle, node 1, rad
        112    9.896E-01, -1.273E-02, -1.431E-01         F               0         Blade root 2 X orientation angle, node 1, rad
        113    8.856E-02,  8.382E-01,  5.381E-01         F               0         Blade root 2 Y orientation angle, node 1, rad
        114    1.131E-01, -5.452E-01,  8.307E-01         F               0         Blade root 2 Z orientation angle, node 1, rad
        115    9.894E-01,  3.858E-02, -1.403E-01         F               0         Blade root 3 X orientation angle, node 1, rad
        116    9.772E-02, -8.905E-01,  4.443E-01         F               0         Blade root 3 Y orientation angle, node 1, rad
        117   -1.078E-01, -4.533E-01, -8.848E-01         F               0         Blade root 3 Z orientation angle, node 1, rad
        118    1.079E+01                                 F               0         Blade 1 X translation displacement, node 1, m
        119   -1.568E+00                                 F               0         Blade 1 Y translation displacement, node 1, m
        120   -5.205E+00                                 F               0         Blade 1 Z translation displacement, node 1, m
        121    1.064E+01                                 F               0         Blade 1 X translation displacement, node 2, m
        122   -2.351E-01                                 F               0         Blade 1 Y translation displacement, node 2, m
        123   -6.461E+00                                 F               0         Blade 1 Z translation displacement, node 2, m
        124    8.646E+00                                 F               0         Blade 1 X translation displacement, node 3, m
        125    1.789E+01                                 F               0         Blade 1 Y translation displacement, node 3, m
        126   -2.353E+01                                 F               0         Blade 1 Z translation displacement, node 3, m
        127    8.222E+00                                 F               0         Blade 1 X translation displacement, node 4, m
        128    2.175E+01                                 F               0         Blade 1 Y translation displacement, node 4, m
        129   -2.717E+01                                 F               0         Blade 1 Z translation displacement, node 4, m
        130    7.797E+00                                 F               0         Blade 1 X translation displacement, node 5, m
        131    2.561E+01                                 F               0         Blade 1 Y translation displacement, node 5, m
        132   -3.081E+01                                 F               0         Blade 1 Z translation displacement, node 5, m
        133    7.372E+00                                 F               0         Blade 1 X translation displacement, node 6, m
        134    2.948E+01                                 F               0         Blade 1 Y translation displacement, node 6, m
        135   -3.444E+01                                 F               0         Blade 1 Z translation displacement, node 6, m
        136    6.947E+00                                 F               0         Blade 1 X translation displacement, node 7, m
        137    3.334E+01                                 F               0         Blade 1 Y translation displacement, node 7, m
        138   -3.808E+01                                 F               0         Blade 1 Z translation displacement, node 7, m
        139    6.523E+00                                 F               0         Blade 1 X translation displacement, node 8, m
        140    3.720E+01                                 F               0         Blade 1 Y translation displacement, node 8, m
        141   -4.172E+01                                 F               0         Blade 1 Z translation displacement, node 8, m
        142    6.098E+00                                 F               0         Blade 1 X translation displacement, node 9, m
        143    4.106E+01                                 F               0         Blade 1 Y translation displacement, node 9, m
        144   -4.535E+01                                 F               0         Blade 1 Z translation displacement, node 9, m
        145    5.673E+00                                 F               0         Blade 1 X translation displacement, node 10, m
        146    4.492E+01                                 F               0         Blade 1 Y translation displacement, node 10, m
        147   -4.899E+01                                 F               0         Blade 1 Z translation displacement, node 10, m
        148    5.249E+00                                 F               0         Blade 1 X translation displacement, node 11, m
        149    4.879E+01                                 F               0         Blade 1 Y translation displacement, node 11, m
        150   -5.263E+01                                 F               0         Blade 1 Z translation displacement, node 11, m
        151    4.824E+00                                 F               0         Blade 1 X translation displacement, node 12, m
        152    5.265E+01                                 F               0         Blade 1 Y translation displacement, node 12, m
        153   -5.626E+01                                 F               0         Blade 1 Z translation displacement, node 12, m
        154    4.399E+00                                 F               0         Blade 1 X translation displacement, node 13, m
        155    5.651E+01                                 F               0         Blade 1 Y translation displacement, node 13, m
        156   -5.990E+01                                 F               0         Blade 1 Z translation displacement, node 13, m
        157    3.974E+00                                 F               0         Blade 1 X translation displacement, node 14, m
        158    6.037E+01                                 F               0         Blade 1 Y translation displacement, node 14, m
        159   -6.354E+01                                 F               0         Blade 1 Z translation displacement, node 14, m
        160    3.549E+00                                 F               0         Blade 1 X translation displacement, node 15, m
        161    6.423E+01                                 F               0         Blade 1 Y translation displacement, node 15, m
        162   -6.718E+01                                 F               0         Blade 1 Z translation displacement, node 15, m
        163    3.125E+00                                 F               0         Blade 1 X translation displacement, node 16, m
        164    6.810E+01                                 F               0         Blade 1 Y translation displacement, node 16, m
        165   -7.081E+01                                 F               0         Blade 1 Z translation displacement, node 16, m
        166    2.700E+00                                 F               0         Blade 1 X translation displacement, node 17, m
        167    7.196E+01                                 F               0         Blade 1 Y translation displacement, node 17, m
        168   -7.445E+01                                 F               0         Blade 1 Z translation displacement, node 17, m
        169    2.275E+00                                 F               0         Blade 1 X translation displacement, node 18, m
        170    7.582E+01                                 F               0         Blade 1 Y translation displacement, node 18, m
        171   -7.809E+01                                 F               0         Blade 1 Z translation displacement, node 18, m
        172    1.851E+00                                 F               0         Blade 1 X translation displacement, node 19, m
        173    7.968E+01                                 F               0         Blade 1 Y translation displacement, node 19, m
        174   -8.172E+01                                 F               0         Blade 1 Z translation displacement, node 19, m
        175    1.426E+00                                 F               0         Blade 1 X translation displacement, node 20, m
        176    8.354E+01                                 F               0         Blade 1 Y translation displacement, node 20, m
        177   -8.536E+01                                 F               0         Blade 1 Z translation displacement, node 20, m
        178    1.001E+00                                 F               0         Blade 1 X translation displacement, node 21, m
        179    8.741E+01                                 F               0         Blade 1 Y translation displacement, node 21, m
        180   -8.900E+01                                 F               0         Blade 1 Z translation displacement, node 21, m
        181    5.763E-01                                 F               0         Blade 1 X translation displacement, node 22, m
        182    9.127E+01                                 F               0         Blade 1 Y translation displacement, node 22, m
        183   -9.264E+01                                 F               0         Blade 1 Z translation displacement, node 22, m
        184    1.516E-01                                 F               0         Blade 1 X translation displacement, node 23, m
        185    9.513E+01                                 F               0         Blade 1 Y translation displacement, node 23, m
        186   -9.627E+01                                 F               0         Blade 1 Z translation displacement, node 23, m
        187   -2.731E-01                                 F               0         Blade 1 X translation displacement, node 24, m
        188    9.899E+01                                 F               0         Blade 1 Y translation displacement, node 24, m
        189   -9.991E+01                                 F               0         Blade 1 Z translation displacement, node 24, m
        190   -6.979E-01                                 F               0         Blade 1 X translation displacement, node 25, m
        191    1.029E+02                                 F               0         Blade 1 Y translation displacement, node 25, m
        192   -1.035E+02                                 F               0         Blade 1 Z translation displacement, node 25, m
        193   -1.123E+00                                 F               0         Blade 1 X translation displacement, node 26, m
        194    1.067E+02                                 F               0         Blade 1 Y translation displacement, node 26, m
        195   -1.072E+02                                 F               0         Blade 1 Z translation displacement, node 26, m
        196   -1.547E+00                                 F               0         Blade 1 X translation displacement, node 27, m
        197    1.106E+02                                 F               0         Blade 1 Y translation displacement, node 27, m
        198   -1.108E+02                                 F               0         Blade 1 Z translation displacement, node 27, m
        199   -1.907E+00                                 F               0         Blade 1 X translation displacement, node 28, m
        200    1.139E+02                                 F               0         Blade 1 Y translation displacement, node 28, m
        201   -1.139E+02                                 F               0         Blade 1 Z translation displacement, node 28, m
        202    9.304E-01, -1.494E-02,  3.663E-01         F               0         Blade 1 X orientation angle, node 1, rad
        203    3.666E-01,  5.232E-02, -9.289E-01         F               0         Blade 1 Y orientation angle, node 1, rad
        204   -5.289E-03,  9.985E-01,  5.415E-02         F               0         Blade 1 Z orientation angle, node 1, rad
        205    9.304E-01, -1.494E-02,  3.663E-01         F               0         Blade 1 X orientation angle, node 2, rad
        206    3.666E-01,  5.232E-02, -9.289E-01         F               0         Blade 1 Y orientation angle, node 2, rad
        207   -5.289E-03,  9.985E-01,  5.415E-02         F               0         Blade 1 Z orientation angle, node 2, rad
        208    9.907E-01, -2.112E-03,  1.357E-01         F               0         Blade 1 X orientation angle, node 3, rad
        209    1.356E-01,  5.437E-02, -9.893E-01         F               0         Blade 1 Y orientation angle, node 3, rad
        210   -5.289E-03,  9.985E-01,  5.415E-02         F               0         Blade 1 Z orientation angle, node 3, rad
        211    9.956E-01,  1.852E-04,  9.382E-02         F               0         Blade 1 X orientation angle, node 4, rad
        212    9.367E-02,  5.441E-02, -9.941E-01         F               0         Blade 1 Y orientation angle, node 4, rad
        213   -5.289E-03,  9.985E-01,  5.415E-02         F               0         Blade 1 Z orientation angle, node 4, rad
        214    9.981E-01,  1.989E-03,  6.081E-02         F               0         Blade 1 X orientation angle, node 5, rad
        215    6.061E-02,  5.437E-02, -9.967E-01         F               0         Blade 1 Y orientation angle, node 5, rad
        216   -5.289E-03,  9.985E-01,  5.415E-02         F               0         Blade 1 Z orientation angle, node 5, rad
        217    9.994E-01,  3.431E-03,  3.435E-02         F               0         Blade 1 X orientation angle, node 6, rad
        218    3.412E-02,  5.430E-02, -9.979E-01         F               0         Blade 1 Y orientation angle, node 6, rad
        219   -5.289E-03,  9.985E-01,  5.415E-02         F               0         Blade 1 Z orientation angle, node 6, rad
        220    9.999E-01,  4.614E-03,  1.257E-02         F               0         Blade 1 X orientation angle, node 7, rad
        221    1.231E-02,  5.421E-02, -9.985E-01         F               0         Blade 1 Y orientation angle, node 7, rad
        222   -5.289E-03,  9.985E-01,  5.415E-02         F               0         Blade 1 Z orientation angle, node 7, rad
        223    1.000E+00,  5.597E-03, -5.550E-03         F               0         Blade 1 X orientation angle, node 8, rad
        224   -5.845E-03,  5.412E-02, -9.985E-01         F               0         Blade 1 Y orientation angle, node 8, rad
        225   -5.289E-03,  9.985E-01,  5.415E-02         F               0         Blade 1 Z orientation angle, node 8, rad
        226    9.998E-01,  6.428E-03, -2.088E-02         F               0         Blade 1 X orientation angle, node 9, rad
        227   -2.120E-02,  5.403E-02, -9.983E-01         F               0         Blade 1 Y orientation angle, node 9, rad
        228   -5.289E-03,  9.985E-01,  5.415E-02         F               0         Blade 1 Z orientation angle, node 9, rad
        229    9.994E-01,  7.144E-03, -3.412E-02         F               0         Blade 1 X orientation angle, node 10, rad
        230   -3.446E-02,  5.394E-02, -9.979E-01         F               0         Blade 1 Y orientation angle, node 10, rad
        231   -5.289E-03,  9.985E-01,  5.415E-02         F               0         Blade 1 Z orientation angle, node 10, rad
        232    9.989E-01,  7.755E-03, -4.544E-02         F               0         Blade 1 X orientation angle, node 11, rad
        233   -4.580E-02,  5.385E-02, -9.975E-01         F               0         Blade 1 Y orientation angle, node 11, rad
        234   -5.289E-03,  9.985E-01,  5.415E-02         F               0         Blade 1 Z orientation angle, node 11, rad
        235    9.984E-01,  8.291E-03, -5.536E-02         F               0         Blade 1 X orientation angle, node 12, rad
        236   -5.573E-02,  5.377E-02, -9.970E-01         F               0         Blade 1 Y orientation angle, node 12, rad
        237   -5.289E-03,  9.985E-01,  5.415E-02         F               0         Blade 1 Z orientation angle, node 12, rad
        238    9.979E-01,  8.760E-03, -6.406E-02         F               0         Blade 1 X orientation angle, node 13, rad
        239   -6.444E-02,  5.370E-02, -9.965E-01         F               0         Blade 1 Y orientation angle, node 13, rad
        240   -5.289E-03,  9.985E-01,  5.415E-02         F               0         Blade 1 Z orientation angle, node 13, rad
        241    9.974E-01,  9.181E-03, -7.189E-02         F               0         Blade 1 X orientation angle, node 14, rad
        242   -7.228E-02,  5.363E-02, -9.959E-01         F               0         Blade 1 Y orientation angle, node 14, rad
        243   -5.289E-03,  9.985E-01,  5.415E-02         F               0         Blade 1 Z orientation angle, node 14, rad
        244    9.968E-01,  9.555E-03, -7.884E-02         F               0         Blade 1 X orientation angle, node 15, rad
        245   -7.924E-02,  5.356E-02, -9.954E-01         F               0         Blade 1 Y orientation angle, node 15, rad
        246   -5.289E-03,  9.985E-01,  5.415E-02         F               0         Blade 1 Z orientation angle, node 15, rad
        247    9.963E-01,  9.892E-03, -8.509E-02         F               0         Blade 1 X orientation angle, node 16, rad
        248   -8.550E-02,  5.350E-02, -9.949E-01         F               0         Blade 1 Y orientation angle, node 16, rad
        249   -5.289E-03,  9.985E-01,  5.415E-02         F               0         Blade 1 Z orientation angle, node 16, rad
        250    9.958E-01,  1.019E-02, -9.065E-02         F               0         Blade 1 X orientation angle, node 17, rad
        251   -9.106E-02,  5.345E-02, -9.944E-01         F               0         Blade 1 Y orientation angle, node 17, rad
        252   -5.289E-03,  9.985E-01,  5.415E-02         F               0         Blade 1 Z orientation angle, node 17, rad
        253    9.953E-01,  1.047E-02, -9.585E-02         F               0         Blade 1 X orientation angle, node 18, rad
        254   -9.628E-02,  5.339E-02, -9.939E-01         F               0         Blade 1 Y orientation angle, node 18, rad
        255   -5.289E-03,  9.985E-01,  5.415E-02         F               0         Blade 1 Z orientation angle, node 18, rad
        256    9.949E-01,  1.072E-02, -1.005E-01         F               0         Blade 1 X orientation angle, node 19, rad
        257   -1.010E-01,  5.334E-02, -9.935E-01         F               0         Blade 1 Y orientation angle, node 19, rad
        258   -5.289E-03,  9.985E-01,  5.415E-02         F               0         Blade 1 Z orientation angle, node 19, rad
        259    9.944E-01,  1.094E-02, -1.047E-01         F               0         Blade 1 X orientation angle, node 20, rad
        260   -1.051E-01,  5.330E-02, -9.930E-01         F               0         Blade 1 Y orientation angle, node 20, rad
        261   -5.289E-03,  9.985E-01,  5.415E-02         F               0         Blade 1 Z orientation angle, node 20, rad
        262    9.940E-01,  1.116E-02, -1.087E-01         F               0         Blade 1 X orientation angle, node 21, rad
        263   -1.091E-01,  5.325E-02, -9.926E-01         F               0         Blade 1 Y orientation angle, node 21, rad
        264   -5.289E-03,  9.985E-01,  5.415E-02         F               0         Blade 1 Z orientation angle, node 21, rad
        265    9.936E-01,  1.135E-02, -1.123E-01         F               0         Blade 1 X orientation angle, node 22, rad
        266   -1.128E-01,  5.321E-02, -9.922E-01         F               0         Blade 1 Y orientation angle, node 22, rad
        267   -5.289E-03,  9.985E-01,  5.415E-02         F               0         Blade 1 Z orientation angle, node 22, rad
        268    9.932E-01,  1.153E-02, -1.156E-01         F               0         Blade 1 X orientation angle, node 23, rad
        269   -1.161E-01,  5.317E-02, -9.918E-01         F               0         Blade 1 Y orientation angle, node 23, rad
        270   -5.289E-03,  9.985E-01,  5.415E-02         F               0         Blade 1 Z orientation angle, node 23, rad
        271    9.929E-01,  1.170E-02, -1.187E-01         F               0         Blade 1 X orientation angle, node 24, rad
        272   -1.192E-01,  5.314E-02, -9.914E-01         F               0         Blade 1 Y orientation angle, node 24, rad
        273   -5.289E-03,  9.985E-01,  5.415E-02         F               0         Blade 1 Z orientation angle, node 24, rad
        274    9.925E-01,  1.185E-02, -1.217E-01         F               0         Blade 1 X orientation angle, node 25, rad
        275   -1.221E-01,  5.310E-02, -9.911E-01         F               0         Blade 1 Y orientation angle, node 25, rad
        276   -5.289E-03,  9.985E-01,  5.415E-02         F               0         Blade 1 Z orientation angle, node 25, rad
        277    9.922E-01,  1.199E-02, -1.243E-01         F               0         Blade 1 X orientation angle, node 26, rad
        278   -1.247E-01,  5.307E-02, -9.908E-01         F               0         Blade 1 Y orientation angle, node 26, rad
        279   -5.289E-03,  9.985E-01,  5.415E-02         F               0         Blade 1 Z orientation angle, node 26, rad
        280    9.918E-01,  1.213E-02, -1.269E-01         F               0         Blade 1 X orientation angle, node 27, rad
        281   -1.273E-01,  5.304E-02, -9.904E-01         F               0         Blade 1 Y orientation angle, node 27, rad
        282   -5.289E-03,  9.985E-01,  5.415E-02         F               0         Blade 1 Z orientation angle, node 27, rad
        283    9.917E-01,  1.221E-02, -1.282E-01         F               0         Blade 1 X orientation angle, node 28, rad
        284   -1.287E-01,  5.302E-02, -9.903E-01         F               0         Blade 1 Y orientation angle, node 28, rad
        285   -5.289E-03,  9.985E-01,  5.415E-02         F               0         Blade 1 Z orientation angle, node 28, rad
        286    6.301E-01                                 F               0         Blade 1 X translation velocity, node 1, m/s
        287   -2.627E-01                                 F               0         Blade 1 Y translation velocity, node 1, m/s
        288    4.897E+00                                 F               0         Blade 1 Z translation velocity, node 1, m/s
        289    7.822E-01                                 F               0         Blade 1 X translation velocity, node 2, m/s
        290   -3.260E-01                                 F               0         Blade 1 Y translation velocity, node 2, m/s
        291    6.079E+00                                 F               0         Blade 1 Z translation velocity, node 2, m/s
        292    2.851E+00                                 F               0         Blade 1 X translation velocity, node 3, m/s
        293   -1.187E+00                                 F               0         Blade 1 Y translation velocity, node 3, m/s
        294    2.215E+01                                 F               0         Blade 1 Z translation velocity, node 3, m/s
        295    3.292E+00                                 F               0         Blade 1 X translation velocity, node 4, m/s
        296   -1.370E+00                                 F               0         Blade 1 Y translation velocity, node 4, m/s
        297    2.557E+01                                 F               0         Blade 1 Z translation velocity, node 4, m/s
        298    3.733E+00                                 F               0         Blade 1 X translation velocity, node 5, m/s
        299   -1.553E+00                                 F               0         Blade 1 Y translation velocity, node 5, m/s
        300    2.900E+01                                 F               0         Blade 1 Z translation velocity, node 5, m/s
        301    4.173E+00                                 F               0         Blade 1 X translation velocity, node 6, m/s
        302   -1.737E+00                                 F               0         Blade 1 Y translation velocity, node 6, m/s
        303    3.242E+01                                 F               0         Blade 1 Z translation velocity, node 6, m/s
        304    4.614E+00                                 F               0         Blade 1 X translation velocity, node 7, m/s
        305   -1.920E+00                                 F               0         Blade 1 Y translation velocity, node 7, m/s
        306    3.585E+01                                 F               0         Blade 1 Z translation velocity, node 7, m/s
        307    5.055E+00                                 F               0         Blade 1 X translation velocity, node 8, m/s
