
Linearized model: Predictions were generated on 06-Feb-2024 at 16:18:08 using OpenFAST, compiled as a 64-bit application using single precision at commit v3.5.1
 linked with  NWTC Subroutine Library; ElastoDyn; InflowWind; AeroDyn; ServoDyn; HydroDyn; MAP++ (<1.20.10>, <Oct-20-2023>)

Description from the FAST input file: CCT-9 Campign 4 model. Input files to be run with OpenFAST 3.5.0. GitHub branch from Lu Wang (https://github.com/luwang00/openfast/tree/dev) compiled on March 7, 2023.

Simulation information:
   Simulation time:                  1008.2000 s
   Rotor Speed:                         1.0421 rad/s
   Azimuth:                             3.7614 rad
   Wind Speed:                         12.0000 m/s
   Number of continuous states:         0
   Number of discrete states:           0
   Number of constraint states:         0
   Number of inputs:                 1746
   Number of outputs:                   4
   Jacobians included in this file?    No

Order of inputs:
     Column   Operating Point                     Rotating Frame? Derivative Order Description
   ---------- ---------------                     --------------- ---------------- -----------
          1    1.513E+01                                 F               0         Tower X translation displacement, node 1, m
          2   -1.423E+00                                 F               0         Tower Y translation displacement, node 1, m
          3   -4.782E-01                                 F               0         Tower Z translation displacement, node 1, m
          4    1.704E+01                                 F               0         Tower X translation displacement, node 2, m
          5   -2.005E+00                                 F               0         Tower Y translation displacement, node 2, m
          6   -6.409E-01                                 F               0         Tower Z translation displacement, node 2, m
          7    1.899E+01                                 F               0         Tower X translation displacement, node 3, m
          8   -2.591E+00                                 F               0         Tower Y translation displacement, node 3, m
          9   -8.093E-01                                 F               0         Tower Z translation displacement, node 3, m
         10    2.096E+01                                 F               0         Tower X translation displacement, node 4, m
         11   -3.182E+00                                 F               0         Tower Y translation displacement, node 4, m
         12   -9.821E-01                                 F               0         Tower Z translation displacement, node 4, m
         13    2.296E+01                                 F               0         Tower X translation displacement, node 5, m
         14   -3.777E+00                                 F               0         Tower Y translation displacement, node 5, m
         15   -1.159E+00                                 F               0         Tower Z translation displacement, node 5, m
         16    2.497E+01                                 F               0         Tower X translation displacement, node 6, m
         17   -4.375E+00                                 F               0         Tower Y translation displacement, node 6, m
         18   -1.338E+00                                 F               0         Tower Z translation displacement, node 6, m
         19    2.700E+01                                 F               0         Tower X translation displacement, node 7, m
         20   -4.976E+00                                 F               0         Tower Y translation displacement, node 7, m
         21   -1.520E+00                                 F               0         Tower Z translation displacement, node 7, m
         22    2.903E+01                                 F               0         Tower X translation displacement, node 8, m
         23   -5.578E+00                                 F               0         Tower Y translation displacement, node 8, m
         24   -1.705E+00                                 F               0         Tower Z translation displacement, node 8, m
         25    3.108E+01                                 F               0         Tower X translation displacement, node 9, m
         26   -6.182E+00                                 F               0         Tower Y translation displacement, node 9, m
         27   -1.890E+00                                 F               0         Tower Z translation displacement, node 9, m
         28    3.313E+01                                 F               0         Tower X translation displacement, node 10, m
         29   -6.788E+00                                 F               0         Tower Y translation displacement, node 10, m
         30   -2.077E+00                                 F               0         Tower Z translation displacement, node 10, m
         31    3.518E+01                                 F               0         Tower X translation displacement, node 11, m
         32   -7.394E+00                                 F               0         Tower Y translation displacement, node 11, m
         33   -2.264E+00                                 F               0         Tower Z translation displacement, node 11, m
         34    9.881E-01, -3.534E-03, -1.540E-01         F               0         Tower X orientation angle, node 1, rad
         35    1.071E-02,  9.989E-01,  4.576E-02         F               0         Tower Y orientation angle, node 1, rad
         36    1.537E-01, -4.686E-02,  9.870E-01         F               0         Tower Z orientation angle, node 1, rad
         37    9.877E-01, -3.410E-03, -1.566E-01         F               0         Tower X orientation angle, node 2, rad
         38    1.077E-02,  9.989E-01,  4.617E-02         F               0         Tower Y orientation angle, node 2, rad
         39    1.563E-01, -4.728E-02,  9.866E-01         F               0         Tower Z orientation angle, node 2, rad
         40    9.873E-01, -3.300E-03, -1.589E-01         F               0         Tower X orientation angle, node 3, rad
         41    1.083E-02,  9.989E-01,  4.653E-02         F               0         Tower Y orientation angle, node 3, rad
         42    1.586E-01, -4.766E-02,  9.862E-01         F               0         Tower Z orientation angle, node 3, rad
         43    9.870E-01, -3.205E-03, -1.609E-01         F               0         Tower X orientation angle, node 4, rad
         44    1.088E-02,  9.988E-01,  4.685E-02         F               0         Tower Y orientation angle, node 4, rad
         45    1.605E-01, -4.799E-02,  9.859E-01         F               0         Tower Z orientation angle, node 4, rad
         46    9.867E-01, -3.125E-03, -1.625E-01         F               0         Tower X orientation angle, node 5, rad
         47    1.092E-02,  9.988E-01,  4.712E-02         F               0         Tower Y orientation angle, node 5, rad
         48    1.622E-01, -4.827E-02,  9.856E-01         F               0         Tower Z orientation angle, node 5, rad
         49    9.865E-01, -3.060E-03, -1.638E-01         F               0         Tower X orientation angle, node 6, rad
         50    1.096E-02,  9.988E-01,  4.735E-02         F               0         Tower Y orientation angle, node 6, rad
         51    1.635E-01, -4.850E-02,  9.854E-01         F               0         Tower Z orientation angle, node 6, rad
         52    9.863E-01, -3.009E-03, -1.648E-01         F               0         Tower X orientation angle, node 7, rad
         53    1.099E-02,  9.988E-01,  4.753E-02         F               0         Tower Y orientation angle, node 7, rad
         54    1.645E-01, -4.869E-02,  9.852E-01         F               0         Tower Z orientation angle, node 7, rad
         55    9.862E-01, -2.971E-03, -1.656E-01         F               0         Tower X orientation angle, node 8, rad
         56    1.101E-02,  9.988E-01,  4.767E-02         F               0         Tower Y orientation angle, node 8, rad
         57    1.653E-01, -4.884E-02,  9.850E-01         F               0         Tower Z orientation angle, node 8, rad
         58    9.861E-01, -2.945E-03, -1.661E-01         F               0         Tower X orientation angle, node 9, rad
         59    1.103E-02,  9.988E-01,  4.778E-02         F               0         Tower Y orientation angle, node 9, rad
         60    1.658E-01, -4.895E-02,  9.849E-01         F               0         Tower Z orientation angle, node 9, rad
         61    9.860E-01, -2.928E-03, -1.665E-01         F               0         Tower X orientation angle, node 10, rad
         62    1.104E-02,  9.988E-01,  4.785E-02         F               0         Tower Y orientation angle, node 10, rad
         63    1.661E-01, -4.902E-02,  9.849E-01         F               0         Tower Z orientation angle, node 10, rad
         64    9.860E-01, -2.919E-03, -1.667E-01         F               0         Tower X orientation angle, node 11, rad
         65    1.105E-02,  9.988E-01,  4.788E-02         F               0         Tower Y orientation angle, node 11, rad
         66    1.663E-01, -4.905E-02,  9.849E-01         F               0         Tower Z orientation angle, node 11, rad
         67    3.215E-04                                 F               0         Tower X translation velocity, node 1, m/s
         68   -7.549E-04                                 F               0         Tower Y translation velocity, node 1, m/s
         69    4.912E-03                                 F               0         Tower Z translation velocity, node 1, m/s
         70    4.321E-04                                 F               0         Tower X translation velocity, node 2, m/s
         71   -1.240E-03                                 F               0         Tower Y translation velocity, node 2, m/s
         72    4.871E-03                                 F               0         Tower Z translation velocity, node 2, m/s
         73    5.592E-04                                 F               0         Tower X translation velocity, node 3, m/s
         74   -1.665E-03                                 F               0         Tower Y translation velocity, node 3, m/s
         75    4.830E-03                                 F               0         Tower Z translation velocity, node 3, m/s
         76    6.973E-04                                 F               0         Tower X translation velocity, node 4, m/s
         77   -2.041E-03                                 F               0         Tower Y translation velocity, node 4, m/s
         78    4.790E-03                                 F               0         Tower Z translation velocity, node 4, m/s
         79    8.431E-04                                 F               0         Tower X translation velocity, node 5, m/s
         80   -2.375E-03                                 F               0         Tower Y translation velocity, node 5, m/s
         81    4.750E-03                                 F               0         Tower Z translation velocity, node 5, m/s
         82    9.937E-04                                 F               0         Tower X translation velocity, node 6, m/s
         83   -2.672E-03                                 F               0         Tower Y translation velocity, node 6, m/s
         84    4.710E-03                                 F               0         Tower Z translation velocity, node 6, m/s
         85    1.147E-03                                 F               0         Tower X translation velocity, node 7, m/s
         86   -2.941E-03                                 F               0         Tower Y translation velocity, node 7, m/s
         87    4.671E-03                                 F               0         Tower Z translation velocity, node 7, m/s
         88    1.300E-03                                 F               0         Tower X translation velocity, node 8, m/s
         89   -3.183E-03                                 F               0         Tower Y translation velocity, node 8, m/s
         90    4.634E-03                                 F               0         Tower Z translation velocity, node 8, m/s
         91    1.454E-03                                 F               0         Tower X translation velocity, node 9, m/s
         92   -3.406E-03                                 F               0         Tower Y translation velocity, node 9, m/s
         93    4.597E-03                                 F               0         Tower Z translation velocity, node 9, m/s
         94    1.606E-03                                 F               0         Tower X translation velocity, node 10, m/s
         95   -3.615E-03                                 F               0         Tower Y translation velocity, node 10, m/s
         96    4.561E-03                                 F               0         Tower Z translation velocity, node 10, m/s
         97    1.757E-03                                 F               0         Tower X translation velocity, node 11, m/s
         98   -3.815E-03                                 F               0         Tower Y translation velocity, node 11, m/s
         99    4.525E-03                                 F               0         Tower Z translation velocity, node 11, m/s
        100    3.664E+01                                 F               0         Hub X translation displacement, node 1, m
        101   -7.747E+00                                 F               0         Hub Y translation displacement, node 1, m
        102   -5.825E-01                                 F               0         Hub Z translation displacement, node 1, m
        103    9.632E-01,  2.225E-03, -2.687E-01         F               0         Hub X orientation angle, node 1, rad
        104   -1.649E-01, -7.845E-01, -5.978E-01         F               0         Hub Y orientation angle, node 1, rad
        105   -2.121E-01,  6.202E-01, -7.553E-01         F               0         Hub Z orientation angle, node 1, rad
        106    1.004E+00                                 F               0         Hub X rotation velocity, node 1, rad/s
        107    2.331E-03                                 F               0         Hub Y rotation velocity, node 1, rad/s
        108   -2.800E-01                                 F               0         Hub Z rotation velocity, node 1, rad/s
        109    9.677E-01,  2.550E-02, -2.508E-01         F               0         Blade root 1 X orientation angle, node 1, rad
        110   -1.363E-01, -7.841E-01, -6.055E-01         F               0         Blade root 1 Y orientation angle, node 1, rad
        111   -2.121E-01,  6.202E-01, -7.553E-01         F               0         Blade root 1 Z orientation angle, node 1, rad
        112    9.658E-01, -2.535E-02, -2.580E-01         F               0         Blade root 2 X orientation angle, node 1, rad
        113   -7.260E-02,  9.290E-01, -3.630E-01         F               0         Blade root 2 Y orientation angle, node 1, rad
        114    2.489E-01,  3.693E-01,  8.954E-01         F               0         Blade root 2 Z orientation angle, node 1, rad
        115    9.549E-01,  6.520E-03, -2.968E-01         F               0         Blade root 3 X orientation angle, node 1, rad
        116    2.946E-01, -1.447E-01,  9.446E-01         F               0         Blade root 3 Y orientation angle, node 1, rad
        117   -3.679E-02, -9.895E-01, -1.401E-01         F               0         Blade root 3 Z orientation angle, node 1, rad
        118    3.489E+01                                 F               0         Blade 1 X translation displacement, node 1, m
        119   -4.312E+00                                 F               0         Blade 1 Y translation displacement, node 1, m
        120   -1.028E+01                                 F               0         Blade 1 Z translation displacement, node 1, m
        121    3.446E+01                                 F               0         Blade 1 X translation displacement, node 2, m
        122   -3.484E+00                                 F               0         Blade 1 Y translation displacement, node 2, m
        123   -1.261E+01                                 F               0         Blade 1 Z translation displacement, node 2, m
        124    2.872E+01                                 F               0         Blade 1 X translation displacement, node 3, m
        125    7.774E+00                                 F               0         Blade 1 Y translation displacement, node 3, m
        126   -4.437E+01                                 F               0         Blade 1 Z translation displacement, node 3, m
        127    2.749E+01                                 F               0         Blade 1 X translation displacement, node 4, m
        128    1.017E+01                                 F               0         Blade 1 Y translation displacement, node 4, m
        129   -5.114E+01                                 F               0         Blade 1 Z translation displacement, node 4, m
        130    2.627E+01                                 F               0         Blade 1 X translation displacement, node 5, m
        131    1.257E+01                                 F               0         Blade 1 Y translation displacement, node 5, m
        132   -5.791E+01                                 F               0         Blade 1 Z translation displacement, node 5, m
        133    2.504E+01                                 F               0         Blade 1 X translation displacement, node 6, m
        134    1.497E+01                                 F               0         Blade 1 Y translation displacement, node 6, m
        135   -6.468E+01                                 F               0         Blade 1 Z translation displacement, node 6, m
        136    2.382E+01                                 F               0         Blade 1 X translation displacement, node 7, m
        137    1.737E+01                                 F               0         Blade 1 Y translation displacement, node 7, m
        138   -7.145E+01                                 F               0         Blade 1 Z translation displacement, node 7, m
        139    2.259E+01                                 F               0         Blade 1 X translation displacement, node 8, m
        140    1.977E+01                                 F               0         Blade 1 Y translation displacement, node 8, m
        141   -7.821E+01                                 F               0         Blade 1 Z translation displacement, node 8, m
        142    2.137E+01                                 F               0         Blade 1 X translation displacement, node 9, m
        143    2.216E+01                                 F               0         Blade 1 Y translation displacement, node 9, m
        144   -8.498E+01                                 F               0         Blade 1 Z translation displacement, node 9, m
        145    2.014E+01                                 F               0         Blade 1 X translation displacement, node 10, m
        146    2.456E+01                                 F               0         Blade 1 Y translation displacement, node 10, m
        147   -9.175E+01                                 F               0         Blade 1 Z translation displacement, node 10, m
        148    1.892E+01                                 F               0         Blade 1 X translation displacement, node 11, m
        149    2.696E+01                                 F               0         Blade 1 Y translation displacement, node 11, m
        150   -9.852E+01                                 F               0         Blade 1 Z translation displacement, node 11, m
        151    1.769E+01                                 F               0         Blade 1 X translation displacement, node 12, m
        152    2.936E+01                                 F               0         Blade 1 Y translation displacement, node 12, m
        153   -1.053E+02                                 F               0         Blade 1 Z translation displacement, node 12, m
        154    1.647E+01                                 F               0         Blade 1 X translation displacement, node 13, m
        155    3.176E+01                                 F               0         Blade 1 Y translation displacement, node 13, m
        156   -1.121E+02                                 F               0         Blade 1 Z translation displacement, node 13, m
        157    1.525E+01                                 F               0         Blade 1 X translation displacement, node 14, m
        158    3.416E+01                                 F               0         Blade 1 Y translation displacement, node 14, m
        159   -1.188E+02                                 F               0         Blade 1 Z translation displacement, node 14, m
        160    1.402E+01                                 F               0         Blade 1 X translation displacement, node 15, m
        161    3.656E+01                                 F               0         Blade 1 Y translation displacement, node 15, m
        162   -1.256E+02                                 F               0         Blade 1 Z translation displacement, node 15, m
        163    1.280E+01                                 F               0         Blade 1 X translation displacement, node 16, m
        164    3.895E+01                                 F               0         Blade 1 Y translation displacement, node 16, m
        165   -1.324E+02                                 F               0         Blade 1 Z translation displacement, node 16, m
        166    1.157E+01                                 F               0         Blade 1 X translation displacement, node 17, m
        167    4.135E+01                                 F               0         Blade 1 Y translation displacement, node 17, m
        168   -1.391E+02                                 F               0         Blade 1 Z translation displacement, node 17, m
        169    1.035E+01                                 F               0         Blade 1 X translation displacement, node 18, m
        170    4.375E+01                                 F               0         Blade 1 Y translation displacement, node 18, m
        171   -1.459E+02                                 F               0         Blade 1 Z translation displacement, node 18, m
        172    9.122E+00                                 F               0         Blade 1 X translation displacement, node 19, m
        173    4.615E+01                                 F               0         Blade 1 Y translation displacement, node 19, m
        174   -1.527E+02                                 F               0         Blade 1 Z translation displacement, node 19, m
        175    7.898E+00                                 F               0         Blade 1 X translation displacement, node 20, m
        176    4.855E+01                                 F               0         Blade 1 Y translation displacement, node 20, m
        177   -1.594E+02                                 F               0         Blade 1 Z translation displacement, node 20, m
        178    6.673E+00                                 F               0         Blade 1 X translation displacement, node 21, m
        179    5.095E+01                                 F               0         Blade 1 Y translation displacement, node 21, m
        180   -1.662E+02                                 F               0         Blade 1 Z translation displacement, node 21, m
        181    5.448E+00                                 F               0         Blade 1 X translation displacement, node 22, m
        182    5.335E+01                                 F               0         Blade 1 Y translation displacement, node 22, m
        183   -1.730E+02                                 F               0         Blade 1 Z translation displacement, node 22, m
        184    4.224E+00                                 F               0         Blade 1 X translation displacement, node 23, m
        185    5.574E+01                                 F               0         Blade 1 Y translation displacement, node 23, m
        186   -1.797E+02                                 F               0         Blade 1 Z translation displacement, node 23, m
        187    2.999E+00                                 F               0         Blade 1 X translation displacement, node 24, m
        188    5.814E+01                                 F               0         Blade 1 Y translation displacement, node 24, m
        189   -1.865E+02                                 F               0         Blade 1 Z translation displacement, node 24, m
        190    1.774E+00                                 F               0         Blade 1 X translation displacement, node 25, m
        191    6.054E+01                                 F               0         Blade 1 Y translation displacement, node 25, m
        192   -1.933E+02                                 F               0         Blade 1 Z translation displacement, node 25, m
        193    5.497E-01                                 F               0         Blade 1 X translation displacement, node 26, m
        194    6.294E+01                                 F               0         Blade 1 Y translation displacement, node 26, m
        195   -2.000E+02                                 F               0         Blade 1 Z translation displacement, node 26, m
        196   -6.749E-01                                 F               0         Blade 1 X translation displacement, node 27, m
        197    6.534E+01                                 F               0         Blade 1 Y translation displacement, node 27, m
        198   -2.068E+02                                 F               0         Blade 1 Z translation displacement, node 27, m
        199   -1.713E+00                                 F               0         Blade 1 X translation displacement, node 28, m
        200    6.737E+01                                 F               0         Blade 1 Y translation displacement, node 28, m
        201   -2.125E+02                                 F               0         Blade 1 Z translation displacement, node 28, m
        202    9.234E-01,  3.802E-01,  5.289E-02         F               0         Blade 1 X orientation angle, node 1, rad
        203    3.200E-01, -6.862E-01, -6.533E-01         F               0         Blade 1 Y orientation angle, node 1, rad
        204   -2.121E-01,  6.202E-01, -7.553E-01         F               0         Blade 1 Z orientation angle, node 1, rad
        205    9.234E-01,  3.802E-01,  5.289E-02         F               0         Blade 1 X orientation angle, node 2, rad
        206    3.200E-01, -6.862E-01, -6.533E-01         F               0         Blade 1 Y orientation angle, node 2, rad
        207   -2.121E-01,  6.202E-01, -7.553E-01         F               0         Blade 1 Z orientation angle, node 2, rad
        208    9.729E-01,  2.068E-01, -1.034E-01         F               0         Blade 1 X orientation angle, node 3, rad
        209    9.201E-02, -7.567E-01, -6.472E-01         F               0         Blade 1 Y orientation angle, node 3, rad
        210   -2.121E-01,  6.202E-01, -7.553E-01         F               0         Blade 1 Z orientation angle, node 3, rad
        211    9.759E-01,  1.746E-01, -1.307E-01         F               0         Blade 1 X orientation angle, node 4, rad
        212    5.085E-02, -7.648E-01, -6.423E-01         F               0         Blade 1 Y orientation angle, node 4, rad
        213   -2.121E-01,  6.202E-01, -7.553E-01         F               0         Blade 1 Z orientation angle, node 4, rad
        214    9.771E-01,  1.492E-01, -1.519E-01         F               0         Blade 1 X orientation angle, node 5, rad
        215    1.847E-02, -7.702E-01, -6.376E-01         F               0         Blade 1 Y orientation angle, node 5, rad
        216   -2.121E-01,  6.202E-01, -7.553E-01         F               0         Blade 1 Z orientation angle, node 5, rad
        217    9.772E-01,  1.287E-01, -1.688E-01         F               0         Blade 1 X orientation angle, node 6, rad
        218   -7.458E-03, -7.739E-01, -6.333E-01         F               0         Blade 1 Y orientation angle, node 6, rad
        219   -2.121E-01,  6.202E-01, -7.553E-01         F               0         Blade 1 Z orientation angle, node 6, rad
        220    9.768E-01,  1.118E-01, -1.825E-01         F               0         Blade 1 X orientation angle, node 7, rad
        221   -2.877E-02, -7.765E-01, -6.295E-01         F               0         Blade 1 Y orientation angle, node 7, rad
        222   -2.121E-01,  6.202E-01, -7.553E-01         F               0         Blade 1 Z orientation angle, node 7, rad
        223    9.761E-01,  9.768E-02, -1.939E-01         F               0         Blade 1 X orientation angle, node 8, rad
        224   -4.650E-02, -7.784E-01, -6.261E-01         F               0         Blade 1 Y orientation angle, node 8, rad
        225   -2.121E-01,  6.202E-01, -7.553E-01         F               0         Blade 1 Z orientation angle, node 8, rad
        226    9.753E-01,  8.571E-02, -2.035E-01         F               0         Blade 1 X orientation angle, node 9, rad
        227   -6.149E-02, -7.798E-01, -6.230E-01         F               0         Blade 1 Y orientation angle, node 9, rad
        228   -2.121E-01,  6.202E-01, -7.553E-01         F               0         Blade 1 Z orientation angle, node 9, rad
        229    9.744E-01,  7.536E-02, -2.118E-01         F               0         Blade 1 X orientation angle, node 10, rad
        230   -7.442E-02, -7.809E-01, -6.203E-01         F               0         Blade 1 Y orientation angle, node 10, rad
        231   -2.121E-01,  6.202E-01, -7.553E-01         F               0         Blade 1 Z orientation angle, node 10, rad
        232    9.735E-01,  6.650E-02, -2.188E-01         F               0         Blade 1 X orientation angle, node 11, rad
        233   -8.547E-02, -7.817E-01, -6.178E-01         F               0         Blade 1 Y orientation angle, node 11, rad
        234   -2.121E-01,  6.202E-01, -7.553E-01         F               0         Blade 1 Z orientation angle, node 11, rad
        235    9.726E-01,  5.872E-02, -2.249E-01         F               0         Blade 1 X orientation angle, node 12, rad
        236   -9.515E-02, -7.823E-01, -6.156E-01         F               0         Blade 1 Y orientation angle, node 12, rad
        237   -2.121E-01,  6.202E-01, -7.553E-01         F               0         Blade 1 Z orientation angle, node 12, rad
        238    9.717E-01,  5.189E-02, -2.303E-01         F               0         Blade 1 X orientation angle, node 13, rad
        239   -1.036E-01, -7.828E-01, -6.136E-01         F               0         Blade 1 Y orientation angle, node 13, rad
        240   -2.121E-01,  6.202E-01, -7.553E-01         F               0         Blade 1 Z orientation angle, node 13, rad
        241    9.709E-01,  4.574E-02, -2.351E-01         F               0         Blade 1 X orientation angle, node 14, rad
        242   -1.113E-01, -7.831E-01, -6.118E-01         F               0         Blade 1 Y orientation angle, node 14, rad
        243   -2.121E-01,  6.202E-01, -7.553E-01         F               0         Blade 1 Z orientation angle, node 14, rad
        244    9.701E-01,  4.027E-02, -2.394E-01         F               0         Blade 1 X orientation angle, node 15, rad
        245   -1.180E-01, -7.834E-01, -6.101E-01         F               0         Blade 1 Y orientation angle, node 15, rad
        246   -2.121E-01,  6.202E-01, -7.553E-01         F               0         Blade 1 Z orientation angle, node 15, rad
        247    9.693E-01,  3.535E-02, -2.432E-01         F               0         Blade 1 X orientation angle, node 16, rad
        248   -1.241E-01, -7.837E-01, -6.086E-01         F               0         Blade 1 Y orientation angle, node 16, rad
        249   -2.121E-01,  6.202E-01, -7.553E-01         F               0         Blade 1 Z orientation angle, node 16, rad
        250    9.686E-01,  3.097E-02, -2.466E-01         F               0         Blade 1 X orientation angle, node 17, rad
        251   -1.295E-01, -7.839E-01, -6.073E-01         F               0         Blade 1 Y orientation angle, node 17, rad
        252   -2.121E-01,  6.202E-01, -7.553E-01         F               0         Blade 1 Z orientation angle, node 17, rad
        253    9.679E-01,  2.686E-02, -2.498E-01         F               0         Blade 1 X orientation angle, node 18, rad
        254   -1.346E-01, -7.840E-01, -6.060E-01         F               0         Blade 1 Y orientation angle, node 18, rad
        255   -2.121E-01,  6.202E-01, -7.553E-01         F               0         Blade 1 Z orientation angle, node 18, rad
        256    9.673E-01,  2.317E-02, -2.526E-01         F               0         Blade 1 X orientation angle, node 19, rad
        257   -1.392E-01, -7.841E-01, -6.048E-01         F               0         Blade 1 Y orientation angle, node 19, rad
        258   -2.121E-01,  6.202E-01, -7.553E-01         F               0         Blade 1 Z orientation angle, node 19, rad
        259    9.667E-01,  1.989E-02, -2.552E-01         F               0         Blade 1 X orientation angle, node 20, rad
        260   -1.432E-01, -7.842E-01, -6.037E-01         F               0         Blade 1 Y orientation angle, node 20, rad
        261   -2.121E-01,  6.202E-01, -7.553E-01         F               0         Blade 1 Z orientation angle, node 20, rad
        262    9.661E-01,  1.674E-02, -2.576E-01         F               0         Blade 1 X orientation angle, node 21, rad
        263   -1.471E-01, -7.843E-01, -6.027E-01         F               0         Blade 1 Y orientation angle, node 21, rad
        264   -2.121E-01,  6.202E-01, -7.553E-01         F               0         Blade 1 Z orientation angle, node 21, rad
        265    9.656E-01,  1.386E-02, -2.598E-01         F               0         Blade 1 X orientation angle, node 22, rad
        266   -1.506E-01, -7.844E-01, -6.017E-01         F               0         Blade 1 Y orientation angle, node 22, rad
        267   -2.121E-01,  6.202E-01, -7.553E-01         F               0         Blade 1 Z orientation angle, node 22, rad
        268    9.651E-01,  1.126E-02, -2.618E-01         F               0         Blade 1 X orientation angle, node 23, rad
        269   -1.538E-01, -7.844E-01, -6.009E-01         F               0         Blade 1 Y orientation angle, node 23, rad
        270   -2.121E-01,  6.202E-01, -7.553E-01         F               0         Blade 1 Z orientation angle, node 23, rad
        271    9.646E-01,  8.797E-03, -2.637E-01         F               0         Blade 1 X orientation angle, node 24, rad
        272   -1.569E-01, -7.844E-01, -6.000E-01         F               0         Blade 1 Y orientation angle, node 24, rad
        273   -2.121E-01,  6.202E-01, -7.553E-01         F               0         Blade 1 Z orientation angle, node 24, rad
        274    9.641E-01,  6.469E-03, -2.654E-01         F               0         Blade 1 X orientation angle, node 25, rad
        275   -1.597E-01, -7.845E-01, -5.993E-01         F               0         Blade 1 Y orientation angle, node 25, rad
        276   -2.121E-01,  6.202E-01, -7.553E-01         F               0         Blade 1 Z orientation angle, node 25, rad
        277    9.637E-01,  4.415E-03, -2.670E-01         F               0         Blade 1 X orientation angle, node 26, rad
        278   -1.623E-01, -7.845E-01, -5.986E-01         F               0         Blade 1 Y orientation angle, node 26, rad
        279   -2.121E-01,  6.202E-01, -7.553E-01         F               0         Blade 1 Z orientation angle, node 26, rad
        280    9.633E-01,  2.362E-03, -2.686E-01         F               0         Blade 1 X orientation angle, node 27, rad
        281   -1.648E-01, -7.845E-01, -5.979E-01         F               0         Blade 1 Y orientation angle, node 27, rad
        282   -2.121E-01,  6.202E-01, -7.553E-01         F               0         Blade 1 Z orientation angle, node 27, rad
        283    9.630E-01,  1.266E-03, -2.694E-01         F               0         Blade 1 X orientation angle, node 28, rad
        284   -1.661E-01, -7.845E-01, -5.975E-01         F               0         Blade 1 Y orientation angle, node 28, rad
        285   -2.121E-01,  6.202E-01, -7.553E-01         F               0         Blade 1 Z orientation angle, node 28, rad
        286    9.541E-01                                 F               0         Blade 1 X translation velocity, node 1, m/s
        287    4.525E+00                                 F               0         Blade 1 Y translation velocity, node 1, m/s
        288    3.456E+00                                 F               0         Blade 1 Z translation velocity, node 1, m/s
        289    1.184E+00                                 F               0         Blade 1 X translation velocity, node 2, m/s
        290    5.616E+00                                 F               0         Blade 1 Y translation velocity, node 2, m/s
        291    4.288E+00                                 F               0         Blade 1 Z translation velocity, node 2, m/s
        292    4.304E+00                                 F               0         Blade 1 X translation velocity, node 3, m/s
        293    2.046E+01                                 F               0         Blade 1 Y translation velocity, node 3, m/s
        294    1.560E+01                                 F               0         Blade 1 Z translation velocity, node 3, m/s
        295    4.968E+00                                 F               0         Blade 1 X translation velocity, node 4, m/s
        296    2.362E+01                                 F               0         Blade 1 Y translation velocity, node 4, m/s
        297    1.801E+01                                 F               0         Blade 1 Z translation velocity, node 4, m/s
        298    5.633E+00                                 F               0         Blade 1 X translation velocity, node 5, m/s
        299    2.678E+01                                 F               0         Blade 1 Y translation velocity, node 5, m/s
        300    2.042E+01                                 F               0         Blade 1 Z translation velocity, node 5, m/s
        301    6.298E+00                                 F               0         Blade 1 X translation velocity, node 6, m/s
        302    2.994E+01                                 F               0         Blade 1 Y translation velocity, node 6, m/s
        303    2.283E+01                                 F               0         Blade 1 Z translation velocity, node 6, m/s
        304    6.963E+00                                 F               0         Blade 1 X translation velocity, node 7, m/s
        305    3.310E+01                                 F               0         Blade 1 Y translation velocity, node 7, m/s
        306    2.524E+01                                 F               0         Blade 1 Z translation velocity, node 7, m/s
        307    7.628E+00                                 F               0         Blade 1 X translation velocity, node 8, m/s
