
Linearized model: Predictions were generated on 31-Jan-2024 at 12:35:17 using OpenFAST, compiled as a 64-bit application using single precision at commit v3.5.1
 linked with  NWTC Subroutine Library; ElastoDyn; InflowWind; AeroDyn; ServoDyn; HydroDyn; MAP++ (<1.20.10>, <Oct-20-2023>)

Description from the FAST input file: CCT-9 Campign 4 model. Input files to be run with OpenFAST 3.5.0. GitHub branch from Lu Wang (https://github.com/luwang00/openfast/tree/dev) compiled on March 7, 2023.

Simulation information:
   Simulation time:                   507.6750 s
   Rotor Speed:                         0.8936 rad/s
   Azimuth:                             1.3224 rad
   Wind Speed:                         10.0000 m/s
   Number of continuous states:         0
   Number of discrete states:           0
   Number of constraint states:         0
   Number of inputs:                 1746
   Number of outputs:                   4
   Jacobians included in this file?    No

Order of inputs:
     Column   Operating Point                     Rotating Frame? Derivative Order Description
   ---------- ---------------                     --------------- ---------------- -----------
          1    8.506E+00                                 F               0         Tower X translation displacement, node 1, m
          2   -1.355E+00                                 F               0         Tower Y translation displacement, node 1, m
          3   -1.127E-01                                 F               0         Tower Z translation displacement, node 1, m
          4    8.742E+00                                 F               0         Tower X translation displacement, node 2, m
          5   -1.887E+00                                 F               0         Tower Y translation displacement, node 2, m
          6   -1.265E-01                                 F               0         Tower Z translation displacement, node 2, m
          7    8.992E+00                                 F               0         Tower X translation displacement, node 3, m
          8   -2.420E+00                                 F               0         Tower Y translation displacement, node 3, m
          9   -1.405E-01                                 F               0         Tower Z translation displacement, node 3, m
         10    9.252E+00                                 F               0         Tower X translation displacement, node 4, m
         11   -2.952E+00                                 F               0         Tower Y translation displacement, node 4, m
         12   -1.547E-01                                 F               0         Tower Z translation displacement, node 4, m
         13    9.520E+00                                 F               0         Tower X translation displacement, node 5, m
         14   -3.485E+00                                 F               0         Tower Y translation displacement, node 5, m
         15   -1.691E-01                                 F               0         Tower Z translation displacement, node 5, m
         16    9.793E+00                                 F               0         Tower X translation displacement, node 6, m
         17   -4.017E+00                                 F               0         Tower Y translation displacement, node 6, m
         18   -1.836E-01                                 F               0         Tower Z translation displacement, node 6, m
         19    1.007E+01                                 F               0         Tower X translation displacement, node 7, m
         20   -4.549E+00                                 F               0         Tower Y translation displacement, node 7, m
         21   -1.982E-01                                 F               0         Tower Z translation displacement, node 7, m
         22    1.035E+01                                 F               0         Tower X translation displacement, node 8, m
         23   -5.082E+00                                 F               0         Tower Y translation displacement, node 8, m
         24   -2.129E-01                                 F               0         Tower Z translation displacement, node 8, m
         25    1.064E+01                                 F               0         Tower X translation displacement, node 9, m
         26   -5.614E+00                                 F               0         Tower Y translation displacement, node 9, m
         27   -2.276E-01                                 F               0         Tower Z translation displacement, node 9, m
         28    1.092E+01                                 F               0         Tower X translation displacement, node 10, m
         29   -6.146E+00                                 F               0         Tower Y translation displacement, node 10, m
         30   -2.424E-01                                 F               0         Tower Z translation displacement, node 10, m
         31    1.121E+01                                 F               0         Tower X translation displacement, node 11, m
         32   -6.679E+00                                 F               0         Tower Y translation displacement, node 11, m
         33   -2.571E-01                                 F               0         Tower Z translation displacement, node 11, m
         34    9.998E-01,  7.493E-03, -1.841E-02         F               0         Tower X orientation angle, node 1, rad
         35   -6.691E-03,  9.990E-01,  4.325E-02         F               0         Tower Y orientation angle, node 1, rad
         36    1.872E-02, -4.312E-02,  9.989E-01         F               0         Tower Z orientation angle, node 1, rad
         37    9.998E-01,  7.537E-03, -1.943E-02         F               0         Tower X orientation angle, node 2, rad
         38   -6.691E-03,  9.990E-01,  4.325E-02         F               0         Tower Y orientation angle, node 2, rad
         39    1.974E-02, -4.311E-02,  9.989E-01         F               0         Tower Z orientation angle, node 2, rad
         40    9.998E-01,  7.575E-03, -2.031E-02         F               0         Tower X orientation angle, node 3, rad
         41   -6.691E-03,  9.990E-01,  4.325E-02         F               0         Tower Y orientation angle, node 3, rad
         42    2.062E-02, -4.310E-02,  9.989E-01         F               0         Tower Z orientation angle, node 3, rad
         43    9.998E-01,  7.606E-03, -2.103E-02         F               0         Tower X orientation angle, node 4, rad
         44   -6.691E-03,  9.990E-01,  4.325E-02         F               0         Tower Y orientation angle, node 4, rad
         45    2.133E-02, -4.310E-02,  9.988E-01         F               0         Tower Z orientation angle, node 4, rad
         46    9.997E-01,  7.630E-03, -2.160E-02         F               0         Tower X orientation angle, node 5, rad
         47   -6.691E-03,  9.990E-01,  4.325E-02         F               0         Tower Y orientation angle, node 5, rad
         48    2.190E-02, -4.309E-02,  9.988E-01         F               0         Tower Z orientation angle, node 5, rad
         49    9.997E-01,  7.649E-03, -2.203E-02         F               0         Tower X orientation angle, node 6, rad
         50   -6.691E-03,  9.990E-01,  4.325E-02         F               0         Tower Y orientation angle, node 6, rad
         51    2.234E-02, -4.309E-02,  9.988E-01         F               0         Tower Z orientation angle, node 6, rad
         52    9.997E-01,  7.662E-03, -2.233E-02         F               0         Tower X orientation angle, node 7, rad
         53   -6.691E-03,  9.990E-01,  4.325E-02         F               0         Tower Y orientation angle, node 7, rad
         54    2.264E-02, -4.309E-02,  9.988E-01         F               0         Tower Z orientation angle, node 7, rad
         55    9.997E-01,  7.671E-03, -2.254E-02         F               0         Tower X orientation angle, node 8, rad
         56   -6.691E-03,  9.990E-01,  4.325E-02         F               0         Tower Y orientation angle, node 8, rad
         57    2.285E-02, -4.308E-02,  9.988E-01         F               0         Tower Z orientation angle, node 8, rad
         58    9.997E-01,  7.677E-03, -2.267E-02         F               0         Tower X orientation angle, node 9, rad
         59   -6.691E-03,  9.990E-01,  4.325E-02         F               0         Tower Y orientation angle, node 9, rad
         60    2.298E-02, -4.308E-02,  9.988E-01         F               0         Tower Z orientation angle, node 9, rad
         61    9.997E-01,  7.680E-03, -2.274E-02         F               0         Tower X orientation angle, node 10, rad
         62   -6.691E-03,  9.990E-01,  4.325E-02         F               0         Tower Y orientation angle, node 10, rad
         63    2.305E-02, -4.308E-02,  9.988E-01         F               0         Tower Z orientation angle, node 10, rad
         64    9.997E-01,  7.681E-03, -2.277E-02         F               0         Tower X orientation angle, node 11, rad
         65   -6.691E-03,  9.990E-01,  4.325E-02         F               0         Tower Y orientation angle, node 11, rad
         66    2.308E-02, -4.308E-02,  9.988E-01         F               0         Tower Z orientation angle, node 11, rad
         67   -2.726E-03                                 F               0         Tower X translation velocity, node 1, m/s
         68   -8.259E-07                                 F               0         Tower Y translation velocity, node 1, m/s
         69   -6.076E-03                                 F               0         Tower Z translation velocity, node 1, m/s
         70   -2.729E-03                                 F               0         Tower X translation velocity, node 2, m/s
         71   -1.409E-06                                 F               0         Tower Y translation velocity, node 2, m/s
         72   -6.076E-03                                 F               0         Tower Z translation velocity, node 2, m/s
         73   -2.736E-03                                 F               0         Tower X translation velocity, node 3, m/s
         74   -2.055E-06                                 F               0         Tower Y translation velocity, node 3, m/s
         75   -6.076E-03                                 F               0         Tower Z translation velocity, node 3, m/s
         76   -2.746E-03                                 F               0         Tower X translation velocity, node 4, m/s
         77   -2.746E-06                                 F               0         Tower Y translation velocity, node 4, m/s
         78   -6.076E-03                                 F               0         Tower Z translation velocity, node 4, m/s
         79   -2.757E-03                                 F               0         Tower X translation velocity, node 5, m/s
         80   -3.468E-06                                 F               0         Tower Y translation velocity, node 5, m/s
         81   -6.075E-03                                 F               0         Tower Z translation velocity, node 5, m/s
         82   -2.770E-03                                 F               0         Tower X translation velocity, node 6, m/s
         83   -4.210E-06                                 F               0         Tower Y translation velocity, node 6, m/s
         84   -6.075E-03                                 F               0         Tower Z translation velocity, node 6, m/s
         85   -2.782E-03                                 F               0         Tower X translation velocity, node 7, m/s
         86   -4.964E-06                                 F               0         Tower Y translation velocity, node 7, m/s
         87   -6.075E-03                                 F               0         Tower Z translation velocity, node 7, m/s
         88   -2.794E-03                                 F               0         Tower X translation velocity, node 8, m/s
         89   -5.723E-06                                 F               0         Tower Y translation velocity, node 8, m/s
         90   -6.075E-03                                 F               0         Tower Z translation velocity, node 8, m/s
         91   -2.806E-03                                 F               0         Tower X translation velocity, node 9, m/s
         92   -6.482E-06                                 F               0         Tower Y translation velocity, node 9, m/s
         93   -6.074E-03                                 F               0         Tower Z translation velocity, node 9, m/s
         94   -2.816E-03                                 F               0         Tower X translation velocity, node 10, m/s
         95   -7.239E-06                                 F               0         Tower Y translation velocity, node 10, m/s
         96   -6.074E-03                                 F               0         Tower Z translation velocity, node 10, m/s
         97   -2.826E-03                                 F               0         Tower X translation velocity, node 11, m/s
         98   -7.993E-06                                 F               0         Tower Y translation velocity, node 11, m/s
         99   -6.074E-03                                 F               0         Tower Z translation velocity, node 11, m/s
        100    1.139E+01                                 F               0         Hub X translation displacement, node 1, m
        101   -7.100E+00                                 F               0         Hub Y translation displacement, node 1, m
        102   -2.056E-02                                 F               0         Hub Z translation displacement, node 1, m
        103    9.918E-01,  1.214E-02, -1.270E-01         F               0         Hub X orientation angle, node 1, rad
        104    1.219E-01,  2.048E-01,  9.712E-01         F               0         Hub Y orientation angle, node 1, rad
        105    3.782E-02, -9.787E-01,  2.017E-01         F               0         Hub Z orientation angle, node 1, rad
        106    8.863E-01                                 F               0         Hub X rotation velocity, node 1, rad/s
        107    1.085E-02                                 F               0         Hub Y rotation velocity, node 1, rad/s
        108   -1.135E-01                                 F               0         Hub Z rotation velocity, node 1, rad/s
        109    9.878E-01,  6.060E-03, -1.558E-01         F               0         Blade root 1 X orientation angle, node 1, rad
        110    1.513E-01,  2.051E-01,  9.670E-01         F               0         Blade root 1 Y orientation angle, node 1, rad
        111    3.782E-02, -9.787E-01,  2.017E-01         F               0         Blade root 1 Z orientation angle, node 1, rad
        112    9.922E-01,  4.032E-02, -1.178E-01         F               0         Blade root 2 X orientation angle, node 1, rad
        113    1.239E-03, -9.492E-01, -3.145E-01         F               0         Blade root 2 Y orientation angle, node 1, rad
        114   -1.245E-01,  3.120E-01, -9.419E-01         F               0         Blade root 2 Z orientation angle, node 1, rad
        115    9.942E-01, -9.970E-03, -1.074E-01         F               0         Blade root 3 X orientation angle, node 1, rad
        116   -6.424E-02,  7.452E-01, -6.637E-01         F               0         Blade root 3 Y orientation angle, node 1, rad
        117    8.666E-02,  6.668E-01,  7.402E-01         F               0         Blade root 3 Z orientation angle, node 1, rad
        118    1.102E+01                                 F               0         Blade 1 X translation displacement, node 1, m
        119   -1.252E+01                                 F               0         Blade 1 Y translation displacement, node 1, m
        120   -4.413E+00                                 F               0         Blade 1 Z translation displacement, node 1, m
        121    1.093E+01                                 F               0         Blade 1 X translation displacement, node 2, m
        122   -1.383E+01                                 F               0         Blade 1 Y translation displacement, node 2, m
        123   -5.471E+00                                 F               0         Blade 1 Z translation displacement, node 2, m
        124    9.720E+00                                 F               0         Blade 1 X translation displacement, node 3, m
        125   -3.159E+01                                 F               0         Blade 1 Y translation displacement, node 3, m
        126   -1.986E+01                                 F               0         Blade 1 Z translation displacement, node 3, m
        127    9.462E+00                                 F               0         Blade 1 X translation displacement, node 4, m
        128   -3.538E+01                                 F               0         Blade 1 Y translation displacement, node 4, m
        129   -2.293E+01                                 F               0         Blade 1 Z translation displacement, node 4, m
        130    9.204E+00                                 F               0         Blade 1 X translation displacement, node 5, m
        131   -3.917E+01                                 F               0         Blade 1 Y translation displacement, node 5, m
        132   -2.600E+01                                 F               0         Blade 1 Z translation displacement, node 5, m
        133    8.946E+00                                 F               0         Blade 1 X translation displacement, node 6, m
        134   -4.295E+01                                 F               0         Blade 1 Y translation displacement, node 6, m
        135   -2.906E+01                                 F               0         Blade 1 Z translation displacement, node 6, m
        136    8.688E+00                                 F               0         Blade 1 X translation displacement, node 7, m
        137   -4.674E+01                                 F               0         Blade 1 Y translation displacement, node 7, m
        138   -3.213E+01                                 F               0         Blade 1 Z translation displacement, node 7, m
        139    8.430E+00                                 F               0         Blade 1 X translation displacement, node 8, m
        140   -5.052E+01                                 F               0         Blade 1 Y translation displacement, node 8, m
        141   -3.520E+01                                 F               0         Blade 1 Z translation displacement, node 8, m
        142    8.172E+00                                 F               0         Blade 1 X translation displacement, node 9, m
        143   -5.431E+01                                 F               0         Blade 1 Y translation displacement, node 9, m
        144   -3.826E+01                                 F               0         Blade 1 Z translation displacement, node 9, m
        145    7.914E+00                                 F               0         Blade 1 X translation displacement, node 10, m
        146   -5.809E+01                                 F               0         Blade 1 Y translation displacement, node 10, m
        147   -4.133E+01                                 F               0         Blade 1 Z translation displacement, node 10, m
        148    7.656E+00                                 F               0         Blade 1 X translation displacement, node 11, m
        149   -6.188E+01                                 F               0         Blade 1 Y translation displacement, node 11, m
        150   -4.439E+01                                 F               0         Blade 1 Z translation displacement, node 11, m
        151    7.398E+00                                 F               0         Blade 1 X translation displacement, node 12, m
        152   -6.566E+01                                 F               0         Blade 1 Y translation displacement, node 12, m
        153   -4.746E+01                                 F               0         Blade 1 Z translation displacement, node 12, m
        154    7.140E+00                                 F               0         Blade 1 X translation displacement, node 13, m
        155   -6.945E+01                                 F               0         Blade 1 Y translation displacement, node 13, m
        156   -5.053E+01                                 F               0         Blade 1 Z translation displacement, node 13, m
        157    6.882E+00                                 F               0         Blade 1 X translation displacement, node 14, m
        158   -7.323E+01                                 F               0         Blade 1 Y translation displacement, node 14, m
        159   -5.359E+01                                 F               0         Blade 1 Z translation displacement, node 14, m
        160    6.624E+00                                 F               0         Blade 1 X translation displacement, node 15, m
        161   -7.702E+01                                 F               0         Blade 1 Y translation displacement, node 15, m
        162   -5.666E+01                                 F               0         Blade 1 Z translation displacement, node 15, m
        163    6.366E+00                                 F               0         Blade 1 X translation displacement, node 16, m
        164   -8.080E+01                                 F               0         Blade 1 Y translation displacement, node 16, m
        165   -5.973E+01                                 F               0         Blade 1 Z translation displacement, node 16, m
        166    6.108E+00                                 F               0         Blade 1 X translation displacement, node 17, m
        167   -8.459E+01                                 F               0         Blade 1 Y translation displacement, node 17, m
        168   -6.279E+01                                 F               0         Blade 1 Z translation displacement, node 17, m
        169    5.850E+00                                 F               0         Blade 1 X translation displacement, node 18, m
        170   -8.838E+01                                 F               0         Blade 1 Y translation displacement, node 18, m
        171   -6.586E+01                                 F               0         Blade 1 Z translation displacement, node 18, m
        172    5.592E+00                                 F               0         Blade 1 X translation displacement, node 19, m
        173   -9.216E+01                                 F               0         Blade 1 Y translation displacement, node 19, m
        174   -6.893E+01                                 F               0         Blade 1 Z translation displacement, node 19, m
        175    5.334E+00                                 F               0         Blade 1 X translation displacement, node 20, m
        176   -9.595E+01                                 F               0         Blade 1 Y translation displacement, node 20, m
        177   -7.199E+01                                 F               0         Blade 1 Z translation displacement, node 20, m
        178    5.076E+00                                 F               0         Blade 1 X translation displacement, node 21, m
        179   -9.973E+01                                 F               0         Blade 1 Y translation displacement, node 21, m
        180   -7.506E+01                                 F               0         Blade 1 Z translation displacement, node 21, m
        181    4.818E+00                                 F               0         Blade 1 X translation displacement, node 22, m
        182   -1.035E+02                                 F               0         Blade 1 Y translation displacement, node 22, m
        183   -7.813E+01                                 F               0         Blade 1 Z translation displacement, node 22, m
        184    4.560E+00                                 F               0         Blade 1 X translation displacement, node 23, m
        185   -1.073E+02                                 F               0         Blade 1 Y translation displacement, node 23, m
        186   -8.119E+01                                 F               0         Blade 1 Z translation displacement, node 23, m
        187    4.302E+00                                 F               0         Blade 1 X translation displacement, node 24, m
        188   -1.111E+02                                 F               0         Blade 1 Y translation displacement, node 24, m
        189   -8.426E+01                                 F               0         Blade 1 Z translation displacement, node 24, m
        190    4.044E+00                                 F               0         Blade 1 X translation displacement, node 25, m
        191   -1.149E+02                                 F               0         Blade 1 Y translation displacement, node 25, m
        192   -8.732E+01                                 F               0         Blade 1 Z translation displacement, node 25, m
        193    3.786E+00                                 F               0         Blade 1 X translation displacement, node 26, m
        194   -1.187E+02                                 F               0         Blade 1 Y translation displacement, node 26, m
        195   -9.039E+01                                 F               0         Blade 1 Z translation displacement, node 26, m
        196    3.528E+00                                 F               0         Blade 1 X translation displacement, node 27, m
        197   -1.224E+02                                 F               0         Blade 1 Y translation displacement, node 27, m
        198   -9.346E+01                                 F               0         Blade 1 Z translation displacement, node 27, m
        199    3.309E+00                                 F               0         Blade 1 X translation displacement, node 28, m
        200   -1.257E+02                                 F               0         Blade 1 Y translation displacement, node 28, m
        201   -9.606E+01                                 F               0         Blade 1 Z translation displacement, node 28, m
        202    8.101E-01, -8.814E-02, -5.796E-01         F               0         Blade 1 X orientation angle, node 1, rad
        203    5.851E-01,  1.853E-01,  7.895E-01         F               0         Blade 1 Y orientation angle, node 1, rad
        204    3.782E-02, -9.787E-01,  2.017E-01         F               0         Blade 1 Z orientation angle, node 1, rad
        205    8.101E-01, -8.814E-02, -5.796E-01         F               0         Blade 1 X orientation angle, node 2, rad
        206    5.851E-01,  1.853E-01,  7.895E-01         F               0         Blade 1 Y orientation angle, node 2, rad
        207    3.782E-02, -9.787E-01,  2.017E-01         F               0         Blade 1 Z orientation angle, node 2, rad
        208    9.257E-01, -4.171E-02, -3.760E-01         F               0         Blade 1 X orientation angle, node 3, rad
        209    3.764E-01,  2.009E-01,  9.044E-01         F               0         Blade 1 Y orientation angle, node 3, rad
        210    3.782E-02, -9.787E-01,  2.017E-01         F               0         Blade 1 Z orientation angle, node 3, rad
        211    9.408E-01, -3.319E-02, -3.375E-01         F               0         Blade 1 X orientation angle, node 4, rad
        212    3.370E-01,  2.025E-01,  9.195E-01         F               0         Blade 1 Y orientation angle, node 4, rad
        213    3.782E-02, -9.787E-01,  2.017E-01         F               0         Blade 1 Z orientation angle, node 4, rad
        214    9.514E-01, -2.646E-02, -3.068E-01         F               0         Blade 1 X orientation angle, node 5, rad
        215    3.056E-01,  2.035E-01,  9.302E-01         F               0         Blade 1 Y orientation angle, node 5, rad
        216    3.782E-02, -9.787E-01,  2.017E-01         F               0         Blade 1 Z orientation angle, node 5, rad
        217    9.592E-01, -2.105E-02, -2.820E-01         F               0         Blade 1 X orientation angle, node 6, rad
        218    2.802E-01,  2.041E-01,  9.380E-01         F               0         Blade 1 Y orientation angle, node 6, rad
        219    3.782E-02, -9.787E-01,  2.017E-01         F               0         Blade 1 Z orientation angle, node 6, rad
        220    9.651E-01, -1.659E-02, -2.615E-01         F               0         Blade 1 X orientation angle, node 7, rad
        221    2.593E-01,  2.045E-01,  9.439E-01         F               0         Blade 1 Y orientation angle, node 7, rad
        222    3.782E-02, -9.787E-01,  2.017E-01         F               0         Blade 1 Z orientation angle, node 7, rad
        223    9.696E-01, -1.288E-02, -2.443E-01         F               0         Blade 1 X orientation angle, node 8, rad
        224    2.417E-01,  2.048E-01,  9.485E-01         F               0         Blade 1 Y orientation angle, node 8, rad
        225    3.782E-02, -9.787E-01,  2.017E-01         F               0         Blade 1 Z orientation angle, node 8, rad
        226    9.732E-01, -9.730E-03, -2.297E-01         F               0         Blade 1 X orientation angle, node 9, rad
        227    2.268E-01,  2.050E-01,  9.521E-01         F               0         Blade 1 Y orientation angle, node 9, rad
        228    3.782E-02, -9.787E-01,  2.017E-01         F               0         Blade 1 Z orientation angle, node 9, rad
        229    9.761E-01, -7.011E-03, -2.170E-01         F               0         Blade 1 X orientation angle, node 10, rad
        230    2.138E-01,  2.051E-01,  9.551E-01         F               0         Blade 1 Y orientation angle, node 10, rad
        231    3.782E-02, -9.787E-01,  2.017E-01         F               0         Blade 1 Z orientation angle, node 10, rad
        232    9.785E-01, -4.684E-03, -2.062E-01         F               0         Blade 1 X orientation angle, node 11, rad
        233    2.028E-01,  2.052E-01,  9.575E-01         F               0         Blade 1 Y orientation angle, node 11, rad
        234    3.782E-02, -9.787E-01,  2.017E-01         F               0         Blade 1 Z orientation angle, node 11, rad
        235    9.805E-01, -2.643E-03, -1.967E-01         F               0         Blade 1 X orientation angle, node 12, rad
        236    1.930E-01,  2.052E-01,  9.595E-01         F               0         Blade 1 Y orientation angle, node 12, rad
        237    3.782E-02, -9.787E-01,  2.017E-01         F               0         Blade 1 Z orientation angle, node 12, rad
        238    9.821E-01, -8.518E-04, -1.883E-01         F               0         Blade 1 X orientation angle, node 13, rad
        239    1.844E-01,  2.052E-01,  9.612E-01         F               0         Blade 1 Y orientation angle, node 13, rad
        240    3.782E-02, -9.787E-01,  2.017E-01         F               0         Blade 1 Z orientation angle, node 13, rad
        241    9.835E-01,  7.599E-04, -1.807E-01         F               0         Blade 1 X orientation angle, node 14, rad
        242    1.767E-01,  2.052E-01,  9.626E-01         F               0         Blade 1 Y orientation angle, node 14, rad
        243    3.782E-02, -9.787E-01,  2.017E-01         F               0         Blade 1 Z orientation angle, node 14, rad
        244    9.847E-01,  2.192E-03, -1.740E-01         F               0         Blade 1 X orientation angle, node 15, rad
        245    1.699E-01,  2.052E-01,  9.639E-01         F               0         Blade 1 Y orientation angle, node 15, rad
        246    3.782E-02, -9.787E-01,  2.017E-01         F               0         Blade 1 Z orientation angle, node 15, rad
        247    9.858E-01,  3.482E-03, -1.679E-01         F               0         Blade 1 X orientation angle, node 16, rad
        248    1.637E-01,  2.052E-01,  9.649E-01         F               0         Blade 1 Y orientation angle, node 16, rad
        249    3.782E-02, -9.787E-01,  2.017E-01         F               0         Blade 1 Z orientation angle, node 16, rad
        250    9.867E-01,  4.628E-03, -1.626E-01         F               0         Blade 1 X orientation angle, node 17, rad
        251    1.582E-01,  2.052E-01,  9.659E-01         F               0         Blade 1 Y orientation angle, node 17, rad
        252    3.782E-02, -9.787E-01,  2.017E-01         F               0         Blade 1 Z orientation angle, node 17, rad
        253    9.875E-01,  5.702E-03, -1.575E-01         F               0         Blade 1 X orientation angle, node 18, rad
        254    1.530E-01,  2.051E-01,  9.667E-01         F               0         Blade 1 Y orientation angle, node 18, rad
        255    3.782E-02, -9.787E-01,  2.017E-01         F               0         Blade 1 Z orientation angle, node 18, rad
        256    9.882E-01,  6.668E-03, -1.529E-01         F               0         Blade 1 X orientation angle, node 19, rad
        257    1.483E-01,  2.051E-01,  9.674E-01         F               0         Blade 1 Y orientation angle, node 19, rad
        258    3.782E-02, -9.787E-01,  2.017E-01         F               0         Blade 1 Z orientation angle, node 19, rad
        259    9.888E-01,  7.527E-03, -1.489E-01         F               0         Blade 1 X orientation angle, node 20, rad
        260    1.442E-01,  2.051E-01,  9.681E-01         F               0         Blade 1 Y orientation angle, node 20, rad
        261    3.782E-02, -9.787E-01,  2.017E-01         F               0         Blade 1 Z orientation angle, node 20, rad
        262    9.894E-01,  8.350E-03, -1.450E-01         F               0         Blade 1 X orientation angle, node 21, rad
        263    1.402E-01,  2.050E-01,  9.687E-01         F               0         Blade 1 Y orientation angle, node 21, rad
        264    3.782E-02, -9.787E-01,  2.017E-01         F               0         Blade 1 Z orientation angle, node 21, rad
        265    9.899E-01,  9.102E-03, -1.414E-01         F               0         Blade 1 X orientation angle, node 22, rad
        266    1.366E-01,  2.050E-01,  9.692E-01         F               0         Blade 1 Y orientation angle, node 22, rad
        267    3.782E-02, -9.787E-01,  2.017E-01         F               0         Blade 1 Z orientation angle, node 22, rad
        268    9.904E-01,  9.782E-03, -1.382E-01         F               0         Blade 1 X orientation angle, node 23, rad
        269    1.333E-01,  2.050E-01,  9.696E-01         F               0         Blade 1 Y orientation angle, node 23, rad
        270    3.782E-02, -9.787E-01,  2.017E-01         F               0         Blade 1 Z orientation angle, node 23, rad
        271    9.908E-01,  1.043E-02, -1.352E-01         F               0         Blade 1 X orientation angle, node 24, rad
        272    1.302E-01,  2.049E-01,  9.701E-01         F               0         Blade 1 Y orientation angle, node 24, rad
        273    3.782E-02, -9.787E-01,  2.017E-01         F               0         Blade 1 Z orientation angle, node 24, rad
        274    9.911E-01,  1.103E-02, -1.323E-01         F               0         Blade 1 X orientation angle, node 25, rad
        275    1.273E-01,  2.049E-01,  9.705E-01         F               0         Blade 1 Y orientation angle, node 25, rad
        276    3.782E-02, -9.787E-01,  2.017E-01         F               0         Blade 1 Z orientation angle, node 25, rad
        277    9.915E-01,  1.157E-02, -1.298E-01         F               0         Blade 1 X orientation angle, node 26, rad
        278    1.247E-01,  2.049E-01,  9.708E-01         F               0         Blade 1 Y orientation angle, node 26, rad
        279    3.782E-02, -9.787E-01,  2.017E-01         F               0         Blade 1 Z orientation angle, node 26, rad
        280    9.918E-01,  1.211E-02, -1.272E-01         F               0         Blade 1 X orientation angle, node 27, rad
        281    1.221E-01,  2.049E-01,  9.712E-01         F               0         Blade 1 Y orientation angle, node 27, rad
        282    3.782E-02, -9.787E-01,  2.017E-01         F               0         Blade 1 Z orientation angle, node 27, rad
        283    9.920E-01,  1.239E-02, -1.259E-01         F               0         Blade 1 X orientation angle, node 28, rad
        284    1.207E-01,  2.048E-01,  9.713E-01         F               0         Blade 1 Y orientation angle, node 28, rad
        285    3.782E-02, -9.787E-01,  2.017E-01         F               0         Blade 1 Z orientation angle, node 28, rad
        286   -6.063E-01                                 F               0         Blade 1 X translation velocity, node 1, m/s
        287   -1.014E+00                                 F               0         Blade 1 Y translation velocity, node 1, m/s
        288   -4.814E+00                                 F               0         Blade 1 Z translation velocity, node 1, m/s
        289   -7.517E-01                                 F               0         Blade 1 X translation velocity, node 2, m/s
        290   -1.258E+00                                 F               0         Blade 1 Y translation velocity, node 2, m/s
        291   -5.972E+00                                 F               0         Blade 1 Z translation velocity, node 2, m/s
        292   -2.729E+00                                 F               0         Blade 1 X translation velocity, node 3, m/s
        293   -4.581E+00                                 F               0         Blade 1 Y translation velocity, node 3, m/s
        294   -2.173E+01                                 F               0         Blade 1 Z translation velocity, node 3, m/s
        295   -3.150E+00                                 F               0         Blade 1 X translation velocity, node 4, m/s
        296   -5.289E+00                                 F               0         Blade 1 Y translation velocity, node 4, m/s
        297   -2.508E+01                                 F               0         Blade 1 Z translation velocity, node 4, m/s
        298   -3.572E+00                                 F               0         Blade 1 X translation velocity, node 5, m/s
        299   -5.997E+00                                 F               0         Blade 1 Y translation velocity, node 5, m/s
        300   -2.844E+01                                 F               0         Blade 1 Z translation velocity, node 5, m/s
        301   -3.993E+00                                 F               0         Blade 1 X translation velocity, node 6, m/s
        302   -6.705E+00                                 F               0         Blade 1 Y translation velocity, node 6, m/s
        303   -3.180E+01                                 F               0         Blade 1 Z translation velocity, node 6, m/s
        304   -4.414E+00                                 F               0         Blade 1 X translation velocity, node 7, m/s
        305   -7.413E+00                                 F               0         Blade 1 Y translation velocity, node 7, m/s
        306   -3.515E+01                                 F               0         Blade 1 Z translation velocity, node 7, m/s
        307   -4.836E+00                                 F               0         Blade 1 X translation velocity, node 8, m/s
