
Linearized model: Predictions were generated on 31-Jan-2024 at 12:35:17 using OpenFAST, compiled as a 64-bit application using single precision at commit v3.5.1
 linked with  NWTC Subroutine Library; ElastoDyn; InflowWind; AeroDyn; ServoDyn; HydroDyn; MAP++ (<1.20.10>, <Oct-20-2023>)

Description from the FAST input file: CCT-9 Campign 4 model. Input files to be run with OpenFAST 3.5.0. GitHub branch from Lu Wang (https://github.com/luwang00/openfast/tree/dev) compiled on March 7, 2023.

Simulation information:
   Simulation time:                   504.7000 s
   Rotor Speed:                         0.8939 rad/s
   Azimuth:                             4.9469 rad
   Wind Speed:                         10.0000 m/s
   Number of continuous states:         0
   Number of discrete states:           0
   Number of constraint states:         0
   Number of inputs:                 1746
   Number of outputs:                   4
   Jacobians included in this file?    No

Order of inputs:
     Column   Operating Point                     Rotating Frame? Derivative Order Description
   ---------- ---------------                     --------------- ---------------- -----------
          1    8.512E+00                                 F               0         Tower X translation displacement, node 1, m
          2   -1.355E+00                                 F               0         Tower Y translation displacement, node 1, m
          3   -8.975E-02                                 F               0         Tower Z translation displacement, node 1, m
          4    8.749E+00                                 F               0         Tower X translation displacement, node 2, m
          5   -1.887E+00                                 F               0         Tower Y translation displacement, node 2, m
          6   -1.035E-01                                 F               0         Tower Z translation displacement, node 2, m
          7    8.999E+00                                 F               0         Tower X translation displacement, node 3, m
          8   -2.420E+00                                 F               0         Tower Y translation displacement, node 3, m
          9   -1.175E-01                                 F               0         Tower Z translation displacement, node 3, m
         10    9.259E+00                                 F               0         Tower X translation displacement, node 4, m
         11   -2.952E+00                                 F               0         Tower Y translation displacement, node 4, m
         12   -1.317E-01                                 F               0         Tower Z translation displacement, node 4, m
         13    9.526E+00                                 F               0         Tower X translation displacement, node 5, m
         14   -3.485E+00                                 F               0         Tower Y translation displacement, node 5, m
         15   -1.461E-01                                 F               0         Tower Z translation displacement, node 5, m
         16    9.800E+00                                 F               0         Tower X translation displacement, node 6, m
         17   -4.017E+00                                 F               0         Tower Y translation displacement, node 6, m
         18   -1.606E-01                                 F               0         Tower Z translation displacement, node 6, m
         19    1.008E+01                                 F               0         Tower X translation displacement, node 7, m
         20   -4.549E+00                                 F               0         Tower Y translation displacement, node 7, m
         21   -1.752E-01                                 F               0         Tower Z translation displacement, node 7, m
         22    1.036E+01                                 F               0         Tower X translation displacement, node 8, m
         23   -5.082E+00                                 F               0         Tower Y translation displacement, node 8, m
         24   -1.899E-01                                 F               0         Tower Z translation displacement, node 8, m
         25    1.064E+01                                 F               0         Tower X translation displacement, node 9, m
         26   -5.614E+00                                 F               0         Tower Y translation displacement, node 9, m
         27   -2.046E-01                                 F               0         Tower Z translation displacement, node 9, m
         28    1.093E+01                                 F               0         Tower X translation displacement, node 10, m
         29   -6.146E+00                                 F               0         Tower Y translation displacement, node 10, m
         30   -2.193E-01                                 F               0         Tower Z translation displacement, node 10, m
         31    1.121E+01                                 F               0         Tower X translation displacement, node 11, m
         32   -6.679E+00                                 F               0         Tower Y translation displacement, node 11, m
         33   -2.341E-01                                 F               0         Tower Z translation displacement, node 11, m
         34    9.998E-01,  7.495E-03, -1.841E-02         F               0         Tower X orientation angle, node 1, rad
         35   -6.693E-03,  9.990E-01,  4.325E-02         F               0         Tower Y orientation angle, node 1, rad
         36    1.872E-02, -4.312E-02,  9.989E-01         F               0         Tower Z orientation angle, node 1, rad
         37    9.998E-01,  7.539E-03, -1.943E-02         F               0         Tower X orientation angle, node 2, rad
         38   -6.693E-03,  9.990E-01,  4.325E-02         F               0         Tower Y orientation angle, node 2, rad
         39    1.974E-02, -4.311E-02,  9.989E-01         F               0         Tower Z orientation angle, node 2, rad
         40    9.998E-01,  7.576E-03, -2.030E-02         F               0         Tower X orientation angle, node 3, rad
         41   -6.693E-03,  9.990E-01,  4.325E-02         F               0         Tower Y orientation angle, node 3, rad
         42    2.061E-02, -4.310E-02,  9.989E-01         F               0         Tower Z orientation angle, node 3, rad
         43    9.998E-01,  7.607E-03, -2.102E-02         F               0         Tower X orientation angle, node 4, rad
         44   -6.693E-03,  9.990E-01,  4.325E-02         F               0         Tower Y orientation angle, node 4, rad
         45    2.132E-02, -4.310E-02,  9.988E-01         F               0         Tower Z orientation angle, node 4, rad
         46    9.997E-01,  7.632E-03, -2.158E-02         F               0         Tower X orientation angle, node 5, rad
         47   -6.693E-03,  9.990E-01,  4.325E-02         F               0         Tower Y orientation angle, node 5, rad
         48    2.189E-02, -4.309E-02,  9.988E-01         F               0         Tower Z orientation angle, node 5, rad
         49    9.997E-01,  7.650E-03, -2.201E-02         F               0         Tower X orientation angle, node 6, rad
         50   -6.693E-03,  9.990E-01,  4.325E-02         F               0         Tower Y orientation angle, node 6, rad
         51    2.232E-02, -4.309E-02,  9.988E-01         F               0         Tower Z orientation angle, node 6, rad
         52    9.997E-01,  7.663E-03, -2.232E-02         F               0         Tower X orientation angle, node 7, rad
         53   -6.693E-03,  9.990E-01,  4.325E-02         F               0         Tower Y orientation angle, node 7, rad
         54    2.263E-02, -4.309E-02,  9.988E-01         F               0         Tower Z orientation angle, node 7, rad
         55    9.997E-01,  7.672E-03, -2.252E-02         F               0         Tower X orientation angle, node 8, rad
         56   -6.693E-03,  9.990E-01,  4.325E-02         F               0         Tower Y orientation angle, node 8, rad
         57    2.283E-02, -4.308E-02,  9.988E-01         F               0         Tower Z orientation angle, node 8, rad
         58    9.997E-01,  7.678E-03, -2.265E-02         F               0         Tower X orientation angle, node 9, rad
         59   -6.693E-03,  9.990E-01,  4.325E-02         F               0         Tower Y orientation angle, node 9, rad
         60    2.296E-02, -4.308E-02,  9.988E-01         F               0         Tower Z orientation angle, node 9, rad
         61    9.997E-01,  7.680E-03, -2.272E-02         F               0         Tower X orientation angle, node 10, rad
         62   -6.693E-03,  9.990E-01,  4.325E-02         F               0         Tower Y orientation angle, node 10, rad
         63    2.303E-02, -4.308E-02,  9.988E-01         F               0         Tower Z orientation angle, node 10, rad
         64    9.997E-01,  7.682E-03, -2.275E-02         F               0         Tower X orientation angle, node 11, rad
         65   -6.693E-03,  9.990E-01,  4.325E-02         F               0         Tower Y orientation angle, node 11, rad
         66    2.306E-02, -4.308E-02,  9.988E-01         F               0         Tower Z orientation angle, node 11, rad
         67   -1.724E-03                                 F               0         Tower X translation velocity, node 1, m/s
         68    1.196E-06                                 F               0         Tower Y translation velocity, node 1, m/s
         69   -8.024E-03                                 F               0         Tower Z translation velocity, node 1, m/s
         70   -1.719E-03                                 F               0         Tower X translation velocity, node 2, m/s
         71    2.044E-06                                 F               0         Tower Y translation velocity, node 2, m/s
         72   -8.024E-03                                 F               0         Tower Z translation velocity, node 2, m/s
         73   -1.705E-03                                 F               0         Tower X translation velocity, node 3, m/s
         74    3.005E-06                                 F               0         Tower Y translation velocity, node 3, m/s
         75   -8.024E-03                                 F               0         Tower Z translation velocity, node 3, m/s
         76   -1.683E-03                                 F               0         Tower X translation velocity, node 4, m/s
         77    4.063E-06                                 F               0         Tower Y translation velocity, node 4, m/s
         78   -8.025E-03                                 F               0         Tower Z translation velocity, node 4, m/s
         79   -1.653E-03                                 F               0         Tower X translation velocity, node 5, m/s
         80    5.212E-06                                 F               0         Tower Y translation velocity, node 5, m/s
         81   -8.025E-03                                 F               0         Tower Z translation velocity, node 5, m/s
         82   -1.614E-03                                 F               0         Tower X translation velocity, node 6, m/s
         83    6.445E-06                                 F               0         Tower Y translation velocity, node 6, m/s
         84   -8.026E-03                                 F               0         Tower Z translation velocity, node 6, m/s
         85   -1.569E-03                                 F               0         Tower X translation velocity, node 7, m/s
         86    7.748E-06                                 F               0         Tower Y translation velocity, node 7, m/s
         87   -8.027E-03                                 F               0         Tower Z translation velocity, node 7, m/s
         88   -1.516E-03                                 F               0         Tower X translation velocity, node 8, m/s
         89    9.117E-06                                 F               0         Tower Y translation velocity, node 8, m/s
         90   -8.028E-03                                 F               0         Tower Z translation velocity, node 8, m/s
         91   -1.457E-03                                 F               0         Tower X translation velocity, node 9, m/s
         92    1.054E-05                                 F               0         Tower Y translation velocity, node 9, m/s
         93   -8.030E-03                                 F               0         Tower Z translation velocity, node 9, m/s
         94   -1.394E-03                                 F               0         Tower X translation velocity, node 10, m/s
         95    1.200E-05                                 F               0         Tower Y translation velocity, node 10, m/s
         96   -8.031E-03                                 F               0         Tower Z translation velocity, node 10, m/s
         97   -1.327E-03                                 F               0         Tower X translation velocity, node 11, m/s
         98    1.349E-05                                 F               0         Tower Y translation velocity, node 11, m/s
         99   -8.032E-03                                 F               0         Tower Z translation velocity, node 11, m/s
        100    1.139E+01                                 F               0         Hub X translation displacement, node 1, m
        101   -7.100E+00                                 F               0         Hub Y translation displacement, node 1, m
        102    2.208E-03                                 F               0         Hub Z translation displacement, node 1, m
        103    9.918E-01,  1.214E-02, -1.270E-01         F               0         Hub X orientation angle, node 1, rad
        104   -1.255E-01,  2.730E-01, -9.538E-01         F               0         Hub Y orientation angle, node 1, rad
        105    2.310E-02,  9.619E-01,  2.723E-01         F               0         Hub Z orientation angle, node 1, rad
        106    8.866E-01                                 F               0         Hub X rotation velocity, node 1, rad/s
        107    1.086E-02                                 F               0         Hub Y rotation velocity, node 1, rad/s
        108   -1.135E-01                                 F               0         Hub Z rotation velocity, node 1, rad/s
        109    9.951E-01,  4.038E-03, -9.867E-02         F               0         Blade root 1 X orientation angle, node 1, rad
        110   -9.602E-02,  2.732E-01, -9.571E-01         F               0         Blade root 1 Y orientation angle, node 1, rad
        111    2.310E-02,  9.619E-01,  2.723E-01         F               0         Blade root 1 Z orientation angle, node 1, rad
        112    9.889E-01, -8.527E-03, -1.481E-01         F               0         Blade root 2 X orientation angle, node 1, rad
        113    1.121E-01,  6.966E-01,  7.086E-01         F               0         Blade root 2 Y orientation angle, node 1, rad
        114    9.713E-02, -7.174E-01,  6.899E-01         F               0         Blade root 2 Z orientation angle, node 1, rad
        115    9.901E-01,  4.090E-02, -1.341E-01         F               0         Blade root 3 X orientation angle, node 1, rad
        116    7.215E-02, -9.688E-01,  2.372E-01         F               0         Blade root 3 Y orientation angle, node 1, rad
        117   -1.202E-01, -2.445E-01, -9.622E-01         F               0         Blade root 3 Z orientation angle, node 1, rad
        118    1.094E+01                                 F               0         Blade 1 X translation displacement, node 1, m
        119   -1.771E+00                                 F               0         Blade 1 Y translation displacement, node 1, m
        120   -3.999E+00                                 F               0         Blade 1 Z translation displacement, node 1, m
        121    1.083E+01                                 F               0         Blade 1 X translation displacement, node 2, m
        122   -4.866E-01                                 F               0         Blade 1 Y translation displacement, node 2, m
        123   -4.963E+00                                 F               0         Blade 1 Z translation displacement, node 2, m
        124    9.357E+00                                 F               0         Blade 1 X translation displacement, node 3, m
        125    1.697E+01                                 F               0         Blade 1 Y translation displacement, node 3, m
        126   -1.807E+01                                 F               0         Blade 1 Z translation displacement, node 3, m
        127    9.042E+00                                 F               0         Blade 1 X translation displacement, node 4, m
        128    2.070E+01                                 F               0         Blade 1 Y translation displacement, node 4, m
        129   -2.087E+01                                 F               0         Blade 1 Z translation displacement, node 4, m
        130    8.727E+00                                 F               0         Blade 1 X translation displacement, node 5, m
        131    2.442E+01                                 F               0         Blade 1 Y translation displacement, node 5, m
        132   -2.366E+01                                 F               0         Blade 1 Z translation displacement, node 5, m
        133    8.412E+00                                 F               0         Blade 1 X translation displacement, node 6, m
        134    2.814E+01                                 F               0         Blade 1 Y translation displacement, node 6, m
        135   -2.645E+01                                 F               0         Blade 1 Z translation displacement, node 6, m
        136    8.097E+00                                 F               0         Blade 1 X translation displacement, node 7, m
        137    3.186E+01                                 F               0         Blade 1 Y translation displacement, node 7, m
        138   -2.925E+01                                 F               0         Blade 1 Z translation displacement, node 7, m
        139    7.782E+00                                 F               0         Blade 1 X translation displacement, node 8, m
        140    3.558E+01                                 F               0         Blade 1 Y translation displacement, node 8, m
        141   -3.204E+01                                 F               0         Blade 1 Z translation displacement, node 8, m
        142    7.467E+00                                 F               0         Blade 1 X translation displacement, node 9, m
        143    3.930E+01                                 F               0         Blade 1 Y translation displacement, node 9, m
        144   -3.483E+01                                 F               0         Blade 1 Z translation displacement, node 9, m
        145    7.152E+00                                 F               0         Blade 1 X translation displacement, node 10, m
        146    4.302E+01                                 F               0         Blade 1 Y translation displacement, node 10, m
        147   -3.763E+01                                 F               0         Blade 1 Z translation displacement, node 10, m
        148    6.837E+00                                 F               0         Blade 1 X translation displacement, node 11, m
        149    4.674E+01                                 F               0         Blade 1 Y translation displacement, node 11, m
        150   -4.042E+01                                 F               0         Blade 1 Z translation displacement, node 11, m
        151    6.522E+00                                 F               0         Blade 1 X translation displacement, node 12, m
        152    5.046E+01                                 F               0         Blade 1 Y translation displacement, node 12, m
        153   -4.321E+01                                 F               0         Blade 1 Z translation displacement, node 12, m
        154    6.207E+00                                 F               0         Blade 1 X translation displacement, node 13, m
        155    5.418E+01                                 F               0         Blade 1 Y translation displacement, node 13, m
        156   -4.601E+01                                 F               0         Blade 1 Z translation displacement, node 13, m
        157    5.892E+00                                 F               0         Blade 1 X translation displacement, node 14, m
        158    5.790E+01                                 F               0         Blade 1 Y translation displacement, node 14, m
        159   -4.880E+01                                 F               0         Blade 1 Z translation displacement, node 14, m
        160    5.577E+00                                 F               0         Blade 1 X translation displacement, node 15, m
        161    6.162E+01                                 F               0         Blade 1 Y translation displacement, node 15, m
        162   -5.159E+01                                 F               0         Blade 1 Z translation displacement, node 15, m
        163    5.262E+00                                 F               0         Blade 1 X translation displacement, node 16, m
        164    6.534E+01                                 F               0         Blade 1 Y translation displacement, node 16, m
        165   -5.439E+01                                 F               0         Blade 1 Z translation displacement, node 16, m
        166    4.947E+00                                 F               0         Blade 1 X translation displacement, node 17, m
        167    6.906E+01                                 F               0         Blade 1 Y translation displacement, node 17, m
        168   -5.718E+01                                 F               0         Blade 1 Z translation displacement, node 17, m
        169    4.632E+00                                 F               0         Blade 1 X translation displacement, node 18, m
        170    7.278E+01                                 F               0         Blade 1 Y translation displacement, node 18, m
        171   -5.997E+01                                 F               0         Blade 1 Z translation displacement, node 18, m
        172    4.317E+00                                 F               0         Blade 1 X translation displacement, node 19, m
        173    7.650E+01                                 F               0         Blade 1 Y translation displacement, node 19, m
        174   -6.277E+01                                 F               0         Blade 1 Z translation displacement, node 19, m
        175    4.002E+00                                 F               0         Blade 1 X translation displacement, node 20, m
        176    8.022E+01                                 F               0         Blade 1 Y translation displacement, node 20, m
        177   -6.556E+01                                 F               0         Blade 1 Z translation displacement, node 20, m
        178    3.687E+00                                 F               0         Blade 1 X translation displacement, node 21, m
        179    8.394E+01                                 F               0         Blade 1 Y translation displacement, node 21, m
        180   -6.835E+01                                 F               0         Blade 1 Z translation displacement, node 21, m
        181    3.372E+00                                 F               0         Blade 1 X translation displacement, node 22, m
        182    8.766E+01                                 F               0         Blade 1 Y translation displacement, node 22, m
        183   -7.115E+01                                 F               0         Blade 1 Z translation displacement, node 22, m
        184    3.057E+00                                 F               0         Blade 1 X translation displacement, node 23, m
        185    9.138E+01                                 F               0         Blade 1 Y translation displacement, node 23, m
        186   -7.394E+01                                 F               0         Blade 1 Z translation displacement, node 23, m
        187    2.743E+00                                 F               0         Blade 1 X translation displacement, node 24, m
        188    9.510E+01                                 F               0         Blade 1 Y translation displacement, node 24, m
        189   -7.673E+01                                 F               0         Blade 1 Z translation displacement, node 24, m
        190    2.428E+00                                 F               0         Blade 1 X translation displacement, node 25, m
        191    9.883E+01                                 F               0         Blade 1 Y translation displacement, node 25, m
        192   -7.953E+01                                 F               0         Blade 1 Z translation displacement, node 25, m
        193    2.113E+00                                 F               0         Blade 1 X translation displacement, node 26, m
        194    1.025E+02                                 F               0         Blade 1 Y translation displacement, node 26, m
        195   -8.232E+01                                 F               0         Blade 1 Z translation displacement, node 26, m
        196    1.798E+00                                 F               0         Blade 1 X translation displacement, node 27, m
        197    1.063E+02                                 F               0         Blade 1 Y translation displacement, node 27, m
        198   -8.511E+01                                 F               0         Blade 1 Z translation displacement, node 27, m
        199    1.531E+00                                 F               0         Blade 1 X translation displacement, node 28, m
        200    1.094E+02                                 F               0         Blade 1 Y translation displacement, node 28, m
        201   -8.748E+01                                 F               0         Blade 1 Z translation displacement, node 28, m
        202    9.294E-01, -1.210E-01,  3.486E-01         F               0         Blade 1 X orientation angle, node 1, rad
        203    3.683E-01,  2.450E-01, -8.968E-01         F               0         Blade 1 Y orientation angle, node 1, rad
        204    2.310E-02,  9.619E-01,  2.723E-01         F               0         Blade 1 Z orientation angle, node 1, rad
        205    9.294E-01, -1.210E-01,  3.486E-01         F               0         Blade 1 X orientation angle, node 2, rad
        206    3.683E-01,  2.450E-01, -8.968E-01         F               0         Blade 1 Y orientation angle, node 2, rad
        207    2.310E-02,  9.619E-01,  2.723E-01         F               0         Blade 1 Z orientation angle, node 2, rad
        208    9.902E-01, -5.949E-02,  1.262E-01         F               0         Blade 1 X orientation angle, node 3, rad
        209    1.376E-01,  2.667E-01, -9.539E-01         F               0         Blade 1 Y orientation angle, node 3, rad
        210    2.310E-02,  9.619E-01,  2.723E-01         F               0         Blade 1 Z orientation angle, node 3, rad
        211    9.951E-01, -4.817E-02,  8.577E-02         F               0         Blade 1 X orientation angle, node 4, rad
        212    9.562E-02,  2.690E-01, -9.584E-01         F               0         Blade 1 Y orientation angle, node 4, rad
        213    2.310E-02,  9.619E-01,  2.723E-01         F               0         Blade 1 Z orientation angle, node 4, rad
        214    9.978E-01, -3.923E-02,  5.395E-02         F               0         Blade 1 X orientation angle, node 5, rad
        215    6.258E-02,  2.704E-01, -9.607E-01         F               0         Blade 1 Y orientation angle, node 5, rad
        216    2.310E-02,  9.619E-01,  2.723E-01         F               0         Blade 1 Z orientation angle, node 5, rad
        217    9.991E-01, -3.204E-02,  2.844E-02         F               0         Blade 1 X orientation angle, node 6, rad
        218    3.609E-02,  2.714E-01, -9.618E-01         F               0         Blade 1 Y orientation angle, node 6, rad
        219    2.310E-02,  9.619E-01,  2.723E-01         F               0         Blade 1 Z orientation angle, node 6, rad
        220    9.996E-01, -2.611E-02,  7.456E-03         F               0         Blade 1 X orientation angle, node 7, rad
        221    1.428E-02,  2.720E-01, -9.622E-01         F               0         Blade 1 Y orientation angle, node 7, rad
        222    2.310E-02,  9.619E-01,  2.723E-01         F               0         Blade 1 Z orientation angle, node 7, rad
        223    9.997E-01, -2.117E-02, -1.001E-02         F               0         Blade 1 X orientation angle, node 8, rad
        224   -3.863E-03,  2.725E-01, -9.622E-01         F               0         Blade 1 Y orientation angle, node 8, rad
        225    2.310E-02,  9.619E-01,  2.723E-01         F               0         Blade 1 Z orientation angle, node 8, rad
        226    9.995E-01, -1.698E-02, -2.478E-02         F               0         Blade 1 X orientation angle, node 9, rad
        227   -1.922E-02,  2.728E-01, -9.619E-01         F               0         Blade 1 Y orientation angle, node 9, rad
        228    2.310E-02,  9.619E-01,  2.723E-01         F               0         Blade 1 Z orientation angle, node 9, rad
        229    9.992E-01, -1.337E-02, -3.754E-02         F               0         Blade 1 X orientation angle, node 10, rad
        230   -3.247E-02,  2.730E-01, -9.615E-01         F               0         Blade 1 Y orientation angle, node 10, rad
        231    2.310E-02,  9.619E-01,  2.723E-01         F               0         Blade 1 Z orientation angle, node 10, rad
        232    9.988E-01, -1.027E-02, -4.845E-02         F               0         Blade 1 X orientation angle, node 11, rad
        233   -4.381E-02,  2.731E-01, -9.610E-01         F               0         Blade 1 Y orientation angle, node 11, rad
        234    2.310E-02,  9.619E-01,  2.723E-01         F               0         Blade 1 Z orientation angle, node 11, rad
        235    9.983E-01, -7.551E-03, -5.800E-02         F               0         Blade 1 X orientation angle, node 12, rad
        236   -5.374E-02,  2.732E-01, -9.605E-01         F               0         Blade 1 Y orientation angle, node 12, rad
        237    2.310E-02,  9.619E-01,  2.723E-01         F               0         Blade 1 Z orientation angle, node 12, rad
        238    9.978E-01, -5.166E-03, -6.638E-02         F               0         Blade 1 X orientation angle, node 13, rad
        239   -6.245E-02,  2.732E-01, -9.599E-01         F               0         Blade 1 Y orientation angle, node 13, rad
        240    2.310E-02,  9.619E-01,  2.723E-01         F               0         Blade 1 Z orientation angle, node 13, rad
        241    9.973E-01, -3.020E-03, -7.392E-02         F               0         Blade 1 X orientation angle, node 14, rad
        242   -7.028E-02,  2.733E-01, -9.594E-01         F               0         Blade 1 Y orientation angle, node 14, rad
        243    2.310E-02,  9.619E-01,  2.723E-01         F               0         Blade 1 Z orientation angle, node 14, rad
        244    9.967E-01, -1.113E-03, -8.062E-02         F               0         Blade 1 X orientation angle, node 15, rad
        245   -7.724E-02,  2.733E-01, -9.588E-01         F               0         Blade 1 Y orientation angle, node 15, rad
        246    2.310E-02,  9.619E-01,  2.723E-01         F               0         Blade 1 Z orientation angle, node 15, rad
        247    9.962E-01,  6.045E-04, -8.664E-02         F               0         Blade 1 X orientation angle, node 16, rad
        248   -8.351E-02,  2.733E-01, -9.583E-01         F               0         Blade 1 Y orientation angle, node 16, rad
        249    2.310E-02,  9.619E-01,  2.723E-01         F               0         Blade 1 Z orientation angle, node 16, rad
        250    9.958E-01,  2.131E-03, -9.199E-02         F               0         Blade 1 X orientation angle, node 17, rad
        251   -8.907E-02,  2.733E-01, -9.578E-01         F               0         Blade 1 Y orientation angle, node 17, rad
        252    2.310E-02,  9.619E-01,  2.723E-01         F               0         Blade 1 Z orientation angle, node 17, rad
        253    9.953E-01,  3.562E-03, -9.700E-02         F               0         Blade 1 X orientation angle, node 18, rad
        254   -9.428E-02,  2.733E-01, -9.573E-01         F               0         Blade 1 Y orientation angle, node 18, rad
        255    2.310E-02,  9.619E-01,  2.723E-01         F               0         Blade 1 Z orientation angle, node 18, rad
        256    9.948E-01,  4.849E-03, -1.015E-01         F               0         Blade 1 X orientation angle, node 19, rad
        257   -9.897E-02,  2.732E-01, -9.568E-01         F               0         Blade 1 Y orientation angle, node 19, rad
        258    2.310E-02,  9.619E-01,  2.723E-01         F               0         Blade 1 Z orientation angle, node 19, rad
        259    9.944E-01,  5.994E-03, -1.055E-01         F               0         Blade 1 X orientation angle, node 20, rad
        260   -1.031E-01,  2.732E-01, -9.564E-01         F               0         Blade 1 Y orientation angle, node 20, rad
        261    2.310E-02,  9.619E-01,  2.723E-01         F               0         Blade 1 Z orientation angle, node 20, rad
        262    9.940E-01,  7.090E-03, -1.094E-01         F               0         Blade 1 X orientation angle, node 21, rad
        263   -1.071E-01,  2.732E-01, -9.560E-01         F               0         Blade 1 Y orientation angle, node 21, rad
        264    2.310E-02,  9.619E-01,  2.723E-01         F               0         Blade 1 Z orientation angle, node 21, rad
        265    9.936E-01,  8.092E-03, -1.129E-01         F               0         Blade 1 X orientation angle, node 22, rad
        266   -1.108E-01,  2.732E-01, -9.556E-01         F               0         Blade 1 Y orientation angle, node 22, rad
        267    2.310E-02,  9.619E-01,  2.723E-01         F               0         Blade 1 Z orientation angle, node 22, rad
        268    9.932E-01,  8.997E-03, -1.160E-01         F               0         Blade 1 X orientation angle, node 23, rad
        269   -1.141E-01,  2.731E-01, -9.552E-01         F               0         Blade 1 Y orientation angle, node 23, rad
        270    2.310E-02,  9.619E-01,  2.723E-01         F               0         Blade 1 Z orientation angle, node 23, rad
        271    9.928E-01,  9.855E-03, -1.190E-01         F               0         Blade 1 X orientation angle, node 24, rad
        272   -1.172E-01,  2.731E-01, -9.548E-01         F               0         Blade 1 Y orientation angle, node 24, rad
        273    2.310E-02,  9.619E-01,  2.723E-01         F               0         Blade 1 Z orientation angle, node 24, rad
        274    9.925E-01,  1.067E-02, -1.219E-01         F               0         Blade 1 X orientation angle, node 25, rad
        275   -1.201E-01,  2.731E-01, -9.545E-01         F               0         Blade 1 Y orientation angle, node 25, rad
        276    2.310E-02,  9.619E-01,  2.723E-01         F               0         Blade 1 Z orientation angle, node 25, rad
        277    9.922E-01,  1.138E-02, -1.244E-01         F               0         Blade 1 X orientation angle, node 26, rad
        278   -1.227E-01,  2.730E-01, -9.541E-01         F               0         Blade 1 Y orientation angle, node 26, rad
        279    2.310E-02,  9.619E-01,  2.723E-01         F               0         Blade 1 Z orientation angle, node 26, rad
        280    9.918E-01,  1.210E-02, -1.269E-01         F               0         Blade 1 X orientation angle, node 27, rad
        281   -1.253E-01,  2.730E-01, -9.538E-01         F               0         Blade 1 Y orientation angle, node 27, rad
        282    2.310E-02,  9.619E-01,  2.723E-01         F               0         Blade 1 Z orientation angle, node 27, rad
        283    9.917E-01,  1.248E-02, -1.282E-01         F               0         Blade 1 X orientation angle, node 28, rad
        284   -1.267E-01,  2.730E-01, -9.536E-01         F               0         Blade 1 Y orientation angle, node 28, rad
        285    2.310E-02,  9.619E-01,  2.723E-01         F               0         Blade 1 Z orientation angle, node 28, rad
        286    6.202E-01                                 F               0         Blade 1 X translation velocity, node 1, m/s
        287   -1.352E+00                                 F               0         Blade 1 Y translation velocity, node 1, m/s
        288    4.715E+00                                 F               0         Blade 1 Z translation velocity, node 1, m/s
        289    7.699E-01                                 F               0         Blade 1 X translation velocity, node 2, m/s
        290   -1.678E+00                                 F               0         Blade 1 Y translation velocity, node 2, m/s
        291    5.853E+00                                 F               0         Blade 1 Z translation velocity, node 2, m/s
        292    2.806E+00                                 F               0         Blade 1 X translation velocity, node 3, m/s
        293   -6.108E+00                                 F               0         Blade 1 Y translation velocity, node 3, m/s
        294    2.133E+01                                 F               0         Blade 1 Z translation velocity, node 3, m/s
        295    3.240E+00                                 F               0         Blade 1 X translation velocity, node 4, m/s
        296   -7.051E+00                                 F               0         Blade 1 Y translation velocity, node 4, m/s
        297    2.463E+01                                 F               0         Blade 1 Z translation velocity, node 4, m/s
        298    3.674E+00                                 F               0         Blade 1 X translation velocity, node 5, m/s
        299   -7.995E+00                                 F               0         Blade 1 Y translation velocity, node 5, m/s
        300    2.793E+01                                 F               0         Blade 1 Z translation velocity, node 5, m/s
        301    4.108E+00                                 F               0         Blade 1 X translation velocity, node 6, m/s
        302   -8.939E+00                                 F               0         Blade 1 Y translation velocity, node 6, m/s
        303    3.122E+01                                 F               0         Blade 1 Z translation velocity, node 6, m/s
        304    4.542E+00                                 F               0         Blade 1 X translation velocity, node 7, m/s
        305   -9.883E+00                                 F               0         Blade 1 Y translation velocity, node 7, m/s
        306    3.452E+01                                 F               0         Blade 1 Z translation velocity, node 7, m/s
        307    4.976E+00                                 F               0         Blade 1 X translation velocity, node 8, m/s
