
Linearized model: Predictions were generated on 06-Feb-2024 at 16:18:08 using OpenFAST, compiled as a 64-bit application using single precision at commit v3.5.1
 linked with  NWTC Subroutine Library; ElastoDyn; InflowWind; AeroDyn; ServoDyn; HydroDyn; MAP++ (<1.20.10>, <Oct-20-2023>)

Description from the FAST input file: CCT-9 Campign 4 model. Input files to be run with OpenFAST 3.5.0. GitHub branch from Lu Wang (https://github.com/luwang00/openfast/tree/dev) compiled on March 7, 2023.

Simulation information:
   Simulation time:                  1001.5000 s
   Rotor Speed:                         1.0420 rad/s
   Azimuth:                             3.0633 rad
   Wind Speed:                         12.0000 m/s
   Number of continuous states:         0
   Number of discrete states:           0
   Number of constraint states:         0
   Number of inputs:                 1746
   Number of outputs:                   4
   Jacobians included in this file?    No

Order of inputs:
     Column   Operating Point                     Rotating Frame? Derivative Order Description
   ---------- ---------------                     --------------- ---------------- -----------
          1    1.513E+01                                 F               0         Tower X translation displacement, node 1, m
          2   -1.423E+00                                 F               0         Tower Y translation displacement, node 1, m
          3   -4.957E-01                                 F               0         Tower Z translation displacement, node 1, m
          4    1.704E+01                                 F               0         Tower X translation displacement, node 2, m
          5   -2.004E+00                                 F               0         Tower Y translation displacement, node 2, m
          6   -6.584E-01                                 F               0         Tower Z translation displacement, node 2, m
          7    1.899E+01                                 F               0         Tower X translation displacement, node 3, m
          8   -2.591E+00                                 F               0         Tower Y translation displacement, node 3, m
          9   -8.267E-01                                 F               0         Tower Z translation displacement, node 3, m
         10    2.096E+01                                 F               0         Tower X translation displacement, node 4, m
         11   -3.182E+00                                 F               0         Tower Y translation displacement, node 4, m
         12   -9.995E-01                                 F               0         Tower Z translation displacement, node 4, m
         13    2.296E+01                                 F               0         Tower X translation displacement, node 5, m
         14   -3.776E+00                                 F               0         Tower Y translation displacement, node 5, m
         15   -1.176E+00                                 F               0         Tower Z translation displacement, node 5, m
         16    2.497E+01                                 F               0         Tower X translation displacement, node 6, m
         17   -4.374E+00                                 F               0         Tower Y translation displacement, node 6, m
         18   -1.356E+00                                 F               0         Tower Z translation displacement, node 6, m
         19    2.699E+01                                 F               0         Tower X translation displacement, node 7, m
         20   -4.975E+00                                 F               0         Tower Y translation displacement, node 7, m
         21   -1.538E+00                                 F               0         Tower Z translation displacement, node 7, m
         22    2.903E+01                                 F               0         Tower X translation displacement, node 8, m
         23   -5.577E+00                                 F               0         Tower Y translation displacement, node 8, m
         24   -1.722E+00                                 F               0         Tower Z translation displacement, node 8, m
         25    3.108E+01                                 F               0         Tower X translation displacement, node 9, m
         26   -6.181E+00                                 F               0         Tower Y translation displacement, node 9, m
         27   -1.907E+00                                 F               0         Tower Z translation displacement, node 9, m
         28    3.313E+01                                 F               0         Tower X translation displacement, node 10, m
         29   -6.786E+00                                 F               0         Tower Y translation displacement, node 10, m
         30   -2.094E+00                                 F               0         Tower Z translation displacement, node 10, m
         31    3.518E+01                                 F               0         Tower X translation displacement, node 11, m
         32   -7.392E+00                                 F               0         Tower Y translation displacement, node 11, m
         33   -2.281E+00                                 F               0         Tower Z translation displacement, node 11, m
         34    9.881E-01, -3.535E-03, -1.540E-01         F               0         Tower X orientation angle, node 1, rad
         35    1.070E-02,  9.989E-01,  4.575E-02         F               0         Tower Y orientation angle, node 1, rad
         36    1.537E-01, -4.685E-02,  9.870E-01         F               0         Tower Z orientation angle, node 1, rad
         37    9.877E-01, -3.412E-03, -1.566E-01         F               0         Tower X orientation angle, node 2, rad
         38    1.077E-02,  9.989E-01,  4.615E-02         F               0         Tower Y orientation angle, node 2, rad
         39    1.563E-01, -4.727E-02,  9.866E-01         F               0         Tower Z orientation angle, node 2, rad
         40    9.873E-01, -3.301E-03, -1.589E-01         F               0         Tower X orientation angle, node 3, rad
         41    1.083E-02,  9.989E-01,  4.652E-02         F               0         Tower Y orientation angle, node 3, rad
         42    1.585E-01, -4.765E-02,  9.862E-01         F               0         Tower Z orientation angle, node 3, rad
         43    9.870E-01, -3.206E-03, -1.608E-01         F               0         Tower X orientation angle, node 4, rad
         44    1.088E-02,  9.988E-01,  4.684E-02         F               0         Tower Y orientation angle, node 4, rad
         45    1.605E-01, -4.798E-02,  9.859E-01         F               0         Tower Z orientation angle, node 4, rad
         46    9.867E-01, -3.127E-03, -1.625E-01         F               0         Tower X orientation angle, node 5, rad
         47    1.092E-02,  9.988E-01,  4.711E-02         F               0         Tower Y orientation angle, node 5, rad
         48    1.621E-01, -4.826E-02,  9.856E-01         F               0         Tower Z orientation angle, node 5, rad
         49    9.865E-01, -3.061E-03, -1.638E-01         F               0         Tower X orientation angle, node 6, rad
         50    1.096E-02,  9.988E-01,  4.734E-02         F               0         Tower Y orientation angle, node 6, rad
         51    1.635E-01, -4.850E-02,  9.854E-01         F               0         Tower Z orientation angle, node 6, rad
         52    9.863E-01, -3.011E-03, -1.648E-01         F               0         Tower X orientation angle, node 7, rad
         53    1.099E-02,  9.988E-01,  4.752E-02         F               0         Tower Y orientation angle, node 7, rad
         54    1.645E-01, -4.869E-02,  9.852E-01         F               0         Tower Z orientation angle, node 7, rad
         55    9.862E-01, -2.973E-03, -1.656E-01         F               0         Tower X orientation angle, node 8, rad
         56    1.101E-02,  9.988E-01,  4.767E-02         F               0         Tower Y orientation angle, node 8, rad
         57    1.652E-01, -4.883E-02,  9.850E-01         F               0         Tower Z orientation angle, node 8, rad
         58    9.861E-01, -2.946E-03, -1.661E-01         F               0         Tower X orientation angle, node 9, rad
         59    1.103E-02,  9.988E-01,  4.777E-02         F               0         Tower Y orientation angle, node 9, rad
         60    1.658E-01, -4.894E-02,  9.849E-01         F               0         Tower Z orientation angle, node 9, rad
         61    9.860E-01, -2.929E-03, -1.665E-01         F               0         Tower X orientation angle, node 10, rad
         62    1.104E-02,  9.988E-01,  4.784E-02         F               0         Tower Y orientation angle, node 10, rad
         63    1.661E-01, -4.901E-02,  9.849E-01         F               0         Tower Z orientation angle, node 10, rad
         64    9.860E-01, -2.920E-03, -1.666E-01         F               0         Tower X orientation angle, node 11, rad
         65    1.105E-02,  9.988E-01,  4.788E-02         F               0         Tower Y orientation angle, node 11, rad
         66    1.663E-01, -4.905E-02,  9.849E-01         F               0         Tower Z orientation angle, node 11, rad
         67    5.398E-04                                 F               0         Tower X translation velocity, node 1, m/s
         68   -2.361E-04                                 F               0         Tower Y translation velocity, node 1, m/s
         69   -1.464E-03                                 F               0         Tower Z translation velocity, node 1, m/s
         70    6.450E-04                                 F               0         Tower X translation velocity, node 2, m/s
         71   -3.893E-04                                 F               0         Tower Y translation velocity, node 2, m/s
         72   -1.488E-03                                 F               0         Tower Z translation velocity, node 2, m/s
         73    6.705E-04                                 F               0         Tower X translation velocity, node 3, m/s
         74   -5.267E-04                                 F               0         Tower Y translation velocity, node 3, m/s
         75   -1.499E-03                                 F               0         Tower Z translation velocity, node 3, m/s
         76    6.354E-04                                 F               0         Tower X translation velocity, node 4, m/s
         77   -6.506E-04                                 F               0         Tower Y translation velocity, node 4, m/s
         78   -1.499E-03                                 F               0         Tower Z translation velocity, node 4, m/s
         79    5.504E-04                                 F               0         Tower X translation velocity, node 5, m/s
         80   -7.618E-04                                 F               0         Tower Y translation velocity, node 5, m/s
         81   -1.491E-03                                 F               0         Tower Z translation velocity, node 5, m/s
         82    4.252E-04                                 F               0         Tower X translation velocity, node 6, m/s
         83   -8.610E-04                                 F               0         Tower Y translation velocity, node 6, m/s
         84   -1.475E-03                                 F               0         Tower Z translation velocity, node 6, m/s
         85    2.709E-04                                 F               0         Tower X translation velocity, node 7, m/s
         86   -9.504E-04                                 F               0         Tower Y translation velocity, node 7, m/s
         87   -1.454E-03                                 F               0         Tower Z translation velocity, node 7, m/s
         88    9.269E-05                                 F               0         Tower X translation velocity, node 8, m/s
         89   -1.030E-03                                 F               0         Tower Y translation velocity, node 8, m/s
         90   -1.428E-03                                 F               0         Tower Z translation velocity, node 8, m/s
         91   -1.024E-04                                 F               0         Tower X translation velocity, node 9, m/s
         92   -1.103E-03                                 F               0         Tower Y translation velocity, node 9, m/s
         93   -1.399E-03                                 F               0         Tower Z translation velocity, node 9, m/s
         94   -3.084E-04                                 F               0         Tower X translation velocity, node 10, m/s
         95   -1.169E-03                                 F               0         Tower Y translation velocity, node 10, m/s
         96   -1.367E-03                                 F               0         Tower Z translation velocity, node 10, m/s
         97   -5.202E-04                                 F               0         Tower X translation velocity, node 11, m/s
         98   -1.232E-03                                 F               0         Tower Y translation velocity, node 11, m/s
         99   -1.335E-03                                 F               0         Tower Z translation velocity, node 11, m/s
        100    3.664E+01                                 F               0         Hub X translation displacement, node 1, m
        101   -7.746E+00                                 F               0         Hub Y translation displacement, node 1, m
        102   -5.998E-01                                 F               0         Hub Z translation displacement, node 1, m
        103    9.632E-01,  2.223E-03, -2.687E-01         F               0         Hub X orientation angle, node 1, rad
        104    9.968E-03, -9.996E-01,  2.747E-02         F               0         Hub Y orientation angle, node 1, rad
        105   -2.685E-01, -2.914E-02, -9.628E-01         F               0         Hub Z orientation angle, node 1, rad
        106    1.004E+00                                 F               0         Hub X rotation velocity, node 1, rad/s
        107    2.299E-03                                 F               0         Hub Y rotation velocity, node 1, rad/s
        108   -2.800E-01                                 F               0         Hub Z rotation velocity, node 1, rad/s
        109    9.625E-01,  3.188E-02, -2.694E-01         F               0         Blade root 1 X orientation angle, node 1, rad
        110    3.854E-02, -9.991E-01,  1.948E-02         F               0         Blade root 1 Y orientation angle, node 1, rad
        111   -2.685E-01, -2.914E-02, -9.628E-01         F               0         Blade root 1 Z orientation angle, node 1, rad
        112    9.699E-01, -1.186E-02, -2.434E-01         F               0         Blade root 2 X orientation angle, node 1, rad
        113   -2.088E-01,  4.744E-01, -8.552E-01         F               0         Blade root 2 Y orientation angle, node 1, rad
        114    1.256E-01,  8.802E-01,  4.576E-01         F               0         Blade root 2 Z orientation angle, node 1, rad
        115    9.561E-01, -1.335E-02, -2.929E-01         F               0         Blade root 3 X orientation angle, node 1, rad
        116    2.560E-01,  5.249E-01,  8.118E-01         F               0         Blade root 3 Y orientation angle, node 1, rad
        117    1.429E-01, -8.511E-01,  5.052E-01         F               0         Blade root 3 Z orientation angle, node 1, rad
        118    3.457E+01                                 F               0         Blade 1 X translation displacement, node 1, m
        119   -7.907E+00                                 F               0         Blade 1 Y translation displacement, node 1, m
        120   -1.144E+01                                 F               0         Blade 1 Z translation displacement, node 1, m
        121    3.407E+01                                 F               0         Blade 1 X translation displacement, node 2, m
        122   -7.946E+00                                 F               0         Blade 1 Y translation displacement, node 2, m
        123   -1.406E+01                                 F               0         Blade 1 Z translation displacement, node 2, m
        124    2.730E+01                                 F               0         Blade 1 X translation displacement, node 3, m
        125   -8.475E+00                                 F               0         Blade 1 Y translation displacement, node 3, m
        126   -4.959E+01                                 F               0         Blade 1 Z translation displacement, node 3, m
        127    2.586E+01                                 F               0         Blade 1 X translation displacement, node 4, m
        128   -8.588E+00                                 F               0         Blade 1 Y translation displacement, node 4, m
        129   -5.716E+01                                 F               0         Blade 1 Z translation displacement, node 4, m
        130    2.442E+01                                 F               0         Blade 1 X translation displacement, node 5, m
        131   -8.700E+00                                 F               0         Blade 1 Y translation displacement, node 5, m
        132   -6.473E+01                                 F               0         Blade 1 Z translation displacement, node 5, m
        133    2.297E+01                                 F               0         Blade 1 X translation displacement, node 6, m
        134   -8.813E+00                                 F               0         Blade 1 Y translation displacement, node 6, m
        135   -7.230E+01                                 F               0         Blade 1 Z translation displacement, node 6, m
        136    2.153E+01                                 F               0         Blade 1 X translation displacement, node 7, m
        137   -8.926E+00                                 F               0         Blade 1 Y translation displacement, node 7, m
        138   -7.987E+01                                 F               0         Blade 1 Z translation displacement, node 7, m
        139    2.009E+01                                 F               0         Blade 1 X translation displacement, node 8, m
        140   -9.038E+00                                 F               0         Blade 1 Y translation displacement, node 8, m
        141   -8.744E+01                                 F               0         Blade 1 Z translation displacement, node 8, m
        142    1.865E+01                                 F               0         Blade 1 X translation displacement, node 9, m
        143   -9.151E+00                                 F               0         Blade 1 Y translation displacement, node 9, m
        144   -9.501E+01                                 F               0         Blade 1 Z translation displacement, node 9, m
        145    1.720E+01                                 F               0         Blade 1 X translation displacement, node 10, m
        146   -9.264E+00                                 F               0         Blade 1 Y translation displacement, node 10, m
        147   -1.026E+02                                 F               0         Blade 1 Z translation displacement, node 10, m
        148    1.576E+01                                 F               0         Blade 1 X translation displacement, node 11, m
        149   -9.376E+00                                 F               0         Blade 1 Y translation displacement, node 11, m
        150   -1.102E+02                                 F               0         Blade 1 Z translation displacement, node 11, m
        151    1.432E+01                                 F               0         Blade 1 X translation displacement, node 12, m
        152   -9.489E+00                                 F               0         Blade 1 Y translation displacement, node 12, m
        153   -1.177E+02                                 F               0         Blade 1 Z translation displacement, node 12, m
        154    1.287E+01                                 F               0         Blade 1 X translation displacement, node 13, m
        155   -9.602E+00                                 F               0         Blade 1 Y translation displacement, node 13, m
        156   -1.253E+02                                 F               0         Blade 1 Z translation displacement, node 13, m
        157    1.143E+01                                 F               0         Blade 1 X translation displacement, node 14, m
        158   -9.714E+00                                 F               0         Blade 1 Y translation displacement, node 14, m
        159   -1.329E+02                                 F               0         Blade 1 Z translation displacement, node 14, m
        160    9.989E+00                                 F               0         Blade 1 X translation displacement, node 15, m
        161   -9.827E+00                                 F               0         Blade 1 Y translation displacement, node 15, m
        162   -1.404E+02                                 F               0         Blade 1 Z translation displacement, node 15, m
        163    8.546E+00                                 F               0         Blade 1 X translation displacement, node 16, m
        164   -9.940E+00                                 F               0         Blade 1 Y translation displacement, node 16, m
        165   -1.480E+02                                 F               0         Blade 1 Z translation displacement, node 16, m
        166    7.104E+00                                 F               0         Blade 1 X translation displacement, node 17, m
        167   -1.005E+01                                 F               0         Blade 1 Y translation displacement, node 17, m
        168   -1.556E+02                                 F               0         Blade 1 Z translation displacement, node 17, m
        169    5.661E+00                                 F               0         Blade 1 X translation displacement, node 18, m
        170   -1.017E+01                                 F               0         Blade 1 Y translation displacement, node 18, m
        171   -1.631E+02                                 F               0         Blade 1 Z translation displacement, node 18, m
        172    4.218E+00                                 F               0         Blade 1 X translation displacement, node 19, m
        173   -1.028E+01                                 F               0         Blade 1 Y translation displacement, node 19, m
        174   -1.707E+02                                 F               0         Blade 1 Z translation displacement, node 19, m
        175    2.775E+00                                 F               0         Blade 1 X translation displacement, node 20, m
        176   -1.039E+01                                 F               0         Blade 1 Y translation displacement, node 20, m
        177   -1.783E+02                                 F               0         Blade 1 Z translation displacement, node 20, m
        178    1.333E+00                                 F               0         Blade 1 X translation displacement, node 21, m
        179   -1.050E+01                                 F               0         Blade 1 Y translation displacement, node 21, m
        180   -1.859E+02                                 F               0         Blade 1 Z translation displacement, node 21, m
        181   -1.102E-01                                 F               0         Blade 1 X translation displacement, node 22, m
        182   -1.062E+01                                 F               0         Blade 1 Y translation displacement, node 22, m
        183   -1.934E+02                                 F               0         Blade 1 Z translation displacement, node 22, m
        184   -1.553E+00                                 F               0         Blade 1 X translation displacement, node 23, m
        185   -1.073E+01                                 F               0         Blade 1 Y translation displacement, node 23, m
        186   -2.010E+02                                 F               0         Blade 1 Z translation displacement, node 23, m
        187   -2.996E+00                                 F               0         Blade 1 X translation displacement, node 24, m
        188   -1.084E+01                                 F               0         Blade 1 Y translation displacement, node 24, m
        189   -2.086E+02                                 F               0         Blade 1 Z translation displacement, node 24, m
        190   -4.438E+00                                 F               0         Blade 1 X translation displacement, node 25, m
        191   -1.095E+01                                 F               0         Blade 1 Y translation displacement, node 25, m
        192   -2.161E+02                                 F               0         Blade 1 Z translation displacement, node 25, m
        193   -5.881E+00                                 F               0         Blade 1 X translation displacement, node 26, m
        194   -1.107E+01                                 F               0         Blade 1 Y translation displacement, node 26, m
        195   -2.237E+02                                 F               0         Blade 1 Z translation displacement, node 26, m
        196   -7.324E+00                                 F               0         Blade 1 X translation displacement, node 27, m
        197   -1.118E+01                                 F               0         Blade 1 Y translation displacement, node 27, m
        198   -2.313E+02                                 F               0         Blade 1 Z translation displacement, node 27, m
        199   -8.547E+00                                 F               0         Blade 1 X translation displacement, node 28, m
        200   -1.127E+01                                 F               0         Blade 1 Y translation displacement, node 28, m
        201   -2.377E+02                                 F               0         Blade 1 Z translation displacement, node 28, m
        202    8.390E-01,  4.840E-01, -2.486E-01         F               0         Blade 1 X orientation angle, node 1, rad
        203    4.732E-01, -8.746E-01, -1.055E-01         F               0         Blade 1 Y orientation angle, node 1, rad
        204   -2.685E-01, -2.914E-02, -9.628E-01         F               0         Blade 1 Z orientation angle, node 1, rad
        205    8.390E-01,  4.840E-01, -2.486E-01         F               0         Blade 1 X orientation angle, node 2, rad
        206    4.732E-01, -8.746E-01, -1.055E-01         F               0         Blade 1 Y orientation angle, node 2, rad
        207   -2.685E-01, -2.914E-02, -9.628E-01         F               0         Blade 1 Z orientation angle, node 2, rad
        208    9.273E-01,  2.629E-01, -2.665E-01         F               0         Blade 1 X orientation angle, node 3, rad
        209    2.609E-01, -9.644E-01, -4.356E-02         F               0         Blade 1 Y orientation angle, node 3, rad
        210   -2.685E-01, -2.914E-02, -9.628E-01         F               0         Blade 1 Z orientation angle, node 3, rad
        211    9.375E-01,  2.219E-01, -2.681E-01         F               0         Blade 1 X orientation angle, node 4, rad
        212    2.215E-01, -9.746E-01, -3.227E-02         F               0         Blade 1 Y orientation angle, node 4, rad
        213   -2.685E-01, -2.914E-02, -9.628E-01         F               0         Blade 1 Z orientation angle, node 4, rad
        214    9.443E-01,  1.895E-01, -2.691E-01         F               0         Blade 1 X orientation angle, node 5, rad
        215    1.903E-01, -9.815E-01, -2.336E-02         F               0         Blade 1 Y orientation angle, node 5, rad
        216   -2.685E-01, -2.914E-02, -9.628E-01         F               0         Blade 1 Z orientation angle, node 5, rad
        217    9.490E-01,  1.634E-01, -2.696E-01         F               0         Blade 1 X orientation angle, node 6, rad
        218    1.652E-01, -9.861E-01, -1.622E-02         F               0         Blade 1 Y orientation angle, node 6, rad
        219   -2.685E-01, -2.914E-02, -9.628E-01         F               0         Blade 1 Z orientation angle, node 6, rad
        220    9.524E-01,  1.418E-01, -2.699E-01         F               0         Blade 1 X orientation angle, node 7, rad
        221    1.444E-01, -9.895E-01, -1.033E-02         F               0         Blade 1 Y orientation angle, node 7, rad
        222   -2.685E-01, -2.914E-02, -9.628E-01         F               0         Blade 1 Z orientation angle, node 7, rad
        223    9.549E-01,  1.239E-01, -2.700E-01         F               0         Blade 1 X orientation angle, node 8, rad
        224    1.271E-01, -9.919E-01, -5.433E-03         F               0         Blade 1 Y orientation angle, node 8, rad
        225   -2.685E-01, -2.914E-02, -9.628E-01         F               0         Blade 1 Z orientation angle, node 8, rad
        226    9.567E-01,  1.086E-01, -2.701E-01         F               0         Blade 1 X orientation angle, node 9, rad
        227    1.124E-01, -9.937E-01, -1.285E-03         F               0         Blade 1 Y orientation angle, node 9, rad
        228   -2.685E-01, -2.914E-02, -9.628E-01         F               0         Blade 1 Z orientation angle, node 9, rad
        229    9.581E-01,  9.541E-02, -2.701E-01         F               0         Blade 1 X orientation angle, node 10, rad
        230    9.974E-02, -9.950E-01,  2.297E-03         F               0         Blade 1 Y orientation angle, node 10, rad
        231   -2.685E-01, -2.914E-02, -9.628E-01         F               0         Blade 1 Z orientation angle, node 10, rad
        232    9.592E-01,  8.412E-02, -2.700E-01         F               0         Blade 1 X orientation angle, node 11, rad
        233    8.886E-02, -9.960E-01,  5.361E-03         F               0         Blade 1 Y orientation angle, node 11, rad
        234   -2.685E-01, -2.914E-02, -9.628E-01         F               0         Blade 1 Z orientation angle, node 11, rad
        235    9.600E-01,  7.421E-02, -2.700E-01         F               0         Blade 1 X orientation angle, node 12, rad
        236    7.931E-02, -9.968E-01,  8.047E-03         F               0         Blade 1 Y orientation angle, node 12, rad
        237   -2.685E-01, -2.914E-02, -9.628E-01         F               0         Blade 1 Z orientation angle, node 12, rad
        238    9.607E-01,  6.550E-02, -2.699E-01         F               0         Blade 1 X orientation angle, node 13, rad
        239    7.093E-02, -9.974E-01,  1.040E-02         F               0         Blade 1 Y orientation angle, node 13, rad
        240   -2.685E-01, -2.914E-02, -9.628E-01         F               0         Blade 1 Z orientation angle, node 13, rad
        241    9.612E-01,  5.767E-02, -2.698E-01         F               0         Blade 1 X orientation angle, node 14, rad
        242    6.339E-02, -9.979E-01,  1.252E-02         F               0         Blade 1 Y orientation angle, node 14, rad
        243   -2.685E-01, -2.914E-02, -9.628E-01         F               0         Blade 1 Z orientation angle, node 14, rad
        244    9.616E-01,  5.070E-02, -2.697E-01         F               0         Blade 1 X orientation angle, node 15, rad
        245    5.667E-02, -9.983E-01,  1.440E-02         F               0         Blade 1 Y orientation angle, node 15, rad
        246   -2.685E-01, -2.914E-02, -9.628E-01         F               0         Blade 1 Z orientation angle, node 15, rad
        247    9.619E-01,  4.443E-02, -2.696E-01         F               0         Blade 1 X orientation angle, node 16, rad
        248    5.063E-02, -9.986E-01,  1.610E-02         F               0         Blade 1 Y orientation angle, node 16, rad
        249   -2.685E-01, -2.914E-02, -9.628E-01         F               0         Blade 1 Z orientation angle, node 16, rad
        250    9.622E-01,  3.885E-02, -2.695E-01         F               0         Blade 1 X orientation angle, node 17, rad
        251    4.526E-02, -9.988E-01,  1.760E-02         F               0         Blade 1 Y orientation angle, node 17, rad
        252   -2.685E-01, -2.914E-02, -9.628E-01         F               0         Blade 1 Z orientation angle, node 17, rad
        253    9.624E-01,  3.362E-02, -2.694E-01         F               0         Blade 1 X orientation angle, node 18, rad
        254    4.022E-02, -9.990E-01,  1.901E-02         F               0         Blade 1 Y orientation angle, node 18, rad
        255   -2.685E-01, -2.914E-02, -9.628E-01         F               0         Blade 1 Z orientation angle, node 18, rad
        256    9.626E-01,  2.891E-02, -2.693E-01         F               0         Blade 1 X orientation angle, node 19, rad
        257    3.568E-02, -9.992E-01,  2.028E-02         F               0         Blade 1 Y orientation angle, node 19, rad
        258   -2.685E-01, -2.914E-02, -9.628E-01         F               0         Blade 1 Z orientation angle, node 19, rad
        259    9.628E-01,  2.473E-02, -2.692E-01         F               0         Blade 1 X orientation angle, node 20, rad
        260    3.165E-02, -9.993E-01,  2.141E-02         F               0         Blade 1 Y orientation angle, node 20, rad
        261   -2.685E-01, -2.914E-02, -9.628E-01         F               0         Blade 1 Z orientation angle, node 20, rad
        262    9.629E-01,  2.071E-02, -2.691E-01         F               0         Blade 1 X orientation angle, node 21, rad
        263    2.779E-02, -9.994E-01,  2.249E-02         F               0         Blade 1 Y orientation angle, node 21, rad
        264   -2.685E-01, -2.914E-02, -9.628E-01         F               0         Blade 1 Z orientation angle, node 21, rad
        265    9.630E-01,  1.705E-02, -2.691E-01         F               0         Blade 1 X orientation angle, node 22, rad
        266    2.426E-02, -9.994E-01,  2.348E-02         F               0         Blade 1 Y orientation angle, node 22, rad
        267   -2.685E-01, -2.914E-02, -9.628E-01         F               0         Blade 1 Z orientation angle, node 22, rad
        268    9.631E-01,  1.374E-02, -2.690E-01         F               0         Blade 1 X orientation angle, node 23, rad
        269    2.106E-02, -9.995E-01,  2.437E-02         F               0         Blade 1 Y orientation angle, node 23, rad
        270   -2.685E-01, -2.914E-02, -9.628E-01         F               0         Blade 1 Z orientation angle, node 23, rad
        271    9.631E-01,  1.060E-02, -2.689E-01         F               0         Blade 1 X orientation angle, node 24, rad
        272    1.804E-02, -9.995E-01,  2.522E-02         F               0         Blade 1 Y orientation angle, node 24, rad
        273   -2.685E-01, -2.914E-02, -9.628E-01         F               0         Blade 1 Z orientation angle, node 24, rad
        274    9.632E-01,  7.631E-03, -2.688E-01         F               0         Blade 1 X orientation angle, node 25, rad
        275    1.518E-02, -9.995E-01,  2.601E-02         F               0         Blade 1 Y orientation angle, node 25, rad
        276   -2.685E-01, -2.914E-02, -9.628E-01         F               0         Blade 1 Z orientation angle, node 25, rad
        277    9.632E-01,  5.014E-03, -2.687E-01         F               0         Blade 1 X orientation angle, node 26, rad
        278    1.266E-02, -9.996E-01,  2.672E-02         F               0         Blade 1 Y orientation angle, node 26, rad
        279   -2.685E-01, -2.914E-02, -9.628E-01         F               0         Blade 1 Z orientation angle, node 26, rad
        280    9.632E-01,  2.397E-03, -2.687E-01         F               0         Blade 1 X orientation angle, node 27, rad
        281    1.014E-02, -9.996E-01,  2.742E-02         F               0         Blade 1 Y orientation angle, node 27, rad
        282   -2.685E-01, -2.914E-02, -9.628E-01         F               0         Blade 1 Z orientation angle, node 27, rad
        283    9.632E-01,  1.001E-03, -2.686E-01         F               0         Blade 1 X orientation angle, node 28, rad
        284    8.791E-03, -9.996E-01,  2.780E-02         F               0         Blade 1 Y orientation angle, node 28, rad
        285   -2.685E-01, -2.914E-02, -9.628E-01         F               0         Blade 1 Z orientation angle, node 28, rad
        286   -5.814E-02                                 F               0         Blade 1 X translation velocity, node 1, m/s
        287    5.769E+00                                 F               0         Blade 1 Y translation velocity, node 1, m/s
        288   -1.601E-01                                 F               0         Blade 1 Z translation velocity, node 1, m/s
        289   -7.198E-02                                 F               0         Blade 1 X translation velocity, node 2, m/s
        290    7.160E+00                                 F               0         Blade 1 Y translation velocity, node 2, m/s
        291   -1.983E-01                                 F               0         Blade 1 Z translation velocity, node 2, m/s
        292   -2.602E-01                                 F               0         Blade 1 X translation velocity, node 3, m/s
        293    2.607E+01                                 F               0         Blade 1 Y translation velocity, node 3, m/s
        294   -7.180E-01                                 F               0         Blade 1 Z translation velocity, node 3, m/s
        295   -3.003E-01                                 F               0         Blade 1 X translation velocity, node 4, m/s
        296    3.010E+01                                 F               0         Blade 1 Y translation velocity, node 4, m/s
        297   -8.287E-01                                 F               0         Blade 1 Z translation velocity, node 4, m/s
        298   -3.404E-01                                 F               0         Blade 1 X translation velocity, node 5, m/s
        299    3.412E+01                                 F               0         Blade 1 Y translation velocity, node 5, m/s
        300   -9.394E-01                                 F               0         Blade 1 Z translation velocity, node 5, m/s
        301   -3.806E-01                                 F               0         Blade 1 X translation velocity, node 6, m/s
        302    3.815E+01                                 F               0         Blade 1 Y translation velocity, node 6, m/s
        303   -1.050E+00                                 F               0         Blade 1 Z translation velocity, node 6, m/s
        304   -4.207E-01                                 F               0         Blade 1 X translation velocity, node 7, m/s
        305    4.218E+01                                 F               0         Blade 1 Y translation velocity, node 7, m/s
        306   -1.161E+00                                 F               0         Blade 1 Z translation velocity, node 7, m/s
        307   -4.608E-01                                 F               0         Blade 1 X translation velocity, node 8, m/s
