
Linearized model: Predictions were generated on 06-Feb-2024 at 16:18:08 using OpenFAST, compiled as a 64-bit application using single precision at commit v3.5.1
 linked with  NWTC Subroutine Library; ElastoDyn; InflowWind; AeroDyn; ServoDyn; HydroDyn; MAP++ (<1.20.10>, <Oct-20-2023>)

Description from the FAST input file: CCT-9 Campign 4 model. Input files to be run with OpenFAST 3.5.0. GitHub branch from Lu Wang (https://github.com/luwang00/openfast/tree/dev) compiled on March 7, 2023.

Simulation information:
   Simulation time:                  1000.2500 s
   Rotor Speed:                         1.0419 rad/s
   Azimuth:                             1.7609 rad
   Wind Speed:                         12.0000 m/s
   Number of continuous states:         0
   Number of discrete states:           0
   Number of constraint states:         0
   Number of inputs:                 1746
   Number of outputs:                   4
   Jacobians included in this file?    No

Order of inputs:
     Column   Operating Point                     Rotating Frame? Derivative Order Description
   ---------- ---------------                     --------------- ---------------- -----------
          1    1.513E+01                                 F               0         Tower X translation displacement, node 1, m
          2   -1.423E+00                                 F               0         Tower Y translation displacement, node 1, m
          3   -4.929E-01                                 F               0         Tower Z translation displacement, node 1, m
          4    1.704E+01                                 F               0         Tower X translation displacement, node 2, m
          5   -2.005E+00                                 F               0         Tower Y translation displacement, node 2, m
          6   -6.556E-01                                 F               0         Tower Z translation displacement, node 2, m
          7    1.899E+01                                 F               0         Tower X translation displacement, node 3, m
          8   -2.591E+00                                 F               0         Tower Y translation displacement, node 3, m
          9   -8.239E-01                                 F               0         Tower Z translation displacement, node 3, m
         10    2.096E+01                                 F               0         Tower X translation displacement, node 4, m
         11   -3.182E+00                                 F               0         Tower Y translation displacement, node 4, m
         12   -9.967E-01                                 F               0         Tower Z translation displacement, node 4, m
         13    2.296E+01                                 F               0         Tower X translation displacement, node 5, m
         14   -3.777E+00                                 F               0         Tower Y translation displacement, node 5, m
         15   -1.173E+00                                 F               0         Tower Z translation displacement, node 5, m
         16    2.497E+01                                 F               0         Tower X translation displacement, node 6, m
         17   -4.375E+00                                 F               0         Tower Y translation displacement, node 6, m
         18   -1.353E+00                                 F               0         Tower Z translation displacement, node 6, m
         19    2.699E+01                                 F               0         Tower X translation displacement, node 7, m
         20   -4.976E+00                                 F               0         Tower Y translation displacement, node 7, m
         21   -1.535E+00                                 F               0         Tower Z translation displacement, node 7, m
         22    2.903E+01                                 F               0         Tower X translation displacement, node 8, m
         23   -5.578E+00                                 F               0         Tower Y translation displacement, node 8, m
         24   -1.719E+00                                 F               0         Tower Z translation displacement, node 8, m
         25    3.108E+01                                 F               0         Tower X translation displacement, node 9, m
         26   -6.183E+00                                 F               0         Tower Y translation displacement, node 9, m
         27   -1.904E+00                                 F               0         Tower Z translation displacement, node 9, m
         28    3.313E+01                                 F               0         Tower X translation displacement, node 10, m
         29   -6.788E+00                                 F               0         Tower Y translation displacement, node 10, m
         30   -2.091E+00                                 F               0         Tower Z translation displacement, node 10, m
         31    3.518E+01                                 F               0         Tower X translation displacement, node 11, m
         32   -7.394E+00                                 F               0         Tower Y translation displacement, node 11, m
         33   -2.278E+00                                 F               0         Tower Z translation displacement, node 11, m
         34    9.881E-01, -3.534E-03, -1.540E-01         F               0         Tower X orientation angle, node 1, rad
         35    1.071E-02,  9.989E-01,  4.576E-02         F               0         Tower Y orientation angle, node 1, rad
         36    1.537E-01, -4.687E-02,  9.870E-01         F               0         Tower Z orientation angle, node 1, rad
         37    9.877E-01, -3.410E-03, -1.566E-01         F               0         Tower X orientation angle, node 2, rad
         38    1.077E-02,  9.989E-01,  4.617E-02         F               0         Tower Y orientation angle, node 2, rad
         39    1.563E-01, -4.729E-02,  9.866E-01         F               0         Tower Z orientation angle, node 2, rad
         40    9.873E-01, -3.300E-03, -1.589E-01         F               0         Tower X orientation angle, node 3, rad
         41    1.083E-02,  9.989E-01,  4.653E-02         F               0         Tower Y orientation angle, node 3, rad
         42    1.585E-01, -4.766E-02,  9.862E-01         F               0         Tower Z orientation angle, node 3, rad
         43    9.870E-01, -3.205E-03, -1.608E-01         F               0         Tower X orientation angle, node 4, rad
         44    1.088E-02,  9.988E-01,  4.685E-02         F               0         Tower Y orientation angle, node 4, rad
         45    1.605E-01, -4.799E-02,  9.859E-01         F               0         Tower Z orientation angle, node 4, rad
         46    9.867E-01, -3.125E-03, -1.625E-01         F               0         Tower X orientation angle, node 5, rad
         47    1.092E-02,  9.988E-01,  4.712E-02         F               0         Tower Y orientation angle, node 5, rad
         48    1.621E-01, -4.827E-02,  9.856E-01         F               0         Tower Z orientation angle, node 5, rad
         49    9.865E-01, -3.060E-03, -1.638E-01         F               0         Tower X orientation angle, node 6, rad
         50    1.096E-02,  9.988E-01,  4.735E-02         F               0         Tower Y orientation angle, node 6, rad
         51    1.635E-01, -4.851E-02,  9.854E-01         F               0         Tower Z orientation angle, node 6, rad
         52    9.863E-01, -3.009E-03, -1.648E-01         F               0         Tower X orientation angle, node 7, rad
         53    1.099E-02,  9.988E-01,  4.753E-02         F               0         Tower Y orientation angle, node 7, rad
         54    1.645E-01, -4.870E-02,  9.852E-01         F               0         Tower Z orientation angle, node 7, rad
         55    9.862E-01, -2.971E-03, -1.656E-01         F               0         Tower X orientation angle, node 8, rad
         56    1.101E-02,  9.988E-01,  4.768E-02         F               0         Tower Y orientation angle, node 8, rad
         57    1.652E-01, -4.884E-02,  9.850E-01         F               0         Tower Z orientation angle, node 8, rad
         58    9.861E-01, -2.945E-03, -1.661E-01         F               0         Tower X orientation angle, node 9, rad
         59    1.103E-02,  9.988E-01,  4.778E-02         F               0         Tower Y orientation angle, node 9, rad
         60    1.658E-01, -4.895E-02,  9.849E-01         F               0         Tower Z orientation angle, node 9, rad
         61    9.860E-01, -2.928E-03, -1.665E-01         F               0         Tower X orientation angle, node 10, rad
         62    1.104E-02,  9.988E-01,  4.785E-02         F               0         Tower Y orientation angle, node 10, rad
         63    1.661E-01, -4.902E-02,  9.849E-01         F               0         Tower Z orientation angle, node 10, rad
         64    9.860E-01, -2.919E-03, -1.666E-01         F               0         Tower X orientation angle, node 11, rad
         65    1.105E-02,  9.988E-01,  4.789E-02         F               0         Tower Y orientation angle, node 11, rad
         66    1.663E-01, -4.906E-02,  9.849E-01         F               0         Tower Z orientation angle, node 11, rad
         67    5.331E-05                                 F               0         Tower X translation velocity, node 1, m/s
         68    7.033E-04                                 F               0         Tower Y translation velocity, node 1, m/s
         69   -3.102E-03                                 F               0         Tower Z translation velocity, node 1, m/s
         70    3.611E-05                                 F               0         Tower X translation velocity, node 2, m/s
         71    1.163E-03                                 F               0         Tower Y translation velocity, node 2, m/s
         72   -3.078E-03                                 F               0         Tower Z translation velocity, node 2, m/s
         73    4.872E-05                                 F               0         Tower X translation velocity, node 3, m/s
         74    1.587E-03                                 F               0         Tower Y translation velocity, node 3, m/s
         75   -3.059E-03                                 F               0         Tower Z translation velocity, node 3, m/s
         76    8.093E-05                                 F               0         Tower X translation velocity, node 4, m/s
         77    1.979E-03                                 F               0         Tower Y translation velocity, node 4, m/s
         78   -3.046E-03                                 F               0         Tower Z translation velocity, node 4, m/s
         79    1.263E-04                                 F               0         Tower X translation velocity, node 5, m/s
         80    2.341E-03                                 F               0         Tower Y translation velocity, node 5, m/s
         81   -3.035E-03                                 F               0         Tower Z translation velocity, node 5, m/s
         82    1.793E-04                                 F               0         Tower X translation velocity, node 6, m/s
         83    2.677E-03                                 F               0         Tower Y translation velocity, node 6, m/s
         84   -3.028E-03                                 F               0         Tower Z translation velocity, node 6, m/s
         85    2.352E-04                                 F               0         Tower X translation velocity, node 7, m/s
         86    2.990E-03                                 F               0         Tower Y translation velocity, node 7, m/s
         87   -3.021E-03                                 F               0         Tower Z translation velocity, node 7, m/s
         88    2.911E-04                                 F               0         Tower X translation velocity, node 8, m/s
         89    3.282E-03                                 F               0         Tower Y translation velocity, node 8, m/s
         90   -3.016E-03                                 F               0         Tower Z translation velocity, node 8, m/s
         91    3.449E-04                                 F               0         Tower X translation velocity, node 9, m/s
         92    3.557E-03                                 F               0         Tower Y translation velocity, node 9, m/s
         93   -3.012E-03                                 F               0         Tower Z translation velocity, node 9, m/s
         94    3.957E-04                                 F               0         Tower X translation velocity, node 10, m/s
         95    3.819E-03                                 F               0         Tower Y translation velocity, node 10, m/s
         96   -3.007E-03                                 F               0         Tower Z translation velocity, node 10, m/s
         97    4.436E-04                                 F               0         Tower X translation velocity, node 11, m/s
         98    4.073E-03                                 F               0         Tower Y translation velocity, node 11, m/s
         99   -3.003E-03                                 F               0         Tower Z translation velocity, node 11, m/s
        100    3.664E+01                                 F               0         Hub X translation displacement, node 1, m
        101   -7.748E+00                                 F               0         Hub Y translation displacement, node 1, m
        102   -5.970E-01                                 F               0         Hub Z translation displacement, node 1, m
        103    9.632E-01,  2.225E-03, -2.687E-01         F               0         Hub X orientation angle, node 1, rad
        104    2.615E-01, -2.370E-01,  9.357E-01         F               0         Hub Y orientation angle, node 1, rad
        105   -6.158E-02, -9.715E-01, -2.288E-01         F               0         Hub Z orientation angle, node 1, rad
        106    1.004E+00                                 F               0         Hub X rotation velocity, node 1, rad/s
        107    2.322E-03                                 F               0         Hub Y rotation velocity, node 1, rad/s
        108   -2.799E-01                                 F               0         Hub Z rotation velocity, node 1, rad/s
        109    9.550E-01,  9.254E-03, -2.963E-01         F               0         Blade root 1 X orientation angle, node 1, rad
        110    2.900E-01, -2.368E-01,  9.273E-01         F               0         Blade root 1 Y orientation angle, node 1, rad
        111   -6.158E-02, -9.715E-01, -2.288E-01         F               0         Blade root 1 Z orientation angle, node 1, rad
        112    9.683E-01,  2.367E-02, -2.488E-01         F               0         Blade root 2 X orientation angle, node 1, rad
        113   -1.554E-01, -7.225E-01, -6.737E-01         F               0         Blade root 2 Y orientation angle, node 1, rad
        114   -1.957E-01,  6.910E-01, -6.959E-01         F               0         Blade root 2 Z orientation angle, node 1, rad
        115    9.651E-01, -2.625E-02, -2.606E-01         F               0         Blade root 3 X orientation angle, node 1, rad
        116   -4.882E-02,  9.595E-01, -2.775E-01         F               0         Blade root 3 Y orientation angle, node 1, rad
        117    2.573E-01,  2.805E-01,  9.247E-01         F               0         Blade root 3 Z orientation angle, node 1, rad
        118    3.572E+01                                 F               0         Blade 1 X translation displacement, node 1, m
        119   -1.313E+01                                 F               0         Blade 1 Y translation displacement, node 1, m
        120   -7.374E+00                                 F               0         Blade 1 Z translation displacement, node 1, m
        121    3.550E+01                                 F               0         Blade 1 X translation displacement, node 2, m
        122   -1.443E+01                                 F               0         Blade 1 Y translation displacement, node 2, m
        123   -9.007E+00                                 F               0         Blade 1 Z translation displacement, node 2, m
        124    3.248E+01                                 F               0         Blade 1 X translation displacement, node 3, m
        125   -3.206E+01                                 F               0         Blade 1 Y translation displacement, node 3, m
        126   -3.121E+01                                 F               0         Blade 1 Z translation displacement, node 3, m
        127    3.184E+01                                 F               0         Blade 1 X translation displacement, node 4, m
        128   -3.582E+01                                 F               0         Blade 1 Y translation displacement, node 4, m
        129   -3.595E+01                                 F               0         Blade 1 Z translation displacement, node 4, m
        130    3.120E+01                                 F               0         Blade 1 X translation displacement, node 5, m
        131   -3.958E+01                                 F               0         Blade 1 Y translation displacement, node 5, m
        132   -4.068E+01                                 F               0         Blade 1 Z translation displacement, node 5, m
        133    3.055E+01                                 F               0         Blade 1 X translation displacement, node 6, m
        134   -4.333E+01                                 F               0         Blade 1 Y translation displacement, node 6, m
        135   -4.541E+01                                 F               0         Blade 1 Z translation displacement, node 6, m
        136    2.991E+01                                 F               0         Blade 1 X translation displacement, node 7, m
        137   -4.709E+01                                 F               0         Blade 1 Y translation displacement, node 7, m
        138   -5.014E+01                                 F               0         Blade 1 Z translation displacement, node 7, m
        139    2.927E+01                                 F               0         Blade 1 X translation displacement, node 8, m
        140   -5.085E+01                                 F               0         Blade 1 Y translation displacement, node 8, m
        141   -5.487E+01                                 F               0         Blade 1 Z translation displacement, node 8, m
        142    2.863E+01                                 F               0         Blade 1 X translation displacement, node 9, m
        143   -5.461E+01                                 F               0         Blade 1 Y translation displacement, node 9, m
        144   -5.960E+01                                 F               0         Blade 1 Z translation displacement, node 9, m
        145    2.798E+01                                 F               0         Blade 1 X translation displacement, node 10, m
        146   -5.836E+01                                 F               0         Blade 1 Y translation displacement, node 10, m
        147   -6.434E+01                                 F               0         Blade 1 Z translation displacement, node 10, m
        148    2.734E+01                                 F               0         Blade 1 X translation displacement, node 11, m
        149   -6.212E+01                                 F               0         Blade 1 Y translation displacement, node 11, m
        150   -6.907E+01                                 F               0         Blade 1 Z translation displacement, node 11, m
        151    2.670E+01                                 F               0         Blade 1 X translation displacement, node 12, m
        152   -6.588E+01                                 F               0         Blade 1 Y translation displacement, node 12, m
        153   -7.380E+01                                 F               0         Blade 1 Z translation displacement, node 12, m
        154    2.606E+01                                 F               0         Blade 1 X translation displacement, node 13, m
        155   -6.964E+01                                 F               0         Blade 1 Y translation displacement, node 13, m
        156   -7.853E+01                                 F               0         Blade 1 Z translation displacement, node 13, m
        157    2.541E+01                                 F               0         Blade 1 X translation displacement, node 14, m
        158   -7.339E+01                                 F               0         Blade 1 Y translation displacement, node 14, m
        159   -8.326E+01                                 F               0         Blade 1 Z translation displacement, node 14, m
        160    2.477E+01                                 F               0         Blade 1 X translation displacement, node 15, m
        161   -7.715E+01                                 F               0         Blade 1 Y translation displacement, node 15, m
        162   -8.799E+01                                 F               0         Blade 1 Z translation displacement, node 15, m
        163    2.413E+01                                 F               0         Blade 1 X translation displacement, node 16, m
        164   -8.091E+01                                 F               0         Blade 1 Y translation displacement, node 16, m
        165   -9.272E+01                                 F               0         Blade 1 Z translation displacement, node 16, m
        166    2.349E+01                                 F               0         Blade 1 X translation displacement, node 17, m
        167   -8.467E+01                                 F               0         Blade 1 Y translation displacement, node 17, m
        168   -9.746E+01                                 F               0         Blade 1 Z translation displacement, node 17, m
        169    2.284E+01                                 F               0         Blade 1 X translation displacement, node 18, m
        170   -8.842E+01                                 F               0         Blade 1 Y translation displacement, node 18, m
        171   -1.022E+02                                 F               0         Blade 1 Z translation displacement, node 18, m
        172    2.220E+01                                 F               0         Blade 1 X translation displacement, node 19, m
        173   -9.218E+01                                 F               0         Blade 1 Y translation displacement, node 19, m
        174   -1.069E+02                                 F               0         Blade 1 Z translation displacement, node 19, m
        175    2.156E+01                                 F               0         Blade 1 X translation displacement, node 20, m
        176   -9.594E+01                                 F               0         Blade 1 Y translation displacement, node 20, m
        177   -1.117E+02                                 F               0         Blade 1 Z translation displacement, node 20, m
        178    2.092E+01                                 F               0         Blade 1 X translation displacement, node 21, m
        179   -9.970E+01                                 F               0         Blade 1 Y translation displacement, node 21, m
        180   -1.164E+02                                 F               0         Blade 1 Z translation displacement, node 21, m
        181    2.027E+01                                 F               0         Blade 1 X translation displacement, node 22, m
        182   -1.035E+02                                 F               0         Blade 1 Y translation displacement, node 22, m
        183   -1.211E+02                                 F               0         Blade 1 Z translation displacement, node 22, m
        184    1.963E+01                                 F               0         Blade 1 X translation displacement, node 23, m
        185   -1.072E+02                                 F               0         Blade 1 Y translation displacement, node 23, m
        186   -1.258E+02                                 F               0         Blade 1 Z translation displacement, node 23, m
        187    1.899E+01                                 F               0         Blade 1 X translation displacement, node 24, m
        188   -1.110E+02                                 F               0         Blade 1 Y translation displacement, node 24, m
        189   -1.306E+02                                 F               0         Blade 1 Z translation displacement, node 24, m
        190    1.835E+01                                 F               0         Blade 1 X translation displacement, node 25, m
        191   -1.147E+02                                 F               0         Blade 1 Y translation displacement, node 25, m
        192   -1.353E+02                                 F               0         Blade 1 Z translation displacement, node 25, m
        193    1.770E+01                                 F               0         Blade 1 X translation displacement, node 26, m
        194   -1.185E+02                                 F               0         Blade 1 Y translation displacement, node 26, m
        195   -1.400E+02                                 F               0         Blade 1 Z translation displacement, node 26, m
        196    1.706E+01                                 F               0         Blade 1 X translation displacement, node 27, m
        197   -1.222E+02                                 F               0         Blade 1 Y translation displacement, node 27, m
        198   -1.448E+02                                 F               0         Blade 1 Z translation displacement, node 27, m
        199    1.652E+01                                 F               0         Blade 1 X translation displacement, node 28, m
        200   -1.254E+02                                 F               0         Blade 1 Y translation displacement, node 28, m
        201   -1.488E+02                                 F               0         Blade 1 Z translation displacement, node 28, m
        202    7.177E-01,  1.162E-01, -6.866E-01         F               0         Blade 1 X orientation angle, node 1, rad
        203    6.936E-01, -2.065E-01,  6.901E-01         F               0         Blade 1 Y orientation angle, node 1, rad
        204   -6.158E-02, -9.715E-01, -2.288E-01         F               0         Blade 1 Z orientation angle, node 1, rad
        205    7.177E-01,  1.162E-01, -6.866E-01         F               0         Blade 1 X orientation angle, node 2, rad
        206    6.936E-01, -2.065E-01,  6.901E-01         F               0         Blade 1 Y orientation angle, node 2, rad
        207   -6.158E-02, -9.715E-01, -2.288E-01         F               0         Blade 1 Z orientation angle, node 2, rad
        208    8.617E-01,  6.396E-02, -5.034E-01         F               0         Blade 1 X orientation angle, node 3, rad
        209    5.037E-01, -2.282E-01,  8.332E-01         F               0         Blade 1 Y orientation angle, node 3, rad
        210   -6.158E-02, -9.715E-01, -2.288E-01         F               0         Blade 1 Z orientation angle, node 3, rad
        211    8.822E-01,  5.427E-02, -4.678E-01         F               0         Blade 1 X orientation angle, node 4, rad
        212    4.669E-01, -2.307E-01,  8.537E-01         F               0         Blade 1 Y orientation angle, node 4, rad
        213   -6.158E-02, -9.715E-01, -2.288E-01         F               0         Blade 1 Z orientation angle, node 4, rad
        214    8.972E-01,  4.659E-02, -4.392E-01         F               0         Blade 1 X orientation angle, node 5, rad
        215    4.374E-01, -2.323E-01,  8.687E-01         F               0         Blade 1 Y orientation angle, node 5, rad
        216   -6.158E-02, -9.715E-01, -2.288E-01         F               0         Blade 1 Z orientation angle, node 5, rad
        217    9.084E-01,  4.041E-02, -4.160E-01         F               0         Blade 1 X orientation angle, node 6, rad
        218    4.134E-01, -2.335E-01,  8.801E-01         F               0         Blade 1 Y orientation angle, node 6, rad
        219   -6.158E-02, -9.715E-01, -2.288E-01         F               0         Blade 1 Z orientation angle, node 6, rad
        220    9.173E-01,  3.531E-02, -3.967E-01         F               0         Blade 1 X orientation angle, node 7, rad
        221    3.935E-01, -2.343E-01,  8.890E-01         F               0         Blade 1 Y orientation angle, node 7, rad
        222   -6.158E-02, -9.715E-01, -2.288E-01         F               0         Blade 1 Z orientation angle, node 7, rad
        223    9.242E-01,  3.105E-02, -3.805E-01         F               0         Blade 1 X orientation angle, node 8, rad
        224    3.768E-01, -2.349E-01,  8.960E-01         F               0         Blade 1 Y orientation angle, node 8, rad
        225   -6.158E-02, -9.715E-01, -2.288E-01         F               0         Blade 1 Z orientation angle, node 8, rad
        226    9.299E-01,  2.743E-02, -3.667E-01         F               0         Blade 1 X orientation angle, node 9, rad
        227    3.626E-01, -2.354E-01,  9.017E-01         F               0         Blade 1 Y orientation angle, node 9, rad
        228   -6.158E-02, -9.715E-01, -2.288E-01         F               0         Blade 1 Z orientation angle, node 9, rad
        229    9.346E-01,  2.431E-02, -3.547E-01         F               0         Blade 1 X orientation angle, node 10, rad
        230    3.502E-01, -2.357E-01,  9.065E-01         F               0         Blade 1 Y orientation angle, node 10, rad
        231   -6.158E-02, -9.715E-01, -2.288E-01         F               0         Blade 1 Z orientation angle, node 10, rad
        232    9.386E-01,  2.163E-02, -3.444E-01         F               0         Blade 1 X orientation angle, node 11, rad
        233    3.396E-01, -2.360E-01,  9.105E-01         F               0         Blade 1 Y orientation angle, node 11, rad
        234   -6.158E-02, -9.715E-01, -2.288E-01         F               0         Blade 1 Z orientation angle, node 11, rad
        235    9.419E-01,  1.929E-02, -3.354E-01         F               0         Blade 1 X orientation angle, node 12, rad
        236    3.302E-01, -2.362E-01,  9.139E-01         F               0         Blade 1 Y orientation angle, node 12, rad
        237   -6.158E-02, -9.715E-01, -2.288E-01         F               0         Blade 1 Z orientation angle, node 12, rad
        238    9.447E-01,  1.722E-02, -3.274E-01         F               0         Blade 1 X orientation angle, node 13, rad
        239    3.220E-01, -2.363E-01,  9.168E-01         F               0         Blade 1 Y orientation angle, node 13, rad
        240   -6.158E-02, -9.715E-01, -2.288E-01         F               0         Blade 1 Z orientation angle, node 13, rad
        241    9.472E-01,  1.537E-02, -3.202E-01         F               0         Blade 1 X orientation angle, node 14, rad
        242    3.146E-01, -2.365E-01,  9.193E-01         F               0         Blade 1 Y orientation angle, node 14, rad
        243   -6.158E-02, -9.715E-01, -2.288E-01         F               0         Blade 1 Z orientation angle, node 14, rad
        244    9.494E-01,  1.372E-02, -3.137E-01         F               0         Blade 1 X orientation angle, node 15, rad
        245    3.079E-01, -2.366E-01,  9.215E-01         F               0         Blade 1 Y orientation angle, node 15, rad
        246   -6.158E-02, -9.715E-01, -2.288E-01         F               0         Blade 1 Z orientation angle, node 15, rad
        247    9.513E-01,  1.223E-02, -3.079E-01         F               0         Blade 1 X orientation angle, node 16, rad
        248    3.020E-01, -2.367E-01,  9.235E-01         F               0         Blade 1 Y orientation angle, node 16, rad
        249   -6.158E-02, -9.715E-01, -2.288E-01         F               0         Blade 1 Z orientation angle, node 16, rad
        250    9.530E-01,  1.091E-02, -3.028E-01         F               0         Blade 1 X orientation angle, node 17, rad
        251    2.967E-01, -2.367E-01,  9.252E-01         F               0         Blade 1 Y orientation angle, node 17, rad
        252   -6.158E-02, -9.715E-01, -2.288E-01         F               0         Blade 1 Z orientation angle, node 17, rad
        253    9.545E-01,  9.667E-03, -2.979E-01         F               0         Blade 1 X orientation angle, node 18, rad
        254    2.917E-01, -2.368E-01,  9.268E-01         F               0         Blade 1 Y orientation angle, node 18, rad
        255   -6.158E-02, -9.715E-01, -2.288E-01         F               0         Blade 1 Z orientation angle, node 18, rad
        256    9.559E-01,  8.551E-03, -2.936E-01         F               0         Blade 1 X orientation angle, node 19, rad
        257    2.872E-01, -2.368E-01,  9.281E-01         F               0         Blade 1 Y orientation angle, node 19, rad
        258   -6.158E-02, -9.715E-01, -2.288E-01         F               0         Blade 1 Z orientation angle, node 19, rad
        259    9.571E-01,  7.559E-03, -2.897E-01         F               0         Blade 1 X orientation angle, node 20, rad
        260    2.831E-01, -2.369E-01,  9.294E-01         F               0         Blade 1 Y orientation angle, node 20, rad
        261   -6.158E-02, -9.715E-01, -2.288E-01         F               0         Blade 1 Z orientation angle, node 20, rad
        262    9.582E-01,  6.609E-03, -2.859E-01         F               0         Blade 1 X orientation angle, node 21, rad
        263    2.793E-01, -2.369E-01,  9.305E-01         F               0         Blade 1 Y orientation angle, node 21, rad
        264   -6.158E-02, -9.715E-01, -2.288E-01         F               0         Blade 1 Z orientation angle, node 21, rad
        265    9.592E-01,  5.740E-03, -2.825E-01         F               0         Blade 1 X orientation angle, node 22, rad
        266    2.758E-01, -2.369E-01,  9.316E-01         F               0         Blade 1 Y orientation angle, node 22, rad
        267   -6.158E-02, -9.715E-01, -2.288E-01         F               0         Blade 1 Z orientation angle, node 22, rad
        268    9.602E-01,  4.955E-03, -2.794E-01         F               0         Blade 1 X orientation angle, node 23, rad
        269    2.726E-01, -2.369E-01,  9.325E-01         F               0         Blade 1 Y orientation angle, node 23, rad
        270   -6.158E-02, -9.715E-01, -2.288E-01         F               0         Blade 1 Z orientation angle, node 23, rad
        271    9.610E-01,  4.210E-03, -2.765E-01         F               0         Blade 1 X orientation angle, node 24, rad
        272    2.696E-01, -2.369E-01,  9.334E-01         F               0         Blade 1 Y orientation angle, node 24, rad
        273   -6.158E-02, -9.715E-01, -2.288E-01         F               0         Blade 1 Z orientation angle, node 24, rad
        274    9.618E-01,  3.507E-03, -2.737E-01         F               0         Blade 1 X orientation angle, node 25, rad
        275    2.667E-01, -2.369E-01,  9.342E-01         F               0         Blade 1 Y orientation angle, node 25, rad
        276   -6.158E-02, -9.715E-01, -2.288E-01         F               0         Blade 1 Z orientation angle, node 25, rad
        277    9.625E-01,  2.887E-03, -2.713E-01         F               0         Blade 1 X orientation angle, node 26, rad
        278    2.642E-01, -2.370E-01,  9.349E-01         F               0         Blade 1 Y orientation angle, node 26, rad
        279   -6.158E-02, -9.715E-01, -2.288E-01         F               0         Blade 1 Z orientation angle, node 26, rad
        280    9.632E-01,  2.267E-03, -2.688E-01         F               0         Blade 1 X orientation angle, node 27, rad
        281    2.617E-01, -2.370E-01,  9.356E-01         F               0         Blade 1 Y orientation angle, node 27, rad
        282   -6.158E-02, -9.715E-01, -2.288E-01         F               0         Blade 1 Z orientation angle, node 27, rad
        283    9.635E-01,  1.936E-03, -2.675E-01         F               0         Blade 1 X orientation angle, node 28, rad
        284    2.604E-01, -2.370E-01,  9.360E-01         F               0         Blade 1 Y orientation angle, node 28, rad
        285   -6.158E-02, -9.715E-01, -2.288E-01         F               0         Blade 1 Z orientation angle, node 28, rad
        286   -1.509E+00                                 F               0         Blade 1 X translation velocity, node 1, m/s
        287    1.372E+00                                 F               0         Blade 1 Y translation velocity, node 1, m/s
        288   -5.403E+00                                 F               0         Blade 1 Z translation velocity, node 1, m/s
        289   -1.873E+00                                 F               0         Blade 1 X translation velocity, node 2, m/s
        290    1.702E+00                                 F               0         Blade 1 Y translation velocity, node 2, m/s
        291   -6.705E+00                                 F               0         Blade 1 Z translation velocity, node 2, m/s
        292   -6.819E+00                                 F               0         Blade 1 X translation velocity, node 3, m/s
        293    6.183E+00                                 F               0         Blade 1 Y translation velocity, node 3, m/s
        294   -2.440E+01                                 F               0         Blade 1 Z translation velocity, node 3, m/s
        295   -7.873E+00                                 F               0         Blade 1 X translation velocity, node 4, m/s
        296    7.138E+00                                 F               0         Blade 1 Y translation velocity, node 4, m/s
        297   -2.817E+01                                 F               0         Blade 1 Z translation velocity, node 4, m/s
        298   -8.927E+00                                 F               0         Blade 1 X translation velocity, node 5, m/s
        299    8.093E+00                                 F               0         Blade 1 Y translation velocity, node 5, m/s
        300   -3.194E+01                                 F               0         Blade 1 Z translation velocity, node 5, m/s
        301   -9.981E+00                                 F               0         Blade 1 X translation velocity, node 6, m/s
        302    9.048E+00                                 F               0         Blade 1 Y translation velocity, node 6, m/s
        303   -3.571E+01                                 F               0         Blade 1 Z translation velocity, node 6, m/s
        304   -1.103E+01                                 F               0         Blade 1 X translation velocity, node 7, m/s
        305    1.000E+01                                 F               0         Blade 1 Y translation velocity, node 7, m/s
        306   -3.948E+01                                 F               0         Blade 1 Z translation velocity, node 7, m/s
        307   -1.209E+01                                 F               0         Blade 1 X translation velocity, node 8, m/s
