
Linearized model: Predictions were generated on 06-Feb-2024 at 16:18:08 using OpenFAST, compiled as a 64-bit application using single precision at commit v3.5.1
 linked with  NWTC Subroutine Library; ElastoDyn; InflowWind; AeroDyn; ServoDyn; HydroDyn; MAP++ (<1.20.10>, <Oct-20-2023>)

Description from the FAST input file: CCT-9 Campign 4 model. Input files to be run with OpenFAST 3.5.0. GitHub branch from Lu Wang (https://github.com/luwang00/openfast/tree/dev) compiled on March 7, 2023.

Simulation information:
   Simulation time:                  1004.4750 s
   Rotor Speed:                         1.0419 rad/s
   Azimuth:                             6.1634 rad
   Wind Speed:                         12.0000 m/s
   Number of continuous states:         0
   Number of discrete states:           0
   Number of constraint states:         0
   Number of inputs:                 1746
   Number of outputs:                   4
   Jacobians included in this file?    No

Order of inputs:
     Column   Operating Point                     Rotating Frame? Derivative Order Description
   ---------- ---------------                     --------------- ---------------- -----------
          1    1.513E+01                                 F               0         Tower X translation displacement, node 1, m
          2   -1.424E+00                                 F               0         Tower Y translation displacement, node 1, m
          3   -4.943E-01                                 F               0         Tower Z translation displacement, node 1, m
          4    1.704E+01                                 F               0         Tower X translation displacement, node 2, m
          5   -2.006E+00                                 F               0         Tower Y translation displacement, node 2, m
          6   -6.571E-01                                 F               0         Tower Z translation displacement, node 2, m
          7    1.899E+01                                 F               0         Tower X translation displacement, node 3, m
          8   -2.594E+00                                 F               0         Tower Y translation displacement, node 3, m
          9   -8.254E-01                                 F               0         Tower Z translation displacement, node 3, m
         10    2.096E+01                                 F               0         Tower X translation displacement, node 4, m
         11   -3.185E+00                                 F               0         Tower Y translation displacement, node 4, m
         12   -9.982E-01                                 F               0         Tower Z translation displacement, node 4, m
         13    2.296E+01                                 F               0         Tower X translation displacement, node 5, m
         14   -3.780E+00                                 F               0         Tower Y translation displacement, node 5, m
         15   -1.175E+00                                 F               0         Tower Z translation displacement, node 5, m
         16    2.497E+01                                 F               0         Tower X translation displacement, node 6, m
         17   -4.379E+00                                 F               0         Tower Y translation displacement, node 6, m
         18   -1.354E+00                                 F               0         Tower Z translation displacement, node 6, m
         19    2.699E+01                                 F               0         Tower X translation displacement, node 7, m
         20   -4.980E+00                                 F               0         Tower Y translation displacement, node 7, m
         21   -1.536E+00                                 F               0         Tower Z translation displacement, node 7, m
         22    2.903E+01                                 F               0         Tower X translation displacement, node 8, m
         23   -5.583E+00                                 F               0         Tower Y translation displacement, node 8, m
         24   -1.720E+00                                 F               0         Tower Z translation displacement, node 8, m
         25    3.108E+01                                 F               0         Tower X translation displacement, node 9, m
         26   -6.187E+00                                 F               0         Tower Y translation displacement, node 9, m
         27   -1.906E+00                                 F               0         Tower Z translation displacement, node 9, m
         28    3.313E+01                                 F               0         Tower X translation displacement, node 10, m
         29   -6.793E+00                                 F               0         Tower Y translation displacement, node 10, m
         30   -2.092E+00                                 F               0         Tower Z translation displacement, node 10, m
         31    3.518E+01                                 F               0         Tower X translation displacement, node 11, m
         32   -7.399E+00                                 F               0         Tower Y translation displacement, node 11, m
         33   -2.279E+00                                 F               0         Tower Z translation displacement, node 11, m
         34    9.881E-01, -3.530E-03, -1.540E-01         F               0         Tower X orientation angle, node 1, rad
         35    1.071E-02,  9.989E-01,  4.582E-02         F               0         Tower Y orientation angle, node 1, rad
         36    1.537E-01, -4.692E-02,  9.870E-01         F               0         Tower Z orientation angle, node 1, rad
         37    9.877E-01, -3.406E-03, -1.566E-01         F               0         Tower X orientation angle, node 2, rad
         38    1.077E-02,  9.989E-01,  4.622E-02         F               0         Tower Y orientation angle, node 2, rad
         39    1.562E-01, -4.733E-02,  9.866E-01         F               0         Tower Z orientation angle, node 2, rad
         40    9.873E-01, -3.296E-03, -1.589E-01         F               0         Tower X orientation angle, node 3, rad
         41    1.083E-02,  9.989E-01,  4.658E-02         F               0         Tower Y orientation angle, node 3, rad
         42    1.585E-01, -4.770E-02,  9.862E-01         F               0         Tower Z orientation angle, node 3, rad
         43    9.870E-01, -3.201E-03, -1.608E-01         F               0         Tower X orientation angle, node 4, rad
         44    1.088E-02,  9.988E-01,  4.689E-02         F               0         Tower Y orientation angle, node 4, rad
         45    1.605E-01, -4.803E-02,  9.859E-01         F               0         Tower Z orientation angle, node 4, rad
         46    9.867E-01, -3.121E-03, -1.625E-01         F               0         Tower X orientation angle, node 5, rad
         47    1.092E-02,  9.988E-01,  4.716E-02         F               0         Tower Y orientation angle, node 5, rad
         48    1.621E-01, -4.830E-02,  9.856E-01         F               0         Tower Z orientation angle, node 5, rad
         49    9.865E-01, -3.055E-03, -1.638E-01         F               0         Tower X orientation angle, node 6, rad
         50    1.096E-02,  9.988E-01,  4.738E-02         F               0         Tower Y orientation angle, node 6, rad
         51    1.635E-01, -4.854E-02,  9.854E-01         F               0         Tower Z orientation angle, node 6, rad
         52    9.863E-01, -3.005E-03, -1.648E-01         F               0         Tower X orientation angle, node 7, rad
         53    1.099E-02,  9.988E-01,  4.756E-02         F               0         Tower Y orientation angle, node 7, rad
         54    1.645E-01, -4.872E-02,  9.852E-01         F               0         Tower Z orientation angle, node 7, rad
         55    9.862E-01, -2.967E-03, -1.656E-01         F               0         Tower X orientation angle, node 8, rad
         56    1.101E-02,  9.988E-01,  4.770E-02         F               0         Tower Y orientation angle, node 8, rad
         57    1.652E-01, -4.886E-02,  9.850E-01         F               0         Tower Z orientation angle, node 8, rad
         58    9.861E-01, -2.940E-03, -1.661E-01         F               0         Tower X orientation angle, node 9, rad
         59    1.103E-02,  9.988E-01,  4.780E-02         F               0         Tower Y orientation angle, node 9, rad
         60    1.658E-01, -4.897E-02,  9.849E-01         F               0         Tower Z orientation angle, node 9, rad
         61    9.860E-01, -2.923E-03, -1.665E-01         F               0         Tower X orientation angle, node 10, rad
         62    1.104E-02,  9.988E-01,  4.787E-02         F               0         Tower Y orientation angle, node 10, rad
         63    1.661E-01, -4.904E-02,  9.849E-01         F               0         Tower Z orientation angle, node 10, rad
         64    9.860E-01, -2.914E-03, -1.666E-01         F               0         Tower X orientation angle, node 11, rad
         65    1.105E-02,  9.988E-01,  4.790E-02         F               0         Tower Y orientation angle, node 11, rad
         66    1.663E-01, -4.907E-02,  9.849E-01         F               0         Tower Z orientation angle, node 11, rad
         67   -4.010E-04                                 F               0         Tower X translation velocity, node 1, m/s
         68    2.704E-04                                 F               0         Tower Y translation velocity, node 1, m/s
         69    2.471E-03                                 F               0         Tower Z translation velocity, node 1, m/s
         70   -5.204E-04                                 F               0         Tower X translation velocity, node 2, m/s
         71    4.481E-04                                 F               0         Tower Y translation velocity, node 2, m/s
         72    2.498E-03                                 F               0         Tower Z translation velocity, node 2, m/s
         73   -5.640E-04                                 F               0         Tower X translation velocity, node 3, m/s
         74    6.137E-04                                 F               0         Tower Y translation velocity, node 3, m/s
         75    2.513E-03                                 F               0         Tower Z translation velocity, node 3, m/s
         76   -5.494E-04                                 F               0         Tower X translation velocity, node 4, m/s
         77    7.686E-04                                 F               0         Tower Y translation velocity, node 4, m/s
         78    2.519E-03                                 F               0         Tower Z translation velocity, node 4, m/s
         79   -4.861E-04                                 F               0         Tower X translation velocity, node 5, m/s
         80    9.134E-04                                 F               0         Tower Y translation velocity, node 5, m/s
         81    2.515E-03                                 F               0         Tower Z translation velocity, node 5, m/s
         82   -3.831E-04                                 F               0         Tower X translation velocity, node 6, m/s
         83    1.049E-03                                 F               0         Tower Y translation velocity, node 6, m/s
         84    2.505E-03                                 F               0         Tower Z translation velocity, node 6, m/s
         85   -2.508E-04                                 F               0         Tower X translation velocity, node 7, m/s
         86    1.176E-03                                 F               0         Tower Y translation velocity, node 7, m/s
         87    2.489E-03                                 F               0         Tower Z translation velocity, node 7, m/s
         88   -9.377E-05                                 F               0         Tower X translation velocity, node 8, m/s
         89    1.295E-03                                 F               0         Tower Y translation velocity, node 8, m/s
         90    2.469E-03                                 F               0         Tower Z translation velocity, node 8, m/s
         91    8.105E-05                                 F               0         Tower X translation velocity, node 9, m/s
         92    1.408E-03                                 F               0         Tower Y translation velocity, node 9, m/s
         93    2.445E-03                                 F               0         Tower Z translation velocity, node 9, m/s
         94    2.677E-04                                 F               0         Tower X translation velocity, node 10, m/s
         95    1.516E-03                                 F               0         Tower Y translation velocity, node 10, m/s
         96    2.419E-03                                 F               0         Tower Z translation velocity, node 10, m/s
         97    4.608E-04                                 F               0         Tower X translation velocity, node 11, m/s
         98    1.621E-03                                 F               0         Tower Y translation velocity, node 11, m/s
         99    2.392E-03                                 F               0         Tower Z translation velocity, node 11, m/s
        100    3.664E+01                                 F               0         Hub X translation displacement, node 1, m
        101   -7.752E+00                                 F               0         Hub Y translation displacement, node 1, m
        102   -5.986E-01                                 F               0         Hub Z translation displacement, node 1, m
        103    9.632E-01,  2.232E-03, -2.687E-01         F               0         Hub X orientation angle, node 1, rad
        104   -2.110E-02,  9.975E-01, -6.736E-02         F               0         Hub Y orientation angle, node 1, rad
        105    2.678E-01,  7.056E-02,  9.609E-01         F               0         Hub Z orientation angle, node 1, rad
        106    1.004E+00                                 F               0         Hub X rotation velocity, node 1, rad/s
        107    2.341E-03                                 F               0         Hub Y rotation velocity, node 1, rad/s
        108   -2.799E-01                                 F               0         Hub Z rotation velocity, node 1, rad/s
        109    9.634E-01, -2.736E-02, -2.665E-01         F               0         Blade root 1 X orientation angle, node 1, rad
        110    7.484E-03,  9.971E-01, -7.531E-02         F               0         Blade root 1 Y orientation angle, node 1, rad
        111    2.678E-01,  7.056E-02,  9.609E-01         F               0         Blade root 1 Z orientation angle, node 1, rad
        112    9.556E-01,  1.521E-02, -2.942E-01         F               0         Blade root 2 X orientation angle, node 1, rad
        113    2.710E-01, -4.374E-01,  8.575E-01         F               0         Blade root 2 Y orientation angle, node 1, rad
        114   -1.156E-01, -8.991E-01, -4.221E-01         F               0         Blade root 2 Z orientation angle, node 1, rad
        115    9.694E-01,  1.884E-02, -2.449E-01         F               0         Blade root 3 X orientation angle, node 1, rad
        116   -1.927E-01, -5.595E-01, -8.061E-01         F               0         Blade root 3 Y orientation angle, node 1, rad
        117   -1.522E-01,  8.286E-01, -5.388E-01         F               0         Blade root 3 Z orientation angle, node 1, rad
        118    3.754E+01                                 F               0         Blade 1 X translation displacement, node 1, m
        119   -7.362E+00                                 F               0         Blade 1 Y translation displacement, node 1, m
        120   -7.850E-01                                 F               0         Blade 1 Z translation displacement, node 1, m
        121    3.776E+01                                 F               0         Blade 1 X translation displacement, node 2, m
        122   -7.267E+00                                 F               0         Blade 1 Y translation displacement, node 2, m
        123   -8.299E-01                                 F               0         Blade 1 Z translation displacement, node 2, m
        124    4.072E+01                                 F               0         Blade 1 X translation displacement, node 3, m
        125   -5.987E+00                                 F               0         Blade 1 Y translation displacement, node 3, m
        126   -1.441E+00                                 F               0         Blade 1 Z translation displacement, node 3, m
        127    4.136E+01                                 F               0         Blade 1 X translation displacement, node 4, m
        128   -5.714E+00                                 F               0         Blade 1 Y translation displacement, node 4, m
        129   -1.571E+00                                 F               0         Blade 1 Z translation displacement, node 4, m
        130    4.199E+01                                 F               0         Blade 1 X translation displacement, node 5, m
        131   -5.441E+00                                 F               0         Blade 1 Y translation displacement, node 5, m
        132   -1.701E+00                                 F               0         Blade 1 Z translation displacement, node 5, m
        133    4.262E+01                                 F               0         Blade 1 X translation displacement, node 6, m
        134   -5.168E+00                                 F               0         Blade 1 Y translation displacement, node 6, m
        135   -1.831E+00                                 F               0         Blade 1 Z translation displacement, node 6, m
        136    4.325E+01                                 F               0         Blade 1 X translation displacement, node 7, m
        137   -4.895E+00                                 F               0         Blade 1 Y translation displacement, node 7, m
        138   -1.961E+00                                 F               0         Blade 1 Z translation displacement, node 7, m
        139    4.388E+01                                 F               0         Blade 1 X translation displacement, node 8, m
        140   -4.622E+00                                 F               0         Blade 1 Y translation displacement, node 8, m
        141   -2.091E+00                                 F               0         Blade 1 Z translation displacement, node 8, m
        142    4.451E+01                                 F               0         Blade 1 X translation displacement, node 9, m
        143   -4.349E+00                                 F               0         Blade 1 Y translation displacement, node 9, m
        144   -2.221E+00                                 F               0         Blade 1 Z translation displacement, node 9, m
        145    4.515E+01                                 F               0         Blade 1 X translation displacement, node 10, m
        146   -4.076E+00                                 F               0         Blade 1 Y translation displacement, node 10, m
        147   -2.352E+00                                 F               0         Blade 1 Z translation displacement, node 10, m
        148    4.578E+01                                 F               0         Blade 1 X translation displacement, node 11, m
        149   -3.804E+00                                 F               0         Blade 1 Y translation displacement, node 11, m
        150   -2.482E+00                                 F               0         Blade 1 Z translation displacement, node 11, m
        151    4.641E+01                                 F               0         Blade 1 X translation displacement, node 12, m
        152   -3.531E+00                                 F               0         Blade 1 Y translation displacement, node 12, m
        153   -2.612E+00                                 F               0         Blade 1 Z translation displacement, node 12, m
        154    4.704E+01                                 F               0         Blade 1 X translation displacement, node 13, m
        155   -3.258E+00                                 F               0         Blade 1 Y translation displacement, node 13, m
        156   -2.742E+00                                 F               0         Blade 1 Z translation displacement, node 13, m
        157    4.767E+01                                 F               0         Blade 1 X translation displacement, node 14, m
        158   -2.985E+00                                 F               0         Blade 1 Y translation displacement, node 14, m
        159   -2.872E+00                                 F               0         Blade 1 Z translation displacement, node 14, m
        160    4.830E+01                                 F               0         Blade 1 X translation displacement, node 15, m
        161   -2.712E+00                                 F               0         Blade 1 Y translation displacement, node 15, m
        162   -3.002E+00                                 F               0         Blade 1 Z translation displacement, node 15, m
        163    4.894E+01                                 F               0         Blade 1 X translation displacement, node 16, m
        164   -2.439E+00                                 F               0         Blade 1 Y translation displacement, node 16, m
        165   -3.132E+00                                 F               0         Blade 1 Z translation displacement, node 16, m
        166    4.957E+01                                 F               0         Blade 1 X translation displacement, node 17, m
        167   -2.166E+00                                 F               0         Blade 1 Y translation displacement, node 17, m
        168   -3.263E+00                                 F               0         Blade 1 Z translation displacement, node 17, m
        169    5.020E+01                                 F               0         Blade 1 X translation displacement, node 18, m
        170   -1.893E+00                                 F               0         Blade 1 Y translation displacement, node 18, m
        171   -3.393E+00                                 F               0         Blade 1 Z translation displacement, node 18, m
        172    5.083E+01                                 F               0         Blade 1 X translation displacement, node 19, m
        173   -1.620E+00                                 F               0         Blade 1 Y translation displacement, node 19, m
        174   -3.523E+00                                 F               0         Blade 1 Z translation displacement, node 19, m
        175    5.146E+01                                 F               0         Blade 1 X translation displacement, node 20, m
        176   -1.347E+00                                 F               0         Blade 1 Y translation displacement, node 20, m
        177   -3.653E+00                                 F               0         Blade 1 Z translation displacement, node 20, m
        178    5.209E+01                                 F               0         Blade 1 X translation displacement, node 21, m
        179   -1.075E+00                                 F               0         Blade 1 Y translation displacement, node 21, m
        180   -3.783E+00                                 F               0         Blade 1 Z translation displacement, node 21, m
        181    5.273E+01                                 F               0         Blade 1 X translation displacement, node 22, m
        182   -8.017E-01                                 F               0         Blade 1 Y translation displacement, node 22, m
        183   -3.913E+00                                 F               0         Blade 1 Z translation displacement, node 22, m
        184    5.336E+01                                 F               0         Blade 1 X translation displacement, node 23, m
        185   -5.288E-01                                 F               0         Blade 1 Y translation displacement, node 23, m
        186   -4.043E+00                                 F               0         Blade 1 Z translation displacement, node 23, m
        187    5.399E+01                                 F               0         Blade 1 X translation displacement, node 24, m
        188   -2.559E-01                                 F               0         Blade 1 Y translation displacement, node 24, m
        189   -4.174E+00                                 F               0         Blade 1 Z translation displacement, node 24, m
        190    5.462E+01                                 F               0         Blade 1 X translation displacement, node 25, m
        191    1.697E-02                                 F               0         Blade 1 Y translation displacement, node 25, m
        192   -4.304E+00                                 F               0         Blade 1 Z translation displacement, node 25, m
        193    5.525E+01                                 F               0         Blade 1 X translation displacement, node 26, m
        194    2.899E-01                                 F               0         Blade 1 Y translation displacement, node 26, m
        195   -4.434E+00                                 F               0         Blade 1 Z translation displacement, node 26, m
        196    5.588E+01                                 F               0         Blade 1 X translation displacement, node 27, m
        197    5.628E-01                                 F               0         Blade 1 Y translation displacement, node 27, m
        198   -4.564E+00                                 F               0         Blade 1 Z translation displacement, node 27, m
        199    5.642E+01                                 F               0         Blade 1 X translation displacement, node 28, m
        200    7.941E-01                                 F               0         Blade 1 Y translation displacement, node 28, m
        201   -4.674E+00                                 F               0         Blade 1 Z translation displacement, node 28, m
        202    8.540E-01, -4.791E-01, -2.029E-01         F               0         Blade 1 X orientation angle, node 1, rad
        203    4.460E-01,  8.749E-01, -1.886E-01         F               0         Blade 1 Y orientation angle, node 1, rad
        204    2.678E-01,  7.056E-02,  9.609E-01         F               0         Blade 1 Z orientation angle, node 1, rad
        205    8.540E-01, -4.791E-01, -2.029E-01         F               0         Blade 1 X orientation angle, node 2, rad
        206    4.460E-01,  8.749E-01, -1.886E-01         F               0         Blade 1 Y orientation angle, node 2, rad
        207    2.678E-01,  7.056E-02,  9.609E-01         F               0         Blade 1 Z orientation angle, node 2, rad
        208    9.354E-01, -2.580E-01, -2.418E-01         F               0         Blade 1 X orientation angle, node 3, rad
        209    2.309E-01,  9.636E-01, -1.351E-01         F               0         Blade 1 Y orientation angle, node 3, rad
        210    2.678E-01,  7.056E-02,  9.609E-01         F               0         Blade 1 Z orientation angle, node 3, rad
        211    9.443E-01, -2.171E-01, -2.473E-01         F               0         Blade 1 X orientation angle, node 4, rad
        212    1.912E-01,  9.736E-01, -1.248E-01         F               0         Blade 1 Y orientation angle, node 4, rad
        213    2.678E-01,  7.056E-02,  9.609E-01         F               0         Blade 1 Z orientation angle, node 4, rad
        214    9.501E-01, -1.847E-01, -2.513E-01         F               0         Blade 1 X orientation angle, node 5, rad
        215    1.598E-01,  9.803E-01, -1.165E-01         F               0         Blade 1 Y orientation angle, node 5, rad
        216    2.678E-01,  7.056E-02,  9.609E-01         F               0         Blade 1 Z orientation angle, node 5, rad
        217    9.540E-01, -1.587E-01, -2.543E-01         F               0         Blade 1 X orientation angle, node 6, rad
        218    1.345E-01,  9.848E-01, -1.098E-01         F               0         Blade 1 Y orientation angle, node 6, rad
        219    2.678E-01,  7.056E-02,  9.609E-01         F               0         Blade 1 Z orientation angle, node 6, rad
        220    9.567E-01, -1.371E-01, -2.566E-01         F               0         Blade 1 X orientation angle, node 7, rad
        221    1.137E-01,  9.880E-01, -1.042E-01         F               0         Blade 1 Y orientation angle, node 7, rad
        222    2.678E-01,  7.056E-02,  9.609E-01         F               0         Blade 1 Z orientation angle, node 7, rad
        223    9.586E-01, -1.192E-01, -2.585E-01         F               0         Blade 1 X orientation angle, node 8, rad
        224    9.628E-02,  9.904E-01, -9.956E-02         F               0         Blade 1 Y orientation angle, node 8, rad
        225    2.678E-01,  7.056E-02,  9.609E-01         F               0         Blade 1 Z orientation angle, node 8, rad
        226    9.600E-01, -1.040E-01, -2.600E-01         F               0         Blade 1 X orientation angle, node 9, rad
        227    8.154E-02,  9.921E-01, -9.558E-02         F               0         Blade 1 Y orientation angle, node 9, rad
        228    2.678E-01,  7.056E-02,  9.609E-01         F               0         Blade 1 Z orientation angle, node 9, rad
        229    9.610E-01, -9.079E-02, -2.612E-01         F               0         Blade 1 X orientation angle, node 10, rad
        230    6.880E-02,  9.934E-01, -9.212E-02         F               0         Blade 1 Y orientation angle, node 10, rad
        231    2.678E-01,  7.056E-02,  9.609E-01         F               0         Blade 1 Z orientation angle, node 10, rad
        232    9.617E-01, -7.951E-02, -2.622E-01         F               0         Blade 1 X orientation angle, node 11, rad
        233    5.790E-02,  9.943E-01, -8.915E-02         F               0         Blade 1 Y orientation angle, node 11, rad
        234    2.678E-01,  7.056E-02,  9.609E-01         F               0         Blade 1 Z orientation angle, node 11, rad
        235    9.622E-01, -6.961E-02, -2.631E-01         F               0         Blade 1 X orientation angle, node 12, rad
        236    4.833E-02,  9.951E-01, -8.654E-02         F               0         Blade 1 Y orientation angle, node 12, rad
        237    2.678E-01,  7.056E-02,  9.609E-01         F               0         Blade 1 Z orientation angle, node 12, rad
        238    9.626E-01, -6.093E-02, -2.639E-01         F               0         Blade 1 X orientation angle, node 13, rad
        239    3.993E-02,  9.956E-01, -8.424E-02         F               0         Blade 1 Y orientation angle, node 13, rad
        240    2.678E-01,  7.056E-02,  9.609E-01         F               0         Blade 1 Z orientation angle, node 13, rad
        241    9.629E-01, -5.311E-02, -2.645E-01         F               0         Blade 1 X orientation angle, node 14, rad
        242    3.237E-02,  9.961E-01, -8.216E-02         F               0         Blade 1 Y orientation angle, node 14, rad
        243    2.678E-01,  7.056E-02,  9.609E-01         F               0         Blade 1 Z orientation angle, node 14, rad
        244    9.631E-01, -4.615E-02, -2.651E-01         F               0         Blade 1 X orientation angle, node 15, rad
        245    2.564E-02,  9.964E-01, -8.032E-02         F               0         Blade 1 Y orientation angle, node 15, rad
        246    2.678E-01,  7.056E-02,  9.609E-01         F               0         Blade 1 Z orientation angle, node 15, rad
        247    9.633E-01, -3.989E-02, -2.656E-01         F               0         Blade 1 X orientation angle, node 16, rad
        248    1.959E-02,  9.967E-01, -7.865E-02         F               0         Blade 1 Y orientation angle, node 16, rad
        249    2.678E-01,  7.056E-02,  9.609E-01         F               0         Blade 1 Z orientation angle, node 16, rad
        250    9.634E-01, -3.432E-02, -2.660E-01         F               0         Blade 1 X orientation angle, node 17, rad
        251    1.421E-02,  9.969E-01, -7.716E-02         F               0         Blade 1 Y orientation angle, node 17, rad
        252    2.678E-01,  7.056E-02,  9.609E-01         F               0         Blade 1 Z orientation angle, node 17, rad
        253    9.634E-01, -2.910E-02, -2.664E-01         F               0         Blade 1 X orientation angle, node 18, rad
        254    9.166E-03,  9.971E-01, -7.577E-02         F               0         Blade 1 Y orientation angle, node 18, rad
        255    2.678E-01,  7.056E-02,  9.609E-01         F               0         Blade 1 Z orientation angle, node 18, rad
        256    9.635E-01, -2.440E-02, -2.668E-01         F               0         Blade 1 X orientation angle, node 19, rad
        257    4.626E-03,  9.972E-01, -7.451E-02         F               0         Blade 1 Y orientation angle, node 19, rad
        258    2.678E-01,  7.056E-02,  9.609E-01         F               0         Blade 1 Z orientation angle, node 19, rad
        259    9.635E-01, -2.023E-02, -2.671E-01         F               0         Blade 1 X orientation angle, node 20, rad
        260    5.900E-04,  9.973E-01, -7.340E-02         F               0         Blade 1 Y orientation angle, node 20, rad
        261    2.678E-01,  7.056E-02,  9.609E-01         F               0         Blade 1 Z orientation angle, node 20, rad
        262    9.635E-01, -1.622E-02, -2.674E-01         F               0         Blade 1 X orientation angle, node 21, rad
        263   -3.278E-03,  9.974E-01, -7.232E-02         F               0         Blade 1 Y orientation angle, node 21, rad
        264    2.678E-01,  7.056E-02,  9.609E-01         F               0         Blade 1 Z orientation angle, node 21, rad
        265    9.634E-01, -1.257E-02, -2.676E-01         F               0         Blade 1 X orientation angle, node 22, rad
        266   -6.809E-03,  9.974E-01, -7.134E-02         F               0         Blade 1 Y orientation angle, node 22, rad
        267    2.678E-01,  7.056E-02,  9.609E-01         F               0         Blade 1 Z orientation angle, node 22, rad
        268    9.634E-01, -9.259E-03, -2.679E-01         F               0         Blade 1 X orientation angle, node 23, rad
        269   -1.000E-02,  9.975E-01, -7.045E-02         F               0         Blade 1 Y orientation angle, node 23, rad
        270    2.678E-01,  7.056E-02,  9.609E-01         F               0         Blade 1 Z orientation angle, node 23, rad
        271    9.634E-01, -6.125E-03, -2.681E-01         F               0         Blade 1 X orientation angle, node 24, rad
        272   -1.303E-02,  9.975E-01, -6.961E-02         F               0         Blade 1 Y orientation angle, node 24, rad
        273    2.678E-01,  7.056E-02,  9.609E-01         F               0         Blade 1 Z orientation angle, node 24, rad
        274    9.633E-01, -3.165E-03, -2.683E-01         F               0         Blade 1 X orientation angle, node 25, rad
        275   -1.589E-02,  9.975E-01, -6.882E-02         F               0         Blade 1 Y orientation angle, node 25, rad
        276    2.678E-01,  7.056E-02,  9.609E-01         F               0         Blade 1 Z orientation angle, node 25, rad
        277    9.633E-01, -5.540E-04, -2.685E-01         F               0         Blade 1 X orientation angle, node 26, rad
        278   -1.841E-02,  9.975E-01, -6.811E-02         F               0         Blade 1 Y orientation angle, node 26, rad
        279    2.678E-01,  7.056E-02,  9.609E-01         F               0         Blade 1 Z orientation angle, node 26, rad
        280    9.632E-01,  2.057E-03, -2.687E-01         F               0         Blade 1 X orientation angle, node 27, rad
        281   -2.093E-02,  9.975E-01, -6.741E-02         F               0         Blade 1 Y orientation angle, node 27, rad
        282    2.678E-01,  7.056E-02,  9.609E-01         F               0         Blade 1 Z orientation angle, node 27, rad
        283    9.632E-01,  3.450E-03, -2.687E-01         F               0         Blade 1 X orientation angle, node 28, rad
        284   -2.228E-02,  9.975E-01, -6.704E-02         F               0         Blade 1 Y orientation angle, node 28, rad
        285    2.678E-01,  7.056E-02,  9.609E-01         F               0         Blade 1 Z orientation angle, node 28, rad
        286    1.225E-01                                 F               0         Blade 1 X translation velocity, node 1, m/s
        287   -5.756E+00                                 F               0         Blade 1 Y translation velocity, node 1, m/s
        288    3.914E-01                                 F               0         Blade 1 Z translation velocity, node 1, m/s
        289    1.519E-01                                 F               0         Blade 1 X translation velocity, node 2, m/s
        290   -7.143E+00                                 F               0         Blade 1 Y translation velocity, node 2, m/s
        291    4.850E-01                                 F               0         Blade 1 Z translation velocity, node 2, m/s
        292    5.512E-01                                 F               0         Blade 1 X translation velocity, node 3, m/s
        293   -2.601E+01                                 F               0         Blade 1 Y translation velocity, node 3, m/s
        294    1.759E+00                                 F               0         Blade 1 Z translation velocity, node 3, m/s
        295    6.363E-01                                 F               0         Blade 1 X translation velocity, node 4, m/s
        296   -3.003E+01                                 F               0         Blade 1 Y translation velocity, node 4, m/s
        297    2.030E+00                                 F               0         Blade 1 Z translation velocity, node 4, m/s
        298    7.214E-01                                 F               0         Blade 1 X translation velocity, node 5, m/s
        299   -3.405E+01                                 F               0         Blade 1 Y translation velocity, node 5, m/s
        300    2.302E+00                                 F               0         Blade 1 Z translation velocity, node 5, m/s
        301    8.065E-01                                 F               0         Blade 1 X translation velocity, node 6, m/s
        302   -3.807E+01                                 F               0         Blade 1 Y translation velocity, node 6, m/s
        303    2.573E+00                                 F               0         Blade 1 Z translation velocity, node 6, m/s
        304    8.916E-01                                 F               0         Blade 1 X translation velocity, node 7, m/s
        305   -4.209E+01                                 F               0         Blade 1 Y translation velocity, node 7, m/s
        306    2.845E+00                                 F               0         Blade 1 Z translation velocity, node 7, m/s
        307    9.767E-01                                 F               0         Blade 1 X translation velocity, node 8, m/s
