
Linearized model: Predictions were generated on 06-Feb-2024 at 16:18:08 using OpenFAST, compiled as a 64-bit application using single precision at commit v3.5.1
 linked with  NWTC Subroutine Library; ElastoDyn; InflowWind; AeroDyn; ServoDyn; HydroDyn; MAP++ (<1.20.10>, <Oct-20-2023>)

Description from the FAST input file: CCT-9 Campign 4 model. Input files to be run with OpenFAST 3.5.0. GitHub branch from Lu Wang (https://github.com/luwang00/openfast/tree/dev) compiled on March 7, 2023.

Simulation information:
   Simulation time:                  1005.7250 s
   Rotor Speed:                         1.0418 rad/s
   Azimuth:                             1.1826 rad
   Wind Speed:                         12.0000 m/s
   Number of continuous states:         0
   Number of discrete states:           0
   Number of constraint states:         0
   Number of inputs:                 1746
   Number of outputs:                   4
   Jacobians included in this file?    No

Order of inputs:
     Column   Operating Point                     Rotating Frame? Derivative Order Description
   ---------- ---------------                     --------------- ---------------- -----------
          1    1.513E+01                                 F               0         Tower X translation displacement, node 1, m
          2   -1.424E+00                                 F               0         Tower Y translation displacement, node 1, m
          3   -4.902E-01                                 F               0         Tower Z translation displacement, node 1, m
          4    1.704E+01                                 F               0         Tower X translation displacement, node 2, m
          5   -2.005E+00                                 F               0         Tower Y translation displacement, node 2, m
          6   -6.529E-01                                 F               0         Tower Z translation displacement, node 2, m
          7    1.899E+01                                 F               0         Tower X translation displacement, node 3, m
          8   -2.592E+00                                 F               0         Tower Y translation displacement, node 3, m
          9   -8.212E-01                                 F               0         Tower Z translation displacement, node 3, m
         10    2.096E+01                                 F               0         Tower X translation displacement, node 4, m
         11   -3.183E+00                                 F               0         Tower Y translation displacement, node 4, m
         12   -9.940E-01                                 F               0         Tower Z translation displacement, node 4, m
         13    2.296E+01                                 F               0         Tower X translation displacement, node 5, m
         14   -3.778E+00                                 F               0         Tower Y translation displacement, node 5, m
         15   -1.171E+00                                 F               0         Tower Z translation displacement, node 5, m
         16    2.497E+01                                 F               0         Tower X translation displacement, node 6, m
         17   -4.376E+00                                 F               0         Tower Y translation displacement, node 6, m
         18   -1.350E+00                                 F               0         Tower Z translation displacement, node 6, m
         19    2.699E+01                                 F               0         Tower X translation displacement, node 7, m
         20   -4.977E+00                                 F               0         Tower Y translation displacement, node 7, m
         21   -1.532E+00                                 F               0         Tower Z translation displacement, node 7, m
         22    2.903E+01                                 F               0         Tower X translation displacement, node 8, m
         23   -5.579E+00                                 F               0         Tower Y translation displacement, node 8, m
         24   -1.716E+00                                 F               0         Tower Z translation displacement, node 8, m
         25    3.108E+01                                 F               0         Tower X translation displacement, node 9, m
         26   -6.183E+00                                 F               0         Tower Y translation displacement, node 9, m
         27   -1.902E+00                                 F               0         Tower Z translation displacement, node 9, m
         28    3.313E+01                                 F               0         Tower X translation displacement, node 10, m
         29   -6.789E+00                                 F               0         Tower Y translation displacement, node 10, m
         30   -2.088E+00                                 F               0         Tower Z translation displacement, node 10, m
         31    3.518E+01                                 F               0         Tower X translation displacement, node 11, m
         32   -7.395E+00                                 F               0         Tower Y translation displacement, node 11, m
         33   -2.275E+00                                 F               0         Tower Z translation displacement, node 11, m
         34    9.881E-01, -3.533E-03, -1.540E-01         F               0         Tower X orientation angle, node 1, rad
         35    1.071E-02,  9.989E-01,  4.578E-02         F               0         Tower Y orientation angle, node 1, rad
         36    1.537E-01, -4.688E-02,  9.870E-01         F               0         Tower Z orientation angle, node 1, rad
         37    9.877E-01, -3.409E-03, -1.566E-01         F               0         Tower X orientation angle, node 2, rad
         38    1.077E-02,  9.989E-01,  4.618E-02         F               0         Tower Y orientation angle, node 2, rad
         39    1.562E-01, -4.730E-02,  9.866E-01         F               0         Tower Z orientation angle, node 2, rad
         40    9.873E-01, -3.299E-03, -1.589E-01         F               0         Tower X orientation angle, node 3, rad
         41    1.083E-02,  9.989E-01,  4.654E-02         F               0         Tower Y orientation angle, node 3, rad
         42    1.585E-01, -4.767E-02,  9.862E-01         F               0         Tower Z orientation angle, node 3, rad
         43    9.870E-01, -3.204E-03, -1.608E-01         F               0         Tower X orientation angle, node 4, rad
         44    1.088E-02,  9.988E-01,  4.686E-02         F               0         Tower Y orientation angle, node 4, rad
         45    1.605E-01, -4.800E-02,  9.859E-01         F               0         Tower Z orientation angle, node 4, rad
         46    9.867E-01, -3.124E-03, -1.625E-01         F               0         Tower X orientation angle, node 5, rad
         47    1.092E-02,  9.988E-01,  4.713E-02         F               0         Tower Y orientation angle, node 5, rad
         48    1.621E-01, -4.828E-02,  9.856E-01         F               0         Tower Z orientation angle, node 5, rad
         49    9.865E-01, -3.059E-03, -1.638E-01         F               0         Tower X orientation angle, node 6, rad
         50    1.096E-02,  9.988E-01,  4.736E-02         F               0         Tower Y orientation angle, node 6, rad
         51    1.635E-01, -4.851E-02,  9.854E-01         F               0         Tower Z orientation angle, node 6, rad
         52    9.863E-01, -3.008E-03, -1.648E-01         F               0         Tower X orientation angle, node 7, rad
         53    1.099E-02,  9.988E-01,  4.754E-02         F               0         Tower Y orientation angle, node 7, rad
         54    1.645E-01, -4.870E-02,  9.852E-01         F               0         Tower Z orientation angle, node 7, rad
         55    9.862E-01, -2.970E-03, -1.656E-01         F               0         Tower X orientation angle, node 8, rad
         56    1.101E-02,  9.988E-01,  4.768E-02         F               0         Tower Y orientation angle, node 8, rad
         57    1.652E-01, -4.884E-02,  9.850E-01         F               0         Tower Z orientation angle, node 8, rad
         58    9.861E-01, -2.943E-03, -1.661E-01         F               0         Tower X orientation angle, node 9, rad
         59    1.103E-02,  9.988E-01,  4.778E-02         F               0         Tower Y orientation angle, node 9, rad
         60    1.658E-01, -4.895E-02,  9.849E-01         F               0         Tower Z orientation angle, node 9, rad
         61    9.860E-01, -2.927E-03, -1.665E-01         F               0         Tower X orientation angle, node 10, rad
         62    1.104E-02,  9.988E-01,  4.785E-02         F               0         Tower Y orientation angle, node 10, rad
         63    1.661E-01, -4.902E-02,  9.849E-01         F               0         Tower Z orientation angle, node 10, rad
         64    9.860E-01, -2.918E-03, -1.666E-01         F               0         Tower X orientation angle, node 11, rad
         65    1.105E-02,  9.988E-01,  4.789E-02         F               0         Tower Y orientation angle, node 11, rad
         66    1.663E-01, -4.906E-02,  9.849E-01         F               0         Tower Z orientation angle, node 11, rad
         67    5.095E-04                                 F               0         Tower X translation velocity, node 1, m/s
         68    7.904E-04                                 F               0         Tower Y translation velocity, node 1, m/s
         69    4.077E-03                                 F               0         Tower Z translation velocity, node 1, m/s
         70    6.424E-04                                 F               0         Tower X translation velocity, node 2, m/s
         71    1.301E-03                                 F               0         Tower Y translation velocity, node 2, m/s
         72    4.081E-03                                 F               0         Tower Z translation velocity, node 2, m/s
         73    7.088E-04                                 F               0         Tower X translation velocity, node 3, m/s
         74    1.756E-03                                 F               0         Tower Y translation velocity, node 3, m/s
         75    4.092E-03                                 F               0         Tower Z translation velocity, node 3, m/s
         76    7.279E-04                                 F               0         Tower X translation velocity, node 4, m/s
         77    2.163E-03                                 F               0         Tower Y translation velocity, node 4, m/s
         78    4.109E-03                                 F               0         Tower Z translation velocity, node 4, m/s
         79    7.111E-04                                 F               0         Tower X translation velocity, node 5, m/s
         80    2.528E-03                                 F               0         Tower Y translation velocity, node 5, m/s
         81    4.129E-03                                 F               0         Tower Z translation velocity, node 5, m/s
         82    6.687E-04                                 F               0         Tower X translation velocity, node 6, m/s
         83    2.855E-03                                 F               0         Tower Y translation velocity, node 6, m/s
         84    4.152E-03                                 F               0         Tower Z translation velocity, node 6, m/s
         85    6.104E-04                                 F               0         Tower X translation velocity, node 7, m/s
         86    3.151E-03                                 F               0         Tower Y translation velocity, node 7, m/s
         87    4.177E-03                                 F               0         Tower Z translation velocity, node 7, m/s
         88    5.414E-04                                 F               0         Tower X translation velocity, node 8, m/s
         89    3.419E-03                                 F               0         Tower Y translation velocity, node 8, m/s
         90    4.201E-03                                 F               0         Tower Z translation velocity, node 8, m/s
         91    4.672E-04                                 F               0         Tower X translation velocity, node 9, m/s
         92    3.665E-03                                 F               0         Tower Y translation velocity, node 9, m/s
         93    4.226E-03                                 F               0         Tower Z translation velocity, node 9, m/s
         94    3.914E-04                                 F               0         Tower X translation velocity, node 10, m/s
         95    3.894E-03                                 F               0         Tower Y translation velocity, node 10, m/s
         96    4.250E-03                                 F               0         Tower Z translation velocity, node 10, m/s
         97    3.162E-04                                 F               0         Tower X translation velocity, node 11, m/s
         98    4.113E-03                                 F               0         Tower Y translation velocity, node 11, m/s
         99    4.274E-03                                 F               0         Tower Z translation velocity, node 11, m/s
        100    3.664E+01                                 F               0         Hub X translation displacement, node 1, m
        101   -7.748E+00                                 F               0         Hub Y translation displacement, node 1, m
        102   -5.943E-01                                 F               0         Hub Z translation displacement, node 1, m
        103    9.632E-01,  2.226E-03, -2.687E-01         F               0         Hub X orientation angle, node 1, rad
        104    2.527E-01,  3.327E-01,  9.086E-01         F               0         Hub Y orientation angle, node 1, rad
        105    9.140E-02, -9.430E-01,  3.199E-01         F               0         Hub Z orientation angle, node 1, rad
        106    1.004E+00                                 F               0         Hub X rotation velocity, node 1, rad/s
        107    2.314E-03                                 F               0         Hub Y rotation velocity, node 1, rad/s
        108   -2.799E-01                                 F               0         Hub Z rotation velocity, node 1, rad/s
        109    9.553E-01, -7.643E-03, -2.955E-01         F               0         Blade root 1 X orientation angle, node 1, rad
        110    2.811E-01,  3.326E-01,  9.002E-01         F               0         Blade root 1 Y orientation angle, node 1, rad
        111    9.140E-02, -9.430E-01,  3.199E-01         F               0         Blade root 1 Z orientation angle, node 1, rad
        112    9.642E-01,  3.139E-02, -2.633E-01         F               0         Blade root 2 X orientation angle, node 1, rad
        113   -1.858E-02, -9.825E-01, -1.852E-01         F               0         Blade root 2 Y orientation angle, node 1, rad
        114   -2.645E-01,  1.834E-01, -9.468E-01         F               0         Blade root 2 Z orientation angle, node 1, rad
        115    9.689E-01, -1.707E-02, -2.469E-01         F               0         Blade root 3 X orientation angle, node 1, rad
        116   -1.768E-01,  6.502E-01, -7.389E-01         F               0         Blade root 3 Y orientation angle, node 1, rad
        117    1.731E-01,  7.596E-01,  6.269E-01         F               0         Blade root 3 Z orientation angle, node 1, rad
        118    3.656E+01                                 F               0         Blade 1 X translation displacement, node 1, m
        119   -1.297E+01                                 F               0         Blade 1 Y translation displacement, node 1, m
        120   -4.332E+00                                 F               0         Blade 1 Z translation displacement, node 1, m
        121    3.655E+01                                 F               0         Blade 1 X translation displacement, node 2, m
        122   -1.423E+01                                 F               0         Blade 1 Y translation displacement, node 2, m
        123   -5.233E+00                                 F               0         Blade 1 Z translation displacement, node 2, m
        124    3.631E+01                                 F               0         Blade 1 X translation displacement, node 3, m
        125   -3.135E+01                                 F               0         Blade 1 Y translation displacement, node 3, m
        126   -1.748E+01                                 F               0         Blade 1 Z translation displacement, node 3, m
        127    3.626E+01                                 F               0         Blade 1 X translation displacement, node 4, m
        128   -3.500E+01                                 F               0         Blade 1 Y translation displacement, node 4, m
        129   -2.009E+01                                 F               0         Blade 1 Z translation displacement, node 4, m
        130    3.621E+01                                 F               0         Blade 1 X translation displacement, node 5, m
        131   -3.865E+01                                 F               0         Blade 1 Y translation displacement, node 5, m
        132   -2.270E+01                                 F               0         Blade 1 Z translation displacement, node 5, m
        133    3.616E+01                                 F               0         Blade 1 X translation displacement, node 6, m
        134   -4.229E+01                                 F               0         Blade 1 Y translation displacement, node 6, m
        135   -2.531E+01                                 F               0         Blade 1 Z translation displacement, node 6, m
        136    3.611E+01                                 F               0         Blade 1 X translation displacement, node 7, m
        137   -4.594E+01                                 F               0         Blade 1 Y translation displacement, node 7, m
        138   -2.792E+01                                 F               0         Blade 1 Z translation displacement, node 7, m
        139    3.605E+01                                 F               0         Blade 1 X translation displacement, node 8, m
        140   -4.959E+01                                 F               0         Blade 1 Y translation displacement, node 8, m
        141   -3.053E+01                                 F               0         Blade 1 Z translation displacement, node 8, m
        142    3.600E+01                                 F               0         Blade 1 X translation displacement, node 9, m
        143   -5.323E+01                                 F               0         Blade 1 Y translation displacement, node 9, m
        144   -3.314E+01                                 F               0         Blade 1 Z translation displacement, node 9, m
        145    3.595E+01                                 F               0         Blade 1 X translation displacement, node 10, m
        146   -5.688E+01                                 F               0         Blade 1 Y translation displacement, node 10, m
        147   -3.574E+01                                 F               0         Blade 1 Z translation displacement, node 10, m
        148    3.590E+01                                 F               0         Blade 1 X translation displacement, node 11, m
        149   -6.053E+01                                 F               0         Blade 1 Y translation displacement, node 11, m
        150   -3.835E+01                                 F               0         Blade 1 Z translation displacement, node 11, m
        151    3.585E+01                                 F               0         Blade 1 X translation displacement, node 12, m
        152   -6.418E+01                                 F               0         Blade 1 Y translation displacement, node 12, m
        153   -4.096E+01                                 F               0         Blade 1 Z translation displacement, node 12, m
        154    3.580E+01                                 F               0         Blade 1 X translation displacement, node 13, m
        155   -6.782E+01                                 F               0         Blade 1 Y translation displacement, node 13, m
        156   -4.357E+01                                 F               0         Blade 1 Z translation displacement, node 13, m
        157    3.575E+01                                 F               0         Blade 1 X translation displacement, node 14, m
        158   -7.147E+01                                 F               0         Blade 1 Y translation displacement, node 14, m
        159   -4.618E+01                                 F               0         Blade 1 Z translation displacement, node 14, m
        160    3.570E+01                                 F               0         Blade 1 X translation displacement, node 15, m
        161   -7.512E+01                                 F               0         Blade 1 Y translation displacement, node 15, m
        162   -4.879E+01                                 F               0         Blade 1 Z translation displacement, node 15, m
        163    3.565E+01                                 F               0         Blade 1 X translation displacement, node 16, m
        164   -7.877E+01                                 F               0         Blade 1 Y translation displacement, node 16, m
        165   -5.140E+01                                 F               0         Blade 1 Z translation displacement, node 16, m
        166    3.560E+01                                 F               0         Blade 1 X translation displacement, node 17, m
        167   -8.241E+01                                 F               0         Blade 1 Y translation displacement, node 17, m
        168   -5.401E+01                                 F               0         Blade 1 Z translation displacement, node 17, m
        169    3.555E+01                                 F               0         Blade 1 X translation displacement, node 18, m
        170   -8.606E+01                                 F               0         Blade 1 Y translation displacement, node 18, m
        171   -5.662E+01                                 F               0         Blade 1 Z translation displacement, node 18, m
        172    3.550E+01                                 F               0         Blade 1 X translation displacement, node 19, m
        173   -8.971E+01                                 F               0         Blade 1 Y translation displacement, node 19, m
        174   -5.923E+01                                 F               0         Blade 1 Z translation displacement, node 19, m
        175    3.545E+01                                 F               0         Blade 1 X translation displacement, node 20, m
        176   -9.336E+01                                 F               0         Blade 1 Y translation displacement, node 20, m
        177   -6.184E+01                                 F               0         Blade 1 Z translation displacement, node 20, m
        178    3.539E+01                                 F               0         Blade 1 X translation displacement, node 21, m
        179   -9.700E+01                                 F               0         Blade 1 Y translation displacement, node 21, m
        180   -6.445E+01                                 F               0         Blade 1 Z translation displacement, node 21, m
        181    3.534E+01                                 F               0         Blade 1 X translation displacement, node 22, m
        182   -1.007E+02                                 F               0         Blade 1 Y translation displacement, node 22, m
        183   -6.706E+01                                 F               0         Blade 1 Z translation displacement, node 22, m
        184    3.529E+01                                 F               0         Blade 1 X translation displacement, node 23, m
        185   -1.043E+02                                 F               0         Blade 1 Y translation displacement, node 23, m
        186   -6.967E+01                                 F               0         Blade 1 Z translation displacement, node 23, m
        187    3.524E+01                                 F               0         Blade 1 X translation displacement, node 24, m
        188   -1.079E+02                                 F               0         Blade 1 Y translation displacement, node 24, m
        189   -7.228E+01                                 F               0         Blade 1 Z translation displacement, node 24, m
        190    3.519E+01                                 F               0         Blade 1 X translation displacement, node 25, m
        191   -1.116E+02                                 F               0         Blade 1 Y translation displacement, node 25, m
        192   -7.489E+01                                 F               0         Blade 1 Z translation displacement, node 25, m
        193    3.514E+01                                 F               0         Blade 1 X translation displacement, node 26, m
        194   -1.152E+02                                 F               0         Blade 1 Y translation displacement, node 26, m
        195   -7.750E+01                                 F               0         Blade 1 Z translation displacement, node 26, m
        196    3.509E+01                                 F               0         Blade 1 X translation displacement, node 27, m
        197   -1.189E+02                                 F               0         Blade 1 Y translation displacement, node 27, m
        198   -8.010E+01                                 F               0         Blade 1 Z translation displacement, node 27, m
        199    3.505E+01                                 F               0         Blade 1 X translation displacement, node 28, m
        200   -1.220E+02                                 F               0         Blade 1 Y translation displacement, node 28, m
        201   -8.232E+01                                 F               0         Blade 1 Z translation displacement, node 28, m
        202    7.220E-01, -1.585E-01, -6.735E-01         F               0         Blade 1 X orientation angle, node 1, rad
        203    6.858E-01,  2.925E-01,  6.664E-01         F               0         Blade 1 Y orientation angle, node 1, rad
        204    9.140E-02, -9.430E-01,  3.199E-01         F               0         Blade 1 Z orientation angle, node 1, rad
        205    7.220E-01, -1.585E-01, -6.735E-01         F               0         Blade 1 X orientation angle, node 2, rad
        206    6.858E-01,  2.925E-01,  6.664E-01         F               0         Blade 1 Y orientation angle, node 2, rad
        207    9.140E-02, -9.430E-01,  3.199E-01         F               0         Blade 1 Z orientation angle, node 2, rad
        208    8.640E-01, -8.462E-02, -4.964E-01         F               0         Blade 1 X orientation angle, node 3, rad
        209    4.952E-01,  3.217E-01,  8.070E-01         F               0         Blade 1 Y orientation angle, node 3, rad
        210    9.140E-02, -9.430E-01,  3.199E-01         F               0         Blade 1 Z orientation angle, node 3, rad
        211    8.841E-01, -7.096E-02, -4.618E-01         F               0         Blade 1 X orientation angle, node 4, rad
        212    4.582E-01,  3.250E-01,  8.273E-01         F               0         Blade 1 Y orientation angle, node 4, rad
        213    9.140E-02, -9.430E-01,  3.199E-01         F               0         Blade 1 Z orientation angle, node 4, rad
        214    8.988E-01, -6.015E-02, -4.342E-01         F               0         Blade 1 X orientation angle, node 5, rad
        215    4.287E-01,  3.272E-01,  8.421E-01         F               0         Blade 1 Y orientation angle, node 5, rad
        216    9.140E-02, -9.430E-01,  3.199E-01         F               0         Blade 1 Z orientation angle, node 5, rad
        217    9.099E-01, -5.145E-02, -4.117E-01         F               0         Blade 1 X orientation angle, node 6, rad
        218    4.047E-01,  3.287E-01,  8.534E-01         F               0         Blade 1 Y orientation angle, node 6, rad
        219    9.140E-02, -9.430E-01,  3.199E-01         F               0         Blade 1 Z orientation angle, node 6, rad
        220    9.185E-01, -4.426E-02, -3.930E-01         F               0         Blade 1 X orientation angle, node 7, rad
        221    3.847E-01,  3.297E-01,  8.621E-01         F               0         Blade 1 Y orientation angle, node 7, rad
        222    9.140E-02, -9.430E-01,  3.199E-01         F               0         Blade 1 Z orientation angle, node 7, rad
        223    9.253E-01, -3.827E-02, -3.772E-01         F               0         Blade 1 X orientation angle, node 8, rad
        224    3.680E-01,  3.305E-01,  8.691E-01         F               0         Blade 1 Y orientation angle, node 8, rad
        225    9.140E-02, -9.430E-01,  3.199E-01         F               0         Blade 1 Z orientation angle, node 8, rad
        226    9.309E-01, -3.319E-02, -3.639E-01         F               0         Blade 1 X orientation angle, node 9, rad
        227    3.537E-01,  3.310E-01,  8.748E-01         F               0         Blade 1 Y orientation angle, node 9, rad
        228    9.140E-02, -9.430E-01,  3.199E-01         F               0         Blade 1 Z orientation angle, node 9, rad
        229    9.355E-01, -2.880E-02, -3.522E-01         F               0         Blade 1 X orientation angle, node 10, rad
        230    3.414E-01,  3.314E-01,  8.796E-01         F               0         Blade 1 Y orientation angle, node 10, rad
        231    9.140E-02, -9.430E-01,  3.199E-01         F               0         Blade 1 Z orientation angle, node 10, rad
        232    9.393E-01, -2.504E-02, -3.422E-01         F               0         Blade 1 X orientation angle, node 11, rad
        233    3.307E-01,  3.317E-01,  8.835E-01         F               0         Blade 1 Y orientation angle, node 11, rad
        234    9.140E-02, -9.430E-01,  3.199E-01         F               0         Blade 1 Z orientation angle, node 11, rad
        235    9.425E-01, -2.174E-02, -3.334E-01         F               0         Blade 1 X orientation angle, node 12, rad
        236    3.214E-01,  3.320E-01,  8.869E-01         F               0         Blade 1 Y orientation angle, node 12, rad
        237    9.140E-02, -9.430E-01,  3.199E-01         F               0         Blade 1 Z orientation angle, node 12, rad
        238    9.453E-01, -1.884E-02, -3.257E-01         F               0         Blade 1 X orientation angle, node 13, rad
        239    3.131E-01,  3.321E-01,  8.897E-01         F               0         Blade 1 Y orientation angle, node 13, rad
        240    9.140E-02, -9.430E-01,  3.199E-01         F               0         Blade 1 Z orientation angle, node 13, rad
        241    9.477E-01, -1.623E-02, -3.187E-01         F               0         Blade 1 X orientation angle, node 14, rad
        242    3.057E-01,  3.323E-01,  8.923E-01         F               0         Blade 1 Y orientation angle, node 14, rad
        243    9.140E-02, -9.430E-01,  3.199E-01         F               0         Blade 1 Z orientation angle, node 14, rad
        244    9.498E-01, -1.391E-02, -3.124E-01         F               0         Blade 1 X orientation angle, node 15, rad
        245    2.991E-01,  3.324E-01,  8.945E-01         F               0         Blade 1 Y orientation angle, node 15, rad
        246    9.140E-02, -9.430E-01,  3.199E-01         F               0         Blade 1 Z orientation angle, node 15, rad
        247    9.517E-01, -1.182E-02, -3.068E-01         F               0         Blade 1 X orientation angle, node 16, rad
        248    2.931E-01,  3.325E-01,  8.964E-01         F               0         Blade 1 Y orientation angle, node 16, rad
        249    9.140E-02, -9.430E-01,  3.199E-01         F               0         Blade 1 Z orientation angle, node 16, rad
        250    9.533E-01, -9.965E-03, -3.018E-01         F               0         Blade 1 X orientation angle, node 17, rad
        251    2.878E-01,  3.325E-01,  8.981E-01         F               0         Blade 1 Y orientation angle, node 17, rad
        252    9.140E-02, -9.430E-01,  3.199E-01         F               0         Blade 1 Z orientation angle, node 17, rad
        253    9.548E-01, -8.224E-03, -2.971E-01         F               0         Blade 1 X orientation angle, node 18, rad
        254    2.828E-01,  3.326E-01,  8.997E-01         F               0         Blade 1 Y orientation angle, node 18, rad
        255    9.140E-02, -9.430E-01,  3.199E-01         F               0         Blade 1 Z orientation angle, node 18, rad
        256    9.561E-01, -6.657E-03, -2.928E-01         F               0         Blade 1 X orientation angle, node 19, rad
        257    2.783E-01,  3.326E-01,  9.011E-01         F               0         Blade 1 Y orientation angle, node 19, rad
        258    9.140E-02, -9.430E-01,  3.199E-01         F               0         Blade 1 Z orientation angle, node 19, rad
        259    9.573E-01, -5.263E-03, -2.891E-01         F               0         Blade 1 X orientation angle, node 20, rad
        260    2.743E-01,  3.326E-01,  9.023E-01         F               0         Blade 1 Y orientation angle, node 20, rad
        261    9.140E-02, -9.430E-01,  3.199E-01         F               0         Blade 1 Z orientation angle, node 20, rad
        262    9.584E-01, -3.928E-03, -2.854E-01         F               0         Blade 1 X orientation angle, node 21, rad
        263    2.704E-01,  3.326E-01,  9.034E-01         F               0         Blade 1 Y orientation angle, node 21, rad
        264    9.140E-02, -9.430E-01,  3.199E-01         F               0         Blade 1 Z orientation angle, node 21, rad
        265    9.594E-01, -2.709E-03, -2.821E-01         F               0         Blade 1 X orientation angle, node 22, rad
        266    2.669E-01,  3.327E-01,  9.045E-01         F               0         Blade 1 Y orientation angle, node 22, rad
        267    9.140E-02, -9.430E-01,  3.199E-01         F               0         Blade 1 Z orientation angle, node 22, rad
        268    9.603E-01, -1.606E-03, -2.791E-01         F               0         Blade 1 X orientation angle, node 23, rad
        269    2.637E-01,  3.327E-01,  9.054E-01         F               0         Blade 1 Y orientation angle, node 23, rad
        270    9.140E-02, -9.430E-01,  3.199E-01         F               0         Blade 1 Z orientation angle, node 23, rad
        271    9.611E-01, -5.606E-04, -2.763E-01         F               0         Blade 1 X orientation angle, node 24, rad
        272    2.607E-01,  3.327E-01,  9.063E-01         F               0         Blade 1 Y orientation angle, node 24, rad
        273    9.140E-02, -9.430E-01,  3.199E-01         F               0         Blade 1 Z orientation angle, node 24, rad
        274    9.618E-01,  4.265E-04, -2.736E-01         F               0         Blade 1 X orientation angle, node 25, rad
        275    2.579E-01,  3.327E-01,  9.071E-01         F               0         Blade 1 Y orientation angle, node 25, rad
        276    9.140E-02, -9.430E-01,  3.199E-01         F               0         Blade 1 Z orientation angle, node 25, rad
        277    9.625E-01,  1.297E-03, -2.712E-01         F               0         Blade 1 X orientation angle, node 26, rad
        278    2.553E-01,  3.327E-01,  9.078E-01         F               0         Blade 1 Y orientation angle, node 26, rad
        279    9.140E-02, -9.430E-01,  3.199E-01         F               0         Blade 1 Z orientation angle, node 26, rad
        280    9.632E-01,  2.168E-03, -2.688E-01         F               0         Blade 1 X orientation angle, node 27, rad
        281    2.528E-01,  3.327E-01,  9.085E-01         F               0         Blade 1 Y orientation angle, node 27, rad
        282    9.140E-02, -9.430E-01,  3.199E-01         F               0         Blade 1 Z orientation angle, node 27, rad
        283    9.635E-01,  2.633E-03, -2.676E-01         F               0         Blade 1 X orientation angle, node 28, rad
        284    2.515E-01,  3.327E-01,  9.089E-01         F               0         Blade 1 Y orientation angle, node 28, rad
        285    9.140E-02, -9.430E-01,  3.199E-01         F               0         Blade 1 Z orientation angle, node 28, rad
        286   -1.458E+00                                 F               0         Blade 1 X translation velocity, node 1, m/s
        287   -1.916E+00                                 F               0         Blade 1 Y translation velocity, node 1, m/s
        288   -5.240E+00                                 F               0         Blade 1 Z translation velocity, node 1, m/s
        289   -1.809E+00                                 F               0         Blade 1 X translation velocity, node 2, m/s
        290   -2.378E+00                                 F               0         Blade 1 Y translation velocity, node 2, m/s
        291   -6.503E+00                                 F               0         Blade 1 Z translation velocity, node 2, m/s
        292   -6.588E+00                                 F               0         Blade 1 X translation velocity, node 3, m/s
        293   -8.669E+00                                 F               0         Blade 1 Y translation velocity, node 3, m/s
        294   -2.369E+01                                 F               0         Blade 1 Z translation velocity, node 3, m/s
        295   -7.606E+00                                 F               0         Blade 1 X translation velocity, node 4, m/s
        296   -1.001E+01                                 F               0         Blade 1 Y translation velocity, node 4, m/s
        297   -2.735E+01                                 F               0         Blade 1 Z translation velocity, node 4, m/s
        298   -8.624E+00                                 F               0         Blade 1 X translation velocity, node 5, m/s
        299   -1.135E+01                                 F               0         Blade 1 Y translation velocity, node 5, m/s
        300   -3.101E+01                                 F               0         Blade 1 Z translation velocity, node 5, m/s
        301   -9.642E+00                                 F               0         Blade 1 X translation velocity, node 6, m/s
        302   -1.269E+01                                 F               0         Blade 1 Y translation velocity, node 6, m/s
        303   -3.467E+01                                 F               0         Blade 1 Z translation velocity, node 6, m/s
        304   -1.066E+01                                 F               0         Blade 1 X translation velocity, node 7, m/s
        305   -1.403E+01                                 F               0         Blade 1 Y translation velocity, node 7, m/s
        306   -3.833E+01                                 F               0         Blade 1 Z translation velocity, node 7, m/s
        307   -1.168E+01                                 F               0         Blade 1 X translation velocity, node 8, m/s
