
Linearized model: Predictions were generated on 06-Feb-2024 at 16:18:08 using OpenFAST, compiled as a 64-bit application using single precision at commit v3.5.1
 linked with  NWTC Subroutine Library; ElastoDyn; InflowWind; AeroDyn; ServoDyn; HydroDyn; MAP++ (<1.20.10>, <Oct-20-2023>)

Description from the FAST input file: CCT-9 Campign 4 model. Input files to be run with OpenFAST 3.5.0. GitHub branch from Lu Wang (https://github.com/luwang00/openfast/tree/dev) compiled on March 7, 2023.

Simulation information:
   Simulation time:                  1007.2250 s
   Rotor Speed:                         1.0420 rad/s
   Azimuth:                             2.7454 rad
   Wind Speed:                         12.0000 m/s
   Number of continuous states:         0
   Number of discrete states:           0
   Number of constraint states:         0
   Number of inputs:                 1746
   Number of outputs:                   4
   Jacobians included in this file?    No

Order of inputs:
     Column   Operating Point                     Rotating Frame? Derivative Order Description
   ---------- ---------------                     --------------- ---------------- -----------
          1    1.513E+01                                 F               0         Tower X translation displacement, node 1, m
          2   -1.423E+00                                 F               0         Tower Y translation displacement, node 1, m
          3   -4.831E-01                                 F               0         Tower Z translation displacement, node 1, m
          4    1.704E+01                                 F               0         Tower X translation displacement, node 2, m
          5   -2.004E+00                                 F               0         Tower Y translation displacement, node 2, m
          6   -6.458E-01                                 F               0         Tower Z translation displacement, node 2, m
          7    1.899E+01                                 F               0         Tower X translation displacement, node 3, m
          8   -2.590E+00                                 F               0         Tower Y translation displacement, node 3, m
          9   -8.141E-01                                 F               0         Tower Z translation displacement, node 3, m
         10    2.096E+01                                 F               0         Tower X translation displacement, node 4, m
         11   -3.181E+00                                 F               0         Tower Y translation displacement, node 4, m
         12   -9.869E-01                                 F               0         Tower Z translation displacement, node 4, m
         13    2.296E+01                                 F               0         Tower X translation displacement, node 5, m
         14   -3.776E+00                                 F               0         Tower Y translation displacement, node 5, m
         15   -1.164E+00                                 F               0         Tower Z translation displacement, node 5, m
         16    2.497E+01                                 F               0         Tower X translation displacement, node 6, m
         17   -4.374E+00                                 F               0         Tower Y translation displacement, node 6, m
         18   -1.343E+00                                 F               0         Tower Z translation displacement, node 6, m
         19    2.700E+01                                 F               0         Tower X translation displacement, node 7, m
         20   -4.974E+00                                 F               0         Tower Y translation displacement, node 7, m
         21   -1.525E+00                                 F               0         Tower Z translation displacement, node 7, m
         22    2.903E+01                                 F               0         Tower X translation displacement, node 8, m
         23   -5.576E+00                                 F               0         Tower Y translation displacement, node 8, m
         24   -1.709E+00                                 F               0         Tower Z translation displacement, node 8, m
         25    3.108E+01                                 F               0         Tower X translation displacement, node 9, m
         26   -6.180E+00                                 F               0         Tower Y translation displacement, node 9, m
         27   -1.895E+00                                 F               0         Tower Z translation displacement, node 9, m
         28    3.313E+01                                 F               0         Tower X translation displacement, node 10, m
         29   -6.785E+00                                 F               0         Tower Y translation displacement, node 10, m
         30   -2.081E+00                                 F               0         Tower Z translation displacement, node 10, m
         31    3.518E+01                                 F               0         Tower X translation displacement, node 11, m
         32   -7.391E+00                                 F               0         Tower Y translation displacement, node 11, m
         33   -2.268E+00                                 F               0         Tower Z translation displacement, node 11, m
         34    9.881E-01, -3.536E-03, -1.540E-01         F               0         Tower X orientation angle, node 1, rad
         35    1.070E-02,  9.989E-01,  4.574E-02         F               0         Tower Y orientation angle, node 1, rad
         36    1.537E-01, -4.684E-02,  9.870E-01         F               0         Tower Z orientation angle, node 1, rad
         37    9.877E-01, -3.412E-03, -1.566E-01         F               0         Tower X orientation angle, node 2, rad
         38    1.077E-02,  9.989E-01,  4.615E-02         F               0         Tower Y orientation angle, node 2, rad
         39    1.563E-01, -4.726E-02,  9.866E-01         F               0         Tower Z orientation angle, node 2, rad
         40    9.873E-01, -3.302E-03, -1.589E-01         F               0         Tower X orientation angle, node 3, rad
         41    1.083E-02,  9.989E-01,  4.651E-02         F               0         Tower Y orientation angle, node 3, rad
         42    1.586E-01, -4.764E-02,  9.862E-01         F               0         Tower Z orientation angle, node 3, rad
         43    9.870E-01, -3.207E-03, -1.608E-01         F               0         Tower X orientation angle, node 4, rad
         44    1.088E-02,  9.988E-01,  4.683E-02         F               0         Tower Y orientation angle, node 4, rad
         45    1.605E-01, -4.797E-02,  9.859E-01         F               0         Tower Z orientation angle, node 4, rad
         46    9.867E-01, -3.127E-03, -1.625E-01         F               0         Tower X orientation angle, node 5, rad
         47    1.092E-02,  9.988E-01,  4.710E-02         F               0         Tower Y orientation angle, node 5, rad
         48    1.621E-01, -4.825E-02,  9.856E-01         F               0         Tower Z orientation angle, node 5, rad
         49    9.865E-01, -3.062E-03, -1.638E-01         F               0         Tower X orientation angle, node 6, rad
         50    1.096E-02,  9.988E-01,  4.733E-02         F               0         Tower Y orientation angle, node 6, rad
         51    1.635E-01, -4.849E-02,  9.854E-01         F               0         Tower Z orientation angle, node 6, rad
         52    9.863E-01, -3.011E-03, -1.648E-01         F               0         Tower X orientation angle, node 7, rad
         53    1.099E-02,  9.988E-01,  4.752E-02         F               0         Tower Y orientation angle, node 7, rad
         54    1.645E-01, -4.868E-02,  9.852E-01         F               0         Tower Z orientation angle, node 7, rad
         55    9.862E-01, -2.973E-03, -1.656E-01         F               0         Tower X orientation angle, node 8, rad
         56    1.101E-02,  9.988E-01,  4.766E-02         F               0         Tower Y orientation angle, node 8, rad
         57    1.653E-01, -4.883E-02,  9.850E-01         F               0         Tower Z orientation angle, node 8, rad
         58    9.861E-01, -2.946E-03, -1.661E-01         F               0         Tower X orientation angle, node 9, rad
         59    1.103E-02,  9.988E-01,  4.777E-02         F               0         Tower Y orientation angle, node 9, rad
         60    1.658E-01, -4.893E-02,  9.849E-01         F               0         Tower Z orientation angle, node 9, rad
         61    9.860E-01, -2.929E-03, -1.665E-01         F               0         Tower X orientation angle, node 10, rad
         62    1.104E-02,  9.988E-01,  4.783E-02         F               0         Tower Y orientation angle, node 10, rad
         63    1.661E-01, -4.900E-02,  9.849E-01         F               0         Tower Z orientation angle, node 10, rad
         64    9.860E-01, -2.920E-03, -1.667E-01         F               0         Tower X orientation angle, node 11, rad
         65    1.105E-02,  9.988E-01,  4.787E-02         F               0         Tower Y orientation angle, node 11, rad
         66    1.663E-01, -4.904E-02,  9.849E-01         F               0         Tower Z orientation angle, node 11, rad
         67    6.941E-04                                 F               0         Tower X translation velocity, node 1, m/s
         68   -6.936E-05                                 F               0         Tower Y translation velocity, node 1, m/s
         69    5.117E-03                                 F               0         Tower Z translation velocity, node 1, m/s
         70    9.058E-04                                 F               0         Tower X translation velocity, node 2, m/s
         71   -1.195E-04                                 F               0         Tower Y translation velocity, node 2, m/s
         72    5.081E-03                                 F               0         Tower Z translation velocity, node 2, m/s
         73    1.080E-03                                 F               0         Tower X translation velocity, node 3, m/s
         74   -1.776E-04                                 F               0         Tower Y translation velocity, node 3, m/s
         75    5.050E-03                                 F               0         Tower Z translation velocity, node 3, m/s
         76    1.224E-03                                 F               0         Tower X translation velocity, node 4, m/s
         77   -2.409E-04                                 F               0         Tower Y translation velocity, node 4, m/s
         78    5.024E-03                                 F               0         Tower Z translation velocity, node 4, m/s
         79    1.340E-03                                 F               0         Tower X translation velocity, node 5, m/s
         80   -3.077E-04                                 F               0         Tower Y translation velocity, node 5, m/s
         81    5.002E-03                                 F               0         Tower Z translation velocity, node 5, m/s
         82    1.431E-03                                 F               0         Tower X translation velocity, node 6, m/s
         83   -3.764E-04                                 F               0         Tower Y translation velocity, node 6, m/s
         84    4.983E-03                                 F               0         Tower Z translation velocity, node 6, m/s
         85    1.501E-03                                 F               0         Tower X translation velocity, node 7, m/s
         86   -4.459E-04                                 F               0         Tower Y translation velocity, node 7, m/s
         87    4.968E-03                                 F               0         Tower Z translation velocity, node 7, m/s
         88    1.552E-03                                 F               0         Tower X translation velocity, node 8, m/s
         89   -5.153E-04                                 F               0         Tower Y translation velocity, node 8, m/s
         90    4.956E-03                                 F               0         Tower Z translation velocity, node 8, m/s
         91    1.587E-03                                 F               0         Tower X translation velocity, node 9, m/s
         92   -5.842E-04                                 F               0         Tower Y translation velocity, node 9, m/s
         93    4.947E-03                                 F               0         Tower Z translation velocity, node 9, m/s
         94    1.611E-03                                 F               0         Tower X translation velocity, node 10, m/s
         95   -6.524E-04                                 F               0         Tower Y translation velocity, node 10, m/s
         96    4.939E-03                                 F               0         Tower Z translation velocity, node 10, m/s
         97    1.628E-03                                 F               0         Tower X translation velocity, node 11, m/s
         98   -7.200E-04                                 F               0         Tower Y translation velocity, node 11, m/s
         99    4.933E-03                                 F               0         Tower Z translation velocity, node 11, m/s
        100    3.664E+01                                 F               0         Hub X translation displacement, node 1, m
        101   -7.745E+00                                 F               0         Hub Y translation displacement, node 1, m
        102   -5.872E-01                                 F               0         Hub Z translation displacement, node 1, m
        103    9.632E-01,  2.222E-03, -2.687E-01         F               0         Hub X orientation angle, node 1, rad
        104    9.341E-02, -9.404E-01,  3.271E-01         F               0         Hub Y orientation angle, node 1, rad
        105   -2.519E-01, -3.402E-01, -9.060E-01         F               0         Hub Z orientation angle, node 1, rad
        106    1.004E+00                                 F               0         Hub X rotation velocity, node 1, rad/s
        107    2.317E-03                                 F               0         Hub Y rotation velocity, node 1, rad/s
        108   -2.800E-01                                 F               0         Hub Z rotation velocity, node 1, rad/s
        109    9.600E-01,  3.012E-02, -2.783E-01         F               0         Blade root 1 X orientation angle, node 1, rad
        110    1.219E-01, -9.399E-01,  3.190E-01         F               0         Blade root 1 Y orientation angle, node 1, rad
        111   -2.519E-01, -3.402E-01, -9.060E-01         F               0         Blade root 1 Z orientation angle, node 1, rad
        112    9.707E-01, -2.988E-03, -2.404E-01         F               0         Blade root 2 X orientation angle, node 1, rad
        113   -2.362E-01,  1.756E-01, -9.557E-01         F               0         Blade root 2 Y orientation angle, node 1, rad
        114    4.507E-02,  9.845E-01,  1.697E-01         F               0         Blade root 2 Z orientation angle, node 1, rad
        115    9.577E-01, -2.047E-02, -2.870E-01         F               0         Blade root 3 X orientation angle, node 1, rad
        116    2.000E-01,  7.645E-01,  6.128E-01         F               0         Blade root 3 Y orientation angle, node 1, rad
        117    2.069E-01, -6.443E-01,  7.363E-01         F               0         Blade root 3 Z orientation angle, node 1, rad
        118    3.467E+01                                 F               0         Blade 1 X translation displacement, node 1, m
        119   -9.629E+00                                 F               0         Blade 1 Y translation displacement, node 1, m
        120   -1.112E+01                                 F               0         Blade 1 Z translation displacement, node 1, m
        121    3.419E+01                                 F               0         Blade 1 X translation displacement, node 2, m
        122   -1.008E+01                                 F               0         Blade 1 Y translation displacement, node 2, m
        123   -1.365E+01                                 F               0         Blade 1 Z translation displacement, node 2, m
        124    2.772E+01                                 F               0         Blade 1 X translation displacement, node 3, m
        125   -1.626E+01                                 F               0         Blade 1 Y translation displacement, node 3, m
        126   -4.815E+01                                 F               0         Blade 1 Z translation displacement, node 3, m
        127    2.634E+01                                 F               0         Blade 1 X translation displacement, node 4, m
        128   -1.757E+01                                 F               0         Blade 1 Y translation displacement, node 4, m
        129   -5.550E+01                                 F               0         Blade 1 Z translation displacement, node 4, m
        130    2.496E+01                                 F               0         Blade 1 X translation displacement, node 5, m
        131   -1.889E+01                                 F               0         Blade 1 Y translation displacement, node 5, m
        132   -6.285E+01                                 F               0         Blade 1 Z translation displacement, node 5, m
        133    2.358E+01                                 F               0         Blade 1 X translation displacement, node 6, m
        134   -2.020E+01                                 F               0         Blade 1 Y translation displacement, node 6, m
        135   -7.020E+01                                 F               0         Blade 1 Z translation displacement, node 6, m
        136    2.220E+01                                 F               0         Blade 1 X translation displacement, node 7, m
        137   -2.152E+01                                 F               0         Blade 1 Y translation displacement, node 7, m
        138   -7.755E+01                                 F               0         Blade 1 Z translation displacement, node 7, m
        139    2.083E+01                                 F               0         Blade 1 X translation displacement, node 8, m
        140   -2.284E+01                                 F               0         Blade 1 Y translation displacement, node 8, m
        141   -8.491E+01                                 F               0         Blade 1 Z translation displacement, node 8, m
        142    1.945E+01                                 F               0         Blade 1 X translation displacement, node 9, m
        143   -2.415E+01                                 F               0         Blade 1 Y translation displacement, node 9, m
        144   -9.226E+01                                 F               0         Blade 1 Z translation displacement, node 9, m
        145    1.807E+01                                 F               0         Blade 1 X translation displacement, node 10, m
        146   -2.547E+01                                 F               0         Blade 1 Y translation displacement, node 10, m
        147   -9.961E+01                                 F               0         Blade 1 Z translation displacement, node 10, m
        148    1.669E+01                                 F               0         Blade 1 X translation displacement, node 11, m
        149   -2.678E+01                                 F               0         Blade 1 Y translation displacement, node 11, m
        150   -1.070E+02                                 F               0         Blade 1 Z translation displacement, node 11, m
        151    1.531E+01                                 F               0         Blade 1 X translation displacement, node 12, m
        152   -2.810E+01                                 F               0         Blade 1 Y translation displacement, node 12, m
        153   -1.143E+02                                 F               0         Blade 1 Z translation displacement, node 12, m
        154    1.393E+01                                 F               0         Blade 1 X translation displacement, node 13, m
        155   -2.941E+01                                 F               0         Blade 1 Y translation displacement, node 13, m
        156   -1.217E+02                                 F               0         Blade 1 Z translation displacement, node 13, m
        157    1.255E+01                                 F               0         Blade 1 X translation displacement, node 14, m
        158   -3.073E+01                                 F               0         Blade 1 Y translation displacement, node 14, m
        159   -1.290E+02                                 F               0         Blade 1 Z translation displacement, node 14, m
        160    1.117E+01                                 F               0         Blade 1 X translation displacement, node 15, m
        161   -3.205E+01                                 F               0         Blade 1 Y translation displacement, node 15, m
        162   -1.364E+02                                 F               0         Blade 1 Z translation displacement, node 15, m
        163    9.796E+00                                 F               0         Blade 1 X translation displacement, node 16, m
        164   -3.336E+01                                 F               0         Blade 1 Y translation displacement, node 16, m
        165   -1.437E+02                                 F               0         Blade 1 Z translation displacement, node 16, m
        166    8.417E+00                                 F               0         Blade 1 X translation displacement, node 17, m
        167   -3.468E+01                                 F               0         Blade 1 Y translation displacement, node 17, m
        168   -1.511E+02                                 F               0         Blade 1 Z translation displacement, node 17, m
        169    7.038E+00                                 F               0         Blade 1 X translation displacement, node 18, m
        170   -3.599E+01                                 F               0         Blade 1 Y translation displacement, node 18, m
        171   -1.584E+02                                 F               0         Blade 1 Z translation displacement, node 18, m
        172    5.660E+00                                 F               0         Blade 1 X translation displacement, node 19, m
        173   -3.731E+01                                 F               0         Blade 1 Y translation displacement, node 19, m
        174   -1.658E+02                                 F               0         Blade 1 Z translation displacement, node 19, m
        175    4.281E+00                                 F               0         Blade 1 X translation displacement, node 20, m
        176   -3.862E+01                                 F               0         Blade 1 Y translation displacement, node 20, m
        177   -1.731E+02                                 F               0         Blade 1 Z translation displacement, node 20, m
        178    2.902E+00                                 F               0         Blade 1 X translation displacement, node 21, m
        179   -3.994E+01                                 F               0         Blade 1 Y translation displacement, node 21, m
        180   -1.805E+02                                 F               0         Blade 1 Z translation displacement, node 21, m
        181    1.523E+00                                 F               0         Blade 1 X translation displacement, node 22, m
        182   -4.125E+01                                 F               0         Blade 1 Y translation displacement, node 22, m
        183   -1.878E+02                                 F               0         Blade 1 Z translation displacement, node 22, m
        184    1.447E-01                                 F               0         Blade 1 X translation displacement, node 23, m
        185   -4.257E+01                                 F               0         Blade 1 Y translation displacement, node 23, m
        186   -1.952E+02                                 F               0         Blade 1 Z translation displacement, node 23, m
        187   -1.234E+00                                 F               0         Blade 1 X translation displacement, node 24, m
        188   -4.389E+01                                 F               0         Blade 1 Y translation displacement, node 24, m
        189   -2.025E+02                                 F               0         Blade 1 Z translation displacement, node 24, m
        190   -2.613E+00                                 F               0         Blade 1 X translation displacement, node 25, m
        191   -4.520E+01                                 F               0         Blade 1 Y translation displacement, node 25, m
        192   -2.099E+02                                 F               0         Blade 1 Z translation displacement, node 25, m
        193   -3.991E+00                                 F               0         Blade 1 X translation displacement, node 26, m
        194   -4.652E+01                                 F               0         Blade 1 Y translation displacement, node 26, m
        195   -2.172E+02                                 F               0         Blade 1 Z translation displacement, node 26, m
        196   -5.370E+00                                 F               0         Blade 1 X translation displacement, node 27, m
        197   -4.783E+01                                 F               0         Blade 1 Y translation displacement, node 27, m
        198   -2.246E+02                                 F               0         Blade 1 Z translation displacement, node 27, m
        199   -6.539E+00                                 F               0         Blade 1 X translation displacement, node 28, m
        200   -4.895E+01                                 F               0         Blade 1 Y translation displacement, node 28, m
        201   -2.308E+02                                 F               0         Blade 1 Z translation displacement, node 28, m
        202    7.988E-01,  4.554E-01, -3.931E-01         F               0         Blade 1 X orientation angle, node 1, rad
        203    5.463E-01, -8.227E-01,  1.570E-01         F               0         Blade 1 Y orientation angle, node 1, rad
        204   -2.519E-01, -3.402E-01, -9.060E-01         F               0         Blade 1 Z orientation angle, node 1, rad
        205    7.988E-01,  4.554E-01, -3.931E-01         F               0         Blade 1 X orientation angle, node 2, rad
        206    5.463E-01, -8.227E-01,  1.570E-01         F               0         Blade 1 Y orientation angle, node 2, rad
        207   -2.519E-01, -3.402E-01, -9.060E-01         F               0         Blade 1 Z orientation angle, node 2, rad
        208    9.055E-01,  2.474E-01, -3.447E-01         F               0         Blade 1 X orientation angle, node 3, rad
        209    3.414E-01, -9.072E-01,  2.457E-01         F               0         Blade 1 Y orientation angle, node 3, rad
        210   -2.519E-01, -3.402E-01, -9.060E-01         F               0         Blade 1 Z orientation angle, node 3, rad
        211    9.191E-01,  2.089E-01, -3.340E-01         F               0         Blade 1 X orientation angle, node 4, rad
        212    3.029E-01, -9.169E-01,  2.600E-01         F               0         Blade 1 Y orientation angle, node 4, rad
        213   -2.519E-01, -3.402E-01, -9.060E-01         F               0         Blade 1 Z orientation angle, node 4, rad
        214    9.287E-01,  1.784E-01, -3.252E-01         F               0         Blade 1 X orientation angle, node 5, rad
        215    2.722E-01, -9.233E-01,  2.709E-01         F               0         Blade 1 Y orientation angle, node 5, rad
        216   -2.519E-01, -3.402E-01, -9.060E-01         F               0         Blade 1 Z orientation angle, node 5, rad
        217    9.356E-01,  1.538E-01, -3.179E-01         F               0         Blade 1 X orientation angle, node 6, rad
        218    2.475E-01, -9.277E-01,  2.795E-01         F               0         Blade 1 Y orientation angle, node 6, rad
        219   -2.519E-01, -3.402E-01, -9.060E-01         F               0         Blade 1 Z orientation angle, node 6, rad
        220    9.407E-01,  1.336E-01, -3.117E-01         F               0         Blade 1 X orientation angle, node 7, rad
        221    2.270E-01, -9.308E-01,  2.863E-01         F               0         Blade 1 Y orientation angle, node 7, rad
        222   -2.519E-01, -3.402E-01, -9.060E-01         F               0         Blade 1 Z orientation angle, node 7, rad
        223    9.447E-01,  1.166E-01, -3.065E-01         F               0         Blade 1 X orientation angle, node 8, rad
        224    2.099E-01, -9.331E-01,  2.920E-01         F               0         Blade 1 Y orientation angle, node 8, rad
        225   -2.519E-01, -3.402E-01, -9.060E-01         F               0         Blade 1 Z orientation angle, node 8, rad
        226    9.478E-01,  1.023E-01, -3.020E-01         F               0         Blade 1 X orientation angle, node 9, rad
        227    1.954E-01, -9.348E-01,  2.966E-01         F               0         Blade 1 Y orientation angle, node 9, rad
        228   -2.519E-01, -3.402E-01, -9.060E-01         F               0         Blade 1 Z orientation angle, node 9, rad
        229    9.503E-01,  8.989E-02, -2.980E-01         F               0         Blade 1 X orientation angle, node 10, rad
        230    1.828E-01, -9.361E-01,  3.006E-01         F               0         Blade 1 Y orientation angle, node 10, rad
        231   -2.519E-01, -3.402E-01, -9.060E-01         F               0         Blade 1 Z orientation angle, node 10, rad
        232    9.523E-01,  7.927E-02, -2.946E-01         F               0         Blade 1 X orientation angle, node 11, rad
        233    1.720E-01, -9.370E-01,  3.040E-01         F               0         Blade 1 Y orientation angle, node 11, rad
        234   -2.519E-01, -3.402E-01, -9.060E-01         F               0         Blade 1 Z orientation angle, node 11, rad
        235    9.540E-01,  6.994E-02, -2.915E-01         F               0         Blade 1 X orientation angle, node 12, rad
        236    1.625E-01, -9.378E-01,  3.069E-01         F               0         Blade 1 Y orientation angle, node 12, rad
        237   -2.519E-01, -3.402E-01, -9.060E-01         F               0         Blade 1 Z orientation angle, node 12, rad
        238    9.554E-01,  6.176E-02, -2.889E-01         F               0         Blade 1 X orientation angle, node 13, rad
        239    1.542E-01, -9.383E-01,  3.094E-01         F               0         Blade 1 Y orientation angle, node 13, rad
        240   -2.519E-01, -3.402E-01, -9.060E-01         F               0         Blade 1 Z orientation angle, node 13, rad
        241    9.566E-01,  5.438E-02, -2.864E-01         F               0         Blade 1 X orientation angle, node 14, rad
        242    1.467E-01, -9.388E-01,  3.117E-01         F               0         Blade 1 Y orientation angle, node 14, rad
        243   -2.519E-01, -3.402E-01, -9.060E-01         F               0         Blade 1 Z orientation angle, node 14, rad
        244    9.576E-01,  4.783E-02, -2.842E-01         F               0         Blade 1 X orientation angle, node 15, rad
        245    1.400E-01, -9.392E-01,  3.137E-01         F               0         Blade 1 Y orientation angle, node 15, rad
        246   -2.519E-01, -3.402E-01, -9.060E-01         F               0         Blade 1 Z orientation angle, node 15, rad
        247    9.584E-01,  4.193E-02, -2.823E-01         F               0         Blade 1 X orientation angle, node 16, rad
        248    1.340E-01, -9.394E-01,  3.154E-01         F               0         Blade 1 Y orientation angle, node 16, rad
        249   -2.519E-01, -3.402E-01, -9.060E-01         F               0         Blade 1 Z orientation angle, node 16, rad
        250    9.592E-01,  3.668E-02, -2.805E-01         F               0         Blade 1 X orientation angle, node 17, rad
        251    1.286E-01, -9.397E-01,  3.170E-01         F               0         Blade 1 Y orientation angle, node 17, rad
        252   -2.519E-01, -3.402E-01, -9.060E-01         F               0         Blade 1 Z orientation angle, node 17, rad
        253    9.598E-01,  3.176E-02, -2.788E-01         F               0         Blade 1 X orientation angle, node 18, rad
        254    1.236E-01, -9.398E-01,  3.185E-01         F               0         Blade 1 Y orientation angle, node 18, rad
        255   -2.519E-01, -3.402E-01, -9.060E-01         F               0         Blade 1 Z orientation angle, node 18, rad
        256    9.604E-01,  2.733E-02, -2.773E-01         F               0         Blade 1 X orientation angle, node 19, rad
        257    1.191E-01, -9.400E-01,  3.198E-01         F               0         Blade 1 Y orientation angle, node 19, rad
        258   -2.519E-01, -3.402E-01, -9.060E-01         F               0         Blade 1 Z orientation angle, node 19, rad
        259    9.609E-01,  2.339E-02, -2.760E-01         F               0         Blade 1 X orientation angle, node 20, rad
        260    1.151E-01, -9.401E-01,  3.210E-01         F               0         Blade 1 Y orientation angle, node 20, rad
        261   -2.519E-01, -3.402E-01, -9.060E-01         F               0         Blade 1 Z orientation angle, node 20, rad
        262    9.613E-01,  1.962E-02, -2.747E-01         F               0         Blade 1 X orientation angle, node 21, rad
        263    1.112E-01, -9.402E-01,  3.221E-01         F               0         Blade 1 Y orientation angle, node 21, rad
        264   -2.519E-01, -3.402E-01, -9.060E-01         F               0         Blade 1 Z orientation angle, node 21, rad
        265    9.617E-01,  1.617E-02, -2.735E-01         F               0         Blade 1 X orientation angle, node 22, rad
        266    1.077E-01, -9.402E-01,  3.231E-01         F               0         Blade 1 Y orientation angle, node 22, rad
        267   -2.519E-01, -3.402E-01, -9.060E-01         F               0         Blade 1 Z orientation angle, node 22, rad
        268    9.621E-01,  1.305E-02, -2.724E-01         F               0         Blade 1 X orientation angle, node 23, rad
        269    1.045E-01, -9.403E-01,  3.240E-01         F               0         Blade 1 Y orientation angle, node 23, rad
        270   -2.519E-01, -3.402E-01, -9.060E-01         F               0         Blade 1 Z orientation angle, node 23, rad
        271    9.624E-01,  1.010E-02, -2.714E-01         F               0         Blade 1 X orientation angle, node 24, rad
        272    1.015E-01, -9.403E-01,  3.248E-01         F               0         Blade 1 Y orientation angle, node 24, rad
        273   -2.519E-01, -3.402E-01, -9.060E-01         F               0         Blade 1 Z orientation angle, node 24, rad
        274    9.627E-01,  7.310E-03, -2.705E-01         F               0         Blade 1 X orientation angle, node 25, rad
        275    9.862E-02, -9.403E-01,  3.256E-01         F               0         Blade 1 Y orientation angle, node 25, rad
        276   -2.519E-01, -3.402E-01, -9.060E-01         F               0         Blade 1 Z orientation angle, node 25, rad
        277    9.630E-01,  4.848E-03, -2.696E-01         F               0         Blade 1 X orientation angle, node 26, rad
        278    9.610E-02, -9.404E-01,  3.263E-01         F               0         Blade 1 Y orientation angle, node 26, rad
        279   -2.519E-01, -3.402E-01, -9.060E-01         F               0         Blade 1 Z orientation angle, node 26, rad
        280    9.632E-01,  2.386E-03, -2.687E-01         F               0         Blade 1 X orientation angle, node 27, rad
        281    9.358E-02, -9.404E-01,  3.270E-01         F               0         Blade 1 Y orientation angle, node 27, rad
        282   -2.519E-01, -3.402E-01, -9.060E-01         F               0         Blade 1 Z orientation angle, node 27, rad
        283    9.633E-01,  1.073E-03, -2.683E-01         F               0         Blade 1 X orientation angle, node 28, rad
        284    9.223E-02, -9.404E-01,  3.274E-01         F               0         Blade 1 Y orientation angle, node 28, rad
        285   -2.519E-01, -3.402E-01, -9.060E-01         F               0         Blade 1 Z orientation angle, node 28, rad
        286   -5.376E-01                                 F               0         Blade 1 X translation velocity, node 1, m/s
        287    5.428E+00                                 F               0         Blade 1 Y translation velocity, node 1, m/s
        288   -1.883E+00                                 F               0         Blade 1 Z translation velocity, node 1, m/s
        289   -6.675E-01                                 F               0         Blade 1 X translation velocity, node 2, m/s
        290    6.736E+00                                 F               0         Blade 1 Y translation velocity, node 2, m/s
        291   -2.338E+00                                 F               0         Blade 1 Z translation velocity, node 2, m/s
        292   -2.434E+00                                 F               0         Blade 1 X translation velocity, node 3, m/s
        293    2.452E+01                                 F               0         Blade 1 Y translation velocity, node 3, m/s
        294   -8.525E+00                                 F               0         Blade 1 Z translation velocity, node 3, m/s
        295   -2.811E+00                                 F               0         Blade 1 X translation velocity, node 4, m/s
        296    2.831E+01                                 F               0         Blade 1 Y translation velocity, node 4, m/s
        297   -9.843E+00                                 F               0         Blade 1 Z translation velocity, node 4, m/s
        298   -3.187E+00                                 F               0         Blade 1 X translation velocity, node 5, m/s
        299    3.210E+01                                 F               0         Blade 1 Y translation velocity, node 5, m/s
        300   -1.116E+01                                 F               0         Blade 1 Z translation velocity, node 5, m/s
        301   -3.564E+00                                 F               0         Blade 1 X translation velocity, node 6, m/s
        302    3.589E+01                                 F               0         Blade 1 Y translation velocity, node 6, m/s
        303   -1.248E+01                                 F               0         Blade 1 Z translation velocity, node 6, m/s
        304   -3.940E+00                                 F               0         Blade 1 X translation velocity, node 7, m/s
        305    3.968E+01                                 F               0         Blade 1 Y translation velocity, node 7, m/s
        306   -1.380E+01                                 F               0         Blade 1 Z translation velocity, node 7, m/s
        307   -4.317E+00                                 F               0         Blade 1 X translation velocity, node 8, m/s
