
Linearized model: Predictions were generated on 31-Jan-2024 at 12:35:17 using OpenFAST, compiled as a 64-bit application using single precision at commit v3.5.1
 linked with  NWTC Subroutine Library; ElastoDyn; InflowWind; AeroDyn; ServoDyn; HydroDyn; MAP++ (<1.20.10>, <Oct-20-2023>)

Description from the FAST input file: CCT-9 Campign 4 model. Input files to be run with OpenFAST 3.5.0. GitHub branch from Lu Wang (https://github.com/luwang00/openfast/tree/dev) compiled on March 7, 2023.

Simulation information:
   Simulation time:                   505.9250 s
   Rotor Speed:                         0.8937 rad/s
   Azimuth:                             6.0418 rad
   Wind Speed:                         10.0000 m/s
   Number of continuous states:         0
   Number of discrete states:           0
   Number of constraint states:         0
   Number of inputs:                 1746
   Number of outputs:                   4
   Jacobians included in this file?    No

Order of inputs:
     Column   Operating Point                     Rotating Frame? Derivative Order Description
   ---------- ---------------                     --------------- ---------------- -----------
          1    8.510E+00                                 F               0         Tower X translation displacement, node 1, m
          2   -1.355E+00                                 F               0         Tower Y translation displacement, node 1, m
          3   -9.985E-02                                 F               0         Tower Z translation displacement, node 1, m
          4    8.747E+00                                 F               0         Tower X translation displacement, node 2, m
          5   -1.887E+00                                 F               0         Tower Y translation displacement, node 2, m
          6   -1.136E-01                                 F               0         Tower Z translation displacement, node 2, m
          7    8.997E+00                                 F               0         Tower X translation displacement, node 3, m
          8   -2.420E+00                                 F               0         Tower Y translation displacement, node 3, m
          9   -1.276E-01                                 F               0         Tower Z translation displacement, node 3, m
         10    9.256E+00                                 F               0         Tower X translation displacement, node 4, m
         11   -2.952E+00                                 F               0         Tower Y translation displacement, node 4, m
         12   -1.418E-01                                 F               0         Tower Z translation displacement, node 4, m
         13    9.524E+00                                 F               0         Tower X translation displacement, node 5, m
         14   -3.485E+00                                 F               0         Tower Y translation displacement, node 5, m
         15   -1.562E-01                                 F               0         Tower Z translation displacement, node 5, m
         16    9.798E+00                                 F               0         Tower X translation displacement, node 6, m
         17   -4.017E+00                                 F               0         Tower Y translation displacement, node 6, m
         18   -1.707E-01                                 F               0         Tower Z translation displacement, node 6, m
         19    1.008E+01                                 F               0         Tower X translation displacement, node 7, m
         20   -4.549E+00                                 F               0         Tower Y translation displacement, node 7, m
         21   -1.853E-01                                 F               0         Tower Z translation displacement, node 7, m
         22    1.036E+01                                 F               0         Tower X translation displacement, node 8, m
         23   -5.082E+00                                 F               0         Tower Y translation displacement, node 8, m
         24   -2.000E-01                                 F               0         Tower Z translation displacement, node 8, m
         25    1.064E+01                                 F               0         Tower X translation displacement, node 9, m
         26   -5.614E+00                                 F               0         Tower Y translation displacement, node 9, m
         27   -2.147E-01                                 F               0         Tower Z translation displacement, node 9, m
         28    1.092E+01                                 F               0         Tower X translation displacement, node 10, m
         29   -6.146E+00                                 F               0         Tower Y translation displacement, node 10, m
         30   -2.295E-01                                 F               0         Tower Z translation displacement, node 10, m
         31    1.121E+01                                 F               0         Tower X translation displacement, node 11, m
         32   -6.679E+00                                 F               0         Tower Y translation displacement, node 11, m
         33   -2.442E-01                                 F               0         Tower Z translation displacement, node 11, m
         34    9.998E-01,  7.496E-03, -1.841E-02         F               0         Tower X orientation angle, node 1, rad
         35   -6.694E-03,  9.990E-01,  4.325E-02         F               0         Tower Y orientation angle, node 1, rad
         36    1.872E-02, -4.312E-02,  9.989E-01         F               0         Tower Z orientation angle, node 1, rad
         37    9.998E-01,  7.540E-03, -1.943E-02         F               0         Tower X orientation angle, node 2, rad
         38   -6.694E-03,  9.990E-01,  4.325E-02         F               0         Tower Y orientation angle, node 2, rad
         39    1.974E-02, -4.311E-02,  9.989E-01         F               0         Tower Z orientation angle, node 2, rad
         40    9.998E-01,  7.578E-03, -2.030E-02         F               0         Tower X orientation angle, node 3, rad
         41   -6.694E-03,  9.990E-01,  4.325E-02         F               0         Tower Y orientation angle, node 3, rad
         42    2.061E-02, -4.310E-02,  9.989E-01         F               0         Tower Z orientation angle, node 3, rad
         43    9.998E-01,  7.609E-03, -2.102E-02         F               0         Tower X orientation angle, node 4, rad
         44   -6.694E-03,  9.990E-01,  4.325E-02         F               0         Tower Y orientation angle, node 4, rad
         45    2.133E-02, -4.310E-02,  9.988E-01         F               0         Tower Z orientation angle, node 4, rad
         46    9.997E-01,  7.633E-03, -2.159E-02         F               0         Tower X orientation angle, node 5, rad
         47   -6.694E-03,  9.990E-01,  4.325E-02         F               0         Tower Y orientation angle, node 5, rad
         48    2.190E-02, -4.309E-02,  9.988E-01         F               0         Tower Z orientation angle, node 5, rad
         49    9.997E-01,  7.652E-03, -2.202E-02         F               0         Tower X orientation angle, node 6, rad
         50   -6.694E-03,  9.990E-01,  4.325E-02         F               0         Tower Y orientation angle, node 6, rad
         51    2.233E-02, -4.309E-02,  9.988E-01         F               0         Tower Z orientation angle, node 6, rad
         52    9.997E-01,  7.665E-03, -2.232E-02         F               0         Tower X orientation angle, node 7, rad
         53   -6.694E-03,  9.990E-01,  4.325E-02         F               0         Tower Y orientation angle, node 7, rad
         54    2.263E-02, -4.309E-02,  9.988E-01         F               0         Tower Z orientation angle, node 7, rad
         55    9.997E-01,  7.674E-03, -2.253E-02         F               0         Tower X orientation angle, node 8, rad
         56   -6.694E-03,  9.990E-01,  4.325E-02         F               0         Tower Y orientation angle, node 8, rad
         57    2.284E-02, -4.308E-02,  9.988E-01         F               0         Tower Z orientation angle, node 8, rad
         58    9.997E-01,  7.680E-03, -2.266E-02         F               0         Tower X orientation angle, node 9, rad
         59   -6.694E-03,  9.990E-01,  4.325E-02         F               0         Tower Y orientation angle, node 9, rad
         60    2.297E-02, -4.308E-02,  9.988E-01         F               0         Tower Z orientation angle, node 9, rad
         61    9.997E-01,  7.683E-03, -2.273E-02         F               0         Tower X orientation angle, node 10, rad
         62   -6.694E-03,  9.990E-01,  4.325E-02         F               0         Tower Y orientation angle, node 10, rad
         63    2.304E-02, -4.308E-02,  9.988E-01         F               0         Tower Z orientation angle, node 10, rad
         64    9.997E-01,  7.684E-03, -2.276E-02         F               0         Tower X orientation angle, node 11, rad
         65   -6.694E-03,  9.990E-01,  4.325E-02         F               0         Tower Y orientation angle, node 11, rad
         66    2.307E-02, -4.308E-02,  9.988E-01         F               0         Tower Z orientation angle, node 11, rad
         67   -2.233E-03                                 F               0         Tower X translation velocity, node 1, m/s
         68   -2.898E-07                                 F               0         Tower Y translation velocity, node 1, m/s
         69   -8.227E-03                                 F               0         Tower Z translation velocity, node 1, m/s
         70   -2.224E-03                                 F               0         Tower X translation velocity, node 2, m/s
         71   -4.167E-07                                 F               0         Tower Y translation velocity, node 2, m/s
         72   -8.227E-03                                 F               0         Tower Z translation velocity, node 2, m/s
         73   -2.189E-03                                 F               0         Tower X translation velocity, node 3, m/s
         74   -3.595E-07                                 F               0         Tower Y translation velocity, node 3, m/s
         75   -8.228E-03                                 F               0         Tower Z translation velocity, node 3, m/s
         76   -2.132E-03                                 F               0         Tower X translation velocity, node 4, m/s
         77   -1.427E-07                                 F               0         Tower Y translation velocity, node 4, m/s
         78   -8.229E-03                                 F               0         Tower Z translation velocity, node 4, m/s
         79   -2.054E-03                                 F               0         Tower X translation velocity, node 5, m/s
         80    2.253E-07                                 F               0         Tower Y translation velocity, node 5, m/s
         81   -8.231E-03                                 F               0         Tower Z translation velocity, node 5, m/s
         82   -1.958E-03                                 F               0         Tower X translation velocity, node 6, m/s
         83    7.335E-07                                 F               0         Tower Y translation velocity, node 6, m/s
         84   -8.233E-03                                 F               0         Tower Z translation velocity, node 6, m/s
         85   -1.846E-03                                 F               0         Tower X translation velocity, node 7, m/s
         86    1.359E-06                                 F               0         Tower Y translation velocity, node 7, m/s
         87   -8.235E-03                                 F               0         Tower Z translation velocity, node 7, m/s
         88   -1.720E-03                                 F               0         Tower X translation velocity, node 8, m/s
         89    2.096E-06                                 F               0         Tower Y translation velocity, node 8, m/s
         90   -8.238E-03                                 F               0         Tower Z translation velocity, node 8, m/s
         91   -1.581E-03                                 F               0         Tower X translation velocity, node 9, m/s
         92    2.925E-06                                 F               0         Tower Y translation velocity, node 9, m/s
         93   -8.241E-03                                 F               0         Tower Z translation velocity, node 9, m/s
         94   -1.433E-03                                 F               0         Tower X translation velocity, node 10, m/s
         95    3.822E-06                                 F               0         Tower Y translation velocity, node 10, m/s
         96   -8.245E-03                                 F               0         Tower Z translation velocity, node 10, m/s
         97   -1.280E-03                                 F               0         Tower X translation velocity, node 11, m/s
         98    4.765E-06                                 F               0         Tower Y translation velocity, node 11, m/s
         99   -8.248E-03                                 F               0         Tower Z translation velocity, node 11, m/s
        100    1.139E+01                                 F               0         Hub X translation displacement, node 1, m
        101   -7.100E+00                                 F               0         Hub Y translation displacement, node 1, m
        102   -7.796E-03                                 F               0         Hub Z translation displacement, node 1, m
        103    9.918E-01,  1.215E-02, -1.270E-01         F               0         Hub X orientation angle, node 1, rad
        104   -3.697E-02,  9.801E-01, -1.949E-01         F               0         Hub Y orientation angle, node 1, rad
        105    1.221E-01,  1.980E-01,  9.726E-01         F               0         Hub Z orientation angle, node 1, rad
        106    8.864E-01                                 F               0         Hub X rotation velocity, node 1, rad/s
        107    1.087E-02                                 F               0         Hub Y rotation velocity, node 1, rad/s
        108   -1.135E-01                                 F               0         Hub Z rotation velocity, node 1, rad/s
        109    9.925E-01, -1.694E-02, -1.212E-01         F               0         Blade root 1 X orientation angle, node 1, rad
        110   -7.528E-03,  9.801E-01, -1.986E-01         F               0         Blade root 1 Y orientation angle, node 1, rad
        111    1.221E-01,  1.980E-01,  9.726E-01         F               0         Blade root 1 Z orientation angle, node 1, rad
        112    9.877E-01,  2.159E-02, -1.549E-01         F               0         Blade root 2 X orientation angle, node 1, rad
        113    1.536E-01, -3.181E-01,  9.355E-01         F               0         Blade root 2 Y orientation angle, node 1, rad
        114   -2.906E-02, -9.478E-01, -3.175E-01         F               0         Blade root 2 Z orientation angle, node 1, rad
        115    9.940E-01,  3.177E-02, -1.049E-01         F               0         Blade root 3 X orientation angle, node 1, rad
        116   -5.783E-02, -6.609E-01, -7.482E-01         F               0         Blade root 3 Y orientation angle, node 1, rad
        117   -9.309E-02,  7.498E-01, -6.551E-01         F               0         Blade root 3 Z orientation angle, node 1, rad
        118    1.149E+01                                 F               0         Blade 1 X translation displacement, node 1, m
        119   -6.003E+00                                 F               0         Blade 1 Y translation displacement, node 1, m
        120   -1.295E-01                                 F               0         Blade 1 Z translation displacement, node 1, m
        121    1.151E+01                                 F               0         Blade 1 X translation displacement, node 2, m
        122   -5.738E+00                                 F               0         Blade 1 Y translation displacement, node 2, m
        123   -1.588E-01                                 F               0         Blade 1 Z translation displacement, node 2, m
        124    1.183E+01                                 F               0         Blade 1 X translation displacement, node 3, m
        125   -2.144E+00                                 F               0         Blade 1 Y translation displacement, node 3, m
        126   -5.575E-01                                 F               0         Blade 1 Z translation displacement, node 3, m
        127    1.190E+01                                 F               0         Blade 1 X translation displacement, node 4, m
        128   -1.378E+00                                 F               0         Blade 1 Y translation displacement, node 4, m
        129   -6.425E-01                                 F               0         Blade 1 Z translation displacement, node 4, m
        130    1.197E+01                                 F               0         Blade 1 X translation displacement, node 5, m
        131   -6.120E-01                                 F               0         Blade 1 Y translation displacement, node 5, m
        132   -7.274E-01                                 F               0         Blade 1 Z translation displacement, node 5, m
        133    1.204E+01                                 F               0         Blade 1 X translation displacement, node 6, m
        134    1.538E-01                                 F               0         Blade 1 Y translation displacement, node 6, m
        135   -8.124E-01                                 F               0         Blade 1 Z translation displacement, node 6, m
        136    1.211E+01                                 F               0         Blade 1 X translation displacement, node 7, m
        137    9.197E-01                                 F               0         Blade 1 Y translation displacement, node 7, m
        138   -8.973E-01                                 F               0         Blade 1 Z translation displacement, node 7, m
        139    1.217E+01                                 F               0         Blade 1 X translation displacement, node 8, m
        140    1.686E+00                                 F               0         Blade 1 Y translation displacement, node 8, m
        141   -9.823E-01                                 F               0         Blade 1 Z translation displacement, node 8, m
        142    1.224E+01                                 F               0         Blade 1 X translation displacement, node 9, m
        143    2.451E+00                                 F               0         Blade 1 Y translation displacement, node 9, m
        144   -1.067E+00                                 F               0         Blade 1 Z translation displacement, node 9, m
        145    1.231E+01                                 F               0         Blade 1 X translation displacement, node 10, m
        146    3.217E+00                                 F               0         Blade 1 Y translation displacement, node 10, m
        147   -1.152E+00                                 F               0         Blade 1 Z translation displacement, node 10, m
        148    1.238E+01                                 F               0         Blade 1 X translation displacement, node 11, m
        149    3.983E+00                                 F               0         Blade 1 Y translation displacement, node 11, m
        150   -1.237E+00                                 F               0         Blade 1 Z translation displacement, node 11, m
        151    1.245E+01                                 F               0         Blade 1 X translation displacement, node 12, m
        152    4.749E+00                                 F               0         Blade 1 Y translation displacement, node 12, m
        153   -1.322E+00                                 F               0         Blade 1 Z translation displacement, node 12, m
        154    1.252E+01                                 F               0         Blade 1 X translation displacement, node 13, m
        155    5.515E+00                                 F               0         Blade 1 Y translation displacement, node 13, m
        156   -1.407E+00                                 F               0         Blade 1 Z translation displacement, node 13, m
        157    1.258E+01                                 F               0         Blade 1 X translation displacement, node 14, m
        158    6.281E+00                                 F               0         Blade 1 Y translation displacement, node 14, m
        159   -1.492E+00                                 F               0         Blade 1 Z translation displacement, node 14, m
        160    1.265E+01                                 F               0         Blade 1 X translation displacement, node 15, m
        161    7.047E+00                                 F               0         Blade 1 Y translation displacement, node 15, m
        162   -1.577E+00                                 F               0         Blade 1 Z translation displacement, node 15, m
        163    1.272E+01                                 F               0         Blade 1 X translation displacement, node 16, m
        164    7.813E+00                                 F               0         Blade 1 Y translation displacement, node 16, m
        165   -1.662E+00                                 F               0         Blade 1 Z translation displacement, node 16, m
        166    1.279E+01                                 F               0         Blade 1 X translation displacement, node 17, m
        167    8.579E+00                                 F               0         Blade 1 Y translation displacement, node 17, m
        168   -1.747E+00                                 F               0         Blade 1 Z translation displacement, node 17, m
        169    1.286E+01                                 F               0         Blade 1 X translation displacement, node 18, m
        170    9.344E+00                                 F               0         Blade 1 Y translation displacement, node 18, m
        171   -1.832E+00                                 F               0         Blade 1 Z translation displacement, node 18, m
        172    1.292E+01                                 F               0         Blade 1 X translation displacement, node 19, m
        173    1.011E+01                                 F               0         Blade 1 Y translation displacement, node 19, m
        174   -1.917E+00                                 F               0         Blade 1 Z translation displacement, node 19, m
        175    1.299E+01                                 F               0         Blade 1 X translation displacement, node 20, m
        176    1.088E+01                                 F               0         Blade 1 Y translation displacement, node 20, m
        177   -2.002E+00                                 F               0         Blade 1 Z translation displacement, node 20, m
        178    1.306E+01                                 F               0         Blade 1 X translation displacement, node 21, m
        179    1.164E+01                                 F               0         Blade 1 Y translation displacement, node 21, m
        180   -2.087E+00                                 F               0         Blade 1 Z translation displacement, node 21, m
        181    1.313E+01                                 F               0         Blade 1 X translation displacement, node 22, m
        182    1.241E+01                                 F               0         Blade 1 Y translation displacement, node 22, m
        183   -2.172E+00                                 F               0         Blade 1 Z translation displacement, node 22, m
        184    1.320E+01                                 F               0         Blade 1 X translation displacement, node 23, m
        185    1.317E+01                                 F               0         Blade 1 Y translation displacement, node 23, m
        186   -2.257E+00                                 F               0         Blade 1 Z translation displacement, node 23, m
        187    1.326E+01                                 F               0         Blade 1 X translation displacement, node 24, m
        188    1.394E+01                                 F               0         Blade 1 Y translation displacement, node 24, m
        189   -2.341E+00                                 F               0         Blade 1 Z translation displacement, node 24, m
        190    1.333E+01                                 F               0         Blade 1 X translation displacement, node 25, m
        191    1.471E+01                                 F               0         Blade 1 Y translation displacement, node 25, m
        192   -2.426E+00                                 F               0         Blade 1 Z translation displacement, node 25, m
        193    1.340E+01                                 F               0         Blade 1 X translation displacement, node 26, m
        194    1.547E+01                                 F               0         Blade 1 Y translation displacement, node 26, m
        195   -2.511E+00                                 F               0         Blade 1 Z translation displacement, node 26, m
        196    1.347E+01                                 F               0         Blade 1 X translation displacement, node 27, m
        197    1.624E+01                                 F               0         Blade 1 Y translation displacement, node 27, m
        198   -2.596E+00                                 F               0         Blade 1 Z translation displacement, node 27, m
        199    1.353E+01                                 F               0         Blade 1 X translation displacement, node 28, m
        200    1.689E+01                                 F               0         Blade 1 Y translation displacement, node 28, m
        201   -2.668E+00                                 F               0         Blade 1 Z translation displacement, node 28, m
        202    8.867E-01, -4.620E-01, -1.730E-02         F               0         Blade 1 X orientation angle, node 1, rad
        203    4.459E-01,  8.645E-01, -2.320E-01         F               0         Blade 1 Y orientation angle, node 1, rad
        204    1.221E-01,  1.980E-01,  9.726E-01         F               0         Blade 1 Z orientation angle, node 1, rad
        205    8.867E-01, -4.620E-01, -1.730E-02         F               0         Blade 1 X orientation angle, node 2, rad
        206    4.459E-01,  8.645E-01, -2.320E-01         F               0         Blade 1 Y orientation angle, node 2, rad
        207    1.221E-01,  1.980E-01,  9.726E-01         F               0         Blade 1 Z orientation angle, node 2, rad
        208    9.671E-01, -2.439E-01, -7.180E-02         F               0         Blade 1 X orientation angle, node 3, rad
        209    2.230E-01,  9.494E-01, -2.213E-01         F               0         Blade 1 Y orientation angle, node 3, rad
        210    1.221E-01,  1.980E-01,  9.726E-01         F               0         Blade 1 Z orientation angle, node 3, rad
        211    9.757E-01, -2.036E-01, -8.108E-02         F               0         Blade 1 X orientation angle, node 4, rad
        212    1.820E-01,  9.588E-01, -2.181E-01         F               0         Blade 1 Y orientation angle, node 4, rad
        213    1.221E-01,  1.980E-01,  9.726E-01         F               0         Blade 1 Z orientation angle, node 4, rad
        214    9.812E-01, -1.717E-01, -8.826E-02         F               0         Blade 1 X orientation angle, node 5, rad
        215    1.495E-01,  9.650E-01, -2.153E-01         F               0         Blade 1 Y orientation angle, node 5, rad
        216    1.221E-01,  1.980E-01,  9.726E-01         F               0         Blade 1 Z orientation angle, node 5, rad
        217    9.848E-01, -1.461E-01, -9.394E-02         F               0         Blade 1 X orientation angle, node 6, rad
        218    1.235E-01,  9.693E-01, -2.129E-01         F               0         Blade 1 Y orientation angle, node 6, rad
        219    1.221E-01,  1.980E-01,  9.726E-01         F               0         Blade 1 Z orientation angle, node 6, rad
        220    9.873E-01, -1.249E-01, -9.856E-02         F               0         Blade 1 X orientation angle, node 7, rad
        221    1.019E-01,  9.722E-01, -2.108E-01         F               0         Blade 1 Y orientation angle, node 7, rad
        222    1.221E-01,  1.980E-01,  9.726E-01         F               0         Blade 1 Z orientation angle, node 7, rad
        223    9.890E-01, -1.072E-01, -1.024E-01         F               0         Blade 1 X orientation angle, node 8, rad
        224    8.401E-02,  9.743E-01, -2.089E-01         F               0         Blade 1 Y orientation angle, node 8, rad
        225    1.221E-01,  1.980E-01,  9.726E-01         F               0         Blade 1 Z orientation angle, node 8, rad
        226    9.901E-01, -9.225E-02, -1.056E-01         F               0         Blade 1 X orientation angle, node 9, rad
        227    6.881E-02,  9.758E-01, -2.073E-01         F               0         Blade 1 Y orientation angle, node 9, rad
        228    1.221E-01,  1.980E-01,  9.726E-01         F               0         Blade 1 Z orientation angle, node 9, rad
        229    9.909E-01, -7.929E-02, -1.083E-01         F               0         Blade 1 X orientation angle, node 10, rad
        230    5.567E-02,  9.770E-01, -2.059E-01         F               0         Blade 1 Y orientation angle, node 10, rad
        231    1.221E-01,  1.980E-01,  9.726E-01         F               0         Blade 1 Z orientation angle, node 10, rad
        232    9.915E-01, -6.821E-02, -1.106E-01         F               0         Blade 1 X orientation angle, node 11, rad
        233    4.443E-02,  9.778E-01, -2.047E-01         F               0         Blade 1 Y orientation angle, node 11, rad
        234    1.221E-01,  1.980E-01,  9.726E-01         F               0         Blade 1 Z orientation angle, node 11, rad
        235    9.919E-01, -5.847E-02, -1.127E-01         F               0         Blade 1 X orientation angle, node 12, rad
        236    3.456E-02,  9.785E-01, -2.036E-01         F               0         Blade 1 Y orientation angle, node 12, rad
        237    1.221E-01,  1.980E-01,  9.726E-01         F               0         Blade 1 Z orientation angle, node 12, rad
        238    9.922E-01, -4.993E-02, -1.144E-01         F               0         Blade 1 X orientation angle, node 13, rad
        239    2.590E-02,  9.789E-01, -2.026E-01         F               0         Blade 1 Y orientation angle, node 13, rad
        240    1.221E-01,  1.980E-01,  9.726E-01         F               0         Blade 1 Z orientation angle, node 13, rad
        241    9.923E-01, -4.224E-02, -1.160E-01         F               0         Blade 1 X orientation angle, node 14, rad
        242    1.811E-02,  9.793E-01, -2.017E-01         F               0         Blade 1 Y orientation angle, node 14, rad
        243    1.221E-01,  1.980E-01,  9.726E-01         F               0         Blade 1 Z orientation angle, node 14, rad
        244    9.924E-01, -3.541E-02, -1.174E-01         F               0         Blade 1 X orientation angle, node 15, rad
        245    1.118E-02,  9.796E-01, -2.009E-01         F               0         Blade 1 Y orientation angle, node 15, rad
        246    1.221E-01,  1.980E-01,  9.726E-01         F               0         Blade 1 Z orientation angle, node 15, rad
        247    9.925E-01, -2.925E-02, -1.187E-01         F               0         Blade 1 X orientation angle, node 16, rad
        248    4.944E-03,  9.798E-01, -2.001E-01         F               0         Blade 1 Y orientation angle, node 16, rad
        249    1.221E-01,  1.980E-01,  9.726E-01         F               0         Blade 1 Z orientation angle, node 16, rad
        250    9.925E-01, -2.378E-02, -1.198E-01         F               0         Blade 1 X orientation angle, node 17, rad
        251   -5.988E-04,  9.799E-01, -1.994E-01         F               0         Blade 1 Y orientation angle, node 17, rad
        252    1.221E-01,  1.980E-01,  9.726E-01         F               0         Blade 1 Z orientation angle, node 17, rad
        253    9.925E-01, -1.865E-02, -1.209E-01         F               0         Blade 1 X orientation angle, node 18, rad
        254   -5.796E-03,  9.800E-01, -1.988E-01         F               0         Blade 1 Y orientation angle, node 18, rad
        255    1.221E-01,  1.980E-01,  9.726E-01         F               0         Blade 1 Z orientation angle, node 18, rad
        256    9.925E-01, -1.403E-02, -1.218E-01         F               0         Blade 1 X orientation angle, node 19, rad
        257   -1.047E-02,  9.801E-01, -1.982E-01         F               0         Blade 1 Y orientation angle, node 19, rad
        258    1.221E-01,  1.980E-01,  9.726E-01         F               0         Blade 1 Z orientation angle, node 19, rad
        259    9.924E-01, -9.923E-03, -1.226E-01         F               0         Blade 1 X orientation angle, node 20, rad
        260   -1.463E-02,  9.801E-01, -1.977E-01         F               0         Blade 1 Y orientation angle, node 20, rad
        261    1.221E-01,  1.980E-01,  9.726E-01         F               0         Blade 1 Z orientation angle, node 20, rad
        262    9.923E-01, -5.989E-03, -1.234E-01         F               0         Blade 1 X orientation angle, node 21, rad
        263   -1.861E-02,  9.802E-01, -1.972E-01         F               0         Blade 1 Y orientation angle, node 21, rad
        264    1.221E-01,  1.980E-01,  9.726E-01         F               0         Blade 1 Z orientation angle, node 21, rad
        265    9.923E-01, -2.396E-03, -1.241E-01         F               0         Blade 1 X orientation angle, node 22, rad
        266   -2.225E-02,  9.802E-01, -1.968E-01         F               0         Blade 1 Y orientation angle, node 22, rad
        267    1.221E-01,  1.980E-01,  9.726E-01         F               0         Blade 1 Z orientation angle, node 22, rad
        268    9.922E-01,  8.543E-04, -1.248E-01         F               0         Blade 1 X orientation angle, node 23, rad
        269   -2.554E-02,  9.802E-01, -1.964E-01         F               0         Blade 1 Y orientation angle, node 23, rad
        270    1.221E-01,  1.980E-01,  9.726E-01         F               0         Blade 1 Z orientation angle, node 23, rad
        271    9.921E-01,  3.934E-03, -1.254E-01         F               0         Blade 1 X orientation angle, node 24, rad
        272   -2.866E-02,  9.802E-01, -1.960E-01         F               0         Blade 1 Y orientation angle, node 24, rad
        273    1.221E-01,  1.980E-01,  9.726E-01         F               0         Blade 1 Z orientation angle, node 24, rad
        274    9.920E-01,  6.842E-03, -1.260E-01         F               0         Blade 1 X orientation angle, node 25, rad
        275   -3.160E-02,  9.802E-01, -1.956E-01         F               0         Blade 1 Y orientation angle, node 25, rad
        276    1.221E-01,  1.980E-01,  9.726E-01         F               0         Blade 1 Z orientation angle, node 25, rad
        277    9.919E-01,  9.408E-03, -1.265E-01         F               0         Blade 1 X orientation angle, node 26, rad
        278   -3.420E-02,  9.802E-01, -1.953E-01         F               0         Blade 1 Y orientation angle, node 26, rad
        279    1.221E-01,  1.980E-01,  9.726E-01         F               0         Blade 1 Z orientation angle, node 26, rad
        280    9.918E-01,  1.197E-02, -1.270E-01         F               0         Blade 1 X orientation angle, node 27, rad
        281   -3.679E-02,  9.801E-01, -1.949E-01         F               0         Blade 1 Y orientation angle, node 27, rad
        282    1.221E-01,  1.980E-01,  9.726E-01         F               0         Blade 1 Z orientation angle, node 27, rad
        283    9.918E-01,  1.334E-02, -1.273E-01         F               0         Blade 1 X orientation angle, node 28, rad
        284   -3.818E-02,  9.801E-01, -1.948E-01         F               0         Blade 1 Y orientation angle, node 28, rad
        285    1.221E-01,  1.980E-01,  9.726E-01         F               0         Blade 1 Z orientation angle, node 28, rad
        286    1.819E-01                                 F               0         Blade 1 X translation velocity, node 1, m/s
        287   -4.853E+00                                 F               0         Blade 1 Y translation velocity, node 1, m/s
        288    9.569E-01                                 F               0         Blade 1 Z translation velocity, node 1, m/s
        289    2.260E-01                                 F               0         Blade 1 X translation velocity, node 2, m/s
        290   -6.022E+00                                 F               0         Blade 1 Y translation velocity, node 2, m/s
        291    1.189E+00                                 F               0         Blade 1 Z translation velocity, node 2, m/s
        292    8.260E-01                                 F               0         Blade 1 X translation velocity, node 3, m/s
        293   -2.192E+01                                 F               0         Blade 1 Y translation velocity, node 3, m/s
        294    4.352E+00                                 F               0         Blade 1 Z translation velocity, node 3, m/s
        295    9.538E-01                                 F               0         Blade 1 X translation velocity, node 4, m/s
        296   -2.531E+01                                 F               0         Blade 1 Y translation velocity, node 4, m/s
        297    5.025E+00                                 F               0         Blade 1 Z translation velocity, node 4, m/s
        298    1.082E+00                                 F               0         Blade 1 X translation velocity, node 5, m/s
        299   -2.870E+01                                 F               0         Blade 1 Y translation velocity, node 5, m/s
        300    5.699E+00                                 F               0         Blade 1 Z translation velocity, node 5, m/s
        301    1.209E+00                                 F               0         Blade 1 X translation velocity, node 6, m/s
        302   -3.209E+01                                 F               0         Blade 1 Y translation velocity, node 6, m/s
        303    6.373E+00                                 F               0         Blade 1 Z translation velocity, node 6, m/s
        304    1.337E+00                                 F               0         Blade 1 X translation velocity, node 7, m/s
        305   -3.547E+01                                 F               0         Blade 1 Y translation velocity, node 7, m/s
        306    7.047E+00                                 F               0         Blade 1 Z translation velocity, node 7, m/s
        307    1.465E+00                                 F               0         Blade 1 X translation velocity, node 8, m/s
