
Linearized model: Predictions were generated on 31-Jan-2024 at 12:35:17 using OpenFAST, compiled as a 64-bit application using single precision at commit v3.5.1
 linked with  NWTC Subroutine Library; ElastoDyn; InflowWind; AeroDyn; ServoDyn; HydroDyn; MAP++ (<1.20.10>, <Oct-20-2023>)

Description from the FAST input file: CCT-9 Campign 4 model. Input files to be run with OpenFAST 3.5.0. GitHub branch from Lu Wang (https://github.com/luwang00/openfast/tree/dev) compiled on March 7, 2023.

Simulation information:
   Simulation time:                   502.7250 s
   Rotor Speed:                         0.8938 rad/s
   Azimuth:                             3.1814 rad
   Wind Speed:                         10.0000 m/s
   Number of continuous states:         0
   Number of discrete states:           0
   Number of constraint states:         0
   Number of inputs:                 1746
   Number of outputs:                   4
   Jacobians included in this file?    No

Order of inputs:
     Column   Operating Point                     Rotating Frame? Derivative Order Description
   ---------- ---------------                     --------------- ---------------- -----------
          1    8.515E+00                                 F               0         Tower X translation displacement, node 1, m
          2   -1.355E+00                                 F               0         Tower Y translation displacement, node 1, m
          3   -7.641E-02                                 F               0         Tower Z translation displacement, node 1, m
          4    8.752E+00                                 F               0         Tower X translation displacement, node 2, m
          5   -1.887E+00                                 F               0         Tower Y translation displacement, node 2, m
          6   -9.017E-02                                 F               0         Tower Z translation displacement, node 2, m
          7    9.001E+00                                 F               0         Tower X translation displacement, node 3, m
          8   -2.420E+00                                 F               0         Tower Y translation displacement, node 3, m
          9   -1.042E-01                                 F               0         Tower Z translation displacement, node 3, m
         10    9.261E+00                                 F               0         Tower X translation displacement, node 4, m
         11   -2.952E+00                                 F               0         Tower Y translation displacement, node 4, m
         12   -1.184E-01                                 F               0         Tower Z translation displacement, node 4, m
         13    9.529E+00                                 F               0         Tower X translation displacement, node 5, m
         14   -3.485E+00                                 F               0         Tower Y translation displacement, node 5, m
         15   -1.328E-01                                 F               0         Tower Z translation displacement, node 5, m
         16    9.802E+00                                 F               0         Tower X translation displacement, node 6, m
         17   -4.017E+00                                 F               0         Tower Y translation displacement, node 6, m
         18   -1.473E-01                                 F               0         Tower Z translation displacement, node 6, m
         19    1.008E+01                                 F               0         Tower X translation displacement, node 7, m
         20   -4.549E+00                                 F               0         Tower Y translation displacement, node 7, m
         21   -1.619E-01                                 F               0         Tower Z translation displacement, node 7, m
         22    1.036E+01                                 F               0         Tower X translation displacement, node 8, m
         23   -5.082E+00                                 F               0         Tower Y translation displacement, node 8, m
         24   -1.765E-01                                 F               0         Tower Z translation displacement, node 8, m
         25    1.064E+01                                 F               0         Tower X translation displacement, node 9, m
         26   -5.614E+00                                 F               0         Tower Y translation displacement, node 9, m
         27   -1.913E-01                                 F               0         Tower Z translation displacement, node 9, m
         28    1.093E+01                                 F               0         Tower X translation displacement, node 10, m
         29   -6.146E+00                                 F               0         Tower Y translation displacement, node 10, m
         30   -2.060E-01                                 F               0         Tower Z translation displacement, node 10, m
         31    1.121E+01                                 F               0         Tower X translation displacement, node 11, m
         32   -6.679E+00                                 F               0         Tower Y translation displacement, node 11, m
         33   -2.208E-01                                 F               0         Tower Z translation displacement, node 11, m
         34    9.998E-01,  7.487E-03, -1.841E-02         F               0         Tower X orientation angle, node 1, rad
         35   -6.684E-03,  9.990E-01,  4.325E-02         F               0         Tower Y orientation angle, node 1, rad
         36    1.872E-02, -4.312E-02,  9.989E-01         F               0         Tower Z orientation angle, node 1, rad
         37    9.998E-01,  7.530E-03, -1.943E-02         F               0         Tower X orientation angle, node 2, rad
         38   -6.684E-03,  9.990E-01,  4.325E-02         F               0         Tower Y orientation angle, node 2, rad
         39    1.974E-02, -4.311E-02,  9.989E-01         F               0         Tower Z orientation angle, node 2, rad
         40    9.998E-01,  7.568E-03, -2.030E-02         F               0         Tower X orientation angle, node 3, rad
         41   -6.684E-03,  9.990E-01,  4.325E-02         F               0         Tower Y orientation angle, node 3, rad
         42    2.061E-02, -4.310E-02,  9.989E-01         F               0         Tower Z orientation angle, node 3, rad
         43    9.998E-01,  7.599E-03, -2.102E-02         F               0         Tower X orientation angle, node 4, rad
         44   -6.684E-03,  9.990E-01,  4.325E-02         F               0         Tower Y orientation angle, node 4, rad
         45    2.133E-02, -4.310E-02,  9.988E-01         F               0         Tower Z orientation angle, node 4, rad
         46    9.997E-01,  7.623E-03, -2.159E-02         F               0         Tower X orientation angle, node 5, rad
         47   -6.684E-03,  9.990E-01,  4.325E-02         F               0         Tower Y orientation angle, node 5, rad
         48    2.190E-02, -4.309E-02,  9.988E-01         F               0         Tower Z orientation angle, node 5, rad
         49    9.997E-01,  7.642E-03, -2.202E-02         F               0         Tower X orientation angle, node 6, rad
         50   -6.684E-03,  9.990E-01,  4.325E-02         F               0         Tower Y orientation angle, node 6, rad
         51    2.233E-02, -4.309E-02,  9.988E-01         F               0         Tower Z orientation angle, node 6, rad
         52    9.997E-01,  7.655E-03, -2.232E-02         F               0         Tower X orientation angle, node 7, rad
         53   -6.684E-03,  9.990E-01,  4.325E-02         F               0         Tower Y orientation angle, node 7, rad
         54    2.263E-02, -4.309E-02,  9.988E-01         F               0         Tower Z orientation angle, node 7, rad
         55    9.997E-01,  7.664E-03, -2.253E-02         F               0         Tower X orientation angle, node 8, rad
         56   -6.684E-03,  9.990E-01,  4.325E-02         F               0         Tower Y orientation angle, node 8, rad
         57    2.284E-02, -4.308E-02,  9.988E-01         F               0         Tower Z orientation angle, node 8, rad
         58    9.997E-01,  7.670E-03, -2.266E-02         F               0         Tower X orientation angle, node 9, rad
         59   -6.684E-03,  9.990E-01,  4.325E-02         F               0         Tower Y orientation angle, node 9, rad
         60    2.297E-02, -4.308E-02,  9.988E-01         F               0         Tower Z orientation angle, node 9, rad
         61    9.997E-01,  7.672E-03, -2.272E-02         F               0         Tower X orientation angle, node 10, rad
         62   -6.684E-03,  9.990E-01,  4.325E-02         F               0         Tower Y orientation angle, node 10, rad
         63    2.303E-02, -4.308E-02,  9.988E-01         F               0         Tower Z orientation angle, node 10, rad
         64    9.997E-01,  7.674E-03, -2.275E-02         F               0         Tower X orientation angle, node 11, rad
         65   -6.684E-03,  9.990E-01,  4.325E-02         F               0         Tower Y orientation angle, node 11, rad
         66    2.306E-02, -4.308E-02,  9.988E-01         F               0         Tower Z orientation angle, node 11, rad
         67   -8.146E-04                                 F               0         Tower X translation velocity, node 1, m/s
         68    1.274E-06                                 F               0         Tower Y translation velocity, node 1, m/s
         69   -5.060E-03                                 F               0         Tower Z translation velocity, node 1, m/s
         70   -8.228E-04                                 F               0         Tower X translation velocity, node 2, m/s
         71    2.076E-06                                 F               0         Tower Y translation velocity, node 2, m/s
         72   -5.060E-03                                 F               0         Tower Z translation velocity, node 2, m/s
         73   -8.576E-04                                 F               0         Tower X translation velocity, node 3, m/s
         74    2.725E-06                                 F               0         Tower Y translation velocity, node 3, m/s
         75   -5.059E-03                                 F               0         Tower Z translation velocity, node 3, m/s
         76   -9.143E-04                                 F               0         Tower X translation velocity, node 4, m/s
         77    3.244E-06                                 F               0         Tower Y translation velocity, node 4, m/s
         78   -5.058E-03                                 F               0         Tower Z translation velocity, node 4, m/s
         79   -9.910E-04                                 F               0         Tower X translation velocity, node 5, m/s
         80    3.637E-06                                 F               0         Tower Y translation velocity, node 5, m/s
         81   -5.056E-03                                 F               0         Tower Z translation velocity, node 5, m/s
         82   -1.086E-03                                 F               0         Tower X translation velocity, node 6, m/s
         83    3.916E-06                                 F               0         Tower Y translation velocity, node 6, m/s
         84   -5.054E-03                                 F               0         Tower Z translation velocity, node 6, m/s
         85   -1.194E-03                                 F               0         Tower X translation velocity, node 7, m/s
         86    4.098E-06                                 F               0         Tower Y translation velocity, node 7, m/s
         87   -5.052E-03                                 F               0         Tower Z translation velocity, node 7, m/s
         88   -1.317E-03                                 F               0         Tower X translation velocity, node 8, m/s
         89    4.189E-06                                 F               0         Tower Y translation velocity, node 8, m/s
         90   -5.049E-03                                 F               0         Tower Z translation velocity, node 8, m/s
         91   -1.449E-03                                 F               0         Tower X translation velocity, node 9, m/s
         92    4.206E-06                                 F               0         Tower Y translation velocity, node 9, m/s
         93   -5.046E-03                                 F               0         Tower Z translation velocity, node 9, m/s
         94   -1.590E-03                                 F               0         Tower X translation velocity, node 10, m/s
         95    4.166E-06                                 F               0         Tower Y translation velocity, node 10, m/s
         96   -5.043E-03                                 F               0         Tower Z translation velocity, node 10, m/s
         97   -1.736E-03                                 F               0         Tower X translation velocity, node 11, m/s
         98    4.090E-06                                 F               0         Tower Y translation velocity, node 11, m/s
         99   -5.039E-03                                 F               0         Tower Z translation velocity, node 11, m/s
        100    1.140E+01                                 F               0         Hub X translation displacement, node 1, m
        101   -7.100E+00                                 F               0         Hub Y translation displacement, node 1, m
        102    1.561E-02                                 F               0         Hub Z translation displacement, node 1, m
        103    9.918E-01,  1.214E-02, -1.270E-01         F               0         Hub X orientation angle, node 1, rad
        104    1.608E-03, -9.966E-01, -8.265E-02         F               0         Hub Y orientation angle, node 1, rad
        105   -1.276E-01,  8.177E-02, -9.884E-01         F               0         Hub Z orientation angle, node 1, rad
        106    8.865E-01                                 F               0         Hub X rotation velocity, node 1, rad/s
        107    1.083E-02                                 F               0         Hub Y rotation velocity, node 1, rad/s
        108   -1.135E-01                                 F               0         Hub Z rotation velocity, node 1, rad/s
        109    9.913E-01,  4.169E-02, -1.245E-01         F               0         Blade root 1 X orientation angle, node 1, rad
        110    3.103E-02, -9.958E-01, -8.638E-02         F               0         Blade root 1 Y orientation angle, node 1, rad
        111   -1.276E-01,  8.177E-02, -9.884E-01         F               0         Blade root 1 Z orientation angle, node 1, rad
        112    9.947E-01, -4.753E-03, -1.028E-01         F               0         Blade root 2 X orientation angle, node 1, rad
        113   -8.184E-02,  5.692E-01, -8.181E-01         F               0         Blade root 2 Y orientation angle, node 1, rad
        114    6.241E-02,  8.222E-01,  5.658E-01         F               0         Blade root 2 Z orientation angle, node 1, rad
        115    9.881E-01, -5.518E-04, -1.536E-01         F               0         Blade root 3 X orientation angle, node 1, rad
        116    1.391E-01,  4.276E-01,  8.932E-01         F               0         Blade root 3 Y orientation angle, node 1, rad
        117    6.519E-02, -9.039E-01,  4.226E-01         F               0         Blade root 3 Z orientation angle, node 1, rad
        118    1.011E+01                                 F               0         Blade 1 X translation displacement, node 1, m
        119   -6.647E+00                                 F               0         Blade 1 Y translation displacement, node 1, m
        120   -1.097E+01                                 F               0         Blade 1 Z translation displacement, node 1, m
        121    9.802E+00                                 F               0         Blade 1 X translation displacement, node 2, m
        122   -6.538E+00                                 F               0         Blade 1 Y translation displacement, node 2, m
        123   -1.362E+01                                 F               0         Blade 1 Z translation displacement, node 2, m
        124    5.588E+00                                 F               0         Blade 1 X translation displacement, node 3, m
        125   -5.053E+00                                 F               0         Blade 1 Y translation displacement, node 3, m
        126   -4.961E+01                                 F               0         Blade 1 Z translation displacement, node 3, m
        127    4.690E+00                                 F               0         Blade 1 X translation displacement, node 4, m
        128   -4.737E+00                                 F               0         Blade 1 Y translation displacement, node 4, m
        129   -5.728E+01                                 F               0         Blade 1 Z translation displacement, node 4, m
        130    3.792E+00                                 F               0         Blade 1 X translation displacement, node 5, m
        131   -4.421E+00                                 F               0         Blade 1 Y translation displacement, node 5, m
        132   -6.495E+01                                 F               0         Blade 1 Z translation displacement, node 5, m
        133    2.895E+00                                 F               0         Blade 1 X translation displacement, node 6, m
        134   -4.104E+00                                 F               0         Blade 1 Y translation displacement, node 6, m
        135   -7.262E+01                                 F               0         Blade 1 Z translation displacement, node 6, m
        136    1.997E+00                                 F               0         Blade 1 X translation displacement, node 7, m
        137   -3.788E+00                                 F               0         Blade 1 Y translation displacement, node 7, m
        138   -8.029E+01                                 F               0         Blade 1 Z translation displacement, node 7, m
        139    1.099E+00                                 F               0         Blade 1 X translation displacement, node 8, m
        140   -3.472E+00                                 F               0         Blade 1 Y translation displacement, node 8, m
        141   -8.796E+01                                 F               0         Blade 1 Z translation displacement, node 8, m
        142    2.011E-01                                 F               0         Blade 1 X translation displacement, node 9, m
        143   -3.156E+00                                 F               0         Blade 1 Y translation displacement, node 9, m
        144   -9.563E+01                                 F               0         Blade 1 Z translation displacement, node 9, m
        145   -6.967E-01                                 F               0         Blade 1 X translation displacement, node 10, m
        146   -2.839E+00                                 F               0         Blade 1 Y translation displacement, node 10, m
        147   -1.033E+02                                 F               0         Blade 1 Z translation displacement, node 10, m
        148   -1.594E+00                                 F               0         Blade 1 X translation displacement, node 11, m
        149   -2.523E+00                                 F               0         Blade 1 Y translation displacement, node 11, m
        150   -1.110E+02                                 F               0         Blade 1 Z translation displacement, node 11, m
        151   -2.492E+00                                 F               0         Blade 1 X translation displacement, node 12, m
        152   -2.207E+00                                 F               0         Blade 1 Y translation displacement, node 12, m
        153   -1.186E+02                                 F               0         Blade 1 Z translation displacement, node 12, m
        154   -3.390E+00                                 F               0         Blade 1 X translation displacement, node 13, m
        155   -1.891E+00                                 F               0         Blade 1 Y translation displacement, node 13, m
        156   -1.263E+02                                 F               0         Blade 1 Z translation displacement, node 13, m
        157   -4.288E+00                                 F               0         Blade 1 X translation displacement, node 14, m
        158   -1.574E+00                                 F               0         Blade 1 Y translation displacement, node 14, m
        159   -1.340E+02                                 F               0         Blade 1 Z translation displacement, node 14, m
        160   -5.186E+00                                 F               0         Blade 1 X translation displacement, node 15, m
        161   -1.258E+00                                 F               0         Blade 1 Y translation displacement, node 15, m
        162   -1.416E+02                                 F               0         Blade 1 Z translation displacement, node 15, m
        163   -6.084E+00                                 F               0         Blade 1 X translation displacement, node 16, m
        164   -9.419E-01                                 F               0         Blade 1 Y translation displacement, node 16, m
        165   -1.493E+02                                 F               0         Blade 1 Z translation displacement, node 16, m
        166   -6.981E+00                                 F               0         Blade 1 X translation displacement, node 17, m
        167   -6.257E-01                                 F               0         Blade 1 Y translation displacement, node 17, m
        168   -1.570E+02                                 F               0         Blade 1 Z translation displacement, node 17, m
        169   -7.879E+00                                 F               0         Blade 1 X translation displacement, node 18, m
        170   -3.094E-01                                 F               0         Blade 1 Y translation displacement, node 18, m
        171   -1.647E+02                                 F               0         Blade 1 Z translation displacement, node 18, m
        172   -8.777E+00                                 F               0         Blade 1 X translation displacement, node 19, m
        173    6.873E-03                                 F               0         Blade 1 Y translation displacement, node 19, m
        174   -1.723E+02                                 F               0         Blade 1 Z translation displacement, node 19, m
        175   -9.675E+00                                 F               0         Blade 1 X translation displacement, node 20, m
        176    3.231E-01                                 F               0         Blade 1 Y translation displacement, node 20, m
        177   -1.800E+02                                 F               0         Blade 1 Z translation displacement, node 20, m
        178   -1.057E+01                                 F               0         Blade 1 X translation displacement, node 21, m
        179    6.394E-01                                 F               0         Blade 1 Y translation displacement, node 21, m
        180   -1.877E+02                                 F               0         Blade 1 Z translation displacement, node 21, m
        181   -1.147E+01                                 F               0         Blade 1 X translation displacement, node 22, m
        182    9.557E-01                                 F               0         Blade 1 Y translation displacement, node 22, m
        183   -1.953E+02                                 F               0         Blade 1 Z translation displacement, node 22, m
        184   -1.237E+01                                 F               0         Blade 1 X translation displacement, node 23, m
        185    1.272E+00                                 F               0         Blade 1 Y translation displacement, node 23, m
        186   -2.030E+02                                 F               0         Blade 1 Z translation displacement, node 23, m
        187   -1.327E+01                                 F               0         Blade 1 X translation displacement, node 24, m
        188    1.588E+00                                 F               0         Blade 1 Y translation displacement, node 24, m
        189   -2.107E+02                                 F               0         Blade 1 Z translation displacement, node 24, m
        190   -1.416E+01                                 F               0         Blade 1 X translation displacement, node 25, m
        191    1.904E+00                                 F               0         Blade 1 Y translation displacement, node 25, m
        192   -2.183E+02                                 F               0         Blade 1 Z translation displacement, node 25, m
        193   -1.506E+01                                 F               0         Blade 1 X translation displacement, node 26, m
        194    2.221E+00                                 F               0         Blade 1 Y translation displacement, node 26, m
        195   -2.260E+02                                 F               0         Blade 1 Z translation displacement, node 26, m
        196   -1.596E+01                                 F               0         Blade 1 X translation displacement, node 27, m
        197    2.537E+00                                 F               0         Blade 1 Y translation displacement, node 27, m
        198   -2.337E+02                                 F               0         Blade 1 Z translation displacement, node 27, m
        199   -1.672E+01                                 F               0         Blade 1 X translation displacement, node 28, m
        200    2.805E+00                                 F               0         Blade 1 Y translation displacement, node 28, m
        201   -2.402E+02                                 F               0         Blade 1 Z translation displacement, node 28, m
        202    8.681E-01,  4.912E-01, -7.143E-02         F               0         Blade 1 X orientation angle, node 1, rad
        203    4.797E-01, -8.672E-01, -1.337E-01         F               0         Blade 1 Y orientation angle, node 1, rad
        204   -1.276E-01,  8.177E-02, -9.884E-01         F               0         Blade 1 Z orientation angle, node 1, rad
        205    8.681E-01,  4.912E-01, -7.143E-02         F               0         Blade 1 X orientation angle, node 2, rad
        206    4.797E-01, -8.672E-01, -1.337E-01         F               0         Blade 1 Y orientation angle, node 2, rad
        207   -1.276E-01,  8.177E-02, -9.884E-01         F               0         Blade 1 Z orientation angle, node 2, rad
        208    9.571E-01,  2.717E-01, -1.011E-01         F               0         Blade 1 X orientation angle, node 3, rad
        209    2.603E-01, -9.589E-01, -1.129E-01         F               0         Blade 1 Y orientation angle, node 3, rad
        210   -1.276E-01,  8.177E-02, -9.884E-01         F               0         Blade 1 Z orientation angle, node 3, rad
        211    9.672E-01,  2.309E-01, -1.058E-01         F               0         Blade 1 X orientation angle, node 4, rad
        212    2.196E-01, -9.695E-01, -1.086E-01         F               0         Blade 1 Y orientation angle, node 4, rad
        213   -1.276E-01,  8.177E-02, -9.884E-01         F               0         Blade 1 Z orientation angle, node 4, rad
        214    9.740E-01,  1.987E-01, -1.093E-01         F               0         Blade 1 X orientation angle, node 5, rad
        215    1.874E-01, -9.767E-01, -1.050E-01         F               0         Blade 1 Y orientation angle, node 5, rad
        216   -1.276E-01,  8.177E-02, -9.884E-01         F               0         Blade 1 Z orientation angle, node 5, rad
        217    9.786E-01,  1.727E-01, -1.120E-01         F               0         Blade 1 X orientation angle, node 6, rad
        218    1.615E-01, -9.816E-01, -1.021E-01         F               0         Blade 1 Y orientation angle, node 6, rad
        219   -1.276E-01,  8.177E-02, -9.884E-01         F               0         Blade 1 Z orientation angle, node 6, rad
        220    9.819E-01,  1.512E-01, -1.142E-01         F               0         Blade 1 X orientation angle, node 7, rad
        221    1.401E-01, -9.851E-01, -9.958E-02         F               0         Blade 1 Y orientation angle, node 7, rad
        222   -1.276E-01,  8.177E-02, -9.884E-01         F               0         Blade 1 Z orientation angle, node 7, rad
        223    9.843E-01,  1.333E-01, -1.160E-01         F               0         Blade 1 X orientation angle, node 8, rad
        224    1.223E-01, -9.877E-01, -9.749E-02         F               0         Blade 1 Y orientation angle, node 8, rad
        225   -1.276E-01,  8.177E-02, -9.884E-01         F               0         Blade 1 Z orientation angle, node 8, rad
        226    9.860E-01,  1.181E-01, -1.175E-01         F               0         Blade 1 X orientation angle, node 9, rad
        227    1.072E-01, -9.896E-01, -9.570E-02         F               0         Blade 1 Y orientation angle, node 9, rad
        228   -1.276E-01,  8.177E-02, -9.884E-01         F               0         Blade 1 Z orientation angle, node 9, rad
        229    9.874E-01,  1.050E-01, -1.188E-01         F               0         Blade 1 X orientation angle, node 10, rad
        230    9.408E-02, -9.911E-01, -9.413E-02         F               0         Blade 1 Y orientation angle, node 10, rad
        231   -1.276E-01,  8.177E-02, -9.884E-01         F               0         Blade 1 Z orientation angle, node 10, rad
        232    9.884E-01,  9.375E-02, -1.198E-01         F               0         Blade 1 X orientation angle, node 11, rad
        233    8.287E-02, -9.922E-01, -9.278E-02         F               0         Blade 1 Y orientation angle, node 11, rad
        234   -1.276E-01,  8.177E-02, -9.884E-01         F               0         Blade 1 Z orientation angle, node 11, rad
        235    9.891E-01,  8.388E-02, -1.208E-01         F               0         Blade 1 X orientation angle, node 12, rad
        236    7.303E-02, -9.931E-01, -9.158E-02         F               0         Blade 1 Y orientation angle, node 12, rad
        237   -1.276E-01,  8.177E-02, -9.884E-01         F               0         Blade 1 Z orientation angle, node 12, rad
        238    9.897E-01,  7.521E-02, -1.215E-01         F               0         Blade 1 X orientation angle, node 13, rad
        239    6.440E-02, -9.938E-01, -9.053E-02         F               0         Blade 1 Y orientation angle, node 13, rad
        240   -1.276E-01,  8.177E-02, -9.884E-01         F               0         Blade 1 Z orientation angle, node 13, rad
        241    9.902E-01,  6.740E-02, -1.223E-01         F               0         Blade 1 X orientation angle, node 14, rad
        242    5.662E-02, -9.944E-01, -8.957E-02         F               0         Blade 1 Y orientation angle, node 14, rad
        243   -1.276E-01,  8.177E-02, -9.884E-01         F               0         Blade 1 Z orientation angle, node 14, rad
        244    9.906E-01,  6.046E-02, -1.229E-01         F               0         Blade 1 X orientation angle, node 15, rad
        245    4.971E-02, -9.948E-01, -8.871E-02         F               0         Blade 1 Y orientation angle, node 15, rad
        246   -1.276E-01,  8.177E-02, -9.884E-01         F               0         Blade 1 Z orientation angle, node 15, rad
        247    9.909E-01,  5.420E-02, -1.234E-01         F               0         Blade 1 X orientation angle, node 16, rad
        248    4.349E-02, -9.952E-01, -8.794E-02         F               0         Blade 1 Y orientation angle, node 16, rad
        249   -1.276E-01,  8.177E-02, -9.884E-01         F               0         Blade 1 Z orientation angle, node 16, rad
        250    9.911E-01,  4.865E-02, -1.239E-01         F               0         Blade 1 X orientation angle, node 17, rad
        251    3.795E-02, -9.955E-01, -8.725E-02         F               0         Blade 1 Y orientation angle, node 17, rad
        252   -1.276E-01,  8.177E-02, -9.884E-01         F               0         Blade 1 Z orientation angle, node 17, rad
        253    9.913E-01,  4.343E-02, -1.244E-01         F               0         Blade 1 X orientation angle, node 18, rad
        254    3.276E-02, -9.957E-01, -8.660E-02         F               0         Blade 1 Y orientation angle, node 18, rad
        255   -1.276E-01,  8.177E-02, -9.884E-01         F               0         Blade 1 Z orientation angle, node 18, rad
        256    9.914E-01,  3.874E-02, -1.248E-01         F               0         Blade 1 X orientation angle, node 19, rad
        257    2.809E-02, -9.959E-01, -8.601E-02         F               0         Blade 1 Y orientation angle, node 19, rad
        258   -1.276E-01,  8.177E-02, -9.884E-01         F               0         Blade 1 Z orientation angle, node 19, rad
        259    9.915E-01,  3.457E-02, -1.251E-01         F               0         Blade 1 X orientation angle, node 20, rad
        260    2.394E-02, -9.961E-01, -8.549E-02         F               0         Blade 1 Y orientation angle, node 20, rad
        261   -1.276E-01,  8.177E-02, -9.884E-01         F               0         Blade 1 Z orientation angle, node 20, rad
        262    9.916E-01,  3.057E-02, -1.255E-01         F               0         Blade 1 X orientation angle, node 21, rad
        263    1.996E-02, -9.962E-01, -8.498E-02         F               0         Blade 1 Y orientation angle, node 21, rad
        264   -1.276E-01,  8.177E-02, -9.884E-01         F               0         Blade 1 Z orientation angle, node 21, rad
        265    9.917E-01,  2.692E-02, -1.258E-01         F               0         Blade 1 X orientation angle, node 22, rad
        266    1.632E-02, -9.963E-01, -8.452E-02         F               0         Blade 1 Y orientation angle, node 22, rad
        267   -1.276E-01,  8.177E-02, -9.884E-01         F               0         Blade 1 Z orientation angle, node 22, rad
        268    9.917E-01,  2.361E-02, -1.261E-01         F               0         Blade 1 X orientation angle, node 23, rad
        269    1.303E-02, -9.964E-01, -8.411E-02         F               0         Blade 1 Y orientation angle, node 23, rad
        270   -1.276E-01,  8.177E-02, -9.884E-01         F               0         Blade 1 Z orientation angle, node 23, rad
        271    9.918E-01,  2.048E-02, -1.263E-01         F               0         Blade 1 X orientation angle, node 24, rad
        272    9.917E-03, -9.964E-01, -8.371E-02         F               0         Blade 1 Y orientation angle, node 24, rad
        273   -1.276E-01,  8.177E-02, -9.884E-01         F               0         Blade 1 Z orientation angle, node 24, rad
        274    9.918E-01,  1.753E-02, -1.266E-01         F               0         Blade 1 X orientation angle, node 25, rad
        275    6.974E-03, -9.965E-01, -8.333E-02         F               0         Blade 1 Y orientation angle, node 25, rad
        276   -1.276E-01,  8.177E-02, -9.884E-01         F               0         Blade 1 Z orientation angle, node 25, rad
        277    9.918E-01,  1.492E-02, -1.268E-01         F               0         Blade 1 X orientation angle, node 26, rad
        278    4.377E-03, -9.965E-01, -8.300E-02         F               0         Blade 1 Y orientation angle, node 26, rad
        279   -1.276E-01,  8.177E-02, -9.884E-01         F               0         Blade 1 Z orientation angle, node 26, rad
        280    9.918E-01,  1.231E-02, -1.270E-01         F               0         Blade 1 X orientation angle, node 27, rad
        281    1.781E-03, -9.966E-01, -8.267E-02         F               0         Blade 1 Y orientation angle, node 27, rad
        282   -1.276E-01,  8.177E-02, -9.884E-01         F               0         Blade 1 Z orientation angle, node 27, rad
        283    9.918E-01,  1.092E-02, -1.271E-01         F               0         Blade 1 X orientation angle, node 28, rad
        284    3.959E-04, -9.966E-01, -8.249E-02         F               0         Blade 1 Y orientation angle, node 28, rad
        285   -1.276E-01,  8.177E-02, -9.884E-01         F               0         Blade 1 Z orientation angle, node 28, rad
        286   -9.728E-03                                 F               0         Blade 1 X translation velocity, node 1, m/s
        287    4.935E+00                                 F               0         Blade 1 Y translation velocity, node 1, m/s
        288    4.041E-01                                 F               0         Blade 1 Z translation velocity, node 1, m/s
        289   -1.163E-02                                 F               0         Blade 1 X translation velocity, node 2, m/s
        290    6.124E+00                                 F               0         Blade 1 Y translation velocity, node 2, m/s
        291    5.027E-01                                 F               0         Blade 1 Z translation velocity, node 2, m/s
        292   -3.750E-02                                 F               0         Blade 1 X translation velocity, node 3, m/s
        293    2.229E+01                                 F               0         Blade 1 Y translation velocity, node 3, m/s
        294    1.844E+00                                 F               0         Blade 1 Z translation velocity, node 3, m/s
        295   -4.302E-02                                 F               0         Blade 1 X translation velocity, node 4, m/s
        296    2.574E+01                                 F               0         Blade 1 Y translation velocity, node 4, m/s
        297    2.129E+00                                 F               0         Blade 1 Z translation velocity, node 4, m/s
        298   -4.853E-02                                 F               0         Blade 1 X translation velocity, node 5, m/s
        299    2.918E+01                                 F               0         Blade 1 Y translation velocity, node 5, m/s
        300    2.415E+00                                 F               0         Blade 1 Z translation velocity, node 5, m/s
        301   -5.404E-02                                 F               0         Blade 1 X translation velocity, node 6, m/s
        302    3.263E+01                                 F               0         Blade 1 Y translation velocity, node 6, m/s
        303    2.701E+00                                 F               0         Blade 1 Z translation velocity, node 6, m/s
        304   -5.955E-02                                 F               0         Blade 1 X translation velocity, node 7, m/s
        305    3.607E+01                                 F               0         Blade 1 Y translation velocity, node 7, m/s
        306    2.987E+00                                 F               0         Blade 1 Z translation velocity, node 7, m/s
        307   -6.507E-02                                 F               0         Blade 1 X translation velocity, node 8, m/s
