
Linearized model: Predictions were generated on 06-Feb-2024 at 16:18:08 using OpenFAST, compiled as a 64-bit application using single precision at commit v3.5.1
 linked with  NWTC Subroutine Library; ElastoDyn; InflowWind; AeroDyn; ServoDyn; HydroDyn; MAP++ (<1.20.10>, <Oct-20-2023>)

Description from the FAST input file: CCT-9 Campign 4 model. Input files to be run with OpenFAST 3.5.0. GitHub branch from Lu Wang (https://github.com/luwang00/openfast/tree/dev) compiled on March 7, 2023.

Simulation information:
   Simulation time:                  1006.4750 s
   Rotor Speed:                         1.0419 rad/s
   Azimuth:                             1.9640 rad
   Wind Speed:                         12.0000 m/s
   Number of continuous states:         0
   Number of discrete states:           0
   Number of constraint states:         0
   Number of inputs:                 1746
   Number of outputs:                   4
   Jacobians included in this file?    No

Order of inputs:
     Column   Operating Point                     Rotating Frame? Derivative Order Description
   ---------- ---------------                     --------------- ---------------- -----------
          1    1.513E+01                                 F               0         Tower X translation displacement, node 1, m
          2   -1.423E+00                                 F               0         Tower Y translation displacement, node 1, m
          3   -4.869E-01                                 F               0         Tower Z translation displacement, node 1, m
          4    1.704E+01                                 F               0         Tower X translation displacement, node 2, m
          5   -2.004E+00                                 F               0         Tower Y translation displacement, node 2, m
          6   -6.495E-01                                 F               0         Tower Z translation displacement, node 2, m
          7    1.899E+01                                 F               0         Tower X translation displacement, node 3, m
          8   -2.591E+00                                 F               0         Tower Y translation displacement, node 3, m
          9   -8.179E-01                                 F               0         Tower Z translation displacement, node 3, m
         10    2.096E+01                                 F               0         Tower X translation displacement, node 4, m
         11   -3.182E+00                                 F               0         Tower Y translation displacement, node 4, m
         12   -9.907E-01                                 F               0         Tower Z translation displacement, node 4, m
         13    2.296E+01                                 F               0         Tower X translation displacement, node 5, m
         14   -3.776E+00                                 F               0         Tower Y translation displacement, node 5, m
         15   -1.167E+00                                 F               0         Tower Z translation displacement, node 5, m
         16    2.497E+01                                 F               0         Tower X translation displacement, node 6, m
         17   -4.374E+00                                 F               0         Tower Y translation displacement, node 6, m
         18   -1.347E+00                                 F               0         Tower Z translation displacement, node 6, m
         19    2.699E+01                                 F               0         Tower X translation displacement, node 7, m
         20   -4.975E+00                                 F               0         Tower Y translation displacement, node 7, m
         21   -1.529E+00                                 F               0         Tower Z translation displacement, node 7, m
         22    2.903E+01                                 F               0         Tower X translation displacement, node 8, m
         23   -5.577E+00                                 F               0         Tower Y translation displacement, node 8, m
         24   -1.713E+00                                 F               0         Tower Z translation displacement, node 8, m
         25    3.108E+01                                 F               0         Tower X translation displacement, node 9, m
         26   -6.181E+00                                 F               0         Tower Y translation displacement, node 9, m
         27   -1.898E+00                                 F               0         Tower Z translation displacement, node 9, m
         28    3.313E+01                                 F               0         Tower X translation displacement, node 10, m
         29   -6.786E+00                                 F               0         Tower Y translation displacement, node 10, m
         30   -2.085E+00                                 F               0         Tower Z translation displacement, node 10, m
         31    3.518E+01                                 F               0         Tower X translation displacement, node 11, m
         32   -7.392E+00                                 F               0         Tower Y translation displacement, node 11, m
         33   -2.272E+00                                 F               0         Tower Z translation displacement, node 11, m
         34    9.881E-01, -3.535E-03, -1.540E-01         F               0         Tower X orientation angle, node 1, rad
         35    1.070E-02,  9.989E-01,  4.575E-02         F               0         Tower Y orientation angle, node 1, rad
         36    1.537E-01, -4.685E-02,  9.870E-01         F               0         Tower Z orientation angle, node 1, rad
         37    9.877E-01, -3.412E-03, -1.566E-01         F               0         Tower X orientation angle, node 2, rad
         38    1.077E-02,  9.989E-01,  4.615E-02         F               0         Tower Y orientation angle, node 2, rad
         39    1.563E-01, -4.727E-02,  9.866E-01         F               0         Tower Z orientation angle, node 2, rad
         40    9.873E-01, -3.301E-03, -1.589E-01         F               0         Tower X orientation angle, node 3, rad
         41    1.083E-02,  9.989E-01,  4.652E-02         F               0         Tower Y orientation angle, node 3, rad
         42    1.585E-01, -4.765E-02,  9.862E-01         F               0         Tower Z orientation angle, node 3, rad
         43    9.870E-01, -3.206E-03, -1.608E-01         F               0         Tower X orientation angle, node 4, rad
         44    1.088E-02,  9.988E-01,  4.684E-02         F               0         Tower Y orientation angle, node 4, rad
         45    1.605E-01, -4.798E-02,  9.859E-01         F               0         Tower Z orientation angle, node 4, rad
         46    9.867E-01, -3.126E-03, -1.625E-01         F               0         Tower X orientation angle, node 5, rad
         47    1.092E-02,  9.988E-01,  4.711E-02         F               0         Tower Y orientation angle, node 5, rad
         48    1.621E-01, -4.826E-02,  9.856E-01         F               0         Tower Z orientation angle, node 5, rad
         49    9.865E-01, -3.061E-03, -1.638E-01         F               0         Tower X orientation angle, node 6, rad
         50    1.096E-02,  9.988E-01,  4.734E-02         F               0         Tower Y orientation angle, node 6, rad
         51    1.635E-01, -4.849E-02,  9.854E-01         F               0         Tower Z orientation angle, node 6, rad
         52    9.863E-01, -3.011E-03, -1.648E-01         F               0         Tower X orientation angle, node 7, rad
         53    1.099E-02,  9.988E-01,  4.752E-02         F               0         Tower Y orientation angle, node 7, rad
         54    1.645E-01, -4.868E-02,  9.852E-01         F               0         Tower Z orientation angle, node 7, rad
         55    9.862E-01, -2.973E-03, -1.656E-01         F               0         Tower X orientation angle, node 8, rad
         56    1.101E-02,  9.988E-01,  4.766E-02         F               0         Tower Y orientation angle, node 8, rad
         57    1.652E-01, -4.883E-02,  9.850E-01         F               0         Tower Z orientation angle, node 8, rad
         58    9.861E-01, -2.946E-03, -1.661E-01         F               0         Tower X orientation angle, node 9, rad
         59    1.103E-02,  9.988E-01,  4.777E-02         F               0         Tower Y orientation angle, node 9, rad
         60    1.658E-01, -4.894E-02,  9.849E-01         F               0         Tower Z orientation angle, node 9, rad
         61    9.860E-01, -2.929E-03, -1.665E-01         F               0         Tower X orientation angle, node 10, rad
         62    1.104E-02,  9.988E-01,  4.784E-02         F               0         Tower Y orientation angle, node 10, rad
         63    1.661E-01, -4.901E-02,  9.849E-01         F               0         Tower Z orientation angle, node 10, rad
         64    9.860E-01, -2.920E-03, -1.666E-01         F               0         Tower X orientation angle, node 11, rad
         65    1.105E-02,  9.988E-01,  4.787E-02         F               0         Tower Y orientation angle, node 11, rad
         66    1.663E-01, -4.905E-02,  9.849E-01         F               0         Tower Z orientation angle, node 11, rad
         67    3.053E-04                                 F               0         Tower X translation velocity, node 1, m/s
         68    5.062E-04                                 F               0         Tower Y translation velocity, node 1, m/s
         69    4.835E-03                                 F               0         Tower Z translation velocity, node 1, m/s
         70    4.240E-04                                 F               0         Tower X translation velocity, node 2, m/s
         71    8.347E-04                                 F               0         Tower Y translation velocity, node 2, m/s
         72    4.832E-03                                 F               0         Tower Z translation velocity, node 2, m/s
         73    5.998E-04                                 F               0         Tower X translation velocity, node 3, m/s
         74    1.130E-03                                 F               0         Tower Y translation velocity, node 3, m/s
         75    4.818E-03                                 F               0         Tower Z translation velocity, node 3, m/s
         76    8.137E-04                                 F               0         Tower X translation velocity, node 4, m/s
         77    1.397E-03                                 F               0         Tower Y translation velocity, node 4, m/s
         78    4.797E-03                                 F               0         Tower Z translation velocity, node 4, m/s
         79    1.054E-03                                 F               0         Tower X translation velocity, node 5, m/s
         80    1.639E-03                                 F               0         Tower Y translation velocity, node 5, m/s
         81    4.769E-03                                 F               0         Tower Z translation velocity, node 5, m/s
         82    1.311E-03                                 F               0         Tower X translation velocity, node 6, m/s
         83    1.857E-03                                 F               0         Tower Y translation velocity, node 6, m/s
         84    4.737E-03                                 F               0         Tower Z translation velocity, node 6, m/s
         85    1.575E-03                                 F               0         Tower X translation velocity, node 7, m/s
         86    2.056E-03                                 F               0         Tower Y translation velocity, node 7, m/s
         87    4.703E-03                                 F               0         Tower Z translation velocity, node 7, m/s
         88    1.841E-03                                 F               0         Tower X translation velocity, node 8, m/s
         89    2.237E-03                                 F               0         Tower Y translation velocity, node 8, m/s
         90    4.668E-03                                 F               0         Tower Z translation velocity, node 8, m/s
         91    2.105E-03                                 F               0         Tower X translation velocity, node 9, m/s
         92    2.404E-03                                 F               0         Tower Y translation velocity, node 9, m/s
         93    4.632E-03                                 F               0         Tower Z translation velocity, node 9, m/s
         94    2.364E-03                                 F               0         Tower X translation velocity, node 10, m/s
         95    2.560E-03                                 F               0         Tower Y translation velocity, node 10, m/s
         96    4.596E-03                                 F               0         Tower Z translation velocity, node 10, m/s
         97    2.620E-03                                 F               0         Tower X translation velocity, node 11, m/s
         98    2.709E-03                                 F               0         Tower Y translation velocity, node 11, m/s
         99    4.560E-03                                 F               0         Tower Z translation velocity, node 11, m/s
        100    3.664E+01                                 F               0         Hub X translation displacement, node 1, m
        101   -7.745E+00                                 F               0         Hub Y translation displacement, node 1, m
        102   -5.909E-01                                 F               0         Hub Z translation displacement, node 1, m
        103    9.632E-01,  2.223E-03, -2.687E-01         F               0         Hub X orientation angle, node 1, rad
        104    2.437E-01, -4.280E-01,  8.703E-01         F               0         Hub Y orientation angle, node 1, rad
        105   -1.131E-01, -9.038E-01, -4.128E-01         F               0         Hub Z orientation angle, node 1, rad
        106    1.004E+00                                 F               0         Hub X rotation velocity, node 1, rad/s
        107    2.337E-03                                 F               0         Hub Y rotation velocity, node 1, rad/s
        108   -2.799E-01                                 F               0         Hub Z rotation velocity, node 1, rad/s
        109    9.556E-01,  1.492E-02, -2.944E-01         F               0         Blade root 1 X orientation angle, node 1, rad
        110    2.722E-01, -4.277E-01,  8.619E-01         F               0         Blade root 1 Y orientation angle, node 1, rad
        111   -1.131E-01, -9.038E-01, -4.128E-01         F               0         Blade root 1 Z orientation angle, node 1, rad
        112    9.693E-01,  1.909E-02, -2.450E-01         F               0         Blade root 2 X orientation angle, node 1, rad
        113   -1.911E-01, -5.684E-01, -8.003E-01         F               0         Blade root 2 Y orientation angle, node 1, rad
        114   -1.546E-01,  8.225E-01, -5.473E-01         F               0         Blade root 2 Z orientation angle, node 1, rad
        115    9.635E-01, -2.735E-02, -2.663E-01         F               0         Blade root 3 X orientation angle, node 1, rad
        116    4.622E-03,  9.963E-01, -8.560E-02         F               0         Blade root 3 Y orientation angle, node 1, rad
        117    2.676E-01,  8.125E-02,  9.601E-01         F               0         Blade root 3 Z orientation angle, node 1, rad
        118    3.543E+01                                 F               0         Blade 1 X translation displacement, node 1, m
        119   -1.275E+01                                 F               0         Blade 1 Y translation displacement, node 1, m
        120   -8.387E+00                                 F               0         Blade 1 Z translation displacement, node 1, m
        121    3.514E+01                                 F               0         Blade 1 X translation displacement, node 2, m
        122   -1.396E+01                                 F               0         Blade 1 Y translation displacement, node 2, m
        123   -1.027E+01                                 F               0         Blade 1 Z translation displacement, node 2, m
        124    3.119E+01                                 F               0         Blade 1 X translation displacement, node 3, m
        125   -3.036E+01                                 F               0         Blade 1 Y translation displacement, node 3, m
        126   -3.581E+01                                 F               0         Blade 1 Z translation displacement, node 3, m
        127    3.035E+01                                 F               0         Blade 1 X translation displacement, node 4, m
        128   -3.386E+01                                 F               0         Blade 1 Y translation displacement, node 4, m
        129   -4.125E+01                                 F               0         Blade 1 Z translation displacement, node 4, m
        130    2.951E+01                                 F               0         Blade 1 X translation displacement, node 5, m
        131   -3.736E+01                                 F               0         Blade 1 Y translation displacement, node 5, m
        132   -4.670E+01                                 F               0         Blade 1 Z translation displacement, node 5, m
        133    2.867E+01                                 F               0         Blade 1 X translation displacement, node 6, m
        134   -4.085E+01                                 F               0         Blade 1 Y translation displacement, node 6, m
        135   -5.214E+01                                 F               0         Blade 1 Z translation displacement, node 6, m
        136    2.783E+01                                 F               0         Blade 1 X translation displacement, node 7, m
        137   -4.435E+01                                 F               0         Blade 1 Y translation displacement, node 7, m
        138   -5.758E+01                                 F               0         Blade 1 Z translation displacement, node 7, m
        139    2.699E+01                                 F               0         Blade 1 X translation displacement, node 8, m
        140   -4.784E+01                                 F               0         Blade 1 Y translation displacement, node 8, m
        141   -6.303E+01                                 F               0         Blade 1 Z translation displacement, node 8, m
        142    2.614E+01                                 F               0         Blade 1 X translation displacement, node 9, m
        143   -5.134E+01                                 F               0         Blade 1 Y translation displacement, node 9, m
        144   -6.847E+01                                 F               0         Blade 1 Z translation displacement, node 9, m
        145    2.530E+01                                 F               0         Blade 1 X translation displacement, node 10, m
        146   -5.483E+01                                 F               0         Blade 1 Y translation displacement, node 10, m
        147   -7.391E+01                                 F               0         Blade 1 Z translation displacement, node 10, m
        148    2.446E+01                                 F               0         Blade 1 X translation displacement, node 11, m
        149   -5.833E+01                                 F               0         Blade 1 Y translation displacement, node 11, m
        150   -7.936E+01                                 F               0         Blade 1 Z translation displacement, node 11, m
        151    2.362E+01                                 F               0         Blade 1 X translation displacement, node 12, m
        152   -6.183E+01                                 F               0         Blade 1 Y translation displacement, node 12, m
        153   -8.480E+01                                 F               0         Blade 1 Z translation displacement, node 12, m
        154    2.278E+01                                 F               0         Blade 1 X translation displacement, node 13, m
        155   -6.532E+01                                 F               0         Blade 1 Y translation displacement, node 13, m
        156   -9.024E+01                                 F               0         Blade 1 Z translation displacement, node 13, m
        157    2.194E+01                                 F               0         Blade 1 X translation displacement, node 14, m
        158   -6.882E+01                                 F               0         Blade 1 Y translation displacement, node 14, m
        159   -9.569E+01                                 F               0         Blade 1 Z translation displacement, node 14, m
        160    2.109E+01                                 F               0         Blade 1 X translation displacement, node 15, m
        161   -7.231E+01                                 F               0         Blade 1 Y translation displacement, node 15, m
        162   -1.011E+02                                 F               0         Blade 1 Z translation displacement, node 15, m
        163    2.025E+01                                 F               0         Blade 1 X translation displacement, node 16, m
        164   -7.581E+01                                 F               0         Blade 1 Y translation displacement, node 16, m
        165   -1.066E+02                                 F               0         Blade 1 Z translation displacement, node 16, m
        166    1.941E+01                                 F               0         Blade 1 X translation displacement, node 17, m
        167   -7.930E+01                                 F               0         Blade 1 Y translation displacement, node 17, m
        168   -1.120E+02                                 F               0         Blade 1 Z translation displacement, node 17, m
        169    1.857E+01                                 F               0         Blade 1 X translation displacement, node 18, m
        170   -8.280E+01                                 F               0         Blade 1 Y translation displacement, node 18, m
        171   -1.175E+02                                 F               0         Blade 1 Z translation displacement, node 18, m
        172    1.773E+01                                 F               0         Blade 1 X translation displacement, node 19, m
        173   -8.629E+01                                 F               0         Blade 1 Y translation displacement, node 19, m
        174   -1.229E+02                                 F               0         Blade 1 Z translation displacement, node 19, m
        175    1.689E+01                                 F               0         Blade 1 X translation displacement, node 20, m
        176   -8.979E+01                                 F               0         Blade 1 Y translation displacement, node 20, m
        177   -1.283E+02                                 F               0         Blade 1 Z translation displacement, node 20, m
        178    1.605E+01                                 F               0         Blade 1 X translation displacement, node 21, m
        179   -9.328E+01                                 F               0         Blade 1 Y translation displacement, node 21, m
        180   -1.338E+02                                 F               0         Blade 1 Z translation displacement, node 21, m
        181    1.520E+01                                 F               0         Blade 1 X translation displacement, node 22, m
        182   -9.678E+01                                 F               0         Blade 1 Y translation displacement, node 22, m
        183   -1.392E+02                                 F               0         Blade 1 Z translation displacement, node 22, m
        184    1.436E+01                                 F               0         Blade 1 X translation displacement, node 23, m
        185   -1.003E+02                                 F               0         Blade 1 Y translation displacement, node 23, m
        186   -1.447E+02                                 F               0         Blade 1 Z translation displacement, node 23, m
        187    1.352E+01                                 F               0         Blade 1 X translation displacement, node 24, m
        188   -1.038E+02                                 F               0         Blade 1 Y translation displacement, node 24, m
        189   -1.501E+02                                 F               0         Blade 1 Z translation displacement, node 24, m
        190    1.268E+01                                 F               0         Blade 1 X translation displacement, node 25, m
        191   -1.073E+02                                 F               0         Blade 1 Y translation displacement, node 25, m
        192   -1.556E+02                                 F               0         Blade 1 Z translation displacement, node 25, m
        193    1.184E+01                                 F               0         Blade 1 X translation displacement, node 26, m
        194   -1.108E+02                                 F               0         Blade 1 Y translation displacement, node 26, m
        195   -1.610E+02                                 F               0         Blade 1 Z translation displacement, node 26, m
        196    1.100E+01                                 F               0         Blade 1 X translation displacement, node 27, m
        197   -1.143E+02                                 F               0         Blade 1 Y translation displacement, node 27, m
        198   -1.664E+02                                 F               0         Blade 1 Z translation displacement, node 27, m
        199    1.028E+01                                 F               0         Blade 1 X translation displacement, node 28, m
        200   -1.172E+02                                 F               0         Blade 1 Y translation displacement, node 28, m
        201   -1.711E+02                                 F               0         Blade 1 Z translation displacement, node 28, m
        202    7.263E-01,  2.083E-01, -6.550E-01         F               0         Blade 1 X orientation angle, node 1, rad
        203    6.780E-01, -3.739E-01,  6.329E-01         F               0         Blade 1 Y orientation angle, node 1, rad
        204   -1.131E-01, -9.038E-01, -4.128E-01         F               0         Blade 1 Z orientation angle, node 1, rad
        205    7.263E-01,  2.083E-01, -6.550E-01         F               0         Blade 1 X orientation angle, node 2, rad
        206    6.780E-01, -3.739E-01,  6.329E-01         F               0         Blade 1 Y orientation angle, node 2, rad
        207   -1.131E-01, -9.038E-01, -4.128E-01         F               0         Blade 1 Z orientation angle, node 2, rad
        208    8.663E-01,  1.138E-01, -4.864E-01         F               0         Blade 1 X orientation angle, node 3, rad
        209    4.866E-01, -4.126E-01,  7.701E-01         F               0         Blade 1 Y orientation angle, node 3, rad
        210   -1.131E-01, -9.038E-01, -4.128E-01         F               0         Blade 1 Z orientation angle, node 3, rad
        211    8.861E-01,  9.626E-02, -4.534E-01         F               0         Blade 1 X orientation angle, node 4, rad
        212    4.495E-01, -4.170E-01,  7.899E-01         F               0         Blade 1 Y orientation angle, node 4, rad
        213   -1.131E-01, -9.038E-01, -4.128E-01         F               0         Blade 1 Z orientation angle, node 4, rad
        214    9.005E-01,  8.238E-02, -4.270E-01         F               0         Blade 1 X orientation angle, node 5, rad
        215    4.199E-01, -4.200E-01,  8.045E-01         F               0         Blade 1 Y orientation angle, node 5, rad
        216   -1.131E-01, -9.038E-01, -4.128E-01         F               0         Blade 1 Z orientation angle, node 5, rad
        217    9.113E-01,  7.121E-02, -4.055E-01         F               0         Blade 1 X orientation angle, node 6, rad
        218    3.959E-01, -4.220E-01,  8.156E-01         F               0         Blade 1 Y orientation angle, node 6, rad
        219   -1.131E-01, -9.038E-01, -4.128E-01         F               0         Blade 1 Z orientation angle, node 6, rad
        220    9.197E-01,  6.199E-02, -3.876E-01         F               0         Blade 1 X orientation angle, node 7, rad
        221    3.759E-01, -4.235E-01,  8.242E-01         F               0         Blade 1 Y orientation angle, node 7, rad
        222   -1.131E-01, -9.038E-01, -4.128E-01         F               0         Blade 1 Z orientation angle, node 7, rad
        223    9.264E-01,  5.429E-02, -3.726E-01         F               0         Blade 1 X orientation angle, node 8, rad
        224    3.592E-01, -4.245E-01,  8.311E-01         F               0         Blade 1 Y orientation angle, node 8, rad
        225   -1.131E-01, -9.038E-01, -4.128E-01         F               0         Blade 1 Z orientation angle, node 8, rad
        226    9.318E-01,  4.776E-02, -3.598E-01         F               0         Blade 1 X orientation angle, node 9, rad
        227    3.449E-01, -4.253E-01,  8.368E-01         F               0         Blade 1 Y orientation angle, node 9, rad
        228   -1.131E-01, -9.038E-01, -4.128E-01         F               0         Blade 1 Z orientation angle, node 9, rad
        229    9.363E-01,  4.212E-02, -3.487E-01         F               0         Blade 1 X orientation angle, node 10, rad
        230    3.325E-01, -4.259E-01,  8.415E-01         F               0         Blade 1 Y orientation angle, node 10, rad
        231   -1.131E-01, -9.038E-01, -4.128E-01         F               0         Blade 1 Z orientation angle, node 10, rad
        232    9.400E-01,  3.728E-02, -3.391E-01         F               0         Blade 1 X orientation angle, node 11, rad
        233    3.218E-01, -4.264E-01,  8.454E-01         F               0         Blade 1 Y orientation angle, node 11, rad
        234   -1.131E-01, -9.038E-01, -4.128E-01         F               0         Blade 1 Z orientation angle, node 11, rad
        235    9.432E-01,  3.304E-02, -3.307E-01         F               0         Blade 1 X orientation angle, node 12, rad
        236    3.125E-01, -4.267E-01,  8.487E-01         F               0         Blade 1 Y orientation angle, node 12, rad
        237   -1.131E-01, -9.038E-01, -4.128E-01         F               0         Blade 1 Z orientation angle, node 12, rad
        238    9.459E-01,  2.932E-02, -3.232E-01         F               0         Blade 1 X orientation angle, node 13, rad
        239    3.042E-01, -4.270E-01,  8.515E-01         F               0         Blade 1 Y orientation angle, node 13, rad
        240   -1.131E-01, -9.038E-01, -4.128E-01         F               0         Blade 1 Z orientation angle, node 13, rad
        241    9.482E-01,  2.596E-02, -3.165E-01         F               0         Blade 1 X orientation angle, node 14, rad
        242    2.968E-01, -4.272E-01,  8.541E-01         F               0         Blade 1 Y orientation angle, node 14, rad
        243   -1.131E-01, -9.038E-01, -4.128E-01         F               0         Blade 1 Z orientation angle, node 14, rad
        244    9.503E-01,  2.298E-02, -3.106E-01         F               0         Blade 1 X orientation angle, node 15, rad
        245    2.902E-01, -4.274E-01,  8.562E-01         F               0         Blade 1 Y orientation angle, node 15, rad
        246   -1.131E-01, -9.038E-01, -4.128E-01         F               0         Blade 1 Z orientation angle, node 15, rad
        247    9.521E-01,  2.029E-02, -3.052E-01         F               0         Blade 1 X orientation angle, node 16, rad
        248    2.842E-01, -4.275E-01,  8.582E-01         F               0         Blade 1 Y orientation angle, node 16, rad
        249   -1.131E-01, -9.038E-01, -4.128E-01         F               0         Blade 1 Z orientation angle, node 16, rad
        250    9.536E-01,  1.790E-02, -3.004E-01         F               0         Blade 1 X orientation angle, node 17, rad
        251    2.789E-01, -4.276E-01,  8.599E-01         F               0         Blade 1 Y orientation angle, node 17, rad
        252   -1.131E-01, -9.038E-01, -4.128E-01         F               0         Blade 1 Z orientation angle, node 17, rad
        253    9.551E-01,  1.566E-02, -2.959E-01         F               0         Blade 1 X orientation angle, node 18, rad
        254    2.739E-01, -4.277E-01,  8.614E-01         F               0         Blade 1 Y orientation angle, node 18, rad
        255   -1.131E-01, -9.038E-01, -4.128E-01         F               0         Blade 1 Z orientation angle, node 18, rad
        256    9.564E-01,  1.365E-02, -2.918E-01         F               0         Blade 1 X orientation angle, node 19, rad
        257    2.694E-01, -4.278E-01,  8.628E-01         F               0         Blade 1 Y orientation angle, node 19, rad
        258   -1.131E-01, -9.038E-01, -4.128E-01         F               0         Blade 1 Z orientation angle, node 19, rad
        259    9.575E-01,  1.186E-02, -2.882E-01         F               0         Blade 1 X orientation angle, node 20, rad
        260    2.654E-01, -4.278E-01,  8.640E-01         F               0         Blade 1 Y orientation angle, node 20, rad
        261   -1.131E-01, -9.038E-01, -4.128E-01         F               0         Blade 1 Z orientation angle, node 20, rad
        262    9.586E-01,  1.014E-02, -2.847E-01         F               0         Blade 1 X orientation angle, node 21, rad
        263    2.615E-01, -4.279E-01,  8.652E-01         F               0         Blade 1 Y orientation angle, node 21, rad
        264   -1.131E-01, -9.038E-01, -4.128E-01         F               0         Blade 1 Z orientation angle, node 21, rad
        265    9.595E-01,  8.572E-03, -2.816E-01         F               0         Blade 1 X orientation angle, node 22, rad
        266    2.580E-01, -4.279E-01,  8.662E-01         F               0         Blade 1 Y orientation angle, node 22, rad
        267   -1.131E-01, -9.038E-01, -4.128E-01         F               0         Blade 1 Z orientation angle, node 22, rad
        268    9.604E-01,  7.152E-03, -2.787E-01         F               0         Blade 1 X orientation angle, node 23, rad
        269    2.548E-01, -4.279E-01,  8.671E-01         F               0         Blade 1 Y orientation angle, node 23, rad
        270   -1.131E-01, -9.038E-01, -4.128E-01         F               0         Blade 1 Z orientation angle, node 23, rad
        271    9.612E-01,  5.808E-03, -2.760E-01         F               0         Blade 1 X orientation angle, node 24, rad
        272    2.518E-01, -4.279E-01,  8.680E-01         F               0         Blade 1 Y orientation angle, node 24, rad
        273   -1.131E-01, -9.038E-01, -4.128E-01         F               0         Blade 1 Z orientation angle, node 24, rad
        274    9.619E-01,  4.538E-03, -2.734E-01         F               0         Blade 1 X orientation angle, node 25, rad
        275    2.490E-01, -4.280E-01,  8.688E-01         F               0         Blade 1 Y orientation angle, node 25, rad
        276   -1.131E-01, -9.038E-01, -4.128E-01         F               0         Blade 1 Z orientation angle, node 25, rad
        277    9.625E-01,  3.418E-03, -2.711E-01         F               0         Blade 1 X orientation angle, node 26, rad
        278    2.464E-01, -4.280E-01,  8.695E-01         F               0         Blade 1 Y orientation angle, node 26, rad
        279   -1.131E-01, -9.038E-01, -4.128E-01         F               0         Blade 1 Z orientation angle, node 26, rad
        280    9.632E-01,  2.297E-03, -2.688E-01         F               0         Blade 1 X orientation angle, node 27, rad
        281    2.439E-01, -4.280E-01,  8.703E-01         F               0         Blade 1 Y orientation angle, node 27, rad
        282   -1.131E-01, -9.038E-01, -4.128E-01         F               0         Blade 1 Z orientation angle, node 27, rad
        283    9.635E-01,  1.700E-03, -2.676E-01         F               0         Blade 1 X orientation angle, node 28, rad
        284    2.426E-01, -4.280E-01,  8.706E-01         F               0         Blade 1 Y orientation angle, node 28, rad
        285   -1.131E-01, -9.038E-01, -4.128E-01         F               0         Blade 1 Z orientation angle, node 28, rad
        286   -1.404E+00                                 F               0         Blade 1 X translation velocity, node 1, m/s
        287    2.473E+00                                 F               0         Blade 1 Y translation velocity, node 1, m/s
        288   -5.019E+00                                 F               0         Blade 1 Z translation velocity, node 1, m/s
        289   -1.743E+00                                 F               0         Blade 1 X translation velocity, node 2, m/s
        290    3.068E+00                                 F               0         Blade 1 Y translation velocity, node 2, m/s
        291   -6.229E+00                                 F               0         Blade 1 Z translation velocity, node 2, m/s
        292   -6.353E+00                                 F               0         Blade 1 X translation velocity, node 3, m/s
        293    1.116E+01                                 F               0         Blade 1 Y translation velocity, node 3, m/s
        294   -2.269E+01                                 F               0         Blade 1 Z translation velocity, node 3, m/s
        295   -7.335E+00                                 F               0         Blade 1 X translation velocity, node 4, m/s
        296    1.289E+01                                 F               0         Blade 1 Y translation velocity, node 4, m/s
        297   -2.620E+01                                 F               0         Blade 1 Z translation velocity, node 4, m/s
        298   -8.318E+00                                 F               0         Blade 1 X translation velocity, node 5, m/s
        299    1.461E+01                                 F               0         Blade 1 Y translation velocity, node 5, m/s
        300   -2.970E+01                                 F               0         Blade 1 Z translation velocity, node 5, m/s
        301   -9.300E+00                                 F               0         Blade 1 X translation velocity, node 6, m/s
        302    1.634E+01                                 F               0         Blade 1 Y translation velocity, node 6, m/s
        303   -3.321E+01                                 F               0         Blade 1 Z translation velocity, node 6, m/s
        304   -1.028E+01                                 F               0         Blade 1 X translation velocity, node 7, m/s
        305    1.806E+01                                 F               0         Blade 1 Y translation velocity, node 7, m/s
        306   -3.672E+01                                 F               0         Blade 1 Z translation velocity, node 7, m/s
        307   -1.126E+01                                 F               0         Blade 1 X translation velocity, node 8, m/s
