
Linearized model: Predictions were generated on 06-Feb-2024 at 16:18:08 using OpenFAST, compiled as a 64-bit application using single precision at commit v3.5.1
 linked with  NWTC Subroutine Library; ElastoDyn; InflowWind; AeroDyn; ServoDyn; HydroDyn; MAP++ (<1.20.10>, <Oct-20-2023>)

Description from the FAST input file: CCT-9 Campign 4 model. Input files to be run with OpenFAST 3.5.0. GitHub branch from Lu Wang (https://github.com/luwang00/openfast/tree/dev) compiled on March 7, 2023.

Simulation information:
   Simulation time:                  1008.4500 s
   Rotor Speed:                         1.0421 rad/s
   Azimuth:                             4.0219 rad
   Wind Speed:                         12.0000 m/s
   Number of continuous states:         0
   Number of discrete states:           0
   Number of constraint states:         0
   Number of inputs:                 1746
   Number of outputs:                   4
   Jacobians included in this file?    No

Order of inputs:
     Column   Operating Point                     Rotating Frame? Derivative Order Description
   ---------- ---------------                     --------------- ---------------- -----------
          1    1.513E+01                                 F               0         Tower X translation displacement, node 1, m
          2   -1.424E+00                                 F               0         Tower Y translation displacement, node 1, m
          3   -4.770E-01                                 F               0         Tower Z translation displacement, node 1, m
          4    1.704E+01                                 F               0         Tower X translation displacement, node 2, m
          5   -2.005E+00                                 F               0         Tower Y translation displacement, node 2, m
          6   -6.397E-01                                 F               0         Tower Z translation displacement, node 2, m
          7    1.899E+01                                 F               0         Tower X translation displacement, node 3, m
          8   -2.592E+00                                 F               0         Tower Y translation displacement, node 3, m
          9   -8.081E-01                                 F               0         Tower Z translation displacement, node 3, m
         10    2.096E+01                                 F               0         Tower X translation displacement, node 4, m
         11   -3.183E+00                                 F               0         Tower Y translation displacement, node 4, m
         12   -9.809E-01                                 F               0         Tower Z translation displacement, node 4, m
         13    2.296E+01                                 F               0         Tower X translation displacement, node 5, m
         14   -3.778E+00                                 F               0         Tower Y translation displacement, node 5, m
         15   -1.158E+00                                 F               0         Tower Z translation displacement, node 5, m
         16    2.497E+01                                 F               0         Tower X translation displacement, node 6, m
         17   -4.376E+00                                 F               0         Tower Y translation displacement, node 6, m
         18   -1.337E+00                                 F               0         Tower Z translation displacement, node 6, m
         19    2.700E+01                                 F               0         Tower X translation displacement, node 7, m
         20   -4.976E+00                                 F               0         Tower Y translation displacement, node 7, m
         21   -1.519E+00                                 F               0         Tower Z translation displacement, node 7, m
         22    2.903E+01                                 F               0         Tower X translation displacement, node 8, m
         23   -5.579E+00                                 F               0         Tower Y translation displacement, node 8, m
         24   -1.703E+00                                 F               0         Tower Z translation displacement, node 8, m
         25    3.108E+01                                 F               0         Tower X translation displacement, node 9, m
         26   -6.183E+00                                 F               0         Tower Y translation displacement, node 9, m
         27   -1.889E+00                                 F               0         Tower Z translation displacement, node 9, m
         28    3.313E+01                                 F               0         Tower X translation displacement, node 10, m
         29   -6.789E+00                                 F               0         Tower Y translation displacement, node 10, m
         30   -2.075E+00                                 F               0         Tower Z translation displacement, node 10, m
         31    3.519E+01                                 F               0         Tower X translation displacement, node 11, m
         32   -7.395E+00                                 F               0         Tower Y translation displacement, node 11, m
         33   -2.262E+00                                 F               0         Tower Z translation displacement, node 11, m
         34    9.881E-01, -3.533E-03, -1.540E-01         F               0         Tower X orientation angle, node 1, rad
         35    1.071E-02,  9.989E-01,  4.577E-02         F               0         Tower Y orientation angle, node 1, rad
         36    1.537E-01, -4.688E-02,  9.870E-01         F               0         Tower Z orientation angle, node 1, rad
         37    9.877E-01, -3.409E-03, -1.566E-01         F               0         Tower X orientation angle, node 2, rad
         38    1.077E-02,  9.989E-01,  4.618E-02         F               0         Tower Y orientation angle, node 2, rad
         39    1.563E-01, -4.729E-02,  9.866E-01         F               0         Tower Z orientation angle, node 2, rad
         40    9.873E-01, -3.299E-03, -1.589E-01         F               0         Tower X orientation angle, node 3, rad
         41    1.083E-02,  9.989E-01,  4.654E-02         F               0         Tower Y orientation angle, node 3, rad
         42    1.586E-01, -4.767E-02,  9.862E-01         F               0         Tower Z orientation angle, node 3, rad
         43    9.870E-01, -3.204E-03, -1.609E-01         F               0         Tower X orientation angle, node 4, rad
         44    1.088E-02,  9.988E-01,  4.686E-02         F               0         Tower Y orientation angle, node 4, rad
         45    1.605E-01, -4.800E-02,  9.859E-01         F               0         Tower Z orientation angle, node 4, rad
         46    9.867E-01, -3.124E-03, -1.625E-01         F               0         Tower X orientation angle, node 5, rad
         47    1.092E-02,  9.988E-01,  4.713E-02         F               0         Tower Y orientation angle, node 5, rad
         48    1.622E-01, -4.828E-02,  9.856E-01         F               0         Tower Z orientation angle, node 5, rad
         49    9.865E-01, -3.059E-03, -1.638E-01         F               0         Tower X orientation angle, node 6, rad
         50    1.096E-02,  9.988E-01,  4.736E-02         F               0         Tower Y orientation angle, node 6, rad
         51    1.635E-01, -4.851E-02,  9.854E-01         F               0         Tower Z orientation angle, node 6, rad
         52    9.863E-01, -3.008E-03, -1.648E-01         F               0         Tower X orientation angle, node 7, rad
         53    1.099E-02,  9.988E-01,  4.754E-02         F               0         Tower Y orientation angle, node 7, rad
         54    1.645E-01, -4.870E-02,  9.852E-01         F               0         Tower Z orientation angle, node 7, rad
         55    9.862E-01, -2.970E-03, -1.656E-01         F               0         Tower X orientation angle, node 8, rad
         56    1.101E-02,  9.988E-01,  4.768E-02         F               0         Tower Y orientation angle, node 8, rad
         57    1.653E-01, -4.884E-02,  9.850E-01         F               0         Tower Z orientation angle, node 8, rad
         58    9.861E-01, -2.943E-03, -1.661E-01         F               0         Tower X orientation angle, node 9, rad
         59    1.103E-02,  9.988E-01,  4.778E-02         F               0         Tower Y orientation angle, node 9, rad
         60    1.658E-01, -4.895E-02,  9.849E-01         F               0         Tower Z orientation angle, node 9, rad
         61    9.860E-01, -2.927E-03, -1.665E-01         F               0         Tower X orientation angle, node 10, rad
         62    1.104E-02,  9.988E-01,  4.785E-02         F               0         Tower Y orientation angle, node 10, rad
         63    1.661E-01, -4.902E-02,  9.849E-01         F               0         Tower Z orientation angle, node 10, rad
         64    9.860E-01, -2.918E-03, -1.667E-01         F               0         Tower X orientation angle, node 11, rad
         65    1.105E-02,  9.988E-01,  4.789E-02         F               0         Tower Y orientation angle, node 11, rad
         66    1.663E-01, -4.906E-02,  9.849E-01         F               0         Tower Z orientation angle, node 11, rad
         67    8.126E-05                                 F               0         Tower X translation velocity, node 1, m/s
         68   -8.290E-04                                 F               0         Tower Y translation velocity, node 1, m/s
         69    4.775E-03                                 F               0         Tower Z translation velocity, node 1, m/s
         70    1.309E-04                                 F               0         Tower X translation velocity, node 2, m/s
         71   -1.363E-03                                 F               0         Tower Y translation velocity, node 2, m/s
         72    4.742E-03                                 F               0         Tower Z translation velocity, node 2, m/s
         73    2.417E-04                                 F               0         Tower X translation velocity, node 3, m/s
         74   -1.834E-03                                 F               0         Tower Y translation velocity, node 3, m/s
         75    4.701E-03                                 F               0         Tower Z translation velocity, node 3, m/s
         76    3.960E-04                                 F               0         Tower X translation velocity, node 4, m/s
         77   -2.254E-03                                 F               0         Tower Y translation velocity, node 4, m/s
         78    4.656E-03                                 F               0         Tower Z translation velocity, node 4, m/s
         79    5.833E-04                                 F               0         Tower X translation velocity, node 5, m/s
         80   -2.628E-03                                 F               0         Tower Y translation velocity, node 5, m/s
         81    4.607E-03                                 F               0         Tower Z translation velocity, node 5, m/s
         82    7.941E-04                                 F               0         Tower X translation velocity, node 6, m/s
         83   -2.963E-03                                 F               0         Tower Y translation velocity, node 6, m/s
         84    4.556E-03                                 F               0         Tower Z translation velocity, node 6, m/s
         85    1.019E-03                                 F               0         Tower X translation velocity, node 7, m/s
         86   -3.267E-03                                 F               0         Tower Y translation velocity, node 7, m/s
         87    4.503E-03                                 F               0         Tower Z translation velocity, node 7, m/s
         88    1.254E-03                                 F               0         Tower X translation velocity, node 8, m/s
         89   -3.543E-03                                 F               0         Tower Y translation velocity, node 8, m/s
         90    4.450E-03                                 F               0         Tower Z translation velocity, node 8, m/s
         91    1.494E-03                                 F               0         Tower X translation velocity, node 9, m/s
         92   -3.796E-03                                 F               0         Tower Y translation velocity, node 9, m/s
         93    4.398E-03                                 F               0         Tower Z translation velocity, node 9, m/s
         94    1.735E-03                                 F               0         Tower X translation velocity, node 10, m/s
         95   -4.034E-03                                 F               0         Tower Y translation velocity, node 10, m/s
         96    4.345E-03                                 F               0         Tower Z translation velocity, node 10, m/s
         97    1.975E-03                                 F               0         Tower X translation velocity, node 11, m/s
         98   -4.262E-03                                 F               0         Tower Y translation velocity, node 11, m/s
         99    4.293E-03                                 F               0         Tower Z translation velocity, node 11, m/s
        100    3.664E+01                                 F               0         Hub X translation displacement, node 1, m
        101   -7.748E+00                                 F               0         Hub Y translation displacement, node 1, m
        102   -5.814E-01                                 F               0         Hub Z translation displacement, node 1, m
        103    9.632E-01,  2.226E-03, -2.687E-01         F               0         Hub X orientation angle, node 1, rad
        104   -2.140E-01, -5.983E-01, -7.722E-01         F               0         Hub Y orientation angle, node 1, rad
        105   -1.625E-01,  8.013E-01, -5.758E-01         F               0         Hub Z orientation angle, node 1, rad
        106    1.004E+00                                 F               0         Hub X rotation velocity, node 1, rad/s
        107    2.340E-03                                 F               0         Hub Y rotation velocity, node 1, rad/s
        108   -2.800E-01                                 F               0         Hub Z rotation velocity, node 1, rad/s
        109    9.691E-01,  1.997E-02, -2.457E-01         F               0         Blade root 1 X orientation angle, node 1, rad
        110   -1.854E-01, -5.979E-01, -7.798E-01         F               0         Blade root 1 Y orientation angle, node 1, rad
        111   -1.625E-01,  8.013E-01, -5.758E-01         F               0         Blade root 1 Z orientation angle, node 1, rad
        112    9.638E-01, -2.724E-02, -2.652E-01         F               0         Blade root 2 X orientation angle, node 1, rad
        113   -5.099E-03,  9.927E-01, -1.205E-01         F               0         Blade root 2 Y orientation angle, node 1, rad
        114    2.666E-01,  1.175E-01,  9.566E-01         F               0         Blade root 2 Z orientation angle, node 1, rad
        115    9.555E-01,  1.394E-02, -2.948E-01         F               0         Blade root 3 X orientation angle, node 1, rad
        116    2.762E-01, -3.946E-01,  8.764E-01         F               0         Blade root 3 Y orientation angle, node 1, rad
        117   -1.041E-01, -9.188E-01, -3.808E-01         F               0         Blade root 3 Z orientation angle, node 1, rad
        118    3.516E+01                                 F               0         Blade 1 X translation displacement, node 1, m
        119   -3.309E+00                                 F               0         Blade 1 Y translation displacement, node 1, m
        120   -9.281E+00                                 F               0         Blade 1 Z translation displacement, node 1, m
        121    3.481E+01                                 F               0         Blade 1 X translation displacement, node 2, m
        122   -2.239E+00                                 F               0         Blade 1 Y translation displacement, node 2, m
        123   -1.138E+01                                 F               0         Blade 1 Z translation displacement, node 2, m
        124    2.996E+01                                 F               0         Blade 1 X translation displacement, node 3, m
        125    1.231E+01                                 F               0         Blade 1 Y translation displacement, node 3, m
        126   -3.988E+01                                 F               0         Blade 1 Z translation displacement, node 3, m
        127    2.893E+01                                 F               0         Blade 1 X translation displacement, node 4, m
        128    1.541E+01                                 F               0         Blade 1 Y translation displacement, node 4, m
        129   -4.595E+01                                 F               0         Blade 1 Z translation displacement, node 4, m
        130    2.789E+01                                 F               0         Blade 1 X translation displacement, node 5, m
        131    1.850E+01                                 F               0         Blade 1 Y translation displacement, node 5, m
        132   -5.203E+01                                 F               0         Blade 1 Z translation displacement, node 5, m
        133    2.686E+01                                 F               0         Blade 1 X translation displacement, node 6, m
        134    2.160E+01                                 F               0         Blade 1 Y translation displacement, node 6, m
        135   -5.810E+01                                 F               0         Blade 1 Z translation displacement, node 6, m
        136    2.583E+01                                 F               0         Blade 1 X translation displacement, node 7, m
        137    2.470E+01                                 F               0         Blade 1 Y translation displacement, node 7, m
        138   -6.418E+01                                 F               0         Blade 1 Z translation displacement, node 7, m
        139    2.480E+01                                 F               0         Blade 1 X translation displacement, node 8, m
        140    2.780E+01                                 F               0         Blade 1 Y translation displacement, node 8, m
        141   -7.025E+01                                 F               0         Blade 1 Z translation displacement, node 8, m
        142    2.376E+01                                 F               0         Blade 1 X translation displacement, node 9, m
        143    3.090E+01                                 F               0         Blade 1 Y translation displacement, node 9, m
        144   -7.632E+01                                 F               0         Blade 1 Z translation displacement, node 9, m
        145    2.273E+01                                 F               0         Blade 1 X translation displacement, node 10, m
        146    3.400E+01                                 F               0         Blade 1 Y translation displacement, node 10, m
        147   -8.240E+01                                 F               0         Blade 1 Z translation displacement, node 10, m
        148    2.170E+01                                 F               0         Blade 1 X translation displacement, node 11, m
        149    3.710E+01                                 F               0         Blade 1 Y translation displacement, node 11, m
        150   -8.847E+01                                 F               0         Blade 1 Z translation displacement, node 11, m
        151    2.067E+01                                 F               0         Blade 1 X translation displacement, node 12, m
        152    4.020E+01                                 F               0         Blade 1 Y translation displacement, node 12, m
        153   -9.454E+01                                 F               0         Blade 1 Z translation displacement, node 12, m
        154    1.963E+01                                 F               0         Blade 1 X translation displacement, node 13, m
        155    4.330E+01                                 F               0         Blade 1 Y translation displacement, node 13, m
        156   -1.006E+02                                 F               0         Blade 1 Z translation displacement, node 13, m
        157    1.860E+01                                 F               0         Blade 1 X translation displacement, node 14, m
        158    4.640E+01                                 F               0         Blade 1 Y translation displacement, node 14, m
        159   -1.067E+02                                 F               0         Blade 1 Z translation displacement, node 14, m
        160    1.757E+01                                 F               0         Blade 1 X translation displacement, node 15, m
        161    4.950E+01                                 F               0         Blade 1 Y translation displacement, node 15, m
        162   -1.128E+02                                 F               0         Blade 1 Z translation displacement, node 15, m
        163    1.654E+01                                 F               0         Blade 1 X translation displacement, node 16, m
        164    5.260E+01                                 F               0         Blade 1 Y translation displacement, node 16, m
        165   -1.188E+02                                 F               0         Blade 1 Z translation displacement, node 16, m
        166    1.550E+01                                 F               0         Blade 1 X translation displacement, node 17, m
        167    5.569E+01                                 F               0         Blade 1 Y translation displacement, node 17, m
        168   -1.249E+02                                 F               0         Blade 1 Z translation displacement, node 17, m
        169    1.447E+01                                 F               0         Blade 1 X translation displacement, node 18, m
        170    5.879E+01                                 F               0         Blade 1 Y translation displacement, node 18, m
        171   -1.310E+02                                 F               0         Blade 1 Z translation displacement, node 18, m
        172    1.344E+01                                 F               0         Blade 1 X translation displacement, node 19, m
        173    6.189E+01                                 F               0         Blade 1 Y translation displacement, node 19, m
        174   -1.371E+02                                 F               0         Blade 1 Z translation displacement, node 19, m
        175    1.240E+01                                 F               0         Blade 1 X translation displacement, node 20, m
        176    6.499E+01                                 F               0         Blade 1 Y translation displacement, node 20, m
        177   -1.431E+02                                 F               0         Blade 1 Z translation displacement, node 20, m
        178    1.137E+01                                 F               0         Blade 1 X translation displacement, node 21, m
        179    6.809E+01                                 F               0         Blade 1 Y translation displacement, node 21, m
        180   -1.492E+02                                 F               0         Blade 1 Z translation displacement, node 21, m
        181    1.034E+01                                 F               0         Blade 1 X translation displacement, node 22, m
        182    7.119E+01                                 F               0         Blade 1 Y translation displacement, node 22, m
        183   -1.553E+02                                 F               0         Blade 1 Z translation displacement, node 22, m
        184    9.307E+00                                 F               0         Blade 1 X translation displacement, node 23, m
        185    7.429E+01                                 F               0         Blade 1 Y translation displacement, node 23, m
        186   -1.614E+02                                 F               0         Blade 1 Z translation displacement, node 23, m
        187    8.274E+00                                 F               0         Blade 1 X translation displacement, node 24, m
        188    7.739E+01                                 F               0         Blade 1 Y translation displacement, node 24, m
        189   -1.674E+02                                 F               0         Blade 1 Z translation displacement, node 24, m
        190    7.242E+00                                 F               0         Blade 1 X translation displacement, node 25, m
        191    8.049E+01                                 F               0         Blade 1 Y translation displacement, node 25, m
        192   -1.735E+02                                 F               0         Blade 1 Z translation displacement, node 25, m
        193    6.209E+00                                 F               0         Blade 1 X translation displacement, node 26, m
        194    8.359E+01                                 F               0         Blade 1 Y translation displacement, node 26, m
        195   -1.796E+02                                 F               0         Blade 1 Z translation displacement, node 26, m
        196    5.176E+00                                 F               0         Blade 1 X translation displacement, node 27, m
        197    8.669E+01                                 F               0         Blade 1 Y translation displacement, node 27, m
        198   -1.856E+02                                 F               0         Blade 1 Z translation displacement, node 27, m
        199    4.301E+00                                 F               0         Blade 1 X translation displacement, node 28, m
        200    8.931E+01                                 F               0         Blade 1 Y translation displacement, node 28, m
        201   -1.908E+02                                 F               0         Blade 1 Z translation displacement, node 28, m
        202    9.470E-01,  2.904E-01,  1.370E-01         F               0         Blade 1 X orientation angle, node 1, rad
        203    2.770E-01, -5.230E-01, -8.060E-01         F               0         Blade 1 Y orientation angle, node 1, rad
        204   -1.625E-01,  8.013E-01, -5.758E-01         F               0         Blade 1 Z orientation angle, node 1, rad
        205    9.470E-01,  2.904E-01,  1.370E-01         F               0         Blade 1 X orientation angle, node 2, rad
        206    2.770E-01, -5.230E-01, -8.060E-01         F               0         Blade 1 Y orientation angle, node 2, rad
        207   -1.625E-01,  8.013E-01, -5.758E-01         F               0         Blade 1 Z orientation angle, node 2, rad
        208    9.857E-01,  1.582E-01, -5.797E-02         F               0         Blade 1 X orientation angle, node 3, rad
        209    4.464E-02, -5.770E-01, -8.155E-01         F               0         Blade 1 Y orientation angle, node 3, rad
        210   -1.625E-01,  8.013E-01, -5.758E-01         F               0         Blade 1 Z orientation angle, node 3, rad
        211    9.867E-01,  1.337E-01, -9.235E-02         F               0         Blade 1 X orientation angle, node 4, rad
        212    2.978E-03, -5.831E-01, -8.124E-01         F               0         Blade 1 Y orientation angle, node 4, rad
        213   -1.625E-01,  8.013E-01, -5.758E-01         F               0         Blade 1 Z orientation angle, node 4, rad
        214    9.863E-01,  1.143E-01, -1.192E-01         F               0         Blade 1 X orientation angle, node 5, rad
        215   -2.974E-02, -5.872E-01, -8.089E-01         F               0         Blade 1 Y orientation angle, node 5, rad
        216   -1.625E-01,  8.013E-01, -5.758E-01         F               0         Blade 1 Z orientation angle, node 5, rad
        217    9.851E-01,  9.867E-02, -1.406E-01         F               0         Blade 1 X orientation angle, node 6, rad
        218   -5.589E-02, -5.901E-01, -8.054E-01         F               0         Blade 1 Y orientation angle, node 6, rad
        219   -1.625E-01,  8.013E-01, -5.758E-01         F               0         Blade 1 Z orientation angle, node 6, rad
        220    9.837E-01,  8.578E-02, -1.582E-01         F               0         Blade 1 X orientation angle, node 7, rad
        221   -7.737E-02, -5.921E-01, -8.022E-01         F               0         Blade 1 Y orientation angle, node 7, rad
        222   -1.625E-01,  8.013E-01, -5.758E-01         F               0         Blade 1 Z orientation angle, node 7, rad
        223    9.821E-01,  7.502E-02, -1.727E-01         F               0         Blade 1 X orientation angle, node 8, rad
        224   -9.521E-02, -5.935E-01, -7.992E-01         F               0         Blade 1 Y orientation angle, node 8, rad
        225   -1.625E-01,  8.013E-01, -5.758E-01         F               0         Blade 1 Z orientation angle, node 8, rad
        226    9.805E-01,  6.589E-02, -1.850E-01         F               0         Blade 1 X orientation angle, node 9, rad
        227   -1.103E-01, -5.946E-01, -7.964E-01         F               0         Blade 1 Y orientation angle, node 9, rad
        228   -1.625E-01,  8.013E-01, -5.758E-01         F               0         Blade 1 Z orientation angle, node 9, rad
        229    9.790E-01,  5.800E-02, -1.955E-01         F               0         Blade 1 X orientation angle, node 10, rad
        230   -1.233E-01, -5.954E-01, -7.939E-01         F               0         Blade 1 Y orientation angle, node 10, rad
        231   -1.625E-01,  8.013E-01, -5.758E-01         F               0         Blade 1 Z orientation angle, node 10, rad
        232    9.775E-01,  5.124E-02, -2.045E-01         F               0         Blade 1 X orientation angle, node 11, rad
        233   -1.344E-01, -5.961E-01, -7.916E-01         F               0         Blade 1 Y orientation angle, node 11, rad
        234   -1.625E-01,  8.013E-01, -5.758E-01         F               0         Blade 1 Z orientation angle, node 11, rad
        235    9.761E-01,  4.531E-02, -2.124E-01         F               0         Blade 1 X orientation angle, node 12, rad
        236   -1.441E-01, -5.965E-01, -7.895E-01         F               0         Blade 1 Y orientation angle, node 12, rad
        237   -1.625E-01,  8.013E-01, -5.758E-01         F               0         Blade 1 Z orientation angle, node 12, rad
        238    9.748E-01,  4.010E-02, -2.193E-01         F               0         Blade 1 X orientation angle, node 13, rad
        239   -1.526E-01, -5.969E-01, -7.877E-01         F               0         Blade 1 Y orientation angle, node 13, rad
        240   -1.625E-01,  8.013E-01, -5.758E-01         F               0         Blade 1 Z orientation angle, node 13, rad
        241    9.736E-01,  3.541E-02, -2.254E-01         F               0         Blade 1 X orientation angle, node 14, rad
        242   -1.603E-01, -5.972E-01, -7.859E-01         F               0         Blade 1 Y orientation angle, node 14, rad
        243   -1.625E-01,  8.013E-01, -5.758E-01         F               0         Blade 1 Z orientation angle, node 14, rad
        244    9.725E-01,  3.124E-02, -2.309E-01         F               0         Blade 1 X orientation angle, node 15, rad
        245   -1.671E-01, -5.974E-01, -7.843E-01         F               0         Blade 1 Y orientation angle, node 15, rad
        246   -1.625E-01,  8.013E-01, -5.758E-01         F               0         Blade 1 Z orientation angle, node 15, rad
        247    9.714E-01,  2.749E-02, -2.358E-01         F               0         Blade 1 X orientation angle, node 16, rad
        248   -1.732E-01, -5.976E-01, -7.829E-01         F               0         Blade 1 Y orientation angle, node 16, rad
        249   -1.625E-01,  8.013E-01, -5.758E-01         F               0         Blade 1 Z orientation angle, node 16, rad
        250    9.704E-01,  2.415E-02, -2.402E-01         F               0         Blade 1 X orientation angle, node 17, rad
        251   -1.786E-01, -5.978E-01, -7.815E-01         F               0         Blade 1 Y orientation angle, node 17, rad
        252   -1.625E-01,  8.013E-01, -5.758E-01         F               0         Blade 1 Z orientation angle, node 17, rad
        253    9.695E-01,  2.102E-02, -2.443E-01         F               0         Blade 1 X orientation angle, node 18, rad
        254   -1.837E-01, -5.979E-01, -7.803E-01         F               0         Blade 1 Y orientation angle, node 18, rad
        255   -1.625E-01,  8.013E-01, -5.758E-01         F               0         Blade 1 Z orientation angle, node 18, rad
        256    9.686E-01,  1.820E-02, -2.480E-01         F               0         Blade 1 X orientation angle, node 19, rad
        257   -1.882E-01, -5.980E-01, -7.791E-01         F               0         Blade 1 Y orientation angle, node 19, rad
        258   -1.625E-01,  8.013E-01, -5.758E-01         F               0         Blade 1 Z orientation angle, node 19, rad
        259    9.678E-01,  1.569E-02, -2.512E-01         F               0         Blade 1 X orientation angle, node 20, rad
        260   -1.923E-01, -5.981E-01, -7.780E-01         F               0         Blade 1 Y orientation angle, node 20, rad
        261   -1.625E-01,  8.013E-01, -5.758E-01         F               0         Blade 1 Z orientation angle, node 20, rad
        262    9.670E-01,  1.329E-02, -2.544E-01         F               0         Blade 1 X orientation angle, node 21, rad
        263   -1.962E-01, -5.981E-01, -7.770E-01         F               0         Blade 1 Y orientation angle, node 21, rad
        264   -1.625E-01,  8.013E-01, -5.758E-01         F               0         Blade 1 Z orientation angle, node 21, rad
        265    9.663E-01,  1.110E-02, -2.572E-01         F               0         Blade 1 X orientation angle, node 22, rad
        266   -1.997E-01, -5.982E-01, -7.761E-01         F               0         Blade 1 Y orientation angle, node 22, rad
        267   -1.625E-01,  8.013E-01, -5.758E-01         F               0         Blade 1 Z orientation angle, node 22, rad
        268    9.656E-01,  9.117E-03, -2.598E-01         F               0         Blade 1 X orientation angle, node 23, rad
        269   -2.029E-01, -5.982E-01, -7.752E-01         F               0         Blade 1 Y orientation angle, node 23, rad
        270   -1.625E-01,  8.013E-01, -5.758E-01         F               0         Blade 1 Z orientation angle, node 23, rad
        271    9.650E-01,  7.238E-03, -2.622E-01         F               0         Blade 1 X orientation angle, node 24, rad
        272   -2.059E-01, -5.982E-01, -7.744E-01         F               0         Blade 1 Y orientation angle, node 24, rad
        273   -1.625E-01,  8.013E-01, -5.758E-01         F               0         Blade 1 Z orientation angle, node 24, rad
        274    9.644E-01,  5.463E-03, -2.645E-01         F               0         Blade 1 X orientation angle, node 25, rad
        275   -2.088E-01, -5.982E-01, -7.736E-01         F               0         Blade 1 Y orientation angle, node 25, rad
        276   -1.625E-01,  8.013E-01, -5.758E-01         F               0         Blade 1 Z orientation angle, node 25, rad
        277    9.638E-01,  3.897E-03, -2.665E-01         F               0         Blade 1 X orientation angle, node 26, rad
        278   -2.113E-01, -5.982E-01, -7.729E-01         F               0         Blade 1 Y orientation angle, node 26, rad
        279   -1.625E-01,  8.013E-01, -5.758E-01         F               0         Blade 1 Z orientation angle, node 26, rad
        280    9.633E-01,  2.331E-03, -2.686E-01         F               0         Blade 1 X orientation angle, node 27, rad
        281   -2.139E-01, -5.983E-01, -7.722E-01         F               0         Blade 1 Y orientation angle, node 27, rad
        282   -1.625E-01,  8.013E-01, -5.758E-01         F               0         Blade 1 Z orientation angle, node 27, rad
        283    9.630E-01,  1.495E-03, -2.696E-01         F               0         Blade 1 X orientation angle, node 28, rad
        284   -2.152E-01, -5.983E-01, -7.719E-01         F               0         Blade 1 Y orientation angle, node 28, rad
        285   -1.625E-01,  8.013E-01, -5.758E-01         F               0         Blade 1 Z orientation angle, node 28, rad
        286    1.238E+00                                 F               0         Blade 1 X translation velocity, node 1, m/s
        287    3.450E+00                                 F               0         Blade 1 Y translation velocity, node 1, m/s
        288    4.463E+00                                 F               0         Blade 1 Z translation velocity, node 1, m/s
        289    1.535E+00                                 F               0         Blade 1 X translation velocity, node 2, m/s
        290    4.282E+00                                 F               0         Blade 1 Y translation velocity, node 2, m/s
        291    5.537E+00                                 F               0         Blade 1 Z translation velocity, node 2, m/s
        292    5.584E+00                                 F               0         Blade 1 X translation velocity, node 3, m/s
        293    1.560E+01                                 F               0         Blade 1 Y translation velocity, node 3, m/s
        294    2.014E+01                                 F               0         Blade 1 Z translation velocity, node 3, m/s
        295    6.446E+00                                 F               0         Blade 1 X translation velocity, node 4, m/s
        296    1.801E+01                                 F               0         Blade 1 Y translation velocity, node 4, m/s
        297    2.326E+01                                 F               0         Blade 1 Z translation velocity, node 4, m/s
        298    7.309E+00                                 F               0         Blade 1 X translation velocity, node 5, m/s
        299    2.042E+01                                 F               0         Blade 1 Y translation velocity, node 5, m/s
        300    2.637E+01                                 F               0         Blade 1 Z translation velocity, node 5, m/s
        301    8.171E+00                                 F               0         Blade 1 X translation velocity, node 6, m/s
        302    2.283E+01                                 F               0         Blade 1 Y translation velocity, node 6, m/s
        303    2.948E+01                                 F               0         Blade 1 Z translation velocity, node 6, m/s
        304    9.034E+00                                 F               0         Blade 1 X translation velocity, node 7, m/s
        305    2.524E+01                                 F               0         Blade 1 Y translation velocity, node 7, m/s
        306    3.259E+01                                 F               0         Blade 1 Z translation velocity, node 7, m/s
        307    9.897E+00                                 F               0         Blade 1 X translation velocity, node 8, m/s
