
Linearized model: Predictions were generated on 31-Jan-2024 at 12:35:17 using OpenFAST, compiled as a 64-bit application using single precision at commit v3.5.1
 linked with  NWTC Subroutine Library; ElastoDyn; InflowWind; AeroDyn; ServoDyn; HydroDyn; MAP++ (<1.20.10>, <Oct-20-2023>)

Description from the FAST input file: CCT-9 Campign 4 model. Input files to be run with OpenFAST 3.5.0. GitHub branch from Lu Wang (https://github.com/luwang00/openfast/tree/dev) compiled on March 7, 2023.

Simulation information:
   Simulation time:                   505.2000 s
   Rotor Speed:                         0.8938 rad/s
   Azimuth:                             5.3938 rad
   Wind Speed:                         10.0000 m/s
   Number of continuous states:         0
   Number of discrete states:           0
   Number of constraint states:         0
   Number of inputs:                 1746
   Number of outputs:                   4
   Jacobians included in this file?    No

Order of inputs:
     Column   Operating Point                     Rotating Frame? Derivative Order Description
   ---------- ---------------                     --------------- ---------------- -----------
          1    8.512E+00                                 F               0         Tower X translation displacement, node 1, m
          2   -1.355E+00                                 F               0         Tower Y translation displacement, node 1, m
          3   -9.383E-02                                 F               0         Tower Z translation displacement, node 1, m
          4    8.748E+00                                 F               0         Tower X translation displacement, node 2, m
          5   -1.887E+00                                 F               0         Tower Y translation displacement, node 2, m
          6   -1.076E-01                                 F               0         Tower Z translation displacement, node 2, m
          7    8.998E+00                                 F               0         Tower X translation displacement, node 3, m
          8   -2.420E+00                                 F               0         Tower Y translation displacement, node 3, m
          9   -1.216E-01                                 F               0         Tower Z translation displacement, node 3, m
         10    9.258E+00                                 F               0         Tower X translation displacement, node 4, m
         11   -2.952E+00                                 F               0         Tower Y translation displacement, node 4, m
         12   -1.358E-01                                 F               0         Tower Z translation displacement, node 4, m
         13    9.525E+00                                 F               0         Tower X translation displacement, node 5, m
         14   -3.485E+00                                 F               0         Tower Y translation displacement, node 5, m
         15   -1.502E-01                                 F               0         Tower Z translation displacement, node 5, m
         16    9.799E+00                                 F               0         Tower X translation displacement, node 6, m
         17   -4.017E+00                                 F               0         Tower Y translation displacement, node 6, m
         18   -1.647E-01                                 F               0         Tower Z translation displacement, node 6, m
         19    1.008E+01                                 F               0         Tower X translation displacement, node 7, m
         20   -4.549E+00                                 F               0         Tower Y translation displacement, node 7, m
         21   -1.793E-01                                 F               0         Tower Z translation displacement, node 7, m
         22    1.036E+01                                 F               0         Tower X translation displacement, node 8, m
         23   -5.082E+00                                 F               0         Tower Y translation displacement, node 8, m
         24   -1.940E-01                                 F               0         Tower Z translation displacement, node 8, m
         25    1.064E+01                                 F               0         Tower X translation displacement, node 9, m
         26   -5.614E+00                                 F               0         Tower Y translation displacement, node 9, m
         27   -2.087E-01                                 F               0         Tower Z translation displacement, node 9, m
         28    1.092E+01                                 F               0         Tower X translation displacement, node 10, m
         29   -6.146E+00                                 F               0         Tower Y translation displacement, node 10, m
         30   -2.234E-01                                 F               0         Tower Z translation displacement, node 10, m
         31    1.121E+01                                 F               0         Tower X translation displacement, node 11, m
         32   -6.679E+00                                 F               0         Tower Y translation displacement, node 11, m
         33   -2.382E-01                                 F               0         Tower Z translation displacement, node 11, m
         34    9.998E-01,  7.496E-03, -1.841E-02         F               0         Tower X orientation angle, node 1, rad
         35   -6.694E-03,  9.990E-01,  4.325E-02         F               0         Tower Y orientation angle, node 1, rad
         36    1.872E-02, -4.312E-02,  9.989E-01         F               0         Tower Z orientation angle, node 1, rad
         37    9.998E-01,  7.540E-03, -1.943E-02         F               0         Tower X orientation angle, node 2, rad
         38   -6.694E-03,  9.990E-01,  4.325E-02         F               0         Tower Y orientation angle, node 2, rad
         39    1.974E-02, -4.311E-02,  9.989E-01         F               0         Tower Z orientation angle, node 2, rad
         40    9.998E-01,  7.578E-03, -2.030E-02         F               0         Tower X orientation angle, node 3, rad
         41   -6.694E-03,  9.990E-01,  4.325E-02         F               0         Tower Y orientation angle, node 3, rad
         42    2.061E-02, -4.310E-02,  9.989E-01         F               0         Tower Z orientation angle, node 3, rad
         43    9.998E-01,  7.608E-03, -2.102E-02         F               0         Tower X orientation angle, node 4, rad
         44   -6.694E-03,  9.990E-01,  4.325E-02         F               0         Tower Y orientation angle, node 4, rad
         45    2.133E-02, -4.310E-02,  9.988E-01         F               0         Tower Z orientation angle, node 4, rad
         46    9.997E-01,  7.633E-03, -2.158E-02         F               0         Tower X orientation angle, node 5, rad
         47   -6.694E-03,  9.990E-01,  4.325E-02         F               0         Tower Y orientation angle, node 5, rad
         48    2.189E-02, -4.309E-02,  9.988E-01         F               0         Tower Z orientation angle, node 5, rad
         49    9.997E-01,  7.651E-03, -2.202E-02         F               0         Tower X orientation angle, node 6, rad
         50   -6.694E-03,  9.990E-01,  4.325E-02         F               0         Tower Y orientation angle, node 6, rad
         51    2.232E-02, -4.309E-02,  9.988E-01         F               0         Tower Z orientation angle, node 6, rad
         52    9.997E-01,  7.665E-03, -2.232E-02         F               0         Tower X orientation angle, node 7, rad
         53   -6.694E-03,  9.990E-01,  4.325E-02         F               0         Tower Y orientation angle, node 7, rad
         54    2.263E-02, -4.309E-02,  9.988E-01         F               0         Tower Z orientation angle, node 7, rad
         55    9.997E-01,  7.673E-03, -2.252E-02         F               0         Tower X orientation angle, node 8, rad
         56   -6.694E-03,  9.990E-01,  4.325E-02         F               0         Tower Y orientation angle, node 8, rad
         57    2.283E-02, -4.308E-02,  9.988E-01         F               0         Tower Z orientation angle, node 8, rad
         58    9.997E-01,  7.679E-03, -2.265E-02         F               0         Tower X orientation angle, node 9, rad
         59   -6.694E-03,  9.990E-01,  4.325E-02         F               0         Tower Y orientation angle, node 9, rad
         60    2.296E-02, -4.308E-02,  9.988E-01         F               0         Tower Z orientation angle, node 9, rad
         61    9.997E-01,  7.682E-03, -2.272E-02         F               0         Tower X orientation angle, node 10, rad
         62   -6.694E-03,  9.990E-01,  4.325E-02         F               0         Tower Y orientation angle, node 10, rad
         63    2.303E-02, -4.308E-02,  9.988E-01         F               0         Tower Z orientation angle, node 10, rad
         64    9.997E-01,  7.683E-03, -2.275E-02         F               0         Tower X orientation angle, node 11, rad
         65   -6.694E-03,  9.990E-01,  4.325E-02         F               0         Tower Y orientation angle, node 11, rad
         66    2.306E-02, -4.308E-02,  9.988E-01         F               0         Tower Z orientation angle, node 11, rad
         67   -1.940E-03                                 F               0         Tower X translation velocity, node 1, m/s
         68    5.867E-07                                 F               0         Tower Y translation velocity, node 1, m/s
         69   -8.288E-03                                 F               0         Tower Z translation velocity, node 1, m/s
         70   -1.934E-03                                 F               0         Tower X translation velocity, node 2, m/s
         71    1.025E-06                                 F               0         Tower Y translation velocity, node 2, m/s
         72   -8.288E-03                                 F               0         Tower Z translation velocity, node 2, m/s
         73   -1.916E-03                                 F               0         Tower X translation velocity, node 3, m/s
         74    1.585E-06                                 F               0         Tower Y translation velocity, node 3, m/s
         75   -8.289E-03                                 F               0         Tower Z translation velocity, node 3, m/s
         76   -1.884E-03                                 F               0         Tower X translation velocity, node 4, m/s
         77    2.260E-06                                 F               0         Tower Y translation velocity, node 4, m/s
         78   -8.289E-03                                 F               0         Tower Z translation velocity, node 4, m/s
         79   -1.840E-03                                 F               0         Tower X translation velocity, node 5, m/s
         80    3.052E-06                                 F               0         Tower Y translation velocity, node 5, m/s
         81   -8.290E-03                                 F               0         Tower Z translation velocity, node 5, m/s
         82   -1.781E-03                                 F               0         Tower X translation velocity, node 6, m/s
         83    3.959E-06                                 F               0         Tower Y translation velocity, node 6, m/s
         84   -8.292E-03                                 F               0         Tower Z translation velocity, node 6, m/s
         85   -1.711E-03                                 F               0         Tower X translation velocity, node 7, m/s
         86    4.968E-06                                 F               0         Tower Y translation velocity, node 7, m/s
         87   -8.293E-03                                 F               0         Tower Z translation velocity, node 7, m/s
         88   -1.628E-03                                 F               0         Tower X translation velocity, node 8, m/s
         89    6.078E-06                                 F               0         Tower Y translation velocity, node 8, m/s
         90   -8.295E-03                                 F               0         Tower Z translation velocity, node 8, m/s
         91   -1.534E-03                                 F               0         Tower X translation velocity, node 9, m/s
         92    7.275E-06                                 F               0         Tower Y translation velocity, node 9, m/s
         93   -8.297E-03                                 F               0         Tower Z translation velocity, node 9, m/s
         94   -1.431E-03                                 F               0         Tower X translation velocity, node 10, m/s
         95    8.540E-06                                 F               0         Tower Y translation velocity, node 10, m/s
         96   -8.299E-03                                 F               0         Tower Z translation velocity, node 10, m/s
         97   -1.323E-03                                 F               0         Tower X translation velocity, node 11, m/s
         98    9.850E-06                                 F               0         Tower Y translation velocity, node 11, m/s
         99   -8.302E-03                                 F               0         Tower Z translation velocity, node 11, m/s
        100    1.139E+01                                 F               0         Hub X translation displacement, node 1, m
        101   -7.100E+00                                 F               0         Hub Y translation displacement, node 1, m
        102   -1.848E-03                                 F               0         Hub Z translation displacement, node 1, m
        103    9.918E-01,  1.214E-02, -1.270E-01         F               0         Hub X orientation angle, node 1, rad
        104   -1.032E-01,  6.619E-01, -7.424E-01         F               0         Hub Y orientation angle, node 1, rad
        105    7.507E-02,  7.495E-01,  6.578E-01         F               0         Hub Z orientation angle, node 1, rad
        106    8.865E-01                                 F               0         Hub X rotation velocity, node 1, rad/s
        107    1.086E-02                                 F               0         Hub Y rotation velocity, node 1, rad/s
        108   -1.135E-01                                 F               0         Hub Z rotation velocity, node 1, rad/s
        109    9.944E-01, -7.498E-03, -1.049E-01         F               0         Blade root 1 X orientation angle, node 1, rad
        110   -7.372E-02,  6.620E-01, -7.459E-01         F               0         Blade root 1 Y orientation angle, node 1, rad
        111    7.507E-02,  7.495E-01,  6.578E-01         F               0         Blade root 1 Z orientation angle, node 1, rad
        112    9.879E-01,  2.703E-03, -1.549E-01         F               0         Blade root 2 X orientation angle, node 1, rad
        113    1.460E-01,  3.183E-01,  9.367E-01         F               0         Blade root 2 Y orientation angle, node 1, rad
        114    5.183E-02, -9.480E-01,  3.141E-01         F               0         Blade root 2 Z orientation angle, node 1, rad
        115    9.918E-01,  4.121E-02, -1.211E-01         F               0         Blade root 3 X orientation angle, node 1, rad
        116    1.601E-02, -9.792E-01, -2.021E-01         F               0         Blade root 3 Y orientation angle, node 1, rad
        117   -1.269E-01,  1.985E-01, -9.718E-01         F               0         Blade root 3 Z orientation angle, node 1, rad
        118    1.123E+01                                 F               0         Blade 1 X translation displacement, node 1, m
        119   -2.948E+00                                 F               0         Blade 1 Y translation displacement, node 1, m
        120   -1.867E+00                                 F               0         Blade 1 Z translation displacement, node 1, m
        121    1.119E+01                                 F               0         Blade 1 X translation displacement, node 2, m
        122   -1.947E+00                                 F               0         Blade 1 Y translation displacement, node 2, m
        123   -2.317E+00                                 F               0         Blade 1 Z translation displacement, node 2, m
        124    1.066E+01                                 F               0         Blade 1 X translation displacement, node 3, m
        125    1.166E+01                                 F               0         Blade 1 Y translation displacement, node 3, m
        126   -8.430E+00                                 F               0         Blade 1 Z translation displacement, node 3, m
        127    1.054E+01                                 F               0         Blade 1 X translation displacement, node 4, m
        128    1.456E+01                                 F               0         Blade 1 Y translation displacement, node 4, m
        129   -9.732E+00                                 F               0         Blade 1 Z translation displacement, node 4, m
        130    1.043E+01                                 F               0         Blade 1 X translation displacement, node 5, m
        131    1.745E+01                                 F               0         Blade 1 Y translation displacement, node 5, m
        132   -1.103E+01                                 F               0         Blade 1 Z translation displacement, node 5, m
        133    1.031E+01                                 F               0         Blade 1 X translation displacement, node 6, m
        134    2.035E+01                                 F               0         Blade 1 Y translation displacement, node 6, m
        135   -1.234E+01                                 F               0         Blade 1 Z translation displacement, node 6, m
        136    1.020E+01                                 F               0         Blade 1 X translation displacement, node 7, m
        137    2.325E+01                                 F               0         Blade 1 Y translation displacement, node 7, m
        138   -1.364E+01                                 F               0         Blade 1 Z translation displacement, node 7, m
        139    1.009E+01                                 F               0         Blade 1 X translation displacement, node 8, m
        140    2.615E+01                                 F               0         Blade 1 Y translation displacement, node 8, m
        141   -1.494E+01                                 F               0         Blade 1 Z translation displacement, node 8, m
        142    9.973E+00                                 F               0         Blade 1 X translation displacement, node 9, m
        143    2.905E+01                                 F               0         Blade 1 Y translation displacement, node 9, m
        144   -1.624E+01                                 F               0         Blade 1 Z translation displacement, node 9, m
        145    9.859E+00                                 F               0         Blade 1 X translation displacement, node 10, m
        146    3.195E+01                                 F               0         Blade 1 Y translation displacement, node 10, m
        147   -1.755E+01                                 F               0         Blade 1 Z translation displacement, node 10, m
        148    9.745E+00                                 F               0         Blade 1 X translation displacement, node 11, m
        149    3.485E+01                                 F               0         Blade 1 Y translation displacement, node 11, m
        150   -1.885E+01                                 F               0         Blade 1 Z translation displacement, node 11, m
        151    9.631E+00                                 F               0         Blade 1 X translation displacement, node 12, m
        152    3.775E+01                                 F               0         Blade 1 Y translation displacement, node 12, m
        153   -2.015E+01                                 F               0         Blade 1 Z translation displacement, node 12, m
        154    9.517E+00                                 F               0         Blade 1 X translation displacement, node 13, m
        155    4.064E+01                                 F               0         Blade 1 Y translation displacement, node 13, m
        156   -2.145E+01                                 F               0         Blade 1 Z translation displacement, node 13, m
        157    9.403E+00                                 F               0         Blade 1 X translation displacement, node 14, m
        158    4.354E+01                                 F               0         Blade 1 Y translation displacement, node 14, m
        159   -2.276E+01                                 F               0         Blade 1 Z translation displacement, node 14, m
        160    9.289E+00                                 F               0         Blade 1 X translation displacement, node 15, m
        161    4.644E+01                                 F               0         Blade 1 Y translation displacement, node 15, m
        162   -2.406E+01                                 F               0         Blade 1 Z translation displacement, node 15, m
        163    9.175E+00                                 F               0         Blade 1 X translation displacement, node 16, m
        164    4.934E+01                                 F               0         Blade 1 Y translation displacement, node 16, m
        165   -2.536E+01                                 F               0         Blade 1 Z translation displacement, node 16, m
        166    9.061E+00                                 F               0         Blade 1 X translation displacement, node 17, m
        167    5.224E+01                                 F               0         Blade 1 Y translation displacement, node 17, m
        168   -2.666E+01                                 F               0         Blade 1 Z translation displacement, node 17, m
        169    8.947E+00                                 F               0         Blade 1 X translation displacement, node 18, m
        170    5.514E+01                                 F               0         Blade 1 Y translation displacement, node 18, m
        171   -2.797E+01                                 F               0         Blade 1 Z translation displacement, node 18, m
        172    8.834E+00                                 F               0         Blade 1 X translation displacement, node 19, m
        173    5.804E+01                                 F               0         Blade 1 Y translation displacement, node 19, m
        174   -2.927E+01                                 F               0         Blade 1 Z translation displacement, node 19, m
        175    8.720E+00                                 F               0         Blade 1 X translation displacement, node 20, m
        176    6.093E+01                                 F               0         Blade 1 Y translation displacement, node 20, m
        177   -3.057E+01                                 F               0         Blade 1 Z translation displacement, node 20, m
        178    8.606E+00                                 F               0         Blade 1 X translation displacement, node 21, m
        179    6.383E+01                                 F               0         Blade 1 Y translation displacement, node 21, m
        180   -3.187E+01                                 F               0         Blade 1 Z translation displacement, node 21, m
        181    8.492E+00                                 F               0         Blade 1 X translation displacement, node 22, m
        182    6.673E+01                                 F               0         Blade 1 Y translation displacement, node 22, m
        183   -3.318E+01                                 F               0         Blade 1 Z translation displacement, node 22, m
        184    8.378E+00                                 F               0         Blade 1 X translation displacement, node 23, m
        185    6.963E+01                                 F               0         Blade 1 Y translation displacement, node 23, m
        186   -3.448E+01                                 F               0         Blade 1 Z translation displacement, node 23, m
        187    8.264E+00                                 F               0         Blade 1 X translation displacement, node 24, m
        188    7.253E+01                                 F               0         Blade 1 Y translation displacement, node 24, m
        189   -3.578E+01                                 F               0         Blade 1 Z translation displacement, node 24, m
        190    8.150E+00                                 F               0         Blade 1 X translation displacement, node 25, m
        191    7.543E+01                                 F               0         Blade 1 Y translation displacement, node 25, m
        192   -3.708E+01                                 F               0         Blade 1 Z translation displacement, node 25, m
        193    8.036E+00                                 F               0         Blade 1 X translation displacement, node 26, m
        194    7.833E+01                                 F               0         Blade 1 Y translation displacement, node 26, m
        195   -3.839E+01                                 F               0         Blade 1 Z translation displacement, node 26, m
        196    7.922E+00                                 F               0         Blade 1 X translation displacement, node 27, m
        197    8.123E+01                                 F               0         Blade 1 Y translation displacement, node 27, m
        198   -3.969E+01                                 F               0         Blade 1 Z translation displacement, node 27, m
        199    7.825E+00                                 F               0         Blade 1 X translation displacement, node 28, m
        200    8.368E+01                                 F               0         Blade 1 Y translation displacement, node 28, m
        201   -4.079E+01                                 F               0         Blade 1 Z translation displacement, node 28, m
        202    9.187E-01, -3.086E-01,  2.467E-01         F               0         Blade 1 X orientation angle, node 1, rad
        203    3.879E-01,  5.858E-01, -7.117E-01         F               0         Blade 1 Y orientation angle, node 1, rad
        204    7.507E-02,  7.495E-01,  6.578E-01         F               0         Blade 1 Z orientation angle, node 1, rad
        205    9.187E-01, -3.086E-01,  2.467E-01         F               0         Blade 1 X orientation angle, node 2, rad
        206    3.879E-01,  5.858E-01, -7.117E-01         F               0         Blade 1 Y orientation angle, node 2, rad
        207    7.507E-02,  7.495E-01,  6.578E-01         F               0         Blade 1 Z orientation angle, node 2, rad
        208    9.844E-01, -1.609E-01,  7.102E-02         F               0         Blade 1 X orientation angle, node 3, rad
        209    1.591E-01,  6.422E-01, -7.499E-01         F               0         Blade 1 Y orientation angle, node 3, rad
        210    7.507E-02,  7.495E-01,  6.578E-01         F               0         Blade 1 Z orientation angle, node 3, rad
        211    9.902E-01, -1.337E-01,  3.930E-02         F               0         Blade 1 X orientation angle, node 4, rad
        212    1.174E-01,  6.484E-01, -7.522E-01         F               0         Blade 1 Y orientation angle, node 4, rad
        213    7.507E-02,  7.495E-01,  6.578E-01         F               0         Blade 1 Z orientation angle, node 4, rad
        214    9.936E-01, -1.121E-01,  1.434E-02         F               0         Blade 1 X orientation angle, node 5, rad
        215    8.449E-02,  6.525E-01, -7.531E-01         F               0         Blade 1 Y orientation angle, node 5, rad
        216    7.507E-02,  7.495E-01,  6.578E-01         F               0         Blade 1 Z orientation angle, node 5, rad
        217    9.955E-01, -9.476E-02, -5.644E-03         F               0         Blade 1 X orientation angle, node 6, rad
        218    5.810E-02,  6.552E-01, -7.532E-01         F               0         Blade 1 Y orientation angle, node 6, rad
        219    7.507E-02,  7.495E-01,  6.578E-01         F               0         Blade 1 Z orientation angle, node 6, rad
        220    9.965E-01, -8.044E-02, -2.207E-02         F               0         Blade 1 X orientation angle, node 7, rad
        221    3.637E-02,  6.571E-01, -7.529E-01         F               0         Blade 1 Y orientation angle, node 7, rad
        222    7.507E-02,  7.495E-01,  6.578E-01         F               0         Blade 1 Z orientation angle, node 7, rad
        223    9.970E-01, -6.850E-02, -3.574E-02         F               0         Blade 1 X orientation angle, node 8, rad
        224    1.828E-02,  6.585E-01, -7.524E-01         F               0         Blade 1 Y orientation angle, node 8, rad
        225    7.507E-02,  7.495E-01,  6.578E-01         F               0         Blade 1 Z orientation angle, node 8, rad
        226    9.972E-01, -5.838E-02, -4.729E-02         F               0         Blade 1 X orientation angle, node 9, rad
        227    2.962E-03,  6.595E-01, -7.517E-01         F               0         Blade 1 Y orientation angle, node 9, rad
        228    7.507E-02,  7.495E-01,  6.578E-01         F               0         Blade 1 Z orientation angle, node 9, rad
        229    9.971E-01, -4.963E-02, -5.725E-02         F               0         Blade 1 X orientation angle, node 10, rad
        230   -1.026E-02,  6.602E-01, -7.510E-01         F               0         Blade 1 Y orientation angle, node 10, rad
        231    7.507E-02,  7.495E-01,  6.578E-01         F               0         Blade 1 Z orientation angle, node 10, rad
        232    9.969E-01, -4.213E-02, -6.577E-02         F               0         Blade 1 X orientation angle, node 11, rad
        233   -2.158E-02,  6.607E-01, -7.503E-01         F               0         Blade 1 Y orientation angle, node 11, rad
        234    7.507E-02,  7.495E-01,  6.578E-01         F               0         Blade 1 Z orientation angle, node 11, rad
        235    9.967E-01, -3.556E-02, -7.323E-02         F               0         Blade 1 X orientation angle, node 12, rad
        236   -3.149E-02,  6.611E-01, -7.496E-01         F               0         Blade 1 Y orientation angle, node 12, rad
        237    7.507E-02,  7.495E-01,  6.578E-01         F               0         Blade 1 Z orientation angle, node 12, rad
        238    9.964E-01, -2.979E-02, -7.977E-02         F               0         Blade 1 X orientation angle, node 13, rad
        239   -4.019E-02,  6.614E-01, -7.490E-01         F               0         Blade 1 Y orientation angle, node 13, rad
        240    7.507E-02,  7.495E-01,  6.578E-01         F               0         Blade 1 Z orientation angle, node 13, rad
        241    9.960E-01, -2.459E-02, -8.565E-02         F               0         Blade 1 X orientation angle, node 14, rad
        242   -4.801E-02,  6.616E-01, -7.483E-01         F               0         Blade 1 Y orientation angle, node 14, rad
        243    7.507E-02,  7.495E-01,  6.578E-01         F               0         Blade 1 Z orientation angle, node 14, rad
        244    9.957E-01, -1.997E-02, -9.087E-02         F               0         Blade 1 X orientation angle, node 15, rad
        245   -5.497E-02,  6.617E-01, -7.477E-01         F               0         Blade 1 Y orientation angle, node 15, rad
        246    7.507E-02,  7.495E-01,  6.578E-01         F               0         Blade 1 Z orientation angle, node 15, rad
        247    9.953E-01, -1.582E-02, -9.557E-02         F               0         Blade 1 X orientation angle, node 16, rad
        248   -6.122E-02,  6.619E-01, -7.471E-01         F               0         Blade 1 Y orientation angle, node 16, rad
        249    7.507E-02,  7.495E-01,  6.578E-01         F               0         Blade 1 Z orientation angle, node 16, rad
        250    9.949E-01, -1.212E-02, -9.974E-02         F               0         Blade 1 X orientation angle, node 17, rad
        251   -6.678E-02,  6.619E-01, -7.466E-01         F               0         Blade 1 Y orientation angle, node 17, rad
        252    7.507E-02,  7.495E-01,  6.578E-01         F               0         Blade 1 Z orientation angle, node 17, rad
        253    9.946E-01, -8.654E-03, -1.036E-01         F               0         Blade 1 X orientation angle, node 18, rad
        254   -7.199E-02,  6.620E-01, -7.460E-01         F               0         Blade 1 Y orientation angle, node 18, rad
        255    7.507E-02,  7.495E-01,  6.578E-01         F               0         Blade 1 Z orientation angle, node 18, rad
        256    9.942E-01, -5.534E-03, -1.072E-01         F               0         Blade 1 X orientation angle, node 19, rad
        257   -7.667E-02,  6.620E-01, -7.455E-01         F               0         Blade 1 Y orientation angle, node 19, rad
        258    7.507E-02,  7.495E-01,  6.578E-01         F               0         Blade 1 Z orientation angle, node 19, rad
        259    9.939E-01, -2.761E-03, -1.103E-01         F               0         Blade 1 X orientation angle, node 20, rad
        260   -8.084E-02,  6.620E-01, -7.451E-01         F               0         Blade 1 Y orientation angle, node 20, rad
        261    7.507E-02,  7.495E-01,  6.578E-01         F               0         Blade 1 Z orientation angle, node 20, rad
        262    9.936E-01, -1.031E-04, -1.133E-01         F               0         Blade 1 X orientation angle, node 21, rad
        263   -8.483E-02,  6.621E-01, -7.446E-01         F               0         Blade 1 Y orientation angle, node 21, rad
        264    7.507E-02,  7.495E-01,  6.578E-01         F               0         Blade 1 Z orientation angle, node 21, rad
        265    9.932E-01,  2.323E-03, -1.160E-01         F               0         Blade 1 X orientation angle, node 22, rad
        266   -8.847E-02,  6.620E-01, -7.442E-01         F               0         Blade 1 Y orientation angle, node 22, rad
        267    7.507E-02,  7.495E-01,  6.578E-01         F               0         Blade 1 Z orientation angle, node 22, rad
        268    9.929E-01,  4.519E-03, -1.185E-01         F               0         Blade 1 X orientation angle, node 23, rad
        269   -9.176E-02,  6.620E-01, -7.438E-01         F               0         Blade 1 Y orientation angle, node 23, rad
        270    7.507E-02,  7.495E-01,  6.578E-01         F               0         Blade 1 Z orientation angle, node 23, rad
        271    9.927E-01,  6.599E-03, -1.208E-01         F               0         Blade 1 X orientation angle, node 24, rad
        272   -9.488E-02,  6.620E-01, -7.435E-01         F               0         Blade 1 Y orientation angle, node 24, rad
        273    7.507E-02,  7.495E-01,  6.578E-01         F               0         Blade 1 Z orientation angle, node 24, rad
        274    9.924E-01,  8.563E-03, -1.230E-01         F               0         Blade 1 X orientation angle, node 25, rad
        275   -9.782E-02,  6.620E-01, -7.431E-01         F               0         Blade 1 Y orientation angle, node 25, rad
        276    7.507E-02,  7.495E-01,  6.578E-01         F               0         Blade 1 Z orientation angle, node 25, rad
        277    9.921E-01,  1.030E-02, -1.250E-01         F               0         Blade 1 X orientation angle, node 26, rad
        278   -1.004E-01,  6.620E-01, -7.428E-01         F               0         Blade 1 Y orientation angle, node 26, rad
        279    7.507E-02,  7.495E-01,  6.578E-01         F               0         Blade 1 Z orientation angle, node 26, rad
        280    9.918E-01,  1.203E-02, -1.269E-01         F               0         Blade 1 X orientation angle, node 27, rad
        281   -1.030E-01,  6.619E-01, -7.424E-01         F               0         Blade 1 Y orientation angle, node 27, rad
        282    7.507E-02,  7.495E-01,  6.578E-01         F               0         Blade 1 Z orientation angle, node 27, rad
        283    9.917E-01,  1.295E-02, -1.279E-01         F               0         Blade 1 X orientation angle, node 28, rad
        284   -1.044E-01,  6.619E-01, -7.423E-01         F               0         Blade 1 Y orientation angle, node 28, rad
        285    7.507E-02,  7.495E-01,  6.578E-01         F               0         Blade 1 Z orientation angle, node 28, rad
        286    5.098E-01                                 F               0         Blade 1 X translation velocity, node 1, m/s
        287   -3.278E+00                                 F               0         Blade 1 Y translation velocity, node 1, m/s
        288    3.668E+00                                 F               0         Blade 1 Z translation velocity, node 1, m/s
        289    6.329E-01                                 F               0         Blade 1 X translation velocity, node 2, m/s
        290   -4.068E+00                                 F               0         Blade 1 Y translation velocity, node 2, m/s
        291    4.554E+00                                 F               0         Blade 1 Z translation velocity, node 2, m/s
        292    2.307E+00                                 F               0         Blade 1 X translation velocity, node 3, m/s
        293   -1.481E+01                                 F               0         Blade 1 Y translation velocity, node 3, m/s
        294    1.660E+01                                 F               0         Blade 1 Z translation velocity, node 3, m/s
        295    2.664E+00                                 F               0         Blade 1 X translation velocity, node 4, m/s
        296   -1.710E+01                                 F               0         Blade 1 Y translation velocity, node 4, m/s
        297    1.917E+01                                 F               0         Blade 1 Z translation velocity, node 4, m/s
        298    3.021E+00                                 F               0         Blade 1 X translation velocity, node 5, m/s
        299   -1.938E+01                                 F               0         Blade 1 Y translation velocity, node 5, m/s
        300    2.173E+01                                 F               0         Blade 1 Z translation velocity, node 5, m/s
        301    3.377E+00                                 F               0         Blade 1 X translation velocity, node 6, m/s
        302   -2.167E+01                                 F               0         Blade 1 Y translation velocity, node 6, m/s
        303    2.430E+01                                 F               0         Blade 1 Z translation velocity, node 6, m/s
        304    3.734E+00                                 F               0         Blade 1 X translation velocity, node 7, m/s
        305   -2.396E+01                                 F               0         Blade 1 Y translation velocity, node 7, m/s
        306    2.687E+01                                 F               0         Blade 1 Z translation velocity, node 7, m/s
        307    4.091E+00                                 F               0         Blade 1 X translation velocity, node 8, m/s
