
Linearized model: Predictions were generated on 06-Feb-2024 at 16:18:08 using OpenFAST, compiled as a 64-bit application using single precision at commit v3.5.1
 linked with  NWTC Subroutine Library; ElastoDyn; InflowWind; AeroDyn; ServoDyn; HydroDyn; MAP++ (<1.20.10>, <Oct-20-2023>)

Description from the FAST input file: CCT-9 Campign 4 model. Input files to be run with OpenFAST 3.5.0. GitHub branch from Lu Wang (https://github.com/luwang00/openfast/tree/dev) compiled on March 7, 2023.

Simulation information:
   Simulation time:                  1000.5000 s
   Rotor Speed:                         1.0419 rad/s
   Azimuth:                             2.0214 rad
   Wind Speed:                         12.0000 m/s
   Number of continuous states:         0
   Number of discrete states:           0
   Number of constraint states:         0
   Number of inputs:                 1746
   Number of outputs:                   4
   Jacobians included in this file?    No

Order of inputs:
     Column   Operating Point                     Rotating Frame? Derivative Order Description
   ---------- ---------------                     --------------- ---------------- -----------
          1    1.513E+01                                 F               0         Tower X translation displacement, node 1, m
          2   -1.423E+00                                 F               0         Tower Y translation displacement, node 1, m
          3   -4.936E-01                                 F               0         Tower Z translation displacement, node 1, m
          4    1.704E+01                                 F               0         Tower X translation displacement, node 2, m
          5   -2.004E+00                                 F               0         Tower Y translation displacement, node 2, m
          6   -6.563E-01                                 F               0         Tower Z translation displacement, node 2, m
          7    1.899E+01                                 F               0         Tower X translation displacement, node 3, m
          8   -2.591E+00                                 F               0         Tower Y translation displacement, node 3, m
          9   -8.246E-01                                 F               0         Tower Z translation displacement, node 3, m
         10    2.096E+01                                 F               0         Tower X translation displacement, node 4, m
         11   -3.182E+00                                 F               0         Tower Y translation displacement, node 4, m
         12   -9.974E-01                                 F               0         Tower Z translation displacement, node 4, m
         13    2.296E+01                                 F               0         Tower X translation displacement, node 5, m
         14   -3.777E+00                                 F               0         Tower Y translation displacement, node 5, m
         15   -1.174E+00                                 F               0         Tower Z translation displacement, node 5, m
         16    2.497E+01                                 F               0         Tower X translation displacement, node 6, m
         17   -4.375E+00                                 F               0         Tower Y translation displacement, node 6, m
         18   -1.354E+00                                 F               0         Tower Z translation displacement, node 6, m
         19    2.699E+01                                 F               0         Tower X translation displacement, node 7, m
         20   -4.975E+00                                 F               0         Tower Y translation displacement, node 7, m
         21   -1.536E+00                                 F               0         Tower Z translation displacement, node 7, m
         22    2.903E+01                                 F               0         Tower X translation displacement, node 8, m
         23   -5.578E+00                                 F               0         Tower Y translation displacement, node 8, m
         24   -1.720E+00                                 F               0         Tower Z translation displacement, node 8, m
         25    3.108E+01                                 F               0         Tower X translation displacement, node 9, m
         26   -6.182E+00                                 F               0         Tower Y translation displacement, node 9, m
         27   -1.905E+00                                 F               0         Tower Z translation displacement, node 9, m
         28    3.313E+01                                 F               0         Tower X translation displacement, node 10, m
         29   -6.787E+00                                 F               0         Tower Y translation displacement, node 10, m
         30   -2.092E+00                                 F               0         Tower Z translation displacement, node 10, m
         31    3.518E+01                                 F               0         Tower X translation displacement, node 11, m
         32   -7.393E+00                                 F               0         Tower Y translation displacement, node 11, m
         33   -2.279E+00                                 F               0         Tower Z translation displacement, node 11, m
         34    9.881E-01, -3.535E-03, -1.540E-01         F               0         Tower X orientation angle, node 1, rad
         35    1.070E-02,  9.989E-01,  4.575E-02         F               0         Tower Y orientation angle, node 1, rad
         36    1.537E-01, -4.686E-02,  9.870E-01         F               0         Tower Z orientation angle, node 1, rad
         37    9.877E-01, -3.411E-03, -1.566E-01         F               0         Tower X orientation angle, node 2, rad
         38    1.077E-02,  9.989E-01,  4.616E-02         F               0         Tower Y orientation angle, node 2, rad
         39    1.563E-01, -4.728E-02,  9.866E-01         F               0         Tower Z orientation angle, node 2, rad
         40    9.873E-01, -3.301E-03, -1.589E-01         F               0         Tower X orientation angle, node 3, rad
         41    1.083E-02,  9.989E-01,  4.653E-02         F               0         Tower Y orientation angle, node 3, rad
         42    1.585E-01, -4.765E-02,  9.862E-01         F               0         Tower Z orientation angle, node 3, rad
         43    9.870E-01, -3.206E-03, -1.608E-01         F               0         Tower X orientation angle, node 4, rad
         44    1.088E-02,  9.988E-01,  4.684E-02         F               0         Tower Y orientation angle, node 4, rad
         45    1.605E-01, -4.798E-02,  9.859E-01         F               0         Tower Z orientation angle, node 4, rad
         46    9.867E-01, -3.126E-03, -1.625E-01         F               0         Tower X orientation angle, node 5, rad
         47    1.092E-02,  9.988E-01,  4.712E-02         F               0         Tower Y orientation angle, node 5, rad
         48    1.621E-01, -4.827E-02,  9.856E-01         F               0         Tower Z orientation angle, node 5, rad
         49    9.865E-01, -3.061E-03, -1.638E-01         F               0         Tower X orientation angle, node 6, rad
         50    1.096E-02,  9.988E-01,  4.735E-02         F               0         Tower Y orientation angle, node 6, rad
         51    1.635E-01, -4.850E-02,  9.854E-01         F               0         Tower Z orientation angle, node 6, rad
         52    9.863E-01, -3.010E-03, -1.648E-01         F               0         Tower X orientation angle, node 7, rad
         53    1.099E-02,  9.988E-01,  4.753E-02         F               0         Tower Y orientation angle, node 7, rad
         54    1.645E-01, -4.869E-02,  9.852E-01         F               0         Tower Z orientation angle, node 7, rad
         55    9.862E-01, -2.972E-03, -1.656E-01         F               0         Tower X orientation angle, node 8, rad
         56    1.101E-02,  9.988E-01,  4.767E-02         F               0         Tower Y orientation angle, node 8, rad
         57    1.652E-01, -4.884E-02,  9.850E-01         F               0         Tower Z orientation angle, node 8, rad
         58    9.861E-01, -2.945E-03, -1.661E-01         F               0         Tower X orientation angle, node 9, rad
         59    1.103E-02,  9.988E-01,  4.778E-02         F               0         Tower Y orientation angle, node 9, rad
         60    1.658E-01, -4.894E-02,  9.849E-01         F               0         Tower Z orientation angle, node 9, rad
         61    9.860E-01, -2.928E-03, -1.665E-01         F               0         Tower X orientation angle, node 10, rad
         62    1.104E-02,  9.988E-01,  4.784E-02         F               0         Tower Y orientation angle, node 10, rad
         63    1.661E-01, -4.902E-02,  9.849E-01         F               0         Tower Z orientation angle, node 10, rad
         64    9.860E-01, -2.919E-03, -1.666E-01         F               0         Tower X orientation angle, node 11, rad
         65    1.105E-02,  9.988E-01,  4.788E-02         F               0         Tower Y orientation angle, node 11, rad
         66    1.663E-01, -4.905E-02,  9.849E-01         F               0         Tower Z orientation angle, node 11, rad
         67    7.637E-06                                 F               0         Tower X translation velocity, node 1, m/s
         68    5.593E-04                                 F               0         Tower Y translation velocity, node 1, m/s
         69   -2.750E-03                                 F               0         Tower Z translation velocity, node 1, m/s
         70   -1.159E-05                                 F               0         Tower X translation velocity, node 2, m/s
         71    9.242E-04                                 F               0         Tower Y translation velocity, node 2, m/s
         72   -2.729E-03                                 F               0         Tower Z translation velocity, node 2, m/s
         73    2.857E-05                                 F               0         Tower X translation velocity, node 3, m/s
         74    1.258E-03                                 F               0         Tower Y translation velocity, node 3, m/s
         75   -2.720E-03                                 F               0         Tower Z translation velocity, node 3, m/s
         76    1.081E-04                                 F               0         Tower X translation velocity, node 4, m/s
         77    1.565E-03                                 F               0         Tower Y translation velocity, node 4, m/s
         78   -2.718E-03                                 F               0         Tower Z translation velocity, node 4, m/s
         79    2.147E-04                                 F               0         Tower X translation velocity, node 5, m/s
         80    1.848E-03                                 F               0         Tower Y translation velocity, node 5, m/s
         81   -2.721E-03                                 F               0         Tower Z translation velocity, node 5, m/s
         82    3.371E-04                                 F               0         Tower X translation velocity, node 6, m/s
         83    2.109E-03                                 F               0         Tower Y translation velocity, node 6, m/s
         84   -2.729E-03                                 F               0         Tower Z translation velocity, node 6, m/s
         85    4.665E-04                                 F               0         Tower X translation velocity, node 7, m/s
         86    2.353E-03                                 F               0         Tower Y translation velocity, node 7, m/s
         87   -2.738E-03                                 F               0         Tower Z translation velocity, node 7, m/s
         88    5.971E-04                                 F               0         Tower X translation velocity, node 8, m/s
         89    2.580E-03                                 F               0         Tower Y translation velocity, node 8, m/s
         90   -2.749E-03                                 F               0         Tower Z translation velocity, node 8, m/s
         91    7.244E-04                                 F               0         Tower X translation velocity, node 9, m/s
         92    2.793E-03                                 F               0         Tower Y translation velocity, node 9, m/s
         93   -2.760E-03                                 F               0         Tower Z translation velocity, node 9, m/s
         94    8.467E-04                                 F               0         Tower X translation velocity, node 10, m/s
         95    2.997E-03                                 F               0         Tower Y translation velocity, node 10, m/s
         96   -2.770E-03                                 F               0         Tower Z translation velocity, node 10, m/s
         97    9.637E-04                                 F               0         Tower X translation velocity, node 11, m/s
         98    3.195E-03                                 F               0         Tower Y translation velocity, node 11, m/s
         99   -2.780E-03                                 F               0         Tower Z translation velocity, node 11, m/s
        100    3.664E+01                                 F               0         Hub X translation displacement, node 1, m
        101   -7.747E+00                                 F               0         Hub Y translation displacement, node 1, m
        102   -5.977E-01                                 F               0         Hub Z translation displacement, node 1, m
        103    9.632E-01,  2.224E-03, -2.687E-01         F               0         Hub X orientation angle, node 1, rad
        104    2.369E-01, -4.792E-01,  8.452E-01         F               0         Hub Y orientation angle, node 1, rad
        105   -1.269E-01, -8.777E-01, -4.621E-01         F               0         Hub Z orientation angle, node 1, rad
        106    1.004E+00                                 F               0         Hub X rotation velocity, node 1, rad/s
        107    2.327E-03                                 F               0         Hub Y rotation velocity, node 1, rad/s
        108   -2.799E-01                                 F               0         Hub Z rotation velocity, node 1, rad/s
        109    9.558E-01,  1.644E-02, -2.936E-01         F               0         Blade root 1 X orientation angle, node 1, rad
        110    2.653E-01, -4.789E-01,  8.368E-01         F               0         Blade root 1 Y orientation angle, node 1, rad
        111   -1.269E-01, -8.777E-01, -4.621E-01         F               0         Blade root 1 Z orientation angle, node 1, rad
        112    9.696E-01,  1.767E-02, -2.441E-01         F               0         Blade root 2 X orientation angle, node 1, rad
        113   -1.996E-01, -5.203E-01, -8.304E-01         F               0         Blade root 2 Y orientation angle, node 1, rad
        114   -1.417E-01,  8.538E-01, -5.009E-01         F               0         Blade root 2 Z orientation angle, node 1, rad
        115    9.631E-01, -2.743E-02, -2.679E-01         F               0         Blade root 3 X orientation angle, node 1, rad
        116    2.002E-02,  9.993E-01, -3.038E-02         F               0         Blade root 3 Y orientation angle, node 1, rad
        117    2.685E-01,  2.389E-02,  9.630E-01         F               0         Blade root 3 Z orientation angle, node 1, rad
        118    3.536E+01                                 F               0         Blade 1 X translation displacement, node 1, m
        119   -1.261E+01                                 F               0         Blade 1 Y translation displacement, node 1, m
        120   -8.667E+00                                 F               0         Blade 1 Z translation displacement, node 1, m
        121    3.505E+01                                 F               0         Blade 1 X translation displacement, node 2, m
        122   -1.378E+01                                 F               0         Blade 1 Y translation displacement, node 2, m
        123   -1.061E+01                                 F               0         Blade 1 Z translation displacement, node 2, m
        124    3.085E+01                                 F               0         Blade 1 X translation displacement, node 3, m
        125   -2.971E+01                                 F               0         Blade 1 Y translation displacement, node 3, m
        126   -3.705E+01                                 F               0         Blade 1 Z translation displacement, node 3, m
        127    2.995E+01                                 F               0         Blade 1 X translation displacement, node 4, m
        128   -3.311E+01                                 F               0         Blade 1 Y translation displacement, node 4, m
        129   -4.269E+01                                 F               0         Blade 1 Z translation displacement, node 4, m
        130    2.906E+01                                 F               0         Blade 1 X translation displacement, node 5, m
        131   -3.650E+01                                 F               0         Blade 1 Y translation displacement, node 5, m
        132   -4.832E+01                                 F               0         Blade 1 Z translation displacement, node 5, m
        133    2.816E+01                                 F               0         Blade 1 X translation displacement, node 6, m
        134   -3.990E+01                                 F               0         Blade 1 Y translation displacement, node 6, m
        135   -5.395E+01                                 F               0         Blade 1 Z translation displacement, node 6, m
        136    2.727E+01                                 F               0         Blade 1 X translation displacement, node 7, m
        137   -4.329E+01                                 F               0         Blade 1 Y translation displacement, node 7, m
        138   -5.959E+01                                 F               0         Blade 1 Z translation displacement, node 7, m
        139    2.637E+01                                 F               0         Blade 1 X translation displacement, node 8, m
        140   -4.669E+01                                 F               0         Blade 1 Y translation displacement, node 8, m
        141   -6.522E+01                                 F               0         Blade 1 Z translation displacement, node 8, m
        142    2.548E+01                                 F               0         Blade 1 X translation displacement, node 9, m
        143   -5.008E+01                                 F               0         Blade 1 Y translation displacement, node 9, m
        144   -7.085E+01                                 F               0         Blade 1 Z translation displacement, node 9, m
        145    2.458E+01                                 F               0         Blade 1 X translation displacement, node 10, m
        146   -5.348E+01                                 F               0         Blade 1 Y translation displacement, node 10, m
        147   -7.649E+01                                 F               0         Blade 1 Z translation displacement, node 10, m
        148    2.369E+01                                 F               0         Blade 1 X translation displacement, node 11, m
        149   -5.687E+01                                 F               0         Blade 1 Y translation displacement, node 11, m
        150   -8.212E+01                                 F               0         Blade 1 Z translation displacement, node 11, m
        151    2.279E+01                                 F               0         Blade 1 X translation displacement, node 12, m
        152   -6.027E+01                                 F               0         Blade 1 Y translation displacement, node 12, m
        153   -8.776E+01                                 F               0         Blade 1 Z translation displacement, node 12, m
        154    2.190E+01                                 F               0         Blade 1 X translation displacement, node 13, m
        155   -6.366E+01                                 F               0         Blade 1 Y translation displacement, node 13, m
        156   -9.339E+01                                 F               0         Blade 1 Z translation displacement, node 13, m
        157    2.100E+01                                 F               0         Blade 1 X translation displacement, node 14, m
        158   -6.706E+01                                 F               0         Blade 1 Y translation displacement, node 14, m
        159   -9.902E+01                                 F               0         Blade 1 Z translation displacement, node 14, m
        160    2.011E+01                                 F               0         Blade 1 X translation displacement, node 15, m
        161   -7.045E+01                                 F               0         Blade 1 Y translation displacement, node 15, m
        162   -1.047E+02                                 F               0         Blade 1 Z translation displacement, node 15, m
        163    1.921E+01                                 F               0         Blade 1 X translation displacement, node 16, m
        164   -7.385E+01                                 F               0         Blade 1 Y translation displacement, node 16, m
        165   -1.103E+02                                 F               0         Blade 1 Z translation displacement, node 16, m
        166    1.832E+01                                 F               0         Blade 1 X translation displacement, node 17, m
        167   -7.724E+01                                 F               0         Blade 1 Y translation displacement, node 17, m
        168   -1.159E+02                                 F               0         Blade 1 Z translation displacement, node 17, m
        169    1.742E+01                                 F               0         Blade 1 X translation displacement, node 18, m
        170   -8.064E+01                                 F               0         Blade 1 Y translation displacement, node 18, m
        171   -1.216E+02                                 F               0         Blade 1 Z translation displacement, node 18, m
        172    1.653E+01                                 F               0         Blade 1 X translation displacement, node 19, m
        173   -8.403E+01                                 F               0         Blade 1 Y translation displacement, node 19, m
        174   -1.272E+02                                 F               0         Blade 1 Z translation displacement, node 19, m
        175    1.563E+01                                 F               0         Blade 1 X translation displacement, node 20, m
        176   -8.742E+01                                 F               0         Blade 1 Y translation displacement, node 20, m
        177   -1.328E+02                                 F               0         Blade 1 Z translation displacement, node 20, m
        178    1.474E+01                                 F               0         Blade 1 X translation displacement, node 21, m
        179   -9.082E+01                                 F               0         Blade 1 Y translation displacement, node 21, m
        180   -1.385E+02                                 F               0         Blade 1 Z translation displacement, node 21, m
        181    1.384E+01                                 F               0         Blade 1 X translation displacement, node 22, m
        182   -9.421E+01                                 F               0         Blade 1 Y translation displacement, node 22, m
        183   -1.441E+02                                 F               0         Blade 1 Z translation displacement, node 22, m
        184    1.295E+01                                 F               0         Blade 1 X translation displacement, node 23, m
        185   -9.761E+01                                 F               0         Blade 1 Y translation displacement, node 23, m
        186   -1.497E+02                                 F               0         Blade 1 Z translation displacement, node 23, m
        187    1.205E+01                                 F               0         Blade 1 X translation displacement, node 24, m
        188   -1.010E+02                                 F               0         Blade 1 Y translation displacement, node 24, m
        189   -1.554E+02                                 F               0         Blade 1 Z translation displacement, node 24, m
        190    1.116E+01                                 F               0         Blade 1 X translation displacement, node 25, m
        191   -1.044E+02                                 F               0         Blade 1 Y translation displacement, node 25, m
        192   -1.610E+02                                 F               0         Blade 1 Z translation displacement, node 25, m
        193    1.026E+01                                 F               0         Blade 1 X translation displacement, node 26, m
        194   -1.078E+02                                 F               0         Blade 1 Y translation displacement, node 26, m
        195   -1.666E+02                                 F               0         Blade 1 Z translation displacement, node 26, m
        196    9.368E+00                                 F               0         Blade 1 X translation displacement, node 27, m
        197   -1.112E+02                                 F               0         Blade 1 Y translation displacement, node 27, m
        198   -1.723E+02                                 F               0         Blade 1 Z translation displacement, node 27, m
        199    8.609E+00                                 F               0         Blade 1 X translation displacement, node 28, m
        200   -1.141E+02                                 F               0         Blade 1 Y translation displacement, node 28, m
        201   -1.770E+02                                 F               0         Blade 1 Z translation displacement, node 28, m
        202    7.296E-01,  2.330E-01, -6.429E-01         F               0         Blade 1 X orientation angle, node 1, rad
        203    6.720E-01, -4.187E-01,  6.109E-01         F               0         Blade 1 Y orientation angle, node 1, rad
        204   -1.269E-01, -8.777E-01, -4.621E-01         F               0         Blade 1 Z orientation angle, node 1, rad
        205    7.296E-01,  2.330E-01, -6.429E-01         F               0         Blade 1 X orientation angle, node 2, rad
        206    6.720E-01, -4.187E-01,  6.109E-01         F               0         Blade 1 Y orientation angle, node 2, rad
        207   -1.269E-01, -8.777E-01, -4.621E-01         F               0         Blade 1 Z orientation angle, node 2, rad
        208    8.681E-01,  1.271E-01, -4.798E-01         F               0         Blade 1 X orientation angle, node 3, rad
        209    4.799E-01, -4.620E-01,  7.458E-01         F               0         Blade 1 Y orientation angle, node 3, rad
        210   -1.269E-01, -8.777E-01, -4.621E-01         F               0         Blade 1 Z orientation angle, node 3, rad
        211    8.876E-01,  1.075E-01, -4.479E-01         F               0         Blade 1 X orientation angle, node 4, rad
        212    4.428E-01, -4.670E-01,  7.654E-01         F               0         Blade 1 Y orientation angle, node 4, rad
        213   -1.269E-01, -8.777E-01, -4.621E-01         F               0         Blade 1 Z orientation angle, node 4, rad
        214    9.018E-01,  9.197E-02, -4.223E-01         F               0         Blade 1 X orientation angle, node 5, rad
        215    4.131E-01, -4.703E-01,  7.799E-01         F               0         Blade 1 Y orientation angle, node 5, rad
        216   -1.269E-01, -8.777E-01, -4.621E-01         F               0         Blade 1 Z orientation angle, node 5, rad
        217    9.124E-01,  7.946E-02, -4.014E-01         F               0         Blade 1 X orientation angle, node 6, rad
        218    3.891E-01, -4.725E-01,  7.908E-01         F               0         Blade 1 Y orientation angle, node 6, rad
        219   -1.269E-01, -8.777E-01, -4.621E-01         F               0         Blade 1 Z orientation angle, node 6, rad
        220    9.207E-01,  6.914E-02, -3.841E-01         F               0         Blade 1 X orientation angle, node 7, rad
        221    3.691E-01, -4.742E-01,  7.993E-01         F               0         Blade 1 Y orientation angle, node 7, rad
        222   -1.269E-01, -8.777E-01, -4.621E-01         F               0         Blade 1 Z orientation angle, node 7, rad
        223    9.272E-01,  6.052E-02, -3.695E-01         F               0         Blade 1 X orientation angle, node 8, rad
        224    3.523E-01, -4.753E-01,  8.062E-01         F               0         Blade 1 Y orientation angle, node 8, rad
        225   -1.269E-01, -8.777E-01, -4.621E-01         F               0         Blade 1 Z orientation angle, node 8, rad
        226    9.325E-01,  5.321E-02, -3.571E-01         F               0         Blade 1 X orientation angle, node 9, rad
        227    3.380E-01, -4.762E-01,  8.118E-01         F               0         Blade 1 Y orientation angle, node 9, rad
        228   -1.269E-01, -8.777E-01, -4.621E-01         F               0         Blade 1 Z orientation angle, node 9, rad
        229    9.369E-01,  4.689E-02, -3.463E-01         F               0         Blade 1 X orientation angle, node 10, rad
        230    3.256E-01, -4.769E-01,  8.164E-01         F               0         Blade 1 Y orientation angle, node 10, rad
        231   -1.269E-01, -8.777E-01, -4.621E-01         F               0         Blade 1 Z orientation angle, node 10, rad
        232    9.406E-01,  4.148E-02, -3.370E-01         F               0         Blade 1 X orientation angle, node 11, rad
        233    3.150E-01, -4.774E-01,  8.203E-01         F               0         Blade 1 Y orientation angle, node 11, rad
        234   -1.269E-01, -8.777E-01, -4.621E-01         F               0         Blade 1 Z orientation angle, node 11, rad
        235    9.437E-01,  3.673E-02, -3.288E-01         F               0         Blade 1 X orientation angle, node 12, rad
        236    3.056E-01, -4.778E-01,  8.236E-01         F               0         Blade 1 Y orientation angle, node 12, rad
        237   -1.269E-01, -8.777E-01, -4.621E-01         F               0         Blade 1 Z orientation angle, node 12, rad
        238    9.463E-01,  3.256E-02, -3.216E-01         F               0         Blade 1 X orientation angle, node 13, rad
        239    2.974E-01, -4.781E-01,  8.265E-01         F               0         Blade 1 Y orientation angle, node 13, rad
        240   -1.269E-01, -8.777E-01, -4.621E-01         F               0         Blade 1 Z orientation angle, node 13, rad
        241    9.486E-01,  2.880E-02, -3.151E-01         F               0         Blade 1 X orientation angle, node 14, rad
        242    2.899E-01, -4.783E-01,  8.290E-01         F               0         Blade 1 Y orientation angle, node 14, rad
        243   -1.269E-01, -8.777E-01, -4.621E-01         F               0         Blade 1 Z orientation angle, node 14, rad
        244    9.506E-01,  2.546E-02, -3.094E-01         F               0         Blade 1 X orientation angle, node 15, rad
        245    2.833E-01, -4.785E-01,  8.311E-01         F               0         Blade 1 Y orientation angle, node 15, rad
        246   -1.269E-01, -8.777E-01, -4.621E-01         F               0         Blade 1 Z orientation angle, node 15, rad
        247    9.524E-01,  2.245E-02, -3.041E-01         F               0         Blade 1 X orientation angle, node 16, rad
        248    2.773E-01, -4.786E-01,  8.331E-01         F               0         Blade 1 Y orientation angle, node 16, rad
        249   -1.269E-01, -8.777E-01, -4.621E-01         F               0         Blade 1 Z orientation angle, node 16, rad
        250    9.539E-01,  1.978E-02, -2.995E-01         F               0         Blade 1 X orientation angle, node 17, rad
        251    2.720E-01, -4.788E-01,  8.348E-01         F               0         Blade 1 Y orientation angle, node 17, rad
        252   -1.269E-01, -8.777E-01, -4.621E-01         F               0         Blade 1 Z orientation angle, node 17, rad
        253    9.553E-01,  1.727E-02, -2.951E-01         F               0         Blade 1 X orientation angle, node 18, rad
        254    2.670E-01, -4.789E-01,  8.363E-01         F               0         Blade 1 Y orientation angle, node 18, rad
        255   -1.269E-01, -8.777E-01, -4.621E-01         F               0         Blade 1 Z orientation angle, node 18, rad
        256    9.566E-01,  1.502E-02, -2.911E-01         F               0         Blade 1 X orientation angle, node 19, rad
        257    2.625E-01, -4.789E-01,  8.377E-01         F               0         Blade 1 Y orientation angle, node 19, rad
        258   -1.269E-01, -8.777E-01, -4.621E-01         F               0         Blade 1 Z orientation angle, node 19, rad
        259    9.577E-01,  1.301E-02, -2.876E-01         F               0         Blade 1 X orientation angle, node 20, rad
        260    2.585E-01, -4.790E-01,  8.389E-01         F               0         Blade 1 Y orientation angle, node 20, rad
        261   -1.269E-01, -8.777E-01, -4.621E-01         F               0         Blade 1 Z orientation angle, node 20, rad
        262    9.587E-01,  1.109E-02, -2.843E-01         F               0         Blade 1 X orientation angle, node 21, rad
        263    2.546E-01, -4.790E-01,  8.401E-01         F               0         Blade 1 Y orientation angle, node 21, rad
        264   -1.269E-01, -8.777E-01, -4.621E-01         F               0         Blade 1 Z orientation angle, node 21, rad
        265    9.596E-01,  9.332E-03, -2.812E-01         F               0         Blade 1 X orientation angle, node 22, rad
        266    2.511E-01, -4.791E-01,  8.411E-01         F               0         Blade 1 Y orientation angle, node 22, rad
        267   -1.269E-01, -8.777E-01, -4.621E-01         F               0         Blade 1 Z orientation angle, node 22, rad
        268    9.604E-01,  7.743E-03, -2.784E-01         F               0         Blade 1 X orientation angle, node 23, rad
        269    2.479E-01, -4.791E-01,  8.420E-01         F               0         Blade 1 Y orientation angle, node 23, rad
        270   -1.269E-01, -8.777E-01, -4.621E-01         F               0         Blade 1 Z orientation angle, node 23, rad
        271    9.612E-01,  6.238E-03, -2.757E-01         F               0         Blade 1 X orientation angle, node 24, rad
        272    2.449E-01, -4.791E-01,  8.429E-01         F               0         Blade 1 Y orientation angle, node 24, rad
        273   -1.269E-01, -8.777E-01, -4.621E-01         F               0         Blade 1 Z orientation angle, node 24, rad
        274    9.619E-01,  4.817E-03, -2.732E-01         F               0         Blade 1 X orientation angle, node 25, rad
        275    2.421E-01, -4.791E-01,  8.437E-01         F               0         Blade 1 Y orientation angle, node 25, rad
        276   -1.269E-01, -8.777E-01, -4.621E-01         F               0         Blade 1 Z orientation angle, node 25, rad
        277    9.626E-01,  3.562E-03, -2.710E-01         F               0         Blade 1 X orientation angle, node 26, rad
        278    2.395E-01, -4.792E-01,  8.444E-01         F               0         Blade 1 Y orientation angle, node 26, rad
        279   -1.269E-01, -8.777E-01, -4.621E-01         F               0         Blade 1 Z orientation angle, node 26, rad
        280    9.632E-01,  2.308E-03, -2.688E-01         F               0         Blade 1 X orientation angle, node 27, rad
        281    2.370E-01, -4.792E-01,  8.451E-01         F               0         Blade 1 Y orientation angle, node 27, rad
        282   -1.269E-01, -8.777E-01, -4.621E-01         F               0         Blade 1 Z orientation angle, node 27, rad
        283    9.635E-01,  1.639E-03, -2.676E-01         F               0         Blade 1 X orientation angle, node 28, rad
        284    2.357E-01, -4.792E-01,  8.455E-01         F               0         Blade 1 Y orientation angle, node 28, rad
        285   -1.269E-01, -8.777E-01, -4.621E-01         F               0         Blade 1 Z orientation angle, node 28, rad
        286   -1.366E+00                                 F               0         Blade 1 X translation velocity, node 1, m/s
        287    2.769E+00                                 F               0         Blade 1 Y translation velocity, node 1, m/s
        288   -4.881E+00                                 F               0         Blade 1 Z translation velocity, node 1, m/s
        289   -1.696E+00                                 F               0         Blade 1 X translation velocity, node 2, m/s
        290    3.436E+00                                 F               0         Blade 1 Y translation velocity, node 2, m/s
        291   -6.056E+00                                 F               0         Blade 1 Z translation velocity, node 2, m/s
        292   -6.175E+00                                 F               0         Blade 1 X translation velocity, node 3, m/s
        293    1.250E+01                                 F               0         Blade 1 Y translation velocity, node 3, m/s
        294   -2.204E+01                                 F               0         Blade 1 Z translation velocity, node 3, m/s
        295   -7.130E+00                                 F               0         Blade 1 X translation velocity, node 4, m/s
        296    1.443E+01                                 F               0         Blade 1 Y translation velocity, node 4, m/s
        297   -2.545E+01                                 F               0         Blade 1 Z translation velocity, node 4, m/s
        298   -8.084E+00                                 F               0         Blade 1 X translation velocity, node 5, m/s
        299    1.636E+01                                 F               0         Blade 1 Y translation velocity, node 5, m/s
        300   -2.885E+01                                 F               0         Blade 1 Z translation velocity, node 5, m/s
        301   -9.039E+00                                 F               0         Blade 1 X translation velocity, node 6, m/s
        302    1.829E+01                                 F               0         Blade 1 Y translation velocity, node 6, m/s
        303   -3.226E+01                                 F               0         Blade 1 Z translation velocity, node 6, m/s
        304   -9.993E+00                                 F               0         Blade 1 X translation velocity, node 7, m/s
        305    2.022E+01                                 F               0         Blade 1 Y translation velocity, node 7, m/s
        306   -3.566E+01                                 F               0         Blade 1 Z translation velocity, node 7, m/s
        307   -1.095E+01                                 F               0         Blade 1 X translation velocity, node 8, m/s
