
Linearized model: Predictions were generated on 06-Feb-2024 at 16:18:08 using OpenFAST, compiled as a 64-bit application using single precision at commit v3.5.1
 linked with  NWTC Subroutine Library; ElastoDyn; InflowWind; AeroDyn; ServoDyn; HydroDyn; MAP++ (<1.20.10>, <Oct-20-2023>)

Description from the FAST input file: CCT-9 Campign 4 model. Input files to be run with OpenFAST 3.5.0. GitHub branch from Lu Wang (https://github.com/luwang00/openfast/tree/dev) compiled on March 7, 2023.

Simulation information:
   Simulation time:                  1004.7250 s
   Rotor Speed:                         1.0419 rad/s
   Azimuth:                             0.1407 rad
   Wind Speed:                         12.0000 m/s
   Number of continuous states:         0
   Number of discrete states:           0
   Number of constraint states:         0
   Number of inputs:                 1746
   Number of outputs:                   4
   Jacobians included in this file?    No

Order of inputs:
     Column   Operating Point                     Rotating Frame? Derivative Order Description
   ---------- ---------------                     --------------- ---------------- -----------
          1    1.513E+01                                 F               0         Tower X translation displacement, node 1, m
          2   -1.424E+00                                 F               0         Tower Y translation displacement, node 1, m
          3   -4.937E-01                                 F               0         Tower Z translation displacement, node 1, m
          4    1.704E+01                                 F               0         Tower X translation displacement, node 2, m
          5   -2.006E+00                                 F               0         Tower Y translation displacement, node 2, m
          6   -6.564E-01                                 F               0         Tower Z translation displacement, node 2, m
          7    1.899E+01                                 F               0         Tower X translation displacement, node 3, m
          8   -2.593E+00                                 F               0         Tower Y translation displacement, node 3, m
          9   -8.247E-01                                 F               0         Tower Z translation displacement, node 3, m
         10    2.096E+01                                 F               0         Tower X translation displacement, node 4, m
         11   -3.185E+00                                 F               0         Tower Y translation displacement, node 4, m
         12   -9.975E-01                                 F               0         Tower Z translation displacement, node 4, m
         13    2.295E+01                                 F               0         Tower X translation displacement, node 5, m
         14   -3.780E+00                                 F               0         Tower Y translation displacement, node 5, m
         15   -1.174E+00                                 F               0         Tower Z translation displacement, node 5, m
         16    2.497E+01                                 F               0         Tower X translation displacement, node 6, m
         17   -4.379E+00                                 F               0         Tower Y translation displacement, node 6, m
         18   -1.354E+00                                 F               0         Tower Z translation displacement, node 6, m
         19    2.699E+01                                 F               0         Tower X translation displacement, node 7, m
         20   -4.979E+00                                 F               0         Tower Y translation displacement, node 7, m
         21   -1.536E+00                                 F               0         Tower Z translation displacement, node 7, m
         22    2.903E+01                                 F               0         Tower X translation displacement, node 8, m
         23   -5.582E+00                                 F               0         Tower Y translation displacement, node 8, m
         24   -1.720E+00                                 F               0         Tower Z translation displacement, node 8, m
         25    3.108E+01                                 F               0         Tower X translation displacement, node 9, m
         26   -6.187E+00                                 F               0         Tower Y translation displacement, node 9, m
         27   -1.905E+00                                 F               0         Tower Z translation displacement, node 9, m
         28    3.313E+01                                 F               0         Tower X translation displacement, node 10, m
         29   -6.792E+00                                 F               0         Tower Y translation displacement, node 10, m
         30   -2.092E+00                                 F               0         Tower Z translation displacement, node 10, m
         31    3.518E+01                                 F               0         Tower X translation displacement, node 11, m
         32   -7.398E+00                                 F               0         Tower Y translation displacement, node 11, m
         33   -2.279E+00                                 F               0         Tower Z translation displacement, node 11, m
         34    9.881E-01, -3.530E-03, -1.540E-01         F               0         Tower X orientation angle, node 1, rad
         35    1.071E-02,  9.989E-01,  4.581E-02         F               0         Tower Y orientation angle, node 1, rad
         36    1.536E-01, -4.692E-02,  9.870E-01         F               0         Tower Z orientation angle, node 1, rad
         37    9.877E-01, -3.406E-03, -1.566E-01         F               0         Tower X orientation angle, node 2, rad
         38    1.077E-02,  9.989E-01,  4.621E-02         F               0         Tower Y orientation angle, node 2, rad
         39    1.562E-01, -4.733E-02,  9.866E-01         F               0         Tower Z orientation angle, node 2, rad
         40    9.873E-01, -3.296E-03, -1.589E-01         F               0         Tower X orientation angle, node 3, rad
         41    1.083E-02,  9.989E-01,  4.657E-02         F               0         Tower Y orientation angle, node 3, rad
         42    1.585E-01, -4.770E-02,  9.862E-01         F               0         Tower Z orientation angle, node 3, rad
         43    9.870E-01, -3.201E-03, -1.608E-01         F               0         Tower X orientation angle, node 4, rad
         44    1.088E-02,  9.988E-01,  4.688E-02         F               0         Tower Y orientation angle, node 4, rad
         45    1.605E-01, -4.802E-02,  9.859E-01         F               0         Tower Z orientation angle, node 4, rad
         46    9.867E-01, -3.121E-03, -1.625E-01         F               0         Tower X orientation angle, node 5, rad
         47    1.092E-02,  9.988E-01,  4.715E-02         F               0         Tower Y orientation angle, node 5, rad
         48    1.621E-01, -4.830E-02,  9.856E-01         F               0         Tower Z orientation angle, node 5, rad
         49    9.865E-01, -3.056E-03, -1.638E-01         F               0         Tower X orientation angle, node 6, rad
         50    1.096E-02,  9.988E-01,  4.738E-02         F               0         Tower Y orientation angle, node 6, rad
         51    1.635E-01, -4.853E-02,  9.854E-01         F               0         Tower Z orientation angle, node 6, rad
         52    9.863E-01, -3.005E-03, -1.648E-01         F               0         Tower X orientation angle, node 7, rad
         53    1.099E-02,  9.988E-01,  4.756E-02         F               0         Tower Y orientation angle, node 7, rad
         54    1.645E-01, -4.872E-02,  9.852E-01         F               0         Tower Z orientation angle, node 7, rad
         55    9.862E-01, -2.967E-03, -1.656E-01         F               0         Tower X orientation angle, node 8, rad
         56    1.101E-02,  9.988E-01,  4.770E-02         F               0         Tower Y orientation angle, node 8, rad
         57    1.652E-01, -4.886E-02,  9.850E-01         F               0         Tower Z orientation angle, node 8, rad
         58    9.861E-01, -2.940E-03, -1.661E-01         F               0         Tower X orientation angle, node 9, rad
         59    1.103E-02,  9.988E-01,  4.780E-02         F               0         Tower Y orientation angle, node 9, rad
         60    1.658E-01, -4.897E-02,  9.849E-01         F               0         Tower Z orientation angle, node 9, rad
         61    9.860E-01, -2.923E-03, -1.665E-01         F               0         Tower X orientation angle, node 10, rad
         62    1.104E-02,  9.988E-01,  4.786E-02         F               0         Tower Y orientation angle, node 10, rad
         63    1.661E-01, -4.903E-02,  9.849E-01         F               0         Tower Z orientation angle, node 10, rad
         64    9.860E-01, -2.914E-03, -1.666E-01         F               0         Tower X orientation angle, node 11, rad
         65    1.105E-02,  9.988E-01,  4.790E-02         F               0         Tower Y orientation angle, node 11, rad
         66    1.663E-01, -4.907E-02,  9.849E-01         F               0         Tower Z orientation angle, node 11, rad
         67   -3.339E-04                                 F               0         Tower X translation velocity, node 1, m/s
         68    4.585E-04                                 F               0         Tower Y translation velocity, node 1, m/s
         69    2.825E-03                                 F               0         Tower Z translation velocity, node 1, m/s
         70   -4.293E-04                                 F               0         Tower X translation velocity, node 2, m/s
         71    7.547E-04                                 F               0         Tower Y translation velocity, node 2, m/s
         72    2.854E-03                                 F               0         Tower Z translation velocity, node 2, m/s
         73   -4.500E-04                                 F               0         Tower X translation velocity, node 3, m/s
         74    1.018E-03                                 F               0         Tower Y translation velocity, node 3, m/s
         75    2.870E-03                                 F               0         Tower Z translation velocity, node 3, m/s
         76   -4.150E-04                                 F               0         Tower X translation velocity, node 4, m/s
         77    1.254E-03                                 F               0         Tower Y translation velocity, node 4, m/s
         78    2.876E-03                                 F               0         Tower Z translation velocity, node 4, m/s
         79   -3.350E-04                                 F               0         Tower X translation velocity, node 5, m/s
         80    1.467E-03                                 F               0         Tower Y translation velocity, node 5, m/s
         81    2.873E-03                                 F               0         Tower Z translation velocity, node 5, m/s
         82   -2.198E-04                                 F               0         Tower X translation velocity, node 6, m/s
         83    1.658E-03                                 F               0         Tower Y translation velocity, node 6, m/s
         84    2.864E-03                                 F               0         Tower Z translation velocity, node 6, m/s
         85   -8.001E-05                                 F               0         Tower X translation velocity, node 7, m/s
         86    1.832E-03                                 F               0         Tower Y translation velocity, node 7, m/s
         87    2.849E-03                                 F               0         Tower Z translation velocity, node 7, m/s
         88    7.941E-05                                 F               0         Tower X translation velocity, node 8, m/s
         89    1.991E-03                                 F               0         Tower Y translation velocity, node 8, m/s
         90    2.830E-03                                 F               0         Tower Z translation velocity, node 8, m/s
         91    2.519E-04                                 F               0         Tower X translation velocity, node 9, m/s
         92    2.138E-03                                 F               0         Tower Y translation velocity, node 9, m/s
         93    2.809E-03                                 F               0         Tower Z translation velocity, node 9, m/s
         94    4.323E-04                                 F               0         Tower X translation velocity, node 10, m/s
         95    2.277E-03                                 F               0         Tower Y translation velocity, node 10, m/s
         96    2.785E-03                                 F               0         Tower Z translation velocity, node 10, m/s
         97    6.165E-04                                 F               0         Tower X translation velocity, node 11, m/s
         98    2.410E-03                                 F               0         Tower Y translation velocity, node 11, m/s
         99    2.761E-03                                 F               0         Tower Z translation velocity, node 11, m/s
        100    3.664E+01                                 F               0         Hub X translation displacement, node 1, m
        101   -7.752E+00                                 F               0         Hub Y translation displacement, node 1, m
        102   -5.979E-01                                 F               0         Hub Z translation displacement, node 1, m
        103    9.632E-01,  2.231E-03, -2.687E-01         F               0         Hub X orientation angle, node 1, rad
        104    4.859E-02,  9.820E-01,  1.824E-01         F               0         Hub Y orientation angle, node 1, rad
        105    2.642E-01, -1.887E-01,  9.458E-01         F               0         Hub Z orientation angle, node 1, rad
        106    1.004E+00                                 F               0         Hub X rotation velocity, node 1, rad/s
        107    2.340E-03                                 F               0         Hub Y rotation velocity, node 1, rad/s
        108   -2.799E-01                                 F               0         Hub Z rotation velocity, node 1, rad/s
        109    9.614E-01, -2.690E-02, -2.740E-01         F               0         Blade root 1 X orientation angle, node 1, rad
        110    7.715E-02,  9.817E-01,  1.743E-01         F               0         Blade root 1 Y orientation angle, node 1, rad
        111    2.642E-01, -1.887E-01,  9.458E-01         F               0         Blade root 1 Z orientation angle, node 1, rad
        112    9.567E-01,  2.165E-02, -2.901E-01         F               0         Blade root 2 X orientation angle, node 1, rad
        113    2.330E-01, -6.541E-01,  7.196E-01         F               0         Blade root 2 Y orientation angle, node 1, rad
        114   -1.742E-01, -7.561E-01, -6.308E-01         F               0         Blade root 2 Z orientation angle, node 1, rad
        115    9.703E-01,  1.195E-02, -2.415E-01         F               0         Blade root 3 X orientation angle, node 1, rad
        116   -2.245E-01, -3.274E-01, -9.178E-01         F               0         Blade root 3 Y orientation angle, node 1, rad
        117   -9.004E-02,  9.448E-01, -3.150E-01         F               0         Blade root 3 Z orientation angle, node 1, rad
        118    3.752E+01                                 F               0         Blade 1 X translation displacement, node 1, m
        119   -8.797E+00                                 F               0         Blade 1 Y translation displacement, node 1, m
        120   -8.678E-01                                 F               0         Blade 1 Z translation displacement, node 1, m
        121    3.774E+01                                 F               0         Blade 1 X translation displacement, node 2, m
        122   -9.049E+00                                 F               0         Blade 1 Y translation displacement, node 2, m
        123   -9.328E-01                                 F               0         Blade 1 Z translation displacement, node 2, m
        124    4.063E+01                                 F               0         Blade 1 X translation displacement, node 3, m
        125   -1.247E+01                                 F               0         Blade 1 Y translation displacement, node 3, m
        126   -1.817E+00                                 F               0         Blade 1 Z translation displacement, node 3, m
        127    4.125E+01                                 F               0         Blade 1 X translation displacement, node 4, m
        128   -1.320E+01                                 F               0         Blade 1 Y translation displacement, node 4, m
        129   -2.005E+00                                 F               0         Blade 1 Z translation displacement, node 4, m
        130    4.187E+01                                 F               0         Blade 1 X translation displacement, node 5, m
        131   -1.393E+01                                 F               0         Blade 1 Y translation displacement, node 5, m
        132   -2.194E+00                                 F               0         Blade 1 Z translation displacement, node 5, m
        133    4.249E+01                                 F               0         Blade 1 X translation displacement, node 6, m
        134   -1.466E+01                                 F               0         Blade 1 Y translation displacement, node 6, m
        135   -2.382E+00                                 F               0         Blade 1 Z translation displacement, node 6, m
        136    4.311E+01                                 F               0         Blade 1 X translation displacement, node 7, m
        137   -1.539E+01                                 F               0         Blade 1 Y translation displacement, node 7, m
        138   -2.571E+00                                 F               0         Blade 1 Z translation displacement, node 7, m
        139    4.372E+01                                 F               0         Blade 1 X translation displacement, node 8, m
        140   -1.612E+01                                 F               0         Blade 1 Y translation displacement, node 8, m
        141   -2.759E+00                                 F               0         Blade 1 Z translation displacement, node 8, m
        142    4.434E+01                                 F               0         Blade 1 X translation displacement, node 9, m
        143   -1.685E+01                                 F               0         Blade 1 Y translation displacement, node 9, m
        144   -2.947E+00                                 F               0         Blade 1 Z translation displacement, node 9, m
        145    4.496E+01                                 F               0         Blade 1 X translation displacement, node 10, m
        146   -1.758E+01                                 F               0         Blade 1 Y translation displacement, node 10, m
        147   -3.136E+00                                 F               0         Blade 1 Z translation displacement, node 10, m
        148    4.558E+01                                 F               0         Blade 1 X translation displacement, node 11, m
        149   -1.831E+01                                 F               0         Blade 1 Y translation displacement, node 11, m
        150   -3.324E+00                                 F               0         Blade 1 Z translation displacement, node 11, m
        151    4.619E+01                                 F               0         Blade 1 X translation displacement, node 12, m
        152   -1.904E+01                                 F               0         Blade 1 Y translation displacement, node 12, m
        153   -3.513E+00                                 F               0         Blade 1 Z translation displacement, node 12, m
        154    4.681E+01                                 F               0         Blade 1 X translation displacement, node 13, m
        155   -1.977E+01                                 F               0         Blade 1 Y translation displacement, node 13, m
        156   -3.701E+00                                 F               0         Blade 1 Z translation displacement, node 13, m
        157    4.743E+01                                 F               0         Blade 1 X translation displacement, node 14, m
        158   -2.050E+01                                 F               0         Blade 1 Y translation displacement, node 14, m
        159   -3.889E+00                                 F               0         Blade 1 Z translation displacement, node 14, m
        160    4.805E+01                                 F               0         Blade 1 X translation displacement, node 15, m
        161   -2.123E+01                                 F               0         Blade 1 Y translation displacement, node 15, m
        162   -4.078E+00                                 F               0         Blade 1 Z translation displacement, node 15, m
        163    4.867E+01                                 F               0         Blade 1 X translation displacement, node 16, m
        164   -2.196E+01                                 F               0         Blade 1 Y translation displacement, node 16, m
        165   -4.266E+00                                 F               0         Blade 1 Z translation displacement, node 16, m
        166    4.928E+01                                 F               0         Blade 1 X translation displacement, node 17, m
        167   -2.269E+01                                 F               0         Blade 1 Y translation displacement, node 17, m
        168   -4.455E+00                                 F               0         Blade 1 Z translation displacement, node 17, m
        169    4.990E+01                                 F               0         Blade 1 X translation displacement, node 18, m
        170   -2.342E+01                                 F               0         Blade 1 Y translation displacement, node 18, m
        171   -4.643E+00                                 F               0         Blade 1 Z translation displacement, node 18, m
        172    5.052E+01                                 F               0         Blade 1 X translation displacement, node 19, m
        173   -2.415E+01                                 F               0         Blade 1 Y translation displacement, node 19, m
        174   -4.831E+00                                 F               0         Blade 1 Z translation displacement, node 19, m
        175    5.114E+01                                 F               0         Blade 1 X translation displacement, node 20, m
        176   -2.488E+01                                 F               0         Blade 1 Y translation displacement, node 20, m
        177   -5.020E+00                                 F               0         Blade 1 Z translation displacement, node 20, m
        178    5.175E+01                                 F               0         Blade 1 X translation displacement, node 21, m
        179   -2.561E+01                                 F               0         Blade 1 Y translation displacement, node 21, m
        180   -5.208E+00                                 F               0         Blade 1 Z translation displacement, node 21, m
        181    5.237E+01                                 F               0         Blade 1 X translation displacement, node 22, m
        182   -2.634E+01                                 F               0         Blade 1 Y translation displacement, node 22, m
        183   -5.397E+00                                 F               0         Blade 1 Z translation displacement, node 22, m
        184    5.299E+01                                 F               0         Blade 1 X translation displacement, node 23, m
        185   -2.707E+01                                 F               0         Blade 1 Y translation displacement, node 23, m
        186   -5.585E+00                                 F               0         Blade 1 Z translation displacement, node 23, m
        187    5.361E+01                                 F               0         Blade 1 X translation displacement, node 24, m
        188   -2.780E+01                                 F               0         Blade 1 Y translation displacement, node 24, m
        189   -5.773E+00                                 F               0         Blade 1 Z translation displacement, node 24, m
        190    5.422E+01                                 F               0         Blade 1 X translation displacement, node 25, m
        191   -2.853E+01                                 F               0         Blade 1 Y translation displacement, node 25, m
        192   -5.962E+00                                 F               0         Blade 1 Z translation displacement, node 25, m
        193    5.484E+01                                 F               0         Blade 1 X translation displacement, node 26, m
        194   -2.926E+01                                 F               0         Blade 1 Y translation displacement, node 26, m
        195   -6.150E+00                                 F               0         Blade 1 Z translation displacement, node 26, m
        196    5.546E+01                                 F               0         Blade 1 X translation displacement, node 27, m
        197   -2.999E+01                                 F               0         Blade 1 Y translation displacement, node 27, m
        198   -6.339E+00                                 F               0         Blade 1 Z translation displacement, node 27, m
        199    5.598E+01                                 F               0         Blade 1 X translation displacement, node 28, m
        200   -3.061E+01                                 F               0         Blade 1 Y translation displacement, node 28, m
        201   -6.498E+00                                 F               0         Blade 1 Z translation displacement, node 28, m
        202    8.204E-01, -4.716E-01, -3.233E-01         F               0         Blade 1 X orientation angle, node 1, rad
        203    5.071E-01,  8.614E-01,  3.021E-02         F               0         Blade 1 Y orientation angle, node 1, rad
        204    2.642E-01, -1.887E-01,  9.458E-01         F               0         Blade 1 Z orientation angle, node 1, rad
        205    8.204E-01, -4.716E-01, -3.233E-01         F               0         Blade 1 X orientation angle, node 2, rad
        206    5.071E-01,  8.614E-01,  3.021E-02         F               0         Blade 1 Y orientation angle, node 2, rad
        207    2.642E-01, -1.887E-01,  9.458E-01         F               0         Blade 1 Z orientation angle, node 2, rad
        208    9.172E-01, -2.540E-01, -3.069E-01         F               0         Blade 1 X orientation angle, node 3, rad
        209    2.982E-01,  9.486E-01,  1.060E-01         F               0         Blade 1 Y orientation angle, node 3, rad
        210    2.642E-01, -1.887E-01,  9.458E-01         F               0         Blade 1 Z orientation angle, node 3, rad
        211    9.290E-01, -2.137E-01, -3.022E-01         F               0         Blade 1 X orientation angle, node 4, rad
        212    2.592E-01,  9.585E-01,  1.188E-01         F               0         Blade 1 Y orientation angle, node 4, rad
        213    2.642E-01, -1.887E-01,  9.458E-01         F               0         Blade 1 Z orientation angle, node 4, rad
        214    9.371E-01, -1.818E-01, -2.981E-01         F               0         Blade 1 X orientation angle, node 5, rad
        215    2.282E-01,  9.651E-01,  1.288E-01         F               0         Blade 1 Y orientation angle, node 5, rad
        216    2.642E-01, -1.887E-01,  9.458E-01         F               0         Blade 1 Z orientation angle, node 5, rad
        217    9.428E-01, -1.562E-01, -2.946E-01         F               0         Blade 1 X orientation angle, node 6, rad
        218    2.033E-01,  9.695E-01,  1.367E-01         F               0         Blade 1 Y orientation angle, node 6, rad
        219    2.642E-01, -1.887E-01,  9.458E-01         F               0         Blade 1 Z orientation angle, node 6, rad
        220    9.470E-01, -1.350E-01, -2.915E-01         F               0         Blade 1 X orientation angle, node 7, rad
        221    1.827E-01,  9.727E-01,  1.430E-01         F               0         Blade 1 Y orientation angle, node 7, rad
        222    2.642E-01, -1.887E-01,  9.458E-01         F               0         Blade 1 Z orientation angle, node 7, rad
        223    9.502E-01, -1.173E-01, -2.889E-01         F               0         Blade 1 X orientation angle, node 8, rad
        224    1.655E-01,  9.750E-01,  1.483E-01         F               0         Blade 1 Y orientation angle, node 8, rad
        225    2.642E-01, -1.887E-01,  9.458E-01         F               0         Blade 1 Z orientation angle, node 8, rad
        226    9.526E-01, -1.023E-01, -2.866E-01         F               0         Blade 1 X orientation angle, node 9, rad
        227    1.508E-01,  9.767E-01,  1.527E-01         F               0         Blade 1 Y orientation angle, node 9, rad
        228    2.642E-01, -1.887E-01,  9.458E-01         F               0         Blade 1 Z orientation angle, node 9, rad
        229    9.545E-01, -8.934E-02, -2.845E-01         F               0         Blade 1 X orientation angle, node 10, rad
        230    1.382E-01,  9.780E-01,  1.565E-01         F               0         Blade 1 Y orientation angle, node 10, rad
        231    2.642E-01, -1.887E-01,  9.458E-01         F               0         Blade 1 Z orientation angle, node 10, rad
        232    9.560E-01, -7.824E-02, -2.827E-01         F               0         Blade 1 X orientation angle, node 11, rad
        233    1.274E-01,  9.789E-01,  1.597E-01         F               0         Blade 1 Y orientation angle, node 11, rad
        234    2.642E-01, -1.887E-01,  9.458E-01         F               0         Blade 1 Z orientation angle, node 11, rad
        235    9.572E-01, -6.850E-02, -2.811E-01         F               0         Blade 1 X orientation angle, node 12, rad
        236    1.178E-01,  9.796E-01,  1.625E-01         F               0         Blade 1 Y orientation angle, node 12, rad
        237    2.642E-01, -1.887E-01,  9.458E-01         F               0         Blade 1 Z orientation angle, node 12, rad
        238    9.582E-01, -5.995E-02, -2.797E-01         F               0         Blade 1 X orientation angle, node 13, rad
        239    1.095E-01,  9.802E-01,  1.650E-01         F               0         Blade 1 Y orientation angle, node 13, rad
        240    2.642E-01, -1.887E-01,  9.458E-01         F               0         Blade 1 Z orientation angle, node 13, rad
        241    9.591E-01, -5.225E-02, -2.784E-01         F               0         Blade 1 X orientation angle, node 14, rad
        242    1.020E-01,  9.806E-01,  1.672E-01         F               0         Blade 1 Y orientation angle, node 14, rad
        243    2.642E-01, -1.887E-01,  9.458E-01         F               0         Blade 1 Z orientation angle, node 14, rad
        244    9.597E-01, -4.540E-02, -2.772E-01         F               0         Blade 1 X orientation angle, node 15, rad
        245    9.525E-02,  9.810E-01,  1.691E-01         F               0         Blade 1 Y orientation angle, node 15, rad
        246    2.642E-01, -1.887E-01,  9.458E-01         F               0         Blade 1 Z orientation angle, node 15, rad
        247    9.603E-01, -3.924E-02, -2.761E-01         F               0         Blade 1 X orientation angle, node 16, rad
        248    8.922E-02,  9.812E-01,  1.709E-01         F               0         Blade 1 Y orientation angle, node 16, rad
        249    2.642E-01, -1.887E-01,  9.458E-01         F               0         Blade 1 Z orientation angle, node 16, rad
        250    9.608E-01, -3.376E-02, -2.752E-01         F               0         Blade 1 X orientation angle, node 17, rad
        251    8.386E-02,  9.815E-01,  1.724E-01         F               0         Blade 1 Y orientation angle, node 17, rad
        252    2.642E-01, -1.887E-01,  9.458E-01         F               0         Blade 1 Z orientation angle, node 17, rad
        253    9.612E-01, -2.862E-02, -2.743E-01         F               0         Blade 1 X orientation angle, node 18, rad
        254    7.882E-02,  9.816E-01,  1.738E-01         F               0         Blade 1 Y orientation angle, node 18, rad
        255    2.642E-01, -1.887E-01,  9.458E-01         F               0         Blade 1 Z orientation angle, node 18, rad
        256    9.616E-01, -2.399E-02, -2.734E-01         F               0         Blade 1 X orientation angle, node 19, rad
        257    7.429E-02,  9.817E-01,  1.751E-01         F               0         Blade 1 Y orientation angle, node 19, rad
        258    2.642E-01, -1.887E-01,  9.458E-01         F               0         Blade 1 Z orientation angle, node 19, rad
        259    9.619E-01, -1.988E-02, -2.727E-01         F               0         Blade 1 X orientation angle, node 20, rad
        260    7.026E-02,  9.818E-01,  1.763E-01         F               0         Blade 1 Y orientation angle, node 20, rad
        261    2.642E-01, -1.887E-01,  9.458E-01         F               0         Blade 1 Z orientation angle, node 20, rad
        262    9.622E-01, -1.594E-02, -2.720E-01         F               0         Blade 1 X orientation angle, node 21, rad
        263    6.640E-02,  9.819E-01,  1.774E-01         F               0         Blade 1 Y orientation angle, node 21, rad
        264    2.642E-01, -1.887E-01,  9.458E-01         F               0         Blade 1 Z orientation angle, node 21, rad
        265    9.624E-01, -1.234E-02, -2.713E-01         F               0         Blade 1 X orientation angle, node 22, rad
        266    6.288E-02,  9.820E-01,  1.784E-01         F               0         Blade 1 Y orientation angle, node 22, rad
        267    2.642E-01, -1.887E-01,  9.458E-01         F               0         Blade 1 Z orientation angle, node 22, rad
        268    9.626E-01, -9.081E-03, -2.708E-01         F               0         Blade 1 X orientation angle, node 23, rad
        269    5.968E-02,  9.820E-01,  1.793E-01         F               0         Blade 1 Y orientation angle, node 23, rad
        270    2.642E-01, -1.887E-01,  9.458E-01         F               0         Blade 1 Z orientation angle, node 23, rad
        271    9.628E-01, -5.996E-03, -2.702E-01         F               0         Blade 1 X orientation angle, node 24, rad
        272    5.666E-02,  9.820E-01,  1.801E-01         F               0         Blade 1 Y orientation angle, node 24, rad
        273    2.642E-01, -1.887E-01,  9.458E-01         F               0         Blade 1 Z orientation angle, node 24, rad
        274    9.630E-01, -3.082E-03, -2.697E-01         F               0         Blade 1 X orientation angle, node 25, rad
        275    5.380E-02,  9.820E-01,  1.809E-01         F               0         Blade 1 Y orientation angle, node 25, rad
        276    2.642E-01, -1.887E-01,  9.458E-01         F               0         Blade 1 Z orientation angle, node 25, rad
        277    9.631E-01, -5.112E-04, -2.692E-01         F               0         Blade 1 X orientation angle, node 26, rad
        278    5.128E-02,  9.820E-01,  1.816E-01         F               0         Blade 1 Y orientation angle, node 26, rad
        279    2.642E-01, -1.887E-01,  9.458E-01         F               0         Blade 1 Z orientation angle, node 26, rad
        280    9.632E-01,  2.060E-03, -2.687E-01         F               0         Blade 1 X orientation angle, node 27, rad
        281    4.876E-02,  9.820E-01,  1.823E-01         F               0         Blade 1 Y orientation angle, node 27, rad
        282    2.642E-01, -1.887E-01,  9.458E-01         F               0         Blade 1 Z orientation angle, node 27, rad
        283    9.633E-01,  3.431E-03, -2.684E-01         F               0         Blade 1 X orientation angle, node 28, rad
        284    4.742E-02,  9.820E-01,  1.827E-01         F               0         Blade 1 Y orientation angle, node 28, rad
        285    2.642E-01, -1.887E-01,  9.458E-01         F               0         Blade 1 Z orientation angle, node 28, rad
        286   -2.796E-01                                 F               0         Blade 1 X translation velocity, node 1, m/s
        287   -5.666E+00                                 F               0         Blade 1 Y translation velocity, node 1, m/s
        288   -1.050E+00                                 F               0         Blade 1 Z translation velocity, node 1, m/s
        289   -3.472E-01                                 F               0         Blade 1 X translation velocity, node 2, m/s
        290   -7.031E+00                                 F               0         Blade 1 Y translation velocity, node 2, m/s
        291   -1.303E+00                                 F               0         Blade 1 Z translation velocity, node 2, m/s
        292   -1.266E+00                                 F               0         Blade 1 X translation velocity, node 3, m/s
        293   -2.560E+01                                 F               0         Blade 1 Y translation velocity, node 3, m/s
        294   -4.752E+00                                 F               0         Blade 1 Z translation velocity, node 3, m/s
        295   -1.462E+00                                 F               0         Blade 1 X translation velocity, node 4, m/s
        296   -2.956E+01                                 F               0         Blade 1 Y translation velocity, node 4, m/s
        297   -5.487E+00                                 F               0         Blade 1 Z translation velocity, node 4, m/s
        298   -1.657E+00                                 F               0         Blade 1 X translation velocity, node 5, m/s
        299   -3.352E+01                                 F               0         Blade 1 Y translation velocity, node 5, m/s
        300   -6.222E+00                                 F               0         Blade 1 Z translation velocity, node 5, m/s
        301   -1.853E+00                                 F               0         Blade 1 X translation velocity, node 6, m/s
        302   -3.748E+01                                 F               0         Blade 1 Y translation velocity, node 6, m/s
        303   -6.957E+00                                 F               0         Blade 1 Z translation velocity, node 6, m/s
        304   -2.049E+00                                 F               0         Blade 1 X translation velocity, node 7, m/s
        305   -4.143E+01                                 F               0         Blade 1 Y translation velocity, node 7, m/s
        306   -7.692E+00                                 F               0         Blade 1 Z translation velocity, node 7, m/s
        307   -2.245E+00                                 F               0         Blade 1 X translation velocity, node 8, m/s
