
Linearized model: Predictions were generated on 31-Jan-2024 at 12:35:17 using OpenFAST, compiled as a 64-bit application using single precision at commit v3.5.1
 linked with  NWTC Subroutine Library; ElastoDyn; InflowWind; AeroDyn; ServoDyn; HydroDyn; MAP++ (<1.20.10>, <Oct-20-2023>)

Description from the FAST input file: CCT-9 Campign 4 model. Input files to be run with OpenFAST 3.5.0. GitHub branch from Lu Wang (https://github.com/luwang00/openfast/tree/dev) compiled on March 7, 2023.

Simulation information:
   Simulation time:                   501.5000 s
   Rotor Speed:                         0.8936 rad/s
   Azimuth:                             2.0866 rad
   Wind Speed:                         10.0000 m/s
   Number of continuous states:         0
   Number of discrete states:           0
   Number of constraint states:         0
   Number of inputs:                 1746
   Number of outputs:                   4
   Jacobians included in this file?    No

Order of inputs:
     Column   Operating Point                     Rotating Frame? Derivative Order Description
   ---------- ---------------                     --------------- ---------------- -----------
          1    8.516E+00                                 F               0         Tower X translation displacement, node 1, m
          2   -1.355E+00                                 F               0         Tower Y translation displacement, node 1, m
          3   -7.182E-02                                 F               0         Tower Z translation displacement, node 1, m
          4    8.752E+00                                 F               0         Tower X translation displacement, node 2, m
          5   -1.887E+00                                 F               0         Tower Y translation displacement, node 2, m
          6   -8.558E-02                                 F               0         Tower Z translation displacement, node 2, m
          7    9.002E+00                                 F               0         Tower X translation displacement, node 3, m
          8   -2.420E+00                                 F               0         Tower Y translation displacement, node 3, m
          9   -9.959E-02                                 F               0         Tower Z translation displacement, node 3, m
         10    9.262E+00                                 F               0         Tower X translation displacement, node 4, m
         11   -2.952E+00                                 F               0         Tower Y translation displacement, node 4, m
         12   -1.138E-01                                 F               0         Tower Z translation displacement, node 4, m
         13    9.530E+00                                 F               0         Tower X translation displacement, node 5, m
         14   -3.485E+00                                 F               0         Tower Y translation displacement, node 5, m
         15   -1.282E-01                                 F               0         Tower Z translation displacement, node 5, m
         16    9.803E+00                                 F               0         Tower X translation displacement, node 6, m
         17   -4.017E+00                                 F               0         Tower Y translation displacement, node 6, m
         18   -1.427E-01                                 F               0         Tower Z translation displacement, node 6, m
         19    1.008E+01                                 F               0         Tower X translation displacement, node 7, m
         20   -4.549E+00                                 F               0         Tower Y translation displacement, node 7, m
         21   -1.573E-01                                 F               0         Tower Z translation displacement, node 7, m
         22    1.036E+01                                 F               0         Tower X translation displacement, node 8, m
         23   -5.082E+00                                 F               0         Tower Y translation displacement, node 8, m
         24   -1.720E-01                                 F               0         Tower Z translation displacement, node 8, m
         25    1.065E+01                                 F               0         Tower X translation displacement, node 9, m
         26   -5.614E+00                                 F               0         Tower Y translation displacement, node 9, m
         27   -1.867E-01                                 F               0         Tower Z translation displacement, node 9, m
         28    1.093E+01                                 F               0         Tower X translation displacement, node 10, m
         29   -6.146E+00                                 F               0         Tower Y translation displacement, node 10, m
         30   -2.014E-01                                 F               0         Tower Z translation displacement, node 10, m
         31    1.122E+01                                 F               0         Tower X translation displacement, node 11, m
         32   -6.679E+00                                 F               0         Tower Y translation displacement, node 11, m
         33   -2.162E-01                                 F               0         Tower Z translation displacement, node 11, m
         34    9.998E-01,  7.484E-03, -1.841E-02         F               0         Tower X orientation angle, node 1, rad
         35   -6.682E-03,  9.990E-01,  4.325E-02         F               0         Tower Y orientation angle, node 1, rad
         36    1.872E-02, -4.312E-02,  9.989E-01         F               0         Tower Z orientation angle, node 1, rad
         37    9.998E-01,  7.528E-03, -1.943E-02         F               0         Tower X orientation angle, node 2, rad
         38   -6.682E-03,  9.990E-01,  4.325E-02         F               0         Tower Y orientation angle, node 2, rad
         39    1.974E-02, -4.311E-02,  9.989E-01         F               0         Tower Z orientation angle, node 2, rad
         40    9.998E-01,  7.566E-03, -2.031E-02         F               0         Tower X orientation angle, node 3, rad
         41   -6.682E-03,  9.990E-01,  4.325E-02         F               0         Tower Y orientation angle, node 3, rad
         42    2.061E-02, -4.310E-02,  9.989E-01         F               0         Tower Z orientation angle, node 3, rad
         43    9.998E-01,  7.597E-03, -2.102E-02         F               0         Tower X orientation angle, node 4, rad
         44   -6.682E-03,  9.990E-01,  4.325E-02         F               0         Tower Y orientation angle, node 4, rad
         45    2.133E-02, -4.310E-02,  9.988E-01         F               0         Tower Z orientation angle, node 4, rad
         46    9.997E-01,  7.621E-03, -2.159E-02         F               0         Tower X orientation angle, node 5, rad
         47   -6.682E-03,  9.990E-01,  4.325E-02         F               0         Tower Y orientation angle, node 5, rad
         48    2.190E-02, -4.309E-02,  9.988E-01         F               0         Tower Z orientation angle, node 5, rad
         49    9.997E-01,  7.640E-03, -2.203E-02         F               0         Tower X orientation angle, node 6, rad
         50   -6.682E-03,  9.990E-01,  4.325E-02         F               0         Tower Y orientation angle, node 6, rad
         51    2.234E-02, -4.309E-02,  9.988E-01         F               0         Tower Z orientation angle, node 6, rad
         52    9.997E-01,  7.653E-03, -2.233E-02         F               0         Tower X orientation angle, node 7, rad
         53   -6.682E-03,  9.990E-01,  4.325E-02         F               0         Tower Y orientation angle, node 7, rad
         54    2.264E-02, -4.309E-02,  9.988E-01         F               0         Tower Z orientation angle, node 7, rad
         55    9.997E-01,  7.662E-03, -2.254E-02         F               0         Tower X orientation angle, node 8, rad
         56   -6.682E-03,  9.990E-01,  4.325E-02         F               0         Tower Y orientation angle, node 8, rad
         57    2.285E-02, -4.308E-02,  9.988E-01         F               0         Tower Z orientation angle, node 8, rad
         58    9.997E-01,  7.667E-03, -2.267E-02         F               0         Tower X orientation angle, node 9, rad
         59   -6.682E-03,  9.990E-01,  4.325E-02         F               0         Tower Y orientation angle, node 9, rad
         60    2.298E-02, -4.308E-02,  9.988E-01         F               0         Tower Z orientation angle, node 9, rad
         61    9.997E-01,  7.670E-03, -2.274E-02         F               0         Tower X orientation angle, node 10, rad
         62   -6.682E-03,  9.990E-01,  4.325E-02         F               0         Tower Y orientation angle, node 10, rad
         63    2.305E-02, -4.308E-02,  9.988E-01         F               0         Tower Z orientation angle, node 10, rad
         64    9.997E-01,  7.672E-03, -2.277E-02         F               0         Tower X orientation angle, node 11, rad
         65   -6.682E-03,  9.990E-01,  4.325E-02         F               0         Tower Y orientation angle, node 11, rad
         66    2.308E-02, -4.308E-02,  9.988E-01         F               0         Tower Z orientation angle, node 11, rad
         67   -3.485E-04                                 F               0         Tower X translation velocity, node 1, m/s
         68   -1.568E-08                                 F               0         Tower Y translation velocity, node 1, m/s
         69   -2.394E-03                                 F               0         Tower Z translation velocity, node 1, m/s
         70   -3.518E-04                                 F               0         Tower X translation velocity, node 2, m/s
         71   -5.149E-08                                 F               0         Tower Y translation velocity, node 2, m/s
         72   -2.394E-03                                 F               0         Tower Z translation velocity, node 2, m/s
         73   -3.653E-04                                 F               0         Tower X translation velocity, node 3, m/s
         74   -1.645E-07                                 F               0         Tower Y translation velocity, node 3, m/s
         75   -2.394E-03                                 F               0         Tower Z translation velocity, node 3, m/s
         76   -3.892E-04                                 F               0         Tower X translation velocity, node 4, m/s
         77   -3.577E-07                                 F               0         Tower Y translation velocity, node 4, m/s
         78   -2.393E-03                                 F               0         Tower Z translation velocity, node 4, m/s
         79   -4.246E-04                                 F               0         Tower X translation velocity, node 5, m/s
         80   -6.387E-07                                 F               0         Tower Y translation velocity, node 5, m/s
         81   -2.393E-03                                 F               0         Tower Z translation velocity, node 5, m/s
         82   -4.718E-04                                 F               0         Tower X translation velocity, node 6, m/s
         83   -1.012E-06                                 F               0         Tower Y translation velocity, node 6, m/s
         84   -2.392E-03                                 F               0         Tower Z translation velocity, node 6, m/s
         85   -5.300E-04                                 F               0         Tower X translation velocity, node 7, m/s
         86   -1.469E-06                                 F               0         Tower Y translation velocity, node 7, m/s
         87   -2.390E-03                                 F               0         Tower Z translation velocity, node 7, m/s
         88   -5.994E-04                                 F               0         Tower X translation velocity, node 8, m/s
         89   -2.014E-06                                 F               0         Tower Y translation velocity, node 8, m/s
         90   -2.389E-03                                 F               0         Tower Z translation velocity, node 8, m/s
         91   -6.788E-04                                 F               0         Tower X translation velocity, node 9, m/s
         92   -2.635E-06                                 F               0         Tower Y translation velocity, node 9, m/s
         93   -2.387E-03                                 F               0         Tower Z translation velocity, node 9, m/s
         94   -7.660E-04                                 F               0         Tower X translation velocity, node 10, m/s
         95   -3.317E-06                                 F               0         Tower Y translation velocity, node 10, m/s
         96   -2.385E-03                                 F               0         Tower Z translation velocity, node 10, m/s
         97   -8.586E-04                                 F               0         Tower X translation velocity, node 11, m/s
         98   -4.040E-06                                 F               0         Tower Y translation velocity, node 11, m/s
         99   -2.383E-03                                 F               0         Tower Z translation velocity, node 11, m/s
        100    1.140E+01                                 F               0         Hub X translation displacement, node 1, m
        101   -7.100E+00                                 F               0         Hub Y translation displacement, node 1, m
        102    2.032E-02                                 F               0         Hub Z translation displacement, node 1, m
        103    9.918E-01,  1.213E-02, -1.270E-01         F               0         Hub X orientation angle, node 1, rad
        104    1.142E-01, -5.293E-01,  8.407E-01         F               0         Hub Y orientation angle, node 1, rad
        105   -5.705E-02, -8.483E-01, -5.264E-01         F               0         Hub Z orientation angle, node 1, rad
        106    8.863E-01                                 F               0         Hub X rotation velocity, node 1, rad/s
        107    1.083E-02                                 F               0         Hub Y rotation velocity, node 1, rad/s
        108   -1.135E-01                                 F               0         Hub Z rotation velocity, node 1, rad/s
        109    9.880E-01,  2.783E-02, -1.519E-01         F               0         Blade root 1 X orientation angle, node 1, rad
        110    1.435E-01, -5.287E-01,  8.366E-01         F               0         Blade root 1 Y orientation angle, node 1, rad
        111   -5.705E-02, -8.483E-01, -5.264E-01         F               0         Blade root 1 Z orientation angle, node 1, rad
        112    9.945E-01,  2.607E-02, -1.010E-01         F               0         Blade root 2 X orientation angle, node 1, rad
        113   -7.702E-02, -4.694E-01, -8.796E-01         F               0         Blade root 2 Y orientation angle, node 1, rad
        114   -7.034E-02,  8.826E-01, -4.649E-01         F               0         Blade root 2 Z orientation angle, node 1, rad
        115    9.916E-01, -1.752E-02, -1.280E-01         F               0         Blade root 3 X orientation angle, node 1, rad
        116    2.175E-02,  9.993E-01,  3.174E-02         F               0         Blade root 3 Y orientation angle, node 1, rad
        117    1.274E-01, -3.426E-02,  9.913E-01         F               0         Blade root 3 Z orientation angle, node 1, rad
        118    1.050E+01                                 F               0         Blade 1 X translation displacement, node 1, m
        119   -1.180E+01                                 F               0         Blade 1 Y translation displacement, node 1, m
        120   -8.406E+00                                 F               0         Blade 1 Z translation displacement, node 1, m
        121    1.029E+01                                 F               0         Blade 1 X translation displacement, node 2, m
        122   -1.293E+01                                 F               0         Blade 1 Y translation displacement, node 2, m
        123   -1.044E+01                                 F               0         Blade 1 Z translation displacement, node 2, m
        124    7.355E+00                                 F               0         Blade 1 X translation displacement, node 3, m
        125   -2.833E+01                                 F               0         Blade 1 Y translation displacement, node 3, m
        126   -3.804E+01                                 F               0         Blade 1 Z translation displacement, node 3, m
        127    6.731E+00                                 F               0         Blade 1 X translation displacement, node 4, m
        128   -3.161E+01                                 F               0         Blade 1 Y translation displacement, node 4, m
        129   -4.393E+01                                 F               0         Blade 1 Z translation displacement, node 4, m
        130    6.106E+00                                 F               0         Blade 1 X translation displacement, node 5, m
        131   -3.489E+01                                 F               0         Blade 1 Y translation displacement, node 5, m
        132   -4.981E+01                                 F               0         Blade 1 Z translation displacement, node 5, m
        133    5.481E+00                                 F               0         Blade 1 X translation displacement, node 6, m
        134   -3.817E+01                                 F               0         Blade 1 Y translation displacement, node 6, m
        135   -5.569E+01                                 F               0         Blade 1 Z translation displacement, node 6, m
        136    4.856E+00                                 F               0         Blade 1 X translation displacement, node 7, m
        137   -4.146E+01                                 F               0         Blade 1 Y translation displacement, node 7, m
        138   -6.157E+01                                 F               0         Blade 1 Z translation displacement, node 7, m
        139    4.231E+00                                 F               0         Blade 1 X translation displacement, node 8, m
        140   -4.474E+01                                 F               0         Blade 1 Y translation displacement, node 8, m
        141   -6.746E+01                                 F               0         Blade 1 Z translation displacement, node 8, m
        142    3.606E+00                                 F               0         Blade 1 X translation displacement, node 9, m
        143   -4.802E+01                                 F               0         Blade 1 Y translation displacement, node 9, m
        144   -7.334E+01                                 F               0         Blade 1 Z translation displacement, node 9, m
        145    2.981E+00                                 F               0         Blade 1 X translation displacement, node 10, m
        146   -5.130E+01                                 F               0         Blade 1 Y translation displacement, node 10, m
        147   -7.922E+01                                 F               0         Blade 1 Z translation displacement, node 10, m
        148    2.356E+00                                 F               0         Blade 1 X translation displacement, node 11, m
        149   -5.458E+01                                 F               0         Blade 1 Y translation displacement, node 11, m
        150   -8.510E+01                                 F               0         Blade 1 Z translation displacement, node 11, m
        151    1.731E+00                                 F               0         Blade 1 X translation displacement, node 12, m
        152   -5.786E+01                                 F               0         Blade 1 Y translation displacement, node 12, m
        153   -9.099E+01                                 F               0         Blade 1 Z translation displacement, node 12, m
        154    1.106E+00                                 F               0         Blade 1 X translation displacement, node 13, m
        155   -6.114E+01                                 F               0         Blade 1 Y translation displacement, node 13, m
        156   -9.687E+01                                 F               0         Blade 1 Z translation displacement, node 13, m
        157    4.812E-01                                 F               0         Blade 1 X translation displacement, node 14, m
        158   -6.442E+01                                 F               0         Blade 1 Y translation displacement, node 14, m
        159   -1.028E+02                                 F               0         Blade 1 Z translation displacement, node 14, m
        160   -1.438E-01                                 F               0         Blade 1 X translation displacement, node 15, m
        161   -6.770E+01                                 F               0         Blade 1 Y translation displacement, node 15, m
        162   -1.086E+02                                 F               0         Blade 1 Z translation displacement, node 15, m
        163   -7.687E-01                                 F               0         Blade 1 X translation displacement, node 16, m
        164   -7.099E+01                                 F               0         Blade 1 Y translation displacement, node 16, m
        165   -1.145E+02                                 F               0         Blade 1 Z translation displacement, node 16, m
        166   -1.394E+00                                 F               0         Blade 1 X translation displacement, node 17, m
        167   -7.427E+01                                 F               0         Blade 1 Y translation displacement, node 17, m
        168   -1.204E+02                                 F               0         Blade 1 Z translation displacement, node 17, m
        169   -2.019E+00                                 F               0         Blade 1 X translation displacement, node 18, m
        170   -7.755E+01                                 F               0         Blade 1 Y translation displacement, node 18, m
        171   -1.263E+02                                 F               0         Blade 1 Z translation displacement, node 18, m
        172   -2.644E+00                                 F               0         Blade 1 X translation displacement, node 19, m
        173   -8.083E+01                                 F               0         Blade 1 Y translation displacement, node 19, m
        174   -1.322E+02                                 F               0         Blade 1 Z translation displacement, node 19, m
        175   -3.268E+00                                 F               0         Blade 1 X translation displacement, node 20, m
        176   -8.411E+01                                 F               0         Blade 1 Y translation displacement, node 20, m
        177   -1.380E+02                                 F               0         Blade 1 Z translation displacement, node 20, m
        178   -3.893E+00                                 F               0         Blade 1 X translation displacement, node 21, m
        179   -8.739E+01                                 F               0         Blade 1 Y translation displacement, node 21, m
        180   -1.439E+02                                 F               0         Blade 1 Z translation displacement, node 21, m
        181   -4.518E+00                                 F               0         Blade 1 X translation displacement, node 22, m
        182   -9.067E+01                                 F               0         Blade 1 Y translation displacement, node 22, m
        183   -1.498E+02                                 F               0         Blade 1 Z translation displacement, node 22, m
        184   -5.143E+00                                 F               0         Blade 1 X translation displacement, node 23, m
        185   -9.395E+01                                 F               0         Blade 1 Y translation displacement, node 23, m
        186   -1.557E+02                                 F               0         Blade 1 Z translation displacement, node 23, m
        187   -5.768E+00                                 F               0         Blade 1 X translation displacement, node 24, m
        188   -9.723E+01                                 F               0         Blade 1 Y translation displacement, node 24, m
        189   -1.616E+02                                 F               0         Blade 1 Z translation displacement, node 24, m
        190   -6.393E+00                                 F               0         Blade 1 X translation displacement, node 25, m
        191   -1.005E+02                                 F               0         Blade 1 Y translation displacement, node 25, m
        192   -1.675E+02                                 F               0         Blade 1 Z translation displacement, node 25, m
        193   -7.018E+00                                 F               0         Blade 1 X translation displacement, node 26, m
        194   -1.038E+02                                 F               0         Blade 1 Y translation displacement, node 26, m
        195   -1.733E+02                                 F               0         Blade 1 Z translation displacement, node 26, m
        196   -7.643E+00                                 F               0         Blade 1 X translation displacement, node 27, m
        197   -1.071E+02                                 F               0         Blade 1 Y translation displacement, node 27, m
        198   -1.792E+02                                 F               0         Blade 1 Z translation displacement, node 27, m
        199   -8.173E+00                                 F               0         Blade 1 X translation displacement, node 28, m
        200   -1.099E+02                                 F               0         Blade 1 Y translation displacement, node 28, m
        201   -1.842E+02                                 F               0         Blade 1 Z translation displacement, node 28, m
        202    8.138E-01,  2.659E-01, -5.167E-01         F               0         Blade 1 X orientation angle, node 1, rad
        203    5.783E-01, -4.579E-01,  6.752E-01         F               0         Blade 1 Y orientation angle, node 1, rad
        204   -5.705E-02, -8.483E-01, -5.264E-01         F               0         Blade 1 Z orientation angle, node 1, rad
        205    8.138E-01,  2.659E-01, -5.167E-01         F               0         Blade 1 X orientation angle, node 2, rad
        206    5.783E-01, -4.579E-01,  6.752E-01         F               0         Blade 1 Y orientation angle, node 2, rad
        207   -5.705E-02, -8.483E-01, -5.264E-01         F               0         Blade 1 Z orientation angle, node 2, rad
        208    9.277E-01,  1.498E-01, -3.419E-01         F               0         Blade 1 X orientation angle, node 3, rad
        209    3.689E-01, -5.078E-01,  7.785E-01         F               0         Blade 1 Y orientation angle, node 3, rad
        210   -5.705E-02, -8.483E-01, -5.264E-01         F               0         Blade 1 Z orientation angle, node 3, rad
        211    9.425E-01,  1.282E-01, -3.088E-01         F               0         Blade 1 X orientation angle, node 4, rad
        212    3.294E-01, -5.137E-01,  7.922E-01         F               0         Blade 1 Y orientation angle, node 4, rad
        213   -5.705E-02, -8.483E-01, -5.264E-01         F               0         Blade 1 Z orientation angle, node 4, rad
        214    9.529E-01,  1.111E-01, -2.823E-01         F               0         Blade 1 X orientation angle, node 5, rad
        215    2.980E-01, -5.177E-01,  8.020E-01         F               0         Blade 1 Y orientation angle, node 5, rad
        216   -5.705E-02, -8.483E-01, -5.264E-01         F               0         Blade 1 Z orientation angle, node 5, rad
        217    9.604E-01,  9.733E-02, -2.610E-01         F               0         Blade 1 X orientation angle, node 6, rad
        218    2.726E-01, -5.205E-01,  8.092E-01         F               0         Blade 1 Y orientation angle, node 6, rad
        219   -5.705E-02, -8.483E-01, -5.264E-01         F               0         Blade 1 Z orientation angle, node 6, rad
        220    9.662E-01,  8.596E-02, -2.432E-01         F               0         Blade 1 X orientation angle, node 7, rad
        221    2.516E-01, -5.225E-01,  8.147E-01         F               0         Blade 1 Y orientation angle, node 7, rad
        222   -5.705E-02, -8.483E-01, -5.264E-01         F               0         Blade 1 Z orientation angle, node 7, rad
        223    9.706E-01,  7.646E-02, -2.284E-01         F               0         Blade 1 X orientation angle, node 8, rad
        224    2.340E-01, -5.239E-01,  8.190E-01         F               0         Blade 1 Y orientation angle, node 8, rad
        225   -5.705E-02, -8.483E-01, -5.264E-01         F               0         Blade 1 Z orientation angle, node 8, rad
        226    9.740E-01,  6.841E-02, -2.158E-01         F               0         Blade 1 X orientation angle, node 9, rad
        227    2.191E-01, -5.250E-01,  8.224E-01         F               0         Blade 1 Y orientation angle, node 9, rad
        228   -5.705E-02, -8.483E-01, -5.264E-01         F               0         Blade 1 Z orientation angle, node 9, rad
        229    9.769E-01,  6.144E-02, -2.049E-01         F               0         Blade 1 X orientation angle, node 10, rad
        230    2.061E-01, -5.259E-01,  8.252E-01         F               0         Blade 1 Y orientation angle, node 10, rad
        231   -5.705E-02, -8.483E-01, -5.264E-01         F               0         Blade 1 Z orientation angle, node 10, rad
        232    9.791E-01,  5.547E-02, -1.955E-01         F               0         Blade 1 X orientation angle, node 11, rad
        233    1.950E-01, -5.266E-01,  8.275E-01         F               0         Blade 1 Y orientation angle, node 11, rad
        234   -5.705E-02, -8.483E-01, -5.264E-01         F               0         Blade 1 Z orientation angle, node 11, rad
        235    9.810E-01,  5.022E-02, -1.873E-01         F               0         Blade 1 X orientation angle, node 12, rad
        236    1.853E-01, -5.271E-01,  8.294E-01         F               0         Blade 1 Y orientation angle, node 12, rad
        237   -5.705E-02, -8.483E-01, -5.264E-01         F               0         Blade 1 Z orientation angle, node 12, rad
        238    9.826E-01,  4.562E-02, -1.800E-01         F               0         Blade 1 X orientation angle, node 13, rad
        239    1.767E-01, -5.275E-01,  8.310E-01         F               0         Blade 1 Y orientation angle, node 13, rad
        240   -5.705E-02, -8.483E-01, -5.264E-01         F               0         Blade 1 Z orientation angle, node 13, rad
        241    9.840E-01,  4.148E-02, -1.735E-01         F               0         Blade 1 X orientation angle, node 14, rad
        242    1.690E-01, -5.278E-01,  8.324E-01         F               0         Blade 1 Y orientation angle, node 14, rad
        243   -5.705E-02, -8.483E-01, -5.264E-01         F               0         Blade 1 Z orientation angle, node 14, rad
        244    9.851E-01,  3.779E-02, -1.677E-01         F               0         Blade 1 X orientation angle, node 15, rad
        245    1.621E-01, -5.281E-01,  8.335E-01         F               0         Blade 1 Y orientation angle, node 15, rad
        246   -5.705E-02, -8.483E-01, -5.264E-01         F               0         Blade 1 Z orientation angle, node 15, rad
        247    9.861E-01,  3.447E-02, -1.624E-01         F               0         Blade 1 X orientation angle, node 16, rad
        248    1.559E-01, -5.284E-01,  8.346E-01         F               0         Blade 1 Y orientation angle, node 16, rad
        249   -5.705E-02, -8.483E-01, -5.264E-01         F               0         Blade 1 Z orientation angle, node 16, rad
        250    9.870E-01,  3.152E-02, -1.578E-01         F               0         Blade 1 X orientation angle, node 17, rad
        251    1.504E-01, -5.285E-01,  8.355E-01         F               0         Blade 1 Y orientation angle, node 17, rad
        252   -5.705E-02, -8.483E-01, -5.264E-01         F               0         Blade 1 Z orientation angle, node 17, rad
        253    9.877E-01,  2.875E-02, -1.534E-01         F               0         Blade 1 X orientation angle, node 18, rad
        254    1.453E-01, -5.287E-01,  8.363E-01         F               0         Blade 1 Y orientation angle, node 18, rad
        255   -5.705E-02, -8.483E-01, -5.264E-01         F               0         Blade 1 Z orientation angle, node 18, rad
        256    9.884E-01,  2.626E-02, -1.494E-01         F               0         Blade 1 X orientation angle, node 19, rad
        257    1.406E-01, -5.288E-01,  8.370E-01         F               0         Blade 1 Y orientation angle, node 19, rad
        258   -5.705E-02, -8.483E-01, -5.264E-01         F               0         Blade 1 Z orientation angle, node 19, rad
        259    9.890E-01,  2.405E-02, -1.459E-01         F               0         Blade 1 X orientation angle, node 20, rad
        260    1.365E-01, -5.289E-01,  8.376E-01         F               0         Blade 1 Y orientation angle, node 20, rad
        261   -5.705E-02, -8.483E-01, -5.264E-01         F               0         Blade 1 Z orientation angle, node 20, rad
        262    9.895E-01,  2.192E-02, -1.426E-01         F               0         Blade 1 X orientation angle, node 21, rad
        263    1.325E-01, -5.290E-01,  8.382E-01         F               0         Blade 1 Y orientation angle, node 21, rad
        264   -5.705E-02, -8.483E-01, -5.264E-01         F               0         Blade 1 Z orientation angle, node 21, rad
        265    9.900E-01,  1.998E-02, -1.395E-01         F               0         Blade 1 X orientation angle, node 22, rad
        266    1.289E-01, -5.291E-01,  8.387E-01         F               0         Blade 1 Y orientation angle, node 22, rad
        267   -5.705E-02, -8.483E-01, -5.264E-01         F               0         Blade 1 Z orientation angle, node 22, rad
        268    9.904E-01,  1.823E-02, -1.367E-01         F               0         Blade 1 X orientation angle, node 23, rad
        269    1.256E-01, -5.292E-01,  8.392E-01         F               0         Blade 1 Y orientation angle, node 23, rad
        270   -5.705E-02, -8.483E-01, -5.264E-01         F               0         Blade 1 Z orientation angle, node 23, rad
        271    9.908E-01,  1.657E-02, -1.341E-01         F               0         Blade 1 X orientation angle, node 24, rad
        272    1.225E-01, -5.292E-01,  8.396E-01         F               0         Blade 1 Y orientation angle, node 24, rad
        273   -5.705E-02, -8.483E-01, -5.264E-01         F               0         Blade 1 Z orientation angle, node 24, rad
        274    9.912E-01,  1.500E-02, -1.316E-01         F               0         Blade 1 X orientation angle, node 25, rad
        275    1.195E-01, -5.293E-01,  8.400E-01         F               0         Blade 1 Y orientation angle, node 25, rad
        276   -5.705E-02, -8.483E-01, -5.264E-01         F               0         Blade 1 Z orientation angle, node 25, rad
        277    9.915E-01,  1.361E-02, -1.294E-01         F               0         Blade 1 X orientation angle, node 26, rad
        278    1.169E-01, -5.293E-01,  8.403E-01         F               0         Blade 1 Y orientation angle, node 26, rad
        279   -5.705E-02, -8.483E-01, -5.264E-01         F               0         Blade 1 Z orientation angle, node 26, rad
        280    9.918E-01,  1.223E-02, -1.272E-01         F               0         Blade 1 X orientation angle, node 27, rad
        281    1.143E-01, -5.293E-01,  8.407E-01         F               0         Blade 1 Y orientation angle, node 27, rad
        282   -5.705E-02, -8.483E-01, -5.264E-01         F               0         Blade 1 Z orientation angle, node 27, rad
        283    9.920E-01,  1.149E-02, -1.260E-01         F               0         Blade 1 X orientation angle, node 28, rad
        284    1.130E-01, -5.293E-01,  8.409E-01         F               0         Blade 1 Y orientation angle, node 28, rad
        285   -5.705E-02, -8.483E-01, -5.264E-01         F               0         Blade 1 Z orientation angle, node 28, rad
        286   -5.661E-01                                 F               0         Blade 1 X translation velocity, node 1, m/s
        287    2.620E+00                                 F               0         Blade 1 Y translation velocity, node 1, m/s
        288   -4.164E+00                                 F               0         Blade 1 Z translation velocity, node 1, m/s
        289   -7.022E-01                                 F               0         Blade 1 X translation velocity, node 2, m/s
        290    3.252E+00                                 F               0         Blade 1 Y translation velocity, node 2, m/s
        291   -5.167E+00                                 F               0         Blade 1 Z translation velocity, node 2, m/s
        292   -2.554E+00                                 F               0         Blade 1 X translation velocity, node 3, m/s
        293    1.184E+01                                 F               0         Blade 1 Y translation velocity, node 3, m/s
        294   -1.880E+01                                 F               0         Blade 1 Z translation velocity, node 3, m/s
        295   -2.949E+00                                 F               0         Blade 1 X translation velocity, node 4, m/s
        296    1.367E+01                                 F               0         Blade 1 Y translation velocity, node 4, m/s
        297   -2.171E+01                                 F               0         Blade 1 Z translation velocity, node 4, m/s
        298   -3.343E+00                                 F               0         Blade 1 X translation velocity, node 5, m/s
        299    1.550E+01                                 F               0         Blade 1 Y translation velocity, node 5, m/s
        300   -2.462E+01                                 F               0         Blade 1 Z translation velocity, node 5, m/s
        301   -3.738E+00                                 F               0         Blade 1 X translation velocity, node 6, m/s
        302    1.733E+01                                 F               0         Blade 1 Y translation velocity, node 6, m/s
        303   -2.752E+01                                 F               0         Blade 1 Z translation velocity, node 6, m/s
        304   -4.132E+00                                 F               0         Blade 1 X translation velocity, node 7, m/s
        305    1.916E+01                                 F               0         Blade 1 Y translation velocity, node 7, m/s
        306   -3.043E+01                                 F               0         Blade 1 Z translation velocity, node 7, m/s
        307   -4.527E+00                                 F               0         Blade 1 X translation velocity, node 8, m/s
