
Linearized model: Predictions were generated on 06-Feb-2024 at 16:18:08 using OpenFAST, compiled as a 64-bit application using single precision at commit v3.5.1
 linked with  NWTC Subroutine Library; ElastoDyn; InflowWind; AeroDyn; ServoDyn; HydroDyn; MAP++ (<1.20.10>, <Oct-20-2023>)

Description from the FAST input file: CCT-9 Campign 4 model. Input files to be run with OpenFAST 3.5.0. GitHub branch from Lu Wang (https://github.com/luwang00/openfast/tree/dev) compiled on March 7, 2023.

Simulation information:
   Simulation time:                  1001.7500 s
   Rotor Speed:                         1.0421 rad/s
   Azimuth:                             3.3239 rad
   Wind Speed:                         12.0000 m/s
   Number of continuous states:         0
   Number of discrete states:           0
   Number of constraint states:         0
   Number of inputs:                 1746
   Number of outputs:                   4
   Jacobians included in this file?    No

Order of inputs:
     Column   Operating Point                     Rotating Frame? Derivative Order Description
   ---------- ---------------                     --------------- ---------------- -----------
          1    1.513E+01                                 F               0         Tower X translation displacement, node 1, m
          2   -1.423E+00                                 F               0         Tower Y translation displacement, node 1, m
          3   -4.960E-01                                 F               0         Tower Z translation displacement, node 1, m
          4    1.704E+01                                 F               0         Tower X translation displacement, node 2, m
          5   -2.004E+00                                 F               0         Tower Y translation displacement, node 2, m
          6   -6.587E-01                                 F               0         Tower Z translation displacement, node 2, m
          7    1.899E+01                                 F               0         Tower X translation displacement, node 3, m
          8   -2.591E+00                                 F               0         Tower Y translation displacement, node 3, m
          9   -8.271E-01                                 F               0         Tower Z translation displacement, node 3, m
         10    2.096E+01                                 F               0         Tower X translation displacement, node 4, m
         11   -3.182E+00                                 F               0         Tower Y translation displacement, node 4, m
         12   -9.999E-01                                 F               0         Tower Z translation displacement, node 4, m
         13    2.296E+01                                 F               0         Tower X translation displacement, node 5, m
         14   -3.777E+00                                 F               0         Tower Y translation displacement, node 5, m
         15   -1.176E+00                                 F               0         Tower Z translation displacement, node 5, m
         16    2.497E+01                                 F               0         Tower X translation displacement, node 6, m
         17   -4.374E+00                                 F               0         Tower Y translation displacement, node 6, m
         18   -1.356E+00                                 F               0         Tower Z translation displacement, node 6, m
         19    2.699E+01                                 F               0         Tower X translation displacement, node 7, m
         20   -4.975E+00                                 F               0         Tower Y translation displacement, node 7, m
         21   -1.538E+00                                 F               0         Tower Z translation displacement, node 7, m
         22    2.903E+01                                 F               0         Tower X translation displacement, node 8, m
         23   -5.577E+00                                 F               0         Tower Y translation displacement, node 8, m
         24   -1.722E+00                                 F               0         Tower Z translation displacement, node 8, m
         25    3.108E+01                                 F               0         Tower X translation displacement, node 9, m
         26   -6.181E+00                                 F               0         Tower Y translation displacement, node 9, m
         27   -1.908E+00                                 F               0         Tower Z translation displacement, node 9, m
         28    3.313E+01                                 F               0         Tower X translation displacement, node 10, m
         29   -6.787E+00                                 F               0         Tower Y translation displacement, node 10, m
         30   -2.094E+00                                 F               0         Tower Z translation displacement, node 10, m
         31    3.518E+01                                 F               0         Tower X translation displacement, node 11, m
         32   -7.393E+00                                 F               0         Tower Y translation displacement, node 11, m
         33   -2.281E+00                                 F               0         Tower Z translation displacement, node 11, m
         34    9.881E-01, -3.535E-03, -1.540E-01         F               0         Tower X orientation angle, node 1, rad
         35    1.070E-02,  9.989E-01,  4.575E-02         F               0         Tower Y orientation angle, node 1, rad
         36    1.537E-01, -4.685E-02,  9.870E-01         F               0         Tower Z orientation angle, node 1, rad
         37    9.877E-01, -3.411E-03, -1.566E-01         F               0         Tower X orientation angle, node 2, rad
         38    1.077E-02,  9.989E-01,  4.616E-02         F               0         Tower Y orientation angle, node 2, rad
         39    1.563E-01, -4.727E-02,  9.866E-01         F               0         Tower Z orientation angle, node 2, rad
         40    9.873E-01, -3.301E-03, -1.589E-01         F               0         Tower X orientation angle, node 3, rad
         41    1.083E-02,  9.989E-01,  4.652E-02         F               0         Tower Y orientation angle, node 3, rad
         42    1.585E-01, -4.765E-02,  9.862E-01         F               0         Tower Z orientation angle, node 3, rad
         43    9.870E-01, -3.206E-03, -1.608E-01         F               0         Tower X orientation angle, node 4, rad
         44    1.088E-02,  9.988E-01,  4.684E-02         F               0         Tower Y orientation angle, node 4, rad
         45    1.605E-01, -4.798E-02,  9.859E-01         F               0         Tower Z orientation angle, node 4, rad
         46    9.867E-01, -3.126E-03, -1.625E-01         F               0         Tower X orientation angle, node 5, rad
         47    1.092E-02,  9.988E-01,  4.711E-02         F               0         Tower Y orientation angle, node 5, rad
         48    1.621E-01, -4.826E-02,  9.856E-01         F               0         Tower Z orientation angle, node 5, rad
         49    9.865E-01, -3.061E-03, -1.638E-01         F               0         Tower X orientation angle, node 6, rad
         50    1.096E-02,  9.988E-01,  4.734E-02         F               0         Tower Y orientation angle, node 6, rad
         51    1.635E-01, -4.850E-02,  9.854E-01         F               0         Tower Z orientation angle, node 6, rad
         52    9.863E-01, -3.011E-03, -1.648E-01         F               0         Tower X orientation angle, node 7, rad
         53    1.099E-02,  9.988E-01,  4.753E-02         F               0         Tower Y orientation angle, node 7, rad
         54    1.645E-01, -4.869E-02,  9.852E-01         F               0         Tower Z orientation angle, node 7, rad
         55    9.862E-01, -2.973E-03, -1.656E-01         F               0         Tower X orientation angle, node 8, rad
         56    1.101E-02,  9.988E-01,  4.767E-02         F               0         Tower Y orientation angle, node 8, rad
         57    1.652E-01, -4.883E-02,  9.850E-01         F               0         Tower Z orientation angle, node 8, rad
         58    9.861E-01, -2.946E-03, -1.661E-01         F               0         Tower X orientation angle, node 9, rad
         59    1.103E-02,  9.988E-01,  4.777E-02         F               0         Tower Y orientation angle, node 9, rad
         60    1.658E-01, -4.894E-02,  9.849E-01         F               0         Tower Z orientation angle, node 9, rad
         61    9.860E-01, -2.929E-03, -1.665E-01         F               0         Tower X orientation angle, node 10, rad
         62    1.104E-02,  9.988E-01,  4.784E-02         F               0         Tower Y orientation angle, node 10, rad
         63    1.661E-01, -4.901E-02,  9.849E-01         F               0         Tower Z orientation angle, node 10, rad
         64    9.860E-01, -2.920E-03, -1.666E-01         F               0         Tower X orientation angle, node 11, rad
         65    1.105E-02,  9.988E-01,  4.788E-02         F               0         Tower Y orientation angle, node 11, rad
         66    1.663E-01, -4.905E-02,  9.849E-01         F               0         Tower Z orientation angle, node 11, rad
         67    4.687E-04                                 F               0         Tower X translation velocity, node 1, m/s
         68   -4.281E-04                                 F               0         Tower Y translation velocity, node 1, m/s
         69   -1.140E-03                                 F               0         Tower Z translation velocity, node 1, m/s
         70    5.563E-04                                 F               0         Tower X translation velocity, node 2, m/s
         71   -7.023E-04                                 F               0         Tower Y translation velocity, node 2, m/s
         72   -1.167E-03                                 F               0         Tower Z translation velocity, node 2, m/s
         73    5.752E-04                                 F               0         Tower X translation velocity, node 3, m/s
         74   -9.399E-04                                 F               0         Tower Y translation velocity, node 3, m/s
         75   -1.182E-03                                 F               0         Tower Z translation velocity, node 3, m/s
         76    5.424E-04                                 F               0         Tower X translation velocity, node 4, m/s
         77   -1.148E-03                                 F               0         Tower Y translation velocity, node 4, m/s
         78   -1.186E-03                                 F               0         Tower Z translation velocity, node 4, m/s
         79    4.674E-04                                 F               0         Tower X translation velocity, node 5, m/s
         80   -1.329E-03                                 F               0         Tower Y translation velocity, node 5, m/s
         81   -1.183E-03                                 F               0         Tower Z translation velocity, node 5, m/s
         82    3.591E-04                                 F               0         Tower X translation velocity, node 6, m/s
         83   -1.488E-03                                 F               0         Tower Y translation velocity, node 6, m/s
         84   -1.173E-03                                 F               0         Tower Z translation velocity, node 6, m/s
         85    2.270E-04                                 F               0         Tower X translation velocity, node 7, m/s
         86   -1.628E-03                                 F               0         Tower Y translation velocity, node 7, m/s
         87   -1.158E-03                                 F               0         Tower Z translation velocity, node 7, m/s
         88    7.562E-05                                 F               0         Tower X translation velocity, node 8, m/s
         89   -1.751E-03                                 F               0         Tower Y translation velocity, node 8, m/s
         90   -1.139E-03                                 F               0         Tower Z translation velocity, node 8, m/s
         91   -8.894E-05                                 F               0         Tower X translation velocity, node 9, m/s
         92   -1.862E-03                                 F               0         Tower Y translation velocity, node 9, m/s
         93   -1.116E-03                                 F               0         Tower Z translation velocity, node 9, m/s
         94   -2.617E-04                                 F               0         Tower X translation velocity, node 10, m/s
         95   -1.963E-03                                 F               0         Tower Y translation velocity, node 10, m/s
         96   -1.092E-03                                 F               0         Tower Z translation velocity, node 10, m/s
         97   -4.387E-04                                 F               0         Tower X translation velocity, node 11, m/s
         98   -2.059E-03                                 F               0         Tower Y translation velocity, node 11, m/s
         99   -1.067E-03                                 F               0         Tower Z translation velocity, node 11, m/s
        100    3.664E+01                                 F               0         Hub X translation displacement, node 1, m
        101   -7.746E+00                                 F               0         Hub Y translation displacement, node 1, m
        102   -6.001E-01                                 F               0         Hub Z translation displacement, node 1, m
        103    9.632E-01,  2.223E-03, -2.687E-01         F               0         Hub X orientation angle, node 1, rad
        104   -5.953E-02, -9.733E-01, -2.215E-01         F               0         Hub Y orientation angle, node 1, rad
        105   -2.620E-01,  2.293E-01, -9.374E-01         F               0         Hub Z orientation angle, node 1, rad
        106    1.004E+00                                 F               0         Hub X rotation velocity, node 1, rad/s
        107    2.302E-03                                 F               0         Hub Y rotation velocity, node 1, rad/s
        108   -2.800E-01                                 F               0         Hub Z rotation velocity, node 1, rad/s
        109    9.646E-01,  3.110E-02, -2.620E-01         F               0         Blade root 1 X orientation angle, node 1, rad
        110   -3.092E-02, -9.729E-01, -2.293E-01         F               0         Blade root 1 Y orientation angle, node 1, rad
        111   -2.620E-01,  2.293E-01, -9.374E-01         F               0         Blade root 1 Z orientation angle, node 1, rad
        112    9.687E-01, -1.811E-02, -2.478E-01         F               0         Blade root 2 X orientation angle, node 1, rad
        113   -1.685E-01,  6.850E-01, -7.088E-01         F               0         Blade root 2 Y orientation angle, node 1, rad
        114    1.826E-01,  7.283E-01,  6.605E-01         F               0         Blade root 2 Z orientation angle, node 1, rad
        115    9.552E-01, -6.324E-03, -2.959E-01         F               0         Blade root 3 X orientation angle, node 1, rad
        116    2.851E-01,  2.880E-01,  9.142E-01         F               0         Blade root 3 Y orientation angle, node 1, rad
        117    7.945E-02, -9.576E-01,  2.769E-01         F               0         Blade root 3 Z orientation angle, node 1, rad
        118    3.461E+01                                 F               0         Blade 1 X translation displacement, node 1, m
        119   -6.476E+00                                 F               0         Blade 1 Y translation displacement, node 1, m
        120   -1.130E+01                                 F               0         Blade 1 Z translation displacement, node 1, m
        121    3.412E+01                                 F               0         Blade 1 X translation displacement, node 2, m
        122   -6.170E+00                                 F               0         Blade 1 Y translation displacement, node 2, m
        123   -1.388E+01                                 F               0         Blade 1 Z translation displacement, node 2, m
        124    2.746E+01                                 F               0         Blade 1 X translation displacement, node 3, m
        125   -2.007E+00                                 F               0         Blade 1 Y translation displacement, node 3, m
        126   -4.895E+01                                 F               0         Blade 1 Z translation displacement, node 3, m
        127    2.605E+01                                 F               0         Blade 1 X translation displacement, node 4, m
        128   -1.120E+00                                 F               0         Blade 1 Y translation displacement, node 4, m
        129   -5.642E+01                                 F               0         Blade 1 Z translation displacement, node 4, m
        130    2.463E+01                                 F               0         Blade 1 X translation displacement, node 5, m
        131   -2.330E-01                                 F               0         Blade 1 Y translation displacement, node 5, m
        132   -6.390E+01                                 F               0         Blade 1 Z translation displacement, node 5, m
        133    2.321E+01                                 F               0         Blade 1 X translation displacement, node 6, m
        134    6.538E-01                                 F               0         Blade 1 Y translation displacement, node 6, m
        135   -7.137E+01                                 F               0         Blade 1 Z translation displacement, node 6, m
        136    2.179E+01                                 F               0         Blade 1 X translation displacement, node 7, m
        137    1.541E+00                                 F               0         Blade 1 Y translation displacement, node 7, m
        138   -7.884E+01                                 F               0         Blade 1 Z translation displacement, node 7, m
        139    2.038E+01                                 F               0         Blade 1 X translation displacement, node 8, m
        140    2.428E+00                                 F               0         Blade 1 Y translation displacement, node 8, m
        141   -8.631E+01                                 F               0         Blade 1 Z translation displacement, node 8, m
        142    1.896E+01                                 F               0         Blade 1 X translation displacement, node 9, m
        143    3.315E+00                                 F               0         Blade 1 Y translation displacement, node 9, m
        144   -9.379E+01                                 F               0         Blade 1 Z translation displacement, node 9, m
        145    1.754E+01                                 F               0         Blade 1 X translation displacement, node 10, m
        146    4.201E+00                                 F               0         Blade 1 Y translation displacement, node 10, m
        147   -1.013E+02                                 F               0         Blade 1 Z translation displacement, node 10, m
        148    1.612E+01                                 F               0         Blade 1 X translation displacement, node 11, m
        149    5.088E+00                                 F               0         Blade 1 Y translation displacement, node 11, m
        150   -1.087E+02                                 F               0         Blade 1 Z translation displacement, node 11, m
        151    1.471E+01                                 F               0         Blade 1 X translation displacement, node 12, m
        152    5.975E+00                                 F               0         Blade 1 Y translation displacement, node 12, m
        153   -1.162E+02                                 F               0         Blade 1 Z translation displacement, node 12, m
        154    1.329E+01                                 F               0         Blade 1 X translation displacement, node 13, m
        155    6.862E+00                                 F               0         Blade 1 Y translation displacement, node 13, m
        156   -1.237E+02                                 F               0         Blade 1 Z translation displacement, node 13, m
        157    1.187E+01                                 F               0         Blade 1 X translation displacement, node 14, m
        158    7.749E+00                                 F               0         Blade 1 Y translation displacement, node 14, m
        159   -1.311E+02                                 F               0         Blade 1 Z translation displacement, node 14, m
        160    1.045E+01                                 F               0         Blade 1 X translation displacement, node 15, m
        161    8.636E+00                                 F               0         Blade 1 Y translation displacement, node 15, m
        162   -1.386E+02                                 F               0         Blade 1 Z translation displacement, node 15, m
        163    9.035E+00                                 F               0         Blade 1 X translation displacement, node 16, m
        164    9.523E+00                                 F               0         Blade 1 Y translation displacement, node 16, m
        165   -1.461E+02                                 F               0         Blade 1 Z translation displacement, node 16, m
        166    7.618E+00                                 F               0         Blade 1 X translation displacement, node 17, m
        167    1.041E+01                                 F               0         Blade 1 Y translation displacement, node 17, m
        168   -1.536E+02                                 F               0         Blade 1 Z translation displacement, node 17, m
        169    6.200E+00                                 F               0         Blade 1 X translation displacement, node 18, m
        170    1.130E+01                                 F               0         Blade 1 Y translation displacement, node 18, m
        171   -1.610E+02                                 F               0         Blade 1 Z translation displacement, node 18, m
        172    4.782E+00                                 F               0         Blade 1 X translation displacement, node 19, m
        173    1.218E+01                                 F               0         Blade 1 Y translation displacement, node 19, m
        174   -1.685E+02                                 F               0         Blade 1 Z translation displacement, node 19, m
        175    3.365E+00                                 F               0         Blade 1 X translation displacement, node 20, m
        176    1.307E+01                                 F               0         Blade 1 Y translation displacement, node 20, m
        177   -1.760E+02                                 F               0         Blade 1 Z translation displacement, node 20, m
        178    1.947E+00                                 F               0         Blade 1 X translation displacement, node 21, m
        179    1.396E+01                                 F               0         Blade 1 Y translation displacement, node 21, m
        180   -1.835E+02                                 F               0         Blade 1 Z translation displacement, node 21, m
        181    5.296E-01                                 F               0         Blade 1 X translation displacement, node 22, m
        182    1.484E+01                                 F               0         Blade 1 Y translation displacement, node 22, m
        183   -1.909E+02                                 F               0         Blade 1 Z translation displacement, node 22, m
        184   -8.880E-01                                 F               0         Blade 1 X translation displacement, node 23, m
        185    1.573E+01                                 F               0         Blade 1 Y translation displacement, node 23, m
        186   -1.984E+02                                 F               0         Blade 1 Z translation displacement, node 23, m
        187   -2.306E+00                                 F               0         Blade 1 X translation displacement, node 24, m
        188    1.662E+01                                 F               0         Blade 1 Y translation displacement, node 24, m
        189   -2.059E+02                                 F               0         Blade 1 Z translation displacement, node 24, m
        190   -3.723E+00                                 F               0         Blade 1 X translation displacement, node 25, m
        191    1.751E+01                                 F               0         Blade 1 Y translation displacement, node 25, m
        192   -2.133E+02                                 F               0         Blade 1 Z translation displacement, node 25, m
        193   -5.141E+00                                 F               0         Blade 1 X translation displacement, node 26, m
        194    1.839E+01                                 F               0         Blade 1 Y translation displacement, node 26, m
        195   -2.208E+02                                 F               0         Blade 1 Z translation displacement, node 26, m
        196   -6.558E+00                                 F               0         Blade 1 X translation displacement, node 27, m
        197    1.928E+01                                 F               0         Blade 1 Y translation displacement, node 27, m
        198   -2.283E+02                                 F               0         Blade 1 Z translation displacement, node 27, m
        199   -7.760E+00                                 F               0         Blade 1 X translation displacement, node 28, m
        200    2.003E+01                                 F               0         Blade 1 Y translation displacement, node 28, m
        201   -2.346E+02                                 F               0         Blade 1 Z translation displacement, node 28, m
        202    8.725E-01,  4.713E-01, -1.286E-01         F               0         Blade 1 X orientation angle, node 1, rad
        203    4.123E-01, -8.516E-01, -3.236E-01         F               0         Blade 1 Y orientation angle, node 1, rad
        204   -2.620E-01,  2.293E-01, -9.374E-01         F               0         Blade 1 Z orientation angle, node 1, rad
        205    8.725E-01,  4.713E-01, -1.286E-01         F               0         Blade 1 X orientation angle, node 2, rad
        206    4.123E-01, -8.516E-01, -3.236E-01         F               0         Blade 1 Y orientation angle, node 2, rad
        207   -2.620E-01,  2.293E-01, -9.374E-01         F               0         Blade 1 Z orientation angle, node 2, rad
        208    9.454E-01,  2.560E-01, -2.016E-01         F               0         Blade 1 X orientation angle, node 3, rad
        209    1.938E-01, -9.391E-01, -2.839E-01         F               0         Blade 1 Y orientation angle, node 3, rad
        210   -2.620E-01,  2.293E-01, -9.374E-01         F               0         Blade 1 Z orientation angle, node 3, rad
        211    9.528E-01,  2.162E-01, -2.134E-01         F               0         Blade 1 X orientation angle, node 4, rad
        212    1.537E-01, -9.490E-01, -2.751E-01         F               0         Blade 1 Y orientation angle, node 4, rad
        213   -2.620E-01,  2.293E-01, -9.374E-01         F               0         Blade 1 Z orientation angle, node 4, rad
        214    9.573E-01,  1.846E-01, -2.224E-01         F               0         Blade 1 X orientation angle, node 5, rad
        215    1.220E-01, -9.557E-01, -2.679E-01         F               0         Blade 1 Y orientation angle, node 5, rad
        216   -2.620E-01,  2.293E-01, -9.374E-01         F               0         Blade 1 Z orientation angle, node 5, rad
        217    9.602E-01,  1.592E-01, -2.294E-01         F               0         Blade 1 X orientation angle, node 6, rad
        218    9.658E-02, -9.603E-01, -2.619E-01         F               0         Blade 1 Y orientation angle, node 6, rad
        219   -2.620E-01,  2.293E-01, -9.374E-01         F               0         Blade 1 Z orientation angle, node 6, rad
        220    9.621E-01,  1.382E-01, -2.351E-01         F               0         Blade 1 X orientation angle, node 7, rad
        221    7.561E-02, -9.635E-01, -2.568E-01         F               0         Blade 1 Y orientation angle, node 7, rad
        222   -2.620E-01,  2.293E-01, -9.374E-01         F               0         Blade 1 Z orientation angle, node 7, rad
        223    9.633E-01,  1.207E-01, -2.397E-01         F               0         Blade 1 X orientation angle, node 8, rad
        224    5.814E-02, -9.658E-01, -2.525E-01         F               0         Blade 1 Y orientation angle, node 8, rad
        225   -2.620E-01,  2.293E-01, -9.374E-01         F               0         Blade 1 Z orientation angle, node 8, rad
        226    9.641E-01,  1.058E-01, -2.436E-01         F               0         Blade 1 X orientation angle, node 9, rad
        227    4.334E-02, -9.676E-01, -2.488E-01         F               0         Blade 1 Y orientation angle, node 9, rad
        228   -2.620E-01,  2.293E-01, -9.374E-01         F               0         Blade 1 Z orientation angle, node 9, rad
        229    9.646E-01,  9.297E-02, -2.468E-01         F               0         Blade 1 X orientation angle, node 10, rad
        230    3.054E-02, -9.689E-01, -2.456E-01         F               0         Blade 1 Y orientation angle, node 10, rad
        231   -2.620E-01,  2.293E-01, -9.374E-01         F               0         Blade 1 Z orientation angle, node 10, rad
        232    9.649E-01,  8.197E-02, -2.496E-01         F               0         Blade 1 X orientation angle, node 11, rad
        233    1.960E-02, -9.699E-01, -2.427E-01         F               0         Blade 1 Y orientation angle, node 11, rad
        234   -2.620E-01,  2.293E-01, -9.374E-01         F               0         Blade 1 Z orientation angle, node 11, rad
        235    9.650E-01,  7.232E-02, -2.520E-01         F               0         Blade 1 X orientation angle, node 12, rad
        236    1.000E-02, -9.707E-01, -2.402E-01         F               0         Blade 1 Y orientation angle, node 12, rad
        237   -2.620E-01,  2.293E-01, -9.374E-01         F               0         Blade 1 Z orientation angle, node 12, rad
        238    9.651E-01,  6.384E-02, -2.541E-01         F               0         Blade 1 X orientation angle, node 13, rad
        239    1.579E-03, -9.713E-01, -2.380E-01         F               0         Blade 1 Y orientation angle, node 13, rad
        240   -2.620E-01,  2.293E-01, -9.374E-01         F               0         Blade 1 Z orientation angle, node 13, rad
        241    9.650E-01,  5.621E-02, -2.560E-01         F               0         Blade 1 X orientation angle, node 14, rad
        242   -6.001E-03, -9.717E-01, -2.360E-01         F               0         Blade 1 Y orientation angle, node 14, rad
        243   -2.620E-01,  2.293E-01, -9.374E-01         F               0         Blade 1 Z orientation angle, node 14, rad
        244    9.650E-01,  4.943E-02, -2.576E-01         F               0         Blade 1 X orientation angle, node 15, rad
        245   -1.274E-02, -9.721E-01, -2.342E-01         F               0         Blade 1 Y orientation angle, node 15, rad
        246   -2.620E-01,  2.293E-01, -9.374E-01         F               0         Blade 1 Z orientation angle, node 15, rad
        247    9.649E-01,  4.332E-02, -2.591E-01         F               0         Blade 1 X orientation angle, node 16, rad
        248   -1.880E-02, -9.724E-01, -2.326E-01         F               0         Blade 1 Y orientation angle, node 16, rad
        249   -2.620E-01,  2.293E-01, -9.374E-01         F               0         Blade 1 Z orientation angle, node 16, rad
        250    9.648E-01,  3.789E-02, -2.604E-01         F               0         Blade 1 X orientation angle, node 17, rad
        251   -2.419E-02, -9.726E-01, -2.312E-01         F               0         Blade 1 Y orientation angle, node 17, rad
        252   -2.620E-01,  2.293E-01, -9.374E-01         F               0         Blade 1 Z orientation angle, node 17, rad
        253    9.646E-01,  3.280E-02, -2.616E-01         F               0         Blade 1 X orientation angle, node 18, rad
        254   -2.924E-02, -9.728E-01, -2.298E-01         F               0         Blade 1 Y orientation angle, node 18, rad
        255   -2.620E-01,  2.293E-01, -9.374E-01         F               0         Blade 1 Z orientation angle, node 18, rad
        256    9.645E-01,  2.821E-02, -2.627E-01         F               0         Blade 1 X orientation angle, node 19, rad
        257   -3.379E-02, -9.729E-01, -2.286E-01         F               0         Blade 1 Y orientation angle, node 19, rad
        258   -2.620E-01,  2.293E-01, -9.374E-01         F               0         Blade 1 Z orientation angle, node 19, rad
        259    9.643E-01,  2.414E-02, -2.636E-01         F               0         Blade 1 X orientation angle, node 20, rad
        260   -3.783E-02, -9.731E-01, -2.275E-01         F               0         Blade 1 Y orientation angle, node 20, rad
        261   -2.620E-01,  2.293E-01, -9.374E-01         F               0         Blade 1 Z orientation angle, node 20, rad
        262    9.642E-01,  2.023E-02, -2.645E-01         F               0         Blade 1 X orientation angle, node 21, rad
        263   -4.170E-02, -9.731E-01, -2.264E-01         F               0         Blade 1 Y orientation angle, node 21, rad
        264   -2.620E-01,  2.293E-01, -9.374E-01         F               0         Blade 1 Z orientation angle, node 21, rad
        265    9.640E-01,  1.666E-02, -2.654E-01         F               0         Blade 1 X orientation angle, node 22, rad
        266   -4.523E-02, -9.732E-01, -2.254E-01         F               0         Blade 1 Y orientation angle, node 22, rad
        267   -2.620E-01,  2.293E-01, -9.374E-01         F               0         Blade 1 Z orientation angle, node 22, rad
        268    9.639E-01,  1.343E-02, -2.661E-01         F               0         Blade 1 X orientation angle, node 23, rad
        269   -4.843E-02, -9.733E-01, -2.245E-01         F               0         Blade 1 Y orientation angle, node 23, rad
        270   -2.620E-01,  2.293E-01, -9.374E-01         F               0         Blade 1 Z orientation angle, node 23, rad
        271    9.637E-01,  1.038E-02, -2.668E-01         F               0         Blade 1 X orientation angle, node 24, rad
        272   -5.145E-02, -9.733E-01, -2.237E-01         F               0         Blade 1 Y orientation angle, node 24, rad
        273   -2.620E-01,  2.293E-01, -9.374E-01         F               0         Blade 1 Z orientation angle, node 24, rad
        274    9.635E-01,  7.489E-03, -2.675E-01         F               0         Blade 1 X orientation angle, node 25, rad
        275   -5.431E-02, -9.733E-01, -2.229E-01         F               0         Blade 1 Y orientation angle, node 25, rad
        276   -2.620E-01,  2.293E-01, -9.374E-01         F               0         Blade 1 Z orientation angle, node 25, rad
        277    9.634E-01,  4.941E-03, -2.680E-01         F               0         Blade 1 X orientation angle, node 26, rad
        278   -5.684E-02, -9.733E-01, -2.222E-01         F               0         Blade 1 Y orientation angle, node 26, rad
        279   -2.620E-01,  2.293E-01, -9.374E-01         F               0         Blade 1 Z orientation angle, node 26, rad
        280    9.632E-01,  2.393E-03, -2.686E-01         F               0         Blade 1 X orientation angle, node 27, rad
        281   -5.936E-02, -9.733E-01, -2.215E-01         F               0         Blade 1 Y orientation angle, node 27, rad
        282   -2.620E-01,  2.293E-01, -9.374E-01         F               0         Blade 1 Z orientation angle, node 27, rad
        283    9.632E-01,  1.034E-03, -2.689E-01         F               0         Blade 1 X orientation angle, node 28, rad
        284   -6.070E-02, -9.734E-01, -2.211E-01         F               0         Blade 1 Y orientation angle, node 28, rad
        285   -2.620E-01,  2.293E-01, -9.374E-01         F               0         Blade 1 Z orientation angle, node 28, rad
        286    3.431E-01                                 F               0         Blade 1 X translation velocity, node 1, m/s
        287    5.617E+00                                 F               0         Blade 1 Y translation velocity, node 1, m/s
        288    1.277E+00                                 F               0         Blade 1 Z translation velocity, node 1, m/s
        289    4.260E-01                                 F               0         Blade 1 X translation velocity, node 2, m/s
        290    6.971E+00                                 F               0         Blade 1 Y translation velocity, node 2, m/s
        291    1.585E+00                                 F               0         Blade 1 Z translation velocity, node 2, m/s
        292    1.552E+00                                 F               0         Blade 1 X translation velocity, node 3, m/s
        293    2.538E+01                                 F               0         Blade 1 Y translation velocity, node 3, m/s
        294    5.775E+00                                 F               0         Blade 1 Z translation velocity, node 3, m/s
        295    1.792E+00                                 F               0         Blade 1 X translation velocity, node 4, m/s
        296    2.931E+01                                 F               0         Blade 1 Y translation velocity, node 4, m/s
        297    6.667E+00                                 F               0         Blade 1 Z translation velocity, node 4, m/s
        298    2.032E+00                                 F               0         Blade 1 X translation velocity, node 5, m/s
        299    3.323E+01                                 F               0         Blade 1 Y translation velocity, node 5, m/s
        300    7.560E+00                                 F               0         Blade 1 Z translation velocity, node 5, m/s
        301    2.272E+00                                 F               0         Blade 1 X translation velocity, node 6, m/s
        302    3.715E+01                                 F               0         Blade 1 Y translation velocity, node 6, m/s
        303    8.452E+00                                 F               0         Blade 1 Z translation velocity, node 6, m/s
        304    2.512E+00                                 F               0         Blade 1 X translation velocity, node 7, m/s
        305    4.108E+01                                 F               0         Blade 1 Y translation velocity, node 7, m/s
        306    9.345E+00                                 F               0         Blade 1 Z translation velocity, node 7, m/s
        307    2.752E+00                                 F               0         Blade 1 X translation velocity, node 8, m/s
