
Linearized model: Predictions were generated on 06-Feb-2024 at 16:18:08 using OpenFAST, compiled as a 64-bit application using single precision at commit v3.5.1
 linked with  NWTC Subroutine Library; ElastoDyn; InflowWind; AeroDyn; ServoDyn; HydroDyn; MAP++ (<1.20.10>, <Oct-20-2023>)

Description from the FAST input file: CCT-9 Campign 4 model. Input files to be run with OpenFAST 3.5.0. GitHub branch from Lu Wang (https://github.com/luwang00/openfast/tree/dev) compiled on March 7, 2023.

Simulation information:
   Simulation time:                  1003.7500 s
   Rotor Speed:                         1.0420 rad/s
   Azimuth:                             5.4080 rad
   Wind Speed:                         12.0000 m/s
   Number of continuous states:         0
   Number of discrete states:           0
   Number of constraint states:         0
   Number of inputs:                 1746
   Number of outputs:                   4
   Jacobians included in this file?    No

Order of inputs:
     Column   Operating Point                     Rotating Frame? Derivative Order Description
   ---------- ---------------                     --------------- ---------------- -----------
          1    1.513E+01                                 F               0         Tower X translation displacement, node 1, m
          2   -1.424E+00                                 F               0         Tower Y translation displacement, node 1, m
          3   -4.958E-01                                 F               0         Tower Z translation displacement, node 1, m
          4    1.704E+01                                 F               0         Tower X translation displacement, node 2, m
          5   -2.006E+00                                 F               0         Tower Y translation displacement, node 2, m
          6   -6.585E-01                                 F               0         Tower Z translation displacement, node 2, m
          7    1.899E+01                                 F               0         Tower X translation displacement, node 3, m
          8   -2.594E+00                                 F               0         Tower Y translation displacement, node 3, m
          9   -8.268E-01                                 F               0         Tower Z translation displacement, node 3, m
         10    2.096E+01                                 F               0         Tower X translation displacement, node 4, m
         11   -3.185E+00                                 F               0         Tower Y translation displacement, node 4, m
         12   -9.996E-01                                 F               0         Tower Z translation displacement, node 4, m
         13    2.296E+01                                 F               0         Tower X translation displacement, node 5, m
         14   -3.780E+00                                 F               0         Tower Y translation displacement, node 5, m
         15   -1.176E+00                                 F               0         Tower Z translation displacement, node 5, m
         16    2.497E+01                                 F               0         Tower X translation displacement, node 6, m
         17   -4.379E+00                                 F               0         Tower Y translation displacement, node 6, m
         18   -1.356E+00                                 F               0         Tower Z translation displacement, node 6, m
         19    2.699E+01                                 F               0         Tower X translation displacement, node 7, m
         20   -4.980E+00                                 F               0         Tower Y translation displacement, node 7, m
         21   -1.538E+00                                 F               0         Tower Z translation displacement, node 7, m
         22    2.903E+01                                 F               0         Tower X translation displacement, node 8, m
         23   -5.583E+00                                 F               0         Tower Y translation displacement, node 8, m
         24   -1.722E+00                                 F               0         Tower Z translation displacement, node 8, m
         25    3.108E+01                                 F               0         Tower X translation displacement, node 9, m
         26   -6.187E+00                                 F               0         Tower Y translation displacement, node 9, m
         27   -1.907E+00                                 F               0         Tower Z translation displacement, node 9, m
         28    3.313E+01                                 F               0         Tower X translation displacement, node 10, m
         29   -6.793E+00                                 F               0         Tower Y translation displacement, node 10, m
         30   -2.094E+00                                 F               0         Tower Z translation displacement, node 10, m
         31    3.518E+01                                 F               0         Tower X translation displacement, node 11, m
         32   -7.399E+00                                 F               0         Tower Y translation displacement, node 11, m
         33   -2.281E+00                                 F               0         Tower Z translation displacement, node 11, m
         34    9.881E-01, -3.530E-03, -1.540E-01         F               0         Tower X orientation angle, node 1, rad
         35    1.071E-02,  9.989E-01,  4.582E-02         F               0         Tower Y orientation angle, node 1, rad
         36    1.537E-01, -4.692E-02,  9.870E-01         F               0         Tower Z orientation angle, node 1, rad
         37    9.877E-01, -3.406E-03, -1.566E-01         F               0         Tower X orientation angle, node 2, rad
         38    1.077E-02,  9.989E-01,  4.622E-02         F               0         Tower Y orientation angle, node 2, rad
         39    1.562E-01, -4.733E-02,  9.866E-01         F               0         Tower Z orientation angle, node 2, rad
         40    9.873E-01, -3.296E-03, -1.589E-01         F               0         Tower X orientation angle, node 3, rad
         41    1.083E-02,  9.989E-01,  4.658E-02         F               0         Tower Y orientation angle, node 3, rad
         42    1.585E-01, -4.770E-02,  9.862E-01         F               0         Tower Z orientation angle, node 3, rad
         43    9.870E-01, -3.201E-03, -1.608E-01         F               0         Tower X orientation angle, node 4, rad
         44    1.088E-02,  9.988E-01,  4.689E-02         F               0         Tower Y orientation angle, node 4, rad
         45    1.605E-01, -4.803E-02,  9.859E-01         F               0         Tower Z orientation angle, node 4, rad
         46    9.867E-01, -3.121E-03, -1.625E-01         F               0         Tower X orientation angle, node 5, rad
         47    1.092E-02,  9.988E-01,  4.716E-02         F               0         Tower Y orientation angle, node 5, rad
         48    1.621E-01, -4.830E-02,  9.856E-01         F               0         Tower Z orientation angle, node 5, rad
         49    9.865E-01, -3.056E-03, -1.638E-01         F               0         Tower X orientation angle, node 6, rad
         50    1.096E-02,  9.988E-01,  4.738E-02         F               0         Tower Y orientation angle, node 6, rad
         51    1.635E-01, -4.854E-02,  9.854E-01         F               0         Tower Z orientation angle, node 6, rad
         52    9.863E-01, -3.005E-03, -1.648E-01         F               0         Tower X orientation angle, node 7, rad
         53    1.099E-02,  9.988E-01,  4.756E-02         F               0         Tower Y orientation angle, node 7, rad
         54    1.645E-01, -4.872E-02,  9.852E-01         F               0         Tower Z orientation angle, node 7, rad
         55    9.862E-01, -2.967E-03, -1.656E-01         F               0         Tower X orientation angle, node 8, rad
         56    1.101E-02,  9.988E-01,  4.770E-02         F               0         Tower Y orientation angle, node 8, rad
         57    1.652E-01, -4.887E-02,  9.850E-01         F               0         Tower Z orientation angle, node 8, rad
         58    9.861E-01, -2.940E-03, -1.661E-01         F               0         Tower X orientation angle, node 9, rad
         59    1.103E-02,  9.988E-01,  4.780E-02         F               0         Tower Y orientation angle, node 9, rad
         60    1.658E-01, -4.897E-02,  9.849E-01         F               0         Tower Z orientation angle, node 9, rad
         61    9.860E-01, -2.923E-03, -1.665E-01         F               0         Tower X orientation angle, node 10, rad
         62    1.104E-02,  9.988E-01,  4.787E-02         F               0         Tower Y orientation angle, node 10, rad
         63    1.661E-01, -4.904E-02,  9.849E-01         F               0         Tower Z orientation angle, node 10, rad
         64    9.860E-01, -2.914E-03, -1.666E-01         F               0         Tower X orientation angle, node 11, rad
         65    1.105E-02,  9.988E-01,  4.791E-02         F               0         Tower Y orientation angle, node 11, rad
         66    1.663E-01, -4.908E-02,  9.849E-01         F               0         Tower Z orientation angle, node 11, rad
         67   -1.764E-05                                 F               0         Tower X translation velocity, node 1, m/s
         68   -3.075E-04                                 F               0         Tower Y translation velocity, node 1, m/s
         69    1.409E-03                                 F               0         Tower Z translation velocity, node 1, m/s
         70   -6.790E-05                                 F               0         Tower X translation velocity, node 2, m/s
         71   -5.042E-04                                 F               0         Tower Y translation velocity, node 2, m/s
         72    1.407E-03                                 F               0         Tower Z translation velocity, node 2, m/s
         73   -1.690E-04                                 F               0         Tower X translation velocity, node 3, m/s
         74   -6.740E-04                                 F               0         Tower Y translation velocity, node 3, m/s
         75    1.415E-03                                 F               0         Tower Z translation velocity, node 3, m/s
         76   -3.024E-04                                 F               0         Tower X translation velocity, node 4, m/s
         77   -8.221E-04                                 F               0         Tower Y translation velocity, node 4, m/s
         78    1.430E-03                                 F               0         Tower Z translation velocity, node 4, m/s
         79   -4.560E-04                                 F               0         Tower X translation velocity, node 5, m/s
         80   -9.509E-04                                 F               0         Tower Y translation velocity, node 5, m/s
         81    1.449E-03                                 F               0         Tower Z translation velocity, node 5, m/s
         82   -6.195E-04                                 F               0         Tower X translation velocity, node 6, m/s
         83   -1.063E-03                                 F               0         Tower Y translation velocity, node 6, m/s
         84    1.470E-03                                 F               0         Tower Z translation velocity, node 6, m/s
         85   -7.850E-04                                 F               0         Tower X translation velocity, node 7, m/s
         86   -1.162E-03                                 F               0         Tower Y translation velocity, node 7, m/s
         87    1.493E-03                                 F               0         Tower Z translation velocity, node 7, m/s
         88   -9.469E-04                                 F               0         Tower X translation velocity, node 8, m/s
         89   -1.249E-03                                 F               0         Tower Y translation velocity, node 8, m/s
         90    1.516E-03                                 F               0         Tower Z translation velocity, node 8, m/s
         91   -1.102E-03                                 F               0         Tower X translation velocity, node 9, m/s
         92   -1.327E-03                                 F               0         Tower Y translation velocity, node 9, m/s
         93    1.538E-03                                 F               0         Tower Z translation velocity, node 9, m/s
         94   -1.249E-03                                 F               0         Tower X translation velocity, node 10, m/s
         95   -1.398E-03                                 F               0         Tower Y translation velocity, node 10, m/s
         96    1.559E-03                                 F               0         Tower Z translation velocity, node 10, m/s
         97   -1.389E-03                                 F               0         Tower X translation velocity, node 11, m/s
         98   -1.465E-03                                 F               0         Tower Y translation velocity, node 11, m/s
         99    1.579E-03                                 F               0         Tower Z translation velocity, node 11, m/s
        100    3.664E+01                                 F               0         Hub X translation displacement, node 1, m
        101   -7.753E+00                                 F               0         Hub Y translation displacement, node 1, m
        102   -6.000E-01                                 F               0         Hub Z translation displacement, node 1, m
        103    9.632E-01,  2.231E-03, -2.687E-01         F               0         Hub X orientation angle, node 1, rad
        104   -1.990E-01,  6.778E-01, -7.078E-01         F               0         Hub Y orientation angle, node 1, rad
        105    1.805E-01,  7.352E-01,  6.533E-01         F               0         Hub Z orientation angle, node 1, rad
        106    1.004E+00                                 F               0         Hub X rotation velocity, node 1, rad/s
        107    2.314E-03                                 F               0         Hub Y rotation velocity, node 1, rad/s
        108   -2.799E-01                                 F               0         Hub Z rotation velocity, node 1, rad/s
        109    9.687E-01, -1.788E-02, -2.475E-01         F               0         Blade root 1 X orientation angle, node 1, rad
        110   -1.703E-01,  6.776E-01, -7.155E-01         F               0         Blade root 1 Y orientation angle, node 1, rad
        111    1.805E-01,  7.352E-01,  6.533E-01         F               0         Blade root 1 Z orientation angle, node 1, rad
        112    9.552E-01, -6.606E-03, -2.958E-01         F               0         Blade root 2 X orientation angle, node 1, rad
        113    2.843E-01,  2.978E-01,  9.113E-01         F               0         Blade root 2 Y orientation angle, node 1, rad
        114    8.207E-02, -9.546E-01,  2.863E-01         F               0         Blade root 2 Z orientation angle, node 1, rad
        115    9.645E-01,  3.117E-02, -2.623E-01         F               0         Blade root 3 X orientation angle, node 1, rad
        116   -2.824E-02, -9.751E-01, -2.198E-01         F               0         Blade root 3 Y orientation angle, node 1, rad
        117   -2.626E-01,  2.194E-01, -9.396E-01         F               0         Blade root 3 Z orientation angle, node 1, rad
        118    3.706E+01                                 F               0         Blade 1 X translation displacement, node 1, m
        119   -3.679E+00                                 F               0         Blade 1 Y translation displacement, node 1, m
        120   -2.490E+00                                 F               0         Blade 1 Z translation displacement, node 1, m
        121    3.716E+01                                 F               0         Blade 1 X translation displacement, node 2, m
        122   -2.698E+00                                 F               0         Blade 1 Y translation displacement, node 2, m
        123   -2.946E+00                                 F               0         Blade 1 Z translation displacement, node 2, m
        124    3.854E+01                                 F               0         Blade 1 X translation displacement, node 3, m
        125    1.065E+01                                 F               0         Blade 1 Y translation displacement, node 3, m
        126   -9.139E+00                                 F               0         Blade 1 Z translation displacement, node 3, m
        127    3.883E+01                                 F               0         Blade 1 X translation displacement, node 4, m
        128    1.349E+01                                 F               0         Blade 1 Y translation displacement, node 4, m
        129   -1.046E+01                                 F               0         Blade 1 Z translation displacement, node 4, m
        130    3.913E+01                                 F               0         Blade 1 X translation displacement, node 5, m
        131    1.634E+01                                 F               0         Blade 1 Y translation displacement, node 5, m
        132   -1.178E+01                                 F               0         Blade 1 Z translation displacement, node 5, m
        133    3.942E+01                                 F               0         Blade 1 X translation displacement, node 6, m
        134    1.918E+01                                 F               0         Blade 1 Y translation displacement, node 6, m
        135   -1.310E+01                                 F               0         Blade 1 Z translation displacement, node 6, m
        136    3.971E+01                                 F               0         Blade 1 X translation displacement, node 7, m
        137    2.202E+01                                 F               0         Blade 1 Y translation displacement, node 7, m
        138   -1.442E+01                                 F               0         Blade 1 Z translation displacement, node 7, m
        139    4.001E+01                                 F               0         Blade 1 X translation displacement, node 8, m
        140    2.487E+01                                 F               0         Blade 1 Y translation displacement, node 8, m
        141   -1.574E+01                                 F               0         Blade 1 Z translation displacement, node 8, m
        142    4.030E+01                                 F               0         Blade 1 X translation displacement, node 9, m
        143    2.771E+01                                 F               0         Blade 1 Y translation displacement, node 9, m
        144   -1.706E+01                                 F               0         Blade 1 Z translation displacement, node 9, m
        145    4.060E+01                                 F               0         Blade 1 X translation displacement, node 10, m
        146    3.055E+01                                 F               0         Blade 1 Y translation displacement, node 10, m
        147   -1.838E+01                                 F               0         Blade 1 Z translation displacement, node 10, m
        148    4.089E+01                                 F               0         Blade 1 X translation displacement, node 11, m
        149    3.340E+01                                 F               0         Blade 1 Y translation displacement, node 11, m
        150   -1.970E+01                                 F               0         Blade 1 Z translation displacement, node 11, m
        151    4.118E+01                                 F               0         Blade 1 X translation displacement, node 12, m
        152    3.624E+01                                 F               0         Blade 1 Y translation displacement, node 12, m
        153   -2.102E+01                                 F               0         Blade 1 Z translation displacement, node 12, m
        154    4.148E+01                                 F               0         Blade 1 X translation displacement, node 13, m
        155    3.909E+01                                 F               0         Blade 1 Y translation displacement, node 13, m
        156   -2.234E+01                                 F               0         Blade 1 Z translation displacement, node 13, m
        157    4.177E+01                                 F               0         Blade 1 X translation displacement, node 14, m
        158    4.193E+01                                 F               0         Blade 1 Y translation displacement, node 14, m
        159   -2.366E+01                                 F               0         Blade 1 Z translation displacement, node 14, m
        160    4.207E+01                                 F               0         Blade 1 X translation displacement, node 15, m
        161    4.477E+01                                 F               0         Blade 1 Y translation displacement, node 15, m
        162   -2.498E+01                                 F               0         Blade 1 Z translation displacement, node 15, m
        163    4.236E+01                                 F               0         Blade 1 X translation displacement, node 16, m
        164    4.762E+01                                 F               0         Blade 1 Y translation displacement, node 16, m
        165   -2.630E+01                                 F               0         Blade 1 Z translation displacement, node 16, m
        166    4.265E+01                                 F               0         Blade 1 X translation displacement, node 17, m
        167    5.046E+01                                 F               0         Blade 1 Y translation displacement, node 17, m
        168   -2.761E+01                                 F               0         Blade 1 Z translation displacement, node 17, m
        169    4.295E+01                                 F               0         Blade 1 X translation displacement, node 18, m
        170    5.330E+01                                 F               0         Blade 1 Y translation displacement, node 18, m
        171   -2.893E+01                                 F               0         Blade 1 Z translation displacement, node 18, m
        172    4.324E+01                                 F               0         Blade 1 X translation displacement, node 19, m
        173    5.615E+01                                 F               0         Blade 1 Y translation displacement, node 19, m
        174   -3.025E+01                                 F               0         Blade 1 Z translation displacement, node 19, m
        175    4.354E+01                                 F               0         Blade 1 X translation displacement, node 20, m
        176    5.899E+01                                 F               0         Blade 1 Y translation displacement, node 20, m
        177   -3.157E+01                                 F               0         Blade 1 Z translation displacement, node 20, m
        178    4.383E+01                                 F               0         Blade 1 X translation displacement, node 21, m
        179    6.184E+01                                 F               0         Blade 1 Y translation displacement, node 21, m
        180   -3.289E+01                                 F               0         Blade 1 Z translation displacement, node 21, m
        181    4.412E+01                                 F               0         Blade 1 X translation displacement, node 22, m
        182    6.468E+01                                 F               0         Blade 1 Y translation displacement, node 22, m
        183   -3.421E+01                                 F               0         Blade 1 Z translation displacement, node 22, m
        184    4.442E+01                                 F               0         Blade 1 X translation displacement, node 23, m
        185    6.752E+01                                 F               0         Blade 1 Y translation displacement, node 23, m
        186   -3.553E+01                                 F               0         Blade 1 Z translation displacement, node 23, m
        187    4.471E+01                                 F               0         Blade 1 X translation displacement, node 24, m
        188    7.037E+01                                 F               0         Blade 1 Y translation displacement, node 24, m
        189   -3.685E+01                                 F               0         Blade 1 Z translation displacement, node 24, m
        190    4.500E+01                                 F               0         Blade 1 X translation displacement, node 25, m
        191    7.321E+01                                 F               0         Blade 1 Y translation displacement, node 25, m
        192   -3.817E+01                                 F               0         Blade 1 Z translation displacement, node 25, m
        193    4.530E+01                                 F               0         Blade 1 X translation displacement, node 26, m
        194    7.605E+01                                 F               0         Blade 1 Y translation displacement, node 26, m
        195   -3.949E+01                                 F               0         Blade 1 Z translation displacement, node 26, m
        196    4.559E+01                                 F               0         Blade 1 X translation displacement, node 27, m
        197    7.890E+01                                 F               0         Blade 1 Y translation displacement, node 27, m
        198   -4.081E+01                                 F               0         Blade 1 Z translation displacement, node 27, m
        199    4.584E+01                                 F               0         Blade 1 X translation displacement, node 28, m
        200    8.131E+01                                 F               0         Blade 1 Y translation displacement, node 28, m
        201   -4.193E+01                                 F               0         Blade 1 Z translation displacement, node 28, m
        202    9.398E-01, -3.249E-01,  1.060E-01         F               0         Blade 1 X orientation angle, node 1, rad
        203    2.902E-01,  5.949E-01, -7.496E-01         F               0         Blade 1 Y orientation angle, node 1, rad
        204    1.805E-01,  7.352E-01,  6.533E-01         F               0         Blade 1 Z orientation angle, node 1, rad
        205    9.398E-01, -3.249E-01,  1.060E-01         F               0         Blade 1 X orientation angle, node 2, rad
        206    2.902E-01,  5.949E-01, -7.496E-01         F               0         Blade 1 Y orientation angle, node 2, rad
        207    1.805E-01,  7.352E-01,  6.533E-01         F               0         Blade 1 Z orientation angle, node 2, rad
        208    9.818E-01, -1.746E-01, -7.474E-02         F               0         Blade 1 X orientation angle, node 3, rad
        209    5.915E-02,  6.549E-01, -7.534E-01         F               0         Blade 1 Y orientation angle, node 3, rad
        210    1.805E-01,  7.352E-01,  6.533E-01         F               0         Blade 1 Z orientation angle, node 3, rad
        211    9.834E-01, -1.468E-01, -1.065E-01         F               0         Blade 1 X orientation angle, node 4, rad
        212    1.764E-02,  6.617E-01, -7.496E-01         F               0         Blade 1 Y orientation angle, node 4, rad
        213    1.805E-01,  7.352E-01,  6.533E-01         F               0         Blade 1 Z orientation angle, node 4, rad
        214    9.835E-01, -1.248E-01, -1.313E-01         F               0         Blade 1 X orientation angle, node 5, rad
        215   -1.498E-02,  6.662E-01, -7.456E-01         F               0         Blade 1 Y orientation angle, node 5, rad
        216    1.805E-01,  7.352E-01,  6.533E-01         F               0         Blade 1 Z orientation angle, node 5, rad
        217    9.827E-01, -1.071E-01, -1.510E-01         F               0         Blade 1 X orientation angle, node 6, rad
        218   -4.106E-02,  6.693E-01, -7.419E-01         F               0         Blade 1 Y orientation angle, node 6, rad
        219    1.805E-01,  7.352E-01,  6.533E-01         F               0         Blade 1 Z orientation angle, node 6, rad
        220    9.816E-01, -9.247E-02, -1.672E-01         F               0         Blade 1 X orientation angle, node 7, rad
        221   -6.249E-02,  6.715E-01, -7.384E-01         F               0         Blade 1 Y orientation angle, node 7, rad
        222    1.805E-01,  7.352E-01,  6.533E-01         F               0         Blade 1 Z orientation angle, node 7, rad
        223    9.803E-01, -8.027E-02, -1.805E-01         F               0         Blade 1 X orientation angle, node 8, rad
        224   -8.029E-02,  6.730E-01, -7.352E-01         F               0         Blade 1 Y orientation angle, node 8, rad
        225    1.805E-01,  7.352E-01,  6.533E-01         F               0         Blade 1 Z orientation angle, node 8, rad
        226    9.789E-01, -6.992E-02, -1.918E-01         F               0         Blade 1 X orientation angle, node 9, rad
        227   -9.534E-02,  6.742E-01, -7.324E-01         F               0         Blade 1 Y orientation angle, node 9, rad
        228    1.805E-01,  7.352E-01,  6.533E-01         F               0         Blade 1 Z orientation angle, node 9, rad
        229    9.776E-01, -6.098E-02, -2.015E-01         F               0         Blade 1 X orientation angle, node 10, rad
        230   -1.083E-01,  6.751E-01, -7.298E-01         F               0         Blade 1 Y orientation angle, node 10, rad
        231    1.805E-01,  7.352E-01,  6.533E-01         F               0         Blade 1 Z orientation angle, node 10, rad
        232    9.763E-01, -5.331E-02, -2.098E-01         F               0         Blade 1 X orientation angle, node 11, rad
        233   -1.194E-01,  6.757E-01, -7.274E-01         F               0         Blade 1 Y orientation angle, node 11, rad
        234    1.805E-01,  7.352E-01,  6.533E-01         F               0         Blade 1 Z orientation angle, node 11, rad
        235    9.751E-01, -4.659E-02, -2.170E-01         F               0         Blade 1 X orientation angle, node 12, rad
        236   -1.291E-01,  6.762E-01, -7.253E-01         F               0         Blade 1 Y orientation angle, node 12, rad
        237    1.805E-01,  7.352E-01,  6.533E-01         F               0         Blade 1 Z orientation angle, node 12, rad
        238    9.739E-01, -4.069E-02, -2.233E-01         F               0         Blade 1 X orientation angle, node 13, rad
        239   -1.376E-01,  6.766E-01, -7.234E-01         F               0         Blade 1 Y orientation angle, node 13, rad
        240    1.805E-01,  7.352E-01,  6.533E-01         F               0         Blade 1 Z orientation angle, node 13, rad
        241    9.728E-01, -3.537E-02, -2.290E-01         F               0         Blade 1 X orientation angle, node 14, rad
        242   -1.453E-01,  6.769E-01, -7.216E-01         F               0         Blade 1 Y orientation angle, node 14, rad
        243    1.805E-01,  7.352E-01,  6.533E-01         F               0         Blade 1 Z orientation angle, node 14, rad
        244    9.717E-01, -3.065E-02, -2.340E-01         F               0         Blade 1 X orientation angle, node 15, rad
        245   -1.520E-01,  6.771E-01, -7.200E-01         F               0         Blade 1 Y orientation angle, node 15, rad
        246    1.805E-01,  7.352E-01,  6.533E-01         F               0         Blade 1 Z orientation angle, node 15, rad
        247    9.708E-01, -2.639E-02, -2.385E-01         F               0         Blade 1 X orientation angle, node 16, rad
        248   -1.581E-01,  6.773E-01, -7.185E-01         F               0         Blade 1 Y orientation angle, node 16, rad
        249    1.805E-01,  7.352E-01,  6.533E-01         F               0         Blade 1 Z orientation angle, node 16, rad
        250    9.699E-01, -2.261E-02, -2.425E-01         F               0         Blade 1 X orientation angle, node 17, rad
        251   -1.636E-01,  6.774E-01, -7.172E-01         F               0         Blade 1 Y orientation angle, node 17, rad
        252    1.805E-01,  7.352E-01,  6.533E-01         F               0         Blade 1 Z orientation angle, node 17, rad
        253    9.690E-01, -1.906E-02, -2.463E-01         F               0         Blade 1 X orientation angle, node 18, rad
        254   -1.686E-01,  6.775E-01, -7.159E-01         F               0         Blade 1 Y orientation angle, node 18, rad
        255    1.805E-01,  7.352E-01,  6.533E-01         F               0         Blade 1 Z orientation angle, node 18, rad
        256    9.682E-01, -1.587E-02, -2.497E-01         F               0         Blade 1 X orientation angle, node 19, rad
        257   -1.732E-01,  6.776E-01, -7.147E-01         F               0         Blade 1 Y orientation angle, node 19, rad
        258    1.805E-01,  7.352E-01,  6.533E-01         F               0         Blade 1 Z orientation angle, node 19, rad
        259    9.675E-01, -1.303E-02, -2.527E-01         F               0         Blade 1 X orientation angle, node 20, rad
        260   -1.773E-01,  6.777E-01, -7.137E-01         F               0         Blade 1 Y orientation angle, node 20, rad
        261    1.805E-01,  7.352E-01,  6.533E-01         F               0         Blade 1 Z orientation angle, node 20, rad
        262    9.667E-01, -1.031E-02, -2.555E-01         F               0         Blade 1 X orientation angle, node 21, rad
        263   -1.811E-01,  6.777E-01, -7.127E-01         F               0         Blade 1 Y orientation angle, node 21, rad
        264    1.805E-01,  7.352E-01,  6.533E-01         F               0         Blade 1 Z orientation angle, node 21, rad
        265    9.661E-01, -7.824E-03, -2.581E-01         F               0         Blade 1 X orientation angle, node 22, rad
        266   -1.847E-01,  6.778E-01, -7.117E-01         F               0         Blade 1 Y orientation angle, node 22, rad
        267    1.805E-01,  7.352E-01,  6.533E-01         F               0         Blade 1 Z orientation angle, node 22, rad
        268    9.655E-01, -5.576E-03, -2.605E-01         F               0         Blade 1 X orientation angle, node 23, rad
        269   -1.879E-01,  6.778E-01, -7.109E-01         F               0         Blade 1 Y orientation angle, node 23, rad
        270    1.805E-01,  7.352E-01,  6.533E-01         F               0         Blade 1 Z orientation angle, node 23, rad
        271    9.649E-01, -3.447E-03, -2.627E-01         F               0         Blade 1 X orientation angle, node 24, rad
        272   -1.909E-01,  6.778E-01, -7.100E-01         F               0         Blade 1 Y orientation angle, node 24, rad
        273    1.805E-01,  7.352E-01,  6.533E-01         F               0         Blade 1 Z orientation angle, node 24, rad
        274    9.643E-01, -1.436E-03, -2.648E-01         F               0         Blade 1 X orientation angle, node 25, rad
        275   -1.938E-01,  6.778E-01, -7.093E-01         F               0         Blade 1 Y orientation angle, node 25, rad
        276    1.805E-01,  7.352E-01,  6.533E-01         F               0         Blade 1 Z orientation angle, node 25, rad
        277    9.638E-01,  3.386E-04, -2.667E-01         F               0         Blade 1 X orientation angle, node 26, rad
        278   -1.963E-01,  6.778E-01, -7.086E-01         F               0         Blade 1 Y orientation angle, node 26, rad
        279    1.805E-01,  7.352E-01,  6.533E-01         F               0         Blade 1 Z orientation angle, node 26, rad
        280    9.633E-01,  2.113E-03, -2.685E-01         F               0         Blade 1 X orientation angle, node 27, rad
        281   -1.988E-01,  6.778E-01, -7.079E-01         F               0         Blade 1 Y orientation angle, node 27, rad
        282    1.805E-01,  7.352E-01,  6.533E-01         F               0         Blade 1 Z orientation angle, node 27, rad
        283    9.630E-01,  3.059E-03, -2.695E-01         F               0         Blade 1 X orientation angle, node 28, rad
        284   -2.002E-01,  6.778E-01, -7.075E-01         F               0         Blade 1 Y orientation angle, node 28, rad
        285    1.805E-01,  7.352E-01,  6.533E-01         F               0         Blade 1 Z orientation angle, node 28, rad
        286    1.147E+00                                 F               0         Blade 1 X translation velocity, node 1, m/s
        287   -3.914E+00                                 F               0         Blade 1 Y translation velocity, node 1, m/s
        288    4.087E+00                                 F               0         Blade 1 Z translation velocity, node 1, m/s
        289    1.424E+00                                 F               0         Blade 1 X translation velocity, node 2, m/s
        290   -4.857E+00                                 F               0         Blade 1 Y translation velocity, node 2, m/s
        291    5.072E+00                                 F               0         Blade 1 Z translation velocity, node 2, m/s
        292    5.188E+00                                 F               0         Blade 1 X translation velocity, node 3, m/s
        293   -1.768E+01                                 F               0         Blade 1 Y translation velocity, node 3, m/s
        294    1.846E+01                                 F               0         Blade 1 Z translation velocity, node 3, m/s
        295    5.990E+00                                 F               0         Blade 1 X translation velocity, node 4, m/s
        296   -2.041E+01                                 F               0         Blade 1 Y translation velocity, node 4, m/s
        297    2.131E+01                                 F               0         Blade 1 Z translation velocity, node 4, m/s
        298    6.792E+00                                 F               0         Blade 1 X translation velocity, node 5, m/s
        299   -2.314E+01                                 F               0         Blade 1 Y translation velocity, node 5, m/s
        300    2.417E+01                                 F               0         Blade 1 Z translation velocity, node 5, m/s
        301    7.594E+00                                 F               0         Blade 1 X translation velocity, node 6, m/s
        302   -2.587E+01                                 F               0         Blade 1 Y translation velocity, node 6, m/s
        303    2.702E+01                                 F               0         Blade 1 Z translation velocity, node 6, m/s
        304    8.395E+00                                 F               0         Blade 1 X translation velocity, node 7, m/s
        305   -2.860E+01                                 F               0         Blade 1 Y translation velocity, node 7, m/s
        306    2.987E+01                                 F               0         Blade 1 Z translation velocity, node 7, m/s
        307    9.198E+00                                 F               0         Blade 1 X translation velocity, node 8, m/s
