
Linearized model: Predictions were generated on 06-Feb-2024 at 16:18:08 using OpenFAST, compiled as a 64-bit application using single precision at commit v3.5.1
 linked with  NWTC Subroutine Library; ElastoDyn; InflowWind; AeroDyn; ServoDyn; HydroDyn; MAP++ (<1.20.10>, <Oct-20-2023>)

Description from the FAST input file: CCT-9 Campign 4 model. Input files to be run with OpenFAST 3.5.0. GitHub branch from Lu Wang (https://github.com/luwang00/openfast/tree/dev) compiled on March 7, 2023.

Simulation information:
   Simulation time:                  1000.7500 s
   Rotor Speed:                         1.0419 rad/s
   Azimuth:                             2.2819 rad
   Wind Speed:                         12.0000 m/s
   Number of continuous states:         0
   Number of discrete states:           0
   Number of constraint states:         0
   Number of inputs:                 1746
   Number of outputs:                   4
   Jacobians included in this file?    No

Order of inputs:
     Column   Operating Point                     Rotating Frame? Derivative Order Description
   ---------- ---------------                     --------------- ---------------- -----------
          1    1.513E+01                                 F               0         Tower X translation displacement, node 1, m
          2   -1.423E+00                                 F               0         Tower Y translation displacement, node 1, m
          3   -4.943E-01                                 F               0         Tower Z translation displacement, node 1, m
          4    1.704E+01                                 F               0         Tower X translation displacement, node 2, m
          5   -2.004E+00                                 F               0         Tower Y translation displacement, node 2, m
          6   -6.569E-01                                 F               0         Tower Z translation displacement, node 2, m
          7    1.899E+01                                 F               0         Tower X translation displacement, node 3, m
          8   -2.591E+00                                 F               0         Tower Y translation displacement, node 3, m
          9   -8.253E-01                                 F               0         Tower Z translation displacement, node 3, m
         10    2.096E+01                                 F               0         Tower X translation displacement, node 4, m
         11   -3.182E+00                                 F               0         Tower Y translation displacement, node 4, m
         12   -9.981E-01                                 F               0         Tower Z translation displacement, node 4, m
         13    2.296E+01                                 F               0         Tower X translation displacement, node 5, m
         14   -3.776E+00                                 F               0         Tower Y translation displacement, node 5, m
         15   -1.175E+00                                 F               0         Tower Z translation displacement, node 5, m
         16    2.497E+01                                 F               0         Tower X translation displacement, node 6, m
         17   -4.374E+00                                 F               0         Tower Y translation displacement, node 6, m
         18   -1.354E+00                                 F               0         Tower Z translation displacement, node 6, m
         19    2.699E+01                                 F               0         Tower X translation displacement, node 7, m
         20   -4.975E+00                                 F               0         Tower Y translation displacement, node 7, m
         21   -1.536E+00                                 F               0         Tower Z translation displacement, node 7, m
         22    2.903E+01                                 F               0         Tower X translation displacement, node 8, m
         23   -5.577E+00                                 F               0         Tower Y translation displacement, node 8, m
         24   -1.720E+00                                 F               0         Tower Z translation displacement, node 8, m
         25    3.108E+01                                 F               0         Tower X translation displacement, node 9, m
         26   -6.181E+00                                 F               0         Tower Y translation displacement, node 9, m
         27   -1.906E+00                                 F               0         Tower Z translation displacement, node 9, m
         28    3.313E+01                                 F               0         Tower X translation displacement, node 10, m
         29   -6.786E+00                                 F               0         Tower Y translation displacement, node 10, m
         30   -2.092E+00                                 F               0         Tower Z translation displacement, node 10, m
         31    3.518E+01                                 F               0         Tower X translation displacement, node 11, m
         32   -7.392E+00                                 F               0         Tower Y translation displacement, node 11, m
         33   -2.279E+00                                 F               0         Tower Z translation displacement, node 11, m
         34    9.881E-01, -3.535E-03, -1.540E-01         F               0         Tower X orientation angle, node 1, rad
         35    1.070E-02,  9.989E-01,  4.575E-02         F               0         Tower Y orientation angle, node 1, rad
         36    1.537E-01, -4.685E-02,  9.870E-01         F               0         Tower Z orientation angle, node 1, rad
         37    9.877E-01, -3.411E-03, -1.566E-01         F               0         Tower X orientation angle, node 2, rad
         38    1.077E-02,  9.989E-01,  4.616E-02         F               0         Tower Y orientation angle, node 2, rad
         39    1.563E-01, -4.727E-02,  9.866E-01         F               0         Tower Z orientation angle, node 2, rad
         40    9.873E-01, -3.301E-03, -1.589E-01         F               0         Tower X orientation angle, node 3, rad
         41    1.083E-02,  9.989E-01,  4.652E-02         F               0         Tower Y orientation angle, node 3, rad
         42    1.585E-01, -4.765E-02,  9.862E-01         F               0         Tower Z orientation angle, node 3, rad
         43    9.870E-01, -3.206E-03, -1.608E-01         F               0         Tower X orientation angle, node 4, rad
         44    1.088E-02,  9.988E-01,  4.684E-02         F               0         Tower Y orientation angle, node 4, rad
         45    1.605E-01, -4.798E-02,  9.859E-01         F               0         Tower Z orientation angle, node 4, rad
         46    9.867E-01, -3.126E-03, -1.625E-01         F               0         Tower X orientation angle, node 5, rad
         47    1.092E-02,  9.988E-01,  4.711E-02         F               0         Tower Y orientation angle, node 5, rad
         48    1.621E-01, -4.826E-02,  9.856E-01         F               0         Tower Z orientation angle, node 5, rad
         49    9.865E-01, -3.061E-03, -1.638E-01         F               0         Tower X orientation angle, node 6, rad
         50    1.096E-02,  9.988E-01,  4.734E-02         F               0         Tower Y orientation angle, node 6, rad
         51    1.635E-01, -4.850E-02,  9.854E-01         F               0         Tower Z orientation angle, node 6, rad
         52    9.863E-01, -3.010E-03, -1.648E-01         F               0         Tower X orientation angle, node 7, rad
         53    1.099E-02,  9.988E-01,  4.753E-02         F               0         Tower Y orientation angle, node 7, rad
         54    1.645E-01, -4.869E-02,  9.852E-01         F               0         Tower Z orientation angle, node 7, rad
         55    9.862E-01, -2.972E-03, -1.656E-01         F               0         Tower X orientation angle, node 8, rad
         56    1.101E-02,  9.988E-01,  4.767E-02         F               0         Tower Y orientation angle, node 8, rad
         57    1.652E-01, -4.883E-02,  9.850E-01         F               0         Tower Z orientation angle, node 8, rad
         58    9.861E-01, -2.946E-03, -1.661E-01         F               0         Tower X orientation angle, node 9, rad
         59    1.103E-02,  9.988E-01,  4.777E-02         F               0         Tower Y orientation angle, node 9, rad
         60    1.658E-01, -4.894E-02,  9.849E-01         F               0         Tower Z orientation angle, node 9, rad
         61    9.860E-01, -2.929E-03, -1.665E-01         F               0         Tower X orientation angle, node 10, rad
         62    1.104E-02,  9.988E-01,  4.784E-02         F               0         Tower Y orientation angle, node 10, rad
         63    1.661E-01, -4.901E-02,  9.849E-01         F               0         Tower Z orientation angle, node 10, rad
         64    9.860E-01, -2.920E-03, -1.666E-01         F               0         Tower X orientation angle, node 11, rad
         65    1.105E-02,  9.988E-01,  4.788E-02         F               0         Tower Y orientation angle, node 11, rad
         66    1.663E-01, -4.905E-02,  9.849E-01         F               0         Tower Z orientation angle, node 11, rad
         67    8.181E-05                                 F               0         Tower X translation velocity, node 1, m/s
         68    3.835E-04                                 F               0         Tower Y translation velocity, node 1, m/s
         69   -2.411E-03                                 F               0         Tower Z translation velocity, node 1, m/s
         70    8.510E-05                                 F               0         Tower X translation velocity, node 2, m/s
         71    6.318E-04                                 F               0         Tower Y translation velocity, node 2, m/s
         72   -2.400E-03                                 F               0         Tower Z translation velocity, node 2, m/s
         73    1.392E-04                                 F               0         Tower X translation velocity, node 3, m/s
         74    8.538E-04                                 F               0         Tower Y translation velocity, node 3, m/s
         75   -2.398E-03                                 F               0         Tower Z translation velocity, node 3, m/s
         76    2.251E-04                                 F               0         Tower X translation velocity, node 4, m/s
         77    1.055E-03                                 F               0         Tower Y translation velocity, node 4, m/s
         78   -2.402E-03                                 F               0         Tower Z translation velocity, node 4, m/s
         79    3.302E-04                                 F               0         Tower X translation velocity, node 5, m/s
         80    1.237E-03                                 F               0         Tower Y translation velocity, node 5, m/s
         81   -2.410E-03                                 F               0         Tower Z translation velocity, node 5, m/s
         82    4.440E-04                                 F               0         Tower X translation velocity, node 6, m/s
         83    1.404E-03                                 F               0         Tower Y translation velocity, node 6, m/s
         84   -2.421E-03                                 F               0         Tower Z translation velocity, node 6, m/s
         85    5.584E-04                                 F               0         Tower X translation velocity, node 7, m/s
         86    1.557E-03                                 F               0         Tower Y translation velocity, node 7, m/s
         87   -2.432E-03                                 F               0         Tower Z translation velocity, node 7, m/s
         88    6.677E-04                                 F               0         Tower X translation velocity, node 8, m/s
         89    1.700E-03                                 F               0         Tower Y translation velocity, node 8, m/s
         90   -2.444E-03                                 F               0         Tower Z translation velocity, node 8, m/s
         91    7.685E-04                                 F               0         Tower X translation velocity, node 9, m/s
         92    1.833E-03                                 F               0         Tower Y translation velocity, node 9, m/s
         93   -2.454E-03                                 F               0         Tower Z translation velocity, node 9, m/s
         94    8.602E-04                                 F               0         Tower X translation velocity, node 10, m/s
         95    1.960E-03                                 F               0         Tower Y translation velocity, node 10, m/s
         96   -2.463E-03                                 F               0         Tower Z translation velocity, node 10, m/s
         97    9.439E-04                                 F               0         Tower X translation velocity, node 11, m/s
         98    2.083E-03                                 F               0         Tower Y translation velocity, node 11, m/s
         99   -2.471E-03                                 F               0         Tower Z translation velocity, node 11, m/s
        100    3.664E+01                                 F               0         Hub X translation displacement, node 1, m
        101   -7.746E+00                                 F               0         Hub Y translation displacement, node 1, m
        102   -5.983E-01                                 F               0         Hub Z translation displacement, node 1, m
        103    9.632E-01,  2.223E-03, -2.687E-01         F               0         Hub X orientation angle, node 1, rad
        104    1.962E-01, -6.890E-01,  6.977E-01         F               0         Hub Y orientation angle, node 1, rad
        105   -1.836E-01, -7.247E-01, -6.641E-01         F               0         Hub Z orientation angle, node 1, rad
        106    1.004E+00                                 F               0         Hub X rotation velocity, node 1, rad/s
        107    2.323E-03                                 F               0         Hub Y rotation velocity, node 1, rad/s
        108   -2.799E-01                                 F               0         Hub Z rotation velocity, node 1, rad/s
        109    9.570E-01,  2.266E-02, -2.893E-01         F               0         Blade root 1 X orientation angle, node 1, rad
        110    2.247E-01, -6.887E-01,  6.894E-01         F               0         Blade root 1 Y orientation angle, node 1, rad
        111   -1.836E-01, -7.247E-01, -6.641E-01         F               0         Blade root 1 Z orientation angle, node 1, rad
        112    9.704E-01,  1.062E-02, -2.411E-01         F               0         Blade root 2 X orientation angle, node 1, rad
        113   -2.284E-01, -2.829E-01, -9.316E-01         F               0         Blade root 2 Y orientation angle, node 1, rad
        114   -7.812E-02,  9.591E-01, -2.721E-01         F               0         Blade root 2 Z orientation angle, node 1, rad
        115    9.610E-01, -2.662E-02, -2.753E-01         F               0         Blade root 3 X orientation angle, node 1, rad
        116    8.944E-02,  9.718E-01,  2.183E-01         F               0         Blade root 3 Y orientation angle, node 1, rad
        117    2.617E-01, -2.344E-01,  9.363E-01         F               0         Blade root 3 Z orientation angle, node 1, rad
        118    3.504E+01                                 F               0         Blade 1 X translation displacement, node 1, m
        119   -1.176E+01                                 F               0         Blade 1 Y translation displacement, node 1, m
        120   -9.787E+00                                 F               0         Blade 1 Z translation displacement, node 1, m
        121    3.466E+01                                 F               0         Blade 1 X translation displacement, node 2, m
        122   -1.273E+01                                 F               0         Blade 1 Y translation displacement, node 2, m
        123   -1.200E+01                                 F               0         Blade 1 Z translation displacement, node 2, m
        124    2.943E+01                                 F               0         Blade 1 X translation displacement, node 3, m
        125   -2.588E+01                                 F               0         Blade 1 Y translation displacement, node 3, m
        126   -4.211E+01                                 F               0         Blade 1 Z translation displacement, node 3, m
        127    2.831E+01                                 F               0         Blade 1 X translation displacement, node 4, m
        128   -2.869E+01                                 F               0         Blade 1 Y translation displacement, node 4, m
        129   -4.853E+01                                 F               0         Blade 1 Z translation displacement, node 4, m
        130    2.720E+01                                 F               0         Blade 1 X translation displacement, node 5, m
        131   -3.149E+01                                 F               0         Blade 1 Y translation displacement, node 5, m
        132   -5.494E+01                                 F               0         Blade 1 Z translation displacement, node 5, m
        133    2.608E+01                                 F               0         Blade 1 X translation displacement, node 6, m
        134   -3.429E+01                                 F               0         Blade 1 Y translation displacement, node 6, m
        135   -6.136E+01                                 F               0         Blade 1 Z translation displacement, node 6, m
        136    2.497E+01                                 F               0         Blade 1 X translation displacement, node 7, m
        137   -3.710E+01                                 F               0         Blade 1 Y translation displacement, node 7, m
        138   -6.777E+01                                 F               0         Blade 1 Z translation displacement, node 7, m
        139    2.386E+01                                 F               0         Blade 1 X translation displacement, node 8, m
        140   -3.990E+01                                 F               0         Blade 1 Y translation displacement, node 8, m
        141   -7.419E+01                                 F               0         Blade 1 Z translation displacement, node 8, m
        142    2.274E+01                                 F               0         Blade 1 X translation displacement, node 9, m
        143   -4.270E+01                                 F               0         Blade 1 Y translation displacement, node 9, m
        144   -8.060E+01                                 F               0         Blade 1 Z translation displacement, node 9, m
        145    2.163E+01                                 F               0         Blade 1 X translation displacement, node 10, m
        146   -4.550E+01                                 F               0         Blade 1 Y translation displacement, node 10, m
        147   -8.702E+01                                 F               0         Blade 1 Z translation displacement, node 10, m
        148    2.051E+01                                 F               0         Blade 1 X translation displacement, node 11, m
        149   -4.831E+01                                 F               0         Blade 1 Y translation displacement, node 11, m
        150   -9.343E+01                                 F               0         Blade 1 Z translation displacement, node 11, m
        151    1.940E+01                                 F               0         Blade 1 X translation displacement, node 12, m
        152   -5.111E+01                                 F               0         Blade 1 Y translation displacement, node 12, m
        153   -9.985E+01                                 F               0         Blade 1 Z translation displacement, node 12, m
        154    1.828E+01                                 F               0         Blade 1 X translation displacement, node 13, m
        155   -5.391E+01                                 F               0         Blade 1 Y translation displacement, node 13, m
        156   -1.063E+02                                 F               0         Blade 1 Z translation displacement, node 13, m
        157    1.717E+01                                 F               0         Blade 1 X translation displacement, node 14, m
        158   -5.672E+01                                 F               0         Blade 1 Y translation displacement, node 14, m
        159   -1.127E+02                                 F               0         Blade 1 Z translation displacement, node 14, m
        160    1.606E+01                                 F               0         Blade 1 X translation displacement, node 15, m
        161   -5.952E+01                                 F               0         Blade 1 Y translation displacement, node 15, m
        162   -1.191E+02                                 F               0         Blade 1 Z translation displacement, node 15, m
        163    1.494E+01                                 F               0         Blade 1 X translation displacement, node 16, m
        164   -6.232E+01                                 F               0         Blade 1 Y translation displacement, node 16, m
        165   -1.255E+02                                 F               0         Blade 1 Z translation displacement, node 16, m
        166    1.383E+01                                 F               0         Blade 1 X translation displacement, node 17, m
        167   -6.513E+01                                 F               0         Blade 1 Y translation displacement, node 17, m
        168   -1.319E+02                                 F               0         Blade 1 Z translation displacement, node 17, m
        169    1.271E+01                                 F               0         Blade 1 X translation displacement, node 18, m
        170   -6.793E+01                                 F               0         Blade 1 Y translation displacement, node 18, m
        171   -1.383E+02                                 F               0         Blade 1 Z translation displacement, node 18, m
        172    1.160E+01                                 F               0         Blade 1 X translation displacement, node 19, m
        173   -7.073E+01                                 F               0         Blade 1 Y translation displacement, node 19, m
        174   -1.448E+02                                 F               0         Blade 1 Z translation displacement, node 19, m
        175    1.048E+01                                 F               0         Blade 1 X translation displacement, node 20, m
        176   -7.353E+01                                 F               0         Blade 1 Y translation displacement, node 20, m
        177   -1.512E+02                                 F               0         Blade 1 Z translation displacement, node 20, m
        178    9.370E+00                                 F               0         Blade 1 X translation displacement, node 21, m
        179   -7.634E+01                                 F               0         Blade 1 Y translation displacement, node 21, m
        180   -1.576E+02                                 F               0         Blade 1 Z translation displacement, node 21, m
        181    8.255E+00                                 F               0         Blade 1 X translation displacement, node 22, m
        182   -7.914E+01                                 F               0         Blade 1 Y translation displacement, node 22, m
        183   -1.640E+02                                 F               0         Blade 1 Z translation displacement, node 22, m
        184    7.141E+00                                 F               0         Blade 1 X translation displacement, node 23, m
        185   -8.194E+01                                 F               0         Blade 1 Y translation displacement, node 23, m
        186   -1.704E+02                                 F               0         Blade 1 Z translation displacement, node 23, m
        187    6.027E+00                                 F               0         Blade 1 X translation displacement, node 24, m
        188   -8.475E+01                                 F               0         Blade 1 Y translation displacement, node 24, m
        189   -1.768E+02                                 F               0         Blade 1 Z translation displacement, node 24, m
        190    4.912E+00                                 F               0         Blade 1 X translation displacement, node 25, m
        191   -8.755E+01                                 F               0         Blade 1 Y translation displacement, node 25, m
        192   -1.832E+02                                 F               0         Blade 1 Z translation displacement, node 25, m
        193    3.798E+00                                 F               0         Blade 1 X translation displacement, node 26, m
        194   -9.035E+01                                 F               0         Blade 1 Y translation displacement, node 26, m
        195   -1.897E+02                                 F               0         Blade 1 Z translation displacement, node 26, m
        196    2.684E+00                                 F               0         Blade 1 X translation displacement, node 27, m
        197   -9.315E+01                                 F               0         Blade 1 Y translation displacement, node 27, m
        198   -1.961E+02                                 F               0         Blade 1 Z translation displacement, node 27, m
        199    1.739E+00                                 F               0         Blade 1 X translation displacement, node 28, m
        200   -9.553E+01                                 F               0         Blade 1 Y translation displacement, node 28, m
        201   -2.015E+02                                 F               0         Blade 1 Z translation displacement, node 28, m
        202    7.492E-01,  3.342E-01, -5.718E-01         F               0         Blade 1 X orientation angle, node 1, rad
        203    6.364E-01, -6.026E-01,  4.816E-01         F               0         Blade 1 Y orientation angle, node 1, rad
        204   -1.836E-01, -7.247E-01, -6.641E-01         F               0         Blade 1 Z orientation angle, node 1, rad
        205    7.492E-01,  3.342E-01, -5.718E-01         F               0         Blade 1 X orientation angle, node 2, rad
        206    6.364E-01, -6.026E-01,  4.816E-01         F               0         Blade 1 Y orientation angle, node 2, rad
        207   -1.836E-01, -7.247E-01, -6.641E-01         F               0         Blade 1 Z orientation angle, node 2, rad
        208    8.787E-01,  1.819E-01, -4.414E-01         F               0         Blade 1 X orientation angle, node 3, rad
        209    4.406E-01, -6.646E-01,  6.034E-01         F               0         Blade 1 Y orientation angle, node 3, rad
        210   -1.836E-01, -7.247E-01, -6.641E-01         F               0         Blade 1 Z orientation angle, node 3, rad
        211    8.965E-01,  1.537E-01, -4.155E-01         F               0         Blade 1 X orientation angle, node 4, rad
        212    4.032E-01, -6.717E-01,  6.215E-01         F               0         Blade 1 Y orientation angle, node 4, rad
        213   -1.836E-01, -7.247E-01, -6.641E-01         F               0         Blade 1 Z orientation angle, node 4, rad
        214    9.094E-01,  1.313E-01, -3.946E-01         F               0         Blade 1 X orientation angle, node 5, rad
        215    3.732E-01, -6.764E-01,  6.350E-01         F               0         Blade 1 Y orientation angle, node 5, rad
        216   -1.836E-01, -7.247E-01, -6.641E-01         F               0         Blade 1 Z orientation angle, node 5, rad
        217    9.190E-01,  1.133E-01, -3.777E-01         F               0         Blade 1 X orientation angle, node 6, rad
        218    3.490E-01, -6.797E-01,  6.452E-01         F               0         Blade 1 Y orientation angle, node 6, rad
        219   -1.836E-01, -7.247E-01, -6.641E-01         F               0         Blade 1 Z orientation angle, node 6, rad
        220    9.264E-01,  9.846E-02, -3.635E-01         F               0         Blade 1 X orientation angle, node 7, rad
        221    3.288E-01, -6.820E-01,  6.533E-01         F               0         Blade 1 Y orientation angle, node 7, rad
        222   -1.836E-01, -7.247E-01, -6.641E-01         F               0         Blade 1 Z orientation angle, node 7, rad
        223    9.322E-01,  8.606E-02, -3.516E-01         F               0         Blade 1 X orientation angle, node 8, rad
        224    3.120E-01, -6.837E-01,  6.598E-01         F               0         Blade 1 Y orientation angle, node 8, rad
        225   -1.836E-01, -7.247E-01, -6.641E-01         F               0         Blade 1 Z orientation angle, node 8, rad
        226    9.369E-01,  7.555E-02, -3.414E-01         F               0         Blade 1 X orientation angle, node 9, rad
        227    2.976E-01, -6.849E-01,  6.651E-01         F               0         Blade 1 Y orientation angle, node 9, rad
        228   -1.836E-01, -7.247E-01, -6.641E-01         F               0         Blade 1 Z orientation angle, node 9, rad
        229    9.407E-01,  6.646E-02, -3.326E-01         F               0         Blade 1 X orientation angle, node 10, rad
        230    2.851E-01, -6.858E-01,  6.696E-01         F               0         Blade 1 Y orientation angle, node 10, rad
        231   -1.836E-01, -7.247E-01, -6.641E-01         F               0         Blade 1 Z orientation angle, node 10, rad
        232    9.439E-01,  5.868E-02, -3.249E-01         F               0         Blade 1 X orientation angle, node 11, rad
        233    2.745E-01, -6.865E-01,  6.733E-01         F               0         Blade 1 Y orientation angle, node 11, rad
        234   -1.836E-01, -7.247E-01, -6.641E-01         F               0         Blade 1 Z orientation angle, node 11, rad
        235    9.466E-01,  5.184E-02, -3.182E-01         F               0         Blade 1 X orientation angle, node 12, rad
        236    2.651E-01, -6.871E-01,  6.765E-01         F               0         Blade 1 Y orientation angle, node 12, rad
        237   -1.836E-01, -7.247E-01, -6.641E-01         F               0         Blade 1 Z orientation angle, node 12, rad
        238    9.489E-01,  4.584E-02, -3.123E-01         F               0         Blade 1 X orientation angle, node 13, rad
        239    2.568E-01, -6.875E-01,  6.792E-01         F               0         Blade 1 Y orientation angle, node 13, rad
        240   -1.836E-01, -7.247E-01, -6.641E-01         F               0         Blade 1 Z orientation angle, node 13, rad
        241    9.509E-01,  4.044E-02, -3.070E-01         F               0         Blade 1 X orientation angle, node 14, rad
        242    2.493E-01, -6.879E-01,  6.817E-01         F               0         Blade 1 Y orientation angle, node 14, rad
        243   -1.836E-01, -7.247E-01, -6.641E-01         F               0         Blade 1 Z orientation angle, node 14, rad
        244    9.526E-01,  3.564E-02, -3.022E-01         F               0         Blade 1 X orientation angle, node 15, rad
        245    2.427E-01, -6.881E-01,  6.838E-01         F               0         Blade 1 Y orientation angle, node 15, rad
        246   -1.836E-01, -7.247E-01, -6.641E-01         F               0         Blade 1 Z orientation angle, node 15, rad
        247    9.541E-01,  3.132E-02, -2.979E-01         F               0         Blade 1 X orientation angle, node 16, rad
        248    2.367E-01, -6.883E-01,  6.857E-01         F               0         Blade 1 Y orientation angle, node 16, rad
        249   -1.836E-01, -7.247E-01, -6.641E-01         F               0         Blade 1 Z orientation angle, node 16, rad
        250    9.554E-01,  2.747E-02, -2.941E-01         F               0         Blade 1 X orientation angle, node 17, rad
        251    2.314E-01, -6.885E-01,  6.873E-01         F               0         Blade 1 Y orientation angle, node 17, rad
        252   -1.836E-01, -7.247E-01, -6.641E-01         F               0         Blade 1 Z orientation angle, node 17, rad
        253    9.566E-01,  2.387E-02, -2.905E-01         F               0         Blade 1 X orientation angle, node 18, rad
        254    2.263E-01, -6.886E-01,  6.889E-01         F               0         Blade 1 Y orientation angle, node 18, rad
        255   -1.836E-01, -7.247E-01, -6.641E-01         F               0         Blade 1 Z orientation angle, node 18, rad
        256    9.576E-01,  2.062E-02, -2.872E-01         F               0         Blade 1 X orientation angle, node 19, rad
        257    2.218E-01, -6.887E-01,  6.902E-01         F               0         Blade 1 Y orientation angle, node 19, rad
        258   -1.836E-01, -7.247E-01, -6.641E-01         F               0         Blade 1 Z orientation angle, node 19, rad
        259    9.586E-01,  1.774E-02, -2.843E-01         F               0         Blade 1 X orientation angle, node 20, rad
        260    2.178E-01, -6.888E-01,  6.914E-01         F               0         Blade 1 Y orientation angle, node 20, rad
        261   -1.836E-01, -7.247E-01, -6.641E-01         F               0         Blade 1 Z orientation angle, node 20, rad
        262    9.594E-01,  1.497E-02, -2.815E-01         F               0         Blade 1 X orientation angle, node 21, rad
        263    2.140E-01, -6.889E-01,  6.926E-01         F               0         Blade 1 Y orientation angle, node 21, rad
        264   -1.836E-01, -7.247E-01, -6.641E-01         F               0         Blade 1 Z orientation angle, node 21, rad
        265    9.602E-01,  1.245E-02, -2.790E-01         F               0         Blade 1 X orientation angle, node 22, rad
        266    2.105E-01, -6.889E-01,  6.936E-01         F               0         Blade 1 Y orientation angle, node 22, rad
        267   -1.836E-01, -7.247E-01, -6.641E-01         F               0         Blade 1 Z orientation angle, node 22, rad
        268    9.609E-01,  1.016E-02, -2.767E-01         F               0         Blade 1 X orientation angle, node 23, rad
        269    2.073E-01, -6.890E-01,  6.945E-01         F               0         Blade 1 Y orientation angle, node 23, rad
        270   -1.836E-01, -7.247E-01, -6.641E-01         F               0         Blade 1 Z orientation angle, node 23, rad
        271    9.616E-01,  7.996E-03, -2.745E-01         F               0         Blade 1 X orientation angle, node 24, rad
        272    2.043E-01, -6.890E-01,  6.954E-01         F               0         Blade 1 Y orientation angle, node 24, rad
        273   -1.836E-01, -7.247E-01, -6.641E-01         F               0         Blade 1 Z orientation angle, node 24, rad
        274    9.622E-01,  5.951E-03, -2.724E-01         F               0         Blade 1 X orientation angle, node 25, rad
        275    2.014E-01, -6.890E-01,  6.962E-01         F               0         Blade 1 Y orientation angle, node 25, rad
        276   -1.836E-01, -7.247E-01, -6.641E-01         F               0         Blade 1 Z orientation angle, node 25, rad
        277    9.627E-01,  4.148E-03, -2.706E-01         F               0         Blade 1 X orientation angle, node 26, rad
        278    1.989E-01, -6.890E-01,  6.969E-01         F               0         Blade 1 Y orientation angle, node 26, rad
        279   -1.836E-01, -7.247E-01, -6.641E-01         F               0         Blade 1 Z orientation angle, node 26, rad
        280    9.632E-01,  2.344E-03, -2.688E-01         F               0         Blade 1 X orientation angle, node 27, rad
        281    1.964E-01, -6.890E-01,  6.976E-01         F               0         Blade 1 Y orientation angle, node 27, rad
        282   -1.836E-01, -7.247E-01, -6.641E-01         F               0         Blade 1 Z orientation angle, node 27, rad
        283    9.635E-01,  1.382E-03, -2.678E-01         F               0         Blade 1 X orientation angle, node 28, rad
        284    1.950E-01, -6.890E-01,  6.980E-01         F               0         Blade 1 Y orientation angle, node 28, rad
        285   -1.836E-01, -7.247E-01, -6.641E-01         F               0         Blade 1 Z orientation angle, node 28, rad
        286   -1.131E+00                                 F               0         Blade 1 X translation velocity, node 1, m/s
        287    3.980E+00                                 F               0         Blade 1 Y translation velocity, node 1, m/s
        288   -4.029E+00                                 F               0         Blade 1 Z translation velocity, node 1, m/s
        289   -1.404E+00                                 F               0         Blade 1 X translation velocity, node 2, m/s
        290    4.938E+00                                 F               0         Blade 1 Y translation velocity, node 2, m/s
        291   -5.000E+00                                 F               0         Blade 1 Z translation velocity, node 2, m/s
        292   -5.115E+00                                 F               0         Blade 1 X translation velocity, node 3, m/s
        293    1.797E+01                                 F               0         Blade 1 Y translation velocity, node 3, m/s
        294   -1.819E+01                                 F               0         Blade 1 Z translation velocity, node 3, m/s
        295   -5.906E+00                                 F               0         Blade 1 X translation velocity, node 4, m/s
        296    2.075E+01                                 F               0         Blade 1 Y translation velocity, node 4, m/s
        297   -2.101E+01                                 F               0         Blade 1 Z translation velocity, node 4, m/s
        298   -6.696E+00                                 F               0         Blade 1 X translation velocity, node 5, m/s
        299    2.352E+01                                 F               0         Blade 1 Y translation velocity, node 5, m/s
        300   -2.382E+01                                 F               0         Blade 1 Z translation velocity, node 5, m/s
        301   -7.487E+00                                 F               0         Blade 1 X translation velocity, node 6, m/s
        302    2.630E+01                                 F               0         Blade 1 Y translation velocity, node 6, m/s
        303   -2.663E+01                                 F               0         Blade 1 Z translation velocity, node 6, m/s
        304   -8.278E+00                                 F               0         Blade 1 X translation velocity, node 7, m/s
        305    2.908E+01                                 F               0         Blade 1 Y translation velocity, node 7, m/s
        306   -2.944E+01                                 F               0         Blade 1 Z translation velocity, node 7, m/s
        307   -9.068E+00                                 F               0         Blade 1 X translation velocity, node 8, m/s
