
Linearized model: Predictions were generated on 31-Jan-2024 at 12:35:17 using OpenFAST, compiled as a 64-bit application using single precision at commit v3.5.1
 linked with  NWTC Subroutine Library; ElastoDyn; InflowWind; AeroDyn; ServoDyn; HydroDyn; MAP++ (<1.20.10>, <Oct-20-2023>)

Description from the FAST input file: CCT-9 Campign 4 model. Input files to be run with OpenFAST 3.5.0. GitHub branch from Lu Wang (https://github.com/luwang00/openfast/tree/dev) compiled on March 7, 2023.

Simulation information:
   Simulation time:                   505.7000 s
   Rotor Speed:                         0.8937 rad/s
   Azimuth:                             5.8407 rad
   Wind Speed:                         10.0000 m/s
   Number of continuous states:         0
   Number of discrete states:           0
   Number of constraint states:         0
   Number of inputs:                 1746
   Number of outputs:                   4
   Jacobians included in this file?    No

Order of inputs:
     Column   Operating Point                     Rotating Frame? Derivative Order Description
   ---------- ---------------                     --------------- ---------------- -----------
          1    8.511E+00                                 F               0         Tower X translation displacement, node 1, m
          2   -1.355E+00                                 F               0         Tower Y translation displacement, node 1, m
          3   -9.799E-02                                 F               0         Tower Z translation displacement, node 1, m
          4    8.747E+00                                 F               0         Tower X translation displacement, node 2, m
          5   -1.887E+00                                 F               0         Tower Y translation displacement, node 2, m
          6   -1.118E-01                                 F               0         Tower Z translation displacement, node 2, m
          7    8.997E+00                                 F               0         Tower X translation displacement, node 3, m
          8   -2.420E+00                                 F               0         Tower Y translation displacement, node 3, m
          9   -1.258E-01                                 F               0         Tower Z translation displacement, node 3, m
         10    9.257E+00                                 F               0         Tower X translation displacement, node 4, m
         11   -2.952E+00                                 F               0         Tower Y translation displacement, node 4, m
         12   -1.400E-01                                 F               0         Tower Z translation displacement, node 4, m
         13    9.524E+00                                 F               0         Tower X translation displacement, node 5, m
         14   -3.485E+00                                 F               0         Tower Y translation displacement, node 5, m
         15   -1.543E-01                                 F               0         Tower Z translation displacement, node 5, m
         16    9.798E+00                                 F               0         Tower X translation displacement, node 6, m
         17   -4.017E+00                                 F               0         Tower Y translation displacement, node 6, m
         18   -1.689E-01                                 F               0         Tower Z translation displacement, node 6, m
         19    1.008E+01                                 F               0         Tower X translation displacement, node 7, m
         20   -4.549E+00                                 F               0         Tower Y translation displacement, node 7, m
         21   -1.835E-01                                 F               0         Tower Z translation displacement, node 7, m
         22    1.036E+01                                 F               0         Tower X translation displacement, node 8, m
         23   -5.082E+00                                 F               0         Tower Y translation displacement, node 8, m
         24   -1.981E-01                                 F               0         Tower Z translation displacement, node 8, m
         25    1.064E+01                                 F               0         Tower X translation displacement, node 9, m
         26   -5.614E+00                                 F               0         Tower Y translation displacement, node 9, m
         27   -2.128E-01                                 F               0         Tower Z translation displacement, node 9, m
         28    1.092E+01                                 F               0         Tower X translation displacement, node 10, m
         29   -6.146E+00                                 F               0         Tower Y translation displacement, node 10, m
         30   -2.276E-01                                 F               0         Tower Z translation displacement, node 10, m
         31    1.121E+01                                 F               0         Tower X translation displacement, node 11, m
         32   -6.679E+00                                 F               0         Tower Y translation displacement, node 11, m
         33   -2.424E-01                                 F               0         Tower Z translation displacement, node 11, m
         34    9.998E-01,  7.496E-03, -1.841E-02         F               0         Tower X orientation angle, node 1, rad
         35   -6.694E-03,  9.990E-01,  4.325E-02         F               0         Tower Y orientation angle, node 1, rad
         36    1.872E-02, -4.312E-02,  9.989E-01         F               0         Tower Z orientation angle, node 1, rad
         37    9.998E-01,  7.540E-03, -1.943E-02         F               0         Tower X orientation angle, node 2, rad
         38   -6.694E-03,  9.990E-01,  4.325E-02         F               0         Tower Y orientation angle, node 2, rad
         39    1.974E-02, -4.311E-02,  9.989E-01         F               0         Tower Z orientation angle, node 2, rad
         40    9.998E-01,  7.578E-03, -2.030E-02         F               0         Tower X orientation angle, node 3, rad
         41   -6.694E-03,  9.990E-01,  4.325E-02         F               0         Tower Y orientation angle, node 3, rad
         42    2.061E-02, -4.310E-02,  9.989E-01         F               0         Tower Z orientation angle, node 3, rad
         43    9.998E-01,  7.609E-03, -2.102E-02         F               0         Tower X orientation angle, node 4, rad
         44   -6.694E-03,  9.990E-01,  4.325E-02         F               0         Tower Y orientation angle, node 4, rad
         45    2.133E-02, -4.310E-02,  9.988E-01         F               0         Tower Z orientation angle, node 4, rad
         46    9.997E-01,  7.633E-03, -2.159E-02         F               0         Tower X orientation angle, node 5, rad
         47   -6.694E-03,  9.990E-01,  4.325E-02         F               0         Tower Y orientation angle, node 5, rad
         48    2.190E-02, -4.309E-02,  9.988E-01         F               0         Tower Z orientation angle, node 5, rad
         49    9.997E-01,  7.652E-03, -2.202E-02         F               0         Tower X orientation angle, node 6, rad
         50   -6.694E-03,  9.990E-01,  4.325E-02         F               0         Tower Y orientation angle, node 6, rad
         51    2.233E-02, -4.309E-02,  9.988E-01         F               0         Tower Z orientation angle, node 6, rad
         52    9.997E-01,  7.665E-03, -2.232E-02         F               0         Tower X orientation angle, node 7, rad
         53   -6.694E-03,  9.990E-01,  4.325E-02         F               0         Tower Y orientation angle, node 7, rad
         54    2.263E-02, -4.309E-02,  9.988E-01         F               0         Tower Z orientation angle, node 7, rad
         55    9.997E-01,  7.674E-03, -2.253E-02         F               0         Tower X orientation angle, node 8, rad
         56   -6.694E-03,  9.990E-01,  4.325E-02         F               0         Tower Y orientation angle, node 8, rad
         57    2.284E-02, -4.308E-02,  9.988E-01         F               0         Tower Z orientation angle, node 8, rad
         58    9.997E-01,  7.680E-03, -2.266E-02         F               0         Tower X orientation angle, node 9, rad
         59   -6.694E-03,  9.990E-01,  4.325E-02         F               0         Tower Y orientation angle, node 9, rad
         60    2.297E-02, -4.308E-02,  9.988E-01         F               0         Tower Z orientation angle, node 9, rad
         61    9.997E-01,  7.683E-03, -2.273E-02         F               0         Tower X orientation angle, node 10, rad
         62   -6.694E-03,  9.990E-01,  4.325E-02         F               0         Tower Y orientation angle, node 10, rad
         63    2.304E-02, -4.308E-02,  9.988E-01         F               0         Tower Z orientation angle, node 10, rad
         64    9.997E-01,  7.684E-03, -2.276E-02         F               0         Tower X orientation angle, node 11, rad
         65   -6.694E-03,  9.990E-01,  4.325E-02         F               0         Tower Y orientation angle, node 11, rad
         66    2.307E-02, -4.308E-02,  9.988E-01         F               0         Tower Z orientation angle, node 11, rad
         67   -2.146E-03                                 F               0         Tower X translation velocity, node 1, m/s
         68   -6.340E-08                                 F               0         Tower Y translation velocity, node 1, m/s
         69   -8.303E-03                                 F               0         Tower Z translation velocity, node 1, m/s
         70   -2.138E-03                                 F               0         Tower X translation velocity, node 2, m/s
         71   -4.464E-08                                 F               0         Tower Y translation velocity, node 2, m/s
         72   -8.303E-03                                 F               0         Tower Z translation velocity, node 2, m/s
         73   -2.107E-03                                 F               0         Tower X translation velocity, node 3, m/s
         74    1.421E-07                                 F               0         Tower Y translation velocity, node 3, m/s
         75   -8.304E-03                                 F               0         Tower Z translation velocity, node 3, m/s
         76   -2.057E-03                                 F               0         Tower X translation velocity, node 4, m/s
         77    4.778E-07                                 F               0         Tower Y translation velocity, node 4, m/s
         78   -8.305E-03                                 F               0         Tower Z translation velocity, node 4, m/s
         79   -1.988E-03                                 F               0         Tower X translation velocity, node 5, m/s
         80    9.577E-07                                 F               0         Tower Y translation velocity, node 5, m/s
         81   -8.307E-03                                 F               0         Tower Z translation velocity, node 5, m/s
         82   -1.900E-03                                 F               0         Tower X translation velocity, node 6, m/s
         83    1.574E-06                                 F               0         Tower Y translation velocity, node 6, m/s
         84   -8.308E-03                                 F               0         Tower Z translation velocity, node 6, m/s
         85   -1.798E-03                                 F               0         Tower X translation velocity, node 7, m/s
         86    2.306E-06                                 F               0         Tower Y translation velocity, node 7, m/s
         87   -8.311E-03                                 F               0         Tower Z translation velocity, node 7, m/s
         88   -1.682E-03                                 F               0         Tower X translation velocity, node 8, m/s
         89    3.151E-06                                 F               0         Tower Y translation velocity, node 8, m/s
         90   -8.313E-03                                 F               0         Tower Z translation velocity, node 8, m/s
         91   -1.553E-03                                 F               0         Tower X translation velocity, node 9, m/s
         92    4.089E-06                                 F               0         Tower Y translation velocity, node 9, m/s
         93   -8.316E-03                                 F               0         Tower Z translation velocity, node 9, m/s
         94   -1.415E-03                                 F               0         Tower X translation velocity, node 10, m/s
         95    5.098E-06                                 F               0         Tower Y translation velocity, node 10, m/s
         96   -8.319E-03                                 F               0         Tower Z translation velocity, node 10, m/s
         97   -1.270E-03                                 F               0         Tower X translation velocity, node 11, m/s
         98    6.154E-06                                 F               0         Tower Y translation velocity, node 11, m/s
         99   -8.323E-03                                 F               0         Tower Z translation velocity, node 11, m/s
        100    1.139E+01                                 F               0         Hub X translation displacement, node 1, m
        101   -7.100E+00                                 F               0         Hub Y translation displacement, node 1, m
        102   -5.960E-03                                 F               0         Hub Z translation displacement, node 1, m
        103    9.918E-01,  1.215E-02, -1.270E-01         F               0         Hub X orientation angle, node 1, rad
        104   -6.062E-02,  9.208E-01, -3.852E-01         F               0         Hub Y orientation angle, node 1, rad
        105    1.123E-01,  3.898E-01,  9.140E-01         F               0         Hub Z orientation angle, node 1, rad
        106    8.864E-01                                 F               0         Hub X rotation velocity, node 1, rad/s
        107    1.087E-02                                 F               0         Hub Y rotation velocity, node 1, rad/s
        108   -1.135E-01                                 F               0         Hub Z rotation velocity, node 1, rad/s
        109    9.932E-01, -1.518E-02, -1.155E-01         F               0         Blade root 1 X orientation angle, node 1, rad
        110   -3.117E-02,  9.208E-01, -3.888E-01         F               0         Blade root 1 Y orientation angle, node 1, rad
        111    1.123E-01,  3.898E-01,  9.140E-01         F               0         Blade root 1 Z orientation angle, node 1, rad
        112    9.876E-01,  1.578E-02, -1.562E-01         F               0         Blade root 2 X orientation angle, node 1, rad
        113    1.569E-01, -1.224E-01,  9.800E-01         F               0         Blade root 2 Y orientation angle, node 1, rad
        114   -3.652E-03, -9.924E-01, -1.234E-01         F               0         Blade root 2 Z orientation angle, node 1, rad
        115    9.934E-01,  3.581E-02, -1.092E-01         F               0         Blade root 3 X orientation angle, node 1, rad
        116   -3.749E-02, -7.973E-01, -6.025E-01         F               0         Blade root 3 Y orientation angle, node 1, rad
        117   -1.086E-01,  6.026E-01, -7.906E-01         F               0         Blade root 3 Z orientation angle, node 1, rad
        118    1.144E+01                                 F               0         Blade 1 X translation displacement, node 1, m
        119   -4.940E+00                                 F               0         Blade 1 Y translation displacement, node 1, m
        120   -4.519E-01                                 F               0         Blade 1 Z translation displacement, node 1, m
        121    1.145E+01                                 F               0         Blade 1 X translation displacement, node 2, m
        122   -4.420E+00                                 F               0         Blade 1 Y translation displacement, node 2, m
        123   -5.593E-01                                 F               0         Blade 1 Z translation displacement, node 2, m
        124    1.159E+01                                 F               0         Blade 1 X translation displacement, node 3, m
        125    2.656E+00                                 F               0         Blade 1 Y translation displacement, node 3, m
        126   -2.020E+00                                 F               0         Blade 1 Z translation displacement, node 3, m
        127    1.162E+01                                 F               0         Blade 1 X translation displacement, node 4, m
        128    4.163E+00                                 F               0         Blade 1 Y translation displacement, node 4, m
        129   -2.332E+00                                 F               0         Blade 1 Z translation displacement, node 4, m
        130    1.165E+01                                 F               0         Blade 1 X translation displacement, node 5, m
        131    5.671E+00                                 F               0         Blade 1 Y translation displacement, node 5, m
        132   -2.643E+00                                 F               0         Blade 1 Z translation displacement, node 5, m
        133    1.168E+01                                 F               0         Blade 1 X translation displacement, node 6, m
        134    7.179E+00                                 F               0         Blade 1 Y translation displacement, node 6, m
        135   -2.954E+00                                 F               0         Blade 1 Z translation displacement, node 6, m
        136    1.171E+01                                 F               0         Blade 1 X translation displacement, node 7, m
        137    8.686E+00                                 F               0         Blade 1 Y translation displacement, node 7, m
        138   -3.266E+00                                 F               0         Blade 1 Z translation displacement, node 7, m
        139    1.174E+01                                 F               0         Blade 1 X translation displacement, node 8, m
        140    1.019E+01                                 F               0         Blade 1 Y translation displacement, node 8, m
        141   -3.577E+00                                 F               0         Blade 1 Z translation displacement, node 8, m
        142    1.177E+01                                 F               0         Blade 1 X translation displacement, node 9, m
        143    1.170E+01                                 F               0         Blade 1 Y translation displacement, node 9, m
        144   -3.888E+00                                 F               0         Blade 1 Z translation displacement, node 9, m
        145    1.180E+01                                 F               0         Blade 1 X translation displacement, node 10, m
        146    1.321E+01                                 F               0         Blade 1 Y translation displacement, node 10, m
        147   -4.200E+00                                 F               0         Blade 1 Z translation displacement, node 10, m
        148    1.183E+01                                 F               0         Blade 1 X translation displacement, node 11, m
        149    1.472E+01                                 F               0         Blade 1 Y translation displacement, node 11, m
        150   -4.511E+00                                 F               0         Blade 1 Z translation displacement, node 11, m
        151    1.186E+01                                 F               0         Blade 1 X translation displacement, node 12, m
        152    1.622E+01                                 F               0         Blade 1 Y translation displacement, node 12, m
        153   -4.822E+00                                 F               0         Blade 1 Z translation displacement, node 12, m
        154    1.189E+01                                 F               0         Blade 1 X translation displacement, node 13, m
        155    1.773E+01                                 F               0         Blade 1 Y translation displacement, node 13, m
        156   -5.134E+00                                 F               0         Blade 1 Z translation displacement, node 13, m
        157    1.192E+01                                 F               0         Blade 1 X translation displacement, node 14, m
        158    1.924E+01                                 F               0         Blade 1 Y translation displacement, node 14, m
        159   -5.445E+00                                 F               0         Blade 1 Z translation displacement, node 14, m
        160    1.195E+01                                 F               0         Blade 1 X translation displacement, node 15, m
        161    2.075E+01                                 F               0         Blade 1 Y translation displacement, node 15, m
        162   -5.756E+00                                 F               0         Blade 1 Z translation displacement, node 15, m
        163    1.198E+01                                 F               0         Blade 1 X translation displacement, node 16, m
        164    2.225E+01                                 F               0         Blade 1 Y translation displacement, node 16, m
        165   -6.068E+00                                 F               0         Blade 1 Z translation displacement, node 16, m
        166    1.201E+01                                 F               0         Blade 1 X translation displacement, node 17, m
        167    2.376E+01                                 F               0         Blade 1 Y translation displacement, node 17, m
        168   -6.379E+00                                 F               0         Blade 1 Z translation displacement, node 17, m
        169    1.204E+01                                 F               0         Blade 1 X translation displacement, node 18, m
        170    2.527E+01                                 F               0         Blade 1 Y translation displacement, node 18, m
        171   -6.690E+00                                 F               0         Blade 1 Z translation displacement, node 18, m
        172    1.207E+01                                 F               0         Blade 1 X translation displacement, node 19, m
        173    2.678E+01                                 F               0         Blade 1 Y translation displacement, node 19, m
        174   -7.002E+00                                 F               0         Blade 1 Z translation displacement, node 19, m
        175    1.210E+01                                 F               0         Blade 1 X translation displacement, node 20, m
        176    2.829E+01                                 F               0         Blade 1 Y translation displacement, node 20, m
        177   -7.313E+00                                 F               0         Blade 1 Z translation displacement, node 20, m
        178    1.213E+01                                 F               0         Blade 1 X translation displacement, node 21, m
        179    2.979E+01                                 F               0         Blade 1 Y translation displacement, node 21, m
        180   -7.624E+00                                 F               0         Blade 1 Z translation displacement, node 21, m
        181    1.216E+01                                 F               0         Blade 1 X translation displacement, node 22, m
        182    3.130E+01                                 F               0         Blade 1 Y translation displacement, node 22, m
        183   -7.936E+00                                 F               0         Blade 1 Z translation displacement, node 22, m
        184    1.219E+01                                 F               0         Blade 1 X translation displacement, node 23, m
        185    3.281E+01                                 F               0         Blade 1 Y translation displacement, node 23, m
        186   -8.247E+00                                 F               0         Blade 1 Z translation displacement, node 23, m
        187    1.222E+01                                 F               0         Blade 1 X translation displacement, node 24, m
        188    3.432E+01                                 F               0         Blade 1 Y translation displacement, node 24, m
        189   -8.558E+00                                 F               0         Blade 1 Z translation displacement, node 24, m
        190    1.225E+01                                 F               0         Blade 1 X translation displacement, node 25, m
        191    3.582E+01                                 F               0         Blade 1 Y translation displacement, node 25, m
        192   -8.870E+00                                 F               0         Blade 1 Z translation displacement, node 25, m
        193    1.228E+01                                 F               0         Blade 1 X translation displacement, node 26, m
        194    3.733E+01                                 F               0         Blade 1 Y translation displacement, node 26, m
        195   -9.181E+00                                 F               0         Blade 1 Z translation displacement, node 26, m
        196    1.231E+01                                 F               0         Blade 1 X translation displacement, node 27, m
        197    3.884E+01                                 F               0         Blade 1 Y translation displacement, node 27, m
        198   -9.492E+00                                 F               0         Blade 1 Z translation displacement, node 27, m
        199    1.233E+01                                 F               0         Blade 1 X translation displacement, node 28, m
        200    4.012E+01                                 F               0         Blade 1 Y translation displacement, node 28, m
        201   -9.756E+00                                 F               0         Blade 1 Z translation displacement, node 28, m
        202    8.981E-01, -4.334E-01,  7.448E-02         F               0         Blade 1 X orientation angle, node 1, rad
        203    4.252E-01,  8.125E-01, -3.988E-01         F               0         Blade 1 Y orientation angle, node 1, rad
        204    1.123E-01,  3.898E-01,  9.140E-01         F               0         Blade 1 Z orientation angle, node 1, rad
        205    8.981E-01, -4.334E-01,  7.448E-02         F               0         Blade 1 X orientation angle, node 2, rad
        206    4.252E-01,  8.125E-01, -3.988E-01         F               0         Blade 1 Y orientation angle, node 2, rad
        207    1.123E-01,  3.898E-01,  9.140E-01         F               0         Blade 1 Z orientation angle, node 2, rad
        208    9.733E-01, -2.285E-01, -2.215E-02         F               0         Blade 1 X orientation angle, node 3, rad
        209    2.002E-01,  8.921E-01, -4.050E-01         F               0         Blade 1 Y orientation angle, node 3, rad
        210    1.123E-01,  3.898E-01,  9.140E-01         F               0         Blade 1 Z orientation angle, node 3, rad
        211    9.809E-01, -1.906E-01, -3.923E-02         F               0         Blade 1 X orientation angle, node 4, rad
        212    1.589E-01,  9.010E-01, -4.037E-01         F               0         Blade 1 Y orientation angle, node 4, rad
        213    1.123E-01,  3.898E-01,  9.140E-01         F               0         Blade 1 Z orientation angle, node 4, rad
        214    9.856E-01, -1.606E-01, -5.260E-02         F               0         Blade 1 X orientation angle, node 5, rad
        215    1.263E-01,  9.068E-01, -4.022E-01         F               0         Blade 1 Y orientation angle, node 5, rad
        216    1.123E-01,  3.898E-01,  9.140E-01         F               0         Blade 1 Z orientation angle, node 5, rad
        217    9.886E-01, -1.365E-01, -6.325E-02         F               0         Blade 1 X orientation angle, node 6, rad
        218    1.001E-01,  9.107E-01, -4.007E-01         F               0         Blade 1 Y orientation angle, node 6, rad
        219    1.123E-01,  3.898E-01,  9.140E-01         F               0         Blade 1 Z orientation angle, node 6, rad
        220    9.906E-01, -1.166E-01, -7.197E-02         F               0         Blade 1 X orientation angle, node 7, rad
        221    7.853E-02,  9.135E-01, -3.992E-01         F               0         Blade 1 Y orientation angle, node 7, rad
        222    1.123E-01,  3.898E-01,  9.140E-01         F               0         Blade 1 Z orientation angle, node 7, rad
        223    9.918E-01, -1.000E-01, -7.921E-02         F               0         Blade 1 X orientation angle, node 8, rad
        224    6.053E-02,  9.155E-01, -3.978E-01         F               0         Blade 1 Y orientation angle, node 8, rad
        225    1.123E-01,  3.898E-01,  9.140E-01         F               0         Blade 1 Z orientation angle, node 8, rad
        226    9.926E-01, -8.593E-02, -8.531E-02         F               0         Blade 1 X orientation angle, node 9, rad
        227    4.529E-02,  9.169E-01, -3.966E-01         F               0         Blade 1 Y orientation angle, node 9, rad
        228    1.123E-01,  3.898E-01,  9.140E-01         F               0         Blade 1 Z orientation angle, node 9, rad
        229    9.932E-01, -7.376E-02, -9.056E-02         F               0         Blade 1 X orientation angle, node 10, rad
        230    3.212E-02,  9.179E-01, -3.954E-01         F               0         Blade 1 Y orientation angle, node 10, rad
        231    1.123E-01,  3.898E-01,  9.140E-01         F               0         Blade 1 Z orientation angle, node 10, rad
        232    9.935E-01, -6.335E-02, -9.504E-02         F               0         Blade 1 X orientation angle, node 11, rad
        233    2.085E-02,  9.187E-01, -3.944E-01         F               0         Blade 1 Y orientation angle, node 11, rad
        234    1.123E-01,  3.898E-01,  9.140E-01         F               0         Blade 1 Z orientation angle, node 11, rad
        235    9.936E-01, -5.420E-02, -9.896E-02         F               0         Blade 1 X orientation angle, node 12, rad
        236    1.097E-02,  9.193E-01, -3.934E-01         F               0         Blade 1 Y orientation angle, node 12, rad
        237    1.123E-01,  3.898E-01,  9.140E-01         F               0         Blade 1 Z orientation angle, node 12, rad
        238    9.937E-01, -4.618E-02, -1.024E-01         F               0         Blade 1 X orientation angle, node 13, rad
        239    2.299E-03,  9.197E-01, -3.925E-01         F               0         Blade 1 Y orientation angle, node 13, rad
        240    1.123E-01,  3.898E-01,  9.140E-01         F               0         Blade 1 Z orientation angle, node 13, rad
        241    9.937E-01, -3.895E-02, -1.055E-01         F               0         Blade 1 X orientation angle, node 14, rad
        242   -5.505E-03,  9.201E-01, -3.917E-01         F               0         Blade 1 Y orientation angle, node 14, rad
        243    1.123E-01,  3.898E-01,  9.140E-01         F               0         Blade 1 Z orientation angle, node 14, rad
        244    9.936E-01, -3.253E-02, -1.082E-01         F               0         Blade 1 X orientation angle, node 15, rad
        245   -1.244E-02,  9.203E-01, -3.910E-01         F               0         Blade 1 Y orientation angle, node 15, rad
        246    1.123E-01,  3.898E-01,  9.140E-01         F               0         Blade 1 Z orientation angle, node 15, rad
        247    9.935E-01, -2.675E-02, -1.107E-01         F               0         Blade 1 X orientation angle, node 16, rad
        248   -1.868E-02,  9.205E-01, -3.903E-01         F               0         Blade 1 Y orientation angle, node 16, rad
        249    1.123E-01,  3.898E-01,  9.140E-01         F               0         Blade 1 Z orientation angle, node 16, rad
        250    9.934E-01, -2.161E-02, -1.128E-01         F               0         Blade 1 X orientation angle, node 17, rad
        251   -2.423E-02,  9.206E-01, -3.896E-01         F               0         Blade 1 Y orientation angle, node 17, rad
        252    1.123E-01,  3.898E-01,  9.140E-01         F               0         Blade 1 Z orientation angle, node 17, rad
        253    9.932E-01, -1.678E-02, -1.149E-01         F               0         Blade 1 X orientation angle, node 18, rad
        254   -2.943E-02,  9.207E-01, -3.890E-01         F               0         Blade 1 Y orientation angle, node 18, rad
        255    1.123E-01,  3.898E-01,  9.140E-01         F               0         Blade 1 Z orientation angle, node 18, rad
        256    9.931E-01, -1.245E-02, -1.167E-01         F               0         Blade 1 X orientation angle, node 19, rad
        257   -3.411E-02,  9.208E-01, -3.885E-01         F               0         Blade 1 Y orientation angle, node 19, rad
        258    1.123E-01,  3.898E-01,  9.140E-01         F               0         Blade 1 Z orientation angle, node 19, rad
        259    9.929E-01, -8.588E-03, -1.183E-01         F               0         Blade 1 X orientation angle, node 20, rad
        260   -3.827E-02,  9.209E-01, -3.880E-01         F               0         Blade 1 Y orientation angle, node 20, rad
        261    1.123E-01,  3.898E-01,  9.140E-01         F               0         Blade 1 Z orientation angle, node 20, rad
        262    9.928E-01, -4.892E-03, -1.199E-01         F               0         Blade 1 X orientation angle, node 21, rad
        263   -4.226E-02,  9.209E-01, -3.875E-01         F               0         Blade 1 Y orientation angle, node 21, rad
        264    1.123E-01,  3.898E-01,  9.140E-01         F               0         Blade 1 Z orientation angle, node 21, rad
        265    9.926E-01, -1.516E-03, -1.213E-01         F               0         Blade 1 X orientation angle, node 22, rad
        266   -4.590E-02,  9.209E-01, -3.871E-01         F               0         Blade 1 Y orientation angle, node 22, rad
        267    1.123E-01,  3.898E-01,  9.140E-01         F               0         Blade 1 Z orientation angle, node 22, rad
        268    9.925E-01,  1.537E-03, -1.226E-01         F               0         Blade 1 X orientation angle, node 23, rad
        269   -4.919E-02,  9.209E-01, -3.867E-01         F               0         Blade 1 Y orientation angle, node 23, rad
        270    1.123E-01,  3.898E-01,  9.140E-01         F               0         Blade 1 Z orientation angle, node 23, rad
        271    9.923E-01,  4.430E-03, -1.238E-01         F               0         Blade 1 X orientation angle, node 24, rad
        272   -5.231E-02,  9.209E-01, -3.863E-01         F               0         Blade 1 Y orientation angle, node 24, rad
        273    1.123E-01,  3.898E-01,  9.140E-01         F               0         Blade 1 Z orientation angle, node 24, rad
        274    9.921E-01,  7.163E-03, -1.249E-01         F               0         Blade 1 X orientation angle, node 25, rad
        275   -5.525E-02,  9.209E-01, -3.859E-01         F               0         Blade 1 Y orientation angle, node 25, rad
        276    1.123E-01,  3.898E-01,  9.140E-01         F               0         Blade 1 Z orientation angle, node 25, rad
        277    9.920E-01,  9.574E-03, -1.260E-01         F               0         Blade 1 X orientation angle, node 26, rad
        278   -5.785E-02,  9.209E-01, -3.856E-01         F               0         Blade 1 Y orientation angle, node 26, rad
        279    1.123E-01,  3.898E-01,  9.140E-01         F               0         Blade 1 Z orientation angle, node 26, rad
        280    9.918E-01,  1.198E-02, -1.270E-01         F               0         Blade 1 X orientation angle, node 27, rad
        281   -6.045E-02,  9.208E-01, -3.853E-01         F               0         Blade 1 Y orientation angle, node 27, rad
        282    1.123E-01,  3.898E-01,  9.140E-01         F               0         Blade 1 Z orientation angle, node 27, rad
        283    9.917E-01,  1.327E-02, -1.275E-01         F               0         Blade 1 X orientation angle, node 28, rad
        284   -6.183E-02,  9.208E-01, -3.851E-01         F               0         Blade 1 Y orientation angle, node 28, rad
        285    1.123E-01,  3.898E-01,  9.140E-01         F               0         Blade 1 Z orientation angle, node 28, rad
        286    2.990E-01                                 F               0         Blade 1 X translation velocity, node 1, m/s
        287   -4.559E+00                                 F               0         Blade 1 Y translation velocity, node 1, m/s
        288    1.899E+00                                 F               0         Blade 1 Z translation velocity, node 1, m/s
        289    3.714E-01                                 F               0         Blade 1 X translation velocity, node 2, m/s
        290   -5.658E+00                                 F               0         Blade 1 Y translation velocity, node 2, m/s
        291    2.359E+00                                 F               0         Blade 1 Z translation velocity, node 2, m/s
        292    1.355E+00                                 F               0         Blade 1 X translation velocity, node 3, m/s
        293   -2.060E+01                                 F               0         Blade 1 Y translation velocity, node 3, m/s
        294    8.609E+00                                 F               0         Blade 1 Z translation velocity, node 3, m/s
        295    1.565E+00                                 F               0         Blade 1 X translation velocity, node 4, m/s
        296   -2.378E+01                                 F               0         Blade 1 Y translation velocity, node 4, m/s
        297    9.940E+00                                 F               0         Blade 1 Z translation velocity, node 4, m/s
        298    1.774E+00                                 F               0         Blade 1 X translation velocity, node 5, m/s
        299   -2.696E+01                                 F               0         Blade 1 Y translation velocity, node 5, m/s
        300    1.127E+01                                 F               0         Blade 1 Z translation velocity, node 5, m/s
        301    1.984E+00                                 F               0         Blade 1 X translation velocity, node 6, m/s
        302   -3.015E+01                                 F               0         Blade 1 Y translation velocity, node 6, m/s
        303    1.260E+01                                 F               0         Blade 1 Z translation velocity, node 6, m/s
        304    2.193E+00                                 F               0         Blade 1 X translation velocity, node 7, m/s
        305   -3.333E+01                                 F               0         Blade 1 Y translation velocity, node 7, m/s
        306    1.394E+01                                 F               0         Blade 1 Z translation velocity, node 7, m/s
        307    2.403E+00                                 F               0         Blade 1 X translation velocity, node 8, m/s
